Project	UserID	Protocol	Session	Station	Run	Subject	Time	Current State	Transition State	Transition Event	A1 - 	A2 - 	A3 - 	A4 - 	A[1] 	A[2] 	A[3] 	A[4] 
A	BL	4	40	1	1	BA1652	0	0	1	0	0	0	0	0	0	0	0	0
A	BL	4	40	1	1	BA1652	50	1	2	0	0	0	0	0	0	0	0	0
A	BL	4	40	1	1	BA1652	51	2	3	0	0	0	0	0	0	0	0	0
A	BL	4	40	1	1	BA1652	196	3	5	1	1	0	0	0	0	0	0	0
A	BL	4	40	1	1	BA1652	199	5	0	0	0	0	0	0	1	0	0	0
A	BL	4	40	1	1	BA1652	203	5	0	0	1	0	0	0	0	0	0	0
A	BL	4	40	1	1	BA1652	205	5	0	0	0	0	0	0	1	0	0	0
A	BL	4	40	1	1	BA1652	206	5	4	0	0	0	0	0	0	0	0	0
A	BL	4	40	1	1	BA1652	225	4	5	1	1	0	0	0	0	0	0	0
A	BL	4	40	1	1	BA1652	235	5	9	0	0	0	0	0	0	0	0	0
A	BL	4	40	1	1	BA1652	240	9	0	0	0	0	0	0	1	0	0	0
A	BL	4	40	1	1	BA1652	245	9	10	0	0	0	0	0	0	0	0	0
A	BL	4	40	1	1	BA1652	320	10	2	0	0	0	0	0	0	0	0	0
A	BL	4	40	1	1	BA1652	321	2	6	0	0	0	0	0	0	0	0	0
A	BL	4	40	1	1	BA1652	364	6	0	0	1	0	0	0	0	0	0	0
A	BL	4	40	1	1	BA1652	383	6	0	0	0	0	0	0	1	0	0	0
A	BL	4	40	1	1	BA1652	439	6	8	2	0	1	0	0	0	0	0	0
A	BL	4	40	1	1	BA1652	449	8	7	0	0	0	0	0	0	0	0	0
A	BL	4	40	1	1	BA1652	457	7	0	0	0	0	0	0	0	1	0	0
A	BL	4	40	1	1	BA1652	505	7	8	2	0	1	0	0	0	0	0	0
A	BL	4	40	1	1	BA1652	512	8	0	0	0	0	0	0	0	1	0	0
A	BL	4	40	1	1	BA1652	515	8	9	0	0	1	0	0	0	0	0	0
A	BL	4	40	1	1	BA1652	525	9	10	0	0	0	0	0	0	0	0	0
A	BL	4	40	1	1	BA1652	528	10	0	0	0	0	0	0	0	1	0	0
A	BL	4	40	1	1	BA1652	600	10	2	0	0	0	0	0	0	0	0	0
A	BL	4	40	1	1	BA1652	601	2	6	0	0	0	0	0	0	0	0	0
A	BL	4	40	1	1	BA1652	658	6	8	2	0	1	0	0	0	0	0	0
A	BL	4	40	1	1	BA1652	668	8	7	0	0	0	0	0	0	0	0	0
A	BL	4	40	1	1	BA1652	696	7	0	0	0	0	0	0	0	1	0	0
A	BL	4	40	1	1	BA1652	798	7	8	2	0	1	0	0	0	0	0	0
A	BL	4	40	1	1	BA1652	808	8	9	0	0	0	0	0	0	0	0	0
A	BL	4	40	1	1	BA1652	818	9	10	0	0	0	0	0	0	0	0	0
A	BL	4	40	1	1	BA1652	824	10	0	0	0	0	0	0	0	1	0	0
A	BL	4	40	1	1	BA1652	825	10	0	0	0	1	0	0	0	0	0	0
A	BL	4	40	1	1	BA1652	827	10	0	0	0	0	0	0	0	1	0	0
A	BL	4	40	1	1	BA1652	893	10	2	0	0	0	0	0	0	0	0	0
A	BL	4	40	1	1	BA1652	894	2	6	0	0	0	0	0	0	0	0	0
A	BL	4	40	1	1	BA1652	955	6	8	2	0	1	0	0	0	0	0	0
A	BL	4	40	1	1	BA1652	965	8	7	0	0	0	0	0	0	0	0	0
A	BL	4	40	1	1	BA1652	1019	7	0	0	0	0	0	0	0	1	0	0
A	BL	4	40	1	1	BA1652	1020	7	8	2	0	1	0	0	0	0	0	0
A	BL	4	40	1	1	BA1652	1022	8	0	0	0	0	0	0	0	1	0	0
A	BL	4	40	1	1	BA1652	1030	8	9	0	0	0	0	0	0	0	0	0
A	BL	4	40	1	1	BA1652	1040	9	10	0	0	0	0	0	0	0	0	0
A	BL	4	40	1	1	BA1652	1104	10	0	0	1	0	0	0	0	0	0	0
A	BL	4	40	1	1	BA1652	1114	10	0	0	0	0	0	0	1	0	0	0
A	BL	4	40	1	1	BA1652	1115	10	2	0	0	0	0	0	0	0	0	0
A	BL	4	40	1	1	BA1652	1116	2	3	0	0	0	0	0	0	0	0	0
A	BL	4	40	1	1	BA1652	1135	3	0	0	0	1	0	0	0	0	0	0
A	BL	4	40	1	1	BA1652	1144	3	0	0	0	0	0	0	0	1	0	0
A	BL	4	40	1	1	BA1652	1146	3	0	0	0	1	0	0	0	0	0	0
A	BL	4	40	1	1	BA1652	1170	3	0	0	0	0	0	0	0	1	0	0
A	BL	4	40	1	1	BA1652	1218	3	5	1	1	0	0	0	0	0	0	0
A	BL	4	40	1	1	BA1652	1228	5	4	0	0	0	0	0	0	0	0	0
A	BL	4	40	1	1	BA1652	1253	4	0	0	0	0	0	0	1	0	0	0
A	BL	4	40	1	1	BA1652	1262	4	5	1	1	0	0	0	0	0	0	0
A	BL	4	40	1	1	BA1652	1267	5	0	0	0	0	0	0	1	0	0	0
A	BL	4	40	1	1	BA1652	1272	5	9	0	0	0	0	0	0	0	0	0
A	BL	4	40	1	1	BA1652	1282	9	10	0	0	0	0	0	0	0	0	0
A	BL	4	40	1	1	BA1652	1357	10	2	0	0	0	0	0	0	0	0	0
A	BL	4	40	1	1	BA1652	1358	2	3	0	0	0	0	0	0	0	0	0
A	BL	4	40	1	1	BA1652	1368	3	5	1	1	0	0	0	0	0	0	0
A	BL	4	40	1	1	BA1652	1378	5	4	0	0	0	0	0	0	0	0	0
A	BL	4	40	1	1	BA1652	1387	4	0	0	0	0	0	0	1	0	0	0
A	BL	4	40	1	1	BA1652	1395	4	5	1	1	0	0	0	0	0	0	0
A	BL	4	40	1	1	BA1652	1401	5	0	0	0	0	0	0	1	0	0	0
A	BL	4	40	1	1	BA1652	1405	5	9	0	0	0	0	0	0	0	0	0
A	BL	4	40	1	1	BA1652	1415	9	10	0	0	0	0	0	0	0	0	0
A	BL	4	40	1	1	BA1652	1490	10	2	0	0	0	0	0	0	0	0	0
A	BL	4	40	1	1	BA1652	1491	2	6	0	0	0	0	0	0	0	0	0
A	BL	4	40	1	1	BA1652	1546	6	0	0	1	0	0	0	0	0	0	0
A	BL	4	40	1	1	BA1652	1553	6	0	0	0	0	0	0	1	0	0	0
A	BL	4	40	1	1	BA1652	1598	6	8	2	0	1	0	0	0	0	0	0
A	BL	4	40	1	1	BA1652	1608	8	7	0	0	0	0	0	0	0	0	0
A	BL	4	40	1	1	BA1652	1614	7	0	0	0	0	0	0	0	1	0	0
A	BL	4	40	1	1	BA1652	1658	7	8	2	0	1	0	0	0	0	0	0
A	BL	4	40	1	1	BA1652	1668	8	9	0	0	0	0	0	0	0	0	0
A	BL	4	40	1	1	BA1652	1675	9	0	0	0	0	0	0	0	1	0	0
A	BL	4	40	1	1	BA1652	1678	9	10	0	0	0	0	0	0	0	0	0
A	BL	4	40	1	1	BA1652	1753	10	2	0	0	0	0	0	0	0	0	0
A	BL	4	40	1	1	BA1652	1754	2	6	0	0	0	0	0	0	0	0	0
A	BL	4	40	1	1	BA1652	1777	6	8	2	0	1	0	0	0	0	0	0
A	BL	4	40	1	1	BA1652	1787	8	7	0	0	0	0	0	0	0	0	0
A	BL	4	40	1	1	BA1652	1800	7	0	0	0	0	0	0	0	1	0	0
A	BL	4	40	1	1	BA1652	1809	7	8	2	0	1	0	0	0	0	0	0
A	BL	4	40	1	1	BA1652	1811	8	0	0	0	0	0	0	0	1	0	0
A	BL	4	40	1	1	BA1652	1812	8	0	0	0	1	0	0	0	0	0	0
A	BL	4	40	1	1	BA1652	1819	8	9	0	0	0	0	0	0	0	0	0
A	BL	4	40	1	1	BA1652	1829	9	10	0	0	0	0	0	0	0	0	0
A	BL	4	40	1	1	BA1652	1836	10	0	0	0	0	0	0	0	1	0	0
A	BL	4	40	1	1	BA1652	1904	10	2	0	0	0	0	0	0	0	0	0
A	BL	4	40	1	1	BA1652	1905	2	6	0	0	0	0	0	0	0	0	0
A	BL	4	40	1	1	BA1652	1971	6	8	2	0	1	0	0	0	0	0	0
A	BL	4	40	1	1	BA1652	1981	8	7	0	0	0	0	0	0	0	0	0
A	BL	4	40	1	1	BA1652	1992	7	0	0	0	0	0	0	0	1	0	0
A	BL	4	40	1	1	BA1652	2017	7	8	2	0	1	0	0	0	0	0	0
A	BL	4	40	1	1	BA1652	2027	8	9	0	0	0	0	0	0	0	0	0
A	BL	4	40	1	1	BA1652	2037	9	10	0	0	0	0	0	0	0	0	0
A	BL	4	40	1	1	BA1652	2038	10	0	0	0	0	0	0	0	1	0	0
A	BL	4	40	1	1	BA1652	2112	10	2	0	0	0	0	0	0	0	0	0
A	BL	4	40	1	1	BA1652	2113	2	3	0	0	0	0	0	0	0	0	0
A	BL	4	40	1	1	BA1652	2160	3	5	1	1	0	0	0	0	0	0	0
A	BL	4	40	1	1	BA1652	2170	5	4	0	0	0	0	0	0	0	0	0
A	BL	4	40	1	1	BA1652	2179	4	0	0	0	0	0	0	1	0	0	0
A	BL	4	40	1	1	BA1652	2186	4	5	1	1	0	0	0	0	0	0	0
A	BL	4	40	1	1	BA1652	2192	5	0	0	0	0	0	0	1	0	0	0
A	BL	4	40	1	1	BA1652	2196	5	9	0	0	0	0	0	0	0	0	0
A	BL	4	40	1	1	BA1652	2206	9	10	0	0	0	0	0	0	0	0	0
A	BL	4	40	1	1	BA1652	2281	10	2	0	0	0	0	0	0	0	0	0
A	BL	4	40	1	1	BA1652	2282	2	6	0	0	0	0	0	0	0	0	0
A	BL	4	40	1	1	BA1652	2317	6	0	0	1	0	0	0	0	0	0	0
A	BL	4	40	1	1	BA1652	2328	6	0	0	0	0	0	0	1	0	0	0
A	BL	4	40	1	1	BA1652	2432	6	0	0	1	0	0	0	0	0	0	0
A	BL	4	40	1	1	BA1652	2445	6	0	0	0	0	0	0	1	0	0	0
A	BL	4	40	1	1	BA1652	2479	6	8	2	0	1	0	0	0	0	0	0
A	BL	4	40	1	1	BA1652	2489	8	7	0	0	0	0	0	0	0	0	0
A	BL	4	40	1	1	BA1652	2493	7	0	0	0	0	0	0	0	1	0	0
A	BL	4	40	1	1	BA1652	2556	7	8	2	0	1	0	0	0	0	0	0
A	BL	4	40	1	1	BA1652	2566	8	9	0	0	0	0	0	0	0	0	0
A	BL	4	40	1	1	BA1652	2576	9	-1	0	0	0	0	0	0	0	0	0
