Project	UserID	Protocol	Session	Station	Run	Subject	Time	Current State	Transition State	Transition Event	A1 - 	A2 - 	A3 - 	A4 - 	A[1] 	A[2] 	A[3] 	A[4] 
A	AG	20	120	1	1	BA1652	0	0	1	0	0	0	0	0	0	0	0	0
A	AG	20	120	1	1	BA1652	50	1	2	0	0	0	0	0	0	0	0	0
A	AG	20	120	1	1	BA1652	51	2	6	0	0	0	0	0	0	0	0	0
A	AG	20	120	1	1	BA1652	2772	6	8	2	0	1	0	0	0	0	0	0
A	AG	20	120	1	1	BA1652	2782	8	7	0	0	0	0	0	0	0	0	0
A	AG	20	120	1	1	BA1652	2791	7	0	0	0	0	0	0	0	1	0	0
A	AG	20	120	1	1	BA1652	2809	7	8	2	0	1	0	0	0	0	0	0
A	AG	20	120	1	1	BA1652	2819	8	7	0	0	0	0	0	0	0	0	0
A	AG	20	120	1	1	BA1652	2822	7	0	0	0	0	0	0	0	1	0	0
A	AG	20	120	1	1	BA1652	2896	7	8	2	0	1	0	0	0	0	0	0
A	AG	20	120	1	1	BA1652	2906	8	7	0	0	0	0	0	0	0	0	0
A	AG	20	120	1	1	BA1652	2909	7	0	0	0	0	0	0	0	1	0	0
A	AG	20	120	1	1	BA1652	2945	7	8	2	0	1	0	0	0	0	0	0
A	AG	20	120	1	1	BA1652	2955	8	7	0	0	0	0	0	0	0	0	0
A	AG	20	120	1	1	BA1652	2971	7	0	0	0	0	0	0	0	1	0	0
A	AG	20	120	1	1	BA1652	3020	7	8	2	0	1	0	0	0	0	0	0
A	AG	20	120	1	1	BA1652	3030	8	7	0	0	0	0	0	0	0	0	0
A	AG	20	120	1	1	BA1652	3034	7	0	0	0	0	0	0	0	1	0	0
A	AG	20	120	1	1	BA1652	3035	7	8	2	0	1	0	0	0	0	0	0
A	AG	20	120	1	1	BA1652	3038	8	0	0	0	0	0	0	0	1	0	0
A	AG	20	120	1	1	BA1652	3045	8	7	0	0	0	0	0	0	0	0	0
A	AG	20	120	1	1	BA1652	3077	7	8	2	0	1	0	0	0	0	0	0
A	AG	20	120	1	1	BA1652	3087	8	7	0	0	0	0	0	0	0	0	0
A	AG	20	120	1	1	BA1652	3098	7	0	0	0	0	0	0	0	1	0	0
A	AG	20	120	1	1	BA1652	3099	7	8	2	0	1	0	0	0	0	0	0
A	AG	20	120	1	1	BA1652	3100	8	0	0	0	0	0	0	0	1	0	0
A	AG	20	120	1	1	BA1652	3109	8	7	0	0	0	0	0	0	0	0	0
A	AG	20	120	1	1	BA1652	3147	7	8	2	0	1	0	0	0	0	0	0
A	AG	20	120	1	1	BA1652	3157	8	7	0	0	0	0	0	0	0	0	0
A	AG	20	120	1	1	BA1652	3158	7	0	0	0	0	0	0	0	1	0	0
A	AG	20	120	1	1	BA1652	3175	7	8	2	0	1	0	0	0	0	0	0
A	AG	20	120	1	1	BA1652	3176	8	0	0	0	0	0	0	0	1	0	0
A	AG	20	120	1	1	BA1652	3185	8	7	0	0	0	0	0	0	0	0	0
A	AG	20	120	1	1	BA1652	3186	7	8	2	0	1	0	0	0	0	0	0
A	AG	20	120	1	1	BA1652	3196	8	7	0	0	0	0	0	0	0	0	0
A	AG	20	120	1	1	BA1652	3211	7	0	0	0	0	0	0	0	1	0	0
A	AG	20	120	1	1	BA1652	3213	7	8	2	0	1	0	0	0	0	0	0
A	AG	20	120	1	1	BA1652	3216	8	0	0	0	0	0	0	0	1	0	0
A	AG	20	120	1	1	BA1652	3223	8	7	0	0	0	0	0	0	0	0	0
A	AG	20	120	1	1	BA1652	3257	7	8	2	0	1	0	0	0	0	0	0
A	AG	20	120	1	1	BA1652	3267	8	7	0	0	0	0	0	0	0	0	0
A	AG	20	120	1	1	BA1652	3279	7	0	0	0	0	0	0	0	1	0	0
A	AG	20	120	1	1	BA1652	3283	7	8	2	0	1	0	0	0	0	0	0
A	AG	20	120	1	1	BA1652	3293	8	7	0	0	0	0	0	0	0	0	0
A	AG	20	120	1	1	BA1652	3309	7	0	0	0	0	0	0	0	1	0	0
A	AG	20	120	1	1	BA1652	3329	7	8	2	0	1	0	0	0	0	0	0
A	AG	20	120	1	1	BA1652	3339	8	7	0	0	0	0	0	0	0	0	0
A	AG	20	120	1	1	BA1652	3346	7	0	0	0	0	0	0	0	1	0	0
A	AG	20	120	1	1	BA1652	3353	7	8	2	0	1	0	0	0	0	0	0
A	AG	20	120	1	1	BA1652	3361	8	0	0	0	0	0	0	0	1	0	0
A	AG	20	120	1	1	BA1652	3363	8	7	0	0	0	0	0	0	0	0	0
A	AG	20	120	1	1	BA1652	3365	7	8	2	0	1	0	0	0	0	0	0
A	AG	20	120	1	1	BA1652	3374	8	0	0	0	0	0	0	0	1	0	0
A	AG	20	120	1	1	BA1652	3375	8	7	0	0	0	0	0	0	0	0	0
A	AG	20	120	1	1	BA1652	3391	7	8	2	0	1	0	0	0	0	0	0
A	AG	20	120	1	1	BA1652	3401	8	7	0	0	0	0	0	0	0	0	0
A	AG	20	120	1	1	BA1652	3416	7	0	0	0	0	0	0	0	1	0	0
A	AG	20	120	1	1	BA1652	3418	7	8	2	0	1	0	0	0	0	0	0
A	AG	20	120	1	1	BA1652	3423	8	0	0	0	0	0	0	0	1	0	0
A	AG	20	120	1	1	BA1652	3428	8	7	0	0	0	0	0	0	0	0	0
A	AG	20	120	1	1	BA1652	3430	7	8	2	0	1	0	0	0	0	0	0
A	AG	20	120	1	1	BA1652	3437	8	0	0	0	0	0	0	0	1	0	0
A	AG	20	120	1	1	BA1652	3439	8	0	0	0	1	0	0	0	0	0	0
A	AG	20	120	1	1	BA1652	3440	8	9	0	0	0	0	0	0	0	0	0
A	AG	20	120	1	1	BA1652	3450	9	10	0	0	0	0	0	0	0	0	0
A	AG	20	120	1	1	BA1652	3456	10	0	0	0	0	0	0	0	1	0	0
A	AG	20	120	1	1	BA1652	3525	10	2	0	0	0	0	0	0	0	0	0
A	AG	20	120	1	1	BA1652	3526	2	3	0	0	0	0	0	0	0	0	0
A	AG	20	120	1	1	BA1652	3566	3	5	1	1	0	0	0	0	0	0	0
A	AG	20	120	1	1	BA1652	3576	5	4	0	0	0	0	0	0	0	0	0
A	AG	20	120	1	1	BA1652	3582	4	0	0	0	0	0	0	1	0	0	0
A	AG	20	120	1	1	BA1652	3584	4	5	1	1	0	0	0	0	0	0	0
A	AG	20	120	1	1	BA1652	3594	5	4	0	0	0	0	0	0	0	0	0
A	AG	20	120	1	1	BA1652	3605	4	0	0	0	0	0	0	1	0	0	0
A	AG	20	120	1	1	BA1652	3609	4	5	1	1	0	0	0	0	0	0	0
A	AG	20	120	1	1	BA1652	3615	5	0	0	0	0	0	0	1	0	0	0
A	AG	20	120	1	1	BA1652	3619	5	4	0	0	0	0	0	0	0	0	0
A	AG	20	120	1	1	BA1652	3621	4	5	1	1	0	0	0	0	0	0	0
A	AG	20	120	1	1	BA1652	3623	5	0	0	0	0	0	0	1	0	0	0
A	AG	20	120	1	1	BA1652	3631	5	4	0	0	0	0	0	0	0	0	0
A	AG	20	120	1	1	BA1652	3635	4	5	1	1	0	0	0	0	0	0	0
A	AG	20	120	1	1	BA1652	3640	5	0	0	0	0	0	0	1	0	0	0
A	AG	20	120	1	1	BA1652	3643	5	0	0	1	0	0	0	0	0	0	0
A	AG	20	120	1	1	BA1652	3645	5	9	0	0	0	0	0	0	0	0	0
A	AG	20	120	1	1	BA1652	3646	9	0	0	0	0	0	0	1	0	0	0
A	AG	20	120	1	1	BA1652	3655	9	10	0	0	0	0	0	0	0	0	0
A	AG	20	120	1	1	BA1652	3656	10	0	0	1	0	0	0	0	0	0	0
A	AG	20	120	1	1	BA1652	3658	10	0	0	0	0	0	0	1	0	0	0
A	AG	20	120	1	1	BA1652	3730	10	2	0	0	0	0	0	0	0	0	0
A	AG	20	120	1	1	BA1652	3731	2	6	0	0	0	0	0	0	0	0	0
A	AG	20	120	1	1	BA1652	3895	6	8	2	0	1	0	0	0	0	0	0
A	AG	20	120	1	1	BA1652	3898	8	0	0	0	0	0	0	0	1	0	0
A	AG	20	120	1	1	BA1652	3905	8	7	0	0	0	0	0	0	0	0	0
A	AG	20	120	1	1	BA1652	4003	7	8	2	0	1	0	0	0	0	0	0
A	AG	20	120	1	1	BA1652	4007	8	0	0	0	0	0	0	0	1	0	0
A	AG	20	120	1	1	BA1652	4013	8	7	0	0	0	0	0	0	0	0	0
A	AG	20	120	1	1	BA1652	4023	7	8	2	0	1	0	0	0	0	0	0
A	AG	20	120	1	1	BA1652	4032	8	0	0	0	0	0	0	0	1	0	0
A	AG	20	120	1	1	BA1652	4033	8	7	0	0	0	0	0	0	0	0	0
A	AG	20	120	1	1	BA1652	4035	7	8	2	0	1	0	0	0	0	0	0
A	AG	20	120	1	1	BA1652	4044	8	0	0	0	0	0	0	0	1	0	0
A	AG	20	120	1	1	BA1652	4045	8	7	0	0	0	0	0	0	0	0	0
A	AG	20	120	1	1	BA1652	4050	7	8	2	0	1	0	0	0	0	0	0
A	AG	20	120	1	1	BA1652	4060	8	7	0	0	0	0	0	0	0	0	0
A	AG	20	120	1	1	BA1652	4061	7	8	2	0	1	0	0	0	1	0	0
A	AG	20	120	1	1	BA1652	4069	8	0	0	0	0	0	0	0	1	0	0
A	AG	20	120	1	1	BA1652	4071	8	7	0	0	0	0	0	0	0	0	0
A	AG	20	120	1	1	BA1652	4086	7	8	2	0	1	0	0	0	0	0	0
A	AG	20	120	1	1	BA1652	4096	8	7	0	0	0	0	0	0	0	0	0
A	AG	20	120	1	1	BA1652	4111	7	0	0	0	0	0	0	0	1	0	0
A	AG	20	120	1	1	BA1652	4112	7	8	2	0	1	0	0	0	0	0	0
A	AG	20	120	1	1	BA1652	4114	8	0	0	0	1	0	0	0	1	0	0
A	AG	20	120	1	1	BA1652	4120	8	0	0	0	0	0	0	0	1	0	0
A	AG	20	120	1	1	BA1652	4122	8	7	0	0	0	0	0	0	0	0	0
A	AG	20	120	1	1	BA1652	4124	7	8	2	0	1	0	0	0	0	0	0
A	AG	20	120	1	1	BA1652	4134	8	7	0	0	0	0	0	0	0	0	0
A	AG	20	120	1	1	BA1652	4150	7	0	0	0	0	0	0	0	1	0	0
A	AG	20	120	1	1	BA1652	4215	7	8	2	0	1	0	0	0	0	0	0
A	AG	20	120	1	1	BA1652	4225	8	7	0	0	0	0	0	0	0	0	0
A	AG	20	120	1	1	BA1652	4233	7	0	0	0	0	0	0	0	1	0	0
A	AG	20	120	1	1	BA1652	4238	7	8	2	0	1	0	0	0	0	0	0
A	AG	20	120	1	1	BA1652	4241	8	0	0	0	0	0	0	0	1	0	0
A	AG	20	120	1	1	BA1652	4248	8	7	0	0	0	0	0	0	0	0	0
A	AG	20	120	1	1	BA1652	4250	7	8	2	0	1	0	0	0	0	0	0
A	AG	20	120	1	1	BA1652	4252	8	0	0	0	0	0	0	0	1	0	0
A	AG	20	120	1	1	BA1652	4257	8	0	0	0	1	0	0	0	0	0	0
A	AG	20	120	1	1	BA1652	4260	8	7	0	0	0	0	0	0	0	0	0
A	AG	20	120	1	1	BA1652	4267	7	0	0	0	0	0	0	0	1	0	0
A	AG	20	120	1	1	BA1652	4290	7	8	2	0	1	0	0	0	0	0	0
A	AG	20	120	1	1	BA1652	4296	8	0	0	0	0	0	0	0	1	0	0
A	AG	20	120	1	1	BA1652	4299	8	0	0	0	1	0	0	0	0	0	0
A	AG	20	120	1	1	BA1652	4300	8	7	0	0	0	0	0	0	0	0	0
A	AG	20	120	1	1	BA1652	4312	7	0	0	0	0	0	0	0	1	0	0
A	AG	20	120	1	1	BA1652	4330	7	8	2	0	1	0	0	0	0	0	0
A	AG	20	120	1	1	BA1652	4340	8	7	0	0	0	0	0	0	0	0	0
A	AG	20	120	1	1	BA1652	4353	7	0	0	0	0	0	0	0	1	0	0
A	AG	20	120	1	1	BA1652	4360	7	8	2	0	1	0	0	0	0	0	0
A	AG	20	120	1	1	BA1652	4366	8	0	0	0	0	0	0	0	1	0	0
A	AG	20	120	1	1	BA1652	4369	8	0	0	0	1	0	0	0	0	0	0
A	AG	20	120	1	1	BA1652	4370	8	7	0	0	0	0	0	0	0	0	0
A	AG	20	120	1	1	BA1652	4376	7	0	0	0	0	0	0	0	1	0	0
A	AG	20	120	1	1	BA1652	4379	7	8	2	0	1	0	0	0	0	0	0
A	AG	20	120	1	1	BA1652	4389	8	7	0	0	0	0	0	0	0	0	0
A	AG	20	120	1	1	BA1652	4410	7	0	0	0	0	0	0	0	1	0	0
A	AG	20	120	1	1	BA1652	4425	7	8	2	0	1	0	0	0	0	0	0
A	AG	20	120	1	1	BA1652	4435	8	7	0	0	0	0	0	0	0	0	0
A	AG	20	120	1	1	BA1652	4445	7	0	0	0	0	0	0	0	1	0	0
A	AG	20	120	1	1	BA1652	4446	7	8	2	0	1	0	0	0	0	0	0
A	AG	20	120	1	1	BA1652	4448	8	0	0	0	0	0	0	0	1	0	0
A	AG	20	120	1	1	BA1652	4456	8	7	0	0	0	0	0	0	0	0	0
A	AG	20	120	1	1	BA1652	4458	7	8	2	0	1	0	0	0	0	0	0
A	AG	20	120	1	1	BA1652	4461	8	0	0	0	0	0	0	0	1	0	0
A	AG	20	120	1	1	BA1652	4465	8	0	0	0	1	0	0	0	0	0	0
A	AG	20	120	1	1	BA1652	4466	8	0	0	0	0	0	0	0	1	0	0
A	AG	20	120	1	1	BA1652	4468	8	7	0	0	0	0	0	0	0	0	0
A	AG	20	120	1	1	BA1652	4496	7	8	2	0	1	0	0	0	0	0	0
A	AG	20	120	1	1	BA1652	4498	8	0	0	0	0	0	0	0	1	0	0
A	AG	20	120	1	1	BA1652	4506	8	9	0	0	0	0	0	0	0	0	0
A	AG	20	120	1	1	BA1652	4515	9	0	0	0	1	0	0	0	0	0	0
A	AG	20	120	1	1	BA1652	4516	9	10	0	0	0	0	0	0	0	0	0
A	AG	20	120	1	1	BA1652	4520	10	0	0	0	0	0	0	0	1	0	0
A	AG	20	120	1	1	BA1652	4591	10	2	0	0	0	0	0	0	0	0	0
A	AG	20	120	1	1	BA1652	4592	2	3	0	0	0	0	0	0	0	0	0
A	AG	20	120	1	1	BA1652	4625	3	5	1	1	0	0	0	0	0	0	0
A	AG	20	120	1	1	BA1652	4629	5	0	0	0	0	0	0	1	0	0	0
A	AG	20	120	1	1	BA1652	4632	5	0	0	1	0	0	0	0	0	0	0
A	AG	20	120	1	1	BA1652	4635	5	4	0	0	0	0	0	0	0	0	0
A	AG	20	120	1	1	BA1652	4643	4	0	0	0	0	0	0	1	0	0	0
A	AG	20	120	1	1	BA1652	4648	4	5	1	1	0	0	0	0	0	0	0
A	AG	20	120	1	1	BA1652	4655	5	0	0	0	0	0	0	1	0	0	0
A	AG	20	120	1	1	BA1652	4658	5	4	0	1	0	0	0	0	0	0	0
A	AG	20	120	1	1	BA1652	4663	4	0	0	0	0	0	0	1	0	0	0
A	AG	20	120	1	1	BA1652	4665	4	5	1	1	0	0	0	0	0	0	0
A	AG	20	120	1	1	BA1652	4674	5	0	0	0	0	0	0	1	0	0	0
A	AG	20	120	1	1	BA1652	4675	5	4	0	1	0	0	0	0	0	0	0
A	AG	20	120	1	1	BA1652	4686	4	0	0	0	0	0	0	1	0	0	0
A	AG	20	120	1	1	BA1652	4689	4	5	1	1	0	0	0	0	0	0	0
A	AG	20	120	1	1	BA1652	4699	5	4	0	0	0	0	0	0	0	0	0
A	AG	20	120	1	1	BA1652	4703	4	0	0	0	0	0	0	1	0	0	0
A	AG	20	120	1	1	BA1652	4706	4	5	1	1	0	0	0	0	0	0	0
A	AG	20	120	1	1	BA1652	4711	5	0	0	0	0	0	0	1	0	0	0
A	AG	20	120	1	1	BA1652	4716	5	9	0	0	0	0	0	0	0	0	0
A	AG	20	120	1	1	BA1652	4718	9	0	0	1	0	0	0	0	0	0	0
A	AG	20	120	1	1	BA1652	4722	9	0	0	0	0	0	0	1	0	0	0
A	AG	20	120	1	1	BA1652	4725	9	0	0	1	0	0	0	0	0	0	0
A	AG	20	120	1	1	BA1652	4726	9	10	0	0	0	0	0	0	0	0	0
A	AG	20	120	1	1	BA1652	4727	10	0	0	0	0	0	0	1	0	0	0
A	AG	20	120	1	1	BA1652	4801	10	2	0	0	0	0	0	0	0	0	0
A	AG	20	120	1	1	BA1652	4802	2	3	0	0	0	0	0	0	0	0	0
A	AG	20	120	1	1	BA1652	4832	3	5	1	1	0	0	0	0	0	0	0
A	AG	20	120	1	1	BA1652	4842	5	4	0	0	0	0	0	0	0	0	0
A	AG	20	120	1	1	BA1652	4856	4	0	0	0	0	0	0	1	0	0	0
A	AG	20	120	1	1	BA1652	4859	4	5	1	1	0	0	0	0	0	0	0
A	AG	20	120	1	1	BA1652	4869	5	4	0	0	0	0	0	1	0	0	0
A	AG	20	120	1	1	BA1652	4879	4	5	1	1	0	0	0	0	0	0	0
A	AG	20	120	1	1	BA1652	4881	5	0	0	0	0	0	0	1	0	0	0
A	AG	20	120	1	1	BA1652	4883	5	0	0	1	0	0	0	0	0	0	0
A	AG	20	120	1	1	BA1652	4886	5	0	0	0	0	0	0	1	0	0	0
A	AG	20	120	1	1	BA1652	4889	5	4	0	0	0	0	0	0	0	0	0
A	AG	20	120	1	1	BA1652	4912	4	5	1	1	0	0	0	0	0	0	0
A	AG	20	120	1	1	BA1652	4917	5	0	0	0	0	0	0	1	0	0	0
A	AG	20	120	1	1	BA1652	4920	5	0	0	1	0	0	0	0	0	0	0
A	AG	20	120	1	1	BA1652	4922	5	4	0	0	0	0	0	0	0	0	0
A	AG	20	120	1	1	BA1652	4924	4	0	0	0	0	0	0	1	0	0	0
A	AG	20	120	1	1	BA1652	4971	4	5	1	1	0	0	0	0	0	0	0
A	AG	20	120	1	1	BA1652	4981	5	9	0	0	0	0	0	0	0	0	0
A	AG	20	120	1	1	BA1652	4985	9	0	0	0	0	0	0	1	0	0	0
A	AG	20	120	1	1	BA1652	4986	9	0	0	1	0	0	0	0	0	0	0
A	AG	20	120	1	1	BA1652	4990	9	0	0	0	0	0	0	1	0	0	0
A	AG	20	120	1	1	BA1652	4991	9	10	0	0	0	0	0	0	0	0	0
A	AG	20	120	1	1	BA1652	5066	10	2	0	0	0	0	0	0	0	0	0
A	AG	20	120	1	1	BA1652	5067	2	3	0	0	0	0	0	0	0	0	0
A	AG	20	120	1	1	BA1652	5118	3	5	1	1	0	0	0	0	0	0	0
A	AG	20	120	1	1	BA1652	5128	5	4	0	0	0	0	0	0	0	0	0
A	AG	20	120	1	1	BA1652	5133	4	5	1	1	0	0	0	1	0	0	0
A	AG	20	120	1	1	BA1652	5143	5	4	0	0	0	0	0	1	0	0	0
A	AG	20	120	1	1	BA1652	5147	4	5	1	1	0	0	0	0	0	0	0
A	AG	20	120	1	1	BA1652	5152	5	0	0	0	0	0	0	1	0	0	0
A	AG	20	120	1	1	BA1652	5154	5	0	0	1	0	0	0	0	0	0	0
A	AG	20	120	1	1	BA1652	5157	5	4	0	0	0	0	0	0	0	0	0
A	AG	20	120	1	1	BA1652	5165	4	0	0	0	0	0	0	1	0	0	0
A	AG	20	120	1	1	BA1652	5169	4	5	1	1	0	0	0	0	0	0	0
A	AG	20	120	1	1	BA1652	5174	5	0	0	0	0	0	0	1	0	0	0
A	AG	20	120	1	1	BA1652	5179	5	4	0	0	0	0	0	0	0	0	0
A	AG	20	120	1	1	BA1652	5196	4	5	1	1	0	0	0	0	0	0	0
A	AG	20	120	1	1	BA1652	5206	5	9	0	0	0	0	0	0	0	0	0
A	AG	20	120	1	1	BA1652	5216	9	10	0	0	0	0	0	1	0	0	0
A	AG	20	120	1	1	BA1652	5291	10	2	0	0	0	0	0	0	0	0	0
A	AG	20	120	1	1	BA1652	5292	2	6	0	0	0	0	0	0	0	0	0
A	AG	20	120	1	1	BA1652	5558	6	8	2	0	1	0	0	0	0	0	0
A	AG	20	120	1	1	BA1652	5559	8	0	0	0	0	0	0	0	1	0	0
A	AG	20	120	1	1	BA1652	5568	8	7	0	0	0	0	0	0	0	0	0
A	AG	20	120	1	1	BA1652	5661	7	8	2	0	1	0	0	0	0	0	0
A	AG	20	120	1	1	BA1652	5668	8	0	0	0	0	0	0	0	1	0	0
A	AG	20	120	1	1	BA1652	5671	8	7	0	0	0	0	0	0	0	0	0
A	AG	20	120	1	1	BA1652	5675	7	8	2	0	1	0	0	0	0	0	0
A	AG	20	120	1	1	BA1652	5683	8	0	0	0	0	0	0	0	1	0	0
A	AG	20	120	1	1	BA1652	5685	8	7	0	0	0	0	0	0	0	0	0
A	AG	20	120	1	1	BA1652	5690	7	8	2	0	1	0	0	0	0	0	0
A	AG	20	120	1	1	BA1652	5700	8	7	0	0	0	0	0	0	0	0	0
A	AG	20	120	1	1	BA1652	5704	7	0	0	0	0	0	0	0	1	0	0
A	AG	20	120	1	1	BA1652	5732	7	8	2	0	1	0	0	0	0	0	0
A	AG	20	120	1	1	BA1652	5736	8	0	0	0	0	0	0	0	1	0	0
A	AG	20	120	1	1	BA1652	5740	8	0	0	0	1	0	0	0	0	0	0
A	AG	20	120	1	1	BA1652	5742	8	7	0	0	0	0	0	0	0	0	0
A	AG	20	120	1	1	BA1652	5762	7	0	0	0	0	0	0	0	1	0	0
A	AG	20	120	1	1	BA1652	5764	7	8	2	0	1	0	0	0	0	0	0
A	AG	20	120	1	1	BA1652	5766	8	0	0	0	0	0	0	0	1	0	0
A	AG	20	120	1	1	BA1652	5771	8	0	0	0	1	0	0	0	0	0	0
A	AG	20	120	1	1	BA1652	5774	8	7	0	0	0	0	0	0	0	0	0
A	AG	20	120	1	1	BA1652	5779	7	0	0	0	0	0	0	0	1	0	0
A	AG	20	120	1	1	BA1652	5808	7	8	2	0	1	0	0	0	0	0	0
A	AG	20	120	1	1	BA1652	5817	8	0	0	0	0	0	0	0	1	0	0
A	AG	20	120	1	1	BA1652	5818	8	7	0	0	0	0	0	0	0	0	0
A	AG	20	120	1	1	BA1652	5825	7	8	2	0	1	0	0	0	0	0	0
A	AG	20	120	1	1	BA1652	5835	8	7	0	0	0	0	0	0	0	0	0
A	AG	20	120	1	1	BA1652	5839	7	0	0	0	0	0	0	0	1	0	0
A	AG	20	120	1	1	BA1652	5841	7	8	2	0	1	0	0	0	0	0	0
A	AG	20	120	1	1	BA1652	5851	8	7	0	0	0	0	0	0	0	0	0
A	AG	20	120	1	1	BA1652	5853	7	0	0	0	0	0	0	0	1	0	0
A	AG	20	120	1	1	BA1652	5854	7	8	2	0	1	0	0	0	0	0	0
A	AG	20	120	1	1	BA1652	5864	8	7	0	0	0	0	0	0	0	0	0
A	AG	20	120	1	1	BA1652	5867	7	0	0	0	0	0	0	0	1	0	0
A	AG	20	120	1	1	BA1652	5935	7	8	2	0	1	0	0	0	0	0	0
A	AG	20	120	1	1	BA1652	5937	8	0	0	0	0	0	0	0	1	0	0
A	AG	20	120	1	1	BA1652	5945	8	7	0	0	0	0	0	0	0	0	0
A	AG	20	120	1	1	BA1652	6003	7	8	2	0	1	0	0	0	0	0	0
A	AG	20	120	1	1	BA1652	6005	8	0	0	0	0	0	0	0	1	0	0
A	AG	20	120	1	1	BA1652	6011	8	0	0	0	1	0	0	0	0	0	0
A	AG	20	120	1	1	BA1652	6013	8	7	0	0	0	0	0	0	0	0	0
A	AG	20	120	1	1	BA1652	6015	7	0	0	0	0	0	0	0	1	0	0
A	AG	20	120	1	1	BA1652	6019	7	8	2	0	1	0	0	0	0	0	0
A	AG	20	120	1	1	BA1652	6022	8	0	0	0	0	0	0	0	1	0	0
A	AG	20	120	1	1	BA1652	6026	8	0	0	0	1	0	0	0	0	0	0
A	AG	20	120	1	1	BA1652	6029	8	7	0	0	0	0	0	0	0	0	0
A	AG	20	120	1	1	BA1652	6035	7	0	0	0	0	0	0	0	1	0	0
A	AG	20	120	1	1	BA1652	6073	7	8	2	0	1	0	0	0	0	0	0
A	AG	20	120	1	1	BA1652	6083	8	7	0	0	0	0	0	0	1	0	0
A	AG	20	120	1	1	BA1652	6086	7	8	2	0	1	0	0	0	0	0	0
A	AG	20	120	1	1	BA1652	6095	8	0	0	0	0	0	0	0	1	0	0
A	AG	20	120	1	1	BA1652	6096	8	7	0	0	0	0	0	0	0	0	0
A	AG	20	120	1	1	BA1652	6098	7	8	2	0	1	0	0	0	0	0	0
A	AG	20	120	1	1	BA1652	6108	8	7	0	0	0	0	0	0	0	0	0
A	AG	20	120	1	1	BA1652	6111	7	0	0	0	0	0	0	0	1	0	0
A	AG	20	120	1	1	BA1652	6115	7	8	2	0	1	0	0	0	0	0	0
A	AG	20	120	1	1	BA1652	6123	8	0	0	0	0	0	0	0	1	0	0
A	AG	20	120	1	1	BA1652	6125	8	7	0	0	0	0	0	0	0	0	0
A	AG	20	120	1	1	BA1652	6127	7	8	2	0	1	0	0	0	0	0	0
A	AG	20	120	1	1	BA1652	6137	8	7	0	0	0	0	0	0	0	0	0
A	AG	20	120	1	1	BA1652	6154	7	0	0	0	0	0	0	0	1	0	0
A	AG	20	120	1	1	BA1652	6174	7	8	2	0	1	0	0	0	0	0	0
A	AG	20	120	1	1	BA1652	6177	8	0	0	0	0	0	0	0	1	0	0
A	AG	20	120	1	1	BA1652	6184	8	7	0	0	0	0	0	0	0	0	0
A	AG	20	120	1	1	BA1652	6190	7	8	2	0	1	0	0	0	0	0	0
A	AG	20	120	1	1	BA1652	6198	8	0	0	0	0	0	0	0	1	0	0
A	AG	20	120	1	1	BA1652	6199	8	0	0	0	1	0	0	0	0	0	0
A	AG	20	120	1	1	BA1652	6200	8	9	0	0	0	0	0	0	0	0	0
A	AG	20	120	1	1	BA1652	6203	9	0	0	0	0	0	0	0	1	0	0
A	AG	20	120	1	1	BA1652	6204	9	0	0	0	1	0	0	0	0	0	0
A	AG	20	120	1	1	BA1652	6208	9	0	0	0	0	0	0	0	1	0	0
A	AG	20	120	1	1	BA1652	6210	9	10	0	0	0	0	0	0	0	0	0
A	AG	20	120	1	1	BA1652	6285	10	2	0	0	0	0	0	0	0	0	0
A	AG	20	120	1	1	BA1652	6286	2	6	0	0	0	0	0	0	0	0	0
A	AG	20	120	1	1	BA1652	6378	6	8	2	0	1	0	0	0	0	0	0
A	AG	20	120	1	1	BA1652	6388	8	7	0	0	0	0	0	0	0	0	0
A	AG	20	120	1	1	BA1652	6389	7	0	0	0	0	0	0	0	1	0	0
A	AG	20	120	1	1	BA1652	6395	7	8	2	0	1	0	0	0	0	0	0
A	AG	20	120	1	1	BA1652	6405	8	7	0	0	0	0	0	0	0	0	0
A	AG	20	120	1	1	BA1652	6406	7	0	0	0	0	0	0	0	1	0	0
A	AG	20	120	1	1	BA1652	6413	7	8	2	0	1	0	0	0	0	0	0
A	AG	20	120	1	1	BA1652	6417	8	0	0	0	0	0	0	0	1	0	0
A	AG	20	120	1	1	BA1652	6423	8	7	0	0	0	0	0	0	0	0	0
A	AG	20	120	1	1	BA1652	6429	7	8	2	0	1	0	0	0	0	0	0
A	AG	20	120	1	1	BA1652	6431	8	0	0	0	0	0	0	0	1	0	0
A	AG	20	120	1	1	BA1652	6434	8	0	0	0	1	0	0	0	0	0	0
A	AG	20	120	1	1	BA1652	6439	8	7	0	0	0	0	0	0	0	0	0
A	AG	20	120	1	1	BA1652	6470	7	0	0	0	0	0	0	0	1	0	0
A	AG	20	120	1	1	BA1652	6473	7	8	2	0	1	0	0	0	0	0	0
A	AG	20	120	1	1	BA1652	6483	8	7	0	0	0	0	0	0	0	0	0
A	AG	20	120	1	1	BA1652	6501	7	0	0	0	0	0	0	0	1	0	0
A	AG	20	120	1	1	BA1652	6508	7	8	2	0	1	0	0	0	0	0	0
A	AG	20	120	1	1	BA1652	6512	8	0	0	0	0	0	0	0	1	0	0
A	AG	20	120	1	1	BA1652	6518	8	7	0	0	0	0	0	0	0	0	0
A	AG	20	120	1	1	BA1652	6538	7	8	2	0	1	0	0	0	0	0	0
A	AG	20	120	1	1	BA1652	6543	8	0	0	0	0	0	0	0	1	0	0
A	AG	20	120	1	1	BA1652	6545	8	0	0	0	1	0	0	0	0	0	0
A	AG	20	120	1	1	BA1652	6548	8	7	0	0	0	0	0	0	0	0	0
A	AG	20	120	1	1	BA1652	6550	7	0	0	0	0	0	0	0	1	0	0
A	AG	20	120	1	1	BA1652	6557	7	8	2	0	1	0	0	0	0	0	0
A	AG	20	120	1	1	BA1652	6567	8	7	0	0	0	0	0	0	0	0	0
A	AG	20	120	1	1	BA1652	6568	7	0	0	0	0	0	0	0	1	0	0
A	AG	20	120	1	1	BA1652	6583	7	8	2	0	1	0	0	0	0	0	0
A	AG	20	120	1	1	BA1652	6593	8	7	0	0	0	0	0	0	0	0	0
A	AG	20	120	1	1	BA1652	6594	7	0	0	0	0	0	0	0	1	0	0
A	AG	20	120	1	1	BA1652	6625	7	8	2	0	1	0	0	0	0	0	0
A	AG	20	120	1	1	BA1652	6627	8	0	0	0	0	0	0	0	1	0	0
A	AG	20	120	1	1	BA1652	6633	8	0	0	0	1	0	0	0	0	0	0
A	AG	20	120	1	1	BA1652	6635	8	7	0	0	0	0	0	0	1	0	0
A	AG	20	120	1	1	BA1652	6638	7	8	2	0	1	0	0	0	0	0	0
A	AG	20	120	1	1	BA1652	6648	8	7	0	0	0	0	0	0	0	0	0
A	AG	20	120	1	1	BA1652	6656	7	0	0	0	0	0	0	0	1	0	0
A	AG	20	120	1	1	BA1652	6660	7	8	2	0	1	0	0	0	0	0	0
A	AG	20	120	1	1	BA1652	6670	8	7	0	0	0	0	0	0	0	0	0
A	AG	20	120	1	1	BA1652	6679	7	0	0	0	0	0	0	0	1	0	0
A	AG	20	120	1	1	BA1652	6683	7	8	2	0	1	0	0	0	0	0	0
A	AG	20	120	1	1	BA1652	6687	8	0	0	0	0	0	0	0	1	0	0
A	AG	20	120	1	1	BA1652	6690	8	0	0	0	1	0	0	0	0	0	0
A	AG	20	120	1	1	BA1652	6693	8	7	0	0	0	0	0	0	0	0	0
A	AG	20	120	1	1	BA1652	6714	7	0	0	0	0	0	0	0	1	0	0
A	AG	20	120	1	1	BA1652	6719	7	8	2	0	1	0	0	0	0	0	0
A	AG	20	120	1	1	BA1652	6721	8	0	0	0	0	0	0	0	1	0	0
A	AG	20	120	1	1	BA1652	6729	8	7	0	0	0	0	0	0	0	0	0
A	AG	20	120	1	1	BA1652	6738	7	8	2	0	1	0	0	0	0	0	0
A	AG	20	120	1	1	BA1652	6740	8	0	0	0	0	0	0	0	1	0	0
A	AG	20	120	1	1	BA1652	6748	8	7	0	0	0	0	0	0	0	0	0
A	AG	20	120	1	1	BA1652	6762	7	8	2	0	1	0	0	0	0	0	0
A	AG	20	120	1	1	BA1652	6766	8	0	0	0	0	0	0	0	1	0	0
A	AG	20	120	1	1	BA1652	6772	8	7	0	0	0	0	0	0	0	0	0
A	AG	20	120	1	1	BA1652	6775	7	8	2	0	1	0	0	0	0	0	0
A	AG	20	120	1	1	BA1652	6780	8	0	0	0	0	0	0	0	1	0	0
A	AG	20	120	1	1	BA1652	6782	8	0	0	0	1	0	0	0	0	0	0
A	AG	20	120	1	1	BA1652	6785	8	7	0	0	0	0	0	0	0	0	0
A	AG	20	120	1	1	BA1652	6787	7	0	0	0	0	0	0	0	1	0	0
A	AG	20	120	1	1	BA1652	6789	7	8	2	0	1	0	0	0	0	0	0
A	AG	20	120	1	1	BA1652	6794	8	0	0	0	0	0	0	0	1	0	0
A	AG	20	120	1	1	BA1652	6799	8	7	0	0	0	0	0	0	0	0	0
A	AG	20	120	1	1	BA1652	6802	7	8	2	0	1	0	0	0	0	0	0
A	AG	20	120	1	1	BA1652	6807	8	0	0	0	0	0	0	0	1	0	0
A	AG	20	120	1	1	BA1652	6808	8	0	0	0	1	0	0	0	0	0	0
A	AG	20	120	1	1	BA1652	6812	8	7	0	0	0	0	0	0	0	0	0
A	AG	20	120	1	1	BA1652	6822	7	0	0	0	0	0	0	0	1	0	0
A	AG	20	120	1	1	BA1652	6847	7	8	2	0	1	0	0	0	0	0	0
A	AG	20	120	1	1	BA1652	6854	8	0	0	0	0	0	0	0	1	0	0
A	AG	20	120	1	1	BA1652	6857	8	9	0	0	0	0	0	0	0	0	0
A	AG	20	120	1	1	BA1652	6860	9	0	0	0	1	0	0	0	0	0	0
A	AG	20	120	1	1	BA1652	6862	9	0	0	0	0	0	0	0	1	0	0
A	AG	20	120	1	1	BA1652	6867	9	10	0	0	0	0	0	0	0	0	0
A	AG	20	120	1	1	BA1652	6942	10	2	0	0	0	0	0	0	0	0	0
A	AG	20	120	1	1	BA1652	6943	2	3	0	0	0	0	0	0	0	0	0
A	AG	20	120	1	1	BA1652	6983	3	5	1	1	0	0	0	0	0	0	0
A	AG	20	120	1	1	BA1652	6987	5	0	0	1	0	0	0	1	0	0	0
A	AG	20	120	1	1	BA1652	6993	5	4	0	0	0	0	0	0	0	0	0
A	AG	20	120	1	1	BA1652	7013	4	5	1	1	0	0	0	1	0	0	0
A	AG	20	120	1	1	BA1652	7019	5	0	0	0	0	0	0	1	0	0	0
A	AG	20	120	1	1	BA1652	7023	5	4	0	0	0	0	0	0	0	0	0
A	AG	20	120	1	1	BA1652	7024	4	5	1	1	0	0	0	0	0	0	0
A	AG	20	120	1	1	BA1652	7032	5	0	0	0	0	0	0	1	0	0	0
A	AG	20	120	1	1	BA1652	7034	5	4	0	0	0	0	0	0	0	0	0
A	AG	20	120	1	1	BA1652	7043	4	5	1	1	0	0	0	0	0	0	0
A	AG	20	120	1	1	BA1652	7051	5	0	0	0	0	0	0	1	0	0	0
A	AG	20	120	1	1	BA1652	7053	5	4	0	0	0	0	0	0	0	0	0
A	AG	20	120	1	1	BA1652	7055	4	5	1	1	0	0	0	0	0	0	0
A	AG	20	120	1	1	BA1652	7057	5	0	0	0	0	0	0	1	0	0	0
A	AG	20	120	1	1	BA1652	7064	5	0	0	1	0	0	0	0	0	0	0
A	AG	20	120	1	1	BA1652	7065	5	9	0	0	0	0	0	0	0	0	0
A	AG	20	120	1	1	BA1652	7067	9	0	0	0	0	0	0	1	0	0	0
A	AG	20	120	1	1	BA1652	7072	9	0	0	1	0	0	0	0	0	0	0
A	AG	20	120	1	1	BA1652	7075	9	10	0	0	0	0	0	0	0	0	0
A	AG	20	120	1	1	BA1652	7076	10	0	0	0	0	0	0	1	0	0	0
A	AG	20	120	1	1	BA1652	7150	10	2	0	0	0	0	0	0	0	0	0
A	AG	20	120	1	1	BA1652	7151	2	6	0	0	0	0	0	0	0	0	0
A	AG	20	120	1	1	BA1652	7537	6	8	2	0	1	0	0	0	0	0	0
A	AG	20	120	1	1	BA1652	7547	8	7	0	0	0	0	0	0	0	0	0
A	AG	20	120	1	1	BA1652	7559	7	0	0	0	0	0	0	0	1	0	0
A	AG	20	120	1	1	BA1652	7696	7	8	2	0	1	0	0	0	0	0	0
A	AG	20	120	1	1	BA1652	7702	8	0	0	0	0	0	0	0	1	0	0
A	AG	20	120	1	1	BA1652	7703	8	0	0	0	1	0	0	0	0	0	0
A	AG	20	120	1	1	BA1652	7705	8	0	0	0	1	0	0	0	1	0	0
A	AG	20	120	1	1	BA1652	7706	8	7	0	0	0	0	0	0	0	0	0
A	AG	20	120	1	1	BA1652	7712	7	0	0	0	0	0	0	0	1	0	0
A	AG	20	120	1	1	BA1652	7715	7	8	2	0	1	0	0	0	0	0	0
A	AG	20	120	1	1	BA1652	7723	8	0	0	0	0	0	0	0	1	0	0
A	AG	20	120	1	1	BA1652	7725	8	7	0	0	0	0	0	0	0	0	0
A	AG	20	120	1	1	BA1652	7729	7	8	2	0	1	0	0	0	0	0	0
A	AG	20	120	1	1	BA1652	7733	8	0	0	0	0	0	0	0	1	0	0
A	AG	20	120	1	1	BA1652	7739	8	7	0	0	0	0	0	0	0	0	0
A	AG	20	120	1	1	BA1652	7770	7	8	2	0	1	0	0	0	0	0	0
A	AG	20	120	1	1	BA1652	7780	8	7	0	0	0	0	0	0	0	0	0
A	AG	20	120	1	1	BA1652	7784	7	0	0	0	0	0	0	0	1	0	0
A	AG	20	120	1	1	BA1652	7785	7	8	2	0	1	0	0	0	0	0	0
A	AG	20	120	1	1	BA1652	7787	8	0	0	0	0	0	0	0	1	0	0
A	AG	20	120	1	1	BA1652	7794	8	0	0	0	1	0	0	0	0	0	0
A	AG	20	120	1	1	BA1652	7795	8	7	0	0	0	0	0	0	0	0	0
A	AG	20	120	1	1	BA1652	7813	7	0	0	0	0	0	0	0	1	0	0
A	AG	20	120	1	1	BA1652	7831	7	8	2	0	1	0	0	0	0	0	0
A	AG	20	120	1	1	BA1652	7836	8	0	0	0	0	0	0	0	1	0	0
A	AG	20	120	1	1	BA1652	7839	8	0	0	0	1	0	0	0	0	0	0
A	AG	20	120	1	1	BA1652	7841	8	7	0	0	0	0	0	0	0	0	0
A	AG	20	120	1	1	BA1652	7850	7	0	0	0	0	0	0	0	1	0	0
A	AG	20	120	1	1	BA1652	7868	7	8	2	0	1	0	0	0	0	0	0
A	AG	20	120	1	1	BA1652	7871	8	0	0	0	0	0	0	0	1	0	0
A	AG	20	120	1	1	BA1652	7874	8	0	0	0	1	0	0	0	0	0	0
A	AG	20	120	1	1	BA1652	7877	8	0	0	0	0	0	0	0	1	0	0
A	AG	20	120	1	1	BA1652	7878	8	7	0	0	0	0	0	0	0	0	0
A	AG	20	120	1	1	BA1652	7885	7	8	2	0	1	0	0	0	0	0	0
A	AG	20	120	1	1	BA1652	7888	8	0	0	0	0	0	0	0	1	0	0
A	AG	20	120	1	1	BA1652	7893	8	0	0	0	1	0	0	0	0	0	0
A	AG	20	120	1	1	BA1652	7895	8	7	0	0	0	0	0	0	1	0	0
A	AG	20	120	1	1	BA1652	7899	7	8	2	0	1	0	0	0	0	0	0
A	AG	20	120	1	1	BA1652	7909	8	7	0	0	0	0	0	0	1	0	0
A	AG	20	120	1	1	BA1652	7913	7	8	2	0	1	0	0	0	0	0	0
A	AG	20	120	1	1	BA1652	7916	8	0	0	0	1	0	0	0	1	0	0
A	AG	20	120	1	1	BA1652	7922	8	0	0	0	0	0	0	0	1	0	0
A	AG	20	120	1	1	BA1652	7923	8	7	0	0	0	0	0	0	0	0	0
A	AG	20	120	1	1	BA1652	7940	7	8	2	0	1	0	0	0	0	0	0
A	AG	20	120	1	1	BA1652	7944	8	0	0	0	0	0	0	0	1	0	0
A	AG	20	120	1	1	BA1652	7950	8	7	0	0	0	0	0	0	0	0	0
A	AG	20	120	1	1	BA1652	7951	7	8	2	0	1	0	0	0	0	0	0
A	AG	20	120	1	1	BA1652	7961	8	7	0	0	0	0	0	0	1	0	0
A	AG	20	120	1	1	BA1652	7997	7	8	2	0	1	0	0	0	0	0	0
A	AG	20	120	1	1	BA1652	8007	8	7	0	0	0	0	0	0	0	0	0
A	AG	20	120	1	1	BA1652	8024	7	0	0	0	0	0	0	0	1	0	0
A	AG	20	120	1	1	BA1652	8059	7	8	2	0	1	0	0	0	0	0	0
A	AG	20	120	1	1	BA1652	8069	8	7	0	0	0	0	0	0	1	0	0
A	AG	20	120	1	1	BA1652	8073	7	8	2	0	1	0	0	0	0	0	0
A	AG	20	120	1	1	BA1652	8076	8	0	0	0	0	0	0	0	1	0	0
A	AG	20	120	1	1	BA1652	8077	8	0	0	0	1	0	0	0	0	0	0
A	AG	20	120	1	1	BA1652	8083	8	7	0	0	0	0	0	0	0	0	0
A	AG	20	120	1	1	BA1652	8091	7	0	0	0	0	0	0	0	1	0	0
A	AG	20	120	1	1	BA1652	8098	7	8	2	0	1	0	0	0	0	0	0
A	AG	20	120	1	1	BA1652	8108	8	7	0	0	0	0	0	0	0	0	0
A	AG	20	120	1	1	BA1652	8127	7	0	0	0	0	0	0	0	1	0	0
A	AG	20	120	1	1	BA1652	8130	7	8	2	0	1	0	0	0	0	0	0
A	AG	20	120	1	1	BA1652	8140	8	7	0	0	0	0	0	0	0	0	0
A	AG	20	120	1	1	BA1652	8144	7	0	0	0	0	0	0	0	1	0	0
A	AG	20	120	1	1	BA1652	8148	7	8	2	0	1	0	0	0	0	0	0
A	AG	20	120	1	1	BA1652	8156	8	0	0	0	0	0	0	0	1	0	0
A	AG	20	120	1	1	BA1652	8158	8	7	0	0	1	0	0	0	0	0	0
A	AG	20	120	1	1	BA1652	8161	7	0	0	0	0	0	0	0	1	0	0
A	AG	20	120	1	1	BA1652	8181	7	8	2	0	1	0	0	0	0	0	0
A	AG	20	120	1	1	BA1652	8190	8	0	0	0	0	0	0	0	1	0	0
A	AG	20	120	1	1	BA1652	8191	8	9	0	0	1	0	0	0	0	0	0
A	AG	20	120	1	1	BA1652	8200	9	0	0	0	0	0	0	0	1	0	0
A	AG	20	120	1	1	BA1652	8201	9	10	0	0	0	0	0	0	0	0	0
A	AG	20	120	1	1	BA1652	8276	10	2	0	0	0	0	0	0	0	0	0
A	AG	20	120	1	1	BA1652	8277	2	3	0	0	0	0	0	0	0	0	0
A	AG	20	120	1	1	BA1652	8328	3	5	1	1	0	0	0	0	0	0	0
A	AG	20	120	1	1	BA1652	8338	5	4	0	0	0	0	0	0	0	0	0
A	AG	20	120	1	1	BA1652	8376	4	0	0	0	0	0	0	1	0	0	0
A	AG	20	120	1	1	BA1652	8394	4	5	1	1	0	0	0	0	0	0	0
A	AG	20	120	1	1	BA1652	8401	5	0	0	0	0	0	0	1	0	0	0
A	AG	20	120	1	1	BA1652	8404	5	4	0	1	0	0	0	0	0	0	0
A	AG	20	120	1	1	BA1652	8434	4	0	0	0	0	0	0	1	0	0	0
A	AG	20	120	1	1	BA1652	8439	4	5	1	1	0	0	0	0	0	0	0
A	AG	20	120	1	1	BA1652	8447	5	0	0	0	0	0	0	1	0	0	0
A	AG	20	120	1	1	BA1652	8448	5	0	0	1	0	0	0	0	0	0	0
A	AG	20	120	1	1	BA1652	8449	5	4	0	0	0	0	0	0	0	0	0
A	AG	20	120	1	1	BA1652	8499	4	0	0	0	0	0	0	1	0	0	0
A	AG	20	120	1	1	BA1652	8501	4	5	1	1	0	0	0	0	0	0	0
A	AG	20	120	1	1	BA1652	8511	5	4	0	0	0	0	0	0	0	0	0
A	AG	20	120	1	1	BA1652	8542	4	0	0	0	0	0	0	1	0	0	0
A	AG	20	120	1	1	BA1652	8547	4	5	1	1	0	0	0	0	0	0	0
A	AG	20	120	1	1	BA1652	8553	5	0	0	0	0	0	0	1	0	0	0
A	AG	20	120	1	1	BA1652	8555	5	0	0	1	0	0	0	0	0	0	0
A	AG	20	120	1	1	BA1652	8557	5	9	0	0	0	0	0	0	0	0	0
A	AG	20	120	1	1	BA1652	8566	9	0	0	0	0	0	0	1	0	0	0
A	AG	20	120	1	1	BA1652	8567	9	10	0	0	0	0	0	0	0	0	0
A	AG	20	120	1	1	BA1652	8642	10	2	0	0	0	0	0	0	0	0	0
A	AG	20	120	1	1	BA1652	8643	2	3	0	0	0	0	0	0	0	0	0
A	AG	20	120	1	1	BA1652	8682	3	5	1	1	0	0	0	0	0	0	0
A	AG	20	120	1	1	BA1652	8692	5	4	0	0	0	0	0	0	0	0	0
A	AG	20	120	1	1	BA1652	8716	4	0	0	0	0	0	0	1	0	0	0
A	AG	20	120	1	1	BA1652	8720	4	5	1	1	0	0	0	0	0	0	0
A	AG	20	120	1	1	BA1652	8726	5	0	0	0	0	0	0	1	0	0	0
A	AG	20	120	1	1	BA1652	8729	5	0	0	1	0	0	0	0	0	0	0
A	AG	20	120	1	1	BA1652	8730	5	4	0	0	0	0	0	0	0	0	0
A	AG	20	120	1	1	BA1652	8734	4	0	0	0	0	0	0	1	0	0	0
A	AG	20	120	1	1	BA1652	8737	4	5	1	1	0	0	0	0	0	0	0
A	AG	20	120	1	1	BA1652	8747	5	4	0	0	0	0	0	0	0	0	0
A	AG	20	120	1	1	BA1652	8748	4	0	0	0	0	0	0	1	0	0	0
A	AG	20	120	1	1	BA1652	8761	4	5	1	1	0	0	0	0	0	0	0
A	AG	20	120	1	1	BA1652	8771	5	4	0	0	0	0	0	0	0	0	0
A	AG	20	120	1	1	BA1652	8783	4	0	0	0	0	0	0	1	0	0	0
A	AG	20	120	1	1	BA1652	8798	4	5	1	1	0	0	0	0	0	0	0
A	AG	20	120	1	1	BA1652	8808	5	9	0	0	0	0	0	0	0	0	0
A	AG	20	120	1	1	BA1652	8818	9	10	0	0	0	0	0	1	0	0	0
A	AG	20	120	1	1	BA1652	8893	10	2	0	0	0	0	0	0	0	0	0
A	AG	20	120	1	1	BA1652	8894	2	3	0	0	0	0	0	0	0	0	0
A	AG	20	120	1	1	BA1652	8939	3	5	1	1	0	0	0	0	0	0	0
A	AG	20	120	1	1	BA1652	8949	5	4	0	0	0	0	0	0	0	0	0
A	AG	20	120	1	1	BA1652	8971	4	0	0	0	0	0	0	1	0	0	0
A	AG	20	120	1	1	BA1652	8975	4	5	1	1	0	0	0	0	0	0	0
A	AG	20	120	1	1	BA1652	8977	5	0	0	0	0	0	0	1	0	0	0
A	AG	20	120	1	1	BA1652	8980	5	0	0	1	0	0	0	0	0	0	0
A	AG	20	120	1	1	BA1652	8985	5	4	0	0	0	0	0	1	0	0	0
A	AG	20	120	1	1	BA1652	8988	4	5	1	1	0	0	0	0	0	0	0
A	AG	20	120	1	1	BA1652	8998	5	4	0	0	0	0	0	0	0	0	0
A	AG	20	120	1	1	BA1652	9001	4	0	0	0	0	0	0	1	0	0	0
A	AG	20	120	1	1	BA1652	9021	4	5	1	1	0	0	0	0	0	0	0
A	AG	20	120	1	1	BA1652	9031	5	4	0	0	0	0	0	0	0	0	0
A	AG	20	120	1	1	BA1652	9053	4	0	0	0	0	0	0	1	0	0	0
A	AG	20	120	1	1	BA1652	9055	4	5	1	1	0	0	0	0	0	0	0
A	AG	20	120	1	1	BA1652	9058	5	0	0	0	0	0	0	1	0	0	0
A	AG	20	120	1	1	BA1652	9061	5	0	0	1	0	0	0	0	0	0	0
A	AG	20	120	1	1	BA1652	9065	5	9	0	0	0	0	0	1	0	0	0
A	AG	20	120	1	1	BA1652	9070	9	0	0	1	0	0	0	0	0	0	0
A	AG	20	120	1	1	BA1652	9075	9	10	0	0	0	0	0	0	0	0	0
A	AG	20	120	1	1	BA1652	9076	10	0	0	0	0	0	0	1	0	0	0
A	AG	20	120	1	1	BA1652	9150	10	2	0	0	0	0	0	0	0	0	0
A	AG	20	120	1	1	BA1652	9151	2	6	0	0	0	0	0	0	0	0	0
A	AG	20	120	1	1	BA1652	9611	6	8	2	0	1	0	0	0	0	0	0
A	AG	20	120	1	1	BA1652	9621	8	7	0	0	0	0	0	0	0	0	0
A	AG	20	120	1	1	BA1652	9622	7	0	0	0	0	0	0	0	1	0	0
A	AG	20	120	1	1	BA1652	9679	7	8	2	0	1	0	0	0	0	0	0
A	AG	20	120	1	1	BA1652	9680	8	0	0	0	0	0	0	0	1	0	0
A	AG	20	120	1	1	BA1652	9689	8	7	0	0	0	0	0	0	0	0	0
A	AG	20	120	1	1	BA1652	9709	7	8	2	0	1	0	0	0	0	0	0
A	AG	20	120	1	1	BA1652	9710	8	0	0	0	0	0	0	0	1	0	0
A	AG	20	120	1	1	BA1652	9719	8	7	0	0	0	0	0	0	0	0	0
A	AG	20	120	1	1	BA1652	9729	7	8	2	0	1	0	0	0	0	0	0
A	AG	20	120	1	1	BA1652	9734	8	0	0	0	0	0	0	0	1	0	0
A	AG	20	120	1	1	BA1652	9739	8	7	0	0	0	0	0	0	0	0	0
A	AG	20	120	1	1	BA1652	9756	7	8	2	0	1	0	0	0	0	0	0
A	AG	20	120	1	1	BA1652	9766	8	7	0	0	0	0	0	0	0	0	0
A	AG	20	120	1	1	BA1652	9768	7	8	2	0	1	0	0	0	1	0	0
A	AG	20	120	1	1	BA1652	9773	8	0	0	0	0	0	0	0	1	0	0
A	AG	20	120	1	1	BA1652	9776	8	0	0	0	1	0	0	0	0	0	0
A	AG	20	120	1	1	BA1652	9778	8	7	0	0	0	0	0	0	0	0	0
A	AG	20	120	1	1	BA1652	9785	7	0	0	0	0	0	0	0	1	0	0
A	AG	20	120	1	1	BA1652	9794	7	8	2	0	1	0	0	0	0	0	0
A	AG	20	120	1	1	BA1652	9804	8	7	0	0	0	0	0	0	0	0	0
A	AG	20	120	1	1	BA1652	9831	7	0	0	0	0	0	0	0	1	0	0
A	AG	20	120	1	1	BA1652	9834	7	8	2	0	1	0	0	0	0	0	0
A	AG	20	120	1	1	BA1652	9839	8	0	0	0	0	0	0	0	1	0	0
A	AG	20	120	1	1	BA1652	9843	8	0	0	0	1	0	0	0	0	0	0
A	AG	20	120	1	1	BA1652	9844	8	7	0	0	0	0	0	0	0	0	0
A	AG	20	120	1	1	BA1652	9867	7	0	0	0	0	0	0	0	1	0	0
A	AG	20	120	1	1	BA1652	9892	7	8	2	0	1	0	0	0	0	0	0
A	AG	20	120	1	1	BA1652	9898	8	0	0	0	0	0	0	0	1	0	0
A	AG	20	120	1	1	BA1652	9902	8	7	0	0	0	0	0	0	0	0	0
A	AG	20	120	1	1	BA1652	9909	7	8	2	0	1	0	0	0	0	0	0
A	AG	20	120	1	1	BA1652	9916	8	0	0	0	0	0	0	0	1	0	0
A	AG	20	120	1	1	BA1652	9917	8	0	0	0	1	0	0	0	0	0	0
A	AG	20	120	1	1	BA1652	9919	8	7	0	0	0	0	0	0	0	0	0
A	AG	20	120	1	1	BA1652	9926	7	0	0	0	0	0	0	0	1	0	0
A	AG	20	120	1	1	BA1652	9941	7	8	2	0	1	0	0	0	0	0	0
A	AG	20	120	1	1	BA1652	9951	8	7	0	0	0	0	0	0	1	0	0
A	AG	20	120	1	1	BA1652	9983	7	8	2	0	1	0	0	0	0	0	0
A	AG	20	120	1	1	BA1652	9985	8	0	0	0	0	0	0	0	1	0	0
A	AG	20	120	1	1	BA1652	9987	8	0	0	0	1	0	0	0	0	0	0
A	AG	20	120	1	1	BA1652	9993	8	7	0	0	0	0	0	0	0	0	0
A	AG	20	120	1	1	BA1652	9999	7	0	0	0	0	0	0	0	1	0	0
A	AG	20	120	1	1	BA1652	10003	7	8	2	0	1	0	0	0	0	0	0
A	AG	20	120	1	1	BA1652	10008	8	0	0	0	0	0	0	0	1	0	0
A	AG	20	120	1	1	BA1652	10012	8	0	0	0	1	0	0	0	0	0	0
A	AG	20	120	1	1	BA1652	10013	8	7	0	0	0	0	0	0	0	0	0
A	AG	20	120	1	1	BA1652	10046	7	0	0	0	0	0	0	0	1	0	0
A	AG	20	120	1	1	BA1652	10061	7	8	2	0	1	0	0	0	0	0	0
A	AG	20	120	1	1	BA1652	10071	8	7	0	0	0	0	0	0	1	0	0
A	AG	20	120	1	1	BA1652	10079	7	8	2	0	1	0	0	0	0	0	0
A	AG	20	120	1	1	BA1652	10081	8	0	0	0	0	0	0	0	1	0	0
A	AG	20	120	1	1	BA1652	10085	8	0	0	0	1	0	0	0	0	0	0
A	AG	20	120	1	1	BA1652	10087	8	0	0	0	0	0	0	0	1	0	0
A	AG	20	120	1	1	BA1652	10089	8	7	0	0	0	0	0	0	0	0	0
A	AG	20	120	1	1	BA1652	10090	7	8	2	0	1	0	0	0	0	0	0
A	AG	20	120	1	1	BA1652	10099	8	0	0	0	0	0	0	0	1	0	0
A	AG	20	120	1	1	BA1652	10100	8	7	0	0	0	0	0	0	0	0	0
A	AG	20	120	1	1	BA1652	10101	7	8	2	0	1	0	0	0	0	0	0
A	AG	20	120	1	1	BA1652	10103	8	0	0	0	0	0	0	0	1	0	0
A	AG	20	120	1	1	BA1652	10111	8	7	0	0	0	0	0	0	0	0	0
A	AG	20	120	1	1	BA1652	10132	7	8	2	0	1	0	0	0	0	0	0
A	AG	20	120	1	1	BA1652	10136	8	0	0	0	0	0	0	0	1	0	0
A	AG	20	120	1	1	BA1652	10140	8	0	0	0	1	0	0	0	0	0	0
A	AG	20	120	1	1	BA1652	10142	8	7	0	0	0	0	0	0	0	0	0
A	AG	20	120	1	1	BA1652	10149	7	0	0	0	0	0	0	0	1	0	0
A	AG	20	120	1	1	BA1652	10161	7	8	2	0	1	0	0	0	0	0	0
A	AG	20	120	1	1	BA1652	10169	8	0	0	0	0	0	0	0	1	0	0
A	AG	20	120	1	1	BA1652	10171	8	7	0	0	0	0	0	0	0	0	0
A	AG	20	120	1	1	BA1652	10173	7	8	2	0	1	0	0	0	0	0	0
A	AG	20	120	1	1	BA1652	10182	8	0	0	0	0	0	0	0	1	0	0
A	AG	20	120	1	1	BA1652	10183	8	9	0	0	0	0	0	0	0	0	0
A	AG	20	120	1	1	BA1652	10193	9	10	0	0	0	0	0	0	0	0	0
A	AG	20	120	1	1	BA1652	10268	10	2	0	0	0	0	0	0	0	0	0
A	AG	20	120	1	1	BA1652	10269	2	6	0	0	0	0	0	0	0	0	0
A	AG	20	120	1	1	BA1652	10362	6	8	2	0	1	0	0	0	0	0	0
A	AG	20	120	1	1	BA1652	10372	8	7	0	0	0	0	0	0	1	0	0
A	AG	20	120	1	1	BA1652	10390	7	8	2	0	1	0	0	0	0	0	0
A	AG	20	120	1	1	BA1652	10392	8	0	0	0	0	0	0	0	1	0	0
A	AG	20	120	1	1	BA1652	10393	8	0	0	0	1	0	0	0	0	0	0
A	AG	20	120	1	1	BA1652	10398	8	0	0	0	0	0	0	0	1	0	0
A	AG	20	120	1	1	BA1652	10400	8	7	0	0	0	0	0	0	0	0	0
A	AG	20	120	1	1	BA1652	10403	7	8	2	0	1	0	0	0	0	0	0
A	AG	20	120	1	1	BA1652	10404	8	0	0	0	0	0	0	0	1	0	0
A	AG	20	120	1	1	BA1652	10413	8	7	0	0	0	0	0	0	0	0	0
A	AG	20	120	1	1	BA1652	10418	7	8	2	0	1	0	0	0	0	0	0
A	AG	20	120	1	1	BA1652	10424	8	0	0	0	0	0	0	0	1	0	0
A	AG	20	120	1	1	BA1652	10428	8	7	0	0	0	0	0	0	0	0	0
A	AG	20	120	1	1	BA1652	10490	7	8	2	0	1	0	0	0	0	0	0
A	AG	20	120	1	1	BA1652	10498	8	0	0	0	0	0	0	0	1	0	0
A	AG	20	120	1	1	BA1652	10500	8	7	0	0	0	0	0	0	0	0	0
A	AG	20	120	1	1	BA1652	10503	7	8	2	0	1	0	0	0	0	0	0
A	AG	20	120	1	1	BA1652	10513	8	7	0	0	0	0	0	0	0	0	0
A	AG	20	120	1	1	BA1652	10517	7	0	0	0	0	0	0	0	1	0	0
A	AG	20	120	1	1	BA1652	10522	7	8	2	0	1	0	0	0	0	0	0
A	AG	20	120	1	1	BA1652	10523	8	0	0	0	0	0	0	0	1	0	0
A	AG	20	120	1	1	BA1652	10532	8	7	0	0	0	0	0	0	0	0	0
A	AG	20	120	1	1	BA1652	10564	7	8	2	0	1	0	0	0	0	0	0
A	AG	20	120	1	1	BA1652	10568	8	0	0	0	0	0	0	0	1	0	0
A	AG	20	120	1	1	BA1652	10574	8	7	0	0	0	0	0	0	0	0	0
A	AG	20	120	1	1	BA1652	10576	7	8	2	0	1	0	0	0	0	0	0
A	AG	20	120	1	1	BA1652	10578	8	0	0	0	0	0	0	0	1	0	0
A	AG	20	120	1	1	BA1652	10586	8	7	0	0	0	0	0	0	0	0	0
A	AG	20	120	1	1	BA1652	10588	7	8	2	0	1	0	0	0	0	0	0
A	AG	20	120	1	1	BA1652	10592	8	0	0	0	0	0	0	0	1	0	0
A	AG	20	120	1	1	BA1652	10596	8	0	0	0	1	0	0	0	0	0	0
A	AG	20	120	1	1	BA1652	10598	8	7	0	0	0	0	0	0	0	0	0
A	AG	20	120	1	1	BA1652	10604	7	0	0	0	0	0	0	0	1	0	0
A	AG	20	120	1	1	BA1652	10622	7	8	2	0	1	0	0	0	0	0	0
A	AG	20	120	1	1	BA1652	10632	8	7	0	0	0	0	0	0	0	0	0
A	AG	20	120	1	1	BA1652	10634	7	0	0	0	0	0	0	0	1	0	0
A	AG	20	120	1	1	BA1652	10641	7	8	2	0	1	0	0	0	0	0	0
A	AG	20	120	1	1	BA1652	10651	8	7	0	0	0	0	0	0	0	0	0
A	AG	20	120	1	1	BA1652	10652	7	0	0	0	0	0	0	0	1	0	0
A	AG	20	120	1	1	BA1652	10657	7	8	2	0	1	0	0	0	0	0	0
A	AG	20	120	1	1	BA1652	10661	8	0	0	0	0	0	0	0	1	0	0
A	AG	20	120	1	1	BA1652	10664	8	0	0	0	1	0	0	0	0	0	0
A	AG	20	120	1	1	BA1652	10667	8	7	0	0	0	0	0	0	0	0	0
A	AG	20	120	1	1	BA1652	10692	7	0	0	0	0	0	0	0	1	0	0
A	AG	20	120	1	1	BA1652	10700	7	8	2	0	1	0	0	0	0	0	0
A	AG	20	120	1	1	BA1652	10705	8	0	0	0	0	0	0	0	1	0	0
A	AG	20	120	1	1	BA1652	10708	8	0	0	0	1	0	0	0	0	0	0
A	AG	20	120	1	1	BA1652	10710	8	7	0	0	0	0	0	0	0	0	0
A	AG	20	120	1	1	BA1652	10727	7	0	0	0	0	0	0	0	1	0	0
A	AG	20	120	1	1	BA1652	10748	7	8	2	0	1	0	0	0	0	0	0
A	AG	20	120	1	1	BA1652	10749	8	0	0	0	0	0	0	0	1	0	0
A	AG	20	120	1	1	BA1652	10758	8	7	0	0	0	0	0	0	0	0	0
A	AG	20	120	1	1	BA1652	10762	7	8	2	0	1	0	0	0	0	0	0
A	AG	20	120	1	1	BA1652	10772	8	7	0	0	0	0	0	0	1	0	0
A	AG	20	120	1	1	BA1652	10780	7	8	2	0	1	0	0	0	0	0	0
A	AG	20	120	1	1	BA1652	10790	8	7	0	0	0	0	0	0	1	0	0
A	AG	20	120	1	1	BA1652	10814	7	8	2	0	1	0	0	0	0	0	0
A	AG	20	120	1	1	BA1652	10824	8	7	0	0	0	0	0	0	0	0	0
A	AG	20	120	1	1	BA1652	10825	7	0	0	0	0	0	0	0	1	0	0
A	AG	20	120	1	1	BA1652	10826	7	8	2	0	1	0	0	0	0	0	0
A	AG	20	120	1	1	BA1652	10833	8	0	0	0	0	0	0	0	1	0	0
A	AG	20	120	1	1	BA1652	10836	8	7	0	0	1	0	0	0	0	0	0
A	AG	20	120	1	1	BA1652	10848	7	0	0	0	0	0	0	0	1	0	0
A	AG	20	120	1	1	BA1652	10851	7	8	2	0	1	0	0	0	0	0	0
A	AG	20	120	1	1	BA1652	10861	8	9	0	0	0	0	0	0	0	0	0
A	AG	20	120	1	1	BA1652	10871	9	10	0	0	0	0	0	0	1	0	0
A	AG	20	120	1	1	BA1652	10946	10	2	0	0	0	0	0	0	0	0	0
A	AG	20	120	1	1	BA1652	10947	2	6	0	0	0	0	0	0	0	0	0
A	AG	20	120	1	1	BA1652	11104	6	8	2	0	1	0	0	0	0	0	0
A	AG	20	120	1	1	BA1652	11111	8	0	0	0	0	0	0	0	1	0	0
A	AG	20	120	1	1	BA1652	11114	8	7	0	0	0	0	0	0	0	0	0
A	AG	20	120	1	1	BA1652	11136	7	8	2	0	1	0	0	0	0	0	0
A	AG	20	120	1	1	BA1652	11146	8	7	0	0	0	0	0	0	0	0	0
A	AG	20	120	1	1	BA1652	11149	7	0	0	0	0	0	0	0	1	0	0
A	AG	20	120	1	1	BA1652	11152	7	8	2	0	1	0	0	0	0	0	0
A	AG	20	120	1	1	BA1652	11162	8	7	0	0	0	0	0	0	0	0	0
A	AG	20	120	1	1	BA1652	11175	7	0	0	0	0	0	0	0	1	0	0
A	AG	20	120	1	1	BA1652	11180	7	8	2	0	1	0	0	0	0	0	0
A	AG	20	120	1	1	BA1652	11190	8	7	0	0	0	0	0	0	0	0	0
A	AG	20	120	1	1	BA1652	11192	7	0	0	0	0	0	0	0	1	0	0
A	AG	20	120	1	1	BA1652	11197	7	8	2	0	1	0	0	0	0	0	0
A	AG	20	120	1	1	BA1652	11202	8	0	0	0	0	0	0	0	1	0	0
A	AG	20	120	1	1	BA1652	11204	8	0	0	0	1	0	0	0	0	0	0
A	AG	20	120	1	1	BA1652	11207	8	7	0	0	0	0	0	0	0	0	0
A	AG	20	120	1	1	BA1652	11223	7	0	0	0	0	0	0	0	1	0	0
A	AG	20	120	1	1	BA1652	11231	7	8	2	0	1	0	0	0	0	0	0
A	AG	20	120	1	1	BA1652	11234	8	0	0	0	0	0	0	0	1	0	0
A	AG	20	120	1	1	BA1652	11235	8	0	0	0	1	0	0	0	0	0	0
A	AG	20	120	1	1	BA1652	11240	8	0	0	0	0	0	0	0	1	0	0
A	AG	20	120	1	1	BA1652	11241	8	7	0	0	0	0	0	0	0	0	0
A	AG	20	120	1	1	BA1652	11246	7	8	2	0	1	0	0	0	0	0	0
A	AG	20	120	1	1	BA1652	11255	8	0	0	0	0	0	0	0	1	0	0
A	AG	20	120	1	1	BA1652	11256	8	7	0	0	1	0	0	0	0	0	0
A	AG	20	120	1	1	BA1652	11268	7	0	0	0	0	0	0	0	1	0	0
A	AG	20	120	1	1	BA1652	11294	7	8	2	0	1	0	0	0	0	0	0
A	AG	20	120	1	1	BA1652	11304	8	7	0	0	0	0	0	0	0	0	0
A	AG	20	120	1	1	BA1652	11306	7	0	0	0	0	0	0	0	1	0	0
A	AG	20	120	1	1	BA1652	11307	7	8	2	0	1	0	0	0	0	0	0
A	AG	20	120	1	1	BA1652	11317	8	7	0	0	0	0	0	0	0	0	0
A	AG	20	120	1	1	BA1652	11331	7	0	0	0	0	0	0	0	1	0	0
A	AG	20	120	1	1	BA1652	11338	7	8	2	0	1	0	0	0	0	0	0
A	AG	20	120	1	1	BA1652	11348	8	7	0	0	0	0	0	0	0	0	0
A	AG	20	120	1	1	BA1652	11376	7	0	0	0	0	0	0	0	1	0	0
A	AG	20	120	1	1	BA1652	11378	7	8	2	0	1	0	0	0	0	0	0
A	AG	20	120	1	1	BA1652	11388	8	7	0	0	0	0	0	0	0	0	0
A	AG	20	120	1	1	BA1652	11393	7	0	0	0	0	0	0	0	1	0	0
A	AG	20	120	1	1	BA1652	11397	7	8	2	0	1	0	0	0	0	0	0
A	AG	20	120	1	1	BA1652	11401	8	0	0	0	0	0	0	0	1	0	0
A	AG	20	120	1	1	BA1652	11407	8	7	0	0	1	0	0	0	0	0	0
A	AG	20	120	1	1	BA1652	11410	7	0	0	0	0	0	0	0	1	0	0
A	AG	20	120	1	1	BA1652	11429	7	8	2	0	1	0	0	0	0	0	0
A	AG	20	120	1	1	BA1652	11433	8	0	0	0	0	0	0	0	1	0	0
A	AG	20	120	1	1	BA1652	11434	8	0	0	0	1	0	0	0	0	0	0
A	AG	20	120	1	1	BA1652	11439	8	7	0	0	0	0	0	0	0	0	0
A	AG	20	120	1	1	BA1652	11447	7	0	0	0	0	0	0	0	1	0	0
A	AG	20	120	1	1	BA1652	11517	7	8	2	0	1	0	0	0	0	0	0
A	AG	20	120	1	1	BA1652	11523	8	0	0	0	0	0	0	0	1	0	0
A	AG	20	120	1	1	BA1652	11527	8	7	0	0	0	0	0	0	0	0	0
A	AG	20	120	1	1	BA1652	11565	7	8	2	0	1	0	0	0	0	0	0
A	AG	20	120	1	1	BA1652	11575	8	7	0	0	0	0	0	0	0	0	0
A	AG	20	120	1	1	BA1652	11588	7	0	0	0	0	0	0	0	1	0	0
A	AG	20	120	1	1	BA1652	11592	7	8	2	0	1	0	0	0	0	0	0
A	AG	20	120	1	1	BA1652	11598	8	0	0	0	0	0	0	0	1	0	0
A	AG	20	120	1	1	BA1652	11602	8	7	0	0	0	0	0	0	0	0	0
A	AG	20	120	1	1	BA1652	11611	7	8	2	0	1	0	0	0	0	0	0
A	AG	20	120	1	1	BA1652	11613	8	0	0	0	0	0	0	0	1	0	0
A	AG	20	120	1	1	BA1652	11617	8	0	0	0	1	0	0	0	0	0	0
A	AG	20	120	1	1	BA1652	11621	8	7	0	0	0	0	0	0	0	0	0
A	AG	20	120	1	1	BA1652	11624	7	0	0	0	0	0	0	0	1	0	0
A	AG	20	120	1	1	BA1652	11628	7	8	2	0	1	0	0	0	0	0	0
A	AG	20	120	1	1	BA1652	11630	8	0	0	0	0	0	0	0	1	0	0
A	AG	20	120	1	1	BA1652	11638	8	7	0	0	0	0	0	0	0	0	0
A	AG	20	120	1	1	BA1652	11665	7	8	2	0	1	0	0	0	0	0	0
A	AG	20	120	1	1	BA1652	11675	8	7	0	0	0	0	0	0	0	0	0
A	AG	20	120	1	1	BA1652	11676	7	0	0	0	0	0	0	0	1	0	0
A	AG	20	120	1	1	BA1652	11679	7	8	2	0	1	0	0	0	0	0	0
A	AG	20	120	1	1	BA1652	11684	8	0	0	0	0	0	0	0	1	0	0
A	AG	20	120	1	1	BA1652	11689	8	9	0	0	1	0	0	0	0	0	0
A	AG	20	120	1	1	BA1652	11699	9	10	0	0	0	0	0	0	0	0	0
A	AG	20	120	1	1	BA1652	11701	10	0	0	0	0	0	0	0	1	0	0
A	AG	20	120	1	1	BA1652	11774	10	2	0	0	0	0	0	0	0	0	0
A	AG	20	120	1	1	BA1652	11775	2	3	0	0	0	0	0	0	0	0	0
A	AG	20	120	1	1	BA1652	11808	3	5	1	1	0	0	0	0	0	0	0
A	AG	20	120	1	1	BA1652	11818	5	4	0	0	0	0	0	0	0	0	0
A	AG	20	120	1	1	BA1652	11833	4	0	0	0	0	0	0	1	0	0	0
A	AG	20	120	1	1	BA1652	11836	4	5	1	1	0	0	0	0	0	0	0
A	AG	20	120	1	1	BA1652	11846	5	4	0	0	0	0	0	0	0	0	0
A	AG	20	120	1	1	BA1652	11851	4	0	0	0	0	0	0	1	0	0	0
A	AG	20	120	1	1	BA1652	11855	4	5	1	1	0	0	0	0	0	0	0
A	AG	20	120	1	1	BA1652	11863	5	0	0	0	0	0	0	1	0	0	0
A	AG	20	120	1	1	BA1652	11865	5	4	0	0	0	0	0	0	0	0	0
A	AG	20	120	1	1	BA1652	11870	4	5	1	1	0	0	0	0	0	0	0
A	AG	20	120	1	1	BA1652	11879	5	0	0	0	0	0	0	1	0	0	0
A	AG	20	120	1	1	BA1652	11880	5	4	0	0	0	0	0	0	0	0	0
A	AG	20	120	1	1	BA1652	11894	4	5	1	1	0	0	0	0	0	0	0
A	AG	20	120	1	1	BA1652	11898	5	0	0	0	0	0	0	1	0	0	0
A	AG	20	120	1	1	BA1652	11902	5	0	0	1	0	0	0	0	0	0	0
A	AG	20	120	1	1	BA1652	11904	5	9	0	0	0	0	0	0	0	0	0
A	AG	20	120	1	1	BA1652	11906	9	0	0	0	0	0	0	1	0	0	0
A	AG	20	120	1	1	BA1652	11907	9	0	0	1	0	0	0	0	0	0	0
A	AG	20	120	1	1	BA1652	11914	9	10	0	0	0	0	0	1	0	0	0
A	AG	20	120	1	1	BA1652	11989	10	2	0	0	0	0	0	0	0	0	0
A	AG	20	120	1	1	BA1652	11990	2	3	0	0	0	0	0	0	0	0	0
A	AG	20	120	1	1	BA1652	12040	3	5	1	1	0	0	0	0	0	0	0
A	AG	20	120	1	1	BA1652	12050	5	4	0	0	0	0	0	0	0	0	0
A	AG	20	120	1	1	BA1652	12065	4	0	0	0	0	0	0	1	0	0	0
A	AG	20	120	1	1	BA1652	12071	4	5	1	1	0	0	0	0	0	0	0
A	AG	20	120	1	1	BA1652	12081	5	4	0	0	0	0	0	0	0	0	0
A	AG	20	120	1	1	BA1652	12103	4	0	0	0	0	0	0	1	0	0	0
A	AG	20	120	1	1	BA1652	12105	4	5	1	1	0	0	0	0	0	0	0
A	AG	20	120	1	1	BA1652	12115	5	4	0	0	0	0	0	0	0	0	0
A	AG	20	120	1	1	BA1652	12149	4	0	0	0	0	0	0	1	0	0	0
A	AG	20	120	1	1	BA1652	12151	4	5	1	1	0	0	0	0	0	0	0
A	AG	20	120	1	1	BA1652	12161	5	4	0	0	0	0	0	0	0	0	0
A	AG	20	120	1	1	BA1652	12164	4	0	0	0	0	0	0	1	0	0	0
A	AG	20	120	1	1	BA1652	12193	4	5	1	1	0	0	0	0	0	0	0
A	AG	20	120	1	1	BA1652	12199	5	0	0	0	0	0	0	1	0	0	0
A	AG	20	120	1	1	BA1652	12201	5	0	0	1	0	0	0	0	0	0	0
A	AG	20	120	1	1	BA1652	12203	5	9	0	0	0	0	0	0	0	0	0
A	AG	20	120	1	1	BA1652	12205	9	0	0	0	0	0	0	1	0	0	0
A	AG	20	120	1	1	BA1652	12212	9	0	0	1	0	0	0	0	0	0	0
A	AG	20	120	1	1	BA1652	12213	9	10	0	0	0	0	0	0	0	0	0
A	AG	20	120	1	1	BA1652	12215	10	0	0	0	0	0	0	1	0	0	0
A	AG	20	120	1	1	BA1652	12288	10	2	0	0	0	0	0	0	0	0	0
A	AG	20	120	1	1	BA1652	12289	2	6	0	0	0	0	0	0	0	0	0
A	AG	20	120	1	1	BA1652	12662	6	8	2	0	1	0	0	0	0	0	0
A	AG	20	120	1	1	BA1652	12672	8	7	0	0	0	0	0	0	0	0	0
A	AG	20	120	1	1	BA1652	12674	7	0	0	0	0	0	0	0	1	0	0
A	AG	20	120	1	1	BA1652	12676	7	8	2	0	1	0	0	0	0	0	0
A	AG	20	120	1	1	BA1652	12682	8	0	0	0	0	0	0	0	1	0	0
A	AG	20	120	1	1	BA1652	12686	8	7	0	0	0	0	0	0	0	0	0
A	AG	20	120	1	1	BA1652	12705	7	8	2	0	1	0	0	0	0	0	0
A	AG	20	120	1	1	BA1652	12709	8	0	0	0	0	0	0	0	1	0	0
A	AG	20	120	1	1	BA1652	12710	8	0	0	0	1	0	0	0	0	0	0
A	AG	20	120	1	1	BA1652	12714	8	0	0	0	0	0	0	0	1	0	0
A	AG	20	120	1	1	BA1652	12715	8	7	0	0	0	0	0	0	0	0	0
A	AG	20	120	1	1	BA1652	12743	7	8	2	0	1	0	0	0	0	0	0
A	AG	20	120	1	1	BA1652	12753	8	7	0	0	0	0	0	0	0	0	0
A	AG	20	120	1	1	BA1652	12766	7	0	0	0	0	0	0	0	1	0	0
A	AG	20	120	1	1	BA1652	12780	7	8	2	0	1	0	0	0	0	0	0
A	AG	20	120	1	1	BA1652	12782	8	0	0	0	0	0	0	0	1	0	0
A	AG	20	120	1	1	BA1652	12789	8	0	0	0	1	0	0	0	0	0	0
A	AG	20	120	1	1	BA1652	12790	8	7	0	0	0	0	0	0	0	0	0
A	AG	20	120	1	1	BA1652	12802	7	0	0	0	0	0	0	0	1	0	0
A	AG	20	120	1	1	BA1652	12812	7	8	2	0	1	0	0	0	0	0	0
A	AG	20	120	1	1	BA1652	12822	8	7	0	0	0	0	0	0	0	0	0
A	AG	20	120	1	1	BA1652	12829	7	0	0	0	0	0	0	0	1	0	0
A	AG	20	120	1	1	BA1652	12830	7	8	2	0	1	0	0	0	0	0	0
A	AG	20	120	1	1	BA1652	12836	8	0	0	0	0	0	0	0	1	0	0
A	AG	20	120	1	1	BA1652	12840	8	7	0	0	0	0	0	0	0	0	0
A	AG	20	120	1	1	BA1652	12850	7	8	2	0	1	0	0	0	0	0	0
A	AG	20	120	1	1	BA1652	12851	8	0	0	0	0	0	0	0	1	0	0
A	AG	20	120	1	1	BA1652	12860	8	7	0	0	0	0	0	0	0	0	0
A	AG	20	120	1	1	BA1652	12893	7	8	2	0	1	0	0	0	0	0	0
A	AG	20	120	1	1	BA1652	12903	8	7	0	0	0	0	0	0	0	0	0
A	AG	20	120	1	1	BA1652	12910	7	0	0	0	0	0	0	0	1	0	0
A	AG	20	120	1	1	BA1652	12912	7	8	2	0	1	0	0	0	0	0	0
A	AG	20	120	1	1	BA1652	12922	8	7	0	0	0	0	0	0	0	0	0
A	AG	20	120	1	1	BA1652	12939	7	0	0	0	0	0	0	0	1	0	0
A	AG	20	120	1	1	BA1652	12941	7	8	2	0	1	0	0	0	0	0	0
A	AG	20	120	1	1	BA1652	12950	8	0	0	0	0	0	0	0	1	0	0
A	AG	20	120	1	1	BA1652	12951	8	7	0	0	0	0	0	0	0	0	0
A	AG	20	120	1	1	BA1652	12968	7	8	2	0	1	0	0	0	0	0	0
A	AG	20	120	1	1	BA1652	12978	8	7	0	0	0	0	0	0	0	0	0
A	AG	20	120	1	1	BA1652	12982	7	0	0	0	0	0	0	0	1	0	0
A	AG	20	120	1	1	BA1652	12988	7	8	2	0	1	0	0	0	0	0	0
A	AG	20	120	1	1	BA1652	12998	8	7	0	0	0	0	0	0	0	0	0
A	AG	20	120	1	1	BA1652	13008	7	0	0	0	0	0	0	0	1	0	0
A	AG	20	120	1	1	BA1652	13033	7	8	2	0	1	0	0	0	0	0	0
A	AG	20	120	1	1	BA1652	13043	8	7	0	0	0	0	0	0	0	0	0
A	AG	20	120	1	1	BA1652	13049	7	0	0	0	0	0	0	0	1	0	0
A	AG	20	120	1	1	BA1652	13065	7	8	2	0	1	0	0	0	0	0	0
A	AG	20	120	1	1	BA1652	13071	8	0	0	0	0	0	0	0	1	0	0
A	AG	20	120	1	1	BA1652	13075	8	7	0	0	0	0	0	0	0	0	0
A	AG	20	120	1	1	BA1652	13185	7	8	2	0	1	0	0	0	0	0	0
A	AG	20	120	1	1	BA1652	13195	8	7	0	0	0	0	0	0	0	0	0
A	AG	20	120	1	1	BA1652	13223	7	0	0	0	0	0	0	0	1	0	0
A	AG	20	120	1	1	BA1652	13256	7	8	2	0	1	0	0	0	0	0	0
A	AG	20	120	1	1	BA1652	13259	8	0	0	0	0	0	0	0	1	0	0
A	AG	20	120	1	1	BA1652	13266	8	7	0	0	0	0	0	0	0	0	0
A	AG	20	120	1	1	BA1652	13288	7	8	2	0	1	0	0	0	0	0	0
A	AG	20	120	1	1	BA1652	13298	8	7	0	0	0	0	0	0	0	0	0
A	AG	20	120	1	1	BA1652	13319	7	0	0	0	0	0	0	0	1	0	0
A	AG	20	120	1	1	BA1652	13323	7	8	2	0	1	0	0	0	0	0	0
A	AG	20	120	1	1	BA1652	13333	8	7	0	0	0	0	0	0	0	0	0
A	AG	20	120	1	1	BA1652	13354	7	0	0	0	0	0	0	0	1	0	0
A	AG	20	120	1	1	BA1652	13359	7	8	2	0	1	0	0	0	0	0	0
A	AG	20	120	1	1	BA1652	13363	8	0	0	0	0	0	0	0	1	0	0
A	AG	20	120	1	1	BA1652	13364	8	0	0	0	1	0	0	0	0	0	0
A	AG	20	120	1	1	BA1652	13367	8	0	0	0	0	0	0	0	1	0	0
A	AG	20	120	1	1	BA1652	13369	8	9	0	0	1	0	0	0	0	0	0
A	AG	20	120	1	1	BA1652	13379	9	10	0	0	0	0	0	0	0	0	0
A	AG	20	120	1	1	BA1652	13384	10	0	0	0	0	0	0	0	1	0	0
A	AG	20	120	1	1	BA1652	13454	10	2	0	0	0	0	0	0	0	0	0
A	AG	20	120	1	1	BA1652	13455	2	6	0	0	0	0	0	0	0	0	0
A	AG	20	120	1	1	BA1652	13579	6	8	2	0	1	0	0	0	0	0	0
A	AG	20	120	1	1	BA1652	13585	8	0	0	0	0	0	0	0	1	0	0
A	AG	20	120	1	1	BA1652	13589	8	7	0	0	0	0	0	0	0	0	0
A	AG	20	120	1	1	BA1652	13590	7	8	2	0	1	0	0	0	0	0	0
A	AG	20	120	1	1	BA1652	13600	8	7	0	0	0	0	0	0	0	0	0
A	AG	20	120	1	1	BA1652	13603	7	0	0	0	0	0	0	0	1	0	0
A	AG	20	120	1	1	BA1652	13637	7	8	2	0	1	0	0	0	0	0	0
A	AG	20	120	1	1	BA1652	13646	8	0	0	0	0	0	0	0	1	0	0
A	AG	20	120	1	1	BA1652	13647	8	7	0	0	0	0	0	0	0	0	0
A	AG	20	120	1	1	BA1652	13804	7	8	2	0	1	0	0	0	0	0	0
A	AG	20	120	1	1	BA1652	13807	8	0	0	0	0	0	0	0	1	0	0
A	AG	20	120	1	1	BA1652	13814	8	7	0	0	0	0	0	0	0	0	0
A	AG	20	120	1	1	BA1652	13842	7	8	2	0	1	0	0	0	0	0	0
A	AG	20	120	1	1	BA1652	13846	8	0	0	0	0	0	0	0	1	0	0
A	AG	20	120	1	1	BA1652	13849	8	0	0	0	1	0	0	0	0	0	0
A	AG	20	120	1	1	BA1652	13852	8	7	0	0	0	0	0	0	0	0	0
A	AG	20	120	1	1	BA1652	13854	7	0	0	0	0	0	0	0	1	0	0
A	AG	20	120	1	1	BA1652	13855	7	8	2	0	1	0	0	0	0	0	0
A	AG	20	120	1	1	BA1652	13859	8	0	0	0	0	0	0	0	1	0	0
A	AG	20	120	1	1	BA1652	13865	8	7	0	0	0	0	0	0	0	0	0
A	AG	20	120	1	1	BA1652	13927	7	8	2	0	1	0	0	0	0	0	0
A	AG	20	120	1	1	BA1652	13933	8	0	0	0	0	0	0	0	1	0	0
A	AG	20	120	1	1	BA1652	13937	8	7	0	0	0	0	0	0	0	0	0
A	AG	20	120	1	1	BA1652	13938	7	8	2	0	1	0	0	0	0	0	0
A	AG	20	120	1	1	BA1652	13948	8	7	0	0	0	0	0	0	0	0	0
A	AG	20	120	1	1	BA1652	13950	7	0	0	0	0	0	0	0	1	0	0
A	AG	20	120	1	1	BA1652	13961	7	8	2	0	1	0	0	0	0	0	0
A	AG	20	120	1	1	BA1652	13970	8	0	0	0	0	0	0	0	1	0	0
A	AG	20	120	1	1	BA1652	13971	8	7	0	0	0	0	0	0	0	0	0
A	AG	20	120	1	1	BA1652	13982	7	8	2	0	1	0	0	0	0	0	0
A	AG	20	120	1	1	BA1652	13992	8	7	0	0	0	0	0	0	0	0	0
A	AG	20	120	1	1	BA1652	14016	7	0	0	0	0	0	0	0	1	0	0
A	AG	20	120	1	1	BA1652	14022	7	8	2	0	1	0	0	0	0	0	0
A	AG	20	120	1	1	BA1652	14032	8	7	0	0	0	0	0	0	0	0	0
A	AG	20	120	1	1	BA1652	14044	7	0	0	0	0	0	0	0	1	0	0
A	AG	20	120	1	1	BA1652	14046	7	8	2	0	1	0	0	0	0	0	0
A	AG	20	120	1	1	BA1652	14051	8	0	0	0	0	0	0	0	1	0	0
A	AG	20	120	1	1	BA1652	14056	8	7	0	0	0	0	0	0	0	0	0
A	AG	20	120	1	1	BA1652	14098	7	8	2	0	1	0	0	0	0	0	0
A	AG	20	120	1	1	BA1652	14105	8	0	0	0	0	0	0	0	1	0	0
A	AG	20	120	1	1	BA1652	14108	8	7	0	0	0	0	0	0	0	0	0
A	AG	20	120	1	1	BA1652	14109	7	8	2	0	1	0	0	0	0	0	0
A	AG	20	120	1	1	BA1652	14117	8	0	0	0	0	0	0	0	1	0	0
A	AG	20	120	1	1	BA1652	14119	8	7	0	0	0	0	0	0	0	0	0
A	AG	20	120	1	1	BA1652	14120	7	8	2	0	1	0	0	0	0	0	0
A	AG	20	120	1	1	BA1652	14130	8	7	0	0	0	0	0	0	0	0	0
A	AG	20	120	1	1	BA1652	14177	7	0	0	0	0	0	0	0	1	0	0
A	AG	20	120	1	1	BA1652	14203	7	8	2	0	1	0	0	0	0	0	0
A	AG	20	120	1	1	BA1652	14213	8	7	0	0	0	0	0	0	0	0	0
A	AG	20	120	1	1	BA1652	14215	7	0	0	0	0	0	0	0	1	0	0
A	AG	20	120	1	1	BA1652	14233	7	8	2	0	1	0	0	0	0	0	0
A	AG	20	120	1	1	BA1652	14240	8	0	0	0	0	0	0	0	1	0	0
A	AG	20	120	1	1	BA1652	14241	8	0	0	0	1	0	0	0	0	0	0
A	AG	20	120	1	1	BA1652	14243	8	7	0	0	0	0	0	0	1	0	0
A	AG	20	120	1	1	BA1652	14244	7	8	2	0	1	0	0	0	0	0	0
A	AG	20	120	1	1	BA1652	14254	8	7	0	0	0	0	0	0	0	0	0
A	AG	20	120	1	1	BA1652	14256	7	0	0	0	0	0	0	0	1	0	0
A	AG	20	120	1	1	BA1652	14260	7	8	2	0	1	0	0	0	0	0	0
A	AG	20	120	1	1	BA1652	14266	8	0	0	0	0	0	0	0	1	0	0
A	AG	20	120	1	1	BA1652	14269	8	0	0	0	1	0	0	0	0	0	0
A	AG	20	120	1	1	BA1652	14270	8	7	0	0	0	0	0	0	0	0	0
A	AG	20	120	1	1	BA1652	14314	7	0	0	0	0	0	0	0	1	0	0
A	AG	20	120	1	1	BA1652	14333	7	8	2	0	1	0	0	0	0	0	0
A	AG	20	120	1	1	BA1652	14337	8	0	0	0	0	0	0	0	1	0	0
A	AG	20	120	1	1	BA1652	14343	8	9	0	0	0	0	0	0	0	0	0
A	AG	20	120	1	1	BA1652	14353	9	10	0	0	0	0	0	0	0	0	0
A	AG	20	120	1	1	BA1652	14428	10	2	0	0	0	0	0	0	0	0	0
A	AG	20	120	1	1	BA1652	14429	2	3	0	0	0	0	0	0	0	0	0
A	AG	20	120	1	1	BA1652	14470	3	5	1	1	0	0	0	0	0	0	0
A	AG	20	120	1	1	BA1652	14480	5	4	0	0	0	0	0	0	0	0	0
A	AG	20	120	1	1	BA1652	14496	4	0	0	0	0	0	0	1	0	0	0
A	AG	20	120	1	1	BA1652	14498	4	5	1	1	0	0	0	0	0	0	0
A	AG	20	120	1	1	BA1652	14508	5	4	0	0	0	0	0	0	0	0	0
A	AG	20	120	1	1	BA1652	14521	4	0	0	0	0	0	0	1	0	0	0
A	AG	20	120	1	1	BA1652	14524	4	5	1	1	0	0	0	0	0	0	0
A	AG	20	120	1	1	BA1652	14534	5	4	0	0	0	0	0	1	0	0	0
A	AG	20	120	1	1	BA1652	14537	4	5	1	1	0	0	0	0	0	0	0
A	AG	20	120	1	1	BA1652	14542	5	0	0	0	0	0	0	1	0	0	0
A	AG	20	120	1	1	BA1652	14547	5	4	0	0	0	0	0	0	0	0	0
A	AG	20	120	1	1	BA1652	14562	4	5	1	1	0	0	0	0	0	0	0
A	AG	20	120	1	1	BA1652	14572	5	9	0	0	0	0	0	0	0	0	0
A	AG	20	120	1	1	BA1652	14581	9	0	0	0	0	0	0	1	0	0	0
A	AG	20	120	1	1	BA1652	14582	9	10	0	0	0	0	0	0	0	0	0
A	AG	20	120	1	1	BA1652	14657	10	2	0	0	0	0	0	0	0	0	0
A	AG	20	120	1	1	BA1652	14658	2	3	0	0	0	0	0	0	0	0	0
A	AG	20	120	1	1	BA1652	14697	3	5	1	1	0	0	0	0	0	0	0
A	AG	20	120	1	1	BA1652	14707	5	4	0	0	0	0	0	0	0	0	0
A	AG	20	120	1	1	BA1652	14713	4	0	0	0	0	0	0	1	0	0	0
A	AG	20	120	1	1	BA1652	14716	4	5	1	1	0	0	0	0	0	0	0
A	AG	20	120	1	1	BA1652	14726	5	4	0	0	0	0	0	0	0	0	0
A	AG	20	120	1	1	BA1652	14735	4	0	0	0	0	0	0	1	0	0	0
A	AG	20	120	1	1	BA1652	14738	4	5	1	1	0	0	0	0	0	0	0
A	AG	20	120	1	1	BA1652	14748	5	4	0	0	0	0	0	0	0	0	0
A	AG	20	120	1	1	BA1652	14806	4	0	0	0	0	0	0	1	0	0	0
A	AG	20	120	1	1	BA1652	14813	4	5	1	1	0	0	0	0	0	0	0
A	AG	20	120	1	1	BA1652	14823	5	4	0	0	0	0	0	0	0	0	0
A	AG	20	120	1	1	BA1652	14829	4	0	0	0	0	0	0	1	0	0	0
A	AG	20	120	1	1	BA1652	14831	4	5	1	1	0	0	0	0	0	0	0
A	AG	20	120	1	1	BA1652	14841	5	9	0	0	0	0	0	0	0	0	0
A	AG	20	120	1	1	BA1652	14844	9	0	0	0	0	0	0	1	0	0	0
A	AG	20	120	1	1	BA1652	14846	9	0	0	1	0	0	0	0	0	0	0
A	AG	20	120	1	1	BA1652	14850	9	0	0	0	0	0	0	1	0	0	0
A	AG	20	120	1	1	BA1652	14851	9	10	0	0	0	0	0	0	0	0	0
A	AG	20	120	1	1	BA1652	14926	10	2	0	0	0	0	0	0	0	0	0
A	AG	20	120	1	1	BA1652	14927	2	3	0	0	0	0	0	0	0	0	0
A	AG	20	120	1	1	BA1652	14977	3	5	1	1	0	0	0	0	0	0	0
A	AG	20	120	1	1	BA1652	14987	5	4	0	0	0	0	0	0	0	0	0
A	AG	20	120	1	1	BA1652	14992	4	0	0	0	0	0	0	1	0	0	0
A	AG	20	120	1	1	BA1652	14994	4	5	1	1	0	0	0	0	0	0	0
A	AG	20	120	1	1	BA1652	15004	5	4	0	0	0	0	0	0	0	0	0
A	AG	20	120	1	1	BA1652	15006	4	5	1	1	0	0	0	1	0	0	0
A	AG	20	120	1	1	BA1652	15012	5	0	0	0	0	0	0	1	0	0	0
A	AG	20	120	1	1	BA1652	15016	5	4	0	1	0	0	0	0	0	0	0
A	AG	20	120	1	1	BA1652	15018	4	0	0	0	0	0	0	1	0	0	0
A	AG	20	120	1	1	BA1652	15021	4	5	1	1	0	0	0	0	0	0	0
A	AG	20	120	1	1	BA1652	15031	5	4	0	0	0	0	0	0	0	0	0
A	AG	20	120	1	1	BA1652	15035	4	0	0	0	0	0	0	1	0	0	0
A	AG	20	120	1	1	BA1652	15055	4	5	1	1	0	0	0	0	0	0	0
A	AG	20	120	1	1	BA1652	15065	5	9	0	0	0	0	0	0	0	0	0
A	AG	20	120	1	1	BA1652	15071	9	0	0	0	0	0	0	1	0	0	0
A	AG	20	120	1	1	BA1652	15075	9	10	0	0	0	0	0	0	0	0	0
A	AG	20	120	1	1	BA1652	15150	10	2	0	0	0	0	0	0	0	0	0
A	AG	20	120	1	1	BA1652	15151	2	6	0	0	0	0	0	0	0	0	0
A	AG	20	120	1	1	BA1652	15358	6	0	0	1	0	0	0	0	0	0	0
A	AG	20	120	1	1	BA1652	15406	6	0	0	0	0	0	0	1	0	0	0
A	AG	20	120	1	1	BA1652	16838	6	8	2	0	1	0	0	0	0	0	0
A	AG	20	120	1	1	BA1652	16848	8	7	0	0	0	0	0	0	0	0	0
A	AG	20	120	1	1	BA1652	16854	7	0	0	0	0	0	0	0	1	0	0
A	AG	20	120	1	1	BA1652	16858	7	8	2	0	1	0	0	0	0	0	0
A	AG	20	120	1	1	BA1652	16862	8	0	0	0	0	0	0	0	1	0	0
A	AG	20	120	1	1	BA1652	16868	8	7	0	0	0	0	0	0	0	0	0
A	AG	20	120	1	1	BA1652	16947	7	8	2	0	1	0	0	0	0	0	0
A	AG	20	120	1	1	BA1652	16951	8	0	0	0	0	0	0	0	1	0	0
A	AG	20	120	1	1	BA1652	16952	8	0	0	0	1	0	0	0	0	0	0
A	AG	20	120	1	1	BA1652	16957	8	7	0	0	0	0	0	0	0	0	0
A	AG	20	120	1	1	BA1652	16958	7	0	0	0	0	0	0	0	1	0	0
A	AG	20	120	1	1	BA1652	16995	7	8	2	0	1	0	0	0	0	0	0
A	AG	20	120	1	1	BA1652	16997	8	0	0	0	0	0	0	0	1	0	0
A	AG	20	120	1	1	BA1652	17005	8	7	0	0	0	0	0	0	0	0	0
A	AG	20	120	1	1	BA1652	17018	7	8	2	0	1	0	0	0	0	0	0
A	AG	20	120	1	1	BA1652	17022	8	0	0	0	0	0	0	0	1	0	0
A	AG	20	120	1	1	BA1652	17028	8	7	0	0	0	0	0	0	0	0	0
A	AG	20	120	1	1	BA1652	17054	7	8	2	0	1	0	0	0	0	0	0
A	AG	20	120	1	1	BA1652	17056	8	0	0	0	0	0	0	0	1	0	0
A	AG	20	120	1	1	BA1652	17064	8	7	0	0	0	0	0	0	0	0	0
A	AG	20	120	1	1	BA1652	17071	7	8	2	0	1	0	0	0	0	0	0
A	AG	20	120	1	1	BA1652	17079	8	0	0	0	0	0	0	0	1	0	0
A	AG	20	120	1	1	BA1652	17081	8	7	0	0	0	0	0	0	0	0	0
A	AG	20	120	1	1	BA1652	17102	7	8	2	0	1	0	0	0	0	0	0
A	AG	20	120	1	1	BA1652	17107	8	0	0	0	0	0	0	0	1	0	0
A	AG	20	120	1	1	BA1652	17110	8	0	0	0	1	0	0	0	0	0	0
A	AG	20	120	1	1	BA1652	17112	8	7	0	0	0	0	0	0	1	0	0
A	AG	20	120	1	1	BA1652	17127	7	8	2	0	1	0	0	0	0	0	0
A	AG	20	120	1	1	BA1652	17135	8	0	0	0	0	0	0	0	1	0	0
A	AG	20	120	1	1	BA1652	17137	8	7	0	0	0	0	0	0	0	0	0
A	AG	20	120	1	1	BA1652	17140	7	8	2	0	1	0	0	0	0	0	0
A	AG	20	120	1	1	BA1652	17150	8	7	0	0	0	0	0	0	0	0	0
A	AG	20	120	1	1	BA1652	17152	7	0	0	0	0	0	0	0	1	0	0
A	AG	20	120	1	1	BA1652	17174	7	8	2	0	1	0	0	0	0	0	0
A	AG	20	120	1	1	BA1652	17176	8	0	0	0	0	0	0	0	1	0	0
A	AG	20	120	1	1	BA1652	17182	8	0	0	0	1	0	0	0	0	0	0
A	AG	20	120	1	1	BA1652	17184	8	7	0	0	0	0	0	0	0	0	0
A	AG	20	120	1	1	BA1652	17195	7	0	0	0	0	0	0	0	1	0	0
A	AG	20	120	1	1	BA1652	17196	7	8	2	0	1	0	0	0	0	0	0
A	AG	20	120	1	1	BA1652	17204	8	0	0	0	0	0	0	0	1	0	0
A	AG	20	120	1	1	BA1652	17206	8	7	0	0	0	0	0	0	0	0	0
A	AG	20	120	1	1	BA1652	17208	7	8	2	0	1	0	0	0	0	0	0
A	AG	20	120	1	1	BA1652	17216	8	0	0	0	0	0	0	0	1	0	0
A	AG	20	120	1	1	BA1652	17218	8	7	0	0	0	0	0	0	0	0	0
A	AG	20	120	1	1	BA1652	17219	7	8	2	0	1	0	0	0	0	0	0
A	AG	20	120	1	1	BA1652	17229	8	7	0	0	0	0	0	0	0	0	0
A	AG	20	120	1	1	BA1652	17252	7	0	0	0	0	0	0	0	1	0	0
A	AG	20	120	1	1	BA1652	17272	7	8	2	0	1	0	0	0	0	0	0
A	AG	20	120	1	1	BA1652	17281	8	0	0	0	1	0	0	0	1	0	0
A	AG	20	120	1	1	BA1652	17282	8	7	0	0	0	0	0	0	0	0	0
A	AG	20	120	1	1	BA1652	17294	7	0	0	0	0	0	0	0	1	0	0
A	AG	20	120	1	1	BA1652	17301	7	8	2	0	1	0	0	0	0	0	0
A	AG	20	120	1	1	BA1652	17311	8	7	0	0	0	0	0	0	1	0	0
A	AG	20	120	1	1	BA1652	17333	7	8	2	0	1	0	0	0	0	0	0
A	AG	20	120	1	1	BA1652	17337	8	0	0	0	0	0	0	0	1	0	0
A	AG	20	120	1	1	BA1652	17343	8	7	0	0	1	0	0	0	0	0	0
A	AG	20	120	1	1	BA1652	17346	7	0	0	0	0	0	0	0	1	0	0
A	AG	20	120	1	1	BA1652	17355	7	8	2	0	1	0	0	0	0	0	0
A	AG	20	120	1	1	BA1652	17365	8	7	0	0	0	0	0	0	0	0	0
A	AG	20	120	1	1	BA1652	17366	7	0	0	0	0	0	0	0	1	0	0
A	AG	20	120	1	1	BA1652	17388	7	8	2	0	1	0	0	0	0	0	0
A	AG	20	120	1	1	BA1652	17398	8	7	0	0	0	0	0	0	0	0	0
A	AG	20	120	1	1	BA1652	17401	7	0	0	0	0	0	0	0	1	0	0
A	AG	20	120	1	1	BA1652	17404	7	8	2	0	1	0	0	0	0	0	0
A	AG	20	120	1	1	BA1652	17414	8	9	0	0	0	0	0	0	0	0	0
A	AG	20	120	1	1	BA1652	17417	9	0	0	0	0	0	0	0	1	0	0
A	AG	20	120	1	1	BA1652	17424	9	10	0	0	0	0	0	0	0	0	0
A	AG	20	120	1	1	BA1652	17499	10	2	0	0	0	0	0	0	0	0	0
A	AG	20	120	1	1	BA1652	17500	2	6	0	0	0	0	0	0	0	0	0
A	AG	20	120	1	1	BA1652	17616	6	8	2	0	1	0	0	0	0	0	0
A	AG	20	120	1	1	BA1652	17624	8	0	0	0	0	0	0	0	1	0	0
A	AG	20	120	1	1	BA1652	17626	8	7	0	0	0	0	0	0	0	0	0
A	AG	20	120	1	1	BA1652	17637	7	8	2	0	1	0	0	0	0	0	0
A	AG	20	120	1	1	BA1652	17639	8	0	0	0	0	0	0	0	1	0	0
A	AG	20	120	1	1	BA1652	17647	8	7	0	0	0	0	0	0	0	0	0
A	AG	20	120	1	1	BA1652	17664	7	8	2	0	1	0	0	0	0	0	0
A	AG	20	120	1	1	BA1652	17670	8	0	0	0	0	0	0	0	1	0	0
A	AG	20	120	1	1	BA1652	17674	8	7	0	0	1	0	0	0	0	0	0
A	AG	20	120	1	1	BA1652	17702	7	0	0	0	0	0	0	0	1	0	0
A	AG	20	120	1	1	BA1652	17707	7	8	2	0	1	0	0	0	0	0	0
A	AG	20	120	1	1	BA1652	17717	8	7	0	0	0	0	0	0	0	0	0
A	AG	20	120	1	1	BA1652	17764	7	0	0	0	0	0	0	0	1	0	0
A	AG	20	120	1	1	BA1652	17769	7	8	2	0	1	0	0	0	0	0	0
A	AG	20	120	1	1	BA1652	17779	8	7	0	0	0	0	0	0	0	0	0
A	AG	20	120	1	1	BA1652	17790	7	0	0	0	0	0	0	0	1	0	0
A	AG	20	120	1	1	BA1652	17791	7	8	2	0	1	0	0	0	0	0	0
A	AG	20	120	1	1	BA1652	17801	8	7	0	0	0	0	0	0	0	0	0
A	AG	20	120	1	1	BA1652	17839	7	0	0	0	0	0	0	0	1	0	0
A	AG	20	120	1	1	BA1652	17843	7	8	2	0	1	0	0	0	0	0	0
A	AG	20	120	1	1	BA1652	17853	8	7	0	0	0	0	0	0	0	0	0
A	AG	20	120	1	1	BA1652	17857	7	0	0	0	0	0	0	0	1	0	0
A	AG	20	120	1	1	BA1652	17865	7	8	2	0	1	0	0	0	0	0	0
A	AG	20	120	1	1	BA1652	17875	8	7	0	0	0	0	0	0	0	0	0
A	AG	20	120	1	1	BA1652	17876	7	0	0	0	0	0	0	0	1	0	0
A	AG	20	120	1	1	BA1652	17897	7	8	2	0	1	0	0	0	0	0	0
A	AG	20	120	1	1	BA1652	17900	8	0	0	0	0	0	0	0	1	0	0
A	AG	20	120	1	1	BA1652	17907	8	7	0	0	0	0	0	0	0	0	0
A	AG	20	120	1	1	BA1652	17928	7	8	2	0	1	0	0	0	0	0	0
A	AG	20	120	1	1	BA1652	17938	8	7	0	0	0	0	0	0	0	0	0
A	AG	20	120	1	1	BA1652	17955	7	0	0	0	0	0	0	0	1	0	0
A	AG	20	120	1	1	BA1652	17957	7	8	2	0	1	0	0	0	0	0	0
A	AG	20	120	1	1	BA1652	17961	8	0	0	0	0	0	0	0	1	0	0
A	AG	20	120	1	1	BA1652	17967	8	7	0	0	0	0	0	0	0	0	0
A	AG	20	120	1	1	BA1652	18005	7	8	2	0	1	0	0	0	0	0	0
A	AG	20	120	1	1	BA1652	18011	8	0	0	0	0	0	0	0	1	0	0
A	AG	20	120	1	1	BA1652	18015	8	7	0	0	0	0	0	0	0	0	0
A	AG	20	120	1	1	BA1652	18021	7	8	2	0	1	0	0	0	0	0	0
A	AG	20	120	1	1	BA1652	18025	8	0	0	0	0	0	0	0	1	0	0
A	AG	20	120	1	1	BA1652	18031	8	7	0	0	0	0	0	0	0	0	0
A	AG	20	120	1	1	BA1652	18041	7	8	2	0	1	0	0	0	0	0	0
A	AG	20	120	1	1	BA1652	18044	8	0	0	0	0	0	0	0	1	0	0
A	AG	20	120	1	1	BA1652	18045	8	0	0	0	1	0	0	0	0	0	0
A	AG	20	120	1	1	BA1652	18051	8	7	0	0	0	0	0	0	1	0	0
A	AG	20	120	1	1	BA1652	18058	7	8	2	0	1	0	0	0	0	0	0
A	AG	20	120	1	1	BA1652	18065	8	0	0	0	0	0	0	0	1	0	0
A	AG	20	120	1	1	BA1652	18068	8	7	0	0	0	0	0	0	0	0	0
A	AG	20	120	1	1	BA1652	18144	7	8	2	0	1	0	0	0	0	0	0
A	AG	20	120	1	1	BA1652	18154	8	7	0	0	0	0	0	0	0	0	0
A	AG	20	120	1	1	BA1652	18172	7	0	0	0	0	0	0	0	1	0	0
A	AG	20	120	1	1	BA1652	18175	7	8	2	0	1	0	0	0	0	0	0
A	AG	20	120	1	1	BA1652	18183	8	0	0	0	0	0	0	0	1	0	0
A	AG	20	120	1	1	BA1652	18185	8	7	0	0	1	0	0	0	0	0	0
A	AG	20	120	1	1	BA1652	18215	7	0	0	0	0	0	0	0	1	0	0
A	AG	20	120	1	1	BA1652	18223	7	8	2	0	1	0	0	0	0	0	0
A	AG	20	120	1	1	BA1652	18230	8	0	0	0	0	0	0	0	1	0	0
A	AG	20	120	1	1	BA1652	18233	8	7	0	0	0	0	0	0	0	0	0
A	AG	20	120	1	1	BA1652	18241	7	8	2	0	1	0	0	0	0	0	0
A	AG	20	120	1	1	BA1652	18251	8	7	0	0	0	0	0	0	0	0	0
A	AG	20	120	1	1	BA1652	18272	7	0	0	0	0	0	0	0	1	0	0
A	AG	20	120	1	1	BA1652	18277	7	8	2	0	1	0	0	0	0	0	0
A	AG	20	120	1	1	BA1652	18278	8	0	0	0	0	0	0	0	1	0	0
A	AG	20	120	1	1	BA1652	18287	8	9	0	0	0	0	0	0	0	0	0
A	AG	20	120	1	1	BA1652	18297	9	10	0	0	0	0	0	0	0	0	0
A	AG	20	120	1	1	BA1652	18372	10	2	0	0	0	0	0	0	0	0	0
A	AG	20	120	1	1	BA1652	18373	2	6	0	0	0	0	0	0	0	0	0
A	AG	20	120	1	1	BA1652	18574	6	8	2	0	1	0	0	0	0	0	0
A	AG	20	120	1	1	BA1652	18581	8	0	0	0	0	0	0	0	1	0	0
A	AG	20	120	1	1	BA1652	18584	8	7	0	0	0	0	0	0	0	0	0
A	AG	20	120	1	1	BA1652	18611	7	8	2	0	1	0	0	0	0	0	0
A	AG	20	120	1	1	BA1652	18614	8	0	0	0	0	0	0	0	1	0	0
A	AG	20	120	1	1	BA1652	18621	8	7	0	0	0	0	0	0	0	0	0
A	AG	20	120	1	1	BA1652	18764	7	8	2	0	1	0	0	0	0	0	0
A	AG	20	120	1	1	BA1652	18773	8	0	0	0	0	0	0	0	1	0	0
A	AG	20	120	1	1	BA1652	18774	8	7	0	0	0	0	0	0	0	0	0
A	AG	20	120	1	1	BA1652	18778	7	8	2	0	1	0	0	0	0	0	0
A	AG	20	120	1	1	BA1652	18786	8	0	0	0	0	0	0	0	1	0	0
A	AG	20	120	1	1	BA1652	18788	8	7	0	0	0	0	0	0	0	0	0
A	AG	20	120	1	1	BA1652	18796	7	8	2	0	1	0	0	0	0	0	0
A	AG	20	120	1	1	BA1652	18799	8	0	0	0	0	0	0	0	1	0	0
A	AG	20	120	1	1	BA1652	18806	8	7	0	0	1	0	0	0	0	0	0
A	AG	20	120	1	1	BA1652	18808	7	0	0	0	0	0	0	0	1	0	0
A	AG	20	120	1	1	BA1652	18811	7	8	2	0	1	0	0	0	0	0	0
A	AG	20	120	1	1	BA1652	18814	8	0	0	0	0	0	0	0	1	0	0
A	AG	20	120	1	1	BA1652	18821	8	7	0	0	0	0	0	0	0	0	0
A	AG	20	120	1	1	BA1652	18833	7	8	2	0	1	0	0	0	0	0	0
A	AG	20	120	1	1	BA1652	18843	8	7	0	0	0	0	0	0	0	0	0
A	AG	20	120	1	1	BA1652	18856	7	0	0	0	0	0	0	0	1	0	0
A	AG	20	120	1	1	BA1652	18859	7	8	2	0	1	0	0	0	0	0	0
A	AG	20	120	1	1	BA1652	18863	8	0	0	0	0	0	0	0	1	0	0
A	AG	20	120	1	1	BA1652	18866	8	0	0	0	1	0	0	0	0	0	0
A	AG	20	120	1	1	BA1652	18869	8	7	0	0	0	0	0	0	0	0	0
A	AG	20	120	1	1	BA1652	18882	7	0	0	0	0	0	0	0	1	0	0
A	AG	20	120	1	1	BA1652	18888	7	8	2	0	1	0	0	0	0	0	0
A	AG	20	120	1	1	BA1652	18894	8	0	0	0	0	0	0	0	1	0	0
A	AG	20	120	1	1	BA1652	18898	8	7	0	0	0	0	0	0	0	0	0
A	AG	20	120	1	1	BA1652	18928	7	8	2	0	1	0	0	0	0	0	0
A	AG	20	120	1	1	BA1652	18929	8	0	0	0	0	0	0	0	1	0	0
A	AG	20	120	1	1	BA1652	18932	8	0	0	0	1	0	0	0	0	0	0
A	AG	20	120	1	1	BA1652	18938	8	7	0	0	0	0	0	0	0	0	0
A	AG	20	120	1	1	BA1652	18939	7	0	0	0	0	0	0	0	1	0	0
A	AG	20	120	1	1	BA1652	18949	7	8	2	0	1	0	0	0	0	0	0
A	AG	20	120	1	1	BA1652	18953	8	0	0	0	0	0	0	0	1	0	0
A	AG	20	120	1	1	BA1652	18959	8	7	0	0	0	0	0	0	0	0	0
A	AG	20	120	1	1	BA1652	18968	7	8	2	0	1	0	0	0	0	0	0
A	AG	20	120	1	1	BA1652	18970	8	0	0	0	0	0	0	0	1	0	0
A	AG	20	120	1	1	BA1652	18978	8	7	0	0	0	0	0	0	0	0	0
A	AG	20	120	1	1	BA1652	18979	7	8	2	0	1	0	0	0	0	0	0
A	AG	20	120	1	1	BA1652	18982	8	0	0	0	0	0	0	0	1	0	0
A	AG	20	120	1	1	BA1652	18985	8	0	0	0	1	0	0	0	0	0	0
A	AG	20	120	1	1	BA1652	18989	8	7	0	0	0	0	0	0	1	0	0
A	AG	20	120	1	1	BA1652	18991	7	8	2	0	1	0	0	0	0	0	0
A	AG	20	120	1	1	BA1652	19001	8	7	0	0	0	0	0	0	0	0	0
A	AG	20	120	1	1	BA1652	19011	7	0	0	0	0	0	0	0	1	0	0
A	AG	20	120	1	1	BA1652	19013	7	8	2	0	1	0	0	0	0	0	0
A	AG	20	120	1	1	BA1652	19021	8	0	0	0	0	0	0	0	1	0	0
A	AG	20	120	1	1	BA1652	19023	8	7	0	0	0	0	0	0	0	0	0
A	AG	20	120	1	1	BA1652	19026	7	8	2	0	1	0	0	0	0	0	0
A	AG	20	120	1	1	BA1652	19036	8	7	0	0	0	0	0	0	0	0	0
A	AG	20	120	1	1	BA1652	19037	7	0	0	0	0	0	0	0	1	0	0
A	AG	20	120	1	1	BA1652	19041	7	8	2	0	1	0	0	0	0	0	0
A	AG	20	120	1	1	BA1652	19051	8	7	0	0	0	0	0	0	0	0	0
A	AG	20	120	1	1	BA1652	19063	7	0	0	0	0	0	0	0	1	0	0
A	AG	20	120	1	1	BA1652	19067	7	8	2	0	1	0	0	0	0	0	0
A	AG	20	120	1	1	BA1652	19077	8	7	0	0	0	0	0	0	0	0	0
A	AG	20	120	1	1	BA1652	19079	7	0	0	0	0	0	0	0	1	0	0
A	AG	20	120	1	1	BA1652	19084	7	8	2	0	1	0	0	0	0	0	0
A	AG	20	120	1	1	BA1652	19094	8	7	0	0	0	0	0	0	0	0	0
A	AG	20	120	1	1	BA1652	19095	7	0	0	0	0	0	0	0	1	0	0
A	AG	20	120	1	1	BA1652	19097	7	8	2	0	1	0	0	0	0	0	0
A	AG	20	120	1	1	BA1652	19107	8	9	0	0	0	0	0	0	0	0	0
A	AG	20	120	1	1	BA1652	19117	9	10	0	0	0	0	0	0	0	0	0
A	AG	20	120	1	1	BA1652	19119	10	0	0	0	0	0	0	0	1	0	0
A	AG	20	120	1	1	BA1652	19192	10	2	0	0	0	0	0	0	0	0	0
A	AG	20	120	1	1	BA1652	19193	2	3	0	0	0	0	0	0	0	0	0
A	AG	20	120	1	1	BA1652	19236	3	5	1	1	0	0	0	0	0	0	0
A	AG	20	120	1	1	BA1652	19246	5	4	0	0	0	0	0	0	0	0	0
A	AG	20	120	1	1	BA1652	19250	4	0	0	0	0	0	0	1	0	0	0
A	AG	20	120	1	1	BA1652	19251	4	5	1	1	0	0	0	0	0	0	0
A	AG	20	120	1	1	BA1652	19255	5	0	0	0	0	0	0	1	0	0	0
A	AG	20	120	1	1	BA1652	19257	5	0	0	1	0	0	0	0	0	0	0
A	AG	20	120	1	1	BA1652	19261	5	4	0	0	0	0	0	0	0	0	0
A	AG	20	120	1	1	BA1652	19268	4	0	0	0	0	0	0	1	0	0	0
A	AG	20	120	1	1	BA1652	19272	4	5	1	1	0	0	0	0	0	0	0
A	AG	20	120	1	1	BA1652	19279	5	0	0	0	0	0	0	1	0	0	0
A	AG	20	120	1	1	BA1652	19281	5	0	0	1	0	0	0	0	0	0	0
A	AG	20	120	1	1	BA1652	19282	5	4	0	0	0	0	0	0	0	0	0
A	AG	20	120	1	1	BA1652	19285	4	0	0	0	0	0	0	1	0	0	0
A	AG	20	120	1	1	BA1652	19294	4	5	1	1	0	0	0	0	0	0	0
A	AG	20	120	1	1	BA1652	19303	5	0	0	0	0	0	0	1	0	0	0
A	AG	20	120	1	1	BA1652	19304	5	4	0	0	0	0	0	0	0	0	0
A	AG	20	120	1	1	BA1652	19307	4	5	1	1	0	0	0	0	0	0	0
A	AG	20	120	1	1	BA1652	19317	5	9	0	0	0	0	0	0	0	0	0
A	AG	20	120	1	1	BA1652	19324	9	0	0	0	0	0	0	1	0	0	0
A	AG	20	120	1	1	BA1652	19327	9	10	0	0	0	0	0	0	0	0	0
A	AG	20	120	1	1	BA1652	19402	10	2	0	0	0	0	0	0	0	0	0
A	AG	20	120	1	1	BA1652	19403	2	3	0	0	0	0	0	0	0	0	0
A	AG	20	120	1	1	BA1652	19453	3	5	1	1	0	0	0	0	0	0	0
A	AG	20	120	1	1	BA1652	19463	5	4	0	0	0	0	0	0	0	0	0
A	AG	20	120	1	1	BA1652	19467	4	0	0	0	0	0	0	1	0	0	0
A	AG	20	120	1	1	BA1652	19473	4	5	1	1	0	0	0	0	0	0	0
A	AG	20	120	1	1	BA1652	19483	5	4	0	0	0	0	0	0	0	0	0
A	AG	20	120	1	1	BA1652	19490	4	0	0	0	0	0	0	1	0	0	0
A	AG	20	120	1	1	BA1652	19499	4	5	1	1	0	0	0	0	0	0	0
A	AG	20	120	1	1	BA1652	19509	5	4	0	0	0	0	0	0	0	0	0
A	AG	20	120	1	1	BA1652	19514	4	0	0	0	0	0	0	1	0	0	0
A	AG	20	120	1	1	BA1652	19520	4	5	1	1	0	0	0	0	0	0	0
A	AG	20	120	1	1	BA1652	19530	5	4	0	0	0	0	0	0	0	0	0
A	AG	20	120	1	1	BA1652	19533	4	0	0	0	0	0	0	1	0	0	0
A	AG	20	120	1	1	BA1652	19534	4	5	1	1	0	0	0	0	0	0	0
A	AG	20	120	1	1	BA1652	19537	5	0	0	0	0	0	0	1	0	0	0
A	AG	20	120	1	1	BA1652	19539	5	0	0	1	0	0	0	0	0	0	0
A	AG	20	120	1	1	BA1652	19544	5	9	0	0	0	0	0	0	0	0	0
A	AG	20	120	1	1	BA1652	19554	9	10	0	0	0	0	0	1	0	0	0
A	AG	20	120	1	1	BA1652	19558	10	0	0	1	0	0	0	0	0	0	0
A	AG	20	120	1	1	BA1652	19564	10	0	0	0	0	0	0	1	0	0	0
A	AG	20	120	1	1	BA1652	19629	10	2	0	0	0	0	0	0	0	0	0
A	AG	20	120	1	1	BA1652	19630	2	3	0	0	0	0	0	0	0	0	0
A	AG	20	120	1	1	BA1652	19686	3	5	1	1	0	0	0	0	0	0	0
A	AG	20	120	1	1	BA1652	19696	5	4	0	0	0	0	0	0	0	0	0
A	AG	20	120	1	1	BA1652	19707	4	0	0	0	0	0	0	1	0	0	0
A	AG	20	120	1	1	BA1652	19710	4	5	1	1	0	0	0	0	0	0	0
A	AG	20	120	1	1	BA1652	19715	5	0	0	0	0	0	0	1	0	0	0
A	AG	20	120	1	1	BA1652	19716	5	0	0	1	0	0	0	0	0	0	0
A	AG	20	120	1	1	BA1652	19720	5	4	0	0	0	0	0	0	0	0	0
A	AG	20	120	1	1	BA1652	19733	4	0	0	0	0	0	0	1	0	0	0
A	AG	20	120	1	1	BA1652	19746	4	5	1	1	0	0	0	0	0	0	0
A	AG	20	120	1	1	BA1652	19752	5	0	0	0	0	0	0	1	0	0	0
A	AG	20	120	1	1	BA1652	19753	5	0	0	1	0	0	0	0	0	0	0
A	AG	20	120	1	1	BA1652	19756	5	4	0	0	0	0	0	0	0	0	0
A	AG	20	120	1	1	BA1652	19805	4	0	0	0	0	0	0	1	0	0	0
A	AG	20	120	1	1	BA1652	19808	4	5	1	1	0	0	0	0	0	0	0
A	AG	20	120	1	1	BA1652	19818	5	4	0	0	0	0	0	0	0	0	0
A	AG	20	120	1	1	BA1652	19820	4	0	0	0	0	0	0	1	0	0	0
A	AG	20	120	1	1	BA1652	19866	4	5	1	1	0	0	0	0	0	0	0
A	AG	20	120	1	1	BA1652	19876	5	9	0	0	0	0	0	0	0	0	0
A	AG	20	120	1	1	BA1652	19886	9	10	0	0	0	0	0	0	0	0	0
A	AG	20	120	1	1	BA1652	19887	10	0	0	0	0	0	0	1	0	0	0
A	AG	20	120	1	1	BA1652	19961	10	2	0	0	0	0	0	0	0	0	0
A	AG	20	120	1	1	BA1652	19962	2	6	0	0	0	0	0	0	0	0	0
A	AG	20	120	1	1	BA1652	20838	6	8	2	0	1	0	0	0	0	0	0
A	AG	20	120	1	1	BA1652	20848	8	7	0	0	0	0	0	0	0	0	0
A	AG	20	120	1	1	BA1652	20865	7	0	0	0	0	0	0	0	1	0	0
A	AG	20	120	1	1	BA1652	21055	7	8	2	0	1	0	0	0	0	0	0
A	AG	20	120	1	1	BA1652	21056	8	0	0	0	0	0	0	0	1	0	0
A	AG	20	120	1	1	BA1652	21065	8	7	0	0	0	0	0	0	0	0	0
A	AG	20	120	1	1	BA1652	21196	7	8	2	0	1	0	0	0	0	0	0
A	AG	20	120	1	1	BA1652	21204	8	0	0	0	0	0	0	0	1	0	0
A	AG	20	120	1	1	BA1652	21206	8	7	0	0	0	0	0	0	0	0	0
A	AG	20	120	1	1	BA1652	21236	7	8	2	0	1	0	0	0	0	0	0
A	AG	20	120	1	1	BA1652	21246	8	7	0	0	0	0	0	0	0	0	0
A	AG	20	120	1	1	BA1652	21247	7	0	0	0	0	0	0	0	1	0	0
A	AG	20	120	1	1	BA1652	21327	7	8	2	0	1	0	0	0	0	0	0
A	AG	20	120	1	1	BA1652	21337	8	7	0	0	0	0	0	0	0	0	0
A	AG	20	120	1	1	BA1652	21344	7	0	0	0	0	0	0	0	1	0	0
A	AG	20	120	1	1	BA1652	21366	7	8	2	0	1	0	0	0	0	0	0
A	AG	20	120	1	1	BA1652	21370	8	0	0	0	0	0	0	0	1	0	0
A	AG	20	120	1	1	BA1652	21376	8	7	0	0	0	0	0	0	0	0	0
A	AG	20	120	1	1	BA1652	21380	7	8	2	0	1	0	0	0	0	0	0
A	AG	20	120	1	1	BA1652	21382	8	0	0	0	0	0	0	0	1	0	0
A	AG	20	120	1	1	BA1652	21390	8	7	0	0	0	0	0	0	0	0	0
A	AG	20	120	1	1	BA1652	21400	7	8	2	0	1	0	0	0	0	0	0
A	AG	20	120	1	1	BA1652	21410	8	7	0	0	0	0	0	0	0	0	0
A	AG	20	120	1	1	BA1652	21415	7	0	0	0	0	0	0	0	1	0	0
A	AG	20	120	1	1	BA1652	21455	7	8	2	0	1	0	0	0	0	0	0
A	AG	20	120	1	1	BA1652	21465	8	7	0	0	0	0	0	0	0	0	0
A	AG	20	120	1	1	BA1652	21477	7	0	0	0	0	0	0	0	1	0	0
A	AG	20	120	1	1	BA1652	21480	7	8	2	0	1	0	0	0	0	0	0
A	AG	20	120	1	1	BA1652	21481	8	0	0	0	0	0	0	0	1	0	0
A	AG	20	120	1	1	BA1652	21482	8	0	0	0	1	0	0	0	0	0	0
A	AG	20	120	1	1	BA1652	21490	8	7	0	0	0	0	0	0	0	0	0
A	AG	20	120	1	1	BA1652	21498	7	0	0	0	0	0	0	0	1	0	0
A	AG	20	120	1	1	BA1652	21502	7	8	2	0	1	0	0	0	0	0	0
A	AG	20	120	1	1	BA1652	21512	8	7	0	0	0	0	0	0	0	0	0
A	AG	20	120	1	1	BA1652	21538	7	0	0	0	0	0	0	0	1	0	0
A	AG	20	120	1	1	BA1652	21545	7	8	2	0	1	0	0	0	0	0	0
A	AG	20	120	1	1	BA1652	21555	8	7	0	0	0	0	0	0	1	0	0
A	AG	20	120	1	1	BA1652	21557	7	8	2	0	1	0	0	0	0	0	0
A	AG	20	120	1	1	BA1652	21567	8	7	0	0	0	0	0	0	0	0	0
A	AG	20	120	1	1	BA1652	21568	7	0	0	0	0	0	0	0	1	0	0
A	AG	20	120	1	1	BA1652	21577	7	8	2	0	1	0	0	0	0	0	0
A	AG	20	120	1	1	BA1652	21580	8	0	0	0	0	0	0	0	1	0	0
A	AG	20	120	1	1	BA1652	21587	8	7	0	0	0	0	0	0	0	0	0
A	AG	20	120	1	1	BA1652	21593	7	8	2	0	1	0	0	0	0	0	0
A	AG	20	120	1	1	BA1652	21596	8	0	0	0	0	0	0	0	1	0	0
A	AG	20	120	1	1	BA1652	21603	8	7	0	0	0	0	0	0	0	0	0
A	AG	20	120	1	1	BA1652	21636	7	8	2	0	1	0	0	0	0	0	0
A	AG	20	120	1	1	BA1652	21646	8	7	0	0	0	0	0	0	0	0	0
A	AG	20	120	1	1	BA1652	21651	7	0	0	0	0	0	0	0	1	0	0
A	AG	20	120	1	1	BA1652	21668	7	8	2	0	1	0	0	0	0	0	0
A	AG	20	120	1	1	BA1652	21672	8	0	0	0	0	0	0	0	1	0	0
A	AG	20	120	1	1	BA1652	21678	8	7	0	0	1	0	0	0	0	0	0
A	AG	20	120	1	1	BA1652	21680	7	0	0	0	0	0	0	0	1	0	0
A	AG	20	120	1	1	BA1652	21684	7	8	2	0	1	0	0	0	0	0	0
A	AG	20	120	1	1	BA1652	21687	8	0	0	0	0	0	0	0	1	0	0
A	AG	20	120	1	1	BA1652	21694	8	7	0	0	0	0	0	0	0	0	0
A	AG	20	120	1	1	BA1652	21761	7	8	2	0	1	0	0	0	0	0	0
A	AG	20	120	1	1	BA1652	21771	8	7	0	0	0	0	0	0	1	0	0
A	AG	20	120	1	1	BA1652	21773	7	8	2	0	1	0	0	0	0	0	0
A	AG	20	120	1	1	BA1652	21783	8	9	0	0	0	0	0	0	0	0	0
A	AG	20	120	1	1	BA1652	21788	9	0	0	0	0	0	0	0	1	0	0
A	AG	20	120	1	1	BA1652	21793	9	10	0	0	0	0	0	0	0	0	0
A	AG	20	120	1	1	BA1652	21795	10	0	0	0	1	0	0	0	0	0	0
A	AG	20	120	1	1	BA1652	21797	10	0	0	0	0	0	0	0	1	0	0
A	AG	20	120	1	1	BA1652	21868	10	2	0	0	0	0	0	0	0	0	0
A	AG	20	120	1	1	BA1652	21869	2	6	0	0	0	0	0	0	0	0	0
A	AG	20	120	1	1	BA1652	22086	6	8	2	0	1	0	0	0	0	0	0
A	AG	20	120	1	1	BA1652	22088	8	0	0	0	0	0	0	0	1	0	0
A	AG	20	120	1	1	BA1652	22096	8	7	0	0	0	0	0	0	0	0	0
A	AG	20	120	1	1	BA1652	22178	7	8	2	0	1	0	0	0	0	0	0
A	AG	20	120	1	1	BA1652	22188	8	7	0	0	0	0	0	0	0	0	0
A	AG	20	120	1	1	BA1652	22189	7	0	0	0	0	0	0	0	1	0	0
A	AG	20	120	1	1	BA1652	22192	7	8	2	0	1	0	0	0	0	0	0
A	AG	20	120	1	1	BA1652	22202	8	7	0	0	0	0	0	0	0	0	0
A	AG	20	120	1	1	BA1652	22228	7	0	0	0	0	0	0	0	1	0	0
A	AG	20	120	1	1	BA1652	22239	7	8	2	0	1	0	0	0	0	0	0
A	AG	20	120	1	1	BA1652	22246	8	0	0	0	0	0	0	0	1	0	0
A	AG	20	120	1	1	BA1652	22249	8	7	0	0	0	0	0	0	0	0	0
A	AG	20	120	1	1	BA1652	22291	7	8	2	0	1	0	0	0	0	0	0
A	AG	20	120	1	1	BA1652	22301	8	7	0	0	0	0	0	0	0	0	0
A	AG	20	120	1	1	BA1652	22315	7	0	0	0	0	0	0	0	1	0	0
A	AG	20	120	1	1	BA1652	22318	7	8	2	0	1	0	0	0	0	0	0
A	AG	20	120	1	1	BA1652	22328	8	7	0	0	0	0	0	0	0	0	0
A	AG	20	120	1	1	BA1652	22338	7	0	0	0	0	0	0	0	1	0	0
A	AG	20	120	1	1	BA1652	22342	7	8	2	0	1	0	0	0	0	0	0
A	AG	20	120	1	1	BA1652	22350	8	0	0	0	0	0	0	0	1	0	0
A	AG	20	120	1	1	BA1652	22352	8	7	0	0	0	0	0	0	0	0	0
A	AG	20	120	1	1	BA1652	22353	7	8	2	0	1	0	0	0	0	0	0
A	AG	20	120	1	1	BA1652	22363	8	7	0	0	0	0	0	0	0	0	0
A	AG	20	120	1	1	BA1652	22389	7	0	0	0	0	0	0	0	1	0	0
A	AG	20	120	1	1	BA1652	22490	7	8	2	0	1	0	0	0	0	0	0
A	AG	20	120	1	1	BA1652	22495	8	0	0	0	0	0	0	0	1	0	0
A	AG	20	120	1	1	BA1652	22500	8	7	0	0	0	0	0	0	0	0	0
A	AG	20	120	1	1	BA1652	22555	7	8	2	0	1	0	0	0	0	0	0
A	AG	20	120	1	1	BA1652	22562	8	0	0	0	1	0	0	0	1	0	0
A	AG	20	120	1	1	BA1652	22565	8	7	0	0	0	0	0	0	0	0	0
A	AG	20	120	1	1	BA1652	22569	7	0	0	0	0	0	0	0	1	0	0
A	AG	20	120	1	1	BA1652	22572	7	8	2	0	1	0	0	0	0	0	0
A	AG	20	120	1	1	BA1652	22579	8	0	0	0	0	0	0	0	1	0	0
A	AG	20	120	1	1	BA1652	22581	8	0	0	0	1	0	0	0	0	0	0
A	AG	20	120	1	1	BA1652	22582	8	7	0	0	0	0	0	0	0	0	0
A	AG	20	120	1	1	BA1652	22609	7	0	0	0	0	0	0	0	1	0	0
A	AG	20	120	1	1	BA1652	22746	7	8	2	0	1	0	0	0	0	0	0
A	AG	20	120	1	1	BA1652	22755	8	0	0	0	0	0	0	0	1	0	0
A	AG	20	120	1	1	BA1652	22756	8	7	0	0	0	0	0	0	0	0	0
A	AG	20	120	1	1	BA1652	22769	7	8	2	0	1	0	0	0	0	0	0
A	AG	20	120	1	1	BA1652	22771	8	0	0	0	0	0	0	0	1	0	0
A	AG	20	120	1	1	BA1652	22779	8	7	0	0	0	0	0	0	0	0	0
A	AG	20	120	1	1	BA1652	22820	7	8	2	0	1	0	0	0	0	0	0
A	AG	20	120	1	1	BA1652	22830	8	7	0	0	0	0	0	0	0	0	0
A	AG	20	120	1	1	BA1652	22831	7	0	0	0	0	0	0	0	1	0	0
A	AG	20	120	1	1	BA1652	22836	7	8	2	0	1	0	0	0	0	0	0
A	AG	20	120	1	1	BA1652	22846	8	7	0	0	0	0	0	0	0	0	0
A	AG	20	120	1	1	BA1652	22851	7	0	0	0	0	0	0	0	1	0	0
A	AG	20	120	1	1	BA1652	22852	7	8	2	0	1	0	0	0	0	0	0
A	AG	20	120	1	1	BA1652	22862	8	7	0	0	0	0	0	0	1	0	0
A	AG	20	120	1	1	BA1652	22868	7	8	2	0	1	0	0	0	0	0	0
A	AG	20	120	1	1	BA1652	22878	8	7	0	0	0	0	0	0	0	0	0
A	AG	20	120	1	1	BA1652	22902	7	0	0	0	0	0	0	0	1	0	0
A	AG	20	120	1	1	BA1652	22906	7	8	2	0	1	0	0	0	0	0	0
A	AG	20	120	1	1	BA1652	22916	8	7	0	0	0	0	0	0	0	0	0
A	AG	20	120	1	1	BA1652	22923	7	0	0	0	0	0	0	0	1	0	0
A	AG	20	120	1	1	BA1652	22942	7	8	2	0	1	0	0	0	0	0	0
A	AG	20	120	1	1	BA1652	22952	8	7	0	0	0	0	0	0	0	0	0
A	AG	20	120	1	1	BA1652	22961	7	0	0	0	0	0	0	0	1	0	0
A	AG	20	120	1	1	BA1652	22966	7	8	2	0	1	0	0	0	0	0	0
A	AG	20	120	1	1	BA1652	22972	8	0	0	0	0	0	0	0	1	0	0
A	AG	20	120	1	1	BA1652	22976	8	9	0	0	0	0	0	0	0	0	0
A	AG	20	120	1	1	BA1652	22986	9	10	0	0	0	0	0	0	0	0	0
A	AG	20	120	1	1	BA1652	23061	10	2	0	0	0	0	0	0	0	0	0
A	AG	20	120	1	1	BA1652	23062	2	6	0	0	0	0	0	0	0	0	0
A	AG	20	120	1	1	BA1652	23401	6	8	2	0	1	0	0	0	0	0	0
A	AG	20	120	1	1	BA1652	23411	8	7	0	0	0	0	0	0	0	0	0
A	AG	20	120	1	1	BA1652	23415	7	0	0	0	0	0	0	0	1	0	0
A	AG	20	120	1	1	BA1652	23424	7	8	2	0	1	0	0	0	0	0	0
A	AG	20	120	1	1	BA1652	23434	8	7	0	0	0	0	0	0	0	0	0
A	AG	20	120	1	1	BA1652	23456	7	0	0	0	0	0	0	0	1	0	0
A	AG	20	120	1	1	BA1652	23463	7	8	2	0	1	0	0	0	0	0	0
A	AG	20	120	1	1	BA1652	23465	8	0	0	0	0	0	0	0	1	0	0
A	AG	20	120	1	1	BA1652	23473	8	7	0	0	0	0	0	0	0	0	0
A	AG	20	120	1	1	BA1652	23475	7	8	2	0	1	0	0	0	0	0	0
A	AG	20	120	1	1	BA1652	23485	8	7	0	0	0	0	0	0	0	0	0
A	AG	20	120	1	1	BA1652	23495	7	0	0	0	0	0	0	0	1	0	0
A	AG	20	120	1	1	BA1652	23497	7	8	2	0	1	0	0	0	0	0	0
A	AG	20	120	1	1	BA1652	23507	8	7	0	0	0	0	0	0	0	0	0
A	AG	20	120	1	1	BA1652	23530	7	0	0	0	0	0	0	0	1	0	0
A	AG	20	120	1	1	BA1652	23532	7	8	2	0	1	0	0	0	0	0	0
A	AG	20	120	1	1	BA1652	23535	8	0	0	0	0	0	0	0	1	0	0
A	AG	20	120	1	1	BA1652	23538	8	0	0	0	1	0	0	0	0	0	0
A	AG	20	120	1	1	BA1652	23542	8	7	0	0	0	0	0	0	0	0	0
A	AG	20	120	1	1	BA1652	23553	7	0	0	0	0	0	0	0	1	0	0
A	AG	20	120	1	1	BA1652	23563	7	8	2	0	1	0	0	0	0	0	0
A	AG	20	120	1	1	BA1652	23564	8	0	0	0	0	0	0	0	1	0	0
A	AG	20	120	1	1	BA1652	23567	8	0	0	0	1	0	0	0	0	0	0
A	AG	20	120	1	1	BA1652	23569	8	0	0	0	0	0	0	0	1	0	0
A	AG	20	120	1	1	BA1652	23570	8	0	0	0	1	0	0	0	0	0	0
A	AG	20	120	1	1	BA1652	23573	8	7	0	0	0	0	0	0	0	0	0
A	AG	20	120	1	1	BA1652	23577	7	0	0	0	0	0	0	0	1	0	0
A	AG	20	120	1	1	BA1652	23598	7	8	2	0	1	0	0	0	0	0	0
A	AG	20	120	1	1	BA1652	23608	8	7	0	0	0	0	0	0	0	0	0
A	AG	20	120	1	1	BA1652	23610	7	0	0	0	0	0	0	0	1	0	0
A	AG	20	120	1	1	BA1652	23654	7	8	2	0	1	0	0	0	0	0	0
A	AG	20	120	1	1	BA1652	23664	8	7	0	0	0	0	0	0	0	0	0
A	AG	20	120	1	1	BA1652	23673	7	0	0	0	0	0	0	0	1	0	0
A	AG	20	120	1	1	BA1652	23677	7	8	2	0	1	0	0	0	0	0	0
A	AG	20	120	1	1	BA1652	23685	8	0	0	0	0	0	0	0	1	0	0
A	AG	20	120	1	1	BA1652	23687	8	7	0	0	1	0	0	0	0	0	0
A	AG	20	120	1	1	BA1652	23694	7	0	0	0	0	0	0	0	1	0	0
A	AG	20	120	1	1	BA1652	23698	7	8	2	0	1	0	0	0	0	0	0
A	AG	20	120	1	1	BA1652	23708	8	7	0	0	0	0	0	0	1	0	0
A	AG	20	120	1	1	BA1652	23712	7	8	2	0	1	0	0	0	0	0	0
A	AG	20	120	1	1	BA1652	23718	8	0	0	0	0	0	0	0	1	0	0
A	AG	20	120	1	1	BA1652	23721	8	0	0	0	1	0	0	0	0	0	0
A	AG	20	120	1	1	BA1652	23722	8	7	0	0	0	0	0	0	0	0	0
A	AG	20	120	1	1	BA1652	23742	7	0	0	0	0	0	0	0	1	0	0
A	AG	20	120	1	1	BA1652	23744	7	8	2	0	1	0	0	0	0	0	0
A	AG	20	120	1	1	BA1652	23754	8	7	0	0	0	0	0	0	0	0	0
A	AG	20	120	1	1	BA1652	23776	7	0	0	0	0	0	0	0	1	0	0
A	AG	20	120	1	1	BA1652	23777	7	8	2	0	1	0	0	0	0	0	0
A	AG	20	120	1	1	BA1652	23778	8	0	0	0	0	0	0	0	1	0	0
A	AG	20	120	1	1	BA1652	23787	8	7	0	0	0	0	0	0	0	0	0
A	AG	20	120	1	1	BA1652	23788	7	8	2	0	1	0	0	0	0	0	0
A	AG	20	120	1	1	BA1652	23798	8	7	0	0	0	0	0	0	0	0	0
A	AG	20	120	1	1	BA1652	23801	7	0	0	0	0	0	0	0	1	0	0
A	AG	20	120	1	1	BA1652	23904	7	8	2	0	1	0	0	0	0	0	0
A	AG	20	120	1	1	BA1652	23914	8	7	0	0	0	0	0	0	0	0	0
A	AG	20	120	1	1	BA1652	23915	7	0	0	0	0	0	0	0	1	0	0
A	AG	20	120	1	1	BA1652	23919	7	8	2	0	1	0	0	0	0	0	0
A	AG	20	120	1	1	BA1652	23928	8	0	0	0	0	0	0	0	1	0	0
A	AG	20	120	1	1	BA1652	23929	8	7	0	0	0	0	0	0	0	0	0
A	AG	20	120	1	1	BA1652	23931	7	8	2	0	1	0	0	0	0	0	0
A	AG	20	120	1	1	BA1652	23941	8	7	0	0	0	0	0	0	0	0	0
A	AG	20	120	1	1	BA1652	23963	7	0	0	0	0	0	0	0	1	0	0
A	AG	20	120	1	1	BA1652	23967	7	8	2	0	1	0	0	0	0	0	0
A	AG	20	120	1	1	BA1652	23974	8	0	0	0	0	0	0	0	1	0	0
A	AG	20	120	1	1	BA1652	23977	8	7	0	0	0	0	0	0	0	0	0
A	AG	20	120	1	1	BA1652	24016	7	8	2	0	1	0	0	0	0	0	0
A	AG	20	120	1	1	BA1652	24023	8	0	0	0	0	0	0	0	1	0	0
A	AG	20	120	1	1	BA1652	24026	8	9	0	0	0	0	0	0	0	0	0
A	AG	20	120	1	1	BA1652	24027	9	0	0	0	1	0	0	0	0	0	0
A	AG	20	120	1	1	BA1652	24036	9	10	0	0	0	0	0	0	0	0	0
A	AG	20	120	1	1	BA1652	24042	10	0	0	0	0	0	0	0	1	0	0
A	AG	20	120	1	1	BA1652	24111	10	2	0	0	0	0	0	0	0	0	0
A	AG	20	120	1	1	BA1652	24112	2	3	0	0	0	0	0	0	0	0	0
A	AG	20	120	1	1	BA1652	24162	3	5	1	1	0	0	0	0	0	0	0
A	AG	20	120	1	1	BA1652	24172	5	4	0	0	0	0	0	0	0	0	0
A	AG	20	120	1	1	BA1652	24200	4	0	0	0	0	0	0	1	0	0	0
A	AG	20	120	1	1	BA1652	24203	4	5	1	1	0	0	0	0	0	0	0
A	AG	20	120	1	1	BA1652	24213	5	4	0	0	0	0	0	0	0	0	0
A	AG	20	120	1	1	BA1652	24238	4	0	0	0	0	0	0	1	0	0	0
A	AG	20	120	1	1	BA1652	24242	4	5	1	1	0	0	0	0	0	0	0
A	AG	20	120	1	1	BA1652	24252	5	4	0	0	0	0	0	0	0	0	0
A	AG	20	120	1	1	BA1652	24256	4	0	0	0	0	0	0	1	0	0	0
A	AG	20	120	1	1	BA1652	24272	4	5	1	1	0	0	0	0	0	0	0
A	AG	20	120	1	1	BA1652	24282	5	4	0	0	0	0	0	0	0	0	0
A	AG	20	120	1	1	BA1652	24292	4	0	0	0	0	0	0	1	0	0	0
A	AG	20	120	1	1	BA1652	24294	4	5	1	1	0	0	0	0	0	0	0
A	AG	20	120	1	1	BA1652	24304	5	9	0	0	0	0	0	0	0	0	0
A	AG	20	120	1	1	BA1652	24313	9	0	0	0	0	0	0	1	0	0	0
A	AG	20	120	1	1	BA1652	24314	9	10	0	0	0	0	0	0	0	0	0
A	AG	20	120	1	1	BA1652	24389	10	2	0	0	0	0	0	0	0	0	0
A	AG	20	120	1	1	BA1652	24390	2	6	0	0	0	0	0	0	0	0	0
A	AG	20	120	1	1	BA1652	24628	6	8	2	0	1	0	0	0	0	0	0
A	AG	20	120	1	1	BA1652	24638	8	7	0	0	0	0	0	0	0	0	0
A	AG	20	120	1	1	BA1652	24661	7	0	0	0	0	0	0	0	1	0	0
A	AG	20	120	1	1	BA1652	24702	7	8	2	0	1	0	0	0	0	0	0
A	AG	20	120	1	1	BA1652	24712	8	7	0	0	0	0	0	0	0	0	0
A	AG	20	120	1	1	BA1652	24816	7	0	0	0	0	0	0	0	1	0	0
A	AG	20	120	1	1	BA1652	24820	7	8	2	0	1	0	0	0	0	0	0
A	AG	20	120	1	1	BA1652	24830	8	7	0	0	0	0	0	0	0	0	0
A	AG	20	120	1	1	BA1652	24859	7	0	0	0	0	0	0	0	1	0	0
A	AG	20	120	1	1	BA1652	24891	7	8	2	0	1	0	0	0	0	0	0
A	AG	20	120	1	1	BA1652	24901	8	7	0	0	0	0	0	0	0	0	0
A	AG	20	120	1	1	BA1652	24914	7	0	0	0	0	0	0	0	1	0	0
A	AG	20	120	1	1	BA1652	24919	7	8	2	0	1	0	0	0	0	0	0
A	AG	20	120	1	1	BA1652	24929	8	7	0	0	0	0	0	0	0	0	0
A	AG	20	120	1	1	BA1652	24939	7	0	0	0	0	0	0	0	1	0	0
A	AG	20	120	1	1	BA1652	24944	7	8	2	0	1	0	0	0	0	0	0
A	AG	20	120	1	1	BA1652	24947	8	0	0	0	0	0	0	0	1	0	0
A	AG	20	120	1	1	BA1652	24951	8	0	0	0	1	0	0	0	0	0	0
A	AG	20	120	1	1	BA1652	24954	8	7	0	0	0	0	0	0	0	0	0
A	AG	20	120	1	1	BA1652	24991	7	0	0	0	0	0	0	0	1	0	0
A	AG	20	120	1	1	BA1652	25019	7	8	2	0	1	0	0	0	0	0	0
A	AG	20	120	1	1	BA1652	25025	8	0	0	0	0	0	0	0	1	0	0
A	AG	20	120	1	1	BA1652	25026	8	0	0	0	1	0	0	0	0	0	0
A	AG	20	120	1	1	BA1652	25029	8	7	0	0	0	0	0	0	0	0	0
A	AG	20	120	1	1	BA1652	25045	7	0	0	0	0	0	0	0	1	0	0
A	AG	20	120	1	1	BA1652	25048	7	8	2	0	1	0	0	0	0	0	0
A	AG	20	120	1	1	BA1652	25058	8	7	0	0	0	0	0	0	0	0	0
A	AG	20	120	1	1	BA1652	25082	7	0	0	0	0	0	0	0	1	0	0
A	AG	20	120	1	1	BA1652	25091	7	8	2	0	1	0	0	0	0	0	0
A	AG	20	120	1	1	BA1652	25093	8	0	0	0	0	0	0	0	1	0	0
A	AG	20	120	1	1	BA1652	25094	8	0	0	0	1	0	0	0	0	0	0
A	AG	20	120	1	1	BA1652	25101	8	7	0	0	0	0	0	0	0	0	0
A	AG	20	120	1	1	BA1652	25102	7	0	0	0	0	0	0	0	1	0	0
A	AG	20	120	1	1	BA1652	25109	7	8	2	0	1	0	0	0	0	0	0
A	AG	20	120	1	1	BA1652	25119	8	7	0	0	0	0	0	0	0	0	0
A	AG	20	120	1	1	BA1652	25120	7	0	0	0	0	0	0	0	1	0	0
A	AG	20	120	1	1	BA1652	25121	7	8	2	0	1	0	0	0	0	0	0
A	AG	20	120	1	1	BA1652	25130	8	0	0	0	0	0	0	0	1	0	0
A	AG	20	120	1	1	BA1652	25131	8	7	0	0	0	0	0	0	0	0	0
A	AG	20	120	1	1	BA1652	25204	7	8	2	0	1	0	0	0	0	0	0
A	AG	20	120	1	1	BA1652	25214	8	7	0	0	0	0	0	0	0	0	0
A	AG	20	120	1	1	BA1652	25216	7	0	0	0	0	0	0	0	1	0	0
A	AG	20	120	1	1	BA1652	25255	7	8	2	0	1	0	0	0	0	0	0
A	AG	20	120	1	1	BA1652	25258	8	0	0	0	0	0	0	0	1	0	0
A	AG	20	120	1	1	BA1652	25261	8	0	0	0	1	0	0	0	0	0	0
A	AG	20	120	1	1	BA1652	25265	8	7	0	0	0	0	0	0	0	0	0
A	AG	20	120	1	1	BA1652	25276	7	0	0	0	0	0	0	0	1	0	0
A	AG	20	120	1	1	BA1652	25280	7	8	2	0	1	0	0	0	0	0	0
A	AG	20	120	1	1	BA1652	25289	8	0	0	0	0	0	0	0	1	0	0
A	AG	20	120	1	1	BA1652	25290	8	7	0	0	0	0	0	0	0	0	0
A	AG	20	120	1	1	BA1652	25294	7	8	2	0	1	0	0	0	0	0	0
A	AG	20	120	1	1	BA1652	25296	8	0	0	0	0	0	0	0	1	0	0
A	AG	20	120	1	1	BA1652	25304	8	7	0	0	0	0	0	0	0	0	0
A	AG	20	120	1	1	BA1652	25329	7	8	2	0	1	0	0	0	0	0	0
A	AG	20	120	1	1	BA1652	25336	8	0	0	0	0	0	0	0	1	0	0
A	AG	20	120	1	1	BA1652	25339	8	7	0	0	0	0	0	0	0	0	0
A	AG	20	120	1	1	BA1652	25353	7	8	2	0	1	0	0	0	0	0	0
A	AG	20	120	1	1	BA1652	25363	8	7	0	0	0	0	0	0	0	0	0
A	AG	20	120	1	1	BA1652	25383	7	0	0	0	0	0	0	0	1	0	0
A	AG	20	120	1	1	BA1652	25388	7	8	2	0	1	0	0	0	0	0	0
A	AG	20	120	1	1	BA1652	25394	8	0	0	0	0	0	0	0	1	0	0
A	AG	20	120	1	1	BA1652	25397	8	0	0	0	1	0	0	0	0	0	0
A	AG	20	120	1	1	BA1652	25398	8	7	0	0	0	0	0	0	0	0	0
A	AG	20	120	1	1	BA1652	25415	7	0	0	0	0	0	0	0	1	0	0
A	AG	20	120	1	1	BA1652	25417	7	8	2	0	1	0	0	0	0	0	0
A	AG	20	120	1	1	BA1652	25427	8	7	0	0	0	0	0	0	0	0	0
A	AG	20	120	1	1	BA1652	25447	7	0	0	0	0	0	0	0	1	0	0
A	AG	20	120	1	1	BA1652	25555	7	8	2	0	1	0	0	0	0	0	0
A	AG	20	120	1	1	BA1652	25557	8	0	0	0	0	0	0	0	1	0	0
A	AG	20	120	1	1	BA1652	25565	8	9	0	0	0	0	0	0	0	0	0
A	AG	20	120	1	1	BA1652	25575	9	10	0	0	0	0	0	0	0	0	0
A	AG	20	120	1	1	BA1652	25650	10	2	0	0	0	0	0	0	0	0	0
A	AG	20	120	1	1	BA1652	25651	2	3	0	0	0	0	0	0	0	0	0
A	AG	20	120	1	1	BA1652	25694	3	5	1	1	0	0	0	0	0	0	0
A	AG	20	120	1	1	BA1652	25704	5	4	0	0	0	0	0	0	0	0	0
A	AG	20	120	1	1	BA1652	25717	4	0	0	0	0	0	0	1	0	0	0
A	AG	20	120	1	1	BA1652	25720	4	5	1	1	0	0	0	0	0	0	0
A	AG	20	120	1	1	BA1652	25730	5	4	0	0	0	0	0	0	0	0	0
A	AG	20	120	1	1	BA1652	25741	4	0	0	0	0	0	0	1	0	0	0
A	AG	20	120	1	1	BA1652	25752	4	5	1	1	0	0	0	0	0	0	0
A	AG	20	120	1	1	BA1652	25754	5	0	0	0	0	0	0	1	0	0	0
A	AG	20	120	1	1	BA1652	25756	5	0	0	1	0	0	0	0	0	0	0
A	AG	20	120	1	1	BA1652	25762	5	4	0	0	0	0	0	0	0	0	0
A	AG	20	120	1	1	BA1652	25786	4	0	0	0	0	0	0	1	0	0	0
A	AG	20	120	1	1	BA1652	25790	4	5	1	1	0	0	0	0	0	0	0
A	AG	20	120	1	1	BA1652	25800	5	4	0	0	0	0	0	0	0	0	0
A	AG	20	120	1	1	BA1652	25805	4	5	1	1	0	0	0	1	0	0	0
A	AG	20	120	1	1	BA1652	25815	5	9	0	0	0	0	0	0	0	0	0
A	AG	20	120	1	1	BA1652	25823	9	0	0	0	0	0	0	1	0	0	0
A	AG	20	120	1	1	BA1652	25825	9	10	0	0	0	0	0	0	0	0	0
A	AG	20	120	1	1	BA1652	25900	10	2	0	0	0	0	0	0	0	0	0
A	AG	20	120	1	1	BA1652	25901	2	6	0	0	0	0	0	0	0	0	0
A	AG	20	120	1	1	BA1652	26249	6	8	2	0	1	0	0	0	0	0	0
A	AG	20	120	1	1	BA1652	26259	8	7	0	0	0	0	0	0	0	0	0
A	AG	20	120	1	1	BA1652	26283	7	0	0	0	0	0	0	0	1	0	0
A	AG	20	120	1	1	BA1652	26285	7	8	2	0	1	0	0	0	0	0	0
A	AG	20	120	1	1	BA1652	26295	8	7	0	0	0	0	0	0	0	0	0
A	AG	20	120	1	1	BA1652	26303	7	0	0	0	0	0	0	0	1	0	0
A	AG	20	120	1	1	BA1652	26386	7	8	2	0	1	0	0	0	0	0	0
A	AG	20	120	1	1	BA1652	26396	8	7	0	0	0	0	0	0	0	0	0
A	AG	20	120	1	1	BA1652	26401	7	0	0	0	0	0	0	0	1	0	0
A	AG	20	120	1	1	BA1652	26420	7	8	2	0	1	0	0	0	0	0	0
A	AG	20	120	1	1	BA1652	26423	8	0	0	0	0	0	0	0	1	0	0
A	AG	20	120	1	1	BA1652	26430	8	7	0	0	0	0	0	0	0	0	0
A	AG	20	120	1	1	BA1652	26445	7	8	2	0	1	0	0	0	0	0	0
A	AG	20	120	1	1	BA1652	26448	8	0	0	0	0	0	0	0	1	0	0
A	AG	20	120	1	1	BA1652	26455	8	7	0	0	0	0	0	0	0	0	0
A	AG	20	120	1	1	BA1652	26463	7	8	2	0	1	0	0	0	0	0	0
A	AG	20	120	1	1	BA1652	26473	8	7	0	0	0	0	0	0	1	0	0
A	AG	20	120	1	1	BA1652	26490	7	8	2	0	1	0	0	0	0	0	0
A	AG	20	120	1	1	BA1652	26494	8	0	0	0	1	0	0	0	1	0	0
A	AG	20	120	1	1	BA1652	26500	8	7	0	0	0	0	0	0	1	0	0
A	AG	20	120	1	1	BA1652	26592	7	8	2	0	1	0	0	0	0	0	0
A	AG	20	120	1	1	BA1652	26602	8	7	0	0	0	0	0	0	0	0	0
A	AG	20	120	1	1	BA1652	26611	7	0	0	0	0	0	0	0	1	0	0
A	AG	20	120	1	1	BA1652	26614	7	8	2	0	1	0	0	0	0	0	0
A	AG	20	120	1	1	BA1652	26624	8	7	0	0	0	0	0	0	0	0	0
A	AG	20	120	1	1	BA1652	26642	7	0	0	0	0	0	0	0	1	0	0
A	AG	20	120	1	1	BA1652	26712	7	8	2	0	1	0	0	0	0	0	0
A	AG	20	120	1	1	BA1652	26717	8	0	0	0	0	0	0	0	1	0	0
A	AG	20	120	1	1	BA1652	26722	8	7	0	0	0	0	0	0	0	0	0
A	AG	20	120	1	1	BA1652	26723	7	8	2	0	1	0	0	0	0	0	0
A	AG	20	120	1	1	BA1652	26731	8	0	0	0	0	0	0	0	1	0	0
A	AG	20	120	1	1	BA1652	26733	8	7	0	0	0	0	0	0	0	0	0
A	AG	20	120	1	1	BA1652	26748	7	8	2	0	1	0	0	0	0	0	0
A	AG	20	120	1	1	BA1652	26758	8	7	0	0	0	0	0	0	0	0	0
A	AG	20	120	1	1	BA1652	26782	7	0	0	0	0	0	0	0	1	0	0
A	AG	20	120	1	1	BA1652	26785	7	8	2	0	1	0	0	0	0	0	0
A	AG	20	120	1	1	BA1652	26795	8	7	0	0	0	0	0	0	1	0	0
A	AG	20	120	1	1	BA1652	26798	7	8	2	0	1	0	0	0	0	0	0
A	AG	20	120	1	1	BA1652	26808	8	7	0	0	0	0	0	0	0	0	0
A	AG	20	120	1	1	BA1652	26818	7	0	0	0	0	0	0	0	1	0	0
A	AG	20	120	1	1	BA1652	26835	7	8	2	0	1	0	0	0	0	0	0
A	AG	20	120	1	1	BA1652	26841	8	0	0	0	0	0	0	0	1	0	0
A	AG	20	120	1	1	BA1652	26845	8	7	0	0	0	0	0	0	0	0	0
A	AG	20	120	1	1	BA1652	26846	7	8	2	0	1	0	0	0	0	0	0
A	AG	20	120	1	1	BA1652	26856	8	7	0	0	0	0	0	0	0	0	0
A	AG	20	120	1	1	BA1652	26860	7	0	0	0	0	0	0	0	1	0	0
A	AG	20	120	1	1	BA1652	26879	7	8	2	0	1	0	0	0	0	0	0
A	AG	20	120	1	1	BA1652	26889	8	7	0	0	0	0	0	0	0	0	0
A	AG	20	120	1	1	BA1652	26896	7	0	0	0	0	0	0	0	1	0	0
A	AG	20	120	1	1	BA1652	26901	7	8	2	0	1	0	0	0	0	0	0
A	AG	20	120	1	1	BA1652	26905	8	0	0	0	0	0	0	0	1	0	0
A	AG	20	120	1	1	BA1652	26909	8	0	0	0	1	0	0	0	0	0	0
A	AG	20	120	1	1	BA1652	26911	8	7	0	0	0	0	0	0	0	0	0
A	AG	20	120	1	1	BA1652	26912	7	0	0	0	0	0	0	0	1	0	0
A	AG	20	120	1	1	BA1652	26948	7	8	2	0	1	0	0	0	0	0	0
A	AG	20	120	1	1	BA1652	26958	8	7	0	0	0	0	0	0	0	0	0
A	AG	20	120	1	1	BA1652	26968	7	0	0	0	0	0	0	0	1	0	0
A	AG	20	120	1	1	BA1652	26973	7	8	2	0	1	0	0	0	0	0	0
A	AG	20	120	1	1	BA1652	26981	8	0	0	0	0	0	0	0	1	0	0
A	AG	20	120	1	1	BA1652	26983	8	9	0	0	0	0	0	0	0	0	0
A	AG	20	120	1	1	BA1652	26984	9	0	0	0	1	0	0	0	0	0	0
A	AG	20	120	1	1	BA1652	26989	9	0	0	0	0	0	0	0	1	0	0
A	AG	20	120	1	1	BA1652	26991	9	0	0	0	1	0	0	0	0	0	0
A	AG	20	120	1	1	BA1652	26993	9	10	0	0	0	0	0	0	0	0	0
A	AG	20	120	1	1	BA1652	26999	10	0	0	0	0	0	0	0	1	0	0
A	AG	20	120	1	1	BA1652	27068	10	2	0	0	0	0	0	0	0	0	0
A	AG	20	120	1	1	BA1652	27069	2	3	0	0	0	0	0	0	0	0	0
A	AG	20	120	1	1	BA1652	27238	3	5	1	1	0	0	0	0	0	0	0
A	AG	20	120	1	1	BA1652	27248	5	4	0	0	0	0	0	0	0	0	0
A	AG	20	120	1	1	BA1652	27290	4	0	0	0	0	0	0	1	0	0	0
A	AG	20	120	1	1	BA1652	27295	4	5	1	1	0	0	0	0	0	0	0
A	AG	20	120	1	1	BA1652	27305	5	4	0	0	0	0	0	0	0	0	0
A	AG	20	120	1	1	BA1652	27442	4	0	0	0	0	0	0	1	0	0	0
A	AG	20	120	1	1	BA1652	27447	4	5	1	1	0	0	0	0	0	0	0
A	AG	20	120	1	1	BA1652	27456	5	0	0	0	0	0	0	1	0	0	0
A	AG	20	120	1	1	BA1652	27457	5	4	0	0	0	0	0	0	0	0	0
A	AG	20	120	1	1	BA1652	27458	4	5	1	1	0	0	0	0	0	0	0
A	AG	20	120	1	1	BA1652	27468	5	4	0	0	0	0	0	0	0	0	0
A	AG	20	120	1	1	BA1652	27508	4	0	0	0	0	0	0	1	0	0	0
A	AG	20	120	1	1	BA1652	27555	4	5	1	1	0	0	0	0	0	0	0
A	AG	20	120	1	1	BA1652	27565	5	9	0	0	0	0	0	0	0	0	0
A	AG	20	120	1	1	BA1652	27575	9	10	0	0	0	0	0	0	0	0	0
A	AG	20	120	1	1	BA1652	27577	10	0	0	0	0	0	0	1	0	0	0
A	AG	20	120	1	1	BA1652	27650	10	2	0	0	0	0	0	0	0	0	0
A	AG	20	120	1	1	BA1652	27651	2	3	0	0	0	0	0	0	0	0	0
A	AG	20	120	1	1	BA1652	27740	3	5	1	1	0	0	0	0	0	0	0
A	AG	20	120	1	1	BA1652	27750	5	4	0	0	0	0	0	0	0	0	0
A	AG	20	120	1	1	BA1652	27757	4	0	0	0	0	0	0	1	0	0	0
A	AG	20	120	1	1	BA1652	27763	4	5	1	1	0	0	0	0	0	0	0
A	AG	20	120	1	1	BA1652	27773	5	4	0	0	0	0	0	0	0	0	0
A	AG	20	120	1	1	BA1652	27795	4	0	0	0	0	0	0	1	0	0	0
A	AG	20	120	1	1	BA1652	27810	4	5	1	1	0	0	0	0	0	0	0
A	AG	20	120	1	1	BA1652	27816	5	0	0	0	0	0	0	1	0	0	0
A	AG	20	120	1	1	BA1652	27820	5	4	0	0	0	0	0	0	0	0	0
A	AG	20	120	1	1	BA1652	27829	4	5	1	1	0	0	0	0	0	0	0
A	AG	20	120	1	1	BA1652	27839	5	4	0	0	0	0	0	0	0	0	0
A	AG	20	120	1	1	BA1652	27864	4	0	0	0	0	0	0	1	0	0	0
A	AG	20	120	1	1	BA1652	27867	4	5	1	1	0	0	0	0	0	0	0
A	AG	20	120	1	1	BA1652	27877	5	9	0	0	0	0	0	0	0	0	0
A	AG	20	120	1	1	BA1652	27883	9	0	0	0	0	0	0	1	0	0	0
A	AG	20	120	1	1	BA1652	27886	9	0	0	1	0	0	0	0	0	0	0
A	AG	20	120	1	1	BA1652	27887	9	10	0	0	0	0	0	0	0	0	0
A	AG	20	120	1	1	BA1652	27889	10	0	0	0	0	0	0	1	0	0	0
A	AG	20	120	1	1	BA1652	27962	10	2	0	0	0	0	0	0	0	0	0
A	AG	20	120	1	1	BA1652	27963	2	6	0	0	0	0	0	0	0	0	0
A	AG	20	120	1	1	BA1652	28076	6	0	0	1	0	0	0	0	0	0	0
A	AG	20	120	1	1	BA1652	28094	6	0	0	0	0	0	0	1	0	0	0
A	AG	20	120	1	1	BA1652	28551	6	8	2	0	1	0	0	0	0	0	0
A	AG	20	120	1	1	BA1652	28561	8	7	0	0	0	0	0	0	0	0	0
A	AG	20	120	1	1	BA1652	28594	7	0	0	0	0	0	0	0	1	0	0
A	AG	20	120	1	1	BA1652	28600	7	8	2	0	1	0	0	0	0	0	0
A	AG	20	120	1	1	BA1652	28605	8	0	0	0	0	0	0	0	1	0	0
A	AG	20	120	1	1	BA1652	28610	8	7	0	0	0	0	0	0	0	0	0
A	AG	20	120	1	1	BA1652	28685	7	8	2	0	1	0	0	0	0	0	0
A	AG	20	120	1	1	BA1652	28691	8	0	0	0	0	0	0	0	1	0	0
A	AG	20	120	1	1	BA1652	28694	8	0	0	0	1	0	0	0	0	0	0
A	AG	20	120	1	1	BA1652	28695	8	7	0	0	0	0	0	0	0	0	0
A	AG	20	120	1	1	BA1652	28723	7	0	0	0	0	0	0	0	1	0	0
A	AG	20	120	1	1	BA1652	28801	7	8	2	0	1	0	0	0	0	0	0
A	AG	20	120	1	1	BA1652	28803	8	0	0	0	0	0	0	0	1	0	0
A	AG	20	120	1	1	BA1652	28811	8	7	0	0	0	0	0	0	0	0	0
A	AG	20	120	1	1	BA1652	28879	7	8	2	0	1	0	0	0	0	0	0
A	AG	20	120	1	1	BA1652	28889	8	7	0	0	0	0	0	0	0	0	0
A	AG	20	120	1	1	BA1652	28896	7	0	0	0	0	0	0	0	1	0	0
A	AG	20	120	1	1	BA1652	28898	7	8	2	0	1	0	0	0	0	0	0
A	AG	20	120	1	1	BA1652	28905	8	0	0	0	0	0	0	0	1	0	0
A	AG	20	120	1	1	BA1652	28908	8	7	0	0	0	0	0	0	0	0	0
A	AG	20	120	1	1	BA1652	28957	7	8	2	0	1	0	0	0	0	0	0
A	AG	20	120	1	1	BA1652	28967	8	7	0	0	0	0	0	0	0	0	0
A	AG	20	120	1	1	BA1652	28985	7	0	0	0	0	0	0	0	1	0	0
A	AG	20	120	1	1	BA1652	28987	7	8	2	0	1	0	0	0	0	0	0
A	AG	20	120	1	1	BA1652	28995	8	0	0	0	0	0	0	0	1	0	0
A	AG	20	120	1	1	BA1652	28997	8	7	0	0	1	0	0	0	0	0	0
A	AG	20	120	1	1	BA1652	29023	7	0	0	0	0	0	0	0	1	0	0
A	AG	20	120	1	1	BA1652	29025	7	8	2	0	1	0	0	0	0	0	0
A	AG	20	120	1	1	BA1652	29035	8	7	0	0	0	0	0	0	0	0	0
A	AG	20	120	1	1	BA1652	29036	7	0	0	0	0	0	0	0	1	0	0
A	AG	20	120	1	1	BA1652	29046	7	8	2	0	1	0	0	0	0	0	0
A	AG	20	120	1	1	BA1652	29056	8	7	0	0	0	0	0	0	0	0	0
A	AG	20	120	1	1	BA1652	29062	7	0	0	0	0	0	0	0	1	0	0
A	AG	20	120	1	1	BA1652	29137	7	8	2	0	1	0	0	0	0	0	0
A	AG	20	120	1	1	BA1652	29147	8	7	0	0	0	0	0	0	0	0	0
A	AG	20	120	1	1	BA1652	29162	7	0	0	0	0	0	0	0	1	0	0
A	AG	20	120	1	1	BA1652	29168	7	8	2	0	1	0	0	0	0	0	0
A	AG	20	120	1	1	BA1652	29171	8	0	0	0	0	0	0	0	1	0	0
A	AG	20	120	1	1	BA1652	29178	8	7	0	0	0	0	0	0	0	0	0
A	AG	20	120	1	1	BA1652	29258	7	8	2	0	1	0	0	0	0	0	0
A	AG	20	120	1	1	BA1652	29268	8	7	0	0	0	0	0	0	0	0	0
A	AG	20	120	1	1	BA1652	29272	7	0	0	0	0	0	0	0	1	0	0
A	AG	20	120	1	1	BA1652	29273	7	8	2	0	1	0	0	0	0	0	0
A	AG	20	120	1	1	BA1652	29276	8	0	0	0	0	0	0	0	1	0	0
A	AG	20	120	1	1	BA1652	29277	8	0	0	0	1	0	0	0	0	0	0
A	AG	20	120	1	1	BA1652	29283	8	7	0	0	0	0	0	0	1	0	0
A	AG	20	120	1	1	BA1652	29285	7	8	2	0	1	0	0	0	0	0	0
A	AG	20	120	1	1	BA1652	29295	8	7	0	0	0	0	0	0	1	0	0
A	AG	20	120	1	1	BA1652	29300	7	8	2	0	1	0	0	0	0	0	0
A	AG	20	120	1	1	BA1652	29305	8	0	0	0	0	0	0	0	1	0	0
A	AG	20	120	1	1	BA1652	29308	8	0	0	0	1	0	0	0	0	0	0
A	AG	20	120	1	1	BA1652	29310	8	7	0	0	0	0	0	0	0	0	0
A	AG	20	120	1	1	BA1652	29336	7	0	0	0	0	0	0	0	1	0	0
A	AG	20	120	1	1	BA1652	29346	7	8	2	0	1	0	0	0	0	0	0
A	AG	20	120	1	1	BA1652	29356	8	7	0	0	0	0	0	0	0	0	0
A	AG	20	120	1	1	BA1652	29363	7	0	0	0	0	0	0	0	1	0	0
A	AG	20	120	1	1	BA1652	29395	7	8	2	0	1	0	0	0	0	0	0
A	AG	20	120	1	1	BA1652	29405	8	7	0	0	0	0	0	0	0	0	0
A	AG	20	120	1	1	BA1652	29426	7	0	0	0	0	0	0	0	1	0	0
A	AG	20	120	1	1	BA1652	29430	7	8	2	0	1	0	0	0	0	0	0
A	AG	20	120	1	1	BA1652	29436	8	0	0	0	0	0	0	0	1	0	0
A	AG	20	120	1	1	BA1652	29440	8	7	0	0	1	0	0	0	0	0	0
A	AG	20	120	1	1	BA1652	29461	7	0	0	0	0	0	0	0	1	0	0
A	AG	20	120	1	1	BA1652	29466	7	8	2	0	1	0	0	0	0	0	0
A	AG	20	120	1	1	BA1652	29476	8	9	0	0	0	0	0	0	0	0	0
A	AG	20	120	1	1	BA1652	29485	9	0	0	0	0	0	0	0	1	0	0
A	AG	20	120	1	1	BA1652	29486	9	10	0	0	0	0	0	0	0	0	0
A	AG	20	120	1	1	BA1652	29561	10	2	0	0	0	0	0	0	0	0	0
A	AG	20	120	1	1	BA1652	29562	2	6	0	0	0	0	0	0	0	0	0
A	AG	20	120	1	1	BA1652	29726	6	8	2	0	1	0	0	0	0	0	0
A	AG	20	120	1	1	BA1652	29736	8	7	0	0	0	0	0	0	0	0	0
A	AG	20	120	1	1	BA1652	29749	7	0	0	0	0	0	0	0	1	0	0
A	AG	20	120	1	1	BA1652	29808	7	8	2	0	1	0	0	0	0	0	0
A	AG	20	120	1	1	BA1652	29815	8	0	0	0	0	0	0	0	1	0	0
A	AG	20	120	1	1	BA1652	29818	8	7	0	0	0	0	0	0	0	0	0
A	AG	20	120	1	1	BA1652	29838	7	8	2	0	1	0	0	0	0	0	0
A	AG	20	120	1	1	BA1652	29848	8	7	0	0	0	0	0	0	0	0	0
A	AG	20	120	1	1	BA1652	29879	7	0	0	0	0	0	0	0	1	0	0
A	AG	20	120	1	1	BA1652	29892	7	8	2	0	1	0	0	0	0	0	0
A	AG	20	120	1	1	BA1652	29902	8	7	0	0	0	0	0	0	0	0	0
A	AG	20	120	1	1	BA1652	29947	7	0	0	0	0	0	0	0	1	0	0
A	AG	20	120	1	1	BA1652	29953	7	8	2	0	1	0	0	0	0	0	0
A	AG	20	120	1	1	BA1652	29962	8	0	0	0	0	0	0	0	1	0	0
A	AG	20	120	1	1	BA1652	29963	8	7	0	0	0	0	0	0	0	0	0
A	AG	20	120	1	1	BA1652	29966	7	8	2	0	1	0	0	0	0	0	0
A	AG	20	120	1	1	BA1652	29976	8	7	0	0	0	0	0	0	0	0	0
A	AG	20	120	1	1	BA1652	29998	7	0	0	0	0	0	0	0	1	0	0
A	AG	20	120	1	1	BA1652	29999	7	8	2	0	1	0	0	0	0	0	0
A	AG	20	120	1	1	BA1652	30009	8	7	0	0	0	0	0	0	0	0	0
A	AG	20	120	1	1	BA1652	30013	7	0	0	0	0	0	0	0	1	0	0
A	AG	20	120	1	1	BA1652	30035	7	8	2	0	1	0	0	0	0	0	0
A	AG	20	120	1	1	BA1652	30039	8	0	0	0	0	0	0	0	1	0	0
A	AG	20	120	1	1	BA1652	30045	8	7	0	0	0	0	0	0	0	0	0
A	AG	20	120	1	1	BA1652	30050	7	8	2	0	1	0	0	0	0	0	0
A	AG	20	120	1	1	BA1652	30058	8	0	0	0	0	0	0	0	1	0	0
A	AG	20	120	1	1	BA1652	30060	8	7	0	0	0	0	0	0	0	0	0
A	AG	20	120	1	1	BA1652	30119	7	8	2	0	1	0	0	0	0	0	0
A	AG	20	120	1	1	BA1652	30129	8	7	0	0	0	0	0	0	0	0	0
A	AG	20	120	1	1	BA1652	30133	7	0	0	0	0	0	0	0	1	0	0
A	AG	20	120	1	1	BA1652	30134	7	8	2	0	1	0	0	0	0	0	0
A	AG	20	120	1	1	BA1652	30144	8	7	0	0	0	0	0	0	0	0	0
A	AG	20	120	1	1	BA1652	30146	7	0	0	0	0	0	0	0	1	0	0
A	AG	20	120	1	1	BA1652	30150	7	8	2	0	1	0	0	0	0	0	0
A	AG	20	120	1	1	BA1652	30160	8	7	0	0	0	0	0	0	0	0	0
A	AG	20	120	1	1	BA1652	30174	7	0	0	0	0	0	0	0	1	0	0
A	AG	20	120	1	1	BA1652	30186	7	8	2	0	1	0	0	0	0	0	0
A	AG	20	120	1	1	BA1652	30196	8	7	0	0	0	0	0	0	0	0	0
A	AG	20	120	1	1	BA1652	30213	7	0	0	0	0	0	0	0	1	0	0
A	AG	20	120	1	1	BA1652	30219	7	8	2	0	1	0	0	0	0	0	0
A	AG	20	120	1	1	BA1652	30229	8	7	0	0	0	0	0	0	0	0	0
A	AG	20	120	1	1	BA1652	30234	7	0	0	0	0	0	0	0	1	0	0
A	AG	20	120	1	1	BA1652	30239	7	8	2	0	1	0	0	0	0	0	0
A	AG	20	120	1	1	BA1652	30241	8	0	0	0	0	0	0	0	1	0	0
A	AG	20	120	1	1	BA1652	30249	8	7	0	0	0	0	0	0	0	0	0
A	AG	20	120	1	1	BA1652	30330	7	8	2	0	1	0	0	0	0	0	0
A	AG	20	120	1	1	BA1652	30335	8	0	0	0	0	0	0	0	1	0	0
A	AG	20	120	1	1	BA1652	30339	8	0	0	0	1	0	0	0	0	0	0
A	AG	20	120	1	1	BA1652	30340	8	7	0	0	0	0	0	0	0	0	0
A	AG	20	120	1	1	BA1652	30352	7	0	0	0	0	0	0	0	1	0	0
A	AG	20	120	1	1	BA1652	30356	7	8	2	0	1	0	0	0	0	0	0
A	AG	20	120	1	1	BA1652	30366	8	7	0	0	0	0	0	0	0	0	0
A	AG	20	120	1	1	BA1652	30380	7	0	0	0	0	0	0	0	1	0	0
A	AG	20	120	1	1	BA1652	30384	7	8	2	0	1	0	0	0	0	0	0
A	AG	20	120	1	1	BA1652	30394	8	7	0	0	0	0	0	0	0	0	0
A	AG	20	120	1	1	BA1652	30411	7	0	0	0	0	0	0	0	1	0	0
A	AG	20	120	1	1	BA1652	30426	7	8	2	0	1	0	0	0	0	0	0
A	AG	20	120	1	1	BA1652	30436	8	7	0	0	0	0	0	0	0	0	0
A	AG	20	120	1	1	BA1652	30440	7	0	0	0	0	0	0	0	1	0	0
A	AG	20	120	1	1	BA1652	30479	7	8	2	0	1	0	0	0	0	0	0
A	AG	20	120	1	1	BA1652	30486	8	0	0	0	0	0	0	0	1	0	0
A	AG	20	120	1	1	BA1652	30489	8	9	0	0	0	0	0	0	0	0	0
A	AG	20	120	1	1	BA1652	30499	9	10	0	0	0	0	0	0	0	0	0
A	AG	20	120	1	1	BA1652	30574	10	2	0	0	0	0	0	0	0	0	0
A	AG	20	120	1	1	BA1652	30575	2	6	0	0	0	0	0	0	0	0	0
A	AG	20	120	1	1	BA1652	31115	6	8	2	0	1	0	0	0	0	0	0
A	AG	20	120	1	1	BA1652	31124	8	0	0	0	0	0	0	0	1	0	0
A	AG	20	120	1	1	BA1652	31125	8	7	0	0	0	0	0	0	0	0	0
A	AG	20	120	1	1	BA1652	31126	7	8	2	0	1	0	0	0	0	0	0
A	AG	20	120	1	1	BA1652	31129	8	0	0	0	0	0	0	0	1	0	0
A	AG	20	120	1	1	BA1652	31136	8	7	0	0	0	0	0	0	0	0	0
A	AG	20	120	1	1	BA1652	31176	7	8	2	0	1	0	0	0	0	0	0
A	AG	20	120	1	1	BA1652	31178	8	0	0	0	0	0	0	0	1	0	0
A	AG	20	120	1	1	BA1652	31183	8	0	0	0	1	0	0	0	0	0	0
A	AG	20	120	1	1	BA1652	31186	8	7	0	0	0	0	0	0	1	0	0
A	AG	20	120	1	1	BA1652	31202	7	8	2	0	1	0	0	0	0	0	0
A	AG	20	120	1	1	BA1652	31205	8	0	0	0	0	0	0	0	1	0	0
A	AG	20	120	1	1	BA1652	31212	8	7	0	0	0	0	0	0	0	0	0
A	AG	20	120	1	1	BA1652	31283	7	8	2	0	1	0	0	0	0	0	0
A	AG	20	120	1	1	BA1652	31285	8	0	0	0	0	0	0	0	1	0	0
A	AG	20	120	1	1	BA1652	31291	8	0	0	0	1	0	0	0	0	0	0
A	AG	20	120	1	1	BA1652	31293	8	7	0	0	0	0	0	0	0	0	0
A	AG	20	120	1	1	BA1652	31294	7	0	0	0	0	0	0	0	1	0	0
A	AG	20	120	1	1	BA1652	31298	7	8	2	0	1	0	0	0	0	0	0
A	AG	20	120	1	1	BA1652	31308	8	7	0	0	0	0	0	0	1	0	0
A	AG	20	120	1	1	BA1652	31382	7	8	2	0	1	0	0	0	0	0	0
A	AG	20	120	1	1	BA1652	31391	8	0	0	0	0	0	0	0	1	0	0
A	AG	20	120	1	1	BA1652	31392	8	7	0	0	0	0	0	0	0	0	0
A	AG	20	120	1	1	BA1652	31394	7	8	2	0	1	0	0	0	0	0	0
A	AG	20	120	1	1	BA1652	31398	8	0	0	0	0	0	0	0	1	0	0
A	AG	20	120	1	1	BA1652	31403	8	0	0	0	1	0	0	0	0	0	0
A	AG	20	120	1	1	BA1652	31404	8	7	0	0	0	0	0	0	0	0	0
A	AG	20	120	1	1	BA1652	31405	7	0	0	0	0	0	0	0	1	0	0
A	AG	20	120	1	1	BA1652	31406	7	8	2	0	1	0	0	0	0	0	0
A	AG	20	120	1	1	BA1652	31408	8	0	0	0	0	0	0	0	1	0	0
A	AG	20	120	1	1	BA1652	31410	8	0	0	0	1	0	0	0	0	0	0
A	AG	20	120	1	1	BA1652	31416	8	7	0	0	0	0	0	0	1	0	0
A	AG	20	120	1	1	BA1652	31418	7	8	2	0	1	0	0	0	0	0	0
A	AG	20	120	1	1	BA1652	31422	8	0	0	0	0	0	0	0	1	0	0
A	AG	20	120	1	1	BA1652	31428	8	7	0	0	1	0	0	0	0	0	0
A	AG	20	120	1	1	BA1652	31431	7	0	0	0	0	0	0	0	1	0	0
A	AG	20	120	1	1	BA1652	31440	7	8	2	0	1	0	0	0	0	0	0
A	AG	20	120	1	1	BA1652	31442	8	0	0	0	0	0	0	0	1	0	0
A	AG	20	120	1	1	BA1652	31450	8	7	0	0	0	0	0	0	0	0	0
A	AG	20	120	1	1	BA1652	31455	7	8	2	0	1	0	0	0	0	0	0
A	AG	20	120	1	1	BA1652	31460	8	0	0	0	0	0	0	0	1	0	0
A	AG	20	120	1	1	BA1652	31465	8	7	0	0	0	0	0	0	0	0	0
A	AG	20	120	1	1	BA1652	31467	7	8	2	0	1	0	0	0	0	0	0
A	AG	20	120	1	1	BA1652	31471	8	0	0	0	0	0	0	0	1	0	0
A	AG	20	120	1	1	BA1652	31477	8	7	0	0	0	0	0	0	0	0	0
A	AG	20	120	1	1	BA1652	31527	7	8	2	0	1	0	0	0	0	0	0
A	AG	20	120	1	1	BA1652	31530	8	0	0	0	0	0	0	0	1	0	0
A	AG	20	120	1	1	BA1652	31537	8	7	0	0	0	0	0	0	0	0	0
A	AG	20	120	1	1	BA1652	31547	7	8	2	0	1	0	0	0	0	0	0
A	AG	20	120	1	1	BA1652	31549	8	0	0	0	0	0	0	0	1	0	0
A	AG	20	120	1	1	BA1652	31557	8	7	0	0	0	0	0	0	0	0	0
A	AG	20	120	1	1	BA1652	31558	7	8	2	0	1	0	0	0	0	0	0
A	AG	20	120	1	1	BA1652	31567	8	0	0	0	0	0	0	0	1	0	0
A	AG	20	120	1	1	BA1652	31568	8	7	0	0	0	0	0	0	0	0	0
A	AG	20	120	1	1	BA1652	31571	7	8	2	0	1	0	0	0	0	0	0
A	AG	20	120	1	1	BA1652	31575	8	0	0	0	0	0	0	0	1	0	0
A	AG	20	120	1	1	BA1652	31579	8	0	0	0	1	0	0	0	0	0	0
A	AG	20	120	1	1	BA1652	31581	8	7	0	0	0	0	0	0	0	0	0
A	AG	20	120	1	1	BA1652	31582	7	0	0	0	0	0	0	0	1	0	0
A	AG	20	120	1	1	BA1652	31672	7	8	2	0	1	0	0	0	0	0	0
A	AG	20	120	1	1	BA1652	31677	8	0	0	0	0	0	0	0	1	0	0
A	AG	20	120	1	1	BA1652	31682	8	7	0	0	1	0	0	0	0	0	0
A	AG	20	120	1	1	BA1652	31705	7	0	0	0	0	0	0	0	1	0	0
A	AG	20	120	1	1	BA1652	31709	7	8	2	0	1	0	0	0	0	0	0
A	AG	20	120	1	1	BA1652	31719	8	7	0	0	0	0	0	0	0	0	0
A	AG	20	120	1	1	BA1652	31725	7	0	0	0	0	0	0	0	1	0	0
A	AG	20	120	1	1	BA1652	31726	7	8	2	0	1	0	0	0	0	0	0
A	AG	20	120	1	1	BA1652	31736	8	9	0	0	0	0	0	0	0	0	0
A	AG	20	120	1	1	BA1652	31739	9	0	0	0	0	0	0	0	1	0	0
A	AG	20	120	1	1	BA1652	31746	9	-1	0	0	0	0	0	0	0	0	0
