Project	UserID	Protocol	Session	Station	Run	Subject	Time	Current State	Transition State	Transition Event	A1 - 	A2 - 	A3 - 	A4 - 	A[1] 	A[2] 	A[3] 	A[4] 
A	AB	18	107	1	2	BA1652	0	0	1	0	0	0	0	0	0	0	0	0
A	AB	18	107	1	2	BA1652	50	1	2	0	0	0	0	0	0	0	0	0
A	AB	18	107	1	2	BA1652	51	2	3	0	0	0	0	0	0	0	0	0
A	AB	18	107	1	2	BA1652	178	3	5	1	1	0	0	0	0	0	0	0
A	AB	18	107	1	2	BA1652	188	5	4	0	0	0	0	0	0	0	0	0
A	AB	18	107	1	2	BA1652	191	4	0	0	0	0	0	0	1	0	0	0
A	AB	18	107	1	2	BA1652	201	4	5	1	1	0	0	0	0	0	0	0
A	AB	18	107	1	2	BA1652	203	5	0	0	1	0	0	0	1	0	0	0
A	AB	18	107	1	2	BA1652	207	5	0	0	1	0	0	0	1	0	0	0
A	AB	18	107	1	2	BA1652	211	5	4	0	0	0	0	0	0	0	0	0
A	AB	18	107	1	2	BA1652	212	4	0	0	0	0	0	0	1	0	0	0
A	AB	18	107	1	2	BA1652	216	4	5	1	1	0	0	0	0	0	0	0
A	AB	18	107	1	2	BA1652	226	5	4	0	0	0	0	0	0	0	0	0
A	AB	18	107	1	2	BA1652	239	4	0	0	0	0	0	0	1	0	0	0
A	AB	18	107	1	2	BA1652	240	4	5	1	1	0	0	0	0	0	0	0
A	AB	18	107	1	2	BA1652	247	5	0	0	0	0	0	0	1	0	0	0
A	AB	18	107	1	2	BA1652	250	5	4	0	0	0	0	0	0	0	0	0
A	AB	18	107	1	2	BA1652	252	4	5	1	1	0	0	0	0	0	0	0
A	AB	18	107	1	2	BA1652	255	5	0	0	0	0	0	0	1	0	0	0
A	AB	18	107	1	2	BA1652	262	5	9	0	0	0	0	0	0	0	0	0
A	AB	18	107	1	2	BA1652	272	9	10	0	0	0	0	0	0	0	0	0
A	AB	18	107	1	2	BA1652	347	10	2	0	0	0	0	0	0	0	0	0
A	AB	18	107	1	2	BA1652	348	2	3	0	0	0	0	0	0	0	0	0
A	AB	18	107	1	2	BA1652	373	3	5	1	1	0	0	0	0	0	0	0
A	AB	18	107	1	2	BA1652	383	5	4	0	0	0	0	0	0	0	0	0
A	AB	18	107	1	2	BA1652	393	4	0	0	0	0	0	0	1	0	0	0
A	AB	18	107	1	2	BA1652	399	4	5	1	1	0	0	0	0	0	0	0
A	AB	18	107	1	2	BA1652	404	5	0	0	0	0	0	0	1	0	0	0
A	AB	18	107	1	2	BA1652	409	5	4	0	0	0	0	0	0	0	0	0
A	AB	18	107	1	2	BA1652	414	4	5	1	1	0	0	0	0	0	0	0
A	AB	18	107	1	2	BA1652	424	5	4	0	0	0	0	0	0	0	0	0
A	AB	18	107	1	2	BA1652	428	4	0	0	0	0	0	0	1	0	0	0
A	AB	18	107	1	2	BA1652	430	4	5	1	1	0	0	0	0	0	0	0
A	AB	18	107	1	2	BA1652	437	5	0	0	0	0	0	0	1	0	0	0
A	AB	18	107	1	2	BA1652	439	5	0	0	1	0	0	0	0	0	0	0
A	AB	18	107	1	2	BA1652	440	5	4	0	0	0	0	0	0	0	0	0
A	AB	18	107	1	2	BA1652	448	4	0	0	0	0	0	0	1	0	0	0
A	AB	18	107	1	2	BA1652	465	4	5	1	1	0	0	0	0	0	0	0
A	AB	18	107	1	2	BA1652	475	5	9	0	0	0	0	0	0	0	0	0
A	AB	18	107	1	2	BA1652	480	9	0	0	0	0	0	0	1	0	0	0
A	AB	18	107	1	2	BA1652	484	9	0	0	1	0	0	0	0	0	0	0
A	AB	18	107	1	2	BA1652	485	9	10	0	0	0	0	0	0	0	0	0
A	AB	18	107	1	2	BA1652	498	10	0	0	0	0	0	0	1	0	0	0
A	AB	18	107	1	2	BA1652	560	10	2	0	0	0	0	0	0	0	0	0
A	AB	18	107	1	2	BA1652	561	2	3	0	0	0	0	0	0	0	0	0
A	AB	18	107	1	2	BA1652	617	3	5	1	1	0	0	0	0	0	0	0
A	AB	18	107	1	2	BA1652	627	5	4	0	0	0	0	0	0	0	0	0
A	AB	18	107	1	2	BA1652	644	4	0	0	0	0	0	0	1	0	0	0
A	AB	18	107	1	2	BA1652	662	4	5	1	1	0	0	0	0	0	0	0
A	AB	18	107	1	2	BA1652	665	5	0	0	0	0	0	0	1	0	0	0
A	AB	18	107	1	2	BA1652	672	5	4	0	1	0	0	0	0	0	0	0
A	AB	18	107	1	2	BA1652	693	4	0	0	0	0	0	0	1	0	0	0
A	AB	18	107	1	2	BA1652	714	4	5	1	1	0	0	0	0	0	0	0
A	AB	18	107	1	2	BA1652	716	5	0	0	1	0	0	0	1	0	0	0
A	AB	18	107	1	2	BA1652	720	5	0	0	0	0	0	0	1	0	0	0
A	AB	18	107	1	2	BA1652	724	5	4	0	0	0	0	0	0	0	0	0
A	AB	18	107	1	2	BA1652	732	4	5	1	1	0	0	0	0	0	0	0
A	AB	18	107	1	2	BA1652	737	5	0	0	0	0	0	0	1	0	0	0
A	AB	18	107	1	2	BA1652	742	5	4	0	0	0	0	0	0	0	0	0
A	AB	18	107	1	2	BA1652	753	4	5	1	1	0	0	0	0	0	0	0
A	AB	18	107	1	2	BA1652	757	5	0	0	0	0	0	0	1	0	0	0
A	AB	18	107	1	2	BA1652	763	5	9	0	0	0	0	0	0	0	0	0
A	AB	18	107	1	2	BA1652	765	9	0	0	1	0	0	0	0	0	0	0
A	AB	18	107	1	2	BA1652	771	9	0	0	0	0	0	0	1	0	0	0
A	AB	18	107	1	2	BA1652	773	9	10	0	0	0	0	0	0	0	0	0
A	AB	18	107	1	2	BA1652	774	10	0	0	1	0	0	0	0	0	0	0
A	AB	18	107	1	2	BA1652	779	10	0	0	0	0	0	0	1	0	0	0
A	AB	18	107	1	2	BA1652	782	10	0	0	1	0	0	0	0	0	0	0
A	AB	18	107	1	2	BA1652	786	10	0	0	0	0	0	0	1	0	0	0
A	AB	18	107	1	2	BA1652	848	10	2	0	0	0	0	0	0	0	0	0
A	AB	18	107	1	2	BA1652	849	2	6	0	0	0	0	0	0	0	0	0
A	AB	18	107	1	2	BA1652	963	6	0	0	1	0	0	0	0	0	0	0
A	AB	18	107	1	2	BA1652	1000	6	0	0	0	0	0	0	1	0	0	0
A	AB	18	107	1	2	BA1652	1082	6	8	2	0	1	0	0	0	0	0	0
A	AB	18	107	1	2	BA1652	1092	8	7	0	0	0	0	0	0	1	0	0
A	AB	18	107	1	2	BA1652	1115	7	8	2	0	1	0	0	0	0	0	0
A	AB	18	107	1	2	BA1652	1125	8	7	0	0	0	0	0	0	0	0	0
A	AB	18	107	1	2	BA1652	1209	7	0	0	0	0	0	0	0	1	0	0
A	AB	18	107	1	2	BA1652	1478	7	0	0	1	0	0	0	0	0	0	0
A	AB	18	107	1	2	BA1652	1492	7	0	0	0	0	0	0	1	0	0	0
A	AB	18	107	1	2	BA1652	1537	7	8	2	0	1	0	0	0	0	0	0
A	AB	18	107	1	2	BA1652	1547	8	7	0	0	0	0	0	0	0	0	0
A	AB	18	107	1	2	BA1652	1558	7	0	0	0	0	0	0	0	1	0	0
A	AB	18	107	1	2	BA1652	1569	7	8	2	0	1	0	0	0	0	0	0
A	AB	18	107	1	2	BA1652	1573	8	0	0	0	0	0	0	0	1	0	0
A	AB	18	107	1	2	BA1652	1579	8	7	0	0	0	0	0	0	0	0	0
A	AB	18	107	1	2	BA1652	1696	7	8	2	0	1	0	0	0	0	0	0
A	AB	18	107	1	2	BA1652	1698	8	0	0	0	0	0	0	0	1	0	0
A	AB	18	107	1	2	BA1652	1706	8	7	0	0	0	0	0	0	0	0	0
A	AB	18	107	1	2	BA1652	1729	7	8	2	0	1	0	0	0	0	0	0
A	AB	18	107	1	2	BA1652	1738	8	0	0	0	0	0	0	0	1	0	0
A	AB	18	107	1	2	BA1652	1739	8	7	0	0	0	0	0	0	0	0	0
A	AB	18	107	1	2	BA1652	1843	7	8	2	0	1	0	0	0	0	0	0
A	AB	18	107	1	2	BA1652	1853	8	7	0	0	0	0	0	0	0	0	0
A	AB	18	107	1	2	BA1652	1880	7	0	0	0	0	0	0	0	1	0	0
A	AB	18	107	1	2	BA1652	1882	7	8	2	0	1	0	0	0	0	0	0
A	AB	18	107	1	2	BA1652	1886	8	0	0	0	0	0	0	0	1	0	0
A	AB	18	107	1	2	BA1652	1892	8	7	0	0	0	0	0	0	0	0	0
A	AB	18	107	1	2	BA1652	1900	7	8	2	0	1	0	0	0	0	0	0
A	AB	18	107	1	2	BA1652	1910	8	7	0	0	0	0	0	0	0	0	0
A	AB	18	107	1	2	BA1652	1935	7	0	0	0	0	0	0	0	1	0	0
A	AB	18	107	1	2	BA1652	2000	7	8	2	0	1	0	0	0	0	0	0
A	AB	18	107	1	2	BA1652	2010	8	7	0	0	0	0	0	0	0	0	0
A	AB	18	107	1	2	BA1652	2016	7	0	0	0	0	0	0	0	1	0	0
A	AB	18	107	1	2	BA1652	2017	7	8	2	0	1	0	0	0	0	0	0
A	AB	18	107	1	2	BA1652	2020	8	0	0	0	0	0	0	0	1	0	0
A	AB	18	107	1	2	BA1652	2023	8	0	0	0	1	0	0	0	0	0	0
A	AB	18	107	1	2	BA1652	2027	8	7	0	0	0	0	0	0	0	0	0
A	AB	18	107	1	2	BA1652	2029	7	0	0	0	0	0	0	0	1	0	0
A	AB	18	107	1	2	BA1652	2044	7	8	2	0	1	0	0	0	0	0	0
A	AB	18	107	1	2	BA1652	2048	8	0	0	0	0	0	0	0	1	0	0
A	AB	18	107	1	2	BA1652	2054	8	7	0	0	0	0	0	0	0	0	0
A	AB	18	107	1	2	BA1652	2055	7	8	2	0	1	0	0	0	0	0	0
A	AB	18	107	1	2	BA1652	2065	8	7	0	0	0	0	0	0	0	0	0
A	AB	18	107	1	2	BA1652	2088	7	0	0	0	0	0	0	0	1	0	0
A	AB	18	107	1	2	BA1652	2108	7	8	2	0	1	0	0	0	0	0	0
A	AB	18	107	1	2	BA1652	2118	8	7	0	0	0	0	0	0	0	0	0
A	AB	18	107	1	2	BA1652	2125	7	0	0	0	0	0	0	0	1	0	0
A	AB	18	107	1	2	BA1652	2128	7	8	2	0	1	0	0	0	0	0	0
A	AB	18	107	1	2	BA1652	2134	8	0	0	0	0	0	0	0	1	0	0
A	AB	18	107	1	2	BA1652	2138	8	7	0	0	0	0	0	0	0	0	0
A	AB	18	107	1	2	BA1652	2160	7	8	2	0	1	0	0	0	0	0	0
A	AB	18	107	1	2	BA1652	2169	8	0	0	0	0	0	0	0	1	0	0
A	AB	18	107	1	2	BA1652	2170	8	7	0	0	0	0	0	0	0	0	0
A	AB	18	107	1	2	BA1652	2173	7	8	2	0	1	0	0	0	0	0	0
A	AB	18	107	1	2	BA1652	2183	8	7	0	0	0	0	0	0	0	0	0
A	AB	18	107	1	2	BA1652	2217	7	0	0	0	0	0	0	0	1	0	0
A	AB	18	107	1	2	BA1652	2232	7	8	2	0	1	0	0	0	0	0	0
A	AB	18	107	1	2	BA1652	2242	8	7	0	0	0	0	0	0	0	0	0
A	AB	18	107	1	2	BA1652	2273	7	0	0	0	0	0	0	0	1	0	0
A	AB	18	107	1	2	BA1652	2331	7	8	2	0	1	0	0	0	0	0	0
A	AB	18	107	1	2	BA1652	2336	8	0	0	0	0	0	0	0	1	0	0
A	AB	18	107	1	2	BA1652	2340	8	0	0	0	1	0	0	0	0	0	0
A	AB	18	107	1	2	BA1652	2341	8	7	0	0	0	0	0	0	0	0	0
A	AB	18	107	1	2	BA1652	2369	7	0	0	0	0	0	0	0	1	0	0
A	AB	18	107	1	2	BA1652	2372	7	8	2	0	1	0	0	0	0	0	0
A	AB	18	107	1	2	BA1652	2382	8	9	0	0	0	0	0	0	0	0	0
A	AB	18	107	1	2	BA1652	2387	9	0	0	0	0	0	0	0	1	0	0
A	AB	18	107	1	2	BA1652	2392	9	10	0	0	0	0	0	0	0	0	0
A	AB	18	107	1	2	BA1652	2467	10	2	0	0	0	0	0	0	0	0	0
A	AB	18	107	1	2	BA1652	2468	2	6	0	0	0	0	0	0	0	0	0
A	AB	18	107	1	2	BA1652	2611	6	8	2	0	1	0	0	0	0	0	0
A	AB	18	107	1	2	BA1652	2621	8	7	0	0	0	0	0	0	0	0	0
A	AB	18	107	1	2	BA1652	2622	7	0	0	0	0	0	0	0	1	0	0
A	AB	18	107	1	2	BA1652	2623	7	8	2	0	1	0	0	0	0	0	0
A	AB	18	107	1	2	BA1652	2626	8	0	0	0	0	0	0	0	1	0	0
A	AB	18	107	1	2	BA1652	2633	8	7	0	0	0	0	0	0	0	0	0
A	AB	18	107	1	2	BA1652	2642	7	8	2	0	1	0	0	0	0	0	0
A	AB	18	107	1	2	BA1652	2650	8	0	0	0	0	0	0	0	1	0	0
A	AB	18	107	1	2	BA1652	2652	8	7	0	0	0	0	0	0	0	0	0
A	AB	18	107	1	2	BA1652	2654	7	8	2	0	1	0	0	0	0	0	0
A	AB	18	107	1	2	BA1652	2663	8	0	0	0	1	0	0	0	1	0	0
A	AB	18	107	1	2	BA1652	2664	8	7	0	0	0	0	0	0	0	0	0
A	AB	18	107	1	2	BA1652	2669	7	0	0	0	0	0	0	0	1	0	0
A	AB	18	107	1	2	BA1652	2680	7	8	2	0	1	0	0	0	0	0	0
A	AB	18	107	1	2	BA1652	2690	8	7	0	0	0	0	0	0	0	0	0
A	AB	18	107	1	2	BA1652	2700	7	0	0	0	0	0	0	0	1	0	0
A	AB	18	107	1	2	BA1652	2726	7	8	2	0	1	0	0	0	0	0	0
A	AB	18	107	1	2	BA1652	2732	8	0	0	0	0	0	0	0	1	0	0
A	AB	18	107	1	2	BA1652	2735	8	0	0	0	1	0	0	0	0	0	0
A	AB	18	107	1	2	BA1652	2736	8	7	0	0	0	0	0	0	0	0	0
A	AB	18	107	1	2	BA1652	2755	7	0	0	0	0	0	0	0	1	0	0
A	AB	18	107	1	2	BA1652	2757	7	8	2	0	1	0	0	0	0	0	0
A	AB	18	107	1	2	BA1652	2767	8	7	0	0	0	0	0	0	0	0	0
A	AB	18	107	1	2	BA1652	2813	7	0	0	0	0	0	0	0	1	0	0
A	AB	18	107	1	2	BA1652	2818	7	8	2	0	1	0	0	0	0	0	0
A	AB	18	107	1	2	BA1652	2828	8	7	0	0	0	0	0	0	0	0	0
A	AB	18	107	1	2	BA1652	2845	7	0	0	0	0	0	0	0	1	0	0
A	AB	18	107	1	2	BA1652	2881	7	8	2	0	1	0	0	0	0	0	0
A	AB	18	107	1	2	BA1652	2882	8	0	0	0	0	0	0	0	1	0	0
A	AB	18	107	1	2	BA1652	2891	8	7	0	0	0	0	0	0	0	0	0
A	AB	18	107	1	2	BA1652	2933	7	8	2	0	1	0	0	0	0	0	0
A	AB	18	107	1	2	BA1652	2936	8	0	0	0	0	0	0	0	1	0	0
A	AB	18	107	1	2	BA1652	2937	8	0	0	0	1	0	0	0	0	0	0
A	AB	18	107	1	2	BA1652	2940	8	0	0	0	0	0	0	0	1	0	0
A	AB	18	107	1	2	BA1652	2943	8	7	0	0	0	0	0	0	0	0	0
A	AB	18	107	1	2	BA1652	2945	7	8	2	0	1	0	0	0	0	0	0
A	AB	18	107	1	2	BA1652	2949	8	0	0	0	0	0	0	0	1	0	0
A	AB	18	107	1	2	BA1652	2955	8	7	0	0	0	0	0	0	0	0	0
A	AB	18	107	1	2	BA1652	2960	7	8	2	0	1	0	0	0	0	0	0
A	AB	18	107	1	2	BA1652	2964	8	0	0	0	0	0	0	0	1	0	0
A	AB	18	107	1	2	BA1652	2965	8	0	0	0	1	0	0	0	0	0	0
A	AB	18	107	1	2	BA1652	2969	8	0	0	0	0	0	0	0	1	0	0
A	AB	18	107	1	2	BA1652	2970	8	7	0	0	0	0	0	0	0	0	0
A	AB	18	107	1	2	BA1652	2975	7	8	2	0	1	0	0	0	0	0	0
A	AB	18	107	1	2	BA1652	2980	8	0	0	0	0	0	0	0	1	0	0
A	AB	18	107	1	2	BA1652	2985	8	7	0	0	0	0	0	0	0	0	0
A	AB	18	107	1	2	BA1652	2989	7	8	2	0	1	0	0	0	0	0	0
A	AB	18	107	1	2	BA1652	2992	8	0	0	0	0	0	0	0	1	0	0
A	AB	18	107	1	2	BA1652	2993	8	0	0	0	1	0	0	0	0	0	0
A	AB	18	107	1	2	BA1652	2999	8	7	0	0	0	0	0	0	0	0	0
A	AB	18	107	1	2	BA1652	3001	7	8	2	0	1	0	0	0	1	0	0
A	AB	18	107	1	2	BA1652	3003	8	0	0	0	0	0	0	0	1	0	0
A	AB	18	107	1	2	BA1652	3004	8	0	0	0	1	0	0	0	0	0	0
A	AB	18	107	1	2	BA1652	3011	8	7	0	0	0	0	0	0	0	0	0
A	AB	18	107	1	2	BA1652	3015	7	0	0	0	0	0	0	0	1	0	0
A	AB	18	107	1	2	BA1652	3029	7	8	2	0	1	0	0	0	0	0	0
A	AB	18	107	1	2	BA1652	3031	8	0	0	0	0	0	0	0	1	0	0
A	AB	18	107	1	2	BA1652	3036	8	0	0	0	1	0	0	0	0	0	0
A	AB	18	107	1	2	BA1652	3038	8	0	0	0	0	0	0	0	1	0	0
A	AB	18	107	1	2	BA1652	3039	8	7	0	0	0	0	0	0	0	0	0
A	AB	18	107	1	2	BA1652	3042	7	8	2	0	1	0	0	0	0	0	0
A	AB	18	107	1	2	BA1652	3045	8	0	0	0	0	0	0	0	1	0	0
A	AB	18	107	1	2	BA1652	3052	8	7	0	0	0	0	0	0	0	0	0
A	AB	18	107	1	2	BA1652	3079	7	8	2	0	1	0	0	0	0	0	0
A	AB	18	107	1	2	BA1652	3089	8	7	0	0	0	0	0	0	0	0	0
A	AB	18	107	1	2	BA1652	3116	7	0	0	0	0	0	0	0	1	0	0
A	AB	18	107	1	2	BA1652	3126	7	8	2	0	1	0	0	0	0	0	0
A	AB	18	107	1	2	BA1652	3130	8	0	0	0	0	0	0	0	1	0	0
A	AB	18	107	1	2	BA1652	3136	8	7	0	0	0	0	0	0	0	0	0
A	AB	18	107	1	2	BA1652	3162	7	8	2	0	1	0	0	0	0	0	0
A	AB	18	107	1	2	BA1652	3170	8	0	0	0	1	0	0	0	1	0	0
A	AB	18	107	1	2	BA1652	3172	8	9	0	0	0	0	0	0	0	0	0
A	AB	18	107	1	2	BA1652	3182	9	10	0	0	0	0	0	0	0	0	0
A	AB	18	107	1	2	BA1652	3192	10	0	0	0	0	0	0	0	1	0	0
A	AB	18	107	1	2	BA1652	3257	10	2	0	0	0	0	0	0	0	0	0
A	AB	18	107	1	2	BA1652	3258	2	6	0	0	0	0	0	0	0	0	0
A	AB	18	107	1	2	BA1652	3459	6	8	2	0	1	0	0	0	0	0	0
A	AB	18	107	1	2	BA1652	3469	8	7	0	0	0	0	0	0	0	0	0
A	AB	18	107	1	2	BA1652	3471	7	0	0	0	0	0	0	0	1	0	0
A	AB	18	107	1	2	BA1652	3475	7	8	2	0	1	0	0	0	0	0	0
A	AB	18	107	1	2	BA1652	3480	8	0	0	0	0	0	0	0	1	0	0
A	AB	18	107	1	2	BA1652	3485	8	7	0	0	0	0	0	0	0	0	0
A	AB	18	107	1	2	BA1652	3510	7	8	2	0	1	0	0	0	0	0	0
A	AB	18	107	1	2	BA1652	3520	8	7	0	0	0	0	0	0	0	0	0
A	AB	18	107	1	2	BA1652	3521	7	0	0	0	0	0	0	0	1	0	0
A	AB	18	107	1	2	BA1652	3606	7	8	2	0	1	0	0	0	0	0	0
A	AB	18	107	1	2	BA1652	3616	8	7	0	0	0	0	0	0	0	0	0
A	AB	18	107	1	2	BA1652	3643	7	0	0	0	0	0	0	0	1	0	0
A	AB	18	107	1	2	BA1652	3651	7	8	2	0	1	0	0	0	0	0	0
A	AB	18	107	1	2	BA1652	3655	8	0	0	0	0	0	0	0	1	0	0
A	AB	18	107	1	2	BA1652	3661	8	7	0	0	1	0	0	0	0	0	0
A	AB	18	107	1	2	BA1652	3671	7	0	0	0	0	0	0	0	1	0	0
A	AB	18	107	1	2	BA1652	3685	7	8	2	0	1	0	0	0	0	0	0
A	AB	18	107	1	2	BA1652	3686	8	0	0	0	0	0	0	0	1	0	0
A	AB	18	107	1	2	BA1652	3695	8	7	0	0	0	0	0	0	0	0	0
A	AB	18	107	1	2	BA1652	3717	7	8	2	0	1	0	0	0	0	0	0
A	AB	18	107	1	2	BA1652	3722	8	0	0	0	0	0	0	0	1	0	0
A	AB	18	107	1	2	BA1652	3724	8	0	0	0	1	0	0	0	0	0	0
A	AB	18	107	1	2	BA1652	3727	8	7	0	0	0	0	0	0	0	0	0
A	AB	18	107	1	2	BA1652	3728	7	0	0	0	0	0	0	0	1	0	0
A	AB	18	107	1	2	BA1652	3743	7	8	2	0	1	0	0	0	0	0	0
A	AB	18	107	1	2	BA1652	3753	8	7	0	0	0	0	0	0	0	0	0
A	AB	18	107	1	2	BA1652	3756	7	0	0	0	0	0	0	0	1	0	0
A	AB	18	107	1	2	BA1652	3757	7	8	2	0	1	0	0	0	0	0	0
A	AB	18	107	1	2	BA1652	3763	8	0	0	0	0	0	0	0	1	0	0
A	AB	18	107	1	2	BA1652	3767	8	7	0	0	0	0	0	0	0	0	0
A	AB	18	107	1	2	BA1652	3792	7	8	2	0	1	0	0	0	0	0	0
A	AB	18	107	1	2	BA1652	3797	8	0	0	0	0	0	0	0	1	0	0
A	AB	18	107	1	2	BA1652	3801	8	0	0	0	1	0	0	0	0	0	0
A	AB	18	107	1	2	BA1652	3802	8	7	0	0	0	0	0	0	0	0	0
A	AB	18	107	1	2	BA1652	3817	7	0	0	0	0	0	0	0	1	0	0
A	AB	18	107	1	2	BA1652	3822	7	8	2	0	1	0	0	0	0	0	0
A	AB	18	107	1	2	BA1652	3831	8	0	0	0	0	0	0	0	1	0	0
A	AB	18	107	1	2	BA1652	3832	8	7	0	0	0	0	0	0	0	0	0
A	AB	18	107	1	2	BA1652	3844	7	8	2	0	1	0	0	0	0	0	0
A	AB	18	107	1	2	BA1652	3854	8	7	0	0	0	0	0	0	0	0	0
A	AB	18	107	1	2	BA1652	3865	7	0	0	0	0	0	0	0	1	0	0
A	AB	18	107	1	2	BA1652	3870	7	8	2	0	1	0	0	0	0	0	0
A	AB	18	107	1	2	BA1652	3878	8	0	0	0	0	0	0	0	1	0	0
A	AB	18	107	1	2	BA1652	3880	8	7	0	0	0	0	0	0	0	0	0
A	AB	18	107	1	2	BA1652	3932	7	8	2	0	1	0	0	0	0	0	0
A	AB	18	107	1	2	BA1652	3939	8	0	0	0	0	0	0	0	1	0	0
A	AB	18	107	1	2	BA1652	3942	8	7	0	0	1	0	0	0	0	0	0
A	AB	18	107	1	2	BA1652	3978	7	0	0	0	0	0	0	0	1	0	0
A	AB	18	107	1	2	BA1652	3983	7	8	2	0	1	0	0	0	0	0	0
A	AB	18	107	1	2	BA1652	3993	8	7	0	0	0	0	0	0	0	0	0
A	AB	18	107	1	2	BA1652	3997	7	0	0	0	0	0	0	0	1	0	0
A	AB	18	107	1	2	BA1652	4003	7	8	2	0	1	0	0	0	0	0	0
A	AB	18	107	1	2	BA1652	4010	8	0	0	0	0	0	0	0	1	0	0
A	AB	18	107	1	2	BA1652	4013	8	7	0	0	0	0	0	0	0	0	0
A	AB	18	107	1	2	BA1652	4014	7	8	2	0	1	0	0	0	0	0	0
A	AB	18	107	1	2	BA1652	4019	8	0	0	0	0	0	0	0	1	0	0
A	AB	18	107	1	2	BA1652	4024	8	7	0	0	0	0	0	0	0	0	0
A	AB	18	107	1	2	BA1652	4140	7	8	2	0	1	0	0	0	0	0	0
A	AB	18	107	1	2	BA1652	4147	8	0	0	0	0	0	0	0	1	0	0
A	AB	18	107	1	2	BA1652	4150	8	7	0	0	1	0	0	0	0	0	0
A	AB	18	107	1	2	BA1652	4164	7	0	0	0	0	0	0	0	1	0	0
A	AB	18	107	1	2	BA1652	4166	7	8	2	0	1	0	0	0	0	0	0
A	AB	18	107	1	2	BA1652	4176	8	7	0	0	0	0	0	0	0	0	0
A	AB	18	107	1	2	BA1652	4200	7	0	0	0	0	0	0	0	1	0	0
A	AB	18	107	1	2	BA1652	4207	7	8	2	0	1	0	0	0	0	0	0
A	AB	18	107	1	2	BA1652	4217	8	9	0	0	0	0	0	0	0	0	0
A	AB	18	107	1	2	BA1652	4227	9	10	0	0	0	0	0	0	0	0	0
A	AB	18	107	1	2	BA1652	4230	10	0	0	0	0	0	0	0	1	0	0
A	AB	18	107	1	2	BA1652	4302	10	2	0	0	0	0	0	0	0	0	0
A	AB	18	107	1	2	BA1652	4303	2	3	0	0	0	0	0	0	0	0	0
A	AB	18	107	1	2	BA1652	4378	3	5	1	1	0	0	0	0	0	0	0
A	AB	18	107	1	2	BA1652	4383	5	0	0	0	0	0	0	1	0	0	0
A	AB	18	107	1	2	BA1652	4388	5	4	0	0	0	0	0	0	0	0	0
A	AB	18	107	1	2	BA1652	4389	4	5	1	1	0	0	0	0	0	0	0
A	AB	18	107	1	2	BA1652	4399	5	4	0	0	0	0	0	0	0	0	0
A	AB	18	107	1	2	BA1652	4402	4	0	0	0	0	0	0	1	0	0	0
A	AB	18	107	1	2	BA1652	4403	4	5	1	1	0	0	0	0	0	0	0
A	AB	18	107	1	2	BA1652	4407	5	0	0	0	0	0	0	1	0	0	0
A	AB	18	107	1	2	BA1652	4413	5	4	0	0	0	0	0	0	0	0	0
A	AB	18	107	1	2	BA1652	4417	4	5	1	1	0	0	0	0	0	0	0
A	AB	18	107	1	2	BA1652	4427	5	4	0	0	0	0	0	0	0	0	0
A	AB	18	107	1	2	BA1652	4438	4	0	0	0	0	0	0	1	0	0	0
A	AB	18	107	1	2	BA1652	4443	4	5	1	1	0	0	0	0	0	0	0
A	AB	18	107	1	2	BA1652	4446	5	0	0	0	0	0	0	1	0	0	0
A	AB	18	107	1	2	BA1652	4450	5	0	0	1	0	0	0	0	0	0	0
A	AB	18	107	1	2	BA1652	4453	5	9	0	0	0	0	0	0	0	0	0
A	AB	18	107	1	2	BA1652	4463	9	10	0	0	0	0	0	1	0	0	0
A	AB	18	107	1	2	BA1652	4538	10	2	0	0	0	0	0	0	0	0	0
A	AB	18	107	1	2	BA1652	4539	2	3	0	0	0	0	0	0	0	0	0
A	AB	18	107	1	2	BA1652	4618	3	5	1	1	0	0	0	0	0	0	0
A	AB	18	107	1	2	BA1652	4628	5	4	0	0	0	0	0	0	0	0	0
A	AB	18	107	1	2	BA1652	4629	4	5	1	1	0	0	0	1	0	0	0
A	AB	18	107	1	2	BA1652	4639	5	4	0	0	0	0	0	1	0	0	0
A	AB	18	107	1	2	BA1652	4649	4	5	1	1	0	0	0	0	0	0	0
A	AB	18	107	1	2	BA1652	4654	5	0	0	0	0	0	0	1	0	0	0
A	AB	18	107	1	2	BA1652	4656	5	0	0	1	0	0	0	0	0	0	0
A	AB	18	107	1	2	BA1652	4658	5	0	0	0	0	0	0	1	0	0	0
A	AB	18	107	1	2	BA1652	4659	5	4	0	0	0	0	0	0	0	0	0
A	AB	18	107	1	2	BA1652	4666	4	5	1	1	0	0	0	0	0	0	0
A	AB	18	107	1	2	BA1652	4672	5	0	0	0	0	0	0	1	0	0	0
A	AB	18	107	1	2	BA1652	4676	5	4	0	0	0	0	0	0	0	0	0
A	AB	18	107	1	2	BA1652	4690	4	5	1	1	0	0	0	0	0	0	0
A	AB	18	107	1	2	BA1652	4700	5	9	0	0	0	0	0	1	0	0	0
A	AB	18	107	1	2	BA1652	4710	9	10	0	0	0	0	0	0	0	0	0
A	AB	18	107	1	2	BA1652	4711	10	0	0	1	0	0	0	0	0	0	0
A	AB	18	107	1	2	BA1652	4716	10	0	0	0	0	0	0	1	0	0	0
A	AB	18	107	1	2	BA1652	4785	10	2	0	0	0	0	0	0	0	0	0
A	AB	18	107	1	2	BA1652	4786	2	6	0	0	0	0	0	0	0	0	0
A	AB	18	107	1	2	BA1652	5346	6	8	2	0	1	0	0	0	0	0	0
A	AB	18	107	1	2	BA1652	5348	8	0	0	0	0	0	0	0	1	0	0
A	AB	18	107	1	2	BA1652	5353	8	0	0	0	1	0	0	0	0	0	0
A	AB	18	107	1	2	BA1652	5356	8	7	0	0	0	0	0	0	0	0	0
A	AB	18	107	1	2	BA1652	5359	7	0	0	0	0	0	0	0	1	0	0
A	AB	18	107	1	2	BA1652	5360	7	8	2	0	1	0	0	0	0	0	0
A	AB	18	107	1	2	BA1652	5370	8	7	0	0	0	0	0	0	0	0	0
A	AB	18	107	1	2	BA1652	5412	7	0	0	0	0	0	0	0	1	0	0
A	AB	18	107	1	2	BA1652	5431	7	8	2	0	1	0	0	0	0	0	0
A	AB	18	107	1	2	BA1652	5434	8	0	0	0	0	0	0	0	1	0	0
A	AB	18	107	1	2	BA1652	5441	8	7	0	0	0	0	0	0	0	0	0
A	AB	18	107	1	2	BA1652	5450	7	8	2	0	1	0	0	0	0	0	0
A	AB	18	107	1	2	BA1652	5458	8	0	0	0	0	0	0	0	1	0	0
A	AB	18	107	1	2	BA1652	5460	8	7	0	0	0	0	0	0	0	0	0
A	AB	18	107	1	2	BA1652	5466	7	8	2	0	1	0	0	0	0	0	0
A	AB	18	107	1	2	BA1652	5476	8	7	0	0	0	0	0	0	0	0	0
A	AB	18	107	1	2	BA1652	5480	7	0	0	0	0	0	0	0	1	0	0
A	AB	18	107	1	2	BA1652	5481	7	8	2	0	1	0	0	0	0	0	0
A	AB	18	107	1	2	BA1652	5491	8	7	0	0	0	0	0	0	1	0	0
A	AB	18	107	1	2	BA1652	5492	7	8	2	0	1	0	0	0	0	0	0
A	AB	18	107	1	2	BA1652	5496	8	0	0	0	0	0	0	0	1	0	0
A	AB	18	107	1	2	BA1652	5502	8	7	0	0	0	0	0	0	0	0	0
A	AB	18	107	1	2	BA1652	5541	7	8	2	0	1	0	0	0	0	0	0
A	AB	18	107	1	2	BA1652	5551	8	7	0	0	0	0	0	0	0	0	0
A	AB	18	107	1	2	BA1652	5552	7	0	0	0	0	0	0	0	1	0	0
A	AB	18	107	1	2	BA1652	5559	7	8	2	0	1	0	0	0	0	0	0
A	AB	18	107	1	2	BA1652	5566	8	0	0	0	0	0	0	0	1	0	0
A	AB	18	107	1	2	BA1652	5568	8	0	0	0	1	0	0	0	0	0	0
A	AB	18	107	1	2	BA1652	5569	8	7	0	0	0	0	0	0	0	0	0
A	AB	18	107	1	2	BA1652	5580	7	0	0	0	0	0	0	0	1	0	0
A	AB	18	107	1	2	BA1652	5589	7	8	2	0	1	0	0	0	0	0	0
A	AB	18	107	1	2	BA1652	5599	8	7	0	0	0	0	0	0	0	0	0
A	AB	18	107	1	2	BA1652	5621	7	0	0	0	0	0	0	0	1	0	0
A	AB	18	107	1	2	BA1652	5706	7	8	2	0	1	0	0	0	0	0	0
A	AB	18	107	1	2	BA1652	5716	8	7	0	0	0	0	0	0	0	0	0
A	AB	18	107	1	2	BA1652	5729	7	0	0	0	0	0	0	0	1	0	0
A	AB	18	107	1	2	BA1652	5731	7	8	2	0	1	0	0	0	0	0	0
A	AB	18	107	1	2	BA1652	5737	8	0	0	0	0	0	0	0	1	0	0
A	AB	18	107	1	2	BA1652	5740	8	0	0	0	1	0	0	0	0	0	0
A	AB	18	107	1	2	BA1652	5741	8	7	0	0	0	0	0	0	0	0	0
A	AB	18	107	1	2	BA1652	5762	7	0	0	0	0	0	0	0	1	0	0
A	AB	18	107	1	2	BA1652	5816	7	8	2	0	1	0	0	0	0	0	0
A	AB	18	107	1	2	BA1652	5826	8	7	0	0	0	0	0	0	0	0	0
A	AB	18	107	1	2	BA1652	5842	7	0	0	0	0	0	0	0	1	0	0
A	AB	18	107	1	2	BA1652	5846	7	8	2	0	1	0	0	0	0	0	0
A	AB	18	107	1	2	BA1652	5851	8	0	0	0	0	0	0	0	1	0	0
A	AB	18	107	1	2	BA1652	5856	8	7	0	0	0	0	0	0	0	0	0
A	AB	18	107	1	2	BA1652	5861	7	8	2	0	1	0	0	0	0	0	0
A	AB	18	107	1	2	BA1652	5865	8	0	0	0	0	0	0	0	1	0	0
A	AB	18	107	1	2	BA1652	5871	8	7	0	0	0	0	0	0	0	0	0
A	AB	18	107	1	2	BA1652	5939	7	8	2	0	1	0	0	0	0	0	0
A	AB	18	107	1	2	BA1652	5944	8	0	0	0	0	0	0	0	1	0	0
A	AB	18	107	1	2	BA1652	5946	8	0	0	0	1	0	0	0	0	0	0
A	AB	18	107	1	2	BA1652	5949	8	7	0	0	0	0	0	0	0	0	0
A	AB	18	107	1	2	BA1652	5957	7	0	0	0	0	0	0	0	1	0	0
A	AB	18	107	1	2	BA1652	5961	7	8	2	0	1	0	0	0	0	0	0
A	AB	18	107	1	2	BA1652	5971	8	7	0	0	0	0	0	0	0	0	0
A	AB	18	107	1	2	BA1652	5995	7	0	0	0	0	0	0	0	1	0	0
A	AB	18	107	1	2	BA1652	6001	7	8	2	0	1	0	0	0	0	0	0
A	AB	18	107	1	2	BA1652	6011	8	7	0	0	0	0	0	0	0	0	0
A	AB	18	107	1	2	BA1652	6012	7	0	0	0	0	0	0	0	1	0	0
A	AB	18	107	1	2	BA1652	6025	7	8	2	0	1	0	0	0	0	0	0
A	AB	18	107	1	2	BA1652	6027	8	0	0	0	0	0	0	0	1	0	0
A	AB	18	107	1	2	BA1652	6029	8	0	0	0	1	0	0	0	0	0	0
A	AB	18	107	1	2	BA1652	6033	8	0	0	0	0	0	0	0	1	0	0
A	AB	18	107	1	2	BA1652	6034	8	0	0	0	1	0	0	0	0	0	0
A	AB	18	107	1	2	BA1652	6035	8	7	0	0	0	0	0	0	0	0	0
A	AB	18	107	1	2	BA1652	6103	7	0	0	0	0	0	0	0	1	0	0
A	AB	18	107	1	2	BA1652	6112	7	8	2	0	1	0	0	0	0	0	0
A	AB	18	107	1	2	BA1652	6113	8	0	0	0	0	0	0	0	1	0	0
A	AB	18	107	1	2	BA1652	6122	8	9	0	0	0	0	0	0	0	0	0
A	AB	18	107	1	2	BA1652	6132	9	10	0	0	0	0	0	0	0	0	0
A	AB	18	107	1	2	BA1652	6207	10	2	0	0	0	0	0	0	0	0	0
A	AB	18	107	1	2	BA1652	6208	2	6	0	0	0	0	0	0	0	0	0
A	AB	18	107	1	2	BA1652	6366	6	8	2	0	1	0	0	0	0	0	0
A	AB	18	107	1	2	BA1652	6376	8	7	0	0	0	0	0	0	0	0	0
A	AB	18	107	1	2	BA1652	6379	7	0	0	0	0	0	0	0	1	0	0
A	AB	18	107	1	2	BA1652	6381	7	8	2	0	1	0	0	0	0	0	0
A	AB	18	107	1	2	BA1652	6388	8	0	0	0	0	0	0	0	1	0	0
A	AB	18	107	1	2	BA1652	6391	8	7	0	0	0	0	0	0	0	0	0
A	AB	18	107	1	2	BA1652	6457	7	8	2	0	1	0	0	0	0	0	0
A	AB	18	107	1	2	BA1652	6463	8	0	0	0	0	0	0	0	1	0	0
A	AB	18	107	1	2	BA1652	6467	8	7	0	0	0	0	0	0	0	0	0
A	AB	18	107	1	2	BA1652	6553	7	8	2	0	1	0	0	0	0	0	0
A	AB	18	107	1	2	BA1652	6563	8	7	0	0	0	0	0	0	0	0	0
A	AB	18	107	1	2	BA1652	6564	7	0	0	0	0	0	0	0	1	0	0
A	AB	18	107	1	2	BA1652	6565	7	8	2	0	1	0	0	0	0	0	0
A	AB	18	107	1	2	BA1652	6575	8	7	0	0	0	0	0	0	0	0	0
A	AB	18	107	1	2	BA1652	6580	7	0	0	0	0	0	0	0	1	0	0
A	AB	18	107	1	2	BA1652	6601	7	8	2	0	1	0	0	0	0	0	0
A	AB	18	107	1	2	BA1652	6604	8	0	0	0	0	0	0	0	1	0	0
A	AB	18	107	1	2	BA1652	6611	8	7	0	0	0	0	0	0	0	0	0
A	AB	18	107	1	2	BA1652	6677	7	8	2	0	1	0	0	0	0	0	0
A	AB	18	107	1	2	BA1652	6687	8	7	0	0	0	0	0	0	1	0	0
A	AB	18	107	1	2	BA1652	6688	7	8	2	0	1	0	0	0	0	0	0
A	AB	18	107	1	2	BA1652	6698	8	7	0	0	0	0	0	0	0	0	0
A	AB	18	107	1	2	BA1652	6719	7	0	0	0	0	0	0	0	1	0	0
A	AB	18	107	1	2	BA1652	6724	7	8	2	0	1	0	0	0	0	0	0
A	AB	18	107	1	2	BA1652	6734	8	7	0	0	0	0	0	0	0	0	0
A	AB	18	107	1	2	BA1652	6749	7	0	0	0	0	0	0	0	1	0	0
A	AB	18	107	1	2	BA1652	6754	7	8	2	0	1	0	0	0	0	0	0
A	AB	18	107	1	2	BA1652	6761	8	0	0	0	0	0	0	0	1	0	0
A	AB	18	107	1	2	BA1652	6764	8	7	0	0	0	0	0	0	0	0	0
A	AB	18	107	1	2	BA1652	6765	7	8	2	0	1	0	0	0	0	0	0
A	AB	18	107	1	2	BA1652	6775	8	7	0	0	0	0	0	0	0	0	0
A	AB	18	107	1	2	BA1652	6778	7	0	0	0	0	0	0	0	1	0	0
A	AB	18	107	1	2	BA1652	6783	7	8	2	0	1	0	0	0	0	0	0
A	AB	18	107	1	2	BA1652	6788	8	0	0	0	0	0	0	0	1	0	0
A	AB	18	107	1	2	BA1652	6793	8	7	0	0	1	0	0	0	0	0	0
A	AB	18	107	1	2	BA1652	6802	7	0	0	0	0	0	0	0	1	0	0
A	AB	18	107	1	2	BA1652	6809	7	8	2	0	1	0	0	0	0	0	0
A	AB	18	107	1	2	BA1652	6811	8	0	0	0	0	0	0	0	1	0	0
A	AB	18	107	1	2	BA1652	6819	8	7	0	0	0	0	0	0	0	0	0
A	AB	18	107	1	2	BA1652	6844	7	8	2	0	1	0	0	0	0	0	0
A	AB	18	107	1	2	BA1652	6854	8	7	0	0	0	0	0	0	0	0	0
A	AB	18	107	1	2	BA1652	6863	7	8	2	0	1	0	0	0	1	0	0
A	AB	18	107	1	2	BA1652	6873	8	7	0	0	0	0	0	0	0	0	0
A	AB	18	107	1	2	BA1652	6887	7	0	0	0	0	0	0	0	1	0	0
A	AB	18	107	1	2	BA1652	6914	7	8	2	0	1	0	0	0	0	0	0
A	AB	18	107	1	2	BA1652	6916	8	0	0	0	0	0	0	0	1	0	0
A	AB	18	107	1	2	BA1652	6924	8	7	0	0	0	0	0	0	0	0	0
A	AB	18	107	1	2	BA1652	6944	7	8	2	0	1	0	0	0	0	0	0
A	AB	18	107	1	2	BA1652	6954	8	7	0	0	0	0	0	0	0	0	0
A	AB	18	107	1	2	BA1652	6956	7	0	0	0	0	0	0	0	1	0	0
A	AB	18	107	1	2	BA1652	7022	7	8	2	0	1	0	0	0	0	0	0
A	AB	18	107	1	2	BA1652	7032	8	7	0	0	0	0	0	0	0	0	0
A	AB	18	107	1	2	BA1652	7050	7	0	0	0	0	0	0	0	1	0	0
A	AB	18	107	1	2	BA1652	7054	7	8	2	0	1	0	0	0	0	0	0
A	AB	18	107	1	2	BA1652	7057	8	0	0	0	0	0	0	0	1	0	0
A	AB	18	107	1	2	BA1652	7058	8	0	0	0	1	0	0	0	0	0	0
A	AB	18	107	1	2	BA1652	7064	8	7	0	0	1	0	0	0	1	0	0
A	AB	18	107	1	2	BA1652	7089	7	0	0	0	0	0	0	0	1	0	0
A	AB	18	107	1	2	BA1652	7091	7	8	2	0	1	0	0	0	0	0	0
A	AB	18	107	1	2	BA1652	7101	8	9	0	0	0	0	0	0	0	0	0
A	AB	18	107	1	2	BA1652	7106	9	0	0	0	0	0	0	0	1	0	0
A	AB	18	107	1	2	BA1652	7111	9	10	0	0	0	0	0	0	0	0	0
A	AB	18	107	1	2	BA1652	7186	10	2	0	0	0	0	0	0	0	0	0
A	AB	18	107	1	2	BA1652	7187	2	6	0	0	0	0	0	0	0	0	0
A	AB	18	107	1	2	BA1652	7362	6	8	2	0	1	0	0	0	0	0	0
A	AB	18	107	1	2	BA1652	7366	8	0	0	0	0	0	0	0	1	0	0
A	AB	18	107	1	2	BA1652	7368	8	0	0	0	1	0	0	0	0	0	0
A	AB	18	107	1	2	BA1652	7372	8	7	0	0	0	0	0	0	0	0	0
A	AB	18	107	1	2	BA1652	7399	7	0	0	0	0	0	0	0	1	0	0
A	AB	18	107	1	2	BA1652	7402	7	8	2	0	1	0	0	0	0	0	0
A	AB	18	107	1	2	BA1652	7412	8	7	0	0	0	0	0	0	0	0	0
A	AB	18	107	1	2	BA1652	7436	7	0	0	0	0	0	0	0	1	0	0
A	AB	18	107	1	2	BA1652	7439	7	8	2	0	1	0	0	0	0	0	0
A	AB	18	107	1	2	BA1652	7449	8	7	0	0	0	0	0	0	0	0	0
A	AB	18	107	1	2	BA1652	7453	7	0	0	0	0	0	0	0	1	0	0
A	AB	18	107	1	2	BA1652	7489	7	8	2	0	1	0	0	0	0	0	0
A	AB	18	107	1	2	BA1652	7499	8	7	0	0	0	0	0	0	0	0	0
A	AB	18	107	1	2	BA1652	7507	7	0	0	0	0	0	0	0	1	0	0
A	AB	18	107	1	2	BA1652	7511	7	8	2	0	1	0	0	0	0	0	0
A	AB	18	107	1	2	BA1652	7519	8	0	0	0	0	0	0	0	1	0	0
A	AB	18	107	1	2	BA1652	7521	8	7	0	0	0	0	0	0	0	0	0
A	AB	18	107	1	2	BA1652	7566	7	8	2	0	1	0	0	0	0	0	0
A	AB	18	107	1	2	BA1652	7572	8	0	0	0	0	0	0	0	1	0	0
A	AB	18	107	1	2	BA1652	7574	8	0	0	0	1	0	0	0	0	0	0
A	AB	18	107	1	2	BA1652	7576	8	7	0	0	0	0	0	0	0	0	0
A	AB	18	107	1	2	BA1652	7592	7	0	0	0	0	0	0	0	1	0	0
A	AB	18	107	1	2	BA1652	7597	7	8	2	0	1	0	0	0	0	0	0
A	AB	18	107	1	2	BA1652	7607	8	7	0	0	0	0	0	0	0	0	0
A	AB	18	107	1	2	BA1652	7619	7	0	0	0	0	0	0	0	1	0	0
A	AB	18	107	1	2	BA1652	7626	7	8	2	0	1	0	0	0	0	0	0
A	AB	18	107	1	2	BA1652	7636	8	7	0	0	0	0	0	0	0	0	0
A	AB	18	107	1	2	BA1652	7643	7	0	0	0	0	0	0	0	1	0	0
A	AB	18	107	1	2	BA1652	7645	7	8	2	0	1	0	0	0	0	0	0
A	AB	18	107	1	2	BA1652	7653	8	0	0	0	0	0	0	0	1	0	0
A	AB	18	107	1	2	BA1652	7655	8	7	0	0	1	0	0	0	0	0	0
A	AB	18	107	1	2	BA1652	7659	7	0	0	0	0	0	0	0	1	0	0
A	AB	18	107	1	2	BA1652	7667	7	8	2	0	1	0	0	0	0	0	0
A	AB	18	107	1	2	BA1652	7670	8	0	0	0	0	0	0	0	1	0	0
A	AB	18	107	1	2	BA1652	7673	8	0	0	0	1	0	0	0	0	0	0
A	AB	18	107	1	2	BA1652	7677	8	7	0	0	0	0	0	0	0	0	0
A	AB	18	107	1	2	BA1652	7679	7	0	0	0	0	0	0	0	1	0	0
A	AB	18	107	1	2	BA1652	7695	7	8	2	0	1	0	0	0	0	0	0
A	AB	18	107	1	2	BA1652	7699	8	0	0	0	0	0	0	0	1	0	0
A	AB	18	107	1	2	BA1652	7705	8	7	0	0	0	0	0	0	0	0	0
A	AB	18	107	1	2	BA1652	7788	7	8	2	0	1	0	0	0	0	0	0
A	AB	18	107	1	2	BA1652	7798	8	7	0	0	0	0	0	0	0	0	0
A	AB	18	107	1	2	BA1652	7803	7	0	0	0	0	0	0	0	1	0	0
A	AB	18	107	1	2	BA1652	7805	7	8	2	0	1	0	0	0	0	0	0
A	AB	18	107	1	2	BA1652	7815	8	7	0	0	0	0	0	0	0	0	0
A	AB	18	107	1	2	BA1652	7839	7	0	0	0	0	0	0	0	1	0	0
A	AB	18	107	1	2	BA1652	7852	7	8	2	0	1	0	0	0	0	0	0
A	AB	18	107	1	2	BA1652	7862	8	7	0	0	0	0	0	0	0	0	0
A	AB	18	107	1	2	BA1652	7876	7	0	0	0	0	0	0	0	1	0	0
A	AB	18	107	1	2	BA1652	7879	7	8	2	0	1	0	0	0	0	0	0
A	AB	18	107	1	2	BA1652	7883	8	0	0	0	0	0	0	0	1	0	0
A	AB	18	107	1	2	BA1652	7889	8	7	0	0	1	0	0	0	0	0	0
A	AB	18	107	1	2	BA1652	7892	7	0	0	0	0	0	0	0	1	0	0
A	AB	18	107	1	2	BA1652	7893	7	8	2	0	1	0	0	0	0	0	0
A	AB	18	107	1	2	BA1652	7903	8	7	0	0	0	0	0	0	0	0	0
A	AB	18	107	1	2	BA1652	7904	7	0	0	0	0	0	0	0	1	0	0
A	AB	18	107	1	2	BA1652	7907	7	8	2	0	1	0	0	0	0	0	0
A	AB	18	107	1	2	BA1652	7910	8	0	0	0	0	0	0	0	1	0	0
A	AB	18	107	1	2	BA1652	7913	8	0	0	0	1	0	0	0	0	0	0
A	AB	18	107	1	2	BA1652	7917	8	7	0	0	0	0	0	0	0	0	0
A	AB	18	107	1	2	BA1652	7928	7	0	0	0	0	0	0	0	1	0	0
A	AB	18	107	1	2	BA1652	7930	7	8	2	0	1	0	0	0	0	0	0
A	AB	18	107	1	2	BA1652	7940	8	7	0	0	0	0	0	0	0	0	0
A	AB	18	107	1	2	BA1652	7950	7	0	0	0	0	0	0	0	1	0	0
A	AB	18	107	1	2	BA1652	8033	7	8	2	0	1	0	0	0	0	0	0
A	AB	18	107	1	2	BA1652	8043	8	7	0	0	0	0	0	0	0	0	0
A	AB	18	107	1	2	BA1652	8048	7	0	0	0	0	0	0	0	1	0	0
A	AB	18	107	1	2	BA1652	8123	7	8	2	0	1	0	0	0	0	0	0
A	AB	18	107	1	2	BA1652	8131	8	0	0	0	0	0	0	0	1	0	0
A	AB	18	107	1	2	BA1652	8133	8	9	0	0	1	0	0	0	0	0	0
A	AB	18	107	1	2	BA1652	8143	9	10	0	0	0	0	0	0	0	0	0
A	AB	18	107	1	2	BA1652	8149	10	0	0	0	1	0	0	0	1	0	0
A	AB	18	107	1	2	BA1652	8151	10	0	0	0	0	0	0	0	1	0	0
A	AB	18	107	1	2	BA1652	8218	10	2	0	0	0	0	0	0	0	0	0
A	AB	18	107	1	2	BA1652	8219	2	3	0	0	0	0	0	0	0	0	0
A	AB	18	107	1	2	BA1652	8272	3	5	1	1	0	0	0	0	0	0	0
A	AB	18	107	1	2	BA1652	8282	5	4	0	0	0	0	0	0	0	0	0
A	AB	18	107	1	2	BA1652	8301	4	5	1	1	0	0	0	1	0	0	0
A	AB	18	107	1	2	BA1652	8305	5	0	0	0	0	0	0	1	0	0	0
A	AB	18	107	1	2	BA1652	8311	5	4	0	0	0	0	0	0	0	0	0
A	AB	18	107	1	2	BA1652	8324	4	5	1	1	0	0	0	0	0	0	0
A	AB	18	107	1	2	BA1652	8333	5	0	0	0	0	0	0	1	0	0	0
A	AB	18	107	1	2	BA1652	8334	5	4	0	0	0	0	0	0	0	0	0
A	AB	18	107	1	2	BA1652	8337	4	5	1	1	0	0	0	0	0	0	0
A	AB	18	107	1	2	BA1652	8347	5	4	0	0	0	0	0	1	0	0	0
A	AB	18	107	1	2	BA1652	8355	4	5	1	1	0	0	0	0	0	0	0
A	AB	18	107	1	2	BA1652	8365	5	9	0	0	0	0	0	0	0	0	0
A	AB	18	107	1	2	BA1652	8373	9	0	0	0	0	0	0	1	0	0	0
A	AB	18	107	1	2	BA1652	8375	9	10	0	0	0	0	0	0	0	0	0
A	AB	18	107	1	2	BA1652	8376	10	0	0	1	0	0	0	0	0	0	0
A	AB	18	107	1	2	BA1652	8380	10	0	0	0	0	0	0	1	0	0	0
A	AB	18	107	1	2	BA1652	8450	10	2	0	0	0	0	0	0	0	0	0
A	AB	18	107	1	2	BA1652	8451	2	3	0	0	0	0	0	0	0	0	0
A	AB	18	107	1	2	BA1652	8511	3	5	1	1	0	0	0	0	0	0	0
A	AB	18	107	1	2	BA1652	8521	5	4	0	0	0	0	0	0	0	0	0
A	AB	18	107	1	2	BA1652	8537	4	0	0	0	0	0	0	1	0	0	0
A	AB	18	107	1	2	BA1652	8542	4	5	1	1	0	0	0	0	0	0	0
A	AB	18	107	1	2	BA1652	8544	5	0	0	0	0	0	0	1	0	0	0
A	AB	18	107	1	2	BA1652	8545	5	0	0	1	0	0	0	0	0	0	0
A	AB	18	107	1	2	BA1652	8551	5	0	0	0	0	0	0	1	0	0	0
A	AB	18	107	1	2	BA1652	8552	5	4	0	0	0	0	0	0	0	0	0
A	AB	18	107	1	2	BA1652	8567	4	5	1	1	0	0	0	0	0	0	0
A	AB	18	107	1	2	BA1652	8577	5	4	0	0	0	0	0	1	0	0	0
A	AB	18	107	1	2	BA1652	8593	4	5	1	1	0	0	0	0	0	0	0
A	AB	18	107	1	2	BA1652	8595	5	0	0	0	0	0	0	1	0	0	0
A	AB	18	107	1	2	BA1652	8601	5	0	0	1	0	0	0	0	0	0	0
A	AB	18	107	1	2	BA1652	8603	5	4	0	0	0	0	0	0	0	0	0
A	AB	18	107	1	2	BA1652	8622	4	0	0	0	0	0	0	1	0	0	0
A	AB	18	107	1	2	BA1652	8629	4	5	1	1	0	0	0	0	0	0	0
A	AB	18	107	1	2	BA1652	8639	5	9	0	0	0	0	0	0	0	0	0
A	AB	18	107	1	2	BA1652	8640	9	0	0	0	0	0	0	1	0	0	0
A	AB	18	107	1	2	BA1652	8645	9	0	0	1	0	0	0	0	0	0	0
A	AB	18	107	1	2	BA1652	8649	9	10	0	0	0	0	0	0	0	0	0
A	AB	18	107	1	2	BA1652	8656	10	0	0	0	0	0	0	1	0	0	0
A	AB	18	107	1	2	BA1652	8724	10	2	0	0	0	0	0	0	0	0	0
A	AB	18	107	1	2	BA1652	8725	2	3	0	0	0	0	0	0	0	0	0
A	AB	18	107	1	2	BA1652	8774	3	5	1	1	0	0	0	0	0	0	0
A	AB	18	107	1	2	BA1652	8784	5	4	0	0	0	0	0	0	0	0	0
A	AB	18	107	1	2	BA1652	8786	4	5	1	1	0	0	0	1	0	0	0
A	AB	18	107	1	2	BA1652	8789	5	0	0	0	0	0	0	1	0	0	0
A	AB	18	107	1	2	BA1652	8791	5	0	0	1	0	0	0	0	0	0	0
A	AB	18	107	1	2	BA1652	8796	5	4	0	0	0	0	0	0	0	0	0
A	AB	18	107	1	2	BA1652	8809	4	0	0	0	0	0	0	1	0	0	0
A	AB	18	107	1	2	BA1652	8813	4	5	1	1	0	0	0	0	0	0	0
A	AB	18	107	1	2	BA1652	8823	5	4	0	0	0	0	0	0	0	0	0
A	AB	18	107	1	2	BA1652	8828	4	0	0	0	0	0	0	1	0	0	0
A	AB	18	107	1	2	BA1652	8855	4	5	1	1	0	0	0	0	0	0	0
A	AB	18	107	1	2	BA1652	8865	5	4	0	0	0	0	0	0	0	0	0
A	AB	18	107	1	2	BA1652	8870	4	0	0	0	0	0	0	1	0	0	0
A	AB	18	107	1	2	BA1652	8879	4	5	1	1	0	0	0	0	0	0	0
A	AB	18	107	1	2	BA1652	8889	5	9	0	0	0	0	0	0	0	0	0
A	AB	18	107	1	2	BA1652	8896	9	0	0	0	0	0	0	1	0	0	0
A	AB	18	107	1	2	BA1652	8898	9	0	0	1	0	0	0	0	0	0	0
A	AB	18	107	1	2	BA1652	8899	9	10	0	0	0	0	0	0	0	0	0
A	AB	18	107	1	2	BA1652	8903	10	0	0	0	0	0	0	1	0	0	0
A	AB	18	107	1	2	BA1652	8974	10	2	0	0	0	0	0	0	0	0	0
A	AB	18	107	1	2	BA1652	8975	2	6	0	0	0	0	0	0	0	0	0
A	AB	18	107	1	2	BA1652	9292	6	8	2	0	1	0	0	0	0	0	0
A	AB	18	107	1	2	BA1652	9302	8	7	0	0	0	0	0	0	0	0	0
A	AB	18	107	1	2	BA1652	9306	7	0	0	0	0	0	0	0	1	0	0
A	AB	18	107	1	2	BA1652	9314	7	8	2	0	1	0	0	0	0	0	0
A	AB	18	107	1	2	BA1652	9324	8	7	0	0	0	0	0	0	1	0	0
A	AB	18	107	1	2	BA1652	9325	7	8	2	0	1	0	0	0	0	0	0
A	AB	18	107	1	2	BA1652	9335	8	7	0	0	0	0	0	0	0	0	0
A	AB	18	107	1	2	BA1652	9336	7	0	0	0	0	0	0	0	1	0	0
A	AB	18	107	1	2	BA1652	9371	7	8	2	0	1	0	0	0	0	0	0
A	AB	18	107	1	2	BA1652	9380	8	0	0	0	0	0	0	0	1	0	0
A	AB	18	107	1	2	BA1652	9381	8	7	0	0	0	0	0	0	0	0	0
A	AB	18	107	1	2	BA1652	9435	7	8	2	0	1	0	0	0	0	0	0
A	AB	18	107	1	2	BA1652	9445	8	7	0	0	0	0	0	0	0	0	0
A	AB	18	107	1	2	BA1652	9490	7	0	0	0	0	0	0	0	1	0	0
A	AB	18	107	1	2	BA1652	9495	7	8	2	0	1	0	0	0	0	0	0
A	AB	18	107	1	2	BA1652	9505	8	7	0	0	0	0	0	0	0	0	0
A	AB	18	107	1	2	BA1652	9569	7	0	0	0	0	0	0	0	1	0	0
A	AB	18	107	1	2	BA1652	9584	7	8	2	0	1	0	0	0	0	0	0
A	AB	18	107	1	2	BA1652	9594	8	7	0	0	0	0	0	0	0	0	0
A	AB	18	107	1	2	BA1652	9607	7	0	0	0	0	0	0	0	1	0	0
A	AB	18	107	1	2	BA1652	9688	7	8	2	0	1	0	0	0	0	0	0
A	AB	18	107	1	2	BA1652	9696	8	0	0	0	0	0	0	0	1	0	0
A	AB	18	107	1	2	BA1652	9698	8	7	0	0	0	0	0	0	0	0	0
A	AB	18	107	1	2	BA1652	9798	7	8	2	0	1	0	0	0	0	0	0
A	AB	18	107	1	2	BA1652	9808	8	7	0	0	0	0	0	0	0	0	0
A	AB	18	107	1	2	BA1652	9816	7	0	0	0	0	0	0	0	1	0	0
A	AB	18	107	1	2	BA1652	9817	7	8	2	0	1	0	0	0	0	0	0
A	AB	18	107	1	2	BA1652	9823	8	0	0	0	0	0	0	0	1	0	0
A	AB	18	107	1	2	BA1652	9824	8	0	0	0	1	0	0	0	0	0	0
A	AB	18	107	1	2	BA1652	9827	8	7	0	0	0	0	0	0	0	0	0
A	AB	18	107	1	2	BA1652	9833	7	0	0	0	0	0	0	0	1	0	0
A	AB	18	107	1	2	BA1652	9838	7	8	2	0	1	0	0	0	0	0	0
A	AB	18	107	1	2	BA1652	9848	8	7	0	0	0	0	0	0	0	0	0
A	AB	18	107	1	2	BA1652	9851	7	0	0	0	0	0	0	0	1	0	0
A	AB	18	107	1	2	BA1652	9856	7	8	2	0	1	0	0	0	0	0	0
A	AB	18	107	1	2	BA1652	9866	8	7	0	0	0	0	0	0	0	0	0
A	AB	18	107	1	2	BA1652	9873	7	0	0	0	0	0	0	0	1	0	0
A	AB	18	107	1	2	BA1652	9917	7	8	2	0	1	0	0	0	0	0	0
A	AB	18	107	1	2	BA1652	9924	8	0	0	0	0	0	0	0	1	0	0
A	AB	18	107	1	2	BA1652	9925	8	0	0	0	1	0	0	0	0	0	0
A	AB	18	107	1	2	BA1652	9927	8	7	0	0	0	0	0	0	0	0	0
A	AB	18	107	1	2	BA1652	9934	7	0	0	0	0	0	0	0	1	0	0
A	AB	18	107	1	2	BA1652	9935	7	8	2	0	1	0	0	0	0	0	0
A	AB	18	107	1	2	BA1652	9945	8	7	0	0	0	0	0	0	0	0	0
A	AB	18	107	1	2	BA1652	9951	7	0	0	0	0	0	0	0	1	0	0
A	AB	18	107	1	2	BA1652	9971	7	8	2	0	1	0	0	0	0	0	0
A	AB	18	107	1	2	BA1652	9981	8	7	0	0	0	0	0	0	0	0	0
A	AB	18	107	1	2	BA1652	9988	7	0	0	0	0	0	0	0	1	0	0
A	AB	18	107	1	2	BA1652	9991	7	8	2	0	1	0	0	0	0	0	0
A	AB	18	107	1	2	BA1652	10001	8	7	0	0	0	0	0	0	1	0	0
A	AB	18	107	1	2	BA1652	10082	7	8	2	0	1	0	0	0	0	0	0
A	AB	18	107	1	2	BA1652	10090	8	0	0	0	0	0	0	0	1	0	0
A	AB	18	107	1	2	BA1652	10092	8	7	0	0	1	0	0	0	0	0	0
A	AB	18	107	1	2	BA1652	10105	7	0	0	0	0	0	0	0	1	0	0
A	AB	18	107	1	2	BA1652	10109	7	8	2	0	1	0	0	0	0	0	0
A	AB	18	107	1	2	BA1652	10119	8	7	0	0	0	0	0	0	0	0	0
A	AB	18	107	1	2	BA1652	10135	7	0	0	0	0	0	0	0	1	0	0
A	AB	18	107	1	2	BA1652	10140	7	8	2	0	1	0	0	0	0	0	0
A	AB	18	107	1	2	BA1652	10150	8	7	0	0	0	0	0	0	0	0	0
A	AB	18	107	1	2	BA1652	10165	7	0	0	0	0	0	0	0	1	0	0
A	AB	18	107	1	2	BA1652	10204	7	8	2	0	1	0	0	0	0	0	0
A	AB	18	107	1	2	BA1652	10210	8	0	0	0	0	0	0	0	1	0	0
A	AB	18	107	1	2	BA1652	10214	8	9	0	0	0	0	0	0	0	0	0
A	AB	18	107	1	2	BA1652	10224	9	10	0	0	0	0	0	0	0	0	0
A	AB	18	107	1	2	BA1652	10299	10	2	0	0	0	0	0	0	0	0	0
A	AB	18	107	1	2	BA1652	10300	2	6	0	0	0	0	0	0	0	0	0
A	AB	18	107	1	2	BA1652	10509	6	8	2	0	1	0	0	0	0	0	0
A	AB	18	107	1	2	BA1652	10519	8	7	0	0	0	0	0	0	0	0	0
A	AB	18	107	1	2	BA1652	10527	7	0	0	0	0	0	0	0	1	0	0
A	AB	18	107	1	2	BA1652	10529	7	8	2	0	1	0	0	0	0	0	0
A	AB	18	107	1	2	BA1652	10533	8	0	0	0	0	0	0	0	1	0	0
A	AB	18	107	1	2	BA1652	10539	8	7	0	0	0	0	0	0	0	0	0
A	AB	18	107	1	2	BA1652	10554	7	8	2	0	1	0	0	0	0	0	0
A	AB	18	107	1	2	BA1652	10564	8	7	0	0	0	0	0	0	0	0	0
A	AB	18	107	1	2	BA1652	10580	7	0	0	0	0	0	0	0	1	0	0
A	AB	18	107	1	2	BA1652	10589	7	8	2	0	1	0	0	0	0	0	0
A	AB	18	107	1	2	BA1652	10599	8	7	0	0	0	0	0	0	1	0	0
A	AB	18	107	1	2	BA1652	10601	7	8	2	0	1	0	0	0	0	0	0
A	AB	18	107	1	2	BA1652	10611	8	7	0	0	0	0	0	0	0	0	0
A	AB	18	107	1	2	BA1652	10641	7	0	0	0	0	0	0	0	1	0	0
A	AB	18	107	1	2	BA1652	10651	7	8	2	0	1	0	0	0	0	0	0
A	AB	18	107	1	2	BA1652	10661	8	7	0	0	0	0	0	0	0	0	0
A	AB	18	107	1	2	BA1652	10755	7	0	0	0	0	0	0	0	1	0	0
A	AB	18	107	1	2	BA1652	10757	7	8	2	0	1	0	0	0	0	0	0
A	AB	18	107	1	2	BA1652	10767	8	7	0	0	0	0	0	0	0	0	0
A	AB	18	107	1	2	BA1652	10832	7	0	0	0	0	0	0	0	1	0	0
A	AB	18	107	1	2	BA1652	10877	7	8	2	0	1	0	0	0	0	0	0
A	AB	18	107	1	2	BA1652	10887	8	7	0	0	0	0	0	0	0	0	0
A	AB	18	107	1	2	BA1652	10930	7	0	0	0	0	0	0	0	1	0	0
A	AB	18	107	1	2	BA1652	10964	7	8	2	0	1	0	0	0	0	0	0
A	AB	18	107	1	2	BA1652	10974	8	7	0	0	0	0	0	0	0	0	0
A	AB	18	107	1	2	BA1652	10994	7	0	0	0	0	0	0	0	1	0	0
A	AB	18	107	1	2	BA1652	10997	7	8	2	0	1	0	0	0	0	0	0
A	AB	18	107	1	2	BA1652	11002	8	0	0	0	0	0	0	0	1	0	0
A	AB	18	107	1	2	BA1652	11005	8	0	0	0	1	0	0	0	0	0	0
A	AB	18	107	1	2	BA1652	11007	8	7	0	0	0	0	0	0	1	0	0
A	AB	18	107	1	2	BA1652	11011	7	8	2	0	1	0	0	0	0	0	0
A	AB	18	107	1	2	BA1652	11021	8	7	0	0	0	0	0	0	0	0	0
A	AB	18	107	1	2	BA1652	11022	7	0	0	0	0	0	0	0	1	0	0
A	AB	18	107	1	2	BA1652	11025	7	8	2	0	1	0	0	0	0	0	0
A	AB	18	107	1	2	BA1652	11027	8	0	0	0	0	0	0	0	1	0	0
A	AB	18	107	1	2	BA1652	11035	8	7	0	0	0	0	0	0	0	0	0
A	AB	18	107	1	2	BA1652	11074	7	8	2	0	1	0	0	0	0	0	0
A	AB	18	107	1	2	BA1652	11084	8	7	0	0	0	0	0	0	0	0	0
A	AB	18	107	1	2	BA1652	11102	7	0	0	0	0	0	0	0	1	0	0
A	AB	18	107	1	2	BA1652	11108	7	8	2	0	1	0	0	0	0	0	0
A	AB	18	107	1	2	BA1652	11109	8	0	0	0	0	0	0	0	1	0	0
A	AB	18	107	1	2	BA1652	11118	8	7	0	0	0	0	0	0	0	0	0
A	AB	18	107	1	2	BA1652	11212	7	8	2	0	1	0	0	0	0	0	0
A	AB	18	107	1	2	BA1652	11216	8	0	0	0	0	0	0	0	1	0	0
A	AB	18	107	1	2	BA1652	11222	8	7	0	0	1	0	0	0	0	0	0
A	AB	18	107	1	2	BA1652	11252	7	0	0	0	0	0	0	0	1	0	0
A	AB	18	107	1	2	BA1652	11256	7	8	2	0	1	0	0	0	0	0	0
A	AB	18	107	1	2	BA1652	11266	8	7	0	0	0	0	0	0	0	0	0
A	AB	18	107	1	2	BA1652	11281	7	0	0	0	0	0	0	0	1	0	0
A	AB	18	107	1	2	BA1652	11292	7	8	2	0	1	0	0	0	0	0	0
A	AB	18	107	1	2	BA1652	11301	8	0	0	0	0	0	0	0	1	0	0
A	AB	18	107	1	2	BA1652	11302	8	7	0	0	0	0	0	0	0	0	0
A	AB	18	107	1	2	BA1652	11319	7	8	2	0	1	0	0	0	0	0	0
A	AB	18	107	1	2	BA1652	11323	8	0	0	0	0	0	0	0	1	0	0
A	AB	18	107	1	2	BA1652	11329	8	7	0	0	0	0	0	0	0	0	0
A	AB	18	107	1	2	BA1652	11345	7	8	2	0	1	0	0	0	0	0	0
A	AB	18	107	1	2	BA1652	11352	8	0	0	0	0	0	0	0	1	0	0
A	AB	18	107	1	2	BA1652	11355	8	7	0	0	0	0	0	0	0	0	0
A	AB	18	107	1	2	BA1652	11357	7	8	2	0	1	0	0	0	0	0	0
A	AB	18	107	1	2	BA1652	11360	8	0	0	0	0	0	0	0	1	0	0
A	AB	18	107	1	2	BA1652	11367	8	9	0	0	0	0	0	0	0	0	0
A	AB	18	107	1	2	BA1652	11377	9	10	0	0	0	0	0	0	0	0	0
A	AB	18	107	1	2	BA1652	11452	10	2	0	0	0	0	0	0	0	0	0
A	AB	18	107	1	2	BA1652	11453	2	6	0	0	0	0	0	0	0	0	0
A	AB	18	107	1	2	BA1652	11803	6	8	2	0	1	0	0	0	0	0	0
A	AB	18	107	1	2	BA1652	11804	8	0	0	0	0	0	0	0	1	0	0
A	AB	18	107	1	2	BA1652	11813	8	7	0	0	0	0	0	0	0	0	0
A	AB	18	107	1	2	BA1652	11893	7	8	2	0	1	0	0	0	0	0	0
A	AB	18	107	1	2	BA1652	11903	8	7	0	0	0	0	0	0	0	0	0
A	AB	18	107	1	2	BA1652	11913	7	0	0	0	0	0	0	0	1	0	0
A	AB	18	107	1	2	BA1652	11915	7	8	2	0	1	0	0	0	0	0	0
A	AB	18	107	1	2	BA1652	11925	8	7	0	0	0	0	0	0	0	0	0
A	AB	18	107	1	2	BA1652	11928	7	0	0	0	0	0	0	0	1	0	0
A	AB	18	107	1	2	BA1652	11933	7	8	2	0	1	0	0	0	0	0	0
A	AB	18	107	1	2	BA1652	11943	8	7	0	0	0	0	0	0	0	0	0
A	AB	18	107	1	2	BA1652	11946	7	0	0	0	0	0	0	0	1	0	0
A	AB	18	107	1	2	BA1652	11957	7	8	2	0	1	0	0	0	0	0	0
A	AB	18	107	1	2	BA1652	11967	8	7	0	0	0	0	0	0	0	0	0
A	AB	18	107	1	2	BA1652	11971	7	0	0	0	0	0	0	0	1	0	0
A	AB	18	107	1	2	BA1652	11975	7	8	2	0	1	0	0	0	0	0	0
A	AB	18	107	1	2	BA1652	11985	8	7	0	0	0	0	0	0	0	0	0
A	AB	18	107	1	2	BA1652	11987	7	8	2	0	1	0	0	0	1	0	0
A	AB	18	107	1	2	BA1652	11997	8	7	0	0	0	0	0	0	0	0	0
A	AB	18	107	1	2	BA1652	12002	7	0	0	0	0	0	0	0	1	0	0
A	AB	18	107	1	2	BA1652	12015	7	8	2	0	1	0	0	0	0	0	0
A	AB	18	107	1	2	BA1652	12021	8	0	0	0	0	0	0	0	1	0	0
A	AB	18	107	1	2	BA1652	12025	8	7	0	0	0	0	0	0	0	0	0
A	AB	18	107	1	2	BA1652	12029	7	8	2	0	1	0	0	0	0	0	0
A	AB	18	107	1	2	BA1652	12038	8	0	0	0	0	0	0	0	1	0	0
A	AB	18	107	1	2	BA1652	12039	8	7	0	0	0	0	0	0	0	0	0
A	AB	18	107	1	2	BA1652	12041	7	8	2	0	1	0	0	0	0	0	0
A	AB	18	107	1	2	BA1652	12051	8	7	0	0	0	0	0	0	0	0	0
A	AB	18	107	1	2	BA1652	12067	7	0	0	0	0	0	0	0	1	0	0
A	AB	18	107	1	2	BA1652	12069	7	8	2	0	1	0	0	0	0	0	0
A	AB	18	107	1	2	BA1652	12079	8	7	0	0	0	0	0	0	0	0	0
A	AB	18	107	1	2	BA1652	12123	7	0	0	0	0	0	0	0	1	0	0
A	AB	18	107	1	2	BA1652	12190	7	8	2	0	1	0	0	0	0	0	0
A	AB	18	107	1	2	BA1652	12200	8	7	0	0	0	0	0	0	0	0	0
A	AB	18	107	1	2	BA1652	12202	7	0	0	0	0	0	0	0	1	0	0
A	AB	18	107	1	2	BA1652	12205	7	8	2	0	1	0	0	0	0	0	0
A	AB	18	107	1	2	BA1652	12212	8	0	0	0	0	0	0	0	1	0	0
A	AB	18	107	1	2	BA1652	12215	8	7	0	0	0	0	0	0	0	0	0
A	AB	18	107	1	2	BA1652	12219	7	8	2	0	1	0	0	0	0	0	0
A	AB	18	107	1	2	BA1652	12229	8	7	0	0	0	0	0	0	0	0	0
A	AB	18	107	1	2	BA1652	12233	7	0	0	0	0	0	0	0	1	0	0
A	AB	18	107	1	2	BA1652	12248	7	8	2	0	1	0	0	0	0	0	0
A	AB	18	107	1	2	BA1652	12258	8	7	0	0	0	0	0	0	0	0	0
A	AB	18	107	1	2	BA1652	12272	7	0	0	0	0	0	0	0	1	0	0
A	AB	18	107	1	2	BA1652	12275	7	8	2	0	1	0	0	0	0	0	0
A	AB	18	107	1	2	BA1652	12280	8	0	0	0	0	0	0	0	1	0	0
A	AB	18	107	1	2	BA1652	12285	8	7	0	0	0	0	0	0	0	0	0
A	AB	18	107	1	2	BA1652	12377	7	8	2	0	1	0	0	0	0	0	0
A	AB	18	107	1	2	BA1652	12387	8	7	0	0	1	0	0	0	1	0	0
A	AB	18	107	1	2	BA1652	12404	7	0	0	0	0	0	0	0	1	0	0
A	AB	18	107	1	2	BA1652	12407	7	8	2	0	1	0	0	0	0	0	0
A	AB	18	107	1	2	BA1652	12411	8	0	0	0	0	0	0	0	1	0	0
A	AB	18	107	1	2	BA1652	12414	8	0	0	0	1	0	0	0	0	0	0
A	AB	18	107	1	2	BA1652	12417	8	7	0	0	0	0	0	0	1	0	0
A	AB	18	107	1	2	BA1652	12432	7	8	2	0	1	0	0	0	0	0	0
A	AB	18	107	1	2	BA1652	12439	8	0	0	0	0	0	0	0	1	0	0
A	AB	18	107	1	2	BA1652	12442	8	7	0	0	0	0	0	0	0	0	0
A	AB	18	107	1	2	BA1652	12446	7	8	2	0	1	0	0	0	0	0	0
A	AB	18	107	1	2	BA1652	12451	8	0	0	0	0	0	0	0	1	0	0
A	AB	18	107	1	2	BA1652	12456	8	9	0	0	1	0	0	0	0	0	0
A	AB	18	107	1	2	BA1652	12461	9	0	0	0	0	0	0	0	1	0	0
A	AB	18	107	1	2	BA1652	12463	9	0	0	0	1	0	0	0	0	0	0
A	AB	18	107	1	2	BA1652	12466	9	10	0	0	0	0	0	0	0	0	0
A	AB	18	107	1	2	BA1652	12469	10	0	0	0	0	0	0	0	1	0	0
A	AB	18	107	1	2	BA1652	12541	10	2	0	0	0	0	0	0	0	0	0
A	AB	18	107	1	2	BA1652	12542	2	3	0	0	0	0	0	0	0	0	0
A	AB	18	107	1	2	BA1652	12628	3	5	1	1	0	0	0	0	0	0	0
A	AB	18	107	1	2	BA1652	12637	5	0	0	0	0	0	0	1	0	0	0
A	AB	18	107	1	2	BA1652	12638	5	4	0	0	0	0	0	0	0	0	0
A	AB	18	107	1	2	BA1652	12644	4	5	1	1	0	0	0	0	0	0	0
A	AB	18	107	1	2	BA1652	12649	5	0	0	0	0	0	0	1	0	0	0
A	AB	18	107	1	2	BA1652	12653	5	0	0	1	0	0	0	0	0	0	0
A	AB	18	107	1	2	BA1652	12654	5	4	0	0	0	0	0	0	0	0	0
A	AB	18	107	1	2	BA1652	12662	4	0	0	0	0	0	0	1	0	0	0
A	AB	18	107	1	2	BA1652	12668	4	5	1	1	0	0	0	0	0	0	0
A	AB	18	107	1	2	BA1652	12673	5	0	0	0	0	0	0	1	0	0	0
A	AB	18	107	1	2	BA1652	12675	5	0	0	1	0	0	0	0	0	0	0
A	AB	18	107	1	2	BA1652	12678	5	4	0	0	0	0	0	0	0	0	0
A	AB	18	107	1	2	BA1652	12680	4	0	0	0	0	0	0	1	0	0	0
A	AB	18	107	1	2	BA1652	12686	4	5	1	1	0	0	0	0	0	0	0
A	AB	18	107	1	2	BA1652	12691	5	0	0	0	0	0	0	1	0	0	0
A	AB	18	107	1	2	BA1652	12696	5	4	0	1	0	0	0	0	0	0	0
A	AB	18	107	1	2	BA1652	12703	4	0	0	0	0	0	0	1	0	0	0
A	AB	18	107	1	2	BA1652	12760	4	5	1	1	0	0	0	0	0	0	0
A	AB	18	107	1	2	BA1652	12770	5	9	0	0	0	0	0	0	0	0	0
A	AB	18	107	1	2	BA1652	12780	9	10	0	0	0	0	0	1	0	0	0
A	AB	18	107	1	2	BA1652	12855	10	2	0	0	0	0	0	0	0	0	0
A	AB	18	107	1	2	BA1652	12856	2	3	0	0	0	0	0	0	0	0	0
A	AB	18	107	1	2	BA1652	12929	3	5	1	1	0	0	0	0	0	0	0
A	AB	18	107	1	2	BA1652	12938	5	0	0	0	0	0	0	1	0	0	0
A	AB	18	107	1	2	BA1652	12939	5	4	0	0	0	0	0	0	0	0	0
A	AB	18	107	1	2	BA1652	12942	4	5	1	1	0	0	0	0	0	0	0
A	AB	18	107	1	2	BA1652	12952	5	4	0	0	0	0	0	0	0	0	0
A	AB	18	107	1	2	BA1652	12957	4	0	0	0	0	0	0	1	0	0	0
A	AB	18	107	1	2	BA1652	12962	4	5	1	1	0	0	0	0	0	0	0
A	AB	18	107	1	2	BA1652	12972	5	4	0	0	0	0	0	0	0	0	0
A	AB	18	107	1	2	BA1652	13019	4	5	1	1	0	0	0	1	0	0	0
A	AB	18	107	1	2	BA1652	13029	5	4	0	0	0	0	0	0	0	0	0
A	AB	18	107	1	2	BA1652	13032	4	0	0	0	0	0	0	1	0	0	0
A	AB	18	107	1	2	BA1652	13044	4	5	1	1	0	0	0	0	0	0	0
A	AB	18	107	1	2	BA1652	13054	5	9	0	0	0	0	0	0	0	0	0
A	AB	18	107	1	2	BA1652	13062	9	0	0	0	0	0	0	1	0	0	0
A	AB	18	107	1	2	BA1652	13063	9	0	0	1	0	0	0	0	0	0	0
A	AB	18	107	1	2	BA1652	13064	9	10	0	0	0	0	0	0	0	0	0
A	AB	18	107	1	2	BA1652	13068	10	0	0	0	0	0	0	1	0	0	0
A	AB	18	107	1	2	BA1652	13139	10	2	0	0	0	0	0	0	0	0	0
A	AB	18	107	1	2	BA1652	13140	2	3	0	0	0	0	0	0	0	0	0
A	AB	18	107	1	2	BA1652	13196	3	5	1	1	0	0	0	0	0	0	0
A	AB	18	107	1	2	BA1652	13206	5	4	0	0	0	0	0	0	0	0	0
A	AB	18	107	1	2	BA1652	13211	4	0	0	0	0	0	0	1	0	0	0
A	AB	18	107	1	2	BA1652	13216	4	5	1	1	0	0	0	0	0	0	0
A	AB	18	107	1	2	BA1652	13226	5	4	0	0	0	0	0	0	0	0	0
A	AB	18	107	1	2	BA1652	13241	4	0	0	0	0	0	0	1	0	0	0
A	AB	18	107	1	2	BA1652	13246	4	5	1	1	0	0	0	0	0	0	0
A	AB	18	107	1	2	BA1652	13256	5	4	0	0	0	0	0	0	0	0	0
A	AB	18	107	1	2	BA1652	13274	4	0	0	0	0	0	0	1	0	0	0
A	AB	18	107	1	2	BA1652	13276	4	5	1	1	0	0	0	0	0	0	0
A	AB	18	107	1	2	BA1652	13278	5	0	0	0	0	0	0	1	0	0	0
A	AB	18	107	1	2	BA1652	13282	5	0	0	1	0	0	0	0	0	0	0
A	AB	18	107	1	2	BA1652	13286	5	4	0	0	0	0	0	0	0	0	0
A	AB	18	107	1	2	BA1652	13290	4	0	0	0	0	0	0	1	0	0	0
A	AB	18	107	1	2	BA1652	13293	4	5	1	1	0	0	0	0	0	0	0
A	AB	18	107	1	2	BA1652	13300	5	0	0	0	0	0	0	1	0	0	0
A	AB	18	107	1	2	BA1652	13303	5	9	0	0	0	0	0	0	0	0	0
A	AB	18	107	1	2	BA1652	13313	9	10	0	0	0	0	0	0	0	0	0
A	AB	18	107	1	2	BA1652	13388	10	2	0	0	0	0	0	0	0	0	0
A	AB	18	107	1	2	BA1652	13389	2	6	0	0	0	0	0	0	0	0	0
A	AB	18	107	1	2	BA1652	13974	6	8	2	0	1	0	0	0	0	0	0
A	AB	18	107	1	2	BA1652	13979	8	0	0	0	0	0	0	0	1	0	0
A	AB	18	107	1	2	BA1652	13981	8	0	0	0	1	0	0	0	0	0	0
A	AB	18	107	1	2	BA1652	13984	8	7	0	0	0	0	0	0	0	0	0
A	AB	18	107	1	2	BA1652	13992	7	0	0	0	0	0	0	0	1	0	0
A	AB	18	107	1	2	BA1652	14064	7	8	2	0	1	0	0	0	0	0	0
A	AB	18	107	1	2	BA1652	14073	8	0	0	0	0	0	0	0	1	0	0
A	AB	18	107	1	2	BA1652	14074	8	7	0	0	0	0	0	0	0	0	0
A	AB	18	107	1	2	BA1652	14088	7	8	2	0	1	0	0	0	0	0	0
A	AB	18	107	1	2	BA1652	14098	8	7	0	0	0	0	0	0	0	0	0
A	AB	18	107	1	2	BA1652	14108	7	0	0	0	0	0	0	0	1	0	0
A	AB	18	107	1	2	BA1652	14118	7	8	2	0	1	0	0	0	0	0	0
A	AB	18	107	1	2	BA1652	14120	8	0	0	0	0	0	0	0	1	0	0
A	AB	18	107	1	2	BA1652	14127	8	0	0	0	1	0	0	0	0	0	0
A	AB	18	107	1	2	BA1652	14128	8	7	0	0	0	0	0	0	0	0	0
A	AB	18	107	1	2	BA1652	14133	7	0	0	0	0	0	0	0	1	0	0
A	AB	18	107	1	2	BA1652	14140	7	8	2	0	1	0	0	0	0	0	0
A	AB	18	107	1	2	BA1652	14146	8	0	0	0	0	0	0	0	1	0	0
A	AB	18	107	1	2	BA1652	14150	8	7	0	0	0	0	0	0	0	0	0
A	AB	18	107	1	2	BA1652	14159	7	8	2	0	1	0	0	0	0	0	0
A	AB	18	107	1	2	BA1652	14169	8	7	0	0	0	0	0	0	0	0	0
A	AB	18	107	1	2	BA1652	14176	7	0	0	0	0	0	0	0	1	0	0
A	AB	18	107	1	2	BA1652	14182	7	8	2	0	1	0	0	0	0	0	0
A	AB	18	107	1	2	BA1652	14191	8	0	0	0	0	0	0	0	1	0	0
A	AB	18	107	1	2	BA1652	14192	8	7	0	0	0	0	0	0	0	0	0
A	AB	18	107	1	2	BA1652	14210	7	8	2	0	1	0	0	0	0	0	0
A	AB	18	107	1	2	BA1652	14212	8	0	0	0	0	0	0	0	1	0	0
A	AB	18	107	1	2	BA1652	14213	8	0	0	0	1	0	0	0	0	0	0
A	AB	18	107	1	2	BA1652	14218	8	0	0	0	0	0	0	0	1	0	0
A	AB	18	107	1	2	BA1652	14220	8	7	0	0	0	0	0	0	0	0	0
A	AB	18	107	1	2	BA1652	14299	7	8	2	0	1	0	0	0	0	0	0
A	AB	18	107	1	2	BA1652	14309	8	7	0	0	0	0	0	0	0	0	0
A	AB	18	107	1	2	BA1652	14321	7	0	0	0	0	0	0	0	1	0	0
A	AB	18	107	1	2	BA1652	14326	7	8	2	0	1	0	0	0	0	0	0
A	AB	18	107	1	2	BA1652	14336	8	7	0	0	0	0	0	0	0	0	0
A	AB	18	107	1	2	BA1652	14348	7	0	0	0	0	0	0	0	1	0	0
A	AB	18	107	1	2	BA1652	14367	7	8	2	0	1	0	0	0	0	0	0
A	AB	18	107	1	2	BA1652	14372	8	0	0	0	0	0	0	0	1	0	0
A	AB	18	107	1	2	BA1652	14377	8	7	0	0	0	0	0	0	0	0	0
A	AB	18	107	1	2	BA1652	14388	7	8	2	0	1	0	0	0	0	0	0
A	AB	18	107	1	2	BA1652	14398	8	7	0	0	0	0	0	0	1	0	0
A	AB	18	107	1	2	BA1652	14400	7	8	2	0	1	0	0	0	0	0	0
A	AB	18	107	1	2	BA1652	14402	8	0	0	0	0	0	0	0	1	0	0
A	AB	18	107	1	2	BA1652	14403	8	0	0	0	1	0	0	0	0	0	0
A	AB	18	107	1	2	BA1652	14410	8	7	0	0	0	0	0	0	0	0	0
A	AB	18	107	1	2	BA1652	14411	7	0	0	0	0	0	0	0	1	0	0
A	AB	18	107	1	2	BA1652	14413	7	8	2	0	1	0	0	0	0	0	0
A	AB	18	107	1	2	BA1652	14417	8	0	0	0	0	0	0	0	1	0	0
A	AB	18	107	1	2	BA1652	14423	8	7	0	0	0	0	0	0	0	0	0
A	AB	18	107	1	2	BA1652	14429	7	8	2	0	1	0	0	0	0	0	0
A	AB	18	107	1	2	BA1652	14434	8	0	0	0	0	0	0	0	1	0	0
A	AB	18	107	1	2	BA1652	14439	8	7	0	0	0	0	0	0	0	0	0
A	AB	18	107	1	2	BA1652	14483	7	8	2	0	1	0	0	0	0	0	0
A	AB	18	107	1	2	BA1652	14493	8	7	0	0	0	0	0	0	0	0	0
A	AB	18	107	1	2	BA1652	14495	7	0	0	0	0	0	0	0	1	0	0
A	AB	18	107	1	2	BA1652	14501	7	8	2	0	1	0	0	0	0	0	0
A	AB	18	107	1	2	BA1652	14511	8	7	0	0	0	0	0	0	0	0	0
A	AB	18	107	1	2	BA1652	14515	7	0	0	0	0	0	0	0	1	0	0
A	AB	18	107	1	2	BA1652	14600	7	8	2	0	1	0	0	0	0	0	0
A	AB	18	107	1	2	BA1652	14610	8	7	0	0	0	0	0	0	0	0	0
A	AB	18	107	1	2	BA1652	14612	7	0	0	0	0	0	0	0	1	0	0
A	AB	18	107	1	2	BA1652	14613	7	8	2	0	1	0	0	0	0	0	0
A	AB	18	107	1	2	BA1652	14623	8	7	0	0	0	0	0	0	0	0	0
A	AB	18	107	1	2	BA1652	14625	7	0	0	0	0	0	0	0	1	0	0
A	AB	18	107	1	2	BA1652	14627	7	8	2	0	1	0	0	0	0	0	0
A	AB	18	107	1	2	BA1652	14637	8	9	0	0	0	0	0	0	0	0	0
A	AB	18	107	1	2	BA1652	14647	9	10	0	0	0	0	0	0	0	0	0
A	AB	18	107	1	2	BA1652	14650	10	0	0	0	0	0	0	0	1	0	0
A	AB	18	107	1	2	BA1652	14722	10	2	0	0	0	0	0	0	0	0	0
A	AB	18	107	1	2	BA1652	14723	2	3	0	0	0	0	0	0	0	0	0
A	AB	18	107	1	2	BA1652	14778	3	5	1	1	0	0	0	0	0	0	0
A	AB	18	107	1	2	BA1652	14788	5	4	0	0	0	0	0	0	0	0	0
A	AB	18	107	1	2	BA1652	14797	4	0	0	0	0	0	0	1	0	0	0
A	AB	18	107	1	2	BA1652	14800	4	5	1	1	0	0	0	0	0	0	0
A	AB	18	107	1	2	BA1652	14802	5	0	0	0	0	0	0	1	0	0	0
A	AB	18	107	1	2	BA1652	14805	5	0	0	1	0	0	0	0	0	0	0
A	AB	18	107	1	2	BA1652	14810	5	4	0	0	0	0	0	0	0	0	0
A	AB	18	107	1	2	BA1652	14823	4	0	0	0	0	0	0	1	0	0	0
A	AB	18	107	1	2	BA1652	14826	4	5	1	1	0	0	0	0	0	0	0
A	AB	18	107	1	2	BA1652	14836	5	4	0	0	0	0	0	0	0	0	0
A	AB	18	107	1	2	BA1652	14842	4	0	0	0	0	0	0	1	0	0	0
A	AB	18	107	1	2	BA1652	14843	4	5	1	1	0	0	0	0	0	0	0
A	AB	18	107	1	2	BA1652	14853	5	4	0	0	0	0	0	0	0	0	0
A	AB	18	107	1	2	BA1652	14868	4	0	0	0	0	0	0	1	0	0	0
A	AB	18	107	1	2	BA1652	14872	4	5	1	1	0	0	0	0	0	0	0
A	AB	18	107	1	2	BA1652	14882	5	9	0	0	0	0	0	0	0	0	0
A	AB	18	107	1	2	BA1652	14892	9	10	0	0	0	0	0	0	0	0	0
A	AB	18	107	1	2	BA1652	14895	10	0	0	0	0	0	0	1	0	0	0
A	AB	18	107	1	2	BA1652	14967	10	2	0	0	0	0	0	0	0	0	0
A	AB	18	107	1	2	BA1652	14968	2	6	0	0	0	0	0	0	0	0	0
A	AB	18	107	1	2	BA1652	15292	6	8	2	0	1	0	0	0	0	0	0
A	AB	18	107	1	2	BA1652	15302	8	7	0	0	0	0	0	0	0	0	0
A	AB	18	107	1	2	BA1652	15367	7	0	0	0	0	0	0	0	1	0	0
A	AB	18	107	1	2	BA1652	15371	7	8	2	0	1	0	0	0	0	0	0
A	AB	18	107	1	2	BA1652	15376	8	0	0	0	0	0	0	0	1	0	0
A	AB	18	107	1	2	BA1652	15381	8	7	0	0	0	0	0	0	0	0	0
A	AB	18	107	1	2	BA1652	15393	7	8	2	0	1	0	0	0	0	0	0
A	AB	18	107	1	2	BA1652	15397	8	0	0	0	0	0	0	0	1	0	0
A	AB	18	107	1	2	BA1652	15402	8	0	0	0	1	0	0	0	0	0	0
A	AB	18	107	1	2	BA1652	15403	8	7	0	0	0	0	0	0	0	0	0
A	AB	18	107	1	2	BA1652	15500	7	0	0	0	0	0	0	0	1	0	0
A	AB	18	107	1	2	BA1652	15586	7	8	2	0	1	0	0	0	0	0	0
A	AB	18	107	1	2	BA1652	15588	8	0	0	0	0	0	0	0	1	0	0
A	AB	18	107	1	2	BA1652	15596	8	7	0	0	0	0	0	0	0	0	0
A	AB	18	107	1	2	BA1652	15616	7	8	2	0	1	0	0	0	0	0	0
A	AB	18	107	1	2	BA1652	15626	8	7	0	0	0	0	0	0	0	0	0
A	AB	18	107	1	2	BA1652	15642	7	0	0	0	0	0	0	0	1	0	0
A	AB	18	107	1	2	BA1652	15649	7	8	2	0	1	0	0	0	0	0	0
A	AB	18	107	1	2	BA1652	15653	8	0	0	0	0	0	0	0	1	0	0
A	AB	18	107	1	2	BA1652	15659	8	7	0	0	0	0	0	0	0	0	0
A	AB	18	107	1	2	BA1652	15667	7	8	2	0	1	0	0	0	0	0	0
A	AB	18	107	1	2	BA1652	15677	8	7	0	0	0	0	0	0	0	0	0
A	AB	18	107	1	2	BA1652	15691	7	0	0	0	0	0	0	0	1	0	0
A	AB	18	107	1	2	BA1652	15712	7	8	2	0	1	0	0	0	0	0	0
A	AB	18	107	1	2	BA1652	15715	8	0	0	0	0	0	0	0	1	0	0
A	AB	18	107	1	2	BA1652	15722	8	7	0	0	0	0	0	0	0	0	0
A	AB	18	107	1	2	BA1652	15749	7	8	2	0	1	0	0	0	0	0	0
A	AB	18	107	1	2	BA1652	15757	8	0	0	0	0	0	0	0	1	0	0
A	AB	18	107	1	2	BA1652	15759	8	7	0	0	0	0	0	0	0	0	0
A	AB	18	107	1	2	BA1652	15782	7	8	2	0	1	0	0	0	0	0	0
A	AB	18	107	1	2	BA1652	15789	8	0	0	0	0	0	0	0	1	0	0
A	AB	18	107	1	2	BA1652	15792	8	7	0	0	0	0	0	0	0	0	0
A	AB	18	107	1	2	BA1652	15794	7	8	2	0	1	0	0	0	0	0	0
A	AB	18	107	1	2	BA1652	15804	8	7	0	0	0	0	0	0	0	0	0
A	AB	18	107	1	2	BA1652	15826	7	0	0	0	0	0	0	0	1	0	0
A	AB	18	107	1	2	BA1652	15836	7	8	2	0	1	0	0	0	0	0	0
A	AB	18	107	1	2	BA1652	15841	8	0	0	0	0	0	0	0	1	0	0
A	AB	18	107	1	2	BA1652	15846	8	7	0	0	0	0	0	0	0	0	0
A	AB	18	107	1	2	BA1652	15898	7	8	2	0	1	0	0	0	0	0	0
A	AB	18	107	1	2	BA1652	15908	8	7	0	0	0	0	0	0	0	0	0
A	AB	18	107	1	2	BA1652	15918	7	0	0	0	0	0	0	0	1	0	0
A	AB	18	107	1	2	BA1652	15921	7	8	2	0	1	0	0	0	0	0	0
A	AB	18	107	1	2	BA1652	15928	8	0	0	0	0	0	0	0	1	0	0
A	AB	18	107	1	2	BA1652	15929	8	0	0	0	1	0	0	0	0	0	0
A	AB	18	107	1	2	BA1652	15931	8	7	0	0	0	0	0	0	0	0	0
A	AB	18	107	1	2	BA1652	15937	7	0	0	0	0	0	0	0	1	0	0
A	AB	18	107	1	2	BA1652	15940	7	8	2	0	1	0	0	0	0	0	0
A	AB	18	107	1	2	BA1652	15950	8	7	0	0	0	0	0	0	0	0	0
A	AB	18	107	1	2	BA1652	15962	7	0	0	0	0	0	0	0	1	0	0
A	AB	18	107	1	2	BA1652	15970	7	8	2	0	1	0	0	0	0	0	0
A	AB	18	107	1	2	BA1652	15975	8	0	0	0	0	0	0	0	1	0	0
A	AB	18	107	1	2	BA1652	15980	8	7	0	0	0	0	0	0	0	0	0
A	AB	18	107	1	2	BA1652	15989	7	8	2	0	1	0	0	0	0	0	0
A	AB	18	107	1	2	BA1652	15990	8	0	0	0	0	0	0	0	1	0	0
A	AB	18	107	1	2	BA1652	15991	8	0	0	0	1	0	0	0	0	0	0
A	AB	18	107	1	2	BA1652	15993	8	0	0	0	0	0	0	0	1	0	0
A	AB	18	107	1	2	BA1652	15995	8	0	0	0	1	0	0	0	0	0	0
A	AB	18	107	1	2	BA1652	15999	8	7	0	0	0	0	0	0	0	0	0
A	AB	18	107	1	2	BA1652	16013	7	0	0	0	0	0	0	0	1	0	0
A	AB	18	107	1	2	BA1652	16014	7	8	2	0	1	0	0	0	0	0	0
A	AB	18	107	1	2	BA1652	16018	8	0	0	0	0	0	0	0	1	0	0
A	AB	18	107	1	2	BA1652	16024	8	7	0	0	0	0	0	0	0	0	0
A	AB	18	107	1	2	BA1652	16031	7	8	2	0	1	0	0	0	0	0	0
A	AB	18	107	1	2	BA1652	16034	8	0	0	0	0	0	0	0	1	0	0
A	AB	18	107	1	2	BA1652	16041	8	7	0	0	0	0	0	0	0	0	0
A	AB	18	107	1	2	BA1652	16053	7	8	2	0	1	0	0	0	0	0	0
A	AB	18	107	1	2	BA1652	16057	8	0	0	0	0	0	0	0	1	0	0
A	AB	18	107	1	2	BA1652	16058	8	0	0	0	1	0	0	0	0	0	0
A	AB	18	107	1	2	BA1652	16061	8	0	0	0	0	0	0	0	1	0	0
A	AB	18	107	1	2	BA1652	16063	8	9	0	0	0	0	0	0	0	0	0
A	AB	18	107	1	2	BA1652	16067	9	0	0	0	1	0	0	0	0	0	0
A	AB	18	107	1	2	BA1652	16070	9	0	0	0	0	0	0	0	1	0	0
A	AB	18	107	1	2	BA1652	16073	9	10	0	0	0	0	0	0	0	0	0
A	AB	18	107	1	2	BA1652	16148	10	2	0	0	0	0	0	0	0	0	0
A	AB	18	107	1	2	BA1652	16149	2	6	0	0	0	0	0	0	0	0	0
A	AB	18	107	1	2	BA1652	16282	6	8	2	0	1	0	0	0	0	0	0
A	AB	18	107	1	2	BA1652	16292	8	7	0	0	0	0	0	0	0	0	0
A	AB	18	107	1	2	BA1652	16298	7	0	0	0	0	0	0	0	1	0	0
A	AB	18	107	1	2	BA1652	16358	7	8	2	0	1	0	0	0	0	0	0
A	AB	18	107	1	2	BA1652	16361	8	0	0	0	0	0	0	0	1	0	0
A	AB	18	107	1	2	BA1652	16368	8	7	0	0	0	0	0	0	0	0	0
A	AB	18	107	1	2	BA1652	16466	7	8	2	0	1	0	0	0	0	0	0
A	AB	18	107	1	2	BA1652	16476	8	7	0	0	0	0	0	0	0	0	0
A	AB	18	107	1	2	BA1652	16482	7	0	0	0	0	0	0	0	1	0	0
A	AB	18	107	1	2	BA1652	16494	7	8	2	0	1	0	0	0	0	0	0
A	AB	18	107	1	2	BA1652	16495	8	0	0	0	0	0	0	0	1	0	0
A	AB	18	107	1	2	BA1652	16500	8	0	0	0	1	0	0	0	0	0	0
A	AB	18	107	1	2	BA1652	16504	8	7	0	0	0	0	0	0	0	0	0
A	AB	18	107	1	2	BA1652	16515	7	0	0	0	0	0	0	0	1	0	0
A	AB	18	107	1	2	BA1652	16531	7	8	2	0	1	0	0	0	0	0	0
A	AB	18	107	1	2	BA1652	16532	8	0	0	0	0	0	0	0	1	0	0
A	AB	18	107	1	2	BA1652	16538	8	0	0	0	1	0	0	0	0	0	0
A	AB	18	107	1	2	BA1652	16541	8	7	0	0	0	0	0	0	1	0	0
A	AB	18	107	1	2	BA1652	16556	7	8	2	0	1	0	0	0	0	0	0
A	AB	18	107	1	2	BA1652	16559	8	0	0	0	0	0	0	0	1	0	0
A	AB	18	107	1	2	BA1652	16566	8	7	0	0	0	0	0	0	0	0	0
A	AB	18	107	1	2	BA1652	16635	7	8	2	0	1	0	0	0	0	0	0
A	AB	18	107	1	2	BA1652	16645	8	7	0	0	0	0	0	0	0	0	0
A	AB	18	107	1	2	BA1652	16667	7	0	0	0	0	0	0	0	1	0	0
A	AB	18	107	1	2	BA1652	16705	7	8	2	0	1	0	0	0	0	0	0
A	AB	18	107	1	2	BA1652	16710	8	0	0	0	0	0	0	0	1	0	0
A	AB	18	107	1	2	BA1652	16715	8	7	0	0	0	0	0	0	0	0	0
A	AB	18	107	1	2	BA1652	16716	7	8	2	0	1	0	0	0	0	0	0
A	AB	18	107	1	2	BA1652	16718	8	0	0	0	0	0	0	0	1	0	0
A	AB	18	107	1	2	BA1652	16722	8	0	0	0	1	0	0	0	0	0	0
A	AB	18	107	1	2	BA1652	16726	8	7	0	0	0	0	0	0	0	0	0
A	AB	18	107	1	2	BA1652	16728	7	0	0	0	0	0	0	0	1	0	0
A	AB	18	107	1	2	BA1652	16798	7	8	2	0	1	0	0	0	0	0	0
A	AB	18	107	1	2	BA1652	16802	8	0	0	0	0	0	0	0	1	0	0
A	AB	18	107	1	2	BA1652	16808	8	7	0	0	0	0	0	0	0	0	0
A	AB	18	107	1	2	BA1652	16812	7	8	2	0	1	0	0	0	0	0	0
A	AB	18	107	1	2	BA1652	16813	8	0	0	0	0	0	0	0	1	0	0
A	AB	18	107	1	2	BA1652	16815	8	0	0	0	1	0	0	0	0	0	0
A	AB	18	107	1	2	BA1652	16818	8	0	0	0	0	0	0	0	1	0	0
A	AB	18	107	1	2	BA1652	16820	8	0	0	0	1	0	0	0	0	0	0
A	AB	18	107	1	2	BA1652	16822	8	7	0	0	0	0	0	0	0	0	0
A	AB	18	107	1	2	BA1652	16847	7	0	0	0	0	0	0	0	1	0	0
A	AB	18	107	1	2	BA1652	16855	7	8	2	0	1	0	0	0	0	0	0
A	AB	18	107	1	2	BA1652	16858	8	0	0	0	0	0	0	0	1	0	0
A	AB	18	107	1	2	BA1652	16859	8	0	0	0	1	0	0	0	0	0	0
A	AB	18	107	1	2	BA1652	16860	8	0	0	0	0	0	0	0	1	0	0
A	AB	18	107	1	2	BA1652	16864	8	0	0	0	1	0	0	0	0	0	0
A	AB	18	107	1	2	BA1652	16865	8	7	0	0	0	0	0	0	0	0	0
A	AB	18	107	1	2	BA1652	16871	7	0	0	0	0	0	0	0	1	0	0
A	AB	18	107	1	2	BA1652	16872	7	8	2	0	1	0	0	0	0	0	0
A	AB	18	107	1	2	BA1652	16878	8	0	0	0	0	0	0	0	1	0	0
A	AB	18	107	1	2	BA1652	16882	8	7	0	0	0	0	0	0	0	0	0
A	AB	18	107	1	2	BA1652	16943	7	8	2	0	1	0	0	0	0	0	0
A	AB	18	107	1	2	BA1652	16953	8	7	0	0	0	0	0	0	1	0	0
A	AB	18	107	1	2	BA1652	16977	7	8	2	0	1	0	0	0	0	0	0
A	AB	18	107	1	2	BA1652	16981	8	0	0	0	0	0	0	0	1	0	0
A	AB	18	107	1	2	BA1652	16987	8	7	0	0	0	0	0	0	0	0	0
A	AB	18	107	1	2	BA1652	17053	7	8	2	0	1	0	0	0	0	0	0
A	AB	18	107	1	2	BA1652	17057	8	0	0	0	0	0	0	0	1	0	0
A	AB	18	107	1	2	BA1652	17059	8	0	0	0	1	0	0	0	0	0	0
A	AB	18	107	1	2	BA1652	17063	8	7	0	0	0	0	0	0	0	0	0
A	AB	18	107	1	2	BA1652	17099	7	0	0	0	0	0	0	0	1	0	0
A	AB	18	107	1	2	BA1652	17102	7	8	2	0	1	0	0	0	0	0	0
A	AB	18	107	1	2	BA1652	17106	8	0	0	0	0	0	0	0	1	0	0
A	AB	18	107	1	2	BA1652	17110	8	0	0	0	1	0	0	0	0	0	0
A	AB	18	107	1	2	BA1652	17112	8	7	0	0	0	0	0	0	0	0	0
A	AB	18	107	1	2	BA1652	17120	7	0	0	0	0	0	0	0	1	0	0
A	AB	18	107	1	2	BA1652	17158	7	8	2	0	1	0	0	0	0	0	0
A	AB	18	107	1	2	BA1652	17168	8	7	0	0	0	0	0	0	0	0	0
A	AB	18	107	1	2	BA1652	17177	7	0	0	0	0	0	0	0	1	0	0
A	AB	18	107	1	2	BA1652	17179	7	8	2	0	1	0	0	0	0	0	0
A	AB	18	107	1	2	BA1652	17189	8	7	0	0	0	0	0	0	0	0	0
A	AB	18	107	1	2	BA1652	17211	7	0	0	0	0	0	0	0	1	0	0
A	AB	18	107	1	2	BA1652	17216	7	8	2	0	1	0	0	0	0	0	0
A	AB	18	107	1	2	BA1652	17226	8	9	0	0	0	0	0	0	0	0	0
A	AB	18	107	1	2	BA1652	17236	9	10	0	0	0	0	0	0	1	0	0
A	AB	18	107	1	2	BA1652	17311	10	2	0	0	0	0	0	0	0	0	0
A	AB	18	107	1	2	BA1652	17312	2	3	0	0	0	0	0	0	0	0	0
A	AB	18	107	1	2	BA1652	17377	3	5	1	1	0	0	0	0	0	0	0
A	AB	18	107	1	2	BA1652	17379	5	0	0	0	0	0	0	1	0	0	0
A	AB	18	107	1	2	BA1652	17384	5	0	0	1	0	0	0	0	0	0	0
A	AB	18	107	1	2	BA1652	17387	5	4	0	0	0	0	0	0	0	0	0
A	AB	18	107	1	2	BA1652	17405	4	0	0	0	0	0	0	1	0	0	0
A	AB	18	107	1	2	BA1652	17409	4	5	1	1	0	0	0	0	0	0	0
A	AB	18	107	1	2	BA1652	17411	5	0	0	0	0	0	0	1	0	0	0
A	AB	18	107	1	2	BA1652	17413	5	0	0	1	0	0	0	0	0	0	0
A	AB	18	107	1	2	BA1652	17419	5	4	0	0	0	0	0	0	0	0	0
A	AB	18	107	1	2	BA1652	17420	4	0	0	0	0	0	0	1	0	0	0
A	AB	18	107	1	2	BA1652	17425	4	5	1	1	0	0	0	0	0	0	0
A	AB	18	107	1	2	BA1652	17435	5	4	0	0	0	0	0	0	0	0	0
A	AB	18	107	1	2	BA1652	17460	4	0	0	0	0	0	0	1	0	0	0
A	AB	18	107	1	2	BA1652	17466	4	5	1	1	0	0	0	0	0	0	0
A	AB	18	107	1	2	BA1652	17475	5	0	0	1	0	0	0	1	0	0	0
A	AB	18	107	1	2	BA1652	17476	5	4	0	0	0	0	0	0	0	0	0
A	AB	18	107	1	2	BA1652	17482	4	0	0	0	0	0	0	1	0	0	0
A	AB	18	107	1	2	BA1652	17551	4	5	1	1	0	0	0	0	0	0	0
A	AB	18	107	1	2	BA1652	17554	5	0	0	1	0	0	0	1	0	0	0
A	AB	18	107	1	2	BA1652	17561	5	9	0	0	0	0	0	0	0	0	0
A	AB	18	107	1	2	BA1652	17571	9	10	0	0	0	0	0	0	0	0	0
A	AB	18	107	1	2	BA1652	17576	10	0	0	0	0	0	0	1	0	0	0
A	AB	18	107	1	2	BA1652	17646	10	2	0	0	0	0	0	0	0	0	0
A	AB	18	107	1	2	BA1652	17647	2	6	0	0	0	0	0	0	0	0	0
A	AB	18	107	1	2	BA1652	17935	6	8	2	0	1	0	0	0	0	0	0
A	AB	18	107	1	2	BA1652	17937	8	0	0	0	0	0	0	0	1	0	0
A	AB	18	107	1	2	BA1652	17942	8	0	0	0	1	0	0	0	0	0	0
A	AB	18	107	1	2	BA1652	17945	8	7	0	0	0	0	0	0	0	0	0
A	AB	18	107	1	2	BA1652	17947	7	0	0	0	0	0	0	0	1	0	0
A	AB	18	107	1	2	BA1652	17952	7	8	2	0	1	0	0	0	0	0	0
A	AB	18	107	1	2	BA1652	17960	8	0	0	0	0	0	0	0	1	0	0
A	AB	18	107	1	2	BA1652	17962	8	7	0	0	0	0	0	0	0	0	0
A	AB	18	107	1	2	BA1652	18188	7	8	2	0	1	0	0	0	0	0	0
A	AB	18	107	1	2	BA1652	18198	8	7	0	0	0	0	0	0	0	0	0
A	AB	18	107	1	2	BA1652	18208	7	0	0	0	0	0	0	0	1	0	0
A	AB	18	107	1	2	BA1652	18210	7	8	2	0	1	0	0	0	0	0	0
A	AB	18	107	1	2	BA1652	18212	8	0	0	0	0	0	0	0	1	0	0
A	AB	18	107	1	2	BA1652	18214	8	0	0	0	1	0	0	0	0	0	0
A	AB	18	107	1	2	BA1652	18220	8	7	0	0	0	0	0	0	0	0	0
A	AB	18	107	1	2	BA1652	18279	7	0	0	0	0	0	0	0	1	0	0
A	AB	18	107	1	2	BA1652	18297	7	8	2	0	1	0	0	0	0	0	0
A	AB	18	107	1	2	BA1652	18301	8	0	0	0	0	0	0	0	1	0	0
A	AB	18	107	1	2	BA1652	18307	8	7	0	0	0	0	0	0	0	0	0
A	AB	18	107	1	2	BA1652	18323	7	8	2	0	1	0	0	0	0	0	0
A	AB	18	107	1	2	BA1652	18325	8	0	0	0	0	0	0	0	1	0	0
A	AB	18	107	1	2	BA1652	18333	8	7	0	0	0	0	0	0	0	0	0
A	AB	18	107	1	2	BA1652	18362	7	8	2	0	1	0	0	0	0	0	0
A	AB	18	107	1	2	BA1652	18372	8	7	0	0	0	0	0	0	0	0	0
A	AB	18	107	1	2	BA1652	18387	7	0	0	0	0	0	0	0	1	0	0
A	AB	18	107	1	2	BA1652	18455	7	8	2	0	1	0	0	0	0	0	0
A	AB	18	107	1	2	BA1652	18464	8	0	0	0	0	0	0	0	1	0	0
A	AB	18	107	1	2	BA1652	18465	8	7	0	0	1	0	0	0	0	0	0
A	AB	18	107	1	2	BA1652	18480	7	0	0	0	0	0	0	0	1	0	0
A	AB	18	107	1	2	BA1652	18484	7	8	2	0	1	0	0	0	0	0	0
A	AB	18	107	1	2	BA1652	18494	8	7	0	0	0	0	0	0	0	0	0
A	AB	18	107	1	2	BA1652	18501	7	0	0	0	0	0	0	0	1	0	0
A	AB	18	107	1	2	BA1652	18508	7	8	2	0	1	0	0	0	0	0	0
A	AB	18	107	1	2	BA1652	18509	8	0	0	0	0	0	0	0	1	0	0
A	AB	18	107	1	2	BA1652	18513	8	0	0	0	1	0	0	0	0	0	0
A	AB	18	107	1	2	BA1652	18515	8	0	0	0	0	0	0	0	1	0	0
A	AB	18	107	1	2	BA1652	18518	8	7	0	0	0	0	0	0	0	0	0
A	AB	18	107	1	2	BA1652	18526	7	8	2	0	1	0	0	0	0	0	0
A	AB	18	107	1	2	BA1652	18529	8	0	0	0	0	0	0	0	1	0	0
A	AB	18	107	1	2	BA1652	18536	8	7	0	0	0	0	0	0	0	0	0
A	AB	18	107	1	2	BA1652	18550	7	8	2	0	1	0	0	0	0	0	0
A	AB	18	107	1	2	BA1652	18560	8	7	0	0	0	0	0	0	0	0	0
A	AB	18	107	1	2	BA1652	18564	7	0	0	0	0	0	0	0	1	0	0
A	AB	18	107	1	2	BA1652	18576	7	8	2	0	1	0	0	0	0	0	0
A	AB	18	107	1	2	BA1652	18582	8	0	0	0	0	0	0	0	1	0	0
A	AB	18	107	1	2	BA1652	18586	8	7	0	0	0	0	0	0	0	0	0
A	AB	18	107	1	2	BA1652	18590	7	8	2	0	1	0	0	0	0	0	0
A	AB	18	107	1	2	BA1652	18593	8	0	0	0	0	0	0	0	1	0	0
A	AB	18	107	1	2	BA1652	18600	8	7	0	0	0	0	0	0	0	0	0
A	AB	18	107	1	2	BA1652	18674	7	8	2	0	1	0	0	0	0	0	0
A	AB	18	107	1	2	BA1652	18684	8	7	0	0	0	0	0	0	0	0	0
A	AB	18	107	1	2	BA1652	18716	7	0	0	0	0	0	0	0	1	0	0
A	AB	18	107	1	2	BA1652	18718	7	8	2	0	1	0	0	0	0	0	0
A	AB	18	107	1	2	BA1652	18720	8	0	0	0	0	0	0	0	1	0	0
A	AB	18	107	1	2	BA1652	18724	8	0	0	0	1	0	0	0	0	0	0
A	AB	18	107	1	2	BA1652	18728	8	7	0	0	0	0	0	0	0	0	0
A	AB	18	107	1	2	BA1652	18730	7	0	0	0	0	0	0	0	1	0	0
A	AB	18	107	1	2	BA1652	18744	7	8	2	0	1	0	0	0	0	0	0
A	AB	18	107	1	2	BA1652	18754	8	7	0	0	0	0	0	0	0	0	0
A	AB	18	107	1	2	BA1652	18763	7	0	0	0	0	0	0	0	1	0	0
A	AB	18	107	1	2	BA1652	18767	7	8	2	0	1	0	0	0	0	0	0
A	AB	18	107	1	2	BA1652	18775	8	0	0	0	0	0	0	0	1	0	0
A	AB	18	107	1	2	BA1652	18777	8	7	0	0	0	0	0	0	0	0	0
A	AB	18	107	1	2	BA1652	18792	7	8	2	0	1	0	0	0	0	0	0
A	AB	18	107	1	2	BA1652	18802	8	7	0	0	0	0	0	0	1	0	0
A	AB	18	107	1	2	BA1652	18809	7	8	2	0	1	0	0	0	0	0	0
A	AB	18	107	1	2	BA1652	18816	8	0	0	0	0	0	0	0	1	0	0
A	AB	18	107	1	2	BA1652	18819	8	9	0	0	0	0	0	0	0	0	0
A	AB	18	107	1	2	BA1652	18820	9	0	0	0	1	0	0	0	0	0	0
A	AB	18	107	1	2	BA1652	18823	9	0	0	0	0	0	0	0	1	0	0
A	AB	18	107	1	2	BA1652	18824	9	0	0	0	1	0	0	0	0	0	0
A	AB	18	107	1	2	BA1652	18829	9	10	0	0	0	0	0	0	0	0	0
A	AB	18	107	1	2	BA1652	18830	10	0	0	0	0	0	0	0	1	0	0
A	AB	18	107	1	2	BA1652	18904	10	2	0	0	0	0	0	0	0	0	0
A	AB	18	107	1	2	BA1652	18905	2	6	0	0	0	0	0	0	0	0	0
A	AB	18	107	1	2	BA1652	19206	6	8	2	0	1	0	0	0	0	0	0
A	AB	18	107	1	2	BA1652	19209	8	0	0	0	0	0	0	0	1	0	0
A	AB	18	107	1	2	BA1652	19213	8	0	0	0	1	0	0	0	0	0	0
A	AB	18	107	1	2	BA1652	19216	8	7	0	0	0	0	0	0	0	0	0
A	AB	18	107	1	2	BA1652	19241	7	0	0	0	0	0	0	0	1	0	0
A	AB	18	107	1	2	BA1652	19267	7	8	2	0	1	0	0	0	0	0	0
A	AB	18	107	1	2	BA1652	19271	8	0	0	0	0	0	0	0	1	0	0
A	AB	18	107	1	2	BA1652	19277	8	7	0	0	0	0	0	0	0	0	0
A	AB	18	107	1	2	BA1652	19308	7	8	2	0	1	0	0	0	0	0	0
A	AB	18	107	1	2	BA1652	19310	8	0	0	0	0	0	0	0	1	0	0
A	AB	18	107	1	2	BA1652	19313	8	0	0	0	1	0	0	0	0	0	0
A	AB	18	107	1	2	BA1652	19318	8	7	0	0	0	0	0	0	0	0	0
A	AB	18	107	1	2	BA1652	19335	7	0	0	0	0	0	0	0	1	0	0
A	AB	18	107	1	2	BA1652	19341	7	8	2	0	1	0	0	0	0	0	0
A	AB	18	107	1	2	BA1652	19351	8	7	0	0	0	0	0	0	0	0	0
A	AB	18	107	1	2	BA1652	19417	7	0	0	0	0	0	0	0	1	0	0
A	AB	18	107	1	2	BA1652	19427	7	8	2	0	1	0	0	0	0	0	0
A	AB	18	107	1	2	BA1652	19432	8	0	0	0	0	0	0	0	1	0	0
A	AB	18	107	1	2	BA1652	19434	8	0	0	0	1	0	0	0	0	0	0
A	AB	18	107	1	2	BA1652	19437	8	7	0	0	0	0	0	0	1	0	0
A	AB	18	107	1	2	BA1652	19448	7	8	2	0	1	0	0	0	0	0	0
A	AB	18	107	1	2	BA1652	19456	8	0	0	0	0	0	0	0	1	0	0
A	AB	18	107	1	2	BA1652	19458	8	7	0	0	0	0	0	0	0	0	0
A	AB	18	107	1	2	BA1652	19460	7	8	2	0	1	0	0	0	0	0	0
A	AB	18	107	1	2	BA1652	19470	8	7	0	0	0	0	0	0	0	0	0
A	AB	18	107	1	2	BA1652	19477	7	0	0	0	0	0	0	0	1	0	0
A	AB	18	107	1	2	BA1652	19511	7	8	2	0	1	0	0	0	0	0	0
A	AB	18	107	1	2	BA1652	19521	8	7	0	0	0	0	0	0	0	0	0
A	AB	18	107	1	2	BA1652	19527	7	0	0	0	0	0	0	0	1	0	0
A	AB	18	107	1	2	BA1652	19528	7	8	2	0	1	0	0	0	0	0	0
A	AB	18	107	1	2	BA1652	19533	8	0	0	0	0	0	0	0	1	0	0
A	AB	18	107	1	2	BA1652	19538	8	7	0	0	0	0	0	0	0	0	0
A	AB	18	107	1	2	BA1652	19577	7	8	2	0	1	0	0	0	0	0	0
A	AB	18	107	1	2	BA1652	19584	8	0	0	0	0	0	0	0	1	0	0
A	AB	18	107	1	2	BA1652	19587	8	7	0	0	1	0	0	0	0	0	0
A	AB	18	107	1	2	BA1652	19589	7	0	0	0	0	0	0	0	1	0	0
A	AB	18	107	1	2	BA1652	19610	7	8	2	0	1	0	0	0	0	0	0
A	AB	18	107	1	2	BA1652	19617	8	0	0	0	0	0	0	0	1	0	0
A	AB	18	107	1	2	BA1652	19620	8	7	0	0	0	0	0	0	0	0	0
A	AB	18	107	1	2	BA1652	19624	7	8	2	0	1	0	0	0	0	0	0
A	AB	18	107	1	2	BA1652	19634	8	7	0	0	0	0	0	0	0	0	0
A	AB	18	107	1	2	BA1652	19640	7	0	0	0	0	0	0	0	1	0	0
A	AB	18	107	1	2	BA1652	19641	7	8	2	0	1	0	0	0	0	0	0
A	AB	18	107	1	2	BA1652	19651	8	7	0	0	0	0	0	0	0	0	0
A	AB	18	107	1	2	BA1652	19653	7	0	0	0	0	0	0	0	1	0	0
A	AB	18	107	1	2	BA1652	19714	7	8	2	0	1	0	0	0	0	0	0
A	AB	18	107	1	2	BA1652	19716	8	0	0	0	1	0	0	0	1	0	0
A	AB	18	107	1	2	BA1652	19718	8	0	0	0	0	0	0	0	1	0	0
A	AB	18	107	1	2	BA1652	19720	8	0	0	0	1	0	0	0	0	0	0
A	AB	18	107	1	2	BA1652	19724	8	7	0	0	0	0	0	0	0	0	0
A	AB	18	107	1	2	BA1652	19731	7	8	2	0	1	0	0	0	1	0	0
A	AB	18	107	1	2	BA1652	19733	8	0	0	0	0	0	0	0	1	0	0
A	AB	18	107	1	2	BA1652	19741	8	7	0	0	0	0	0	0	0	0	0
A	AB	18	107	1	2	BA1652	19742	7	8	2	0	1	0	0	0	0	0	0
A	AB	18	107	1	2	BA1652	19752	8	7	0	0	0	0	0	0	0	0	0
A	AB	18	107	1	2	BA1652	19804	7	0	0	0	0	0	0	0	1	0	0
A	AB	18	107	1	2	BA1652	19812	7	8	2	0	1	0	0	0	0	0	0
A	AB	18	107	1	2	BA1652	19817	8	0	0	0	0	0	0	0	1	0	0
A	AB	18	107	1	2	BA1652	19819	8	0	0	0	1	0	0	0	0	0	0
A	AB	18	107	1	2	BA1652	19822	8	7	0	0	0	0	0	0	0	0	0
A	AB	18	107	1	2	BA1652	19866	7	0	0	0	0	0	0	0	1	0	0
A	AB	18	107	1	2	BA1652	19882	7	8	2	0	1	0	0	0	0	0	0
A	AB	18	107	1	2	BA1652	19892	8	7	0	0	0	0	0	0	0	0	0
A	AB	18	107	1	2	BA1652	19898	7	0	0	0	0	0	0	0	1	0	0
A	AB	18	107	1	2	BA1652	19977	7	8	2	0	1	0	0	0	0	0	0
A	AB	18	107	1	2	BA1652	19987	8	7	0	0	0	0	0	0	0	0	0
A	AB	18	107	1	2	BA1652	19997	7	0	0	0	0	0	0	0	1	0	0
A	AB	18	107	1	2	BA1652	20021	7	8	2	0	1	0	0	0	0	0	0
A	AB	18	107	1	2	BA1652	20023	8	0	0	0	0	0	0	0	1	0	0
A	AB	18	107	1	2	BA1652	20031	8	9	0	0	0	0	0	0	0	0	0
A	AB	18	107	1	2	BA1652	20041	9	10	0	0	0	0	0	0	0	0	0
A	AB	18	107	1	2	BA1652	20116	10	2	0	0	0	0	0	0	0	0	0
A	AB	18	107	1	2	BA1652	20117	2	3	0	0	0	0	0	0	0	0	0
A	AB	18	107	1	2	BA1652	20172	3	5	1	1	0	0	0	0	0	0	0
A	AB	18	107	1	2	BA1652	20175	5	0	0	0	0	0	0	1	0	0	0
A	AB	18	107	1	2	BA1652	20178	5	0	0	1	0	0	0	0	0	0	0
A	AB	18	107	1	2	BA1652	20182	5	4	0	0	0	0	0	0	0	0	0
A	AB	18	107	1	2	BA1652	20191	4	0	0	0	0	0	0	1	0	0	0
A	AB	18	107	1	2	BA1652	20215	4	5	1	1	0	0	0	0	0	0	0
A	AB	18	107	1	2	BA1652	20224	5	0	0	0	0	0	0	1	0	0	0
A	AB	18	107	1	2	BA1652	20225	5	4	0	0	0	0	0	0	0	0	0
A	AB	18	107	1	2	BA1652	20226	4	5	1	1	0	0	0	0	0	0	0
A	AB	18	107	1	2	BA1652	20236	5	4	0	0	0	0	0	1	0	0	0
A	AB	18	107	1	2	BA1652	20258	4	5	1	1	0	0	0	0	0	0	0
A	AB	18	107	1	2	BA1652	20268	5	4	0	0	0	0	0	0	0	0	0
A	AB	18	107	1	2	BA1652	20279	4	0	0	0	0	0	0	1	0	0	0
A	AB	18	107	1	2	BA1652	20281	4	5	1	1	0	0	0	0	0	0	0
A	AB	18	107	1	2	BA1652	20291	5	9	0	0	0	0	0	0	0	0	0
A	AB	18	107	1	2	BA1652	20301	9	10	0	0	0	0	0	0	0	0	0
A	AB	18	107	1	2	BA1652	20303	10	0	0	0	0	0	0	1	0	0	0
A	AB	18	107	1	2	BA1652	20376	10	2	0	0	0	0	0	0	0	0	0
A	AB	18	107	1	2	BA1652	20377	2	3	0	0	0	0	0	0	0	0	0
A	AB	18	107	1	2	BA1652	20436	3	5	1	1	0	0	0	0	0	0	0
A	AB	18	107	1	2	BA1652	20446	5	4	0	0	0	0	0	0	0	0	0
A	AB	18	107	1	2	BA1652	20454	4	0	0	0	0	0	0	1	0	0	0
A	AB	18	107	1	2	BA1652	20459	4	5	1	1	0	0	0	0	0	0	0
A	AB	18	107	1	2	BA1652	20461	5	0	0	0	0	0	0	1	0	0	0
A	AB	18	107	1	2	BA1652	20464	5	0	0	1	0	0	0	0	0	0	0
A	AB	18	107	1	2	BA1652	20469	5	4	0	0	0	0	0	0	0	0	0
A	AB	18	107	1	2	BA1652	20486	4	0	0	0	0	0	0	1	0	0	0
A	AB	18	107	1	2	BA1652	20503	4	5	1	1	0	0	0	0	0	0	0
A	AB	18	107	1	2	BA1652	20513	5	4	0	0	0	0	0	0	0	0	0
A	AB	18	107	1	2	BA1652	20532	4	0	0	0	0	0	0	1	0	0	0
A	AB	18	107	1	2	BA1652	20538	4	5	1	1	0	0	0	0	0	0	0
A	AB	18	107	1	2	BA1652	20548	5	4	0	0	0	0	0	0	0	0	0
A	AB	18	107	1	2	BA1652	20550	4	0	0	0	0	0	0	1	0	0	0
A	AB	18	107	1	2	BA1652	20598	4	5	1	1	0	0	0	0	0	0	0
A	AB	18	107	1	2	BA1652	20608	5	9	0	0	0	0	0	0	0	0	0
A	AB	18	107	1	2	BA1652	20611	9	0	0	0	0	0	0	1	0	0	0
A	AB	18	107	1	2	BA1652	20618	9	10	0	0	0	0	0	0	0	0	0
A	AB	18	107	1	2	BA1652	20693	10	2	0	0	0	0	0	0	0	0	0
A	AB	18	107	1	2	BA1652	20694	2	6	0	0	0	0	0	0	0	0	0
A	AB	18	107	1	2	BA1652	21007	6	8	2	0	1	0	0	0	0	0	0
A	AB	18	107	1	2	BA1652	21014	8	0	0	0	0	0	0	0	1	0	0
A	AB	18	107	1	2	BA1652	21017	8	7	0	0	0	0	0	0	0	0	0
A	AB	18	107	1	2	BA1652	21020	7	8	2	0	1	0	0	0	0	0	0
A	AB	18	107	1	2	BA1652	21030	8	7	0	0	0	0	0	0	0	0	0
A	AB	18	107	1	2	BA1652	21034	7	0	0	0	0	0	0	0	1	0	0
A	AB	18	107	1	2	BA1652	21154	7	8	2	0	1	0	0	0	0	0	0
A	AB	18	107	1	2	BA1652	21164	8	7	0	0	0	0	0	0	0	0	0
A	AB	18	107	1	2	BA1652	21179	7	0	0	0	0	0	0	0	1	0	0
A	AB	18	107	1	2	BA1652	21256	7	8	2	0	1	0	0	0	0	0	0
A	AB	18	107	1	2	BA1652	21263	8	0	0	0	0	0	0	0	1	0	0
A	AB	18	107	1	2	BA1652	21266	8	7	0	0	0	0	0	0	0	0	0
A	AB	18	107	1	2	BA1652	21338	7	8	2	0	1	0	0	0	0	0	0
A	AB	18	107	1	2	BA1652	21339	8	0	0	0	0	0	0	0	1	0	0
A	AB	18	107	1	2	BA1652	21347	8	0	0	0	1	0	0	0	0	0	0
A	AB	18	107	1	2	BA1652	21348	8	7	0	0	0	0	0	0	0	0	0
A	AB	18	107	1	2	BA1652	21351	7	0	0	0	0	0	0	0	1	0	0
A	AB	18	107	1	2	BA1652	21355	7	8	2	0	1	0	0	0	0	0	0
A	AB	18	107	1	2	BA1652	21358	8	0	0	0	0	0	0	0	1	0	0
A	AB	18	107	1	2	BA1652	21362	8	0	0	0	1	0	0	0	0	0	0
A	AB	18	107	1	2	BA1652	21365	8	7	0	0	0	0	0	0	0	0	0
A	AB	18	107	1	2	BA1652	21367	7	0	0	0	0	0	0	0	1	0	0
A	AB	18	107	1	2	BA1652	21389	7	8	2	0	1	0	0	0	0	0	0
A	AB	18	107	1	2	BA1652	21396	8	0	0	0	0	0	0	0	1	0	0
A	AB	18	107	1	2	BA1652	21399	8	7	0	0	0	0	0	0	0	0	0
A	AB	18	107	1	2	BA1652	21480	7	8	2	0	1	0	0	0	0	0	0
A	AB	18	107	1	2	BA1652	21490	8	7	0	0	0	0	0	0	0	0	0
A	AB	18	107	1	2	BA1652	21492	7	0	0	0	0	0	0	0	1	0	0
A	AB	18	107	1	2	BA1652	21495	7	8	2	0	1	0	0	0	0	0	0
A	AB	18	107	1	2	BA1652	21505	8	7	0	0	0	0	0	0	0	0	0
A	AB	18	107	1	2	BA1652	21536	7	0	0	0	0	0	0	0	1	0	0
A	AB	18	107	1	2	BA1652	21547	7	8	2	0	1	0	0	0	0	0	0
A	AB	18	107	1	2	BA1652	21557	8	7	0	0	0	0	0	0	0	0	0
A	AB	18	107	1	2	BA1652	21564	7	0	0	0	0	0	0	0	1	0	0
A	AB	18	107	1	2	BA1652	21569	7	8	2	0	1	0	0	0	0	0	0
A	AB	18	107	1	2	BA1652	21577	8	0	0	0	0	0	0	0	1	0	0
A	AB	18	107	1	2	BA1652	21578	8	0	0	0	1	0	0	0	0	0	0
A	AB	18	107	1	2	BA1652	21579	8	7	0	0	0	0	0	0	0	0	0
A	AB	18	107	1	2	BA1652	21583	7	0	0	0	0	0	0	0	1	0	0
A	AB	18	107	1	2	BA1652	21662	7	8	2	0	1	0	0	0	0	0	0
A	AB	18	107	1	2	BA1652	21672	8	7	0	0	0	0	0	0	1	0	0
A	AB	18	107	1	2	BA1652	21674	7	8	2	0	1	0	0	0	0	0	0
A	AB	18	107	1	2	BA1652	21684	8	7	0	0	0	0	0	0	0	0	0
A	AB	18	107	1	2	BA1652	21705	7	0	0	0	0	0	0	0	1	0	0
A	AB	18	107	1	2	BA1652	21754	7	8	2	0	1	0	0	0	0	0	0
A	AB	18	107	1	2	BA1652	21764	8	7	0	0	0	0	0	0	0	0	0
A	AB	18	107	1	2	BA1652	21767	7	0	0	0	0	0	0	0	1	0	0
A	AB	18	107	1	2	BA1652	21778	7	8	2	0	1	0	0	0	0	0	0
A	AB	18	107	1	2	BA1652	21782	8	0	0	0	0	0	0	0	1	0	0
A	AB	18	107	1	2	BA1652	21788	8	7	0	0	0	0	0	0	0	0	0
A	AB	18	107	1	2	BA1652	21805	7	8	2	0	1	0	0	0	0	0	0
A	AB	18	107	1	2	BA1652	21808	8	0	0	0	0	0	0	0	1	0	0
A	AB	18	107	1	2	BA1652	21815	8	7	0	0	0	0	0	0	0	0	0
A	AB	18	107	1	2	BA1652	21875	7	8	2	0	1	0	0	0	0	0	0
A	AB	18	107	1	2	BA1652	21885	8	7	0	0	0	0	0	0	0	0	0
A	AB	18	107	1	2	BA1652	21890	7	0	0	0	0	0	0	0	1	0	0
A	AB	18	107	1	2	BA1652	21893	7	8	2	0	1	0	0	0	0	0	0
A	AB	18	107	1	2	BA1652	21903	8	7	0	0	0	0	0	0	0	0	0
A	AB	18	107	1	2	BA1652	21927	7	0	0	0	0	0	0	0	1	0	0
A	AB	18	107	1	2	BA1652	21929	7	8	2	0	1	0	0	0	0	0	0
A	AB	18	107	1	2	BA1652	21939	8	7	0	0	0	0	0	0	0	0	0
A	AB	18	107	1	2	BA1652	21966	7	0	0	0	0	0	0	0	1	0	0
A	AB	18	107	1	2	BA1652	21969	7	8	2	0	1	0	0	0	0	0	0
A	AB	18	107	1	2	BA1652	21972	8	0	0	0	0	0	0	0	1	0	0
A	AB	18	107	1	2	BA1652	21973	8	0	0	0	1	0	0	0	0	0	0
A	AB	18	107	1	2	BA1652	21979	8	9	0	0	0	0	0	0	0	0	0
A	AB	18	107	1	2	BA1652	21981	9	0	0	0	0	0	0	0	1	0	0
A	AB	18	107	1	2	BA1652	21984	9	0	0	0	1	0	0	0	0	0	0
A	AB	18	107	1	2	BA1652	21988	9	0	0	0	0	0	0	0	1	0	0
A	AB	18	107	1	2	BA1652	21989	9	10	0	0	0	0	0	0	0	0	0
A	AB	18	107	1	2	BA1652	22064	10	2	0	0	0	0	0	0	0	0	0
A	AB	18	107	1	2	BA1652	22065	2	3	0	0	0	0	0	0	0	0	0
A	AB	18	107	1	2	BA1652	22115	3	5	1	1	0	0	0	0	0	0	0
A	AB	18	107	1	2	BA1652	22120	5	0	0	0	0	0	0	1	0	0	0
A	AB	18	107	1	2	BA1652	22125	5	4	0	0	0	0	0	0	0	0	0
A	AB	18	107	1	2	BA1652	22128	4	5	1	1	0	0	0	0	0	0	0
A	AB	18	107	1	2	BA1652	22138	5	4	0	0	0	0	0	0	0	0	0
A	AB	18	107	1	2	BA1652	22140	4	0	0	0	0	0	0	1	0	0	0
A	AB	18	107	1	2	BA1652	22143	4	5	1	1	0	0	0	0	0	0	0
A	AB	18	107	1	2	BA1652	22153	5	4	0	0	0	0	0	0	0	0	0
A	AB	18	107	1	2	BA1652	22154	4	0	0	0	0	0	0	1	0	0	0
A	AB	18	107	1	2	BA1652	22175	4	5	1	1	0	0	0	0	0	0	0
A	AB	18	107	1	2	BA1652	22183	5	0	0	0	0	0	0	1	0	0	0
A	AB	18	107	1	2	BA1652	22185	5	4	0	0	0	0	0	0	0	0	0
A	AB	18	107	1	2	BA1652	22187	4	5	1	1	0	0	0	0	0	0	0
A	AB	18	107	1	2	BA1652	22197	5	9	0	0	0	0	0	0	0	0	0
A	AB	18	107	1	2	BA1652	22203	9	0	0	0	0	0	0	1	0	0	0
A	AB	18	107	1	2	BA1652	22207	9	10	0	0	0	0	0	0	0	0	0
A	AB	18	107	1	2	BA1652	22282	10	2	0	0	0	0	0	0	0	0	0
A	AB	18	107	1	2	BA1652	22283	2	6	0	0	0	0	0	0	0	0	0
A	AB	18	107	1	2	BA1652	22409	6	0	0	1	0	0	0	0	0	0	0
A	AB	18	107	1	2	BA1652	22427	6	0	0	0	0	0	0	1	0	0	0
A	AB	18	107	1	2	BA1652	22597	6	8	2	0	1	0	0	0	0	0	0
A	AB	18	107	1	2	BA1652	22599	8	0	0	0	0	0	0	0	1	0	0
A	AB	18	107	1	2	BA1652	22607	8	7	0	0	0	0	0	0	0	0	0
A	AB	18	107	1	2	BA1652	22654	7	8	2	0	1	0	0	0	0	0	0
A	AB	18	107	1	2	BA1652	22656	8	0	0	0	0	0	0	0	1	0	0
A	AB	18	107	1	2	BA1652	22664	8	7	0	0	0	0	0	0	0	0	0
A	AB	18	107	1	2	BA1652	22669	7	8	2	0	1	0	0	0	0	0	0
A	AB	18	107	1	2	BA1652	22672	8	0	0	0	0	0	0	0	1	0	0
A	AB	18	107	1	2	BA1652	22677	8	0	0	0	1	0	0	0	0	0	0
A	AB	18	107	1	2	BA1652	22679	8	7	0	0	0	0	0	0	0	0	0
A	AB	18	107	1	2	BA1652	22686	7	0	0	0	0	0	0	0	1	0	0
A	AB	18	107	1	2	BA1652	22768	7	8	2	0	1	0	0	0	0	0	0
A	AB	18	107	1	2	BA1652	22778	8	7	0	0	0	0	0	0	1	0	0
A	AB	18	107	1	2	BA1652	22779	7	8	2	0	1	0	0	0	0	0	0
A	AB	18	107	1	2	BA1652	22781	8	0	0	0	0	0	0	0	1	0	0
A	AB	18	107	1	2	BA1652	22789	8	7	0	0	0	0	0	0	0	0	0
A	AB	18	107	1	2	BA1652	22852	7	8	2	0	1	0	0	0	0	0	0
A	AB	18	107	1	2	BA1652	22853	8	0	0	0	0	0	0	0	1	0	0
A	AB	18	107	1	2	BA1652	22862	8	7	0	0	0	0	0	0	0	0	0
A	AB	18	107	1	2	BA1652	22885	7	8	2	0	1	0	0	0	0	0	0
A	AB	18	107	1	2	BA1652	22890	8	0	0	0	0	0	0	0	1	0	0
A	AB	18	107	1	2	BA1652	22895	8	7	0	0	0	0	0	0	0	0	0
A	AB	18	107	1	2	BA1652	22909	7	8	2	0	1	0	0	0	0	0	0
A	AB	18	107	1	2	BA1652	22913	8	0	0	0	0	0	0	0	1	0	0
A	AB	18	107	1	2	BA1652	22915	8	0	0	0	1	0	0	0	0	0	0
A	AB	18	107	1	2	BA1652	22919	8	7	0	0	0	0	0	0	0	0	0
A	AB	18	107	1	2	BA1652	22921	7	0	0	0	0	0	0	0	1	0	0
A	AB	18	107	1	2	BA1652	22923	7	8	2	0	1	0	0	0	0	0	0
A	AB	18	107	1	2	BA1652	22924	8	0	0	0	0	0	0	0	1	0	0
A	AB	18	107	1	2	BA1652	22933	8	7	0	0	0	0	0	0	0	0	0
A	AB	18	107	1	2	BA1652	22994	7	8	2	0	1	0	0	0	0	0	0
A	AB	18	107	1	2	BA1652	23004	8	7	0	0	0	0	0	0	1	0	0
A	AB	18	107	1	2	BA1652	23010	7	8	2	0	1	0	0	0	0	0	0
A	AB	18	107	1	2	BA1652	23020	8	7	0	0	0	0	0	0	0	0	0
A	AB	18	107	1	2	BA1652	23032	7	0	0	0	0	0	0	0	1	0	0
A	AB	18	107	1	2	BA1652	23037	7	8	2	0	1	0	0	0	0	0	0
A	AB	18	107	1	2	BA1652	23047	8	7	0	0	0	0	0	0	0	0	0
A	AB	18	107	1	2	BA1652	23049	7	0	0	0	0	0	0	0	1	0	0
A	AB	18	107	1	2	BA1652	23050	7	8	2	0	1	0	0	0	0	0	0
A	AB	18	107	1	2	BA1652	23058	8	0	0	0	0	0	0	0	1	0	0
A	AB	18	107	1	2	BA1652	23060	8	7	0	0	0	0	0	0	0	0	0
A	AB	18	107	1	2	BA1652	23062	7	8	2	0	1	0	0	0	0	0	0
A	AB	18	107	1	2	BA1652	23069	8	0	0	0	0	0	0	0	1	0	0
A	AB	18	107	1	2	BA1652	23072	8	7	0	0	0	0	0	0	0	0	0
A	AB	18	107	1	2	BA1652	23074	7	8	2	0	1	0	0	0	0	0	0
A	AB	18	107	1	2	BA1652	23078	8	0	0	0	0	0	0	0	1	0	0
A	AB	18	107	1	2	BA1652	23079	8	0	0	0	1	0	0	0	0	0	0
A	AB	18	107	1	2	BA1652	23081	8	0	0	0	0	0	0	0	1	0	0
A	AB	18	107	1	2	BA1652	23082	8	0	0	0	1	0	0	0	0	0	0
A	AB	18	107	1	2	BA1652	23083	8	0	0	0	0	0	0	0	1	0	0
A	AB	18	107	1	2	BA1652	23084	8	7	0	0	0	0	0	0	0	0	0
A	AB	18	107	1	2	BA1652	23086	7	8	2	0	1	0	0	0	0	0	0
A	AB	18	107	1	2	BA1652	23088	8	0	0	0	0	0	0	0	1	0	0
A	AB	18	107	1	2	BA1652	23096	8	7	0	0	0	0	0	0	0	0	0
A	AB	18	107	1	2	BA1652	23102	7	8	2	0	1	0	0	0	0	0	0
A	AB	18	107	1	2	BA1652	23106	8	0	0	0	0	0	0	0	1	0	0
A	AB	18	107	1	2	BA1652	23112	8	7	0	0	0	0	0	0	0	0	0
A	AB	18	107	1	2	BA1652	23174	7	8	2	0	1	0	0	0	0	0	0
A	AB	18	107	1	2	BA1652	23184	8	7	0	0	0	0	0	0	0	0	0
A	AB	18	107	1	2	BA1652	23190	7	0	0	0	0	0	0	0	1	0	0
A	AB	18	107	1	2	BA1652	23192	7	8	2	0	1	0	0	0	0	0	0
A	AB	18	107	1	2	BA1652	23202	8	7	0	0	0	0	0	0	0	0	0
A	AB	18	107	1	2	BA1652	23214	7	0	0	0	0	0	0	0	1	0	0
A	AB	18	107	1	2	BA1652	23223	7	8	2	0	1	0	0	0	0	0	0
A	AB	18	107	1	2	BA1652	23225	8	0	0	0	0	0	0	0	1	0	0
A	AB	18	107	1	2	BA1652	23229	8	0	0	0	1	0	0	0	0	0	0
A	AB	18	107	1	2	BA1652	23233	8	9	0	0	0	0	0	0	0	0	0
A	AB	18	107	1	2	BA1652	23236	9	0	0	0	0	0	0	0	1	0	0
A	AB	18	107	1	2	BA1652	23240	9	0	0	0	1	0	0	0	0	0	0
A	AB	18	107	1	2	BA1652	23243	9	10	0	0	0	0	0	0	0	0	0
A	AB	18	107	1	2	BA1652	23271	10	0	0	0	0	0	0	0	1	0	0
A	AB	18	107	1	2	BA1652	23318	10	2	0	0	0	0	0	0	0	0	0
A	AB	18	107	1	2	BA1652	23319	2	3	0	0	0	0	0	0	0	0	0
A	AB	18	107	1	2	BA1652	23392	3	5	1	1	0	0	0	0	0	0	0
A	AB	18	107	1	2	BA1652	23397	5	0	0	0	0	0	0	1	0	0	0
A	AB	18	107	1	2	BA1652	23399	5	0	0	1	0	0	0	0	0	0	0
A	AB	18	107	1	2	BA1652	23402	5	4	0	0	0	0	0	0	0	0	0
A	AB	18	107	1	2	BA1652	23413	4	0	0	0	0	0	0	1	0	0	0
A	AB	18	107	1	2	BA1652	23417	4	5	1	1	0	0	0	0	0	0	0
A	AB	18	107	1	2	BA1652	23426	5	0	0	0	0	0	0	1	0	0	0
A	AB	18	107	1	2	BA1652	23427	5	4	0	0	0	0	0	0	0	0	0
A	AB	18	107	1	2	BA1652	23431	4	5	1	1	0	0	0	0	0	0	0
A	AB	18	107	1	2	BA1652	23441	5	4	0	0	0	0	0	0	0	0	0
A	AB	18	107	1	2	BA1652	23496	4	5	1	1	0	0	0	1	0	0	0
A	AB	18	107	1	2	BA1652	23506	5	4	0	0	0	0	0	0	0	0	0
A	AB	18	107	1	2	BA1652	23548	4	0	0	0	0	0	0	1	0	0	0
A	AB	18	107	1	2	BA1652	23590	4	5	1	1	0	0	0	0	0	0	0
A	AB	18	107	1	2	BA1652	23600	5	9	0	0	0	0	0	0	0	0	0
A	AB	18	107	1	2	BA1652	23604	9	0	0	0	0	0	0	1	0	0	0
A	AB	18	107	1	2	BA1652	23606	9	0	0	1	0	0	0	0	0	0	0
A	AB	18	107	1	2	BA1652	23610	9	10	0	0	0	0	0	0	0	0	0
A	AB	18	107	1	2	BA1652	23616	10	0	0	0	0	0	0	1	0	0	0
A	AB	18	107	1	2	BA1652	23685	10	2	0	0	0	0	0	0	0	0	0
A	AB	18	107	1	2	BA1652	23686	2	6	0	0	0	0	0	0	0	0	0
A	AB	18	107	1	2	BA1652	23913	6	8	2	0	1	0	0	0	0	0	0
A	AB	18	107	1	2	BA1652	23923	8	7	0	0	0	0	0	0	0	0	0
A	AB	18	107	1	2	BA1652	23924	7	0	0	0	0	0	0	0	1	0	0
A	AB	18	107	1	2	BA1652	23971	7	8	2	0	1	0	0	0	0	0	0
A	AB	18	107	1	2	BA1652	23973	8	0	0	0	0	0	0	0	1	0	0
A	AB	18	107	1	2	BA1652	23981	8	7	0	0	0	0	0	0	0	0	0
A	AB	18	107	1	2	BA1652	24024	7	8	2	0	1	0	0	0	0	0	0
A	AB	18	107	1	2	BA1652	24027	8	0	0	0	0	0	0	0	1	0	0
A	AB	18	107	1	2	BA1652	24034	8	7	0	0	0	0	0	0	0	0	0
A	AB	18	107	1	2	BA1652	24036	7	8	2	0	1	0	0	0	0	0	0
A	AB	18	107	1	2	BA1652	24042	8	0	0	0	0	0	0	0	1	0	0
A	AB	18	107	1	2	BA1652	24044	8	0	0	0	1	0	0	0	0	0	0
A	AB	18	107	1	2	BA1652	24046	8	7	0	0	0	0	0	0	0	0	0
A	AB	18	107	1	2	BA1652	24075	7	0	0	0	0	0	0	0	1	0	0
A	AB	18	107	1	2	BA1652	24089	7	8	2	0	1	0	0	0	0	0	0
A	AB	18	107	1	2	BA1652	24091	8	0	0	0	0	0	0	0	1	0	0
A	AB	18	107	1	2	BA1652	24093	8	0	0	0	1	0	0	0	0	0	0
A	AB	18	107	1	2	BA1652	24099	8	7	0	0	0	0	0	0	0	0	0
A	AB	18	107	1	2	BA1652	24114	7	0	0	0	0	0	0	0	1	0	0
A	AB	18	107	1	2	BA1652	24118	7	8	2	0	1	0	0	0	0	0	0
A	AB	18	107	1	2	BA1652	24128	8	7	0	0	0	0	0	0	0	0	0
A	AB	18	107	1	2	BA1652	24129	7	0	0	0	0	0	0	0	1	0	0
A	AB	18	107	1	2	BA1652	24132	7	8	2	0	1	0	0	0	0	0	0
A	AB	18	107	1	2	BA1652	24142	8	7	0	0	0	0	0	0	0	0	0
A	AB	18	107	1	2	BA1652	24149	7	0	0	0	0	0	0	0	1	0	0
A	AB	18	107	1	2	BA1652	24214	7	8	2	0	1	0	0	0	0	0	0
A	AB	18	107	1	2	BA1652	24216	8	0	0	0	0	0	0	0	1	0	0
A	AB	18	107	1	2	BA1652	24221	8	0	0	0	1	0	0	0	0	0	0
A	AB	18	107	1	2	BA1652	24224	8	7	0	0	0	0	0	0	0	0	0
A	AB	18	107	1	2	BA1652	24262	7	0	0	0	0	0	0	0	1	0	0
A	AB	18	107	1	2	BA1652	24267	7	8	2	0	1	0	0	0	0	0	0
A	AB	18	107	1	2	BA1652	24273	8	0	0	0	0	0	0	0	1	0	0
A	AB	18	107	1	2	BA1652	24275	8	0	0	0	1	0	0	0	0	0	0
A	AB	18	107	1	2	BA1652	24277	8	7	0	0	0	0	0	0	0	0	0
A	AB	18	107	1	2	BA1652	24401	7	0	0	0	0	0	0	0	1	0	0
A	AB	18	107	1	2	BA1652	24405	7	8	2	0	1	0	0	0	0	0	0
A	AB	18	107	1	2	BA1652	24415	8	7	0	0	0	0	0	0	0	0	0
A	AB	18	107	1	2	BA1652	24438	7	0	0	0	0	0	0	0	1	0	0
A	AB	18	107	1	2	BA1652	24440	7	8	2	0	1	0	0	0	0	0	0
A	AB	18	107	1	2	BA1652	24443	8	0	0	0	0	0	0	0	1	0	0
A	AB	18	107	1	2	BA1652	24444	8	0	0	0	1	0	0	0	0	0	0
A	AB	18	107	1	2	BA1652	24450	8	7	0	0	0	0	0	0	0	0	0
A	AB	18	107	1	2	BA1652	24479	7	0	0	0	0	0	0	0	1	0	0
A	AB	18	107	1	2	BA1652	24587	7	8	2	0	1	0	0	0	0	0	0
A	AB	18	107	1	2	BA1652	24593	8	0	0	0	0	0	0	0	1	0	0
A	AB	18	107	1	2	BA1652	24595	8	0	0	0	1	0	0	0	0	0	0
A	AB	18	107	1	2	BA1652	24597	8	7	0	0	0	0	0	0	0	0	0
A	AB	18	107	1	2	BA1652	24613	7	0	0	0	0	0	0	0	1	0	0
A	AB	18	107	1	2	BA1652	24616	7	8	2	0	1	0	0	0	0	0	0
A	AB	18	107	1	2	BA1652	24626	8	7	0	0	0	0	0	0	0	0	0
A	AB	18	107	1	2	BA1652	24641	7	0	0	0	0	0	0	0	1	0	0
A	AB	18	107	1	2	BA1652	24648	7	8	2	0	1	0	0	0	0	0	0
A	AB	18	107	1	2	BA1652	24655	8	0	0	0	0	0	0	0	1	0	0
A	AB	18	107	1	2	BA1652	24658	8	7	0	0	0	0	0	0	0	0	0
A	AB	18	107	1	2	BA1652	24682	7	8	2	0	1	0	0	0	0	0	0
A	AB	18	107	1	2	BA1652	24692	8	7	0	0	0	0	0	0	0	0	0
A	AB	18	107	1	2	BA1652	24709	7	0	0	0	0	0	0	0	1	0	0
A	AB	18	107	1	2	BA1652	24713	7	8	2	0	1	0	0	0	0	0	0
A	AB	18	107	1	2	BA1652	24719	8	0	0	0	0	0	0	0	1	0	0
A	AB	18	107	1	2	BA1652	24722	8	0	0	0	1	0	0	0	0	0	0
A	AB	18	107	1	2	BA1652	24723	8	7	0	0	0	0	0	0	0	0	0
A	AB	18	107	1	2	BA1652	24762	7	0	0	0	0	0	0	0	1	0	0
A	AB	18	107	1	2	BA1652	24765	7	8	2	0	1	0	0	0	0	0	0
A	AB	18	107	1	2	BA1652	24775	8	7	0	0	0	0	0	0	0	0	0
A	AB	18	107	1	2	BA1652	24787	7	0	0	0	0	0	0	0	1	0	0
A	AB	18	107	1	2	BA1652	24788	7	8	2	0	1	0	0	0	0	0	0
A	AB	18	107	1	2	BA1652	24798	8	7	0	0	0	0	0	0	0	0	0
A	AB	18	107	1	2	BA1652	24818	7	0	0	0	0	0	0	0	1	0	0
A	AB	18	107	1	2	BA1652	24819	7	8	2	0	1	0	0	0	0	0	0
A	AB	18	107	1	2	BA1652	24821	8	0	0	0	0	0	0	0	1	0	0
A	AB	18	107	1	2	BA1652	24823	8	0	0	0	1	0	0	0	0	0	0
A	AB	18	107	1	2	BA1652	24828	8	0	0	0	0	0	0	0	1	0	0
A	AB	18	107	1	2	BA1652	24829	8	7	0	0	0	0	0	0	0	0	0
A	AB	18	107	1	2	BA1652	24833	7	8	2	0	1	0	0	0	0	0	0
A	AB	18	107	1	2	BA1652	24838	8	0	0	0	0	0	0	0	1	0	0
A	AB	18	107	1	2	BA1652	24842	8	0	0	0	1	0	0	0	0	0	0
A	AB	18	107	1	2	BA1652	24843	8	9	0	0	0	0	0	0	0	0	0
A	AB	18	107	1	2	BA1652	24850	9	0	0	0	0	0	0	0	1	0	0
A	AB	18	107	1	2	BA1652	24853	9	10	0	0	0	0	0	0	0	0	0
A	AB	18	107	1	2	BA1652	24928	10	2	0	0	0	0	0	0	0	0	0
A	AB	18	107	1	2	BA1652	24929	2	6	0	0	0	0	0	0	0	0	0
A	AB	18	107	1	2	BA1652	25222	6	8	2	0	1	0	0	0	0	0	0
A	AB	18	107	1	2	BA1652	25232	8	7	0	0	0	0	0	0	0	0	0
A	AB	18	107	1	2	BA1652	25266	7	0	0	0	0	0	0	0	1	0	0
A	AB	18	107	1	2	BA1652	25270	7	8	2	0	1	0	0	0	0	0	0
A	AB	18	107	1	2	BA1652	25280	8	7	0	0	0	0	0	0	0	0	0
A	AB	18	107	1	2	BA1652	25290	7	0	0	0	0	0	0	0	1	0	0
A	AB	18	107	1	2	BA1652	25297	7	8	2	0	1	0	0	0	0	0	0
A	AB	18	107	1	2	BA1652	25307	8	7	0	0	0	0	0	0	0	0	0
A	AB	18	107	1	2	BA1652	25320	7	0	0	0	0	0	0	0	1	0	0
A	AB	18	107	1	2	BA1652	25341	7	8	2	0	1	0	0	0	0	0	0
A	AB	18	107	1	2	BA1652	25351	8	7	0	0	0	0	0	0	0	0	0
A	AB	18	107	1	2	BA1652	25355	7	0	0	0	0	0	0	0	1	0	0
A	AB	18	107	1	2	BA1652	25437	7	8	2	0	1	0	0	0	0	0	0
A	AB	18	107	1	2	BA1652	25447	8	7	0	0	0	0	0	0	0	0	0
A	AB	18	107	1	2	BA1652	25451	7	0	0	0	0	0	0	0	1	0	0
A	AB	18	107	1	2	BA1652	25452	7	8	2	0	1	0	0	0	0	0	0
A	AB	18	107	1	2	BA1652	25462	8	7	0	0	0	0	0	0	1	0	0
A	AB	18	107	1	2	BA1652	25467	7	8	2	0	1	0	0	0	0	0	0
A	AB	18	107	1	2	BA1652	25472	8	0	0	0	0	0	0	0	1	0	0
A	AB	18	107	1	2	BA1652	25474	8	0	0	0	1	0	0	0	0	0	0
A	AB	18	107	1	2	BA1652	25477	8	7	0	0	0	0	0	0	0	0	0
A	AB	18	107	1	2	BA1652	25505	7	0	0	0	0	0	0	0	1	0	0
A	AB	18	107	1	2	BA1652	25506	7	8	2	0	1	0	0	0	0	0	0
A	AB	18	107	1	2	BA1652	25516	8	7	0	0	0	0	0	0	0	0	0
A	AB	18	107	1	2	BA1652	25543	7	0	0	0	0	0	0	0	1	0	0
A	AB	18	107	1	2	BA1652	25559	7	8	2	0	1	0	0	0	0	0	0
A	AB	18	107	1	2	BA1652	25569	8	7	0	0	0	0	0	0	0	0	0
A	AB	18	107	1	2	BA1652	25585	7	0	0	0	0	0	0	0	1	0	0
A	AB	18	107	1	2	BA1652	25588	7	8	2	0	1	0	0	0	0	0	0
A	AB	18	107	1	2	BA1652	25593	8	0	0	0	0	0	0	0	1	0	0
A	AB	18	107	1	2	BA1652	25597	8	0	0	0	1	0	0	0	0	0	0
A	AB	18	107	1	2	BA1652	25598	8	7	0	0	0	0	0	0	0	0	0
A	AB	18	107	1	2	BA1652	25601	7	0	0	0	0	0	0	0	1	0	0
A	AB	18	107	1	2	BA1652	25620	7	8	2	0	1	0	0	0	0	0	0
A	AB	18	107	1	2	BA1652	25624	8	0	0	0	0	0	0	0	1	0	0
A	AB	18	107	1	2	BA1652	25630	8	7	0	0	0	0	0	0	0	0	0
A	AB	18	107	1	2	BA1652	25640	7	8	2	0	1	0	0	0	0	0	0
A	AB	18	107	1	2	BA1652	25641	8	0	0	0	0	0	0	0	1	0	0
A	AB	18	107	1	2	BA1652	25650	8	7	0	0	0	0	0	0	0	0	0
A	AB	18	107	1	2	BA1652	25729	7	8	2	0	1	0	0	0	0	0	0
A	AB	18	107	1	2	BA1652	25739	8	7	0	0	0	0	0	0	1	0	0
A	AB	18	107	1	2	BA1652	25742	7	8	2	0	1	0	0	0	0	0	0
A	AB	18	107	1	2	BA1652	25752	8	7	0	0	0	0	0	0	0	0	0
A	AB	18	107	1	2	BA1652	25765	7	0	0	0	0	0	0	0	1	0	0
A	AB	18	107	1	2	BA1652	25769	7	8	2	0	1	0	0	0	0	0	0
A	AB	18	107	1	2	BA1652	25779	8	7	0	0	0	0	0	0	0	0	0
A	AB	18	107	1	2	BA1652	25782	7	0	0	0	0	0	0	0	1	0	0
A	AB	18	107	1	2	BA1652	25786	7	8	2	0	1	0	0	0	0	0	0
A	AB	18	107	1	2	BA1652	25792	8	0	0	0	0	0	0	0	1	0	0
A	AB	18	107	1	2	BA1652	25795	8	0	0	0	1	0	0	0	0	0	0
A	AB	18	107	1	2	BA1652	25796	8	7	0	0	0	0	0	0	0	0	0
A	AB	18	107	1	2	BA1652	25830	7	0	0	0	0	0	0	0	1	0	0
A	AB	18	107	1	2	BA1652	25869	7	8	2	0	1	0	0	0	0	0	0
A	AB	18	107	1	2	BA1652	25871	8	0	0	0	0	0	0	0	1	0	0
A	AB	18	107	1	2	BA1652	25879	8	7	0	0	0	0	0	0	0	0	0
A	AB	18	107	1	2	BA1652	25880	7	8	2	0	1	0	0	0	0	0	0
A	AB	18	107	1	2	BA1652	25881	8	0	0	0	0	0	0	0	1	0	0
A	AB	18	107	1	2	BA1652	25882	8	0	0	0	1	0	0	0	0	0	0
A	AB	18	107	1	2	BA1652	25884	8	0	0	0	0	0	0	0	1	0	0
A	AB	18	107	1	2	BA1652	25887	8	0	0	0	1	0	0	0	0	0	0
A	AB	18	107	1	2	BA1652	25890	8	7	0	0	0	0	0	0	0	0	0
A	AB	18	107	1	2	BA1652	25912	7	0	0	0	0	0	0	0	1	0	0
A	AB	18	107	1	2	BA1652	25914	7	8	2	0	1	0	0	0	0	0	0
A	AB	18	107	1	2	BA1652	25918	8	0	0	0	0	0	0	0	1	0	0
A	AB	18	107	1	2	BA1652	25919	8	0	0	0	1	0	0	0	0	0	0
A	AB	18	107	1	2	BA1652	25921	8	0	0	0	0	0	0	0	1	0	0
A	AB	18	107	1	2	BA1652	25924	8	7	0	0	0	0	0	0	0	0	0
A	AB	18	107	1	2	BA1652	25940	7	8	2	0	1	0	0	0	0	0	0
A	AB	18	107	1	2	BA1652	25941	8	0	0	0	0	0	0	0	1	0	0
A	AB	18	107	1	2	BA1652	25945	8	0	0	0	1	0	0	0	0	0	0
A	AB	18	107	1	2	BA1652	25950	8	9	0	0	0	0	0	0	0	0	0
A	AB	18	107	1	2	BA1652	25951	9	0	0	0	0	0	0	0	1	0	0
A	AB	18	107	1	2	BA1652	25959	9	0	0	0	1	0	0	0	0	0	0
A	AB	18	107	1	2	BA1652	25960	9	10	0	0	0	0	0	0	0	0	0
A	AB	18	107	1	2	BA1652	25964	10	0	0	0	0	0	0	0	1	0	0
A	AB	18	107	1	2	BA1652	26035	10	2	0	0	0	0	0	0	0	0	0
A	AB	18	107	1	2	BA1652	26036	2	3	0	0	0	0	0	0	0	0	0
A	AB	18	107	1	2	BA1652	26118	3	5	1	1	0	0	0	0	0	0	0
A	AB	18	107	1	2	BA1652	26119	5	0	0	0	0	0	0	1	0	0	0
A	AB	18	107	1	2	BA1652	26122	5	0	0	1	0	0	0	0	0	0	0
A	AB	18	107	1	2	BA1652	26128	5	4	0	0	0	0	0	0	0	0	0
A	AB	18	107	1	2	BA1652	26136	4	0	0	0	0	0	0	1	0	0	0
A	AB	18	107	1	2	BA1652	26139	4	5	1	1	0	0	0	0	0	0	0
A	AB	18	107	1	2	BA1652	26147	5	0	0	0	0	0	0	1	0	0	0
A	AB	18	107	1	2	BA1652	26149	5	4	0	0	0	0	0	0	0	0	0
A	AB	18	107	1	2	BA1652	26157	4	5	1	1	0	0	0	0	0	0	0
A	AB	18	107	1	2	BA1652	26167	5	4	0	0	0	0	0	0	0	0	0
A	AB	18	107	1	2	BA1652	26212	4	0	0	0	0	0	0	1	0	0	0
A	AB	18	107	1	2	BA1652	26218	4	5	1	1	0	0	0	0	0	0	0
A	AB	18	107	1	2	BA1652	26228	5	4	0	0	0	0	0	0	0	0	0
A	AB	18	107	1	2	BA1652	26256	4	0	0	0	0	0	0	1	0	0	0
A	AB	18	107	1	2	BA1652	26258	4	5	1	1	0	0	0	0	0	0	0
A	AB	18	107	1	2	BA1652	26268	5	9	0	0	0	0	0	0	0	0	0
A	AB	18	107	1	2	BA1652	26278	9	10	0	0	0	0	0	1	0	0	0
A	AB	18	107	1	2	BA1652	26353	10	2	0	0	0	0	0	0	0	0	0
A	AB	18	107	1	2	BA1652	26354	2	3	0	0	0	0	0	0	0	0	0
A	AB	18	107	1	2	BA1652	26407	3	5	1	1	0	0	0	0	0	0	0
A	AB	18	107	1	2	BA1652	26417	5	4	0	0	0	0	0	0	0	0	0
A	AB	18	107	1	2	BA1652	26432	4	5	1	1	0	0	0	1	0	0	0
A	AB	18	107	1	2	BA1652	26439	5	0	0	0	0	0	0	1	0	0	0
A	AB	18	107	1	2	BA1652	26442	5	4	0	0	0	0	0	0	0	0	0
A	AB	18	107	1	2	BA1652	26448	4	5	1	1	0	0	0	0	0	0	0
A	AB	18	107	1	2	BA1652	26458	5	4	0	0	0	0	0	0	0	0	0
A	AB	18	107	1	2	BA1652	26468	4	0	0	0	0	0	0	1	0	0	0
A	AB	18	107	1	2	BA1652	26473	4	5	1	1	0	0	0	0	0	0	0
A	AB	18	107	1	2	BA1652	26477	5	0	0	0	0	0	0	1	0	0	0
A	AB	18	107	1	2	BA1652	26482	5	0	0	1	0	0	0	0	0	0	0
A	AB	18	107	1	2	BA1652	26483	5	4	0	0	0	0	0	0	0	0	0
A	AB	18	107	1	2	BA1652	26493	4	0	0	0	0	0	0	1	0	0	0
A	AB	18	107	1	2	BA1652	26497	4	5	1	1	0	0	0	0	0	0	0
A	AB	18	107	1	2	BA1652	26498	5	0	0	0	0	0	0	1	0	0	0
A	AB	18	107	1	2	BA1652	26507	5	9	0	0	0	0	0	0	0	0	0
A	AB	18	107	1	2	BA1652	26508	9	0	0	1	0	0	0	0	0	0	0
A	AB	18	107	1	2	BA1652	26512	9	0	0	0	0	0	0	1	0	0	0
A	AB	18	107	1	2	BA1652	26513	9	0	0	1	0	0	0	0	0	0	0
A	AB	18	107	1	2	BA1652	26515	9	0	0	0	0	0	0	1	0	0	0
A	AB	18	107	1	2	BA1652	26517	9	10	0	0	0	0	0	0	0	0	0
A	AB	18	107	1	2	BA1652	26520	10	0	0	1	0	0	0	0	0	0	0
A	AB	18	107	1	2	BA1652	26524	10	0	0	0	0	0	0	1	0	0	0
A	AB	18	107	1	2	BA1652	26527	10	0	0	1	0	0	0	0	0	0	0
A	AB	18	107	1	2	BA1652	26534	10	0	0	0	0	0	0	1	0	0	0
A	AB	18	107	1	2	BA1652	26592	10	2	0	0	0	0	0	0	0	0	0
A	AB	18	107	1	2	BA1652	26593	2	3	0	0	0	0	0	0	0	0	0
A	AB	18	107	1	2	BA1652	26726	3	5	1	1	0	0	0	0	0	0	0
A	AB	18	107	1	2	BA1652	26736	5	4	0	0	0	0	0	0	0	0	0
A	AB	18	107	1	2	BA1652	26743	4	0	0	0	0	0	0	1	0	0	0
A	AB	18	107	1	2	BA1652	26747	4	5	1	1	0	0	0	0	0	0	0
A	AB	18	107	1	2	BA1652	26751	5	0	0	0	0	0	0	1	0	0	0
A	AB	18	107	1	2	BA1652	26753	5	0	0	1	0	0	0	0	0	0	0
A	AB	18	107	1	2	BA1652	26754	5	0	0	0	0	0	0	1	0	0	0
A	AB	18	107	1	2	BA1652	26757	5	4	0	0	0	0	0	0	0	0	0
A	AB	18	107	1	2	BA1652	26758	4	5	1	1	0	0	0	0	0	0	0
A	AB	18	107	1	2	BA1652	26762	5	0	0	0	0	0	0	1	0	0	0
A	AB	18	107	1	2	BA1652	26767	5	0	0	1	0	0	0	0	0	0	0
A	AB	18	107	1	2	BA1652	26768	5	4	0	0	0	0	0	0	0	0	0
A	AB	18	107	1	2	BA1652	26775	4	0	0	0	0	0	0	1	0	0	0
A	AB	18	107	1	2	BA1652	26786	4	5	1	1	0	0	0	0	0	0	0
A	AB	18	107	1	2	BA1652	26796	5	4	0	0	0	0	0	0	0	0	0
A	AB	18	107	1	2	BA1652	26802	4	0	0	0	0	0	0	1	0	0	0
A	AB	18	107	1	2	BA1652	26807	4	5	1	1	0	0	0	0	0	0	0
A	AB	18	107	1	2	BA1652	26809	5	0	0	0	0	0	0	1	0	0	0
A	AB	18	107	1	2	BA1652	26817	5	9	0	0	0	0	0	0	0	0	0
A	AB	18	107	1	2	BA1652	26827	9	10	0	0	0	0	0	0	0	0	0
A	AB	18	107	1	2	BA1652	26902	10	2	0	0	0	0	0	0	0	0	0
A	AB	18	107	1	2	BA1652	26903	2	6	0	0	0	0	0	0	0	0	0
A	AB	18	107	1	2	BA1652	27836	6	8	2	0	1	0	0	0	0	0	0
A	AB	18	107	1	2	BA1652	27846	8	7	0	0	0	0	0	0	0	0	0
A	AB	18	107	1	2	BA1652	27850	7	0	0	0	0	0	0	0	1	0	0
A	AB	18	107	1	2	BA1652	27950	7	8	2	0	1	0	0	0	0	0	0
A	AB	18	107	1	2	BA1652	27960	8	7	0	0	0	0	0	0	0	0	0
A	AB	18	107	1	2	BA1652	27990	7	0	0	0	0	0	0	0	1	0	0
A	AB	18	107	1	2	BA1652	27998	7	8	2	0	1	0	0	0	0	0	0
A	AB	18	107	1	2	BA1652	28000	8	0	0	0	0	0	0	0	1	0	0
A	AB	18	107	1	2	BA1652	28008	8	7	0	0	0	0	0	0	0	0	0
A	AB	18	107	1	2	BA1652	28200	7	8	2	0	1	0	0	0	0	0	0
A	AB	18	107	1	2	BA1652	28210	8	7	0	0	0	0	0	0	0	0	0
A	AB	18	107	1	2	BA1652	28218	7	0	0	0	0	0	0	0	1	0	0
A	AB	18	107	1	2	BA1652	28266	7	8	2	0	1	0	0	0	0	0	0
A	AB	18	107	1	2	BA1652	28268	8	0	0	0	0	0	0	0	1	0	0
A	AB	18	107	1	2	BA1652	28274	8	0	0	0	1	0	0	0	0	0	0
A	AB	18	107	1	2	BA1652	28276	8	7	0	0	0	0	0	0	0	0	0
A	AB	18	107	1	2	BA1652	28287	7	0	0	0	0	0	0	0	1	0	0
A	AB	18	107	1	2	BA1652	28290	7	8	2	0	1	0	0	0	0	0	0
A	AB	18	107	1	2	BA1652	28300	8	7	0	0	0	0	0	0	0	0	0
A	AB	18	107	1	2	BA1652	28310	7	0	0	0	0	0	0	0	1	0	0
A	AB	18	107	1	2	BA1652	28313	7	8	2	0	1	0	0	0	0	0	0
A	AB	18	107	1	2	BA1652	28323	8	7	0	0	0	0	0	0	0	0	0
A	AB	18	107	1	2	BA1652	28328	7	0	0	0	0	0	0	0	1	0	0
A	AB	18	107	1	2	BA1652	28341	7	8	2	0	1	0	0	0	0	0	0
A	AB	18	107	1	2	BA1652	28351	8	7	0	0	0	0	0	0	0	0	0
A	AB	18	107	1	2	BA1652	28354	7	0	0	0	0	0	0	0	1	0	0
A	AB	18	107	1	2	BA1652	28416	7	8	2	0	1	0	0	0	0	0	0
A	AB	18	107	1	2	BA1652	28426	8	7	0	0	0	0	0	0	0	0	0
A	AB	18	107	1	2	BA1652	28427	7	0	0	0	0	0	0	0	1	0	0
A	AB	18	107	1	2	BA1652	28432	7	8	2	0	1	0	0	0	0	0	0
A	AB	18	107	1	2	BA1652	28437	8	0	0	0	0	0	0	0	1	0	0
A	AB	18	107	1	2	BA1652	28440	8	0	0	0	1	0	0	0	0	0	0
A	AB	18	107	1	2	BA1652	28442	8	7	0	0	0	0	0	0	0	0	0
A	AB	18	107	1	2	BA1652	28489	7	0	0	0	0	0	0	0	1	0	0
A	AB	18	107	1	2	BA1652	28498	7	8	2	0	1	0	0	0	0	0	0
A	AB	18	107	1	2	BA1652	28507	8	0	0	0	0	0	0	0	1	0	0
A	AB	18	107	1	2	BA1652	28508	8	7	0	0	0	0	0	0	0	0	0
A	AB	18	107	1	2	BA1652	28580	7	8	2	0	1	0	0	0	0	0	0
A	AB	18	107	1	2	BA1652	28584	8	0	0	0	0	0	0	0	1	0	0
A	AB	18	107	1	2	BA1652	28590	8	7	0	0	0	0	0	0	0	0	0
A	AB	18	107	1	2	BA1652	28595	7	8	2	0	1	0	0	0	0	0	0
A	AB	18	107	1	2	BA1652	28600	8	0	0	0	0	0	0	0	1	0	0
A	AB	18	107	1	2	BA1652	28603	8	0	0	0	1	0	0	0	0	0	0
A	AB	18	107	1	2	BA1652	28605	8	7	0	0	0	0	0	0	0	0	0
A	AB	18	107	1	2	BA1652	28610	7	0	0	0	0	0	0	0	1	0	0
A	AB	18	107	1	2	BA1652	28614	7	8	2	0	1	0	0	0	0	0	0
A	AB	18	107	1	2	BA1652	28624	8	7	0	0	0	0	0	0	0	0	0
A	AB	18	107	1	2	BA1652	28629	7	0	0	0	0	0	0	0	1	0	0
A	AB	18	107	1	2	BA1652	28633	7	8	2	0	1	0	0	0	0	0	0
A	AB	18	107	1	2	BA1652	28638	8	0	0	0	0	0	0	0	1	0	0
A	AB	18	107	1	2	BA1652	28643	8	7	0	0	0	0	0	0	0	0	0
A	AB	18	107	1	2	BA1652	28670	7	8	2	0	1	0	0	0	0	0	0
A	AB	18	107	1	2	BA1652	28672	8	0	0	0	0	0	0	0	1	0	0
A	AB	18	107	1	2	BA1652	28676	8	0	0	0	1	0	0	0	0	0	0
A	AB	18	107	1	2	BA1652	28680	8	7	0	0	0	0	0	0	0	0	0
A	AB	18	107	1	2	BA1652	28682	7	0	0	0	0	0	0	0	1	0	0
A	AB	18	107	1	2	BA1652	28684	7	8	2	0	1	0	0	0	0	0	0
A	AB	18	107	1	2	BA1652	28694	8	7	0	0	0	0	0	0	0	0	0
A	AB	18	107	1	2	BA1652	28703	7	0	0	0	0	0	0	0	1	0	0
A	AB	18	107	1	2	BA1652	28784	7	8	2	0	1	0	0	0	0	0	0
A	AB	18	107	1	2	BA1652	28788	8	0	0	0	0	0	0	0	1	0	0
A	AB	18	107	1	2	BA1652	28792	8	0	0	0	1	0	0	0	0	0	0
A	AB	18	107	1	2	BA1652	28794	8	7	0	0	0	0	0	0	0	0	0
A	AB	18	107	1	2	BA1652	28809	7	0	0	0	0	0	0	0	1	0	0
A	AB	18	107	1	2	BA1652	28812	7	8	2	0	1	0	0	0	0	0	0
A	AB	18	107	1	2	BA1652	28822	8	7	0	0	0	0	0	0	0	0	0
A	AB	18	107	1	2	BA1652	28852	7	0	0	0	0	0	0	0	1	0	0
A	AB	18	107	1	2	BA1652	28856	7	8	2	0	1	0	0	0	0	0	0
A	AB	18	107	1	2	BA1652	28866	8	9	0	0	0	0	0	0	0	0	0
A	AB	18	107	1	2	BA1652	28876	9	10	0	0	0	0	0	0	0	0	0
A	AB	18	107	1	2	BA1652	28886	10	0	0	0	0	0	0	0	1	0	0
A	AB	18	107	1	2	BA1652	28951	10	2	0	0	0	0	0	0	0	0	0
A	AB	18	107	1	2	BA1652	28952	2	6	0	0	0	0	0	0	0	0	0
A	AB	18	107	1	2	BA1652	29148	6	8	2	0	1	0	0	0	0	0	0
A	AB	18	107	1	2	BA1652	29153	8	0	0	0	0	0	0	0	1	0	0
A	AB	18	107	1	2	BA1652	29158	8	7	0	0	0	0	0	0	0	0	0
A	AB	18	107	1	2	BA1652	29195	7	8	2	0	1	0	0	0	0	0	0
A	AB	18	107	1	2	BA1652	29198	8	0	0	0	0	0	0	0	1	0	0
A	AB	18	107	1	2	BA1652	29205	8	7	0	0	1	0	0	0	0	0	0
A	AB	18	107	1	2	BA1652	29207	7	0	0	0	0	0	0	0	1	0	0
A	AB	18	107	1	2	BA1652	29211	7	8	2	0	1	0	0	0	0	0	0
A	AB	18	107	1	2	BA1652	29217	8	0	0	0	0	0	0	0	1	0	0
A	AB	18	107	1	2	BA1652	29221	8	7	0	0	0	0	0	0	0	0	0
A	AB	18	107	1	2	BA1652	29348	7	8	2	0	1	0	0	0	0	0	0
A	AB	18	107	1	2	BA1652	29358	8	7	0	0	0	0	0	0	0	0	0
A	AB	18	107	1	2	BA1652	29359	7	0	0	0	0	0	0	0	1	0	0
A	AB	18	107	1	2	BA1652	29360	7	8	2	0	1	0	0	0	0	0	0
A	AB	18	107	1	2	BA1652	29370	8	7	0	0	0	0	0	0	0	0	0
A	AB	18	107	1	2	BA1652	29374	7	0	0	0	0	0	0	0	1	0	0
A	AB	18	107	1	2	BA1652	29378	7	8	2	0	1	0	0	0	0	0	0
A	AB	18	107	1	2	BA1652	29385	8	0	0	0	0	0	0	0	1	0	0
A	AB	18	107	1	2	BA1652	29388	8	7	0	0	0	0	0	0	0	0	0
A	AB	18	107	1	2	BA1652	29448	7	8	2	0	1	0	0	0	0	0	0
A	AB	18	107	1	2	BA1652	29458	8	7	0	0	0	0	0	0	1	0	0
A	AB	18	107	1	2	BA1652	29462	7	8	2	0	1	0	0	0	0	0	0
A	AB	18	107	1	2	BA1652	29464	8	0	0	0	0	0	0	0	1	0	0
A	AB	18	107	1	2	BA1652	29469	8	0	0	0	1	0	0	0	0	0	0
A	AB	18	107	1	2	BA1652	29470	8	0	0	0	0	0	0	0	1	0	0
A	AB	18	107	1	2	BA1652	29472	8	7	0	0	0	0	0	0	0	0	0
A	AB	18	107	1	2	BA1652	29474	7	8	2	0	1	0	0	0	0	0	0
A	AB	18	107	1	2	BA1652	29477	8	0	0	0	0	0	0	0	1	0	0
A	AB	18	107	1	2	BA1652	29478	8	0	0	0	1	0	0	0	0	0	0
A	AB	18	107	1	2	BA1652	29479	8	0	0	0	0	0	0	0	1	0	0
A	AB	18	107	1	2	BA1652	29484	8	7	0	0	0	0	0	0	0	0	0
A	AB	18	107	1	2	BA1652	29517	7	8	2	0	1	0	0	0	0	0	0
A	AB	18	107	1	2	BA1652	29522	8	0	0	0	0	0	0	0	1	0	0
A	AB	18	107	1	2	BA1652	29527	8	7	0	0	0	0	0	0	0	0	0
A	AB	18	107	1	2	BA1652	29580	7	8	2	0	1	0	0	0	0	0	0
A	AB	18	107	1	2	BA1652	29586	8	0	0	0	0	0	0	0	1	0	0
A	AB	18	107	1	2	BA1652	29590	8	7	0	0	0	0	0	0	0	0	0
A	AB	18	107	1	2	BA1652	29689	7	8	2	0	1	0	0	0	0	0	0
A	AB	18	107	1	2	BA1652	29694	8	0	0	0	0	0	0	0	1	0	0
A	AB	18	107	1	2	BA1652	29697	8	0	0	0	1	0	0	0	0	0	0
A	AB	18	107	1	2	BA1652	29699	8	7	0	0	0	0	0	0	0	0	0
A	AB	18	107	1	2	BA1652	29708	7	0	0	0	0	0	0	0	1	0	0
A	AB	18	107	1	2	BA1652	29712	7	8	2	0	1	0	0	0	0	0	0
A	AB	18	107	1	2	BA1652	29717	8	0	0	0	0	0	0	0	1	0	0
A	AB	18	107	1	2	BA1652	29722	8	7	0	0	0	0	0	0	0	0	0
A	AB	18	107	1	2	BA1652	29765	7	8	2	0	1	0	0	0	0	0	0
A	AB	18	107	1	2	BA1652	29775	8	7	0	0	0	0	0	0	0	0	0
A	AB	18	107	1	2	BA1652	29785	7	0	0	0	0	0	0	0	1	0	0
A	AB	18	107	1	2	BA1652	29800	7	8	2	0	1	0	0	0	0	0	0
A	AB	18	107	1	2	BA1652	29803	8	0	0	0	0	0	0	0	1	0	0
A	AB	18	107	1	2	BA1652	29805	8	0	0	0	1	0	0	0	0	0	0
A	AB	18	107	1	2	BA1652	29809	8	0	0	0	0	0	0	0	1	0	0
A	AB	18	107	1	2	BA1652	29810	8	7	0	0	0	0	0	0	0	0	0
A	AB	18	107	1	2	BA1652	29870	7	8	2	0	1	0	0	0	0	0	0
A	AB	18	107	1	2	BA1652	29872	8	0	0	0	0	0	0	0	1	0	0
A	AB	18	107	1	2	BA1652	29874	8	0	0	0	1	0	0	0	0	0	0
A	AB	18	107	1	2	BA1652	29880	8	7	0	0	0	0	0	0	1	0	0
A	AB	18	107	1	2	BA1652	29882	7	8	2	0	1	0	0	0	0	0	0
A	AB	18	107	1	2	BA1652	29892	8	7	0	0	0	0	0	0	0	0	0
A	AB	18	107	1	2	BA1652	29905	7	0	0	0	0	0	0	0	1	0	0
A	AB	18	107	1	2	BA1652	29906	7	8	2	0	1	0	0	0	0	0	0
A	AB	18	107	1	2	BA1652	29916	8	7	0	0	0	0	0	0	0	0	0
A	AB	18	107	1	2	BA1652	29935	7	0	0	0	0	0	0	0	1	0	0
A	AB	18	107	1	2	BA1652	29936	7	8	2	0	1	0	0	0	0	0	0
A	AB	18	107	1	2	BA1652	29940	8	0	0	0	0	0	0	0	1	0	0
A	AB	18	107	1	2	BA1652	29946	8	7	0	0	0	0	0	0	0	0	0
A	AB	18	107	1	2	BA1652	29948	7	8	2	0	1	0	0	0	0	0	0
A	AB	18	107	1	2	BA1652	29955	8	0	0	0	0	0	0	0	1	0	0
A	AB	18	107	1	2	BA1652	29958	8	9	0	0	0	0	0	0	0	0	0
A	AB	18	107	1	2	BA1652	29966	9	0	0	0	1	0	0	0	0	0	0
A	AB	18	107	1	2	BA1652	29968	9	10	0	0	0	0	0	0	1	0	0
A	AB	18	107	1	2	BA1652	30043	10	2	0	0	0	0	0	0	0	0	0
A	AB	18	107	1	2	BA1652	30044	2	3	0	0	0	0	0	0	0	0	0
A	AB	18	107	1	2	BA1652	30101	3	5	1	1	0	0	0	0	0	0	0
A	AB	18	107	1	2	BA1652	30105	5	0	0	0	0	0	0	1	0	0	0
A	AB	18	107	1	2	BA1652	30110	5	0	0	1	0	0	0	0	0	0	0
A	AB	18	107	1	2	BA1652	30111	5	4	0	0	0	0	0	0	0	0	0
A	AB	18	107	1	2	BA1652	30125	4	0	0	0	0	0	0	1	0	0	0
A	AB	18	107	1	2	BA1652	30131	4	5	1	1	0	0	0	0	0	0	0
A	AB	18	107	1	2	BA1652	30141	5	4	0	0	0	0	0	0	0	0	0
A	AB	18	107	1	2	BA1652	30144	4	0	0	0	0	0	0	1	0	0	0
A	AB	18	107	1	2	BA1652	30156	4	5	1	1	0	0	0	0	0	0	0
A	AB	18	107	1	2	BA1652	30159	5	0	0	0	0	0	0	1	0	0	0
A	AB	18	107	1	2	BA1652	30160	5	0	0	1	0	0	0	0	0	0	0
A	AB	18	107	1	2	BA1652	30166	5	4	0	0	0	0	0	0	0	0	0
A	AB	18	107	1	2	BA1652	30176	4	0	0	0	0	0	0	1	0	0	0
A	AB	18	107	1	2	BA1652	30182	4	5	1	1	0	0	0	0	0	0	0
A	AB	18	107	1	2	BA1652	30185	5	0	0	0	0	0	0	1	0	0	0
A	AB	18	107	1	2	BA1652	30186	5	0	0	1	0	0	0	0	0	0	0
A	AB	18	107	1	2	BA1652	30192	5	4	0	0	0	0	0	0	0	0	0
A	AB	18	107	1	2	BA1652	30205	4	0	0	0	0	0	0	1	0	0	0
A	AB	18	107	1	2	BA1652	30208	4	5	1	1	0	0	0	0	0	0	0
A	AB	18	107	1	2	BA1652	30218	5	9	0	0	0	0	0	0	0	0	0
A	AB	18	107	1	2	BA1652	30228	9	-1	0	0	0	0	0	0	0	0	0
