Project	UserID	Protocol	Session	Station	Run	Subject	Time	Current State	Transition State	Transition Event	A1 - 	A2 - 	A3 - 	A4 - 	A[1] 	A[2] 	A[3] 	A[4] 
A	BL	18	111	1	2	BA1652	0	0	1	0	0	0	0	0	0	0	0	0
A	BL	18	111	1	2	BA1652	50	1	2	0	0	0	0	0	0	0	0	0
A	BL	18	111	1	2	BA1652	51	2	3	0	0	0	0	0	0	0	0	0
A	BL	18	111	1	2	BA1652	486	3	5	1	1	0	0	0	0	0	0	0
A	BL	18	111	1	2	BA1652	488	5	0	0	0	0	0	0	1	0	0	0
A	BL	18	111	1	2	BA1652	491	5	0	0	1	0	0	0	0	0	0	0
A	BL	18	111	1	2	BA1652	496	5	4	0	0	0	0	0	0	0	0	0
A	BL	18	111	1	2	BA1652	525	4	0	0	0	0	0	0	1	0	0	0
A	BL	18	111	1	2	BA1652	537	4	5	1	1	0	0	0	0	0	0	0
A	BL	18	111	1	2	BA1652	544	5	0	0	0	0	0	0	1	0	0	0
A	BL	18	111	1	2	BA1652	547	5	4	0	0	0	0	0	0	0	0	0
A	BL	18	111	1	2	BA1652	552	4	5	1	1	0	0	0	0	0	0	0
A	BL	18	111	1	2	BA1652	562	5	4	0	0	0	0	0	0	0	0	0
A	BL	18	111	1	2	BA1652	568	4	0	0	0	0	0	0	1	0	0	0
A	BL	18	111	1	2	BA1652	582	4	5	1	1	0	0	0	0	0	0	0
A	BL	18	111	1	2	BA1652	585	5	0	0	0	0	0	0	1	0	0	0
A	BL	18	111	1	2	BA1652	592	5	4	0	0	0	0	0	0	0	0	0
A	BL	18	111	1	2	BA1652	608	4	5	1	1	0	0	0	0	0	0	0
A	BL	18	111	1	2	BA1652	613	5	0	0	0	0	0	0	1	0	0	0
A	BL	18	111	1	2	BA1652	616	5	0	0	1	0	0	0	0	0	0	0
A	BL	18	111	1	2	BA1652	618	5	9	0	0	0	0	0	0	0	0	0
A	BL	18	111	1	2	BA1652	619	9	0	0	0	0	0	0	1	0	0	0
A	BL	18	111	1	2	BA1652	625	9	0	0	1	0	0	0	0	0	0	0
A	BL	18	111	1	2	BA1652	627	9	0	0	0	0	0	0	1	0	0	0
A	BL	18	111	1	2	BA1652	628	9	10	0	0	0	0	0	0	0	0	0
A	BL	18	111	1	2	BA1652	703	10	2	0	0	0	0	0	0	0	0	0
A	BL	18	111	1	2	BA1652	704	2	3	0	0	0	0	0	0	0	0	0
A	BL	18	111	1	2	BA1652	770	3	5	1	1	0	0	0	0	0	0	0
A	BL	18	111	1	2	BA1652	780	5	4	0	0	0	0	0	0	0	0	0
A	BL	18	111	1	2	BA1652	786	4	0	0	0	0	0	0	1	0	0	0
A	BL	18	111	1	2	BA1652	791	4	5	1	1	0	0	0	0	0	0	0
A	BL	18	111	1	2	BA1652	801	5	4	0	0	0	0	0	0	0	0	0
A	BL	18	111	1	2	BA1652	803	4	0	0	0	0	0	0	1	0	0	0
A	BL	18	111	1	2	BA1652	851	4	5	1	1	0	0	0	0	0	0	0
A	BL	18	111	1	2	BA1652	861	5	4	0	0	0	0	0	0	0	0	0
A	BL	18	111	1	2	BA1652	889	4	0	0	0	0	0	0	1	0	0	0
A	BL	18	111	1	2	BA1652	891	4	5	1	1	0	0	0	0	0	0	0
A	BL	18	111	1	2	BA1652	898	5	0	0	0	0	0	0	1	0	0	0
A	BL	18	111	1	2	BA1652	901	5	4	0	0	0	0	0	0	0	0	0
A	BL	18	111	1	2	BA1652	920	4	5	1	1	0	0	0	0	0	0	0
A	BL	18	111	1	2	BA1652	930	5	9	0	0	0	0	0	0	0	0	0
A	BL	18	111	1	2	BA1652	936	9	0	0	0	0	0	0	1	0	0	0
A	BL	18	111	1	2	BA1652	940	9	10	0	0	0	0	0	0	0	0	0
A	BL	18	111	1	2	BA1652	1015	10	2	0	0	0	0	0	0	0	0	0
A	BL	18	111	1	2	BA1652	1016	2	3	0	0	0	0	0	0	0	0	0
A	BL	18	111	1	2	BA1652	1076	3	5	1	1	0	0	0	0	0	0	0
A	BL	18	111	1	2	BA1652	1086	5	4	0	0	0	0	0	0	0	0	0
A	BL	18	111	1	2	BA1652	1122	4	0	0	0	0	0	0	1	0	0	0
A	BL	18	111	1	2	BA1652	1162	4	5	1	1	0	0	0	0	0	0	0
A	BL	18	111	1	2	BA1652	1166	5	0	0	0	0	0	0	1	0	0	0
A	BL	18	111	1	2	BA1652	1171	5	0	0	1	0	0	0	0	0	0	0
A	BL	18	111	1	2	BA1652	1172	5	4	0	0	0	0	0	0	0	0	0
A	BL	18	111	1	2	BA1652	1186	4	0	0	0	0	0	0	1	0	0	0
A	BL	18	111	1	2	BA1652	1192	4	5	1	1	0	0	0	0	0	0	0
A	BL	18	111	1	2	BA1652	1195	5	0	0	0	0	0	0	1	0	0	0
A	BL	18	111	1	2	BA1652	1198	5	0	0	1	0	0	0	0	0	0	0
A	BL	18	111	1	2	BA1652	1200	5	0	0	0	0	0	0	1	0	0	0
A	BL	18	111	1	2	BA1652	1202	5	4	0	0	0	0	0	0	0	0	0
A	BL	18	111	1	2	BA1652	1240	4	5	1	1	0	0	0	0	0	0	0
A	BL	18	111	1	2	BA1652	1242	5	0	0	0	0	0	0	1	0	0	0
A	BL	18	111	1	2	BA1652	1250	5	4	0	0	0	0	0	0	0	0	0
A	BL	18	111	1	2	BA1652	1271	4	5	1	1	0	0	0	0	0	0	0
A	BL	18	111	1	2	BA1652	1281	5	9	0	0	0	0	0	0	0	0	0
A	BL	18	111	1	2	BA1652	1291	9	10	0	0	0	0	0	0	0	0	0
A	BL	18	111	1	2	BA1652	1294	10	0	0	0	0	0	0	1	0	0	0
A	BL	18	111	1	2	BA1652	1366	10	2	0	0	0	0	0	0	0	0	0
A	BL	18	111	1	2	BA1652	1367	2	6	0	0	0	0	0	0	0	0	0
A	BL	18	111	1	2	BA1652	5916	6	8	2	0	1	0	0	0	0	0	0
A	BL	18	111	1	2	BA1652	5926	8	7	0	0	0	0	0	0	0	0	0
A	BL	18	111	1	2	BA1652	5972	7	0	0	0	0	0	0	0	1	0	0
A	BL	18	111	1	2	BA1652	5979	7	8	2	0	1	0	0	0	0	0	0
A	BL	18	111	1	2	BA1652	5987	8	0	0	0	0	0	0	0	1	0	0
A	BL	18	111	1	2	BA1652	5989	8	7	0	0	0	0	0	0	0	0	0
A	BL	18	111	1	2	BA1652	5991	7	8	2	0	1	0	0	0	0	0	0
A	BL	18	111	1	2	BA1652	6001	8	7	0	0	0	0	0	0	1	0	0
A	BL	18	111	1	2	BA1652	6010	7	8	2	0	1	0	0	0	0	0	0
A	BL	18	111	1	2	BA1652	6015	8	0	0	0	0	0	0	0	1	0	0
A	BL	18	111	1	2	BA1652	6020	8	7	0	0	0	0	0	0	0	0	0
A	BL	18	111	1	2	BA1652	6092	7	8	2	0	1	0	0	0	0	0	0
A	BL	18	111	1	2	BA1652	6102	8	7	0	0	0	0	0	0	0	0	0
A	BL	18	111	1	2	BA1652	6105	7	0	0	0	0	0	0	0	1	0	0
A	BL	18	111	1	2	BA1652	6112	7	8	2	0	1	0	0	0	0	0	0
A	BL	18	111	1	2	BA1652	6114	8	0	0	0	0	0	0	0	1	0	0
A	BL	18	111	1	2	BA1652	6122	8	7	0	0	0	0	0	0	0	0	0
A	BL	18	111	1	2	BA1652	6126	7	8	2	0	1	0	0	0	0	0	0
A	BL	18	111	1	2	BA1652	6136	8	7	0	0	0	0	0	0	0	0	0
A	BL	18	111	1	2	BA1652	6138	7	0	0	0	0	0	0	0	1	0	0
A	BL	18	111	1	2	BA1652	6144	7	8	2	0	1	0	0	0	0	0	0
A	BL	18	111	1	2	BA1652	6150	8	0	0	0	0	0	0	0	1	0	0
A	BL	18	111	1	2	BA1652	6154	8	7	0	0	1	0	0	0	0	0	0
A	BL	18	111	1	2	BA1652	6175	7	0	0	0	0	0	0	0	1	0	0
A	BL	18	111	1	2	BA1652	6184	7	8	2	0	1	0	0	0	0	0	0
A	BL	18	111	1	2	BA1652	6186	8	0	0	0	0	0	0	0	1	0	0
A	BL	18	111	1	2	BA1652	6194	8	7	0	0	0	0	0	0	0	0	0
A	BL	18	111	1	2	BA1652	6392	7	8	2	0	1	0	0	0	0	0	0
A	BL	18	111	1	2	BA1652	6400	8	0	0	0	0	0	0	0	1	0	0
A	BL	18	111	1	2	BA1652	6402	8	7	0	0	0	0	0	0	0	0	0
A	BL	18	111	1	2	BA1652	6485	7	8	2	0	1	0	0	0	1	0	0
A	BL	18	111	1	2	BA1652	6495	8	7	0	0	0	0	0	0	0	0	0
A	BL	18	111	1	2	BA1652	6502	7	8	2	0	1	0	0	0	0	0	0
A	BL	18	111	1	2	BA1652	6512	8	7	0	0	0	0	0	0	1	0	0
A	BL	18	111	1	2	BA1652	6515	7	8	2	0	1	0	0	0	0	0	0
A	BL	18	111	1	2	BA1652	6525	8	7	0	0	0	0	0	0	0	0	0
A	BL	18	111	1	2	BA1652	6532	7	0	0	0	0	0	0	0	1	0	0
A	BL	18	111	1	2	BA1652	6535	7	8	2	0	1	0	0	0	0	0	0
A	BL	18	111	1	2	BA1652	6545	8	7	0	0	0	0	0	0	0	0	0
A	BL	18	111	1	2	BA1652	6563	7	0	0	0	0	0	0	0	1	0	0
A	BL	18	111	1	2	BA1652	6580	7	8	2	0	1	0	0	0	0	0	0
A	BL	18	111	1	2	BA1652	6588	8	0	0	0	0	0	0	0	1	0	0
A	BL	18	111	1	2	BA1652	6590	8	7	0	0	0	0	0	0	0	0	0
A	BL	18	111	1	2	BA1652	6592	7	8	2	0	1	0	0	0	0	0	0
A	BL	18	111	1	2	BA1652	6597	8	0	0	0	0	0	0	0	1	0	0
A	BL	18	111	1	2	BA1652	6600	8	0	0	0	1	0	0	0	0	0	0
A	BL	18	111	1	2	BA1652	6602	8	7	0	0	0	0	0	0	0	0	0
A	BL	18	111	1	2	BA1652	6609	7	0	0	0	0	0	0	0	1	0	0
A	BL	18	111	1	2	BA1652	6614	7	8	2	0	1	0	0	0	0	0	0
A	BL	18	111	1	2	BA1652	6617	8	0	0	0	0	0	0	0	1	0	0
A	BL	18	111	1	2	BA1652	6620	8	0	0	0	1	0	0	0	0	0	0
A	BL	18	111	1	2	BA1652	6624	8	7	0	0	0	0	0	0	0	0	0
A	BL	18	111	1	2	BA1652	6628	7	0	0	0	0	0	0	0	1	0	0
A	BL	18	111	1	2	BA1652	6629	7	8	2	0	1	0	0	0	0	0	0
A	BL	18	111	1	2	BA1652	6639	8	7	0	0	0	0	0	0	0	0	0
A	BL	18	111	1	2	BA1652	6644	7	0	0	0	0	0	0	0	1	0	0
A	BL	18	111	1	2	BA1652	6647	7	8	2	0	1	0	0	0	0	0	0
A	BL	18	111	1	2	BA1652	6657	8	7	0	0	0	0	0	0	0	0	0
A	BL	18	111	1	2	BA1652	6684	7	0	0	0	0	0	0	0	1	0	0
A	BL	18	111	1	2	BA1652	6693	7	8	2	0	1	0	0	0	0	0	0
A	BL	18	111	1	2	BA1652	6695	8	0	0	0	0	0	0	0	1	0	0
A	BL	18	111	1	2	BA1652	6701	8	0	0	0	1	0	0	0	0	0	0
A	BL	18	111	1	2	BA1652	6703	8	9	0	0	0	0	0	0	0	0	0
A	BL	18	111	1	2	BA1652	6711	9	0	0	0	0	0	0	0	1	0	0
A	BL	18	111	1	2	BA1652	6713	9	10	0	0	0	0	0	0	0	0	0
A	BL	18	111	1	2	BA1652	6721	10	0	0	0	1	0	0	0	0	0	0
A	BL	18	111	1	2	BA1652	6725	10	0	0	0	0	0	0	0	1	0	0
A	BL	18	111	1	2	BA1652	6788	10	2	0	0	0	0	0	0	0	0	0
A	BL	18	111	1	2	BA1652	6789	2	6	0	0	0	0	0	0	0	0	0
A	BL	18	111	1	2	BA1652	6954	6	8	2	0	1	0	0	0	0	0	0
A	BL	18	111	1	2	BA1652	6961	8	0	0	0	0	0	0	0	1	0	0
A	BL	18	111	1	2	BA1652	6964	8	7	0	0	0	0	0	0	0	0	0
A	BL	18	111	1	2	BA1652	6966	7	8	2	0	1	0	0	0	0	0	0
A	BL	18	111	1	2	BA1652	6976	8	7	0	0	0	0	0	0	0	0	0
A	BL	18	111	1	2	BA1652	6977	7	0	0	0	0	0	0	0	1	0	0
A	BL	18	111	1	2	BA1652	6993	7	8	2	0	1	0	0	0	0	0	0
A	BL	18	111	1	2	BA1652	6995	8	0	0	0	0	0	0	0	1	0	0
A	BL	18	111	1	2	BA1652	7000	8	0	0	0	1	0	0	0	0	0	0
A	BL	18	111	1	2	BA1652	7003	8	7	0	0	0	0	0	0	0	0	0
A	BL	18	111	1	2	BA1652	7008	7	0	0	0	0	0	0	0	1	0	0
A	BL	18	111	1	2	BA1652	7014	7	8	2	0	1	0	0	0	0	0	0
A	BL	18	111	1	2	BA1652	7017	8	0	0	0	0	0	0	0	1	0	0
A	BL	18	111	1	2	BA1652	7024	8	7	0	0	0	0	0	0	0	0	0
A	BL	18	111	1	2	BA1652	7037	7	8	2	0	1	0	0	0	0	0	0
A	BL	18	111	1	2	BA1652	7039	8	0	0	0	0	0	0	0	1	0	0
A	BL	18	111	1	2	BA1652	7047	8	7	0	0	0	0	0	0	0	0	0
A	BL	18	111	1	2	BA1652	7131	7	8	2	0	1	0	0	0	0	0	0
A	BL	18	111	1	2	BA1652	7139	8	0	0	0	0	0	0	0	1	0	0
A	BL	18	111	1	2	BA1652	7141	8	7	0	0	0	0	0	0	0	0	0
A	BL	18	111	1	2	BA1652	7149	7	8	2	0	1	0	0	0	0	0	0
A	BL	18	111	1	2	BA1652	7153	8	0	0	0	0	0	0	0	1	0	0
A	BL	18	111	1	2	BA1652	7155	8	0	0	0	1	0	0	0	0	0	0
A	BL	18	111	1	2	BA1652	7159	8	7	0	0	0	0	0	0	0	0	0
A	BL	18	111	1	2	BA1652	7176	7	0	0	0	0	0	0	0	1	0	0
A	BL	18	111	1	2	BA1652	7177	7	8	2	0	1	0	0	0	0	0	0
A	BL	18	111	1	2	BA1652	7185	8	0	0	0	0	0	0	0	1	0	0
A	BL	18	111	1	2	BA1652	7187	8	7	0	0	1	0	0	0	0	0	0
A	BL	18	111	1	2	BA1652	7191	7	0	0	0	0	0	0	0	1	0	0
A	BL	18	111	1	2	BA1652	7197	7	8	2	0	1	0	0	0	0	0	0
A	BL	18	111	1	2	BA1652	7206	8	0	0	0	0	0	0	0	1	0	0
A	BL	18	111	1	2	BA1652	7207	8	7	0	0	0	0	0	0	0	0	0
A	BL	18	111	1	2	BA1652	7219	7	8	2	0	1	0	0	0	0	0	0
A	BL	18	111	1	2	BA1652	7222	8	0	0	0	0	0	0	0	1	0	0
A	BL	18	111	1	2	BA1652	7225	8	0	0	0	1	0	0	0	0	0	0
A	BL	18	111	1	2	BA1652	7226	8	0	0	0	0	0	0	0	1	0	0
A	BL	18	111	1	2	BA1652	7229	8	7	0	0	0	0	0	0	0	0	0
A	BL	18	111	1	2	BA1652	7285	7	8	2	0	1	0	0	0	0	0	0
A	BL	18	111	1	2	BA1652	7292	8	0	0	0	0	0	0	0	1	0	0
A	BL	18	111	1	2	BA1652	7293	8	0	0	0	1	0	0	0	0	0	0
A	BL	18	111	1	2	BA1652	7295	8	7	0	0	0	0	0	0	0	0	0
A	BL	18	111	1	2	BA1652	7317	7	0	0	0	0	0	0	0	1	0	0
A	BL	18	111	1	2	BA1652	7321	7	8	2	0	1	0	0	0	0	0	0
A	BL	18	111	1	2	BA1652	7331	8	7	0	0	0	0	0	0	0	0	0
A	BL	18	111	1	2	BA1652	7346	7	0	0	0	0	0	0	0	1	0	0
A	BL	18	111	1	2	BA1652	7363	7	8	2	0	1	0	0	0	0	0	0
A	BL	18	111	1	2	BA1652	7365	8	0	0	0	0	0	0	0	1	0	0
A	BL	18	111	1	2	BA1652	7373	8	7	0	0	0	0	0	0	0	0	0
A	BL	18	111	1	2	BA1652	7376	7	8	2	0	1	0	0	0	0	0	0
A	BL	18	111	1	2	BA1652	7381	8	0	0	0	0	0	0	0	1	0	0
A	BL	18	111	1	2	BA1652	7386	8	7	0	0	0	0	0	0	0	0	0
A	BL	18	111	1	2	BA1652	7387	7	8	2	0	1	0	0	0	0	0	0
A	BL	18	111	1	2	BA1652	7397	8	7	0	0	0	0	0	0	0	0	0
A	BL	18	111	1	2	BA1652	7401	7	0	0	0	0	0	0	0	1	0	0
A	BL	18	111	1	2	BA1652	7405	7	8	2	0	1	0	0	0	0	0	0
A	BL	18	111	1	2	BA1652	7415	8	7	0	0	0	0	0	0	0	0	0
A	BL	18	111	1	2	BA1652	7430	7	0	0	0	0	0	0	0	1	0	0
A	BL	18	111	1	2	BA1652	7438	7	8	2	0	1	0	0	0	0	0	0
A	BL	18	111	1	2	BA1652	7443	8	0	0	0	0	0	0	0	1	0	0
A	BL	18	111	1	2	BA1652	7448	8	7	0	0	0	0	0	0	0	0	0
A	BL	18	111	1	2	BA1652	7458	7	8	2	0	1	0	0	0	0	0	0
A	BL	18	111	1	2	BA1652	7462	8	0	0	0	0	0	0	0	1	0	0
A	BL	18	111	1	2	BA1652	7468	8	7	0	0	1	0	0	0	0	0	0
A	BL	18	111	1	2	BA1652	7470	7	0	0	0	0	0	0	0	1	0	0
A	BL	18	111	1	2	BA1652	7587	7	8	2	0	1	0	0	0	0	0	0
A	BL	18	111	1	2	BA1652	7597	8	7	0	0	0	0	0	0	0	0	0
A	BL	18	111	1	2	BA1652	7627	7	0	0	0	0	0	0	0	1	0	0
A	BL	18	111	1	2	BA1652	7630	7	8	2	0	1	0	0	0	0	0	0
A	BL	18	111	1	2	BA1652	7634	8	0	0	0	0	0	0	0	1	0	0
A	BL	18	111	1	2	BA1652	7635	8	0	0	0	1	0	0	0	0	0	0
A	BL	18	111	1	2	BA1652	7640	8	9	0	0	0	0	0	0	0	0	0
A	BL	18	111	1	2	BA1652	7647	9	0	0	0	0	0	0	0	1	0	0
A	BL	18	111	1	2	BA1652	7650	9	10	0	0	0	0	0	0	0	0	0
A	BL	18	111	1	2	BA1652	7725	10	2	0	0	0	0	0	0	0	0	0
A	BL	18	111	1	2	BA1652	7726	2	6	0	0	0	0	0	0	0	0	0
A	BL	18	111	1	2	BA1652	8941	6	8	2	0	1	0	0	0	0	0	0
A	BL	18	111	1	2	BA1652	8951	8	7	0	0	0	0	0	0	0	0	0
A	BL	18	111	1	2	BA1652	8968	7	0	0	0	0	0	0	0	1	0	0
A	BL	18	111	1	2	BA1652	9157	7	8	2	0	1	0	0	0	0	0	0
A	BL	18	111	1	2	BA1652	9158	8	0	0	0	0	0	0	0	1	0	0
A	BL	18	111	1	2	BA1652	9167	8	7	0	0	0	0	0	0	0	0	0
A	BL	18	111	1	2	BA1652	9256	7	8	2	0	1	0	0	0	0	0	0
A	BL	18	111	1	2	BA1652	9260	8	0	0	0	0	0	0	0	1	0	0
A	BL	18	111	1	2	BA1652	9264	8	0	0	0	1	0	0	0	0	0	0
A	BL	18	111	1	2	BA1652	9266	8	7	0	0	0	0	0	0	0	0	0
A	BL	18	111	1	2	BA1652	9271	7	0	0	0	0	0	0	0	1	0	0
A	BL	18	111	1	2	BA1652	9274	7	8	2	0	1	0	0	0	0	0	0
A	BL	18	111	1	2	BA1652	9281	8	0	0	0	0	0	0	0	1	0	0
A	BL	18	111	1	2	BA1652	9284	8	7	0	0	0	0	0	0	0	0	0
A	BL	18	111	1	2	BA1652	9312	7	8	2	0	1	0	0	0	0	0	0
A	BL	18	111	1	2	BA1652	9321	8	0	0	0	0	0	0	0	1	0	0
A	BL	18	111	1	2	BA1652	9322	8	7	0	0	0	0	0	0	0	0	0
A	BL	18	111	1	2	BA1652	9325	7	8	2	0	1	0	0	0	0	0	0
A	BL	18	111	1	2	BA1652	9327	8	0	0	0	0	0	0	0	1	0	0
A	BL	18	111	1	2	BA1652	9334	8	0	0	0	1	0	0	0	0	0	0
A	BL	18	111	1	2	BA1652	9335	8	7	0	0	0	0	0	0	0	0	0
A	BL	18	111	1	2	BA1652	9338	7	0	0	0	0	0	0	0	1	0	0
A	BL	18	111	1	2	BA1652	9363	7	8	2	0	1	0	0	0	0	0	0
A	BL	18	111	1	2	BA1652	9373	8	7	0	0	0	0	0	0	1	0	0
A	BL	18	111	1	2	BA1652	9439	7	8	2	0	1	0	0	0	0	0	0
A	BL	18	111	1	2	BA1652	9442	8	0	0	0	0	0	0	0	1	0	0
A	BL	18	111	1	2	BA1652	9445	8	0	0	0	1	0	0	0	0	0	0
A	BL	18	111	1	2	BA1652	9449	8	7	0	0	0	0	0	0	0	0	0
A	BL	18	111	1	2	BA1652	9454	7	0	0	0	0	0	0	0	1	0	0
A	BL	18	111	1	2	BA1652	9458	7	8	2	0	1	0	0	0	0	0	0
A	BL	18	111	1	2	BA1652	9468	8	7	0	0	0	0	0	0	0	0	0
A	BL	18	111	1	2	BA1652	9474	7	0	0	0	0	0	0	0	1	0	0
A	BL	18	111	1	2	BA1652	9478	7	8	2	0	1	0	0	0	0	0	0
A	BL	18	111	1	2	BA1652	9483	8	0	0	0	0	0	0	0	1	0	0
A	BL	18	111	1	2	BA1652	9484	8	0	0	0	1	0	0	0	0	0	0
A	BL	18	111	1	2	BA1652	9488	8	7	0	0	0	0	0	0	0	0	0
A	BL	18	111	1	2	BA1652	9504	7	0	0	0	0	0	0	0	1	0	0
A	BL	18	111	1	2	BA1652	9507	7	8	2	0	1	0	0	0	0	0	0
A	BL	18	111	1	2	BA1652	9512	8	0	0	0	0	0	0	0	1	0	0
A	BL	18	111	1	2	BA1652	9516	8	0	0	0	1	0	0	0	0	0	0
A	BL	18	111	1	2	BA1652	9517	8	7	0	0	0	0	0	0	0	0	0
A	BL	18	111	1	2	BA1652	9522	7	0	0	0	0	0	0	0	1	0	0
A	BL	18	111	1	2	BA1652	9573	7	8	2	0	1	0	0	0	0	0	0
A	BL	18	111	1	2	BA1652	9583	8	7	0	0	0	0	0	0	0	0	0
A	BL	18	111	1	2	BA1652	9587	7	0	0	0	0	0	0	0	1	0	0
A	BL	18	111	1	2	BA1652	9615	7	8	2	0	1	0	0	0	0	0	0
A	BL	18	111	1	2	BA1652	9625	8	7	0	0	0	0	0	0	0	0	0
A	BL	18	111	1	2	BA1652	9643	7	0	0	0	0	0	0	0	1	0	0
A	BL	18	111	1	2	BA1652	9749	7	8	2	0	1	0	0	0	0	0	0
A	BL	18	111	1	2	BA1652	9755	8	0	0	0	0	0	0	0	1	0	0
A	BL	18	111	1	2	BA1652	9759	8	7	0	0	1	0	0	0	0	0	0
A	BL	18	111	1	2	BA1652	9770	7	0	0	0	0	0	0	0	1	0	0
A	BL	18	111	1	2	BA1652	9778	7	8	2	0	1	0	0	0	0	0	0
A	BL	18	111	1	2	BA1652	9788	8	7	0	0	0	0	0	0	0	0	0
A	BL	18	111	1	2	BA1652	9798	7	0	0	0	0	0	0	0	1	0	0
A	BL	18	111	1	2	BA1652	9816	7	8	2	0	1	0	0	0	0	0	0
A	BL	18	111	1	2	BA1652	9818	8	0	0	0	0	0	0	0	1	0	0
A	BL	18	111	1	2	BA1652	9826	8	7	0	0	0	0	0	0	0	0	0
A	BL	18	111	1	2	BA1652	9849	7	8	2	0	1	0	0	0	0	0	0
A	BL	18	111	1	2	BA1652	9855	8	0	0	0	0	0	0	0	1	0	0
A	BL	18	111	1	2	BA1652	9856	8	0	0	0	1	0	0	0	0	0	0
A	BL	18	111	1	2	BA1652	9859	8	7	0	0	0	0	0	0	0	0	0
A	BL	18	111	1	2	BA1652	9863	7	0	0	0	0	0	0	0	1	0	0
A	BL	18	111	1	2	BA1652	9866	7	8	2	0	1	0	0	0	0	0	0
A	BL	18	111	1	2	BA1652	9872	8	0	0	0	0	0	0	0	1	0	0
A	BL	18	111	1	2	BA1652	9876	8	7	0	0	0	0	0	0	0	0	0
A	BL	18	111	1	2	BA1652	9903	7	8	2	0	1	0	0	0	0	0	0
A	BL	18	111	1	2	BA1652	9906	8	0	0	0	0	0	0	0	1	0	0
A	BL	18	111	1	2	BA1652	9913	8	7	0	0	0	0	0	0	0	0	0
A	BL	18	111	1	2	BA1652	9981	7	8	2	0	1	0	0	0	0	0	0
A	BL	18	111	1	2	BA1652	9988	8	0	0	0	0	0	0	0	1	0	0
A	BL	18	111	1	2	BA1652	9991	8	9	0	0	0	0	0	0	0	0	0
A	BL	18	111	1	2	BA1652	9992	9	0	0	0	1	0	0	0	0	0	0
A	BL	18	111	1	2	BA1652	10001	9	10	0	0	0	0	0	0	0	0	0
A	BL	18	111	1	2	BA1652	10002	10	0	0	0	0	0	0	0	1	0	0
A	BL	18	111	1	2	BA1652	10076	10	2	0	0	0	0	0	0	0	0	0
A	BL	18	111	1	2	BA1652	10077	2	3	0	0	0	0	0	0	0	0	0
A	BL	18	111	1	2	BA1652	10135	3	5	1	1	0	0	0	0	0	0	0
A	BL	18	111	1	2	BA1652	10139	5	0	0	0	0	0	0	1	0	0	0
A	BL	18	111	1	2	BA1652	10145	5	4	0	1	0	0	0	0	0	0	0
A	BL	18	111	1	2	BA1652	10149	4	0	0	0	0	0	0	1	0	0	0
A	BL	18	111	1	2	BA1652	10154	4	5	1	1	0	0	0	0	0	0	0
A	BL	18	111	1	2	BA1652	10156	5	0	0	0	0	0	0	1	0	0	0
A	BL	18	111	1	2	BA1652	10159	5	0	0	1	0	0	0	0	0	0	0
A	BL	18	111	1	2	BA1652	10164	5	4	0	0	0	0	0	0	0	0	0
A	BL	18	111	1	2	BA1652	10165	4	0	0	0	0	0	0	1	0	0	0
A	BL	18	111	1	2	BA1652	10169	4	5	1	1	0	0	0	0	0	0	0
A	BL	18	111	1	2	BA1652	10179	5	4	0	0	0	0	0	0	0	0	0
A	BL	18	111	1	2	BA1652	10200	4	0	0	0	0	0	0	1	0	0	0
A	BL	18	111	1	2	BA1652	10205	4	5	1	1	0	0	0	0	0	0	0
A	BL	18	111	1	2	BA1652	10207	5	0	0	0	0	0	0	1	0	0	0
A	BL	18	111	1	2	BA1652	10209	5	0	0	1	0	0	0	0	0	0	0
A	BL	18	111	1	2	BA1652	10215	5	4	0	0	0	0	0	1	0	0	0
A	BL	18	111	1	2	BA1652	10227	4	5	1	1	0	0	0	0	0	0	0
A	BL	18	111	1	2	BA1652	10237	5	9	0	0	0	0	0	0	0	0	0
A	BL	18	111	1	2	BA1652	10238	9	0	0	0	0	0	0	1	0	0	0
A	BL	18	111	1	2	BA1652	10239	9	0	0	1	0	0	0	0	0	0	0
A	BL	18	111	1	2	BA1652	10247	9	10	0	0	0	0	0	1	0	0	0
A	BL	18	111	1	2	BA1652	10322	10	2	0	0	0	0	0	0	0	0	0
A	BL	18	111	1	2	BA1652	10323	2	3	0	0	0	0	0	0	0	0	0
A	BL	18	111	1	2	BA1652	10372	3	5	1	1	0	0	0	0	0	0	0
A	BL	18	111	1	2	BA1652	10382	5	4	0	0	0	0	0	1	0	0	0
A	BL	18	111	1	2	BA1652	10393	4	5	1	1	0	0	0	0	0	0	0
A	BL	18	111	1	2	BA1652	10401	5	0	0	0	0	0	0	1	0	0	0
A	BL	18	111	1	2	BA1652	10403	5	4	0	0	0	0	0	0	0	0	0
A	BL	18	111	1	2	BA1652	10409	4	5	1	1	0	0	0	0	0	0	0
A	BL	18	111	1	2	BA1652	10419	5	4	0	0	0	0	0	0	0	0	0
A	BL	18	111	1	2	BA1652	10427	4	0	0	0	0	0	0	1	0	0	0
A	BL	18	111	1	2	BA1652	10434	4	5	1	1	0	0	0	0	0	0	0
A	BL	18	111	1	2	BA1652	10444	5	4	0	0	0	0	0	1	0	0	0
A	BL	18	111	1	2	BA1652	10459	4	5	1	1	0	0	0	0	0	0	0
A	BL	18	111	1	2	BA1652	10464	5	0	0	0	0	0	0	1	0	0	0
A	BL	18	111	1	2	BA1652	10467	5	0	0	1	0	0	0	0	0	0	0
A	BL	18	111	1	2	BA1652	10469	5	9	0	0	0	0	0	0	0	0	0
A	BL	18	111	1	2	BA1652	10473	9	0	0	0	0	0	0	1	0	0	0
A	BL	18	111	1	2	BA1652	10479	9	10	0	0	0	0	0	0	0	0	0
A	BL	18	111	1	2	BA1652	10554	10	2	0	0	0	0	0	0	0	0	0
A	BL	18	111	1	2	BA1652	10555	2	6	0	0	0	0	0	0	0	0	0
A	BL	18	111	1	2	BA1652	11128	6	8	2	0	1	0	0	0	0	0	0
A	BL	18	111	1	2	BA1652	11132	8	0	0	0	0	0	0	0	1	0	0
A	BL	18	111	1	2	BA1652	11138	8	7	0	0	1	0	0	0	0	0	0
A	BL	18	111	1	2	BA1652	11141	7	0	0	0	0	0	0	0	1	0	0
A	BL	18	111	1	2	BA1652	11218	7	8	2	0	1	0	0	0	0	0	0
A	BL	18	111	1	2	BA1652	11220	8	0	0	0	0	0	0	0	1	0	0
A	BL	18	111	1	2	BA1652	11227	8	0	0	0	1	0	0	0	0	0	0
A	BL	18	111	1	2	BA1652	11228	8	7	0	0	0	0	0	0	0	0	0
A	BL	18	111	1	2	BA1652	11233	7	0	0	0	0	0	0	0	1	0	0
A	BL	18	111	1	2	BA1652	11235	7	8	2	0	1	0	0	0	0	0	0
A	BL	18	111	1	2	BA1652	11237	8	0	0	0	0	0	0	0	1	0	0
A	BL	18	111	1	2	BA1652	11245	8	7	0	0	0	0	0	0	0	0	0
A	BL	18	111	1	2	BA1652	11250	7	8	2	0	1	0	0	0	0	0	0
A	BL	18	111	1	2	BA1652	11259	8	0	0	0	0	0	0	0	1	0	0
A	BL	18	111	1	2	BA1652	11260	8	7	0	0	1	0	0	0	0	0	0
A	BL	18	111	1	2	BA1652	11261	7	0	0	0	0	0	0	0	1	0	0
A	BL	18	111	1	2	BA1652	11276	7	8	2	0	1	0	0	0	0	0	0
A	BL	18	111	1	2	BA1652	11280	8	0	0	0	0	0	0	0	1	0	0
A	BL	18	111	1	2	BA1652	11286	8	7	0	0	0	0	0	0	0	0	0
A	BL	18	111	1	2	BA1652	11316	7	8	2	0	1	0	0	0	0	0	0
A	BL	18	111	1	2	BA1652	11323	8	0	0	0	0	0	0	0	1	0	0
A	BL	18	111	1	2	BA1652	11326	8	7	0	0	0	0	0	0	0	0	0
A	BL	18	111	1	2	BA1652	11330	7	8	2	0	1	0	0	0	0	0	0
A	BL	18	111	1	2	BA1652	11335	8	0	0	0	0	0	0	0	1	0	0
A	BL	18	111	1	2	BA1652	11338	8	0	0	0	1	0	0	0	0	0	0
A	BL	18	111	1	2	BA1652	11340	8	7	0	0	0	0	0	0	0	0	0
A	BL	18	111	1	2	BA1652	11342	7	0	0	0	0	0	0	0	1	0	0
A	BL	18	111	1	2	BA1652	11402	7	8	2	0	1	0	0	0	0	0	0
A	BL	18	111	1	2	BA1652	11408	8	0	0	0	0	0	0	0	1	0	0
A	BL	18	111	1	2	BA1652	11412	8	7	0	0	0	0	0	0	0	0	0
A	BL	18	111	1	2	BA1652	11456	7	8	2	0	1	0	0	0	0	0	0
A	BL	18	111	1	2	BA1652	11460	8	0	0	0	0	0	0	0	1	0	0
A	BL	18	111	1	2	BA1652	11463	8	0	0	0	1	0	0	0	0	0	0
A	BL	18	111	1	2	BA1652	11466	8	7	0	0	0	0	0	0	0	0	0
A	BL	18	111	1	2	BA1652	11480	7	0	0	0	0	0	0	0	1	0	0
A	BL	18	111	1	2	BA1652	11558	7	8	2	0	1	0	0	0	0	0	0
A	BL	18	111	1	2	BA1652	11564	8	0	0	0	0	0	0	0	1	0	0
A	BL	18	111	1	2	BA1652	11568	8	7	0	0	0	0	0	0	0	0	0
A	BL	18	111	1	2	BA1652	11651	7	8	2	0	1	0	0	0	0	0	0
A	BL	18	111	1	2	BA1652	11661	8	7	0	0	0	0	0	0	0	0	0
A	BL	18	111	1	2	BA1652	11666	7	0	0	0	0	0	0	0	1	0	0
A	BL	18	111	1	2	BA1652	11667	7	8	2	0	1	0	0	0	0	0	0
A	BL	18	111	1	2	BA1652	11676	8	0	0	0	0	0	0	0	1	0	0
A	BL	18	111	1	2	BA1652	11677	8	7	0	0	0	0	0	0	0	0	0
A	BL	18	111	1	2	BA1652	11679	7	8	2	0	1	0	0	0	0	0	0
A	BL	18	111	1	2	BA1652	11685	8	0	0	0	0	0	0	0	1	0	0
A	BL	18	111	1	2	BA1652	11689	8	7	0	0	1	0	0	0	0	0	0
A	BL	18	111	1	2	BA1652	11702	7	0	0	0	0	0	0	0	1	0	0
A	BL	18	111	1	2	BA1652	11704	7	8	2	0	1	0	0	0	0	0	0
A	BL	18	111	1	2	BA1652	11705	8	0	0	0	0	0	0	0	1	0	0
A	BL	18	111	1	2	BA1652	11710	8	0	0	0	1	0	0	0	0	0	0
A	BL	18	111	1	2	BA1652	11713	8	0	0	0	0	0	0	0	1	0	0
A	BL	18	111	1	2	BA1652	11714	8	7	0	0	0	0	0	0	0	0	0
A	BL	18	111	1	2	BA1652	11749	7	8	2	0	1	0	0	0	0	0	0
A	BL	18	111	1	2	BA1652	11751	8	0	0	0	0	0	0	0	1	0	0
A	BL	18	111	1	2	BA1652	11755	8	0	0	0	1	0	0	0	0	0	0
A	BL	18	111	1	2	BA1652	11759	8	7	0	0	0	0	0	0	0	0	0
A	BL	18	111	1	2	BA1652	11771	7	0	0	0	0	0	0	0	1	0	0
A	BL	18	111	1	2	BA1652	11772	7	8	2	0	1	0	0	0	0	0	0
A	BL	18	111	1	2	BA1652	11782	8	7	0	0	0	0	0	0	0	0	0
A	BL	18	111	1	2	BA1652	11792	7	0	0	0	0	0	0	0	1	0	0
A	BL	18	111	1	2	BA1652	11793	7	8	2	0	1	0	0	0	0	0	0
A	BL	18	111	1	2	BA1652	11798	8	0	0	0	0	0	0	0	1	0	0
A	BL	18	111	1	2	BA1652	11803	8	7	0	0	0	0	0	0	0	0	0
A	BL	18	111	1	2	BA1652	11875	7	8	2	0	1	0	0	0	0	0	0
A	BL	18	111	1	2	BA1652	11881	8	0	0	0	0	0	0	0	1	0	0
A	BL	18	111	1	2	BA1652	11884	8	0	0	0	1	0	0	0	0	0	0
A	BL	18	111	1	2	BA1652	11885	8	7	0	0	0	0	0	0	0	0	0
A	BL	18	111	1	2	BA1652	11910	7	0	0	0	0	0	0	0	1	0	0
A	BL	18	111	1	2	BA1652	11934	7	8	2	0	1	0	0	0	0	0	0
A	BL	18	111	1	2	BA1652	11941	8	0	0	0	0	0	0	0	1	0	0
A	BL	18	111	1	2	BA1652	11944	8	7	0	0	0	0	0	0	0	0	0
A	BL	18	111	1	2	BA1652	11946	7	8	2	0	1	0	0	0	0	0	0
A	BL	18	111	1	2	BA1652	11951	8	0	0	0	0	0	0	0	1	0	0
A	BL	18	111	1	2	BA1652	11956	8	9	0	0	0	0	0	0	0	0	0
A	BL	18	111	1	2	BA1652	11960	9	0	0	0	1	0	0	0	0	0	0
A	BL	18	111	1	2	BA1652	11961	9	0	0	0	0	0	0	0	1	0	0
A	BL	18	111	1	2	BA1652	11964	9	0	0	0	1	0	0	0	0	0	0
A	BL	18	111	1	2	BA1652	11966	9	10	0	0	0	0	0	0	0	0	0
A	BL	18	111	1	2	BA1652	11967	10	0	0	0	0	0	0	0	1	0	0
A	BL	18	111	1	2	BA1652	11971	10	0	0	0	1	0	0	0	0	0	0
A	BL	18	111	1	2	BA1652	11972	10	0	0	0	0	0	0	0	1	0	0
A	BL	18	111	1	2	BA1652	12041	10	2	0	0	0	0	0	0	0	0	0
A	BL	18	111	1	2	BA1652	12042	2	6	0	0	0	0	0	0	0	0	0
A	BL	18	111	1	2	BA1652	12239	6	8	2	0	1	0	0	0	0	0	0
A	BL	18	111	1	2	BA1652	12243	8	0	0	0	0	0	0	0	1	0	0
A	BL	18	111	1	2	BA1652	12247	8	0	0	0	1	0	0	0	0	0	0
A	BL	18	111	1	2	BA1652	12249	8	7	0	0	0	0	0	0	0	0	0
A	BL	18	111	1	2	BA1652	12275	7	0	0	0	0	0	0	0	1	0	0
A	BL	18	111	1	2	BA1652	12282	7	8	2	0	1	0	0	0	0	0	0
A	BL	18	111	1	2	BA1652	12285	8	0	0	0	0	0	0	0	1	0	0
A	BL	18	111	1	2	BA1652	12289	8	0	0	0	1	0	0	0	0	0	0
A	BL	18	111	1	2	BA1652	12292	8	7	0	0	0	0	0	0	0	0	0
A	BL	18	111	1	2	BA1652	12298	7	0	0	0	0	0	0	0	1	0	0
A	BL	18	111	1	2	BA1652	12313	7	8	2	0	1	0	0	0	0	0	0
A	BL	18	111	1	2	BA1652	12316	8	0	0	0	0	0	0	0	1	0	0
A	BL	18	111	1	2	BA1652	12323	8	7	0	0	0	0	0	0	0	0	0
A	BL	18	111	1	2	BA1652	12362	7	8	2	0	1	0	0	0	0	0	0
A	BL	18	111	1	2	BA1652	12372	8	7	0	0	0	0	0	0	0	0	0
A	BL	18	111	1	2	BA1652	12373	7	0	0	0	0	0	0	0	1	0	0
A	BL	18	111	1	2	BA1652	12420	7	8	2	0	1	0	0	0	0	0	0
A	BL	18	111	1	2	BA1652	12430	8	7	0	0	0	0	0	0	1	0	0
A	BL	18	111	1	2	BA1652	12435	7	8	2	0	1	0	0	0	0	0	0
A	BL	18	111	1	2	BA1652	12444	8	0	0	0	0	0	0	0	1	0	0
A	BL	18	111	1	2	BA1652	12445	8	7	0	0	0	0	0	0	0	0	0
A	BL	18	111	1	2	BA1652	12448	7	8	2	0	1	0	0	0	0	0	0
A	BL	18	111	1	2	BA1652	12452	8	0	0	0	0	0	0	0	1	0	0
A	BL	18	111	1	2	BA1652	12455	8	0	0	0	1	0	0	0	0	0	0
A	BL	18	111	1	2	BA1652	12458	8	7	0	0	0	0	0	0	0	0	0
A	BL	18	111	1	2	BA1652	12472	7	0	0	0	0	0	0	0	1	0	0
A	BL	18	111	1	2	BA1652	12525	7	8	2	0	1	0	0	0	0	0	0
A	BL	18	111	1	2	BA1652	12535	8	7	0	0	0	0	0	0	0	0	0
A	BL	18	111	1	2	BA1652	12552	7	0	0	0	0	0	0	0	1	0	0
A	BL	18	111	1	2	BA1652	12610	7	8	2	0	1	0	0	0	0	0	0
A	BL	18	111	1	2	BA1652	12618	8	0	0	0	0	0	0	0	1	0	0
A	BL	18	111	1	2	BA1652	12620	8	7	0	0	0	0	0	0	0	0	0
A	BL	18	111	1	2	BA1652	12622	7	8	2	0	1	0	0	0	0	0	0
A	BL	18	111	1	2	BA1652	12628	8	0	0	0	0	0	0	0	1	0	0
A	BL	18	111	1	2	BA1652	12629	8	0	0	0	1	0	0	0	0	0	0
A	BL	18	111	1	2	BA1652	12632	8	7	0	0	0	0	0	0	0	0	0
A	BL	18	111	1	2	BA1652	12661	7	0	0	0	0	0	0	0	1	0	0
A	BL	18	111	1	2	BA1652	12685	7	8	2	0	1	0	0	0	0	0	0
A	BL	18	111	1	2	BA1652	12688	8	0	0	0	0	0	0	0	1	0	0
A	BL	18	111	1	2	BA1652	12690	8	0	0	0	1	0	0	0	0	0	0
A	BL	18	111	1	2	BA1652	12695	8	7	0	0	0	0	0	0	0	0	0
A	BL	18	111	1	2	BA1652	12706	7	0	0	0	0	0	0	0	1	0	0
A	BL	18	111	1	2	BA1652	12708	7	8	2	0	1	0	0	0	0	0	0
A	BL	18	111	1	2	BA1652	12712	8	0	0	0	0	0	0	0	1	0	0
A	BL	18	111	1	2	BA1652	12718	8	7	0	0	0	0	0	0	0	0	0
A	BL	18	111	1	2	BA1652	12719	7	8	2	0	1	0	0	0	0	0	0
A	BL	18	111	1	2	BA1652	12721	8	0	0	0	0	0	0	0	1	0	0
A	BL	18	111	1	2	BA1652	12723	8	0	0	0	1	0	0	0	0	0	0
A	BL	18	111	1	2	BA1652	12728	8	0	0	0	0	0	0	0	1	0	0
A	BL	18	111	1	2	BA1652	12729	8	7	0	0	0	0	0	0	0	0	0
A	BL	18	111	1	2	BA1652	12732	7	8	2	0	1	0	0	0	0	0	0
A	BL	18	111	1	2	BA1652	12735	8	0	0	0	0	0	0	0	1	0	0
A	BL	18	111	1	2	BA1652	12742	8	7	0	0	0	0	0	0	0	0	0
A	BL	18	111	1	2	BA1652	12757	7	8	2	0	1	0	0	0	0	0	0
A	BL	18	111	1	2	BA1652	12760	8	0	0	0	0	0	0	0	1	0	0
A	BL	18	111	1	2	BA1652	12767	8	7	0	0	0	0	0	0	0	0	0
A	BL	18	111	1	2	BA1652	12779	7	8	2	0	1	0	0	0	0	0	0
A	BL	18	111	1	2	BA1652	12789	8	7	0	0	0	0	0	0	0	0	0
A	BL	18	111	1	2	BA1652	12792	7	0	0	0	0	0	0	0	1	0	0
A	BL	18	111	1	2	BA1652	12798	7	8	2	0	1	0	0	0	0	0	0
A	BL	18	111	1	2	BA1652	12802	8	0	0	0	0	0	0	0	1	0	0
A	BL	18	111	1	2	BA1652	12807	8	0	0	0	1	0	0	0	0	0	0
A	BL	18	111	1	2	BA1652	12808	8	7	0	0	0	0	0	0	0	0	0
A	BL	18	111	1	2	BA1652	12813	7	0	0	0	0	0	0	0	1	0	0
A	BL	18	111	1	2	BA1652	12852	7	8	2	0	1	0	0	0	0	0	0
A	BL	18	111	1	2	BA1652	12860	8	0	0	0	0	0	0	0	1	0	0
A	BL	18	111	1	2	BA1652	12862	8	7	0	0	0	0	0	0	0	0	0
A	BL	18	111	1	2	BA1652	12905	7	8	2	0	1	0	0	0	0	0	0
A	BL	18	111	1	2	BA1652	12911	8	0	0	0	0	0	0	0	1	0	0
A	BL	18	111	1	2	BA1652	12912	8	0	0	0	1	0	0	0	0	0	0
A	BL	18	111	1	2	BA1652	12915	8	7	0	0	0	0	0	0	0	0	0
A	BL	18	111	1	2	BA1652	12917	7	0	0	0	0	0	0	0	1	0	0
A	BL	18	111	1	2	BA1652	12977	7	8	2	0	1	0	0	0	0	0	0
A	BL	18	111	1	2	BA1652	12987	8	9	0	0	0	0	0	0	0	0	0
A	BL	18	111	1	2	BA1652	12994	9	0	0	0	0	0	0	0	1	0	0
A	BL	18	111	1	2	BA1652	12995	9	0	0	0	1	0	0	0	0	0	0
A	BL	18	111	1	2	BA1652	12997	9	10	0	0	0	0	0	0	0	0	0
A	BL	18	111	1	2	BA1652	13011	10	0	0	0	0	0	0	0	1	0	0
A	BL	18	111	1	2	BA1652	13072	10	2	0	0	0	0	0	0	0	0	0
A	BL	18	111	1	2	BA1652	13073	2	6	0	0	0	0	0	0	0	0	0
A	BL	18	111	1	2	BA1652	13227	6	8	2	0	1	0	0	0	0	0	0
A	BL	18	111	1	2	BA1652	13237	8	7	0	0	0	0	0	0	0	0	0
A	BL	18	111	1	2	BA1652	13244	7	0	0	0	0	0	0	0	1	0	0
A	BL	18	111	1	2	BA1652	13270	7	8	2	0	1	0	0	0	0	0	0
A	BL	18	111	1	2	BA1652	13280	8	7	0	0	0	0	0	0	0	0	0
A	BL	18	111	1	2	BA1652	13284	7	0	0	0	0	0	0	0	1	0	0
A	BL	18	111	1	2	BA1652	13342	7	8	2	0	1	0	0	0	0	0	0
A	BL	18	111	1	2	BA1652	13343	8	0	0	0	0	0	0	0	1	0	0
A	BL	18	111	1	2	BA1652	13352	8	7	0	0	0	0	0	0	0	0	0
A	BL	18	111	1	2	BA1652	13380	7	8	2	0	1	0	0	0	0	0	0
A	BL	18	111	1	2	BA1652	13384	8	0	0	0	0	0	0	0	1	0	0
A	BL	18	111	1	2	BA1652	13389	8	0	0	0	1	0	0	0	0	0	0
A	BL	18	111	1	2	BA1652	13390	8	7	0	0	0	0	0	0	0	0	0
A	BL	18	111	1	2	BA1652	13401	7	0	0	0	0	0	0	0	1	0	0
A	BL	18	111	1	2	BA1652	13407	7	8	2	0	1	0	0	0	0	0	0
A	BL	18	111	1	2	BA1652	13417	8	7	0	0	0	0	0	0	0	0	0
A	BL	18	111	1	2	BA1652	13419	7	0	0	0	0	0	0	0	1	0	0
A	BL	18	111	1	2	BA1652	13431	7	8	2	0	1	0	0	0	0	0	0
A	BL	18	111	1	2	BA1652	13441	8	7	0	0	0	0	0	0	0	0	0
A	BL	18	111	1	2	BA1652	13445	7	0	0	0	0	0	0	0	1	0	0
A	BL	18	111	1	2	BA1652	13446	7	8	2	0	1	0	0	0	0	0	0
A	BL	18	111	1	2	BA1652	13456	8	7	0	0	0	0	0	0	0	0	0
A	BL	18	111	1	2	BA1652	13461	7	0	0	0	0	0	0	0	1	0	0
A	BL	18	111	1	2	BA1652	13465	7	8	2	0	1	0	0	0	0	0	0
A	BL	18	111	1	2	BA1652	13475	8	7	0	0	0	0	0	0	0	0	0
A	BL	18	111	1	2	BA1652	13520	7	0	0	0	0	0	0	0	1	0	0
A	BL	18	111	1	2	BA1652	13522	7	8	2	0	1	0	0	0	0	0	0
A	BL	18	111	1	2	BA1652	13528	8	0	0	0	0	0	0	0	1	0	0
A	BL	18	111	1	2	BA1652	13532	8	7	0	0	0	0	0	0	0	0	0
A	BL	18	111	1	2	BA1652	13533	7	8	2	0	1	0	0	0	0	0	0
A	BL	18	111	1	2	BA1652	13543	8	7	0	0	0	0	0	0	0	0	0
A	BL	18	111	1	2	BA1652	13596	7	0	0	0	0	0	0	0	1	0	0
A	BL	18	111	1	2	BA1652	13619	7	8	2	0	1	0	0	0	0	0	0
A	BL	18	111	1	2	BA1652	13623	8	0	0	0	0	0	0	0	1	0	0
A	BL	18	111	1	2	BA1652	13627	8	0	0	0	1	0	0	0	0	0	0
A	BL	18	111	1	2	BA1652	13629	8	7	0	0	0	0	0	0	0	0	0
A	BL	18	111	1	2	BA1652	13630	7	0	0	0	0	0	0	0	1	0	0
A	BL	18	111	1	2	BA1652	13634	7	8	2	0	1	0	0	0	0	0	0
A	BL	18	111	1	2	BA1652	13644	8	7	0	0	0	0	0	0	0	0	0
A	BL	18	111	1	2	BA1652	13653	7	0	0	0	0	0	0	0	1	0	0
A	BL	18	111	1	2	BA1652	13657	7	8	2	0	1	0	0	0	0	0	0
A	BL	18	111	1	2	BA1652	13667	8	7	0	0	0	0	0	0	0	0	0
A	BL	18	111	1	2	BA1652	13684	7	0	0	0	0	0	0	0	1	0	0
A	BL	18	111	1	2	BA1652	13688	7	8	2	0	1	0	0	0	0	0	0
A	BL	18	111	1	2	BA1652	13694	8	0	0	0	0	0	0	0	1	0	0
A	BL	18	111	1	2	BA1652	13698	8	7	0	0	0	0	0	0	0	0	0
A	BL	18	111	1	2	BA1652	13699	7	8	2	0	1	0	0	0	0	0	0
A	BL	18	111	1	2	BA1652	13709	8	7	0	0	0	0	0	0	0	0	0
A	BL	18	111	1	2	BA1652	13712	7	0	0	0	0	0	0	0	1	0	0
A	BL	18	111	1	2	BA1652	13716	7	8	2	0	1	0	0	0	0	0	0
A	BL	18	111	1	2	BA1652	13726	8	7	0	0	0	0	0	0	0	0	0
A	BL	18	111	1	2	BA1652	13736	7	0	0	0	0	0	0	0	1	0	0
A	BL	18	111	1	2	BA1652	13742	7	8	2	0	1	0	0	0	0	0	0
A	BL	18	111	1	2	BA1652	13752	8	7	0	0	0	0	0	0	0	0	0
A	BL	18	111	1	2	BA1652	13765	7	0	0	0	0	0	0	0	1	0	0
A	BL	18	111	1	2	BA1652	13782	7	8	2	0	1	0	0	0	0	0	0
A	BL	18	111	1	2	BA1652	13792	8	7	0	0	0	0	0	0	0	0	0
A	BL	18	111	1	2	BA1652	13801	7	0	0	0	0	0	0	0	1	0	0
A	BL	18	111	1	2	BA1652	13807	7	8	2	0	1	0	0	0	0	0	0
A	BL	18	111	1	2	BA1652	13809	8	0	0	0	0	0	0	0	1	0	0
A	BL	18	111	1	2	BA1652	13817	8	7	0	0	0	0	0	0	0	0	0
A	BL	18	111	1	2	BA1652	13824	7	8	2	0	1	0	0	0	0	0	0
A	BL	18	111	1	2	BA1652	13828	8	0	0	0	0	0	0	0	1	0	0
A	BL	18	111	1	2	BA1652	13834	8	9	0	0	0	0	0	0	0	0	0
A	BL	18	111	1	2	BA1652	13844	9	10	0	0	0	0	0	0	0	0	0
A	BL	18	111	1	2	BA1652	13919	10	2	0	0	0	0	0	0	0	0	0
A	BL	18	111	1	2	BA1652	13920	2	3	0	0	0	0	0	0	0	0	0
A	BL	18	111	1	2	BA1652	13973	3	5	1	1	0	0	0	0	0	0	0
A	BL	18	111	1	2	BA1652	13983	5	4	0	0	0	0	0	0	0	0	0
A	BL	18	111	1	2	BA1652	13988	4	0	0	0	0	0	0	1	0	0	0
A	BL	18	111	1	2	BA1652	13993	4	5	1	1	0	0	0	0	0	0	0
A	BL	18	111	1	2	BA1652	14000	5	0	0	0	0	0	0	1	0	0	0
A	BL	18	111	1	2	BA1652	14003	5	4	0	0	0	0	0	0	0	0	0
A	BL	18	111	1	2	BA1652	14008	4	5	1	1	0	0	0	0	0	0	0
A	BL	18	111	1	2	BA1652	14017	5	0	0	0	0	0	0	1	0	0	0
A	BL	18	111	1	2	BA1652	14018	5	4	0	0	0	0	0	0	0	0	0
A	BL	18	111	1	2	BA1652	14040	4	5	1	1	0	0	0	0	0	0	0
A	BL	18	111	1	2	BA1652	14050	5	4	0	0	0	0	0	1	0	0	0
A	BL	18	111	1	2	BA1652	14059	4	5	1	1	0	0	0	0	0	0	0
A	BL	18	111	1	2	BA1652	14069	5	9	0	0	0	0	0	0	0	0	0
A	BL	18	111	1	2	BA1652	14076	9	0	0	0	0	0	0	1	0	0	0
A	BL	18	111	1	2	BA1652	14078	9	0	0	1	0	0	0	0	0	0	0
A	BL	18	111	1	2	BA1652	14079	9	10	0	0	0	0	0	0	0	0	0
A	BL	18	111	1	2	BA1652	14082	10	0	0	0	0	0	0	1	0	0	0
A	BL	18	111	1	2	BA1652	14154	10	2	0	0	0	0	0	0	0	0	0
A	BL	18	111	1	2	BA1652	14155	2	3	0	0	0	0	0	0	0	0	0
A	BL	18	111	1	2	BA1652	14208	3	5	1	1	0	0	0	0	0	0	0
A	BL	18	111	1	2	BA1652	14218	5	4	0	0	0	0	0	0	0	0	0
A	BL	18	111	1	2	BA1652	14220	4	0	0	0	0	0	0	1	0	0	0
A	BL	18	111	1	2	BA1652	14223	4	5	1	1	0	0	0	0	0	0	0
A	BL	18	111	1	2	BA1652	14232	5	0	0	0	0	0	0	1	0	0	0
A	BL	18	111	1	2	BA1652	14233	5	4	0	0	0	0	0	0	0	0	0
A	BL	18	111	1	2	BA1652	14239	4	5	1	1	0	0	0	0	0	0	0
A	BL	18	111	1	2	BA1652	14249	5	4	0	0	0	0	0	0	0	0	0
A	BL	18	111	1	2	BA1652	14252	4	0	0	0	0	0	0	1	0	0	0
A	BL	18	111	1	2	BA1652	14295	4	5	1	1	0	0	0	0	0	0	0
A	BL	18	111	1	2	BA1652	14305	5	4	0	0	0	0	0	0	0	0	0
A	BL	18	111	1	2	BA1652	14319	4	0	0	0	0	0	0	1	0	0	0
A	BL	18	111	1	2	BA1652	14322	4	5	1	1	0	0	0	0	0	0	0
A	BL	18	111	1	2	BA1652	14328	5	0	0	0	0	0	0	1	0	0	0
A	BL	18	111	1	2	BA1652	14332	5	9	0	0	0	0	0	0	0	0	0
A	BL	18	111	1	2	BA1652	14333	9	0	0	1	0	0	0	0	0	0	0
A	BL	18	111	1	2	BA1652	14342	9	10	0	0	0	0	0	0	0	0	0
A	BL	18	111	1	2	BA1652	14347	10	0	0	0	0	0	0	1	0	0	0
A	BL	18	111	1	2	BA1652	14417	10	2	0	0	0	0	0	0	0	0	0
A	BL	18	111	1	2	BA1652	14418	2	3	0	0	0	0	0	0	0	0	0
A	BL	18	111	1	2	BA1652	14468	3	5	1	1	0	0	0	0	0	0	0
A	BL	18	111	1	2	BA1652	14478	5	4	0	0	0	0	0	0	0	0	0
A	BL	18	111	1	2	BA1652	14479	4	5	1	1	0	0	0	1	0	0	0
A	BL	18	111	1	2	BA1652	14484	5	0	0	0	0	0	0	1	0	0	0
A	BL	18	111	1	2	BA1652	14487	5	0	0	1	0	0	0	0	0	0	0
A	BL	18	111	1	2	BA1652	14489	5	4	0	0	0	0	0	0	0	0	0
A	BL	18	111	1	2	BA1652	14498	4	0	0	0	0	0	0	1	0	0	0
A	BL	18	111	1	2	BA1652	14502	4	5	1	1	0	0	0	0	0	0	0
A	BL	18	111	1	2	BA1652	14504	5	0	0	0	0	0	0	1	0	0	0
A	BL	18	111	1	2	BA1652	14505	5	0	0	1	0	0	0	0	0	0	0
A	BL	18	111	1	2	BA1652	14512	5	4	0	0	0	0	0	1	0	0	0
A	BL	18	111	1	2	BA1652	14521	4	5	1	1	0	0	0	0	0	0	0
A	BL	18	111	1	2	BA1652	14531	5	4	0	0	0	0	0	0	0	0	0
A	BL	18	111	1	2	BA1652	14533	4	0	0	0	0	0	0	1	0	0	0
A	BL	18	111	1	2	BA1652	14545	4	5	1	1	0	0	0	0	0	0	0
A	BL	18	111	1	2	BA1652	14554	5	0	0	0	0	0	0	1	0	0	0
A	BL	18	111	1	2	BA1652	14555	5	9	0	0	0	0	0	0	0	0	0
A	BL	18	111	1	2	BA1652	14565	9	10	0	1	0	0	0	0	0	0	0
A	BL	18	111	1	2	BA1652	14567	10	0	0	0	0	0	0	1	0	0	0
A	BL	18	111	1	2	BA1652	14569	10	0	0	1	0	0	0	0	0	0	0
A	BL	18	111	1	2	BA1652	14576	10	0	0	0	0	0	0	1	0	0	0
A	BL	18	111	1	2	BA1652	14640	10	2	0	0	0	0	0	0	0	0	0
A	BL	18	111	1	2	BA1652	14641	2	6	0	0	0	0	0	0	0	0	0
A	BL	18	111	1	2	BA1652	15081	6	8	2	0	1	0	0	0	0	0	0
A	BL	18	111	1	2	BA1652	15086	8	0	0	0	0	0	0	0	1	0	0
A	BL	18	111	1	2	BA1652	15089	8	0	0	0	1	0	0	0	0	0	0
A	BL	18	111	1	2	BA1652	15091	8	7	0	0	0	0	0	0	0	0	0
A	BL	18	111	1	2	BA1652	15093	7	0	0	0	0	0	0	0	1	0	0
A	BL	18	111	1	2	BA1652	15103	7	8	2	0	1	0	0	0	0	0	0
A	BL	18	111	1	2	BA1652	15105	8	0	0	0	0	0	0	0	1	0	0
A	BL	18	111	1	2	BA1652	15113	8	7	0	0	0	0	0	0	0	0	0
A	BL	18	111	1	2	BA1652	15239	7	8	2	0	1	0	0	0	0	0	0
A	BL	18	111	1	2	BA1652	15241	8	0	0	0	0	0	0	0	1	0	0
A	BL	18	111	1	2	BA1652	15249	8	7	0	0	0	0	0	0	0	0	0
A	BL	18	111	1	2	BA1652	15250	7	8	2	0	1	0	0	0	0	0	0
A	BL	18	111	1	2	BA1652	15257	8	0	0	0	0	0	0	0	1	0	0
A	BL	18	111	1	2	BA1652	15260	8	7	0	0	0	0	0	0	0	0	0
A	BL	18	111	1	2	BA1652	15280	7	8	2	0	1	0	0	0	0	0	0
A	BL	18	111	1	2	BA1652	15290	8	7	0	0	0	0	0	0	1	0	0
A	BL	18	111	1	2	BA1652	15291	7	8	2	0	1	0	0	0	0	0	0
A	BL	18	111	1	2	BA1652	15296	8	0	0	0	0	0	0	0	1	0	0
A	BL	18	111	1	2	BA1652	15301	8	7	0	0	0	0	0	0	0	0	0
A	BL	18	111	1	2	BA1652	15302	7	8	2	0	1	0	0	0	0	0	0
A	BL	18	111	1	2	BA1652	15304	8	0	0	0	0	0	0	0	1	0	0
A	BL	18	111	1	2	BA1652	15308	8	0	0	0	1	0	0	0	0	0	0
A	BL	18	111	1	2	BA1652	15312	8	7	0	0	0	0	0	0	1	0	0
A	BL	18	111	1	2	BA1652	15316	7	8	2	0	1	0	0	0	0	0	0
A	BL	18	111	1	2	BA1652	15318	8	0	0	0	0	0	0	0	1	0	0
A	BL	18	111	1	2	BA1652	15322	8	0	0	0	1	0	0	0	0	0	0
A	BL	18	111	1	2	BA1652	15326	8	7	0	0	0	0	0	0	0	0	0
A	BL	18	111	1	2	BA1652	15328	7	0	0	0	0	0	0	0	1	0	0
A	BL	18	111	1	2	BA1652	15376	7	8	2	0	1	0	0	0	0	0	0
A	BL	18	111	1	2	BA1652	15383	8	0	0	0	0	0	0	0	1	0	0
A	BL	18	111	1	2	BA1652	15384	8	0	0	0	1	0	0	0	0	0	0
A	BL	18	111	1	2	BA1652	15386	8	7	0	0	0	0	0	0	0	0	0
A	BL	18	111	1	2	BA1652	15392	7	0	0	0	0	0	0	0	1	0	0
A	BL	18	111	1	2	BA1652	15393	7	8	2	0	1	0	0	0	0	0	0
A	BL	18	111	1	2	BA1652	15395	8	0	0	0	0	0	0	0	1	0	0
A	BL	18	111	1	2	BA1652	15403	8	7	0	0	0	0	0	0	0	0	0
A	BL	18	111	1	2	BA1652	15468	7	8	2	0	1	0	0	0	0	0	0
A	BL	18	111	1	2	BA1652	15476	8	0	0	0	1	0	0	0	1	0	0
A	BL	18	111	1	2	BA1652	15478	8	7	0	0	0	0	0	0	0	0	0
A	BL	18	111	1	2	BA1652	15486	7	0	0	0	0	0	0	0	1	0	0
A	BL	18	111	1	2	BA1652	15491	7	8	2	0	1	0	0	0	0	0	0
A	BL	18	111	1	2	BA1652	15501	8	7	0	0	0	0	0	0	0	0	0
A	BL	18	111	1	2	BA1652	15545	7	0	0	0	0	0	0	0	1	0	0
A	BL	18	111	1	2	BA1652	15546	7	8	2	0	1	0	0	0	0	0	0
A	BL	18	111	1	2	BA1652	15550	8	0	0	0	0	0	0	0	1	0	0
A	BL	18	111	1	2	BA1652	15554	8	0	0	0	1	0	0	0	0	0	0
A	BL	18	111	1	2	BA1652	15556	8	7	0	0	0	0	0	0	0	0	0
A	BL	18	111	1	2	BA1652	15564	7	0	0	0	0	0	0	0	1	0	0
A	BL	18	111	1	2	BA1652	15576	7	8	2	0	1	0	0	0	0	0	0
A	BL	18	111	1	2	BA1652	15578	8	0	0	0	0	0	0	0	1	0	0
A	BL	18	111	1	2	BA1652	15586	8	7	0	0	0	0	0	0	0	0	0
A	BL	18	111	1	2	BA1652	15612	7	8	2	0	1	0	0	0	0	0	0
A	BL	18	111	1	2	BA1652	15622	8	7	0	0	0	0	0	0	0	0	0
A	BL	18	111	1	2	BA1652	15623	7	0	0	0	0	0	0	0	1	0	0
A	BL	18	111	1	2	BA1652	15657	7	8	2	0	1	0	0	0	0	0	0
A	BL	18	111	1	2	BA1652	15667	8	7	0	0	0	0	0	0	0	0	0
A	BL	18	111	1	2	BA1652	15668	7	0	0	0	0	0	0	0	1	0	0
A	BL	18	111	1	2	BA1652	15673	7	8	2	0	1	0	0	0	0	0	0
A	BL	18	111	1	2	BA1652	15678	8	0	0	0	0	0	0	0	1	0	0
A	BL	18	111	1	2	BA1652	15683	8	7	0	0	0	0	0	0	0	0	0
A	BL	18	111	1	2	BA1652	15754	7	8	2	0	1	0	0	0	0	0	0
A	BL	18	111	1	2	BA1652	15759	8	0	0	0	0	0	0	0	1	0	0
A	BL	18	111	1	2	BA1652	15760	8	0	0	0	1	0	0	0	0	0	0
A	BL	18	111	1	2	BA1652	15764	8	7	0	0	0	0	0	0	0	0	0
A	BL	18	111	1	2	BA1652	15765	7	0	0	0	0	0	0	0	1	0	0
A	BL	18	111	1	2	BA1652	15769	7	8	2	0	1	0	0	0	0	0	0
A	BL	18	111	1	2	BA1652	15779	8	7	0	0	0	0	0	0	0	0	0
A	BL	18	111	1	2	BA1652	15804	7	0	0	0	0	0	0	0	1	0	0
A	BL	18	111	1	2	BA1652	15809	7	8	2	0	1	0	0	0	0	0	0
A	BL	18	111	1	2	BA1652	15814	8	0	0	0	0	0	0	0	1	0	0
A	BL	18	111	1	2	BA1652	15819	8	9	0	0	0	0	0	0	0	0	0
A	BL	18	111	1	2	BA1652	15827	9	0	0	0	1	0	0	0	0	0	0
A	BL	18	111	1	2	BA1652	15828	9	0	0	0	0	0	0	0	1	0	0
A	BL	18	111	1	2	BA1652	15829	9	10	0	0	0	0	0	0	0	0	0
A	BL	18	111	1	2	BA1652	15904	10	2	0	0	0	0	0	0	0	0	0
A	BL	18	111	1	2	BA1652	15905	2	6	0	0	0	0	0	0	0	0	0
A	BL	18	111	1	2	BA1652	16048	6	8	2	0	1	0	0	0	0	0	0
A	BL	18	111	1	2	BA1652	16057	8	0	0	0	0	0	0	0	1	0	0
A	BL	18	111	1	2	BA1652	16058	8	7	0	0	0	0	0	0	0	0	0
A	BL	18	111	1	2	BA1652	16066	7	8	2	0	1	0	0	0	0	0	0
A	BL	18	111	1	2	BA1652	16072	8	0	0	0	0	0	0	0	1	0	0
A	BL	18	111	1	2	BA1652	16076	8	7	0	0	0	0	0	0	0	0	0
A	BL	18	111	1	2	BA1652	16173	7	8	2	0	1	0	0	0	0	0	0
A	BL	18	111	1	2	BA1652	16174	8	0	0	0	0	0	0	0	1	0	0
A	BL	18	111	1	2	BA1652	16183	8	7	0	0	0	0	0	0	0	0	0
A	BL	18	111	1	2	BA1652	16190	7	8	2	0	1	0	0	0	0	0	0
A	BL	18	111	1	2	BA1652	16192	8	0	0	0	0	0	0	0	1	0	0
A	BL	18	111	1	2	BA1652	16194	8	0	0	0	1	0	0	0	0	0	0
A	BL	18	111	1	2	BA1652	16200	8	7	0	0	0	0	0	0	0	0	0
A	BL	18	111	1	2	BA1652	16206	7	0	0	0	0	0	0	0	1	0	0
A	BL	18	111	1	2	BA1652	16217	7	8	2	0	1	0	0	0	0	0	0
A	BL	18	111	1	2	BA1652	16223	8	0	0	0	0	0	0	0	1	0	0
A	BL	18	111	1	2	BA1652	16227	8	7	0	0	1	0	0	0	0	0	0
A	BL	18	111	1	2	BA1652	16234	7	0	0	0	0	0	0	0	1	0	0
A	BL	18	111	1	2	BA1652	16238	7	8	2	0	1	0	0	0	0	0	0
A	BL	18	111	1	2	BA1652	16248	8	7	0	0	0	0	0	0	0	0	0
A	BL	18	111	1	2	BA1652	16252	7	0	0	0	0	0	0	0	1	0	0
A	BL	18	111	1	2	BA1652	16258	7	8	2	0	1	0	0	0	0	0	0
A	BL	18	111	1	2	BA1652	16268	8	7	0	0	0	0	0	0	0	0	0
A	BL	18	111	1	2	BA1652	16285	7	0	0	0	0	0	0	0	1	0	0
A	BL	18	111	1	2	BA1652	16290	7	8	2	0	1	0	0	0	0	0	0
A	BL	18	111	1	2	BA1652	16298	8	0	0	0	0	0	0	0	1	0	0
A	BL	18	111	1	2	BA1652	16300	8	7	0	0	1	0	0	0	0	0	0
A	BL	18	111	1	2	BA1652	16317	7	0	0	0	0	0	0	0	1	0	0
A	BL	18	111	1	2	BA1652	16341	7	8	2	0	1	0	0	0	0	0	0
A	BL	18	111	1	2	BA1652	16345	8	0	0	0	0	0	0	0	1	0	0
A	BL	18	111	1	2	BA1652	16348	8	0	0	0	1	0	0	0	0	0	0
A	BL	18	111	1	2	BA1652	16351	8	7	0	0	0	0	0	0	0	0	0
A	BL	18	111	1	2	BA1652	16352	7	0	0	0	0	0	0	0	1	0	0
A	BL	18	111	1	2	BA1652	16389	7	8	2	0	1	0	0	0	0	0	0
A	BL	18	111	1	2	BA1652	16392	8	0	0	0	0	0	0	0	1	0	0
A	BL	18	111	1	2	BA1652	16394	8	0	0	0	1	0	0	0	0	0	0
A	BL	18	111	1	2	BA1652	16399	8	7	0	0	0	0	0	0	0	0	0
A	BL	18	111	1	2	BA1652	16401	7	0	0	0	0	0	0	0	1	0	0
A	BL	18	111	1	2	BA1652	16470	7	8	2	0	1	0	0	0	0	0	0
A	BL	18	111	1	2	BA1652	16480	8	7	0	0	0	0	0	0	0	0	0
A	BL	18	111	1	2	BA1652	16486	7	0	0	0	0	0	0	0	1	0	0
A	BL	18	111	1	2	BA1652	16487	7	8	2	0	1	0	0	0	0	0	0
A	BL	18	111	1	2	BA1652	16495	8	0	0	0	0	0	0	0	1	0	0
A	BL	18	111	1	2	BA1652	16497	8	7	0	0	0	0	0	0	0	0	0
A	BL	18	111	1	2	BA1652	16498	7	8	2	0	1	0	0	0	0	0	0
A	BL	18	111	1	2	BA1652	16502	8	0	0	0	0	0	0	0	1	0	0
A	BL	18	111	1	2	BA1652	16505	8	0	0	0	1	0	0	0	0	0	0
A	BL	18	111	1	2	BA1652	16508	8	7	0	0	0	0	0	0	0	0	0
A	BL	18	111	1	2	BA1652	16525	7	0	0	0	0	0	0	0	1	0	0
A	BL	18	111	1	2	BA1652	16526	7	8	2	0	1	0	0	0	0	0	0
A	BL	18	111	1	2	BA1652	16528	8	0	0	0	0	0	0	0	1	0	0
A	BL	18	111	1	2	BA1652	16531	8	0	0	0	1	0	0	0	0	0	0
A	BL	18	111	1	2	BA1652	16536	8	7	0	0	0	0	0	0	0	0	0
A	BL	18	111	1	2	BA1652	16540	7	0	0	0	0	0	0	0	1	0	0
A	BL	18	111	1	2	BA1652	16541	7	8	2	0	1	0	0	0	0	0	0
A	BL	18	111	1	2	BA1652	16550	8	0	0	0	0	0	0	0	1	0	0
A	BL	18	111	1	2	BA1652	16551	8	7	0	0	0	0	0	0	0	0	0
A	BL	18	111	1	2	BA1652	16563	7	8	2	0	1	0	0	0	0	0	0
A	BL	18	111	1	2	BA1652	16565	8	0	0	0	0	0	0	0	1	0	0
A	BL	18	111	1	2	BA1652	16568	8	0	0	0	1	0	0	0	0	0	0
A	BL	18	111	1	2	BA1652	16573	8	7	0	0	0	0	0	0	1	0	0
A	BL	18	111	1	2	BA1652	16583	7	8	2	0	1	0	0	0	0	0	0
A	BL	18	111	1	2	BA1652	16586	8	0	0	0	0	0	0	0	1	0	0
A	BL	18	111	1	2	BA1652	16593	8	7	0	0	0	0	0	0	0	0	0
A	BL	18	111	1	2	BA1652	16610	7	8	2	0	1	0	0	0	0	0	0
A	BL	18	111	1	2	BA1652	16613	8	0	0	0	0	0	0	0	1	0	0
A	BL	18	111	1	2	BA1652	16620	8	7	0	0	0	0	0	0	0	0	0
A	BL	18	111	1	2	BA1652	16639	7	8	2	0	1	0	0	0	0	0	0
A	BL	18	111	1	2	BA1652	16644	8	0	0	0	0	0	0	0	1	0	0
A	BL	18	111	1	2	BA1652	16649	8	7	0	0	0	0	0	0	0	0	0
A	BL	18	111	1	2	BA1652	16673	7	8	2	0	1	0	0	0	0	0	0
A	BL	18	111	1	2	BA1652	16682	8	0	0	0	0	0	0	0	1	0	0
A	BL	18	111	1	2	BA1652	16683	8	9	0	0	0	0	0	0	0	0	0
A	BL	18	111	1	2	BA1652	16693	9	10	0	0	0	0	0	0	0	0	0
A	BL	18	111	1	2	BA1652	16768	10	2	0	0	0	0	0	0	0	0	0
A	BL	18	111	1	2	BA1652	16769	2	6	0	0	0	0	0	0	0	0	0
A	BL	18	111	1	2	BA1652	17139	6	8	2	0	1	0	0	0	0	0	0
A	BL	18	111	1	2	BA1652	17149	8	7	0	0	0	0	0	0	0	0	0
A	BL	18	111	1	2	BA1652	17163	7	0	0	0	0	0	0	0	1	0	0
A	BL	18	111	1	2	BA1652	17171	7	8	2	0	1	0	0	0	0	0	0
A	BL	18	111	1	2	BA1652	17181	8	7	0	0	0	0	0	0	0	0	0
A	BL	18	111	1	2	BA1652	17183	7	0	0	0	0	0	0	0	1	0	0
A	BL	18	111	1	2	BA1652	17188	7	8	2	0	1	0	0	0	0	0	0
A	BL	18	111	1	2	BA1652	17198	8	7	0	0	0	0	0	0	0	0	0
A	BL	18	111	1	2	BA1652	17202	7	0	0	0	0	0	0	0	1	0	0
A	BL	18	111	1	2	BA1652	17203	7	8	2	0	1	0	0	0	0	0	0
A	BL	18	111	1	2	BA1652	17206	8	0	0	0	0	0	0	0	1	0	0
A	BL	18	111	1	2	BA1652	17211	8	0	0	0	1	0	0	0	0	0	0
A	BL	18	111	1	2	BA1652	17213	8	7	0	0	0	0	0	0	0	0	0
A	BL	18	111	1	2	BA1652	17217	7	0	0	0	0	0	0	0	1	0	0
A	BL	18	111	1	2	BA1652	17256	7	8	2	0	1	0	0	0	0	0	0
A	BL	18	111	1	2	BA1652	17258	8	0	0	0	0	0	0	0	1	0	0
A	BL	18	111	1	2	BA1652	17266	8	7	0	0	0	0	0	0	0	0	0
A	BL	18	111	1	2	BA1652	17269	7	8	2	0	1	0	0	0	0	0	0
A	BL	18	111	1	2	BA1652	17274	8	0	0	0	0	0	0	0	1	0	0
A	BL	18	111	1	2	BA1652	17278	8	0	0	0	1	0	0	0	0	0	0
A	BL	18	111	1	2	BA1652	17279	8	7	0	0	0	0	0	0	0	0	0
A	BL	18	111	1	2	BA1652	17282	7	0	0	0	0	0	0	0	1	0	0
A	BL	18	111	1	2	BA1652	17306	7	8	2	0	1	0	0	0	0	0	0
A	BL	18	111	1	2	BA1652	17311	8	0	0	0	0	0	0	0	1	0	0
A	BL	18	111	1	2	BA1652	17313	8	0	0	0	1	0	0	0	0	0	0
A	BL	18	111	1	2	BA1652	17316	8	7	0	0	0	0	0	0	0	0	0
A	BL	18	111	1	2	BA1652	17325	7	0	0	0	0	0	0	0	1	0	0
A	BL	18	111	1	2	BA1652	17331	7	8	2	0	1	0	0	0	0	0	0
A	BL	18	111	1	2	BA1652	17333	8	0	0	0	0	0	0	0	1	0	0
A	BL	18	111	1	2	BA1652	17337	8	0	0	0	1	0	0	0	0	0	0
A	BL	18	111	1	2	BA1652	17341	8	7	0	0	0	0	0	0	0	0	0
A	BL	18	111	1	2	BA1652	17366	7	0	0	0	0	0	0	0	1	0	0
A	BL	18	111	1	2	BA1652	17368	7	8	2	0	1	0	0	0	0	0	0
A	BL	18	111	1	2	BA1652	17370	8	0	0	0	0	0	0	0	1	0	0
A	BL	18	111	1	2	BA1652	17372	8	0	0	0	1	0	0	0	0	0	0
A	BL	18	111	1	2	BA1652	17378	8	7	0	0	0	0	0	0	0	0	0
A	BL	18	111	1	2	BA1652	17380	7	0	0	0	0	0	0	0	1	0	0
A	BL	18	111	1	2	BA1652	17393	7	8	2	0	1	0	0	0	0	0	0
A	BL	18	111	1	2	BA1652	17399	8	0	0	0	0	0	0	0	1	0	0
A	BL	18	111	1	2	BA1652	17403	8	7	0	0	0	0	0	0	0	0	0
A	BL	18	111	1	2	BA1652	17415	7	8	2	0	1	0	0	0	0	0	0
A	BL	18	111	1	2	BA1652	17425	8	7	0	0	0	0	0	0	1	0	0
A	BL	18	111	1	2	BA1652	17434	7	8	2	0	1	0	0	0	0	0	0
A	BL	18	111	1	2	BA1652	17435	8	0	0	0	0	0	0	0	1	0	0
A	BL	18	111	1	2	BA1652	17444	8	7	0	0	0	0	0	0	0	0	0
A	BL	18	111	1	2	BA1652	17504	7	8	2	0	1	0	0	0	0	0	0
A	BL	18	111	1	2	BA1652	17514	8	7	0	0	0	0	0	0	0	0	0
A	BL	18	111	1	2	BA1652	17524	7	0	0	0	0	0	0	0	1	0	0
A	BL	18	111	1	2	BA1652	17528	7	8	2	0	1	0	0	0	0	0	0
A	BL	18	111	1	2	BA1652	17533	8	0	0	0	0	0	0	0	1	0	0
A	BL	18	111	1	2	BA1652	17536	8	0	0	0	1	0	0	0	0	0	0
A	BL	18	111	1	2	BA1652	17538	8	7	0	0	0	0	0	0	0	0	0
A	BL	18	111	1	2	BA1652	17552	7	0	0	0	0	0	0	0	1	0	0
A	BL	18	111	1	2	BA1652	17558	7	8	2	0	1	0	0	0	0	0	0
A	BL	18	111	1	2	BA1652	17560	8	0	0	0	0	0	0	0	1	0	0
A	BL	18	111	1	2	BA1652	17563	8	0	0	0	1	0	0	0	0	0	0
A	BL	18	111	1	2	BA1652	17568	8	7	0	0	0	0	0	0	0	0	0
A	BL	18	111	1	2	BA1652	17573	7	0	0	0	0	0	0	0	1	0	0
A	BL	18	111	1	2	BA1652	17577	7	8	2	0	1	0	0	0	0	0	0
A	BL	18	111	1	2	BA1652	17581	8	0	0	0	0	0	0	0	1	0	0
A	BL	18	111	1	2	BA1652	17586	8	0	0	0	1	0	0	0	0	0	0
A	BL	18	111	1	2	BA1652	17587	8	7	0	0	0	0	0	0	0	0	0
A	BL	18	111	1	2	BA1652	17590	7	0	0	0	0	0	0	0	1	0	0
A	BL	18	111	1	2	BA1652	17593	7	8	2	0	1	0	0	0	0	0	0
A	BL	18	111	1	2	BA1652	17596	8	0	0	0	0	0	0	0	1	0	0
A	BL	18	111	1	2	BA1652	17598	8	0	0	0	1	0	0	0	0	0	0
A	BL	18	111	1	2	BA1652	17602	8	0	0	0	0	0	0	0	1	0	0
A	BL	18	111	1	2	BA1652	17603	8	7	0	0	1	0	0	0	0	0	0
A	BL	18	111	1	2	BA1652	17609	7	0	0	0	0	0	0	0	1	0	0
A	BL	18	111	1	2	BA1652	17647	7	8	2	0	1	0	0	0	0	0	0
A	BL	18	111	1	2	BA1652	17657	8	7	0	0	0	0	0	0	0	0	0
A	BL	18	111	1	2	BA1652	17660	7	0	0	0	0	0	0	0	1	0	0
A	BL	18	111	1	2	BA1652	17664	7	8	2	0	1	0	0	0	0	0	0
A	BL	18	111	1	2	BA1652	17667	8	0	0	0	0	0	0	0	1	0	0
A	BL	18	111	1	2	BA1652	17674	8	7	0	0	0	0	0	0	0	0	0
A	BL	18	111	1	2	BA1652	17736	7	8	2	0	1	0	0	0	0	0	0
A	BL	18	111	1	2	BA1652	17743	8	0	0	0	0	0	0	0	1	0	0
A	BL	18	111	1	2	BA1652	17744	8	0	0	0	1	0	0	0	0	0	0
A	BL	18	111	1	2	BA1652	17746	8	9	0	0	0	0	0	0	0	0	0
A	BL	18	111	1	2	BA1652	17750	9	0	0	0	0	0	0	0	1	0	0
A	BL	18	111	1	2	BA1652	17751	9	0	0	0	1	0	0	0	0	0	0
A	BL	18	111	1	2	BA1652	17756	9	10	0	0	0	0	0	0	0	0	0
A	BL	18	111	1	2	BA1652	17767	10	0	0	0	0	0	0	0	1	0	0
A	BL	18	111	1	2	BA1652	17831	10	2	0	0	0	0	0	0	0	0	0
A	BL	18	111	1	2	BA1652	17832	2	3	0	0	0	0	0	0	0	0	0
A	BL	18	111	1	2	BA1652	17896	3	5	1	1	0	0	0	0	0	0	0
A	BL	18	111	1	2	BA1652	17906	5	4	0	0	0	0	0	0	0	0	0
A	BL	18	111	1	2	BA1652	17911	4	0	0	0	0	0	0	1	0	0	0
A	BL	18	111	1	2	BA1652	17913	4	5	1	1	0	0	0	0	0	0	0
A	BL	18	111	1	2	BA1652	17923	5	4	0	0	0	0	0	0	0	0	0
A	BL	18	111	1	2	BA1652	17928	4	0	0	0	0	0	0	1	0	0	0
A	BL	18	111	1	2	BA1652	17939	4	5	1	1	0	0	0	0	0	0	0
A	BL	18	111	1	2	BA1652	17944	5	0	0	0	0	0	0	1	0	0	0
A	BL	18	111	1	2	BA1652	17949	5	4	0	0	0	0	0	0	0	0	0
A	BL	18	111	1	2	BA1652	17953	4	5	1	1	0	0	0	0	0	0	0
A	BL	18	111	1	2	BA1652	17963	5	4	0	0	0	0	0	0	0	0	0
A	BL	18	111	1	2	BA1652	17964	4	0	0	0	0	0	0	1	0	0	0
A	BL	18	111	1	2	BA1652	17967	4	5	1	1	0	0	0	0	0	0	0
A	BL	18	111	1	2	BA1652	17977	5	9	0	0	0	0	0	0	0	0	0
A	BL	18	111	1	2	BA1652	17986	9	0	0	0	0	0	0	1	0	0	0
A	BL	18	111	1	2	BA1652	17987	9	10	0	0	0	0	0	0	0	0	0
A	BL	18	111	1	2	BA1652	18062	10	2	0	0	0	0	0	0	0	0	0
A	BL	18	111	1	2	BA1652	18063	2	3	0	0	0	0	0	0	0	0	0
A	BL	18	111	1	2	BA1652	18108	3	5	1	1	0	0	0	0	0	0	0
A	BL	18	111	1	2	BA1652	18118	5	4	0	0	0	0	0	0	0	0	0
A	BL	18	111	1	2	BA1652	18121	4	0	0	0	0	0	0	1	0	0	0
A	BL	18	111	1	2	BA1652	18128	4	5	1	1	0	0	0	0	0	0	0
A	BL	18	111	1	2	BA1652	18137	5	0	0	0	0	0	0	1	0	0	0
A	BL	18	111	1	2	BA1652	18138	5	4	0	0	0	0	0	0	0	0	0
A	BL	18	111	1	2	BA1652	18151	4	5	1	1	0	0	0	0	0	0	0
A	BL	18	111	1	2	BA1652	18153	5	0	0	0	0	0	0	1	0	0	0
A	BL	18	111	1	2	BA1652	18161	5	4	0	0	0	0	0	0	0	0	0
A	BL	18	111	1	2	BA1652	18162	4	5	1	1	0	0	0	0	0	0	0
A	BL	18	111	1	2	BA1652	18172	5	4	0	0	0	0	0	0	0	0	0
A	BL	18	111	1	2	BA1652	18206	4	0	0	0	0	0	0	1	0	0	0
A	BL	18	111	1	2	BA1652	18224	4	5	1	1	0	0	0	0	0	0	0
A	BL	18	111	1	2	BA1652	18234	5	9	0	0	0	0	0	0	0	0	0
A	BL	18	111	1	2	BA1652	18242	9	0	0	0	0	0	0	1	0	0	0
A	BL	18	111	1	2	BA1652	18244	9	10	0	0	0	0	0	0	0	0	0
A	BL	18	111	1	2	BA1652	18319	10	2	0	0	0	0	0	0	0	0	0
A	BL	18	111	1	2	BA1652	18320	2	3	0	0	0	0	0	0	0	0	0
A	BL	18	111	1	2	BA1652	18374	3	5	1	1	0	0	0	0	0	0	0
A	BL	18	111	1	2	BA1652	18384	5	4	0	0	0	0	0	0	0	0	0
A	BL	18	111	1	2	BA1652	18397	4	0	0	0	0	0	0	1	0	0	0
A	BL	18	111	1	2	BA1652	18400	4	5	1	1	0	0	0	0	0	0	0
A	BL	18	111	1	2	BA1652	18403	5	0	0	0	0	0	0	1	0	0	0
A	BL	18	111	1	2	BA1652	18407	5	0	0	1	0	0	0	0	0	0	0
A	BL	18	111	1	2	BA1652	18410	5	4	0	0	0	0	0	0	0	0	0
A	BL	18	111	1	2	BA1652	18415	4	0	0	0	0	0	0	1	0	0	0
A	BL	18	111	1	2	BA1652	18418	4	5	1	1	0	0	0	0	0	0	0
A	BL	18	111	1	2	BA1652	18428	5	4	0	0	0	0	0	0	0	0	0
A	BL	18	111	1	2	BA1652	18429	4	0	0	0	0	0	0	1	0	0	0
A	BL	18	111	1	2	BA1652	18434	4	5	1	1	0	0	0	0	0	0	0
A	BL	18	111	1	2	BA1652	18444	5	4	0	0	0	0	0	0	0	0	0
A	BL	18	111	1	2	BA1652	18449	4	0	0	0	0	0	0	1	0	0	0
A	BL	18	111	1	2	BA1652	18457	4	5	1	1	0	0	0	0	0	0	0
A	BL	18	111	1	2	BA1652	18465	5	0	0	0	0	0	0	1	0	0	0
A	BL	18	111	1	2	BA1652	18467	5	9	0	1	0	0	0	0	0	0	0
A	BL	18	111	1	2	BA1652	18472	9	0	0	0	0	0	0	1	0	0	0
A	BL	18	111	1	2	BA1652	18477	9	10	0	0	0	0	0	0	0	0	0
A	BL	18	111	1	2	BA1652	18552	10	2	0	0	0	0	0	0	0	0	0
A	BL	18	111	1	2	BA1652	18553	2	6	0	0	0	0	0	0	0	0	0
A	BL	18	111	1	2	BA1652	18899	6	8	2	0	1	0	0	0	0	0	0
A	BL	18	111	1	2	BA1652	18909	8	7	0	0	0	0	0	0	0	0	0
A	BL	18	111	1	2	BA1652	18950	7	0	0	0	0	0	0	0	1	0	0
A	BL	18	111	1	2	BA1652	18951	7	8	2	0	1	0	0	0	0	0	0
A	BL	18	111	1	2	BA1652	18954	8	0	0	0	0	0	0	0	1	0	0
A	BL	18	111	1	2	BA1652	18957	8	0	0	0	1	0	0	0	0	0	0
A	BL	18	111	1	2	BA1652	18960	8	0	0	0	0	0	0	0	1	0	0
A	BL	18	111	1	2	BA1652	18961	8	7	0	0	0	0	0	0	0	0	0
A	BL	18	111	1	2	BA1652	18962	7	8	2	0	1	0	0	0	0	0	0
A	BL	18	111	1	2	BA1652	18972	8	7	0	0	0	0	0	0	0	0	0
A	BL	18	111	1	2	BA1652	19016	7	0	0	0	0	0	0	0	1	0	0
A	BL	18	111	1	2	BA1652	19091	7	8	2	0	1	0	0	0	0	0	0
A	BL	18	111	1	2	BA1652	19101	8	7	0	0	0	0	0	0	0	0	0
A	BL	18	111	1	2	BA1652	19189	7	0	0	0	0	0	0	0	1	0	0
A	BL	18	111	1	2	BA1652	19253	7	8	2	0	1	0	0	0	0	0	0
A	BL	18	111	1	2	BA1652	19259	8	0	0	0	0	0	0	0	1	0	0
A	BL	18	111	1	2	BA1652	19263	8	7	0	0	0	0	0	0	0	0	0
A	BL	18	111	1	2	BA1652	19277	7	8	2	0	1	0	0	0	0	0	0
A	BL	18	111	1	2	BA1652	19287	8	7	0	0	0	0	0	0	0	0	0
A	BL	18	111	1	2	BA1652	19296	7	0	0	0	0	0	0	0	1	0	0
A	BL	18	111	1	2	BA1652	19319	7	8	2	0	1	0	0	0	0	0	0
A	BL	18	111	1	2	BA1652	19328	8	0	0	0	0	0	0	0	1	0	0
A	BL	18	111	1	2	BA1652	19329	8	7	0	0	0	0	0	0	0	0	0
A	BL	18	111	1	2	BA1652	19341	7	8	2	0	1	0	0	0	0	0	0
A	BL	18	111	1	2	BA1652	19350	8	0	0	0	0	0	0	0	1	0	0
A	BL	18	111	1	2	BA1652	19351	8	7	0	0	0	0	0	0	0	0	0
A	BL	18	111	1	2	BA1652	19353	7	8	2	0	1	0	0	0	0	0	0
A	BL	18	111	1	2	BA1652	19354	8	0	0	0	0	0	0	0	1	0	0
A	BL	18	111	1	2	BA1652	19355	8	0	0	0	1	0	0	0	0	0	0
A	BL	18	111	1	2	BA1652	19356	8	0	0	0	0	0	0	0	1	0	0
A	BL	18	111	1	2	BA1652	19357	8	0	0	0	1	0	0	0	0	0	0
A	BL	18	111	1	2	BA1652	19360	8	0	0	0	0	0	0	0	1	0	0
A	BL	18	111	1	2	BA1652	19363	8	7	0	0	0	0	0	0	0	0	0
A	BL	18	111	1	2	BA1652	19492	7	8	2	0	1	0	0	0	0	0	0
A	BL	18	111	1	2	BA1652	19495	8	0	0	0	0	0	0	0	1	0	0
A	BL	18	111	1	2	BA1652	19502	8	7	0	0	1	0	0	0	0	0	0
A	BL	18	111	1	2	BA1652	19508	7	0	0	0	0	0	0	0	1	0	0
A	BL	18	111	1	2	BA1652	19509	7	8	2	0	1	0	0	0	0	0	0
A	BL	18	111	1	2	BA1652	19517	8	0	0	0	0	0	0	0	1	0	0
A	BL	18	111	1	2	BA1652	19518	8	0	0	0	1	0	0	0	0	0	0
A	BL	18	111	1	2	BA1652	19519	8	7	0	0	0	0	0	0	0	0	0
A	BL	18	111	1	2	BA1652	19523	7	0	0	0	0	0	0	0	1	0	0
A	BL	18	111	1	2	BA1652	19526	7	8	2	0	1	0	0	0	0	0	0
A	BL	18	111	1	2	BA1652	19536	8	7	0	0	0	0	0	0	0	0	0
A	BL	18	111	1	2	BA1652	19540	7	0	0	0	0	0	0	0	1	0	0
A	BL	18	111	1	2	BA1652	19542	7	8	2	0	1	0	0	0	0	0	0
A	BL	18	111	1	2	BA1652	19546	8	0	0	0	0	0	0	0	1	0	0
A	BL	18	111	1	2	BA1652	19551	8	0	0	0	1	0	0	0	0	0	0
A	BL	18	111	1	2	BA1652	19552	8	7	0	0	0	0	0	0	0	0	0
A	BL	18	111	1	2	BA1652	19561	7	0	0	0	0	0	0	0	1	0	0
A	BL	18	111	1	2	BA1652	19563	7	8	2	0	1	0	0	0	0	0	0
A	BL	18	111	1	2	BA1652	19567	8	0	0	0	0	0	0	0	1	0	0
A	BL	18	111	1	2	BA1652	19573	8	7	0	0	0	0	0	0	0	0	0
A	BL	18	111	1	2	BA1652	19637	7	8	2	0	1	0	0	0	0	0	0
A	BL	18	111	1	2	BA1652	19644	8	0	0	0	0	0	0	0	1	0	0
A	BL	18	111	1	2	BA1652	19645	8	0	0	0	1	0	0	0	0	0	0
A	BL	18	111	1	2	BA1652	19647	8	7	0	0	0	0	0	0	0	0	0
A	BL	18	111	1	2	BA1652	19657	7	0	0	0	0	0	0	0	1	0	0
A	BL	18	111	1	2	BA1652	19660	7	8	2	0	1	0	0	0	0	0	0
A	BL	18	111	1	2	BA1652	19666	8	0	0	0	0	0	0	0	1	0	0
A	BL	18	111	1	2	BA1652	19669	8	0	0	0	1	0	0	0	0	0	0
A	BL	18	111	1	2	BA1652	19670	8	7	0	0	0	0	0	0	0	0	0
A	BL	18	111	1	2	BA1652	19712	7	0	0	0	0	0	0	0	1	0	0
A	BL	18	111	1	2	BA1652	19717	7	8	2	0	1	0	0	0	0	0	0
A	BL	18	111	1	2	BA1652	19727	8	7	0	0	0	0	0	0	0	0	0
A	BL	18	111	1	2	BA1652	19730	7	0	0	0	0	0	0	0	1	0	0
A	BL	18	111	1	2	BA1652	19734	7	8	2	0	1	0	0	0	0	0	0
A	BL	18	111	1	2	BA1652	19744	8	7	0	0	0	0	0	0	0	0	0
A	BL	18	111	1	2	BA1652	19745	7	0	0	0	0	0	0	0	1	0	0
A	BL	18	111	1	2	BA1652	19771	7	8	2	0	1	0	0	0	0	0	0
A	BL	18	111	1	2	BA1652	19774	8	0	0	0	0	0	0	0	1	0	0
A	BL	18	111	1	2	BA1652	19779	8	0	0	0	1	0	0	0	0	0	0
A	BL	18	111	1	2	BA1652	19781	8	7	0	0	0	0	0	0	0	0	0
A	BL	18	111	1	2	BA1652	19784	7	0	0	0	0	0	0	0	1	0	0
A	BL	18	111	1	2	BA1652	19812	7	8	2	0	1	0	0	0	0	0	0
A	BL	18	111	1	2	BA1652	19815	8	0	0	0	0	0	0	0	1	0	0
A	BL	18	111	1	2	BA1652	19822	8	9	0	0	0	0	0	0	0	0	0
A	BL	18	111	1	2	BA1652	19832	9	10	0	0	1	0	0	0	0	0	0
A	BL	18	111	1	2	BA1652	19833	10	0	0	0	0	0	0	0	1	0	0
A	BL	18	111	1	2	BA1652	19907	10	2	0	0	0	0	0	0	0	0	0
A	BL	18	111	1	2	BA1652	19908	2	3	0	0	0	0	0	0	0	0	0
A	BL	18	111	1	2	BA1652	19988	3	5	1	1	0	0	0	0	0	0	0
A	BL	18	111	1	2	BA1652	19992	5	0	0	0	0	0	0	1	0	0	0
A	BL	18	111	1	2	BA1652	19995	5	0	0	1	0	0	0	0	0	0	0
A	BL	18	111	1	2	BA1652	19998	5	4	0	0	0	0	0	0	0	0	0
A	BL	18	111	1	2	BA1652	20014	4	0	0	0	0	0	0	1	0	0	0
A	BL	18	111	1	2	BA1652	20020	4	5	1	1	0	0	0	0	0	0	0
A	BL	18	111	1	2	BA1652	20025	5	0	0	0	0	0	0	1	0	0	0
A	BL	18	111	1	2	BA1652	20030	5	4	0	1	0	0	0	0	0	0	0
A	BL	18	111	1	2	BA1652	20040	4	0	0	0	0	0	0	1	0	0	0
A	BL	18	111	1	2	BA1652	20054	4	5	1	1	0	0	0	0	0	0	0
A	BL	18	111	1	2	BA1652	20064	5	4	0	0	0	0	0	0	0	0	0
A	BL	18	111	1	2	BA1652	20077	4	0	0	0	0	0	0	1	0	0	0
A	BL	18	111	1	2	BA1652	20081	4	5	1	1	0	0	0	0	0	0	0
A	BL	18	111	1	2	BA1652	20091	5	4	0	0	0	0	0	0	0	0	0
A	BL	18	111	1	2	BA1652	20119	4	0	0	0	0	0	0	1	0	0	0
A	BL	18	111	1	2	BA1652	20126	4	5	1	1	0	0	0	0	0	0	0
A	BL	18	111	1	2	BA1652	20131	5	0	0	0	0	0	0	1	0	0	0
A	BL	18	111	1	2	BA1652	20136	5	9	0	0	0	0	0	0	0	0	0
A	BL	18	111	1	2	BA1652	20146	9	10	0	0	0	0	0	0	0	0	0
A	BL	18	111	1	2	BA1652	20221	10	2	0	0	0	0	0	0	0	0	0
A	BL	18	111	1	2	BA1652	20222	2	6	0	0	0	0	0	0	0	0	0
A	BL	18	111	1	2	BA1652	20513	6	8	2	0	1	0	0	0	0	0	0
A	BL	18	111	1	2	BA1652	20515	8	0	0	0	0	0	0	0	1	0	0
A	BL	18	111	1	2	BA1652	20516	8	0	0	0	1	0	0	0	0	0	0
A	BL	18	111	1	2	BA1652	20523	8	7	0	0	0	0	0	0	0	0	0
A	BL	18	111	1	2	BA1652	20524	7	0	0	0	0	0	0	0	1	0	0
A	BL	18	111	1	2	BA1652	20602	7	8	2	0	1	0	0	0	0	0	0
A	BL	18	111	1	2	BA1652	20609	8	0	0	0	0	0	0	0	1	0	0
A	BL	18	111	1	2	BA1652	20612	8	7	0	0	0	0	0	0	0	0	0
A	BL	18	111	1	2	BA1652	20616	7	8	2	0	1	0	0	0	0	0	0
A	BL	18	111	1	2	BA1652	20622	8	0	0	0	0	0	0	0	1	0	0
A	BL	18	111	1	2	BA1652	20626	8	7	0	0	0	0	0	0	0	0	0
A	BL	18	111	1	2	BA1652	20628	7	8	2	0	1	0	0	0	0	0	0
A	BL	18	111	1	2	BA1652	20637	8	0	0	0	0	0	0	0	1	0	0
A	BL	18	111	1	2	BA1652	20638	8	7	0	0	0	0	0	0	0	0	0
A	BL	18	111	1	2	BA1652	20672	7	8	2	0	1	0	0	0	0	0	0
A	BL	18	111	1	2	BA1652	20682	8	7	0	0	0	0	0	0	0	0	0
A	BL	18	111	1	2	BA1652	20683	7	0	0	0	0	0	0	0	1	0	0
A	BL	18	111	1	2	BA1652	20684	7	8	2	0	1	0	0	0	0	0	0
A	BL	18	111	1	2	BA1652	20694	8	7	0	0	0	0	0	0	0	0	0
A	BL	18	111	1	2	BA1652	20706	7	0	0	0	0	0	0	0	1	0	0
A	BL	18	111	1	2	BA1652	20723	7	8	2	0	1	0	0	0	0	0	0
A	BL	18	111	1	2	BA1652	20733	8	7	0	0	0	0	0	0	1	0	0
A	BL	18	111	1	2	BA1652	20801	7	8	2	0	1	0	0	0	0	0	0
A	BL	18	111	1	2	BA1652	20804	8	0	0	0	0	0	0	0	1	0	0
A	BL	18	111	1	2	BA1652	20811	8	7	0	0	0	0	0	0	0	0	0
A	BL	18	111	1	2	BA1652	20865	7	8	2	0	1	0	0	0	0	0	0
A	BL	18	111	1	2	BA1652	20875	8	7	0	0	0	0	0	0	0	0	0
A	BL	18	111	1	2	BA1652	20889	7	0	0	0	0	0	0	0	1	0	0
A	BL	18	111	1	2	BA1652	20909	7	8	2	0	1	0	0	0	0	0	0
A	BL	18	111	1	2	BA1652	20912	8	0	0	0	0	0	0	0	1	0	0
A	BL	18	111	1	2	BA1652	20917	8	0	0	0	1	0	0	0	0	0	0
A	BL	18	111	1	2	BA1652	20919	8	7	0	0	0	0	0	0	0	0	0
A	BL	18	111	1	2	BA1652	20932	7	0	0	0	0	0	0	0	1	0	0
A	BL	18	111	1	2	BA1652	20933	7	8	2	0	1	0	0	0	0	0	0
A	BL	18	111	1	2	BA1652	20943	8	7	0	0	0	0	0	0	0	0	0
A	BL	18	111	1	2	BA1652	20957	7	0	0	0	0	0	0	0	1	0	0
A	BL	18	111	1	2	BA1652	21023	7	8	2	0	1	0	0	0	0	0	0
A	BL	18	111	1	2	BA1652	21029	8	0	0	0	0	0	0	0	1	0	0
A	BL	18	111	1	2	BA1652	21030	8	0	0	0	1	0	0	0	0	0	0
A	BL	18	111	1	2	BA1652	21033	8	7	0	0	0	0	0	0	0	0	0
A	BL	18	111	1	2	BA1652	21044	7	0	0	0	0	0	0	0	1	0	0
A	BL	18	111	1	2	BA1652	21055	7	8	2	0	1	0	0	0	0	0	0
A	BL	18	111	1	2	BA1652	21062	8	0	0	0	0	0	0	0	1	0	0
A	BL	18	111	1	2	BA1652	21065	8	7	0	0	0	0	0	0	0	0	0
A	BL	18	111	1	2	BA1652	21076	7	8	2	0	1	0	0	0	0	0	0
A	BL	18	111	1	2	BA1652	21078	8	0	0	0	0	0	0	0	1	0	0
A	BL	18	111	1	2	BA1652	21079	8	0	0	0	1	0	0	0	0	0	0
A	BL	18	111	1	2	BA1652	21086	8	7	0	0	0	0	0	0	0	0	0
A	BL	18	111	1	2	BA1652	21109	7	0	0	0	0	0	0	0	1	0	0
A	BL	18	111	1	2	BA1652	21115	7	8	2	0	1	0	0	0	0	0	0
A	BL	18	111	1	2	BA1652	21119	8	0	0	0	0	0	0	0	1	0	0
A	BL	18	111	1	2	BA1652	21125	8	7	0	0	0	0	0	0	0	0	0
A	BL	18	111	1	2	BA1652	21170	7	8	2	0	1	0	0	0	0	0	0
A	BL	18	111	1	2	BA1652	21176	8	0	0	0	0	0	0	0	1	0	0
A	BL	18	111	1	2	BA1652	21180	8	7	0	0	0	0	0	0	0	0	0
A	BL	18	111	1	2	BA1652	21182	7	8	2	0	1	0	0	0	0	0	0
A	BL	18	111	1	2	BA1652	21184	8	0	0	0	0	0	0	0	1	0	0
A	BL	18	111	1	2	BA1652	21190	8	0	0	0	1	0	0	0	0	0	0
A	BL	18	111	1	2	BA1652	21192	8	7	0	0	0	0	0	0	1	0	0
A	BL	18	111	1	2	BA1652	21198	7	8	2	0	1	0	0	0	0	0	0
A	BL	18	111	1	2	BA1652	21200	8	0	0	0	0	0	0	0	1	0	0
A	BL	18	111	1	2	BA1652	21208	8	7	0	0	0	0	0	0	0	0	0
A	BL	18	111	1	2	BA1652	21209	7	8	2	0	1	0	0	0	0	0	0
A	BL	18	111	1	2	BA1652	21215	8	0	0	0	0	0	0	0	1	0	0
A	BL	18	111	1	2	BA1652	21216	8	0	0	0	1	0	0	0	0	0	0
A	BL	18	111	1	2	BA1652	21219	8	7	0	0	0	0	0	0	0	0	0
A	BL	18	111	1	2	BA1652	21222	7	0	0	0	0	0	0	0	1	0	0
A	BL	18	111	1	2	BA1652	21229	7	8	2	0	1	0	0	0	0	0	0
A	BL	18	111	1	2	BA1652	21233	8	0	0	0	0	0	0	0	1	0	0
A	BL	18	111	1	2	BA1652	21235	8	0	0	0	1	0	0	0	0	0	0
A	BL	18	111	1	2	BA1652	21239	8	9	0	0	0	0	0	0	0	0	0
A	BL	18	111	1	2	BA1652	21240	9	0	0	0	0	0	0	0	1	0	0
A	BL	18	111	1	2	BA1652	21243	9	0	0	0	1	0	0	0	0	0	0
A	BL	18	111	1	2	BA1652	21246	9	0	0	0	0	0	0	0	1	0	0
A	BL	18	111	1	2	BA1652	21249	9	10	0	0	0	0	0	0	0	0	0
A	BL	18	111	1	2	BA1652	21324	10	2	0	0	0	0	0	0	0	0	0
A	BL	18	111	1	2	BA1652	21325	2	6	0	0	0	0	0	0	0	0	0
A	BL	18	111	1	2	BA1652	21452	6	0	0	1	0	0	0	0	0	0	0
A	BL	18	111	1	2	BA1652	21469	6	0	0	0	0	0	0	1	0	0	0
A	BL	18	111	1	2	BA1652	21708	6	8	2	0	1	0	0	0	0	0	0
A	BL	18	111	1	2	BA1652	21711	8	0	0	0	0	0	0	0	1	0	0
A	BL	18	111	1	2	BA1652	21718	8	7	0	0	0	0	0	0	0	0	0
A	BL	18	111	1	2	BA1652	21866	7	8	2	0	1	0	0	0	0	0	0
A	BL	18	111	1	2	BA1652	21871	8	0	0	0	0	0	0	0	1	0	0
A	BL	18	111	1	2	BA1652	21876	8	7	0	0	0	0	0	0	0	0	0
A	BL	18	111	1	2	BA1652	21886	7	8	2	0	1	0	0	0	0	0	0
A	BL	18	111	1	2	BA1652	21896	8	7	0	0	0	0	0	0	0	0	0
A	BL	18	111	1	2	BA1652	21901	7	0	0	0	0	0	0	0	1	0	0
A	BL	18	111	1	2	BA1652	21951	7	8	2	0	1	0	0	0	0	0	0
A	BL	18	111	1	2	BA1652	21961	8	7	0	0	0	0	0	0	0	0	0
A	BL	18	111	1	2	BA1652	21980	7	0	0	0	0	0	0	0	1	0	0
A	BL	18	111	1	2	BA1652	21999	7	8	2	0	1	0	0	0	0	0	0
A	BL	18	111	1	2	BA1652	22006	8	0	0	0	0	0	0	0	1	0	0
A	BL	18	111	1	2	BA1652	22009	8	7	0	0	0	0	0	0	0	0	0
A	BL	18	111	1	2	BA1652	22012	7	8	2	0	1	0	0	0	0	0	0
A	BL	18	111	1	2	BA1652	22020	8	0	0	0	0	0	0	0	1	0	0
A	BL	18	111	1	2	BA1652	22022	8	7	0	0	0	0	0	0	0	0	0
A	BL	18	111	1	2	BA1652	22026	7	8	2	0	1	0	0	0	0	0	0
A	BL	18	111	1	2	BA1652	22031	8	0	0	0	0	0	0	0	1	0	0
A	BL	18	111	1	2	BA1652	22034	8	0	0	0	1	0	0	0	0	0	0
A	BL	18	111	1	2	BA1652	22036	8	7	0	0	0	0	0	0	1	0	0
A	BL	18	111	1	2	BA1652	22046	7	8	2	0	1	0	0	0	0	0	0
A	BL	18	111	1	2	BA1652	22056	8	7	0	0	0	0	0	0	1	0	0
A	BL	18	111	1	2	BA1652	22153	7	8	2	0	1	0	0	0	0	0	0
A	BL	18	111	1	2	BA1652	22163	8	7	0	0	0	0	0	0	0	0	0
A	BL	18	111	1	2	BA1652	22168	7	0	0	0	0	0	0	0	1	0	0
A	BL	18	111	1	2	BA1652	22170	7	8	2	0	1	0	0	0	0	0	0
A	BL	18	111	1	2	BA1652	22173	8	0	0	0	0	0	0	0	1	0	0
A	BL	18	111	1	2	BA1652	22177	8	0	0	0	1	0	0	0	0	0	0
A	BL	18	111	1	2	BA1652	22180	8	7	0	0	0	0	0	0	0	0	0
A	BL	18	111	1	2	BA1652	22194	7	0	0	0	0	0	0	0	1	0	0
A	BL	18	111	1	2	BA1652	22216	7	8	2	0	1	0	0	0	0	0	0
A	BL	18	111	1	2	BA1652	22220	8	0	0	0	0	0	0	0	1	0	0
A	BL	18	111	1	2	BA1652	22225	8	0	0	0	1	0	0	0	0	0	0
A	BL	18	111	1	2	BA1652	22226	8	7	0	0	0	0	0	0	0	0	0
A	BL	18	111	1	2	BA1652	22239	7	0	0	0	0	0	0	0	1	0	0
A	BL	18	111	1	2	BA1652	22276	7	8	2	0	1	0	0	0	0	0	0
A	BL	18	111	1	2	BA1652	22286	8	7	0	0	0	0	0	0	0	0	0
A	BL	18	111	1	2	BA1652	22289	7	0	0	0	0	0	0	0	1	0	0
A	BL	18	111	1	2	BA1652	22293	7	8	2	0	1	0	0	0	0	0	0
A	BL	18	111	1	2	BA1652	22295	8	0	0	0	0	0	0	0	1	0	0
A	BL	18	111	1	2	BA1652	22303	8	7	0	0	0	0	0	0	0	0	0
A	BL	18	111	1	2	BA1652	22358	7	8	2	0	1	0	0	0	0	0	0
A	BL	18	111	1	2	BA1652	22364	8	0	0	0	0	0	0	0	1	0	0
A	BL	18	111	1	2	BA1652	22368	8	7	0	0	0	0	0	0	0	0	0
A	BL	18	111	1	2	BA1652	22372	7	8	2	0	1	0	0	0	0	0	0
A	BL	18	111	1	2	BA1652	22382	8	7	0	0	0	0	0	0	0	0	0
A	BL	18	111	1	2	BA1652	22399	7	0	0	0	0	0	0	0	1	0	0
A	BL	18	111	1	2	BA1652	22406	7	8	2	0	1	0	0	0	0	0	0
A	BL	18	111	1	2	BA1652	22416	8	7	0	0	0	0	0	0	0	0	0
A	BL	18	111	1	2	BA1652	22450	7	0	0	0	0	0	0	0	1	0	0
A	BL	18	111	1	2	BA1652	22457	7	8	2	0	1	0	0	0	0	0	0
A	BL	18	111	1	2	BA1652	22467	8	7	0	0	0	0	0	0	0	0	0
A	BL	18	111	1	2	BA1652	22472	7	0	0	0	0	0	0	0	1	0	0
A	BL	18	111	1	2	BA1652	22476	7	8	2	0	1	0	0	0	0	0	0
A	BL	18	111	1	2	BA1652	22478	8	0	0	0	0	0	0	0	1	0	0
A	BL	18	111	1	2	BA1652	22486	8	7	0	0	0	0	0	0	0	0	0
A	BL	18	111	1	2	BA1652	22496	7	8	2	0	1	0	0	0	0	0	0
A	BL	18	111	1	2	BA1652	22498	8	0	0	0	0	0	0	0	1	0	0
A	BL	18	111	1	2	BA1652	22506	8	7	0	0	0	0	0	0	0	0	0
A	BL	18	111	1	2	BA1652	22545	7	8	2	0	1	0	0	0	0	0	0
A	BL	18	111	1	2	BA1652	22555	8	9	0	0	0	0	0	0	0	0	0
A	BL	18	111	1	2	BA1652	22565	9	10	0	0	0	0	0	0	0	0	0
A	BL	18	111	1	2	BA1652	22581	10	0	0	0	0	0	0	0	1	0	0
A	BL	18	111	1	2	BA1652	22640	10	2	0	0	0	0	0	0	0	0	0
A	BL	18	111	1	2	BA1652	22641	2	3	0	0	0	0	0	0	0	0	0
A	BL	18	111	1	2	BA1652	22704	3	5	1	1	0	0	0	0	0	0	0
A	BL	18	111	1	2	BA1652	22714	5	4	0	0	0	0	0	0	0	0	0
A	BL	18	111	1	2	BA1652	22717	4	0	0	0	0	0	0	1	0	0	0
A	BL	18	111	1	2	BA1652	22719	4	5	1	1	0	0	0	0	0	0	0
A	BL	18	111	1	2	BA1652	22721	5	0	0	0	0	0	0	1	0	0	0
A	BL	18	111	1	2	BA1652	22723	5	0	0	1	0	0	0	0	0	0	0
A	BL	18	111	1	2	BA1652	22729	5	4	0	1	0	0	0	1	0	0	0
A	BL	18	111	1	2	BA1652	22742	4	0	0	0	0	0	0	1	0	0	0
A	BL	18	111	1	2	BA1652	22756	4	5	1	1	0	0	0	0	0	0	0
A	BL	18	111	1	2	BA1652	22766	5	4	0	0	0	0	0	0	0	0	0
A	BL	18	111	1	2	BA1652	22767	4	0	0	0	0	0	0	1	0	0	0
A	BL	18	111	1	2	BA1652	22781	4	5	1	1	0	0	0	0	0	0	0
A	BL	18	111	1	2	BA1652	22791	5	4	0	0	0	0	0	0	0	0	0
A	BL	18	111	1	2	BA1652	22796	4	0	0	0	0	0	0	1	0	0	0
A	BL	18	111	1	2	BA1652	22838	4	5	1	1	0	0	0	0	0	0	0
A	BL	18	111	1	2	BA1652	22848	5	9	0	0	0	0	0	0	0	0	0
A	BL	18	111	1	2	BA1652	22854	9	0	0	0	0	0	0	1	0	0	0
A	BL	18	111	1	2	BA1652	22858	9	10	0	0	0	0	0	0	0	0	0
A	BL	18	111	1	2	BA1652	22933	10	2	0	0	0	0	0	0	0	0	0
A	BL	18	111	1	2	BA1652	22934	2	6	0	0	0	0	0	0	0	0	0
A	BL	18	111	1	2	BA1652	23240	6	8	2	0	1	0	0	0	0	0	0
A	BL	18	111	1	2	BA1652	23250	8	7	0	0	0	0	0	0	0	0	0
A	BL	18	111	1	2	BA1652	23252	7	0	0	0	0	0	0	0	1	0	0
A	BL	18	111	1	2	BA1652	23373	7	8	2	0	1	0	0	0	0	0	0
A	BL	18	111	1	2	BA1652	23374	8	0	0	0	0	0	0	0	1	0	0
A	BL	18	111	1	2	BA1652	23383	8	7	0	0	0	0	0	0	0	0	0
A	BL	18	111	1	2	BA1652	23387	7	8	2	0	1	0	0	0	0	0	0
A	BL	18	111	1	2	BA1652	23390	8	0	0	0	0	0	0	0	1	0	0
A	BL	18	111	1	2	BA1652	23397	8	7	0	0	0	0	0	0	0	0	0
A	BL	18	111	1	2	BA1652	23400	7	8	2	0	1	0	0	0	0	0	0
A	BL	18	111	1	2	BA1652	23410	8	7	0	0	0	0	0	0	0	0	0
A	BL	18	111	1	2	BA1652	23416	7	0	0	0	0	0	0	0	1	0	0
A	BL	18	111	1	2	BA1652	23507	7	8	2	0	1	0	0	0	0	0	0
A	BL	18	111	1	2	BA1652	23508	8	0	0	0	0	0	0	0	1	0	0
A	BL	18	111	1	2	BA1652	23517	8	7	0	0	0	0	0	0	0	0	0
A	BL	18	111	1	2	BA1652	23663	7	8	2	0	1	0	0	0	0	0	0
A	BL	18	111	1	2	BA1652	23673	8	7	0	0	0	0	0	0	0	0	0
A	BL	18	111	1	2	BA1652	23679	7	0	0	0	0	0	0	0	1	0	0
A	BL	18	111	1	2	BA1652	23701	7	8	2	0	1	0	0	0	0	0	0
A	BL	18	111	1	2	BA1652	23705	8	0	0	0	0	0	0	0	1	0	0
A	BL	18	111	1	2	BA1652	23711	8	7	0	0	0	0	0	0	0	0	0
A	BL	18	111	1	2	BA1652	23715	7	8	2	0	1	0	0	0	0	0	0
A	BL	18	111	1	2	BA1652	23717	8	0	0	0	0	0	0	0	1	0	0
A	BL	18	111	1	2	BA1652	23725	8	7	0	0	0	0	0	0	0	0	0
A	BL	18	111	1	2	BA1652	23756	7	8	2	0	1	0	0	0	0	0	0
A	BL	18	111	1	2	BA1652	23759	8	0	0	0	0	0	0	0	1	0	0
A	BL	18	111	1	2	BA1652	23766	8	7	0	0	0	0	0	0	0	0	0
A	BL	18	111	1	2	BA1652	23772	7	8	2	0	1	0	0	0	0	0	0
A	BL	18	111	1	2	BA1652	23775	8	0	0	0	0	0	0	0	1	0	0
A	BL	18	111	1	2	BA1652	23782	8	7	0	0	0	0	0	0	0	0	0
A	BL	18	111	1	2	BA1652	23836	7	8	2	0	1	0	0	0	0	0	0
A	BL	18	111	1	2	BA1652	23846	8	7	0	0	0	0	0	0	0	0	0
A	BL	18	111	1	2	BA1652	23858	7	0	0	0	0	0	0	0	1	0	0
A	BL	18	111	1	2	BA1652	23863	7	8	2	0	1	0	0	0	0	0	0
A	BL	18	111	1	2	BA1652	23873	8	7	0	0	0	0	0	0	0	0	0
A	BL	18	111	1	2	BA1652	23908	7	0	0	0	0	0	0	0	1	0	0
A	BL	18	111	1	2	BA1652	23914	7	8	2	0	1	0	0	0	0	0	0
A	BL	18	111	1	2	BA1652	23917	8	0	0	0	0	0	0	0	1	0	0
A	BL	18	111	1	2	BA1652	23924	8	7	0	0	0	0	0	0	0	0	0
A	BL	18	111	1	2	BA1652	23934	7	8	2	0	1	0	0	0	0	0	0
A	BL	18	111	1	2	BA1652	23937	8	0	0	0	0	0	0	0	1	0	0
A	BL	18	111	1	2	BA1652	23942	8	0	0	0	1	0	0	0	0	0	0
A	BL	18	111	1	2	BA1652	23944	8	7	0	0	0	0	0	0	0	0	0
A	BL	18	111	1	2	BA1652	23945	7	0	0	0	0	0	0	0	1	0	0
A	BL	18	111	1	2	BA1652	23947	7	8	2	0	1	0	0	0	0	0	0
A	BL	18	111	1	2	BA1652	23957	8	7	0	0	0	0	0	0	0	0	0
A	BL	18	111	1	2	BA1652	23964	7	0	0	0	0	0	0	0	1	0	0
A	BL	18	111	1	2	BA1652	23966	7	8	2	0	1	0	0	0	0	0	0
A	BL	18	111	1	2	BA1652	23970	8	0	0	0	0	0	0	0	1	0	0
A	BL	18	111	1	2	BA1652	23976	8	7	0	0	0	0	0	0	0	0	0
A	BL	18	111	1	2	BA1652	23987	7	8	2	0	1	0	0	0	0	0	0
A	BL	18	111	1	2	BA1652	23991	8	0	0	0	0	0	0	0	1	0	0
A	BL	18	111	1	2	BA1652	23993	8	0	0	0	1	0	0	0	0	0	0
A	BL	18	111	1	2	BA1652	23997	8	7	0	0	0	0	0	0	1	0	0
A	BL	18	111	1	2	BA1652	23998	7	8	2	0	1	0	0	0	0	0	0
A	BL	18	111	1	2	BA1652	24004	8	0	0	0	0	0	0	0	1	0	0
A	BL	18	111	1	2	BA1652	24008	8	7	0	0	0	0	0	0	0	0	0
A	BL	18	111	1	2	BA1652	24091	7	8	2	0	1	0	0	0	0	0	0
A	BL	18	111	1	2	BA1652	24101	8	7	0	0	0	0	0	0	0	0	0
A	BL	18	111	1	2	BA1652	24121	7	0	0	0	0	0	0	0	1	0	0
A	BL	18	111	1	2	BA1652	24124	7	8	2	0	1	0	0	0	0	0	0
A	BL	18	111	1	2	BA1652	24134	8	9	0	0	0	0	0	0	0	0	0
A	BL	18	111	1	2	BA1652	24144	9	10	0	0	0	0	0	0	0	0	0
A	BL	18	111	1	2	BA1652	24153	10	0	0	0	0	0	0	0	1	0	0
A	BL	18	111	1	2	BA1652	24219	10	2	0	0	0	0	0	0	0	0	0
A	BL	18	111	1	2	BA1652	24220	2	6	0	0	0	0	0	0	0	0	0
A	BL	18	111	1	2	BA1652	24442	6	8	2	0	1	0	0	0	0	0	0
A	BL	18	111	1	2	BA1652	24446	8	0	0	0	0	0	0	0	1	0	0
A	BL	18	111	1	2	BA1652	24452	8	7	0	0	0	0	0	0	0	0	0
A	BL	18	111	1	2	BA1652	24459	7	8	2	0	1	0	0	0	0	0	0
A	BL	18	111	1	2	BA1652	24469	8	7	0	0	0	0	0	0	1	0	0
A	BL	18	111	1	2	BA1652	24479	7	8	2	0	1	0	0	0	0	0	0
A	BL	18	111	1	2	BA1652	24482	8	0	0	0	0	0	0	0	1	0	0
A	BL	18	111	1	2	BA1652	24489	8	7	0	0	0	0	0	0	0	0	0
A	BL	18	111	1	2	BA1652	24525	7	8	2	0	1	0	0	0	0	0	0
A	BL	18	111	1	2	BA1652	24535	8	7	0	0	0	0	0	0	1	0	0
A	BL	18	111	1	2	BA1652	24556	7	8	2	0	1	0	0	0	0	0	0
A	BL	18	111	1	2	BA1652	24566	8	7	0	0	0	0	0	0	1	0	0
A	BL	18	111	1	2	BA1652	24591	7	8	2	0	1	0	0	0	0	0	0
A	BL	18	111	1	2	BA1652	24593	8	0	0	0	0	0	0	0	1	0	0
A	BL	18	111	1	2	BA1652	24594	8	0	0	0	1	0	0	0	0	0	0
A	BL	18	111	1	2	BA1652	24596	8	0	0	0	0	0	0	0	1	0	0
A	BL	18	111	1	2	BA1652	24601	8	7	0	0	1	0	0	0	0	0	0
A	BL	18	111	1	2	BA1652	24604	7	0	0	0	0	0	0	0	1	0	0
A	BL	18	111	1	2	BA1652	24605	7	8	2	0	1	0	0	0	0	0	0
A	BL	18	111	1	2	BA1652	24609	8	0	0	0	0	0	0	0	1	0	0
A	BL	18	111	1	2	BA1652	24615	8	7	0	0	0	0	0	0	0	0	0
A	BL	18	111	1	2	BA1652	24663	7	8	2	0	1	0	0	0	0	0	0
A	BL	18	111	1	2	BA1652	24672	8	0	0	0	0	0	0	0	1	0	0
A	BL	18	111	1	2	BA1652	24673	8	7	0	0	0	0	0	0	0	0	0
A	BL	18	111	1	2	BA1652	24701	7	8	2	0	1	0	0	0	0	0	0
A	BL	18	111	1	2	BA1652	24711	8	7	0	0	0	0	0	0	0	0	0
A	BL	18	111	1	2	BA1652	24712	7	0	0	0	0	0	0	0	1	0	0
A	BL	18	111	1	2	BA1652	24713	7	8	2	0	1	0	0	0	0	0	0
A	BL	18	111	1	2	BA1652	24720	8	0	0	0	0	0	0	0	1	0	0
A	BL	18	111	1	2	BA1652	24723	8	7	0	0	1	0	0	0	0	0	0
A	BL	18	111	1	2	BA1652	24728	7	0	0	0	0	0	0	0	1	0	0
A	BL	18	111	1	2	BA1652	24733	7	8	2	0	1	0	0	0	0	0	0
A	BL	18	111	1	2	BA1652	24742	8	0	0	0	0	0	0	0	1	0	0
A	BL	18	111	1	2	BA1652	24743	8	7	0	0	0	0	0	0	0	0	0
A	BL	18	111	1	2	BA1652	24747	7	8	2	0	1	0	0	0	0	0	0
A	BL	18	111	1	2	BA1652	24757	8	7	0	0	0	0	0	0	0	0	0
A	BL	18	111	1	2	BA1652	24763	7	0	0	0	0	0	0	0	1	0	0
A	BL	18	111	1	2	BA1652	24787	7	8	2	0	1	0	0	0	0	0	0
A	BL	18	111	1	2	BA1652	24797	8	7	0	0	0	0	0	0	0	0	0
A	BL	18	111	1	2	BA1652	24804	7	0	0	0	0	0	0	0	1	0	0
A	BL	18	111	1	2	BA1652	24840	7	8	2	0	1	0	0	0	0	0	0
A	BL	18	111	1	2	BA1652	24847	8	0	0	0	0	0	0	0	1	0	0
A	BL	18	111	1	2	BA1652	24849	8	0	0	0	1	0	0	0	0	0	0
A	BL	18	111	1	2	BA1652	24850	8	7	0	0	0	0	0	0	0	0	0
A	BL	18	111	1	2	BA1652	24864	7	0	0	0	0	0	0	0	1	0	0
A	BL	18	111	1	2	BA1652	24867	7	8	2	0	1	0	0	0	0	0	0
A	BL	18	111	1	2	BA1652	24875	8	0	0	0	0	0	0	0	1	0	0
A	BL	18	111	1	2	BA1652	24877	8	7	0	0	0	0	0	0	0	0	0
A	BL	18	111	1	2	BA1652	24880	7	8	2	0	1	0	0	0	0	0	0
A	BL	18	111	1	2	BA1652	24890	8	7	0	0	0	0	0	0	0	0	0
A	BL	18	111	1	2	BA1652	24911	7	0	0	0	0	0	0	0	1	0	0
A	BL	18	111	1	2	BA1652	25139	7	8	2	0	1	0	0	0	0	0	0
A	BL	18	111	1	2	BA1652	25149	8	7	0	0	0	0	0	0	0	0	0
A	BL	18	111	1	2	BA1652	25164	7	0	0	0	0	0	0	0	1	0	0
A	BL	18	111	1	2	BA1652	25167	7	8	2	0	1	0	0	0	0	0	0
A	BL	18	111	1	2	BA1652	25177	8	7	0	0	0	0	0	0	0	0	0
A	BL	18	111	1	2	BA1652	25214	7	0	0	0	0	0	0	0	1	0	0
A	BL	18	111	1	2	BA1652	25221	7	8	2	0	1	0	0	0	0	0	0
A	BL	18	111	1	2	BA1652	25223	8	0	0	0	0	0	0	0	1	0	0
A	BL	18	111	1	2	BA1652	25228	8	0	0	0	1	0	0	0	0	0	0
A	BL	18	111	1	2	BA1652	25231	8	7	0	0	0	0	0	0	0	0	0
A	BL	18	111	1	2	BA1652	25236	7	0	0	0	0	0	0	0	1	0	0
A	BL	18	111	1	2	BA1652	25263	7	8	2	0	1	0	0	0	0	0	0
A	BL	18	111	1	2	BA1652	25269	8	0	0	0	0	0	0	0	1	0	0
A	BL	18	111	1	2	BA1652	25273	8	9	0	0	0	0	0	0	0	0	0
A	BL	18	111	1	2	BA1652	25275	9	0	0	0	1	0	0	0	0	0	0
A	BL	18	111	1	2	BA1652	25277	9	0	0	0	0	0	0	0	1	0	0
A	BL	18	111	1	2	BA1652	25283	9	10	0	0	0	0	0	0	0	0	0
A	BL	18	111	1	2	BA1652	25358	10	2	0	0	0	0	0	0	0	0	0
A	BL	18	111	1	2	BA1652	25359	2	3	0	0	0	0	0	0	0	0	0
A	BL	18	111	1	2	BA1652	25414	3	5	1	1	0	0	0	0	0	0	0
A	BL	18	111	1	2	BA1652	25417	5	0	0	0	0	0	0	1	0	0	0
A	BL	18	111	1	2	BA1652	25420	5	0	0	1	0	0	0	0	0	0	0
A	BL	18	111	1	2	BA1652	25424	5	4	0	0	0	0	0	0	0	0	0
A	BL	18	111	1	2	BA1652	25441	4	0	0	0	0	0	0	1	0	0	0
A	BL	18	111	1	2	BA1652	25446	4	5	1	1	0	0	0	0	0	0	0
A	BL	18	111	1	2	BA1652	25453	5	0	0	0	0	0	0	1	0	0	0
A	BL	18	111	1	2	BA1652	25456	5	4	0	1	0	0	0	0	0	0	0
A	BL	18	111	1	2	BA1652	25469	4	0	0	0	0	0	0	1	0	0	0
A	BL	18	111	1	2	BA1652	25478	4	5	1	1	0	0	0	0	0	0	0
A	BL	18	111	1	2	BA1652	25488	5	4	0	0	0	0	0	0	0	0	0
A	BL	18	111	1	2	BA1652	25504	4	0	0	0	0	0	0	1	0	0	0
A	BL	18	111	1	2	BA1652	25510	4	5	1	1	0	0	0	0	0	0	0
A	BL	18	111	1	2	BA1652	25520	5	4	0	0	0	0	0	0	0	0	0
A	BL	18	111	1	2	BA1652	25531	4	0	0	0	0	0	0	1	0	0	0
A	BL	18	111	1	2	BA1652	25542	4	5	1	1	0	0	0	0	0	0	0
A	BL	18	111	1	2	BA1652	25544	5	0	0	0	0	0	0	1	0	0	0
A	BL	18	111	1	2	BA1652	25552	5	9	0	0	0	0	0	0	0	0	0
A	BL	18	111	1	2	BA1652	25553	9	0	0	1	0	0	0	0	0	0	0
A	BL	18	111	1	2	BA1652	25561	9	0	0	0	0	0	0	1	0	0	0
A	BL	18	111	1	2	BA1652	25562	9	10	0	0	0	0	0	0	0	0	0
A	BL	18	111	1	2	BA1652	25637	10	2	0	0	0	0	0	0	0	0	0
A	BL	18	111	1	2	BA1652	25638	2	3	0	0	0	0	0	0	0	0	0
A	BL	18	111	1	2	BA1652	25685	3	5	1	1	0	0	0	0	0	0	0
A	BL	18	111	1	2	BA1652	25695	5	4	0	0	0	0	0	0	0	0	0
A	BL	18	111	1	2	BA1652	25702	4	0	0	0	0	0	0	1	0	0	0
A	BL	18	111	1	2	BA1652	25706	4	5	1	1	0	0	0	0	0	0	0
A	BL	18	111	1	2	BA1652	25716	5	4	0	0	0	0	0	0	0	0	0
A	BL	18	111	1	2	BA1652	25721	4	0	0	0	0	0	0	1	0	0	0
A	BL	18	111	1	2	BA1652	25724	4	5	1	1	0	0	0	0	0	0	0
A	BL	18	111	1	2	BA1652	25734	5	4	0	0	0	0	0	0	0	0	0
A	BL	18	111	1	2	BA1652	25735	4	0	0	0	0	0	0	1	0	0	0
A	BL	18	111	1	2	BA1652	25738	4	5	1	1	0	0	0	0	0	0	0
A	BL	18	111	1	2	BA1652	25748	5	4	0	0	0	0	0	0	0	0	0
A	BL	18	111	1	2	BA1652	25759	4	0	0	0	0	0	0	1	0	0	0
A	BL	18	111	1	2	BA1652	25763	4	5	1	1	0	0	0	0	0	0	0
A	BL	18	111	1	2	BA1652	25773	5	9	0	0	0	0	0	0	0	0	0
A	BL	18	111	1	2	BA1652	25783	9	10	0	0	0	0	0	0	0	0	0
A	BL	18	111	1	2	BA1652	25785	10	0	0	0	0	0	0	1	0	0	0
A	BL	18	111	1	2	BA1652	25858	10	2	0	0	0	0	0	0	0	0	0
A	BL	18	111	1	2	BA1652	25859	2	6	0	0	0	0	0	0	0	0	0
A	BL	18	111	1	2	BA1652	28281	6	8	2	0	1	0	0	0	0	0	0
A	BL	18	111	1	2	BA1652	28289	8	0	0	0	0	0	0	0	1	0	0
A	BL	18	111	1	2	BA1652	28291	8	7	0	0	0	0	0	0	0	0	0
A	BL	18	111	1	2	BA1652	28382	7	8	2	0	1	0	0	0	0	0	0
A	BL	18	111	1	2	BA1652	28387	8	0	0	0	0	0	0	0	1	0	0
A	BL	18	111	1	2	BA1652	28390	8	0	0	0	1	0	0	0	0	0	0
A	BL	18	111	1	2	BA1652	28392	8	7	0	0	0	0	0	0	0	0	0
A	BL	18	111	1	2	BA1652	28407	7	0	0	0	0	0	0	0	1	0	0
A	BL	18	111	1	2	BA1652	28508	7	8	2	0	1	0	0	0	0	0	0
A	BL	18	111	1	2	BA1652	28515	8	0	0	0	0	0	0	0	1	0	0
A	BL	18	111	1	2	BA1652	28518	8	7	0	0	0	0	0	0	0	0	0
A	BL	18	111	1	2	BA1652	28603	7	8	2	0	1	0	0	0	0	0	0
A	BL	18	111	1	2	BA1652	28607	8	0	0	0	0	0	0	0	1	0	0
A	BL	18	111	1	2	BA1652	28609	8	0	0	0	1	0	0	0	0	0	0
A	BL	18	111	1	2	BA1652	28613	8	7	0	0	0	0	0	0	0	0	0
A	BL	18	111	1	2	BA1652	28623	7	0	0	0	0	0	0	0	1	0	0
A	BL	18	111	1	2	BA1652	28709	7	8	2	0	1	0	0	0	0	0	0
A	BL	18	111	1	2	BA1652	28714	8	0	0	0	0	0	0	0	1	0	0
A	BL	18	111	1	2	BA1652	28716	8	0	0	0	1	0	0	0	0	0	0
A	BL	18	111	1	2	BA1652	28719	8	7	0	0	0	0	0	0	0	0	0
A	BL	18	111	1	2	BA1652	28724	7	0	0	0	0	0	0	0	1	0	0
A	BL	18	111	1	2	BA1652	28725	7	8	2	0	1	0	0	0	0	0	0
A	BL	18	111	1	2	BA1652	28733	8	0	0	0	0	0	0	0	1	0	0
A	BL	18	111	1	2	BA1652	28734	8	0	0	0	1	0	0	0	0	0	0
A	BL	18	111	1	2	BA1652	28735	8	7	0	0	0	0	0	0	0	0	0
A	BL	18	111	1	2	BA1652	28749	7	0	0	0	0	0	0	0	1	0	0
A	BL	18	111	1	2	BA1652	28754	7	8	2	0	1	0	0	0	0	0	0
A	BL	18	111	1	2	BA1652	28764	8	7	0	0	0	0	0	0	0	0	0
A	BL	18	111	1	2	BA1652	28771	7	0	0	0	0	0	0	0	1	0	0
A	BL	18	111	1	2	BA1652	28772	7	8	2	0	1	0	0	0	0	0	0
A	BL	18	111	1	2	BA1652	28773	8	0	0	0	0	0	0	0	1	0	0
A	BL	18	111	1	2	BA1652	28782	8	7	0	0	0	0	0	0	0	0	0
A	BL	18	111	1	2	BA1652	28845	7	8	2	0	1	0	0	0	0	0	0
A	BL	18	111	1	2	BA1652	28853	8	0	0	0	0	0	0	0	1	0	0
A	BL	18	111	1	2	BA1652	28855	8	7	0	0	0	0	0	0	0	0	0
A	BL	18	111	1	2	BA1652	28886	7	8	2	0	1	0	0	0	0	0	0
A	BL	18	111	1	2	BA1652	28896	8	7	0	0	0	0	0	0	0	0	0
A	BL	18	111	1	2	BA1652	28909	7	0	0	0	0	0	0	0	1	0	0
A	BL	18	111	1	2	BA1652	28914	7	8	2	0	1	0	0	0	0	0	0
A	BL	18	111	1	2	BA1652	28920	8	0	0	0	0	0	0	0	1	0	0
A	BL	18	111	1	2	BA1652	28923	8	0	0	0	1	0	0	0	0	0	0
A	BL	18	111	1	2	BA1652	28924	8	7	0	0	0	0	0	0	0	0	0
A	BL	18	111	1	2	BA1652	28929	7	0	0	0	0	0	0	0	1	0	0
A	BL	18	111	1	2	BA1652	28932	7	8	2	0	1	0	0	0	0	0	0
A	BL	18	111	1	2	BA1652	28942	8	7	0	0	0	0	0	0	0	0	0
A	BL	18	111	1	2	BA1652	28944	7	0	0	0	0	0	0	0	1	0	0
A	BL	18	111	1	2	BA1652	28959	7	8	2	0	1	0	0	0	0	0	0
A	BL	18	111	1	2	BA1652	28967	8	0	0	0	0	0	0	0	1	0	0
A	BL	18	111	1	2	BA1652	28969	8	7	0	0	0	0	0	0	0	0	0
A	BL	18	111	1	2	BA1652	28980	7	8	2	0	1	0	0	0	0	0	0
A	BL	18	111	1	2	BA1652	28982	8	0	0	0	0	0	0	0	1	0	0
A	BL	18	111	1	2	BA1652	28990	8	7	0	0	0	0	0	0	0	0	0
A	BL	18	111	1	2	BA1652	28997	7	8	2	0	1	0	0	0	0	0	0
A	BL	18	111	1	2	BA1652	29001	8	0	0	0	0	0	0	0	1	0	0
A	BL	18	111	1	2	BA1652	29003	8	0	0	0	1	0	0	0	0	0	0
A	BL	18	111	1	2	BA1652	29007	8	7	0	0	0	0	0	0	0	0	0
A	BL	18	111	1	2	BA1652	29008	7	0	0	0	0	0	0	0	1	0	0
A	BL	18	111	1	2	BA1652	29010	7	8	2	0	1	0	0	0	0	0	0
A	BL	18	111	1	2	BA1652	29014	8	0	0	0	0	0	0	0	1	0	0
A	BL	18	111	1	2	BA1652	29020	8	7	0	0	0	0	0	0	0	0	0
A	BL	18	111	1	2	BA1652	29077	7	8	2	0	1	0	0	0	0	0	0
A	BL	18	111	1	2	BA1652	29087	8	7	0	0	0	0	0	0	0	0	0
A	BL	18	111	1	2	BA1652	29096	7	0	0	0	0	0	0	0	1	0	0
A	BL	18	111	1	2	BA1652	29099	7	8	2	0	1	0	0	0	0	0	0
A	BL	18	111	1	2	BA1652	29109	8	7	0	0	0	0	0	0	1	0	0
A	BL	18	111	1	2	BA1652	29113	7	8	2	0	1	0	0	0	0	0	0
A	BL	18	111	1	2	BA1652	29118	8	0	0	0	0	0	0	0	1	0	0
A	BL	18	111	1	2	BA1652	29121	8	0	0	0	1	0	0	0	0	0	0
A	BL	18	111	1	2	BA1652	29123	8	7	0	0	0	0	0	0	0	0	0
A	BL	18	111	1	2	BA1652	29128	7	0	0	0	0	0	0	0	1	0	0
A	BL	18	111	1	2	BA1652	29132	7	8	2	0	1	0	0	0	0	0	0
A	BL	18	111	1	2	BA1652	29142	8	9	0	0	0	0	0	0	0	0	0
A	BL	18	111	1	2	BA1652	29152	9	10	0	0	0	0	0	0	0	0	0
A	BL	18	111	1	2	BA1652	29168	10	0	0	0	0	0	0	0	1	0	0
A	BL	18	111	1	2	BA1652	29227	10	2	0	0	0	0	0	0	0	0	0
A	BL	18	111	1	2	BA1652	29228	2	3	0	0	0	0	0	0	0	0	0
A	BL	18	111	1	2	BA1652	29309	3	5	1	1	0	0	0	0	0	0	0
A	BL	18	111	1	2	BA1652	29319	5	4	0	0	0	0	0	1	0	0	0
A	BL	18	111	1	2	BA1652	29325	4	5	1	1	0	0	0	0	0	0	0
A	BL	18	111	1	2	BA1652	29329	5	0	0	0	0	0	0	1	0	0	0
A	BL	18	111	1	2	BA1652	29333	5	0	0	1	0	0	0	0	0	0	0
A	BL	18	111	1	2	BA1652	29335	5	4	0	0	0	0	0	0	0	0	0
A	BL	18	111	1	2	BA1652	29336	4	0	0	0	0	0	0	1	0	0	0
A	BL	18	111	1	2	BA1652	29339	4	5	1	1	0	0	0	0	0	0	0
A	BL	18	111	1	2	BA1652	29346	5	0	0	0	0	0	0	1	0	0	0
A	BL	18	111	1	2	BA1652	29349	5	4	0	0	0	0	0	0	0	0	0
A	BL	18	111	1	2	BA1652	29359	4	5	1	1	0	0	0	0	0	0	0
A	BL	18	111	1	2	BA1652	29369	5	4	0	0	0	0	0	0	0	0	0
A	BL	18	111	1	2	BA1652	29370	4	0	0	0	0	0	0	1	0	0	0
A	BL	18	111	1	2	BA1652	29392	4	5	1	1	0	0	0	0	0	0	0
A	BL	18	111	1	2	BA1652	29402	5	9	0	0	0	0	0	0	0	0	0
A	BL	18	111	1	2	BA1652	29403	9	0	0	0	0	0	0	1	0	0	0
A	BL	18	111	1	2	BA1652	29407	9	0	0	1	0	0	0	0	0	0	0
A	BL	18	111	1	2	BA1652	29412	9	10	0	0	0	0	0	0	0	0	0
A	BL	18	111	1	2	BA1652	29413	10	0	0	1	0	0	0	1	0	0	0
A	BL	18	111	1	2	BA1652	29417	10	0	0	0	0	0	0	1	0	0	0
A	BL	18	111	1	2	BA1652	29487	10	2	0	0	0	0	0	0	0	0	0
A	BL	18	111	1	2	BA1652	29488	2	6	0	0	0	0	0	0	0	0	0
A	BL	18	111	1	2	BA1652	30355	6	8	2	0	1	0	0	0	0	0	0
A	BL	18	111	1	2	BA1652	30365	8	7	0	0	0	0	0	0	0	0	0
A	BL	18	111	1	2	BA1652	30386	7	0	0	0	0	0	0	0	1	0	0
A	BL	18	111	1	2	BA1652	30448	7	8	2	0	1	0	0	0	0	0	0
A	BL	18	111	1	2	BA1652	30458	8	7	0	0	0	0	0	0	0	0	0
A	BL	18	111	1	2	BA1652	30460	7	0	0	0	0	0	0	0	1	0	0
A	BL	18	111	1	2	BA1652	30463	7	8	2	0	1	0	0	0	0	0	0
A	BL	18	111	1	2	BA1652	30470	8	0	0	0	0	0	0	0	1	0	0
A	BL	18	111	1	2	BA1652	30473	8	7	0	0	0	0	0	0	0	0	0
A	BL	18	111	1	2	BA1652	30483	7	8	2	0	1	0	0	0	0	0	0
A	BL	18	111	1	2	BA1652	30493	8	7	0	0	0	0	0	0	0	0	0
A	BL	18	111	1	2	BA1652	30501	7	0	0	0	0	0	0	0	1	0	0
A	BL	18	111	1	2	BA1652	30522	7	8	2	0	1	0	0	0	0	0	0
A	BL	18	111	1	2	BA1652	30532	8	7	0	0	0	0	0	0	0	0	0
A	BL	18	111	1	2	BA1652	30547	7	0	0	0	0	0	0	0	1	0	0
A	BL	18	111	1	2	BA1652	30553	7	8	2	0	1	0	0	0	0	0	0
A	BL	18	111	1	2	BA1652	30560	8	0	0	0	0	0	0	0	1	0	0
A	BL	18	111	1	2	BA1652	30563	8	7	0	0	0	0	0	0	0	0	0
A	BL	18	111	1	2	BA1652	30615	7	8	2	0	1	0	0	0	0	0	0
A	BL	18	111	1	2	BA1652	30619	8	0	0	0	0	0	0	0	1	0	0
A	BL	18	111	1	2	BA1652	30625	8	7	0	0	0	0	0	0	0	0	0
A	BL	18	111	1	2	BA1652	30628	7	8	2	0	1	0	0	0	0	0	0
A	BL	18	111	1	2	BA1652	30632	8	0	0	0	0	0	0	0	1	0	0
A	BL	18	111	1	2	BA1652	30638	8	7	0	0	0	0	0	0	0	0	0
A	BL	18	111	1	2	BA1652	30641	7	8	2	0	1	0	0	0	0	0	0
A	BL	18	111	1	2	BA1652	30651	8	7	0	0	0	0	0	0	1	0	0
A	BL	18	111	1	2	BA1652	30653	7	8	2	0	1	0	0	0	0	0	0
A	BL	18	111	1	2	BA1652	30663	8	7	0	0	0	0	0	0	0	0	0
A	BL	18	111	1	2	BA1652	30664	7	0	0	0	0	0	0	0	1	0	0
A	BL	18	111	1	2	BA1652	30666	7	8	2	0	1	0	0	0	0	0	0
A	BL	18	111	1	2	BA1652	30673	8	0	0	0	0	0	0	0	1	0	0
A	BL	18	111	1	2	BA1652	30676	8	7	0	0	0	0	0	0	0	0	0
A	BL	18	111	1	2	BA1652	30687	7	8	2	0	1	0	0	0	0	0	0
A	BL	18	111	1	2	BA1652	30697	8	7	0	0	0	0	0	0	0	0	0
A	BL	18	111	1	2	BA1652	30699	7	0	0	0	0	0	0	0	1	0	0
A	BL	18	111	1	2	BA1652	30704	7	8	2	0	1	0	0	0	0	0	0
A	BL	18	111	1	2	BA1652	30714	8	7	0	0	0	0	0	0	0	0	0
A	BL	18	111	1	2	BA1652	30724	7	0	0	0	0	0	0	0	1	0	0
A	BL	18	111	1	2	BA1652	30804	7	8	2	0	1	0	0	0	0	0	0
A	BL	18	111	1	2	BA1652	30808	8	0	0	0	0	0	0	0	1	0	0
A	BL	18	111	1	2	BA1652	30814	8	7	0	0	0	0	0	0	0	0	0
A	BL	18	111	1	2	BA1652	30815	7	8	2	0	1	0	0	0	0	0	0
A	BL	18	111	1	2	BA1652	30816	8	0	0	0	0	0	0	0	1	0	0
A	BL	18	111	1	2	BA1652	30825	8	7	0	0	0	0	0	0	0	0	0
A	BL	18	111	1	2	BA1652	30830	7	8	2	0	1	0	0	0	0	0	0
A	BL	18	111	1	2	BA1652	30833	8	0	0	0	0	0	0	0	1	0	0
A	BL	18	111	1	2	BA1652	30837	8	0	0	0	1	0	0	0	0	0	0
A	BL	18	111	1	2	BA1652	30840	8	7	0	0	0	0	0	0	0	0	0
A	BL	18	111	1	2	BA1652	30843	7	0	0	0	0	0	0	0	1	0	0
A	BL	18	111	1	2	BA1652	30845	7	8	2	0	1	0	0	0	0	0	0
A	BL	18	111	1	2	BA1652	30851	8	0	0	0	0	0	0	0	1	0	0
A	BL	18	111	1	2	BA1652	30855	8	7	0	0	0	0	0	0	0	0	0
A	BL	18	111	1	2	BA1652	30911	7	8	2	0	1	0	0	0	0	0	0
A	BL	18	111	1	2	BA1652	30921	8	7	0	0	0	0	0	0	0	0	0
A	BL	18	111	1	2	BA1652	30935	7	0	0	0	0	0	0	0	1	0	0
A	BL	18	111	1	2	BA1652	30938	7	8	2	0	1	0	0	0	0	0	0
A	BL	18	111	1	2	BA1652	30944	8	0	0	0	0	0	0	0	1	0	0
A	BL	18	111	1	2	BA1652	30948	8	7	0	0	0	0	0	0	0	0	0
A	BL	18	111	1	2	BA1652	30950	7	8	2	0	1	0	0	0	0	0	0
A	BL	18	111	1	2	BA1652	30956	8	0	0	0	0	0	0	0	1	0	0
A	BL	18	111	1	2	BA1652	30960	8	9	0	0	1	0	0	0	0	0	0
A	BL	18	111	1	2	BA1652	30970	9	10	0	0	0	0	0	0	0	0	0
A	BL	18	111	1	2	BA1652	30974	10	0	0	0	0	0	0	0	1	0	0
A	BL	18	111	1	2	BA1652	31045	10	2	0	0	0	0	0	0	0	0	0
A	BL	18	111	1	2	BA1652	31046	2	3	0	0	0	0	0	0	0	0	0
A	BL	18	111	1	2	BA1652	31112	3	5	1	1	0	0	0	0	0	0	0
A	BL	18	111	1	2	BA1652	31117	5	0	0	0	0	0	0	1	0	0	0
A	BL	18	111	1	2	BA1652	31120	5	0	0	1	0	0	0	0	0	0	0
A	BL	18	111	1	2	BA1652	31122	5	4	0	0	0	0	0	0	0	0	0
A	BL	18	111	1	2	BA1652	31130	4	5	1	1	0	0	0	1	0	0	0
A	BL	18	111	1	2	BA1652	31135	5	0	0	0	0	0	0	1	0	0	0
A	BL	18	111	1	2	BA1652	31140	5	4	0	0	0	0	0	0	0	0	0
A	BL	18	111	1	2	BA1652	31142	4	5	1	1	0	0	0	0	0	0	0
A	BL	18	111	1	2	BA1652	31149	5	0	0	0	0	0	0	1	0	0	0
A	BL	18	111	1	2	BA1652	31152	5	4	0	0	0	0	0	0	0	0	0
A	BL	18	111	1	2	BA1652	31153	4	5	1	1	0	0	0	0	0	0	0
A	BL	18	111	1	2	BA1652	31163	5	4	0	0	0	0	0	0	0	0	0
A	BL	18	111	1	2	BA1652	31166	4	0	0	0	0	0	0	1	0	0	0
A	BL	18	111	1	2	BA1652	31187	4	5	1	1	0	0	0	0	0	0	0
A	BL	18	111	1	2	BA1652	31197	5	9	0	0	0	0	0	0	0	0	0
A	BL	18	111	1	2	BA1652	31203	9	0	0	0	0	0	0	1	0	0	0
A	BL	18	111	1	2	BA1652	31207	9	10	0	0	0	0	0	0	0	0	0
A	BL	18	111	1	2	BA1652	31282	10	2	0	0	0	0	0	0	0	0	0
A	BL	18	111	1	2	BA1652	31283	2	6	0	0	0	0	0	0	0	0	0
A	BL	18	111	1	2	BA1652	31656	6	8	2	0	1	0	0	0	0	0	0
A	BL	18	111	1	2	BA1652	31659	8	0	0	0	0	0	0	0	1	0	0
A	BL	18	111	1	2	BA1652	31663	8	0	0	0	1	0	0	0	0	0	0
A	BL	18	111	1	2	BA1652	31666	8	7	0	0	0	0	0	0	0	0	0
A	BL	18	111	1	2	BA1652	31667	7	0	0	0	0	0	0	0	1	0	0
A	BL	18	111	1	2	BA1652	31675	7	8	2	0	1	0	0	0	0	0	0
A	BL	18	111	1	2	BA1652	31682	8	0	0	0	0	0	0	0	1	0	0
A	BL	18	111	1	2	BA1652	31685	8	7	0	0	0	0	0	0	0	0	0
A	BL	18	111	1	2	BA1652	31740	7	8	2	0	1	0	0	0	0	0	0
A	BL	18	111	1	2	BA1652	31750	8	7	0	0	0	0	0	0	1	0	0
A	BL	18	111	1	2	BA1652	31754	7	8	2	0	1	0	0	0	0	0	0
A	BL	18	111	1	2	BA1652	31759	8	0	0	0	0	0	0	0	1	0	0
A	BL	18	111	1	2	BA1652	31763	8	0	0	0	1	0	0	0	0	0	0
A	BL	18	111	1	2	BA1652	31764	8	7	0	0	0	0	0	0	0	0	0
A	BL	18	111	1	2	BA1652	31777	7	0	0	0	0	0	0	0	1	0	0
A	BL	18	111	1	2	BA1652	31793	7	8	2	0	1	0	0	0	0	0	0
A	BL	18	111	1	2	BA1652	31800	8	0	0	0	0	0	0	0	1	0	0
A	BL	18	111	1	2	BA1652	31802	8	0	0	0	1	0	0	0	0	0	0
A	BL	18	111	1	2	BA1652	31803	8	7	0	0	0	0	0	0	0	0	0
A	BL	18	111	1	2	BA1652	31805	7	0	0	0	0	0	0	0	1	0	0
A	BL	18	111	1	2	BA1652	31823	7	8	2	0	1	0	0	0	0	0	0
A	BL	18	111	1	2	BA1652	31831	8	0	0	0	0	0	0	0	1	0	0
A	BL	18	111	1	2	BA1652	31833	8	7	0	0	0	0	0	0	0	0	0
A	BL	18	111	1	2	BA1652	31882	7	8	2	0	1	0	0	0	0	0	0
A	BL	18	111	1	2	BA1652	31892	8	7	0	0	0	0	0	0	0	0	0
A	BL	18	111	1	2	BA1652	31895	7	0	0	0	0	0	0	0	1	0	0
A	BL	18	111	1	2	BA1652	31898	7	8	2	0	1	0	0	0	0	0	0
A	BL	18	111	1	2	BA1652	31908	8	7	0	0	0	0	0	0	0	0	0
A	BL	18	111	1	2	BA1652	31910	7	0	0	0	0	0	0	0	1	0	0
A	BL	18	111	1	2	BA1652	31913	7	8	2	0	1	0	0	0	0	0	0
A	BL	18	111	1	2	BA1652	31923	8	7	0	0	0	0	0	0	0	0	0
A	BL	18	111	1	2	BA1652	31930	7	0	0	0	0	0	0	0	1	0	0
A	BL	18	111	1	2	BA1652	31936	7	8	2	0	1	0	0	0	0	0	0
A	BL	18	111	1	2	BA1652	31939	8	0	0	0	0	0	0	0	1	0	0
A	BL	18	111	1	2	BA1652	31942	8	0	0	0	1	0	0	0	0	0	0
A	BL	18	111	1	2	BA1652	31946	8	7	0	0	0	0	0	0	0	0	0
A	BL	18	111	1	2	BA1652	31948	7	0	0	0	0	0	0	0	1	0	0
A	BL	18	111	1	2	BA1652	31951	7	8	2	0	1	0	0	0	0	0	0
A	BL	18	111	1	2	BA1652	31961	8	7	0	0	0	0	0	0	0	0	0
A	BL	18	111	1	2	BA1652	31984	7	0	0	0	0	0	0	0	1	0	0
A	BL	18	111	1	2	BA1652	31999	7	8	2	0	1	0	0	0	0	0	0
A	BL	18	111	1	2	BA1652	32009	8	7	0	0	0	0	0	0	0	0	0
A	BL	18	111	1	2	BA1652	32011	7	0	0	0	0	0	0	0	1	0	0
A	BL	18	111	1	2	BA1652	32059	7	8	2	0	1	0	0	0	0	0	0
A	BL	18	111	1	2	BA1652	32069	8	7	0	0	0	0	0	0	0	0	0
A	BL	18	111	1	2	BA1652	32126	7	0	0	0	0	0	0	0	1	0	0
A	BL	18	111	1	2	BA1652	32130	7	8	2	0	1	0	0	0	0	0	0
A	BL	18	111	1	2	BA1652	32140	8	7	0	0	0	0	0	0	0	0	0
A	BL	18	111	1	2	BA1652	32149	7	0	0	0	0	0	0	0	1	0	0
A	BL	18	111	1	2	BA1652	32227	7	8	2	0	1	0	0	0	0	0	0
A	BL	18	111	1	2	BA1652	32231	8	0	0	0	1	0	0	0	1	0	0
A	BL	18	111	1	2	BA1652	32234	8	0	0	0	0	0	0	0	1	0	0
A	BL	18	111	1	2	BA1652	32237	8	7	0	0	0	0	0	0	0	0	0
A	BL	18	111	1	2	BA1652	32240	7	8	2	0	1	0	0	0	0	0	0
A	BL	18	111	1	2	BA1652	32250	8	7	0	0	0	0	0	0	0	0	0
A	BL	18	111	1	2	BA1652	32256	7	0	0	0	0	0	0	0	1	0	0
A	BL	18	111	1	2	BA1652	32269	7	8	2	0	1	0	0	0	0	0	0
A	BL	18	111	1	2	BA1652	32273	8	0	0	0	0	0	0	0	1	0	0
A	BL	18	111	1	2	BA1652	32274	8	0	0	0	1	0	0	0	0	0	0
A	BL	18	111	1	2	BA1652	32279	8	7	0	0	0	0	0	0	1	0	0
A	BL	18	111	1	2	BA1652	32310	7	8	2	0	1	0	0	0	0	0	0
A	BL	18	111	1	2	BA1652	32320	8	7	0	0	0	0	0	0	0	0	0
A	BL	18	111	1	2	BA1652	32327	7	0	0	0	0	0	0	0	1	0	0
A	BL	18	111	1	2	BA1652	32332	7	8	2	0	1	0	0	0	0	0	0
A	BL	18	111	1	2	BA1652	32342	8	7	0	0	0	0	0	0	0	0	0
A	BL	18	111	1	2	BA1652	32346	7	0	0	0	0	0	0	0	1	0	0
A	BL	18	111	1	2	BA1652	32347	7	8	2	0	1	0	0	0	0	0	0
A	BL	18	111	1	2	BA1652	32354	8	0	0	0	0	0	0	0	1	0	0
A	BL	18	111	1	2	BA1652	32357	8	9	0	0	0	0	0	0	0	0	0
A	BL	18	111	1	2	BA1652	32358	9	0	0	0	1	0	0	0	0	0	0
A	BL	18	111	1	2	BA1652	32362	9	0	0	0	0	0	0	0	1	0	0
A	BL	18	111	1	2	BA1652	32367	9	10	0	0	0	0	0	0	0	0	0
A	BL	18	111	1	2	BA1652	32442	10	2	0	0	0	0	0	0	0	0	0
A	BL	18	111	1	2	BA1652	32443	2	6	0	0	0	0	0	0	0	0	0
A	BL	18	111	1	2	BA1652	32763	6	8	2	0	1	0	0	0	0	0	0
A	BL	18	111	1	2	BA1652	32773	8	7	0	0	0	0	0	0	0	0	0
A	BL	18	111	1	2	BA1652	32790	7	0	0	0	0	0	0	0	1	0	0
A	BL	18	111	1	2	BA1652	32793	7	8	2	0	1	0	0	0	0	0	0
A	BL	18	111	1	2	BA1652	32803	8	7	0	0	0	0	0	0	0	0	0
A	BL	18	111	1	2	BA1652	32806	7	0	0	0	0	0	0	0	1	0	0
A	BL	18	111	1	2	BA1652	32819	7	8	2	0	1	0	0	0	0	0	0
A	BL	18	111	1	2	BA1652	32829	8	7	0	0	0	0	0	0	0	0	0
A	BL	18	111	1	2	BA1652	32831	7	0	0	0	0	0	0	0	1	0	0
A	BL	18	111	1	2	BA1652	32853	7	8	2	0	1	0	0	0	0	0	0
A	BL	18	111	1	2	BA1652	32857	8	0	0	0	0	0	0	0	1	0	0
A	BL	18	111	1	2	BA1652	32863	8	7	0	0	0	0	0	0	0	0	0
A	BL	18	111	1	2	BA1652	32911	7	8	2	0	1	0	0	0	0	0	0
A	BL	18	111	1	2	BA1652	32913	8	0	0	0	0	0	0	0	1	0	0
A	BL	18	111	1	2	BA1652	32915	8	0	0	0	1	0	0	0	0	0	0
A	BL	18	111	1	2	BA1652	32921	8	7	0	0	0	0	0	0	0	0	0
A	BL	18	111	1	2	BA1652	32928	7	0	0	0	0	0	0	0	1	0	0
A	BL	18	111	1	2	BA1652	32933	7	8	2	0	1	0	0	0	0	0	0
A	BL	18	111	1	2	BA1652	32943	8	7	0	0	0	0	0	0	0	0	0
A	BL	18	111	1	2	BA1652	32948	7	0	0	0	0	0	0	0	1	0	0
A	BL	18	111	1	2	BA1652	32949	7	8	2	0	1	0	0	0	0	0	0
A	BL	18	111	1	2	BA1652	32959	8	7	0	0	0	0	0	0	0	0	0
A	BL	18	111	1	2	BA1652	32960	7	0	0	0	0	0	0	0	1	0	0
A	BL	18	111	1	2	BA1652	32964	7	8	2	0	1	0	0	0	0	0	0
A	BL	18	111	1	2	BA1652	32974	8	7	0	0	0	0	0	0	0	0	0
A	BL	18	111	1	2	BA1652	32980	7	0	0	0	0	0	0	0	1	0	0
A	BL	18	111	1	2	BA1652	32982	7	8	2	0	1	0	0	0	0	0	0
A	BL	18	111	1	2	BA1652	32987	8	0	0	0	0	0	0	0	1	0	0
A	BL	18	111	1	2	BA1652	32991	8	0	0	0	1	0	0	0	0	0	0
A	BL	18	111	1	2	BA1652	32992	8	7	0	0	0	0	0	0	0	0	0
A	BL	18	111	1	2	BA1652	33026	7	0	0	0	0	0	0	0	1	0	0
A	BL	18	111	1	2	BA1652	33064	7	8	2	0	1	0	0	0	0	0	0
A	BL	18	111	1	2	BA1652	33069	8	0	0	0	0	0	0	0	1	0	0
A	BL	18	111	1	2	BA1652	33070	8	0	0	0	1	0	0	0	0	0	0
A	BL	18	111	1	2	BA1652	33074	8	7	0	0	0	0	0	0	0	0	0
A	BL	18	111	1	2	BA1652	33075	7	0	0	0	0	0	0	0	1	0	0
A	BL	18	111	1	2	BA1652	33127	7	8	2	0	1	0	0	0	0	0	0
A	BL	18	111	1	2	BA1652	33133	8	0	0	0	0	0	0	0	1	0	0
A	BL	18	111	1	2	BA1652	33136	8	0	0	0	1	0	0	0	0	0	0
A	BL	18	111	1	2	BA1652	33137	8	7	0	0	0	0	0	0	0	0	0
A	BL	18	111	1	2	BA1652	33146	7	0	0	0	0	0	0	0	1	0	0
A	BL	18	111	1	2	BA1652	33149	7	8	2	0	1	0	0	0	0	0	0
A	BL	18	111	1	2	BA1652	33159	8	7	0	0	0	0	0	0	0	0	0
A	BL	18	111	1	2	BA1652	33173	7	0	0	0	0	0	0	0	1	0	0
A	BL	18	111	1	2	BA1652	33174	7	8	2	0	1	0	0	0	0	0	0
A	BL	18	111	1	2	BA1652	33180	8	0	0	0	0	0	0	0	1	0	0
A	BL	18	111	1	2	BA1652	33184	8	7	0	0	0	0	0	0	0	0	0
A	BL	18	111	1	2	BA1652	33195	7	8	2	0	1	0	0	0	0	0	0
A	BL	18	111	1	2	BA1652	33205	8	7	0	0	0	0	0	0	0	0	0
A	BL	18	111	1	2	BA1652	33207	7	0	0	0	0	0	0	0	1	0	0
A	BL	18	111	1	2	BA1652	33212	7	8	2	0	1	0	0	0	0	0	0
A	BL	18	111	1	2	BA1652	33216	8	0	0	0	0	0	0	0	1	0	0
A	BL	18	111	1	2	BA1652	33222	8	7	0	0	0	0	0	0	0	0	0
A	BL	18	111	1	2	BA1652	33231	7	8	2	0	1	0	0	0	0	0	0
A	BL	18	111	1	2	BA1652	33241	8	7	0	0	0	0	0	0	0	0	0
A	BL	18	111	1	2	BA1652	33249	7	0	0	0	0	0	0	0	1	0	0
A	BL	18	111	1	2	BA1652	33265	7	8	2	0	1	0	0	0	0	0	0
A	BL	18	111	1	2	BA1652	33270	8	0	0	0	0	0	0	0	1	0	0
A	BL	18	111	1	2	BA1652	33272	8	0	0	0	1	0	0	0	0	0	0
A	BL	18	111	1	2	BA1652	33275	8	7	0	0	0	0	0	0	0	0	0
A	BL	18	111	1	2	BA1652	33287	7	0	0	0	0	0	0	0	1	0	0
A	BL	18	111	1	2	BA1652	33291	7	8	2	0	1	0	0	0	0	0	0
A	BL	18	111	1	2	BA1652	33295	8	0	0	0	0	0	0	0	1	0	0
A	BL	18	111	1	2	BA1652	33299	8	0	0	0	1	0	0	0	0	0	0
A	BL	18	111	1	2	BA1652	33301	8	7	0	0	0	0	0	0	0	0	0
A	BL	18	111	1	2	BA1652	33330	7	0	0	0	0	0	0	0	1	0	0
A	BL	18	111	1	2	BA1652	33335	7	8	2	0	1	0	0	0	0	0	0
A	BL	18	111	1	2	BA1652	33345	8	7	0	0	0	0	0	0	0	0	0
A	BL	18	111	1	2	BA1652	33358	7	0	0	0	0	0	0	0	1	0	0
A	BL	18	111	1	2	BA1652	33378	7	8	2	0	1	0	0	0	0	0	0
A	BL	18	111	1	2	BA1652	33383	8	0	0	0	0	0	0	0	1	0	0
A	BL	18	111	1	2	BA1652	33388	8	9	0	0	0	0	0	0	0	0	0
A	BL	18	111	1	2	BA1652	33398	9	10	0	0	0	0	0	0	0	0	0
A	BL	18	111	1	2	BA1652	33473	10	2	0	0	0	0	0	0	0	0	0
A	BL	18	111	1	2	BA1652	33474	2	3	0	0	0	0	0	0	0	0	0
A	BL	18	111	1	2	BA1652	33580	3	5	1	1	0	0	0	0	0	0	0
A	BL	18	111	1	2	BA1652	33590	5	4	0	0	0	0	0	0	0	0	0
A	BL	18	111	1	2	BA1652	33608	4	0	0	0	0	0	0	1	0	0	0
A	BL	18	111	1	2	BA1652	33612	4	5	1	1	0	0	0	0	0	0	0
A	BL	18	111	1	2	BA1652	33622	5	4	0	0	0	0	0	1	0	0	0
A	BL	18	111	1	2	BA1652	33626	4	5	1	1	0	0	0	0	0	0	0
A	BL	18	111	1	2	BA1652	33636	5	4	0	0	0	0	0	0	0	0	0
A	BL	18	111	1	2	BA1652	33693	4	0	0	0	0	0	0	1	0	0	0
A	BL	18	111	1	2	BA1652	33696	4	5	1	1	0	0	0	0	0	0	0
A	BL	18	111	1	2	BA1652	33706	5	4	0	0	0	0	0	0	0	0	0
A	BL	18	111	1	2	BA1652	33768	4	0	0	0	0	0	0	1	0	0	0
A	BL	18	111	1	2	BA1652	33823	4	5	1	1	0	0	0	0	0	0	0
A	BL	18	111	1	2	BA1652	33828	5	0	0	0	0	0	0	1	0	0	0
A	BL	18	111	1	2	BA1652	33833	5	9	0	0	0	0	0	0	0	0	0
A	BL	18	111	1	2	BA1652	33843	9	10	0	0	0	0	0	0	0	0	0
A	BL	18	111	1	2	BA1652	33918	10	2	0	0	0	0	0	0	0	0	0
A	BL	18	111	1	2	BA1652	33919	2	3	0	0	0	0	0	0	0	0	0
A	BL	18	111	1	2	BA1652	33983	3	5	1	1	0	0	0	0	0	0	0
A	BL	18	111	1	2	BA1652	33993	5	4	0	0	0	0	0	1	0	0	0
A	BL	18	111	1	2	BA1652	33997	4	5	1	1	0	0	0	0	0	0	0
A	BL	18	111	1	2	BA1652	34005	5	0	0	0	0	0	0	1	0	0	0
A	BL	18	111	1	2	BA1652	34007	5	4	0	0	0	0	0	0	0	0	0
A	BL	18	111	1	2	BA1652	34013	4	5	1	1	0	0	0	0	0	0	0
A	BL	18	111	1	2	BA1652	34023	5	4	0	0	0	0	0	0	0	0	0
A	BL	18	111	1	2	BA1652	34026	4	0	0	0	0	0	0	1	0	0	0
A	BL	18	111	1	2	BA1652	34031	4	5	1	1	0	0	0	0	0	0	0
A	BL	18	111	1	2	BA1652	34041	5	4	0	0	0	0	0	0	0	0	0
A	BL	18	111	1	2	BA1652	34118	4	0	0	0	0	0	0	1	0	0	0
A	BL	18	111	1	2	BA1652	34122	4	5	1	1	0	0	0	0	0	0	0
A	BL	18	111	1	2	BA1652	34128	5	0	0	0	0	0	0	1	0	0	0
A	BL	18	111	1	2	BA1652	34132	5	9	0	0	0	0	0	0	0	0	0
A	BL	18	111	1	2	BA1652	34142	9	10	0	0	0	0	0	0	0	0	0
A	BL	18	111	1	2	BA1652	34217	10	2	0	0	0	0	0	0	0	0	0
A	BL	18	111	1	2	BA1652	34218	2	3	0	0	0	0	0	0	0	0	0
A	BL	18	111	1	2	BA1652	34268	3	5	1	1	0	0	0	0	0	0	0
A	BL	18	111	1	2	BA1652	34278	5	4	0	0	0	0	0	0	0	0	0
A	BL	18	111	1	2	BA1652	34285	4	0	0	0	0	0	0	1	0	0	0
A	BL	18	111	1	2	BA1652	34293	4	5	1	1	0	0	0	0	0	0	0
A	BL	18	111	1	2	BA1652	34303	5	4	0	0	0	0	0	0	0	0	0
A	BL	18	111	1	2	BA1652	34309	4	0	0	0	0	0	0	1	0	0	0
A	BL	18	111	1	2	BA1652	34314	4	5	1	1	0	0	0	0	0	0	0
A	BL	18	111	1	2	BA1652	34324	5	4	0	0	0	0	0	0	0	0	0
A	BL	18	111	1	2	BA1652	34327	4	0	0	0	0	0	0	1	0	0	0
A	BL	18	111	1	2	BA1652	34350	4	5	1	1	0	0	0	0	0	0	0
A	BL	18	111	1	2	BA1652	34358	5	0	0	0	0	0	0	1	0	0	0
A	BL	18	111	1	2	BA1652	34360	5	4	0	1	0	0	0	0	0	0	0
A	BL	18	111	1	2	BA1652	34378	4	0	0	0	0	0	0	1	0	0	0
A	BL	18	111	1	2	BA1652	34399	4	5	1	1	0	0	0	0	0	0	0
A	BL	18	111	1	2	BA1652	34405	5	0	0	0	0	0	0	1	0	0	0
A	BL	18	111	1	2	BA1652	34409	5	9	0	0	0	0	0	0	0	0	0
A	BL	18	111	1	2	BA1652	34419	9	10	0	0	0	0	0	0	0	0	0
A	BL	18	111	1	2	BA1652	34494	10	2	0	0	0	0	0	0	0	0	0
A	BL	18	111	1	2	BA1652	34495	2	6	0	0	0	0	0	0	0	0	0
A	BL	18	111	1	2	BA1652	35810	6	8	2	0	1	0	0	0	0	0	0
A	BL	18	111	1	2	BA1652	35815	8	0	0	0	0	0	0	0	1	0	0
A	BL	18	111	1	2	BA1652	35820	8	7	0	0	0	0	0	0	0	0	0
A	BL	18	111	1	2	BA1652	35883	7	8	2	0	1	0	0	0	0	0	0
A	BL	18	111	1	2	BA1652	35893	8	7	0	0	0	0	0	0	0	0	0
A	BL	18	111	1	2	BA1652	35894	7	0	0	0	0	0	0	0	1	0	0
A	BL	18	111	1	2	BA1652	35912	7	8	2	0	1	0	0	0	0	0	0
A	BL	18	111	1	2	BA1652	35922	8	7	0	0	0	0	0	0	0	0	0
A	BL	18	111	1	2	BA1652	35923	7	0	0	0	0	0	0	0	1	0	0
A	BL	18	111	1	2	BA1652	35950	7	8	2	0	1	0	0	0	0	0	0
A	BL	18	111	1	2	BA1652	35951	8	0	0	0	0	0	0	0	1	0	0
A	BL	18	111	1	2	BA1652	35960	8	7	0	0	0	0	0	0	0	0	0
A	BL	18	111	1	2	BA1652	35976	7	8	2	0	1	0	0	0	0	0	0
A	BL	18	111	1	2	BA1652	35981	8	0	0	0	0	0	0	0	1	0	0
A	BL	18	111	1	2	BA1652	35986	8	7	0	0	0	0	0	0	0	0	0
A	BL	18	111	1	2	BA1652	35989	7	8	2	0	1	0	0	0	0	0	0
A	BL	18	111	1	2	BA1652	35994	8	0	0	0	0	0	0	0	1	0	0
A	BL	18	111	1	2	BA1652	35999	8	7	0	0	0	0	0	0	0	0	0
A	BL	18	111	1	2	BA1652	36007	7	8	2	0	1	0	0	0	0	0	0
A	BL	18	111	1	2	BA1652	36015	8	0	0	0	0	0	0	0	1	0	0
A	BL	18	111	1	2	BA1652	36017	8	7	0	0	0	0	0	0	0	0	0
A	BL	18	111	1	2	BA1652	36040	7	8	2	0	1	0	0	0	0	0	0
A	BL	18	111	1	2	BA1652	36044	8	0	0	0	0	0	0	0	1	0	0
A	BL	18	111	1	2	BA1652	36050	8	7	0	0	0	0	0	0	0	0	0
A	BL	18	111	1	2	BA1652	36062	7	8	2	0	1	0	0	0	0	0	0
A	BL	18	111	1	2	BA1652	36064	8	0	0	0	0	0	0	0	1	0	0
A	BL	18	111	1	2	BA1652	36072	8	7	0	0	0	0	0	0	0	0	0
A	BL	18	111	1	2	BA1652	36102	7	8	2	0	1	0	0	0	0	0	0
A	BL	18	111	1	2	BA1652	36105	8	0	0	0	0	0	0	0	1	0	0
A	BL	18	111	1	2	BA1652	36106	8	0	0	0	1	0	0	0	0	0	0
A	BL	18	111	1	2	BA1652	36112	8	7	0	0	0	0	0	0	1	0	0
A	BL	18	111	1	2	BA1652	36116	7	8	2	0	1	0	0	0	0	0	0
A	BL	18	111	1	2	BA1652	36119	8	0	0	0	0	0	0	0	1	0	0
A	BL	18	111	1	2	BA1652	36126	8	7	0	0	0	0	0	0	0	0	0
A	BL	18	111	1	2	BA1652	36159	7	8	2	0	1	0	0	0	0	0	0
A	BL	18	111	1	2	BA1652	36169	8	7	0	0	0	0	0	0	0	0	0
A	BL	18	111	1	2	BA1652	36176	7	0	0	0	0	0	0	0	1	0	0
A	BL	18	111	1	2	BA1652	36180	7	8	2	0	1	0	0	0	0	0	0
A	BL	18	111	1	2	BA1652	36190	8	7	0	0	0	0	0	0	0	0	0
A	BL	18	111	1	2	BA1652	36219	7	0	0	0	0	0	0	0	1	0	0
A	BL	18	111	1	2	BA1652	36253	7	8	2	0	1	0	0	0	0	0	0
A	BL	18	111	1	2	BA1652	36262	8	0	0	0	0	0	0	0	1	0	0
A	BL	18	111	1	2	BA1652	36263	8	7	0	0	0	0	0	0	0	0	0
A	BL	18	111	1	2	BA1652	36303	7	8	2	0	1	0	0	0	0	0	0
A	BL	18	111	1	2	BA1652	36306	8	0	0	0	0	0	0	0	1	0	0
A	BL	18	111	1	2	BA1652	36309	8	0	0	0	1	0	0	0	0	0	0
A	BL	18	111	1	2	BA1652	36313	8	7	0	0	0	0	0	0	1	0	0
A	BL	18	111	1	2	BA1652	36442	7	8	2	0	1	0	0	0	0	0	0
A	BL	18	111	1	2	BA1652	36452	8	7	0	0	0	0	0	0	0	0	0
A	BL	18	111	1	2	BA1652	36458	7	0	0	0	0	0	0	0	1	0	0
A	BL	18	111	1	2	BA1652	36463	7	8	2	0	1	0	0	0	0	0	0
A	BL	18	111	1	2	BA1652	36473	8	7	0	0	0	0	0	0	0	0	0
A	BL	18	111	1	2	BA1652	36480	7	0	0	0	0	0	0	0	1	0	0
A	BL	18	111	1	2	BA1652	36481	7	8	2	0	1	0	0	0	0	0	0
A	BL	18	111	1	2	BA1652	36491	8	7	0	0	0	0	0	0	0	0	0
A	BL	18	111	1	2	BA1652	36519	7	0	0	0	0	0	0	0	1	0	0
A	BL	18	111	1	2	BA1652	36523	7	8	2	0	1	0	0	0	0	0	0
A	BL	18	111	1	2	BA1652	36528	8	0	0	0	0	0	0	0	1	0	0
A	BL	18	111	1	2	BA1652	36533	8	7	0	0	0	0	0	0	0	0	0
A	BL	18	111	1	2	BA1652	36547	7	8	2	0	1	0	0	0	0	0	0
A	BL	18	111	1	2	BA1652	36557	8	9	0	0	0	0	0	0	0	0	0
A	BL	18	111	1	2	BA1652	36560	9	0	0	0	0	0	0	0	1	0	0
A	BL	18	111	1	2	BA1652	36567	9	10	0	0	0	0	0	0	0	0	0
A	BL	18	111	1	2	BA1652	36642	10	2	0	0	0	0	0	0	0	0	0
A	BL	18	111	1	2	BA1652	36643	2	6	0	0	0	0	0	0	0	0	0
A	BL	18	111	1	2	BA1652	36808	6	8	2	0	1	0	0	0	0	0	0
A	BL	18	111	1	2	BA1652	36818	8	7	0	0	0	0	0	0	0	0	0
A	BL	18	111	1	2	BA1652	36829	7	0	0	0	0	0	0	0	1	0	0
A	BL	18	111	1	2	BA1652	36837	7	8	2	0	1	0	0	0	0	0	0
A	BL	18	111	1	2	BA1652	36847	8	7	0	0	0	0	0	0	0	0	0
A	BL	18	111	1	2	BA1652	36848	7	0	0	0	0	0	0	0	1	0	0
A	BL	18	111	1	2	BA1652	36853	7	8	2	0	1	0	0	0	0	0	0
A	BL	18	111	1	2	BA1652	36859	8	0	0	0	0	0	0	0	1	0	0
A	BL	18	111	1	2	BA1652	36863	8	7	0	0	0	0	0	0	0	0	0
A	BL	18	111	1	2	BA1652	36893	7	8	2	0	1	0	0	0	0	0	0
A	BL	18	111	1	2	BA1652	36896	8	0	0	0	0	0	0	0	1	0	0
A	BL	18	111	1	2	BA1652	36903	8	7	0	0	0	0	0	0	0	0	0
A	BL	18	111	1	2	BA1652	37095	7	8	2	0	1	0	0	0	0	0	0
A	BL	18	111	1	2	BA1652	37105	8	7	0	0	0	0	0	0	0	0	0
A	BL	18	111	1	2	BA1652	37137	7	0	0	0	0	0	0	0	1	0	0
A	BL	18	111	1	2	BA1652	37153	7	8	2	0	1	0	0	0	0	0	0
A	BL	18	111	1	2	BA1652	37163	8	7	0	0	0	0	0	0	0	0	0
A	BL	18	111	1	2	BA1652	37173	7	0	0	0	0	0	0	0	1	0	0
A	BL	18	111	1	2	BA1652	37178	7	8	2	0	1	0	0	0	0	0	0
A	BL	18	111	1	2	BA1652	37181	8	0	0	0	0	0	0	0	1	0	0
A	BL	18	111	1	2	BA1652	37188	8	7	0	0	0	0	0	0	0	0	0
A	BL	18	111	1	2	BA1652	37197	7	8	2	0	1	0	0	0	0	0	0
A	BL	18	111	1	2	BA1652	37201	8	0	0	0	0	0	0	0	1	0	0
A	BL	18	111	1	2	BA1652	37205	8	0	0	0	1	0	0	0	0	0	0
A	BL	18	111	1	2	BA1652	37207	8	7	0	0	0	0	0	0	0	0	0
A	BL	18	111	1	2	BA1652	37213	7	0	0	0	0	0	0	0	1	0	0
A	BL	18	111	1	2	BA1652	37215	7	8	2	0	1	0	0	0	0	0	0
A	BL	18	111	1	2	BA1652	37220	8	0	0	0	0	0	0	0	1	0	0
A	BL	18	111	1	2	BA1652	37225	8	7	0	0	0	0	0	0	0	0	0
A	BL	18	111	1	2	BA1652	37273	7	8	2	0	1	0	0	0	0	0	0
A	BL	18	111	1	2	BA1652	37283	8	7	0	0	0	0	0	0	0	0	0
A	BL	18	111	1	2	BA1652	37304	7	0	0	0	0	0	0	0	1	0	0
A	BL	18	111	1	2	BA1652	37346	7	8	2	0	1	0	0	0	0	0	0
A	BL	18	111	1	2	BA1652	37351	8	0	0	0	0	0	0	0	1	0	0
A	BL	18	111	1	2	BA1652	37356	8	7	0	0	0	0	0	0	0	0	0
A	BL	18	111	1	2	BA1652	37360	7	8	2	0	1	0	0	0	0	0	0
A	BL	18	111	1	2	BA1652	37370	8	7	0	0	0	0	0	0	0	0	0
A	BL	18	111	1	2	BA1652	37392	7	0	0	0	0	0	0	0	1	0	0
A	BL	18	111	1	2	BA1652	37396	7	8	2	0	1	0	0	0	0	0	0
A	BL	18	111	1	2	BA1652	37401	8	0	0	0	0	0	0	0	1	0	0
A	BL	18	111	1	2	BA1652	37406	8	7	0	0	1	0	0	0	0	0	0
A	BL	18	111	1	2	BA1652	37434	7	0	0	0	0	0	0	0	1	0	0
A	BL	18	111	1	2	BA1652	37437	7	8	2	0	1	0	0	0	0	0	0
A	BL	18	111	1	2	BA1652	37442	8	0	0	0	0	0	0	0	1	0	0
A	BL	18	111	1	2	BA1652	37446	8	0	0	0	1	0	0	0	0	0	0
A	BL	18	111	1	2	BA1652	37447	8	7	0	0	0	0	0	0	0	0	0
A	BL	18	111	1	2	BA1652	37464	7	0	0	0	0	0	0	0	1	0	0
A	BL	18	111	1	2	BA1652	37465	7	8	2	0	1	0	0	0	0	0	0
A	BL	18	111	1	2	BA1652	37472	8	0	0	0	0	0	0	0	1	0	0
A	BL	18	111	1	2	BA1652	37475	8	7	0	0	0	0	0	0	0	0	0
A	BL	18	111	1	2	BA1652	37476	7	8	2	0	1	0	0	0	0	0	0
A	BL	18	111	1	2	BA1652	37486	8	7	0	0	0	0	0	0	0	0	0
A	BL	18	111	1	2	BA1652	37490	7	0	0	0	0	0	0	0	1	0	0
A	BL	18	111	1	2	BA1652	37631	7	8	2	0	1	0	0	0	0	0	0
A	BL	18	111	1	2	BA1652	37641	8	7	0	0	0	0	0	0	0	0	0
A	BL	18	111	1	2	BA1652	37656	7	0	0	0	0	0	0	0	1	0	0
A	BL	18	111	1	2	BA1652	37660	7	8	2	0	1	0	0	0	0	0	0
A	BL	18	111	1	2	BA1652	37665	8	0	0	0	0	0	0	0	1	0	0
A	BL	18	111	1	2	BA1652	37668	8	0	0	0	1	0	0	0	0	0	0
A	BL	18	111	1	2	BA1652	37670	8	7	0	0	0	0	0	0	0	0	0
A	BL	18	111	1	2	BA1652	37683	7	0	0	0	0	0	0	0	1	0	0
A	BL	18	111	1	2	BA1652	37685	7	8	2	0	1	0	0	0	0	0	0
A	BL	18	111	1	2	BA1652	37695	8	7	0	0	0	0	0	0	0	0	0
A	BL	18	111	1	2	BA1652	37737	7	0	0	0	0	0	0	0	1	0	0
A	BL	18	111	1	2	BA1652	37740	7	8	2	0	1	0	0	0	0	0	0
A	BL	18	111	1	2	BA1652	37750	8	9	0	0	0	0	0	0	0	0	0
A	BL	18	111	1	2	BA1652	37753	9	0	0	0	0	0	0	0	1	0	0
A	BL	18	111	1	2	BA1652	37760	9	10	0	0	0	0	0	0	0	0	0
A	BL	18	111	1	2	BA1652	37835	10	2	0	0	0	0	0	0	0	0	0
A	BL	18	111	1	2	BA1652	37836	2	3	0	0	0	0	0	0	0	0	0
A	BL	18	111	1	2	BA1652	37912	3	5	1	1	0	0	0	0	0	0	0
A	BL	18	111	1	2	BA1652	37916	5	0	0	0	0	0	0	1	0	0	0
A	BL	18	111	1	2	BA1652	37919	5	0	0	1	0	0	0	0	0	0	0
A	BL	18	111	1	2	BA1652	37922	5	4	0	0	0	0	0	0	0	0	0
A	BL	18	111	1	2	BA1652	37937	4	0	0	0	0	0	0	1	0	0	0
A	BL	18	111	1	2	BA1652	37943	4	5	1	1	0	0	0	0	0	0	0
A	BL	18	111	1	2	BA1652	37947	5	0	0	0	0	0	0	1	0	0	0
A	BL	18	111	1	2	BA1652	37953	5	4	0	1	0	0	0	0	0	0	0
A	BL	18	111	1	2	BA1652	37996	4	0	0	0	0	0	0	1	0	0	0
A	BL	18	111	1	2	BA1652	38000	4	5	1	1	0	0	0	0	0	0	0
A	BL	18	111	1	2	BA1652	38010	5	4	0	0	0	0	0	0	0	0	0
A	BL	18	111	1	2	BA1652	38021	4	0	0	0	0	0	0	1	0	0	0
A	BL	18	111	1	2	BA1652	38029	4	5	1	1	0	0	0	0	0	0	0
A	BL	18	111	1	2	BA1652	38039	5	4	0	0	0	0	0	1	0	0	0
A	BL	18	111	1	2	BA1652	38055	4	5	1	1	0	0	0	0	0	0	0
A	BL	18	111	1	2	BA1652	38065	5	9	0	0	0	0	0	0	0	0	0
A	BL	18	111	1	2	BA1652	38067	9	0	0	0	0	0	0	1	0	0	0
A	BL	18	111	1	2	BA1652	38075	9	-1	0	0	0	0	0	0	0	0	0
