Project	UserID	Protocol	Session	Station	Run	Subject	Time	Current State	Transition State	Transition Event	A1 - 	A2 - 	A3 - 	A4 - 	A[1] 	A[2] 	A[3] 	A[4] 
A	BL	20	128	1	2	BA1652	0	0	1	0	0	0	0	0	0	0	0	0
A	BL	20	128	1	2	BA1652	50	1	2	0	0	0	0	0	0	0	0	0
A	BL	20	128	1	2	BA1652	51	2	6	0	0	0	0	0	0	0	0	0
A	BL	20	128	1	2	BA1652	4139	6	8	2	0	1	0	0	0	0	0	0
A	BL	20	128	1	2	BA1652	4149	8	7	0	0	0	0	0	0	0	0	0
A	BL	20	128	1	2	BA1652	4156	7	0	0	0	0	0	0	0	1	0	0
A	BL	20	128	1	2	BA1652	4315	7	8	2	0	1	0	0	0	0	0	0
A	BL	20	128	1	2	BA1652	4319	8	0	0	0	0	0	0	0	1	0	0
A	BL	20	128	1	2	BA1652	4325	8	7	0	0	0	0	0	0	0	0	0
A	BL	20	128	1	2	BA1652	4331	7	8	2	0	1	0	0	0	0	0	0
A	BL	20	128	1	2	BA1652	4340	8	0	0	0	0	0	0	0	1	0	0
A	BL	20	128	1	2	BA1652	4341	8	7	0	0	0	0	0	0	0	0	0
A	BL	20	128	1	2	BA1652	4343	7	8	2	0	1	0	0	0	0	0	0
A	BL	20	128	1	2	BA1652	4353	8	7	0	0	0	0	0	0	0	0	0
A	BL	20	128	1	2	BA1652	4355	7	0	0	0	0	0	0	0	1	0	0
A	BL	20	128	1	2	BA1652	4398	7	8	2	0	1	0	0	0	0	0	0
A	BL	20	128	1	2	BA1652	4407	8	0	0	0	0	0	0	0	1	0	0
A	BL	20	128	1	2	BA1652	4408	8	7	0	0	0	0	0	0	0	0	0
A	BL	20	128	1	2	BA1652	4412	7	8	2	0	1	0	0	0	0	0	0
A	BL	20	128	1	2	BA1652	4422	8	7	0	0	0	0	0	0	0	0	0
A	BL	20	128	1	2	BA1652	4423	7	0	0	0	0	0	0	0	1	0	0
A	BL	20	128	1	2	BA1652	4426	7	8	2	0	1	0	0	0	0	0	0
A	BL	20	128	1	2	BA1652	4431	8	0	0	0	0	0	0	0	1	0	0
A	BL	20	128	1	2	BA1652	4436	8	7	0	0	0	0	0	0	0	0	0
A	BL	20	128	1	2	BA1652	4444	7	8	2	0	1	0	0	0	0	0	0
A	BL	20	128	1	2	BA1652	4447	8	0	0	0	0	0	0	0	1	0	0
A	BL	20	128	1	2	BA1652	4449	8	0	0	0	1	0	0	0	0	0	0
A	BL	20	128	1	2	BA1652	4454	8	7	0	0	0	0	0	0	0	0	0
A	BL	20	128	1	2	BA1652	4456	7	0	0	0	0	0	0	0	1	0	0
A	BL	20	128	1	2	BA1652	4458	7	8	2	0	1	0	0	0	0	0	0
A	BL	20	128	1	2	BA1652	4468	8	7	0	0	0	0	0	0	0	0	0
A	BL	20	128	1	2	BA1652	4469	7	0	0	0	0	0	0	0	1	0	0
A	BL	20	128	1	2	BA1652	4470	7	8	2	0	1	0	0	0	0	0	0
A	BL	20	128	1	2	BA1652	4476	8	0	0	0	0	0	0	0	1	0	0
A	BL	20	128	1	2	BA1652	4480	8	7	0	0	0	0	0	0	0	0	0
A	BL	20	128	1	2	BA1652	4487	7	8	2	0	1	0	0	0	0	0	0
A	BL	20	128	1	2	BA1652	4490	8	0	0	0	0	0	0	0	1	0	0
A	BL	20	128	1	2	BA1652	4497	8	7	0	0	0	0	0	0	0	0	0
A	BL	20	128	1	2	BA1652	4555	7	8	2	0	1	0	0	0	0	0	0
A	BL	20	128	1	2	BA1652	4557	8	0	0	0	0	0	0	0	1	0	0
A	BL	20	128	1	2	BA1652	4565	8	7	0	0	1	0	0	0	0	0	0
A	BL	20	128	1	2	BA1652	4569	7	0	0	0	0	0	0	0	1	0	0
A	BL	20	128	1	2	BA1652	4575	7	8	2	0	1	0	0	0	0	0	0
A	BL	20	128	1	2	BA1652	4579	8	0	0	0	0	0	0	0	1	0	0
A	BL	20	128	1	2	BA1652	4585	8	7	0	0	0	0	0	0	0	0	0
A	BL	20	128	1	2	BA1652	4591	7	8	2	0	1	0	0	0	0	0	0
A	BL	20	128	1	2	BA1652	4594	8	0	0	0	0	0	0	0	1	0	0
A	BL	20	128	1	2	BA1652	4598	8	0	0	0	1	0	0	0	0	0	0
A	BL	20	128	1	2	BA1652	4601	8	7	0	0	0	0	0	0	0	0	0
A	BL	20	128	1	2	BA1652	4602	7	0	0	0	0	0	0	0	1	0	0
A	BL	20	128	1	2	BA1652	4634	7	8	2	0	1	0	0	0	0	0	0
A	BL	20	128	1	2	BA1652	4636	8	0	0	0	0	0	0	0	1	0	0
A	BL	20	128	1	2	BA1652	4644	8	7	0	0	0	0	0	0	0	0	0
A	BL	20	128	1	2	BA1652	4664	7	8	2	0	1	0	0	0	0	0	0
A	BL	20	128	1	2	BA1652	4668	8	0	0	0	0	0	0	0	1	0	0
A	BL	20	128	1	2	BA1652	4674	8	7	0	0	1	0	0	0	0	0	0
A	BL	20	128	1	2	BA1652	4685	7	0	0	0	0	0	0	0	1	0	0
A	BL	20	128	1	2	BA1652	4689	7	8	2	0	1	0	0	0	0	0	0
A	BL	20	128	1	2	BA1652	4699	8	7	0	0	0	0	0	0	0	0	0
A	BL	20	128	1	2	BA1652	4712	7	0	0	0	0	0	0	0	1	0	0
A	BL	20	128	1	2	BA1652	4785	7	8	2	0	1	0	0	0	0	0	0
A	BL	20	128	1	2	BA1652	4795	8	7	0	0	0	0	0	0	0	0	0
A	BL	20	128	1	2	BA1652	4807	7	0	0	0	0	0	0	0	1	0	0
A	BL	20	128	1	2	BA1652	4886	7	8	2	0	1	0	0	0	0	0	0
A	BL	20	128	1	2	BA1652	4896	8	7	0	0	0	0	0	0	0	0	0
A	BL	20	128	1	2	BA1652	4906	7	0	0	0	0	0	0	0	1	0	0
A	BL	20	128	1	2	BA1652	4909	7	8	2	0	1	0	0	0	0	0	0
A	BL	20	128	1	2	BA1652	4911	8	0	0	0	0	0	0	0	1	0	0
A	BL	20	128	1	2	BA1652	4914	8	0	0	0	1	0	0	0	0	0	0
A	BL	20	128	1	2	BA1652	4917	8	0	0	0	0	0	0	0	1	0	0
A	BL	20	128	1	2	BA1652	4919	8	9	0	0	0	0	0	0	0	0	0
A	BL	20	128	1	2	BA1652	4929	9	10	0	0	0	0	0	0	0	0	0
A	BL	20	128	1	2	BA1652	5004	10	2	0	0	0	0	0	0	0	0	0
A	BL	20	128	1	2	BA1652	5005	2	3	0	0	0	0	0	0	0	0	0
A	BL	20	128	1	2	BA1652	5095	3	5	1	1	0	0	0	0	0	0	0
A	BL	20	128	1	2	BA1652	5105	5	4	0	0	0	0	0	0	0	0	0
A	BL	20	128	1	2	BA1652	5107	4	0	0	0	0	0	0	1	0	0	0
A	BL	20	128	1	2	BA1652	5111	4	5	1	1	0	0	0	0	0	0	0
A	BL	20	128	1	2	BA1652	5116	5	0	0	0	0	0	0	1	0	0	0
A	BL	20	128	1	2	BA1652	5117	5	0	0	1	0	0	0	0	0	0	0
A	BL	20	128	1	2	BA1652	5121	5	4	0	0	0	0	0	1	0	0	0
A	BL	20	128	1	2	BA1652	5133	4	5	1	1	0	0	0	0	0	0	0
A	BL	20	128	1	2	BA1652	5135	5	0	0	0	0	0	0	1	0	0	0
A	BL	20	128	1	2	BA1652	5143	5	4	0	0	0	0	0	0	0	0	0
A	BL	20	128	1	2	BA1652	5172	4	5	1	1	0	0	0	0	0	0	0
A	BL	20	128	1	2	BA1652	5174	5	0	0	0	0	0	0	1	0	0	0
A	BL	20	128	1	2	BA1652	5182	5	4	0	0	0	0	0	0	0	0	0
A	BL	20	128	1	2	BA1652	5201	4	5	1	1	0	0	0	0	0	0	0
A	BL	20	128	1	2	BA1652	5211	5	9	0	0	0	0	0	0	0	0	0
A	BL	20	128	1	2	BA1652	5219	9	0	0	0	0	0	0	1	0	0	0
A	BL	20	128	1	2	BA1652	5221	9	10	0	0	0	0	0	0	0	0	0
A	BL	20	128	1	2	BA1652	5296	10	2	0	0	0	0	0	0	0	0	0
A	BL	20	128	1	2	BA1652	5297	2	6	0	0	0	0	0	0	0	0	0
A	BL	20	128	1	2	BA1652	8799	6	8	2	0	1	0	0	0	0	0	0
A	BL	20	128	1	2	BA1652	8806	8	0	0	0	0	0	0	0	1	0	0
A	BL	20	128	1	2	BA1652	8808	8	0	0	0	1	0	0	0	0	0	0
A	BL	20	128	1	2	BA1652	8809	8	7	0	0	0	0	0	0	0	0	0
A	BL	20	128	1	2	BA1652	8811	7	0	0	0	0	0	0	0	1	0	0
A	BL	20	128	1	2	BA1652	8850	7	8	2	0	1	0	0	0	0	0	0
A	BL	20	128	1	2	BA1652	8857	8	0	0	0	0	0	0	0	1	0	0
A	BL	20	128	1	2	BA1652	8860	8	7	0	0	0	0	0	0	0	0	0
A	BL	20	128	1	2	BA1652	8868	7	8	2	0	1	0	0	0	0	0	0
A	BL	20	128	1	2	BA1652	8874	8	0	0	0	0	0	0	0	1	0	0
A	BL	20	128	1	2	BA1652	8878	8	7	0	0	0	0	0	0	0	0	0
A	BL	20	128	1	2	BA1652	8888	7	8	2	0	1	0	0	0	0	0	0
A	BL	20	128	1	2	BA1652	8890	8	0	0	0	0	0	0	0	1	0	0
A	BL	20	128	1	2	BA1652	8898	8	7	0	0	0	0	0	0	0	0	0
A	BL	20	128	1	2	BA1652	8918	7	8	2	0	1	0	0	0	0	0	0
A	BL	20	128	1	2	BA1652	8920	8	0	0	0	0	0	0	0	1	0	0
A	BL	20	128	1	2	BA1652	8928	8	7	0	0	0	0	0	0	0	0	0
A	BL	20	128	1	2	BA1652	8976	7	8	2	0	1	0	0	0	0	0	0
A	BL	20	128	1	2	BA1652	8981	8	0	0	0	0	0	0	0	1	0	0
A	BL	20	128	1	2	BA1652	8986	8	7	0	0	0	0	0	0	0	0	0
A	BL	20	128	1	2	BA1652	9006	7	8	2	0	1	0	0	0	0	0	0
A	BL	20	128	1	2	BA1652	9007	8	0	0	0	0	0	0	0	1	0	0
A	BL	20	128	1	2	BA1652	9016	8	7	0	0	0	0	0	0	0	0	0
A	BL	20	128	1	2	BA1652	9020	7	8	2	0	1	0	0	0	0	0	0
A	BL	20	128	1	2	BA1652	9030	8	7	0	0	0	0	0	0	0	0	0
A	BL	20	128	1	2	BA1652	9032	7	0	0	0	0	0	0	0	1	0	0
A	BL	20	128	1	2	BA1652	9052	7	8	2	0	1	0	0	0	0	0	0
A	BL	20	128	1	2	BA1652	9054	8	0	0	0	0	0	0	0	1	0	0
A	BL	20	128	1	2	BA1652	9055	8	0	0	0	1	0	0	0	0	0	0
A	BL	20	128	1	2	BA1652	9062	8	7	0	0	0	0	0	0	1	0	0
A	BL	20	128	1	2	BA1652	9074	7	8	2	0	1	0	0	0	0	0	0
A	BL	20	128	1	2	BA1652	9076	8	0	0	0	0	0	0	0	1	0	0
A	BL	20	128	1	2	BA1652	9078	8	0	0	0	1	0	0	0	0	0	0
A	BL	20	128	1	2	BA1652	9081	8	0	0	0	0	0	0	0	1	0	0
A	BL	20	128	1	2	BA1652	9084	8	7	0	0	0	0	0	0	0	0	0
A	BL	20	128	1	2	BA1652	9085	7	8	2	0	1	0	0	0	0	0	0
A	BL	20	128	1	2	BA1652	9095	8	7	0	0	0	0	0	0	0	0	0
A	BL	20	128	1	2	BA1652	9098	7	0	0	0	0	0	0	0	1	0	0
A	BL	20	128	1	2	BA1652	9106	7	8	2	0	1	0	0	0	0	0	0
A	BL	20	128	1	2	BA1652	9108	8	0	0	0	0	0	0	0	1	0	0
A	BL	20	128	1	2	BA1652	9116	8	7	0	0	0	0	0	0	0	0	0
A	BL	20	128	1	2	BA1652	9197	7	8	2	0	1	0	0	0	0	0	0
A	BL	20	128	1	2	BA1652	9200	8	0	0	0	0	0	0	0	1	0	0
A	BL	20	128	1	2	BA1652	9206	8	0	0	0	1	0	0	0	0	0	0
A	BL	20	128	1	2	BA1652	9207	8	7	0	0	0	0	0	0	0	0	0
A	BL	20	128	1	2	BA1652	9212	7	0	0	0	0	0	0	0	1	0	0
A	BL	20	128	1	2	BA1652	9220	7	8	2	0	1	0	0	0	0	0	0
A	BL	20	128	1	2	BA1652	9224	8	0	0	0	0	0	0	0	1	0	0
A	BL	20	128	1	2	BA1652	9230	8	7	0	0	1	0	0	0	0	0	0
A	BL	20	128	1	2	BA1652	9236	7	0	0	0	0	0	0	0	1	0	0
A	BL	20	128	1	2	BA1652	9240	7	8	2	0	1	0	0	0	0	0	0
A	BL	20	128	1	2	BA1652	9242	8	0	0	0	0	0	0	0	1	0	0
A	BL	20	128	1	2	BA1652	9250	8	7	0	0	0	0	0	0	0	0	0
A	BL	20	128	1	2	BA1652	9255	7	8	2	0	1	0	0	0	0	0	0
A	BL	20	128	1	2	BA1652	9256	8	0	0	0	0	0	0	0	1	0	0
A	BL	20	128	1	2	BA1652	9265	8	7	0	0	0	0	0	0	0	0	0
A	BL	20	128	1	2	BA1652	9270	7	8	2	0	1	0	0	0	0	0	0
A	BL	20	128	1	2	BA1652	9280	8	7	0	0	0	0	0	0	0	0	0
A	BL	20	128	1	2	BA1652	9283	7	0	0	0	0	0	0	0	1	0	0
A	BL	20	128	1	2	BA1652	9305	7	8	2	0	1	0	0	0	0	0	0
A	BL	20	128	1	2	BA1652	9312	8	0	0	0	0	0	0	0	1	0	0
A	BL	20	128	1	2	BA1652	9315	8	7	0	0	0	0	0	0	0	0	0
A	BL	20	128	1	2	BA1652	9331	7	8	2	0	1	0	0	0	0	0	0
A	BL	20	128	1	2	BA1652	9337	8	0	0	0	0	0	0	0	1	0	0
A	BL	20	128	1	2	BA1652	9341	8	7	0	0	0	0	0	0	0	0	0
A	BL	20	128	1	2	BA1652	9343	7	8	2	0	1	0	0	0	0	0	0
A	BL	20	128	1	2	BA1652	9347	8	0	0	0	0	0	0	0	1	0	0
A	BL	20	128	1	2	BA1652	9351	8	0	0	0	1	0	0	0	0	0	0
A	BL	20	128	1	2	BA1652	9353	8	9	0	0	0	0	0	0	0	0	0
A	BL	20	128	1	2	BA1652	9363	9	10	0	0	0	0	0	0	1	0	0
A	BL	20	128	1	2	BA1652	9438	10	2	0	0	0	0	0	0	0	0	0
A	BL	20	128	1	2	BA1652	9439	2	3	0	0	0	0	0	0	0	0	0
A	BL	20	128	1	2	BA1652	9489	3	5	1	1	0	0	0	0	0	0	0
A	BL	20	128	1	2	BA1652	9499	5	4	0	0	0	0	0	0	0	0	0
A	BL	20	128	1	2	BA1652	9500	4	0	0	0	0	0	0	1	0	0	0
A	BL	20	128	1	2	BA1652	9512	4	5	1	1	0	0	0	0	0	0	0
A	BL	20	128	1	2	BA1652	9517	5	0	0	0	0	0	0	1	0	0	0
A	BL	20	128	1	2	BA1652	9522	5	4	0	0	0	0	0	0	0	0	0
A	BL	20	128	1	2	BA1652	9525	4	5	1	1	0	0	0	0	0	0	0
A	BL	20	128	1	2	BA1652	9531	5	0	0	0	0	0	0	1	0	0	0
A	BL	20	128	1	2	BA1652	9534	5	0	0	1	0	0	0	0	0	0	0
A	BL	20	128	1	2	BA1652	9535	5	4	0	0	0	0	0	0	0	0	0
A	BL	20	128	1	2	BA1652	9536	4	0	0	0	0	0	0	1	0	0	0
A	BL	20	128	1	2	BA1652	9539	4	5	1	1	0	0	0	0	0	0	0
A	BL	20	128	1	2	BA1652	9541	5	0	0	0	0	0	0	1	0	0	0
A	BL	20	128	1	2	BA1652	9544	5	0	0	1	0	0	0	0	0	0	0
A	BL	20	128	1	2	BA1652	9548	5	0	0	0	0	0	0	1	0	0	0
A	BL	20	128	1	2	BA1652	9549	5	4	0	0	0	0	0	0	0	0	0
A	BL	20	128	1	2	BA1652	9559	4	5	1	1	0	0	0	0	0	0	0
A	BL	20	128	1	2	BA1652	9566	5	0	0	0	0	0	0	1	0	0	0
A	BL	20	128	1	2	BA1652	9569	5	9	0	0	0	0	0	0	0	0	0
A	BL	20	128	1	2	BA1652	9576	9	0	0	1	0	0	0	0	0	0	0
A	BL	20	128	1	2	BA1652	9579	9	10	0	0	0	0	0	0	0	0	0
A	BL	20	128	1	2	BA1652	9580	10	0	0	0	0	0	0	1	0	0	0
A	BL	20	128	1	2	BA1652	9654	10	2	0	0	0	0	0	0	0	0	0
A	BL	20	128	1	2	BA1652	9655	2	3	0	0	0	0	0	0	0	0	0
A	BL	20	128	1	2	BA1652	9718	3	5	1	1	0	0	0	0	0	0	0
A	BL	20	128	1	2	BA1652	9728	5	4	0	0	0	0	0	1	0	0	0
A	BL	20	128	1	2	BA1652	9739	4	5	1	1	0	0	0	0	0	0	0
A	BL	20	128	1	2	BA1652	9748	5	0	0	0	0	0	0	1	0	0	0
A	BL	20	128	1	2	BA1652	9749	5	4	0	0	0	0	0	0	0	0	0
A	BL	20	128	1	2	BA1652	9752	4	5	1	1	0	0	0	0	0	0	0
A	BL	20	128	1	2	BA1652	9755	5	0	0	0	0	0	0	1	0	0	0
A	BL	20	128	1	2	BA1652	9758	5	0	0	1	0	0	0	0	0	0	0
A	BL	20	128	1	2	BA1652	9761	5	0	0	0	0	0	0	1	0	0	0
A	BL	20	128	1	2	BA1652	9762	5	4	0	0	0	0	0	0	0	0	0
A	BL	20	128	1	2	BA1652	9785	4	5	1	1	0	0	0	0	0	0	0
A	BL	20	128	1	2	BA1652	9792	5	0	0	0	0	0	0	1	0	0	0
A	BL	20	128	1	2	BA1652	9794	5	0	0	1	0	0	0	0	0	0	0
A	BL	20	128	1	2	BA1652	9795	5	4	0	0	0	0	0	1	0	0	0
A	BL	20	128	1	2	BA1652	9832	4	5	1	1	0	0	0	0	0	0	0
A	BL	20	128	1	2	BA1652	9839	5	0	0	0	0	0	0	1	0	0	0
A	BL	20	128	1	2	BA1652	9842	5	9	0	0	0	0	0	0	0	0	0
A	BL	20	128	1	2	BA1652	9852	9	10	0	0	0	0	0	0	0	0	0
A	BL	20	128	1	2	BA1652	9927	10	2	0	0	0	0	0	0	0	0	0
A	BL	20	128	1	2	BA1652	9928	2	3	0	0	0	0	0	0	0	0	0
A	BL	20	128	1	2	BA1652	9984	3	5	1	1	0	0	0	0	0	0	0
A	BL	20	128	1	2	BA1652	9994	5	4	0	0	0	0	0	0	0	0	0
A	BL	20	128	1	2	BA1652	10008	4	0	0	0	0	0	0	1	0	0	0
A	BL	20	128	1	2	BA1652	10022	4	5	1	1	0	0	0	0	0	0	0
A	BL	20	128	1	2	BA1652	10026	5	0	0	0	0	0	0	1	0	0	0
A	BL	20	128	1	2	BA1652	10032	5	4	0	1	0	0	0	0	0	0	0
A	BL	20	128	1	2	BA1652	10034	4	0	0	0	0	0	0	1	0	0	0
A	BL	20	128	1	2	BA1652	10036	4	5	1	1	0	0	0	0	0	0	0
A	BL	20	128	1	2	BA1652	10044	5	0	0	0	0	0	0	1	0	0	0
A	BL	20	128	1	2	BA1652	10046	5	4	0	0	0	0	0	0	0	0	0
A	BL	20	128	1	2	BA1652	10061	4	5	1	1	0	0	0	0	0	0	0
A	BL	20	128	1	2	BA1652	10067	5	0	0	0	0	0	0	1	0	0	0
A	BL	20	128	1	2	BA1652	10071	5	4	0	0	0	0	0	0	0	0	0
A	BL	20	128	1	2	BA1652	10082	4	5	1	1	0	0	0	0	0	0	0
A	BL	20	128	1	2	BA1652	10086	5	0	0	0	0	0	0	1	0	0	0
A	BL	20	128	1	2	BA1652	10092	5	9	0	0	0	0	0	0	0	0	0
A	BL	20	128	1	2	BA1652	10102	9	10	0	0	0	0	0	0	0	0	0
A	BL	20	128	1	2	BA1652	10177	10	2	0	0	0	0	0	0	0	0	0
A	BL	20	128	1	2	BA1652	10178	2	6	0	0	0	0	0	0	0	0	0
A	BL	20	128	1	2	BA1652	10432	6	8	2	0	1	0	0	0	0	0	0
A	BL	20	128	1	2	BA1652	10441	8	0	0	0	0	0	0	0	1	0	0
A	BL	20	128	1	2	BA1652	10442	8	7	0	0	0	0	0	0	0	0	0
A	BL	20	128	1	2	BA1652	10536	7	8	2	0	1	0	0	0	0	0	0
A	BL	20	128	1	2	BA1652	10539	8	0	0	0	0	0	0	0	1	0	0
A	BL	20	128	1	2	BA1652	10546	8	7	0	0	0	0	0	0	0	0	0
A	BL	20	128	1	2	BA1652	10552	7	8	2	0	1	0	0	0	0	0	0
A	BL	20	128	1	2	BA1652	10555	8	0	0	0	0	0	0	0	1	0	0
A	BL	20	128	1	2	BA1652	10559	8	0	0	0	1	0	0	0	0	0	0
A	BL	20	128	1	2	BA1652	10562	8	7	0	0	0	0	0	0	0	0	0
A	BL	20	128	1	2	BA1652	10569	7	0	0	0	0	0	0	0	1	0	0
A	BL	20	128	1	2	BA1652	10571	7	8	2	0	1	0	0	0	0	0	0
A	BL	20	128	1	2	BA1652	10577	8	0	0	0	0	0	0	0	1	0	0
A	BL	20	128	1	2	BA1652	10581	8	7	0	0	0	0	0	0	0	0	0
A	BL	20	128	1	2	BA1652	10630	7	8	2	0	1	0	0	0	0	0	0
A	BL	20	128	1	2	BA1652	10633	8	0	0	0	0	0	0	0	1	0	0
A	BL	20	128	1	2	BA1652	10640	8	7	0	0	0	0	0	0	0	0	0
A	BL	20	128	1	2	BA1652	10661	7	8	2	0	1	0	0	0	0	0	0
A	BL	20	128	1	2	BA1652	10666	8	0	0	0	0	0	0	0	1	0	0
A	BL	20	128	1	2	BA1652	10671	8	7	0	0	0	0	0	0	0	0	0
A	BL	20	128	1	2	BA1652	10674	7	8	2	0	1	0	0	0	0	0	0
A	BL	20	128	1	2	BA1652	10682	8	0	0	0	0	0	0	0	1	0	0
A	BL	20	128	1	2	BA1652	10684	8	7	0	0	0	0	0	0	0	0	0
A	BL	20	128	1	2	BA1652	10704	7	8	2	0	1	0	0	0	0	0	0
A	BL	20	128	1	2	BA1652	10708	8	0	0	0	0	0	0	0	1	0	0
A	BL	20	128	1	2	BA1652	10711	8	0	0	0	1	0	0	0	0	0	0
A	BL	20	128	1	2	BA1652	10714	8	7	0	0	0	0	0	0	0	0	0
A	BL	20	128	1	2	BA1652	10722	7	0	0	0	0	0	0	0	1	0	0
A	BL	20	128	1	2	BA1652	10728	7	8	2	0	1	0	0	0	0	0	0
A	BL	20	128	1	2	BA1652	10731	8	0	0	0	0	0	0	0	1	0	0
A	BL	20	128	1	2	BA1652	10738	8	7	0	0	0	0	0	0	0	0	0
A	BL	20	128	1	2	BA1652	10750	7	8	2	0	1	0	0	0	0	0	0
A	BL	20	128	1	2	BA1652	10760	8	7	0	0	0	0	0	0	0	0	0
A	BL	20	128	1	2	BA1652	10769	7	0	0	0	0	0	0	0	1	0	0
A	BL	20	128	1	2	BA1652	10774	7	8	2	0	1	0	0	0	0	0	0
A	BL	20	128	1	2	BA1652	10778	8	0	0	0	0	0	0	0	1	0	0
A	BL	20	128	1	2	BA1652	10784	8	7	0	0	0	0	0	0	0	0	0
A	BL	20	128	1	2	BA1652	10792	7	8	2	0	1	0	0	0	0	0	0
A	BL	20	128	1	2	BA1652	10794	8	0	0	0	0	0	0	0	1	0	0
A	BL	20	128	1	2	BA1652	10796	8	0	0	0	1	0	0	0	0	0	0
A	BL	20	128	1	2	BA1652	10801	8	0	0	0	0	0	0	0	1	0	0
A	BL	20	128	1	2	BA1652	10802	8	7	0	0	1	0	0	0	0	0	0
A	BL	20	128	1	2	BA1652	10810	7	0	0	0	0	0	0	0	1	0	0
A	BL	20	128	1	2	BA1652	10817	7	8	2	0	1	0	0	0	0	0	0
A	BL	20	128	1	2	BA1652	10827	8	7	0	0	0	0	0	0	0	0	0
A	BL	20	128	1	2	BA1652	10829	7	0	0	0	0	0	0	0	1	0	0
A	BL	20	128	1	2	BA1652	10958	7	8	2	0	1	0	0	0	0	0	0
A	BL	20	128	1	2	BA1652	10962	8	0	0	0	0	0	0	0	1	0	0
A	BL	20	128	1	2	BA1652	10965	8	0	0	0	1	0	0	0	0	0	0
A	BL	20	128	1	2	BA1652	10968	8	7	0	0	0	0	0	0	0	0	0
A	BL	20	128	1	2	BA1652	10981	7	0	0	0	0	0	0	0	1	0	0
A	BL	20	128	1	2	BA1652	10985	7	8	2	0	1	0	0	0	0	0	0
A	BL	20	128	1	2	BA1652	10992	8	0	0	0	0	0	0	0	1	0	0
A	BL	20	128	1	2	BA1652	10995	8	7	0	0	0	0	0	0	0	0	0
A	BL	20	128	1	2	BA1652	11000	7	8	2	0	1	0	0	0	0	0	0
A	BL	20	128	1	2	BA1652	11009	8	0	0	0	0	0	0	0	1	0	0
A	BL	20	128	1	2	BA1652	11010	8	7	0	0	0	0	0	0	0	0	0
A	BL	20	128	1	2	BA1652	11018	7	8	2	0	1	0	0	0	0	0	0
A	BL	20	128	1	2	BA1652	11020	8	0	0	0	0	0	0	0	1	0	0
A	BL	20	128	1	2	BA1652	11022	8	0	0	0	1	0	0	0	0	0	0
A	BL	20	128	1	2	BA1652	11028	8	7	0	0	0	0	0	0	0	0	0
A	BL	20	128	1	2	BA1652	11036	7	0	0	0	0	0	0	0	1	0	0
A	BL	20	128	1	2	BA1652	11130	7	8	2	0	1	0	0	0	0	0	0
A	BL	20	128	1	2	BA1652	11135	8	0	0	0	0	0	0	0	1	0	0
A	BL	20	128	1	2	BA1652	11140	8	7	0	0	0	0	0	0	0	0	0
A	BL	20	128	1	2	BA1652	11223	7	8	2	0	1	0	0	0	0	0	0
A	BL	20	128	1	2	BA1652	11224	8	0	0	0	0	0	0	0	1	0	0
A	BL	20	128	1	2	BA1652	11233	8	7	0	0	0	0	0	0	0	0	0
A	BL	20	128	1	2	BA1652	11238	7	8	2	0	1	0	0	0	0	0	0
A	BL	20	128	1	2	BA1652	11245	8	0	0	0	0	0	0	0	1	0	0
A	BL	20	128	1	2	BA1652	11247	8	0	0	0	1	0	0	0	0	0	0
A	BL	20	128	1	2	BA1652	11248	8	9	0	0	0	0	0	0	0	0	0
A	BL	20	128	1	2	BA1652	11252	9	0	0	0	0	0	0	0	1	0	0
A	BL	20	128	1	2	BA1652	11256	9	0	0	0	1	0	0	0	0	0	0
A	BL	20	128	1	2	BA1652	11258	9	10	0	0	0	0	0	0	0	0	0
A	BL	20	128	1	2	BA1652	11260	10	0	0	0	0	0	0	0	1	0	0
A	BL	20	128	1	2	BA1652	11333	10	2	0	0	0	0	0	0	0	0	0
A	BL	20	128	1	2	BA1652	11334	2	6	0	0	0	0	0	0	0	0	0
A	BL	20	128	1	2	BA1652	11463	6	8	2	0	1	0	0	0	0	0	0
A	BL	20	128	1	2	BA1652	11467	8	0	0	0	0	0	0	0	1	0	0
A	BL	20	128	1	2	BA1652	11473	8	7	0	0	0	0	0	0	0	0	0
A	BL	20	128	1	2	BA1652	11488	7	8	2	0	1	0	0	0	0	0	0
A	BL	20	128	1	2	BA1652	11497	8	0	0	0	0	0	0	0	1	0	0
A	BL	20	128	1	2	BA1652	11498	8	7	0	0	0	0	0	0	0	0	0
A	BL	20	128	1	2	BA1652	11536	7	8	2	0	1	0	0	0	0	0	0
A	BL	20	128	1	2	BA1652	11546	8	7	0	0	0	0	0	0	0	0	0
A	BL	20	128	1	2	BA1652	11547	7	0	0	0	0	0	0	0	1	0	0
A	BL	20	128	1	2	BA1652	11567	7	8	2	0	1	0	0	0	0	0	0
A	BL	20	128	1	2	BA1652	11574	8	0	0	0	0	0	0	0	1	0	0
A	BL	20	128	1	2	BA1652	11577	8	7	0	0	0	0	0	0	0	0	0
A	BL	20	128	1	2	BA1652	11597	7	8	2	0	1	0	0	0	0	0	0
A	BL	20	128	1	2	BA1652	11607	8	7	0	0	0	0	0	0	1	0	0
A	BL	20	128	1	2	BA1652	11781	7	8	2	0	1	0	0	0	0	0	0
A	BL	20	128	1	2	BA1652	11787	8	0	0	0	0	0	0	0	1	0	0
A	BL	20	128	1	2	BA1652	11791	8	7	0	0	0	0	0	0	0	0	0
A	BL	20	128	1	2	BA1652	11804	7	8	2	0	1	0	0	0	0	0	0
A	BL	20	128	1	2	BA1652	11812	8	0	0	0	0	0	0	0	1	0	0
A	BL	20	128	1	2	BA1652	11814	8	7	0	0	0	0	0	0	0	0	0
A	BL	20	128	1	2	BA1652	11816	7	8	2	0	1	0	0	0	0	0	0
A	BL	20	128	1	2	BA1652	11823	8	0	0	0	0	0	0	0	1	0	0
A	BL	20	128	1	2	BA1652	11826	8	7	0	0	1	0	0	0	0	0	0
A	BL	20	128	1	2	BA1652	11833	7	0	0	0	0	0	0	0	1	0	0
A	BL	20	128	1	2	BA1652	11836	7	8	2	0	1	0	0	0	0	0	0
A	BL	20	128	1	2	BA1652	11845	8	0	0	0	0	0	0	0	1	0	0
A	BL	20	128	1	2	BA1652	11846	8	7	0	0	0	0	0	0	0	0	0
A	BL	20	128	1	2	BA1652	11847	7	8	2	0	1	0	0	0	0	0	0
A	BL	20	128	1	2	BA1652	11852	8	0	0	0	0	0	0	0	1	0	0
A	BL	20	128	1	2	BA1652	11855	8	0	0	0	1	0	0	0	0	0	0
A	BL	20	128	1	2	BA1652	11857	8	7	0	0	0	0	0	0	0	0	0
A	BL	20	128	1	2	BA1652	11860	7	0	0	0	0	0	0	0	1	0	0
A	BL	20	128	1	2	BA1652	11868	7	8	2	0	1	0	0	0	0	0	0
A	BL	20	128	1	2	BA1652	11878	8	7	0	0	0	0	0	0	0	0	0
A	BL	20	128	1	2	BA1652	11879	7	0	0	0	0	0	0	0	1	0	0
A	BL	20	128	1	2	BA1652	11895	7	8	2	0	1	0	0	0	0	0	0
A	BL	20	128	1	2	BA1652	11905	8	7	0	0	0	0	0	0	0	0	0
A	BL	20	128	1	2	BA1652	11909	7	0	0	0	0	0	0	0	1	0	0
A	BL	20	128	1	2	BA1652	11917	7	8	2	0	1	0	0	0	0	0	0
A	BL	20	128	1	2	BA1652	11920	8	0	0	0	0	0	0	0	1	0	0
A	BL	20	128	1	2	BA1652	11927	8	7	0	0	0	0	0	0	0	0	0
A	BL	20	128	1	2	BA1652	11928	7	8	2	0	1	0	0	0	0	0	0
A	BL	20	128	1	2	BA1652	11933	8	0	0	0	0	0	0	0	1	0	0
A	BL	20	128	1	2	BA1652	11938	8	7	0	0	0	0	0	0	0	0	0
A	BL	20	128	1	2	BA1652	11953	7	8	2	0	1	0	0	0	0	0	0
A	BL	20	128	1	2	BA1652	11958	8	0	0	0	0	0	0	0	1	0	0
A	BL	20	128	1	2	BA1652	11963	8	7	0	0	0	0	0	0	0	0	0
A	BL	20	128	1	2	BA1652	11972	7	8	2	0	1	0	0	0	0	0	0
A	BL	20	128	1	2	BA1652	11982	8	7	0	0	0	0	0	0	0	0	0
A	BL	20	128	1	2	BA1652	11985	7	0	0	0	0	0	0	0	1	0	0
A	BL	20	128	1	2	BA1652	11989	7	8	2	0	1	0	0	0	0	0	0
A	BL	20	128	1	2	BA1652	11993	8	0	0	0	0	0	0	0	1	0	0
A	BL	20	128	1	2	BA1652	11997	8	0	0	0	1	0	0	0	0	0	0
A	BL	20	128	1	2	BA1652	11999	8	7	0	0	0	0	0	0	0	0	0
A	BL	20	128	1	2	BA1652	12006	7	0	0	0	0	0	0	0	1	0	0
A	BL	20	128	1	2	BA1652	12029	7	8	2	0	1	0	0	0	0	0	0
A	BL	20	128	1	2	BA1652	12039	8	7	0	0	0	0	0	0	0	0	0
A	BL	20	128	1	2	BA1652	12058	7	0	0	0	0	0	0	0	1	0	0
A	BL	20	128	1	2	BA1652	12061	7	8	2	0	1	0	0	0	0	0	0
A	BL	20	128	1	2	BA1652	12066	8	0	0	0	0	0	0	0	1	0	0
A	BL	20	128	1	2	BA1652	12071	8	7	0	0	0	0	0	0	0	0	0
A	BL	20	128	1	2	BA1652	12075	7	8	2	0	1	0	0	0	0	0	0
A	BL	20	128	1	2	BA1652	12084	8	0	0	0	0	0	0	0	1	0	0
A	BL	20	128	1	2	BA1652	12085	8	9	0	0	0	0	0	0	0	0	0
A	BL	20	128	1	2	BA1652	12095	9	10	0	0	0	0	0	0	0	0	0
A	BL	20	128	1	2	BA1652	12170	10	2	0	0	0	0	0	0	0	0	0
A	BL	20	128	1	2	BA1652	12171	2	3	0	0	0	0	0	0	0	0	0
A	BL	20	128	1	2	BA1652	12235	3	5	1	1	0	0	0	0	0	0	0
A	BL	20	128	1	2	BA1652	12239	5	0	0	0	0	0	0	1	0	0	0
A	BL	20	128	1	2	BA1652	12245	5	4	0	0	0	0	0	0	0	0	0
A	BL	20	128	1	2	BA1652	12247	4	5	1	1	0	0	0	0	0	0	0
A	BL	20	128	1	2	BA1652	12255	5	0	0	0	0	0	0	1	0	0	0
A	BL	20	128	1	2	BA1652	12257	5	4	0	0	0	0	0	0	0	0	0
A	BL	20	128	1	2	BA1652	12258	4	5	1	1	0	0	0	0	0	0	0
A	BL	20	128	1	2	BA1652	12266	5	0	0	0	0	0	0	1	0	0	0
A	BL	20	128	1	2	BA1652	12268	5	4	0	0	0	0	0	0	0	0	0
A	BL	20	128	1	2	BA1652	12270	4	5	1	1	0	0	0	0	0	0	0
A	BL	20	128	1	2	BA1652	12277	5	0	0	0	0	0	0	1	0	0	0
A	BL	20	128	1	2	BA1652	12280	5	4	0	1	0	0	0	0	0	0	0
A	BL	20	128	1	2	BA1652	12291	4	0	0	0	0	0	0	1	0	0	0
A	BL	20	128	1	2	BA1652	12298	4	5	1	1	0	0	0	0	0	0	0
A	BL	20	128	1	2	BA1652	12308	5	9	0	0	0	0	0	0	0	0	0
A	BL	20	128	1	2	BA1652	12314	9	0	0	0	0	0	0	1	0	0	0
A	BL	20	128	1	2	BA1652	12318	9	10	0	0	0	0	0	0	0	0	0
A	BL	20	128	1	2	BA1652	12393	10	2	0	0	0	0	0	0	0	0	0
A	BL	20	128	1	2	BA1652	12394	2	6	0	0	0	0	0	0	0	0	0
A	BL	20	128	1	2	BA1652	13906	6	8	2	0	1	0	0	0	0	0	0
A	BL	20	128	1	2	BA1652	13907	8	0	0	0	0	0	0	0	1	0	0
A	BL	20	128	1	2	BA1652	13916	8	7	0	0	0	0	0	0	0	0	0
A	BL	20	128	1	2	BA1652	14135	7	8	2	0	1	0	0	0	0	0	0
A	BL	20	128	1	2	BA1652	14139	8	0	0	0	0	0	0	0	1	0	0
A	BL	20	128	1	2	BA1652	14144	8	0	0	0	1	0	0	0	0	0	0
A	BL	20	128	1	2	BA1652	14145	8	7	0	0	0	0	0	0	0	0	0
A	BL	20	128	1	2	BA1652	14151	7	0	0	0	0	0	0	0	1	0	0
A	BL	20	128	1	2	BA1652	14171	7	8	2	0	1	0	0	0	0	0	0
A	BL	20	128	1	2	BA1652	14175	8	0	0	0	0	0	0	0	1	0	0
A	BL	20	128	1	2	BA1652	14176	8	0	0	0	1	0	0	0	0	0	0
A	BL	20	128	1	2	BA1652	14181	8	7	0	0	0	0	0	0	0	0	0
A	BL	20	128	1	2	BA1652	14186	7	0	0	0	0	0	0	0	1	0	0
A	BL	20	128	1	2	BA1652	14189	7	8	2	0	1	0	0	0	0	0	0
A	BL	20	128	1	2	BA1652	14195	8	0	0	0	0	0	0	0	1	0	0
A	BL	20	128	1	2	BA1652	14199	8	7	0	0	0	0	0	0	0	0	0
A	BL	20	128	1	2	BA1652	14204	7	8	2	0	1	0	0	0	0	0	0
A	BL	20	128	1	2	BA1652	14209	8	0	0	0	0	0	0	0	1	0	0
A	BL	20	128	1	2	BA1652	14210	8	0	0	0	1	0	0	0	0	0	0
A	BL	20	128	1	2	BA1652	14214	8	7	0	0	0	0	0	0	0	0	0
A	BL	20	128	1	2	BA1652	14217	7	0	0	0	0	0	0	0	1	0	0
A	BL	20	128	1	2	BA1652	14219	7	8	2	0	1	0	0	0	0	0	0
A	BL	20	128	1	2	BA1652	14224	8	0	0	0	0	0	0	0	1	0	0
A	BL	20	128	1	2	BA1652	14229	8	7	0	0	0	0	0	0	0	0	0
A	BL	20	128	1	2	BA1652	14230	7	8	2	0	1	0	0	0	0	0	0
A	BL	20	128	1	2	BA1652	14233	8	0	0	0	0	0	0	0	1	0	0
A	BL	20	128	1	2	BA1652	14236	8	0	0	0	1	0	0	0	0	0	0
A	BL	20	128	1	2	BA1652	14239	8	0	0	0	0	0	0	0	1	0	0
A	BL	20	128	1	2	BA1652	14240	8	7	0	0	0	0	0	0	0	0	0
A	BL	20	128	1	2	BA1652	14241	7	8	2	0	1	0	0	0	0	0	0
A	BL	20	128	1	2	BA1652	14245	8	0	0	0	0	0	0	0	1	0	0
A	BL	20	128	1	2	BA1652	14246	8	0	0	0	1	0	0	0	0	0	0
A	BL	20	128	1	2	BA1652	14250	8	0	0	0	0	0	0	0	1	0	0
A	BL	20	128	1	2	BA1652	14251	8	7	0	0	0	0	0	0	0	0	0
A	BL	20	128	1	2	BA1652	14322	7	8	2	0	1	0	0	0	0	0	0
A	BL	20	128	1	2	BA1652	14327	8	0	0	0	0	0	0	0	1	0	0
A	BL	20	128	1	2	BA1652	14331	8	0	0	0	1	0	0	0	0	0	0
A	BL	20	128	1	2	BA1652	14332	8	7	0	0	0	0	0	0	0	0	0
A	BL	20	128	1	2	BA1652	14333	7	0	0	0	0	0	0	0	1	0	0
A	BL	20	128	1	2	BA1652	14338	7	8	2	0	1	0	0	0	0	0	0
A	BL	20	128	1	2	BA1652	14345	8	0	0	0	0	0	0	0	1	0	0
A	BL	20	128	1	2	BA1652	14347	8	0	0	0	1	0	0	0	0	0	0
A	BL	20	128	1	2	BA1652	14348	8	7	0	0	0	0	0	0	0	0	0
A	BL	20	128	1	2	BA1652	14401	7	0	0	0	0	0	0	0	1	0	0
A	BL	20	128	1	2	BA1652	14417	7	8	2	0	1	0	0	0	0	0	0
A	BL	20	128	1	2	BA1652	14421	8	0	0	0	0	0	0	0	1	0	0
A	BL	20	128	1	2	BA1652	14423	8	0	0	0	1	0	0	0	0	0	0
A	BL	20	128	1	2	BA1652	14427	8	7	0	0	0	0	0	0	0	0	0
A	BL	20	128	1	2	BA1652	14430	7	0	0	0	0	0	0	0	1	0	0
A	BL	20	128	1	2	BA1652	14556	7	8	2	0	1	0	0	0	0	0	0
A	BL	20	128	1	2	BA1652	14566	8	7	0	0	0	0	0	0	0	0	0
A	BL	20	128	1	2	BA1652	14578	7	0	0	0	0	0	0	0	1	0	0
A	BL	20	128	1	2	BA1652	14583	7	8	2	0	1	0	0	0	0	0	0
A	BL	20	128	1	2	BA1652	14587	8	0	0	0	0	0	0	0	1	0	0
A	BL	20	128	1	2	BA1652	14593	8	7	0	0	0	0	0	0	0	0	0
A	BL	20	128	1	2	BA1652	14694	7	8	2	0	1	0	0	0	0	0	0
A	BL	20	128	1	2	BA1652	14700	8	0	0	0	0	0	0	0	1	0	0
A	BL	20	128	1	2	BA1652	14701	8	0	0	0	1	0	0	0	0	0	0
A	BL	20	128	1	2	BA1652	14704	8	7	0	0	0	0	0	0	0	0	0
A	BL	20	128	1	2	BA1652	14738	7	0	0	0	0	0	0	0	1	0	0
A	BL	20	128	1	2	BA1652	14765	7	8	2	0	1	0	0	0	0	0	0
A	BL	20	128	1	2	BA1652	14769	8	0	0	0	0	0	0	0	1	0	0
A	BL	20	128	1	2	BA1652	14771	8	0	0	0	1	0	0	0	0	0	0
A	BL	20	128	1	2	BA1652	14775	8	7	0	0	0	0	0	0	1	0	0
A	BL	20	128	1	2	BA1652	14776	7	8	2	0	1	0	0	0	0	0	0
A	BL	20	128	1	2	BA1652	14778	8	0	0	0	0	0	0	0	1	0	0
A	BL	20	128	1	2	BA1652	14779	8	0	0	0	1	0	0	0	0	0	0
A	BL	20	128	1	2	BA1652	14782	8	0	0	0	0	0	0	0	1	0	0
A	BL	20	128	1	2	BA1652	14786	8	7	0	0	0	0	0	0	0	0	0
A	BL	20	128	1	2	BA1652	14836	7	8	2	0	1	0	0	0	0	0	0
A	BL	20	128	1	2	BA1652	14840	8	0	0	0	0	0	0	0	1	0	0
A	BL	20	128	1	2	BA1652	14846	8	7	0	0	0	0	0	0	0	0	0
A	BL	20	128	1	2	BA1652	14850	7	8	2	0	1	0	0	0	0	0	0
A	BL	20	128	1	2	BA1652	14852	8	0	0	0	0	0	0	0	1	0	0
A	BL	20	128	1	2	BA1652	14857	8	0	0	0	1	0	0	0	0	0	0
A	BL	20	128	1	2	BA1652	14860	8	7	0	0	0	0	0	0	1	0	0
A	BL	20	128	1	2	BA1652	14864	7	8	2	0	1	0	0	0	0	0	0
A	BL	20	128	1	2	BA1652	14872	8	0	0	0	0	0	0	0	1	0	0
A	BL	20	128	1	2	BA1652	14874	8	7	0	0	0	0	0	0	0	0	0
A	BL	20	128	1	2	BA1652	14886	7	8	2	0	1	0	0	0	0	0	0
A	BL	20	128	1	2	BA1652	14888	8	0	0	0	0	0	0	0	1	0	0
A	BL	20	128	1	2	BA1652	14896	8	9	0	0	0	0	0	0	0	0	0
A	BL	20	128	1	2	BA1652	14898	9	0	0	0	1	0	0	0	0	0	0
A	BL	20	128	1	2	BA1652	14906	9	10	0	0	0	0	0	0	0	0	0
A	BL	20	128	1	2	BA1652	14908	10	0	0	0	0	0	0	0	1	0	0
A	BL	20	128	1	2	BA1652	14981	10	2	0	0	0	0	0	0	0	0	0
A	BL	20	128	1	2	BA1652	14982	2	3	0	0	0	0	0	0	0	0	0
A	BL	20	128	1	2	BA1652	15055	3	5	1	1	0	0	0	0	0	0	0
A	BL	20	128	1	2	BA1652	15063	5	0	0	0	0	0	0	1	0	0	0
A	BL	20	128	1	2	BA1652	15065	5	4	0	0	0	0	0	0	0	0	0
A	BL	20	128	1	2	BA1652	15072	4	5	1	1	0	0	0	0	0	0	0
A	BL	20	128	1	2	BA1652	15082	5	4	0	0	0	0	0	0	0	0	0
A	BL	20	128	1	2	BA1652	15093	4	0	0	0	0	0	0	1	0	0	0
A	BL	20	128	1	2	BA1652	15096	4	5	1	1	0	0	0	0	0	0	0
A	BL	20	128	1	2	BA1652	15101	5	0	0	0	0	0	0	1	0	0	0
A	BL	20	128	1	2	BA1652	15106	5	4	0	0	0	0	0	0	0	0	0
A	BL	20	128	1	2	BA1652	15109	4	5	1	1	0	0	0	0	0	0	0
A	BL	20	128	1	2	BA1652	15115	5	0	0	0	0	0	0	1	0	0	0
A	BL	20	128	1	2	BA1652	15119	5	4	0	0	0	0	0	0	0	0	0
A	BL	20	128	1	2	BA1652	15122	4	5	1	1	0	0	0	0	0	0	0
A	BL	20	128	1	2	BA1652	15132	5	9	0	0	0	0	0	0	0	0	0
A	BL	20	128	1	2	BA1652	15138	9	0	0	0	0	0	0	1	0	0	0
A	BL	20	128	1	2	BA1652	15142	9	10	0	0	0	0	0	0	0	0	0
A	BL	20	128	1	2	BA1652	15217	10	2	0	0	0	0	0	0	0	0	0
A	BL	20	128	1	2	BA1652	15218	2	3	0	0	0	0	0	0	0	0	0
A	BL	20	128	1	2	BA1652	15255	3	5	1	1	0	0	0	0	0	0	0
A	BL	20	128	1	2	BA1652	15265	5	4	0	0	0	0	0	0	0	0	0
A	BL	20	128	1	2	BA1652	15268	4	0	0	0	0	0	0	1	0	0	0
A	BL	20	128	1	2	BA1652	15275	4	5	1	1	0	0	0	0	0	0	0
A	BL	20	128	1	2	BA1652	15285	5	4	0	0	0	0	0	0	0	0	0
A	BL	20	128	1	2	BA1652	15287	4	0	0	0	0	0	0	1	0	0	0
A	BL	20	128	1	2	BA1652	15289	4	5	1	1	0	0	0	0	0	0	0
A	BL	20	128	1	2	BA1652	15293	5	0	0	0	0	0	0	1	0	0	0
A	BL	20	128	1	2	BA1652	15296	5	0	0	1	0	0	0	0	0	0	0
A	BL	20	128	1	2	BA1652	15299	5	4	0	0	0	0	0	0	0	0	0
A	BL	20	128	1	2	BA1652	15301	4	0	0	0	0	0	0	1	0	0	0
A	BL	20	128	1	2	BA1652	15304	4	5	1	1	0	0	0	0	0	0	0
A	BL	20	128	1	2	BA1652	15311	5	0	0	0	0	0	0	1	0	0	0
A	BL	20	128	1	2	BA1652	15314	5	4	0	0	0	0	0	0	0	0	0
A	BL	20	128	1	2	BA1652	15327	4	5	1	1	0	0	0	0	0	0	0
A	BL	20	128	1	2	BA1652	15336	5	0	0	0	0	0	0	1	0	0	0
A	BL	20	128	1	2	BA1652	15337	5	9	0	0	0	0	0	0	0	0	0
A	BL	20	128	1	2	BA1652	15347	9	10	0	0	0	0	0	0	0	0	0
A	BL	20	128	1	2	BA1652	15422	10	2	0	0	0	0	0	0	0	0	0
A	BL	20	128	1	2	BA1652	15423	2	3	0	0	0	0	0	0	0	0	0
A	BL	20	128	1	2	BA1652	15468	3	5	1	1	0	0	0	0	0	0	0
A	BL	20	128	1	2	BA1652	15478	5	4	0	0	0	0	0	0	0	0	0
A	BL	20	128	1	2	BA1652	15481	4	0	0	0	0	0	0	1	0	0	0
A	BL	20	128	1	2	BA1652	15488	4	5	1	1	0	0	0	0	0	0	0
A	BL	20	128	1	2	BA1652	15493	5	0	0	0	0	0	0	1	0	0	0
A	BL	20	128	1	2	BA1652	15494	5	0	0	1	0	0	0	0	0	0	0
A	BL	20	128	1	2	BA1652	15498	5	4	0	0	0	0	0	0	0	0	0
A	BL	20	128	1	2	BA1652	15508	4	0	0	0	0	0	0	1	0	0	0
A	BL	20	128	1	2	BA1652	15509	4	5	1	1	0	0	0	0	0	0	0
A	BL	20	128	1	2	BA1652	15512	5	0	0	0	0	0	0	1	0	0	0
A	BL	20	128	1	2	BA1652	15516	5	0	0	1	0	0	0	0	0	0	0
A	BL	20	128	1	2	BA1652	15519	5	4	0	0	0	0	0	1	0	0	0
A	BL	20	128	1	2	BA1652	15528	4	5	1	1	0	0	0	0	0	0	0
A	BL	20	128	1	2	BA1652	15533	5	0	0	0	0	0	0	1	0	0	0
A	BL	20	128	1	2	BA1652	15538	5	4	0	0	0	0	0	0	0	0	0
A	BL	20	128	1	2	BA1652	15540	4	5	1	1	0	0	0	0	0	0	0
A	BL	20	128	1	2	BA1652	15545	5	0	0	0	0	0	0	1	0	0	0
A	BL	20	128	1	2	BA1652	15546	5	0	0	1	0	0	0	0	0	0	0
A	BL	20	128	1	2	BA1652	15550	5	9	0	0	0	0	0	0	0	0	0
A	BL	20	128	1	2	BA1652	15560	9	10	0	0	0	0	0	1	0	0	0
A	BL	20	128	1	2	BA1652	15635	10	2	0	0	0	0	0	0	0	0	0
A	BL	20	128	1	2	BA1652	15636	2	6	0	0	0	0	0	0	0	0	0
A	BL	20	128	1	2	BA1652	15819	6	8	2	0	1	0	0	0	0	0	0
A	BL	20	128	1	2	BA1652	15829	8	7	0	0	0	0	0	0	0	0	0
A	BL	20	128	1	2	BA1652	15936	7	0	0	0	0	0	0	0	1	0	0
A	BL	20	128	1	2	BA1652	15939	7	8	2	0	1	0	0	0	0	0	0
A	BL	20	128	1	2	BA1652	15949	8	7	0	0	0	0	0	0	0	0	0
A	BL	20	128	1	2	BA1652	15964	7	0	0	0	0	0	0	0	1	0	0
A	BL	20	128	1	2	BA1652	15976	7	8	2	0	1	0	0	0	0	0	0
A	BL	20	128	1	2	BA1652	15979	8	0	0	0	0	0	0	0	1	0	0
A	BL	20	128	1	2	BA1652	15984	8	0	0	0	1	0	0	0	0	0	0
A	BL	20	128	1	2	BA1652	15985	8	0	0	0	0	0	0	0	1	0	0
A	BL	20	128	1	2	BA1652	15986	8	7	0	0	1	0	0	0	0	0	0
A	BL	20	128	1	2	BA1652	15988	7	0	0	0	0	0	0	0	1	0	0
A	BL	20	128	1	2	BA1652	16046	7	8	2	0	1	0	0	0	0	0	0
A	BL	20	128	1	2	BA1652	16056	8	7	0	0	0	0	0	0	0	0	0
A	BL	20	128	1	2	BA1652	16095	7	0	0	0	0	0	0	0	1	0	0
A	BL	20	128	1	2	BA1652	16101	7	8	2	0	1	0	0	0	0	0	0
A	BL	20	128	1	2	BA1652	16111	8	7	0	0	0	0	0	0	0	0	0
A	BL	20	128	1	2	BA1652	16115	7	0	0	0	0	0	0	0	1	0	0
A	BL	20	128	1	2	BA1652	16119	7	8	2	0	1	0	0	0	0	0	0
A	BL	20	128	1	2	BA1652	16128	8	0	0	0	0	0	0	0	1	0	0
A	BL	20	128	1	2	BA1652	16129	8	7	0	0	0	0	0	0	0	0	0
A	BL	20	128	1	2	BA1652	16132	7	8	2	0	1	0	0	0	0	0	0
A	BL	20	128	1	2	BA1652	16135	8	0	0	0	0	0	0	0	1	0	0
A	BL	20	128	1	2	BA1652	16142	8	7	0	0	0	0	0	0	0	0	0
A	BL	20	128	1	2	BA1652	16159	7	8	2	0	1	0	0	0	0	0	0
A	BL	20	128	1	2	BA1652	16169	8	7	0	0	0	0	0	0	0	0	0
A	BL	20	128	1	2	BA1652	16170	7	0	0	0	0	0	0	0	1	0	0
A	BL	20	128	1	2	BA1652	16189	7	8	2	0	1	0	0	0	0	0	0
A	BL	20	128	1	2	BA1652	16199	8	7	0	0	0	0	0	0	0	0	0
A	BL	20	128	1	2	BA1652	16202	7	0	0	0	0	0	0	0	1	0	0
A	BL	20	128	1	2	BA1652	16204	7	8	2	0	1	0	0	0	0	0	0
A	BL	20	128	1	2	BA1652	16206	8	0	0	0	1	0	0	0	1	0	0
A	BL	20	128	1	2	BA1652	16214	8	7	0	0	0	0	0	0	0	0	0
A	BL	20	128	1	2	BA1652	16216	7	0	0	0	0	0	0	0	1	0	0
A	BL	20	128	1	2	BA1652	16244	7	8	2	0	1	0	0	0	0	0	0
A	BL	20	128	1	2	BA1652	16252	8	0	0	0	0	0	0	0	1	0	0
A	BL	20	128	1	2	BA1652	16254	8	7	0	0	1	0	0	0	0	0	0
A	BL	20	128	1	2	BA1652	16266	7	0	0	0	0	0	0	0	1	0	0
A	BL	20	128	1	2	BA1652	16267	7	8	2	0	1	0	0	0	0	0	0
A	BL	20	128	1	2	BA1652	16277	8	7	0	0	0	0	0	0	0	0	0
A	BL	20	128	1	2	BA1652	16278	7	0	0	0	0	0	0	0	1	0	0
A	BL	20	128	1	2	BA1652	16279	7	8	2	0	1	0	0	0	0	0	0
A	BL	20	128	1	2	BA1652	16287	8	0	0	0	0	0	0	0	1	0	0
A	BL	20	128	1	2	BA1652	16289	8	7	0	0	1	0	0	0	0	0	0
A	BL	20	128	1	2	BA1652	16295	7	0	0	0	0	0	0	0	1	0	0
A	BL	20	128	1	2	BA1652	16316	7	8	2	0	1	0	0	0	0	0	0
A	BL	20	128	1	2	BA1652	16326	8	7	0	0	0	0	0	0	0	0	0
A	BL	20	128	1	2	BA1652	16345	7	0	0	0	0	0	0	0	1	0	0
A	BL	20	128	1	2	BA1652	16347	7	8	2	0	1	0	0	0	0	0	0
A	BL	20	128	1	2	BA1652	16355	8	0	0	0	0	0	0	0	1	0	0
A	BL	20	128	1	2	BA1652	16357	8	7	0	0	0	0	0	0	0	0	0
A	BL	20	128	1	2	BA1652	16361	7	8	2	0	1	0	0	0	0	0	0
A	BL	20	128	1	2	BA1652	16371	8	7	0	0	0	0	0	0	0	0	0
A	BL	20	128	1	2	BA1652	16374	7	0	0	0	0	0	0	0	1	0	0
A	BL	20	128	1	2	BA1652	16378	7	8	2	0	1	0	0	0	0	0	0
A	BL	20	128	1	2	BA1652	16379	8	0	0	0	0	0	0	0	1	0	0
A	BL	20	128	1	2	BA1652	16388	8	7	0	0	0	0	0	0	0	0	0
A	BL	20	128	1	2	BA1652	16406	7	8	2	0	1	0	0	0	0	0	0
A	BL	20	128	1	2	BA1652	16416	8	7	0	0	0	0	0	0	0	0	0
A	BL	20	128	1	2	BA1652	16418	7	0	0	0	0	0	0	0	1	0	0
A	BL	20	128	1	2	BA1652	16419	7	8	2	0	1	0	0	0	0	0	0
A	BL	20	128	1	2	BA1652	16426	8	0	0	0	0	0	0	0	1	0	0
A	BL	20	128	1	2	BA1652	16429	8	7	0	0	0	0	0	0	0	0	0
A	BL	20	128	1	2	BA1652	16490	7	8	2	0	1	0	0	0	0	0	0
A	BL	20	128	1	2	BA1652	16497	8	0	0	0	0	0	0	0	1	0	0
A	BL	20	128	1	2	BA1652	16499	8	0	0	0	1	0	0	0	0	0	0
A	BL	20	128	1	2	BA1652	16500	8	9	0	0	0	0	0	0	0	0	0
A	BL	20	128	1	2	BA1652	16508	9	0	0	0	0	0	0	0	1	0	0
A	BL	20	128	1	2	BA1652	16510	9	10	0	0	0	0	0	0	0	0	0
A	BL	20	128	1	2	BA1652	16585	10	2	0	0	0	0	0	0	0	0	0
A	BL	20	128	1	2	BA1652	16586	2	6	0	0	0	0	0	0	0	0	0
A	BL	20	128	1	2	BA1652	16717	6	8	2	0	1	0	0	0	0	0	0
A	BL	20	128	1	2	BA1652	16720	8	0	0	0	0	0	0	0	1	0	0
A	BL	20	128	1	2	BA1652	16727	8	7	0	0	0	0	0	0	0	0	0
A	BL	20	128	1	2	BA1652	16728	7	8	2	0	1	0	0	0	0	0	0
A	BL	20	128	1	2	BA1652	16736	8	0	0	0	0	0	0	0	1	0	0
A	BL	20	128	1	2	BA1652	16738	8	7	0	0	0	0	0	0	0	0	0
A	BL	20	128	1	2	BA1652	16757	7	8	2	0	1	0	0	0	0	0	0
A	BL	20	128	1	2	BA1652	16759	8	0	0	0	0	0	0	0	1	0	0
A	BL	20	128	1	2	BA1652	16767	8	7	0	0	0	0	0	0	0	0	0
A	BL	20	128	1	2	BA1652	16790	7	8	2	0	1	0	0	0	0	0	0
A	BL	20	128	1	2	BA1652	16800	8	7	0	0	0	0	0	0	0	0	0
A	BL	20	128	1	2	BA1652	16806	7	0	0	0	0	0	0	0	1	0	0
A	BL	20	128	1	2	BA1652	16811	7	8	2	0	1	0	0	0	0	0	0
A	BL	20	128	1	2	BA1652	16821	8	7	0	0	0	0	0	0	0	0	0
A	BL	20	128	1	2	BA1652	16841	7	0	0	0	0	0	0	0	1	0	0
A	BL	20	128	1	2	BA1652	16844	7	8	2	0	1	0	0	0	0	0	0
A	BL	20	128	1	2	BA1652	16845	8	0	0	0	0	0	0	0	1	0	0
A	BL	20	128	1	2	BA1652	16854	8	7	0	0	0	0	0	0	0	0	0
A	BL	20	128	1	2	BA1652	16856	7	8	2	0	1	0	0	0	0	0	0
A	BL	20	128	1	2	BA1652	16866	8	7	0	0	0	0	0	0	0	0	0
A	BL	20	128	1	2	BA1652	16868	7	0	0	0	0	0	0	0	1	0	0
A	BL	20	128	1	2	BA1652	16871	7	8	2	0	1	0	0	0	0	0	0
A	BL	20	128	1	2	BA1652	16881	8	7	0	0	0	0	0	0	0	0	0
A	BL	20	128	1	2	BA1652	16884	7	0	0	0	0	0	0	0	1	0	0
A	BL	20	128	1	2	BA1652	16895	7	8	2	0	1	0	0	0	0	0	0
A	BL	20	128	1	2	BA1652	16905	8	7	0	0	0	0	0	0	0	0	0
A	BL	20	128	1	2	BA1652	16923	7	0	0	0	0	0	0	0	1	0	0
A	BL	20	128	1	2	BA1652	16925	7	8	2	0	1	0	0	0	0	0	0
A	BL	20	128	1	2	BA1652	16931	8	0	0	0	0	0	0	0	1	0	0
A	BL	20	128	1	2	BA1652	16935	8	7	0	0	1	0	0	0	0	0	0
A	BL	20	128	1	2	BA1652	16980	7	0	0	0	0	0	0	0	1	0	0
A	BL	20	128	1	2	BA1652	16992	7	8	2	0	1	0	0	0	0	0	0
A	BL	20	128	1	2	BA1652	17000	8	0	0	0	0	0	0	0	1	0	0
A	BL	20	128	1	2	BA1652	17002	8	7	0	0	0	0	0	0	0	0	0
A	BL	20	128	1	2	BA1652	17003	7	8	2	0	1	0	0	0	0	0	0
A	BL	20	128	1	2	BA1652	17013	8	7	0	0	0	0	0	0	0	0	0
A	BL	20	128	1	2	BA1652	17018	7	0	0	0	0	0	0	0	1	0	0
A	BL	20	128	1	2	BA1652	17094	7	8	2	0	1	0	0	0	0	0	0
A	BL	20	128	1	2	BA1652	17099	8	0	0	0	0	0	0	0	1	0	0
A	BL	20	128	1	2	BA1652	17101	8	0	0	0	1	0	0	0	0	0	0
A	BL	20	128	1	2	BA1652	17104	8	7	0	0	0	0	0	0	0	0	0
A	BL	20	128	1	2	BA1652	17114	7	0	0	0	0	0	0	0	1	0	0
A	BL	20	128	1	2	BA1652	17117	7	8	2	0	1	0	0	0	0	0	0
A	BL	20	128	1	2	BA1652	17127	8	7	0	0	0	0	0	0	0	0	0
A	BL	20	128	1	2	BA1652	17154	7	0	0	0	0	0	0	0	1	0	0
A	BL	20	128	1	2	BA1652	17246	7	8	2	0	1	0	0	0	0	0	0
A	BL	20	128	1	2	BA1652	17252	8	0	0	0	0	0	0	0	1	0	0
A	BL	20	128	1	2	BA1652	17253	8	0	0	0	1	0	0	0	0	0	0
A	BL	20	128	1	2	BA1652	17256	8	7	0	0	0	0	0	0	0	0	0
A	BL	20	128	1	2	BA1652	17305	7	0	0	0	0	0	0	0	1	0	0
A	BL	20	128	1	2	BA1652	17309	7	8	2	0	1	0	0	0	0	0	0
A	BL	20	128	1	2	BA1652	17319	8	7	0	0	0	0	0	0	1	0	0
A	BL	20	128	1	2	BA1652	17326	7	8	2	0	1	0	0	0	0	0	0
A	BL	20	128	1	2	BA1652	17336	8	7	0	0	0	0	0	0	0	0	0
A	BL	20	128	1	2	BA1652	17366	7	0	0	0	0	0	0	0	1	0	0
A	BL	20	128	1	2	BA1652	17373	7	8	2	0	1	0	0	0	0	0	0
A	BL	20	128	1	2	BA1652	17376	8	0	0	0	0	0	0	0	1	0	0
A	BL	20	128	1	2	BA1652	17380	8	0	0	0	1	0	0	0	0	0	0
A	BL	20	128	1	2	BA1652	17383	8	7	0	0	0	0	0	0	0	0	0
A	BL	20	128	1	2	BA1652	17398	7	0	0	0	0	0	0	0	1	0	0
A	BL	20	128	1	2	BA1652	17402	7	8	2	0	1	0	0	0	0	0	0
A	BL	20	128	1	2	BA1652	17412	8	7	0	0	0	0	0	0	1	0	0
A	BL	20	128	1	2	BA1652	17451	7	8	2	0	1	0	0	0	0	0	0
A	BL	20	128	1	2	BA1652	17455	8	0	0	0	0	0	0	0	1	0	0
A	BL	20	128	1	2	BA1652	17457	8	0	0	0	1	0	0	0	0	0	0
A	BL	20	128	1	2	BA1652	17461	8	9	0	0	0	0	0	0	1	0	0
A	BL	20	128	1	2	BA1652	17471	9	10	0	0	0	0	0	0	0	0	0
A	BL	20	128	1	2	BA1652	17546	10	2	0	0	0	0	0	0	0	0	0
A	BL	20	128	1	2	BA1652	17547	2	6	0	0	0	0	0	0	0	0	0
A	BL	20	128	1	2	BA1652	17706	6	8	2	0	1	0	0	0	0	0	0
A	BL	20	128	1	2	BA1652	17710	8	0	0	0	1	0	0	0	1	0	0
A	BL	20	128	1	2	BA1652	17712	8	0	0	0	0	0	0	0	1	0	0
A	BL	20	128	1	2	BA1652	17716	8	7	0	0	0	0	0	0	0	0	0
A	BL	20	128	1	2	BA1652	17740	7	8	2	0	1	0	0	0	0	0	0
A	BL	20	128	1	2	BA1652	17743	8	0	0	0	0	0	0	0	1	0	0
A	BL	20	128	1	2	BA1652	17750	8	7	0	0	0	0	0	0	0	0	0
A	BL	20	128	1	2	BA1652	17763	7	8	2	0	1	0	0	0	0	0	0
A	BL	20	128	1	2	BA1652	17769	8	0	0	0	0	0	0	0	1	0	0
A	BL	20	128	1	2	BA1652	17773	8	7	0	0	0	0	0	0	0	0	0
A	BL	20	128	1	2	BA1652	17789	7	8	2	0	1	0	0	0	0	0	0
A	BL	20	128	1	2	BA1652	17799	8	7	0	0	0	0	0	0	0	0	0
A	BL	20	128	1	2	BA1652	17805	7	0	0	0	0	0	0	0	1	0	0
A	BL	20	128	1	2	BA1652	17811	7	8	2	0	1	0	0	0	0	0	0
A	BL	20	128	1	2	BA1652	17812	8	0	0	0	0	0	0	0	1	0	0
A	BL	20	128	1	2	BA1652	17821	8	7	0	0	0	0	0	0	0	0	0
A	BL	20	128	1	2	BA1652	17827	7	8	2	0	1	0	0	0	0	0	0
A	BL	20	128	1	2	BA1652	17830	8	0	0	0	0	0	0	0	1	0	0
A	BL	20	128	1	2	BA1652	17837	8	7	0	0	0	0	0	0	0	0	0
A	BL	20	128	1	2	BA1652	17839	7	8	2	0	1	0	0	0	0	0	0
A	BL	20	128	1	2	BA1652	17849	8	7	0	0	0	0	0	0	0	0	0
A	BL	20	128	1	2	BA1652	17852	7	0	0	0	0	0	0	0	1	0	0
A	BL	20	128	1	2	BA1652	17858	7	8	2	0	1	0	0	0	0	0	0
A	BL	20	128	1	2	BA1652	17868	8	7	0	0	0	0	0	0	0	0	0
A	BL	20	128	1	2	BA1652	17869	7	0	0	0	0	0	0	0	1	0	0
A	BL	20	128	1	2	BA1652	17893	7	8	2	0	1	0	0	0	0	0	0
A	BL	20	128	1	2	BA1652	17895	8	0	0	0	0	0	0	0	1	0	0
A	BL	20	128	1	2	BA1652	17896	8	0	0	0	1	0	0	0	0	0	0
A	BL	20	128	1	2	BA1652	17903	8	7	0	0	0	0	0	0	0	0	0
A	BL	20	128	1	2	BA1652	17916	7	0	0	0	0	0	0	0	1	0	0
A	BL	20	128	1	2	BA1652	17922	7	8	2	0	1	0	0	0	0	0	0
A	BL	20	128	1	2	BA1652	17932	8	7	0	0	0	0	0	0	0	0	0
A	BL	20	128	1	2	BA1652	17937	7	0	0	0	0	0	0	0	1	0	0
A	BL	20	128	1	2	BA1652	17939	7	8	2	0	1	0	0	0	0	0	0
A	BL	20	128	1	2	BA1652	17949	8	7	0	0	0	0	0	0	0	0	0
A	BL	20	128	1	2	BA1652	17956	7	0	0	0	0	0	0	0	1	0	0
A	BL	20	128	1	2	BA1652	17959	7	8	2	0	1	0	0	0	0	0	0
A	BL	20	128	1	2	BA1652	17968	8	0	0	0	0	0	0	0	1	0	0
A	BL	20	128	1	2	BA1652	17969	8	7	0	0	0	0	0	0	0	0	0
A	BL	20	128	1	2	BA1652	17987	7	8	2	0	1	0	0	0	0	0	0
A	BL	20	128	1	2	BA1652	17989	8	0	0	0	0	0	0	0	1	0	0
A	BL	20	128	1	2	BA1652	17994	8	0	0	0	1	0	0	0	0	0	0
A	BL	20	128	1	2	BA1652	17997	8	7	0	0	0	0	0	0	0	0	0
A	BL	20	128	1	2	BA1652	18000	7	0	0	0	0	0	0	0	1	0	0
A	BL	20	128	1	2	BA1652	18001	7	8	2	0	1	0	0	0	0	0	0
A	BL	20	128	1	2	BA1652	18011	8	7	0	0	0	0	0	0	0	0	0
A	BL	20	128	1	2	BA1652	18021	7	0	0	0	0	0	0	0	1	0	0
A	BL	20	128	1	2	BA1652	18024	7	8	2	0	1	0	0	0	0	0	0
A	BL	20	128	1	2	BA1652	18029	8	0	0	0	0	0	0	0	1	0	0
A	BL	20	128	1	2	BA1652	18032	8	0	0	0	1	0	0	0	0	0	0
A	BL	20	128	1	2	BA1652	18034	8	7	0	0	0	0	0	0	0	0	0
A	BL	20	128	1	2	BA1652	18040	7	0	0	0	0	0	0	0	1	0	0
A	BL	20	128	1	2	BA1652	18043	7	8	2	0	1	0	0	0	0	0	0
A	BL	20	128	1	2	BA1652	18053	8	7	0	0	0	0	0	0	0	0	0
A	BL	20	128	1	2	BA1652	18062	7	0	0	0	0	0	0	0	1	0	0
A	BL	20	128	1	2	BA1652	18065	7	8	2	0	1	0	0	0	0	0	0
A	BL	20	128	1	2	BA1652	18072	8	0	0	0	0	0	0	0	1	0	0
A	BL	20	128	1	2	BA1652	18075	8	7	0	0	0	0	0	0	0	0	0
A	BL	20	128	1	2	BA1652	18157	7	8	2	0	1	0	0	0	0	0	0
A	BL	20	128	1	2	BA1652	18161	8	0	0	0	0	0	0	0	1	0	0
A	BL	20	128	1	2	BA1652	18166	8	0	0	0	1	0	0	0	0	0	0
A	BL	20	128	1	2	BA1652	18167	8	7	0	0	0	0	0	0	0	0	0
A	BL	20	128	1	2	BA1652	18175	7	0	0	0	0	0	0	0	1	0	0
A	BL	20	128	1	2	BA1652	18179	7	8	2	0	1	0	0	0	0	0	0
A	BL	20	128	1	2	BA1652	18189	8	7	0	0	0	0	0	0	0	0	0
A	BL	20	128	1	2	BA1652	18227	7	0	0	0	0	0	0	0	1	0	0
A	BL	20	128	1	2	BA1652	18241	7	8	2	0	1	0	0	0	0	0	0
A	BL	20	128	1	2	BA1652	18245	8	0	0	0	0	0	0	0	1	0	0
A	BL	20	128	1	2	BA1652	18251	8	9	0	0	0	0	0	0	0	0	0
A	BL	20	128	1	2	BA1652	18256	9	0	0	0	1	0	0	0	0	0	0
A	BL	20	128	1	2	BA1652	18261	9	10	0	0	0	0	0	0	0	0	0
A	BL	20	128	1	2	BA1652	18267	10	0	0	0	0	0	0	0	1	0	0
A	BL	20	128	1	2	BA1652	18336	10	2	0	0	0	0	0	0	0	0	0
A	BL	20	128	1	2	BA1652	18337	2	3	0	0	0	0	0	0	0	0	0
A	BL	20	128	1	2	BA1652	18410	3	5	1	1	0	0	0	0	0	0	0
A	BL	20	128	1	2	BA1652	18414	5	0	0	0	0	0	0	1	0	0	0
A	BL	20	128	1	2	BA1652	18419	5	0	0	1	0	0	0	0	0	0	0
A	BL	20	128	1	2	BA1652	18420	5	4	0	0	0	0	0	0	0	0	0
A	BL	20	128	1	2	BA1652	18428	4	0	0	0	0	0	0	1	0	0	0
A	BL	20	128	1	2	BA1652	18430	4	5	1	1	0	0	0	0	0	0	0
A	BL	20	128	1	2	BA1652	18438	5	0	0	0	0	0	0	1	0	0	0
A	BL	20	128	1	2	BA1652	18440	5	4	0	0	0	0	0	0	0	0	0
A	BL	20	128	1	2	BA1652	18443	4	5	1	1	0	0	0	0	0	0	0
A	BL	20	128	1	2	BA1652	18448	5	0	0	0	0	0	0	1	0	0	0
A	BL	20	128	1	2	BA1652	18453	5	4	0	1	0	0	0	0	0	0	0
A	BL	20	128	1	2	BA1652	18456	4	5	1	1	0	0	0	1	0	0	0
A	BL	20	128	1	2	BA1652	18460	5	0	0	0	0	0	0	1	0	0	0
A	BL	20	128	1	2	BA1652	18463	5	0	0	1	0	0	0	0	0	0	0
A	BL	20	128	1	2	BA1652	18466	5	4	0	0	0	0	0	0	0	0	0
A	BL	20	128	1	2	BA1652	18472	4	0	0	0	0	0	0	1	0	0	0
A	BL	20	128	1	2	BA1652	18474	4	5	1	1	0	0	0	0	0	0	0
A	BL	20	128	1	2	BA1652	18480	5	0	0	0	0	0	0	1	0	0	0
A	BL	20	128	1	2	BA1652	18484	5	9	0	0	0	0	0	0	0	0	0
A	BL	20	128	1	2	BA1652	18486	9	0	0	1	0	0	0	0	0	0	0
A	BL	20	128	1	2	BA1652	18491	9	0	0	0	0	0	0	1	0	0	0
A	BL	20	128	1	2	BA1652	18494	9	10	0	0	0	0	0	0	0	0	0
A	BL	20	128	1	2	BA1652	18496	10	0	0	1	0	0	0	0	0	0	0
A	BL	20	128	1	2	BA1652	18498	10	0	0	0	0	0	0	1	0	0	0
A	BL	20	128	1	2	BA1652	18569	10	2	0	0	0	0	0	0	0	0	0
A	BL	20	128	1	2	BA1652	18570	2	3	0	0	0	0	0	0	0	0	0
A	BL	20	128	1	2	BA1652	18611	3	5	1	1	0	0	0	0	0	0	0
A	BL	20	128	1	2	BA1652	18619	5	0	0	0	0	0	0	1	0	0	0
A	BL	20	128	1	2	BA1652	18620	5	0	0	1	0	0	0	0	0	0	0
A	BL	20	128	1	2	BA1652	18621	5	4	0	0	0	0	0	0	0	0	0
A	BL	20	128	1	2	BA1652	18623	4	0	0	0	0	0	0	1	0	0	0
A	BL	20	128	1	2	BA1652	18628	4	5	1	1	0	0	0	0	0	0	0
A	BL	20	128	1	2	BA1652	18630	5	0	0	0	0	0	0	1	0	0	0
A	BL	20	128	1	2	BA1652	18638	5	4	0	0	0	0	0	0	0	0	0
A	BL	20	128	1	2	BA1652	18642	4	5	1	1	0	0	0	0	0	0	0
A	BL	20	128	1	2	BA1652	18652	5	4	0	0	0	0	0	1	0	0	0
A	BL	20	128	1	2	BA1652	18664	4	5	1	1	0	0	0	0	0	0	0
A	BL	20	128	1	2	BA1652	18671	5	0	0	0	0	0	0	1	0	0	0
A	BL	20	128	1	2	BA1652	18674	5	4	0	0	0	0	0	0	0	0	0
A	BL	20	128	1	2	BA1652	18677	4	5	1	1	0	0	0	0	0	0	0
A	BL	20	128	1	2	BA1652	18685	5	0	0	0	0	0	0	1	0	0	0
A	BL	20	128	1	2	BA1652	18687	5	9	0	0	0	0	0	0	0	0	0
A	BL	20	128	1	2	BA1652	18688	9	0	0	1	0	0	0	0	0	0	0
A	BL	20	128	1	2	BA1652	18697	9	10	0	0	0	0	0	0	0	0	0
A	BL	20	128	1	2	BA1652	18703	10	0	0	0	0	0	0	1	0	0	0
A	BL	20	128	1	2	BA1652	18772	10	2	0	0	0	0	0	0	0	0	0
A	BL	20	128	1	2	BA1652	18773	2	6	0	0	0	0	0	0	0	0	0
A	BL	20	128	1	2	BA1652	19060	6	8	2	0	1	0	0	0	0	0	0
A	BL	20	128	1	2	BA1652	19070	8	7	0	0	0	0	0	0	0	0	0
A	BL	20	128	1	2	BA1652	19073	7	0	0	0	0	0	0	0	1	0	0
A	BL	20	128	1	2	BA1652	19080	7	8	2	0	1	0	0	0	0	0	0
A	BL	20	128	1	2	BA1652	19084	8	0	0	0	0	0	0	0	1	0	0
A	BL	20	128	1	2	BA1652	19090	8	7	0	0	0	0	0	0	0	0	0
A	BL	20	128	1	2	BA1652	19093	7	8	2	0	1	0	0	0	0	0	0
A	BL	20	128	1	2	BA1652	19098	8	0	0	0	0	0	0	0	1	0	0
A	BL	20	128	1	2	BA1652	19100	8	0	0	0	1	0	0	0	0	0	0
A	BL	20	128	1	2	BA1652	19103	8	7	0	0	0	0	0	0	0	0	0
A	BL	20	128	1	2	BA1652	19108	7	0	0	0	0	0	0	0	1	0	0
A	BL	20	128	1	2	BA1652	19147	7	8	2	0	1	0	0	0	0	0	0
A	BL	20	128	1	2	BA1652	19153	8	0	0	0	0	0	0	0	1	0	0
A	BL	20	128	1	2	BA1652	19157	8	7	0	0	0	0	0	0	0	0	0
A	BL	20	128	1	2	BA1652	19169	7	8	2	0	1	0	0	0	0	0	0
A	BL	20	128	1	2	BA1652	19177	8	0	0	0	0	0	0	0	1	0	0
A	BL	20	128	1	2	BA1652	19179	8	7	0	0	0	0	0	0	0	0	0
A	BL	20	128	1	2	BA1652	19227	7	8	2	0	1	0	0	0	0	0	0
A	BL	20	128	1	2	BA1652	19231	8	0	0	0	0	0	0	0	1	0	0
A	BL	20	128	1	2	BA1652	19234	8	0	0	0	1	0	0	0	0	0	0
A	BL	20	128	1	2	BA1652	19237	8	7	0	0	0	0	0	0	0	0	0
A	BL	20	128	1	2	BA1652	19242	7	0	0	0	0	0	0	0	1	0	0
A	BL	20	128	1	2	BA1652	19255	7	8	2	0	1	0	0	0	0	0	0
A	BL	20	128	1	2	BA1652	19265	8	7	0	0	0	0	0	0	0	0	0
A	BL	20	128	1	2	BA1652	19269	7	0	0	0	0	0	0	0	1	0	0
A	BL	20	128	1	2	BA1652	19334	7	8	2	0	1	0	0	0	0	0	0
A	BL	20	128	1	2	BA1652	19344	8	7	0	0	0	0	0	0	0	0	0
A	BL	20	128	1	2	BA1652	19358	7	0	0	0	0	0	0	0	1	0	0
A	BL	20	128	1	2	BA1652	19369	7	8	2	0	1	0	0	0	0	0	0
A	BL	20	128	1	2	BA1652	19373	8	0	0	0	0	0	0	0	1	0	0
A	BL	20	128	1	2	BA1652	19379	8	7	0	0	0	0	0	0	0	0	0
A	BL	20	128	1	2	BA1652	19393	7	8	2	0	1	0	0	0	0	0	0
A	BL	20	128	1	2	BA1652	19403	8	7	0	0	0	0	0	0	1	0	0
A	BL	20	128	1	2	BA1652	19406	7	8	2	0	1	0	0	0	0	0	0
A	BL	20	128	1	2	BA1652	19410	8	0	0	0	0	0	0	0	1	0	0
A	BL	20	128	1	2	BA1652	19416	8	7	0	0	0	0	0	0	0	0	0
A	BL	20	128	1	2	BA1652	19423	7	8	2	0	1	0	0	0	0	0	0
A	BL	20	128	1	2	BA1652	19430	8	0	0	0	0	0	0	0	1	0	0
A	BL	20	128	1	2	BA1652	19433	8	7	0	0	0	0	0	0	0	0	0
A	BL	20	128	1	2	BA1652	19437	7	8	2	0	1	0	0	0	0	0	0
A	BL	20	128	1	2	BA1652	19442	8	0	0	0	0	0	0	0	1	0	0
A	BL	20	128	1	2	BA1652	19447	8	7	0	0	0	0	0	0	0	0	0
A	BL	20	128	1	2	BA1652	19462	7	8	2	0	1	0	0	0	0	0	0
A	BL	20	128	1	2	BA1652	19472	8	7	0	0	0	0	0	0	0	0	0
A	BL	20	128	1	2	BA1652	19475	7	0	0	0	0	0	0	0	1	0	0
A	BL	20	128	1	2	BA1652	19479	7	8	2	0	1	0	0	0	0	0	0
A	BL	20	128	1	2	BA1652	19484	8	0	0	0	0	0	0	0	1	0	0
A	BL	20	128	1	2	BA1652	19485	8	0	0	0	1	0	0	0	0	0	0
A	BL	20	128	1	2	BA1652	19489	8	7	0	0	0	0	0	0	0	0	0
A	BL	20	128	1	2	BA1652	19492	7	0	0	0	0	0	0	0	1	0	0
A	BL	20	128	1	2	BA1652	19494	7	8	2	0	1	0	0	0	0	0	0
A	BL	20	128	1	2	BA1652	19497	8	0	0	0	0	0	0	0	1	0	0
A	BL	20	128	1	2	BA1652	19500	8	0	0	0	1	0	0	0	0	0	0
A	BL	20	128	1	2	BA1652	19504	8	7	0	0	0	0	0	0	0	0	0
A	BL	20	128	1	2	BA1652	19508	7	0	0	0	0	0	0	0	1	0	0
A	BL	20	128	1	2	BA1652	19553	7	8	2	0	1	0	0	0	0	0	0
A	BL	20	128	1	2	BA1652	19561	8	0	0	0	0	0	0	0	1	0	0
A	BL	20	128	1	2	BA1652	19563	8	7	0	0	0	0	0	0	0	0	0
A	BL	20	128	1	2	BA1652	19567	7	8	2	0	1	0	0	0	0	0	0
A	BL	20	128	1	2	BA1652	19571	8	0	0	0	0	0	0	0	1	0	0
A	BL	20	128	1	2	BA1652	19575	8	0	0	0	1	0	0	0	0	0	0
A	BL	20	128	1	2	BA1652	19577	8	7	0	0	0	0	0	0	0	0	0
A	BL	20	128	1	2	BA1652	19578	7	0	0	0	0	0	0	0	1	0	0
A	BL	20	128	1	2	BA1652	19672	7	8	2	0	1	0	0	0	0	0	0
A	BL	20	128	1	2	BA1652	19679	8	0	0	0	0	0	0	0	1	0	0
A	BL	20	128	1	2	BA1652	19682	8	7	0	0	0	0	0	0	0	0	0
A	BL	20	128	1	2	BA1652	19683	7	8	2	0	1	0	0	0	0	0	0
A	BL	20	128	1	2	BA1652	19693	8	9	0	0	0	0	0	0	0	0	0
A	BL	20	128	1	2	BA1652	19703	9	10	0	0	0	0	0	0	0	0	0
A	BL	20	128	1	2	BA1652	19704	10	0	0	0	0	0	0	0	1	0	0
A	BL	20	128	1	2	BA1652	19778	10	2	0	0	0	0	0	0	0	0	0
A	BL	20	128	1	2	BA1652	19779	2	6	0	0	0	0	0	0	0	0	0
A	BL	20	128	1	2	BA1652	19866	6	8	2	0	1	0	0	0	0	0	0
A	BL	20	128	1	2	BA1652	19871	8	0	0	0	0	0	0	0	1	0	0
A	BL	20	128	1	2	BA1652	19876	8	7	0	0	0	0	0	0	0	0	0
A	BL	20	128	1	2	BA1652	19881	7	8	2	0	1	0	0	0	0	0	0
A	BL	20	128	1	2	BA1652	19891	8	7	0	0	0	0	0	0	0	0	0
A	BL	20	128	1	2	BA1652	19902	7	0	0	0	0	0	0	0	1	0	0
A	BL	20	128	1	2	BA1652	19910	7	8	2	0	1	0	0	0	0	0	0
A	BL	20	128	1	2	BA1652	19920	8	7	0	0	0	0	0	0	0	0	0
A	BL	20	128	1	2	BA1652	19925	7	0	0	0	0	0	0	0	1	0	0
A	BL	20	128	1	2	BA1652	19941	7	8	2	0	1	0	0	0	0	0	0
A	BL	20	128	1	2	BA1652	19951	8	7	0	0	0	0	0	0	0	0	0
A	BL	20	128	1	2	BA1652	19974	7	0	0	0	0	0	0	0	1	0	0
A	BL	20	128	1	2	BA1652	19993	7	8	2	0	1	0	0	0	0	0	0
A	BL	20	128	1	2	BA1652	20003	8	7	0	0	0	0	0	0	0	0	0
A	BL	20	128	1	2	BA1652	20063	7	0	0	0	0	0	0	0	1	0	0
A	BL	20	128	1	2	BA1652	20102	7	8	2	0	1	0	0	0	0	0	0
A	BL	20	128	1	2	BA1652	20108	8	0	0	0	0	0	0	0	1	0	0
A	BL	20	128	1	2	BA1652	20112	8	7	0	0	0	0	0	0	0	0	0
A	BL	20	128	1	2	BA1652	20124	7	8	2	0	1	0	0	0	0	0	0
A	BL	20	128	1	2	BA1652	20131	8	0	0	0	0	0	0	0	1	0	0
A	BL	20	128	1	2	BA1652	20134	8	7	0	0	0	0	0	0	0	0	0
A	BL	20	128	1	2	BA1652	20144	7	8	2	0	1	0	0	0	0	0	0
A	BL	20	128	1	2	BA1652	20154	8	7	0	0	0	0	0	0	0	0	0
A	BL	20	128	1	2	BA1652	20192	7	0	0	0	0	0	0	0	1	0	0
A	BL	20	128	1	2	BA1652	20197	7	8	2	0	1	0	0	0	0	0	0
A	BL	20	128	1	2	BA1652	20203	8	0	0	0	0	0	0	0	1	0	0
A	BL	20	128	1	2	BA1652	20207	8	7	0	0	0	0	0	0	0	0	0
A	BL	20	128	1	2	BA1652	20209	7	8	2	0	1	0	0	0	0	0	0
A	BL	20	128	1	2	BA1652	20216	8	0	0	0	0	0	0	0	1	0	0
A	BL	20	128	1	2	BA1652	20219	8	7	0	0	0	0	0	0	0	0	0
A	BL	20	128	1	2	BA1652	20244	7	8	2	0	1	0	0	0	0	0	0
A	BL	20	128	1	2	BA1652	20254	8	7	0	0	0	0	0	0	0	0	0
A	BL	20	128	1	2	BA1652	20260	7	0	0	0	0	0	0	0	1	0	0
A	BL	20	128	1	2	BA1652	20295	7	8	2	0	1	0	0	0	0	0	0
A	BL	20	128	1	2	BA1652	20305	8	7	0	0	0	0	0	0	0	0	0
A	BL	20	128	1	2	BA1652	20317	7	0	0	0	0	0	0	0	1	0	0
A	BL	20	128	1	2	BA1652	20318	7	8	2	0	1	0	0	0	0	0	0
A	BL	20	128	1	2	BA1652	20328	8	7	0	0	0	0	0	0	0	0	0
A	BL	20	128	1	2	BA1652	20384	7	0	0	0	0	0	0	0	1	0	0
A	BL	20	128	1	2	BA1652	20389	7	8	2	0	1	0	0	0	0	0	0
A	BL	20	128	1	2	BA1652	20395	8	0	0	0	0	0	0	0	1	0	0
A	BL	20	128	1	2	BA1652	20399	8	7	0	0	0	0	0	0	0	0	0
A	BL	20	128	1	2	BA1652	20400	7	8	2	0	1	0	0	0	0	0	0
A	BL	20	128	1	2	BA1652	20405	8	0	0	0	0	0	0	0	1	0	0
A	BL	20	128	1	2	BA1652	20410	8	7	0	0	0	0	0	0	0	0	0
A	BL	20	128	1	2	BA1652	20411	7	8	2	0	1	0	0	0	0	0	0
A	BL	20	128	1	2	BA1652	20414	8	0	0	0	0	0	0	0	1	0	0
A	BL	20	128	1	2	BA1652	20420	8	0	0	0	1	0	0	0	0	0	0
A	BL	20	128	1	2	BA1652	20421	8	7	0	0	0	0	0	0	0	0	0
A	BL	20	128	1	2	BA1652	20425	7	0	0	0	0	0	0	0	1	0	0
A	BL	20	128	1	2	BA1652	20448	7	8	2	0	1	0	0	0	0	0	0
A	BL	20	128	1	2	BA1652	20456	8	0	0	0	0	0	0	0	1	0	0
A	BL	20	128	1	2	BA1652	20458	8	7	0	0	0	0	0	0	0	0	0
A	BL	20	128	1	2	BA1652	20516	7	8	2	0	1	0	0	0	0	0	0
A	BL	20	128	1	2	BA1652	20521	8	0	0	0	0	0	0	0	1	0	0
A	BL	20	128	1	2	BA1652	20525	8	0	0	0	1	0	0	0	0	0	0
A	BL	20	128	1	2	BA1652	20526	8	7	0	0	0	0	0	0	0	0	0
A	BL	20	128	1	2	BA1652	20545	7	0	0	0	0	0	0	0	1	0	0
A	BL	20	128	1	2	BA1652	20549	7	8	2	0	1	0	0	0	0	0	0
A	BL	20	128	1	2	BA1652	20554	8	0	0	0	0	0	0	0	1	0	0
A	BL	20	128	1	2	BA1652	20557	8	0	0	0	1	0	0	0	0	0	0
A	BL	20	128	1	2	BA1652	20559	8	7	0	0	0	0	0	0	0	0	0
A	BL	20	128	1	2	BA1652	20583	7	0	0	0	0	0	0	0	1	0	0
A	BL	20	128	1	2	BA1652	20587	7	8	2	0	1	0	0	0	0	0	0
A	BL	20	128	1	2	BA1652	20597	8	9	0	0	0	0	0	0	0	0	0
A	BL	20	128	1	2	BA1652	20601	9	0	0	0	0	0	0	0	1	0	0
A	BL	20	128	1	2	BA1652	20607	9	10	0	0	0	0	0	0	0	0	0
A	BL	20	128	1	2	BA1652	20682	10	2	0	0	0	0	0	0	0	0	0
A	BL	20	128	1	2	BA1652	20683	2	3	0	0	0	0	0	0	0	0	0
A	BL	20	128	1	2	BA1652	20733	3	5	1	1	0	0	0	0	0	0	0
A	BL	20	128	1	2	BA1652	20739	5	0	0	0	0	0	0	1	0	0	0
A	BL	20	128	1	2	BA1652	20743	5	4	0	0	0	0	0	0	0	0	0
A	BL	20	128	1	2	BA1652	20744	4	5	1	1	0	0	0	0	0	0	0
A	BL	20	128	1	2	BA1652	20754	5	4	0	0	0	0	0	0	0	0	0
A	BL	20	128	1	2	BA1652	20759	4	0	0	0	0	0	0	1	0	0	0
A	BL	20	128	1	2	BA1652	20760	4	5	1	1	0	0	0	0	0	0	0
A	BL	20	128	1	2	BA1652	20770	5	4	0	0	0	0	0	0	0	0	0
A	BL	20	128	1	2	BA1652	20778	4	0	0	0	0	0	0	1	0	0	0
A	BL	20	128	1	2	BA1652	20784	4	5	1	1	0	0	0	0	0	0	0
A	BL	20	128	1	2	BA1652	20794	5	4	0	0	0	0	0	0	0	0	0
A	BL	20	128	1	2	BA1652	20810	4	0	0	0	0	0	0	1	0	0	0
A	BL	20	128	1	2	BA1652	20815	4	5	1	1	0	0	0	0	0	0	0
A	BL	20	128	1	2	BA1652	20819	5	0	0	0	0	0	0	1	0	0	0
A	BL	20	128	1	2	BA1652	20825	5	9	0	0	0	0	0	0	0	0	0
A	BL	20	128	1	2	BA1652	20826	9	0	0	1	0	0	0	0	0	0	0
A	BL	20	128	1	2	BA1652	20830	9	0	0	0	0	0	0	1	0	0	0
A	BL	20	128	1	2	BA1652	20835	9	10	0	0	0	0	0	0	0	0	0
A	BL	20	128	1	2	BA1652	20910	10	2	0	0	0	0	0	0	0	0	0
A	BL	20	128	1	2	BA1652	20911	2	3	0	0	0	0	0	0	0	0	0
A	BL	20	128	1	2	BA1652	20969	3	5	1	1	0	0	0	0	0	0	0
A	BL	20	128	1	2	BA1652	20979	5	4	0	0	0	0	0	0	0	0	0
A	BL	20	128	1	2	BA1652	20996	4	0	0	0	0	0	0	1	0	0	0
A	BL	20	128	1	2	BA1652	21001	4	5	1	1	0	0	0	0	0	0	0
A	BL	20	128	1	2	BA1652	21003	5	0	0	0	0	0	0	1	0	0	0
A	BL	20	128	1	2	BA1652	21011	5	4	0	0	0	0	0	0	0	0	0
A	BL	20	128	1	2	BA1652	21015	4	5	1	1	0	0	0	0	0	0	0
A	BL	20	128	1	2	BA1652	21025	5	4	0	0	0	0	0	0	0	0	0
A	BL	20	128	1	2	BA1652	21026	4	0	0	0	0	0	0	1	0	0	0
A	BL	20	128	1	2	BA1652	21050	4	5	1	1	0	0	0	0	0	0	0
A	BL	20	128	1	2	BA1652	21053	5	0	0	0	0	0	0	1	0	0	0
A	BL	20	128	1	2	BA1652	21060	5	4	0	0	0	0	0	0	0	0	0
A	BL	20	128	1	2	BA1652	21063	4	5	1	1	0	0	0	0	0	0	0
A	BL	20	128	1	2	BA1652	21073	5	9	0	0	0	0	0	0	0	0	0
A	BL	20	128	1	2	BA1652	21078	9	0	0	0	0	0	0	1	0	0	0
A	BL	20	128	1	2	BA1652	21083	9	10	0	0	0	0	0	0	0	0	0
A	BL	20	128	1	2	BA1652	21158	10	2	0	0	0	0	0	0	0	0	0
A	BL	20	128	1	2	BA1652	21159	2	3	0	0	0	0	0	0	0	0	0
A	BL	20	128	1	2	BA1652	21213	3	5	1	1	0	0	0	0	0	0	0
A	BL	20	128	1	2	BA1652	21223	5	4	0	0	0	0	0	0	0	0	0
A	BL	20	128	1	2	BA1652	21232	4	0	0	0	0	0	0	1	0	0	0
A	BL	20	128	1	2	BA1652	21245	4	5	1	1	0	0	0	0	0	0	0
A	BL	20	128	1	2	BA1652	21254	5	0	0	0	0	0	0	1	0	0	0
A	BL	20	128	1	2	BA1652	21255	5	4	0	0	0	0	0	0	0	0	0
A	BL	20	128	1	2	BA1652	21257	4	5	1	1	0	0	0	0	0	0	0
A	BL	20	128	1	2	BA1652	21265	5	0	0	0	0	0	0	1	0	0	0
A	BL	20	128	1	2	BA1652	21267	5	4	0	0	0	0	0	0	0	0	0
A	BL	20	128	1	2	BA1652	21272	4	5	1	1	0	0	0	0	0	0	0
A	BL	20	128	1	2	BA1652	21276	5	0	0	0	0	0	0	1	0	0	0
A	BL	20	128	1	2	BA1652	21280	5	0	0	1	0	0	0	0	0	0	0
A	BL	20	128	1	2	BA1652	21282	5	4	0	0	0	0	0	0	0	0	0
A	BL	20	128	1	2	BA1652	21294	4	0	0	0	0	0	0	1	0	0	0
A	BL	20	128	1	2	BA1652	21301	4	5	1	1	0	0	0	0	0	0	0
A	BL	20	128	1	2	BA1652	21306	5	0	0	0	0	0	0	1	0	0	0
A	BL	20	128	1	2	BA1652	21307	5	0	0	1	0	0	0	0	0	0	0
A	BL	20	128	1	2	BA1652	21311	5	9	0	0	0	0	0	0	0	0	0
A	BL	20	128	1	2	BA1652	21316	9	0	0	0	0	0	0	1	0	0	0
A	BL	20	128	1	2	BA1652	21321	9	10	0	0	0	0	0	0	0	0	0
A	BL	20	128	1	2	BA1652	21396	10	2	0	0	0	0	0	0	0	0	0
A	BL	20	128	1	2	BA1652	21397	2	6	0	0	0	0	0	0	0	0	0
A	BL	20	128	1	2	BA1652	21699	6	8	2	0	1	0	0	0	0	0	0
A	BL	20	128	1	2	BA1652	21708	8	0	0	0	0	0	0	0	1	0	0
A	BL	20	128	1	2	BA1652	21709	8	7	0	0	0	0	0	0	0	0	0
A	BL	20	128	1	2	BA1652	21733	7	8	2	0	1	0	0	0	0	0	0
A	BL	20	128	1	2	BA1652	21737	8	0	0	0	0	0	0	0	1	0	0
A	BL	20	128	1	2	BA1652	21743	8	7	0	0	0	0	0	0	0	0	0
A	BL	20	128	1	2	BA1652	21770	7	8	2	0	1	0	0	0	0	0	0
A	BL	20	128	1	2	BA1652	21771	8	0	0	0	1	0	0	0	1	0	0
A	BL	20	128	1	2	BA1652	21773	8	0	0	0	0	0	0	0	1	0	0
A	BL	20	128	1	2	BA1652	21780	8	7	0	0	0	0	0	0	0	0	0
A	BL	20	128	1	2	BA1652	21796	7	8	2	0	1	0	0	0	0	0	0
A	BL	20	128	1	2	BA1652	21803	8	0	0	0	0	0	0	0	1	0	0
A	BL	20	128	1	2	BA1652	21806	8	7	0	0	0	0	0	0	0	0	0
A	BL	20	128	1	2	BA1652	21809	7	8	2	0	1	0	0	0	0	0	0
A	BL	20	128	1	2	BA1652	21816	8	0	0	0	0	0	0	0	1	0	0
A	BL	20	128	1	2	BA1652	21819	8	7	0	0	0	0	0	0	0	0	0
A	BL	20	128	1	2	BA1652	21836	7	8	2	0	1	0	0	0	0	0	0
A	BL	20	128	1	2	BA1652	21844	8	0	0	0	0	0	0	0	1	0	0
A	BL	20	128	1	2	BA1652	21846	8	7	0	0	0	0	0	0	0	0	0
A	BL	20	128	1	2	BA1652	21857	7	8	2	0	1	0	0	0	0	0	0
A	BL	20	128	1	2	BA1652	21867	8	7	0	0	0	0	0	0	0	0	0
A	BL	20	128	1	2	BA1652	21874	7	0	0	0	0	0	0	0	1	0	0
A	BL	20	128	1	2	BA1652	21900	7	8	2	0	1	0	0	0	0	0	0
A	BL	20	128	1	2	BA1652	21904	8	0	0	0	0	0	0	0	1	0	0
A	BL	20	128	1	2	BA1652	21909	8	0	0	0	1	0	0	0	0	0	0
A	BL	20	128	1	2	BA1652	21910	8	7	0	0	0	0	0	0	0	0	0
A	BL	20	128	1	2	BA1652	21916	7	0	0	0	0	0	0	0	1	0	0
A	BL	20	128	1	2	BA1652	21943	7	8	2	0	1	0	0	0	0	0	0
A	BL	20	128	1	2	BA1652	21949	8	0	0	0	0	0	0	0	1	0	0
A	BL	20	128	1	2	BA1652	21953	8	7	0	0	0	0	0	0	0	0	0
A	BL	20	128	1	2	BA1652	22046	7	8	2	0	1	0	0	0	0	0	0
A	BL	20	128	1	2	BA1652	22055	8	0	0	0	0	0	0	0	1	0	0
A	BL	20	128	1	2	BA1652	22056	8	7	0	0	0	0	0	0	0	0	0
A	BL	20	128	1	2	BA1652	22063	7	8	2	0	1	0	0	0	0	0	0
A	BL	20	128	1	2	BA1652	22068	8	0	0	0	0	0	0	0	1	0	0
A	BL	20	128	1	2	BA1652	22073	8	7	0	0	1	0	0	0	0	0	0
A	BL	20	128	1	2	BA1652	22082	7	0	0	0	0	0	0	0	1	0	0
A	BL	20	128	1	2	BA1652	22104	7	8	2	0	1	0	0	0	0	0	0
A	BL	20	128	1	2	BA1652	22114	8	7	0	0	0	0	0	0	0	0	0
A	BL	20	128	1	2	BA1652	22118	7	0	0	0	0	0	0	0	1	0	0
A	BL	20	128	1	2	BA1652	22127	7	8	2	0	1	0	0	0	0	0	0
A	BL	20	128	1	2	BA1652	22137	8	7	0	0	0	0	0	0	0	0	0
A	BL	20	128	1	2	BA1652	22141	7	0	0	0	0	0	0	0	1	0	0
A	BL	20	128	1	2	BA1652	22157	7	8	2	0	1	0	0	0	0	0	0
A	BL	20	128	1	2	BA1652	22167	8	7	0	0	0	0	0	0	0	0	0
A	BL	20	128	1	2	BA1652	22177	7	0	0	0	0	0	0	0	1	0	0
A	BL	20	128	1	2	BA1652	22183	7	8	2	0	1	0	0	0	0	0	0
A	BL	20	128	1	2	BA1652	22187	8	0	0	0	0	0	0	0	1	0	0
A	BL	20	128	1	2	BA1652	22193	8	7	0	0	0	0	0	0	0	0	0
A	BL	20	128	1	2	BA1652	22198	7	8	2	0	1	0	0	0	0	0	0
A	BL	20	128	1	2	BA1652	22207	8	0	0	0	0	0	0	0	1	0	0
A	BL	20	128	1	2	BA1652	22208	8	7	0	0	0	0	0	0	0	0	0
A	BL	20	128	1	2	BA1652	22220	7	8	2	0	1	0	0	0	0	0	0
A	BL	20	128	1	2	BA1652	22223	8	0	0	0	0	0	0	0	1	0	0
A	BL	20	128	1	2	BA1652	22225	8	0	0	0	1	0	0	0	0	0	0
A	BL	20	128	1	2	BA1652	22228	8	0	0	0	0	0	0	0	1	0	0
A	BL	20	128	1	2	BA1652	22230	8	7	0	0	0	0	0	0	0	0	0
A	BL	20	128	1	2	BA1652	22235	7	8	2	0	1	0	0	0	0	0	0
A	BL	20	128	1	2	BA1652	22245	8	7	0	0	0	0	0	0	0	0	0
A	BL	20	128	1	2	BA1652	22247	7	8	2	0	1	0	0	0	1	0	0
A	BL	20	128	1	2	BA1652	22257	8	7	0	0	0	0	0	0	0	0	0
A	BL	20	128	1	2	BA1652	22259	7	8	2	0	1	0	0	0	1	0	0
A	BL	20	128	1	2	BA1652	22265	8	0	0	0	0	0	0	0	1	0	0
A	BL	20	128	1	2	BA1652	22269	8	9	0	0	1	0	0	0	0	0	0
A	BL	20	128	1	2	BA1652	22273	9	0	0	0	0	0	0	0	1	0	0
A	BL	20	128	1	2	BA1652	22279	9	10	0	0	0	0	0	0	0	0	0
A	BL	20	128	1	2	BA1652	22354	10	2	0	0	0	0	0	0	0	0	0
A	BL	20	128	1	2	BA1652	22355	2	6	0	0	0	0	0	0	0	0	0
A	BL	20	128	1	2	BA1652	22471	6	8	2	0	1	0	0	0	0	0	0
A	BL	20	128	1	2	BA1652	22473	8	0	0	0	0	0	0	0	1	0	0
A	BL	20	128	1	2	BA1652	22481	8	7	0	0	0	0	0	0	0	0	0
A	BL	20	128	1	2	BA1652	22523	7	8	2	0	1	0	0	0	0	0	0
A	BL	20	128	1	2	BA1652	22530	8	0	0	0	0	0	0	0	1	0	0
A	BL	20	128	1	2	BA1652	22533	8	7	0	0	0	0	0	0	0	0	0
A	BL	20	128	1	2	BA1652	22561	7	8	2	0	1	0	0	0	0	0	0
A	BL	20	128	1	2	BA1652	22564	8	0	0	0	0	0	0	0	1	0	0
A	BL	20	128	1	2	BA1652	22571	8	7	0	0	0	0	0	0	0	0	0
A	BL	20	128	1	2	BA1652	22596	7	8	2	0	1	0	0	0	0	0	0
A	BL	20	128	1	2	BA1652	22606	8	7	0	0	0	0	0	0	0	0	0
A	BL	20	128	1	2	BA1652	22613	7	0	0	0	0	0	0	0	1	0	0
A	BL	20	128	1	2	BA1652	22616	7	8	2	0	1	0	0	0	0	0	0
A	BL	20	128	1	2	BA1652	22626	8	7	0	0	0	0	0	0	0	0	0
A	BL	20	128	1	2	BA1652	22627	7	0	0	0	0	0	0	0	1	0	0
A	BL	20	128	1	2	BA1652	22634	7	8	2	0	1	0	0	0	0	0	0
A	BL	20	128	1	2	BA1652	22641	8	0	0	0	0	0	0	0	1	0	0
A	BL	20	128	1	2	BA1652	22644	8	7	0	0	0	0	0	0	0	0	0
A	BL	20	128	1	2	BA1652	22646	7	8	2	0	1	0	0	0	0	0	0
A	BL	20	128	1	2	BA1652	22656	8	7	0	0	0	0	0	0	0	0	0
A	BL	20	128	1	2	BA1652	22664	7	0	0	0	0	0	0	0	1	0	0
A	BL	20	128	1	2	BA1652	22680	7	8	2	0	1	0	0	0	0	0	0
A	BL	20	128	1	2	BA1652	22685	8	0	0	0	0	0	0	0	1	0	0
A	BL	20	128	1	2	BA1652	22689	8	0	0	0	1	0	0	0	0	0	0
A	BL	20	128	1	2	BA1652	22690	8	7	0	0	0	0	0	0	0	0	0
A	BL	20	128	1	2	BA1652	22700	7	0	0	0	0	0	0	0	1	0	0
A	BL	20	128	1	2	BA1652	22718	7	8	2	0	1	0	0	0	0	0	0
A	BL	20	128	1	2	BA1652	22724	8	0	0	0	0	0	0	0	1	0	0
A	BL	20	128	1	2	BA1652	22728	8	7	0	0	0	0	0	0	0	0	0
A	BL	20	128	1	2	BA1652	22749	7	8	2	0	1	0	0	0	0	0	0
A	BL	20	128	1	2	BA1652	22752	8	0	0	0	0	0	0	0	1	0	0
A	BL	20	128	1	2	BA1652	22755	8	0	0	0	1	0	0	0	0	0	0
A	BL	20	128	1	2	BA1652	22759	8	7	0	0	0	0	0	0	0	0	0
A	BL	20	128	1	2	BA1652	22765	7	0	0	0	0	0	0	0	1	0	0
A	BL	20	128	1	2	BA1652	22780	7	8	2	0	1	0	0	0	0	0	0
A	BL	20	128	1	2	BA1652	22781	8	0	0	0	0	0	0	0	1	0	0
A	BL	20	128	1	2	BA1652	22788	8	0	0	0	1	0	0	0	0	0	0
A	BL	20	128	1	2	BA1652	22790	8	7	0	0	0	0	0	0	0	0	0
A	BL	20	128	1	2	BA1652	22793	7	0	0	0	0	0	0	0	1	0	0
A	BL	20	128	1	2	BA1652	22798	7	8	2	0	1	0	0	0	0	0	0
A	BL	20	128	1	2	BA1652	22799	8	0	0	0	0	0	0	0	1	0	0
A	BL	20	128	1	2	BA1652	22800	8	0	0	0	1	0	0	0	0	0	0
A	BL	20	128	1	2	BA1652	22805	8	0	0	0	0	0	0	0	1	0	0
A	BL	20	128	1	2	BA1652	22808	8	7	0	0	0	0	0	0	0	0	0
A	BL	20	128	1	2	BA1652	22818	7	8	2	0	1	0	0	0	0	0	0
A	BL	20	128	1	2	BA1652	22827	8	0	0	0	0	0	0	0	1	0	0
A	BL	20	128	1	2	BA1652	22828	8	7	0	0	0	0	0	0	0	0	0
A	BL	20	128	1	2	BA1652	22851	7	8	2	0	1	0	0	0	0	0	0
A	BL	20	128	1	2	BA1652	22861	8	7	0	0	0	0	0	0	0	0	0
A	BL	20	128	1	2	BA1652	22863	7	0	0	0	0	0	0	0	1	0	0
A	BL	20	128	1	2	BA1652	22864	7	8	2	0	1	0	0	0	0	0	0
A	BL	20	128	1	2	BA1652	22869	8	0	0	0	0	0	0	0	1	0	0
A	BL	20	128	1	2	BA1652	22874	8	7	0	0	0	0	0	0	0	0	0
A	BL	20	128	1	2	BA1652	22876	7	8	2	0	1	0	0	0	0	0	0
A	BL	20	128	1	2	BA1652	22880	8	0	0	0	0	0	0	0	1	0	0
A	BL	20	128	1	2	BA1652	22886	8	7	0	0	1	0	0	0	0	0	0
A	BL	20	128	1	2	BA1652	22889	7	0	0	0	0	0	0	0	1	0	0
A	BL	20	128	1	2	BA1652	22892	7	8	2	0	1	0	0	0	0	0	0
A	BL	20	128	1	2	BA1652	22896	8	0	0	0	0	0	0	0	1	0	0
A	BL	20	128	1	2	BA1652	22898	8	0	0	0	1	0	0	0	0	0	0
A	BL	20	128	1	2	BA1652	22902	8	7	0	0	0	0	0	0	0	0	0
A	BL	20	128	1	2	BA1652	22903	7	0	0	0	0	0	0	0	1	0	0
A	BL	20	128	1	2	BA1652	22908	7	8	2	0	1	0	0	0	0	0	0
A	BL	20	128	1	2	BA1652	22918	8	7	0	0	0	0	0	0	1	0	0
A	BL	20	128	1	2	BA1652	22935	7	8	2	0	1	0	0	0	0	0	0
A	BL	20	128	1	2	BA1652	22939	8	0	0	0	0	0	0	0	1	0	0
A	BL	20	128	1	2	BA1652	22942	8	0	0	0	1	0	0	0	0	0	0
A	BL	20	128	1	2	BA1652	22945	8	7	0	0	0	0	0	0	0	0	0
A	BL	20	128	1	2	BA1652	22959	7	0	0	0	0	0	0	0	1	0	0
A	BL	20	128	1	2	BA1652	22963	7	8	2	0	1	0	0	0	0	0	0
A	BL	20	128	1	2	BA1652	22969	8	0	0	0	0	0	0	0	1	0	0
A	BL	20	128	1	2	BA1652	22973	8	9	0	0	0	0	0	0	0	0	0
A	BL	20	128	1	2	BA1652	22975	9	0	0	0	1	0	0	0	0	0	0
A	BL	20	128	1	2	BA1652	22983	9	10	0	0	0	0	0	0	0	0	0
A	BL	20	128	1	2	BA1652	22986	10	0	0	0	0	0	0	0	1	0	0
A	BL	20	128	1	2	BA1652	23058	10	2	0	0	0	0	0	0	0	0	0
A	BL	20	128	1	2	BA1652	23059	2	6	0	0	0	0	0	0	0	0	0
A	BL	20	128	1	2	BA1652	23270	6	8	2	0	1	0	0	0	0	0	0
A	BL	20	128	1	2	BA1652	23272	8	0	0	0	0	0	0	0	1	0	0
A	BL	20	128	1	2	BA1652	23280	8	7	0	0	0	0	0	0	0	0	0
A	BL	20	128	1	2	BA1652	23281	7	8	2	0	1	0	0	0	0	0	0
A	BL	20	128	1	2	BA1652	23282	8	0	0	0	0	0	0	0	1	0	0
A	BL	20	128	1	2	BA1652	23291	8	7	0	0	0	0	0	0	0	0	0
A	BL	20	128	1	2	BA1652	23303	7	8	2	0	1	0	0	0	0	0	0
A	BL	20	128	1	2	BA1652	23308	8	0	0	0	0	0	0	0	1	0	0
A	BL	20	128	1	2	BA1652	23312	8	0	0	0	1	0	0	0	0	0	0
A	BL	20	128	1	2	BA1652	23313	8	7	0	0	0	0	0	0	0	0	0
A	BL	20	128	1	2	BA1652	23336	7	0	0	0	0	0	0	0	1	0	0
A	BL	20	128	1	2	BA1652	23341	7	8	2	0	1	0	0	0	0	0	0
A	BL	20	128	1	2	BA1652	23349	8	0	0	0	0	0	0	0	1	0	0
A	BL	20	128	1	2	BA1652	23350	8	0	0	0	1	0	0	0	0	0	0
A	BL	20	128	1	2	BA1652	23351	8	7	0	0	0	0	0	0	0	0	0
A	BL	20	128	1	2	BA1652	23357	7	0	0	0	0	0	0	0	1	0	0
A	BL	20	128	1	2	BA1652	23368	7	8	2	0	1	0	0	0	0	0	0
A	BL	20	128	1	2	BA1652	23378	8	7	0	0	0	0	0	0	0	0	0
A	BL	20	128	1	2	BA1652	23384	7	0	0	0	0	0	0	0	1	0	0
A	BL	20	128	1	2	BA1652	23390	7	8	2	0	1	0	0	0	0	0	0
A	BL	20	128	1	2	BA1652	23395	8	0	0	0	0	0	0	0	1	0	0
A	BL	20	128	1	2	BA1652	23400	8	7	0	0	1	0	0	0	0	0	0
A	BL	20	128	1	2	BA1652	23406	7	0	0	0	0	0	0	0	1	0	0
A	BL	20	128	1	2	BA1652	23427	7	8	2	0	1	0	0	0	0	0	0
A	BL	20	128	1	2	BA1652	23431	8	0	0	0	1	0	0	0	1	0	0
A	BL	20	128	1	2	BA1652	23437	8	7	0	0	0	0	0	0	0	0	0
A	BL	20	128	1	2	BA1652	23439	7	0	0	0	0	0	0	0	1	0	0
A	BL	20	128	1	2	BA1652	23464	7	8	2	0	1	0	0	0	0	0	0
A	BL	20	128	1	2	BA1652	23466	8	0	0	0	0	0	0	0	1	0	0
A	BL	20	128	1	2	BA1652	23474	8	7	0	0	0	0	0	0	0	0	0
A	BL	20	128	1	2	BA1652	23475	7	8	2	0	1	0	0	0	0	0	0
A	BL	20	128	1	2	BA1652	23485	8	7	0	0	0	0	0	0	0	0	0
A	BL	20	128	1	2	BA1652	23487	7	0	0	0	0	0	0	0	1	0	0
A	BL	20	128	1	2	BA1652	23489	7	8	2	0	1	0	0	0	0	0	0
A	BL	20	128	1	2	BA1652	23499	8	7	0	0	0	0	0	0	0	0	0
A	BL	20	128	1	2	BA1652	23501	7	0	0	0	0	0	0	0	1	0	0
A	BL	20	128	1	2	BA1652	23507	7	8	2	0	1	0	0	0	0	0	0
A	BL	20	128	1	2	BA1652	23517	8	7	0	0	0	0	0	0	1	0	0
A	BL	20	128	1	2	BA1652	23525	7	8	2	0	1	0	0	0	0	0	0
A	BL	20	128	1	2	BA1652	23533	8	0	0	0	0	0	0	0	1	0	0
A	BL	20	128	1	2	BA1652	23535	8	7	0	0	0	0	0	0	0	0	0
A	BL	20	128	1	2	BA1652	23553	7	8	2	0	1	0	0	0	0	0	0
A	BL	20	128	1	2	BA1652	23563	8	7	0	0	0	0	0	0	0	0	0
A	BL	20	128	1	2	BA1652	23579	7	0	0	0	0	0	0	0	1	0	0
A	BL	20	128	1	2	BA1652	23582	7	8	2	0	1	0	0	0	0	0	0
A	BL	20	128	1	2	BA1652	23584	8	0	0	0	0	0	0	0	1	0	0
A	BL	20	128	1	2	BA1652	23589	8	0	0	0	1	0	0	0	0	0	0
A	BL	20	128	1	2	BA1652	23592	8	7	0	0	0	0	0	0	0	0	0
A	BL	20	128	1	2	BA1652	23593	7	0	0	0	0	0	0	0	1	0	0
A	BL	20	128	1	2	BA1652	23598	7	8	2	0	1	0	0	0	0	0	0
A	BL	20	128	1	2	BA1652	23605	8	0	0	0	0	0	0	0	1	0	0
A	BL	20	128	1	2	BA1652	23608	8	7	0	0	0	0	0	0	0	0	0
A	BL	20	128	1	2	BA1652	23612	7	8	2	0	1	0	0	0	0	0	0
A	BL	20	128	1	2	BA1652	23622	8	7	0	0	0	0	0	0	0	0	0
A	BL	20	128	1	2	BA1652	23646	7	0	0	0	0	0	0	0	1	0	0
A	BL	20	128	1	2	BA1652	23691	7	8	2	0	1	0	0	0	0	0	0
A	BL	20	128	1	2	BA1652	23701	8	7	0	0	0	0	0	0	0	0	0
A	BL	20	128	1	2	BA1652	23715	7	0	0	0	0	0	0	0	1	0	0
A	BL	20	128	1	2	BA1652	23716	7	8	2	0	1	0	0	0	0	0	0
A	BL	20	128	1	2	BA1652	23724	8	0	0	0	0	0	0	0	1	0	0
A	BL	20	128	1	2	BA1652	23726	8	7	0	0	1	0	0	0	0	0	0
A	BL	20	128	1	2	BA1652	23731	7	0	0	0	0	0	0	0	1	0	0
A	BL	20	128	1	2	BA1652	23761	7	8	2	0	1	0	0	0	0	0	0
A	BL	20	128	1	2	BA1652	23771	8	7	0	0	0	0	0	0	0	0	0
A	BL	20	128	1	2	BA1652	23785	7	0	0	0	0	0	0	0	1	0	0
A	BL	20	128	1	2	BA1652	23786	7	8	2	0	1	0	0	0	0	0	0
A	BL	20	128	1	2	BA1652	23796	8	9	0	0	0	0	0	0	0	0	0
A	BL	20	128	1	2	BA1652	23797	9	0	0	0	0	0	0	0	1	0	0
A	BL	20	128	1	2	BA1652	23801	9	0	0	0	1	0	0	0	0	0	0
A	BL	20	128	1	2	BA1652	23806	9	10	0	0	0	0	0	0	0	0	0
A	BL	20	128	1	2	BA1652	23808	10	0	0	0	0	0	0	0	1	0	0
A	BL	20	128	1	2	BA1652	23881	10	2	0	0	0	0	0	0	0	0	0
A	BL	20	128	1	2	BA1652	23882	2	3	0	0	0	0	0	0	0	0	0
A	BL	20	128	1	2	BA1652	23954	3	5	1	1	0	0	0	0	0	0	0
A	BL	20	128	1	2	BA1652	23959	5	0	0	0	0	0	0	1	0	0	0
A	BL	20	128	1	2	BA1652	23963	5	0	0	1	0	0	0	0	0	0	0
A	BL	20	128	1	2	BA1652	23964	5	4	0	0	0	0	0	0	0	0	0
A	BL	20	128	1	2	BA1652	23972	4	0	0	0	0	0	0	1	0	0	0
A	BL	20	128	1	2	BA1652	23982	4	5	1	1	0	0	0	0	0	0	0
A	BL	20	128	1	2	BA1652	23992	5	4	0	0	0	0	0	0	0	0	0
A	BL	20	128	1	2	BA1652	24001	4	0	0	0	0	0	0	1	0	0	0
A	BL	20	128	1	2	BA1652	24008	4	5	1	1	0	0	0	0	0	0	0
A	BL	20	128	1	2	BA1652	24018	5	4	0	0	0	0	0	0	0	0	0
A	BL	20	128	1	2	BA1652	24050	4	0	0	0	0	0	0	1	0	0	0
A	BL	20	128	1	2	BA1652	24104	4	5	1	1	0	0	0	0	0	0	0
A	BL	20	128	1	2	BA1652	24109	5	0	0	0	0	0	0	1	0	0	0
A	BL	20	128	1	2	BA1652	24114	5	4	0	0	0	0	0	0	0	0	0
A	BL	20	128	1	2	BA1652	24128	4	5	1	1	0	0	0	0	0	0	0
A	BL	20	128	1	2	BA1652	24132	5	0	0	0	0	0	0	1	0	0	0
A	BL	20	128	1	2	BA1652	24137	5	0	0	1	0	0	0	0	0	0	0
A	BL	20	128	1	2	BA1652	24138	5	9	0	0	0	0	0	0	0	0	0
A	BL	20	128	1	2	BA1652	24143	9	0	0	0	0	0	0	1	0	0	0
A	BL	20	128	1	2	BA1652	24148	9	10	0	0	0	0	0	0	0	0	0
A	BL	20	128	1	2	BA1652	24223	10	2	0	0	0	0	0	0	0	0	0
A	BL	20	128	1	2	BA1652	24224	2	3	0	0	0	0	0	0	0	0	0
A	BL	20	128	1	2	BA1652	24262	3	5	1	1	0	0	0	0	0	0	0
A	BL	20	128	1	2	BA1652	24272	5	4	0	0	0	0	0	0	0	0	0
A	BL	20	128	1	2	BA1652	24275	4	0	0	0	0	0	0	1	0	0	0
A	BL	20	128	1	2	BA1652	24290	4	5	1	1	0	0	0	0	0	0	0
A	BL	20	128	1	2	BA1652	24300	5	4	0	0	0	0	0	1	0	0	0
A	BL	20	128	1	2	BA1652	24304	4	5	1	1	0	0	0	0	0	0	0
A	BL	20	128	1	2	BA1652	24312	5	0	0	0	0	0	0	1	0	0	0
A	BL	20	128	1	2	BA1652	24314	5	4	0	0	0	0	0	0	0	0	0
A	BL	20	128	1	2	BA1652	24321	4	5	1	1	0	0	0	0	0	0	0
A	BL	20	128	1	2	BA1652	24328	5	0	0	0	0	0	0	1	0	0	0
A	BL	20	128	1	2	BA1652	24331	5	4	0	0	0	0	0	0	0	0	0
A	BL	20	128	1	2	BA1652	24334	4	5	1	1	0	0	0	0	0	0	0
A	BL	20	128	1	2	BA1652	24344	5	9	0	0	0	0	0	0	0	0	0
A	BL	20	128	1	2	BA1652	24347	9	0	0	0	0	0	0	1	0	0	0
A	BL	20	128	1	2	BA1652	24354	9	10	0	0	0	0	0	0	0	0	0
A	BL	20	128	1	2	BA1652	24429	10	2	0	0	0	0	0	0	0	0	0
A	BL	20	128	1	2	BA1652	24430	2	3	0	0	0	0	0	0	0	0	0
A	BL	20	128	1	2	BA1652	24511	3	5	1	1	0	0	0	0	0	0	0
A	BL	20	128	1	2	BA1652	24521	5	4	0	0	0	0	0	0	0	0	0
A	BL	20	128	1	2	BA1652	24523	4	0	0	0	0	0	0	1	0	0	0
A	BL	20	128	1	2	BA1652	24540	4	5	1	1	0	0	0	0	0	0	0
A	BL	20	128	1	2	BA1652	24547	5	0	0	0	0	0	0	1	0	0	0
A	BL	20	128	1	2	BA1652	24550	5	4	0	0	0	0	0	0	0	0	0
A	BL	20	128	1	2	BA1652	24552	4	5	1	1	0	0	0	0	0	0	0
A	BL	20	128	1	2	BA1652	24562	5	4	0	0	0	0	0	0	0	0	0
A	BL	20	128	1	2	BA1652	24574	4	0	0	0	0	0	0	1	0	0	0
A	BL	20	128	1	2	BA1652	24580	4	5	1	1	0	0	0	0	0	0	0
A	BL	20	128	1	2	BA1652	24588	5	0	0	0	0	0	0	1	0	0	0
A	BL	20	128	1	2	BA1652	24590	5	4	0	1	0	0	0	0	0	0	0
A	BL	20	128	1	2	BA1652	24595	4	0	0	0	0	0	0	1	0	0	0
A	BL	20	128	1	2	BA1652	24596	4	5	1	1	0	0	0	0	0	0	0
A	BL	20	128	1	2	BA1652	24598	5	0	0	0	0	0	0	1	0	0	0
A	BL	20	128	1	2	BA1652	24606	5	9	0	0	0	0	0	0	0	0	0
A	BL	20	128	1	2	BA1652	24616	9	10	0	0	0	0	0	0	0	0	0
A	BL	20	128	1	2	BA1652	24691	10	2	0	0	0	0	0	0	0	0	0
A	BL	20	128	1	2	BA1652	24692	2	6	0	0	0	0	0	0	0	0	0
A	BL	20	128	1	2	BA1652	25263	6	8	2	0	1	0	0	0	0	0	0
A	BL	20	128	1	2	BA1652	25268	8	0	0	0	0	0	0	0	1	0	0
A	BL	20	128	1	2	BA1652	25273	8	7	0	0	0	0	0	0	0	0	0
A	BL	20	128	1	2	BA1652	25514	7	8	2	0	1	0	0	0	0	0	0
A	BL	20	128	1	2	BA1652	25518	8	0	0	0	0	0	0	0	1	0	0
A	BL	20	128	1	2	BA1652	25521	8	0	0	0	1	0	0	0	0	0	0
A	BL	20	128	1	2	BA1652	25524	8	7	0	0	0	0	0	0	0	0	0
A	BL	20	128	1	2	BA1652	25531	7	0	0	0	0	0	0	0	1	0	0
A	BL	20	128	1	2	BA1652	25567	7	8	2	0	1	0	0	0	0	0	0
A	BL	20	128	1	2	BA1652	25569	8	0	0	0	0	0	0	0	1	0	0
A	BL	20	128	1	2	BA1652	25577	8	7	0	0	0	0	0	0	0	0	0
A	BL	20	128	1	2	BA1652	25580	7	8	2	0	1	0	0	0	0	0	0
A	BL	20	128	1	2	BA1652	25582	8	0	0	0	0	0	0	0	1	0	0
A	BL	20	128	1	2	BA1652	25590	8	7	0	0	0	0	0	0	0	0	0
A	BL	20	128	1	2	BA1652	25595	7	8	2	0	1	0	0	0	0	0	0
A	BL	20	128	1	2	BA1652	25599	8	0	0	0	0	0	0	0	1	0	0
A	BL	20	128	1	2	BA1652	25605	8	7	0	0	0	0	0	0	0	0	0
A	BL	20	128	1	2	BA1652	25630	7	8	2	0	1	0	0	0	0	0	0
A	BL	20	128	1	2	BA1652	25634	8	0	0	0	0	0	0	0	1	0	0
A	BL	20	128	1	2	BA1652	25636	8	0	0	0	1	0	0	0	0	0	0
A	BL	20	128	1	2	BA1652	25640	8	7	0	0	0	0	0	0	0	0	0
A	BL	20	128	1	2	BA1652	25642	7	0	0	0	0	0	0	0	1	0	0
A	BL	20	128	1	2	BA1652	25649	7	8	2	0	1	0	0	0	0	0	0
A	BL	20	128	1	2	BA1652	25659	8	7	0	0	0	0	0	0	0	0	0
A	BL	20	128	1	2	BA1652	25667	7	0	0	0	0	0	0	0	1	0	0
A	BL	20	128	1	2	BA1652	25712	7	8	2	0	1	0	0	0	0	0	0
A	BL	20	128	1	2	BA1652	25719	8	0	0	0	0	0	0	0	1	0	0
A	BL	20	128	1	2	BA1652	25722	8	7	0	0	0	0	0	0	0	0	0
A	BL	20	128	1	2	BA1652	25723	7	8	2	0	1	0	0	0	0	0	0
A	BL	20	128	1	2	BA1652	25733	8	7	0	0	0	0	0	0	1	0	0
A	BL	20	128	1	2	BA1652	25736	7	8	2	0	1	0	0	0	0	0	0
A	BL	20	128	1	2	BA1652	25740	8	0	0	0	0	0	0	0	1	0	0
A	BL	20	128	1	2	BA1652	25745	8	0	0	0	1	0	0	0	0	0	0
A	BL	20	128	1	2	BA1652	25746	8	7	0	0	0	0	0	0	0	0	0
A	BL	20	128	1	2	BA1652	25752	7	0	0	0	0	0	0	0	1	0	0
A	BL	20	128	1	2	BA1652	25753	7	8	2	0	1	0	0	0	0	0	0
A	BL	20	128	1	2	BA1652	25755	8	0	0	0	0	0	0	0	1	0	0
A	BL	20	128	1	2	BA1652	25759	8	0	0	0	1	0	0	0	0	0	0
A	BL	20	128	1	2	BA1652	25763	8	7	0	0	0	0	0	0	0	0	0
A	BL	20	128	1	2	BA1652	25773	7	0	0	0	0	0	0	0	1	0	0
A	BL	20	128	1	2	BA1652	25779	7	8	2	0	1	0	0	0	0	0	0
A	BL	20	128	1	2	BA1652	25789	8	7	0	0	0	0	0	0	1	0	0
A	BL	20	128	1	2	BA1652	25802	7	8	2	0	1	0	0	0	0	0	0
A	BL	20	128	1	2	BA1652	25810	8	0	0	0	0	0	0	0	1	0	0
A	BL	20	128	1	2	BA1652	25812	8	7	0	0	0	0	0	0	0	0	0
A	BL	20	128	1	2	BA1652	25813	7	8	2	0	1	0	0	0	0	0	0
A	BL	20	128	1	2	BA1652	25815	8	0	0	0	0	0	0	0	1	0	0
A	BL	20	128	1	2	BA1652	25820	8	0	0	0	1	0	0	0	0	0	0
A	BL	20	128	1	2	BA1652	25823	8	7	0	0	0	0	0	0	0	0	0
A	BL	20	128	1	2	BA1652	25829	7	0	0	0	0	0	0	0	1	0	0
A	BL	20	128	1	2	BA1652	25835	7	8	2	0	1	0	0	0	0	0	0
A	BL	20	128	1	2	BA1652	25840	8	0	0	0	0	0	0	0	1	0	0
A	BL	20	128	1	2	BA1652	25842	8	0	0	0	1	0	0	0	0	0	0
A	BL	20	128	1	2	BA1652	25843	8	0	0	0	0	0	0	0	1	0	0
A	BL	20	128	1	2	BA1652	25845	8	7	0	0	0	0	0	0	0	0	0
A	BL	20	128	1	2	BA1652	25849	7	8	2	0	1	0	0	0	0	0	0
A	BL	20	128	1	2	BA1652	25859	8	7	0	0	0	0	0	0	0	0	0
A	BL	20	128	1	2	BA1652	25880	7	0	0	0	0	0	0	0	1	0	0
A	BL	20	128	1	2	BA1652	25896	7	8	2	0	1	0	0	0	0	0	0
A	BL	20	128	1	2	BA1652	25900	8	0	0	0	0	0	0	0	1	0	0
A	BL	20	128	1	2	BA1652	25904	8	0	0	0	1	0	0	0	0	0	0
A	BL	20	128	1	2	BA1652	25906	8	7	0	0	0	0	0	0	0	0	0
A	BL	20	128	1	2	BA1652	25911	7	0	0	0	0	0	0	0	1	0	0
A	BL	20	128	1	2	BA1652	25976	7	8	2	0	1	0	0	0	0	0	0
A	BL	20	128	1	2	BA1652	25986	8	7	0	0	0	0	0	0	0	0	0
A	BL	20	128	1	2	BA1652	25989	7	0	0	0	0	0	0	0	1	0	0
A	BL	20	128	1	2	BA1652	25997	7	8	2	0	1	0	0	0	0	0	0
A	BL	20	128	1	2	BA1652	26007	8	7	0	0	0	0	0	0	0	0	0
A	BL	20	128	1	2	BA1652	26022	7	0	0	0	0	0	0	0	1	0	0
A	BL	20	128	1	2	BA1652	26067	7	8	2	0	1	0	0	0	0	0	0
A	BL	20	128	1	2	BA1652	26077	8	9	0	0	0	0	0	0	0	0	0
A	BL	20	128	1	2	BA1652	26087	9	10	0	0	0	0	0	0	0	0	0
A	BL	20	128	1	2	BA1652	26089	10	0	0	0	0	0	0	0	1	0	0
A	BL	20	128	1	2	BA1652	26162	10	2	0	0	0	0	0	0	0	0	0
A	BL	20	128	1	2	BA1652	26163	2	6	0	0	0	0	0	0	0	0	0
A	BL	20	128	1	2	BA1652	26527	6	8	2	0	1	0	0	0	0	0	0
A	BL	20	128	1	2	BA1652	26529	8	0	0	0	0	0	0	0	1	0	0
A	BL	20	128	1	2	BA1652	26537	8	7	0	0	0	0	0	0	0	0	0
A	BL	20	128	1	2	BA1652	26564	7	8	2	0	1	0	0	0	0	0	0
A	BL	20	128	1	2	BA1652	26567	8	0	0	0	1	0	0	0	1	0	0
A	BL	20	128	1	2	BA1652	26571	8	0	0	0	0	0	0	0	1	0	0
A	BL	20	128	1	2	BA1652	26574	8	7	0	0	0	0	0	0	0	0	0
A	BL	20	128	1	2	BA1652	26579	7	8	2	0	1	0	0	0	0	0	0
A	BL	20	128	1	2	BA1652	26584	8	0	0	0	0	0	0	0	1	0	0
A	BL	20	128	1	2	BA1652	26589	8	7	0	0	0	0	0	0	0	0	0
A	BL	20	128	1	2	BA1652	26596	7	8	2	0	1	0	0	0	0	0	0
A	BL	20	128	1	2	BA1652	26606	8	7	0	0	0	0	0	0	0	0	0
A	BL	20	128	1	2	BA1652	26615	7	0	0	0	0	0	0	0	1	0	0
A	BL	20	128	1	2	BA1652	26649	7	8	2	0	1	0	0	0	0	0	0
A	BL	20	128	1	2	BA1652	26653	8	0	0	0	0	0	0	0	1	0	0
A	BL	20	128	1	2	BA1652	26659	8	7	0	0	0	0	0	0	0	0	0
A	BL	20	128	1	2	BA1652	26750	7	8	2	0	1	0	0	0	0	0	0
A	BL	20	128	1	2	BA1652	26754	8	0	0	0	0	0	0	0	1	0	0
A	BL	20	128	1	2	BA1652	26760	8	7	0	0	0	0	0	0	0	0	0
A	BL	20	128	1	2	BA1652	26779	7	8	2	0	1	0	0	0	0	0	0
A	BL	20	128	1	2	BA1652	26789	8	7	0	0	0	0	0	0	0	0	0
A	BL	20	128	1	2	BA1652	26796	7	0	0	0	0	0	0	0	1	0	0
A	BL	20	128	1	2	BA1652	26807	7	8	2	0	1	0	0	0	0	0	0
A	BL	20	128	1	2	BA1652	26810	8	0	0	0	0	0	0	0	1	0	0
A	BL	20	128	1	2	BA1652	26814	8	0	0	0	1	0	0	0	0	0	0
A	BL	20	128	1	2	BA1652	26817	8	7	0	0	0	0	0	0	0	0	0
A	BL	20	128	1	2	BA1652	26821	7	0	0	0	0	0	0	0	1	0	0
A	BL	20	128	1	2	BA1652	26848	7	8	2	0	1	0	0	0	0	0	0
A	BL	20	128	1	2	BA1652	26858	8	7	0	0	0	0	0	0	0	0	0
A	BL	20	128	1	2	BA1652	26870	7	0	0	0	0	0	0	0	1	0	0
A	BL	20	128	1	2	BA1652	26905	7	8	2	0	1	0	0	0	0	0	0
A	BL	20	128	1	2	BA1652	26910	8	0	0	0	0	0	0	0	1	0	0
A	BL	20	128	1	2	BA1652	26915	8	7	0	0	1	0	0	0	0	0	0
A	BL	20	128	1	2	BA1652	26919	7	0	0	0	0	0	0	0	1	0	0
A	BL	20	128	1	2	BA1652	26929	7	8	2	0	1	0	0	0	0	0	0
A	BL	20	128	1	2	BA1652	26939	8	7	0	0	0	0	0	0	0	0	0
A	BL	20	128	1	2	BA1652	26940	7	0	0	0	0	0	0	0	1	0	0
A	BL	20	128	1	2	BA1652	26945	7	8	2	0	1	0	0	0	0	0	0
A	BL	20	128	1	2	BA1652	26954	8	0	0	0	0	0	0	0	1	0	0
A	BL	20	128	1	2	BA1652	26955	8	7	0	0	0	0	0	0	0	0	0
A	BL	20	128	1	2	BA1652	26980	7	8	2	0	1	0	0	0	0	0	0
A	BL	20	128	1	2	BA1652	26986	8	0	0	0	0	0	0	0	1	0	0
A	BL	20	128	1	2	BA1652	26987	8	0	0	0	1	0	0	0	0	0	0
A	BL	20	128	1	2	BA1652	26990	8	7	0	0	0	0	0	0	0	0	0
A	BL	20	128	1	2	BA1652	27013	7	0	0	0	0	0	0	0	1	0	0
A	BL	20	128	1	2	BA1652	27015	7	8	2	0	1	0	0	0	0	0	0
A	BL	20	128	1	2	BA1652	27022	8	0	0	0	0	0	0	0	1	0	0
A	BL	20	128	1	2	BA1652	27023	8	0	0	0	1	0	0	0	0	0	0
A	BL	20	128	1	2	BA1652	27025	8	7	0	0	0	0	0	0	0	0	0
A	BL	20	128	1	2	BA1652	27036	7	0	0	0	0	0	0	0	1	0	0
A	BL	20	128	1	2	BA1652	27038	7	8	2	0	1	0	0	0	0	0	0
A	BL	20	128	1	2	BA1652	27048	8	7	0	0	0	0	0	0	0	0	0
A	BL	20	128	1	2	BA1652	27057	7	0	0	0	0	0	0	0	1	0	0
A	BL	20	128	1	2	BA1652	27061	7	8	2	0	1	0	0	0	0	0	0
A	BL	20	128	1	2	BA1652	27071	8	7	0	0	0	0	0	0	0	0	0
A	BL	20	128	1	2	BA1652	27076	7	0	0	0	0	0	0	0	1	0	0
A	BL	20	128	1	2	BA1652	27077	7	8	2	0	1	0	0	0	0	0	0
A	BL	20	128	1	2	BA1652	27087	8	7	0	0	0	0	0	0	0	0	0
A	BL	20	128	1	2	BA1652	27120	7	0	0	0	0	0	0	0	1	0	0
A	BL	20	128	1	2	BA1652	27155	7	8	2	0	1	0	0	0	0	0	0
A	BL	20	128	1	2	BA1652	27165	8	7	0	0	0	0	0	0	0	0	0
A	BL	20	128	1	2	BA1652	27173	7	0	0	0	0	0	0	0	1	0	0
A	BL	20	128	1	2	BA1652	27180	7	8	2	0	1	0	0	0	0	0	0
A	BL	20	128	1	2	BA1652	27185	8	0	0	0	0	0	0	0	1	0	0
A	BL	20	128	1	2	BA1652	27190	8	7	0	0	0	0	0	0	0	0	0
A	BL	20	128	1	2	BA1652	27191	7	8	2	0	1	0	0	0	0	0	0
A	BL	20	128	1	2	BA1652	27201	8	9	0	0	0	0	0	0	0	0	0
A	BL	20	128	1	2	BA1652	27205	9	0	0	0	0	0	0	0	1	0	0
A	BL	20	128	1	2	BA1652	27211	9	10	0	0	0	0	0	0	0	0	0
A	BL	20	128	1	2	BA1652	27286	10	2	0	0	0	0	0	0	0	0	0
A	BL	20	128	1	2	BA1652	27287	2	6	0	0	0	0	0	0	0	0	0
A	BL	20	128	1	2	BA1652	27435	6	8	2	0	1	0	0	0	0	0	0
A	BL	20	128	1	2	BA1652	27445	8	7	0	0	0	0	0	0	0	0	0
A	BL	20	128	1	2	BA1652	27447	7	0	0	0	0	0	0	0	1	0	0
A	BL	20	128	1	2	BA1652	27501	7	8	2	0	1	0	0	0	0	0	0
A	BL	20	128	1	2	BA1652	27505	8	0	0	0	0	0	0	0	1	0	0
A	BL	20	128	1	2	BA1652	27511	8	7	0	0	0	0	0	0	0	0	0
A	BL	20	128	1	2	BA1652	27517	7	8	2	0	1	0	0	0	0	0	0
A	BL	20	128	1	2	BA1652	27527	8	7	0	0	0	0	0	0	0	0	0
A	BL	20	128	1	2	BA1652	27543	7	0	0	0	0	0	0	0	1	0	0
A	BL	20	128	1	2	BA1652	27591	7	8	2	0	1	0	0	0	0	0	0
A	BL	20	128	1	2	BA1652	27600	8	0	0	0	0	0	0	0	1	0	0
A	BL	20	128	1	2	BA1652	27601	8	7	0	0	0	0	0	0	0	0	0
A	BL	20	128	1	2	BA1652	27609	7	8	2	0	1	0	0	0	0	0	0
A	BL	20	128	1	2	BA1652	27615	8	0	0	0	0	0	0	0	1	0	0
A	BL	20	128	1	2	BA1652	27619	8	7	0	0	1	0	0	0	0	0	0
A	BL	20	128	1	2	BA1652	27624	7	0	0	0	0	0	0	0	1	0	0
A	BL	20	128	1	2	BA1652	27640	7	8	2	0	1	0	0	0	0	0	0
A	BL	20	128	1	2	BA1652	27650	8	7	0	0	0	0	0	0	0	0	0
A	BL	20	128	1	2	BA1652	27651	7	0	0	0	0	0	0	0	1	0	0
A	BL	20	128	1	2	BA1652	27663	7	8	2	0	1	0	0	0	0	0	0
A	BL	20	128	1	2	BA1652	27673	8	7	0	0	0	0	0	0	0	0	0
A	BL	20	128	1	2	BA1652	27674	7	0	0	0	0	0	0	0	1	0	0
A	BL	20	128	1	2	BA1652	27675	7	8	2	0	1	0	0	0	0	0	0
A	BL	20	128	1	2	BA1652	27676	8	0	0	0	0	0	0	0	1	0	0
A	BL	20	128	1	2	BA1652	27685	8	7	0	0	0	0	0	0	0	0	0
A	BL	20	128	1	2	BA1652	27716	7	8	2	0	1	0	0	0	0	0	0
A	BL	20	128	1	2	BA1652	27725	8	0	0	0	0	0	0	0	1	0	0
A	BL	20	128	1	2	BA1652	27726	8	7	0	0	0	0	0	0	0	0	0
A	BL	20	128	1	2	BA1652	27738	7	8	2	0	1	0	0	0	0	0	0
A	BL	20	128	1	2	BA1652	27748	8	7	0	0	0	0	0	0	0	0	0
A	BL	20	128	1	2	BA1652	27761	7	0	0	0	0	0	0	0	1	0	0
A	BL	20	128	1	2	BA1652	27771	7	8	2	0	1	0	0	0	0	0	0
A	BL	20	128	1	2	BA1652	27781	8	7	0	0	0	0	0	0	0	0	0
A	BL	20	128	1	2	BA1652	27783	7	0	0	0	0	0	0	0	1	0	0
A	BL	20	128	1	2	BA1652	27801	7	8	2	0	1	0	0	0	0	0	0
A	BL	20	128	1	2	BA1652	27808	8	0	0	0	0	0	0	0	1	0	0
A	BL	20	128	1	2	BA1652	27811	8	7	0	0	0	0	0	0	0	0	0
A	BL	20	128	1	2	BA1652	27816	7	8	2	0	1	0	0	0	0	0	0
A	BL	20	128	1	2	BA1652	27826	8	7	0	0	0	0	0	0	0	0	0
A	BL	20	128	1	2	BA1652	27829	7	0	0	0	0	0	0	0	1	0	0
A	BL	20	128	1	2	BA1652	27830	7	8	2	0	1	0	0	0	0	0	0
A	BL	20	128	1	2	BA1652	27840	8	7	0	0	0	0	0	0	0	0	0
A	BL	20	128	1	2	BA1652	27843	7	0	0	0	0	0	0	0	1	0	0
A	BL	20	128	1	2	BA1652	27844	7	8	2	0	1	0	0	0	0	0	0
A	BL	20	128	1	2	BA1652	27854	8	7	0	0	0	0	0	0	0	0	0
A	BL	20	128	1	2	BA1652	27859	7	0	0	0	0	0	0	0	1	0	0
A	BL	20	128	1	2	BA1652	27867	7	8	2	0	1	0	0	0	0	0	0
A	BL	20	128	1	2	BA1652	27877	8	7	0	0	0	0	0	0	0	0	0
A	BL	20	128	1	2	BA1652	27921	7	0	0	0	0	0	0	0	1	0	0
A	BL	20	128	1	2	BA1652	28004	7	8	2	0	1	0	0	0	0	0	0
A	BL	20	128	1	2	BA1652	28014	8	7	0	0	0	0	0	0	0	0	0
A	BL	20	128	1	2	BA1652	28025	7	0	0	0	0	0	0	0	1	0	0
A	BL	20	128	1	2	BA1652	28028	7	8	2	0	1	0	0	0	0	0	0
A	BL	20	128	1	2	BA1652	28038	8	7	0	0	0	0	0	0	0	0	0
A	BL	20	128	1	2	BA1652	28049	7	0	0	0	0	0	0	0	1	0	0
A	BL	20	128	1	2	BA1652	28052	7	8	2	0	1	0	0	0	0	0	0
A	BL	20	128	1	2	BA1652	28062	8	7	0	0	0	0	0	0	0	0	0
A	BL	20	128	1	2	BA1652	28064	7	0	0	0	0	0	0	0	1	0	0
A	BL	20	128	1	2	BA1652	28070	7	8	2	0	1	0	0	0	0	0	0
A	BL	20	128	1	2	BA1652	28076	8	0	0	0	0	0	0	0	1	0	0
A	BL	20	128	1	2	BA1652	28080	8	9	0	0	1	0	0	0	0	0	0
A	BL	20	128	1	2	BA1652	28090	9	10	0	0	0	0	0	0	0	0	0
A	BL	20	128	1	2	BA1652	28094	10	0	0	0	0	0	0	0	1	0	0
A	BL	20	128	1	2	BA1652	28165	10	2	0	0	0	0	0	0	0	0	0
A	BL	20	128	1	2	BA1652	28166	2	3	0	0	0	0	0	0	0	0	0
A	BL	20	128	1	2	BA1652	28211	3	5	1	1	0	0	0	0	0	0	0
A	BL	20	128	1	2	BA1652	28221	5	4	0	0	0	0	0	0	0	0	0
A	BL	20	128	1	2	BA1652	28241	4	0	0	0	0	0	0	1	0	0	0
A	BL	20	128	1	2	BA1652	28247	4	5	1	1	0	0	0	0	0	0	0
A	BL	20	128	1	2	BA1652	28255	5	0	0	0	0	0	0	1	0	0	0
A	BL	20	128	1	2	BA1652	28257	5	4	0	0	0	0	0	0	0	0	0
A	BL	20	128	1	2	BA1652	28263	4	5	1	1	0	0	0	0	0	0	0
A	BL	20	128	1	2	BA1652	28270	5	0	0	0	0	0	0	1	0	0	0
A	BL	20	128	1	2	BA1652	28273	5	4	0	0	0	0	0	0	0	0	0
A	BL	20	128	1	2	BA1652	28275	4	5	1	1	0	0	0	0	0	0	0
A	BL	20	128	1	2	BA1652	28285	5	4	0	0	0	0	0	0	0	0	0
A	BL	20	128	1	2	BA1652	28327	4	0	0	0	0	0	0	1	0	0	0
A	BL	20	128	1	2	BA1652	28334	4	5	1	1	0	0	0	0	0	0	0
A	BL	20	128	1	2	BA1652	28344	5	9	0	0	0	0	0	0	0	0	0
A	BL	20	128	1	2	BA1652	28354	9	10	0	0	0	0	0	0	0	0	0
A	BL	20	128	1	2	BA1652	28358	10	0	0	0	0	0	0	1	0	0	0
A	BL	20	128	1	2	BA1652	28429	10	2	0	0	0	0	0	0	0	0	0
A	BL	20	128	1	2	BA1652	28430	2	6	0	0	0	0	0	0	0	0	0
A	BL	20	128	1	2	BA1652	28764	6	8	2	0	1	0	0	0	0	0	0
A	BL	20	128	1	2	BA1652	28774	8	7	0	0	0	0	0	0	0	0	0
A	BL	20	128	1	2	BA1652	28780	7	0	0	0	0	0	0	0	1	0	0
A	BL	20	128	1	2	BA1652	28784	7	8	2	0	1	0	0	0	0	0	0
A	BL	20	128	1	2	BA1652	28794	8	7	0	0	0	0	0	0	0	0	0
A	BL	20	128	1	2	BA1652	28854	7	0	0	0	0	0	0	0	1	0	0
A	BL	20	128	1	2	BA1652	28880	7	8	2	0	1	0	0	0	0	0	0
A	BL	20	128	1	2	BA1652	28884	8	0	0	0	0	0	0	0	1	0	0
A	BL	20	128	1	2	BA1652	28889	8	0	0	0	1	0	0	0	0	0	0
A	BL	20	128	1	2	BA1652	28890	8	7	0	0	0	0	0	0	0	0	0
A	BL	20	128	1	2	BA1652	28970	7	0	0	0	0	0	0	0	1	0	0
A	BL	20	128	1	2	BA1652	28983	7	8	2	0	1	0	0	0	0	0	0
A	BL	20	128	1	2	BA1652	28993	8	7	0	0	0	0	0	0	0	0	0
A	BL	20	128	1	2	BA1652	29001	7	0	0	0	0	0	0	0	1	0	0
A	BL	20	128	1	2	BA1652	29003	7	8	2	0	1	0	0	0	0	0	0
A	BL	20	128	1	2	BA1652	29005	8	0	0	0	0	0	0	0	1	0	0
A	BL	20	128	1	2	BA1652	29007	8	0	0	0	1	0	0	0	0	0	0
A	BL	20	128	1	2	BA1652	29013	8	7	0	0	0	0	0	0	0	0	0
A	BL	20	128	1	2	BA1652	29018	7	0	0	0	0	0	0	0	1	0	0
A	BL	20	128	1	2	BA1652	29029	7	8	2	0	1	0	0	0	0	0	0
A	BL	20	128	1	2	BA1652	29037	8	0	0	0	0	0	0	0	1	0	0
A	BL	20	128	1	2	BA1652	29039	8	7	0	0	0	0	0	0	0	0	0
A	BL	20	128	1	2	BA1652	29063	7	8	2	0	1	0	0	0	0	0	0
A	BL	20	128	1	2	BA1652	29073	8	7	0	0	0	0	0	0	0	0	0
A	BL	20	128	1	2	BA1652	29074	7	0	0	0	0	0	0	0	1	0	0
A	BL	20	128	1	2	BA1652	29075	7	8	2	0	1	0	0	0	0	0	0
A	BL	20	128	1	2	BA1652	29077	8	0	0	0	0	0	0	0	1	0	0
A	BL	20	128	1	2	BA1652	29078	8	0	0	0	1	0	0	0	0	0	0
A	BL	20	128	1	2	BA1652	29084	8	0	0	0	0	0	0	0	1	0	0
A	BL	20	128	1	2	BA1652	29085	8	7	0	0	0	0	0	0	0	0	0
A	BL	20	128	1	2	BA1652	29100	7	8	2	0	1	0	0	0	0	0	0
A	BL	20	128	1	2	BA1652	29101	8	0	0	0	1	0	0	0	1	0	0
A	BL	20	128	1	2	BA1652	29103	8	0	0	0	0	0	0	0	1	0	0
A	BL	20	128	1	2	BA1652	29110	8	7	0	0	0	0	0	0	0	0	0
A	BL	20	128	1	2	BA1652	29150	7	8	2	0	1	0	0	0	0	0	0
A	BL	20	128	1	2	BA1652	29160	8	7	0	0	0	0	0	0	0	0	0
A	BL	20	128	1	2	BA1652	29162	7	0	0	0	0	0	0	0	1	0	0
A	BL	20	128	1	2	BA1652	29168	7	8	2	0	1	0	0	0	0	0	0
A	BL	20	128	1	2	BA1652	29178	8	7	0	0	0	0	0	0	0	0	0
A	BL	20	128	1	2	BA1652	29183	7	0	0	0	0	0	0	0	1	0	0
A	BL	20	128	1	2	BA1652	29197	7	8	2	0	1	0	0	0	0	0	0
A	BL	20	128	1	2	BA1652	29207	8	7	0	0	0	0	0	0	0	0	0
A	BL	20	128	1	2	BA1652	29217	7	0	0	0	0	0	0	0	1	0	0
A	BL	20	128	1	2	BA1652	29232	7	8	2	0	1	0	0	0	0	0	0
A	BL	20	128	1	2	BA1652	29242	8	7	0	0	0	0	0	0	0	0	0
A	BL	20	128	1	2	BA1652	29263	7	0	0	0	0	0	0	0	1	0	0
A	BL	20	128	1	2	BA1652	29268	7	8	2	0	1	0	0	0	0	0	0
A	BL	20	128	1	2	BA1652	29269	8	0	0	0	0	0	0	0	1	0	0
A	BL	20	128	1	2	BA1652	29278	8	7	0	0	0	0	0	0	0	0	0
A	BL	20	128	1	2	BA1652	29280	7	8	2	0	1	0	0	0	0	0	0
A	BL	20	128	1	2	BA1652	29285	8	0	0	0	0	0	0	0	1	0	0
A	BL	20	128	1	2	BA1652	29290	8	7	0	0	1	0	0	0	0	0	0
A	BL	20	128	1	2	BA1652	29302	7	0	0	0	0	0	0	0	1	0	0
A	BL	20	128	1	2	BA1652	29313	7	8	2	0	1	0	0	0	0	0	0
A	BL	20	128	1	2	BA1652	29323	8	7	0	0	0	0	0	0	0	0	0
A	BL	20	128	1	2	BA1652	29335	7	0	0	0	0	0	0	0	1	0	0
A	BL	20	128	1	2	BA1652	29339	7	8	2	0	1	0	0	0	0	0	0
A	BL	20	128	1	2	BA1652	29345	8	0	0	0	0	0	0	0	1	0	0
A	BL	20	128	1	2	BA1652	29349	8	7	0	0	0	0	0	0	0	0	0
A	BL	20	128	1	2	BA1652	29351	7	8	2	0	1	0	0	0	0	0	0
A	BL	20	128	1	2	BA1652	29356	8	0	0	0	0	0	0	0	1	0	0
A	BL	20	128	1	2	BA1652	29360	8	0	0	0	1	0	0	0	0	0	0
A	BL	20	128	1	2	BA1652	29361	8	7	0	0	0	0	0	0	0	0	0
A	BL	20	128	1	2	BA1652	29362	7	0	0	0	0	0	0	0	1	0	0
A	BL	20	128	1	2	BA1652	29366	7	8	2	0	1	0	0	0	0	0	0
A	BL	20	128	1	2	BA1652	29376	8	7	0	0	0	0	0	0	0	0	0
A	BL	20	128	1	2	BA1652	29390	7	0	0	0	0	0	0	0	1	0	0
A	BL	20	128	1	2	BA1652	29397	7	8	2	0	1	0	0	0	0	0	0
A	BL	20	128	1	2	BA1652	29404	8	0	0	0	0	0	0	0	1	0	0
A	BL	20	128	1	2	BA1652	29407	8	9	0	0	0	0	0	0	0	0	0
A	BL	20	128	1	2	BA1652	29410	9	0	0	0	1	0	0	0	0	0	0
A	BL	20	128	1	2	BA1652	29417	9	10	0	0	0	0	0	0	0	0	0
A	BL	20	128	1	2	BA1652	29419	10	0	0	0	0	0	0	0	1	0	0
A	BL	20	128	1	2	BA1652	29492	10	2	0	0	0	0	0	0	0	0	0
A	BL	20	128	1	2	BA1652	29493	2	3	0	0	0	0	0	0	0	0	0
A	BL	20	128	1	2	BA1652	29548	3	5	1	1	0	0	0	0	0	0	0
A	BL	20	128	1	2	BA1652	29558	5	4	0	0	0	0	0	0	0	0	0
A	BL	20	128	1	2	BA1652	29563	4	0	0	0	0	0	0	1	0	0	0
A	BL	20	128	1	2	BA1652	29567	4	5	1	1	0	0	0	0	0	0	0
A	BL	20	128	1	2	BA1652	29574	5	0	0	0	0	0	0	1	0	0	0
A	BL	20	128	1	2	BA1652	29575	5	0	0	1	0	0	0	0	0	0	0
A	BL	20	128	1	2	BA1652	29577	5	4	0	0	0	0	0	0	0	0	0
A	BL	20	128	1	2	BA1652	29584	4	0	0	0	0	0	0	1	0	0	0
A	BL	20	128	1	2	BA1652	29586	4	5	1	1	0	0	0	0	0	0	0
A	BL	20	128	1	2	BA1652	29594	5	0	0	0	0	0	0	1	0	0	0
A	BL	20	128	1	2	BA1652	29596	5	4	0	0	0	0	0	0	0	0	0
A	BL	20	128	1	2	BA1652	29603	4	5	1	1	0	0	0	0	0	0	0
A	BL	20	128	1	2	BA1652	29613	5	4	0	0	0	0	0	0	0	0	0
A	BL	20	128	1	2	BA1652	29619	4	0	0	0	0	0	0	1	0	0	0
A	BL	20	128	1	2	BA1652	29622	4	5	1	1	0	0	0	0	0	0	0
A	BL	20	128	1	2	BA1652	29632	5	9	0	0	0	0	0	0	0	0	0
A	BL	20	128	1	2	BA1652	29640	9	0	0	0	0	0	0	1	0	0	0
A	BL	20	128	1	2	BA1652	29642	9	10	0	0	0	0	0	0	0	0	0
A	BL	20	128	1	2	BA1652	29717	10	2	0	0	0	0	0	0	0	0	0
A	BL	20	128	1	2	BA1652	29718	2	6	0	0	0	0	0	0	0	0	0
A	BL	20	128	1	2	BA1652	29990	6	8	2	0	1	0	0	0	0	0	0
A	BL	20	128	1	2	BA1652	29998	8	0	0	0	0	0	0	0	1	0	0
A	BL	20	128	1	2	BA1652	30000	8	7	0	0	0	0	0	0	0	0	0
A	BL	20	128	1	2	BA1652	30030	7	8	2	0	1	0	0	0	0	0	0
A	BL	20	128	1	2	BA1652	30040	8	7	0	0	0	0	0	0	0	0	0
A	BL	20	128	1	2	BA1652	30063	7	0	0	0	0	0	0	0	1	0	0
A	BL	20	128	1	2	BA1652	30068	7	8	2	0	1	0	0	0	0	0	0
A	BL	20	128	1	2	BA1652	30073	8	0	0	0	0	0	0	0	1	0	0
A	BL	20	128	1	2	BA1652	30078	8	7	0	0	0	0	0	0	0	0	0
A	BL	20	128	1	2	BA1652	30127	7	8	2	0	1	0	0	0	0	0	0
A	BL	20	128	1	2	BA1652	30136	8	0	0	0	0	0	0	0	1	0	0
A	BL	20	128	1	2	BA1652	30137	8	7	0	0	0	0	0	0	0	0	0
A	BL	20	128	1	2	BA1652	30176	7	8	2	0	1	0	0	0	0	0	0
A	BL	20	128	1	2	BA1652	30178	8	0	0	0	0	0	0	0	1	0	0
A	BL	20	128	1	2	BA1652	30186	8	7	0	0	0	0	0	0	0	0	0
A	BL	20	128	1	2	BA1652	30191	7	8	2	0	1	0	0	0	0	0	0
A	BL	20	128	1	2	BA1652	30195	8	0	0	0	0	0	0	0	1	0	0
A	BL	20	128	1	2	BA1652	30201	8	7	0	0	0	0	0	0	0	0	0
A	BL	20	128	1	2	BA1652	30231	7	8	2	0	1	0	0	0	0	0	0
A	BL	20	128	1	2	BA1652	30241	8	7	0	0	0	0	0	0	1	0	0
A	BL	20	128	1	2	BA1652	30245	7	8	2	0	1	0	0	0	0	0	0
A	BL	20	128	1	2	BA1652	30250	8	0	0	0	0	0	0	0	1	0	0
A	BL	20	128	1	2	BA1652	30255	8	7	0	0	0	0	0	0	0	0	0
A	BL	20	128	1	2	BA1652	30258	7	8	2	0	1	0	0	0	0	0	0
A	BL	20	128	1	2	BA1652	30261	8	0	0	0	0	0	0	0	1	0	0
A	BL	20	128	1	2	BA1652	30264	8	0	0	0	1	0	0	0	0	0	0
A	BL	20	128	1	2	BA1652	30266	8	0	0	0	0	0	0	0	1	0	0
A	BL	20	128	1	2	BA1652	30268	8	7	0	0	0	0	0	0	0	0	0
A	BL	20	128	1	2	BA1652	30273	7	8	2	0	1	0	0	0	0	0	0
A	BL	20	128	1	2	BA1652	30283	8	7	0	0	0	0	0	0	1	0	0
A	BL	20	128	1	2	BA1652	30286	7	8	2	0	1	0	0	0	0	0	0
A	BL	20	128	1	2	BA1652	30296	8	7	0	0	0	0	0	0	0	0	0
A	BL	20	128	1	2	BA1652	30302	7	0	0	0	0	0	0	0	1	0	0
A	BL	20	128	1	2	BA1652	30328	7	8	2	0	1	0	0	0	0	0	0
A	BL	20	128	1	2	BA1652	30338	8	7	0	0	0	0	0	0	0	0	0
A	BL	20	128	1	2	BA1652	30361	7	0	0	0	0	0	0	0	1	0	0
A	BL	20	128	1	2	BA1652	30368	7	8	2	0	1	0	0	0	0	0	0
A	BL	20	128	1	2	BA1652	30374	8	0	0	0	0	0	0	0	1	0	0
A	BL	20	128	1	2	BA1652	30378	8	7	0	0	1	0	0	0	0	0	0
A	BL	20	128	1	2	BA1652	30387	7	0	0	0	0	0	0	0	1	0	0
A	BL	20	128	1	2	BA1652	30424	7	8	2	0	1	0	0	0	0	0	0
A	BL	20	128	1	2	BA1652	30434	8	7	0	0	0	0	0	0	0	0	0
A	BL	20	128	1	2	BA1652	30442	7	0	0	0	0	0	0	0	1	0	0
A	BL	20	128	1	2	BA1652	30447	7	8	2	0	1	0	0	0	0	0	0
A	BL	20	128	1	2	BA1652	30451	8	0	0	0	0	0	0	0	1	0	0
A	BL	20	128	1	2	BA1652	30455	8	0	0	0	1	0	0	0	0	0	0
A	BL	20	128	1	2	BA1652	30457	8	7	0	0	0	0	0	0	0	0	0
A	BL	20	128	1	2	BA1652	30460	7	0	0	0	0	0	0	0	1	0	0
A	BL	20	128	1	2	BA1652	30466	7	8	2	0	1	0	0	0	0	0	0
A	BL	20	128	1	2	BA1652	30469	8	0	0	0	0	0	0	0	1	0	0
A	BL	20	128	1	2	BA1652	30476	8	7	0	0	1	0	0	0	0	0	0
A	BL	20	128	1	2	BA1652	30485	7	0	0	0	0	0	0	0	1	0	0
A	BL	20	128	1	2	BA1652	30491	7	8	2	0	1	0	0	0	0	0	0
A	BL	20	128	1	2	BA1652	30501	8	7	0	0	0	0	0	0	0	0	0
A	BL	20	128	1	2	BA1652	30504	7	0	0	0	0	0	0	0	1	0	0
A	BL	20	128	1	2	BA1652	30602	7	8	2	0	1	0	0	0	0	0	0
A	BL	20	128	1	2	BA1652	30608	8	0	0	0	1	0	0	0	1	0	0
A	BL	20	128	1	2	BA1652	30612	8	7	0	0	0	0	0	0	0	0	0
A	BL	20	128	1	2	BA1652	30613	7	0	0	0	0	0	0	0	1	0	0
A	BL	20	128	1	2	BA1652	30616	7	8	2	0	1	0	0	0	0	0	0
A	BL	20	128	1	2	BA1652	30621	8	0	0	0	0	0	0	0	1	0	0
A	BL	20	128	1	2	BA1652	30624	8	0	0	0	1	0	0	0	0	0	0
A	BL	20	128	1	2	BA1652	30626	8	7	0	0	0	0	0	0	0	0	0
A	BL	20	128	1	2	BA1652	30646	7	0	0	0	0	0	0	0	1	0	0
A	BL	20	128	1	2	BA1652	30827	7	8	2	0	1	0	0	0	0	0	0
A	BL	20	128	1	2	BA1652	30837	8	9	0	0	0	0	0	0	0	0	0
A	BL	20	128	1	2	BA1652	30847	9	10	0	0	0	0	0	0	0	0	0
A	BL	20	128	1	2	BA1652	30850	10	0	0	0	0	0	0	0	1	0	0
A	BL	20	128	1	2	BA1652	30922	10	2	0	0	0	0	0	0	0	0	0
A	BL	20	128	1	2	BA1652	30923	2	3	0	0	0	0	0	0	0	0	0
A	BL	20	128	1	2	BA1652	30962	3	5	1	1	0	0	0	0	0	0	0
A	BL	20	128	1	2	BA1652	30972	5	4	0	0	0	0	0	0	0	0	0
A	BL	20	128	1	2	BA1652	30979	4	0	0	0	0	0	0	1	0	0	0
A	BL	20	128	1	2	BA1652	30983	4	5	1	1	0	0	0	0	0	0	0
A	BL	20	128	1	2	BA1652	30993	5	4	0	0	0	0	0	0	0	0	0
A	BL	20	128	1	2	BA1652	31005	4	0	0	0	0	0	0	1	0	0	0
A	BL	20	128	1	2	BA1652	31012	4	5	1	1	0	0	0	0	0	0	0
A	BL	20	128	1	2	BA1652	31016	5	0	0	0	0	0	0	1	0	0	0
A	BL	20	128	1	2	BA1652	31022	5	4	0	0	0	0	0	0	0	0	0
A	BL	20	128	1	2	BA1652	31032	4	5	1	1	0	0	0	0	0	0	0
A	BL	20	128	1	2	BA1652	31040	5	0	0	0	0	0	0	1	0	0	0
A	BL	20	128	1	2	BA1652	31042	5	4	0	0	0	0	0	0	0	0	0
A	BL	20	128	1	2	BA1652	31055	4	5	1	1	0	0	0	0	0	0	0
A	BL	20	128	1	2	BA1652	31057	5	0	0	0	0	0	0	1	0	0	0
A	BL	20	128	1	2	BA1652	31060	5	0	0	1	0	0	0	0	0	0	0
A	BL	20	128	1	2	BA1652	31065	5	9	0	0	0	0	0	0	0	0	0
A	BL	20	128	1	2	BA1652	31071	9	0	0	0	0	0	0	1	0	0	0
A	BL	20	128	1	2	BA1652	31075	9	10	0	0	0	0	0	0	0	0	0
A	BL	20	128	1	2	BA1652	31150	10	2	0	0	0	0	0	0	0	0	0
A	BL	20	128	1	2	BA1652	31151	2	3	0	0	0	0	0	0	0	0	0
A	BL	20	128	1	2	BA1652	31194	3	5	1	1	0	0	0	0	0	0	0
A	BL	20	128	1	2	BA1652	31198	5	0	0	0	0	0	0	1	0	0	0
A	BL	20	128	1	2	BA1652	31204	5	4	0	0	0	0	0	0	0	0	0
A	BL	20	128	1	2	BA1652	31207	4	5	1	1	0	0	0	0	0	0	0
A	BL	20	128	1	2	BA1652	31214	5	0	0	1	0	0	0	1	0	0	0
A	BL	20	128	1	2	BA1652	31217	5	4	0	0	0	0	0	0	0	0	0
A	BL	20	128	1	2	BA1652	31219	4	0	0	0	0	0	0	1	0	0	0
A	BL	20	128	1	2	BA1652	31241	4	5	1	1	0	0	0	0	0	0	0
A	BL	20	128	1	2	BA1652	31251	5	4	0	0	0	0	0	0	0	0	0
A	BL	20	128	1	2	BA1652	31259	4	0	0	0	0	0	0	1	0	0	0
A	BL	20	128	1	2	BA1652	31268	4	5	1	1	0	0	0	0	0	0	0
A	BL	20	128	1	2	BA1652	31278	5	4	0	0	0	0	0	0	0	0	0
A	BL	20	128	1	2	BA1652	31279	4	0	0	0	0	0	0	1	0	0	0
A	BL	20	128	1	2	BA1652	31295	4	5	1	1	0	0	0	0	0	0	0
A	BL	20	128	1	2	BA1652	31305	5	9	0	0	0	0	0	0	0	0	0
A	BL	20	128	1	2	BA1652	31315	9	10	0	0	0	0	0	1	0	0	0
A	BL	20	128	1	2	BA1652	31390	10	2	0	0	0	0	0	0	0	0	0
A	BL	20	128	1	2	BA1652	31391	2	6	0	0	0	0	0	0	0	0	0
A	BL	20	128	1	2	BA1652	31807	6	8	2	0	1	0	0	0	0	0	0
A	BL	20	128	1	2	BA1652	31814	8	0	0	0	0	0	0	0	1	0	0
A	BL	20	128	1	2	BA1652	31817	8	7	0	0	0	0	0	0	0	0	0
A	BL	20	128	1	2	BA1652	31833	7	8	2	0	1	0	0	0	0	0	0
A	BL	20	128	1	2	BA1652	31843	8	7	0	0	0	0	0	0	0	0	0
A	BL	20	128	1	2	BA1652	31926	7	0	0	0	0	0	0	0	1	0	0
A	BL	20	128	1	2	BA1652	32217	7	8	2	0	1	0	0	0	0	0	0
A	BL	20	128	1	2	BA1652	32220	8	0	0	0	0	0	0	0	1	0	0
A	BL	20	128	1	2	BA1652	32226	8	0	0	0	1	0	0	0	0	0	0
A	BL	20	128	1	2	BA1652	32227	8	7	0	0	0	0	0	0	0	0	0
A	BL	20	128	1	2	BA1652	32236	7	0	0	0	0	0	0	0	1	0	0
A	BL	20	128	1	2	BA1652	32238	7	8	2	0	1	0	0	0	0	0	0
A	BL	20	128	1	2	BA1652	32248	8	7	0	0	0	0	0	0	1	0	0
A	BL	20	128	1	2	BA1652	32251	7	8	2	0	1	0	0	0	0	0	0
A	BL	20	128	1	2	BA1652	32260	8	0	0	0	0	0	0	0	1	0	0
A	BL	20	128	1	2	BA1652	32261	8	7	0	0	0	0	0	0	0	0	0
A	BL	20	128	1	2	BA1652	32276	7	8	2	0	1	0	0	0	0	0	0
A	BL	20	128	1	2	BA1652	32286	8	7	0	0	0	0	0	0	1	0	0
A	BL	20	128	1	2	BA1652	32300	7	8	2	0	1	0	0	0	0	0	0
A	BL	20	128	1	2	BA1652	32304	8	0	0	0	0	0	0	0	1	0	0
A	BL	20	128	1	2	BA1652	32310	8	7	0	0	1	0	0	0	0	0	0
A	BL	20	128	1	2	BA1652	32323	7	0	0	0	0	0	0	0	1	0	0
A	BL	20	128	1	2	BA1652	32327	7	8	2	0	1	0	0	0	0	0	0
A	BL	20	128	1	2	BA1652	32330	8	0	0	0	0	0	0	0	1	0	0
A	BL	20	128	1	2	BA1652	32337	8	7	0	0	0	0	0	0	0	0	0
A	BL	20	128	1	2	BA1652	32343	7	8	2	0	1	0	0	0	0	0	0
A	BL	20	128	1	2	BA1652	32353	8	7	0	0	0	0	0	0	0	0	0
A	BL	20	128	1	2	BA1652	32356	7	0	0	0	0	0	0	0	1	0	0
A	BL	20	128	1	2	BA1652	32382	7	8	2	0	1	0	0	0	0	0	0
A	BL	20	128	1	2	BA1652	32392	8	7	0	0	0	0	0	0	0	0	0
A	BL	20	128	1	2	BA1652	32399	7	0	0	0	0	0	0	0	1	0	0
A	BL	20	128	1	2	BA1652	32405	7	8	2	0	1	0	0	0	0	0	0
A	BL	20	128	1	2	BA1652	32407	8	0	0	0	0	0	0	0	1	0	0
A	BL	20	128	1	2	BA1652	32415	8	7	0	0	0	0	0	0	0	0	0
A	BL	20	128	1	2	BA1652	32417	7	8	2	0	1	0	0	0	0	0	0
A	BL	20	128	1	2	BA1652	32427	8	7	0	0	0	0	0	0	0	0	0
A	BL	20	128	1	2	BA1652	32428	7	0	0	0	0	0	0	0	1	0	0
A	BL	20	128	1	2	BA1652	32438	7	8	2	0	1	0	0	0	0	0	0
A	BL	20	128	1	2	BA1652	32445	8	0	0	0	0	0	0	0	1	0	0
A	BL	20	128	1	2	BA1652	32448	8	7	0	0	0	0	0	0	0	0	0
A	BL	20	128	1	2	BA1652	32449	7	8	2	0	1	0	0	0	0	0	0
A	BL	20	128	1	2	BA1652	32454	8	0	0	0	0	0	0	0	1	0	0
A	BL	20	128	1	2	BA1652	32459	8	7	0	0	0	0	0	0	0	0	0
A	BL	20	128	1	2	BA1652	32460	7	8	2	0	1	0	0	0	0	0	0
A	BL	20	128	1	2	BA1652	32464	8	0	0	0	0	0	0	0	1	0	0
A	BL	20	128	1	2	BA1652	32470	8	7	0	0	1	0	0	0	0	0	0
A	BL	20	128	1	2	BA1652	32491	7	0	0	0	0	0	0	0	1	0	0
A	BL	20	128	1	2	BA1652	32501	7	8	2	0	1	0	0	0	0	0	0
A	BL	20	128	1	2	BA1652	32504	8	0	0	0	0	0	0	0	1	0	0
A	BL	20	128	1	2	BA1652	32507	8	0	0	0	1	0	0	0	0	0	0
A	BL	20	128	1	2	BA1652	32511	8	7	0	0	0	0	0	0	0	0	0
A	BL	20	128	1	2	BA1652	32550	7	0	0	0	0	0	0	0	1	0	0
A	BL	20	128	1	2	BA1652	32554	7	8	2	0	1	0	0	0	0	0	0
A	BL	20	128	1	2	BA1652	32559	8	0	0	0	0	0	0	0	1	0	0
A	BL	20	128	1	2	BA1652	32560	8	0	0	0	1	0	0	0	0	0	0
A	BL	20	128	1	2	BA1652	32562	8	0	0	0	0	0	0	0	1	0	0
A	BL	20	128	1	2	BA1652	32563	8	0	0	0	1	0	0	0	0	0	0
A	BL	20	128	1	2	BA1652	32564	8	7	0	0	0	0	0	0	0	0	0
A	BL	20	128	1	2	BA1652	32582	7	0	0	0	0	0	0	0	1	0	0
A	BL	20	128	1	2	BA1652	32583	7	8	2	0	1	0	0	0	0	0	0
A	BL	20	128	1	2	BA1652	32593	8	7	0	0	0	0	0	0	0	0	0
A	BL	20	128	1	2	BA1652	32614	7	0	0	0	0	0	0	0	1	0	0
A	BL	20	128	1	2	BA1652	32629	7	8	2	0	1	0	0	0	0	0	0
A	BL	20	128	1	2	BA1652	32634	8	0	0	0	0	0	0	0	1	0	0
A	BL	20	128	1	2	BA1652	32639	8	7	0	0	0	0	0	0	0	0	0
A	BL	20	128	1	2	BA1652	32646	7	8	2	0	1	0	0	0	0	0	0
A	BL	20	128	1	2	BA1652	32656	8	9	0	0	0	0	0	0	1	0	0
A	BL	20	128	1	2	BA1652	32661	9	0	0	0	1	0	0	0	0	0	0
A	BL	20	128	1	2	BA1652	32663	9	0	0	0	0	0	0	0	1	0	0
A	BL	20	128	1	2	BA1652	32666	9	10	0	0	0	0	0	0	0	0	0
A	BL	20	128	1	2	BA1652	32741	10	2	0	0	0	0	0	0	0	0	0
A	BL	20	128	1	2	BA1652	32742	2	6	0	0	0	0	0	0	0	0	0
A	BL	20	128	1	2	BA1652	33030	6	8	2	0	1	0	0	0	0	0	0
A	BL	20	128	1	2	BA1652	33039	8	0	0	0	0	0	0	0	1	0	0
A	BL	20	128	1	2	BA1652	33040	8	7	0	0	0	0	0	0	0	0	0
A	BL	20	128	1	2	BA1652	33088	7	8	2	0	1	0	0	0	0	0	0
A	BL	20	128	1	2	BA1652	33092	8	0	0	0	0	0	0	0	1	0	0
A	BL	20	128	1	2	BA1652	33098	8	7	0	0	0	0	0	0	0	0	0
A	BL	20	128	1	2	BA1652	33102	7	8	2	0	1	0	0	0	0	0	0
A	BL	20	128	1	2	BA1652	33108	8	0	0	0	0	0	0	0	1	0	0
A	BL	20	128	1	2	BA1652	33112	8	7	0	0	0	0	0	0	0	0	0
A	BL	20	128	1	2	BA1652	33114	7	8	2	0	1	0	0	0	0	0	0
A	BL	20	128	1	2	BA1652	33118	8	0	0	0	0	0	0	0	1	0	0
A	BL	20	128	1	2	BA1652	33124	8	7	0	0	0	0	0	0	0	0	0
A	BL	20	128	1	2	BA1652	33137	7	8	2	0	1	0	0	0	0	0	0
A	BL	20	128	1	2	BA1652	33147	8	7	0	0	0	0	0	0	1	0	0
A	BL	20	128	1	2	BA1652	33152	7	8	2	0	1	0	0	0	0	0	0
A	BL	20	128	1	2	BA1652	33159	8	0	0	0	0	0	0	0	1	0	0
A	BL	20	128	1	2	BA1652	33162	8	7	0	0	0	0	0	0	0	0	0
A	BL	20	128	1	2	BA1652	33166	7	8	2	0	1	0	0	0	0	0	0
A	BL	20	128	1	2	BA1652	33173	8	0	0	0	0	0	0	0	1	0	0
A	BL	20	128	1	2	BA1652	33176	8	7	0	0	0	0	0	0	0	0	0
A	BL	20	128	1	2	BA1652	33178	7	8	2	0	1	0	0	0	0	0	0
A	BL	20	128	1	2	BA1652	33180	8	0	0	0	0	0	0	0	1	0	0
A	BL	20	128	1	2	BA1652	33183	8	0	0	0	1	0	0	0	0	0	0
A	BL	20	128	1	2	BA1652	33188	8	7	0	0	0	0	0	0	0	0	0
A	BL	20	128	1	2	BA1652	33199	7	0	0	0	0	0	0	0	1	0	0
A	BL	20	128	1	2	BA1652	33203	7	8	2	0	1	0	0	0	0	0	0
A	BL	20	128	1	2	BA1652	33213	8	7	0	0	0	0	0	0	1	0	0
A	BL	20	128	1	2	BA1652	33364	7	8	2	0	1	0	0	0	0	0	0
A	BL	20	128	1	2	BA1652	33369	8	0	0	0	0	0	0	0	1	0	0
A	BL	20	128	1	2	BA1652	33373	8	0	0	0	1	0	0	0	0	0	0
A	BL	20	128	1	2	BA1652	33374	8	7	0	0	0	0	0	0	0	0	0
A	BL	20	128	1	2	BA1652	33382	7	0	0	0	0	0	0	0	1	0	0
A	BL	20	128	1	2	BA1652	33401	7	8	2	0	1	0	0	0	0	0	0
A	BL	20	128	1	2	BA1652	33403	8	0	0	0	0	0	0	0	1	0	0
A	BL	20	128	1	2	BA1652	33411	8	7	0	0	0	0	0	0	0	0	0
A	BL	20	128	1	2	BA1652	33420	7	8	2	0	1	0	0	0	0	0	0
A	BL	20	128	1	2	BA1652	33427	8	0	0	0	0	0	0	0	1	0	0
A	BL	20	128	1	2	BA1652	33430	8	7	0	0	0	0	0	0	0	0	0
A	BL	20	128	1	2	BA1652	33446	7	8	2	0	1	0	0	0	0	0	0
A	BL	20	128	1	2	BA1652	33456	8	7	0	0	0	0	0	0	0	0	0
A	BL	20	128	1	2	BA1652	33462	7	0	0	0	0	0	0	0	1	0	0
A	BL	20	128	1	2	BA1652	33468	7	8	2	0	1	0	0	0	0	0	0
A	BL	20	128	1	2	BA1652	33478	8	7	0	0	0	0	0	0	0	0	0
A	BL	20	128	1	2	BA1652	33480	7	0	0	0	0	0	0	0	1	0	0
A	BL	20	128	1	2	BA1652	33524	7	8	2	0	1	0	0	0	0	0	0
A	BL	20	128	1	2	BA1652	33526	8	0	0	0	0	0	0	0	1	0	0
A	BL	20	128	1	2	BA1652	33534	8	7	0	0	0	0	0	0	0	0	0
A	BL	20	128	1	2	BA1652	33548	7	8	2	0	1	0	0	0	0	0	0
A	BL	20	128	1	2	BA1652	33557	8	0	0	0	0	0	0	0	1	0	0
A	BL	20	128	1	2	BA1652	33558	8	7	0	0	0	0	0	0	0	0	0
A	BL	20	128	1	2	BA1652	33565	7	8	2	0	1	0	0	0	0	0	0
A	BL	20	128	1	2	BA1652	33575	8	7	0	0	0	0	0	0	0	0	0
A	BL	20	128	1	2	BA1652	33577	7	0	0	0	0	0	0	0	1	0	0
A	BL	20	128	1	2	BA1652	33622	7	8	2	0	1	0	0	0	0	0	0
A	BL	20	128	1	2	BA1652	33632	8	7	0	0	0	0	0	0	0	0	0
A	BL	20	128	1	2	BA1652	33646	7	0	0	0	0	0	0	0	1	0	0
A	BL	20	128	1	2	BA1652	33652	7	8	2	0	1	0	0	0	0	0	0
A	BL	20	128	1	2	BA1652	33657	8	0	0	0	0	0	0	0	1	0	0
A	BL	20	128	1	2	BA1652	33659	8	0	0	0	1	0	0	0	0	0	0
A	BL	20	128	1	2	BA1652	33662	8	7	0	0	0	0	0	0	0	0	0
A	BL	20	128	1	2	BA1652	33677	7	0	0	0	0	0	0	0	1	0	0
A	BL	20	128	1	2	BA1652	33682	7	8	2	0	1	0	0	0	0	0	0
A	BL	20	128	1	2	BA1652	33692	8	9	0	0	0	0	0	0	0	0	0
A	BL	20	128	1	2	BA1652	33702	9	10	0	0	0	0	0	0	1	0	0
A	BL	20	128	1	2	BA1652	33777	10	2	0	0	0	0	0	0	0	0	0
A	BL	20	128	1	2	BA1652	33778	2	6	0	0	0	0	0	0	0	0	0
A	BL	20	128	1	2	BA1652	33984	6	8	2	0	1	0	0	0	0	0	0
A	BL	20	128	1	2	BA1652	33985	8	0	0	0	0	0	0	0	1	0	0
A	BL	20	128	1	2	BA1652	33994	8	7	0	0	0	0	0	0	0	0	0
A	BL	20	128	1	2	BA1652	34064	7	8	2	0	1	0	0	0	0	0	0
A	BL	20	128	1	2	BA1652	34069	8	0	0	0	0	0	0	0	1	0	0
A	BL	20	128	1	2	BA1652	34074	8	7	0	0	0	0	0	0	0	0	0
A	BL	20	128	1	2	BA1652	34075	7	8	2	0	1	0	0	0	0	0	0
A	BL	20	128	1	2	BA1652	34078	8	0	0	0	0	0	0	0	1	0	0
A	BL	20	128	1	2	BA1652	34085	8	7	0	0	0	0	0	0	0	0	0
A	BL	20	128	1	2	BA1652	34091	7	8	2	0	1	0	0	0	0	0	0
A	BL	20	128	1	2	BA1652	34099	8	0	0	0	0	0	0	0	1	0	0
A	BL	20	128	1	2	BA1652	34101	8	7	0	0	0	0	0	0	0	0	0
A	BL	20	128	1	2	BA1652	34105	7	8	2	0	1	0	0	0	0	0	0
A	BL	20	128	1	2	BA1652	34115	8	7	0	0	0	0	0	0	0	0	0
A	BL	20	128	1	2	BA1652	34124	7	0	0	0	0	0	0	0	1	0	0
A	BL	20	128	1	2	BA1652	34144	7	8	2	0	1	0	0	0	0	0	0
A	BL	20	128	1	2	BA1652	34147	8	0	0	0	0	0	0	0	1	0	0
A	BL	20	128	1	2	BA1652	34154	8	7	0	0	1	0	0	0	0	0	0
A	BL	20	128	1	2	BA1652	34157	7	0	0	0	0	0	0	0	1	0	0
A	BL	20	128	1	2	BA1652	34186	7	8	2	0	1	0	0	0	0	0	0
A	BL	20	128	1	2	BA1652	34189	8	0	0	0	0	0	0	0	1	0	0
A	BL	20	128	1	2	BA1652	34196	8	7	0	0	0	0	0	0	0	0	0
A	BL	20	128	1	2	BA1652	34258	7	8	2	0	1	0	0	0	0	0	0
A	BL	20	128	1	2	BA1652	34267	8	0	0	0	0	0	0	0	1	0	0
A	BL	20	128	1	2	BA1652	34268	8	7	0	0	0	0	0	0	0	0	0
A	BL	20	128	1	2	BA1652	34336	7	8	2	0	1	0	0	0	0	0	0
A	BL	20	128	1	2	BA1652	34343	8	0	0	0	0	0	0	0	1	0	0
A	BL	20	128	1	2	BA1652	34346	8	7	0	0	0	0	0	0	0	0	0
A	BL	20	128	1	2	BA1652	34347	7	8	2	0	1	0	0	0	0	0	0
A	BL	20	128	1	2	BA1652	34354	8	0	0	0	0	0	0	0	1	0	0
A	BL	20	128	1	2	BA1652	34357	8	7	0	0	0	0	0	0	0	0	0
A	BL	20	128	1	2	BA1652	34374	7	8	2	0	1	0	0	0	0	0	0
A	BL	20	128	1	2	BA1652	34384	8	7	0	0	0	0	0	0	0	0	0
A	BL	20	128	1	2	BA1652	34388	7	0	0	0	0	0	0	0	1	0	0
A	BL	20	128	1	2	BA1652	34428	7	8	2	0	1	0	0	0	0	0	0
A	BL	20	128	1	2	BA1652	34438	8	7	0	0	0	0	0	0	0	0	0
A	BL	20	128	1	2	BA1652	34463	7	0	0	0	0	0	0	0	1	0	0
A	BL	20	128	1	2	BA1652	34467	7	8	2	0	1	0	0	0	0	0	0
A	BL	20	128	1	2	BA1652	34472	8	0	0	0	0	0	0	0	1	0	0
A	BL	20	128	1	2	BA1652	34476	8	0	0	0	1	0	0	0	0	0	0
A	BL	20	128	1	2	BA1652	34477	8	7	0	0	0	0	0	0	0	0	0
A	BL	20	128	1	2	BA1652	34498	7	0	0	0	0	0	0	0	1	0	0
A	BL	20	128	1	2	BA1652	34505	7	8	2	0	1	0	0	0	0	0	0
A	BL	20	128	1	2	BA1652	34515	8	7	0	0	0	0	0	0	1	0	0
A	BL	20	128	1	2	BA1652	34530	7	8	2	0	1	0	0	0	0	0	0
A	BL	20	128	1	2	BA1652	34540	8	7	0	0	0	0	0	0	0	0	0
A	BL	20	128	1	2	BA1652	34546	7	0	0	0	0	0	0	0	1	0	0
A	BL	20	128	1	2	BA1652	34569	7	8	2	0	1	0	0	0	0	0	0
A	BL	20	128	1	2	BA1652	34579	8	7	0	0	0	0	0	0	0	0	0
A	BL	20	128	1	2	BA1652	34589	7	0	0	0	0	0	0	0	1	0	0
A	BL	20	128	1	2	BA1652	34609	7	8	2	0	1	0	0	0	0	0	0
A	BL	20	128	1	2	BA1652	34611	8	0	0	0	0	0	0	0	1	0	0
A	BL	20	128	1	2	BA1652	34615	8	0	0	0	1	0	0	0	0	0	0
A	BL	20	128	1	2	BA1652	34619	8	7	0	0	0	0	0	0	0	0	0
A	BL	20	128	1	2	BA1652	34622	7	0	0	0	0	0	0	0	1	0	0
A	BL	20	128	1	2	BA1652	34625	7	8	2	0	1	0	0	0	0	0	0
A	BL	20	128	1	2	BA1652	34635	8	7	0	0	0	0	0	0	0	0	0
A	BL	20	128	1	2	BA1652	34677	7	0	0	0	0	0	0	0	1	0	0
A	BL	20	128	1	2	BA1652	34691	7	8	2	0	1	0	0	0	0	0	0
A	BL	20	128	1	2	BA1652	34693	8	0	0	0	0	0	0	0	1	0	0
A	BL	20	128	1	2	BA1652	34699	8	0	0	0	1	0	0	0	0	0	0
A	BL	20	128	1	2	BA1652	34701	8	7	0	0	0	0	0	0	0	0	0
A	BL	20	128	1	2	BA1652	34722	7	0	0	0	0	0	0	0	1	0	0
A	BL	20	128	1	2	BA1652	34810	7	8	2	0	1	0	0	0	0	0	0
A	BL	20	128	1	2	BA1652	34817	8	0	0	0	0	0	0	0	1	0	0
A	BL	20	128	1	2	BA1652	34820	8	9	0	0	1	0	0	0	0	0	0
A	BL	20	128	1	2	BA1652	34830	9	-1	0	0	0	0	0	0	0	0	0
