Project	UserID	Protocol	Session	Station	Run	Subject	Time	Current State	Transition State	Transition Event	A1 - 	A2 - 	A3 - 	A4 - 	A[1] 	A[2] 	A[3] 	A[4] 
A	BL	20	106	1	2	BA1652	0	0	1	0	0	0	0	0	0	0	0	0
A	BL	20	106	1	2	BA1652	50	1	2	0	0	0	0	0	0	0	0	0
A	BL	20	106	1	2	BA1652	51	2	6	0	0	0	0	0	0	0	0	0
A	BL	20	106	1	2	BA1652	4265	6	8	2	0	1	0	0	0	0	0	0
A	BL	20	106	1	2	BA1652	4275	8	7	0	0	0	0	0	0	0	0	0
A	BL	20	106	1	2	BA1652	4304	7	0	0	0	0	0	0	0	1	0	0
A	BL	20	106	1	2	BA1652	4365	7	8	2	0	1	0	0	0	0	0	0
A	BL	20	106	1	2	BA1652	4369	8	0	0	0	0	0	0	0	1	0	0
A	BL	20	106	1	2	BA1652	4370	8	0	0	0	1	0	0	0	0	0	0
A	BL	20	106	1	2	BA1652	4375	8	7	0	0	0	0	0	0	0	0	0
A	BL	20	106	1	2	BA1652	4389	7	0	0	0	0	0	0	0	1	0	0
A	BL	20	106	1	2	BA1652	4456	7	8	2	0	1	0	0	0	0	0	0
A	BL	20	106	1	2	BA1652	4466	8	7	0	0	0	0	0	0	0	0	0
A	BL	20	106	1	2	BA1652	4481	7	0	0	0	0	0	0	0	1	0	0
A	BL	20	106	1	2	BA1652	4523	7	8	2	0	1	0	0	0	0	0	0
A	BL	20	106	1	2	BA1652	4533	8	7	0	0	0	0	0	0	0	0	0
A	BL	20	106	1	2	BA1652	4554	7	0	0	0	0	0	0	0	1	0	0
A	BL	20	106	1	2	BA1652	4561	7	8	2	0	1	0	0	0	0	0	0
A	BL	20	106	1	2	BA1652	4563	8	0	0	0	0	0	0	0	1	0	0
A	BL	20	106	1	2	BA1652	4571	8	7	0	0	0	0	0	0	0	0	0
A	BL	20	106	1	2	BA1652	4574	7	8	2	0	1	0	0	0	0	0	0
A	BL	20	106	1	2	BA1652	4580	8	0	0	0	0	0	0	0	1	0	0
A	BL	20	106	1	2	BA1652	4584	8	7	0	0	0	0	0	0	0	0	0
A	BL	20	106	1	2	BA1652	4601	7	8	2	0	1	0	0	0	0	0	0
A	BL	20	106	1	2	BA1652	4611	8	7	0	0	0	0	0	0	0	0	0
A	BL	20	106	1	2	BA1652	4615	7	0	0	0	0	0	0	0	1	0	0
A	BL	20	106	1	2	BA1652	4617	7	8	2	0	1	0	0	0	0	0	0
A	BL	20	106	1	2	BA1652	4627	8	7	0	0	0	0	0	0	0	0	0
A	BL	20	106	1	2	BA1652	4629	7	0	0	0	0	0	0	0	1	0	0
A	BL	20	106	1	2	BA1652	4635	7	8	2	0	1	0	0	0	0	0	0
A	BL	20	106	1	2	BA1652	4645	8	7	0	0	0	0	0	0	0	0	0
A	BL	20	106	1	2	BA1652	4662	7	0	0	0	0	0	0	0	1	0	0
A	BL	20	106	1	2	BA1652	4703	7	8	2	0	1	0	0	0	0	0	0
A	BL	20	106	1	2	BA1652	4705	8	0	0	0	0	0	0	0	1	0	0
A	BL	20	106	1	2	BA1652	4707	8	0	0	0	1	0	0	0	0	0	0
A	BL	20	106	1	2	BA1652	4713	8	7	0	0	0	0	0	0	0	0	0
A	BL	20	106	1	2	BA1652	4714	7	0	0	0	0	0	0	0	1	0	0
A	BL	20	106	1	2	BA1652	4717	7	8	2	0	1	0	0	0	0	0	0
A	BL	20	106	1	2	BA1652	4727	8	7	0	0	0	0	0	0	0	0	0
A	BL	20	106	1	2	BA1652	4746	7	0	0	0	0	0	0	0	1	0	0
A	BL	20	106	1	2	BA1652	4778	7	8	2	0	1	0	0	0	0	0	0
A	BL	20	106	1	2	BA1652	4788	8	7	0	0	0	0	0	0	0	0	0
A	BL	20	106	1	2	BA1652	4803	7	0	0	0	0	0	0	0	1	0	0
A	BL	20	106	1	2	BA1652	4814	7	8	2	0	1	0	0	0	0	0	0
A	BL	20	106	1	2	BA1652	4824	8	7	0	0	0	0	0	0	1	0	0
A	BL	20	106	1	2	BA1652	4827	7	8	2	0	1	0	0	0	0	0	0
A	BL	20	106	1	2	BA1652	4837	8	7	0	0	0	0	0	0	0	0	0
A	BL	20	106	1	2	BA1652	4839	7	0	0	0	0	0	0	0	1	0	0
A	BL	20	106	1	2	BA1652	4843	7	8	2	0	1	0	0	0	0	0	0
A	BL	20	106	1	2	BA1652	4853	8	7	0	0	0	0	0	0	0	0	0
A	BL	20	106	1	2	BA1652	4872	7	0	0	0	0	0	0	0	1	0	0
A	BL	20	106	1	2	BA1652	4927	7	8	2	0	1	0	0	0	0	0	0
A	BL	20	106	1	2	BA1652	4937	8	7	0	0	0	0	0	0	0	0	0
A	BL	20	106	1	2	BA1652	4941	7	0	0	0	0	0	0	0	1	0	0
A	BL	20	106	1	2	BA1652	4945	7	8	2	0	1	0	0	0	0	0	0
A	BL	20	106	1	2	BA1652	4955	8	7	0	0	0	0	0	0	0	0	0
A	BL	20	106	1	2	BA1652	4969	7	0	0	0	0	0	0	0	1	0	0
A	BL	20	106	1	2	BA1652	5002	7	8	2	0	1	0	0	0	0	0	0
A	BL	20	106	1	2	BA1652	5010	8	0	0	0	0	0	0	0	1	0	0
A	BL	20	106	1	2	BA1652	5012	8	7	0	0	0	0	0	0	0	0	0
A	BL	20	106	1	2	BA1652	5014	7	8	2	0	1	0	0	0	0	0	0
A	BL	20	106	1	2	BA1652	5024	8	7	0	0	0	0	0	0	0	0	0
A	BL	20	106	1	2	BA1652	5032	7	0	0	0	0	0	0	0	1	0	0
A	BL	20	106	1	2	BA1652	5072	7	8	2	0	1	0	0	0	0	0	0
A	BL	20	106	1	2	BA1652	5082	8	9	0	0	0	0	0	0	0	0	0
A	BL	20	106	1	2	BA1652	5084	9	0	0	0	0	0	0	0	1	0	0
A	BL	20	106	1	2	BA1652	5092	9	10	0	0	0	0	0	0	0	0	0
A	BL	20	106	1	2	BA1652	5167	10	2	0	0	0	0	0	0	0	0	0
A	BL	20	106	1	2	BA1652	5168	2	3	0	0	0	0	0	0	0	0	0
A	BL	20	106	1	2	BA1652	5246	3	5	1	1	0	0	0	0	0	0	0
A	BL	20	106	1	2	BA1652	5251	5	0	0	0	0	0	0	1	0	0	0
A	BL	20	106	1	2	BA1652	5253	5	0	0	1	0	0	0	0	0	0	0
A	BL	20	106	1	2	BA1652	5256	5	4	0	0	0	0	0	0	0	0	0
A	BL	20	106	1	2	BA1652	5268	4	0	0	0	0	0	0	1	0	0	0
A	BL	20	106	1	2	BA1652	5271	4	5	1	1	0	0	0	0	0	0	0
A	BL	20	106	1	2	BA1652	5274	5	0	0	0	0	0	0	1	0	0	0
A	BL	20	106	1	2	BA1652	5279	5	0	0	1	0	0	0	0	0	0	0
A	BL	20	106	1	2	BA1652	5281	5	4	0	0	0	0	0	0	0	0	0
A	BL	20	106	1	2	BA1652	5299	4	0	0	0	0	0	0	1	0	0	0
A	BL	20	106	1	2	BA1652	5300	4	5	1	1	0	0	0	0	0	0	0
A	BL	20	106	1	2	BA1652	5307	5	0	0	0	0	0	0	1	0	0	0
A	BL	20	106	1	2	BA1652	5308	5	0	0	1	0	0	0	0	0	0	0
A	BL	20	106	1	2	BA1652	5310	5	4	0	0	0	0	0	0	0	0	0
A	BL	20	106	1	2	BA1652	5316	4	0	0	0	0	0	0	1	0	0	0
A	BL	20	106	1	2	BA1652	5318	4	5	1	1	0	0	0	0	0	0	0
A	BL	20	106	1	2	BA1652	5324	5	0	0	0	0	0	0	1	0	0	0
A	BL	20	106	1	2	BA1652	5328	5	4	0	0	0	0	0	0	0	0	0
A	BL	20	106	1	2	BA1652	5331	4	5	1	1	0	0	0	0	0	0	0
A	BL	20	106	1	2	BA1652	5341	5	9	0	0	0	0	0	0	0	0	0
A	BL	20	106	1	2	BA1652	5349	9	0	0	0	0	0	0	1	0	0	0
A	BL	20	106	1	2	BA1652	5351	9	10	0	0	0	0	0	0	0	0	0
A	BL	20	106	1	2	BA1652	5354	10	0	0	1	0	0	0	0	0	0	0
A	BL	20	106	1	2	BA1652	5355	10	0	0	0	0	0	0	1	0	0	0
A	BL	20	106	1	2	BA1652	5426	10	2	0	0	0	0	0	0	0	0	0
A	BL	20	106	1	2	BA1652	5427	2	6	0	0	0	0	0	0	0	0	0
A	BL	20	106	1	2	BA1652	5685	6	8	2	0	1	0	0	0	0	0	0
A	BL	20	106	1	2	BA1652	5695	8	7	0	0	0	0	0	0	0	0	0
A	BL	20	106	1	2	BA1652	5718	7	0	0	0	0	0	0	0	1	0	0
A	BL	20	106	1	2	BA1652	5804	7	8	2	0	1	0	0	0	0	0	0
A	BL	20	106	1	2	BA1652	5806	8	0	0	0	0	0	0	0	1	0	0
A	BL	20	106	1	2	BA1652	5810	8	0	0	0	1	0	0	0	0	0	0
A	BL	20	106	1	2	BA1652	5814	8	7	0	0	0	0	0	0	0	0	0
A	BL	20	106	1	2	BA1652	5819	7	0	0	0	0	0	0	0	1	0	0
A	BL	20	106	1	2	BA1652	5864	7	8	2	0	1	0	0	0	0	0	0
A	BL	20	106	1	2	BA1652	5874	8	7	0	0	0	0	0	0	0	0	0
A	BL	20	106	1	2	BA1652	5884	7	8	2	0	1	0	0	0	1	0	0
A	BL	20	106	1	2	BA1652	5892	8	0	0	0	0	0	0	0	1	0	0
A	BL	20	106	1	2	BA1652	5894	8	7	0	0	0	0	0	0	0	0	0
A	BL	20	106	1	2	BA1652	5953	7	8	2	0	1	0	0	0	0	0	0
A	BL	20	106	1	2	BA1652	5963	8	7	0	0	0	0	0	0	1	0	0
A	BL	20	106	1	2	BA1652	6052	7	8	2	0	1	0	0	0	0	0	0
A	BL	20	106	1	2	BA1652	6062	8	7	0	0	0	0	0	0	0	0	0
A	BL	20	106	1	2	BA1652	6085	7	0	0	0	0	0	0	0	1	0	0
A	BL	20	106	1	2	BA1652	6162	7	8	2	0	1	0	0	0	0	0	0
A	BL	20	106	1	2	BA1652	6163	8	0	0	0	0	0	0	0	1	0	0
A	BL	20	106	1	2	BA1652	6172	8	7	0	0	0	0	0	0	0	0	0
A	BL	20	106	1	2	BA1652	6199	7	8	2	0	1	0	0	0	0	0	0
A	BL	20	106	1	2	BA1652	6201	8	0	0	0	0	0	0	0	1	0	0
A	BL	20	106	1	2	BA1652	6203	8	0	0	0	1	0	0	0	0	0	0
A	BL	20	106	1	2	BA1652	6209	8	7	0	0	0	0	0	0	0	0	0
A	BL	20	106	1	2	BA1652	6212	7	0	0	0	0	0	0	0	1	0	0
A	BL	20	106	1	2	BA1652	6216	7	8	2	0	1	0	0	0	0	0	0
A	BL	20	106	1	2	BA1652	6226	8	7	0	0	0	0	0	0	0	0	0
A	BL	20	106	1	2	BA1652	6228	7	0	0	0	0	0	0	0	1	0	0
A	BL	20	106	1	2	BA1652	6233	7	8	2	0	1	0	0	0	0	0	0
A	BL	20	106	1	2	BA1652	6242	8	0	0	0	0	0	0	0	1	0	0
A	BL	20	106	1	2	BA1652	6243	8	7	0	0	0	0	0	0	0	0	0
A	BL	20	106	1	2	BA1652	6301	7	8	2	0	1	0	0	0	0	0	0
A	BL	20	106	1	2	BA1652	6311	8	7	0	0	0	0	0	0	0	0	0
A	BL	20	106	1	2	BA1652	6323	7	0	0	0	0	0	0	0	1	0	0
A	BL	20	106	1	2	BA1652	6334	7	8	2	0	1	0	0	0	0	0	0
A	BL	20	106	1	2	BA1652	6339	8	0	0	0	0	0	0	0	1	0	0
A	BL	20	106	1	2	BA1652	6344	8	7	0	0	1	0	0	0	0	0	0
A	BL	20	106	1	2	BA1652	6348	7	0	0	0	0	0	0	0	1	0	0
A	BL	20	106	1	2	BA1652	6358	7	8	2	0	1	0	0	0	0	0	0
A	BL	20	106	1	2	BA1652	6364	8	0	0	0	0	0	0	0	1	0	0
A	BL	20	106	1	2	BA1652	6365	8	0	0	0	1	0	0	0	0	0	0
A	BL	20	106	1	2	BA1652	6368	8	7	0	0	0	0	0	0	0	0	0
A	BL	20	106	1	2	BA1652	6371	7	0	0	0	0	0	0	0	1	0	0
A	BL	20	106	1	2	BA1652	6418	7	8	2	0	1	0	0	0	0	0	0
A	BL	20	106	1	2	BA1652	6428	8	7	0	0	0	0	0	0	0	0	0
A	BL	20	106	1	2	BA1652	6455	7	0	0	0	0	0	0	0	1	0	0
A	BL	20	106	1	2	BA1652	6471	7	8	2	0	1	0	0	0	0	0	0
A	BL	20	106	1	2	BA1652	6481	8	7	0	0	0	0	0	0	0	0	0
A	BL	20	106	1	2	BA1652	6501	7	0	0	0	0	0	0	0	1	0	0
A	BL	20	106	1	2	BA1652	6504	7	8	2	0	1	0	0	0	0	0	0
A	BL	20	106	1	2	BA1652	6511	8	0	0	0	0	0	0	0	1	0	0
A	BL	20	106	1	2	BA1652	6514	8	7	0	0	0	0	0	0	0	0	0
A	BL	20	106	1	2	BA1652	6520	7	8	2	0	1	0	0	0	0	0	0
A	BL	20	106	1	2	BA1652	6530	8	7	0	0	0	0	0	0	0	0	0
A	BL	20	106	1	2	BA1652	6535	7	0	0	0	0	0	0	0	1	0	0
A	BL	20	106	1	2	BA1652	6556	7	8	2	0	1	0	0	0	0	0	0
A	BL	20	106	1	2	BA1652	6566	8	7	0	0	0	0	0	0	0	0	0
A	BL	20	106	1	2	BA1652	6572	7	0	0	0	0	0	0	0	1	0	0
A	BL	20	106	1	2	BA1652	6578	7	8	2	0	1	0	0	0	0	0	0
A	BL	20	106	1	2	BA1652	6588	8	7	0	0	0	0	0	0	0	0	0
A	BL	20	106	1	2	BA1652	6626	7	0	0	0	0	0	0	0	1	0	0
A	BL	20	106	1	2	BA1652	6648	7	8	2	0	1	0	0	0	0	0	0
A	BL	20	106	1	2	BA1652	6658	8	9	0	0	0	0	0	0	0	0	0
A	BL	20	106	1	2	BA1652	6662	9	0	0	0	0	0	0	0	1	0	0
A	BL	20	106	1	2	BA1652	6665	9	0	0	0	1	0	0	0	0	0	0
A	BL	20	106	1	2	BA1652	6668	9	10	0	0	0	0	0	0	0	0	0
A	BL	20	106	1	2	BA1652	6671	10	0	0	0	0	0	0	0	1	0	0
A	BL	20	106	1	2	BA1652	6743	10	2	0	0	0	0	0	0	0	0	0
A	BL	20	106	1	2	BA1652	6744	2	3	0	0	0	0	0	0	0	0	0
A	BL	20	106	1	2	BA1652	6797	3	5	1	1	0	0	0	0	0	0	0
A	BL	20	106	1	2	BA1652	6806	5	0	0	0	0	0	0	1	0	0	0
A	BL	20	106	1	2	BA1652	6807	5	4	0	1	0	0	0	0	0	0	0
A	BL	20	106	1	2	BA1652	6816	4	5	1	1	0	0	0	1	0	0	0
A	BL	20	106	1	2	BA1652	6826	5	4	0	0	0	0	0	1	0	0	0
A	BL	20	106	1	2	BA1652	6833	4	5	1	1	0	0	0	0	0	0	0
A	BL	20	106	1	2	BA1652	6843	5	4	0	0	0	0	0	0	0	0	0
A	BL	20	106	1	2	BA1652	6849	4	0	0	0	0	0	0	1	0	0	0
A	BL	20	106	1	2	BA1652	6854	4	5	1	1	0	0	0	0	0	0	0
A	BL	20	106	1	2	BA1652	6861	5	0	0	0	0	0	0	1	0	0	0
A	BL	20	106	1	2	BA1652	6864	5	4	0	1	0	0	0	0	0	0	0
A	BL	20	106	1	2	BA1652	6871	4	0	0	0	0	0	0	1	0	0	0
A	BL	20	106	1	2	BA1652	6881	4	5	1	1	0	0	0	0	0	0	0
A	BL	20	106	1	2	BA1652	6891	5	9	0	0	0	0	0	0	0	0	0
A	BL	20	106	1	2	BA1652	6895	9	0	0	0	0	0	0	1	0	0	0
A	BL	20	106	1	2	BA1652	6901	9	10	0	0	0	0	0	0	0	0	0
A	BL	20	106	1	2	BA1652	6976	10	2	0	0	0	0	0	0	0	0	0
A	BL	20	106	1	2	BA1652	6977	2	3	0	0	0	0	0	0	0	0	0
A	BL	20	106	1	2	BA1652	7010	3	5	1	1	0	0	0	0	0	0	0
A	BL	20	106	1	2	BA1652	7020	5	4	0	0	0	0	0	1	0	0	0
A	BL	20	106	1	2	BA1652	7021	4	5	1	1	0	0	0	0	0	0	0
A	BL	20	106	1	2	BA1652	7031	5	4	0	0	0	0	0	0	0	0	0
A	BL	20	106	1	2	BA1652	7041	4	0	0	0	0	0	0	1	0	0	0
A	BL	20	106	1	2	BA1652	7042	4	5	1	1	0	0	0	0	0	0	0
A	BL	20	106	1	2	BA1652	7051	5	0	0	0	0	0	0	1	0	0	0
A	BL	20	106	1	2	BA1652	7052	5	4	0	0	0	0	0	0	0	0	0
A	BL	20	106	1	2	BA1652	7058	4	5	1	1	0	0	0	0	0	0	0
A	BL	20	106	1	2	BA1652	7068	5	4	0	0	0	0	0	0	0	0	0
A	BL	20	106	1	2	BA1652	7072	4	0	0	0	0	0	0	1	0	0	0
A	BL	20	106	1	2	BA1652	7073	4	5	1	1	0	0	0	0	0	0	0
A	BL	20	106	1	2	BA1652	7078	5	0	0	0	0	0	0	1	0	0	0
A	BL	20	106	1	2	BA1652	7083	5	9	0	0	0	0	0	0	0	0	0
A	BL	20	106	1	2	BA1652	7093	9	10	0	0	0	0	0	0	0	0	0
A	BL	20	106	1	2	BA1652	7168	10	2	0	0	0	0	0	0	0	0	0
A	BL	20	106	1	2	BA1652	7169	2	3	0	0	0	0	0	0	0	0	0
A	BL	20	106	1	2	BA1652	7231	3	5	1	1	0	0	0	0	0	0	0
A	BL	20	106	1	2	BA1652	7241	5	4	0	0	0	0	0	0	0	0	0
A	BL	20	106	1	2	BA1652	7255	4	0	0	0	0	0	0	1	0	0	0
A	BL	20	106	1	2	BA1652	7259	4	5	1	1	0	0	0	0	0	0	0
A	BL	20	106	1	2	BA1652	7269	5	4	0	0	0	0	0	0	0	0	0
A	BL	20	106	1	2	BA1652	7283	4	0	0	0	0	0	0	1	0	0	0
A	BL	20	106	1	2	BA1652	7291	4	5	1	1	0	0	0	0	0	0	0
A	BL	20	106	1	2	BA1652	7301	5	4	0	0	0	0	0	0	0	0	0
A	BL	20	106	1	2	BA1652	7336	4	0	0	0	0	0	0	1	0	0	0
A	BL	20	106	1	2	BA1652	7344	4	5	1	1	0	0	0	0	0	0	0
A	BL	20	106	1	2	BA1652	7354	5	4	0	0	0	0	0	0	0	0	0
A	BL	20	106	1	2	BA1652	7387	4	0	0	0	0	0	0	1	0	0	0
A	BL	20	106	1	2	BA1652	7393	4	5	1	1	0	0	0	0	0	0	0
A	BL	20	106	1	2	BA1652	7396	5	0	0	0	0	0	0	1	0	0	0
A	BL	20	106	1	2	BA1652	7403	5	9	0	0	0	0	0	0	0	0	0
A	BL	20	106	1	2	BA1652	7405	9	0	0	1	0	0	0	0	0	0	0
A	BL	20	106	1	2	BA1652	7410	9	0	0	0	0	0	0	1	0	0	0
A	BL	20	106	1	2	BA1652	7413	9	10	0	0	0	0	0	0	0	0	0
A	BL	20	106	1	2	BA1652	7488	10	2	0	0	0	0	0	0	0	0	0
A	BL	20	106	1	2	BA1652	7489	2	6	0	0	0	0	0	0	0	0	0
A	BL	20	106	1	2	BA1652	9840	6	8	2	0	1	0	0	0	0	0	0
A	BL	20	106	1	2	BA1652	9850	8	7	0	0	0	0	0	0	0	0	0
A	BL	20	106	1	2	BA1652	9931	7	0	0	0	0	0	0	0	1	0	0
A	BL	20	106	1	2	BA1652	9955	7	8	2	0	1	0	0	0	0	0	0
A	BL	20	106	1	2	BA1652	9959	8	0	0	0	0	0	0	0	1	0	0
A	BL	20	106	1	2	BA1652	9965	8	7	0	0	0	0	0	0	0	0	0
A	BL	20	106	1	2	BA1652	9974	7	8	2	0	1	0	0	0	0	0	0
A	BL	20	106	1	2	BA1652	9976	8	0	0	0	0	0	0	0	1	0	0
A	BL	20	106	1	2	BA1652	9977	8	0	0	0	1	0	0	0	0	0	0
A	BL	20	106	1	2	BA1652	9981	8	0	0	0	0	0	0	0	1	0	0
A	BL	20	106	1	2	BA1652	9984	8	7	0	0	0	0	0	0	0	0	0
A	BL	20	106	1	2	BA1652	10018	7	8	2	0	1	0	0	0	0	0	0
A	BL	20	106	1	2	BA1652	10028	8	7	0	0	0	0	0	0	0	0	0
A	BL	20	106	1	2	BA1652	10039	7	0	0	0	0	0	0	0	1	0	0
A	BL	20	106	1	2	BA1652	10100	7	8	2	0	1	0	0	0	0	0	0
A	BL	20	106	1	2	BA1652	10110	8	7	0	0	0	0	0	0	0	0	0
A	BL	20	106	1	2	BA1652	10116	7	0	0	0	0	0	0	0	1	0	0
A	BL	20	106	1	2	BA1652	10119	7	8	2	0	1	0	0	0	0	0	0
A	BL	20	106	1	2	BA1652	10129	8	7	0	0	0	0	0	0	0	0	0
A	BL	20	106	1	2	BA1652	10165	7	0	0	0	0	0	0	0	1	0	0
A	BL	20	106	1	2	BA1652	10169	7	8	2	0	1	0	0	0	0	0	0
A	BL	20	106	1	2	BA1652	10179	8	7	0	0	0	0	0	0	0	0	0
A	BL	20	106	1	2	BA1652	10207	7	0	0	0	0	0	0	0	1	0	0
A	BL	20	106	1	2	BA1652	10210	7	8	2	0	1	0	0	0	0	0	0
A	BL	20	106	1	2	BA1652	10220	8	7	0	0	0	0	0	0	0	0	0
A	BL	20	106	1	2	BA1652	10236	7	0	0	0	0	0	0	0	1	0	0
A	BL	20	106	1	2	BA1652	10258	7	8	2	0	1	0	0	0	0	0	0
A	BL	20	106	1	2	BA1652	10267	8	0	0	0	0	0	0	0	1	0	0
A	BL	20	106	1	2	BA1652	10268	8	7	0	0	0	0	0	0	0	0	0
A	BL	20	106	1	2	BA1652	10288	7	8	2	0	1	0	0	0	0	0	0
A	BL	20	106	1	2	BA1652	10298	8	7	0	0	0	0	0	0	0	0	0
A	BL	20	106	1	2	BA1652	10336	7	0	0	0	0	0	0	0	1	0	0
A	BL	20	106	1	2	BA1652	10339	7	8	2	0	1	0	0	0	0	0	0
A	BL	20	106	1	2	BA1652	10343	8	0	0	0	0	0	0	0	1	0	0
A	BL	20	106	1	2	BA1652	10347	8	0	0	0	1	0	0	0	0	0	0
A	BL	20	106	1	2	BA1652	10349	8	7	0	0	0	0	0	0	0	0	0
A	BL	20	106	1	2	BA1652	10350	7	0	0	0	0	0	0	0	1	0	0
A	BL	20	106	1	2	BA1652	10395	7	8	2	0	1	0	0	0	0	0	0
A	BL	20	106	1	2	BA1652	10402	8	0	0	0	0	0	0	0	1	0	0
A	BL	20	106	1	2	BA1652	10405	8	7	0	0	0	0	0	0	0	0	0
A	BL	20	106	1	2	BA1652	10406	7	8	2	0	1	0	0	0	0	0	0
A	BL	20	106	1	2	BA1652	10409	8	0	0	0	0	0	0	0	1	0	0
A	BL	20	106	1	2	BA1652	10415	8	0	0	0	1	0	0	0	0	0	0
A	BL	20	106	1	2	BA1652	10416	8	7	0	0	0	0	0	0	0	0	0
A	BL	20	106	1	2	BA1652	10430	7	0	0	0	0	0	0	0	1	0	0
A	BL	20	106	1	2	BA1652	10439	7	8	2	0	1	0	0	0	0	0	0
A	BL	20	106	1	2	BA1652	10448	8	0	0	0	0	0	0	0	1	0	0
A	BL	20	106	1	2	BA1652	10449	8	7	0	0	0	0	0	0	0	0	0
A	BL	20	106	1	2	BA1652	10465	7	8	2	0	1	0	0	0	0	0	0
A	BL	20	106	1	2	BA1652	10466	8	0	0	0	0	0	0	0	1	0	0
A	BL	20	106	1	2	BA1652	10469	8	0	0	0	1	0	0	0	0	0	0
A	BL	20	106	1	2	BA1652	10475	8	7	0	0	0	0	0	0	0	0	0
A	BL	20	106	1	2	BA1652	10499	7	0	0	0	0	0	0	0	1	0	0
A	BL	20	106	1	2	BA1652	10500	7	8	2	0	1	0	0	0	0	0	0
A	BL	20	106	1	2	BA1652	10508	8	0	0	0	0	0	0	0	1	0	0
A	BL	20	106	1	2	BA1652	10510	8	7	0	0	0	0	0	0	0	0	0
A	BL	20	106	1	2	BA1652	10516	7	8	2	0	1	0	0	0	0	0	0
A	BL	20	106	1	2	BA1652	10522	8	0	0	0	0	0	0	0	1	0	0
A	BL	20	106	1	2	BA1652	10525	8	0	0	0	1	0	0	0	0	0	0
A	BL	20	106	1	2	BA1652	10526	8	7	0	0	0	0	0	0	0	0	0
A	BL	20	106	1	2	BA1652	10529	7	0	0	0	0	0	0	0	1	0	0
A	BL	20	106	1	2	BA1652	10530	7	8	2	0	1	0	0	0	0	0	0
A	BL	20	106	1	2	BA1652	10531	8	0	0	0	0	0	0	0	1	0	0
A	BL	20	106	1	2	BA1652	10533	8	0	0	0	1	0	0	0	0	0	0
A	BL	20	106	1	2	BA1652	10535	8	0	0	0	0	0	0	0	1	0	0
A	BL	20	106	1	2	BA1652	10540	8	7	0	0	0	0	0	0	0	0	0
A	BL	20	106	1	2	BA1652	10548	7	8	2	0	1	0	0	0	0	0	0
A	BL	20	106	1	2	BA1652	10551	8	0	0	0	0	0	0	0	1	0	0
A	BL	20	106	1	2	BA1652	10558	8	7	0	0	0	0	0	0	0	0	0
A	BL	20	106	1	2	BA1652	10601	7	8	2	0	1	0	0	0	0	0	0
A	BL	20	106	1	2	BA1652	10608	8	0	0	0	0	0	0	0	1	0	0
A	BL	20	106	1	2	BA1652	10611	8	9	0	0	1	0	0	0	0	0	0
A	BL	20	106	1	2	BA1652	10621	9	10	0	0	0	0	0	0	0	0	0
A	BL	20	106	1	2	BA1652	10626	10	0	0	0	0	0	0	0	1	0	0
A	BL	20	106	1	2	BA1652	10696	10	2	0	0	0	0	0	0	0	0	0
A	BL	20	106	1	2	BA1652	10697	2	6	0	0	0	0	0	0	0	0	0
A	BL	20	106	1	2	BA1652	10859	6	8	2	0	1	0	0	0	0	0	0
A	BL	20	106	1	2	BA1652	10869	8	7	0	0	0	0	0	0	0	0	0
A	BL	20	106	1	2	BA1652	10892	7	0	0	0	0	0	0	0	1	0	0
A	BL	20	106	1	2	BA1652	10894	7	8	2	0	1	0	0	0	0	0	0
A	BL	20	106	1	2	BA1652	10898	8	0	0	0	0	0	0	0	1	0	0
A	BL	20	106	1	2	BA1652	10904	8	7	0	0	0	0	0	0	0	0	0
A	BL	20	106	1	2	BA1652	10908	7	8	2	0	1	0	0	0	0	0	0
A	BL	20	106	1	2	BA1652	10914	8	0	0	0	0	0	0	0	1	0	0
A	BL	20	106	1	2	BA1652	10918	8	7	0	0	0	0	0	0	0	0	0
A	BL	20	106	1	2	BA1652	10924	7	8	2	0	1	0	0	0	0	0	0
A	BL	20	106	1	2	BA1652	10932	8	0	0	0	0	0	0	0	1	0	0
A	BL	20	106	1	2	BA1652	10934	8	7	0	0	0	0	0	0	0	0	0
A	BL	20	106	1	2	BA1652	10941	7	8	2	0	1	0	0	0	0	0	0
A	BL	20	106	1	2	BA1652	10951	8	7	0	0	0	0	0	0	0	0	0
A	BL	20	106	1	2	BA1652	10961	7	0	0	0	0	0	0	0	1	0	0
A	BL	20	106	1	2	BA1652	10965	7	8	2	0	1	0	0	0	0	0	0
A	BL	20	106	1	2	BA1652	10973	8	0	0	0	0	0	0	0	1	0	0
A	BL	20	106	1	2	BA1652	10975	8	7	0	0	1	0	0	0	0	0	0
A	BL	20	106	1	2	BA1652	10995	7	0	0	0	0	0	0	0	1	0	0
A	BL	20	106	1	2	BA1652	10998	7	8	2	0	1	0	0	0	0	0	0
A	BL	20	106	1	2	BA1652	11008	8	7	0	0	0	0	0	0	0	0	0
A	BL	20	106	1	2	BA1652	11031	7	0	0	0	0	0	0	0	1	0	0
A	BL	20	106	1	2	BA1652	11047	7	8	2	0	1	0	0	0	0	0	0
A	BL	20	106	1	2	BA1652	11051	8	0	0	0	0	0	0	0	1	0	0
A	BL	20	106	1	2	BA1652	11052	8	0	0	0	1	0	0	0	0	0	0
A	BL	20	106	1	2	BA1652	11054	8	0	0	0	0	0	0	0	1	0	0
A	BL	20	106	1	2	BA1652	11057	8	7	0	0	0	0	0	0	0	0	0
A	BL	20	106	1	2	BA1652	11068	7	8	2	0	1	0	0	0	0	0	0
A	BL	20	106	1	2	BA1652	11078	8	7	0	0	0	0	0	0	0	0	0
A	BL	20	106	1	2	BA1652	11118	7	0	0	0	0	0	0	0	1	0	0
A	BL	20	106	1	2	BA1652	11156	7	8	2	0	1	0	0	0	0	0	0
A	BL	20	106	1	2	BA1652	11159	8	0	0	0	0	0	0	0	1	0	0
A	BL	20	106	1	2	BA1652	11160	8	0	0	0	1	0	0	0	0	0	0
A	BL	20	106	1	2	BA1652	11166	8	7	0	0	0	0	0	0	0	0	0
A	BL	20	106	1	2	BA1652	11183	7	0	0	0	0	0	0	0	1	0	0
A	BL	20	106	1	2	BA1652	11186	7	8	2	0	1	0	0	0	0	0	0
A	BL	20	106	1	2	BA1652	11188	8	0	0	0	0	0	0	0	1	0	0
A	BL	20	106	1	2	BA1652	11196	8	7	0	0	0	0	0	0	0	0	0
A	BL	20	106	1	2	BA1652	11208	7	8	2	0	1	0	0	0	0	0	0
A	BL	20	106	1	2	BA1652	11218	8	7	0	0	0	0	0	0	0	0	0
A	BL	20	106	1	2	BA1652	11220	7	0	0	0	0	0	0	0	1	0	0
A	BL	20	106	1	2	BA1652	11221	7	8	2	0	1	0	0	0	0	0	0
A	BL	20	106	1	2	BA1652	11225	8	0	0	0	0	0	0	0	1	0	0
A	BL	20	106	1	2	BA1652	11231	8	7	0	0	0	0	0	0	0	0	0
A	BL	20	106	1	2	BA1652	11282	7	8	2	0	1	0	0	0	0	0	0
A	BL	20	106	1	2	BA1652	11292	8	7	0	0	0	0	0	0	0	0	0
A	BL	20	106	1	2	BA1652	11298	7	0	0	0	0	0	0	0	1	0	0
A	BL	20	106	1	2	BA1652	11366	7	8	2	0	1	0	0	0	0	0	0
A	BL	20	106	1	2	BA1652	11371	8	0	0	0	0	0	0	0	1	0	0
A	BL	20	106	1	2	BA1652	11376	8	7	0	0	1	0	0	0	0	0	0
A	BL	20	106	1	2	BA1652	11380	7	0	0	0	0	0	0	0	1	0	0
A	BL	20	106	1	2	BA1652	11382	7	8	2	0	1	0	0	0	0	0	0
A	BL	20	106	1	2	BA1652	11392	8	7	0	0	0	0	0	0	0	0	0
A	BL	20	106	1	2	BA1652	11393	7	0	0	0	0	0	0	0	1	0	0
A	BL	20	106	1	2	BA1652	11394	7	8	2	0	1	0	0	0	0	0	0
A	BL	20	106	1	2	BA1652	11404	8	7	0	0	0	0	0	0	0	0	0
A	BL	20	106	1	2	BA1652	11407	7	0	0	0	0	0	0	0	1	0	0
A	BL	20	106	1	2	BA1652	11425	7	8	2	0	1	0	0	0	0	0	0
A	BL	20	106	1	2	BA1652	11435	8	7	0	0	0	0	0	0	0	0	0
A	BL	20	106	1	2	BA1652	11471	7	0	0	0	0	0	0	0	1	0	0
A	BL	20	106	1	2	BA1652	11473	7	8	2	0	1	0	0	0	0	0	0
A	BL	20	106	1	2	BA1652	11474	8	0	0	0	0	0	0	0	1	0	0
A	BL	20	106	1	2	BA1652	11475	8	0	0	0	1	0	0	0	0	0	0
A	BL	20	106	1	2	BA1652	11477	8	0	0	0	0	0	0	0	1	0	0
A	BL	20	106	1	2	BA1652	11483	8	7	0	0	0	0	0	0	0	0	0
A	BL	20	106	1	2	BA1652	11484	7	8	2	0	1	0	0	0	0	0	0
A	BL	20	106	1	2	BA1652	11494	8	9	0	0	0	0	0	0	0	0	0
A	BL	20	106	1	2	BA1652	11504	9	10	0	0	0	0	0	0	0	0	0
A	BL	20	106	1	2	BA1652	11508	10	0	0	0	0	0	0	0	1	0	0
A	BL	20	106	1	2	BA1652	11579	10	2	0	0	0	0	0	0	0	0	0
A	BL	20	106	1	2	BA1652	11580	2	3	0	0	0	0	0	0	0	0	0
A	BL	20	106	1	2	BA1652	11643	3	5	1	1	0	0	0	0	0	0	0
A	BL	20	106	1	2	BA1652	11645	5	0	0	1	0	0	0	1	0	0	0
A	BL	20	106	1	2	BA1652	11653	5	4	0	0	0	0	0	0	0	0	0
A	BL	20	106	1	2	BA1652	11665	4	0	0	0	0	0	0	1	0	0	0
A	BL	20	106	1	2	BA1652	11672	4	5	1	1	0	0	0	0	0	0	0
A	BL	20	106	1	2	BA1652	11677	5	0	0	0	0	0	0	1	0	0	0
A	BL	20	106	1	2	BA1652	11682	5	4	0	0	0	0	0	0	0	0	0
A	BL	20	106	1	2	BA1652	11688	4	5	1	1	0	0	0	0	0	0	0
A	BL	20	106	1	2	BA1652	11693	5	0	0	0	0	0	0	1	0	0	0
A	BL	20	106	1	2	BA1652	11698	5	4	0	1	0	0	0	0	0	0	0
A	BL	20	106	1	2	BA1652	11712	4	0	0	0	0	0	0	1	0	0	0
A	BL	20	106	1	2	BA1652	11716	4	5	1	1	0	0	0	0	0	0	0
A	BL	20	106	1	2	BA1652	11722	5	0	0	0	0	0	0	1	0	0	0
A	BL	20	106	1	2	BA1652	11726	5	4	0	0	0	0	0	0	0	0	0
A	BL	20	106	1	2	BA1652	11823	4	5	1	1	0	0	0	0	0	0	0
A	BL	20	106	1	2	BA1652	11833	5	9	0	0	0	0	0	0	0	0	0
A	BL	20	106	1	2	BA1652	11839	9	0	0	0	0	0	0	1	0	0	0
A	BL	20	106	1	2	BA1652	11841	9	0	0	1	0	0	0	0	0	0	0
A	BL	20	106	1	2	BA1652	11843	9	10	0	0	0	0	0	0	0	0	0
A	BL	20	106	1	2	BA1652	11847	10	0	0	0	0	0	0	1	0	0	0
A	BL	20	106	1	2	BA1652	11918	10	2	0	0	0	0	0	0	0	0	0
A	BL	20	106	1	2	BA1652	11919	2	6	0	0	0	0	0	0	0	0	0
A	BL	20	106	1	2	BA1652	12241	6	8	2	0	1	0	0	0	0	0	0
A	BL	20	106	1	2	BA1652	12251	8	7	0	0	0	0	0	0	1	0	0
A	BL	20	106	1	2	BA1652	12348	7	8	2	0	1	0	0	0	0	0	0
A	BL	20	106	1	2	BA1652	12358	8	7	0	0	0	0	0	0	0	0	0
A	BL	20	106	1	2	BA1652	12369	7	0	0	0	0	0	0	0	1	0	0
A	BL	20	106	1	2	BA1652	12377	7	8	2	0	1	0	0	0	0	0	0
A	BL	20	106	1	2	BA1652	12387	8	7	0	0	0	0	0	0	0	0	0
A	BL	20	106	1	2	BA1652	12388	7	0	0	0	0	0	0	0	1	0	0
A	BL	20	106	1	2	BA1652	12400	7	8	2	0	1	0	0	0	0	0	0
A	BL	20	106	1	2	BA1652	12402	8	0	0	0	0	0	0	0	1	0	0
A	BL	20	106	1	2	BA1652	12410	8	7	0	0	0	0	0	0	0	0	0
A	BL	20	106	1	2	BA1652	12488	7	8	2	0	1	0	0	0	0	0	0
A	BL	20	106	1	2	BA1652	12498	8	7	0	0	0	0	0	0	0	0	0
A	BL	20	106	1	2	BA1652	12505	7	0	0	0	0	0	0	0	1	0	0
A	BL	20	106	1	2	BA1652	12515	7	8	2	0	1	0	0	0	0	0	0
A	BL	20	106	1	2	BA1652	12524	8	0	0	0	0	0	0	0	1	0	0
A	BL	20	106	1	2	BA1652	12525	8	7	0	0	0	0	0	0	0	0	0
A	BL	20	106	1	2	BA1652	12585	7	8	2	0	1	0	0	0	0	0	0
A	BL	20	106	1	2	BA1652	12591	8	0	0	0	0	0	0	0	1	0	0
A	BL	20	106	1	2	BA1652	12595	8	7	0	0	0	0	0	0	0	0	0
A	BL	20	106	1	2	BA1652	12596	7	8	2	0	1	0	0	0	0	0	0
A	BL	20	106	1	2	BA1652	12606	8	7	0	0	0	0	0	0	0	0	0
A	BL	20	106	1	2	BA1652	12608	7	0	0	0	0	0	0	0	1	0	0
A	BL	20	106	1	2	BA1652	12611	7	8	2	0	1	0	0	0	0	0	0
A	BL	20	106	1	2	BA1652	12620	8	0	0	0	0	0	0	0	1	0	0
A	BL	20	106	1	2	BA1652	12621	8	7	0	0	0	0	0	0	0	0	0
A	BL	20	106	1	2	BA1652	12626	7	8	2	0	1	0	0	0	0	0	0
A	BL	20	106	1	2	BA1652	12636	8	7	0	0	0	0	0	0	1	0	0
A	BL	20	106	1	2	BA1652	12659	7	8	2	0	1	0	0	0	0	0	0
A	BL	20	106	1	2	BA1652	12669	8	7	0	0	0	0	0	0	0	0	0
A	BL	20	106	1	2	BA1652	12672	7	0	0	0	0	0	0	0	1	0	0
A	BL	20	106	1	2	BA1652	12679	7	8	2	0	1	0	0	0	0	0	0
A	BL	20	106	1	2	BA1652	12689	8	7	0	0	0	0	0	0	0	0	0
A	BL	20	106	1	2	BA1652	12773	7	0	0	0	0	0	0	0	1	0	0
A	BL	20	106	1	2	BA1652	12778	7	8	2	0	1	0	0	0	0	0	0
A	BL	20	106	1	2	BA1652	12788	8	7	0	0	0	0	0	0	0	0	0
A	BL	20	106	1	2	BA1652	12792	7	0	0	0	0	0	0	0	1	0	0
A	BL	20	106	1	2	BA1652	12800	7	8	2	0	1	0	0	0	0	0	0
A	BL	20	106	1	2	BA1652	12804	8	0	0	0	0	0	0	0	1	0	0
A	BL	20	106	1	2	BA1652	12808	8	0	0	0	1	0	0	0	0	0	0
A	BL	20	106	1	2	BA1652	12810	8	7	0	0	0	0	0	0	0	0	0
A	BL	20	106	1	2	BA1652	12812	7	0	0	0	0	0	0	0	1	0	0
A	BL	20	106	1	2	BA1652	12817	7	8	2	0	1	0	0	0	0	0	0
A	BL	20	106	1	2	BA1652	12819	8	0	0	0	0	0	0	0	1	0	0
A	BL	20	106	1	2	BA1652	12827	8	7	0	0	0	0	0	0	0	0	0
A	BL	20	106	1	2	BA1652	12846	7	8	2	0	1	0	0	0	0	0	0
A	BL	20	106	1	2	BA1652	12856	8	7	0	0	0	0	0	0	0	0	0
A	BL	20	106	1	2	BA1652	12857	7	0	0	0	0	0	0	0	1	0	0
A	BL	20	106	1	2	BA1652	12933	7	8	2	0	1	0	0	0	0	0	0
A	BL	20	106	1	2	BA1652	12943	8	7	0	0	0	0	0	0	0	0	0
A	BL	20	106	1	2	BA1652	12957	7	0	0	0	0	0	0	0	1	0	0
A	BL	20	106	1	2	BA1652	12963	7	8	2	0	1	0	0	0	0	0	0
A	BL	20	106	1	2	BA1652	12973	8	7	0	0	0	0	0	0	0	0	0
A	BL	20	106	1	2	BA1652	12990	7	0	0	0	0	0	0	0	1	0	0
A	BL	20	106	1	2	BA1652	12996	7	8	2	0	1	0	0	0	0	0	0
A	BL	20	106	1	2	BA1652	13006	8	7	0	0	0	0	0	0	1	0	0
A	BL	20	106	1	2	BA1652	13013	7	8	2	0	1	0	0	0	0	0	0
A	BL	20	106	1	2	BA1652	13017	8	0	0	0	0	0	0	0	1	0	0
A	BL	20	106	1	2	BA1652	13023	8	9	0	0	0	0	0	0	0	0	0
A	BL	20	106	1	2	BA1652	13025	9	0	0	0	1	0	0	0	0	0	0
A	BL	20	106	1	2	BA1652	13033	9	10	0	0	0	0	0	0	0	0	0
A	BL	20	106	1	2	BA1652	13034	10	0	0	0	0	0	0	0	1	0	0
A	BL	20	106	1	2	BA1652	13108	10	2	0	0	0	0	0	0	0	0	0
A	BL	20	106	1	2	BA1652	13109	2	3	0	0	0	0	0	0	0	0	0
A	BL	20	106	1	2	BA1652	13154	3	5	1	1	0	0	0	0	0	0	0
A	BL	20	106	1	2	BA1652	13158	5	0	0	0	0	0	0	1	0	0	0
A	BL	20	106	1	2	BA1652	13164	5	4	0	0	0	0	0	0	0	0	0
A	BL	20	106	1	2	BA1652	13169	4	5	1	1	0	0	0	0	0	0	0
A	BL	20	106	1	2	BA1652	13179	5	4	0	0	0	0	0	0	0	0	0
A	BL	20	106	1	2	BA1652	13185	4	0	0	0	0	0	0	1	0	0	0
A	BL	20	106	1	2	BA1652	13196	4	5	1	1	0	0	0	0	0	0	0
A	BL	20	106	1	2	BA1652	13203	5	0	0	0	0	0	0	1	0	0	0
A	BL	20	106	1	2	BA1652	13206	5	4	0	0	0	0	0	0	0	0	0
A	BL	20	106	1	2	BA1652	13250	4	5	1	1	0	0	0	0	0	0	0
A	BL	20	106	1	2	BA1652	13260	5	4	0	0	0	0	0	0	0	0	0
A	BL	20	106	1	2	BA1652	13267	4	0	0	0	0	0	0	1	0	0	0
A	BL	20	106	1	2	BA1652	13270	4	5	1	1	0	0	0	0	0	0	0
A	BL	20	106	1	2	BA1652	13280	5	9	0	0	0	0	0	1	0	0	0
A	BL	20	106	1	2	BA1652	13290	9	10	0	0	0	0	0	0	0	0	0
A	BL	20	106	1	2	BA1652	13365	10	2	0	0	0	0	0	0	0	0	0
A	BL	20	106	1	2	BA1652	13366	2	3	0	0	0	0	0	0	0	0	0
A	BL	20	106	1	2	BA1652	13438	3	5	1	1	0	0	0	0	0	0	0
A	BL	20	106	1	2	BA1652	13448	5	4	0	0	0	0	0	0	0	0	0
A	BL	20	106	1	2	BA1652	13453	4	0	0	0	0	0	0	1	0	0	0
A	BL	20	106	1	2	BA1652	13459	4	5	1	1	0	0	0	0	0	0	0
A	BL	20	106	1	2	BA1652	13469	5	4	0	0	0	0	0	0	0	0	0
A	BL	20	106	1	2	BA1652	13471	4	0	0	0	0	0	0	1	0	0	0
A	BL	20	106	1	2	BA1652	13493	4	5	1	1	0	0	0	0	0	0	0
A	BL	20	106	1	2	BA1652	13503	5	4	0	0	0	0	0	1	0	0	0
A	BL	20	106	1	2	BA1652	13509	4	5	1	1	0	0	0	0	0	0	0
A	BL	20	106	1	2	BA1652	13517	5	0	0	0	0	0	0	1	0	0	0
A	BL	20	106	1	2	BA1652	13519	5	4	0	0	0	0	0	0	0	0	0
A	BL	20	106	1	2	BA1652	13542	4	5	1	1	0	0	0	0	0	0	0
A	BL	20	106	1	2	BA1652	13545	5	0	0	0	0	0	0	1	0	0	0
A	BL	20	106	1	2	BA1652	13550	5	0	0	1	0	0	0	0	0	0	0
A	BL	20	106	1	2	BA1652	13552	5	9	0	0	0	0	0	0	0	0	0
A	BL	20	106	1	2	BA1652	13557	9	0	0	0	0	0	0	1	0	0	0
A	BL	20	106	1	2	BA1652	13562	9	10	0	0	0	0	0	0	0	0	0
A	BL	20	106	1	2	BA1652	13637	10	2	0	0	0	0	0	0	0	0	0
A	BL	20	106	1	2	BA1652	13638	2	3	0	0	0	0	0	0	0	0	0
A	BL	20	106	1	2	BA1652	13730	3	5	1	1	0	0	0	0	0	0	0
A	BL	20	106	1	2	BA1652	13740	5	4	0	0	0	0	0	0	0	0	0
A	BL	20	106	1	2	BA1652	13742	4	0	0	0	0	0	0	1	0	0	0
A	BL	20	106	1	2	BA1652	13743	4	5	1	1	0	0	0	0	0	0	0
A	BL	20	106	1	2	BA1652	13753	5	4	0	0	0	0	0	0	0	0	0
A	BL	20	106	1	2	BA1652	13756	4	0	0	0	0	0	0	1	0	0	0
A	BL	20	106	1	2	BA1652	13760	4	5	1	1	0	0	0	0	0	0	0
A	BL	20	106	1	2	BA1652	13764	5	0	0	0	0	0	0	1	0	0	0
A	BL	20	106	1	2	BA1652	13768	5	0	0	1	0	0	0	0	0	0	0
A	BL	20	106	1	2	BA1652	13770	5	4	0	0	0	0	0	0	0	0	0
A	BL	20	106	1	2	BA1652	13771	4	0	0	0	0	0	0	1	0	0	0
A	BL	20	106	1	2	BA1652	13775	4	5	1	1	0	0	0	0	0	0	0
A	BL	20	106	1	2	BA1652	13779	5	0	0	0	0	0	0	1	0	0	0
A	BL	20	106	1	2	BA1652	13783	5	0	0	1	0	0	0	0	0	0	0
A	BL	20	106	1	2	BA1652	13785	5	4	0	0	0	0	0	0	0	0	0
A	BL	20	106	1	2	BA1652	13791	4	0	0	0	0	0	0	1	0	0	0
A	BL	20	106	1	2	BA1652	13809	4	5	1	1	0	0	0	0	0	0	0
A	BL	20	106	1	2	BA1652	13811	5	0	0	0	0	0	0	1	0	0	0
A	BL	20	106	1	2	BA1652	13812	5	0	0	1	0	0	0	0	0	0	0
A	BL	20	106	1	2	BA1652	13819	5	9	0	0	0	0	0	0	0	0	0
A	BL	20	106	1	2	BA1652	13827	9	0	0	0	0	0	0	1	0	0	0
A	BL	20	106	1	2	BA1652	13829	9	10	0	0	0	0	0	0	0	0	0
A	BL	20	106	1	2	BA1652	13904	10	2	0	0	0	0	0	0	0	0	0
A	BL	20	106	1	2	BA1652	13905	2	6	0	0	0	0	0	0	0	0	0
A	BL	20	106	1	2	BA1652	14313	6	8	2	0	1	0	0	0	0	0	0
A	BL	20	106	1	2	BA1652	14323	8	7	0	0	0	0	0	0	0	0	0
A	BL	20	106	1	2	BA1652	14325	7	0	0	0	0	0	0	0	1	0	0
A	BL	20	106	1	2	BA1652	14376	7	8	2	0	1	0	0	0	0	0	0
A	BL	20	106	1	2	BA1652	14386	8	7	0	0	0	0	0	0	1	0	0
A	BL	20	106	1	2	BA1652	14388	7	8	2	0	1	0	0	0	0	0	0
A	BL	20	106	1	2	BA1652	14397	8	0	0	0	0	0	0	0	1	0	0
A	BL	20	106	1	2	BA1652	14398	8	7	0	0	0	0	0	0	0	0	0
A	BL	20	106	1	2	BA1652	14458	7	8	2	0	1	0	0	0	0	0	0
A	BL	20	106	1	2	BA1652	14461	8	0	0	0	0	0	0	0	1	0	0
A	BL	20	106	1	2	BA1652	14468	8	7	0	0	0	0	0	0	0	0	0
A	BL	20	106	1	2	BA1652	14476	7	8	2	0	1	0	0	0	0	0	0
A	BL	20	106	1	2	BA1652	14482	8	0	0	0	0	0	0	0	1	0	0
A	BL	20	106	1	2	BA1652	14485	8	0	0	0	1	0	0	0	0	0	0
A	BL	20	106	1	2	BA1652	14486	8	7	0	0	0	0	0	0	0	0	0
A	BL	20	106	1	2	BA1652	14506	7	0	0	0	0	0	0	0	1	0	0
A	BL	20	106	1	2	BA1652	14605	7	8	2	0	1	0	0	0	0	0	0
A	BL	20	106	1	2	BA1652	14615	8	7	0	0	0	0	0	0	0	0	0
A	BL	20	106	1	2	BA1652	14620	7	0	0	0	0	0	0	0	1	0	0
A	BL	20	106	1	2	BA1652	14623	7	8	2	0	1	0	0	0	0	0	0
A	BL	20	106	1	2	BA1652	14633	8	7	0	0	0	0	0	0	1	0	0
A	BL	20	106	1	2	BA1652	14637	7	8	2	0	1	0	0	0	0	0	0
A	BL	20	106	1	2	BA1652	14647	8	7	0	0	0	0	0	0	0	0	0
A	BL	20	106	1	2	BA1652	14655	7	0	0	0	0	0	0	0	1	0	0
A	BL	20	106	1	2	BA1652	14683	7	8	2	0	1	0	0	0	0	0	0
A	BL	20	106	1	2	BA1652	14690	8	0	0	0	0	0	0	0	1	0	0
A	BL	20	106	1	2	BA1652	14693	8	7	0	0	1	0	0	0	0	0	0
A	BL	20	106	1	2	BA1652	14696	7	0	0	0	0	0	0	0	1	0	0
A	BL	20	106	1	2	BA1652	14705	7	8	2	0	1	0	0	0	0	0	0
A	BL	20	106	1	2	BA1652	14709	8	0	0	0	0	0	0	0	1	0	0
A	BL	20	106	1	2	BA1652	14715	8	7	0	0	1	0	0	0	0	0	0
A	BL	20	106	1	2	BA1652	14718	7	0	0	0	0	0	0	0	1	0	0
A	BL	20	106	1	2	BA1652	14799	7	8	2	0	1	0	0	0	0	0	0
A	BL	20	106	1	2	BA1652	14803	8	0	0	0	0	0	0	0	1	0	0
A	BL	20	106	1	2	BA1652	14806	8	0	0	0	1	0	0	0	0	0	0
A	BL	20	106	1	2	BA1652	14809	8	7	0	0	0	0	0	0	0	0	0
A	BL	20	106	1	2	BA1652	14815	7	0	0	0	0	0	0	0	1	0	0
A	BL	20	106	1	2	BA1652	14835	7	8	2	0	1	0	0	0	0	0	0
A	BL	20	106	1	2	BA1652	14844	8	0	0	0	0	0	0	0	1	0	0
A	BL	20	106	1	2	BA1652	14845	8	7	0	0	0	0	0	0	0	0	0
A	BL	20	106	1	2	BA1652	14848	7	8	2	0	1	0	0	0	0	0	0
A	BL	20	106	1	2	BA1652	14858	8	7	0	0	0	0	0	0	0	0	0
A	BL	20	106	1	2	BA1652	14883	7	0	0	0	0	0	0	0	1	0	0
A	BL	20	106	1	2	BA1652	14886	7	8	2	0	1	0	0	0	0	0	0
A	BL	20	106	1	2	BA1652	14894	8	0	0	0	0	0	0	0	1	0	0
A	BL	20	106	1	2	BA1652	14896	8	7	0	0	0	0	0	0	0	0	0
A	BL	20	106	1	2	BA1652	14897	7	8	2	0	1	0	0	0	0	0	0
A	BL	20	106	1	2	BA1652	14907	8	7	0	0	0	0	0	0	0	0	0
A	BL	20	106	1	2	BA1652	14919	7	0	0	0	0	0	0	0	1	0	0
A	BL	20	106	1	2	BA1652	14972	7	8	2	0	1	0	0	0	0	0	0
A	BL	20	106	1	2	BA1652	14978	8	0	0	0	0	0	0	0	1	0	0
A	BL	20	106	1	2	BA1652	14981	8	0	0	0	1	0	0	0	0	0	0
A	BL	20	106	1	2	BA1652	14982	8	7	0	0	0	0	0	0	0	0	0
A	BL	20	106	1	2	BA1652	14995	7	0	0	0	0	0	0	0	1	0	0
A	BL	20	106	1	2	BA1652	14999	7	8	2	0	1	0	0	0	0	0	0
A	BL	20	106	1	2	BA1652	15009	8	7	0	0	0	0	0	0	0	0	0
A	BL	20	106	1	2	BA1652	15019	7	0	0	0	0	0	0	0	1	0	0
A	BL	20	106	1	2	BA1652	15039	7	8	2	0	1	0	0	0	0	0	0
A	BL	20	106	1	2	BA1652	15049	8	7	0	0	0	0	0	0	0	0	0
A	BL	20	106	1	2	BA1652	15056	7	0	0	0	0	0	0	0	1	0	0
A	BL	20	106	1	2	BA1652	15061	7	8	2	0	1	0	0	0	0	0	0
A	BL	20	106	1	2	BA1652	15071	8	7	0	0	0	0	0	0	0	0	0
A	BL	20	106	1	2	BA1652	15072	7	0	0	0	0	0	0	0	1	0	0
A	BL	20	106	1	2	BA1652	15102	7	8	2	0	1	0	0	0	0	0	0
A	BL	20	106	1	2	BA1652	15112	8	9	0	0	0	0	0	0	0	0	0
A	BL	20	106	1	2	BA1652	15113	9	0	0	0	0	0	0	0	1	0	0
A	BL	20	106	1	2	BA1652	15122	9	10	0	0	0	0	0	0	0	0	0
A	BL	20	106	1	2	BA1652	15197	10	2	0	0	0	0	0	0	0	0	0
A	BL	20	106	1	2	BA1652	15198	2	6	0	0	0	0	0	0	0	0	0
A	BL	20	106	1	2	BA1652	15383	6	8	2	0	1	0	0	0	0	0	0
A	BL	20	106	1	2	BA1652	15387	8	0	0	0	0	0	0	0	1	0	0
A	BL	20	106	1	2	BA1652	15393	8	7	0	0	0	0	0	0	0	0	0
A	BL	20	106	1	2	BA1652	15407	7	8	2	0	1	0	0	0	0	0	0
A	BL	20	106	1	2	BA1652	15417	8	7	0	0	0	0	0	0	0	0	0
A	BL	20	106	1	2	BA1652	15433	7	0	0	0	0	0	0	0	1	0	0
A	BL	20	106	1	2	BA1652	15438	7	8	2	0	1	0	0	0	0	0	0
A	BL	20	106	1	2	BA1652	15448	8	7	0	0	0	0	0	0	0	0	0
A	BL	20	106	1	2	BA1652	15463	7	0	0	0	0	0	0	0	1	0	0
A	BL	20	106	1	2	BA1652	15482	7	8	2	0	1	0	0	0	0	0	0
A	BL	20	106	1	2	BA1652	15485	8	0	0	0	0	0	0	0	1	0	0
A	BL	20	106	1	2	BA1652	15487	8	0	0	0	1	0	0	0	0	0	0
A	BL	20	106	1	2	BA1652	15490	8	0	0	0	0	0	0	0	1	0	0
A	BL	20	106	1	2	BA1652	15492	8	7	0	0	1	0	0	0	0	0	0
A	BL	20	106	1	2	BA1652	15535	7	0	0	0	0	0	0	0	1	0	0
A	BL	20	106	1	2	BA1652	15537	7	8	2	0	1	0	0	0	0	0	0
A	BL	20	106	1	2	BA1652	15547	8	7	0	0	0	0	0	0	0	0	0
A	BL	20	106	1	2	BA1652	15560	7	0	0	0	0	0	0	0	1	0	0
A	BL	20	106	1	2	BA1652	15562	7	8	2	0	1	0	0	0	0	0	0
A	BL	20	106	1	2	BA1652	15572	8	7	0	0	0	0	0	0	1	0	0
A	BL	20	106	1	2	BA1652	15591	7	8	2	0	1	0	0	0	0	0	0
A	BL	20	106	1	2	BA1652	15593	8	0	0	0	0	0	0	0	1	0	0
A	BL	20	106	1	2	BA1652	15598	8	0	0	0	1	0	0	0	0	0	0
A	BL	20	106	1	2	BA1652	15601	8	7	0	0	0	0	0	0	0	0	0
A	BL	20	106	1	2	BA1652	15611	7	0	0	0	0	0	0	0	1	0	0
A	BL	20	106	1	2	BA1652	15627	7	8	2	0	1	0	0	0	0	0	0
A	BL	20	106	1	2	BA1652	15628	8	0	0	0	0	0	0	0	1	0	0
A	BL	20	106	1	2	BA1652	15632	8	0	0	0	1	0	0	0	0	0	0
A	BL	20	106	1	2	BA1652	15637	8	7	0	0	0	0	0	0	1	0	0
A	BL	20	106	1	2	BA1652	15645	7	8	2	0	1	0	0	0	0	0	0
A	BL	20	106	1	2	BA1652	15649	8	0	0	0	0	0	0	0	1	0	0
A	BL	20	106	1	2	BA1652	15652	8	0	0	0	1	0	0	0	0	0	0
A	BL	20	106	1	2	BA1652	15655	8	7	0	0	0	0	0	0	0	0	0
A	BL	20	106	1	2	BA1652	15659	7	0	0	0	0	0	0	0	1	0	0
A	BL	20	106	1	2	BA1652	15671	7	8	2	0	1	0	0	0	0	0	0
A	BL	20	106	1	2	BA1652	15681	8	7	0	0	0	0	0	0	0	0	0
A	BL	20	106	1	2	BA1652	15692	7	0	0	0	0	0	0	0	1	0	0
A	BL	20	106	1	2	BA1652	15732	7	8	2	0	1	0	0	0	0	0	0
A	BL	20	106	1	2	BA1652	15733	8	0	0	0	0	0	0	0	1	0	0
A	BL	20	106	1	2	BA1652	15737	8	0	0	0	1	0	0	0	0	0	0
A	BL	20	106	1	2	BA1652	15742	8	7	0	0	0	0	0	0	0	0	0
A	BL	20	106	1	2	BA1652	15745	7	0	0	0	0	0	0	0	1	0	0
A	BL	20	106	1	2	BA1652	15746	7	8	2	0	1	0	0	0	0	0	0
A	BL	20	106	1	2	BA1652	15756	8	7	0	0	0	0	0	0	0	0	0
A	BL	20	106	1	2	BA1652	15789	7	0	0	0	0	0	0	0	1	0	0
A	BL	20	106	1	2	BA1652	15818	7	8	2	0	1	0	0	0	0	0	0
A	BL	20	106	1	2	BA1652	15825	8	0	0	0	0	0	0	0	1	0	0
A	BL	20	106	1	2	BA1652	15828	8	7	0	0	0	0	0	0	0	0	0
A	BL	20	106	1	2	BA1652	15830	7	8	2	0	1	0	0	0	0	0	0
A	BL	20	106	1	2	BA1652	15840	8	7	0	0	1	0	0	0	1	0	0
A	BL	20	106	1	2	BA1652	15842	7	0	0	0	0	0	0	0	1	0	0
A	BL	20	106	1	2	BA1652	15903	7	8	2	0	1	0	0	0	0	0	0
A	BL	20	106	1	2	BA1652	15913	8	7	0	0	0	0	0	0	0	0	0
A	BL	20	106	1	2	BA1652	15933	7	0	0	0	0	0	0	0	1	0	0
A	BL	20	106	1	2	BA1652	15939	7	8	2	0	1	0	0	0	0	0	0
A	BL	20	106	1	2	BA1652	15949	8	7	0	0	0	0	0	0	1	0	0
A	BL	20	106	1	2	BA1652	15953	7	8	2	0	1	0	0	0	0	0	0
A	BL	20	106	1	2	BA1652	15963	8	7	0	0	0	0	0	0	0	0	0
A	BL	20	106	1	2	BA1652	15979	7	0	0	0	0	0	0	0	1	0	0
A	BL	20	106	1	2	BA1652	15983	7	8	2	0	1	0	0	0	0	0	0
A	BL	20	106	1	2	BA1652	15993	8	7	0	0	0	0	0	0	0	0	0
A	BL	20	106	1	2	BA1652	16014	7	0	0	0	0	0	0	0	1	0	0
A	BL	20	106	1	2	BA1652	16036	7	8	2	0	1	0	0	0	0	0	0
A	BL	20	106	1	2	BA1652	16045	8	0	0	0	0	0	0	0	1	0	0
A	BL	20	106	1	2	BA1652	16046	8	7	0	0	0	0	0	0	0	0	0
A	BL	20	106	1	2	BA1652	16047	7	8	2	0	1	0	0	0	0	0	0
A	BL	20	106	1	2	BA1652	16052	8	0	0	0	0	0	0	0	1	0	0
A	BL	20	106	1	2	BA1652	16057	8	9	0	0	0	0	0	0	0	0	0
A	BL	20	106	1	2	BA1652	16067	9	10	0	0	0	0	0	0	0	0	0
A	BL	20	106	1	2	BA1652	16142	10	2	0	0	0	0	0	0	0	0	0
A	BL	20	106	1	2	BA1652	16143	2	6	0	0	0	0	0	0	0	0	0
A	BL	20	106	1	2	BA1652	16313	6	8	2	0	1	0	0	0	0	0	0
A	BL	20	106	1	2	BA1652	16323	8	7	0	0	0	0	0	0	0	0	0
A	BL	20	106	1	2	BA1652	16348	7	0	0	0	0	0	0	0	1	0	0
A	BL	20	106	1	2	BA1652	16381	7	8	2	0	1	0	0	0	0	0	0
A	BL	20	106	1	2	BA1652	16391	8	7	0	0	0	0	0	0	0	0	0
A	BL	20	106	1	2	BA1652	16399	7	0	0	0	0	0	0	0	1	0	0
A	BL	20	106	1	2	BA1652	16400	7	8	2	0	1	0	0	0	0	0	0
A	BL	20	106	1	2	BA1652	16403	8	0	0	0	0	0	0	0	1	0	0
A	BL	20	106	1	2	BA1652	16410	8	7	0	0	0	0	0	0	0	0	0
A	BL	20	106	1	2	BA1652	16416	7	8	2	0	1	0	0	0	0	0	0
A	BL	20	106	1	2	BA1652	16426	8	7	0	0	0	0	0	0	0	0	0
A	BL	20	106	1	2	BA1652	16479	7	0	0	0	0	0	0	0	1	0	0
A	BL	20	106	1	2	BA1652	16480	7	8	2	0	1	0	0	0	0	0	0
A	BL	20	106	1	2	BA1652	16490	8	7	0	0	0	0	0	0	0	0	0
A	BL	20	106	1	2	BA1652	16496	7	8	2	0	1	0	0	0	1	0	0
A	BL	20	106	1	2	BA1652	16506	8	7	0	0	0	0	0	0	0	0	0
A	BL	20	106	1	2	BA1652	16530	7	0	0	0	0	0	0	0	1	0	0
A	BL	20	106	1	2	BA1652	16569	7	8	2	0	1	0	0	0	0	0	0
A	BL	20	106	1	2	BA1652	16579	8	7	0	0	0	0	0	0	0	0	0
A	BL	20	106	1	2	BA1652	16599	7	0	0	0	0	0	0	0	1	0	0
A	BL	20	106	1	2	BA1652	16611	7	8	2	0	1	0	0	0	0	0	0
A	BL	20	106	1	2	BA1652	16617	8	0	0	0	0	0	0	0	1	0	0
A	BL	20	106	1	2	BA1652	16621	8	7	0	0	0	0	0	0	0	0	0
A	BL	20	106	1	2	BA1652	16622	7	8	2	0	1	0	0	0	0	0	0
A	BL	20	106	1	2	BA1652	16632	8	7	0	0	0	0	0	0	0	0	0
A	BL	20	106	1	2	BA1652	16642	7	0	0	0	0	0	0	0	1	0	0
A	BL	20	106	1	2	BA1652	16643	7	8	2	0	1	0	0	0	0	0	0
A	BL	20	106	1	2	BA1652	16653	8	7	0	0	0	0	0	0	0	0	0
A	BL	20	106	1	2	BA1652	16692	7	0	0	0	0	0	0	0	1	0	0
A	BL	20	106	1	2	BA1652	16697	7	8	2	0	1	0	0	0	0	0	0
A	BL	20	106	1	2	BA1652	16707	8	7	0	0	0	0	0	0	0	0	0
A	BL	20	106	1	2	BA1652	16740	7	0	0	0	0	0	0	0	1	0	0
A	BL	20	106	1	2	BA1652	16745	7	8	2	0	1	0	0	0	0	0	0
A	BL	20	106	1	2	BA1652	16749	8	0	0	0	0	0	0	0	1	0	0
A	BL	20	106	1	2	BA1652	16753	8	0	0	0	1	0	0	0	0	0	0
A	BL	20	106	1	2	BA1652	16755	8	7	0	0	0	0	0	0	0	0	0
A	BL	20	106	1	2	BA1652	16783	7	0	0	0	0	0	0	0	1	0	0
A	BL	20	106	1	2	BA1652	16827	7	8	2	0	1	0	0	0	0	0	0
A	BL	20	106	1	2	BA1652	16831	8	0	0	0	0	0	0	0	1	0	0
A	BL	20	106	1	2	BA1652	16835	8	0	0	0	1	0	0	0	0	0	0
A	BL	20	106	1	2	BA1652	16837	8	7	0	0	0	0	0	0	0	0	0
A	BL	20	106	1	2	BA1652	16872	7	0	0	0	0	0	0	0	1	0	0
A	BL	20	106	1	2	BA1652	16877	7	8	2	0	1	0	0	0	0	0	0
A	BL	20	106	1	2	BA1652	16886	8	0	0	0	0	0	0	0	1	0	0
A	BL	20	106	1	2	BA1652	16887	8	7	0	0	0	0	0	0	0	0	0
A	BL	20	106	1	2	BA1652	16890	7	8	2	0	1	0	0	0	0	0	0
A	BL	20	106	1	2	BA1652	16900	8	7	0	0	0	0	0	0	0	0	0
A	BL	20	106	1	2	BA1652	16928	7	0	0	0	0	0	0	0	1	0	0
A	BL	20	106	1	2	BA1652	16933	7	8	2	0	1	0	0	0	0	0	0
A	BL	20	106	1	2	BA1652	16943	8	7	0	0	0	0	0	0	0	0	0
A	BL	20	106	1	2	BA1652	16949	7	0	0	0	0	0	0	0	1	0	0
A	BL	20	106	1	2	BA1652	16954	7	8	2	0	1	0	0	0	0	0	0
A	BL	20	106	1	2	BA1652	16964	8	7	0	0	0	0	0	0	0	0	0
A	BL	20	106	1	2	BA1652	16978	7	0	0	0	0	0	0	0	1	0	0
A	BL	20	106	1	2	BA1652	16979	7	8	2	0	1	0	0	0	0	0	0
A	BL	20	106	1	2	BA1652	16987	8	0	0	0	0	0	0	0	1	0	0
A	BL	20	106	1	2	BA1652	16989	8	7	0	0	0	0	0	0	0	0	0
A	BL	20	106	1	2	BA1652	16992	7	8	2	0	1	0	0	0	0	0	0
A	BL	20	106	1	2	BA1652	17002	8	7	0	0	0	0	0	0	1	0	0
A	BL	20	106	1	2	BA1652	17012	7	8	2	0	1	0	0	0	0	0	0
A	BL	20	106	1	2	BA1652	17022	8	9	0	0	0	0	0	0	1	0	0
A	BL	20	106	1	2	BA1652	17032	9	10	0	0	0	0	0	0	0	0	0
A	BL	20	106	1	2	BA1652	17107	10	2	0	0	0	0	0	0	0	0	0
A	BL	20	106	1	2	BA1652	17108	2	3	0	0	0	0	0	0	0	0	0
A	BL	20	106	1	2	BA1652	17160	3	5	1	1	0	0	0	0	0	0	0
A	BL	20	106	1	2	BA1652	17165	5	0	0	0	0	0	0	1	0	0	0
A	BL	20	106	1	2	BA1652	17169	5	0	0	1	0	0	0	0	0	0	0
A	BL	20	106	1	2	BA1652	17170	5	4	0	0	0	0	0	0	0	0	0
A	BL	20	106	1	2	BA1652	17176	4	0	0	0	0	0	0	1	0	0	0
A	BL	20	106	1	2	BA1652	17178	4	5	1	1	0	0	0	0	0	0	0
A	BL	20	106	1	2	BA1652	17188	5	4	0	0	0	0	0	0	0	0	0
A	BL	20	106	1	2	BA1652	17189	4	0	0	0	0	0	0	1	0	0	0
A	BL	20	106	1	2	BA1652	17202	4	5	1	1	0	0	0	0	0	0	0
A	BL	20	106	1	2	BA1652	17204	5	0	0	0	0	0	0	1	0	0	0
A	BL	20	106	1	2	BA1652	17212	5	4	0	0	0	0	0	0	0	0	0
A	BL	20	106	1	2	BA1652	17223	4	5	1	1	0	0	0	0	0	0	0
A	BL	20	106	1	2	BA1652	17227	5	0	0	0	0	0	0	1	0	0	0
A	BL	20	106	1	2	BA1652	17233	5	4	0	0	0	0	0	0	0	0	0
A	BL	20	106	1	2	BA1652	17239	4	5	1	1	0	0	0	0	0	0	0
A	BL	20	106	1	2	BA1652	17241	5	0	0	0	0	0	0	1	0	0	0
A	BL	20	106	1	2	BA1652	17242	5	0	0	1	0	0	0	0	0	0	0
A	BL	20	106	1	2	BA1652	17244	5	0	0	0	0	0	0	1	0	0	0
A	BL	20	106	1	2	BA1652	17247	5	0	0	1	0	0	0	0	0	0	0
A	BL	20	106	1	2	BA1652	17249	5	9	0	0	0	0	0	0	0	0	0
A	BL	20	106	1	2	BA1652	17254	9	0	0	0	0	0	0	1	0	0	0
A	BL	20	106	1	2	BA1652	17259	9	10	0	0	0	0	0	0	0	0	0
A	BL	20	106	1	2	BA1652	17334	10	2	0	0	0	0	0	0	0	0	0
A	BL	20	106	1	2	BA1652	17335	2	3	0	0	0	0	0	0	0	0	0
A	BL	20	106	1	2	BA1652	17429	3	5	1	1	0	0	0	0	0	0	0
A	BL	20	106	1	2	BA1652	17436	5	0	0	0	0	0	0	1	0	0	0
A	BL	20	106	1	2	BA1652	17437	5	0	0	1	0	0	0	0	0	0	0
A	BL	20	106	1	2	BA1652	17439	5	4	0	0	0	0	0	0	0	0	0
A	BL	20	106	1	2	BA1652	17442	4	0	0	0	0	0	0	1	0	0	0
A	BL	20	106	1	2	BA1652	17444	4	5	1	1	0	0	0	0	0	0	0
A	BL	20	106	1	2	BA1652	17454	5	4	0	0	0	0	0	0	0	0	0
A	BL	20	106	1	2	BA1652	17474	4	0	0	0	0	0	0	1	0	0	0
A	BL	20	106	1	2	BA1652	17479	4	5	1	1	0	0	0	0	0	0	0
A	BL	20	106	1	2	BA1652	17489	5	4	0	0	0	0	0	0	0	0	0
A	BL	20	106	1	2	BA1652	17495	4	0	0	0	0	0	0	1	0	0	0
A	BL	20	106	1	2	BA1652	17517	4	5	1	1	0	0	0	0	0	0	0
A	BL	20	106	1	2	BA1652	17521	5	0	0	0	0	0	0	1	0	0	0
A	BL	20	106	1	2	BA1652	17527	5	4	0	0	0	0	0	0	0	0	0
A	BL	20	106	1	2	BA1652	17563	4	5	1	1	0	0	0	0	0	0	0
A	BL	20	106	1	2	BA1652	17570	5	0	0	0	0	0	0	1	0	0	0
A	BL	20	106	1	2	BA1652	17573	5	9	0	0	0	0	0	0	0	0	0
A	BL	20	106	1	2	BA1652	17576	9	0	0	1	0	0	0	0	0	0	0
A	BL	20	106	1	2	BA1652	17578	9	0	0	0	0	0	0	1	0	0	0
A	BL	20	106	1	2	BA1652	17583	9	10	0	0	0	0	0	0	0	0	0
A	BL	20	106	1	2	BA1652	17658	10	2	0	0	0	0	0	0	0	0	0
A	BL	20	106	1	2	BA1652	17659	2	6	0	0	0	0	0	0	0	0	0
A	BL	20	106	1	2	BA1652	18092	6	8	2	0	1	0	0	0	0	0	0
A	BL	20	106	1	2	BA1652	18102	8	7	0	0	0	0	0	0	0	0	0
A	BL	20	106	1	2	BA1652	18112	7	0	0	0	0	0	0	0	1	0	0
A	BL	20	106	1	2	BA1652	18179	7	8	2	0	1	0	0	0	0	0	0
A	BL	20	106	1	2	BA1652	18181	8	0	0	0	0	0	0	0	1	0	0
A	BL	20	106	1	2	BA1652	18189	8	7	0	0	0	0	0	0	0	0	0
A	BL	20	106	1	2	BA1652	18202	7	8	2	0	1	0	0	0	0	0	0
A	BL	20	106	1	2	BA1652	18212	8	7	0	0	0	0	0	0	0	0	0
A	BL	20	106	1	2	BA1652	18214	7	0	0	0	0	0	0	0	1	0	0
A	BL	20	106	1	2	BA1652	18216	7	8	2	0	1	0	0	0	0	0	0
A	BL	20	106	1	2	BA1652	18226	8	7	0	0	0	0	0	0	0	0	0
A	BL	20	106	1	2	BA1652	18330	7	0	0	0	0	0	0	0	1	0	0
A	BL	20	106	1	2	BA1652	18373	7	8	2	0	1	0	0	0	0	0	0
A	BL	20	106	1	2	BA1652	18383	8	7	0	0	0	0	0	0	0	0	0
A	BL	20	106	1	2	BA1652	18386	7	0	0	0	0	0	0	0	1	0	0
A	BL	20	106	1	2	BA1652	18397	7	8	2	0	1	0	0	0	0	0	0
A	BL	20	106	1	2	BA1652	18406	8	0	0	0	0	0	0	0	1	0	0
A	BL	20	106	1	2	BA1652	18407	8	7	0	0	0	0	0	0	0	0	0
A	BL	20	106	1	2	BA1652	18439	7	8	2	0	1	0	0	0	0	0	0
A	BL	20	106	1	2	BA1652	18449	8	7	0	0	0	0	0	0	0	0	0
A	BL	20	106	1	2	BA1652	18464	7	0	0	0	0	0	0	0	1	0	0
A	BL	20	106	1	2	BA1652	18467	7	8	2	0	1	0	0	0	0	0	0
A	BL	20	106	1	2	BA1652	18474	8	0	0	0	0	0	0	0	1	0	0
A	BL	20	106	1	2	BA1652	18477	8	7	0	0	0	0	0	0	0	0	0
A	BL	20	106	1	2	BA1652	18488	7	8	2	0	1	0	0	0	0	0	0
A	BL	20	106	1	2	BA1652	18494	8	0	0	0	0	0	0	0	1	0	0
A	BL	20	106	1	2	BA1652	18498	8	7	0	0	0	0	0	0	0	0	0
A	BL	20	106	1	2	BA1652	18515	7	8	2	0	1	0	0	0	0	0	0
A	BL	20	106	1	2	BA1652	18525	8	7	0	0	0	0	0	0	0	0	0
A	BL	20	106	1	2	BA1652	18526	7	0	0	0	0	0	0	0	1	0	0
A	BL	20	106	1	2	BA1652	18559	7	8	2	0	1	0	0	0	0	0	0
A	BL	20	106	1	2	BA1652	18569	8	7	0	0	0	0	0	0	0	0	0
A	BL	20	106	1	2	BA1652	18597	7	0	0	0	0	0	0	0	1	0	0
A	BL	20	106	1	2	BA1652	18599	7	8	2	0	1	0	0	0	0	0	0
A	BL	20	106	1	2	BA1652	18609	8	7	0	0	0	0	0	0	0	0	0
A	BL	20	106	1	2	BA1652	18627	7	0	0	0	0	0	0	0	1	0	0
A	BL	20	106	1	2	BA1652	18634	7	8	2	0	1	0	0	0	0	0	0
A	BL	20	106	1	2	BA1652	18636	8	0	0	0	0	0	0	0	1	0	0
A	BL	20	106	1	2	BA1652	18644	8	7	0	0	0	0	0	0	0	0	0
A	BL	20	106	1	2	BA1652	18660	7	8	2	0	1	0	0	0	0	0	0
A	BL	20	106	1	2	BA1652	18664	8	0	0	0	0	0	0	0	1	0	0
A	BL	20	106	1	2	BA1652	18668	8	0	0	0	1	0	0	0	0	0	0
A	BL	20	106	1	2	BA1652	18670	8	7	0	0	0	0	0	0	0	0	0
A	BL	20	106	1	2	BA1652	18674	7	0	0	0	0	0	0	0	1	0	0
A	BL	20	106	1	2	BA1652	18678	7	8	2	0	1	0	0	0	0	0	0
A	BL	20	106	1	2	BA1652	18684	8	0	0	0	0	0	0	0	1	0	0
A	BL	20	106	1	2	BA1652	18688	8	7	0	0	0	0	0	0	0	0	0
A	BL	20	106	1	2	BA1652	18728	7	8	2	0	1	0	0	0	0	0	0
A	BL	20	106	1	2	BA1652	18733	8	0	0	0	0	0	0	0	1	0	0
A	BL	20	106	1	2	BA1652	18737	8	0	0	0	1	0	0	0	0	0	0
A	BL	20	106	1	2	BA1652	18738	8	7	0	0	0	0	0	0	0	0	0
A	BL	20	106	1	2	BA1652	18762	7	0	0	0	0	0	0	0	1	0	0
A	BL	20	106	1	2	BA1652	18763	7	8	2	0	1	0	0	0	0	0	0
A	BL	20	106	1	2	BA1652	18773	8	7	0	0	0	0	0	0	0	0	0
A	BL	20	106	1	2	BA1652	18774	7	0	0	0	0	0	0	0	1	0	0
A	BL	20	106	1	2	BA1652	18795	7	8	2	0	1	0	0	0	0	0	0
A	BL	20	106	1	2	BA1652	18805	8	7	0	0	0	0	0	0	0	0	0
A	BL	20	106	1	2	BA1652	18814	7	0	0	0	0	0	0	0	1	0	0
A	BL	20	106	1	2	BA1652	18821	7	8	2	0	1	0	0	0	0	0	0
A	BL	20	106	1	2	BA1652	18831	8	7	0	0	0	0	0	0	1	0	0
A	BL	20	106	1	2	BA1652	18915	7	8	2	0	1	0	0	0	0	0	0
A	BL	20	106	1	2	BA1652	18920	8	0	0	0	0	0	0	0	1	0	0
A	BL	20	106	1	2	BA1652	18924	8	0	0	0	1	0	0	0	0	0	0
A	BL	20	106	1	2	BA1652	18925	8	9	0	0	0	0	0	0	0	0	0
A	BL	20	106	1	2	BA1652	18935	9	10	0	0	0	0	0	0	0	0	0
A	BL	20	106	1	2	BA1652	18936	10	0	0	0	0	0	0	0	1	0	0
A	BL	20	106	1	2	BA1652	19010	10	2	0	0	0	0	0	0	0	0	0
A	BL	20	106	1	2	BA1652	19011	2	6	0	0	0	0	0	0	0	0	0
A	BL	20	106	1	2	BA1652	19320	6	8	2	0	1	0	0	0	0	0	0
A	BL	20	106	1	2	BA1652	19330	8	7	0	0	0	0	0	0	0	0	0
A	BL	20	106	1	2	BA1652	19355	7	0	0	0	0	0	0	0	1	0	0
A	BL	20	106	1	2	BA1652	19357	7	8	2	0	1	0	0	0	0	0	0
A	BL	20	106	1	2	BA1652	19367	8	7	0	0	0	0	0	0	0	0	0
A	BL	20	106	1	2	BA1652	19384	7	0	0	0	0	0	0	0	1	0	0
A	BL	20	106	1	2	BA1652	19417	7	8	2	0	1	0	0	0	0	0	0
A	BL	20	106	1	2	BA1652	19427	8	7	0	0	0	0	0	0	0	0	0
A	BL	20	106	1	2	BA1652	19429	7	0	0	0	0	0	0	0	1	0	0
A	BL	20	106	1	2	BA1652	19489	7	8	2	0	1	0	0	0	0	0	0
A	BL	20	106	1	2	BA1652	19496	8	0	0	0	0	0	0	0	1	0	0
A	BL	20	106	1	2	BA1652	19499	8	7	0	0	0	0	0	0	0	0	0
A	BL	20	106	1	2	BA1652	19519	7	8	2	0	1	0	0	0	0	0	0
A	BL	20	106	1	2	BA1652	19529	8	7	0	0	0	0	0	0	0	0	0
A	BL	20	106	1	2	BA1652	19542	7	0	0	0	0	0	0	0	1	0	0
A	BL	20	106	1	2	BA1652	19544	7	8	2	0	1	0	0	0	0	0	0
A	BL	20	106	1	2	BA1652	19554	8	7	0	0	0	0	0	0	0	0	0
A	BL	20	106	1	2	BA1652	19579	7	0	0	0	0	0	0	0	1	0	0
A	BL	20	106	1	2	BA1652	19592	7	8	2	0	1	0	0	0	0	0	0
A	BL	20	106	1	2	BA1652	19599	8	0	0	0	0	0	0	0	1	0	0
A	BL	20	106	1	2	BA1652	19602	8	7	0	0	0	0	0	0	0	0	0
A	BL	20	106	1	2	BA1652	19629	7	8	2	0	1	0	0	0	0	0	0
A	BL	20	106	1	2	BA1652	19639	8	7	0	0	0	0	0	0	0	0	0
A	BL	20	106	1	2	BA1652	19641	7	0	0	0	0	0	0	0	1	0	0
A	BL	20	106	1	2	BA1652	19657	7	8	2	0	1	0	0	0	0	0	0
A	BL	20	106	1	2	BA1652	19667	8	7	0	0	0	0	0	0	0	0	0
A	BL	20	106	1	2	BA1652	19678	7	0	0	0	0	0	0	0	1	0	0
A	BL	20	106	1	2	BA1652	19683	7	8	2	0	1	0	0	0	0	0	0
A	BL	20	106	1	2	BA1652	19693	8	7	0	0	0	0	0	0	0	0	0
A	BL	20	106	1	2	BA1652	19698	7	0	0	0	0	0	0	0	1	0	0
A	BL	20	106	1	2	BA1652	19708	7	8	2	0	1	0	0	0	0	0	0
A	BL	20	106	1	2	BA1652	19714	8	0	0	0	0	0	0	0	1	0	0
A	BL	20	106	1	2	BA1652	19718	8	7	0	0	0	0	0	0	0	0	0
A	BL	20	106	1	2	BA1652	19719	7	8	2	0	1	0	0	0	0	0	0
A	BL	20	106	1	2	BA1652	19726	8	0	0	0	0	0	0	0	1	0	0
A	BL	20	106	1	2	BA1652	19729	8	7	0	0	0	0	0	0	0	0	0
A	BL	20	106	1	2	BA1652	19743	7	8	2	0	1	0	0	0	0	0	0
A	BL	20	106	1	2	BA1652	19748	8	0	0	0	0	0	0	0	1	0	0
A	BL	20	106	1	2	BA1652	19753	8	7	0	0	0	0	0	0	0	0	0
A	BL	20	106	1	2	BA1652	19758	7	8	2	0	1	0	0	0	0	0	0
A	BL	20	106	1	2	BA1652	19761	8	0	0	0	0	0	0	0	1	0	0
A	BL	20	106	1	2	BA1652	19768	8	7	0	0	0	0	0	0	0	0	0
A	BL	20	106	1	2	BA1652	19789	7	8	2	0	1	0	0	0	0	0	0
A	BL	20	106	1	2	BA1652	19791	8	0	0	0	0	0	0	0	1	0	0
A	BL	20	106	1	2	BA1652	19798	8	0	0	0	1	0	0	0	0	0	0
A	BL	20	106	1	2	BA1652	19799	8	7	0	0	0	0	0	0	0	0	0
A	BL	20	106	1	2	BA1652	19807	7	0	0	0	0	0	0	0	1	0	0
A	BL	20	106	1	2	BA1652	19809	7	8	2	0	1	0	0	0	0	0	0
A	BL	20	106	1	2	BA1652	19819	8	7	0	0	0	0	0	0	0	0	0
A	BL	20	106	1	2	BA1652	19847	7	0	0	0	0	0	0	0	1	0	0
A	BL	20	106	1	2	BA1652	19850	7	8	2	0	1	0	0	0	0	0	0
A	BL	20	106	1	2	BA1652	19856	8	0	0	0	0	0	0	0	1	0	0
A	BL	20	106	1	2	BA1652	19860	8	7	0	0	0	0	0	0	0	0	0
A	BL	20	106	1	2	BA1652	19871	7	8	2	0	1	0	0	0	0	0	0
A	BL	20	106	1	2	BA1652	19874	8	0	0	0	0	0	0	0	1	0	0
A	BL	20	106	1	2	BA1652	19877	8	0	0	0	1	0	0	0	0	0	0
A	BL	20	106	1	2	BA1652	19881	8	7	0	0	0	0	0	0	0	0	0
A	BL	20	106	1	2	BA1652	19886	7	0	0	0	0	0	0	0	1	0	0
A	BL	20	106	1	2	BA1652	19896	7	8	2	0	1	0	0	0	0	0	0
A	BL	20	106	1	2	BA1652	19903	8	0	0	0	0	0	0	0	1	0	0
A	BL	20	106	1	2	BA1652	19906	8	7	0	0	0	0	0	0	0	0	0
A	BL	20	106	1	2	BA1652	19954	7	8	2	0	1	0	0	0	0	0	0
A	BL	20	106	1	2	BA1652	19964	8	9	0	0	0	0	0	0	0	0	0
A	BL	20	106	1	2	BA1652	19974	9	10	0	0	0	0	0	0	0	0	0
A	BL	20	106	1	2	BA1652	19977	10	0	0	0	0	0	0	0	1	0	0
A	BL	20	106	1	2	BA1652	20049	10	2	0	0	0	0	0	0	0	0	0
A	BL	20	106	1	2	BA1652	20050	2	3	0	0	0	0	0	0	0	0	0
A	BL	20	106	1	2	BA1652	20132	3	5	1	1	0	0	0	0	0	0	0
A	BL	20	106	1	2	BA1652	20139	5	0	0	0	0	0	0	1	0	0	0
A	BL	20	106	1	2	BA1652	20140	5	0	0	1	0	0	0	0	0	0	0
A	BL	20	106	1	2	BA1652	20142	5	4	0	0	0	0	0	0	0	0	0
A	BL	20	106	1	2	BA1652	20154	4	0	0	0	0	0	0	1	0	0	0
A	BL	20	106	1	2	BA1652	20192	4	5	1	1	0	0	0	0	0	0	0
A	BL	20	106	1	2	BA1652	20195	5	0	0	0	0	0	0	1	0	0	0
A	BL	20	106	1	2	BA1652	20196	5	0	0	1	0	0	0	0	0	0	0
A	BL	20	106	1	2	BA1652	20202	5	4	0	0	0	0	0	0	0	0	0
A	BL	20	106	1	2	BA1652	20274	4	0	0	0	0	0	0	1	0	0	0
A	BL	20	106	1	2	BA1652	20323	4	5	1	1	0	0	0	0	0	0	0
A	BL	20	106	1	2	BA1652	20325	5	0	0	0	0	0	0	1	0	0	0
A	BL	20	106	1	2	BA1652	20328	5	0	0	1	0	0	0	0	0	0	0
A	BL	20	106	1	2	BA1652	20333	5	4	0	0	0	0	0	0	0	0	0
A	BL	20	106	1	2	BA1652	20337	4	0	0	0	0	0	0	1	0	0	0
A	BL	20	106	1	2	BA1652	20341	4	5	1	1	0	0	0	0	0	0	0
A	BL	20	106	1	2	BA1652	20351	5	4	0	0	0	0	0	0	0	0	0
A	BL	20	106	1	2	BA1652	20398	4	0	0	0	0	0	0	1	0	0	0
A	BL	20	106	1	2	BA1652	20401	4	5	1	1	0	0	0	0	0	0	0
A	BL	20	106	1	2	BA1652	20411	5	9	0	0	0	0	0	0	0	0	0
A	BL	20	106	1	2	BA1652	20419	9	0	0	0	0	0	0	1	0	0	0
A	BL	20	106	1	2	BA1652	20421	9	10	0	0	0	0	0	0	0	0	0
A	BL	20	106	1	2	BA1652	20496	10	2	0	0	0	0	0	0	0	0	0
A	BL	20	106	1	2	BA1652	20497	2	3	0	0	0	0	0	0	0	0	0
A	BL	20	106	1	2	BA1652	20565	3	5	1	1	0	0	0	0	0	0	0
A	BL	20	106	1	2	BA1652	20575	5	4	0	0	0	0	0	0	0	0	0
A	BL	20	106	1	2	BA1652	20577	4	0	0	0	0	0	0	1	0	0	0
A	BL	20	106	1	2	BA1652	20579	4	5	1	1	0	0	0	0	0	0	0
A	BL	20	106	1	2	BA1652	20588	5	0	0	0	0	0	0	1	0	0	0
A	BL	20	106	1	2	BA1652	20589	5	4	0	0	0	0	0	0	0	0	0
A	BL	20	106	1	2	BA1652	20592	4	5	1	1	0	0	0	0	0	0	0
A	BL	20	106	1	2	BA1652	20602	5	4	0	0	0	0	0	0	0	0	0
A	BL	20	106	1	2	BA1652	20642	4	0	0	0	0	0	0	1	0	0	0
A	BL	20	106	1	2	BA1652	20645	4	5	1	1	0	0	0	0	0	0	0
A	BL	20	106	1	2	BA1652	20655	5	4	0	0	0	0	0	0	0	0	0
A	BL	20	106	1	2	BA1652	20664	4	0	0	0	0	0	0	1	0	0	0
A	BL	20	106	1	2	BA1652	20672	4	5	1	1	0	0	0	0	0	0	0
A	BL	20	106	1	2	BA1652	20682	5	9	0	0	0	0	0	0	0	0	0
A	BL	20	106	1	2	BA1652	20692	9	10	0	0	0	0	0	0	0	0	0
A	BL	20	106	1	2	BA1652	20695	10	0	0	0	0	0	0	1	0	0	0
A	BL	20	106	1	2	BA1652	20767	10	2	0	0	0	0	0	0	0	0	0
A	BL	20	106	1	2	BA1652	20768	2	3	0	0	0	0	0	0	0	0	0
A	BL	20	106	1	2	BA1652	20861	3	5	1	1	0	0	0	0	0	0	0
A	BL	20	106	1	2	BA1652	20871	5	4	0	0	0	0	0	0	0	0	0
A	BL	20	106	1	2	BA1652	20872	4	5	1	1	0	0	0	1	0	0	0
A	BL	20	106	1	2	BA1652	20874	5	0	0	0	0	0	0	1	0	0	0
A	BL	20	106	1	2	BA1652	20879	5	0	0	1	0	0	0	0	0	0	0
A	BL	20	106	1	2	BA1652	20882	5	4	0	0	0	0	0	0	0	0	0
A	BL	20	106	1	2	BA1652	20885	4	0	0	0	0	0	0	1	0	0	0
A	BL	20	106	1	2	BA1652	20887	4	5	1	1	0	0	0	0	0	0	0
A	BL	20	106	1	2	BA1652	20897	5	4	0	0	0	0	0	0	0	0	0
A	BL	20	106	1	2	BA1652	20917	4	0	0	0	0	0	0	1	0	0	0
A	BL	20	106	1	2	BA1652	20936	4	5	1	1	0	0	0	0	0	0	0
A	BL	20	106	1	2	BA1652	20941	5	0	0	0	0	0	0	1	0	0	0
A	BL	20	106	1	2	BA1652	20946	5	4	0	0	0	0	0	0	0	0	0
A	BL	20	106	1	2	BA1652	20989	4	5	1	1	0	0	0	0	0	0	0
A	BL	20	106	1	2	BA1652	20993	5	0	0	0	0	0	0	1	0	0	0
A	BL	20	106	1	2	BA1652	20994	5	0	0	1	0	0	0	0	0	0	0
A	BL	20	106	1	2	BA1652	20999	5	9	0	0	0	0	0	0	0	0	0
A	BL	20	106	1	2	BA1652	21004	9	0	0	0	0	0	0	1	0	0	0
A	BL	20	106	1	2	BA1652	21009	9	10	0	0	0	0	0	0	0	0	0
A	BL	20	106	1	2	BA1652	21084	10	2	0	0	0	0	0	0	0	0	0
A	BL	20	106	1	2	BA1652	21085	2	6	0	0	0	0	0	0	0	0	0
A	BL	20	106	1	2	BA1652	21551	6	8	2	0	1	0	0	0	0	0	0
A	BL	20	106	1	2	BA1652	21554	8	0	0	0	0	0	0	0	1	0	0
A	BL	20	106	1	2	BA1652	21561	8	7	0	0	0	0	0	0	0	0	0
A	BL	20	106	1	2	BA1652	21844	7	8	2	0	1	0	0	0	0	0	0
A	BL	20	106	1	2	BA1652	21853	8	0	0	0	0	0	0	0	1	0	0
A	BL	20	106	1	2	BA1652	21854	8	7	0	0	0	0	0	0	0	0	0
A	BL	20	106	1	2	BA1652	21884	7	8	2	0	1	0	0	0	0	0	0
A	BL	20	106	1	2	BA1652	21894	8	7	0	0	0	0	0	0	0	0	0
A	BL	20	106	1	2	BA1652	21906	7	0	0	0	0	0	0	0	1	0	0
A	BL	20	106	1	2	BA1652	21977	7	8	2	0	1	0	0	0	0	0	0
A	BL	20	106	1	2	BA1652	21987	8	7	0	0	0	0	0	0	0	0	0
A	BL	20	106	1	2	BA1652	21988	7	0	0	0	0	0	0	0	1	0	0
A	BL	20	106	1	2	BA1652	22047	7	8	2	0	1	0	0	0	0	0	0
A	BL	20	106	1	2	BA1652	22051	8	0	0	0	0	0	0	0	1	0	0
A	BL	20	106	1	2	BA1652	22057	8	7	0	0	0	0	0	0	0	0	0
A	BL	20	106	1	2	BA1652	22060	7	8	2	0	1	0	0	0	0	0	0
A	BL	20	106	1	2	BA1652	22070	8	7	0	0	0	0	0	0	1	0	0
A	BL	20	106	1	2	BA1652	22072	7	8	2	0	1	0	0	0	0	0	0
A	BL	20	106	1	2	BA1652	22078	8	0	0	0	0	0	0	0	1	0	0
A	BL	20	106	1	2	BA1652	22082	8	7	0	0	0	0	0	0	0	0	0
A	BL	20	106	1	2	BA1652	22127	7	8	2	0	1	0	0	0	0	0	0
A	BL	20	106	1	2	BA1652	22137	8	7	0	0	0	0	0	0	0	0	0
A	BL	20	106	1	2	BA1652	22144	7	0	0	0	0	0	0	0	1	0	0
A	BL	20	106	1	2	BA1652	22148	7	8	2	0	1	0	0	0	0	0	0
A	BL	20	106	1	2	BA1652	22158	8	7	0	0	0	0	0	0	0	0	0
A	BL	20	106	1	2	BA1652	22169	7	0	0	0	0	0	0	0	1	0	0
A	BL	20	106	1	2	BA1652	22170	7	8	2	0	1	0	0	0	0	0	0
A	BL	20	106	1	2	BA1652	22180	8	7	0	0	0	0	0	0	0	0	0
A	BL	20	106	1	2	BA1652	22192	7	0	0	0	0	0	0	0	1	0	0
A	BL	20	106	1	2	BA1652	22196	7	8	2	0	1	0	0	0	0	0	0
A	BL	20	106	1	2	BA1652	22206	8	7	0	0	0	0	0	0	0	0	0
A	BL	20	106	1	2	BA1652	22212	7	0	0	0	0	0	0	0	1	0	0
A	BL	20	106	1	2	BA1652	22235	7	8	2	0	1	0	0	0	0	0	0
A	BL	20	106	1	2	BA1652	22238	8	0	0	0	0	0	0	0	1	0	0
A	BL	20	106	1	2	BA1652	22244	8	0	0	0	1	0	0	0	0	0	0
A	BL	20	106	1	2	BA1652	22245	8	7	0	0	0	0	0	0	0	0	0
A	BL	20	106	1	2	BA1652	22250	7	8	2	0	1	0	0	0	1	0	0
A	BL	20	106	1	2	BA1652	22259	8	0	0	0	0	0	0	0	1	0	0
A	BL	20	106	1	2	BA1652	22260	8	7	0	0	0	0	0	0	0	0	0
A	BL	20	106	1	2	BA1652	22309	7	8	2	0	1	0	0	0	0	0	0
A	BL	20	106	1	2	BA1652	22313	8	0	0	0	0	0	0	0	1	0	0
A	BL	20	106	1	2	BA1652	22319	8	7	0	0	1	0	0	0	0	0	0
A	BL	20	106	1	2	BA1652	22354	7	0	0	0	0	0	0	0	1	0	0
A	BL	20	106	1	2	BA1652	22367	7	8	2	0	1	0	0	0	0	0	0
A	BL	20	106	1	2	BA1652	22377	8	7	0	0	0	0	0	0	0	0	0
A	BL	20	106	1	2	BA1652	22393	7	0	0	0	0	0	0	0	1	0	0
A	BL	20	106	1	2	BA1652	22444	7	8	2	0	1	0	0	0	0	0	0
A	BL	20	106	1	2	BA1652	22454	8	7	0	0	0	0	0	0	0	0	0
A	BL	20	106	1	2	BA1652	22456	7	0	0	0	0	0	0	0	1	0	0
A	BL	20	106	1	2	BA1652	22486	7	8	2	0	1	0	0	0	0	0	0
A	BL	20	106	1	2	BA1652	22496	8	7	0	0	0	0	0	0	1	0	0
A	BL	20	106	1	2	BA1652	22510	7	8	2	0	1	0	0	0	0	0	0
A	BL	20	106	1	2	BA1652	22520	8	7	0	0	0	0	0	0	1	0	0
A	BL	20	106	1	2	BA1652	22521	7	8	2	0	1	0	0	0	0	0	0
A	BL	20	106	1	2	BA1652	22531	8	7	0	0	0	0	0	0	0	0	0
A	BL	20	106	1	2	BA1652	22546	7	0	0	0	0	0	0	0	1	0	0
A	BL	20	106	1	2	BA1652	22547	7	8	2	0	1	0	0	0	0	0	0
A	BL	20	106	1	2	BA1652	22549	8	0	0	0	0	0	0	0	1	0	0
A	BL	20	106	1	2	BA1652	22557	8	9	0	0	0	0	0	0	0	0	0
A	BL	20	106	1	2	BA1652	22567	9	10	0	0	0	0	0	0	0	0	0
A	BL	20	106	1	2	BA1652	22642	10	2	0	0	0	0	0	0	0	0	0
A	BL	20	106	1	2	BA1652	22643	2	6	0	0	0	0	0	0	0	0	0
A	BL	20	106	1	2	BA1652	23134	6	8	2	0	1	0	0	0	0	0	0
A	BL	20	106	1	2	BA1652	23144	8	7	0	0	0	0	0	0	0	0	0
A	BL	20	106	1	2	BA1652	23146	7	0	0	0	0	0	0	0	1	0	0
A	BL	20	106	1	2	BA1652	23192	7	8	2	0	1	0	0	0	0	0	0
A	BL	20	106	1	2	BA1652	23202	8	7	0	0	0	0	0	0	0	0	0
A	BL	20	106	1	2	BA1652	23212	7	0	0	0	0	0	0	0	1	0	0
A	BL	20	106	1	2	BA1652	23215	7	8	2	0	1	0	0	0	0	0	0
A	BL	20	106	1	2	BA1652	23225	8	7	0	0	0	0	0	0	0	0	0
A	BL	20	106	1	2	BA1652	23228	7	0	0	0	0	0	0	0	1	0	0
A	BL	20	106	1	2	BA1652	23234	7	8	2	0	1	0	0	0	0	0	0
A	BL	20	106	1	2	BA1652	23244	8	7	0	0	0	0	0	0	0	0	0
A	BL	20	106	1	2	BA1652	23250	7	0	0	0	0	0	0	0	1	0	0
A	BL	20	106	1	2	BA1652	23334	7	8	2	0	1	0	0	0	0	0	0
A	BL	20	106	1	2	BA1652	23344	8	7	0	0	0	0	0	0	0	0	0
A	BL	20	106	1	2	BA1652	23371	7	0	0	0	0	0	0	0	1	0	0
A	BL	20	106	1	2	BA1652	23373	7	8	2	0	1	0	0	0	0	0	0
A	BL	20	106	1	2	BA1652	23383	8	7	0	0	0	0	0	0	0	0	0
A	BL	20	106	1	2	BA1652	23386	7	0	0	0	0	0	0	0	1	0	0
A	BL	20	106	1	2	BA1652	23392	7	8	2	0	1	0	0	0	0	0	0
A	BL	20	106	1	2	BA1652	23402	8	7	0	0	0	0	0	0	0	0	0
A	BL	20	106	1	2	BA1652	23423	7	0	0	0	0	0	0	0	1	0	0
A	BL	20	106	1	2	BA1652	23478	7	8	2	0	1	0	0	0	0	0	0
A	BL	20	106	1	2	BA1652	23488	8	7	0	0	0	0	0	0	0	0	0
A	BL	20	106	1	2	BA1652	23499	7	0	0	0	0	0	0	0	1	0	0
A	BL	20	106	1	2	BA1652	23506	7	8	2	0	1	0	0	0	0	0	0
A	BL	20	106	1	2	BA1652	23514	8	0	0	0	0	0	0	0	1	0	0
A	BL	20	106	1	2	BA1652	23516	8	7	0	0	0	0	0	0	0	0	0
A	BL	20	106	1	2	BA1652	23528	7	8	2	0	1	0	0	0	0	0	0
A	BL	20	106	1	2	BA1652	23538	8	7	0	0	0	0	0	0	0	0	0
A	BL	20	106	1	2	BA1652	23577	7	0	0	0	0	0	0	0	1	0	0
A	BL	20	106	1	2	BA1652	23578	7	8	2	0	1	0	0	0	0	0	0
A	BL	20	106	1	2	BA1652	23585	8	0	0	0	0	0	0	0	1	0	0
A	BL	20	106	1	2	BA1652	23588	8	7	0	0	0	0	0	0	0	0	0
A	BL	20	106	1	2	BA1652	23592	7	8	2	0	1	0	0	0	0	0	0
A	BL	20	106	1	2	BA1652	23602	8	7	0	0	0	0	0	0	0	0	0
A	BL	20	106	1	2	BA1652	23604	7	0	0	0	0	0	0	0	1	0	0
A	BL	20	106	1	2	BA1652	23610	7	8	2	0	1	0	0	0	0	0	0
A	BL	20	106	1	2	BA1652	23611	8	0	0	0	0	0	0	0	1	0	0
A	BL	20	106	1	2	BA1652	23620	8	7	0	0	0	0	0	0	0	0	0
A	BL	20	106	1	2	BA1652	23623	7	8	2	0	1	0	0	0	0	0	0
A	BL	20	106	1	2	BA1652	23627	8	0	0	0	0	0	0	0	1	0	0
A	BL	20	106	1	2	BA1652	23633	8	7	0	0	1	0	0	0	0	0	0
A	BL	20	106	1	2	BA1652	23660	7	0	0	0	0	0	0	0	1	0	0
A	BL	20	106	1	2	BA1652	23674	7	8	2	0	1	0	0	0	0	0	0
A	BL	20	106	1	2	BA1652	23676	8	0	0	0	0	0	0	0	1	0	0
A	BL	20	106	1	2	BA1652	23683	8	0	0	0	1	0	0	0	0	0	0
A	BL	20	106	1	2	BA1652	23684	8	7	0	0	0	0	0	0	0	0	0
A	BL	20	106	1	2	BA1652	23688	7	0	0	0	0	0	0	0	1	0	0
A	BL	20	106	1	2	BA1652	23692	7	8	2	0	1	0	0	0	0	0	0
A	BL	20	106	1	2	BA1652	23696	8	0	0	0	0	0	0	0	1	0	0
A	BL	20	106	1	2	BA1652	23702	8	7	0	0	0	0	0	0	0	0	0
A	BL	20	106	1	2	BA1652	23734	7	8	2	0	1	0	0	0	0	0	0
A	BL	20	106	1	2	BA1652	23744	8	7	0	0	0	0	0	0	0	0	0
A	BL	20	106	1	2	BA1652	23746	7	0	0	0	0	0	0	0	1	0	0
A	BL	20	106	1	2	BA1652	23749	7	8	2	0	1	0	0	0	0	0	0
A	BL	20	106	1	2	BA1652	23759	8	7	0	0	0	0	0	0	0	0	0
A	BL	20	106	1	2	BA1652	23780	7	0	0	0	0	0	0	0	1	0	0
A	BL	20	106	1	2	BA1652	23829	7	8	2	0	1	0	0	0	0	0	0
A	BL	20	106	1	2	BA1652	23838	8	0	0	0	0	0	0	0	1	0	0
A	BL	20	106	1	2	BA1652	23839	8	7	0	0	0	0	0	0	0	0	0
A	BL	20	106	1	2	BA1652	23904	7	8	2	0	1	0	0	0	0	0	0
A	BL	20	106	1	2	BA1652	23911	8	0	0	0	0	0	0	0	1	0	0
A	BL	20	106	1	2	BA1652	23914	8	9	0	0	0	0	0	0	0	0	0
A	BL	20	106	1	2	BA1652	23915	9	0	0	0	1	0	0	0	0	0	0
A	BL	20	106	1	2	BA1652	23924	9	10	0	0	0	0	0	0	1	0	0
A	BL	20	106	1	2	BA1652	23999	10	2	0	0	0	0	0	0	0	0	0
A	BL	20	106	1	2	BA1652	24000	2	6	0	0	0	0	0	0	0	0	0
A	BL	20	106	1	2	BA1652	24204	6	8	2	0	1	0	0	0	0	0	0
A	BL	20	106	1	2	BA1652	24214	8	7	0	0	0	0	0	0	0	0	0
A	BL	20	106	1	2	BA1652	24216	7	0	0	0	0	0	0	0	1	0	0
A	BL	20	106	1	2	BA1652	24309	7	8	2	0	1	0	0	0	0	0	0
A	BL	20	106	1	2	BA1652	24319	8	7	0	0	0	0	0	0	0	0	0
A	BL	20	106	1	2	BA1652	24322	7	0	0	0	0	0	0	0	1	0	0
A	BL	20	106	1	2	BA1652	24325	7	8	2	0	1	0	0	0	0	0	0
A	BL	20	106	1	2	BA1652	24335	8	7	0	0	0	0	0	0	1	0	0
A	BL	20	106	1	2	BA1652	24345	7	8	2	0	1	0	0	0	0	0	0
A	BL	20	106	1	2	BA1652	24351	8	0	0	0	0	0	0	0	1	0	0
A	BL	20	106	1	2	BA1652	24355	8	7	0	0	0	0	0	0	0	0	0
A	BL	20	106	1	2	BA1652	24372	7	8	2	0	1	0	0	0	0	0	0
A	BL	20	106	1	2	BA1652	24382	8	7	0	0	0	0	0	0	0	0	0
A	BL	20	106	1	2	BA1652	24397	7	0	0	0	0	0	0	0	1	0	0
A	BL	20	106	1	2	BA1652	24398	7	8	2	0	1	0	0	0	0	0	0
A	BL	20	106	1	2	BA1652	24408	8	7	0	0	0	0	0	0	0	0	0
A	BL	20	106	1	2	BA1652	24418	7	0	0	0	0	0	0	0	1	0	0
A	BL	20	106	1	2	BA1652	24454	7	8	2	0	1	0	0	0	0	0	0
A	BL	20	106	1	2	BA1652	24458	8	0	0	0	0	0	0	0	1	0	0
A	BL	20	106	1	2	BA1652	24461	8	0	0	0	1	0	0	0	0	0	0
A	BL	20	106	1	2	BA1652	24464	8	7	0	0	0	0	0	0	0	0	0
A	BL	20	106	1	2	BA1652	24502	7	0	0	0	0	0	0	0	1	0	0
A	BL	20	106	1	2	BA1652	24508	7	8	2	0	1	0	0	0	0	0	0
A	BL	20	106	1	2	BA1652	24518	8	7	0	0	0	0	0	0	0	0	0
A	BL	20	106	1	2	BA1652	24527	7	0	0	0	0	0	0	0	1	0	0
A	BL	20	106	1	2	BA1652	24532	7	8	2	0	1	0	0	0	0	0	0
A	BL	20	106	1	2	BA1652	24542	8	7	0	0	0	0	0	0	0	0	0
A	BL	20	106	1	2	BA1652	24559	7	0	0	0	0	0	0	0	1	0	0
A	BL	20	106	1	2	BA1652	24570	7	8	2	0	1	0	0	0	0	0	0
A	BL	20	106	1	2	BA1652	24573	8	0	0	0	0	0	0	0	1	0	0
A	BL	20	106	1	2	BA1652	24579	8	0	0	0	1	0	0	0	0	0	0
A	BL	20	106	1	2	BA1652	24580	8	7	0	0	0	0	0	0	0	0	0
A	BL	20	106	1	2	BA1652	24605	7	0	0	0	0	0	0	0	1	0	0
A	BL	20	106	1	2	BA1652	24606	7	8	2	0	1	0	0	0	0	0	0
A	BL	20	106	1	2	BA1652	24609	8	0	0	0	0	0	0	0	1	0	0
A	BL	20	106	1	2	BA1652	24611	8	0	0	0	1	0	0	0	0	0	0
A	BL	20	106	1	2	BA1652	24615	8	0	0	0	0	0	0	0	1	0	0
A	BL	20	106	1	2	BA1652	24616	8	7	0	0	0	0	0	0	0	0	0
A	BL	20	106	1	2	BA1652	24668	7	8	2	0	1	0	0	0	0	0	0
A	BL	20	106	1	2	BA1652	24678	8	7	0	0	0	0	0	0	0	0	0
A	BL	20	106	1	2	BA1652	24707	7	0	0	0	0	0	0	0	1	0	0
A	BL	20	106	1	2	BA1652	24761	7	8	2	0	1	0	0	0	0	0	0
A	BL	20	106	1	2	BA1652	24765	8	0	0	0	0	0	0	0	1	0	0
A	BL	20	106	1	2	BA1652	24769	8	0	0	0	1	0	0	0	0	0	0
A	BL	20	106	1	2	BA1652	24771	8	7	0	0	0	0	0	0	0	0	0
A	BL	20	106	1	2	BA1652	24773	7	0	0	0	0	0	0	0	1	0	0
A	BL	20	106	1	2	BA1652	24778	7	8	2	0	1	0	0	0	0	0	0
A	BL	20	106	1	2	BA1652	24780	8	0	0	0	0	0	0	0	1	0	0
A	BL	20	106	1	2	BA1652	24783	8	0	0	0	1	0	0	0	0	0	0
A	BL	20	106	1	2	BA1652	24788	8	7	0	0	0	0	0	0	0	0	0
A	BL	20	106	1	2	BA1652	24837	7	0	0	0	0	0	0	0	1	0	0
A	BL	20	106	1	2	BA1652	24844	7	8	2	0	1	0	0	0	0	0	0
A	BL	20	106	1	2	BA1652	24846	8	0	0	0	0	0	0	0	1	0	0
A	BL	20	106	1	2	BA1652	24848	8	0	0	0	1	0	0	0	0	0	0
A	BL	20	106	1	2	BA1652	24854	8	7	0	0	0	0	0	0	1	0	0
A	BL	20	106	1	2	BA1652	24855	7	8	2	0	1	0	0	0	0	0	0
A	BL	20	106	1	2	BA1652	24863	8	0	0	0	0	0	0	0	1	0	0
A	BL	20	106	1	2	BA1652	24865	8	7	0	0	0	0	0	0	0	0	0
A	BL	20	106	1	2	BA1652	24867	7	8	2	0	1	0	0	0	0	0	0
A	BL	20	106	1	2	BA1652	24877	8	7	0	0	0	0	0	0	0	0	0
A	BL	20	106	1	2	BA1652	24885	7	0	0	0	0	0	0	0	1	0	0
A	BL	20	106	1	2	BA1652	24911	7	8	2	0	1	0	0	0	0	0	0
A	BL	20	106	1	2	BA1652	24921	8	7	0	0	0	0	0	0	0	0	0
A	BL	20	106	1	2	BA1652	24927	7	0	0	0	0	0	0	0	1	0	0
A	BL	20	106	1	2	BA1652	24938	7	8	2	0	1	0	0	0	0	0	0
A	BL	20	106	1	2	BA1652	24948	8	7	0	0	0	0	0	0	0	0	0
A	BL	20	106	1	2	BA1652	24963	7	0	0	0	0	0	0	0	1	0	0
A	BL	20	106	1	2	BA1652	24967	7	8	2	0	1	0	0	0	0	0	0
A	BL	20	106	1	2	BA1652	24977	8	9	0	0	0	0	0	0	1	0	0
A	BL	20	106	1	2	BA1652	24987	9	10	0	0	0	0	0	0	0	0	0
A	BL	20	106	1	2	BA1652	25062	10	2	0	0	0	0	0	0	0	0	0
A	BL	20	106	1	2	BA1652	25063	2	3	0	0	0	0	0	0	0	0	0
A	BL	20	106	1	2	BA1652	25153	3	5	1	1	0	0	0	0	0	0	0
A	BL	20	106	1	2	BA1652	25158	5	0	0	0	0	0	0	1	0	0	0
A	BL	20	106	1	2	BA1652	25160	5	0	0	1	0	0	0	0	0	0	0
A	BL	20	106	1	2	BA1652	25163	5	4	0	0	0	0	0	0	0	0	0
A	BL	20	106	1	2	BA1652	25168	4	0	0	0	0	0	0	1	0	0	0
A	BL	20	106	1	2	BA1652	25169	4	5	1	1	0	0	0	0	0	0	0
A	BL	20	106	1	2	BA1652	25179	5	4	0	0	0	0	0	1	0	0	0
A	BL	20	106	1	2	BA1652	25187	4	5	1	1	0	0	0	0	0	0	0
A	BL	20	106	1	2	BA1652	25192	5	0	0	0	0	0	0	1	0	0	0
A	BL	20	106	1	2	BA1652	25195	5	0	0	1	0	0	0	0	0	0	0
A	BL	20	106	1	2	BA1652	25197	5	4	0	0	0	0	0	0	0	0	0
A	BL	20	106	1	2	BA1652	25200	4	0	0	0	0	0	0	1	0	0	0
A	BL	20	106	1	2	BA1652	25224	4	5	1	1	0	0	0	0	0	0	0
A	BL	20	106	1	2	BA1652	25231	5	0	0	0	0	0	0	1	0	0	0
A	BL	20	106	1	2	BA1652	25232	5	0	0	1	0	0	0	0	0	0	0
A	BL	20	106	1	2	BA1652	25234	5	4	0	0	0	0	0	1	0	0	0
A	BL	20	106	1	2	BA1652	25235	4	5	1	1	0	0	0	0	0	0	0
A	BL	20	106	1	2	BA1652	25241	5	0	0	0	0	0	0	1	0	0	0
A	BL	20	106	1	2	BA1652	25242	5	0	0	1	0	0	0	0	0	0	0
A	BL	20	106	1	2	BA1652	25245	5	9	0	0	0	0	0	0	0	0	0
A	BL	20	106	1	2	BA1652	25252	9	0	0	0	0	0	0	1	0	0	0
A	BL	20	106	1	2	BA1652	25255	9	10	0	0	0	0	0	0	0	0	0
A	BL	20	106	1	2	BA1652	25330	10	2	0	0	0	0	0	0	0	0	0
A	BL	20	106	1	2	BA1652	25331	2	3	0	0	0	0	0	0	0	0	0
A	BL	20	106	1	2	BA1652	25390	3	5	1	1	0	0	0	0	0	0	0
A	BL	20	106	1	2	BA1652	25400	5	4	0	0	0	0	0	0	0	0	0
A	BL	20	106	1	2	BA1652	25402	4	0	0	0	0	0	0	1	0	0	0
A	BL	20	106	1	2	BA1652	25405	4	5	1	1	0	0	0	0	0	0	0
A	BL	20	106	1	2	BA1652	25415	5	4	0	0	0	0	0	0	0	0	0
A	BL	20	106	1	2	BA1652	25419	4	0	0	0	0	0	0	1	0	0	0
A	BL	20	106	1	2	BA1652	25424	4	5	1	1	0	0	0	0	0	0	0
A	BL	20	106	1	2	BA1652	25434	5	4	0	0	0	0	0	1	0	0	0
A	BL	20	106	1	2	BA1652	25445	4	5	1	1	0	0	0	0	0	0	0
A	BL	20	106	1	2	BA1652	25455	5	4	0	0	0	0	0	0	0	0	0
A	BL	20	106	1	2	BA1652	25471	4	0	0	0	0	0	0	1	0	0	0
A	BL	20	106	1	2	BA1652	25481	4	5	1	1	0	0	0	0	0	0	0
A	BL	20	106	1	2	BA1652	25491	5	9	0	0	0	0	0	0	0	0	0
A	BL	20	106	1	2	BA1652	25494	9	0	0	0	0	0	0	1	0	0	0
A	BL	20	106	1	2	BA1652	25499	9	0	0	1	0	0	0	0	0	0	0
A	BL	20	106	1	2	BA1652	25501	9	10	0	0	0	0	0	1	0	0	0
A	BL	20	106	1	2	BA1652	25576	10	2	0	0	0	0	0	0	0	0	0
A	BL	20	106	1	2	BA1652	25577	2	3	0	0	0	0	0	0	0	0	0
A	BL	20	106	1	2	BA1652	25661	3	5	1	1	0	0	0	0	0	0	0
A	BL	20	106	1	2	BA1652	25671	5	4	0	0	0	0	0	0	0	0	0
A	BL	20	106	1	2	BA1652	25687	4	0	0	0	0	0	0	1	0	0	0
A	BL	20	106	1	2	BA1652	25690	4	5	1	1	0	0	0	0	0	0	0
A	BL	20	106	1	2	BA1652	25696	5	0	0	0	0	0	0	1	0	0	0
A	BL	20	106	1	2	BA1652	25700	5	4	0	0	0	0	0	0	0	0	0
A	BL	20	106	1	2	BA1652	25701	4	5	1	1	0	0	0	0	0	0	0
A	BL	20	106	1	2	BA1652	25711	5	4	0	0	0	0	0	1	0	0	0
A	BL	20	106	1	2	BA1652	25749	4	5	1	1	0	0	0	0	0	0	0
A	BL	20	106	1	2	BA1652	25758	5	0	0	0	0	0	0	1	0	0	0
A	BL	20	106	1	2	BA1652	25759	5	4	0	0	0	0	0	0	0	0	0
A	BL	20	106	1	2	BA1652	25776	4	5	1	1	0	0	0	0	0	0	0
A	BL	20	106	1	2	BA1652	25786	5	9	0	0	0	0	0	0	0	0	0
A	BL	20	106	1	2	BA1652	25788	9	0	0	0	0	0	0	1	0	0	0
A	BL	20	106	1	2	BA1652	25796	9	10	0	0	0	0	0	0	0	0	0
A	BL	20	106	1	2	BA1652	25871	10	2	0	0	0	0	0	0	0	0	0
A	BL	20	106	1	2	BA1652	25872	2	6	0	0	0	0	0	0	0	0	0
A	BL	20	106	1	2	BA1652	26434	6	8	2	0	1	0	0	0	0	0	0
A	BL	20	106	1	2	BA1652	26444	8	7	0	0	0	0	0	0	0	0	0
A	BL	20	106	1	2	BA1652	26451	7	0	0	0	0	0	0	0	1	0	0
A	BL	20	106	1	2	BA1652	31709	7	8	2	0	1	0	0	0	0	0	0
A	BL	20	106	1	2	BA1652	31712	8	0	0	0	0	0	0	0	1	0	0
A	BL	20	106	1	2	BA1652	31719	8	7	0	0	0	0	0	0	0	0	0
A	BL	20	106	1	2	BA1652	31792	7	8	2	0	1	0	0	0	0	0	0
A	BL	20	106	1	2	BA1652	31801	8	0	0	0	0	0	0	0	1	0	0
A	BL	20	106	1	2	BA1652	31802	8	7	0	0	0	0	0	0	0	0	0
A	BL	20	106	1	2	BA1652	31831	7	8	2	0	1	0	0	0	0	0	0
A	BL	20	106	1	2	BA1652	31839	8	0	0	0	0	0	0	0	1	0	0
A	BL	20	106	1	2	BA1652	31841	8	7	0	0	0	0	0	0	0	0	0
A	BL	20	106	1	2	BA1652	31853	7	8	2	0	1	0	0	0	0	0	0
A	BL	20	106	1	2	BA1652	31863	8	7	0	0	0	0	0	0	0	0	0
A	BL	20	106	1	2	BA1652	31866	7	0	0	0	0	0	0	0	1	0	0
A	BL	20	106	1	2	BA1652	31946	7	8	2	0	1	0	0	0	0	0	0
A	BL	20	106	1	2	BA1652	31956	8	7	0	0	0	0	0	0	0	0	0
A	BL	20	106	1	2	BA1652	31986	7	0	0	0	0	0	0	0	1	0	0
A	BL	20	106	1	2	BA1652	31989	7	8	2	0	1	0	0	0	0	0	0
A	BL	20	106	1	2	BA1652	31999	8	7	0	0	0	0	0	0	0	0	0
A	BL	20	106	1	2	BA1652	32006	7	0	0	0	0	0	0	0	1	0	0
A	BL	20	106	1	2	BA1652	32033	7	8	2	0	1	0	0	0	0	0	0
A	BL	20	106	1	2	BA1652	32043	8	7	0	0	0	0	0	0	0	0	0
A	BL	20	106	1	2	BA1652	32049	7	0	0	0	0	0	0	0	1	0	0
A	BL	20	106	1	2	BA1652	32075	7	8	2	0	1	0	0	0	0	0	0
A	BL	20	106	1	2	BA1652	32085	8	7	0	0	0	0	0	0	0	0	0
A	BL	20	106	1	2	BA1652	32108	7	0	0	0	0	0	0	0	1	0	0
A	BL	20	106	1	2	BA1652	32131	7	8	2	0	1	0	0	0	0	0	0
A	BL	20	106	1	2	BA1652	32141	8	7	0	0	0	0	0	0	0	0	0
A	BL	20	106	1	2	BA1652	32158	7	0	0	0	0	0	0	0	1	0	0
A	BL	20	106	1	2	BA1652	32180	7	8	2	0	1	0	0	0	0	0	0
A	BL	20	106	1	2	BA1652	32190	8	7	0	0	0	0	0	0	0	0	0
A	BL	20	106	1	2	BA1652	32196	7	0	0	0	0	0	0	0	1	0	0
A	BL	20	106	1	2	BA1652	32201	7	8	2	0	1	0	0	0	0	0	0
A	BL	20	106	1	2	BA1652	32211	8	7	0	0	0	0	0	0	0	0	0
A	BL	20	106	1	2	BA1652	32224	7	0	0	0	0	0	0	0	1	0	0
A	BL	20	106	1	2	BA1652	32364	7	8	2	0	1	0	0	0	0	0	0
A	BL	20	106	1	2	BA1652	32372	8	0	0	0	0	0	0	0	1	0	0
A	BL	20	106	1	2	BA1652	32374	8	7	0	0	0	0	0	0	0	0	0
A	BL	20	106	1	2	BA1652	32434	7	8	2	0	1	0	0	0	0	0	0
A	BL	20	106	1	2	BA1652	32437	8	0	0	0	0	0	0	0	1	0	0
A	BL	20	106	1	2	BA1652	32440	8	0	0	0	1	0	0	0	0	0	0
A	BL	20	106	1	2	BA1652	32444	8	7	0	0	0	0	0	0	0	0	0
A	BL	20	106	1	2	BA1652	32460	7	0	0	0	0	0	0	0	1	0	0
A	BL	20	106	1	2	BA1652	32536	7	8	2	0	1	0	0	0	0	0	0
A	BL	20	106	1	2	BA1652	32542	8	0	0	0	0	0	0	0	1	0	0
A	BL	20	106	1	2	BA1652	32545	8	0	0	0	1	0	0	0	0	0	0
A	BL	20	106	1	2	BA1652	32546	8	7	0	0	0	0	0	0	0	0	0
A	BL	20	106	1	2	BA1652	32556	7	0	0	0	0	0	0	0	1	0	0
A	BL	20	106	1	2	BA1652	32557	7	8	2	0	1	0	0	0	0	0	0
A	BL	20	106	1	2	BA1652	32558	8	0	0	0	0	0	0	0	1	0	0
A	BL	20	106	1	2	BA1652	32560	8	0	0	0	1	0	0	0	0	0	0
A	BL	20	106	1	2	BA1652	32567	8	7	0	0	0	0	0	0	0	0	0
A	BL	20	106	1	2	BA1652	32589	7	0	0	0	0	0	0	0	1	0	0
A	BL	20	106	1	2	BA1652	32646	7	8	2	0	1	0	0	0	0	0	0
A	BL	20	106	1	2	BA1652	32656	8	7	0	0	0	0	0	0	0	0	0
A	BL	20	106	1	2	BA1652	32661	7	0	0	0	0	0	0	0	1	0	0
A	BL	20	106	1	2	BA1652	32664	7	8	2	0	1	0	0	0	0	0	0
A	BL	20	106	1	2	BA1652	32670	8	0	0	0	0	0	0	0	1	0	0
A	BL	20	106	1	2	BA1652	32672	8	0	0	0	1	0	0	0	0	0	0
A	BL	20	106	1	2	BA1652	32674	8	7	0	0	0	0	0	0	0	0	0
A	BL	20	106	1	2	BA1652	32688	7	0	0	0	0	0	0	0	1	0	0
A	BL	20	106	1	2	BA1652	32733	7	8	2	0	1	0	0	0	0	0	0
A	BL	20	106	1	2	BA1652	32743	8	7	0	0	0	0	0	0	0	0	0
A	BL	20	106	1	2	BA1652	32745	7	0	0	0	0	0	0	0	1	0	0
A	BL	20	106	1	2	BA1652	32751	7	8	2	0	1	0	0	0	0	0	0
A	BL	20	106	1	2	BA1652	32761	8	9	0	0	0	0	0	0	0	0	0
A	BL	20	106	1	2	BA1652	32771	9	10	0	0	0	0	0	0	1	0	0
A	BL	20	106	1	2	BA1652	32846	10	2	0	0	0	0	0	0	0	0	0
A	BL	20	106	1	2	BA1652	32847	2	6	0	0	0	0	0	0	0	0	0
A	BL	20	106	1	2	BA1652	33101	6	8	2	0	1	0	0	0	0	0	0
A	BL	20	106	1	2	BA1652	33111	8	7	0	0	0	0	0	0	0	0	0
A	BL	20	106	1	2	BA1652	33140	7	0	0	0	0	0	0	0	1	0	0
A	BL	20	106	1	2	BA1652	33146	7	8	2	0	1	0	0	0	0	0	0
A	BL	20	106	1	2	BA1652	33156	8	7	0	0	0	0	0	0	0	0	0
A	BL	20	106	1	2	BA1652	33160	7	0	0	0	0	0	0	0	1	0	0
A	BL	20	106	1	2	BA1652	33184	7	8	2	0	1	0	0	0	0	0	0
A	BL	20	106	1	2	BA1652	33194	8	7	0	0	0	0	0	0	0	0	0
A	BL	20	106	1	2	BA1652	33206	7	0	0	0	0	0	0	0	1	0	0
A	BL	20	106	1	2	BA1652	33212	7	8	2	0	1	0	0	0	0	0	0
A	BL	20	106	1	2	BA1652	33222	8	7	0	0	0	0	0	0	0	0	0
A	BL	20	106	1	2	BA1652	33233	7	0	0	0	0	0	0	0	1	0	0
A	BL	20	106	1	2	BA1652	33248	7	8	2	0	1	0	0	0	0	0	0
A	BL	20	106	1	2	BA1652	33252	8	0	0	0	0	0	0	0	1	0	0
A	BL	20	106	1	2	BA1652	33258	8	7	0	0	0	0	0	0	0	0	0
A	BL	20	106	1	2	BA1652	33279	7	8	2	0	1	0	0	0	0	0	0
A	BL	20	106	1	2	BA1652	33289	8	7	0	0	0	0	0	0	1	0	0
A	BL	20	106	1	2	BA1652	33324	7	8	2	0	1	0	0	0	0	0	0
A	BL	20	106	1	2	BA1652	33334	8	7	0	0	0	0	0	0	0	0	0
A	BL	20	106	1	2	BA1652	33337	7	0	0	0	0	0	0	0	1	0	0
A	BL	20	106	1	2	BA1652	33375	7	8	2	0	1	0	0	0	0	0	0
A	BL	20	106	1	2	BA1652	33385	8	7	0	0	0	0	0	0	0	0	0
A	BL	20	106	1	2	BA1652	33387	7	0	0	0	0	0	0	0	1	0	0
A	BL	20	106	1	2	BA1652	33419	7	8	2	0	1	0	0	0	0	0	0
A	BL	20	106	1	2	BA1652	33429	8	7	0	0	0	0	0	0	0	0	0
A	BL	20	106	1	2	BA1652	33432	7	0	0	0	0	0	0	0	1	0	0
A	BL	20	106	1	2	BA1652	33442	7	8	2	0	1	0	0	0	0	0	0
A	BL	20	106	1	2	BA1652	33452	8	7	0	0	0	0	0	0	1	0	0
A	BL	20	106	1	2	BA1652	33458	7	8	2	0	1	0	0	0	0	0	0
A	BL	20	106	1	2	BA1652	33463	8	0	0	0	0	0	0	0	1	0	0
A	BL	20	106	1	2	BA1652	33468	8	7	0	0	0	0	0	0	0	0	0
A	BL	20	106	1	2	BA1652	33484	7	8	2	0	1	0	0	0	0	0	0
A	BL	20	106	1	2	BA1652	33486	8	0	0	0	0	0	0	0	1	0	0
A	BL	20	106	1	2	BA1652	33490	8	0	0	0	1	0	0	0	0	0	0
A	BL	20	106	1	2	BA1652	33494	8	7	0	0	0	0	0	0	0	0	0
A	BL	20	106	1	2	BA1652	33500	7	0	0	0	0	0	0	0	1	0	0
A	BL	20	106	1	2	BA1652	33506	7	8	2	0	1	0	0	0	0	0	0
A	BL	20	106	1	2	BA1652	33516	8	7	0	0	0	0	0	0	0	0	0
A	BL	20	106	1	2	BA1652	33524	7	0	0	0	0	0	0	0	1	0	0
A	BL	20	106	1	2	BA1652	33550	7	8	2	0	1	0	0	0	0	0	0
A	BL	20	106	1	2	BA1652	33556	8	0	0	0	0	0	0	0	1	0	0
A	BL	20	106	1	2	BA1652	33560	8	7	0	0	0	0	0	0	0	0	0
A	BL	20	106	1	2	BA1652	33616	7	8	2	0	1	0	0	0	0	0	0
A	BL	20	106	1	2	BA1652	33619	8	0	0	0	0	0	0	0	1	0	0
A	BL	20	106	1	2	BA1652	33626	8	7	0	0	0	0	0	0	0	0	0
A	BL	20	106	1	2	BA1652	33642	7	8	2	0	1	0	0	0	0	0	0
A	BL	20	106	1	2	BA1652	33645	8	0	0	0	0	0	0	0	1	0	0
A	BL	20	106	1	2	BA1652	33650	8	0	0	0	1	0	0	0	0	0	0
A	BL	20	106	1	2	BA1652	33651	8	0	0	0	0	0	0	0	1	0	0
A	BL	20	106	1	2	BA1652	33652	8	7	0	0	1	0	0	0	0	0	0
A	BL	20	106	1	2	BA1652	33694	7	0	0	0	0	0	0	0	1	0	0
A	BL	20	106	1	2	BA1652	33731	7	8	2	0	1	0	0	0	0	0	0
A	BL	20	106	1	2	BA1652	33733	8	0	0	0	0	0	0	0	1	0	0
A	BL	20	106	1	2	BA1652	33741	8	7	0	0	0	0	0	0	0	0	0
A	BL	20	106	1	2	BA1652	33743	7	8	2	0	1	0	0	0	0	0	0
A	BL	20	106	1	2	BA1652	33748	8	0	0	0	0	0	0	0	1	0	0
A	BL	20	106	1	2	BA1652	33750	8	0	0	0	1	0	0	0	0	0	0
A	BL	20	106	1	2	BA1652	33753	8	7	0	0	0	0	0	0	0	0	0
A	BL	20	106	1	2	BA1652	33767	7	0	0	0	0	0	0	0	1	0	0
A	BL	20	106	1	2	BA1652	33776	7	8	2	0	1	0	0	0	0	0	0
A	BL	20	106	1	2	BA1652	33777	8	0	0	0	0	0	0	0	1	0	0
A	BL	20	106	1	2	BA1652	33783	8	0	0	0	1	0	0	0	0	0	0
A	BL	20	106	1	2	BA1652	33784	8	0	0	0	0	0	0	0	1	0	0
A	BL	20	106	1	2	BA1652	33786	8	7	0	0	0	0	0	0	0	0	0
A	BL	20	106	1	2	BA1652	33826	7	8	2	0	1	0	0	0	0	0	0
A	BL	20	106	1	2	BA1652	33836	8	9	0	0	0	0	0	0	0	0	0
A	BL	20	106	1	2	BA1652	33843	9	0	0	0	0	0	0	0	1	0	0
A	BL	20	106	1	2	BA1652	33846	9	10	0	0	0	0	0	0	0	0	0
A	BL	20	106	1	2	BA1652	33921	10	2	0	0	0	0	0	0	0	0	0
A	BL	20	106	1	2	BA1652	33922	2	6	0	0	0	0	0	0	0	0	0
A	BL	20	106	1	2	BA1652	34122	6	8	2	0	1	0	0	0	0	0	0
A	BL	20	106	1	2	BA1652	34132	8	7	0	0	0	0	0	0	0	0	0
A	BL	20	106	1	2	BA1652	34134	7	0	0	0	0	0	0	0	1	0	0
A	BL	20	106	1	2	BA1652	34148	7	8	2	0	1	0	0	0	0	0	0
A	BL	20	106	1	2	BA1652	34154	8	0	0	0	0	0	0	0	1	0	0
A	BL	20	106	1	2	BA1652	34158	8	7	0	0	0	0	0	0	0	0	0
A	BL	20	106	1	2	BA1652	34174	7	8	2	0	1	0	0	0	0	0	0
A	BL	20	106	1	2	BA1652	34180	8	0	0	0	0	0	0	0	1	0	0
A	BL	20	106	1	2	BA1652	34184	8	7	0	0	0	0	0	0	0	0	0
A	BL	20	106	1	2	BA1652	34198	7	8	2	0	1	0	0	0	0	0	0
A	BL	20	106	1	2	BA1652	34202	8	0	0	0	0	0	0	0	1	0	0
A	BL	20	106	1	2	BA1652	34206	8	0	0	0	1	0	0	0	0	0	0
A	BL	20	106	1	2	BA1652	34208	8	7	0	0	0	0	0	0	0	0	0
A	BL	20	106	1	2	BA1652	34225	7	0	0	0	0	0	0	0	1	0	0
A	BL	20	106	1	2	BA1652	34230	7	8	2	0	1	0	0	0	0	0	0
A	BL	20	106	1	2	BA1652	34240	8	7	0	0	0	0	0	0	0	0	0
A	BL	20	106	1	2	BA1652	34256	7	0	0	0	0	0	0	0	1	0	0
A	BL	20	106	1	2	BA1652	34274	7	8	2	0	1	0	0	0	0	0	0
A	BL	20	106	1	2	BA1652	34284	8	7	0	0	1	0	0	0	1	0	0
A	BL	20	106	1	2	BA1652	34287	7	0	0	0	0	0	0	0	1	0	0
A	BL	20	106	1	2	BA1652	34314	7	8	2	0	1	0	0	0	0	0	0
A	BL	20	106	1	2	BA1652	34324	8	7	0	0	0	0	0	0	0	0	0
A	BL	20	106	1	2	BA1652	34345	7	0	0	0	0	0	0	0	1	0	0
A	BL	20	106	1	2	BA1652	34350	7	8	2	0	1	0	0	0	0	0	0
A	BL	20	106	1	2	BA1652	34352	8	0	0	0	0	0	0	0	1	0	0
A	BL	20	106	1	2	BA1652	34360	8	7	0	0	0	0	0	0	0	0	0
A	BL	20	106	1	2	BA1652	34377	7	8	2	0	1	0	0	0	0	0	0
A	BL	20	106	1	2	BA1652	34387	8	7	0	0	0	0	0	0	0	0	0
A	BL	20	106	1	2	BA1652	34402	7	0	0	0	0	0	0	0	1	0	0
A	BL	20	106	1	2	BA1652	34407	7	8	2	0	1	0	0	0	0	0	0
A	BL	20	106	1	2	BA1652	34417	8	7	0	0	0	0	0	0	0	0	0
A	BL	20	106	1	2	BA1652	34434	7	0	0	0	0	0	0	0	1	0	0
A	BL	20	106	1	2	BA1652	34435	7	8	2	0	1	0	0	0	0	0	0
A	BL	20	106	1	2	BA1652	34445	8	7	0	0	0	0	0	0	0	0	0
A	BL	20	106	1	2	BA1652	34475	7	0	0	0	0	0	0	0	1	0	0
A	BL	20	106	1	2	BA1652	34476	7	8	2	0	1	0	0	0	0	0	0
A	BL	20	106	1	2	BA1652	34477	8	0	0	0	0	0	0	0	1	0	0
A	BL	20	106	1	2	BA1652	34478	8	0	0	0	1	0	0	0	0	0	0
A	BL	20	106	1	2	BA1652	34483	8	0	0	0	0	0	0	0	1	0	0
A	BL	20	106	1	2	BA1652	34486	8	7	0	0	0	0	0	0	0	0	0
A	BL	20	106	1	2	BA1652	34501	7	8	2	0	1	0	0	0	0	0	0
A	BL	20	106	1	2	BA1652	34511	8	7	0	0	0	0	0	0	0	0	0
A	BL	20	106	1	2	BA1652	34525	7	0	0	0	0	0	0	0	1	0	0
A	BL	20	106	1	2	BA1652	34579	7	8	2	0	1	0	0	0	0	0	0
A	BL	20	106	1	2	BA1652	34582	8	0	0	0	0	0	0	0	1	0	0
A	BL	20	106	1	2	BA1652	34586	8	0	0	0	1	0	0	0	0	0	0
A	BL	20	106	1	2	BA1652	34589	8	7	0	0	0	0	0	0	0	0	0
A	BL	20	106	1	2	BA1652	34604	7	0	0	0	0	0	0	0	1	0	0
A	BL	20	106	1	2	BA1652	34619	7	8	2	0	1	0	0	0	0	0	0
A	BL	20	106	1	2	BA1652	34629	8	7	0	0	0	0	0	0	0	0	0
A	BL	20	106	1	2	BA1652	34630	7	0	0	0	0	0	0	0	1	0	0
A	BL	20	106	1	2	BA1652	34636	7	8	2	0	1	0	0	0	0	0	0
A	BL	20	106	1	2	BA1652	34642	8	0	0	0	0	0	0	0	1	0	0
A	BL	20	106	1	2	BA1652	34644	8	0	0	0	1	0	0	0	0	0	0
A	BL	20	106	1	2	BA1652	34646	8	7	0	0	0	0	0	0	0	0	0
A	BL	20	106	1	2	BA1652	34649	7	0	0	0	0	0	0	0	1	0	0
A	BL	20	106	1	2	BA1652	34650	7	8	2	0	1	0	0	0	0	0	0
A	BL	20	106	1	2	BA1652	34660	8	7	0	0	0	0	0	0	0	0	0
A	BL	20	106	1	2	BA1652	34666	7	0	0	0	0	0	0	0	1	0	0
A	BL	20	106	1	2	BA1652	34670	7	8	2	0	1	0	0	0	0	0	0
A	BL	20	106	1	2	BA1652	34674	8	0	0	0	0	0	0	0	1	0	0
A	BL	20	106	1	2	BA1652	34680	8	7	0	0	1	0	0	0	0	0	0
A	BL	20	106	1	2	BA1652	34698	7	0	0	0	0	0	0	0	1	0	0
A	BL	20	106	1	2	BA1652	34719	7	8	2	0	1	0	0	0	0	0	0
A	BL	20	106	1	2	BA1652	34729	8	7	0	0	0	0	0	0	0	0	0
A	BL	20	106	1	2	BA1652	34739	7	0	0	0	0	0	0	0	1	0	0
A	BL	20	106	1	2	BA1652	34745	7	8	2	0	1	0	0	0	0	0	0
A	BL	20	106	1	2	BA1652	34755	8	9	0	0	0	0	0	0	1	0	0
A	BL	20	106	1	2	BA1652	34765	9	10	0	0	0	0	0	0	0	0	0
A	BL	20	106	1	2	BA1652	34840	10	2	0	0	0	0	0	0	0	0	0
A	BL	20	106	1	2	BA1652	34841	2	3	0	0	0	0	0	0	0	0	0
A	BL	20	106	1	2	BA1652	34935	3	5	1	1	0	0	0	0	0	0	0
A	BL	20	106	1	2	BA1652	34939	5	0	0	0	0	0	0	1	0	0	0
A	BL	20	106	1	2	BA1652	34945	5	4	0	0	0	0	0	0	0	0	0
A	BL	20	106	1	2	BA1652	34947	4	5	1	1	0	0	0	0	0	0	0
A	BL	20	106	1	2	BA1652	34954	5	0	0	0	0	0	0	1	0	0	0
A	BL	20	106	1	2	BA1652	34957	5	4	0	0	0	0	0	0	0	0	0
A	BL	20	106	1	2	BA1652	34959	4	5	1	1	0	0	0	0	0	0	0
A	BL	20	106	1	2	BA1652	34969	5	4	0	0	0	0	0	0	0	0	0
A	BL	20	106	1	2	BA1652	34970	4	0	0	0	0	0	0	1	0	0	0
A	BL	20	106	1	2	BA1652	34977	4	5	1	1	0	0	0	0	0	0	0
A	BL	20	106	1	2	BA1652	34983	5	0	0	0	0	0	0	1	0	0	0
A	BL	20	106	1	2	BA1652	34986	5	0	0	1	0	0	0	0	0	0	0
A	BL	20	106	1	2	BA1652	34987	5	4	0	0	0	0	0	0	0	0	0
A	BL	20	106	1	2	BA1652	34996	4	0	0	0	0	0	0	1	0	0	0
A	BL	20	106	1	2	BA1652	35003	4	5	1	1	0	0	0	0	0	0	0
A	BL	20	106	1	2	BA1652	35006	5	0	0	0	0	0	0	1	0	0	0
A	BL	20	106	1	2	BA1652	35007	5	0	0	1	0	0	0	0	0	0	0
A	BL	20	106	1	2	BA1652	35013	5	9	0	0	0	0	0	0	0	0	0
A	BL	20	106	1	2	BA1652	35015	9	0	0	0	0	0	0	1	0	0	0
A	BL	20	106	1	2	BA1652	35023	9	10	0	0	0	0	0	0	0	0	0
A	BL	20	106	1	2	BA1652	35098	10	2	0	0	0	0	0	0	0	0	0
A	BL	20	106	1	2	BA1652	35099	2	6	0	0	0	0	0	0	0	0	0
A	BL	20	106	1	2	BA1652	35942	6	0	0	1	0	0	0	0	0	0	0
A	BL	20	106	1	2	BA1652	35966	6	0	0	0	0	0	0	1	0	0	0
A	BL	20	106	1	2	BA1652	36057	6	8	2	0	1	0	0	0	0	0	0
A	BL	20	106	1	2	BA1652	36064	8	0	0	0	0	0	0	0	1	0	0
A	BL	20	106	1	2	BA1652	36067	8	7	0	0	0	0	0	0	0	0	0
A	BL	20	106	1	2	BA1652	36120	7	8	2	0	1	0	0	0	0	0	0
A	BL	20	106	1	2	BA1652	36122	8	0	0	0	0	0	0	0	1	0	0
A	BL	20	106	1	2	BA1652	36130	8	7	0	0	0	0	0	0	0	0	0
A	BL	20	106	1	2	BA1652	36285	7	8	2	0	1	0	0	0	0	0	0
A	BL	20	106	1	2	BA1652	36295	8	7	0	0	0	0	0	0	0	0	0
A	BL	20	106	1	2	BA1652	36299	7	0	0	0	0	0	0	0	1	0	0
A	BL	20	106	1	2	BA1652	36301	7	8	2	0	1	0	0	0	0	0	0
A	BL	20	106	1	2	BA1652	36302	8	0	0	0	0	0	0	0	1	0	0
A	BL	20	106	1	2	BA1652	36311	8	7	0	0	0	0	0	0	0	0	0
A	BL	20	106	1	2	BA1652	36335	7	8	2	0	1	0	0	0	0	0	0
A	BL	20	106	1	2	BA1652	36345	8	7	0	0	0	0	0	0	0	0	0
A	BL	20	106	1	2	BA1652	36350	7	0	0	0	0	0	0	0	1	0	0
A	BL	20	106	1	2	BA1652	36351	7	8	2	0	1	0	0	0	0	0	0
A	BL	20	106	1	2	BA1652	36361	8	7	0	0	0	0	0	0	0	0	0
A	BL	20	106	1	2	BA1652	36384	7	0	0	0	0	0	0	0	1	0	0
A	BL	20	106	1	2	BA1652	36402	7	8	2	0	1	0	0	0	0	0	0
A	BL	20	106	1	2	BA1652	36408	8	0	0	0	0	0	0	0	1	0	0
A	BL	20	106	1	2	BA1652	36411	8	0	0	0	1	0	0	0	0	0	0
A	BL	20	106	1	2	BA1652	36412	8	7	0	0	0	0	0	0	0	0	0
A	BL	20	106	1	2	BA1652	36434	7	0	0	0	0	0	0	0	1	0	0
A	BL	20	106	1	2	BA1652	36494	7	8	2	0	1	0	0	0	0	0	0
A	BL	20	106	1	2	BA1652	36504	8	7	0	0	0	0	0	0	0	0	0
A	BL	20	106	1	2	BA1652	36507	7	0	0	0	0	0	0	0	1	0	0
A	BL	20	106	1	2	BA1652	36512	7	8	2	0	1	0	0	0	0	0	0
A	BL	20	106	1	2	BA1652	36513	8	0	0	0	0	0	0	0	1	0	0
A	BL	20	106	1	2	BA1652	36522	8	7	0	0	0	0	0	0	0	0	0
A	BL	20	106	1	2	BA1652	36538	7	8	2	0	1	0	0	0	0	0	0
A	BL	20	106	1	2	BA1652	36541	8	0	0	0	0	0	0	0	1	0	0
A	BL	20	106	1	2	BA1652	36543	8	0	0	0	1	0	0	0	0	0	0
A	BL	20	106	1	2	BA1652	36545	8	0	0	0	0	0	0	0	1	0	0
A	BL	20	106	1	2	BA1652	36548	8	7	0	0	0	0	0	0	0	0	0
A	BL	20	106	1	2	BA1652	36562	7	8	2	0	1	0	0	0	0	0	0
A	BL	20	106	1	2	BA1652	36566	8	0	0	0	0	0	0	0	1	0	0
A	BL	20	106	1	2	BA1652	36572	8	7	0	0	0	0	0	0	0	0	0
A	BL	20	106	1	2	BA1652	36629	7	8	2	0	1	0	0	0	0	0	0
A	BL	20	106	1	2	BA1652	36639	8	7	0	0	0	0	0	0	0	0	0
A	BL	20	106	1	2	BA1652	36644	7	8	2	0	1	0	0	0	1	0	0
A	BL	20	106	1	2	BA1652	36646	8	0	0	0	0	0	0	0	1	0	0
A	BL	20	106	1	2	BA1652	36647	8	0	0	0	1	0	0	0	0	0	0
A	BL	20	106	1	2	BA1652	36654	8	7	0	0	0	0	0	0	0	0	0
A	BL	20	106	1	2	BA1652	36659	7	0	0	0	0	0	0	0	1	0	0
A	BL	20	106	1	2	BA1652	36669	7	8	2	0	1	0	0	0	0	0	0
A	BL	20	106	1	2	BA1652	36677	8	0	0	0	0	0	0	0	1	0	0
A	BL	20	106	1	2	BA1652	36679	8	7	0	0	0	0	0	0	0	0	0
A	BL	20	106	1	2	BA1652	36701	7	8	2	0	1	0	0	0	0	0	0
A	BL	20	106	1	2	BA1652	36711	8	7	0	0	0	0	0	0	0	0	0
A	BL	20	106	1	2	BA1652	36727	7	0	0	0	0	0	0	0	1	0	0
A	BL	20	106	1	2	BA1652	36732	7	8	2	0	1	0	0	0	0	0	0
A	BL	20	106	1	2	BA1652	36742	8	7	0	0	0	0	0	0	0	0	0
A	BL	20	106	1	2	BA1652	36752	7	0	0	0	0	0	0	0	1	0	0
A	BL	20	106	1	2	BA1652	36763	7	8	2	0	1	0	0	0	0	0	0
A	BL	20	106	1	2	BA1652	36766	8	0	0	0	0	0	0	0	1	0	0
A	BL	20	106	1	2	BA1652	36773	8	7	0	0	0	0	0	0	0	0	0
A	BL	20	106	1	2	BA1652	36805	7	8	2	0	1	0	0	0	0	0	0
A	BL	20	106	1	2	BA1652	36815	8	7	0	0	0	0	0	0	0	0	0
A	BL	20	106	1	2	BA1652	36834	7	0	0	0	0	0	0	0	1	0	0
A	BL	20	106	1	2	BA1652	36839	7	8	2	0	1	0	0	0	0	0	0
A	BL	20	106	1	2	BA1652	36849	8	7	0	0	0	0	0	0	0	0	0
A	BL	20	106	1	2	BA1652	36854	7	0	0	0	0	0	0	0	1	0	0
A	BL	20	106	1	2	BA1652	36858	7	8	2	0	1	0	0	0	0	0	0
A	BL	20	106	1	2	BA1652	36863	8	0	0	0	0	0	0	0	1	0	0
A	BL	20	106	1	2	BA1652	36868	8	9	0	0	0	0	0	0	0	0	0
A	BL	20	106	1	2	BA1652	36878	9	10	0	0	0	0	0	0	0	0	0
A	BL	20	106	1	2	BA1652	36953	10	2	0	0	0	0	0	0	0	0	0
A	BL	20	106	1	2	BA1652	36954	2	3	0	0	0	0	0	0	0	0	0
A	BL	20	106	1	2	BA1652	37082	3	5	1	1	0	0	0	0	0	0	0
A	BL	20	106	1	2	BA1652	37086	5	0	0	0	0	0	0	1	0	0	0
A	BL	20	106	1	2	BA1652	37089	5	0	0	1	0	0	0	0	0	0	0
A	BL	20	106	1	2	BA1652	37092	5	4	0	0	0	0	0	0	0	0	0
A	BL	20	106	1	2	BA1652	37097	4	0	0	0	0	0	0	1	0	0	0
A	BL	20	106	1	2	BA1652	37101	4	5	1	1	0	0	0	0	0	0	0
A	BL	20	106	1	2	BA1652	37105	5	0	0	0	0	0	0	1	0	0	0
A	BL	20	106	1	2	BA1652	37111	5	4	0	0	0	0	0	0	0	0	0
A	BL	20	106	1	2	BA1652	37120	4	5	1	1	0	0	0	0	0	0	0
A	BL	20	106	1	2	BA1652	37130	5	4	0	0	0	0	0	1	0	0	0
A	BL	20	106	1	2	BA1652	37135	4	5	1	1	0	0	0	0	0	0	0
A	BL	20	106	1	2	BA1652	37145	5	4	0	0	0	0	0	0	0	0	0
A	BL	20	106	1	2	BA1652	37169	4	0	0	0	0	0	0	1	0	0	0
A	BL	20	106	1	2	BA1652	37177	4	5	1	1	0	0	0	0	0	0	0
A	BL	20	106	1	2	BA1652	37183	5	0	0	0	0	0	0	1	0	0	0
A	BL	20	106	1	2	BA1652	37187	5	9	0	0	0	0	0	0	0	0	0
A	BL	20	106	1	2	BA1652	37197	9	10	0	0	0	0	0	0	0	0	0
A	BL	20	106	1	2	BA1652	37272	10	2	0	0	0	0	0	0	0	0	0
A	BL	20	106	1	2	BA1652	37273	2	6	0	0	0	0	0	0	0	0	0
A	BL	20	106	1	2	BA1652	37592	6	0	0	1	0	0	0	0	0	0	0
A	BL	20	106	1	2	BA1652	37628	6	0	0	0	0	0	0	1	0	0	0
A	BL	20	106	1	2	BA1652	37697	6	8	2	0	1	0	0	0	0	0	0
A	BL	20	106	1	2	BA1652	37707	8	7	0	0	0	0	0	0	0	0	0
A	BL	20	106	1	2	BA1652	37720	7	0	0	0	0	0	0	0	1	0	0
A	BL	20	106	1	2	BA1652	37899	7	8	2	0	1	0	0	0	1	0	0
A	BL	20	106	1	2	BA1652	37909	8	7	0	0	0	0	0	0	0	0	0
A	BL	20	106	1	2	BA1652	37995	7	8	2	0	1	0	0	0	0	0	0
A	BL	20	106	1	2	BA1652	38003	8	0	0	0	0	0	0	0	1	0	0
A	BL	20	106	1	2	BA1652	38005	8	7	0	0	0	0	0	0	0	0	0
A	BL	20	106	1	2	BA1652	38006	7	8	2	0	1	0	0	0	0	0	0
A	BL	20	106	1	2	BA1652	38009	8	0	0	0	0	0	0	0	1	0	0
A	BL	20	106	1	2	BA1652	38016	8	7	0	0	0	0	0	0	0	0	0
A	BL	20	106	1	2	BA1652	38033	7	8	2	0	1	0	0	0	0	0	0
A	BL	20	106	1	2	BA1652	38035	8	0	0	0	0	0	0	0	1	0	0
A	BL	20	106	1	2	BA1652	38043	8	7	0	0	0	0	0	0	0	0	0
A	BL	20	106	1	2	BA1652	38085	7	8	2	0	1	0	0	0	0	0	0
A	BL	20	106	1	2	BA1652	38095	8	7	0	0	0	0	0	0	0	0	0
A	BL	20	106	1	2	BA1652	38096	7	0	0	0	0	0	0	0	1	0	0
A	BL	20	106	1	2	BA1652	38142	7	8	2	0	1	0	0	0	0	0	0
A	BL	20	106	1	2	BA1652	38152	8	7	0	0	0	0	0	0	0	0	0
A	BL	20	106	1	2	BA1652	38180	7	0	0	0	0	0	0	0	1	0	0
A	BL	20	106	1	2	BA1652	38258	7	8	2	0	1	0	0	0	0	0	0
A	BL	20	106	1	2	BA1652	38261	8	0	0	0	0	0	0	0	1	0	0
A	BL	20	106	1	2	BA1652	38265	8	0	0	0	1	0	0	0	0	0	0
A	BL	20	106	1	2	BA1652	38268	8	7	0	0	0	0	0	0	0	0	0
A	BL	20	106	1	2	BA1652	38281	7	0	0	0	0	0	0	0	1	0	0
A	BL	20	106	1	2	BA1652	38362	7	8	2	0	1	0	0	0	0	0	0
A	BL	20	106	1	2	BA1652	38372	8	7	0	0	0	0	0	0	0	0	0
A	BL	20	106	1	2	BA1652	38378	7	0	0	0	0	0	0	0	1	0	0
A	BL	20	106	1	2	BA1652	38381	7	8	2	0	1	0	0	0	0	0	0
A	BL	20	106	1	2	BA1652	38391	8	7	0	0	0	0	0	0	0	0	0
A	BL	20	106	1	2	BA1652	38394	7	0	0	0	0	0	0	0	1	0	0
A	BL	20	106	1	2	BA1652	38398	7	8	2	0	1	0	0	0	0	0	0
A	BL	20	106	1	2	BA1652	38408	8	7	0	0	0	0	0	0	0	0	0
A	BL	20	106	1	2	BA1652	38426	7	0	0	0	0	0	0	0	1	0	0
A	BL	20	106	1	2	BA1652	38431	7	8	2	0	1	0	0	0	0	0	0
A	BL	20	106	1	2	BA1652	38435	8	0	0	0	0	0	0	0	1	0	0
A	BL	20	106	1	2	BA1652	38437	8	0	0	0	1	0	0	0	0	0	0
A	BL	20	106	1	2	BA1652	38441	8	7	0	0	0	0	0	0	0	0	0
A	BL	20	106	1	2	BA1652	38503	7	0	0	0	0	0	0	0	1	0	0
A	BL	20	106	1	2	BA1652	38517	7	8	2	0	1	0	0	0	0	0	0
A	BL	20	106	1	2	BA1652	38521	8	0	0	0	0	0	0	0	1	0	0
A	BL	20	106	1	2	BA1652	38527	8	7	0	0	0	0	0	0	0	0	0
A	BL	20	106	1	2	BA1652	38530	7	8	2	0	1	0	0	0	0	0	0
A	BL	20	106	1	2	BA1652	38540	8	7	0	0	0	0	0	0	0	0	0
A	BL	20	106	1	2	BA1652	38565	7	0	0	0	0	0	0	0	1	0	0
A	BL	20	106	1	2	BA1652	38580	7	8	2	0	1	0	0	0	0	0	0
A	BL	20	106	1	2	BA1652	38590	8	7	0	0	0	0	0	0	0	0	0
A	BL	20	106	1	2	BA1652	38619	7	0	0	0	0	0	0	0	1	0	0
A	BL	20	106	1	2	BA1652	38625	7	8	2	0	1	0	0	0	0	0	0
A	BL	20	106	1	2	BA1652	38629	8	0	0	0	0	0	0	0	1	0	0
A	BL	20	106	1	2	BA1652	38631	8	0	0	0	1	0	0	0	0	0	0
A	BL	20	106	1	2	BA1652	38633	8	0	0	0	0	0	0	0	1	0	0
A	BL	20	106	1	2	BA1652	38635	8	7	0	0	0	0	0	0	0	0	0
A	BL	20	106	1	2	BA1652	38637	7	8	2	0	1	0	0	0	0	0	0
A	BL	20	106	1	2	BA1652	38641	8	0	0	0	0	0	0	0	1	0	0
A	BL	20	106	1	2	BA1652	38647	8	7	0	0	0	0	0	0	0	0	0
A	BL	20	106	1	2	BA1652	38652	7	8	2	0	1	0	0	0	0	0	0
A	BL	20	106	1	2	BA1652	38662	8	7	0	0	0	0	0	0	0	0	0
A	BL	20	106	1	2	BA1652	38663	7	0	0	0	0	0	0	0	1	0	0
A	BL	20	106	1	2	BA1652	38664	7	8	2	0	1	0	0	0	0	0	0
A	BL	20	106	1	2	BA1652	38671	8	0	0	0	0	0	0	0	1	0	0
A	BL	20	106	1	2	BA1652	38674	8	7	0	0	0	0	0	0	0	0	0
A	BL	20	106	1	2	BA1652	38677	7	8	2	0	1	0	0	0	0	0	0
A	BL	20	106	1	2	BA1652	38687	8	9	0	0	0	0	0	0	1	0	0
A	BL	20	106	1	2	BA1652	38691	9	0	0	0	1	0	0	0	0	0	0
A	BL	20	106	1	2	BA1652	38697	9	10	0	0	0	0	0	0	0	0	0
A	BL	20	106	1	2	BA1652	38704	10	0	0	0	0	0	0	0	1	0	0
A	BL	20	106	1	2	BA1652	38772	10	2	0	0	0	0	0	0	0	0	0
A	BL	20	106	1	2	BA1652	38773	2	3	0	0	0	0	0	0	0	0	0
A	BL	20	106	1	2	BA1652	38897	3	5	1	1	0	0	0	0	0	0	0
A	BL	20	106	1	2	BA1652	38905	5	0	0	1	0	0	0	1	0	0	0
A	BL	20	106	1	2	BA1652	38907	5	4	0	0	0	0	0	0	0	0	0
A	BL	20	106	1	2	BA1652	38915	4	0	0	0	0	0	0	1	0	0	0
A	BL	20	106	1	2	BA1652	38926	4	5	1	1	0	0	0	0	0	0	0
A	BL	20	106	1	2	BA1652	38936	5	4	0	0	0	0	0	0	0	0	0
A	BL	20	106	1	2	BA1652	38938	4	0	0	0	0	0	0	1	0	0	0
A	BL	20	106	1	2	BA1652	38944	4	5	1	1	0	0	0	0	0	0	0
A	BL	20	106	1	2	BA1652	38948	5	0	0	0	0	0	0	1	0	0	0
A	BL	20	106	1	2	BA1652	38954	5	4	0	0	0	0	0	0	0	0	0
A	BL	20	106	1	2	BA1652	38966	4	5	1	1	0	0	0	0	0	0	0
A	BL	20	106	1	2	BA1652	38976	5	4	0	0	0	0	0	0	0	0	0
A	BL	20	106	1	2	BA1652	38982	4	0	0	0	0	0	0	1	0	0	0
A	BL	20	106	1	2	BA1652	38985	4	5	1	1	0	0	0	0	0	0	0
A	BL	20	106	1	2	BA1652	38993	5	0	0	0	0	0	0	1	0	0	0
A	BL	20	106	1	2	BA1652	38995	5	9	0	0	0	0	0	0	0	0	0
A	BL	20	106	1	2	BA1652	38996	9	0	0	1	0	0	0	0	0	0	0
A	BL	20	106	1	2	BA1652	39005	9	10	0	0	0	0	0	0	0	0	0
A	BL	20	106	1	2	BA1652	39006	10	0	0	0	0	0	0	1	0	0	0
A	BL	20	106	1	2	BA1652	39080	10	2	0	0	0	0	0	0	0	0	0
A	BL	20	106	1	2	BA1652	39081	2	3	0	0	0	0	0	0	0	0	0
A	BL	20	106	1	2	BA1652	39183	3	5	1	1	0	0	0	0	0	0	0
A	BL	20	106	1	2	BA1652	39193	5	4	0	0	0	0	0	0	0	0	0
A	BL	20	106	1	2	BA1652	39218	4	0	0	0	0	0	0	1	0	0	0
A	BL	20	106	1	2	BA1652	39222	4	5	1	1	0	0	0	0	0	0	0
A	BL	20	106	1	2	BA1652	39224	5	0	0	0	0	0	0	1	0	0	0
A	BL	20	106	1	2	BA1652	39231	5	0	0	1	0	0	0	0	0	0	0
A	BL	20	106	1	2	BA1652	39232	5	4	0	0	0	0	0	0	0	0	0
A	BL	20	106	1	2	BA1652	39237	4	5	1	1	0	0	0	1	0	0	0
A	BL	20	106	1	2	BA1652	39242	5	0	0	0	0	0	0	1	0	0	0
A	BL	20	106	1	2	BA1652	39243	5	0	0	1	0	0	0	0	0	0	0
A	BL	20	106	1	2	BA1652	39247	5	4	0	0	0	0	0	0	0	0	0
A	BL	20	106	1	2	BA1652	39251	4	0	0	0	0	0	0	1	0	0	0
A	BL	20	106	1	2	BA1652	39273	4	5	1	1	0	0	0	0	0	0	0
A	BL	20	106	1	2	BA1652	39281	5	0	0	0	0	0	0	1	0	0	0
A	BL	20	106	1	2	BA1652	39283	5	4	0	0	0	0	0	0	0	0	0
A	BL	20	106	1	2	BA1652	39284	4	5	1	1	0	0	0	0	0	0	0
A	BL	20	106	1	2	BA1652	39294	5	9	0	0	0	0	0	0	0	0	0
A	BL	20	106	1	2	BA1652	39301	9	0	0	0	0	0	0	1	0	0	0
A	BL	20	106	1	2	BA1652	39304	9	10	0	0	0	0	0	0	0	0	0
A	BL	20	106	1	2	BA1652	39305	10	0	0	1	0	0	0	0	0	0	0
A	BL	20	106	1	2	BA1652	39308	10	0	0	0	0	0	0	1	0	0	0
A	BL	20	106	1	2	BA1652	39379	10	2	0	0	0	0	0	0	0	0	0
A	BL	20	106	1	2	BA1652	39380	2	6	0	0	0	0	0	0	0	0	0
A	BL	20	106	1	2	BA1652	39724	6	8	2	0	1	0	0	0	0	0	0
A	BL	20	106	1	2	BA1652	39734	8	7	0	0	0	0	0	0	0	0	0
A	BL	20	106	1	2	BA1652	39755	7	0	0	0	0	0	0	0	1	0	0
A	BL	20	106	1	2	BA1652	39780	7	8	2	0	1	0	0	0	0	0	0
A	BL	20	106	1	2	BA1652	39790	8	7	0	0	0	0	0	0	0	0	0
A	BL	20	106	1	2	BA1652	39843	7	0	0	0	0	0	0	0	1	0	0
A	BL	20	106	1	2	BA1652	39887	7	8	2	0	1	0	0	0	0	0	0
A	BL	20	106	1	2	BA1652	39897	8	7	0	0	0	0	0	0	0	0	0
A	BL	20	106	1	2	BA1652	39903	7	0	0	0	0	0	0	0	1	0	0
A	BL	20	106	1	2	BA1652	39920	7	8	2	0	1	0	0	0	0	0	0
A	BL	20	106	1	2	BA1652	39927	8	0	0	0	0	0	0	0	1	0	0
A	BL	20	106	1	2	BA1652	39930	8	7	0	0	0	0	0	0	0	0	0
A	BL	20	106	1	2	BA1652	39956	7	8	2	0	1	0	0	0	0	0	0
A	BL	20	106	1	2	BA1652	39966	8	7	0	0	0	0	0	0	0	0	0
A	BL	20	106	1	2	BA1652	39976	7	0	0	0	0	0	0	0	1	0	0
A	BL	20	106	1	2	BA1652	40034	7	8	2	0	1	0	0	0	0	0	0
A	BL	20	106	1	2	BA1652	40044	8	7	0	0	0	0	0	0	0	0	0
A	BL	20	106	1	2	BA1652	40054	7	0	0	0	0	0	0	0	1	0	0
A	BL	20	106	1	2	BA1652	40059	7	8	2	0	1	0	0	0	0	0	0
A	BL	20	106	1	2	BA1652	40069	8	7	0	0	0	0	0	0	0	0	0
A	BL	20	106	1	2	BA1652	40125	7	0	0	0	0	0	0	0	1	0	0
A	BL	20	106	1	2	BA1652	40130	7	8	2	0	1	0	0	0	0	0	0
A	BL	20	106	1	2	BA1652	40140	8	7	0	0	0	0	0	0	0	0	0
A	BL	20	106	1	2	BA1652	40166	7	0	0	0	0	0	0	0	1	0	0
A	BL	20	106	1	2	BA1652	40172	7	8	2	0	1	0	0	0	0	0	0
A	BL	20	106	1	2	BA1652	40178	8	0	0	0	0	0	0	0	1	0	0
A	BL	20	106	1	2	BA1652	40182	8	7	0	0	0	0	0	0	0	0	0
A	BL	20	106	1	2	BA1652	40223	7	8	2	0	1	0	0	0	0	0	0
A	BL	20	106	1	2	BA1652	40226	8	0	0	0	0	0	0	0	1	0	0
A	BL	20	106	1	2	BA1652	40233	8	7	0	0	0	0	0	0	0	0	0
A	BL	20	106	1	2	BA1652	40236	7	8	2	0	1	0	0	0	0	0	0
A	BL	20	106	1	2	BA1652	40239	8	0	0	0	0	0	0	0	1	0	0
A	BL	20	106	1	2	BA1652	40246	8	7	0	0	1	0	0	0	0	0	0
A	BL	20	106	1	2	BA1652	40248	7	0	0	0	0	0	0	0	1	0	0
A	BL	20	106	1	2	BA1652	40285	7	8	2	0	1	0	0	0	0	0	0
A	BL	20	106	1	2	BA1652	40295	8	7	0	0	0	0	0	0	0	0	0
A	BL	20	106	1	2	BA1652	40312	7	0	0	0	0	0	0	0	1	0	0
A	BL	20	106	1	2	BA1652	40315	7	8	2	0	1	0	0	0	0	0	0
A	BL	20	106	1	2	BA1652	40325	8	7	0	0	0	0	0	0	0	0	0
A	BL	20	106	1	2	BA1652	40340	7	0	0	0	0	0	0	0	1	0	0
A	BL	20	106	1	2	BA1652	40374	7	8	2	0	1	0	0	0	0	0	0
A	BL	20	106	1	2	BA1652	40380	8	0	0	0	0	0	0	0	1	0	0
A	BL	20	106	1	2	BA1652	40382	8	0	0	0	1	0	0	0	0	0	0
A	BL	20	106	1	2	BA1652	40384	8	7	0	0	0	0	0	0	0	0	0
A	BL	20	106	1	2	BA1652	40412	7	0	0	0	0	0	0	0	1	0	0
A	BL	20	106	1	2	BA1652	40467	7	8	2	0	1	0	0	0	0	0	0
A	BL	20	106	1	2	BA1652	40477	8	7	0	0	0	0	0	0	0	0	0
A	BL	20	106	1	2	BA1652	40483	7	0	0	0	0	0	0	0	1	0	0
A	BL	20	106	1	2	BA1652	40499	7	8	2	0	1	0	0	0	0	0	0
A	BL	20	106	1	2	BA1652	40509	8	7	0	0	0	0	0	0	0	0	0
A	BL	20	106	1	2	BA1652	40533	7	0	0	0	0	0	0	0	1	0	0
A	BL	20	106	1	2	BA1652	40544	7	8	2	0	1	0	0	0	0	0	0
A	BL	20	106	1	2	BA1652	40554	8	7	0	0	0	0	0	0	0	0	0
A	BL	20	106	1	2	BA1652	40566	7	0	0	0	0	0	0	0	1	0	0
A	BL	20	106	1	2	BA1652	40582	7	8	2	0	1	0	0	0	0	0	0
A	BL	20	106	1	2	BA1652	40592	8	7	0	0	0	0	0	0	0	0	0
A	BL	20	106	1	2	BA1652	40598	7	0	0	0	0	0	0	0	1	0	0
A	BL	20	106	1	2	BA1652	40607	7	8	2	0	1	0	0	0	0	0	0
A	BL	20	106	1	2	BA1652	40610	8	0	0	0	0	0	0	0	1	0	0
A	BL	20	106	1	2	BA1652	40617	8	7	0	0	0	0	0	0	0	0	0
A	BL	20	106	1	2	BA1652	40640	7	8	2	0	1	0	0	0	0	0	0
A	BL	20	106	1	2	BA1652	40643	8	0	0	0	0	0	0	0	1	0	0
A	BL	20	106	1	2	BA1652	40647	8	0	0	0	1	0	0	0	0	0	0
A	BL	20	106	1	2	BA1652	40649	8	0	0	0	0	0	0	0	1	0	0
A	BL	20	106	1	2	BA1652	40650	8	9	0	0	0	0	0	0	0	0	0
A	BL	20	106	1	2	BA1652	40660	9	10	0	0	0	0	0	0	0	0	0
A	BL	20	106	1	2	BA1652	40735	10	2	0	0	0	0	0	0	0	0	0
A	BL	20	106	1	2	BA1652	40736	2	6	0	0	0	0	0	0	0	0	0
A	BL	20	106	1	2	BA1652	40947	6	8	2	0	1	0	0	0	0	0	0
A	BL	20	106	1	2	BA1652	40949	8	0	0	0	0	0	0	0	1	0	0
A	BL	20	106	1	2	BA1652	40957	8	7	0	0	0	0	0	0	0	0	0
A	BL	20	106	1	2	BA1652	41055	7	8	2	0	1	0	0	0	0	0	0
A	BL	20	106	1	2	BA1652	41065	8	7	0	0	0	0	0	0	0	0	0
A	BL	20	106	1	2	BA1652	41068	7	0	0	0	0	0	0	0	1	0	0
A	BL	20	106	1	2	BA1652	41072	7	8	2	0	1	0	0	0	0	0	0
A	BL	20	106	1	2	BA1652	41082	8	7	0	0	0	0	0	0	0	0	0
A	BL	20	106	1	2	BA1652	41088	7	0	0	0	0	0	0	0	1	0	0
A	BL	20	106	1	2	BA1652	41103	7	8	2	0	1	0	0	0	0	0	0
A	BL	20	106	1	2	BA1652	41113	8	7	0	0	0	0	0	0	0	0	0
A	BL	20	106	1	2	BA1652	41120	7	0	0	0	0	0	0	0	1	0	0
A	BL	20	106	1	2	BA1652	41123	7	8	2	0	1	0	0	0	0	0	0
A	BL	20	106	1	2	BA1652	41133	8	7	0	0	0	0	0	0	0	0	0
A	BL	20	106	1	2	BA1652	41178	7	0	0	0	0	0	0	0	1	0	0
A	BL	20	106	1	2	BA1652	41185	7	8	2	0	1	0	0	0	0	0	0
A	BL	20	106	1	2	BA1652	41188	8	0	0	0	0	0	0	0	1	0	0
A	BL	20	106	1	2	BA1652	41195	8	7	0	0	0	0	0	0	0	0	0
A	BL	20	106	1	2	BA1652	41205	7	8	2	0	1	0	0	0	0	0	0
A	BL	20	106	1	2	BA1652	41210	8	0	0	0	0	0	0	0	1	0	0
A	BL	20	106	1	2	BA1652	41213	8	0	0	0	1	0	0	0	0	0	0
A	BL	20	106	1	2	BA1652	41214	8	0	0	0	0	0	0	0	1	0	0
A	BL	20	106	1	2	BA1652	41215	8	7	0	0	0	0	0	0	0	0	0
A	BL	20	106	1	2	BA1652	41252	7	8	2	0	1	0	0	0	0	0	0
A	BL	20	106	1	2	BA1652	41262	8	7	0	0	0	0	0	0	0	0	0
A	BL	20	106	1	2	BA1652	41266	7	0	0	0	0	0	0	0	1	0	0
A	BL	20	106	1	2	BA1652	41308	7	8	2	0	1	0	0	0	0	0	0
A	BL	20	106	1	2	BA1652	41310	8	0	0	0	0	0	0	0	1	0	0
A	BL	20	106	1	2	BA1652	41316	8	0	0	0	1	0	0	0	0	0	0
A	BL	20	106	1	2	BA1652	41318	8	7	0	0	0	0	0	0	0	0	0
A	BL	20	106	1	2	BA1652	41360	7	0	0	0	0	0	0	0	1	0	0
A	BL	20	106	1	2	BA1652	41406	7	8	2	0	1	0	0	0	0	0	0
A	BL	20	106	1	2	BA1652	41416	8	7	0	0	0	0	0	0	0	0	0
A	BL	20	106	1	2	BA1652	41454	7	0	0	0	0	0	0	0	1	0	0
A	BL	20	106	1	2	BA1652	41460	7	8	2	0	1	0	0	0	0	0	0
A	BL	20	106	1	2	BA1652	41470	8	7	0	0	0	0	0	0	0	0	0
A	BL	20	106	1	2	BA1652	41510	7	0	0	0	0	0	0	0	1	0	0
A	BL	20	106	1	2	BA1652	41535	7	8	2	0	1	0	0	0	0	0	0
A	BL	20	106	1	2	BA1652	41545	8	7	0	0	0	0	0	0	0	0	0
A	BL	20	106	1	2	BA1652	41553	7	0	0	0	0	0	0	0	1	0	0
A	BL	20	106	1	2	BA1652	41555	7	8	2	0	1	0	0	0	0	0	0
A	BL	20	106	1	2	BA1652	41560	8	0	0	0	0	0	0	0	1	0	0
A	BL	20	106	1	2	BA1652	41564	8	0	0	0	1	0	0	0	0	0	0
A	BL	20	106	1	2	BA1652	41565	8	7	0	0	0	0	0	0	0	0	0
A	BL	20	106	1	2	BA1652	41589	7	0	0	0	0	0	0	0	1	0	0
A	BL	20	106	1	2	BA1652	41601	7	8	2	0	1	0	0	0	0	0	0
A	BL	20	106	1	2	BA1652	41606	8	0	0	0	0	0	0	0	1	0	0
A	BL	20	106	1	2	BA1652	41610	8	0	0	0	1	0	0	0	0	0	0
A	BL	20	106	1	2	BA1652	41611	8	7	0	0	0	0	0	0	0	0	0
A	BL	20	106	1	2	BA1652	41627	7	0	0	0	0	0	0	0	1	0	0
A	BL	20	106	1	2	BA1652	41631	7	8	2	0	1	0	0	0	0	0	0
A	BL	20	106	1	2	BA1652	41633	8	0	0	0	0	0	0	0	1	0	0
A	BL	20	106	1	2	BA1652	41637	8	0	0	0	1	0	0	0	0	0	0
A	BL	20	106	1	2	BA1652	41641	8	7	0	0	0	0	0	0	1	0	0
A	BL	20	106	1	2	BA1652	41665	7	8	2	0	1	0	0	0	0	0	0
A	BL	20	106	1	2	BA1652	41670	8	0	0	0	0	0	0	0	1	0	0
A	BL	20	106	1	2	BA1652	41675	8	7	0	0	0	0	0	0	0	0	0
A	BL	20	106	1	2	BA1652	41791	7	8	2	0	1	0	0	0	0	0	0
A	BL	20	106	1	2	BA1652	41801	8	7	0	0	0	0	0	0	0	0	0
A	BL	20	106	1	2	BA1652	41816	7	0	0	0	0	0	0	0	1	0	0
A	BL	20	106	1	2	BA1652	41918	7	8	2	0	1	0	0	0	0	0	0
A	BL	20	106	1	2	BA1652	41928	8	7	0	0	0	0	0	0	0	0	0
A	BL	20	106	1	2	BA1652	41937	7	0	0	0	0	0	0	0	1	0	0
A	BL	20	106	1	2	BA1652	41944	7	8	2	0	1	0	0	0	0	0	0
A	BL	20	106	1	2	BA1652	41949	8	0	0	0	0	0	0	0	1	0	0
A	BL	20	106	1	2	BA1652	41954	8	7	0	0	0	0	0	0	0	0	0
A	BL	20	106	1	2	BA1652	41976	7	8	2	0	1	0	0	0	0	0	0
A	BL	20	106	1	2	BA1652	41977	8	0	0	0	0	0	0	0	1	0	0
A	BL	20	106	1	2	BA1652	41986	8	9	0	0	0	0	0	0	0	0	0
A	BL	20	106	1	2	BA1652	41996	9	10	0	0	0	0	0	0	0	0	0
A	BL	20	106	1	2	BA1652	42071	10	2	0	0	0	0	0	0	0	0	0
A	BL	20	106	1	2	BA1652	42072	2	6	0	0	0	0	0	0	0	0	0
A	BL	20	106	1	2	BA1652	42275	6	8	2	0	1	0	0	0	0	0	0
A	BL	20	106	1	2	BA1652	42277	8	0	0	0	0	0	0	0	1	0	0
A	BL	20	106	1	2	BA1652	42285	8	7	0	0	0	0	0	0	0	0	0
A	BL	20	106	1	2	BA1652	42303	7	8	2	0	1	0	0	0	0	0	0
A	BL	20	106	1	2	BA1652	42310	8	0	0	0	0	0	0	0	1	0	0
A	BL	20	106	1	2	BA1652	42313	8	7	0	0	0	0	0	0	0	0	0
A	BL	20	106	1	2	BA1652	42326	7	8	2	0	1	0	0	0	0	0	0
A	BL	20	106	1	2	BA1652	42335	8	0	0	0	0	0	0	0	1	0	0
A	BL	20	106	1	2	BA1652	42336	8	7	0	0	0	0	0	0	0	0	0
A	BL	20	106	1	2	BA1652	42337	7	8	2	0	1	0	0	0	0	0	0
A	BL	20	106	1	2	BA1652	42344	8	0	0	0	0	0	0	0	1	0	0
A	BL	20	106	1	2	BA1652	42345	8	0	0	0	1	0	0	0	0	0	0
A	BL	20	106	1	2	BA1652	42347	8	7	0	0	0	0	0	0	0	0	0
A	BL	20	106	1	2	BA1652	42398	7	0	0	0	0	0	0	0	1	0	0
A	BL	20	106	1	2	BA1652	42432	7	8	2	0	1	0	0	0	0	0	0
A	BL	20	106	1	2	BA1652	42442	8	7	0	0	0	0	0	0	0	0	0
A	BL	20	106	1	2	BA1652	42455	7	0	0	0	0	0	0	0	1	0	0
A	BL	20	106	1	2	BA1652	42459	7	8	2	0	1	0	0	0	0	0	0
A	BL	20	106	1	2	BA1652	42469	8	7	0	0	0	0	0	0	0	0	0
A	BL	20	106	1	2	BA1652	42479	7	0	0	0	0	0	0	0	1	0	0
A	BL	20	106	1	2	BA1652	42505	7	8	2	0	1	0	0	0	0	0	0
A	BL	20	106	1	2	BA1652	42515	8	7	0	0	0	0	0	0	0	0	0
A	BL	20	106	1	2	BA1652	42516	7	0	0	0	0	0	0	0	1	0	0
A	BL	20	106	1	2	BA1652	42520	7	8	2	0	1	0	0	0	0	0	0
A	BL	20	106	1	2	BA1652	42530	8	7	0	0	0	0	0	0	0	0	0
A	BL	20	106	1	2	BA1652	42568	7	0	0	0	0	0	0	0	1	0	0
A	BL	20	106	1	2	BA1652	42612	7	8	2	0	1	0	0	0	0	0	0
A	BL	20	106	1	2	BA1652	42614	8	0	0	0	0	0	0	0	1	0	0
A	BL	20	106	1	2	BA1652	42619	8	0	0	0	1	0	0	0	0	0	0
A	BL	20	106	1	2	BA1652	42622	8	7	0	0	0	0	0	0	0	0	0
A	BL	20	106	1	2	BA1652	42639	7	0	0	0	0	0	0	0	1	0	0
A	BL	20	106	1	2	BA1652	42657	7	8	2	0	1	0	0	0	0	0	0
A	BL	20	106	1	2	BA1652	42667	8	7	0	0	0	0	0	0	0	0	0
A	BL	20	106	1	2	BA1652	42698	7	0	0	0	0	0	0	0	1	0	0
A	BL	20	106	1	2	BA1652	42707	7	8	2	0	1	0	0	0	0	0	0
A	BL	20	106	1	2	BA1652	42717	8	7	0	0	0	0	0	0	0	0	0
A	BL	20	106	1	2	BA1652	42727	7	0	0	0	0	0	0	0	1	0	0
A	BL	20	106	1	2	BA1652	42737	7	8	2	0	1	0	0	0	0	0	0
A	BL	20	106	1	2	BA1652	42739	8	0	0	0	0	0	0	0	1	0	0
A	BL	20	106	1	2	BA1652	42741	8	0	0	0	1	0	0	0	0	0	0
A	BL	20	106	1	2	BA1652	42747	8	7	0	0	0	0	0	0	0	0	0
A	BL	20	106	1	2	BA1652	42767	7	0	0	0	0	0	0	0	1	0	0
A	BL	20	106	1	2	BA1652	42775	7	8	2	0	1	0	0	0	0	0	0
A	BL	20	106	1	2	BA1652	42785	8	7	0	0	1	0	0	0	1	0	0
A	BL	20	106	1	2	BA1652	42789	7	0	0	0	0	0	0	0	1	0	0
A	BL	20	106	1	2	BA1652	42790	7	8	2	0	1	0	0	0	0	0	0
A	BL	20	106	1	2	BA1652	42800	8	7	0	0	0	0	0	0	0	0	0
A	BL	20	106	1	2	BA1652	42817	7	0	0	0	0	0	0	0	1	0	0
A	BL	20	106	1	2	BA1652	42854	7	8	2	0	1	0	0	0	0	0	0
A	BL	20	106	1	2	BA1652	42864	8	7	0	0	0	0	0	0	0	0	0
A	BL	20	106	1	2	BA1652	42868	7	0	0	0	0	0	0	0	1	0	0
A	BL	20	106	1	2	BA1652	42873	7	8	2	0	1	0	0	0	0	0	0
A	BL	20	106	1	2	BA1652	42881	8	0	0	0	0	0	0	0	1	0	0
A	BL	20	106	1	2	BA1652	42883	8	7	0	0	0	0	0	0	0	0	0
A	BL	20	106	1	2	BA1652	42908	7	8	2	0	1	0	0	0	0	0	0
A	BL	20	106	1	2	BA1652	42910	8	0	0	0	0	0	0	0	1	0	0
A	BL	20	106	1	2	BA1652	42914	8	0	0	0	1	0	0	0	0	0	0
A	BL	20	106	1	2	BA1652	42917	8	0	0	0	0	0	0	0	1	0	0
A	BL	20	106	1	2	BA1652	42918	8	7	0	0	1	0	0	0	0	0	0
A	BL	20	106	1	2	BA1652	42922	7	0	0	0	0	0	0	0	1	0	0
A	BL	20	106	1	2	BA1652	42924	7	8	2	0	1	0	0	0	0	0	0
A	BL	20	106	1	2	BA1652	42934	8	7	0	0	0	0	0	0	0	0	0
A	BL	20	106	1	2	BA1652	42937	7	0	0	0	0	0	0	0	1	0	0
A	BL	20	106	1	2	BA1652	42938	7	8	2	0	1	0	0	0	0	0	0
A	BL	20	106	1	2	BA1652	42948	8	7	0	0	0	0	0	0	0	0	0
A	BL	20	106	1	2	BA1652	42970	7	0	0	0	0	0	0	0	1	0	0
A	BL	20	106	1	2	BA1652	43026	7	8	2	0	1	0	0	0	0	0	0
A	BL	20	106	1	2	BA1652	43036	8	9	0	0	0	0	0	0	0	0	0
A	BL	20	106	1	2	BA1652	43046	9	-1	0	0	0	0	0	0	0	0	0
