Project	UserID	Protocol	Session	Station	Run	Subject	Time	Current State	Transition State	Transition Event	A1 - 	A2 - 	A3 - 	A4 - 	A[1] 	A[2] 	A[3] 	A[4] 
A	AG	20	114	1	1	BA1652	0	0	1	0	0	0	0	0	0	0	0	0
A	AG	20	114	1	1	BA1652	50	1	2	0	0	0	0	0	0	0	0	0
A	AG	20	114	1	1	BA1652	51	2	6	0	0	0	0	0	0	0	0	0
A	AG	20	114	1	1	BA1652	4324	6	8	2	0	1	0	0	0	0	0	0
A	AG	20	114	1	1	BA1652	4334	8	7	0	0	0	0	0	0	0	0	0
A	AG	20	114	1	1	BA1652	4359	7	0	0	0	0	0	0	0	1	0	0
A	AG	20	114	1	1	BA1652	4438	7	8	2	0	1	0	0	0	0	0	0
A	AG	20	114	1	1	BA1652	4448	8	7	0	0	0	0	0	0	0	0	0
A	AG	20	114	1	1	BA1652	4474	7	0	0	0	0	0	0	0	1	0	0
A	AG	20	114	1	1	BA1652	4705	7	8	2	0	1	0	0	0	0	0	0
A	AG	20	114	1	1	BA1652	4715	8	7	0	0	0	0	0	0	0	0	0
A	AG	20	114	1	1	BA1652	4740	7	0	0	0	0	0	0	0	1	0	0
A	AG	20	114	1	1	BA1652	6674	7	0	0	1	0	0	0	0	0	0	0
A	AG	20	114	1	1	BA1652	6706	7	0	0	0	0	0	0	1	0	0	0
A	AG	20	114	1	1	BA1652	6740	7	8	2	0	1	0	0	0	0	0	0
A	AG	20	114	1	1	BA1652	6750	8	7	0	0	0	0	0	0	0	0	0
A	AG	20	114	1	1	BA1652	6754	7	0	0	0	0	0	0	0	1	0	0
A	AG	20	114	1	1	BA1652	8567	7	8	2	0	1	0	0	0	0	0	0
A	AG	20	114	1	1	BA1652	8574	8	0	0	0	0	0	0	0	1	0	0
A	AG	20	114	1	1	BA1652	8577	8	7	0	0	0	0	0	0	0	0	0
A	AG	20	114	1	1	BA1652	8578	7	8	2	0	1	0	0	0	0	0	0
A	AG	20	114	1	1	BA1652	8588	8	7	0	0	0	0	0	0	0	0	0
A	AG	20	114	1	1	BA1652	8658	7	0	0	0	0	0	0	0	1	0	0
A	AG	20	114	1	1	BA1652	8771	7	8	2	0	1	0	0	0	0	0	0
A	AG	20	114	1	1	BA1652	8781	8	7	0	0	0	0	0	0	0	0	0
A	AG	20	114	1	1	BA1652	8822	7	0	0	0	0	0	0	0	1	0	0
A	AG	20	114	1	1	BA1652	8829	7	8	2	0	1	0	0	0	0	0	0
A	AG	20	114	1	1	BA1652	8839	8	7	0	0	0	0	0	0	0	0	0
A	AG	20	114	1	1	BA1652	8864	7	0	0	0	0	0	0	0	1	0	0
A	AG	20	114	1	1	BA1652	8909	7	8	2	0	1	0	0	0	0	0	0
A	AG	20	114	1	1	BA1652	8912	8	0	0	0	0	0	0	0	1	0	0
A	AG	20	114	1	1	BA1652	8917	8	0	0	0	1	0	0	0	0	0	0
A	AG	20	114	1	1	BA1652	8919	8	7	0	0	0	0	0	0	0	0	0
A	AG	20	114	1	1	BA1652	8925	7	0	0	0	0	0	0	0	1	0	0
A	AG	20	114	1	1	BA1652	8928	7	8	2	0	1	0	0	0	0	0	0
A	AG	20	114	1	1	BA1652	8938	8	7	0	0	0	0	0	0	0	0	0
A	AG	20	114	1	1	BA1652	8941	7	0	0	0	0	0	0	0	1	0	0
A	AG	20	114	1	1	BA1652	9008	7	8	2	0	1	0	0	0	0	0	0
A	AG	20	114	1	1	BA1652	9010	8	0	0	0	0	0	0	0	1	0	0
A	AG	20	114	1	1	BA1652	9018	8	7	0	0	0	0	0	0	0	0	0
A	AG	20	114	1	1	BA1652	9045	7	8	2	0	1	0	0	0	0	0	0
A	AG	20	114	1	1	BA1652	9055	8	7	0	0	0	0	0	0	0	0	0
A	AG	20	114	1	1	BA1652	9091	7	0	0	0	0	0	0	0	1	0	0
A	AG	20	114	1	1	BA1652	9101	7	8	2	0	1	0	0	0	0	0	0
A	AG	20	114	1	1	BA1652	9106	8	0	0	0	0	0	0	0	1	0	0
A	AG	20	114	1	1	BA1652	9111	8	7	0	0	1	0	0	0	0	0	0
A	AG	20	114	1	1	BA1652	9128	7	0	0	0	0	0	0	0	1	0	0
A	AG	20	114	1	1	BA1652	9135	7	8	2	0	1	0	0	0	0	0	0
A	AG	20	114	1	1	BA1652	9139	8	0	0	0	0	0	0	0	1	0	0
A	AG	20	114	1	1	BA1652	9145	8	7	0	0	0	0	0	0	0	0	0
A	AG	20	114	1	1	BA1652	9148	7	8	2	0	1	0	0	0	0	0	0
A	AG	20	114	1	1	BA1652	9158	8	7	0	0	0	0	0	0	0	0	0
A	AG	20	114	1	1	BA1652	9164	7	0	0	0	0	0	0	0	1	0	0
A	AG	20	114	1	1	BA1652	9203	7	8	2	0	1	0	0	0	0	0	0
A	AG	20	114	1	1	BA1652	9208	8	0	0	0	0	0	0	0	1	0	0
A	AG	20	114	1	1	BA1652	9213	8	7	0	0	0	0	0	0	0	0	0
A	AG	20	114	1	1	BA1652	9218	7	8	2	0	1	0	0	0	0	0	0
A	AG	20	114	1	1	BA1652	9221	8	0	0	0	0	0	0	0	1	0	0
A	AG	20	114	1	1	BA1652	9228	8	7	0	0	0	0	0	0	0	0	0
A	AG	20	114	1	1	BA1652	9306	7	8	2	0	1	0	0	0	0	0	0
A	AG	20	114	1	1	BA1652	9309	8	0	0	0	0	0	0	0	1	0	0
A	AG	20	114	1	1	BA1652	9311	8	0	0	0	1	0	0	0	0	0	0
A	AG	20	114	1	1	BA1652	9316	8	7	0	0	0	0	0	0	0	0	0
A	AG	20	114	1	1	BA1652	9357	7	0	0	0	0	0	0	0	1	0	0
A	AG	20	114	1	1	BA1652	9402	7	8	2	0	1	0	0	0	0	0	0
A	AG	20	114	1	1	BA1652	9404	8	0	0	0	0	0	0	0	1	0	0
A	AG	20	114	1	1	BA1652	9407	8	0	0	0	1	0	0	0	0	0	0
A	AG	20	114	1	1	BA1652	9412	8	7	0	0	0	0	0	0	0	0	0
A	AG	20	114	1	1	BA1652	9429	7	0	0	0	0	0	0	0	1	0	0
A	AG	20	114	1	1	BA1652	9441	7	8	2	0	1	0	0	0	0	0	0
A	AG	20	114	1	1	BA1652	9451	8	9	0	0	0	0	0	0	0	0	0
A	AG	20	114	1	1	BA1652	9461	9	10	0	0	0	0	0	0	0	0	0
A	AG	20	114	1	1	BA1652	9462	10	0	0	0	0	0	0	0	1	0	0
A	AG	20	114	1	1	BA1652	9536	10	2	0	0	0	0	0	0	0	0	0
A	AG	20	114	1	1	BA1652	9537	2	3	0	0	0	0	0	0	0	0	0
A	AG	20	114	1	1	BA1652	9599	3	5	1	1	0	0	0	0	0	0	0
A	AG	20	114	1	1	BA1652	9606	5	0	0	0	0	0	0	1	0	0	0
A	AG	20	114	1	1	BA1652	9608	5	0	0	1	0	0	0	0	0	0	0
A	AG	20	114	1	1	BA1652	9609	5	4	0	0	0	0	0	0	0	0	0
A	AG	20	114	1	1	BA1652	9612	4	0	0	0	0	0	0	1	0	0	0
A	AG	20	114	1	1	BA1652	9615	4	5	1	1	0	0	0	0	0	0	0
A	AG	20	114	1	1	BA1652	9623	5	0	0	0	0	0	0	1	0	0	0
A	AG	20	114	1	1	BA1652	9625	5	4	0	0	0	0	0	0	0	0	0
A	AG	20	114	1	1	BA1652	9639	4	5	1	1	0	0	0	0	0	0	0
A	AG	20	114	1	1	BA1652	9641	5	0	0	0	0	0	0	1	0	0	0
A	AG	20	114	1	1	BA1652	9649	5	4	0	0	0	0	0	0	0	0	0
A	AG	20	114	1	1	BA1652	9659	4	5	1	1	0	0	0	0	0	0	0
A	AG	20	114	1	1	BA1652	9666	5	0	0	0	0	0	0	1	0	0	0
A	AG	20	114	1	1	BA1652	9669	5	4	0	0	0	0	0	0	0	0	0
A	AG	20	114	1	1	BA1652	9682	4	5	1	1	0	0	0	0	0	0	0
A	AG	20	114	1	1	BA1652	9692	5	9	0	0	0	0	0	0	0	0	0
A	AG	20	114	1	1	BA1652	9696	9	0	0	0	0	0	0	1	0	0	0
A	AG	20	114	1	1	BA1652	9702	9	10	0	0	0	0	0	0	0	0	0
A	AG	20	114	1	1	BA1652	9777	10	2	0	0	0	0	0	0	0	0	0
A	AG	20	114	1	1	BA1652	9778	2	6	0	0	0	0	0	0	0	0	0
A	AG	20	114	1	1	BA1652	10834	6	8	2	0	1	0	0	0	0	0	0
A	AG	20	114	1	1	BA1652	10838	8	0	0	0	0	0	0	0	1	0	0
A	AG	20	114	1	1	BA1652	10844	8	7	0	0	0	0	0	0	0	0	0
A	AG	20	114	1	1	BA1652	10888	7	8	2	0	1	0	0	0	0	0	0
A	AG	20	114	1	1	BA1652	10894	8	0	0	0	0	0	0	0	1	0	0
A	AG	20	114	1	1	BA1652	10898	8	7	0	0	0	0	0	0	0	0	0
A	AG	20	114	1	1	BA1652	10904	7	8	2	0	1	0	0	0	0	0	0
A	AG	20	114	1	1	BA1652	10906	8	0	0	0	0	0	0	0	1	0	0
A	AG	20	114	1	1	BA1652	10914	8	7	0	0	0	0	0	0	0	0	0
A	AG	20	114	1	1	BA1652	10916	7	8	2	0	1	0	0	0	0	0	0
A	AG	20	114	1	1	BA1652	10926	8	7	0	0	0	0	0	0	0	0	0
A	AG	20	114	1	1	BA1652	10931	7	0	0	0	0	0	0	0	1	0	0
A	AG	20	114	1	1	BA1652	10955	7	8	2	0	1	0	0	0	0	0	0
A	AG	20	114	1	1	BA1652	10959	8	0	0	0	0	0	0	0	1	0	0
A	AG	20	114	1	1	BA1652	10965	8	7	0	0	0	0	0	0	0	0	0
A	AG	20	114	1	1	BA1652	11003	7	8	2	0	1	0	0	0	0	0	0
A	AG	20	114	1	1	BA1652	11010	8	0	0	0	0	0	0	0	1	0	0
A	AG	20	114	1	1	BA1652	11013	8	7	0	0	0	0	0	0	0	0	0
A	AG	20	114	1	1	BA1652	11017	7	8	2	0	1	0	0	0	0	0	0
A	AG	20	114	1	1	BA1652	11027	8	7	0	0	0	0	0	0	1	0	0
A	AG	20	114	1	1	BA1652	11044	7	8	2	0	1	0	0	0	0	0	0
A	AG	20	114	1	1	BA1652	11050	8	0	0	0	0	0	0	0	1	0	0
A	AG	20	114	1	1	BA1652	11054	8	7	0	0	1	0	0	0	0	0	0
A	AG	20	114	1	1	BA1652	11069	7	0	0	0	0	0	0	0	1	0	0
A	AG	20	114	1	1	BA1652	11173	7	8	2	0	1	0	0	0	0	0	0
A	AG	20	114	1	1	BA1652	11182	8	0	0	0	0	0	0	0	1	0	0
A	AG	20	114	1	1	BA1652	11183	8	7	0	0	0	0	0	0	0	0	0
A	AG	20	114	1	1	BA1652	11185	7	8	2	0	1	0	0	0	0	0	0
A	AG	20	114	1	1	BA1652	11191	8	0	0	0	0	0	0	0	1	0	0
A	AG	20	114	1	1	BA1652	11195	8	7	0	0	0	0	0	0	0	0	0
A	AG	20	114	1	1	BA1652	11251	7	8	2	0	1	0	0	0	0	0	0
A	AG	20	114	1	1	BA1652	11254	8	0	0	0	0	0	0	0	1	0	0
A	AG	20	114	1	1	BA1652	11261	8	7	0	0	0	0	0	0	0	0	0
A	AG	20	114	1	1	BA1652	11289	7	8	2	0	1	0	0	0	0	0	0
A	AG	20	114	1	1	BA1652	11295	8	0	0	0	0	0	0	0	1	0	0
A	AG	20	114	1	1	BA1652	11299	8	7	0	0	0	0	0	0	0	0	0
A	AG	20	114	1	1	BA1652	11317	7	8	2	0	1	0	0	0	0	0	0
A	AG	20	114	1	1	BA1652	11321	8	0	0	0	0	0	0	0	1	0	0
A	AG	20	114	1	1	BA1652	11326	8	0	0	0	1	0	0	0	0	0	0
A	AG	20	114	1	1	BA1652	11327	8	7	0	0	0	0	0	0	0	0	0
A	AG	20	114	1	1	BA1652	11354	7	0	0	0	0	0	0	0	1	0	0
A	AG	20	114	1	1	BA1652	11417	7	8	2	0	1	0	0	0	0	0	0
A	AG	20	114	1	1	BA1652	11422	8	0	0	0	0	0	0	0	1	0	0
A	AG	20	114	1	1	BA1652	11427	8	7	0	0	0	0	0	0	0	0	0
A	AG	20	114	1	1	BA1652	11452	7	8	2	0	1	0	0	0	0	0	0
A	AG	20	114	1	1	BA1652	11462	8	7	0	0	0	0	0	0	0	0	0
A	AG	20	114	1	1	BA1652	11512	7	0	0	0	0	0	0	0	1	0	0
A	AG	20	114	1	1	BA1652	11525	7	8	2	0	1	0	0	0	0	0	0
A	AG	20	114	1	1	BA1652	11535	8	7	0	0	0	0	0	0	0	0	0
A	AG	20	114	1	1	BA1652	11550	7	0	0	0	0	0	0	0	1	0	0
A	AG	20	114	1	1	BA1652	11554	7	8	2	0	1	0	0	0	0	0	0
A	AG	20	114	1	1	BA1652	11563	8	0	0	0	0	0	0	0	1	0	0
A	AG	20	114	1	1	BA1652	11564	8	7	0	0	1	0	0	0	0	0	0
A	AG	20	114	1	1	BA1652	11568	7	0	0	0	0	0	0	0	1	0	0
A	AG	20	114	1	1	BA1652	11573	7	8	2	0	1	0	0	0	0	0	0
A	AG	20	114	1	1	BA1652	11576	8	0	0	0	0	0	0	0	1	0	0
A	AG	20	114	1	1	BA1652	11583	8	7	0	0	0	0	0	0	0	0	0
A	AG	20	114	1	1	BA1652	11648	7	8	2	0	1	0	0	0	0	0	0
A	AG	20	114	1	1	BA1652	11655	8	0	0	0	0	0	0	0	1	0	0
A	AG	20	114	1	1	BA1652	11658	8	7	0	0	0	0	0	0	0	0	0
A	AG	20	114	1	1	BA1652	11659	7	8	2	0	1	0	0	0	0	0	0
A	AG	20	114	1	1	BA1652	11669	8	9	0	0	0	0	0	0	0	0	0
A	AG	20	114	1	1	BA1652	11679	9	10	0	0	0	0	0	0	0	0	0
A	AG	20	114	1	1	BA1652	11682	10	0	0	0	0	0	0	0	1	0	0
A	AG	20	114	1	1	BA1652	11754	10	2	0	0	0	0	0	0	0	0	0
A	AG	20	114	1	1	BA1652	11755	2	3	0	0	0	0	0	0	0	0	0
A	AG	20	114	1	1	BA1652	11827	3	5	1	1	0	0	0	0	0	0	0
A	AG	20	114	1	1	BA1652	11832	5	0	0	0	0	0	0	1	0	0	0
A	AG	20	114	1	1	BA1652	11837	5	4	0	0	0	0	0	0	0	0	0
A	AG	20	114	1	1	BA1652	11842	4	5	1	1	0	0	0	0	0	0	0
A	AG	20	114	1	1	BA1652	11852	5	4	0	0	0	0	0	1	0	0	0
A	AG	20	114	1	1	BA1652	11860	4	5	1	1	0	0	0	0	0	0	0
A	AG	20	114	1	1	BA1652	11868	5	0	0	0	0	0	0	1	0	0	0
A	AG	20	114	1	1	BA1652	11870	5	4	0	0	0	0	0	0	0	0	0
A	AG	20	114	1	1	BA1652	11878	4	5	1	1	0	0	0	0	0	0	0
A	AG	20	114	1	1	BA1652	11886	5	0	0	0	0	0	0	1	0	0	0
A	AG	20	114	1	1	BA1652	11888	5	4	0	0	0	0	0	0	0	0	0
A	AG	20	114	1	1	BA1652	11895	4	5	1	1	0	0	0	0	0	0	0
A	AG	20	114	1	1	BA1652	11903	5	0	0	0	0	0	0	1	0	0	0
A	AG	20	114	1	1	BA1652	11905	5	9	0	0	0	0	0	0	0	0	0
A	AG	20	114	1	1	BA1652	11915	9	10	0	0	0	0	0	0	0	0	0
A	AG	20	114	1	1	BA1652	11990	10	2	0	0	0	0	0	0	0	0	0
A	AG	20	114	1	1	BA1652	11991	2	3	0	0	0	0	0	0	0	0	0
A	AG	20	114	1	1	BA1652	12039	3	5	1	1	0	0	0	0	0	0	0
A	AG	20	114	1	1	BA1652	12049	5	4	0	0	0	0	0	0	0	0	0
A	AG	20	114	1	1	BA1652	12062	4	0	0	0	0	0	0	1	0	0	0
A	AG	20	114	1	1	BA1652	12068	4	5	1	1	0	0	0	0	0	0	0
A	AG	20	114	1	1	BA1652	12073	5	0	0	0	0	0	0	1	0	0	0
A	AG	20	114	1	1	BA1652	12078	5	4	0	0	0	0	0	0	0	0	0
A	AG	20	114	1	1	BA1652	12118	4	5	1	1	0	0	0	0	0	0	0
A	AG	20	114	1	1	BA1652	12128	5	4	0	0	0	0	0	0	0	0	0
A	AG	20	114	1	1	BA1652	12134	4	0	0	0	0	0	0	1	0	0	0
A	AG	20	114	1	1	BA1652	12138	4	5	1	1	0	0	0	0	0	0	0
A	AG	20	114	1	1	BA1652	12144	5	0	0	0	0	0	0	1	0	0	0
A	AG	20	114	1	1	BA1652	12148	5	4	0	0	0	0	0	0	0	0	0
A	AG	20	114	1	1	BA1652	12155	4	5	1	1	0	0	0	0	0	0	0
A	AG	20	114	1	1	BA1652	12165	5	9	0	0	0	0	0	0	0	0	0
A	AG	20	114	1	1	BA1652	12171	9	0	0	0	0	0	0	1	0	0	0
A	AG	20	114	1	1	BA1652	12172	9	0	0	1	0	0	0	0	0	0	0
A	AG	20	114	1	1	BA1652	12175	9	10	0	0	0	0	0	0	0	0	0
A	AG	20	114	1	1	BA1652	12176	10	0	0	0	0	0	0	1	0	0	0
A	AG	20	114	1	1	BA1652	12250	10	2	0	0	0	0	0	0	0	0	0
A	AG	20	114	1	1	BA1652	12251	2	3	0	0	0	0	0	0	0	0	0
A	AG	20	114	1	1	BA1652	12295	3	5	1	1	0	0	0	0	0	0	0
A	AG	20	114	1	1	BA1652	12305	5	4	0	0	0	0	0	0	0	0	0
A	AG	20	114	1	1	BA1652	12306	4	0	0	0	0	0	0	1	0	0	0
A	AG	20	114	1	1	BA1652	12307	4	5	1	1	0	0	0	0	0	0	0
A	AG	20	114	1	1	BA1652	12317	5	4	0	0	0	0	0	0	0	0	0
A	AG	20	114	1	1	BA1652	12320	4	0	0	0	0	0	0	1	0	0	0
A	AG	20	114	1	1	BA1652	12339	4	5	1	1	0	0	0	0	0	0	0
A	AG	20	114	1	1	BA1652	12349	5	4	0	0	0	0	0	0	0	0	0
A	AG	20	114	1	1	BA1652	12364	4	0	0	0	0	0	0	1	0	0	0
A	AG	20	114	1	1	BA1652	12379	4	5	1	1	0	0	0	0	0	0	0
A	AG	20	114	1	1	BA1652	12385	5	0	0	1	0	0	0	1	0	0	0
A	AG	20	114	1	1	BA1652	12389	5	4	0	0	0	0	0	0	0	0	0
A	AG	20	114	1	1	BA1652	12390	4	0	0	0	0	0	0	1	0	0	0
A	AG	20	114	1	1	BA1652	12393	4	5	1	1	0	0	0	0	0	0	0
A	AG	20	114	1	1	BA1652	12403	5	9	0	0	0	0	0	1	0	0	0
A	AG	20	114	1	1	BA1652	12409	9	0	0	1	0	0	0	0	0	0	0
A	AG	20	114	1	1	BA1652	12413	9	10	0	0	0	0	0	0	0	0	0
A	AG	20	114	1	1	BA1652	12414	10	0	0	0	0	0	0	1	0	0	0
A	AG	20	114	1	1	BA1652	12488	10	2	0	0	0	0	0	0	0	0	0
A	AG	20	114	1	1	BA1652	12489	2	6	0	0	0	0	0	0	0	0	0
A	AG	20	114	1	1	BA1652	13119	6	8	2	0	1	0	0	0	0	0	0
A	AG	20	114	1	1	BA1652	13122	8	0	0	0	0	0	0	0	1	0	0
A	AG	20	114	1	1	BA1652	13129	8	7	0	0	0	0	0	0	0	0	0
A	AG	20	114	1	1	BA1652	13141	7	8	2	0	1	0	0	0	0	0	0
A	AG	20	114	1	1	BA1652	13151	8	7	0	0	0	0	0	0	0	0	0
A	AG	20	114	1	1	BA1652	13152	7	0	0	0	0	0	0	0	1	0	0
A	AG	20	114	1	1	BA1652	13178	7	8	2	0	1	0	0	0	0	0	0
A	AG	20	114	1	1	BA1652	13181	8	0	0	0	0	0	0	0	1	0	0
A	AG	20	114	1	1	BA1652	13188	8	7	0	0	0	0	0	0	0	0	0
A	AG	20	114	1	1	BA1652	13376	7	8	2	0	1	0	0	0	0	0	0
A	AG	20	114	1	1	BA1652	13382	8	0	0	0	0	0	0	0	1	0	0
A	AG	20	114	1	1	BA1652	13386	8	7	0	0	0	0	0	0	0	0	0
A	AG	20	114	1	1	BA1652	13411	7	8	2	0	1	0	0	0	0	0	0
A	AG	20	114	1	1	BA1652	13421	8	7	0	0	0	0	0	0	0	0	0
A	AG	20	114	1	1	BA1652	13422	7	0	0	0	0	0	0	0	1	0	0
A	AG	20	114	1	1	BA1652	13430	7	8	2	0	1	0	0	0	0	0	0
A	AG	20	114	1	1	BA1652	13438	8	0	0	0	0	0	0	0	1	0	0
A	AG	20	114	1	1	BA1652	13440	8	7	0	0	0	0	0	0	0	0	0
A	AG	20	114	1	1	BA1652	13505	7	8	2	0	1	0	0	0	0	0	0
A	AG	20	114	1	1	BA1652	13510	8	0	0	0	0	0	0	0	1	0	0
A	AG	20	114	1	1	BA1652	13515	8	7	0	0	0	0	0	0	0	0	0
A	AG	20	114	1	1	BA1652	13520	7	8	2	0	1	0	0	0	0	0	0
A	AG	20	114	1	1	BA1652	13523	8	0	0	0	0	0	0	0	1	0	0
A	AG	20	114	1	1	BA1652	13530	8	7	0	0	0	0	0	0	0	0	0
A	AG	20	114	1	1	BA1652	13531	7	8	2	0	1	0	0	0	0	0	0
A	AG	20	114	1	1	BA1652	13541	8	7	0	0	0	0	0	0	0	0	0
A	AG	20	114	1	1	BA1652	13551	7	0	0	0	0	0	0	0	1	0	0
A	AG	20	114	1	1	BA1652	13567	7	8	2	0	1	0	0	0	0	0	0
A	AG	20	114	1	1	BA1652	13577	8	7	0	0	0	0	0	0	0	0	0
A	AG	20	114	1	1	BA1652	13578	7	8	2	0	1	0	0	0	1	0	0
A	AG	20	114	1	1	BA1652	13581	8	0	0	0	0	0	0	0	1	0	0
A	AG	20	114	1	1	BA1652	13585	8	0	0	0	1	0	0	0	0	0	0
A	AG	20	114	1	1	BA1652	13588	8	7	0	0	0	0	0	0	0	0	0
A	AG	20	114	1	1	BA1652	13594	7	0	0	0	0	0	0	0	1	0	0
A	AG	20	114	1	1	BA1652	13600	7	8	2	0	1	0	0	0	0	0	0
A	AG	20	114	1	1	BA1652	13605	8	0	0	0	0	0	0	0	1	0	0
A	AG	20	114	1	1	BA1652	13606	8	0	0	0	1	0	0	0	0	0	0
A	AG	20	114	1	1	BA1652	13610	8	7	0	0	0	0	0	0	0	0	0
A	AG	20	114	1	1	BA1652	13611	7	0	0	0	0	0	0	0	1	0	0
A	AG	20	114	1	1	BA1652	13617	7	8	2	0	1	0	0	0	0	0	0
A	AG	20	114	1	1	BA1652	13620	8	0	0	0	0	0	0	0	1	0	0
A	AG	20	114	1	1	BA1652	13622	8	0	0	0	1	0	0	0	0	0	0
A	AG	20	114	1	1	BA1652	13624	8	0	0	0	1	0	0	0	1	0	0
A	AG	20	114	1	1	BA1652	13627	8	7	0	0	0	0	0	0	0	0	0
A	AG	20	114	1	1	BA1652	13629	7	0	0	0	0	0	0	0	1	0	0
A	AG	20	114	1	1	BA1652	13632	7	8	2	0	1	0	0	0	0	0	0
A	AG	20	114	1	1	BA1652	13642	8	7	0	0	0	0	0	0	0	0	0
A	AG	20	114	1	1	BA1652	13644	7	0	0	0	0	0	0	0	1	0	0
A	AG	20	114	1	1	BA1652	13666	7	8	2	0	1	0	0	0	0	0	0
A	AG	20	114	1	1	BA1652	13676	8	7	0	0	0	0	0	0	0	0	0
A	AG	20	114	1	1	BA1652	13701	7	0	0	0	0	0	0	0	1	0	0
A	AG	20	114	1	1	BA1652	13708	7	8	2	0	1	0	0	0	0	0	0
A	AG	20	114	1	1	BA1652	13711	8	0	0	0	0	0	0	0	1	0	0
A	AG	20	114	1	1	BA1652	13718	8	7	0	0	0	0	0	0	0	0	0
A	AG	20	114	1	1	BA1652	13731	7	8	2	0	1	0	0	0	0	0	0
A	AG	20	114	1	1	BA1652	13735	8	0	0	0	0	0	0	0	1	0	0
A	AG	20	114	1	1	BA1652	13738	8	0	0	0	1	0	0	0	0	0	0
A	AG	20	114	1	1	BA1652	13741	8	7	0	0	0	0	0	0	0	0	0
A	AG	20	114	1	1	BA1652	13750	7	0	0	0	0	0	0	0	1	0	0
A	AG	20	114	1	1	BA1652	13818	7	8	2	0	1	0	0	0	0	0	0
A	AG	20	114	1	1	BA1652	13828	8	7	0	0	0	0	0	0	1	0	0
A	AG	20	114	1	1	BA1652	13839	7	8	2	0	1	0	0	0	0	0	0
A	AG	20	114	1	1	BA1652	13849	8	7	0	0	0	0	0	0	1	0	0
A	AG	20	114	1	1	BA1652	13852	7	8	2	0	1	0	0	0	0	0	0
A	AG	20	114	1	1	BA1652	13862	8	9	0	0	0	0	0	0	0	0	0
A	AG	20	114	1	1	BA1652	13872	9	10	0	0	0	0	0	0	0	0	0
A	AG	20	114	1	1	BA1652	13873	10	0	0	0	0	0	0	0	1	0	0
A	AG	20	114	1	1	BA1652	13947	10	2	0	0	0	0	0	0	0	0	0
A	AG	20	114	1	1	BA1652	13948	2	6	0	0	0	0	0	0	0	0	0
A	AG	20	114	1	1	BA1652	14296	6	8	2	0	1	0	0	0	0	0	0
A	AG	20	114	1	1	BA1652	14300	8	0	0	0	0	0	0	0	1	0	0
A	AG	20	114	1	1	BA1652	14306	8	7	0	0	0	0	0	0	0	0	0
A	AG	20	114	1	1	BA1652	14339	7	8	2	0	1	0	0	0	0	0	0
A	AG	20	114	1	1	BA1652	14349	8	7	0	0	0	0	0	0	0	0	0
A	AG	20	114	1	1	BA1652	14371	7	0	0	0	0	0	0	0	1	0	0
A	AG	20	114	1	1	BA1652	14376	7	8	2	0	1	0	0	0	0	0	0
A	AG	20	114	1	1	BA1652	14386	8	7	0	0	0	0	0	0	0	0	0
A	AG	20	114	1	1	BA1652	14397	7	0	0	0	0	0	0	0	1	0	0
A	AG	20	114	1	1	BA1652	14399	7	8	2	0	1	0	0	0	0	0	0
A	AG	20	114	1	1	BA1652	14401	8	0	0	0	0	0	0	0	1	0	0
A	AG	20	114	1	1	BA1652	14409	8	7	0	0	0	0	0	0	0	0	0
A	AG	20	114	1	1	BA1652	14455	7	8	2	0	1	0	0	0	0	0	0
A	AG	20	114	1	1	BA1652	14461	8	0	0	0	0	0	0	0	1	0	0
A	AG	20	114	1	1	BA1652	14464	8	0	0	0	1	0	0	0	0	0	0
A	AG	20	114	1	1	BA1652	14465	8	7	0	0	0	0	0	0	1	0	0
A	AG	20	114	1	1	BA1652	14473	7	8	2	0	1	0	0	0	0	0	0
A	AG	20	114	1	1	BA1652	14483	8	7	0	0	0	0	0	0	0	0	0
A	AG	20	114	1	1	BA1652	14508	7	0	0	0	0	0	0	0	1	0	0
A	AG	20	114	1	1	BA1652	14511	7	8	2	0	1	0	0	0	0	0	0
A	AG	20	114	1	1	BA1652	14521	8	7	0	0	0	0	0	0	0	0	0
A	AG	20	114	1	1	BA1652	14585	7	0	0	0	0	0	0	0	1	0	0
A	AG	20	114	1	1	BA1652	14592	7	8	2	0	1	0	0	0	0	0	0
A	AG	20	114	1	1	BA1652	14599	8	0	0	0	0	0	0	0	1	0	0
A	AG	20	114	1	1	BA1652	14602	8	7	0	0	0	0	0	0	0	0	0
A	AG	20	114	1	1	BA1652	14604	7	8	2	0	1	0	0	0	0	0	0
A	AG	20	114	1	1	BA1652	14610	8	0	0	0	0	0	0	0	1	0	0
A	AG	20	114	1	1	BA1652	14614	8	7	0	0	0	0	0	0	0	0	0
A	AG	20	114	1	1	BA1652	14615	7	8	2	0	1	0	0	0	0	0	0
A	AG	20	114	1	1	BA1652	14619	8	0	0	0	0	0	0	0	1	0	0
A	AG	20	114	1	1	BA1652	14622	8	0	0	0	1	0	0	0	0	0	0
A	AG	20	114	1	1	BA1652	14625	8	7	0	0	0	0	0	0	0	0	0
A	AG	20	114	1	1	BA1652	14639	7	0	0	0	0	0	0	0	1	0	0
A	AG	20	114	1	1	BA1652	14643	7	8	2	0	1	0	0	0	0	0	0
A	AG	20	114	1	1	BA1652	14653	8	7	0	0	0	0	0	0	0	0	0
A	AG	20	114	1	1	BA1652	14681	7	0	0	0	0	0	0	0	1	0	0
A	AG	20	114	1	1	BA1652	14689	7	8	2	0	1	0	0	0	0	0	0
A	AG	20	114	1	1	BA1652	14699	8	7	0	0	0	0	0	0	0	0	0
A	AG	20	114	1	1	BA1652	14707	7	0	0	0	0	0	0	0	1	0	0
A	AG	20	114	1	1	BA1652	14709	7	8	2	0	1	0	0	0	0	0	0
A	AG	20	114	1	1	BA1652	14719	8	7	0	0	0	0	0	0	0	0	0
A	AG	20	114	1	1	BA1652	14722	7	0	0	0	0	0	0	0	1	0	0
A	AG	20	114	1	1	BA1652	14729	7	8	2	0	1	0	0	0	0	0	0
A	AG	20	114	1	1	BA1652	14737	8	0	0	0	0	0	0	0	1	0	0
A	AG	20	114	1	1	BA1652	14739	8	7	0	0	0	0	0	0	0	0	0
A	AG	20	114	1	1	BA1652	14740	7	8	2	0	1	0	0	0	0	0	0
A	AG	20	114	1	1	BA1652	14750	8	7	0	0	0	0	0	0	0	0	0
A	AG	20	114	1	1	BA1652	14773	7	0	0	0	0	0	0	0	1	0	0
A	AG	20	114	1	1	BA1652	14780	7	8	2	0	1	0	0	0	0	0	0
A	AG	20	114	1	1	BA1652	14790	8	7	0	0	0	0	0	0	0	0	0
A	AG	20	114	1	1	BA1652	14816	7	0	0	0	0	0	0	0	1	0	0
A	AG	20	114	1	1	BA1652	14833	7	8	2	0	1	0	0	0	0	0	0
A	AG	20	114	1	1	BA1652	14837	8	0	0	0	0	0	0	0	1	0	0
A	AG	20	114	1	1	BA1652	14843	8	7	0	0	0	0	0	0	0	0	0
A	AG	20	114	1	1	BA1652	14848	7	8	2	0	1	0	0	0	0	0	0
A	AG	20	114	1	1	BA1652	14858	8	7	0	0	0	0	0	0	0	0	0
A	AG	20	114	1	1	BA1652	14938	7	0	0	0	0	0	0	0	1	0	0
A	AG	20	114	1	1	BA1652	14942	7	8	2	0	1	0	0	0	0	0	0
A	AG	20	114	1	1	BA1652	14952	8	7	0	0	0	0	0	0	0	0	0
A	AG	20	114	1	1	BA1652	14955	7	0	0	0	0	0	0	0	1	0	0
A	AG	20	114	1	1	BA1652	15012	7	8	2	0	1	0	0	0	0	0	0
A	AG	20	114	1	1	BA1652	15013	8	0	0	0	0	0	0	0	1	0	0
A	AG	20	114	1	1	BA1652	15017	8	0	0	0	1	0	0	0	0	0	0
A	AG	20	114	1	1	BA1652	15021	8	0	0	0	0	0	0	0	1	0	0
A	AG	20	114	1	1	BA1652	15022	8	9	0	0	0	0	0	0	0	0	0
A	AG	20	114	1	1	BA1652	15023	9	0	0	0	1	0	0	0	0	0	0
A	AG	20	114	1	1	BA1652	15032	9	10	0	0	0	0	0	0	0	0	0
A	AG	20	114	1	1	BA1652	15035	10	0	0	0	0	0	0	0	1	0	0
A	AG	20	114	1	1	BA1652	15107	10	2	0	0	0	0	0	0	0	0	0
A	AG	20	114	1	1	BA1652	15108	2	3	0	0	0	0	0	0	0	0	0
A	AG	20	114	1	1	BA1652	15155	3	5	1	1	0	0	0	0	0	0	0
A	AG	20	114	1	1	BA1652	15165	5	4	0	0	0	0	0	0	0	0	0
A	AG	20	114	1	1	BA1652	15170	4	0	0	0	0	0	0	1	0	0	0
A	AG	20	114	1	1	BA1652	15177	4	5	1	1	0	0	0	0	0	0	0
A	AG	20	114	1	1	BA1652	15182	5	0	0	0	0	0	0	1	0	0	0
A	AG	20	114	1	1	BA1652	15187	5	4	0	1	0	0	0	0	0	0	0
A	AG	20	114	1	1	BA1652	15189	4	0	0	0	0	0	0	1	0	0	0
A	AG	20	114	1	1	BA1652	15193	4	5	1	1	0	0	0	0	0	0	0
A	AG	20	114	1	1	BA1652	15203	5	4	0	0	0	0	0	0	0	0	0
A	AG	20	114	1	1	BA1652	15206	4	0	0	0	0	0	0	1	0	0	0
A	AG	20	114	1	1	BA1652	15207	4	5	1	1	0	0	0	0	0	0	0
A	AG	20	114	1	1	BA1652	15212	5	0	0	0	0	0	0	1	0	0	0
A	AG	20	114	1	1	BA1652	15217	5	4	0	0	0	0	0	0	0	0	0
A	AG	20	114	1	1	BA1652	15256	4	5	1	1	0	0	0	0	0	0	0
A	AG	20	114	1	1	BA1652	15260	5	0	0	0	0	0	0	1	0	0	0
A	AG	20	114	1	1	BA1652	15266	5	9	0	0	0	0	0	0	0	0	0
A	AG	20	114	1	1	BA1652	15269	9	0	0	1	0	0	0	0	0	0	0
A	AG	20	114	1	1	BA1652	15271	9	0	0	0	0	0	0	1	0	0	0
A	AG	20	114	1	1	BA1652	15276	9	10	0	0	0	0	0	0	0	0	0
A	AG	20	114	1	1	BA1652	15351	10	2	0	0	0	0	0	0	0	0	0
A	AG	20	114	1	1	BA1652	15352	2	6	0	0	0	0	0	0	0	0	0
A	AG	20	114	1	1	BA1652	15832	6	8	2	0	1	0	0	0	0	0	0
A	AG	20	114	1	1	BA1652	15842	8	7	0	0	0	0	0	0	0	0	0
A	AG	20	114	1	1	BA1652	15854	7	0	0	0	0	0	0	0	1	0	0
A	AG	20	114	1	1	BA1652	15857	7	8	2	0	1	0	0	0	0	0	0
A	AG	20	114	1	1	BA1652	15867	8	7	0	0	0	0	0	0	0	0	0
A	AG	20	114	1	1	BA1652	15876	7	0	0	0	0	0	0	0	1	0	0
A	AG	20	114	1	1	BA1652	15883	7	8	2	0	1	0	0	0	0	0	0
A	AG	20	114	1	1	BA1652	15885	8	0	0	0	0	0	0	0	1	0	0
A	AG	20	114	1	1	BA1652	15893	8	7	0	0	0	0	0	0	0	0	0
A	AG	20	114	1	1	BA1652	15899	7	8	2	0	1	0	0	0	0	0	0
A	AG	20	114	1	1	BA1652	15902	8	0	0	0	0	0	0	0	1	0	0
A	AG	20	114	1	1	BA1652	15909	8	7	0	0	0	0	0	0	0	0	0
A	AG	20	114	1	1	BA1652	15940	7	8	2	0	1	0	0	0	0	0	0
A	AG	20	114	1	1	BA1652	15948	8	0	0	0	0	0	0	0	1	0	0
A	AG	20	114	1	1	BA1652	15950	8	7	0	0	0	0	0	0	0	0	0
A	AG	20	114	1	1	BA1652	16093	7	8	2	0	1	0	0	0	0	0	0
A	AG	20	114	1	1	BA1652	16103	8	7	0	0	0	0	0	0	1	0	0
A	AG	20	114	1	1	BA1652	16117	7	8	2	0	1	0	0	0	0	0	0
A	AG	20	114	1	1	BA1652	16127	8	7	0	0	0	0	0	0	0	0	0
A	AG	20	114	1	1	BA1652	16132	7	0	0	0	0	0	0	0	1	0	0
A	AG	20	114	1	1	BA1652	16181	7	8	2	0	1	0	0	0	0	0	0
A	AG	20	114	1	1	BA1652	16186	8	0	0	0	0	0	0	0	1	0	0
A	AG	20	114	1	1	BA1652	16187	8	0	0	0	1	0	0	0	0	0	0
A	AG	20	114	1	1	BA1652	16191	8	7	0	0	0	0	0	0	0	0	0
A	AG	20	114	1	1	BA1652	16195	7	0	0	0	0	0	0	0	1	0	0
A	AG	20	114	1	1	BA1652	16198	7	8	2	0	1	0	0	0	0	0	0
A	AG	20	114	1	1	BA1652	16204	8	0	0	0	0	0	0	0	1	0	0
A	AG	20	114	1	1	BA1652	16206	8	0	0	0	1	0	0	0	0	0	0
A	AG	20	114	1	1	BA1652	16208	8	7	0	0	0	0	0	0	0	0	0
A	AG	20	114	1	1	BA1652	16213	7	0	0	0	0	0	0	0	1	0	0
A	AG	20	114	1	1	BA1652	16243	7	8	2	0	1	0	0	0	0	0	0
A	AG	20	114	1	1	BA1652	16247	8	0	0	0	0	0	0	0	1	0	0
A	AG	20	114	1	1	BA1652	16253	8	7	0	0	0	0	0	0	0	0	0
A	AG	20	114	1	1	BA1652	16262	7	8	2	0	1	0	0	0	0	0	0
A	AG	20	114	1	1	BA1652	16265	8	0	0	0	0	0	0	0	1	0	0
A	AG	20	114	1	1	BA1652	16268	8	0	0	0	1	0	0	0	0	0	0
A	AG	20	114	1	1	BA1652	16272	8	7	0	0	0	0	0	0	0	0	0
A	AG	20	114	1	1	BA1652	16282	7	0	0	0	0	0	0	0	1	0	0
A	AG	20	114	1	1	BA1652	16283	7	8	2	0	1	0	0	0	0	0	0
A	AG	20	114	1	1	BA1652	16289	8	0	0	0	0	0	0	0	1	0	0
A	AG	20	114	1	1	BA1652	16291	8	0	0	0	1	0	0	0	0	0	0
A	AG	20	114	1	1	BA1652	16293	8	7	0	0	0	0	0	0	0	0	0
A	AG	20	114	1	1	BA1652	16297	7	0	0	0	0	0	0	0	1	0	0
A	AG	20	114	1	1	BA1652	16299	7	8	2	0	1	0	0	0	0	0	0
A	AG	20	114	1	1	BA1652	16309	8	7	0	0	0	0	0	0	0	0	0
A	AG	20	114	1	1	BA1652	16332	7	0	0	0	0	0	0	0	1	0	0
A	AG	20	114	1	1	BA1652	16345	7	8	2	0	1	0	0	0	0	0	0
A	AG	20	114	1	1	BA1652	16353	8	0	0	0	0	0	0	0	1	0	0
A	AG	20	114	1	1	BA1652	16355	8	7	0	0	0	0	0	0	0	0	0
A	AG	20	114	1	1	BA1652	16357	7	8	2	0	1	0	0	0	0	0	0
A	AG	20	114	1	1	BA1652	16364	8	0	0	0	0	0	0	0	1	0	0
A	AG	20	114	1	1	BA1652	16366	8	0	0	0	1	0	0	0	0	0	0
A	AG	20	114	1	1	BA1652	16367	8	7	0	0	0	0	0	0	0	0	0
A	AG	20	114	1	1	BA1652	16377	7	0	0	0	0	0	0	0	1	0	0
A	AG	20	114	1	1	BA1652	16379	7	8	2	0	1	0	0	0	0	0	0
A	AG	20	114	1	1	BA1652	16389	8	7	0	0	0	0	0	0	0	0	0
A	AG	20	114	1	1	BA1652	16411	7	0	0	0	0	0	0	0	1	0	0
A	AG	20	114	1	1	BA1652	16422	7	8	2	0	1	0	0	0	0	0	0
A	AG	20	114	1	1	BA1652	16432	8	7	0	0	0	0	0	0	0	0	0
A	AG	20	114	1	1	BA1652	16436	7	0	0	0	0	0	0	0	1	0	0
A	AG	20	114	1	1	BA1652	16439	7	8	2	0	1	0	0	0	0	0	0
A	AG	20	114	1	1	BA1652	16449	8	7	0	0	0	0	0	0	0	0	0
A	AG	20	114	1	1	BA1652	16461	7	0	0	0	0	0	0	0	1	0	0
A	AG	20	114	1	1	BA1652	16465	7	8	2	0	1	0	0	0	0	0	0
A	AG	20	114	1	1	BA1652	16475	8	7	0	0	0	0	0	0	0	0	0
A	AG	20	114	1	1	BA1652	16478	7	0	0	0	0	0	0	0	1	0	0
A	AG	20	114	1	1	BA1652	16540	7	8	2	0	1	0	0	0	0	0	0
A	AG	20	114	1	1	BA1652	16543	8	0	0	0	0	0	0	0	1	0	0
A	AG	20	114	1	1	BA1652	16545	8	0	0	0	1	0	0	0	0	0	0
A	AG	20	114	1	1	BA1652	16550	8	9	0	0	0	0	0	0	1	0	0
A	AG	20	114	1	1	BA1652	16554	9	0	0	0	1	0	0	0	0	0	0
A	AG	20	114	1	1	BA1652	16560	9	10	0	0	0	0	0	0	0	0	0
A	AG	20	114	1	1	BA1652	16564	10	0	0	0	0	0	0	0	1	0	0
A	AG	20	114	1	1	BA1652	16635	10	2	0	0	0	0	0	0	0	0	0
A	AG	20	114	1	1	BA1652	16636	2	3	0	0	0	0	0	0	0	0	0
A	AG	20	114	1	1	BA1652	16676	3	5	1	1	0	0	0	0	0	0	0
A	AG	20	114	1	1	BA1652	16682	5	0	0	0	0	0	0	1	0	0	0
A	AG	20	114	1	1	BA1652	16686	5	4	0	0	0	0	0	0	0	0	0
A	AG	20	114	1	1	BA1652	16689	4	5	1	1	0	0	0	0	0	0	0
A	AG	20	114	1	1	BA1652	16699	5	4	0	0	0	0	0	0	0	0	0
A	AG	20	114	1	1	BA1652	16714	4	0	0	0	0	0	0	1	0	0	0
A	AG	20	114	1	1	BA1652	16717	4	5	1	1	0	0	0	0	0	0	0
A	AG	20	114	1	1	BA1652	16721	5	0	0	0	0	0	0	1	0	0	0
A	AG	20	114	1	1	BA1652	16723	5	0	0	1	0	0	0	0	0	0	0
A	AG	20	114	1	1	BA1652	16727	5	4	0	0	0	0	0	0	0	0	0
A	AG	20	114	1	1	BA1652	16728	4	0	0	0	0	0	0	1	0	0	0
A	AG	20	114	1	1	BA1652	16734	4	5	1	1	0	0	0	0	0	0	0
A	AG	20	114	1	1	BA1652	16744	5	4	0	0	0	0	0	0	0	0	0
A	AG	20	114	1	1	BA1652	16745	4	0	0	0	0	0	0	1	0	0	0
A	AG	20	114	1	1	BA1652	16749	4	5	1	1	0	0	0	0	0	0	0
A	AG	20	114	1	1	BA1652	16759	5	9	0	0	0	0	0	0	0	0	0
A	AG	20	114	1	1	BA1652	16765	9	0	0	0	0	0	0	1	0	0	0
A	AG	20	114	1	1	BA1652	16769	9	10	0	0	0	0	0	0	0	0	0
A	AG	20	114	1	1	BA1652	16844	10	2	0	0	0	0	0	0	0	0	0
A	AG	20	114	1	1	BA1652	16845	2	3	0	0	0	0	0	0	0	0	0
A	AG	20	114	1	1	BA1652	16895	3	5	1	1	0	0	0	0	0	0	0
A	AG	20	114	1	1	BA1652	16905	5	4	0	0	0	0	0	1	0	0	0
A	AG	20	114	1	1	BA1652	16910	4	5	1	1	0	0	0	0	0	0	0
A	AG	20	114	1	1	BA1652	16920	5	4	0	0	0	0	0	0	0	0	0
A	AG	20	114	1	1	BA1652	16928	4	0	0	0	0	0	0	1	0	0	0
A	AG	20	114	1	1	BA1652	16932	4	5	1	1	0	0	0	0	0	0	0
A	AG	20	114	1	1	BA1652	16942	5	4	0	0	0	0	0	0	0	0	0
A	AG	20	114	1	1	BA1652	16943	4	0	0	0	0	0	0	1	0	0	0
A	AG	20	114	1	1	BA1652	16947	4	5	1	1	0	0	0	0	0	0	0
A	AG	20	114	1	1	BA1652	16949	5	0	0	0	0	0	0	1	0	0	0
A	AG	20	114	1	1	BA1652	16950	5	0	0	1	0	0	0	0	0	0	0
A	AG	20	114	1	1	BA1652	16957	5	4	0	0	0	0	0	0	0	0	0
A	AG	20	114	1	1	BA1652	16962	4	0	0	0	0	0	0	1	0	0	0
A	AG	20	114	1	1	BA1652	16965	4	5	1	1	0	0	0	0	0	0	0
A	AG	20	114	1	1	BA1652	16975	5	9	0	0	0	0	0	0	0	0	0
A	AG	20	114	1	1	BA1652	16978	9	0	0	0	0	0	0	1	0	0	0
A	AG	20	114	1	1	BA1652	16985	9	10	0	0	0	0	0	0	0	0	0
A	AG	20	114	1	1	BA1652	17060	10	2	0	0	0	0	0	0	0	0	0
A	AG	20	114	1	1	BA1652	17061	2	3	0	0	0	0	0	0	0	0	0
A	AG	20	114	1	1	BA1652	17137	3	5	1	1	0	0	0	0	0	0	0
A	AG	20	114	1	1	BA1652	17147	5	4	0	0	0	0	0	0	0	0	0
A	AG	20	114	1	1	BA1652	17150	4	0	0	0	0	0	0	1	0	0	0
A	AG	20	114	1	1	BA1652	17151	4	5	1	1	0	0	0	0	0	0	0
A	AG	20	114	1	1	BA1652	17161	5	4	0	0	0	0	0	0	0	0	0
A	AG	20	114	1	1	BA1652	17163	4	0	0	0	0	0	0	1	0	0	0
A	AG	20	114	1	1	BA1652	17164	4	5	1	1	0	0	0	0	0	0	0
A	AG	20	114	1	1	BA1652	17174	5	4	0	0	0	0	0	0	0	0	0
A	AG	20	114	1	1	BA1652	17184	4	0	0	0	0	0	0	1	0	0	0
A	AG	20	114	1	1	BA1652	17186	4	5	1	1	0	0	0	0	0	0	0
A	AG	20	114	1	1	BA1652	17196	5	4	0	0	0	0	0	0	0	0	0
A	AG	20	114	1	1	BA1652	17202	4	0	0	0	0	0	0	1	0	0	0
A	AG	20	114	1	1	BA1652	17206	4	5	1	1	0	0	0	0	0	0	0
A	AG	20	114	1	1	BA1652	17213	5	0	0	0	0	0	0	1	0	0	0
A	AG	20	114	1	1	BA1652	17216	5	9	0	0	0	0	0	0	0	0	0
A	AG	20	114	1	1	BA1652	17224	9	0	0	1	0	0	0	0	0	0	0
A	AG	20	114	1	1	BA1652	17226	9	10	0	0	0	0	0	1	0	0	0
A	AG	20	114	1	1	BA1652	17301	10	2	0	0	0	0	0	0	0	0	0
A	AG	20	114	1	1	BA1652	17302	2	6	0	0	0	0	0	0	0	0	0
A	AG	20	114	1	1	BA1652	18526	6	8	2	0	1	0	0	0	0	0	0
A	AG	20	114	1	1	BA1652	18532	8	0	0	0	0	0	0	0	1	0	0
A	AG	20	114	1	1	BA1652	18536	8	7	0	0	0	0	0	0	0	0	0
A	AG	20	114	1	1	BA1652	18644	7	8	2	0	1	0	0	0	0	0	0
A	AG	20	114	1	1	BA1652	18651	8	0	0	0	0	0	0	0	1	0	0
A	AG	20	114	1	1	BA1652	18653	8	0	0	0	1	0	0	0	0	0	0
A	AG	20	114	1	1	BA1652	18654	8	7	0	0	0	0	0	0	0	0	0
A	AG	20	114	1	1	BA1652	18671	7	0	0	0	0	0	0	0	1	0	0
A	AG	20	114	1	1	BA1652	18676	7	8	2	0	1	0	0	0	0	0	0
A	AG	20	114	1	1	BA1652	18682	8	0	0	0	0	0	0	0	1	0	0
A	AG	20	114	1	1	BA1652	18684	8	0	0	0	1	0	0	0	0	0	0
A	AG	20	114	1	1	BA1652	18686	8	7	0	0	0	0	0	0	1	0	0
A	AG	20	114	1	1	BA1652	18723	7	8	2	0	1	0	0	0	0	0	0
A	AG	20	114	1	1	BA1652	18732	8	0	0	0	0	0	0	0	1	0	0
A	AG	20	114	1	1	BA1652	18733	8	7	0	0	0	0	0	0	0	0	0
A	AG	20	114	1	1	BA1652	18807	7	8	2	0	1	0	0	0	0	0	0
A	AG	20	114	1	1	BA1652	18811	8	0	0	0	0	0	0	0	1	0	0
A	AG	20	114	1	1	BA1652	18817	8	7	0	0	0	0	0	0	0	0	0
A	AG	20	114	1	1	BA1652	18821	7	8	2	0	1	0	0	0	0	0	0
A	AG	20	114	1	1	BA1652	18825	8	0	0	0	0	0	0	0	1	0	0
A	AG	20	114	1	1	BA1652	18831	8	7	0	0	0	0	0	0	0	0	0
A	AG	20	114	1	1	BA1652	18853	7	8	2	0	1	0	0	0	0	0	0
A	AG	20	114	1	1	BA1652	18854	8	0	0	0	0	0	0	0	1	0	0
A	AG	20	114	1	1	BA1652	18863	8	7	0	0	0	0	0	0	0	0	0
A	AG	20	114	1	1	BA1652	18882	7	8	2	0	1	0	0	0	0	0	0
A	AG	20	114	1	1	BA1652	18888	8	0	0	0	0	0	0	0	1	0	0
A	AG	20	114	1	1	BA1652	18889	8	0	0	0	1	0	0	0	0	0	0
A	AG	20	114	1	1	BA1652	18892	8	7	0	0	0	0	0	0	0	0	0
A	AG	20	114	1	1	BA1652	18899	7	0	0	0	0	0	0	0	1	0	0
A	AG	20	114	1	1	BA1652	18960	7	8	2	0	1	0	0	0	0	0	0
A	AG	20	114	1	1	BA1652	18970	8	7	0	0	0	0	0	0	0	0	0
A	AG	20	114	1	1	BA1652	19004	7	0	0	0	0	0	0	0	1	0	0
A	AG	20	114	1	1	BA1652	19007	7	8	2	0	1	0	0	0	0	0	0
A	AG	20	114	1	1	BA1652	19013	8	0	0	0	0	0	0	0	1	0	0
A	AG	20	114	1	1	BA1652	19016	8	0	0	0	1	0	0	0	0	0	0
A	AG	20	114	1	1	BA1652	19017	8	7	0	0	0	0	0	0	0	0	0
A	AG	20	114	1	1	BA1652	19040	7	0	0	0	0	0	0	0	1	0	0
A	AG	20	114	1	1	BA1652	19043	7	8	2	0	1	0	0	0	0	0	0
A	AG	20	114	1	1	BA1652	19048	8	0	0	0	0	0	0	0	1	0	0
A	AG	20	114	1	1	BA1652	19053	8	7	0	0	0	0	0	0	0	0	0
A	AG	20	114	1	1	BA1652	19057	7	8	2	0	1	0	0	0	0	0	0
A	AG	20	114	1	1	BA1652	19064	8	0	0	0	0	0	0	0	1	0	0
A	AG	20	114	1	1	BA1652	19067	8	7	0	0	0	0	0	0	0	0	0
A	AG	20	114	1	1	BA1652	19083	7	8	2	0	1	0	0	0	0	0	0
A	AG	20	114	1	1	BA1652	19088	8	0	0	0	0	0	0	0	1	0	0
A	AG	20	114	1	1	BA1652	19093	8	7	0	0	1	0	0	0	0	0	0
A	AG	20	114	1	1	BA1652	19095	7	0	0	0	0	0	0	0	1	0	0
A	AG	20	114	1	1	BA1652	19124	7	8	2	0	1	0	0	0	0	0	0
A	AG	20	114	1	1	BA1652	19134	8	7	0	0	0	0	0	0	0	0	0
A	AG	20	114	1	1	BA1652	19153	7	8	2	0	1	0	0	0	1	0	0
A	AG	20	114	1	1	BA1652	19161	8	0	0	0	0	0	0	0	1	0	0
A	AG	20	114	1	1	BA1652	19163	8	7	0	0	0	0	0	0	0	0	0
A	AG	20	114	1	1	BA1652	19248	7	8	2	0	1	0	0	0	0	0	0
A	AG	20	114	1	1	BA1652	19253	8	0	0	0	0	0	0	0	1	0	0
A	AG	20	114	1	1	BA1652	19258	8	7	0	0	0	0	0	0	0	0	0
A	AG	20	114	1	1	BA1652	19269	7	8	2	0	1	0	0	0	0	0	0
A	AG	20	114	1	1	BA1652	19276	8	0	0	0	0	0	0	0	1	0	0
A	AG	20	114	1	1	BA1652	19279	8	7	0	0	0	0	0	0	0	0	0
A	AG	20	114	1	1	BA1652	19281	7	8	2	0	1	0	0	0	0	0	0
A	AG	20	114	1	1	BA1652	19289	8	0	0	0	0	0	0	0	1	0	0
A	AG	20	114	1	1	BA1652	19291	8	7	0	0	0	0	0	0	0	0	0
A	AG	20	114	1	1	BA1652	19310	7	8	2	0	1	0	0	0	0	0	0
A	AG	20	114	1	1	BA1652	19320	8	7	0	0	0	0	0	0	0	0	0
A	AG	20	114	1	1	BA1652	19325	7	0	0	0	0	0	0	0	1	0	0
A	AG	20	114	1	1	BA1652	19326	7	8	2	0	1	0	0	0	0	0	0
A	AG	20	114	1	1	BA1652	19332	8	0	0	0	0	0	0	0	1	0	0
A	AG	20	114	1	1	BA1652	19336	8	9	0	0	1	0	0	0	0	0	0
A	AG	20	114	1	1	BA1652	19346	9	10	0	0	0	0	0	0	0	0	0
A	AG	20	114	1	1	BA1652	19366	10	0	0	0	0	0	0	0	1	0	0
A	AG	20	114	1	1	BA1652	19421	10	2	0	0	0	0	0	0	0	0	0
A	AG	20	114	1	1	BA1652	19422	2	6	0	0	0	0	0	0	0	0	0
A	AG	20	114	1	1	BA1652	19602	6	8	2	0	1	0	0	0	0	0	0
A	AG	20	114	1	1	BA1652	19609	8	0	0	0	0	0	0	0	1	0	0
A	AG	20	114	1	1	BA1652	19612	8	7	0	0	0	0	0	0	0	0	0
A	AG	20	114	1	1	BA1652	19616	7	8	2	0	1	0	0	0	0	0	0
A	AG	20	114	1	1	BA1652	19621	8	0	0	0	0	0	0	0	1	0	0
A	AG	20	114	1	1	BA1652	19626	8	7	0	0	0	0	0	0	0	0	0
A	AG	20	114	1	1	BA1652	19661	7	8	2	0	1	0	0	0	0	0	0
A	AG	20	114	1	1	BA1652	19670	8	0	0	0	0	0	0	0	1	0	0
A	AG	20	114	1	1	BA1652	19671	8	7	0	0	0	0	0	0	0	0	0
A	AG	20	114	1	1	BA1652	19792	7	8	2	0	1	0	0	0	0	0	0
A	AG	20	114	1	1	BA1652	19802	8	7	0	0	0	0	0	0	0	0	0
A	AG	20	114	1	1	BA1652	19804	7	0	0	0	0	0	0	0	1	0	0
A	AG	20	114	1	1	BA1652	19805	7	8	2	0	1	0	0	0	0	0	0
A	AG	20	114	1	1	BA1652	19811	8	0	0	0	0	0	0	0	1	0	0
A	AG	20	114	1	1	BA1652	19815	8	7	0	0	0	0	0	0	0	0	0
A	AG	20	114	1	1	BA1652	19816	7	8	2	0	1	0	0	0	0	0	0
A	AG	20	114	1	1	BA1652	19820	8	0	0	0	0	0	0	0	1	0	0
A	AG	20	114	1	1	BA1652	19826	8	7	0	0	0	0	0	0	0	0	0
A	AG	20	114	1	1	BA1652	19850	7	8	2	0	1	0	0	0	0	0	0
A	AG	20	114	1	1	BA1652	19858	8	0	0	0	0	0	0	0	1	0	0
A	AG	20	114	1	1	BA1652	19860	8	7	0	0	0	0	0	0	0	0	0
A	AG	20	114	1	1	BA1652	19861	7	8	2	0	1	0	0	0	0	0	0
A	AG	20	114	1	1	BA1652	19871	8	7	0	0	0	0	0	0	0	0	0
A	AG	20	114	1	1	BA1652	19881	7	0	0	0	0	0	0	0	1	0	0
A	AG	20	114	1	1	BA1652	19889	7	8	2	0	1	0	0	0	0	0	0
A	AG	20	114	1	1	BA1652	19899	8	7	0	0	0	0	0	0	0	0	0
A	AG	20	114	1	1	BA1652	19903	7	0	0	0	0	0	0	0	1	0	0
A	AG	20	114	1	1	BA1652	19915	7	8	2	0	1	0	0	0	0	0	0
A	AG	20	114	1	1	BA1652	19916	8	0	0	0	0	0	0	0	1	0	0
A	AG	20	114	1	1	BA1652	19920	8	0	0	0	1	0	0	0	0	0	0
A	AG	20	114	1	1	BA1652	19921	8	0	0	0	0	0	0	0	1	0	0
A	AG	20	114	1	1	BA1652	19925	8	7	0	0	0	0	0	0	0	0	0
A	AG	20	114	1	1	BA1652	19984	7	8	2	0	1	0	0	0	0	0	0
A	AG	20	114	1	1	BA1652	19985	8	0	0	0	0	0	0	0	1	0	0
A	AG	20	114	1	1	BA1652	19986	8	0	0	0	1	0	0	0	0	0	0
A	AG	20	114	1	1	BA1652	19994	8	7	0	0	0	0	0	0	0	0	0
A	AG	20	114	1	1	BA1652	20010	7	0	0	0	0	0	0	0	1	0	0
A	AG	20	114	1	1	BA1652	20012	7	8	2	0	1	0	0	0	0	0	0
A	AG	20	114	1	1	BA1652	20022	8	7	0	0	0	0	0	0	0	0	0
A	AG	20	114	1	1	BA1652	20047	7	0	0	0	0	0	0	0	1	0	0
A	AG	20	114	1	1	BA1652	20050	7	8	2	0	1	0	0	0	0	0	0
A	AG	20	114	1	1	BA1652	20056	8	0	0	0	0	0	0	0	1	0	0
A	AG	20	114	1	1	BA1652	20059	8	0	0	0	1	0	0	0	0	0	0
A	AG	20	114	1	1	BA1652	20060	8	7	0	0	0	0	0	0	0	0	0
A	AG	20	114	1	1	BA1652	20079	7	0	0	0	0	0	0	0	1	0	0
A	AG	20	114	1	1	BA1652	20080	7	8	2	0	1	0	0	0	0	0	0
A	AG	20	114	1	1	BA1652	20081	8	0	0	0	0	0	0	0	1	0	0
A	AG	20	114	1	1	BA1652	20090	8	7	0	0	0	0	0	0	0	0	0
A	AG	20	114	1	1	BA1652	20093	7	8	2	0	1	0	0	0	0	0	0
A	AG	20	114	1	1	BA1652	20103	8	7	0	0	0	0	0	0	0	0	0
A	AG	20	114	1	1	BA1652	20109	7	0	0	0	0	0	0	0	1	0	0
A	AG	20	114	1	1	BA1652	20119	7	8	2	0	1	0	0	0	0	0	0
A	AG	20	114	1	1	BA1652	20125	8	0	0	0	0	0	0	0	1	0	0
A	AG	20	114	1	1	BA1652	20129	8	7	0	0	0	0	0	0	0	0	0
A	AG	20	114	1	1	BA1652	20183	7	8	2	0	1	0	0	0	0	0	0
A	AG	20	114	1	1	BA1652	20193	8	7	0	0	0	0	0	0	0	0	0
A	AG	20	114	1	1	BA1652	20198	7	0	0	0	0	0	0	0	1	0	0
A	AG	20	114	1	1	BA1652	20202	7	8	2	0	1	0	0	0	0	0	0
A	AG	20	114	1	1	BA1652	20212	8	7	0	0	0	0	0	0	0	0	0
A	AG	20	114	1	1	BA1652	20245	7	0	0	0	0	0	0	0	1	0	0
A	AG	20	114	1	1	BA1652	20266	7	8	2	0	1	0	0	0	0	0	0
A	AG	20	114	1	1	BA1652	20276	8	7	0	0	0	0	0	0	0	0	0
A	AG	20	114	1	1	BA1652	20279	7	0	0	0	0	0	0	0	1	0	0
A	AG	20	114	1	1	BA1652	20284	7	8	2	0	1	0	0	0	0	0	0
A	AG	20	114	1	1	BA1652	20294	8	9	0	0	1	0	0	0	1	0	0
A	AG	20	114	1	1	BA1652	20298	9	0	0	0	0	0	0	0	1	0	0
A	AG	20	114	1	1	BA1652	20304	9	10	0	0	0	0	0	0	0	0	0
A	AG	20	114	1	1	BA1652	20305	10	0	0	0	1	0	0	0	0	0	0
A	AG	20	114	1	1	BA1652	20309	10	0	0	0	0	0	0	0	1	0	0
A	AG	20	114	1	1	BA1652	20379	10	2	0	0	0	0	0	0	0	0	0
A	AG	20	114	1	1	BA1652	20380	2	6	0	0	0	0	0	0	0	0	0
A	AG	20	114	1	1	BA1652	20684	6	8	2	0	1	0	0	0	0	0	0
A	AG	20	114	1	1	BA1652	20688	8	0	0	0	0	0	0	0	1	0	0
A	AG	20	114	1	1	BA1652	20692	8	0	0	0	1	0	0	0	0	0	0
A	AG	20	114	1	1	BA1652	20694	8	7	0	0	0	0	0	0	0	0	0
A	AG	20	114	1	1	BA1652	20720	7	0	0	0	0	0	0	0	1	0	0
A	AG	20	114	1	1	BA1652	20727	7	8	2	0	1	0	0	0	0	0	0
A	AG	20	114	1	1	BA1652	20737	8	7	0	0	0	0	0	0	0	0	0
A	AG	20	114	1	1	BA1652	20775	7	0	0	0	0	0	0	0	1	0	0
A	AG	20	114	1	1	BA1652	20795	7	8	2	0	1	0	0	0	0	0	0
A	AG	20	114	1	1	BA1652	20799	8	0	0	0	0	0	0	0	1	0	0
A	AG	20	114	1	1	BA1652	20803	8	0	0	0	1	0	0	0	0	0	0
A	AG	20	114	1	1	BA1652	20805	8	7	0	0	0	0	0	0	0	0	0
A	AG	20	114	1	1	BA1652	20809	7	0	0	0	0	0	0	0	1	0	0
A	AG	20	114	1	1	BA1652	20814	7	8	2	0	1	0	0	0	0	0	0
A	AG	20	114	1	1	BA1652	20820	8	0	0	0	0	0	0	0	1	0	0
A	AG	20	114	1	1	BA1652	20824	8	7	0	0	1	0	0	0	0	0	0
A	AG	20	114	1	1	BA1652	20834	7	0	0	0	0	0	0	0	1	0	0
A	AG	20	114	1	1	BA1652	20840	7	8	2	0	1	0	0	0	0	0	0
A	AG	20	114	1	1	BA1652	20850	8	7	0	0	0	0	0	0	0	0	0
A	AG	20	114	1	1	BA1652	20903	7	0	0	0	0	0	0	0	1	0	0
A	AG	20	114	1	1	BA1652	20906	7	8	2	0	1	0	0	0	0	0	0
A	AG	20	114	1	1	BA1652	20916	8	7	0	0	0	0	0	0	0	0	0
A	AG	20	114	1	1	BA1652	20925	7	0	0	0	0	0	0	0	1	0	0
A	AG	20	114	1	1	BA1652	20929	7	8	2	0	1	0	0	0	0	0	0
A	AG	20	114	1	1	BA1652	20939	8	7	0	0	0	0	0	0	0	0	0
A	AG	20	114	1	1	BA1652	20960	7	0	0	0	0	0	0	0	1	0	0
A	AG	20	114	1	1	BA1652	20963	7	8	2	0	1	0	0	0	0	0	0
A	AG	20	114	1	1	BA1652	20973	8	7	0	0	0	0	0	0	0	0	0
A	AG	20	114	1	1	BA1652	21000	7	0	0	0	0	0	0	0	1	0	0
A	AG	20	114	1	1	BA1652	21023	7	8	2	0	1	0	0	0	0	0	0
A	AG	20	114	1	1	BA1652	21030	8	0	0	0	0	0	0	0	1	0	0
A	AG	20	114	1	1	BA1652	21033	8	7	0	0	1	0	0	0	0	0	0
A	AG	20	114	1	1	BA1652	21052	7	0	0	0	0	0	0	0	1	0	0
A	AG	20	114	1	1	BA1652	21074	7	8	2	0	1	0	0	0	0	0	0
A	AG	20	114	1	1	BA1652	21078	8	0	0	0	0	0	0	0	1	0	0
A	AG	20	114	1	1	BA1652	21084	8	7	0	0	1	0	0	0	0	0	0
A	AG	20	114	1	1	BA1652	21091	7	0	0	0	0	0	0	0	1	0	0
A	AG	20	114	1	1	BA1652	21096	7	8	2	0	1	0	0	0	0	0	0
A	AG	20	114	1	1	BA1652	21106	8	7	0	0	0	0	0	0	0	0	0
A	AG	20	114	1	1	BA1652	21123	7	0	0	0	0	0	0	0	1	0	0
A	AG	20	114	1	1	BA1652	21127	7	8	2	0	1	0	0	0	0	0	0
A	AG	20	114	1	1	BA1652	21137	8	7	0	0	0	0	0	0	0	0	0
A	AG	20	114	1	1	BA1652	21155	7	0	0	0	0	0	0	0	1	0	0
A	AG	20	114	1	1	BA1652	21159	7	8	2	0	1	0	0	0	0	0	0
A	AG	20	114	1	1	BA1652	21161	8	0	0	0	0	0	0	0	1	0	0
A	AG	20	114	1	1	BA1652	21169	8	7	0	0	0	0	0	0	0	0	0
A	AG	20	114	1	1	BA1652	21270	7	8	2	0	1	0	0	0	0	0	0
A	AG	20	114	1	1	BA1652	21276	8	0	0	0	0	0	0	0	1	0	0
A	AG	20	114	1	1	BA1652	21278	8	0	0	0	1	0	0	0	0	0	0
A	AG	20	114	1	1	BA1652	21280	8	7	0	0	0	0	0	0	0	0	0
A	AG	20	114	1	1	BA1652	21307	7	0	0	0	0	0	0	0	1	0	0
A	AG	20	114	1	1	BA1652	21309	7	8	2	0	1	0	0	0	0	0	0
A	AG	20	114	1	1	BA1652	21319	8	7	0	0	0	0	0	0	0	0	0
A	AG	20	114	1	1	BA1652	21338	7	0	0	0	0	0	0	0	1	0	0
A	AG	20	114	1	1	BA1652	21366	7	8	2	0	1	0	0	0	0	0	0
A	AG	20	114	1	1	BA1652	21370	8	0	0	0	0	0	0	0	1	0	0
A	AG	20	114	1	1	BA1652	21376	8	7	0	0	0	0	0	0	0	0	0
A	AG	20	114	1	1	BA1652	21379	7	8	2	0	1	0	0	0	0	0	0
A	AG	20	114	1	1	BA1652	21385	8	0	0	0	0	0	0	0	1	0	0
A	AG	20	114	1	1	BA1652	21389	8	7	0	0	0	0	0	0	0	0	0
A	AG	20	114	1	1	BA1652	21400	7	8	2	0	1	0	0	0	0	0	0
A	AG	20	114	1	1	BA1652	21405	8	0	0	0	0	0	0	0	1	0	0
A	AG	20	114	1	1	BA1652	21408	8	0	0	0	1	0	0	0	0	0	0
A	AG	20	114	1	1	BA1652	21410	8	7	0	0	0	0	0	0	0	0	0
A	AG	20	114	1	1	BA1652	21413	7	0	0	0	0	0	0	0	1	0	0
A	AG	20	114	1	1	BA1652	21446	7	8	2	0	1	0	0	0	0	0	0
A	AG	20	114	1	1	BA1652	21456	8	7	0	0	0	0	0	0	0	0	0
A	AG	20	114	1	1	BA1652	21460	7	0	0	0	0	0	0	0	1	0	0
A	AG	20	114	1	1	BA1652	21502	7	8	2	0	1	0	0	0	0	0	0
A	AG	20	114	1	1	BA1652	21512	8	9	0	0	0	0	0	0	0	0	0
A	AG	20	114	1	1	BA1652	21513	9	0	0	0	0	0	0	0	1	0	0
A	AG	20	114	1	1	BA1652	21522	9	10	0	0	0	0	0	0	0	0	0
A	AG	20	114	1	1	BA1652	21597	10	2	0	0	0	0	0	0	0	0	0
A	AG	20	114	1	1	BA1652	21598	2	3	0	0	0	0	0	0	0	0	0
A	AG	20	114	1	1	BA1652	21653	3	5	1	1	0	0	0	0	0	0	0
A	AG	20	114	1	1	BA1652	21663	5	4	0	0	0	0	0	0	0	0	0
A	AG	20	114	1	1	BA1652	21664	4	0	0	0	0	0	0	1	0	0	0
A	AG	20	114	1	1	BA1652	21665	4	5	1	1	0	0	0	0	0	0	0
A	AG	20	114	1	1	BA1652	21675	5	4	0	1	0	0	0	1	0	0	0
A	AG	20	114	1	1	BA1652	21677	4	5	1	1	0	0	0	1	0	0	0
A	AG	20	114	1	1	BA1652	21680	5	0	0	0	0	0	0	1	0	0	0
A	AG	20	114	1	1	BA1652	21681	5	0	0	1	0	0	0	0	0	0	0
A	AG	20	114	1	1	BA1652	21687	5	4	0	0	0	0	0	0	0	0	0
A	AG	20	114	1	1	BA1652	21689	4	0	0	0	0	0	0	1	0	0	0
A	AG	20	114	1	1	BA1652	21694	4	5	1	1	0	0	0	0	0	0	0
A	AG	20	114	1	1	BA1652	21701	5	0	0	0	0	0	0	1	0	0	0
A	AG	20	114	1	1	BA1652	21704	5	4	0	0	0	0	0	0	0	0	0
A	AG	20	114	1	1	BA1652	21706	4	5	1	1	0	0	0	0	0	0	0
A	AG	20	114	1	1	BA1652	21714	5	0	0	0	0	0	0	1	0	0	0
A	AG	20	114	1	1	BA1652	21715	5	0	0	1	0	0	0	0	0	0	0
A	AG	20	114	1	1	BA1652	21716	5	9	0	0	0	0	0	0	0	0	0
A	AG	20	114	1	1	BA1652	21722	9	0	0	0	0	0	0	1	0	0	0
A	AG	20	114	1	1	BA1652	21726	9	10	0	0	0	0	0	0	0	0	0
A	AG	20	114	1	1	BA1652	21801	10	2	0	0	0	0	0	0	0	0	0
A	AG	20	114	1	1	BA1652	21802	2	3	0	0	0	0	0	0	0	0	0
A	AG	20	114	1	1	BA1652	21853	3	5	1	1	0	0	0	0	0	0	0
A	AG	20	114	1	1	BA1652	21863	5	4	0	0	0	0	0	0	0	0	0
A	AG	20	114	1	1	BA1652	21894	4	0	0	0	0	0	0	1	0	0	0
A	AG	20	114	1	1	BA1652	21895	4	5	1	1	0	0	0	0	0	0	0
A	AG	20	114	1	1	BA1652	21905	5	4	0	0	0	0	0	0	0	0	0
A	AG	20	114	1	1	BA1652	21912	4	0	0	0	0	0	0	1	0	0	0
A	AG	20	114	1	1	BA1652	21915	4	5	1	1	0	0	0	0	0	0	0
A	AG	20	114	1	1	BA1652	21925	5	4	0	0	0	0	0	0	0	0	0
A	AG	20	114	1	1	BA1652	21926	4	0	0	0	0	0	0	1	0	0	0
A	AG	20	114	1	1	BA1652	21929	4	5	1	1	0	0	0	0	0	0	0
A	AG	20	114	1	1	BA1652	21935	5	0	0	0	0	0	0	1	0	0	0
A	AG	20	114	1	1	BA1652	21939	5	4	0	0	0	0	0	0	0	0	0
A	AG	20	114	1	1	BA1652	21982	4	5	1	1	0	0	0	0	0	0	0
A	AG	20	114	1	1	BA1652	21987	5	0	0	0	0	0	0	1	0	0	0
A	AG	20	114	1	1	BA1652	21992	5	9	0	0	0	0	0	0	0	0	0
A	AG	20	114	1	1	BA1652	22002	9	10	0	0	0	0	0	0	0	0	0
A	AG	20	114	1	1	BA1652	22077	10	2	0	0	0	0	0	0	0	0	0
A	AG	20	114	1	1	BA1652	22078	2	6	0	0	0	0	0	0	0	0	0
A	AG	20	114	1	1	BA1652	22696	6	8	2	0	1	0	0	0	0	0	0
A	AG	20	114	1	1	BA1652	22706	8	7	0	0	0	0	0	0	0	0	0
A	AG	20	114	1	1	BA1652	22710	7	0	0	0	0	0	0	0	1	0	0
A	AG	20	114	1	1	BA1652	22766	7	8	2	0	1	0	0	0	0	0	0
A	AG	20	114	1	1	BA1652	22776	8	7	0	0	0	0	0	0	1	0	0
A	AG	20	114	1	1	BA1652	22786	7	8	2	0	1	0	0	0	0	0	0
A	AG	20	114	1	1	BA1652	22796	8	7	0	0	0	0	0	0	0	0	0
A	AG	20	114	1	1	BA1652	22798	7	0	0	0	0	0	0	0	1	0	0
A	AG	20	114	1	1	BA1652	22805	7	8	2	0	1	0	0	0	0	0	0
A	AG	20	114	1	1	BA1652	22809	8	0	0	0	0	0	0	0	1	0	0
A	AG	20	114	1	1	BA1652	22815	8	7	0	0	0	0	0	0	0	0	0
A	AG	20	114	1	1	BA1652	22828	7	8	2	0	1	0	0	0	0	0	0
A	AG	20	114	1	1	BA1652	22833	8	0	0	0	0	0	0	0	1	0	0
A	AG	20	114	1	1	BA1652	22838	8	7	0	0	0	0	0	0	0	0	0
A	AG	20	114	1	1	BA1652	22849	7	8	2	0	1	0	0	0	0	0	0
A	AG	20	114	1	1	BA1652	22854	8	0	0	0	0	0	0	0	1	0	0
A	AG	20	114	1	1	BA1652	22856	8	0	0	0	1	0	0	0	0	0	0
A	AG	20	114	1	1	BA1652	22859	8	7	0	0	0	0	0	0	0	0	0
A	AG	20	114	1	1	BA1652	22869	7	0	0	0	0	0	0	0	1	0	0
A	AG	20	114	1	1	BA1652	22928	7	8	2	0	1	0	0	0	0	0	0
A	AG	20	114	1	1	BA1652	22938	8	7	0	0	0	0	0	0	0	0	0
A	AG	20	114	1	1	BA1652	22943	7	0	0	0	0	0	0	0	1	0	0
A	AG	20	114	1	1	BA1652	22947	7	8	2	0	1	0	0	0	0	0	0
A	AG	20	114	1	1	BA1652	22957	8	7	0	0	0	0	0	0	0	0	0
A	AG	20	114	1	1	BA1652	22960	7	0	0	0	0	0	0	0	1	0	0
A	AG	20	114	1	1	BA1652	23006	7	8	2	0	1	0	0	0	0	0	0
A	AG	20	114	1	1	BA1652	23009	8	0	0	0	0	0	0	0	1	0	0
A	AG	20	114	1	1	BA1652	23010	8	0	0	0	1	0	0	0	0	0	0
A	AG	20	114	1	1	BA1652	23012	8	0	0	0	0	0	0	0	1	0	0
A	AG	20	114	1	1	BA1652	23016	8	7	0	0	0	0	0	0	0	0	0
A	AG	20	114	1	1	BA1652	23022	7	8	2	0	1	0	0	0	0	0	0
A	AG	20	114	1	1	BA1652	23028	8	0	0	0	0	0	0	0	1	0	0
A	AG	20	114	1	1	BA1652	23032	8	7	0	0	0	0	0	0	0	0	0
A	AG	20	114	1	1	BA1652	23102	7	8	2	0	1	0	0	0	0	0	0
A	AG	20	114	1	1	BA1652	23109	8	0	0	0	0	0	0	0	1	0	0
A	AG	20	114	1	1	BA1652	23112	8	7	0	0	1	0	0	0	0	0	0
A	AG	20	114	1	1	BA1652	23115	7	0	0	0	0	0	0	0	1	0	0
A	AG	20	114	1	1	BA1652	23128	7	8	2	0	1	0	0	0	0	0	0
A	AG	20	114	1	1	BA1652	23138	8	7	0	0	0	0	0	0	0	0	0
A	AG	20	114	1	1	BA1652	23139	7	0	0	0	0	0	0	0	1	0	0
A	AG	20	114	1	1	BA1652	23205	7	8	2	0	1	0	0	0	0	0	0
A	AG	20	114	1	1	BA1652	23215	8	7	0	0	0	0	0	0	0	0	0
A	AG	20	114	1	1	BA1652	23220	7	0	0	0	0	0	0	0	1	0	0
A	AG	20	114	1	1	BA1652	23221	7	8	2	0	1	0	0	0	0	0	0
A	AG	20	114	1	1	BA1652	23231	8	7	0	0	0	0	0	0	0	0	0
A	AG	20	114	1	1	BA1652	23240	7	0	0	0	0	0	0	0	1	0	0
A	AG	20	114	1	1	BA1652	23241	7	8	2	0	1	0	0	0	0	0	0
A	AG	20	114	1	1	BA1652	23247	8	0	0	0	0	0	0	0	1	0	0
A	AG	20	114	1	1	BA1652	23249	8	0	0	0	1	0	0	0	0	0	0
A	AG	20	114	1	1	BA1652	23251	8	7	0	0	0	0	0	0	0	0	0
A	AG	20	114	1	1	BA1652	23274	7	0	0	0	0	0	0	0	1	0	0
A	AG	20	114	1	1	BA1652	23280	7	8	2	0	1	0	0	0	0	0	0
A	AG	20	114	1	1	BA1652	23282	8	0	0	0	0	0	0	0	1	0	0
A	AG	20	114	1	1	BA1652	23290	8	7	0	0	0	0	0	0	0	0	0
A	AG	20	114	1	1	BA1652	23310	7	8	2	0	1	0	0	0	0	0	0
A	AG	20	114	1	1	BA1652	23314	8	0	0	0	0	0	0	0	1	0	0
A	AG	20	114	1	1	BA1652	23320	8	7	0	0	0	0	0	0	0	0	0
A	AG	20	114	1	1	BA1652	23334	7	8	2	0	1	0	0	0	0	0	0
A	AG	20	114	1	1	BA1652	23336	8	0	0	0	0	0	0	0	1	0	0
A	AG	20	114	1	1	BA1652	23344	8	7	0	0	0	0	0	0	0	0	0
A	AG	20	114	1	1	BA1652	23372	7	8	2	0	1	0	0	0	0	0	0
A	AG	20	114	1	1	BA1652	23374	8	0	0	0	0	0	0	0	1	0	0
A	AG	20	114	1	1	BA1652	23378	8	0	0	0	1	0	0	0	0	0	0
A	AG	20	114	1	1	BA1652	23382	8	7	0	0	0	0	0	0	0	0	0
A	AG	20	114	1	1	BA1652	23383	7	0	0	0	0	0	0	0	1	0	0
A	AG	20	114	1	1	BA1652	23392	7	8	2	0	1	0	0	0	0	0	0
A	AG	20	114	1	1	BA1652	23400	8	0	0	0	0	0	0	0	1	0	0
A	AG	20	114	1	1	BA1652	23402	8	9	0	0	0	0	0	0	0	0	0
A	AG	20	114	1	1	BA1652	23412	9	10	0	0	0	0	0	0	0	0	0
A	AG	20	114	1	1	BA1652	23487	10	2	0	0	0	0	0	0	0	0	0
A	AG	20	114	1	1	BA1652	23488	2	6	0	0	0	0	0	0	0	0	0
A	AG	20	114	1	1	BA1652	23883	6	8	2	0	1	0	0	0	0	0	0
A	AG	20	114	1	1	BA1652	23889	8	0	0	0	0	0	0	0	1	0	0
A	AG	20	114	1	1	BA1652	23893	8	7	0	0	0	0	0	0	0	0	0
A	AG	20	114	1	1	BA1652	23913	7	8	2	0	1	0	0	0	0	0	0
A	AG	20	114	1	1	BA1652	23923	8	7	0	0	0	0	0	0	0	0	0
A	AG	20	114	1	1	BA1652	23933	7	0	0	0	0	0	0	0	1	0	0
A	AG	20	114	1	1	BA1652	23947	7	8	2	0	1	0	0	0	0	0	0
A	AG	20	114	1	1	BA1652	23957	8	7	0	0	0	0	0	0	0	0	0
A	AG	20	114	1	1	BA1652	23963	7	0	0	0	0	0	0	0	1	0	0
A	AG	20	114	1	1	BA1652	24025	7	8	2	0	1	0	0	0	0	0	0
A	AG	20	114	1	1	BA1652	24026	8	0	0	0	0	0	0	0	1	0	0
A	AG	20	114	1	1	BA1652	24028	8	0	0	0	1	0	0	0	0	0	0
A	AG	20	114	1	1	BA1652	24031	8	0	0	0	0	0	0	0	1	0	0
A	AG	20	114	1	1	BA1652	24035	8	7	0	0	1	0	0	0	0	0	0
A	AG	20	114	1	1	BA1652	24037	7	0	0	0	0	0	0	0	1	0	0
A	AG	20	114	1	1	BA1652	24042	7	8	2	0	1	0	0	0	0	0	0
A	AG	20	114	1	1	BA1652	24048	8	0	0	0	0	0	0	0	1	0	0
A	AG	20	114	1	1	BA1652	24052	8	7	0	0	1	0	0	0	0	0	0
A	AG	20	114	1	1	BA1652	24068	7	0	0	0	0	0	0	0	1	0	0
A	AG	20	114	1	1	BA1652	24079	7	8	2	0	1	0	0	0	0	0	0
A	AG	20	114	1	1	BA1652	24085	8	0	0	0	0	0	0	0	1	0	0
A	AG	20	114	1	1	BA1652	24089	8	7	0	0	0	0	0	0	0	0	0
A	AG	20	114	1	1	BA1652	24112	7	8	2	0	1	0	0	0	0	0	0
A	AG	20	114	1	1	BA1652	24122	8	7	0	0	0	0	0	0	0	0	0
A	AG	20	114	1	1	BA1652	24131	7	0	0	0	0	0	0	0	1	0	0
A	AG	20	114	1	1	BA1652	24135	7	8	2	0	1	0	0	0	0	0	0
A	AG	20	114	1	1	BA1652	24139	8	0	0	0	0	0	0	0	1	0	0
A	AG	20	114	1	1	BA1652	24145	8	7	0	0	0	0	0	0	0	0	0
A	AG	20	114	1	1	BA1652	24148	7	8	2	0	1	0	0	0	0	0	0
A	AG	20	114	1	1	BA1652	24157	8	0	0	0	1	0	0	0	1	0	0
A	AG	20	114	1	1	BA1652	24158	8	7	0	0	0	0	0	0	0	0	0
A	AG	20	114	1	1	BA1652	24163	7	0	0	0	0	0	0	0	1	0	0
A	AG	20	114	1	1	BA1652	24187	7	8	2	0	1	0	0	0	0	0	0
A	AG	20	114	1	1	BA1652	24188	8	0	0	0	0	0	0	0	1	0	0
A	AG	20	114	1	1	BA1652	24197	8	7	0	0	0	0	0	0	0	0	0
A	AG	20	114	1	1	BA1652	24300	7	8	2	0	1	0	0	0	0	0	0
A	AG	20	114	1	1	BA1652	24310	8	7	0	0	0	0	0	0	1	0	0
A	AG	20	114	1	1	BA1652	24318	7	8	2	0	1	0	0	0	0	0	0
A	AG	20	114	1	1	BA1652	24325	8	0	0	0	0	0	0	0	1	0	0
A	AG	20	114	1	1	BA1652	24328	8	7	0	0	0	0	0	0	0	0	0
A	AG	20	114	1	1	BA1652	24389	7	8	2	0	1	0	0	0	0	0	0
A	AG	20	114	1	1	BA1652	24399	8	7	0	0	0	0	0	0	0	0	0
A	AG	20	114	1	1	BA1652	24436	7	0	0	0	0	0	0	0	1	0	0
A	AG	20	114	1	1	BA1652	24439	7	8	2	0	1	0	0	0	0	0	0
A	AG	20	114	1	1	BA1652	24446	8	0	0	0	0	0	0	0	1	0	0
A	AG	20	114	1	1	BA1652	24449	8	7	0	0	0	0	0	0	0	0	0
A	AG	20	114	1	1	BA1652	24479	7	8	2	0	1	0	0	0	0	0	0
A	AG	20	114	1	1	BA1652	24482	8	0	0	0	0	0	0	0	1	0	0
A	AG	20	114	1	1	BA1652	24489	8	7	0	0	1	0	0	0	0	0	0
A	AG	20	114	1	1	BA1652	24495	7	0	0	0	0	0	0	0	1	0	0
A	AG	20	114	1	1	BA1652	24516	7	8	2	0	1	0	0	0	0	0	0
A	AG	20	114	1	1	BA1652	24518	8	0	0	0	0	0	0	0	1	0	0
A	AG	20	114	1	1	BA1652	24520	8	0	0	0	1	0	0	0	0	0	0
A	AG	20	114	1	1	BA1652	24526	8	7	0	0	0	0	0	0	0	0	0
A	AG	20	114	1	1	BA1652	24527	7	0	0	0	0	0	0	0	1	0	0
A	AG	20	114	1	1	BA1652	24553	7	8	2	0	1	0	0	0	0	0	0
A	AG	20	114	1	1	BA1652	24560	8	0	0	0	0	0	0	0	1	0	0
A	AG	20	114	1	1	BA1652	24563	8	7	0	0	0	0	0	0	0	0	0
A	AG	20	114	1	1	BA1652	24564	7	8	2	0	1	0	0	0	0	0	0
A	AG	20	114	1	1	BA1652	24574	8	7	0	0	0	0	0	0	1	0	0
A	AG	20	114	1	1	BA1652	24577	7	8	2	0	1	0	0	0	0	0	0
A	AG	20	114	1	1	BA1652	24579	8	0	0	0	0	0	0	0	1	0	0
A	AG	20	114	1	1	BA1652	24583	8	0	0	0	1	0	0	0	0	0	0
A	AG	20	114	1	1	BA1652	24587	8	7	0	0	0	0	0	0	1	0	0
A	AG	20	114	1	1	BA1652	24656	7	8	2	0	1	0	0	0	0	0	0
A	AG	20	114	1	1	BA1652	24666	8	9	0	0	0	0	0	0	0	0	0
A	AG	20	114	1	1	BA1652	24676	9	10	0	0	0	0	0	0	0	0	0
A	AG	20	114	1	1	BA1652	24681	10	0	0	0	0	0	0	0	1	0	0
A	AG	20	114	1	1	BA1652	24751	10	2	0	0	0	0	0	0	0	0	0
A	AG	20	114	1	1	BA1652	24752	2	3	0	0	0	0	0	0	0	0	0
A	AG	20	114	1	1	BA1652	24843	3	5	1	1	0	0	0	0	0	0	0
A	AG	20	114	1	1	BA1652	24853	5	4	0	0	0	0	0	0	0	0	0
A	AG	20	114	1	1	BA1652	24864	4	0	0	0	0	0	0	1	0	0	0
A	AG	20	114	1	1	BA1652	24867	4	5	1	1	0	0	0	0	0	0	0
A	AG	20	114	1	1	BA1652	24874	5	0	0	0	0	0	0	1	0	0	0
A	AG	20	114	1	1	BA1652	24877	5	4	0	0	0	0	0	0	0	0	0
A	AG	20	114	1	1	BA1652	24883	4	5	1	1	0	0	0	0	0	0	0
A	AG	20	114	1	1	BA1652	24893	5	4	0	0	0	0	0	0	0	0	0
A	AG	20	114	1	1	BA1652	24970	4	0	0	0	0	0	0	1	0	0	0
A	AG	20	114	1	1	BA1652	24971	4	5	1	1	0	0	0	0	0	0	0
A	AG	20	114	1	1	BA1652	24981	5	4	0	0	0	0	0	0	0	0	0
A	AG	20	114	1	1	BA1652	25090	4	0	0	0	0	0	0	1	0	0	0
A	AG	20	114	1	1	BA1652	25115	4	5	1	1	0	0	0	0	0	0	0
A	AG	20	114	1	1	BA1652	25123	5	0	0	0	0	0	0	1	0	0	0
A	AG	20	114	1	1	BA1652	25125	5	9	0	0	0	0	0	0	0	0	0
A	AG	20	114	1	1	BA1652	25135	9	10	0	0	0	0	0	0	0	0	0
A	AG	20	114	1	1	BA1652	25210	10	2	0	0	0	0	0	0	0	0	0
A	AG	20	114	1	1	BA1652	25211	2	3	0	0	0	0	0	0	0	0	0
A	AG	20	114	1	1	BA1652	25248	3	5	1	1	0	0	0	0	0	0	0
A	AG	20	114	1	1	BA1652	25258	5	4	0	0	0	0	0	0	0	0	0
A	AG	20	114	1	1	BA1652	25262	4	5	1	1	0	0	0	1	0	0	0
A	AG	20	114	1	1	BA1652	25272	5	4	0	0	0	0	0	0	0	0	0
A	AG	20	114	1	1	BA1652	25279	4	0	0	0	0	0	0	1	0	0	0
A	AG	20	114	1	1	BA1652	25290	4	5	1	1	0	0	0	0	0	0	0
A	AG	20	114	1	1	BA1652	25295	5	0	0	0	0	0	0	1	0	0	0
A	AG	20	114	1	1	BA1652	25296	5	0	0	1	0	0	0	0	0	0	0
A	AG	20	114	1	1	BA1652	25300	5	4	0	0	0	0	0	0	0	0	0
A	AG	20	114	1	1	BA1652	25332	4	0	0	0	0	0	0	1	0	0	0
A	AG	20	114	1	1	BA1652	25344	4	5	1	1	0	0	0	0	0	0	0
A	AG	20	114	1	1	BA1652	25354	5	4	0	0	0	0	0	0	0	0	0
A	AG	20	114	1	1	BA1652	25358	4	0	0	0	0	0	0	1	0	0	0
A	AG	20	114	1	1	BA1652	25390	4	5	1	1	0	0	0	0	0	0	0
A	AG	20	114	1	1	BA1652	25395	5	0	0	0	0	0	0	1	0	0	0
A	AG	20	114	1	1	BA1652	25400	5	9	0	0	0	0	0	0	0	0	0
A	AG	20	114	1	1	BA1652	25401	9	0	0	1	0	0	0	0	0	0	0
A	AG	20	114	1	1	BA1652	25409	9	0	0	0	0	0	0	1	0	0	0
A	AG	20	114	1	1	BA1652	25410	9	10	0	0	0	0	0	0	0	0	0
A	AG	20	114	1	1	BA1652	25485	10	2	0	0	0	0	0	0	0	0	0
A	AG	20	114	1	1	BA1652	25486	2	3	0	0	0	0	0	0	0	0	0
A	AG	20	114	1	1	BA1652	25528	3	5	1	1	0	0	0	0	0	0	0
A	AG	20	114	1	1	BA1652	25538	5	4	0	0	0	0	0	0	0	0	0
A	AG	20	114	1	1	BA1652	25542	4	0	0	0	0	0	0	1	0	0	0
A	AG	20	114	1	1	BA1652	25545	4	5	1	1	0	0	0	0	0	0	0
A	AG	20	114	1	1	BA1652	25555	5	4	0	0	0	0	0	1	0	0	0
A	AG	20	114	1	1	BA1652	25558	4	5	1	1	0	0	0	0	0	0	0
A	AG	20	114	1	1	BA1652	25568	5	4	0	0	0	0	0	1	0	0	0
A	AG	20	114	1	1	BA1652	25570	4	5	1	1	0	0	0	0	0	0	0
A	AG	20	114	1	1	BA1652	25580	5	4	0	0	0	0	0	0	0	0	0
A	AG	20	114	1	1	BA1652	25588	4	0	0	0	0	0	0	1	0	0	0
A	AG	20	114	1	1	BA1652	25589	4	5	1	1	0	0	0	0	0	0	0
A	AG	20	114	1	1	BA1652	25599	5	9	0	0	0	0	0	0	0	0	0
A	AG	20	114	1	1	BA1652	25607	9	0	0	0	0	0	0	1	0	0	0
A	AG	20	114	1	1	BA1652	25609	9	10	0	0	0	0	0	0	0	0	0
A	AG	20	114	1	1	BA1652	25684	10	2	0	0	0	0	0	0	0	0	0
A	AG	20	114	1	1	BA1652	25685	2	6	0	0	0	0	0	0	0	0	0
A	AG	20	114	1	1	BA1652	26367	6	8	2	0	1	0	0	0	0	0	0
A	AG	20	114	1	1	BA1652	26377	8	7	0	0	0	0	0	0	0	0	0
A	AG	20	114	1	1	BA1652	26394	7	0	0	0	0	0	0	0	1	0	0
A	AG	20	114	1	1	BA1652	26486	7	8	2	0	1	0	0	0	0	0	0
A	AG	20	114	1	1	BA1652	26496	8	7	0	0	0	0	0	0	0	0	0
A	AG	20	114	1	1	BA1652	26560	7	0	0	0	0	0	0	0	1	0	0
A	AG	20	114	1	1	BA1652	26650	7	8	2	0	1	0	0	0	0	0	0
A	AG	20	114	1	1	BA1652	26660	8	7	0	0	0	0	0	0	0	0	0
A	AG	20	114	1	1	BA1652	26668	7	0	0	0	0	0	0	0	1	0	0
A	AG	20	114	1	1	BA1652	26675	7	8	2	0	1	0	0	0	0	0	0
A	AG	20	114	1	1	BA1652	26685	8	7	0	0	0	0	0	0	0	0	0
A	AG	20	114	1	1	BA1652	26693	7	0	0	0	0	0	0	0	1	0	0
A	AG	20	114	1	1	BA1652	26743	7	8	2	0	1	0	0	0	0	0	0
A	AG	20	114	1	1	BA1652	26753	8	7	0	0	0	0	0	0	0	0	0
A	AG	20	114	1	1	BA1652	26769	7	0	0	0	0	0	0	0	1	0	0
A	AG	20	114	1	1	BA1652	26790	7	8	2	0	1	0	0	0	0	0	0
A	AG	20	114	1	1	BA1652	26796	8	0	0	0	0	0	0	0	1	0	0
A	AG	20	114	1	1	BA1652	26800	8	7	0	0	0	0	0	0	0	0	0
A	AG	20	114	1	1	BA1652	26809	7	8	2	0	1	0	0	0	0	0	0
A	AG	20	114	1	1	BA1652	26810	8	0	0	0	0	0	0	0	1	0	0
A	AG	20	114	1	1	BA1652	26819	8	7	0	0	0	0	0	0	0	0	0
A	AG	20	114	1	1	BA1652	26915	7	8	2	0	1	0	0	0	0	0	0
A	AG	20	114	1	1	BA1652	26925	8	7	0	0	0	0	0	0	0	0	0
A	AG	20	114	1	1	BA1652	26943	7	0	0	0	0	0	0	0	1	0	0
A	AG	20	114	1	1	BA1652	26947	7	8	2	0	1	0	0	0	0	0	0
A	AG	20	114	1	1	BA1652	26957	8	7	0	0	0	0	0	0	0	0	0
A	AG	20	114	1	1	BA1652	26968	7	0	0	0	0	0	0	0	1	0	0
A	AG	20	114	1	1	BA1652	26990	7	8	2	0	1	0	0	0	0	0	0
A	AG	20	114	1	1	BA1652	26993	8	0	0	0	0	0	0	0	1	0	0
A	AG	20	114	1	1	BA1652	26994	8	0	0	0	1	0	0	0	0	0	0
A	AG	20	114	1	1	BA1652	27000	8	7	0	0	0	0	0	0	0	0	0
A	AG	20	114	1	1	BA1652	27003	7	0	0	0	0	0	0	0	1	0	0
A	AG	20	114	1	1	BA1652	27058	7	8	2	0	1	0	0	0	0	0	0
A	AG	20	114	1	1	BA1652	27059	8	0	0	0	0	0	0	0	1	0	0
A	AG	20	114	1	1	BA1652	27068	8	7	0	0	0	0	0	0	0	0	0
A	AG	20	114	1	1	BA1652	27101	7	8	2	0	1	0	0	0	0	0	0
A	AG	20	114	1	1	BA1652	27105	8	0	0	0	0	0	0	0	1	0	0
A	AG	20	114	1	1	BA1652	27111	8	7	0	0	1	0	0	0	0	0	0
A	AG	20	114	1	1	BA1652	27115	7	0	0	0	0	0	0	0	1	0	0
A	AG	20	114	1	1	BA1652	27167	7	8	2	0	1	0	0	0	0	0	0
A	AG	20	114	1	1	BA1652	27175	8	0	0	0	0	0	0	0	1	0	0
A	AG	20	114	1	1	BA1652	27177	8	7	0	0	0	0	0	0	0	0	0
A	AG	20	114	1	1	BA1652	27231	7	8	2	0	1	0	0	0	0	0	0
A	AG	20	114	1	1	BA1652	27241	8	7	0	0	0	0	0	0	0	0	0
A	AG	20	114	1	1	BA1652	27248	7	0	0	0	0	0	0	0	1	0	0
A	AG	20	114	1	1	BA1652	27251	7	8	2	0	1	0	0	0	0	0	0
A	AG	20	114	1	1	BA1652	27261	8	7	0	0	0	0	0	0	0	0	0
A	AG	20	114	1	1	BA1652	27269	7	0	0	0	0	0	0	0	1	0	0
A	AG	20	114	1	1	BA1652	27278	7	8	2	0	1	0	0	0	0	0	0
A	AG	20	114	1	1	BA1652	27288	8	7	0	0	0	0	0	0	0	0	0
A	AG	20	114	1	1	BA1652	27317	7	0	0	0	0	0	0	0	1	0	0
A	AG	20	114	1	1	BA1652	27324	7	8	2	0	1	0	0	0	0	0	0
A	AG	20	114	1	1	BA1652	27334	8	7	0	0	0	0	0	0	0	0	0
A	AG	20	114	1	1	BA1652	27338	7	0	0	0	0	0	0	0	1	0	0
A	AG	20	114	1	1	BA1652	27384	7	8	2	0	1	0	0	0	0	0	0
A	AG	20	114	1	1	BA1652	27394	8	7	0	0	0	0	0	0	0	0	0
A	AG	20	114	1	1	BA1652	27397	7	0	0	0	0	0	0	0	1	0	0
A	AG	20	114	1	1	BA1652	27434	7	8	2	0	1	0	0	0	0	0	0
A	AG	20	114	1	1	BA1652	27438	8	0	0	0	0	0	0	0	1	0	0
A	AG	20	114	1	1	BA1652	27439	8	0	0	0	1	0	0	0	0	0	0
A	AG	20	114	1	1	BA1652	27444	8	7	0	0	0	0	0	0	0	0	0
A	AG	20	114	1	1	BA1652	27487	7	0	0	0	0	0	0	0	1	0	0
A	AG	20	114	1	1	BA1652	27491	7	8	2	0	1	0	0	0	0	0	0
A	AG	20	114	1	1	BA1652	27501	8	9	0	0	0	0	0	0	0	0	0
A	AG	20	114	1	1	BA1652	27511	9	10	0	0	0	0	0	0	0	0	0
A	AG	20	114	1	1	BA1652	27514	10	0	0	0	0	0	0	0	1	0	0
A	AG	20	114	1	1	BA1652	27586	10	2	0	0	0	0	0	0	0	0	0
A	AG	20	114	1	1	BA1652	27587	2	6	0	0	0	0	0	0	0	0	0
A	AG	20	114	1	1	BA1652	27826	6	8	2	0	1	0	0	0	0	0	0
A	AG	20	114	1	1	BA1652	27832	8	0	0	0	0	0	0	0	1	0	0
A	AG	20	114	1	1	BA1652	27836	8	7	0	0	0	0	0	0	0	0	0
A	AG	20	114	1	1	BA1652	27847	7	8	2	0	1	0	0	0	0	0	0
A	AG	20	114	1	1	BA1652	27857	8	7	0	0	0	0	0	0	0	0	0
A	AG	20	114	1	1	BA1652	27858	7	0	0	0	0	0	0	0	1	0	0
A	AG	20	114	1	1	BA1652	27865	7	8	2	0	1	0	0	0	0	0	0
A	AG	20	114	1	1	BA1652	27875	8	7	0	0	0	0	0	0	0	0	0
A	AG	20	114	1	1	BA1652	27876	7	0	0	0	0	0	0	0	1	0	0
A	AG	20	114	1	1	BA1652	27878	7	8	2	0	1	0	0	0	0	0	0
A	AG	20	114	1	1	BA1652	27888	8	7	0	0	0	0	0	0	0	0	0
A	AG	20	114	1	1	BA1652	27896	7	0	0	0	0	0	0	0	1	0	0
A	AG	20	114	1	1	BA1652	27958	7	8	2	0	1	0	0	0	0	0	0
A	AG	20	114	1	1	BA1652	27968	8	7	0	0	0	0	0	0	0	0	0
A	AG	20	114	1	1	BA1652	27999	7	8	2	0	1	0	0	0	1	0	0
A	AG	20	114	1	1	BA1652	28009	8	7	0	0	0	0	0	0	0	0	0
A	AG	20	114	1	1	BA1652	28015	7	0	0	0	0	0	0	0	1	0	0
A	AG	20	114	1	1	BA1652	28040	7	8	2	0	1	0	0	0	0	0	0
A	AG	20	114	1	1	BA1652	28044	8	0	0	0	0	0	0	0	1	0	0
A	AG	20	114	1	1	BA1652	28049	8	0	0	0	1	0	0	0	0	0	0
A	AG	20	114	1	1	BA1652	28050	8	7	0	0	0	0	0	0	0	0	0
A	AG	20	114	1	1	BA1652	28055	7	0	0	0	0	0	0	0	1	0	0
A	AG	20	114	1	1	BA1652	28056	7	8	2	0	1	0	0	0	0	0	0
A	AG	20	114	1	1	BA1652	28060	8	0	0	0	0	0	0	0	1	0	0
A	AG	20	114	1	1	BA1652	28064	8	0	0	0	1	0	0	0	0	0	0
A	AG	20	114	1	1	BA1652	28066	8	7	0	0	0	0	0	0	1	0	0
A	AG	20	114	1	1	BA1652	28067	7	8	2	0	1	0	0	0	0	0	0
A	AG	20	114	1	1	BA1652	28073	8	0	0	0	0	0	0	0	1	0	0
A	AG	20	114	1	1	BA1652	28077	8	7	0	0	0	0	0	0	0	0	0
A	AG	20	114	1	1	BA1652	28136	7	8	2	0	1	0	0	0	0	0	0
A	AG	20	114	1	1	BA1652	28146	8	7	0	0	0	0	0	0	0	0	0
A	AG	20	114	1	1	BA1652	28157	7	0	0	0	0	0	0	0	1	0	0
A	AG	20	114	1	1	BA1652	28159	7	8	2	0	1	0	0	0	0	0	0
A	AG	20	114	1	1	BA1652	28163	8	0	0	0	0	0	0	0	1	0	0
A	AG	20	114	1	1	BA1652	28167	8	0	0	0	1	0	0	0	0	0	0
A	AG	20	114	1	1	BA1652	28169	8	7	0	0	0	0	0	0	0	0	0
A	AG	20	114	1	1	BA1652	28177	7	0	0	0	0	0	0	0	1	0	0
A	AG	20	114	1	1	BA1652	28180	7	8	2	0	1	0	0	0	0	0	0
A	AG	20	114	1	1	BA1652	28190	8	7	0	0	0	0	0	0	0	0	0
A	AG	20	114	1	1	BA1652	28210	7	0	0	0	0	0	0	0	1	0	0
A	AG	20	114	1	1	BA1652	28211	7	8	2	0	1	0	0	0	0	0	0
A	AG	20	114	1	1	BA1652	28218	8	0	0	0	0	0	0	0	1	0	0
A	AG	20	114	1	1	BA1652	28221	8	7	0	0	0	0	0	0	0	0	0
A	AG	20	114	1	1	BA1652	28229	7	8	2	0	1	0	0	0	0	0	0
A	AG	20	114	1	1	BA1652	28235	8	0	0	0	0	0	0	0	1	0	0
A	AG	20	114	1	1	BA1652	28239	8	7	0	0	0	0	0	0	0	0	0
A	AG	20	114	1	1	BA1652	28285	7	8	2	0	1	0	0	0	0	0	0
A	AG	20	114	1	1	BA1652	28289	8	0	0	0	0	0	0	0	1	0	0
A	AG	20	114	1	1	BA1652	28290	8	0	0	0	1	0	0	0	0	0	0
A	AG	20	114	1	1	BA1652	28295	8	7	0	0	0	0	0	0	0	0	0
A	AG	20	114	1	1	BA1652	28296	7	0	0	0	0	0	0	0	1	0	0
A	AG	20	114	1	1	BA1652	28300	7	8	2	0	1	0	0	0	0	0	0
A	AG	20	114	1	1	BA1652	28304	8	0	0	0	0	0	0	0	1	0	0
A	AG	20	114	1	1	BA1652	28306	8	0	0	0	1	0	0	0	0	0	0
A	AG	20	114	1	1	BA1652	28310	8	7	0	0	0	0	0	0	0	0	0
A	AG	20	114	1	1	BA1652	28314	7	0	0	0	0	0	0	0	1	0	0
A	AG	20	114	1	1	BA1652	28315	7	8	2	0	1	0	0	0	0	0	0
A	AG	20	114	1	1	BA1652	28325	8	7	0	0	0	0	0	0	1	0	0
A	AG	20	114	1	1	BA1652	28343	7	8	2	0	1	0	0	0	0	0	0
A	AG	20	114	1	1	BA1652	28347	8	0	0	0	0	0	0	0	1	0	0
A	AG	20	114	1	1	BA1652	28353	8	7	0	0	0	0	0	0	0	0	0
A	AG	20	114	1	1	BA1652	28367	7	8	2	0	1	0	0	0	0	0	0
A	AG	20	114	1	1	BA1652	28374	8	0	0	0	0	0	0	0	1	0	0
A	AG	20	114	1	1	BA1652	28375	8	0	0	0	1	0	0	0	0	0	0
A	AG	20	114	1	1	BA1652	28377	8	7	0	0	0	0	0	0	0	0	0
A	AG	20	114	1	1	BA1652	28390	7	0	0	0	0	0	0	0	1	0	0
A	AG	20	114	1	1	BA1652	28394	7	8	2	0	1	0	0	0	0	0	0
A	AG	20	114	1	1	BA1652	28404	8	9	0	0	0	0	0	0	0	0	0
A	AG	20	114	1	1	BA1652	28414	9	10	0	0	0	0	0	0	0	0	0
A	AG	20	114	1	1	BA1652	28416	10	0	0	0	0	0	0	0	1	0	0
A	AG	20	114	1	1	BA1652	28489	10	2	0	0	0	0	0	0	0	0	0
A	AG	20	114	1	1	BA1652	28490	2	6	0	0	0	0	0	0	0	0	0
A	AG	20	114	1	1	BA1652	28605	6	8	2	0	1	0	0	0	0	0	0
A	AG	20	114	1	1	BA1652	28615	8	7	0	0	0	0	0	0	0	0	0
A	AG	20	114	1	1	BA1652	28621	7	0	0	0	0	0	0	0	1	0	0
A	AG	20	114	1	1	BA1652	28624	7	8	2	0	1	0	0	0	0	0	0
A	AG	20	114	1	1	BA1652	28634	8	7	0	0	0	0	0	0	0	0	0
A	AG	20	114	1	1	BA1652	28651	7	0	0	0	0	0	0	0	1	0	0
A	AG	20	114	1	1	BA1652	28657	7	8	2	0	1	0	0	0	0	0	0
A	AG	20	114	1	1	BA1652	28667	8	7	0	0	0	0	0	0	0	0	0
A	AG	20	114	1	1	BA1652	28687	7	0	0	0	0	0	0	0	1	0	0
A	AG	20	114	1	1	BA1652	28699	7	8	2	0	1	0	0	0	0	0	0
A	AG	20	114	1	1	BA1652	28702	8	0	0	0	0	0	0	0	1	0	0
A	AG	20	114	1	1	BA1652	28705	8	0	0	0	1	0	0	0	0	0	0
A	AG	20	114	1	1	BA1652	28709	8	7	0	0	0	0	0	0	0	0	0
A	AG	20	114	1	1	BA1652	28725	7	0	0	0	0	0	0	0	1	0	0
A	AG	20	114	1	1	BA1652	28731	7	8	2	0	1	0	0	0	0	0	0
A	AG	20	114	1	1	BA1652	28741	8	7	0	0	0	0	0	0	0	0	0
A	AG	20	114	1	1	BA1652	28742	7	0	0	0	0	0	0	0	1	0	0
A	AG	20	114	1	1	BA1652	28771	7	8	2	0	1	0	0	0	0	0	0
A	AG	20	114	1	1	BA1652	28777	8	0	0	0	0	0	0	0	1	0	0
A	AG	20	114	1	1	BA1652	28781	8	7	0	0	0	0	0	0	0	0	0
A	AG	20	114	1	1	BA1652	28786	7	8	2	0	1	0	0	0	0	0	0
A	AG	20	114	1	1	BA1652	28792	8	0	0	0	0	0	0	0	1	0	0
A	AG	20	114	1	1	BA1652	28796	8	7	0	0	0	0	0	0	0	0	0
A	AG	20	114	1	1	BA1652	28797	7	8	2	0	1	0	0	0	0	0	0
A	AG	20	114	1	1	BA1652	28801	8	0	0	0	0	0	0	0	1	0	0
A	AG	20	114	1	1	BA1652	28807	8	7	0	0	0	0	0	0	0	0	0
A	AG	20	114	1	1	BA1652	28837	7	8	2	0	1	0	0	0	0	0	0
A	AG	20	114	1	1	BA1652	28847	8	7	0	0	0	0	0	0	0	0	0
A	AG	20	114	1	1	BA1652	28855	7	0	0	0	0	0	0	0	1	0	0
A	AG	20	114	1	1	BA1652	28860	7	8	2	0	1	0	0	0	0	0	0
A	AG	20	114	1	1	BA1652	28870	8	7	0	0	0	0	0	0	0	0	0
A	AG	20	114	1	1	BA1652	28877	7	0	0	0	0	0	0	0	1	0	0
A	AG	20	114	1	1	BA1652	28879	7	8	2	0	1	0	0	0	0	0	0
A	AG	20	114	1	1	BA1652	28882	8	0	0	0	0	0	0	0	1	0	0
A	AG	20	114	1	1	BA1652	28886	8	0	0	0	1	0	0	0	0	0	0
A	AG	20	114	1	1	BA1652	28889	8	7	0	0	0	0	0	0	0	0	0
A	AG	20	114	1	1	BA1652	28900	7	8	2	0	1	0	0	0	1	0	0
A	AG	20	114	1	1	BA1652	28910	8	7	0	0	0	0	0	0	0	0	0
A	AG	20	114	1	1	BA1652	28925	7	0	0	0	0	0	0	0	1	0	0
A	AG	20	114	1	1	BA1652	28930	7	8	2	0	1	0	0	0	0	0	0
A	AG	20	114	1	1	BA1652	28940	8	7	0	0	0	0	0	0	0	0	0
A	AG	20	114	1	1	BA1652	28964	7	0	0	0	0	0	0	0	1	0	0
A	AG	20	114	1	1	BA1652	28967	7	8	2	0	1	0	0	0	0	0	0
A	AG	20	114	1	1	BA1652	28977	8	7	0	0	0	0	0	0	0	0	0
A	AG	20	114	1	1	BA1652	28993	7	0	0	0	0	0	0	0	1	0	0
A	AG	20	114	1	1	BA1652	29011	7	8	2	0	1	0	0	0	0	0	0
A	AG	20	114	1	1	BA1652	29017	8	0	0	0	0	0	0	0	1	0	0
A	AG	20	114	1	1	BA1652	29021	8	7	0	0	0	0	0	0	0	0	0
A	AG	20	114	1	1	BA1652	29049	7	8	2	0	1	0	0	0	0	0	0
A	AG	20	114	1	1	BA1652	29059	8	7	0	0	0	0	0	0	0	0	0
A	AG	20	114	1	1	BA1652	29062	7	0	0	0	0	0	0	0	1	0	0
A	AG	20	114	1	1	BA1652	29063	7	8	2	0	1	0	0	0	0	0	0
A	AG	20	114	1	1	BA1652	29070	8	0	0	0	0	0	0	0	1	0	0
A	AG	20	114	1	1	BA1652	29073	8	7	0	0	1	0	0	0	0	0	0
A	AG	20	114	1	1	BA1652	29082	7	0	0	0	0	0	0	0	1	0	0
A	AG	20	114	1	1	BA1652	29087	7	8	2	0	1	0	0	0	0	0	0
A	AG	20	114	1	1	BA1652	29097	8	7	0	0	0	0	0	0	0	0	0
A	AG	20	114	1	1	BA1652	29125	7	0	0	0	0	0	0	0	1	0	0
A	AG	20	114	1	1	BA1652	29127	7	8	2	0	1	0	0	0	0	0	0
A	AG	20	114	1	1	BA1652	29132	8	0	0	0	0	0	0	0	1	0	0
A	AG	20	114	1	1	BA1652	29135	8	0	0	0	1	0	0	0	0	0	0
A	AG	20	114	1	1	BA1652	29137	8	7	0	0	0	0	0	0	0	0	0
A	AG	20	114	1	1	BA1652	29140	7	0	0	0	0	0	0	0	1	0	0
A	AG	20	114	1	1	BA1652	29144	7	8	2	0	1	0	0	0	0	0	0
A	AG	20	114	1	1	BA1652	29154	8	9	0	0	0	0	0	0	0	0	0
A	AG	20	114	1	1	BA1652	29164	9	10	0	0	0	0	0	0	0	0	0
A	AG	20	114	1	1	BA1652	29168	10	0	0	0	0	0	0	0	1	0	0
A	AG	20	114	1	1	BA1652	29239	10	2	0	0	0	0	0	0	0	0	0
A	AG	20	114	1	1	BA1652	29240	2	3	0	0	0	0	0	0	0	0	0
A	AG	20	114	1	1	BA1652	29295	3	5	1	1	0	0	0	0	0	0	0
A	AG	20	114	1	1	BA1652	29299	5	0	0	0	0	0	0	1	0	0	0
A	AG	20	114	1	1	BA1652	29303	5	0	0	1	0	0	0	0	0	0	0
A	AG	20	114	1	1	BA1652	29305	5	4	0	0	0	0	0	0	0	0	0
A	AG	20	114	1	1	BA1652	29313	4	0	0	0	0	0	0	1	0	0	0
A	AG	20	114	1	1	BA1652	29318	4	5	1	1	0	0	0	0	0	0	0
A	AG	20	114	1	1	BA1652	29328	5	4	0	0	0	0	0	1	0	0	0
A	AG	20	114	1	1	BA1652	29332	4	5	1	1	0	0	0	0	0	0	0
A	AG	20	114	1	1	BA1652	29334	5	0	0	0	0	0	0	1	0	0	0
A	AG	20	114	1	1	BA1652	29335	5	0	0	1	0	0	0	0	0	0	0
A	AG	20	114	1	1	BA1652	29341	5	0	0	0	0	0	0	1	0	0	0
A	AG	20	114	1	1	BA1652	29342	5	4	0	0	0	0	0	0	0	0	0
A	AG	20	114	1	1	BA1652	29349	4	5	1	1	0	0	0	0	0	0	0
A	AG	20	114	1	1	BA1652	29351	5	0	0	0	0	0	0	1	0	0	0
A	AG	20	114	1	1	BA1652	29354	5	0	0	1	0	0	0	0	0	0	0
A	AG	20	114	1	1	BA1652	29359	5	4	0	0	0	0	0	0	0	0	0
A	AG	20	114	1	1	BA1652	29407	4	0	0	0	0	0	0	1	0	0	0
A	AG	20	114	1	1	BA1652	29413	4	5	1	1	0	0	0	0	0	0	0
A	AG	20	114	1	1	BA1652	29420	5	0	0	0	0	0	0	1	0	0	0
A	AG	20	114	1	1	BA1652	29423	5	9	0	0	0	0	0	0	0	0	0
A	AG	20	114	1	1	BA1652	29433	9	10	0	0	0	0	0	0	0	0	0
A	AG	20	114	1	1	BA1652	29508	10	2	0	0	0	0	0	0	0	0	0
A	AG	20	114	1	1	BA1652	29509	2	3	0	0	0	0	0	0	0	0	0
A	AG	20	114	1	1	BA1652	29550	3	5	1	1	0	0	0	0	0	0	0
A	AG	20	114	1	1	BA1652	29557	5	0	0	0	0	0	0	1	0	0	0
A	AG	20	114	1	1	BA1652	29560	5	4	0	0	0	0	0	0	0	0	0
A	AG	20	114	1	1	BA1652	29570	4	5	1	1	0	0	0	0	0	0	0
A	AG	20	114	1	1	BA1652	29580	5	4	0	0	0	0	0	0	0	0	0
A	AG	20	114	1	1	BA1652	29582	4	0	0	0	0	0	0	1	0	0	0
A	AG	20	114	1	1	BA1652	29586	4	5	1	1	0	0	0	0	0	0	0
A	AG	20	114	1	1	BA1652	29589	5	0	0	0	0	0	0	1	0	0	0
A	AG	20	114	1	1	BA1652	29596	5	4	0	0	0	0	0	0	0	0	0
A	AG	20	114	1	1	BA1652	29634	4	5	1	1	0	0	0	0	0	0	0
A	AG	20	114	1	1	BA1652	29644	5	4	0	0	0	0	0	0	0	0	0
A	AG	20	114	1	1	BA1652	29646	4	0	0	0	0	0	0	1	0	0	0
A	AG	20	114	1	1	BA1652	29653	4	5	1	1	0	0	0	0	0	0	0
A	AG	20	114	1	1	BA1652	29663	5	9	0	0	0	0	0	0	0	0	0
A	AG	20	114	1	1	BA1652	29664	9	0	0	0	0	0	0	1	0	0	0
A	AG	20	114	1	1	BA1652	29673	9	10	0	0	0	0	0	0	0	0	0
A	AG	20	114	1	1	BA1652	29748	10	2	0	0	0	0	0	0	0	0	0
A	AG	20	114	1	1	BA1652	29749	2	3	0	0	0	0	0	0	0	0	0
A	AG	20	114	1	1	BA1652	29791	3	5	1	1	0	0	0	0	0	0	0
A	AG	20	114	1	1	BA1652	29801	5	4	0	0	0	0	0	0	0	0	0
A	AG	20	114	1	1	BA1652	29805	4	0	0	0	0	0	0	1	0	0	0
A	AG	20	114	1	1	BA1652	29807	4	5	1	1	0	0	0	0	0	0	0
A	AG	20	114	1	1	BA1652	29817	5	4	0	0	0	0	0	0	0	0	0
A	AG	20	114	1	1	BA1652	29823	4	0	0	0	0	0	0	1	0	0	0
A	AG	20	114	1	1	BA1652	29827	4	5	1	1	0	0	0	0	0	0	0
A	AG	20	114	1	1	BA1652	29834	5	0	0	0	0	0	0	1	0	0	0
A	AG	20	114	1	1	BA1652	29837	5	4	0	0	0	0	0	0	0	0	0
A	AG	20	114	1	1	BA1652	29839	4	5	1	1	0	0	0	0	0	0	0
A	AG	20	114	1	1	BA1652	29847	5	0	0	0	0	0	0	1	0	0	0
A	AG	20	114	1	1	BA1652	29849	5	4	0	0	0	0	0	0	0	0	0
A	AG	20	114	1	1	BA1652	29853	4	5	1	1	0	0	0	0	0	0	0
A	AG	20	114	1	1	BA1652	29863	5	9	0	0	0	0	0	0	0	0	0
A	AG	20	114	1	1	BA1652	29869	9	0	0	0	0	0	0	1	0	0	0
A	AG	20	114	1	1	BA1652	29873	9	10	0	0	0	0	0	0	0	0	0
A	AG	20	114	1	1	BA1652	29876	10	0	0	1	0	0	0	0	0	0	0
A	AG	20	114	1	1	BA1652	29879	10	0	0	0	0	0	0	1	0	0	0
A	AG	20	114	1	1	BA1652	29948	10	2	0	0	0	0	0	0	0	0	0
A	AG	20	114	1	1	BA1652	29949	2	6	0	0	0	0	0	0	0	0	0
A	AG	20	114	1	1	BA1652	30652	6	8	2	0	1	0	0	0	0	0	0
A	AG	20	114	1	1	BA1652	30655	8	0	0	0	0	0	0	0	1	0	0
A	AG	20	114	1	1	BA1652	30656	8	0	0	0	1	0	0	0	0	0	0
A	AG	20	114	1	1	BA1652	30662	8	7	0	0	0	0	0	0	0	0	0
A	AG	20	114	1	1	BA1652	30675	7	0	0	0	0	0	0	0	1	0	0
A	AG	20	114	1	1	BA1652	30717	7	8	2	0	1	0	0	0	0	0	0
A	AG	20	114	1	1	BA1652	30727	8	7	0	0	0	0	0	0	0	0	0
A	AG	20	114	1	1	BA1652	30735	7	0	0	0	0	0	0	0	1	0	0
A	AG	20	114	1	1	BA1652	30800	7	8	2	0	1	0	0	0	0	0	0
A	AG	20	114	1	1	BA1652	30801	8	0	0	0	0	0	0	0	1	0	0
A	AG	20	114	1	1	BA1652	30810	8	7	0	0	0	0	0	0	0	0	0
A	AG	20	114	1	1	BA1652	30838	7	8	2	0	1	0	0	0	0	0	0
A	AG	20	114	1	1	BA1652	30846	8	0	0	0	0	0	0	0	1	0	0
A	AG	20	114	1	1	BA1652	30848	8	7	0	0	0	0	0	0	0	0	0
A	AG	20	114	1	1	BA1652	30872	7	8	2	0	1	0	0	0	0	0	0
A	AG	20	114	1	1	BA1652	30882	8	7	0	0	0	0	0	0	0	0	0
A	AG	20	114	1	1	BA1652	30896	7	0	0	0	0	0	0	0	1	0	0
A	AG	20	114	1	1	BA1652	30933	7	8	2	0	1	0	0	0	0	0	0
A	AG	20	114	1	1	BA1652	30943	8	7	0	0	0	0	0	0	0	0	0
A	AG	20	114	1	1	BA1652	30964	7	0	0	0	0	0	0	0	1	0	0
A	AG	20	114	1	1	BA1652	30968	7	8	2	0	1	0	0	0	0	0	0
A	AG	20	114	1	1	BA1652	30973	8	0	0	0	0	0	0	0	1	0	0
A	AG	20	114	1	1	BA1652	30977	8	0	0	0	1	0	0	0	0	0	0
A	AG	20	114	1	1	BA1652	30978	8	7	0	0	0	0	0	0	0	0	0
A	AG	20	114	1	1	BA1652	31032	7	0	0	0	0	0	0	0	1	0	0
A	AG	20	114	1	1	BA1652	31037	7	8	2	0	1	0	0	0	0	0	0
A	AG	20	114	1	1	BA1652	31047	8	7	0	0	0	0	0	0	0	0	0
A	AG	20	114	1	1	BA1652	31058	7	0	0	0	0	0	0	0	1	0	0
A	AG	20	114	1	1	BA1652	31104	7	8	2	0	1	0	0	0	0	0	0
A	AG	20	114	1	1	BA1652	31114	8	7	0	0	0	0	0	0	0	0	0
A	AG	20	114	1	1	BA1652	31128	7	0	0	0	0	0	0	0	1	0	0
A	AG	20	114	1	1	BA1652	31132	7	8	2	0	1	0	0	0	0	0	0
A	AG	20	114	1	1	BA1652	31142	8	7	0	0	0	0	0	0	0	0	0
A	AG	20	114	1	1	BA1652	31156	7	0	0	0	0	0	0	0	1	0	0
A	AG	20	114	1	1	BA1652	31346	7	8	2	0	1	0	0	0	0	0	0
A	AG	20	114	1	1	BA1652	31356	8	7	0	0	0	0	0	0	0	0	0
A	AG	20	114	1	1	BA1652	31358	7	0	0	0	0	0	0	0	1	0	0
A	AG	20	114	1	1	BA1652	31359	7	8	2	0	1	0	0	0	0	0	0
A	AG	20	114	1	1	BA1652	31360	8	0	0	0	0	0	0	0	1	0	0
A	AG	20	114	1	1	BA1652	31362	8	0	0	0	1	0	0	0	0	0	0
A	AG	20	114	1	1	BA1652	31369	8	7	0	0	0	0	0	0	0	0	0
A	AG	20	114	1	1	BA1652	31380	7	0	0	0	0	0	0	0	1	0	0
A	AG	20	114	1	1	BA1652	31383	7	8	2	0	1	0	0	0	0	0	0
A	AG	20	114	1	1	BA1652	31387	8	0	0	0	0	0	0	0	1	0	0
A	AG	20	114	1	1	BA1652	31393	8	7	0	0	0	0	0	0	0	0	0
A	AG	20	114	1	1	BA1652	31428	7	8	2	0	1	0	0	0	0	0	0
A	AG	20	114	1	1	BA1652	31438	8	7	0	0	0	0	0	0	1	0	0
A	AG	20	114	1	1	BA1652	31441	7	8	2	0	1	0	0	0	0	0	0
A	AG	20	114	1	1	BA1652	31447	8	0	0	0	0	0	0	0	1	0	0
A	AG	20	114	1	1	BA1652	31451	8	7	0	0	0	0	0	0	0	0	0
A	AG	20	114	1	1	BA1652	31455	7	8	2	0	1	0	0	0	0	0	0
A	AG	20	114	1	1	BA1652	31465	8	7	0	0	0	0	0	0	0	0	0
A	AG	20	114	1	1	BA1652	31469	7	0	0	0	0	0	0	0	1	0	0
A	AG	20	114	1	1	BA1652	31471	7	8	2	0	1	0	0	0	0	0	0
A	AG	20	114	1	1	BA1652	31481	8	7	0	0	0	0	0	0	0	0	0
A	AG	20	114	1	1	BA1652	31482	7	0	0	0	0	0	0	0	1	0	0
A	AG	20	114	1	1	BA1652	31488	7	8	2	0	1	0	0	0	0	0	0
A	AG	20	114	1	1	BA1652	31498	8	7	0	0	0	0	0	0	1	0	0
A	AG	20	114	1	1	BA1652	31572	7	8	2	0	1	0	0	0	0	0	0
A	AG	20	114	1	1	BA1652	31582	8	7	0	0	0	0	0	0	0	0	0
A	AG	20	114	1	1	BA1652	31597	7	0	0	0	0	0	0	0	1	0	0
A	AG	20	114	1	1	BA1652	31608	7	8	2	0	1	0	0	0	0	0	0
A	AG	20	114	1	1	BA1652	31618	8	9	0	0	0	0	0	0	1	0	0
A	AG	20	114	1	1	BA1652	31623	9	0	0	0	1	0	0	0	0	0	0
A	AG	20	114	1	1	BA1652	31628	9	10	0	0	0	0	0	0	1	0	0
A	AG	20	114	1	1	BA1652	31703	10	2	0	0	0	0	0	0	0	0	0
A	AG	20	114	1	1	BA1652	31704	2	6	0	0	0	0	0	0	0	0	0
A	AG	20	114	1	1	BA1652	31878	6	8	2	0	1	0	0	0	0	0	0
A	AG	20	114	1	1	BA1652	31887	8	0	0	0	0	0	0	0	1	0	0
A	AG	20	114	1	1	BA1652	31888	8	7	0	0	0	0	0	0	0	0	0
A	AG	20	114	1	1	BA1652	31915	7	8	2	0	1	0	0	0	0	0	0
A	AG	20	114	1	1	BA1652	31925	8	7	0	0	0	0	0	0	0	0	0
A	AG	20	114	1	1	BA1652	31990	7	0	0	0	0	0	0	0	1	0	0
A	AG	20	114	1	1	BA1652	31997	7	8	2	0	1	0	0	0	0	0	0
A	AG	20	114	1	1	BA1652	32007	8	7	0	0	0	0	0	0	0	0	0
A	AG	20	114	1	1	BA1652	32009	7	0	0	0	0	0	0	0	1	0	0
A	AG	20	114	1	1	BA1652	32048	7	8	2	0	1	0	0	0	0	0	0
A	AG	20	114	1	1	BA1652	32058	8	7	0	0	0	0	0	0	0	0	0
A	AG	20	114	1	1	BA1652	32099	7	0	0	0	0	0	0	0	1	0	0
A	AG	20	114	1	1	BA1652	32102	7	8	2	0	1	0	0	0	0	0	0
A	AG	20	114	1	1	BA1652	32112	8	7	0	0	0	0	0	0	0	0	0
A	AG	20	114	1	1	BA1652	32159	7	0	0	0	0	0	0	0	1	0	0
A	AG	20	114	1	1	BA1652	32162	7	8	2	0	1	0	0	0	0	0	0
A	AG	20	114	1	1	BA1652	32167	8	0	0	0	0	0	0	0	1	0	0
A	AG	20	114	1	1	BA1652	32171	8	0	0	0	1	0	0	0	0	0	0
A	AG	20	114	1	1	BA1652	32172	8	7	0	0	0	0	0	0	0	0	0
A	AG	20	114	1	1	BA1652	32176	7	0	0	0	0	0	0	0	1	0	0
A	AG	20	114	1	1	BA1652	32180	7	8	2	0	1	0	0	0	0	0	0
A	AG	20	114	1	1	BA1652	32190	8	7	0	0	0	0	0	0	0	0	0
A	AG	20	114	1	1	BA1652	32210	7	0	0	0	0	0	0	0	1	0	0
A	AG	20	114	1	1	BA1652	32226	7	8	2	0	1	0	0	0	0	0	0
A	AG	20	114	1	1	BA1652	32236	8	7	0	0	0	0	0	0	0	0	0
A	AG	20	114	1	1	BA1652	32247	7	0	0	0	0	0	0	0	1	0	0
A	AG	20	114	1	1	BA1652	32248	7	8	2	0	1	0	0	0	0	0	0
A	AG	20	114	1	1	BA1652	32252	8	0	0	0	0	0	0	0	1	0	0
A	AG	20	114	1	1	BA1652	32258	8	7	0	0	0	0	0	0	0	0	0
A	AG	20	114	1	1	BA1652	32270	7	8	2	0	1	0	0	0	0	0	0
A	AG	20	114	1	1	BA1652	32276	8	0	0	0	0	0	0	0	1	0	0
A	AG	20	114	1	1	BA1652	32278	8	0	0	0	1	0	0	0	0	0	0
A	AG	20	114	1	1	BA1652	32280	8	7	0	0	0	0	0	0	0	0	0
A	AG	20	114	1	1	BA1652	32283	7	0	0	0	0	0	0	0	1	0	0
A	AG	20	114	1	1	BA1652	32289	7	8	2	0	1	0	0	0	0	0	0
A	AG	20	114	1	1	BA1652	32299	8	7	0	0	0	0	0	0	0	0	0
A	AG	20	114	1	1	BA1652	32300	7	0	0	0	0	0	0	0	1	0	0
A	AG	20	114	1	1	BA1652	32330	7	8	2	0	1	0	0	0	0	0	0
A	AG	20	114	1	1	BA1652	32340	8	7	0	0	0	0	0	0	0	0	0
A	AG	20	114	1	1	BA1652	32342	7	0	0	0	0	0	0	0	1	0	0
A	AG	20	114	1	1	BA1652	32345	7	8	2	0	1	0	0	0	0	0	0
A	AG	20	114	1	1	BA1652	32355	8	7	0	0	0	0	0	0	0	0	0
A	AG	20	114	1	1	BA1652	32399	7	0	0	0	0	0	0	0	1	0	0
A	AG	20	114	1	1	BA1652	32447	7	8	2	0	1	0	0	0	0	0	0
A	AG	20	114	1	1	BA1652	32457	8	7	0	0	0	0	0	0	0	0	0
A	AG	20	114	1	1	BA1652	32458	7	0	0	0	0	0	0	0	1	0	0
A	AG	20	114	1	1	BA1652	32483	7	8	2	0	1	0	0	0	0	0	0
A	AG	20	114	1	1	BA1652	32486	8	0	0	0	0	0	0	0	1	0	0
A	AG	20	114	1	1	BA1652	32493	8	7	0	0	0	0	0	0	0	0	0
A	AG	20	114	1	1	BA1652	32499	7	8	2	0	1	0	0	0	0	0	0
A	AG	20	114	1	1	BA1652	32503	8	0	0	0	0	0	0	0	1	0	0
A	AG	20	114	1	1	BA1652	32506	8	0	0	0	1	0	0	0	0	0	0
A	AG	20	114	1	1	BA1652	32509	8	7	0	0	0	0	0	0	0	0	0
A	AG	20	114	1	1	BA1652	32517	7	0	0	0	0	0	0	0	1	0	0
A	AG	20	114	1	1	BA1652	32552	7	8	2	0	1	0	0	0	0	0	0
A	AG	20	114	1	1	BA1652	32562	8	7	0	0	0	0	0	0	0	0	0
A	AG	20	114	1	1	BA1652	32563	7	0	0	0	0	0	0	0	1	0	0
A	AG	20	114	1	1	BA1652	32573	7	8	2	0	1	0	0	0	0	0	0
A	AG	20	114	1	1	BA1652	32577	8	0	0	0	0	0	0	0	1	0	0
A	AG	20	114	1	1	BA1652	32580	8	0	0	0	1	0	0	0	0	0	0
A	AG	20	114	1	1	BA1652	32583	8	7	0	0	0	0	0	0	0	0	0
A	AG	20	114	1	1	BA1652	32588	7	0	0	0	0	0	0	0	1	0	0
A	AG	20	114	1	1	BA1652	32589	7	8	2	0	1	0	0	0	0	0	0
A	AG	20	114	1	1	BA1652	32595	8	0	0	0	0	0	0	0	1	0	0
A	AG	20	114	1	1	BA1652	32599	8	7	0	0	0	0	0	0	0	0	0
A	AG	20	114	1	1	BA1652	32676	7	8	2	0	1	0	0	0	0	0	0
A	AG	20	114	1	1	BA1652	32686	8	9	0	0	0	0	0	0	0	0	0
A	AG	20	114	1	1	BA1652	32696	9	10	0	0	0	0	0	0	0	0	0
A	AG	20	114	1	1	BA1652	32699	10	0	0	0	0	0	0	0	1	0	0
A	AG	20	114	1	1	BA1652	32771	10	2	0	0	0	0	0	0	0	0	0
A	AG	20	114	1	1	BA1652	32772	2	6	0	0	0	0	0	0	0	0	0
A	AG	20	114	1	1	BA1652	32958	6	8	2	0	1	0	0	0	0	0	0
A	AG	20	114	1	1	BA1652	32968	8	7	0	0	0	0	0	0	0	0	0
A	AG	20	114	1	1	BA1652	32979	7	0	0	0	0	0	0	0	1	0	0
A	AG	20	114	1	1	BA1652	32985	7	8	2	0	1	0	0	0	0	0	0
A	AG	20	114	1	1	BA1652	32995	8	7	0	0	0	0	0	0	1	0	0
A	AG	20	114	1	1	BA1652	32999	7	8	2	0	1	0	0	0	0	0	0
A	AG	20	114	1	1	BA1652	33009	8	7	0	0	0	0	0	0	0	0	0
A	AG	20	114	1	1	BA1652	33012	7	0	0	0	0	0	0	0	1	0	0
A	AG	20	114	1	1	BA1652	33016	7	8	2	0	1	0	0	0	0	0	0
A	AG	20	114	1	1	BA1652	33026	8	7	0	0	0	0	0	0	0	0	0
A	AG	20	114	1	1	BA1652	33046	7	0	0	0	0	0	0	0	1	0	0
A	AG	20	114	1	1	BA1652	33050	7	8	2	0	1	0	0	0	0	0	0
A	AG	20	114	1	1	BA1652	33060	8	7	0	0	0	0	0	0	0	0	0
A	AG	20	114	1	1	BA1652	33109	7	0	0	0	0	0	0	0	1	0	0
A	AG	20	114	1	1	BA1652	33113	7	8	2	0	1	0	0	0	0	0	0
A	AG	20	114	1	1	BA1652	33123	8	7	0	0	0	0	0	0	0	0	0
A	AG	20	114	1	1	BA1652	33178	7	0	0	0	0	0	0	0	1	0	0
A	AG	20	114	1	1	BA1652	33179	7	8	2	0	1	0	0	0	0	0	0
A	AG	20	114	1	1	BA1652	33189	8	7	0	0	0	0	0	0	0	0	0
A	AG	20	114	1	1	BA1652	33190	7	0	0	0	0	0	0	0	1	0	0
A	AG	20	114	1	1	BA1652	33194	7	8	2	0	1	0	0	0	0	0	0
A	AG	20	114	1	1	BA1652	33202	8	0	0	0	0	0	0	0	1	0	0
A	AG	20	114	1	1	BA1652	33204	8	7	0	0	0	0	0	0	0	0	0
A	AG	20	114	1	1	BA1652	33205	7	8	2	0	1	0	0	0	0	0	0
A	AG	20	114	1	1	BA1652	33209	8	0	0	0	0	0	0	0	1	0	0
A	AG	20	114	1	1	BA1652	33212	8	0	0	0	1	0	0	0	0	0	0
A	AG	20	114	1	1	BA1652	33215	8	7	0	0	0	0	0	0	0	0	0
A	AG	20	114	1	1	BA1652	33218	7	0	0	0	0	0	0	0	1	0	0
A	AG	20	114	1	1	BA1652	33222	7	8	2	0	1	0	0	0	0	0	0
A	AG	20	114	1	1	BA1652	33232	8	7	0	0	0	0	0	0	0	0	0
A	AG	20	114	1	1	BA1652	33249	7	0	0	0	0	0	0	0	1	0	0
A	AG	20	114	1	1	BA1652	33286	7	8	2	0	1	0	0	0	0	0	0
A	AG	20	114	1	1	BA1652	33289	8	0	0	0	0	0	0	0	1	0	0
A	AG	20	114	1	1	BA1652	33296	8	7	0	0	0	0	0	0	0	0	0
A	AG	20	114	1	1	BA1652	33298	7	8	2	0	1	0	0	0	0	0	0
A	AG	20	114	1	1	BA1652	33300	8	0	0	0	0	0	0	0	1	0	0
A	AG	20	114	1	1	BA1652	33303	8	0	0	0	1	0	0	0	0	0	0
A	AG	20	114	1	1	BA1652	33308	8	7	0	0	0	0	0	0	0	0	0
A	AG	20	114	1	1	BA1652	33314	7	0	0	0	0	0	0	0	1	0	0
A	AG	20	114	1	1	BA1652	33346	7	8	2	0	1	0	0	0	0	0	0
A	AG	20	114	1	1	BA1652	33348	8	0	0	0	0	0	0	0	1	0	0
A	AG	20	114	1	1	BA1652	33356	8	7	0	0	0	0	0	0	0	0	0
A	AG	20	114	1	1	BA1652	33361	7	8	2	0	1	0	0	0	0	0	0
A	AG	20	114	1	1	BA1652	33363	8	0	0	0	0	0	0	0	1	0	0
A	AG	20	114	1	1	BA1652	33368	8	0	0	0	1	0	0	0	0	0	0
A	AG	20	114	1	1	BA1652	33371	8	7	0	0	0	0	0	0	0	0	0
A	AG	20	114	1	1	BA1652	33375	7	0	0	0	0	0	0	0	1	0	0
A	AG	20	114	1	1	BA1652	33376	7	8	2	0	1	0	0	0	0	0	0
A	AG	20	114	1	1	BA1652	33386	8	7	0	0	0	0	0	0	1	0	0
A	AG	20	114	1	1	BA1652	33387	7	8	2	0	1	0	0	0	0	0	0
A	AG	20	114	1	1	BA1652	33396	8	0	0	0	0	0	0	0	1	0	0
A	AG	20	114	1	1	BA1652	33397	8	7	0	0	0	0	0	0	0	0	0
A	AG	20	114	1	1	BA1652	33461	7	8	2	0	1	0	0	0	0	0	0
A	AG	20	114	1	1	BA1652	33471	8	7	0	0	0	0	0	0	0	0	0
A	AG	20	114	1	1	BA1652	33492	7	0	0	0	0	0	0	0	1	0	0
A	AG	20	114	1	1	BA1652	33493	7	8	2	0	1	0	0	0	0	0	0
A	AG	20	114	1	1	BA1652	33503	8	7	0	0	0	0	0	0	0	0	0
A	AG	20	114	1	1	BA1652	33556	7	0	0	0	0	0	0	0	1	0	0
A	AG	20	114	1	1	BA1652	33562	7	8	2	0	1	0	0	0	0	0	0
A	AG	20	114	1	1	BA1652	33565	8	0	0	0	0	0	0	0	1	0	0
A	AG	20	114	1	1	BA1652	33572	8	7	0	0	0	0	0	0	0	0	0
A	AG	20	114	1	1	BA1652	33586	7	8	2	0	1	0	0	0	0	0	0
A	AG	20	114	1	1	BA1652	33595	8	0	0	0	0	0	0	0	1	0	0
A	AG	20	114	1	1	BA1652	33596	8	9	0	0	0	0	0	0	0	0	0
A	AG	20	114	1	1	BA1652	33598	9	0	0	0	1	0	0	0	0	0	0
A	AG	20	114	1	1	BA1652	33606	9	10	0	0	0	0	0	0	0	0	0
A	AG	20	114	1	1	BA1652	33609	10	0	0	0	0	0	0	0	1	0	0
A	AG	20	114	1	1	BA1652	33681	10	2	0	0	0	0	0	0	0	0	0
A	AG	20	114	1	1	BA1652	33682	2	3	0	0	0	0	0	0	0	0	0
A	AG	20	114	1	1	BA1652	33778	3	5	1	1	0	0	0	0	0	0	0
A	AG	20	114	1	1	BA1652	33782	5	0	0	0	0	0	0	1	0	0	0
A	AG	20	114	1	1	BA1652	33788	5	4	0	1	0	0	0	0	0	0	0
A	AG	20	114	1	1	BA1652	33818	4	0	0	0	0	0	0	1	0	0	0
A	AG	20	114	1	1	BA1652	33828	4	5	1	1	0	0	0	0	0	0	0
A	AG	20	114	1	1	BA1652	33833	5	0	0	0	0	0	0	1	0	0	0
A	AG	20	114	1	1	BA1652	33837	5	0	0	1	0	0	0	0	0	0	0
A	AG	20	114	1	1	BA1652	33838	5	4	0	0	0	0	0	0	0	0	0
A	AG	20	114	1	1	BA1652	33860	4	0	0	0	0	0	0	1	0	0	0
A	AG	20	114	1	1	BA1652	33863	4	5	1	1	0	0	0	0	0	0	0
A	AG	20	114	1	1	BA1652	33873	5	4	0	0	0	0	0	0	0	0	0
A	AG	20	114	1	1	BA1652	33892	4	0	0	0	0	0	0	1	0	0	0
A	AG	20	114	1	1	BA1652	33897	4	5	1	1	0	0	0	0	0	0	0
A	AG	20	114	1	1	BA1652	33907	5	4	0	0	0	0	0	0	0	0	0
A	AG	20	114	1	1	BA1652	33915	4	0	0	0	0	0	0	1	0	0	0
A	AG	20	114	1	1	BA1652	33961	4	5	1	1	0	0	0	0	0	0	0
A	AG	20	114	1	1	BA1652	33964	5	0	0	0	0	0	0	1	0	0	0
A	AG	20	114	1	1	BA1652	33971	5	9	0	0	0	0	0	0	0	0	0
A	AG	20	114	1	1	BA1652	33981	9	10	0	0	0	0	0	0	0	0	0
A	AG	20	114	1	1	BA1652	34056	10	2	0	0	0	0	0	0	0	0	0
A	AG	20	114	1	1	BA1652	34057	2	6	0	0	0	0	0	0	0	0	0
A	AG	20	114	1	1	BA1652	34480	6	8	2	0	1	0	0	0	0	0	0
A	AG	20	114	1	1	BA1652	34489	8	0	0	0	0	0	0	0	1	0	0
A	AG	20	114	1	1	BA1652	34490	8	7	0	0	0	0	0	0	0	0	0
A	AG	20	114	1	1	BA1652	34497	7	8	2	0	1	0	0	0	0	0	0
A	AG	20	114	1	1	BA1652	34507	8	7	0	0	0	0	0	0	0	0	0
A	AG	20	114	1	1	BA1652	34516	7	0	0	0	0	0	0	0	1	0	0
A	AG	20	114	1	1	BA1652	34699	7	8	2	0	1	0	0	0	0	0	0
A	AG	20	114	1	1	BA1652	34702	8	0	0	0	0	0	0	0	1	0	0
A	AG	20	114	1	1	BA1652	34703	8	0	0	0	1	0	0	0	0	0	0
A	AG	20	114	1	1	BA1652	34707	8	0	0	0	0	0	0	0	1	0	0
A	AG	20	114	1	1	BA1652	34709	8	7	0	0	0	0	0	0	0	0	0
A	AG	20	114	1	1	BA1652	34772	7	8	2	0	1	0	0	0	0	0	0
A	AG	20	114	1	1	BA1652	34782	8	7	0	0	0	0	0	0	0	0	0
A	AG	20	114	1	1	BA1652	34786	7	0	0	0	0	0	0	0	1	0	0
A	AG	20	114	1	1	BA1652	34801	7	8	2	0	1	0	0	0	0	0	0
A	AG	20	114	1	1	BA1652	34811	8	7	0	0	0	0	0	0	0	0	0
A	AG	20	114	1	1	BA1652	34815	7	0	0	0	0	0	0	0	1	0	0
A	AG	20	114	1	1	BA1652	34860	7	8	2	0	1	0	0	0	0	0	0
A	AG	20	114	1	1	BA1652	34865	8	0	0	0	0	0	0	0	1	0	0
A	AG	20	114	1	1	BA1652	34866	8	0	0	0	1	0	0	0	0	0	0
A	AG	20	114	1	1	BA1652	34870	8	7	0	0	0	0	0	0	0	0	0
A	AG	20	114	1	1	BA1652	34878	7	0	0	0	0	0	0	0	1	0	0
A	AG	20	114	1	1	BA1652	34889	7	8	2	0	1	0	0	0	0	0	0
A	AG	20	114	1	1	BA1652	34892	8	0	0	0	0	0	0	0	1	0	0
A	AG	20	114	1	1	BA1652	34899	8	7	0	0	1	0	0	0	0	0	0
A	AG	20	114	1	1	BA1652	34906	7	0	0	0	0	0	0	0	1	0	0
A	AG	20	114	1	1	BA1652	34909	7	8	2	0	1	0	0	0	0	0	0
A	AG	20	114	1	1	BA1652	34919	8	7	0	0	0	0	0	0	0	0	0
A	AG	20	114	1	1	BA1652	34925	7	0	0	0	0	0	0	0	1	0	0
A	AG	20	114	1	1	BA1652	34926	7	8	2	0	1	0	0	0	0	0	0
A	AG	20	114	1	1	BA1652	34936	8	7	0	0	0	0	0	0	0	0	0
A	AG	20	114	1	1	BA1652	34941	7	0	0	0	0	0	0	0	1	0	0
A	AG	20	114	1	1	BA1652	34945	7	8	2	0	1	0	0	0	0	0	0
A	AG	20	114	1	1	BA1652	34949	8	0	0	0	0	0	0	0	1	0	0
A	AG	20	114	1	1	BA1652	34954	8	0	0	0	1	0	0	0	0	0	0
A	AG	20	114	1	1	BA1652	34955	8	7	0	0	0	0	0	0	0	0	0
A	AG	20	114	1	1	BA1652	34961	7	0	0	0	0	0	0	0	1	0	0
A	AG	20	114	1	1	BA1652	34964	7	8	2	0	1	0	0	0	0	0	0
A	AG	20	114	1	1	BA1652	34974	8	7	0	0	0	0	0	0	0	0	0
A	AG	20	114	1	1	BA1652	35006	7	0	0	0	0	0	0	0	1	0	0
A	AG	20	114	1	1	BA1652	35065	7	8	2	0	1	0	0	0	0	0	0
A	AG	20	114	1	1	BA1652	35069	8	0	0	0	0	0	0	0	1	0	0
A	AG	20	114	1	1	BA1652	35075	8	7	0	0	0	0	0	0	0	0	0
A	AG	20	114	1	1	BA1652	35088	7	8	2	0	1	0	0	0	0	0	0
A	AG	20	114	1	1	BA1652	35098	8	7	0	0	0	0	0	0	0	0	0
A	AG	20	114	1	1	BA1652	35103	7	0	0	0	0	0	0	0	1	0	0
A	AG	20	114	1	1	BA1652	35144	7	8	2	0	1	0	0	0	0	0	0
A	AG	20	114	1	1	BA1652	35154	8	7	0	0	0	0	0	0	0	0	0
A	AG	20	114	1	1	BA1652	35158	7	0	0	0	0	0	0	0	1	0	0
A	AG	20	114	1	1	BA1652	35176	7	8	2	0	1	0	0	0	0	0	0
A	AG	20	114	1	1	BA1652	35184	8	0	0	0	0	0	0	0	1	0	0
A	AG	20	114	1	1	BA1652	35186	8	7	0	0	1	0	0	0	0	0	0
A	AG	20	114	1	1	BA1652	35207	7	0	0	0	0	0	0	0	1	0	0
A	AG	20	114	1	1	BA1652	35294	7	8	2	0	1	0	0	0	0	0	0
A	AG	20	114	1	1	BA1652	35304	8	7	0	0	0	0	0	0	0	0	0
A	AG	20	114	1	1	BA1652	35309	7	0	0	0	0	0	0	0	1	0	0
A	AG	20	114	1	1	BA1652	35313	7	8	2	0	1	0	0	0	0	0	0
A	AG	20	114	1	1	BA1652	35320	8	0	0	0	0	0	0	0	1	0	0
A	AG	20	114	1	1	BA1652	35323	8	7	0	0	0	0	0	0	0	0	0
A	AG	20	114	1	1	BA1652	35324	7	8	2	0	1	0	0	0	0	0	0
A	AG	20	114	1	1	BA1652	35334	8	7	0	0	0	0	0	0	0	0	0
A	AG	20	114	1	1	BA1652	35361	7	0	0	0	0	0	0	0	1	0	0
A	AG	20	114	1	1	BA1652	35363	7	8	2	0	1	0	0	0	0	0	0
A	AG	20	114	1	1	BA1652	35369	8	0	0	0	0	0	0	0	1	0	0
A	AG	20	114	1	1	BA1652	35371	8	0	0	0	1	0	0	0	0	0	0
A	AG	20	114	1	1	BA1652	35373	8	7	0	0	0	0	0	0	0	0	0
A	AG	20	114	1	1	BA1652	35380	7	0	0	0	0	0	0	0	1	0	0
A	AG	20	114	1	1	BA1652	35383	7	8	2	0	1	0	0	0	0	0	0
A	AG	20	114	1	1	BA1652	35393	8	9	0	0	0	0	0	0	0	0	0
A	AG	20	114	1	1	BA1652	35403	9	10	0	0	0	0	0	0	0	0	0
A	AG	20	114	1	1	BA1652	35417	10	0	0	0	0	0	0	0	1	0	0
A	AG	20	114	1	1	BA1652	35478	10	2	0	0	0	0	0	0	0	0	0
A	AG	20	114	1	1	BA1652	35479	2	3	0	0	0	0	0	0	0	0	0
A	AG	20	114	1	1	BA1652	35588	3	5	1	1	0	0	0	0	0	0	0
A	AG	20	114	1	1	BA1652	35592	5	0	0	0	0	0	0	1	0	0	0
A	AG	20	114	1	1	BA1652	35598	5	4	0	1	0	0	0	0	0	0	0
A	AG	20	114	1	1	BA1652	35610	4	5	1	1	0	0	0	1	0	0	0
A	AG	20	114	1	1	BA1652	35617	5	0	0	0	0	0	0	1	0	0	0
A	AG	20	114	1	1	BA1652	35619	5	0	0	1	0	0	0	0	0	0	0
A	AG	20	114	1	1	BA1652	35620	5	4	0	0	0	0	0	0	0	0	0
A	AG	20	114	1	1	BA1652	35635	4	0	0	0	0	0	0	1	0	0	0
A	AG	20	114	1	1	BA1652	35639	4	5	1	1	0	0	0	0	0	0	0
A	AG	20	114	1	1	BA1652	35649	5	4	0	0	0	0	0	0	0	0	0
A	AG	20	114	1	1	BA1652	35650	4	0	0	0	0	0	0	1	0	0	0
A	AG	20	114	1	1	BA1652	35651	4	5	1	1	0	0	0	0	0	0	0
A	AG	20	114	1	1	BA1652	35661	5	4	0	0	0	0	0	0	0	0	0
A	AG	20	114	1	1	BA1652	35700	4	0	0	0	0	0	0	1	0	0	0
A	AG	20	114	1	1	BA1652	35705	4	5	1	1	0	0	0	0	0	0	0
A	AG	20	114	1	1	BA1652	35711	5	0	0	0	0	0	0	1	0	0	0
A	AG	20	114	1	1	BA1652	35715	5	9	0	0	0	0	0	0	0	0	0
A	AG	20	114	1	1	BA1652	35719	9	0	0	1	0	0	0	0	0	0	0
A	AG	20	114	1	1	BA1652	35721	9	0	0	0	0	0	0	1	0	0	0
A	AG	20	114	1	1	BA1652	35725	9	10	0	0	0	0	0	0	0	0	0
A	AG	20	114	1	1	BA1652	35800	10	2	0	0	0	0	0	0	0	0	0
A	AG	20	114	1	1	BA1652	35801	2	6	0	0	0	0	0	0	0	0	0
A	AG	20	114	1	1	BA1652	36157	6	8	2	0	1	0	0	0	0	0	0
A	AG	20	114	1	1	BA1652	36167	8	7	0	0	0	0	0	0	0	0	0
A	AG	20	114	1	1	BA1652	36207	7	0	0	0	0	0	0	0	1	0	0
A	AG	20	114	1	1	BA1652	36211	7	8	2	0	1	0	0	0	0	0	0
A	AG	20	114	1	1	BA1652	36215	8	0	0	0	0	0	0	0	1	0	0
A	AG	20	114	1	1	BA1652	36219	8	0	0	0	1	0	0	0	0	0	0
A	AG	20	114	1	1	BA1652	36220	8	0	0	0	0	0	0	0	1	0	0
A	AG	20	114	1	1	BA1652	36221	8	7	0	0	0	0	0	0	0	0	0
A	AG	20	114	1	1	BA1652	36227	7	8	2	0	1	0	0	0	0	0	0
A	AG	20	114	1	1	BA1652	36235	8	0	0	0	0	0	0	0	1	0	0
A	AG	20	114	1	1	BA1652	36237	8	7	0	0	0	0	0	0	0	0	0
A	AG	20	114	1	1	BA1652	36238	7	8	2	0	1	0	0	0	0	0	0
A	AG	20	114	1	1	BA1652	36248	8	7	0	0	0	0	0	0	0	0	0
A	AG	20	114	1	1	BA1652	36250	7	0	0	0	0	0	0	0	1	0	0
A	AG	20	114	1	1	BA1652	36279	7	8	2	0	1	0	0	0	0	0	0
A	AG	20	114	1	1	BA1652	36282	8	0	0	0	0	0	0	0	1	0	0
A	AG	20	114	1	1	BA1652	36289	8	7	0	0	0	0	0	0	0	0	0
A	AG	20	114	1	1	BA1652	36301	7	8	2	0	1	0	0	0	0	0	0
A	AG	20	114	1	1	BA1652	36311	8	7	0	0	0	0	0	0	0	0	0
A	AG	20	114	1	1	BA1652	36358	7	0	0	0	0	0	0	0	1	0	0
A	AG	20	114	1	1	BA1652	36385	7	8	2	0	1	0	0	0	0	0	0
A	AG	20	114	1	1	BA1652	36395	8	7	0	0	0	0	0	0	0	0	0
A	AG	20	114	1	1	BA1652	36403	7	0	0	0	0	0	0	0	1	0	0
A	AG	20	114	1	1	BA1652	36404	7	8	2	0	1	0	0	0	0	0	0
A	AG	20	114	1	1	BA1652	36414	8	7	0	0	0	0	0	0	0	0	0
A	AG	20	114	1	1	BA1652	36417	7	0	0	0	0	0	0	0	1	0	0
A	AG	20	114	1	1	BA1652	36421	7	8	2	0	1	0	0	0	0	0	0
A	AG	20	114	1	1	BA1652	36427	8	0	0	0	0	0	0	0	1	0	0
A	AG	20	114	1	1	BA1652	36430	8	0	0	0	1	0	0	0	0	0	0
A	AG	20	114	1	1	BA1652	36431	8	7	0	0	0	0	0	0	0	0	0
A	AG	20	114	1	1	BA1652	36435	7	0	0	0	0	0	0	0	1	0	0
A	AG	20	114	1	1	BA1652	36439	7	8	2	0	1	0	0	0	0	0	0
A	AG	20	114	1	1	BA1652	36445	8	0	0	0	0	0	0	0	1	0	0
A	AG	20	114	1	1	BA1652	36448	8	0	0	0	1	0	0	0	0	0	0
A	AG	20	114	1	1	BA1652	36449	8	7	0	0	0	0	0	0	0	0	0
A	AG	20	114	1	1	BA1652	36455	7	0	0	0	0	0	0	0	1	0	0
A	AG	20	114	1	1	BA1652	36459	7	8	2	0	1	0	0	0	0	0	0
A	AG	20	114	1	1	BA1652	36469	8	7	0	0	0	0	0	0	0	0	0
A	AG	20	114	1	1	BA1652	36476	7	0	0	0	0	0	0	0	1	0	0
A	AG	20	114	1	1	BA1652	36552	7	8	2	0	1	0	0	0	0	0	0
A	AG	20	114	1	1	BA1652	36562	8	7	0	0	0	0	0	0	0	0	0
A	AG	20	114	1	1	BA1652	36568	7	0	0	0	0	0	0	0	1	0	0
A	AG	20	114	1	1	BA1652	36577	7	8	2	0	1	0	0	0	0	0	0
A	AG	20	114	1	1	BA1652	36585	8	0	0	0	0	0	0	0	1	0	0
A	AG	20	114	1	1	BA1652	36587	8	7	0	0	0	0	0	0	0	0	0
A	AG	20	114	1	1	BA1652	36608	7	8	2	0	1	0	0	0	0	0	0
A	AG	20	114	1	1	BA1652	36618	8	7	0	0	0	0	0	0	0	0	0
A	AG	20	114	1	1	BA1652	36623	7	0	0	0	0	0	0	0	1	0	0
A	AG	20	114	1	1	BA1652	36679	7	8	2	0	1	0	0	0	0	0	0
A	AG	20	114	1	1	BA1652	36689	8	7	0	0	0	0	0	0	0	0	0
A	AG	20	114	1	1	BA1652	36697	7	0	0	0	0	0	0	0	1	0	0
A	AG	20	114	1	1	BA1652	36698	7	8	2	0	1	0	0	0	0	0	0
A	AG	20	114	1	1	BA1652	36705	8	0	0	0	0	0	0	0	1	0	0
A	AG	20	114	1	1	BA1652	36708	8	7	0	0	1	0	0	0	0	0	0
A	AG	20	114	1	1	BA1652	36728	7	0	0	0	0	0	0	0	1	0	0
A	AG	20	114	1	1	BA1652	36731	7	8	2	0	1	0	0	0	0	0	0
A	AG	20	114	1	1	BA1652	36737	8	0	0	0	0	0	0	0	1	0	0
A	AG	20	114	1	1	BA1652	36740	8	0	0	0	1	0	0	0	0	0	0
A	AG	20	114	1	1	BA1652	36741	8	7	0	0	0	0	0	0	0	0	0
A	AG	20	114	1	1	BA1652	36800	7	0	0	0	0	0	0	0	1	0	0
A	AG	20	114	1	1	BA1652	36833	7	8	2	0	1	0	0	0	0	0	0
A	AG	20	114	1	1	BA1652	36837	8	0	0	0	0	0	0	0	1	0	0
A	AG	20	114	1	1	BA1652	36843	8	7	0	0	0	0	0	0	0	0	0
A	AG	20	114	1	1	BA1652	36844	7	8	2	0	1	0	0	0	0	0	0
A	AG	20	114	1	1	BA1652	36854	8	7	0	0	0	0	0	0	1	0	0
A	AG	20	114	1	1	BA1652	36859	7	8	2	0	1	0	0	0	0	0	0
A	AG	20	114	1	1	BA1652	36864	8	0	0	0	0	0	0	0	1	0	0
A	AG	20	114	1	1	BA1652	36869	8	9	0	0	0	0	0	0	0	0	0
A	AG	20	114	1	1	BA1652	36879	9	10	0	0	0	0	0	0	0	0	0
A	AG	20	114	1	1	BA1652	36881	10	0	0	0	1	0	0	0	0	0	0
A	AG	20	114	1	1	BA1652	36882	10	0	0	0	0	0	0	0	1	0	0
A	AG	20	114	1	1	BA1652	36954	10	2	0	0	0	0	0	0	0	0	0
A	AG	20	114	1	1	BA1652	36955	2	3	0	0	0	0	0	0	0	0	0
A	AG	20	114	1	1	BA1652	37033	3	5	1	1	0	0	0	0	0	0	0
A	AG	20	114	1	1	BA1652	37043	5	4	0	0	0	0	0	0	0	0	0
A	AG	20	114	1	1	BA1652	37061	4	5	1	1	0	0	0	1	0	0	0
A	AG	20	114	1	1	BA1652	37069	5	0	0	0	0	0	0	1	0	0	0
A	AG	20	114	1	1	BA1652	37071	5	4	0	0	0	0	0	0	0	0	0
A	AG	20	114	1	1	BA1652	37073	4	5	1	1	0	0	0	0	0	0	0
A	AG	20	114	1	1	BA1652	37079	5	0	0	0	0	0	0	1	0	0	0
A	AG	20	114	1	1	BA1652	37083	5	4	0	0	0	0	0	0	0	0	0
A	AG	20	114	1	1	BA1652	37084	4	5	1	1	0	0	0	0	0	0	0
A	AG	20	114	1	1	BA1652	37094	5	4	0	0	0	0	0	0	0	0	0
A	AG	20	114	1	1	BA1652	37151	4	0	0	0	0	0	0	1	0	0	0
A	AG	20	114	1	1	BA1652	37155	4	5	1	1	0	0	0	0	0	0	0
A	AG	20	114	1	1	BA1652	37165	5	9	0	0	0	0	0	0	0	0	0
A	AG	20	114	1	1	BA1652	37171	9	0	0	0	0	0	0	1	0	0	0
A	AG	20	114	1	1	BA1652	37175	9	10	0	0	0	0	0	0	0	0	0
A	AG	20	114	1	1	BA1652	37250	10	2	0	0	0	0	0	0	0	0	0
A	AG	20	114	1	1	BA1652	37251	2	3	0	0	0	0	0	0	0	0	0
A	AG	20	114	1	1	BA1652	37302	3	5	1	1	0	0	0	0	0	0	0
A	AG	20	114	1	1	BA1652	37312	5	4	0	0	0	0	0	0	0	0	0
A	AG	20	114	1	1	BA1652	37320	4	0	0	0	0	0	0	1	0	0	0
A	AG	20	114	1	1	BA1652	37321	4	5	1	1	0	0	0	0	0	0	0
A	AG	20	114	1	1	BA1652	37331	5	4	0	0	0	0	0	0	0	0	0
A	AG	20	114	1	1	BA1652	37344	4	0	0	0	0	0	0	1	0	0	0
A	AG	20	114	1	1	BA1652	37347	4	5	1	1	0	0	0	0	0	0	0
A	AG	20	114	1	1	BA1652	37353	5	0	0	0	0	0	0	1	0	0	0
A	AG	20	114	1	1	BA1652	37355	5	0	0	1	0	0	0	0	0	0	0
A	AG	20	114	1	1	BA1652	37357	5	4	0	0	0	0	0	0	0	0	0
A	AG	20	114	1	1	BA1652	37366	4	0	0	0	0	0	0	1	0	0	0
A	AG	20	114	1	1	BA1652	37370	4	5	1	1	0	0	0	0	0	0	0
A	AG	20	114	1	1	BA1652	37380	5	4	0	0	0	0	0	0	0	0	0
A	AG	20	114	1	1	BA1652	37437	4	0	0	0	0	0	0	1	0	0	0
A	AG	20	114	1	1	BA1652	37440	4	5	1	1	0	0	0	0	0	0	0
A	AG	20	114	1	1	BA1652	37450	5	9	0	0	0	0	0	0	0	0	0
A	AG	20	114	1	1	BA1652	37459	9	0	0	0	0	0	0	1	0	0	0
A	AG	20	114	1	1	BA1652	37460	9	10	0	0	0	0	0	0	0	0	0
A	AG	20	114	1	1	BA1652	37535	10	2	0	0	0	0	0	0	0	0	0
A	AG	20	114	1	1	BA1652	37536	2	6	0	0	0	0	0	0	0	0	0
A	AG	20	114	1	1	BA1652	38124	6	8	2	0	1	0	0	0	0	0	0
A	AG	20	114	1	1	BA1652	38134	8	7	0	0	0	0	0	0	0	0	0
A	AG	20	114	1	1	BA1652	38149	7	0	0	0	0	0	0	0	1	0	0
A	AG	20	114	1	1	BA1652	38152	7	8	2	0	1	0	0	0	0	0	0
A	AG	20	114	1	1	BA1652	38162	8	7	0	0	0	0	0	0	0	0	0
A	AG	20	114	1	1	BA1652	38175	7	0	0	0	0	0	0	0	1	0	0
A	AG	20	114	1	1	BA1652	38207	7	8	2	0	1	0	0	0	0	0	0
A	AG	20	114	1	1	BA1652	38217	8	7	0	0	0	0	0	0	0	0	0
A	AG	20	114	1	1	BA1652	38251	7	0	0	0	0	0	0	0	1	0	0
A	AG	20	114	1	1	BA1652	38346	7	8	2	0	1	0	0	0	0	0	0
A	AG	20	114	1	1	BA1652	38356	8	7	0	0	0	0	0	0	0	0	0
A	AG	20	114	1	1	BA1652	38359	7	0	0	0	0	0	0	0	1	0	0
A	AG	20	114	1	1	BA1652	38448	7	8	2	0	1	0	0	0	0	0	0
A	AG	20	114	1	1	BA1652	38449	8	0	0	0	0	0	0	0	1	0	0
A	AG	20	114	1	1	BA1652	38458	8	7	0	0	0	0	0	0	0	0	0
A	AG	20	114	1	1	BA1652	38471	7	8	2	0	1	0	0	0	0	0	0
A	AG	20	114	1	1	BA1652	38473	8	0	0	0	0	0	0	0	1	0	0
A	AG	20	114	1	1	BA1652	38479	8	0	0	0	1	0	0	0	0	0	0
A	AG	20	114	1	1	BA1652	38481	8	7	0	0	0	0	0	0	0	0	0
A	AG	20	114	1	1	BA1652	38487	7	0	0	0	0	0	0	0	1	0	0
A	AG	20	114	1	1	BA1652	38579	7	8	2	0	1	0	0	0	0	0	0
A	AG	20	114	1	1	BA1652	38585	8	0	0	0	0	0	0	0	1	0	0
A	AG	20	114	1	1	BA1652	38589	8	7	0	0	0	0	0	0	0	0	0
A	AG	20	114	1	1	BA1652	38591	7	8	2	0	1	0	0	0	0	0	0
A	AG	20	114	1	1	BA1652	38601	8	7	0	0	0	0	0	0	0	0	0
A	AG	20	114	1	1	BA1652	38619	7	0	0	0	0	0	0	0	1	0	0
A	AG	20	114	1	1	BA1652	38630	7	8	2	0	1	0	0	0	0	0	0
A	AG	20	114	1	1	BA1652	38637	8	0	0	0	0	0	0	0	1	0	0
A	AG	20	114	1	1	BA1652	38640	8	7	0	0	1	0	0	0	0	0	0
A	AG	20	114	1	1	BA1652	38649	7	0	0	0	0	0	0	0	1	0	0
A	AG	20	114	1	1	BA1652	38692	7	8	2	0	1	0	0	0	0	0	0
A	AG	20	114	1	1	BA1652	38698	8	0	0	0	0	0	0	0	1	0	0
A	AG	20	114	1	1	BA1652	38702	8	7	0	0	0	0	0	0	0	0	0
A	AG	20	114	1	1	BA1652	38763	7	8	2	0	1	0	0	0	0	0	0
A	AG	20	114	1	1	BA1652	38768	8	0	0	0	0	0	0	0	1	0	0
A	AG	20	114	1	1	BA1652	38772	8	0	0	0	1	0	0	0	0	0	0
A	AG	20	114	1	1	BA1652	38773	8	7	0	0	0	0	0	0	0	0	0
A	AG	20	114	1	1	BA1652	38783	7	0	0	0	0	0	0	0	1	0	0
A	AG	20	114	1	1	BA1652	38796	7	8	2	0	1	0	0	0	0	0	0
A	AG	20	114	1	1	BA1652	38804	8	0	0	0	0	0	0	0	1	0	0
A	AG	20	114	1	1	BA1652	38806	8	7	0	0	0	0	0	0	0	0	0
A	AG	20	114	1	1	BA1652	38816	7	8	2	0	1	0	0	0	0	0	0
A	AG	20	114	1	1	BA1652	38819	8	0	0	0	0	0	0	0	1	0	0
A	AG	20	114	1	1	BA1652	38826	8	7	0	0	0	0	0	0	0	0	0
A	AG	20	114	1	1	BA1652	38949	7	8	2	0	1	0	0	0	0	0	0
A	AG	20	114	1	1	BA1652	38956	8	0	0	0	0	0	0	0	1	0	0
A	AG	20	114	1	1	BA1652	38959	8	7	0	0	0	0	0	0	0	0	0
A	AG	20	114	1	1	BA1652	38963	7	8	2	0	1	0	0	0	0	0	0
A	AG	20	114	1	1	BA1652	38973	8	7	0	0	0	0	0	0	1	0	0
A	AG	20	114	1	1	BA1652	38978	7	8	2	0	1	0	0	0	0	0	0
A	AG	20	114	1	1	BA1652	38982	8	0	0	0	0	0	0	0	1	0	0
A	AG	20	114	1	1	BA1652	38988	8	7	0	0	0	0	0	0	0	0	0
A	AG	20	114	1	1	BA1652	39021	7	8	2	0	1	0	0	0	0	0	0
A	AG	20	114	1	1	BA1652	39026	8	0	0	0	0	0	0	0	1	0	0
A	AG	20	114	1	1	BA1652	39028	8	0	0	0	1	0	0	0	0	0	0
A	AG	20	114	1	1	BA1652	39031	8	7	0	0	0	0	0	0	0	0	0
A	AG	20	114	1	1	BA1652	39035	7	0	0	0	0	0	0	0	1	0	0
A	AG	20	114	1	1	BA1652	39037	7	8	2	0	1	0	0	0	0	0	0
A	AG	20	114	1	1	BA1652	39039	8	0	0	0	0	0	0	0	1	0	0
A	AG	20	114	1	1	BA1652	39041	8	0	0	0	1	0	0	0	0	0	0
A	AG	20	114	1	1	BA1652	39047	8	7	0	0	0	0	0	0	0	0	0
A	AG	20	114	1	1	BA1652	39061	7	0	0	0	0	0	0	0	1	0	0
A	AG	20	114	1	1	BA1652	39105	7	8	2	0	1	0	0	0	0	0	0
A	AG	20	114	1	1	BA1652	39115	8	7	0	0	0	0	0	0	0	0	0
A	AG	20	114	1	1	BA1652	39134	7	0	0	0	0	0	0	0	1	0	0
A	AG	20	114	1	1	BA1652	39138	7	8	2	0	1	0	0	0	0	0	0
A	AG	20	114	1	1	BA1652	39148	8	9	0	0	0	0	0	0	0	0	0
A	AG	20	114	1	1	BA1652	39156	9	0	0	0	0	0	0	0	1	0	0
A	AG	20	114	1	1	BA1652	39157	9	0	0	0	1	0	0	0	0	0	0
A	AG	20	114	1	1	BA1652	39158	9	10	0	0	0	0	0	0	0	0	0
A	AG	20	114	1	1	BA1652	39173	10	0	0	0	0	0	0	0	1	0	0
A	AG	20	114	1	1	BA1652	39233	10	2	0	0	0	0	0	0	0	0	0
A	AG	20	114	1	1	BA1652	39234	2	6	0	0	0	0	0	0	0	0	0
A	AG	20	114	1	1	BA1652	39428	6	8	2	0	1	0	0	0	0	0	0
A	AG	20	114	1	1	BA1652	39438	8	7	0	0	0	0	0	0	0	0	0
A	AG	20	114	1	1	BA1652	39510	7	0	0	0	0	0	0	0	1	0	0
A	AG	20	114	1	1	BA1652	39513	7	8	2	0	1	0	0	0	0	0	0
A	AG	20	114	1	1	BA1652	39519	8	0	0	0	0	0	0	0	1	0	0
A	AG	20	114	1	1	BA1652	39523	8	7	0	0	1	0	0	0	0	0	0
A	AG	20	114	1	1	BA1652	39542	7	0	0	0	0	0	0	0	1	0	0
A	AG	20	114	1	1	BA1652	39547	7	8	2	0	1	0	0	0	0	0	0
A	AG	20	114	1	1	BA1652	39557	8	7	0	0	0	0	0	0	0	0	0
A	AG	20	114	1	1	BA1652	39558	7	0	0	0	0	0	0	0	1	0	0
A	AG	20	114	1	1	BA1652	39570	7	8	2	0	1	0	0	0	0	0	0
A	AG	20	114	1	1	BA1652	39580	8	7	0	0	0	0	0	0	1	0	0
A	AG	20	114	1	1	BA1652	39626	7	8	2	0	1	0	0	0	0	0	0
A	AG	20	114	1	1	BA1652	39630	8	0	0	0	0	0	0	0	1	0	0
A	AG	20	114	1	1	BA1652	39636	8	7	0	0	0	0	0	0	0	0	0
A	AG	20	114	1	1	BA1652	39663	7	8	2	0	1	0	0	0	0	0	0
A	AG	20	114	1	1	BA1652	39671	8	0	0	0	0	0	0	0	1	0	0
A	AG	20	114	1	1	BA1652	39673	8	7	0	0	0	0	0	0	0	0	0
A	AG	20	114	1	1	BA1652	39677	7	8	2	0	1	0	0	0	0	0	0
A	AG	20	114	1	1	BA1652	39679	8	0	0	0	0	0	0	0	1	0	0
A	AG	20	114	1	1	BA1652	39683	8	0	0	0	1	0	0	0	0	0	0
A	AG	20	114	1	1	BA1652	39687	8	7	0	0	0	0	0	0	0	0	0
A	AG	20	114	1	1	BA1652	39689	7	0	0	0	0	0	0	0	1	0	0
A	AG	20	114	1	1	BA1652	39712	7	8	2	0	1	0	0	0	0	0	0
A	AG	20	114	1	1	BA1652	39722	8	7	0	0	0	0	0	0	0	0	0
A	AG	20	114	1	1	BA1652	39726	7	0	0	0	0	0	0	0	1	0	0
A	AG	20	114	1	1	BA1652	39819	7	8	2	0	1	0	0	0	0	0	0
A	AG	20	114	1	1	BA1652	39821	8	0	0	0	0	0	0	0	1	0	0
A	AG	20	114	1	1	BA1652	39824	8	0	0	0	1	0	0	0	0	0	0
A	AG	20	114	1	1	BA1652	39829	8	7	0	0	0	0	0	0	0	0	0
A	AG	20	114	1	1	BA1652	39834	7	0	0	0	0	0	0	0	1	0	0
A	AG	20	114	1	1	BA1652	39848	7	8	2	0	1	0	0	0	0	0	0
A	AG	20	114	1	1	BA1652	39853	8	0	0	0	0	0	0	0	1	0	0
A	AG	20	114	1	1	BA1652	39856	8	0	0	0	1	0	0	0	0	0	0
A	AG	20	114	1	1	BA1652	39858	8	7	0	0	0	0	0	0	0	0	0
A	AG	20	114	1	1	BA1652	39859	7	0	0	0	0	0	0	0	1	0	0
A	AG	20	114	1	1	BA1652	39871	7	8	2	0	1	0	0	0	0	0	0
A	AG	20	114	1	1	BA1652	39881	8	7	0	0	0	0	0	0	1	0	0
A	AG	20	114	1	1	BA1652	39925	7	8	2	0	1	0	0	0	0	0	0
A	AG	20	114	1	1	BA1652	39932	8	0	0	0	0	0	0	0	1	0	0
A	AG	20	114	1	1	BA1652	39935	8	7	0	0	0	0	0	0	0	0	0
A	AG	20	114	1	1	BA1652	39939	7	8	2	0	1	0	0	0	0	0	0
A	AG	20	114	1	1	BA1652	39949	8	7	0	0	0	0	0	0	0	0	0
A	AG	20	114	1	1	BA1652	39976	7	0	0	0	0	0	0	0	1	0	0
A	AG	20	114	1	1	BA1652	39978	7	8	2	0	1	0	0	0	0	0	0
A	AG	20	114	1	1	BA1652	39983	8	0	0	0	0	0	0	0	1	0	0
A	AG	20	114	1	1	BA1652	39986	8	0	0	0	1	0	0	0	0	0	0
A	AG	20	114	1	1	BA1652	39988	8	7	0	0	0	0	0	0	0	0	0
A	AG	20	114	1	1	BA1652	39993	7	0	0	0	0	0	0	0	1	0	0
A	AG	20	114	1	1	BA1652	39997	7	8	2	0	1	0	0	0	0	0	0
A	AG	20	114	1	1	BA1652	40007	8	7	0	0	0	0	0	0	0	0	0
A	AG	20	114	1	1	BA1652	40022	7	0	0	0	0	0	0	0	1	0	0
A	AG	20	114	1	1	BA1652	40047	7	8	2	0	1	0	0	0	0	0	0
A	AG	20	114	1	1	BA1652	40057	8	7	0	0	0	0	0	0	0	0	0
A	AG	20	114	1	1	BA1652	40063	7	0	0	0	0	0	0	0	1	0	0
A	AG	20	114	1	1	BA1652	40069	7	8	2	0	1	0	0	0	0	0	0
A	AG	20	114	1	1	BA1652	40074	8	0	0	0	0	0	0	0	1	0	0
A	AG	20	114	1	1	BA1652	40079	8	7	0	0	0	0	0	0	0	0	0
A	AG	20	114	1	1	BA1652	40086	7	8	2	0	1	0	0	0	0	0	0
A	AG	20	114	1	1	BA1652	40089	8	0	0	0	0	0	0	0	1	0	0
A	AG	20	114	1	1	BA1652	40096	8	7	0	0	0	0	0	0	0	0	0
A	AG	20	114	1	1	BA1652	40107	7	8	2	0	1	0	0	0	0	0	0
A	AG	20	114	1	1	BA1652	40111	8	0	0	0	0	0	0	0	1	0	0
A	AG	20	114	1	1	BA1652	40112	8	0	0	0	1	0	0	0	0	0	0
A	AG	20	114	1	1	BA1652	40117	8	7	0	0	0	0	0	0	0	0	0
A	AG	20	114	1	1	BA1652	40121	7	0	0	0	0	0	0	0	1	0	0
A	AG	20	114	1	1	BA1652	40129	7	8	2	0	1	0	0	0	0	0	0
A	AG	20	114	1	1	BA1652	40133	8	0	0	0	0	0	0	0	1	0	0
A	AG	20	114	1	1	BA1652	40139	8	9	0	0	0	0	0	0	0	0	0
A	AG	20	114	1	1	BA1652	40149	9	10	0	0	0	0	0	0	0	0	0
A	AG	20	114	1	1	BA1652	40224	10	2	0	0	0	0	0	0	0	0	0
A	AG	20	114	1	1	BA1652	40225	2	6	0	0	0	0	0	0	0	0	0
A	AG	20	114	1	1	BA1652	40576	6	8	2	0	1	0	0	0	0	0	0
A	AG	20	114	1	1	BA1652	40585	8	0	0	0	0	0	0	0	1	0	0
A	AG	20	114	1	1	BA1652	40586	8	7	0	0	0	0	0	0	0	0	0
A	AG	20	114	1	1	BA1652	40592	7	8	2	0	1	0	0	0	0	0	0
A	AG	20	114	1	1	BA1652	40595	8	0	0	0	0	0	0	0	1	0	0
A	AG	20	114	1	1	BA1652	40602	8	7	0	0	0	0	0	0	0	0	0
A	AG	20	114	1	1	BA1652	40720	7	8	2	0	1	0	0	0	0	0	0
A	AG	20	114	1	1	BA1652	40730	8	7	0	0	0	0	0	0	0	0	0
A	AG	20	114	1	1	BA1652	40734	7	0	0	0	0	0	0	0	1	0	0
A	AG	20	114	1	1	BA1652	40739	7	8	2	0	1	0	0	0	0	0	0
A	AG	20	114	1	1	BA1652	40742	8	0	0	0	0	0	0	0	1	0	0
A	AG	20	114	1	1	BA1652	40749	8	7	0	0	0	0	0	0	0	0	0
A	AG	20	114	1	1	BA1652	40764	7	8	2	0	1	0	0	0	0	0	0
A	AG	20	114	1	1	BA1652	40774	8	7	0	0	0	0	0	0	1	0	0
A	AG	20	114	1	1	BA1652	40812	7	8	2	0	1	0	0	0	0	0	0
A	AG	20	114	1	1	BA1652	40822	8	7	0	0	0	0	0	0	0	0	0
A	AG	20	114	1	1	BA1652	40823	7	8	2	0	1	0	0	0	1	0	0
A	AG	20	114	1	1	BA1652	40833	8	7	0	0	0	0	0	0	0	0	0
A	AG	20	114	1	1	BA1652	40839	7	0	0	0	0	0	0	0	1	0	0
A	AG	20	114	1	1	BA1652	40843	7	8	2	0	1	0	0	0	0	0	0
A	AG	20	114	1	1	BA1652	40853	8	7	0	0	0	0	0	0	0	0	0
A	AG	20	114	1	1	BA1652	40860	7	0	0	0	0	0	0	0	1	0	0
A	AG	20	114	1	1	BA1652	40864	7	8	2	0	1	0	0	0	0	0	0
A	AG	20	114	1	1	BA1652	40874	8	7	0	0	0	0	0	0	0	0	0
A	AG	20	114	1	1	BA1652	40879	7	0	0	0	0	0	0	0	1	0	0
A	AG	20	114	1	1	BA1652	40881	7	8	2	0	1	0	0	0	0	0	0
A	AG	20	114	1	1	BA1652	40891	8	7	0	0	0	0	0	0	0	0	0
A	AG	20	114	1	1	BA1652	40904	7	0	0	0	0	0	0	0	1	0	0
A	AG	20	114	1	1	BA1652	40905	7	8	2	0	1	0	0	0	0	0	0
A	AG	20	114	1	1	BA1652	40908	8	0	0	0	0	0	0	0	1	0	0
A	AG	20	114	1	1	BA1652	40910	8	0	0	0	1	0	0	0	0	0	0
A	AG	20	114	1	1	BA1652	40915	8	7	0	0	0	0	0	0	0	0	0
A	AG	20	114	1	1	BA1652	40923	7	0	0	0	0	0	0	0	1	0	0
A	AG	20	114	1	1	BA1652	40991	7	8	2	0	1	0	0	0	0	0	0
A	AG	20	114	1	1	BA1652	41001	8	7	0	0	0	0	0	0	1	0	0
A	AG	20	114	1	1	BA1652	41021	7	8	2	0	1	0	0	0	0	0	0
A	AG	20	114	1	1	BA1652	41026	8	0	0	0	0	0	0	0	1	0	0
A	AG	20	114	1	1	BA1652	41027	8	0	0	0	1	0	0	0	0	0	0
A	AG	20	114	1	1	BA1652	41031	8	7	0	0	0	0	0	0	1	0	0
A	AG	20	114	1	1	BA1652	41077	7	8	2	0	1	0	0	0	0	0	0
A	AG	20	114	1	1	BA1652	41087	8	7	0	0	0	0	0	0	0	0	0
A	AG	20	114	1	1	BA1652	41093	7	0	0	0	0	0	0	0	1	0	0
A	AG	20	114	1	1	BA1652	41097	7	8	2	0	1	0	0	0	0	0	0
A	AG	20	114	1	1	BA1652	41105	8	0	0	0	0	0	0	0	1	0	0
A	AG	20	114	1	1	BA1652	41107	8	7	0	0	0	0	0	0	0	0	0
A	AG	20	114	1	1	BA1652	41109	7	8	2	0	1	0	0	0	0	0	0
A	AG	20	114	1	1	BA1652	41119	8	7	0	0	0	0	0	0	0	0	0
A	AG	20	114	1	1	BA1652	41120	7	0	0	0	0	0	0	0	1	0	0
A	AG	20	114	1	1	BA1652	41123	7	8	2	0	1	0	0	0	0	0	0
A	AG	20	114	1	1	BA1652	41129	8	0	0	0	0	0	0	0	1	0	0
A	AG	20	114	1	1	BA1652	41132	8	0	0	0	1	0	0	0	0	0	0
A	AG	20	114	1	1	BA1652	41133	8	7	0	0	0	0	0	0	0	0	0
A	AG	20	114	1	1	BA1652	41141	7	0	0	0	0	0	0	0	1	0	0
A	AG	20	114	1	1	BA1652	41142	7	8	2	0	1	0	0	0	0	0	0
A	AG	20	114	1	1	BA1652	41152	8	7	0	0	0	0	0	0	0	0	0
A	AG	20	114	1	1	BA1652	41168	7	0	0	0	0	0	0	0	1	0	0
A	AG	20	114	1	1	BA1652	41205	7	8	2	0	1	0	0	0	0	0	0
A	AG	20	114	1	1	BA1652	41215	8	7	0	0	0	0	0	0	0	0	0
A	AG	20	114	1	1	BA1652	41223	7	0	0	0	0	0	0	0	1	0	0
A	AG	20	114	1	1	BA1652	41240	7	8	2	0	1	0	0	0	0	0	0
A	AG	20	114	1	1	BA1652	41246	8	0	0	0	0	0	0	0	1	0	0
A	AG	20	114	1	1	BA1652	41248	8	0	0	0	1	0	0	0	0	0	0
A	AG	20	114	1	1	BA1652	41250	8	9	0	0	0	0	0	0	0	0	0
A	AG	20	114	1	1	BA1652	41252	9	0	0	0	0	0	0	0	1	0	0
A	AG	20	114	1	1	BA1652	41260	9	-1	0	0	0	0	0	0	0	0	0
