Project	UserID	Protocol	Session	Station	Run	Subject	Time	Current State	Transition State	Transition Event	A1 - 	A2 - 	A3 - 	A4 - 	A[1] 	A[2] 	A[3] 	A[4] 
A	ef	18	116	1	1	BA1652	0	0	1	0	0	0	0	0	0	0	0	0
A	ef	18	116	1	1	BA1652	50	1	2	0	0	0	0	0	0	0	0	0
A	ef	18	116	1	1	BA1652	51	2	3	0	0	0	0	0	0	0	0	0
A	ef	18	116	1	1	BA1652	1119	3	5	1	1	0	0	0	0	0	0	0
A	ef	18	116	1	1	BA1652	1127	5	0	0	0	0	0	0	1	0	0	0
A	ef	18	116	1	1	BA1652	1129	5	4	0	0	0	0	0	0	0	0	0
A	ef	18	116	1	1	BA1652	1131	4	5	1	1	0	0	0	0	0	0	0
A	ef	18	116	1	1	BA1652	1136	5	0	0	0	0	0	0	1	0	0	0
A	ef	18	116	1	1	BA1652	1141	5	4	0	0	0	0	0	0	0	0	0
A	ef	18	116	1	1	BA1652	1198	4	5	1	1	0	0	0	0	0	0	0
A	ef	18	116	1	1	BA1652	1204	5	0	0	0	0	0	0	1	0	0	0
A	ef	18	116	1	1	BA1652	1208	5	4	0	1	0	0	0	0	0	0	0
A	ef	18	116	1	1	BA1652	1226	4	0	0	0	0	0	0	1	0	0	0
A	ef	18	116	1	1	BA1652	1248	4	5	1	1	0	0	0	0	0	0	0
A	ef	18	116	1	1	BA1652	1256	5	0	0	1	0	0	0	1	0	0	0
A	ef	18	116	1	1	BA1652	1258	5	4	0	0	0	0	0	0	0	0	0
A	ef	18	116	1	1	BA1652	1269	4	0	0	0	0	0	0	1	0	0	0
A	ef	18	116	1	1	BA1652	1283	4	5	1	1	0	0	0	0	0	0	0
A	ef	18	116	1	1	BA1652	1293	5	9	0	0	0	0	0	0	0	0	0
A	ef	18	116	1	1	BA1652	1295	9	0	0	1	0	0	0	1	0	0	0
A	ef	18	116	1	1	BA1652	1298	9	0	0	0	0	0	0	1	0	0	0
A	ef	18	116	1	1	BA1652	1300	9	0	0	1	0	0	0	0	0	0	0
A	ef	18	116	1	1	BA1652	1303	9	10	0	0	0	0	0	0	0	0	0
A	ef	18	116	1	1	BA1652	1306	10	0	0	0	0	0	0	1	0	0	0
A	ef	18	116	1	1	BA1652	1378	10	2	0	0	0	0	0	0	0	0	0
A	ef	18	116	1	1	BA1652	1379	2	3	0	0	0	0	0	0	0	0	0
A	ef	18	116	1	1	BA1652	1451	3	5	1	1	0	0	0	0	0	0	0
A	ef	18	116	1	1	BA1652	1461	5	4	0	0	0	0	0	0	0	0	0
A	ef	18	116	1	1	BA1652	1473	4	0	0	0	0	0	0	1	0	0	0
A	ef	18	116	1	1	BA1652	1496	4	5	1	1	0	0	0	0	0	0	0
A	ef	18	116	1	1	BA1652	1506	5	4	0	0	0	0	0	0	0	0	0
A	ef	18	116	1	1	BA1652	1510	4	0	0	0	0	0	0	1	0	0	0
A	ef	18	116	1	1	BA1652	1546	4	5	1	1	0	0	0	0	0	0	0
A	ef	18	116	1	1	BA1652	1548	5	0	0	0	0	0	0	1	0	0	0
A	ef	18	116	1	1	BA1652	1556	5	4	0	0	0	0	0	0	0	0	0
A	ef	18	116	1	1	BA1652	1582	4	5	1	1	0	0	0	0	0	0	0
A	ef	18	116	1	1	BA1652	1592	5	4	0	0	0	0	0	0	0	0	0
A	ef	18	116	1	1	BA1652	1594	4	0	0	0	0	0	0	1	0	0	0
A	ef	18	116	1	1	BA1652	1605	4	5	1	1	0	0	0	0	0	0	0
A	ef	18	116	1	1	BA1652	1615	5	9	0	0	0	0	0	0	0	0	0
A	ef	18	116	1	1	BA1652	1616	9	0	0	0	0	0	0	1	0	0	0
A	ef	18	116	1	1	BA1652	1617	9	0	0	1	0	0	0	0	0	0	0
A	ef	18	116	1	1	BA1652	1619	9	0	0	0	0	0	0	1	0	0	0
A	ef	18	116	1	1	BA1652	1625	9	10	0	0	0	0	0	0	0	0	0
A	ef	18	116	1	1	BA1652	1700	10	2	0	0	0	0	0	0	0	0	0
A	ef	18	116	1	1	BA1652	1701	2	3	0	0	0	0	0	0	0	0	0
A	ef	18	116	1	1	BA1652	1786	3	5	1	1	0	0	0	0	0	0	0
A	ef	18	116	1	1	BA1652	1796	5	4	0	0	0	0	0	0	0	0	0
A	ef	18	116	1	1	BA1652	1806	4	0	0	0	0	0	0	1	0	0	0
A	ef	18	116	1	1	BA1652	1811	4	5	1	1	0	0	0	0	0	0	0
A	ef	18	116	1	1	BA1652	1819	5	0	0	0	0	0	0	1	0	0	0
A	ef	18	116	1	1	BA1652	1821	5	4	0	0	0	0	0	0	0	0	0
A	ef	18	116	1	1	BA1652	1861	4	5	1	1	0	0	0	0	0	0	0
A	ef	18	116	1	1	BA1652	1871	5	4	0	0	0	0	0	0	0	0	0
A	ef	18	116	1	1	BA1652	1898	4	0	0	0	0	0	0	1	0	0	0
A	ef	18	116	1	1	BA1652	1913	4	5	1	1	0	0	0	0	0	0	0
A	ef	18	116	1	1	BA1652	1918	5	0	0	0	0	0	0	1	0	0	0
A	ef	18	116	1	1	BA1652	1923	5	4	0	0	0	0	0	0	0	0	0
A	ef	18	116	1	1	BA1652	1938	4	5	1	1	0	0	0	0	0	0	0
A	ef	18	116	1	1	BA1652	1942	5	0	0	0	0	0	0	1	0	0	0
A	ef	18	116	1	1	BA1652	1948	5	9	0	1	0	0	0	0	0	0	0
A	ef	18	116	1	1	BA1652	1958	9	10	0	0	0	0	0	0	0	0	0
A	ef	18	116	1	1	BA1652	1972	10	0	0	0	0	0	0	1	0	0	0
A	ef	18	116	1	1	BA1652	2033	10	2	0	0	0	0	0	0	0	0	0
A	ef	18	116	1	1	BA1652	2034	2	6	0	0	0	0	0	0	0	0	0
A	ef	18	116	1	1	BA1652	5184	6	8	2	0	1	0	0	0	0	0	0
A	ef	18	116	1	1	BA1652	5194	8	7	0	0	0	0	0	0	0	0	0
A	ef	18	116	1	1	BA1652	5223	7	0	0	0	0	0	0	0	1	0	0
A	ef	18	116	1	1	BA1652	5312	7	8	2	0	1	0	0	0	0	0	0
A	ef	18	116	1	1	BA1652	5322	8	7	0	0	0	0	0	0	0	0	0
A	ef	18	116	1	1	BA1652	5336	7	0	0	0	0	0	0	0	1	0	0
A	ef	18	116	1	1	BA1652	5339	7	8	2	0	1	0	0	0	0	0	0
A	ef	18	116	1	1	BA1652	5349	8	7	0	0	0	0	0	0	0	0	0
A	ef	18	116	1	1	BA1652	5358	7	0	0	0	0	0	0	0	1	0	0
A	ef	18	116	1	1	BA1652	5458	7	8	2	0	1	0	0	0	0	0	0
A	ef	18	116	1	1	BA1652	5462	8	0	0	0	0	0	0	0	1	0	0
A	ef	18	116	1	1	BA1652	5468	8	7	0	0	0	0	0	0	0	0	0
A	ef	18	116	1	1	BA1652	5520	7	8	2	0	1	0	0	0	0	0	0
A	ef	18	116	1	1	BA1652	5530	8	7	0	0	0	0	0	0	0	0	0
A	ef	18	116	1	1	BA1652	5533	7	0	0	0	0	0	0	0	1	0	0
A	ef	18	116	1	1	BA1652	5595	7	8	2	0	1	0	0	0	0	0	0
A	ef	18	116	1	1	BA1652	5605	8	7	0	0	0	0	0	0	1	0	0
A	ef	18	116	1	1	BA1652	5634	7	8	2	0	1	0	0	0	0	0	0
A	ef	18	116	1	1	BA1652	5644	8	7	0	0	0	0	0	0	0	0	0
A	ef	18	116	1	1	BA1652	5663	7	0	0	0	0	0	0	0	1	0	0
A	ef	18	116	1	1	BA1652	5668	7	8	2	0	1	0	0	0	0	0	0
A	ef	18	116	1	1	BA1652	5673	8	0	0	0	0	0	0	0	1	0	0
A	ef	18	116	1	1	BA1652	5678	8	7	0	0	0	0	0	0	0	0	0
A	ef	18	116	1	1	BA1652	5686	7	8	2	0	1	0	0	0	0	0	0
A	ef	18	116	1	1	BA1652	5691	8	0	0	0	0	0	0	0	1	0	0
A	ef	18	116	1	1	BA1652	5696	8	7	0	0	1	0	0	0	0	0	0
A	ef	18	116	1	1	BA1652	5708	7	0	0	0	0	0	0	0	1	0	0
A	ef	18	116	1	1	BA1652	5712	7	8	2	0	1	0	0	0	0	0	0
A	ef	18	116	1	1	BA1652	5722	8	7	0	0	0	0	0	0	0	0	0
A	ef	18	116	1	1	BA1652	5740	7	0	0	0	0	0	0	0	1	0	0
A	ef	18	116	1	1	BA1652	5747	7	8	2	0	1	0	0	0	0	0	0
A	ef	18	116	1	1	BA1652	5748	8	0	0	0	0	0	0	0	1	0	0
A	ef	18	116	1	1	BA1652	5757	8	7	0	0	0	0	0	0	0	0	0
A	ef	18	116	1	1	BA1652	5784	7	8	2	0	1	0	0	0	0	0	0
A	ef	18	116	1	1	BA1652	5794	8	7	0	0	0	0	0	0	0	0	0
A	ef	18	116	1	1	BA1652	5797	7	0	0	0	0	0	0	0	1	0	0
A	ef	18	116	1	1	BA1652	5825	7	8	2	0	1	0	0	0	0	0	0
A	ef	18	116	1	1	BA1652	5835	8	7	0	0	0	0	0	0	0	0	0
A	ef	18	116	1	1	BA1652	5842	7	0	0	0	0	0	0	0	1	0	0
A	ef	18	116	1	1	BA1652	5897	7	8	2	0	1	0	0	0	0	0	0
A	ef	18	116	1	1	BA1652	5907	8	7	0	0	0	0	0	0	1	0	0
A	ef	18	116	1	1	BA1652	5911	7	8	2	0	1	0	0	0	0	0	0
A	ef	18	116	1	1	BA1652	5921	8	7	0	0	0	0	0	0	0	0	0
A	ef	18	116	1	1	BA1652	5922	7	0	0	0	0	0	0	0	1	0	0
A	ef	18	116	1	1	BA1652	5926	7	8	2	0	1	0	0	0	0	0	0
A	ef	18	116	1	1	BA1652	5936	8	7	0	0	0	0	0	0	0	0	0
A	ef	18	116	1	1	BA1652	5960	7	0	0	0	0	0	0	0	1	0	0
A	ef	18	116	1	1	BA1652	5964	7	8	2	0	1	0	0	0	0	0	0
A	ef	18	116	1	1	BA1652	5968	8	0	0	0	0	0	0	0	1	0	0
A	ef	18	116	1	1	BA1652	5971	8	0	0	0	1	0	0	0	0	0	0
A	ef	18	116	1	1	BA1652	5974	8	7	0	0	0	0	0	0	0	0	0
A	ef	18	116	1	1	BA1652	5978	7	0	0	0	0	0	0	0	1	0	0
A	ef	18	116	1	1	BA1652	5982	7	8	2	0	1	0	0	0	0	0	0
A	ef	18	116	1	1	BA1652	5992	8	7	0	0	0	0	0	0	0	0	0
A	ef	18	116	1	1	BA1652	5997	7	0	0	0	0	0	0	0	1	0	0
A	ef	18	116	1	1	BA1652	6008	7	8	2	0	1	0	0	0	0	0	0
A	ef	18	116	1	1	BA1652	6010	8	0	0	0	0	0	0	0	1	0	0
A	ef	18	116	1	1	BA1652	6018	8	7	0	0	0	0	0	0	0	0	0
A	ef	18	116	1	1	BA1652	6056	7	8	2	0	1	0	0	0	0	0	0
A	ef	18	116	1	1	BA1652	6066	8	9	0	0	0	0	0	0	0	0	0
A	ef	18	116	1	1	BA1652	6075	9	0	0	0	0	0	0	0	1	0	0
A	ef	18	116	1	1	BA1652	6076	9	10	0	0	0	0	0	0	0	0	0
A	ef	18	116	1	1	BA1652	6151	10	2	0	0	0	0	0	0	0	0	0
A	ef	18	116	1	1	BA1652	6152	2	6	0	0	0	0	0	0	0	0	0
A	ef	18	116	1	1	BA1652	6517	6	8	2	0	1	0	0	0	0	0	0
A	ef	18	116	1	1	BA1652	6519	8	0	0	0	0	0	0	0	1	0	0
A	ef	18	116	1	1	BA1652	6527	8	7	0	0	0	0	0	0	0	0	0
A	ef	18	116	1	1	BA1652	6539	7	8	2	0	1	0	0	0	0	0	0
A	ef	18	116	1	1	BA1652	6545	8	0	0	0	0	0	0	0	1	0	0
A	ef	18	116	1	1	BA1652	6549	8	7	0	0	0	0	0	0	0	0	0
A	ef	18	116	1	1	BA1652	6585	7	8	2	0	1	0	0	0	0	0	0
A	ef	18	116	1	1	BA1652	6595	8	7	0	0	0	0	0	0	0	0	0
A	ef	18	116	1	1	BA1652	6596	7	0	0	0	0	0	0	0	1	0	0
A	ef	18	116	1	1	BA1652	6604	7	8	2	0	1	0	0	0	0	0	0
A	ef	18	116	1	1	BA1652	6609	8	0	0	0	0	0	0	0	1	0	0
A	ef	18	116	1	1	BA1652	6614	8	7	0	0	0	0	0	0	0	0	0
A	ef	18	116	1	1	BA1652	6616	7	8	2	0	1	0	0	0	0	0	0
A	ef	18	116	1	1	BA1652	6618	8	0	0	0	0	0	0	0	1	0	0
A	ef	18	116	1	1	BA1652	6624	8	0	0	0	1	0	0	0	0	0	0
A	ef	18	116	1	1	BA1652	6626	8	7	0	0	0	0	0	0	0	0	0
A	ef	18	116	1	1	BA1652	6629	7	0	0	0	0	0	0	0	1	0	0
A	ef	18	116	1	1	BA1652	6645	7	8	2	0	1	0	0	0	0	0	0
A	ef	18	116	1	1	BA1652	6647	8	0	0	0	0	0	0	0	1	0	0
A	ef	18	116	1	1	BA1652	6655	8	7	0	0	0	0	0	0	0	0	0
A	ef	18	116	1	1	BA1652	6667	7	8	2	0	1	0	0	0	0	0	0
A	ef	18	116	1	1	BA1652	6677	8	7	0	0	0	0	0	0	0	0	0
A	ef	18	116	1	1	BA1652	6694	7	0	0	0	0	0	0	0	1	0	0
A	ef	18	116	1	1	BA1652	6706	7	8	2	0	1	0	0	0	0	0	0
A	ef	18	116	1	1	BA1652	6716	8	7	0	0	0	0	0	0	0	0	0
A	ef	18	116	1	1	BA1652	6717	7	0	0	0	0	0	0	0	1	0	0
A	ef	18	116	1	1	BA1652	6773	7	8	2	0	1	0	0	0	0	0	0
A	ef	18	116	1	1	BA1652	6783	8	7	0	0	0	0	0	0	0	0	0
A	ef	18	116	1	1	BA1652	6798	7	0	0	0	0	0	0	0	1	0	0
A	ef	18	116	1	1	BA1652	6809	7	8	2	0	1	0	0	0	0	0	0
A	ef	18	116	1	1	BA1652	6814	8	0	0	0	0	0	0	0	1	0	0
A	ef	18	116	1	1	BA1652	6819	8	7	0	0	0	0	0	0	0	0	0
A	ef	18	116	1	1	BA1652	6821	7	8	2	0	1	0	0	0	0	0	0
A	ef	18	116	1	1	BA1652	6829	8	0	0	0	0	0	0	0	1	0	0
A	ef	18	116	1	1	BA1652	6831	8	7	0	0	0	0	0	0	0	0	0
A	ef	18	116	1	1	BA1652	6850	7	8	2	0	1	0	0	0	0	0	0
A	ef	18	116	1	1	BA1652	6855	8	0	0	0	0	0	0	0	1	0	0
A	ef	18	116	1	1	BA1652	6857	8	0	0	0	1	0	0	0	0	0	0
A	ef	18	116	1	1	BA1652	6860	8	7	0	0	0	0	0	0	0	0	0
A	ef	18	116	1	1	BA1652	6862	7	0	0	0	0	0	0	0	1	0	0
A	ef	18	116	1	1	BA1652	6866	7	8	2	0	1	0	0	0	0	0	0
A	ef	18	116	1	1	BA1652	6873	8	0	0	0	0	0	0	0	1	0	0
A	ef	18	116	1	1	BA1652	6876	8	7	0	0	0	0	0	0	0	0	0
A	ef	18	116	1	1	BA1652	6925	7	8	2	0	1	0	0	0	0	0	0
A	ef	18	116	1	1	BA1652	6930	8	0	0	0	0	0	0	0	1	0	0
A	ef	18	116	1	1	BA1652	6932	8	0	0	0	1	0	0	0	0	0	0
A	ef	18	116	1	1	BA1652	6935	8	7	0	0	0	0	0	0	0	0	0
A	ef	18	116	1	1	BA1652	6939	7	0	0	0	0	0	0	0	1	0	0
A	ef	18	116	1	1	BA1652	6953	7	8	2	0	1	0	0	0	0	0	0
A	ef	18	116	1	1	BA1652	6958	8	0	0	0	0	0	0	0	1	0	0
A	ef	18	116	1	1	BA1652	6961	8	0	0	0	1	0	0	0	0	0	0
A	ef	18	116	1	1	BA1652	6963	8	7	0	0	0	0	0	0	0	0	0
A	ef	18	116	1	1	BA1652	6988	7	0	0	0	0	0	0	0	1	0	0
A	ef	18	116	1	1	BA1652	6990	7	8	2	0	1	0	0	0	0	0	0
A	ef	18	116	1	1	BA1652	7000	8	7	0	0	0	0	0	0	0	0	0
A	ef	18	116	1	1	BA1652	7007	7	0	0	0	0	0	0	0	1	0	0
A	ef	18	116	1	1	BA1652	7048	7	8	2	0	1	0	0	0	0	0	0
A	ef	18	116	1	1	BA1652	7050	8	0	0	0	0	0	0	0	1	0	0
A	ef	18	116	1	1	BA1652	7051	8	0	0	0	1	0	0	0	0	0	0
A	ef	18	116	1	1	BA1652	7054	8	0	0	0	0	0	0	0	1	0	0
A	ef	18	116	1	1	BA1652	7058	8	7	0	0	0	0	0	0	0	0	0
A	ef	18	116	1	1	BA1652	7059	7	8	2	0	1	0	0	0	0	0	0
A	ef	18	116	1	1	BA1652	7069	8	7	0	0	0	0	0	0	0	0	0
A	ef	18	116	1	1	BA1652	7089	7	0	0	0	0	0	0	0	1	0	0
A	ef	18	116	1	1	BA1652	7093	7	8	2	0	1	0	0	0	0	0	0
A	ef	18	116	1	1	BA1652	7101	8	0	0	0	0	0	0	0	1	0	0
A	ef	18	116	1	1	BA1652	7103	8	7	0	0	0	0	0	0	0	0	0
A	ef	18	116	1	1	BA1652	7118	7	8	2	0	1	0	0	0	0	0	0
A	ef	18	116	1	1	BA1652	7121	8	0	0	0	0	0	0	0	1	0	0
A	ef	18	116	1	1	BA1652	7124	8	0	0	0	1	0	0	0	0	0	0
A	ef	18	116	1	1	BA1652	7128	8	9	0	0	0	0	0	0	1	0	0
A	ef	18	116	1	1	BA1652	7129	9	0	0	0	1	0	0	0	0	0	0
A	ef	18	116	1	1	BA1652	7135	9	0	0	0	0	0	0	0	1	0	0
A	ef	18	116	1	1	BA1652	7138	9	10	0	0	0	0	0	0	0	0	0
A	ef	18	116	1	1	BA1652	7213	10	2	0	0	0	0	0	0	0	0	0
A	ef	18	116	1	1	BA1652	7214	2	6	0	0	0	0	0	0	0	0	0
A	ef	18	116	1	1	BA1652	8101	6	8	2	0	1	0	0	0	0	0	0
A	ef	18	116	1	1	BA1652	8108	8	0	0	0	0	0	0	0	1	0	0
A	ef	18	116	1	1	BA1652	8111	8	7	0	0	0	0	0	0	0	0	0
A	ef	18	116	1	1	BA1652	8168	7	8	2	0	1	0	0	0	0	0	0
A	ef	18	116	1	1	BA1652	8173	8	0	0	0	0	0	0	0	1	0	0
A	ef	18	116	1	1	BA1652	8178	8	7	0	0	0	0	0	0	0	0	0
A	ef	18	116	1	1	BA1652	8187	7	8	2	0	1	0	0	0	0	0	0
A	ef	18	116	1	1	BA1652	8188	8	0	0	0	0	0	0	0	1	0	0
A	ef	18	116	1	1	BA1652	8189	8	0	0	0	1	0	0	0	0	0	0
A	ef	18	116	1	1	BA1652	8193	8	0	0	0	0	0	0	0	1	0	0
A	ef	18	116	1	1	BA1652	8197	8	7	0	0	0	0	0	0	0	0	0
A	ef	18	116	1	1	BA1652	8199	7	8	2	0	1	0	0	0	0	0	0
A	ef	18	116	1	1	BA1652	8205	8	0	0	0	0	0	0	0	1	0	0
A	ef	18	116	1	1	BA1652	8209	8	7	0	0	0	0	0	0	0	0	0
A	ef	18	116	1	1	BA1652	8450	7	8	2	0	1	0	0	0	0	0	0
A	ef	18	116	1	1	BA1652	8460	8	7	0	0	0	0	0	0	0	0	0
A	ef	18	116	1	1	BA1652	8467	7	0	0	0	0	0	0	0	1	0	0
A	ef	18	116	1	1	BA1652	8480	7	8	2	0	1	0	0	0	0	0	0
A	ef	18	116	1	1	BA1652	8490	8	7	0	0	0	0	0	0	0	0	0
A	ef	18	116	1	1	BA1652	8493	7	0	0	0	0	0	0	0	1	0	0
A	ef	18	116	1	1	BA1652	8507	7	8	2	0	1	0	0	0	0	0	0
A	ef	18	116	1	1	BA1652	8511	8	0	0	0	0	0	0	0	1	0	0
A	ef	18	116	1	1	BA1652	8514	8	0	0	0	1	0	0	0	0	0	0
A	ef	18	116	1	1	BA1652	8517	8	7	0	0	0	0	0	0	0	0	0
A	ef	18	116	1	1	BA1652	8518	7	0	0	0	0	0	0	0	1	0	0
A	ef	18	116	1	1	BA1652	8532	7	8	2	0	1	0	0	0	0	0	0
A	ef	18	116	1	1	BA1652	8536	8	0	0	0	0	0	0	0	1	0	0
A	ef	18	116	1	1	BA1652	8542	8	7	0	0	0	0	0	0	0	0	0
A	ef	18	116	1	1	BA1652	8551	7	8	2	0	1	0	0	0	0	0	0
A	ef	18	116	1	1	BA1652	8561	8	7	0	0	0	0	0	0	0	0	0
A	ef	18	116	1	1	BA1652	8571	7	0	0	0	0	0	0	0	1	0	0
A	ef	18	116	1	1	BA1652	8617	7	8	2	0	1	0	0	0	0	0	0
A	ef	18	116	1	1	BA1652	8627	8	7	0	0	0	0	0	0	0	0	0
A	ef	18	116	1	1	BA1652	8630	7	0	0	0	0	0	0	0	1	0	0
A	ef	18	116	1	1	BA1652	8642	7	8	2	0	1	0	0	0	0	0	0
A	ef	18	116	1	1	BA1652	8646	8	0	0	0	0	0	0	0	1	0	0
A	ef	18	116	1	1	BA1652	8650	8	0	0	0	1	0	0	0	0	0	0
A	ef	18	116	1	1	BA1652	8652	8	7	0	0	0	0	0	0	0	0	0
A	ef	18	116	1	1	BA1652	8665	7	0	0	0	0	0	0	0	1	0	0
A	ef	18	116	1	1	BA1652	8666	7	8	2	0	1	0	0	0	0	0	0
A	ef	18	116	1	1	BA1652	8674	8	0	0	0	0	0	0	0	1	0	0
A	ef	18	116	1	1	BA1652	8676	8	7	0	0	1	0	0	0	0	0	0
A	ef	18	116	1	1	BA1652	8699	7	0	0	0	0	0	0	0	1	0	0
A	ef	18	116	1	1	BA1652	8703	7	8	2	0	1	0	0	0	0	0	0
A	ef	18	116	1	1	BA1652	8704	8	0	0	0	0	0	0	0	1	0	0
A	ef	18	116	1	1	BA1652	8713	8	7	0	0	0	0	0	0	0	0	0
A	ef	18	116	1	1	BA1652	8732	7	8	2	0	1	0	0	0	0	0	0
A	ef	18	116	1	1	BA1652	8741	8	0	0	0	0	0	0	0	1	0	0
A	ef	18	116	1	1	BA1652	8742	8	7	0	0	0	0	0	0	0	0	0
A	ef	18	116	1	1	BA1652	8769	7	8	2	0	1	0	0	0	0	0	0
A	ef	18	116	1	1	BA1652	8773	8	0	0	0	0	0	0	0	1	0	0
A	ef	18	116	1	1	BA1652	8774	8	0	0	0	1	0	0	0	0	0	0
A	ef	18	116	1	1	BA1652	8779	8	7	0	0	0	0	0	0	1	0	0
A	ef	18	116	1	1	BA1652	8797	7	8	2	0	1	0	0	0	0	0	0
A	ef	18	116	1	1	BA1652	8807	8	7	0	0	0	0	0	0	0	0	0
A	ef	18	116	1	1	BA1652	8808	7	0	0	0	0	0	0	0	1	0	0
A	ef	18	116	1	1	BA1652	8815	7	8	2	0	1	0	0	0	0	0	0
A	ef	18	116	1	1	BA1652	8825	8	7	0	0	0	0	0	0	1	0	0
A	ef	18	116	1	1	BA1652	8871	7	8	2	0	1	0	0	0	0	0	0
A	ef	18	116	1	1	BA1652	8881	8	7	0	0	0	0	0	0	0	0	0
A	ef	18	116	1	1	BA1652	8889	7	0	0	0	0	0	0	0	1	0	0
A	ef	18	116	1	1	BA1652	8930	7	8	2	0	1	0	0	0	0	0	0
A	ef	18	116	1	1	BA1652	8933	8	0	0	0	0	0	0	0	1	0	0
A	ef	18	116	1	1	BA1652	8937	8	0	0	0	1	0	0	0	0	0	0
A	ef	18	116	1	1	BA1652	8940	8	7	0	0	0	0	0	0	0	0	0
A	ef	18	116	1	1	BA1652	8955	7	0	0	0	0	0	0	0	1	0	0
A	ef	18	116	1	1	BA1652	8959	7	8	2	0	1	0	0	0	0	0	0
A	ef	18	116	1	1	BA1652	8969	8	9	0	0	0	0	0	0	0	0	0
A	ef	18	116	1	1	BA1652	8979	9	10	0	0	0	0	0	0	1	0	0
A	ef	18	116	1	1	BA1652	9054	10	2	0	0	0	0	0	0	0	0	0
A	ef	18	116	1	1	BA1652	9055	2	3	0	0	0	0	0	0	0	0	0
A	ef	18	116	1	1	BA1652	9113	3	5	1	1	0	0	0	0	0	0	0
A	ef	18	116	1	1	BA1652	9118	5	0	0	0	0	0	0	1	0	0	0
A	ef	18	116	1	1	BA1652	9119	5	0	0	1	0	0	0	0	0	0	0
A	ef	18	116	1	1	BA1652	9123	5	4	0	0	0	0	0	1	0	0	0
A	ef	18	116	1	1	BA1652	9129	4	5	1	1	0	0	0	0	0	0	0
A	ef	18	116	1	1	BA1652	9137	5	0	0	0	0	0	0	1	0	0	0
A	ef	18	116	1	1	BA1652	9138	5	0	0	1	0	0	0	0	0	0	0
A	ef	18	116	1	1	BA1652	9139	5	4	0	0	0	0	0	0	0	0	0
A	ef	18	116	1	1	BA1652	9148	4	0	0	0	0	0	0	1	0	0	0
A	ef	18	116	1	1	BA1652	9152	4	5	1	1	0	0	0	0	0	0	0
A	ef	18	116	1	1	BA1652	9162	5	4	0	0	0	0	0	0	0	0	0
A	ef	18	116	1	1	BA1652	9174	4	0	0	0	0	0	0	1	0	0	0
A	ef	18	116	1	1	BA1652	9187	4	5	1	1	0	0	0	0	0	0	0
A	ef	18	116	1	1	BA1652	9191	5	0	0	0	0	0	0	1	0	0	0
A	ef	18	116	1	1	BA1652	9192	5	0	0	1	0	0	0	0	0	0	0
A	ef	18	116	1	1	BA1652	9194	5	0	0	0	0	0	0	1	0	0	0
A	ef	18	116	1	1	BA1652	9197	5	4	0	1	0	0	0	0	0	0	0
A	ef	18	116	1	1	BA1652	9198	4	0	0	0	0	0	0	1	0	0	0
A	ef	18	116	1	1	BA1652	9199	4	5	1	1	0	0	0	0	0	0	0
A	ef	18	116	1	1	BA1652	9203	5	0	0	0	0	0	0	1	0	0	0
A	ef	18	116	1	1	BA1652	9209	5	9	0	0	0	0	0	0	0	0	0
A	ef	18	116	1	1	BA1652	9211	9	0	0	1	0	0	0	0	0	0	0
A	ef	18	116	1	1	BA1652	9215	9	0	0	0	0	0	0	1	0	0	0
A	ef	18	116	1	1	BA1652	9219	9	10	0	0	0	0	0	0	0	0	0
A	ef	18	116	1	1	BA1652	9294	10	2	0	0	0	0	0	0	0	0	0
A	ef	18	116	1	1	BA1652	9295	2	3	0	0	0	0	0	0	0	0	0
A	ef	18	116	1	1	BA1652	9365	3	5	1	1	0	0	0	0	0	0	0
A	ef	18	116	1	1	BA1652	9368	5	0	0	0	0	0	0	1	0	0	0
A	ef	18	116	1	1	BA1652	9371	5	0	0	1	0	0	0	0	0	0	0
A	ef	18	116	1	1	BA1652	9375	5	4	0	0	0	0	0	0	0	0	0
A	ef	18	116	1	1	BA1652	9376	4	5	1	1	0	0	0	1	0	0	0
A	ef	18	116	1	1	BA1652	9386	5	4	0	0	0	0	0	0	0	0	0
A	ef	18	116	1	1	BA1652	9388	4	0	0	0	0	0	0	1	0	0	0
A	ef	18	116	1	1	BA1652	9392	4	5	1	1	0	0	0	0	0	0	0
A	ef	18	116	1	1	BA1652	9398	5	0	0	1	0	0	0	1	0	0	0
A	ef	18	116	1	1	BA1652	9402	5	4	0	0	0	0	0	1	0	0	0
A	ef	18	116	1	1	BA1652	9464	4	5	1	1	0	0	0	0	0	0	0
A	ef	18	116	1	1	BA1652	9466	5	0	0	0	0	0	0	1	0	0	0
A	ef	18	116	1	1	BA1652	9469	5	0	0	1	0	0	0	0	0	0	0
A	ef	18	116	1	1	BA1652	9474	5	4	0	0	0	0	0	0	0	0	0
A	ef	18	116	1	1	BA1652	9476	4	0	0	0	0	0	0	1	0	0	0
A	ef	18	116	1	1	BA1652	9477	4	5	1	1	0	0	0	0	0	0	0
A	ef	18	116	1	1	BA1652	9487	5	9	0	0	0	0	0	0	0	0	0
A	ef	18	116	1	1	BA1652	9490	9	0	0	0	0	0	0	1	0	0	0
A	ef	18	116	1	1	BA1652	9497	9	10	0	0	0	0	0	0	0	0	0
A	ef	18	116	1	1	BA1652	9572	10	2	0	0	0	0	0	0	0	0	0
A	ef	18	116	1	1	BA1652	9573	2	6	0	0	0	0	0	0	0	0	0
A	ef	18	116	1	1	BA1652	9931	6	8	2	0	1	0	0	0	0	0	0
A	ef	18	116	1	1	BA1652	9941	8	7	0	0	0	0	0	0	0	0	0
A	ef	18	116	1	1	BA1652	9942	7	0	0	0	0	0	0	0	1	0	0
A	ef	18	116	1	1	BA1652	10005	7	8	2	0	1	0	0	0	0	0	0
A	ef	18	116	1	1	BA1652	10007	8	0	0	0	0	0	0	0	1	0	0
A	ef	18	116	1	1	BA1652	10015	8	7	0	0	0	0	0	0	0	0	0
A	ef	18	116	1	1	BA1652	10115	7	8	2	0	1	0	0	0	0	0	0
A	ef	18	116	1	1	BA1652	10120	8	0	0	0	0	0	0	0	1	0	0
A	ef	18	116	1	1	BA1652	10124	8	0	0	0	1	0	0	0	0	0	0
A	ef	18	116	1	1	BA1652	10125	8	7	0	0	0	0	0	0	0	0	0
A	ef	18	116	1	1	BA1652	10128	7	0	0	0	0	0	0	0	1	0	0
A	ef	18	116	1	1	BA1652	10133	7	8	2	0	1	0	0	0	0	0	0
A	ef	18	116	1	1	BA1652	10137	8	0	0	0	0	0	0	0	1	0	0
A	ef	18	116	1	1	BA1652	10143	8	7	0	0	0	0	0	0	0	0	0
A	ef	18	116	1	1	BA1652	10145	7	8	2	0	1	0	0	0	0	0	0
A	ef	18	116	1	1	BA1652	10151	8	0	0	0	0	0	0	0	1	0	0
A	ef	18	116	1	1	BA1652	10155	8	7	0	0	0	0	0	0	0	0	0
A	ef	18	116	1	1	BA1652	10160	7	8	2	0	1	0	0	0	0	0	0
A	ef	18	116	1	1	BA1652	10164	8	0	0	0	0	0	0	0	1	0	0
A	ef	18	116	1	1	BA1652	10170	8	7	0	0	0	0	0	0	0	0	0
A	ef	18	116	1	1	BA1652	10200	7	8	2	0	1	0	0	0	0	0	0
A	ef	18	116	1	1	BA1652	10201	8	0	0	0	0	0	0	0	1	0	0
A	ef	18	116	1	1	BA1652	10206	8	0	0	0	1	0	0	0	0	0	0
A	ef	18	116	1	1	BA1652	10208	8	0	0	0	0	0	0	0	1	0	0
A	ef	18	116	1	1	BA1652	10210	8	7	0	0	0	0	0	0	0	0	0
A	ef	18	116	1	1	BA1652	10213	7	8	2	0	1	0	0	0	0	0	0
A	ef	18	116	1	1	BA1652	10214	8	0	0	0	0	0	0	0	1	0	0
A	ef	18	116	1	1	BA1652	10223	8	7	0	0	1	0	0	0	0	0	0
A	ef	18	116	1	1	BA1652	10228	7	0	0	0	0	0	0	0	1	0	0
A	ef	18	116	1	1	BA1652	10261	7	8	2	0	1	0	0	0	0	0	0
A	ef	18	116	1	1	BA1652	10271	8	7	0	0	0	0	0	0	0	0	0
A	ef	18	116	1	1	BA1652	10286	7	0	0	0	0	0	0	0	1	0	0
A	ef	18	116	1	1	BA1652	10291	7	8	2	0	1	0	0	0	0	0	0
A	ef	18	116	1	1	BA1652	10301	8	7	0	0	0	0	0	0	1	0	0
A	ef	18	116	1	1	BA1652	10305	7	8	2	0	1	0	0	0	0	0	0
A	ef	18	116	1	1	BA1652	10309	8	0	0	0	0	0	0	0	1	0	0
A	ef	18	116	1	1	BA1652	10312	8	0	0	0	1	0	0	0	0	0	0
A	ef	18	116	1	1	BA1652	10315	8	7	0	0	0	0	0	0	0	0	0
A	ef	18	116	1	1	BA1652	10352	7	0	0	0	0	0	0	0	1	0	0
A	ef	18	116	1	1	BA1652	10381	7	8	2	0	1	0	0	0	0	0	0
A	ef	18	116	1	1	BA1652	10384	8	0	0	0	0	0	0	0	1	0	0
A	ef	18	116	1	1	BA1652	10391	8	7	0	0	0	0	0	0	0	0	0
A	ef	18	116	1	1	BA1652	10422	7	8	2	0	1	0	0	0	0	0	0
A	ef	18	116	1	1	BA1652	10432	8	7	0	0	0	0	0	0	1	0	0
A	ef	18	116	1	1	BA1652	10440	7	8	2	0	1	0	0	0	0	0	0
A	ef	18	116	1	1	BA1652	10447	8	0	0	0	0	0	0	0	1	0	0
A	ef	18	116	1	1	BA1652	10450	8	7	0	0	0	0	0	0	0	0	0
A	ef	18	116	1	1	BA1652	10470	7	8	2	0	1	0	0	0	0	0	0
A	ef	18	116	1	1	BA1652	10477	8	0	0	0	0	0	0	0	1	0	0
A	ef	18	116	1	1	BA1652	10478	8	0	0	0	1	0	0	0	0	0	0
A	ef	18	116	1	1	BA1652	10480	8	7	0	0	0	0	0	0	0	0	0
A	ef	18	116	1	1	BA1652	10483	7	0	0	0	0	0	0	0	1	0	0
A	ef	18	116	1	1	BA1652	10485	7	8	2	0	1	0	0	0	0	0	0
A	ef	18	116	1	1	BA1652	10490	8	0	0	0	0	0	0	0	1	0	0
A	ef	18	116	1	1	BA1652	10495	8	7	0	0	0	0	0	0	0	0	0
A	ef	18	116	1	1	BA1652	10556	7	8	2	0	1	0	0	0	0	0	0
A	ef	18	116	1	1	BA1652	10566	8	7	0	0	0	0	0	0	0	0	0
A	ef	18	116	1	1	BA1652	10568	7	0	0	0	0	0	0	0	1	0	0
A	ef	18	116	1	1	BA1652	10602	7	8	2	0	1	0	0	0	0	0	0
A	ef	18	116	1	1	BA1652	10605	8	0	0	0	0	0	0	0	1	0	0
A	ef	18	116	1	1	BA1652	10608	8	0	0	0	1	0	0	0	0	0	0
A	ef	18	116	1	1	BA1652	10612	8	7	0	0	0	0	0	0	0	0	0
A	ef	18	116	1	1	BA1652	10613	7	0	0	0	0	0	0	0	1	0	0
A	ef	18	116	1	1	BA1652	10615	7	8	2	0	1	0	0	0	0	0	0
A	ef	18	116	1	1	BA1652	10618	8	0	0	0	0	0	0	0	1	0	0
A	ef	18	116	1	1	BA1652	10625	8	7	0	0	0	0	0	0	0	0	0
A	ef	18	116	1	1	BA1652	10648	7	8	2	0	1	0	0	0	0	0	0
A	ef	18	116	1	1	BA1652	10658	8	9	0	0	0	0	0	0	0	0	0
A	ef	18	116	1	1	BA1652	10668	9	10	0	0	0	0	0	0	1	0	0
A	ef	18	116	1	1	BA1652	10743	10	2	0	0	0	0	0	0	0	0	0
A	ef	18	116	1	1	BA1652	10744	2	6	0	0	0	0	0	0	0	0	0
A	ef	18	116	1	1	BA1652	11107	6	8	2	0	1	0	0	0	0	0	0
A	ef	18	116	1	1	BA1652	11117	8	7	0	0	0	0	0	0	0	0	0
A	ef	18	116	1	1	BA1652	11123	7	0	0	0	0	0	0	0	1	0	0
A	ef	18	116	1	1	BA1652	11193	7	8	2	0	1	0	0	0	0	0	0
A	ef	18	116	1	1	BA1652	11203	8	7	0	0	0	0	0	0	0	0	0
A	ef	18	116	1	1	BA1652	11294	7	0	0	0	0	0	0	0	1	0	0
A	ef	18	116	1	1	BA1652	11295	7	8	2	0	1	0	0	0	0	0	0
A	ef	18	116	1	1	BA1652	11301	8	0	0	0	0	0	0	0	1	0	0
A	ef	18	116	1	1	BA1652	11305	8	7	0	0	0	0	0	0	0	0	0
A	ef	18	116	1	1	BA1652	11326	7	8	2	0	1	0	0	0	0	0	0
A	ef	18	116	1	1	BA1652	11335	8	0	0	0	0	0	0	0	1	0	0
A	ef	18	116	1	1	BA1652	11336	8	7	0	0	0	0	0	0	0	0	0
A	ef	18	116	1	1	BA1652	11341	7	8	2	0	1	0	0	0	0	0	0
A	ef	18	116	1	1	BA1652	11351	8	7	0	0	0	0	0	0	0	0	0
A	ef	18	116	1	1	BA1652	11369	7	0	0	0	0	0	0	0	1	0	0
A	ef	18	116	1	1	BA1652	11379	7	8	2	0	1	0	0	0	0	0	0
A	ef	18	116	1	1	BA1652	11380	8	0	0	0	0	0	0	0	1	0	0
A	ef	18	116	1	1	BA1652	11389	8	7	0	0	0	0	0	0	0	0	0
A	ef	18	116	1	1	BA1652	11392	7	8	2	0	1	0	0	0	0	0	0
A	ef	18	116	1	1	BA1652	11398	8	0	0	0	0	0	0	0	1	0	0
A	ef	18	116	1	1	BA1652	11400	8	0	0	0	1	0	0	0	0	0	0
A	ef	18	116	1	1	BA1652	11401	8	0	0	0	0	0	0	0	1	0	0
A	ef	18	116	1	1	BA1652	11402	8	7	0	0	0	0	0	0	0	0	0
A	ef	18	116	1	1	BA1652	11456	7	8	2	0	1	0	0	0	0	0	0
A	ef	18	116	1	1	BA1652	11464	8	0	0	0	0	0	0	0	1	0	0
A	ef	18	116	1	1	BA1652	11465	8	0	0	0	1	0	0	0	0	0	0
A	ef	18	116	1	1	BA1652	11466	8	7	0	0	0	0	0	0	0	0	0
A	ef	18	116	1	1	BA1652	11490	7	0	0	0	0	0	0	0	1	0	0
A	ef	18	116	1	1	BA1652	11584	7	8	2	0	1	0	0	0	0	0	0
A	ef	18	116	1	1	BA1652	11589	8	0	0	0	0	0	0	0	1	0	0
A	ef	18	116	1	1	BA1652	11594	8	7	0	0	0	0	0	0	0	0	0
A	ef	18	116	1	1	BA1652	11604	7	8	2	0	1	0	0	0	0	0	0
A	ef	18	116	1	1	BA1652	11614	8	7	0	0	0	0	0	0	0	0	0
A	ef	18	116	1	1	BA1652	11617	7	0	0	0	0	0	0	0	1	0	0
A	ef	18	116	1	1	BA1652	11622	7	8	2	0	1	0	0	0	0	0	0
A	ef	18	116	1	1	BA1652	11628	8	0	0	0	0	0	0	0	1	0	0
A	ef	18	116	1	1	BA1652	11632	8	7	0	0	0	0	0	0	0	0	0
A	ef	18	116	1	1	BA1652	11639	7	8	2	0	1	0	0	0	0	0	0
A	ef	18	116	1	1	BA1652	11649	8	7	0	0	0	0	0	0	0	0	0
A	ef	18	116	1	1	BA1652	11659	7	0	0	0	0	0	0	0	1	0	0
A	ef	18	116	1	1	BA1652	11693	7	8	2	0	1	0	0	0	0	0	0
A	ef	18	116	1	1	BA1652	11703	8	7	0	0	0	0	0	0	0	0	0
A	ef	18	116	1	1	BA1652	11711	7	0	0	0	0	0	0	0	1	0	0
A	ef	18	116	1	1	BA1652	11715	7	8	2	0	1	0	0	0	0	0	0
A	ef	18	116	1	1	BA1652	11718	8	0	0	0	0	0	0	0	1	0	0
A	ef	18	116	1	1	BA1652	11725	8	7	0	0	0	0	0	0	0	0	0
A	ef	18	116	1	1	BA1652	11731	7	8	2	0	1	0	0	0	0	0	0
A	ef	18	116	1	1	BA1652	11733	8	0	0	0	0	0	0	0	1	0	0
A	ef	18	116	1	1	BA1652	11741	8	7	0	0	0	0	0	0	0	0	0
A	ef	18	116	1	1	BA1652	11743	7	8	2	0	1	0	0	0	0	0	0
A	ef	18	116	1	1	BA1652	11753	8	7	0	0	0	0	0	0	0	0	0
A	ef	18	116	1	1	BA1652	11794	7	0	0	0	0	0	0	0	1	0	0
A	ef	18	116	1	1	BA1652	11797	7	8	2	0	1	0	0	0	0	0	0
A	ef	18	116	1	1	BA1652	11807	8	7	0	0	0	0	0	0	0	0	0
A	ef	18	116	1	1	BA1652	11831	7	0	0	0	0	0	0	0	1	0	0
A	ef	18	116	1	1	BA1652	11867	7	8	2	0	1	0	0	0	0	0	0
A	ef	18	116	1	1	BA1652	11875	8	0	0	0	0	0	0	0	1	0	0
A	ef	18	116	1	1	BA1652	11877	8	7	0	0	0	0	0	0	0	0	0
A	ef	18	116	1	1	BA1652	11880	7	8	2	0	1	0	0	0	0	0	0
A	ef	18	116	1	1	BA1652	11885	8	0	0	0	0	0	0	0	1	0	0
A	ef	18	116	1	1	BA1652	11890	8	7	0	0	0	0	0	0	0	0	0
A	ef	18	116	1	1	BA1652	11907	7	8	2	0	1	0	0	0	0	0	0
A	ef	18	116	1	1	BA1652	11917	8	9	0	0	0	0	0	0	1	0	0
A	ef	18	116	1	1	BA1652	11927	9	10	0	0	0	0	0	0	0	0	0
A	ef	18	116	1	1	BA1652	12002	10	2	0	0	0	0	0	0	0	0	0
A	ef	18	116	1	1	BA1652	12003	2	6	0	0	0	0	0	0	0	0	0
A	ef	18	116	1	1	BA1652	12712	6	8	2	0	1	0	0	0	0	0	0
A	ef	18	116	1	1	BA1652	12713	8	0	0	0	0	0	0	0	1	0	0
A	ef	18	116	1	1	BA1652	12722	8	7	0	0	0	0	0	0	0	0	0
A	ef	18	116	1	1	BA1652	12748	7	8	2	0	1	0	0	0	0	0	0
A	ef	18	116	1	1	BA1652	12750	8	0	0	0	0	0	0	0	1	0	0
A	ef	18	116	1	1	BA1652	12754	8	0	0	0	1	0	0	0	0	0	0
A	ef	18	116	1	1	BA1652	12758	8	7	0	0	0	0	0	0	0	0	0
A	ef	18	116	1	1	BA1652	12759	7	0	0	0	0	0	0	0	1	0	0
A	ef	18	116	1	1	BA1652	12766	7	8	2	0	1	0	0	0	0	0	0
A	ef	18	116	1	1	BA1652	12771	8	0	0	0	0	0	0	0	1	0	0
A	ef	18	116	1	1	BA1652	12772	8	0	0	0	1	0	0	0	0	0	0
A	ef	18	116	1	1	BA1652	12776	8	7	0	0	0	0	0	0	0	0	0
A	ef	18	116	1	1	BA1652	12788	7	0	0	0	0	0	0	0	1	0	0
A	ef	18	116	1	1	BA1652	12805	7	8	2	0	1	0	0	0	0	0	0
A	ef	18	116	1	1	BA1652	12815	8	7	0	0	0	0	0	0	0	0	0
A	ef	18	116	1	1	BA1652	12870	7	0	0	0	0	0	0	0	1	0	0
A	ef	18	116	1	1	BA1652	12888	7	8	2	0	1	0	0	0	0	0	0
A	ef	18	116	1	1	BA1652	12894	8	0	0	0	0	0	0	0	1	0	0
A	ef	18	116	1	1	BA1652	12898	8	7	0	0	0	0	0	0	0	0	0
A	ef	18	116	1	1	BA1652	12927	7	8	2	0	1	0	0	0	0	0	0
A	ef	18	116	1	1	BA1652	12935	8	0	0	0	0	0	0	0	1	0	0
A	ef	18	116	1	1	BA1652	12937	8	7	0	0	0	0	0	0	0	0	0
A	ef	18	116	1	1	BA1652	12948	7	8	2	0	1	0	0	0	0	0	0
A	ef	18	116	1	1	BA1652	12951	8	0	0	0	0	0	0	0	1	0	0
A	ef	18	116	1	1	BA1652	12956	8	0	0	0	1	0	0	0	0	0	0
A	ef	18	116	1	1	BA1652	12958	8	7	0	0	0	0	0	0	0	0	0
A	ef	18	116	1	1	BA1652	12962	7	0	0	0	0	0	0	0	1	0	0
A	ef	18	116	1	1	BA1652	12965	7	8	2	0	1	0	0	0	0	0	0
A	ef	18	116	1	1	BA1652	12967	8	0	0	0	0	0	0	0	1	0	0
A	ef	18	116	1	1	BA1652	12969	8	0	0	0	1	0	0	0	0	0	0
A	ef	18	116	1	1	BA1652	12972	8	0	0	0	0	0	0	0	1	0	0
A	ef	18	116	1	1	BA1652	12975	8	7	0	0	0	0	0	0	0	0	0
A	ef	18	116	1	1	BA1652	13030	7	8	2	0	1	0	0	0	0	0	0
A	ef	18	116	1	1	BA1652	13034	8	0	0	0	0	0	0	0	1	0	0
A	ef	18	116	1	1	BA1652	13038	8	0	0	0	1	0	0	0	0	0	0
A	ef	18	116	1	1	BA1652	13040	8	7	0	0	0	0	0	0	0	0	0
A	ef	18	116	1	1	BA1652	13047	7	0	0	0	0	0	0	0	1	0	0
A	ef	18	116	1	1	BA1652	13052	7	8	2	0	1	0	0	0	0	0	0
A	ef	18	116	1	1	BA1652	13055	8	0	0	0	0	0	0	0	1	0	0
A	ef	18	116	1	1	BA1652	13058	8	0	0	0	1	0	0	0	0	0	0
A	ef	18	116	1	1	BA1652	13062	8	7	0	0	0	0	0	0	1	0	0
A	ef	18	116	1	1	BA1652	13065	7	8	2	0	1	0	0	0	0	0	0
A	ef	18	116	1	1	BA1652	13075	8	7	0	0	0	0	0	0	0	0	0
A	ef	18	116	1	1	BA1652	13083	7	0	0	0	0	0	0	0	1	0	0
A	ef	18	116	1	1	BA1652	13088	7	8	2	0	1	0	0	0	0	0	0
A	ef	18	116	1	1	BA1652	13098	8	7	0	0	0	0	0	0	0	0	0
A	ef	18	116	1	1	BA1652	13112	7	0	0	0	0	0	0	0	1	0	0
A	ef	18	116	1	1	BA1652	13114	7	8	2	0	1	0	0	0	0	0	0
A	ef	18	116	1	1	BA1652	13117	8	0	0	0	0	0	0	0	1	0	0
A	ef	18	116	1	1	BA1652	13120	8	0	0	0	1	0	0	0	0	0	0
A	ef	18	116	1	1	BA1652	13124	8	7	0	0	0	0	0	0	0	0	0
A	ef	18	116	1	1	BA1652	13131	7	0	0	0	0	0	0	0	1	0	0
A	ef	18	116	1	1	BA1652	13147	7	8	2	0	1	0	0	0	0	0	0
A	ef	18	116	1	1	BA1652	13151	8	0	0	0	0	0	0	0	1	0	0
A	ef	18	116	1	1	BA1652	13154	8	0	0	0	1	0	0	0	0	0	0
A	ef	18	116	1	1	BA1652	13157	8	7	0	0	0	0	0	0	0	0	0
A	ef	18	116	1	1	BA1652	13161	7	0	0	0	0	0	0	0	1	0	0
A	ef	18	116	1	1	BA1652	13162	7	8	2	0	1	0	0	0	0	0	0
A	ef	18	116	1	1	BA1652	13168	8	0	0	0	0	0	0	0	1	0	0
A	ef	18	116	1	1	BA1652	13172	8	7	0	0	0	0	0	0	0	0	0
A	ef	18	116	1	1	BA1652	13222	7	8	2	0	1	0	0	0	0	0	0
A	ef	18	116	1	1	BA1652	13227	8	0	0	0	0	0	0	0	1	0	0
A	ef	18	116	1	1	BA1652	13231	8	0	0	0	1	0	0	0	0	0	0
A	ef	18	116	1	1	BA1652	13232	8	7	0	0	0	0	0	0	0	0	0
A	ef	18	116	1	1	BA1652	13250	7	0	0	0	0	0	0	0	1	0	0
A	ef	18	116	1	1	BA1652	13254	7	8	2	0	1	0	0	0	0	0	0
A	ef	18	116	1	1	BA1652	13260	8	0	0	0	0	0	0	0	1	0	0
A	ef	18	116	1	1	BA1652	13262	8	0	0	0	1	0	0	0	0	0	0
A	ef	18	116	1	1	BA1652	13264	8	7	0	0	0	0	0	0	0	0	0
A	ef	18	116	1	1	BA1652	13295	7	0	0	0	0	0	0	0	1	0	0
A	ef	18	116	1	1	BA1652	13300	7	8	2	0	1	0	0	0	0	0	0
A	ef	18	116	1	1	BA1652	13306	8	0	0	0	0	0	0	0	1	0	0
A	ef	18	116	1	1	BA1652	13310	8	7	0	0	0	0	0	0	0	0	0
A	ef	18	116	1	1	BA1652	13325	7	8	2	0	1	0	0	0	0	0	0
A	ef	18	116	1	1	BA1652	13327	8	0	0	0	0	0	0	0	1	0	0
A	ef	18	116	1	1	BA1652	13329	8	0	0	0	1	0	0	0	0	0	0
A	ef	18	116	1	1	BA1652	13335	8	7	0	0	0	0	0	0	0	0	0
A	ef	18	116	1	1	BA1652	13341	7	0	0	0	0	0	0	0	1	0	0
A	ef	18	116	1	1	BA1652	13353	7	8	2	0	1	0	0	0	0	0	0
A	ef	18	116	1	1	BA1652	13358	8	0	0	0	0	0	0	0	1	0	0
A	ef	18	116	1	1	BA1652	13359	8	0	0	0	1	0	0	0	0	0	0
A	ef	18	116	1	1	BA1652	13363	8	9	0	0	0	0	0	0	0	0	0
A	ef	18	116	1	1	BA1652	13366	9	0	0	0	0	0	0	0	1	0	0
A	ef	18	116	1	1	BA1652	13367	9	0	0	0	1	0	0	0	0	0	0
A	ef	18	116	1	1	BA1652	13370	9	0	0	0	0	0	0	0	1	0	0
A	ef	18	116	1	1	BA1652	13373	9	10	0	0	0	0	0	0	0	0	0
A	ef	18	116	1	1	BA1652	13448	10	2	0	0	0	0	0	0	0	0	0
A	ef	18	116	1	1	BA1652	13449	2	3	0	0	0	0	0	0	0	0	0
A	ef	18	116	1	1	BA1652	13507	3	5	1	1	0	0	0	0	0	0	0
A	ef	18	116	1	1	BA1652	13517	5	4	0	0	0	0	0	0	0	0	0
A	ef	18	116	1	1	BA1652	13520	4	0	0	0	0	0	0	1	0	0	0
A	ef	18	116	1	1	BA1652	13522	4	5	1	1	0	0	0	0	0	0	0
A	ef	18	116	1	1	BA1652	13527	5	0	0	0	0	0	0	1	0	0	0
A	ef	18	116	1	1	BA1652	13532	5	4	0	1	0	0	0	0	0	0	0
A	ef	18	116	1	1	BA1652	13543	4	0	0	0	0	0	0	1	0	0	0
A	ef	18	116	1	1	BA1652	13558	4	5	1	1	0	0	0	0	0	0	0
A	ef	18	116	1	1	BA1652	13568	5	4	0	0	0	0	0	0	0	0	0
A	ef	18	116	1	1	BA1652	13576	4	0	0	0	0	0	0	1	0	0	0
A	ef	18	116	1	1	BA1652	13580	4	5	1	1	0	0	0	0	0	0	0
A	ef	18	116	1	1	BA1652	13590	5	4	0	0	0	0	0	0	0	0	0
A	ef	18	116	1	1	BA1652	13597	4	0	0	0	0	0	0	1	0	0	0
A	ef	18	116	1	1	BA1652	13603	4	5	1	1	0	0	0	0	0	0	0
A	ef	18	116	1	1	BA1652	13607	5	0	0	0	0	0	0	1	0	0	0
A	ef	18	116	1	1	BA1652	13613	5	9	0	0	0	0	0	0	0	0	0
A	ef	18	116	1	1	BA1652	13623	9	10	0	0	0	0	0	0	0	0	0
A	ef	18	116	1	1	BA1652	13698	10	2	0	0	0	0	0	0	0	0	0
A	ef	18	116	1	1	BA1652	13699	2	3	0	0	0	0	0	0	0	0	0
A	ef	18	116	1	1	BA1652	13773	3	5	1	1	0	0	0	0	0	0	0
A	ef	18	116	1	1	BA1652	13780	5	0	0	0	0	0	0	1	0	0	0
A	ef	18	116	1	1	BA1652	13783	5	4	0	1	0	0	0	0	0	0	0
A	ef	18	116	1	1	BA1652	13794	4	0	0	0	0	0	0	1	0	0	0
A	ef	18	116	1	1	BA1652	13807	4	5	1	1	0	0	0	0	0	0	0
A	ef	18	116	1	1	BA1652	13817	5	4	0	0	0	0	0	0	0	0	0
A	ef	18	116	1	1	BA1652	13819	4	0	0	0	0	0	0	1	0	0	0
A	ef	18	116	1	1	BA1652	13823	4	5	1	1	0	0	0	0	0	0	0
A	ef	18	116	1	1	BA1652	13832	5	0	0	0	0	0	0	1	0	0	0
A	ef	18	116	1	1	BA1652	13833	5	4	0	0	0	0	0	0	0	0	0
A	ef	18	116	1	1	BA1652	13836	4	5	1	1	0	0	0	0	0	0	0
A	ef	18	116	1	1	BA1652	13846	5	4	0	0	0	0	0	0	0	0	0
A	ef	18	116	1	1	BA1652	13851	4	0	0	0	0	0	0	1	0	0	0
A	ef	18	116	1	1	BA1652	13855	4	5	1	1	0	0	0	0	0	0	0
A	ef	18	116	1	1	BA1652	13862	5	0	0	0	0	0	0	1	0	0	0
A	ef	18	116	1	1	BA1652	13865	5	9	0	0	0	0	0	0	0	0	0
A	ef	18	116	1	1	BA1652	13871	9	0	0	1	0	0	0	0	0	0	0
A	ef	18	116	1	1	BA1652	13875	9	10	0	0	0	0	0	1	0	0	0
A	ef	18	116	1	1	BA1652	13950	10	2	0	0	0	0	0	0	0	0	0
A	ef	18	116	1	1	BA1652	13951	2	3	0	0	0	0	0	0	0	0	0
A	ef	18	116	1	1	BA1652	14021	3	5	1	1	0	0	0	0	0	0	0
A	ef	18	116	1	1	BA1652	14031	5	4	0	0	0	0	0	0	0	0	0
A	ef	18	116	1	1	BA1652	14048	4	0	0	0	0	0	0	1	0	0	0
A	ef	18	116	1	1	BA1652	14054	4	5	1	1	0	0	0	0	0	0	0
A	ef	18	116	1	1	BA1652	14062	5	0	0	0	0	0	0	1	0	0	0
A	ef	18	116	1	1	BA1652	14064	5	4	0	0	0	0	0	0	0	0	0
A	ef	18	116	1	1	BA1652	14067	4	5	1	1	0	0	0	0	0	0	0
A	ef	18	116	1	1	BA1652	14073	5	0	0	0	0	0	0	1	0	0	0
A	ef	18	116	1	1	BA1652	14077	5	4	0	0	0	0	0	0	0	0	0
A	ef	18	116	1	1	BA1652	14083	4	5	1	1	0	0	0	0	0	0	0
A	ef	18	116	1	1	BA1652	14093	5	4	0	0	0	0	0	0	0	0	0
A	ef	18	116	1	1	BA1652	14099	4	0	0	0	0	0	0	1	0	0	0
A	ef	18	116	1	1	BA1652	14104	4	5	1	1	0	0	0	0	0	0	0
A	ef	18	116	1	1	BA1652	14114	5	9	0	0	0	0	0	0	0	0	0
A	ef	18	116	1	1	BA1652	14120	9	0	0	0	0	0	0	1	0	0	0
A	ef	18	116	1	1	BA1652	14123	9	0	0	1	0	0	0	0	0	0	0
A	ef	18	116	1	1	BA1652	14124	9	10	0	0	0	0	0	0	0	0	0
A	ef	18	116	1	1	BA1652	14126	10	0	0	0	0	0	0	1	0	0	0
A	ef	18	116	1	1	BA1652	14199	10	2	0	0	0	0	0	0	0	0	0
A	ef	18	116	1	1	BA1652	14200	2	6	0	0	0	0	0	0	0	0	0
A	ef	18	116	1	1	BA1652	14608	6	8	2	0	1	0	0	0	0	0	0
A	ef	18	116	1	1	BA1652	14618	8	7	0	0	0	0	0	0	0	0	0
A	ef	18	116	1	1	BA1652	14629	7	0	0	0	0	0	0	0	1	0	0
A	ef	18	116	1	1	BA1652	14967	7	8	2	0	1	0	0	0	0	0	0
A	ef	18	116	1	1	BA1652	14977	8	7	0	0	0	0	0	0	0	0	0
A	ef	18	116	1	1	BA1652	14994	7	0	0	0	0	0	0	0	1	0	0
A	ef	18	116	1	1	BA1652	15095	7	8	2	0	1	0	0	0	0	0	0
A	ef	18	116	1	1	BA1652	15097	8	0	0	0	0	0	0	0	1	0	0
A	ef	18	116	1	1	BA1652	15105	8	7	0	0	0	0	0	0	0	0	0
A	ef	18	116	1	1	BA1652	15108	7	8	2	0	1	0	0	0	0	0	0
A	ef	18	116	1	1	BA1652	15118	8	7	0	0	0	0	0	0	0	0	0
A	ef	18	116	1	1	BA1652	15121	7	0	0	0	0	0	0	0	1	0	0
A	ef	18	116	1	1	BA1652	15127	7	8	2	0	1	0	0	0	0	0	0
A	ef	18	116	1	1	BA1652	15129	8	0	0	0	0	0	0	0	1	0	0
A	ef	18	116	1	1	BA1652	15132	8	0	0	0	1	0	0	0	0	0	0
A	ef	18	116	1	1	BA1652	15134	8	0	0	0	0	0	0	0	1	0	0
A	ef	18	116	1	1	BA1652	15137	8	7	0	0	0	0	0	0	0	0	0
A	ef	18	116	1	1	BA1652	15278	7	8	2	0	1	0	0	0	0	0	0
A	ef	18	116	1	1	BA1652	15279	8	0	0	0	0	0	0	0	1	0	0
A	ef	18	116	1	1	BA1652	15288	8	7	0	0	0	0	0	0	0	0	0
A	ef	18	116	1	1	BA1652	15407	7	8	2	0	1	0	0	0	0	0	0
A	ef	18	116	1	1	BA1652	15410	8	0	0	0	0	0	0	0	1	0	0
A	ef	18	116	1	1	BA1652	15417	8	7	0	0	0	0	0	0	0	0	0
A	ef	18	116	1	1	BA1652	15424	7	8	2	0	1	0	0	0	0	0	0
A	ef	18	116	1	1	BA1652	15426	8	0	0	0	0	0	0	0	1	0	0
A	ef	18	116	1	1	BA1652	15434	8	7	0	0	0	0	0	0	0	0	0
A	ef	18	116	1	1	BA1652	15438	7	8	2	0	1	0	0	0	0	0	0
A	ef	18	116	1	1	BA1652	15440	8	0	0	0	0	0	0	0	1	0	0
A	ef	18	116	1	1	BA1652	15448	8	7	0	0	0	0	0	0	0	0	0
A	ef	18	116	1	1	BA1652	15455	7	8	2	0	1	0	0	0	0	0	0
A	ef	18	116	1	1	BA1652	15460	8	0	0	0	0	0	0	0	1	0	0
A	ef	18	116	1	1	BA1652	15465	8	7	0	0	0	0	0	0	0	0	0
A	ef	18	116	1	1	BA1652	15467	7	8	2	0	1	0	0	0	0	0	0
A	ef	18	116	1	1	BA1652	15477	8	7	0	0	0	0	0	0	1	0	0
A	ef	18	116	1	1	BA1652	15487	7	8	2	0	1	0	0	0	0	0	0
A	ef	18	116	1	1	BA1652	15492	8	0	0	0	0	0	0	0	1	0	0
A	ef	18	116	1	1	BA1652	15497	8	7	0	0	1	0	0	0	0	0	0
A	ef	18	116	1	1	BA1652	15513	7	0	0	0	0	0	0	0	1	0	0
A	ef	18	116	1	1	BA1652	15529	7	8	2	0	1	0	0	0	0	0	0
A	ef	18	116	1	1	BA1652	15537	8	0	0	0	0	0	0	0	1	0	0
A	ef	18	116	1	1	BA1652	15539	8	7	0	0	0	0	0	0	0	0	0
A	ef	18	116	1	1	BA1652	15609	7	8	2	0	1	0	0	0	0	0	0
A	ef	18	116	1	1	BA1652	15619	8	7	0	0	0	0	0	0	0	0	0
A	ef	18	116	1	1	BA1652	15623	7	0	0	0	0	0	0	0	1	0	0
A	ef	18	116	1	1	BA1652	15629	7	8	2	0	1	0	0	0	0	0	0
A	ef	18	116	1	1	BA1652	15635	8	0	0	0	0	0	0	0	1	0	0
A	ef	18	116	1	1	BA1652	15638	8	0	0	0	1	0	0	0	0	0	0
A	ef	18	116	1	1	BA1652	15639	8	7	0	0	0	0	0	0	0	0	0
A	ef	18	116	1	1	BA1652	15656	7	0	0	0	0	0	0	0	1	0	0
A	ef	18	116	1	1	BA1652	15658	7	8	2	0	1	0	0	0	0	0	0
A	ef	18	116	1	1	BA1652	15668	8	7	0	0	0	0	0	0	0	0	0
A	ef	18	116	1	1	BA1652	15677	7	0	0	0	0	0	0	0	1	0	0
A	ef	18	116	1	1	BA1652	15708	7	8	2	0	1	0	0	0	0	0	0
A	ef	18	116	1	1	BA1652	15716	8	0	0	0	0	0	0	0	1	0	0
A	ef	18	116	1	1	BA1652	15718	8	7	0	0	0	0	0	0	0	0	0
A	ef	18	116	1	1	BA1652	15734	7	8	2	0	1	0	0	0	0	0	0
A	ef	18	116	1	1	BA1652	15737	8	0	0	0	0	0	0	0	1	0	0
A	ef	18	116	1	1	BA1652	15744	8	7	0	0	0	0	0	0	0	0	0
A	ef	18	116	1	1	BA1652	15748	7	8	2	0	1	0	0	0	0	0	0
A	ef	18	116	1	1	BA1652	15749	8	0	0	0	0	0	0	0	1	0	0
A	ef	18	116	1	1	BA1652	15753	8	0	0	0	1	0	0	0	0	0	0
A	ef	18	116	1	1	BA1652	15755	8	0	0	0	0	0	0	0	1	0	0
A	ef	18	116	1	1	BA1652	15756	8	0	0	0	1	0	0	0	0	0	0
A	ef	18	116	1	1	BA1652	15758	8	7	0	0	0	0	0	0	0	0	0
A	ef	18	116	1	1	BA1652	15771	7	0	0	0	0	0	0	0	1	0	0
A	ef	18	116	1	1	BA1652	15777	7	8	2	0	1	0	0	0	0	0	0
A	ef	18	116	1	1	BA1652	15785	8	0	0	0	0	0	0	0	1	0	0
A	ef	18	116	1	1	BA1652	15786	8	0	0	0	1	0	0	0	0	0	0
A	ef	18	116	1	1	BA1652	15787	8	9	0	0	0	0	0	0	0	0	0
A	ef	18	116	1	1	BA1652	15792	9	0	0	0	0	0	0	0	1	0	0
A	ef	18	116	1	1	BA1652	15797	9	10	0	0	0	0	0	0	0	0	0
A	ef	18	116	1	1	BA1652	15872	10	2	0	0	0	0	0	0	0	0	0
A	ef	18	116	1	1	BA1652	15873	2	6	0	0	0	0	0	0	0	0	0
A	ef	18	116	1	1	BA1652	16003	6	8	2	0	1	0	0	0	0	0	0
A	ef	18	116	1	1	BA1652	16013	8	7	0	0	0	0	0	0	0	0	0
A	ef	18	116	1	1	BA1652	16020	7	0	0	0	0	0	0	0	1	0	0
A	ef	18	116	1	1	BA1652	16040	7	8	2	0	1	0	0	0	0	0	0
A	ef	18	116	1	1	BA1652	16045	8	0	0	0	0	0	0	0	1	0	0
A	ef	18	116	1	1	BA1652	16046	8	0	0	0	1	0	0	0	0	0	0
A	ef	18	116	1	1	BA1652	16050	8	7	0	0	0	0	0	0	0	0	0
A	ef	18	116	1	1	BA1652	16097	7	0	0	0	0	0	0	0	1	0	0
A	ef	18	116	1	1	BA1652	16109	7	8	2	0	1	0	0	0	0	0	0
A	ef	18	116	1	1	BA1652	16112	8	0	0	0	0	0	0	0	1	0	0
A	ef	18	116	1	1	BA1652	16116	8	0	0	0	1	0	0	0	0	0	0
A	ef	18	116	1	1	BA1652	16119	8	7	0	0	0	0	0	0	0	0	0
A	ef	18	116	1	1	BA1652	16120	7	0	0	0	0	0	0	0	1	0	0
A	ef	18	116	1	1	BA1652	16129	7	8	2	0	1	0	0	0	0	0	0
A	ef	18	116	1	1	BA1652	16139	8	7	0	0	0	0	0	0	0	0	0
A	ef	18	116	1	1	BA1652	16147	7	0	0	0	0	0	0	0	1	0	0
A	ef	18	116	1	1	BA1652	16155	7	8	2	0	1	0	0	0	0	0	0
A	ef	18	116	1	1	BA1652	16165	8	7	0	0	0	0	0	0	1	0	0
A	ef	18	116	1	1	BA1652	16183	7	8	2	0	1	0	0	0	0	0	0
A	ef	18	116	1	1	BA1652	16186	8	0	0	0	0	0	0	0	1	0	0
A	ef	18	116	1	1	BA1652	16191	8	0	0	0	1	0	0	0	0	0	0
A	ef	18	116	1	1	BA1652	16193	8	7	0	0	0	0	0	0	0	0	0
A	ef	18	116	1	1	BA1652	16204	7	0	0	0	0	0	0	0	1	0	0
A	ef	18	116	1	1	BA1652	16212	7	8	2	0	1	0	0	0	0	0	0
A	ef	18	116	1	1	BA1652	16216	8	0	0	0	0	0	0	0	1	0	0
A	ef	18	116	1	1	BA1652	16222	8	7	0	0	0	0	0	0	0	0	0
A	ef	18	116	1	1	BA1652	16223	7	8	2	0	1	0	0	0	0	0	0
A	ef	18	116	1	1	BA1652	16233	8	7	0	0	0	0	0	0	0	0	0
A	ef	18	116	1	1	BA1652	16257	7	0	0	0	0	0	0	0	1	0	0
A	ef	18	116	1	1	BA1652	16280	7	8	2	0	1	0	0	0	0	0	0
A	ef	18	116	1	1	BA1652	16285	8	0	0	0	0	0	0	0	1	0	0
A	ef	18	116	1	1	BA1652	16290	8	7	0	0	0	0	0	0	0	0	0
A	ef	18	116	1	1	BA1652	16291	7	8	2	0	1	0	0	0	0	0	0
A	ef	18	116	1	1	BA1652	16301	8	7	0	0	0	0	0	0	0	0	0
A	ef	18	116	1	1	BA1652	16314	7	0	0	0	0	0	0	0	1	0	0
A	ef	18	116	1	1	BA1652	16329	7	8	2	0	1	0	0	0	0	0	0
A	ef	18	116	1	1	BA1652	16331	8	0	0	0	0	0	0	0	1	0	0
A	ef	18	116	1	1	BA1652	16339	8	7	0	0	0	0	0	0	0	0	0
A	ef	18	116	1	1	BA1652	16367	7	8	2	0	1	0	0	0	0	0	0
A	ef	18	116	1	1	BA1652	16371	8	0	0	0	0	0	0	0	1	0	0
A	ef	18	116	1	1	BA1652	16377	8	7	0	0	0	0	0	0	0	0	0
A	ef	18	116	1	1	BA1652	16403	7	8	2	0	1	0	0	0	0	0	0
A	ef	18	116	1	1	BA1652	16408	8	0	0	0	0	0	0	0	1	0	0
A	ef	18	116	1	1	BA1652	16413	8	7	0	0	0	0	0	0	0	0	0
A	ef	18	116	1	1	BA1652	16422	7	8	2	0	1	0	0	0	0	0	0
A	ef	18	116	1	1	BA1652	16425	8	0	0	0	0	0	0	0	1	0	0
A	ef	18	116	1	1	BA1652	16426	8	0	0	0	1	0	0	0	0	0	0
A	ef	18	116	1	1	BA1652	16432	8	7	0	0	0	0	0	0	0	0	0
A	ef	18	116	1	1	BA1652	16435	7	0	0	0	0	0	0	0	1	0	0
A	ef	18	116	1	1	BA1652	16436	7	8	2	0	1	0	0	0	0	0	0
A	ef	18	116	1	1	BA1652	16446	8	7	0	0	0	0	0	0	0	0	0
A	ef	18	116	1	1	BA1652	16461	7	0	0	0	0	0	0	0	1	0	0
A	ef	18	116	1	1	BA1652	16462	7	8	2	0	1	0	0	0	0	0	0
A	ef	18	116	1	1	BA1652	16466	8	0	0	0	0	0	0	0	1	0	0
A	ef	18	116	1	1	BA1652	16472	8	7	0	0	0	0	0	0	0	0	0
A	ef	18	116	1	1	BA1652	16483	7	8	2	0	1	0	0	0	0	0	0
A	ef	18	116	1	1	BA1652	16493	8	7	0	0	0	0	0	0	0	0	0
A	ef	18	116	1	1	BA1652	16495	7	0	0	0	0	0	0	0	1	0	0
A	ef	18	116	1	1	BA1652	16554	7	8	2	0	1	0	0	0	0	0	0
A	ef	18	116	1	1	BA1652	16564	8	7	0	0	0	0	0	0	0	0	0
A	ef	18	116	1	1	BA1652	16573	7	0	0	0	0	0	0	0	1	0	0
A	ef	18	116	1	1	BA1652	16583	7	8	2	0	1	0	0	0	0	0	0
A	ef	18	116	1	1	BA1652	16593	8	7	0	0	0	0	0	0	1	0	0
A	ef	18	116	1	1	BA1652	16600	7	8	2	0	1	0	0	0	0	0	0
A	ef	18	116	1	1	BA1652	16610	8	9	0	0	0	0	0	0	0	0	0
A	ef	18	116	1	1	BA1652	16620	9	10	0	0	0	0	0	0	0	0	0
A	ef	18	116	1	1	BA1652	16623	10	0	0	0	0	0	0	0	1	0	0
A	ef	18	116	1	1	BA1652	16695	10	2	0	0	0	0	0	0	0	0	0
A	ef	18	116	1	1	BA1652	16696	2	6	0	0	0	0	0	0	0	0	0
A	ef	18	116	1	1	BA1652	16840	6	8	2	0	1	0	0	0	0	0	0
A	ef	18	116	1	1	BA1652	16850	8	7	0	0	0	0	0	0	0	0	0
A	ef	18	116	1	1	BA1652	16852	7	0	0	0	0	0	0	0	1	0	0
A	ef	18	116	1	1	BA1652	16861	7	8	2	0	1	0	0	0	0	0	0
A	ef	18	116	1	1	BA1652	16866	8	0	0	0	0	0	0	0	1	0	0
A	ef	18	116	1	1	BA1652	16871	8	7	0	0	1	0	0	0	0	0	0
A	ef	18	116	1	1	BA1652	16929	7	0	0	0	0	0	0	0	1	0	0
A	ef	18	116	1	1	BA1652	16930	7	8	2	0	1	0	0	0	0	0	0
A	ef	18	116	1	1	BA1652	16940	8	7	0	0	0	0	0	0	0	0	0
A	ef	18	116	1	1	BA1652	16952	7	0	0	0	0	0	0	0	1	0	0
A	ef	18	116	1	1	BA1652	16973	7	8	2	0	1	0	0	0	0	0	0
A	ef	18	116	1	1	BA1652	16977	8	0	0	0	0	0	0	0	1	0	0
A	ef	18	116	1	1	BA1652	16983	8	7	0	0	0	0	0	0	0	0	0
A	ef	18	116	1	1	BA1652	16985	7	8	2	0	1	0	0	0	0	0	0
A	ef	18	116	1	1	BA1652	16993	8	0	0	0	0	0	0	0	1	0	0
A	ef	18	116	1	1	BA1652	16995	8	7	0	0	0	0	0	0	0	0	0
A	ef	18	116	1	1	BA1652	17000	7	8	2	0	1	0	0	0	0	0	0
A	ef	18	116	1	1	BA1652	17006	8	0	0	0	0	0	0	0	1	0	0
A	ef	18	116	1	1	BA1652	17010	8	7	0	0	0	0	0	0	0	0	0
A	ef	18	116	1	1	BA1652	17017	7	8	2	0	1	0	0	0	0	0	0
A	ef	18	116	1	1	BA1652	17025	8	0	0	0	0	0	0	0	1	0	0
A	ef	18	116	1	1	BA1652	17027	8	7	0	0	0	0	0	0	0	0	0
A	ef	18	116	1	1	BA1652	17055	7	8	2	0	1	0	0	0	0	0	0
A	ef	18	116	1	1	BA1652	17065	8	7	0	0	0	0	0	0	0	0	0
A	ef	18	116	1	1	BA1652	17068	7	0	0	0	0	0	0	0	1	0	0
A	ef	18	116	1	1	BA1652	17076	7	8	2	0	1	0	0	0	0	0	0
A	ef	18	116	1	1	BA1652	17081	8	0	0	0	0	0	0	0	1	0	0
A	ef	18	116	1	1	BA1652	17086	8	7	0	0	0	0	0	0	0	0	0
A	ef	18	116	1	1	BA1652	17092	7	8	2	0	1	0	0	0	0	0	0
A	ef	18	116	1	1	BA1652	17102	8	7	0	0	0	0	0	0	0	0	0
A	ef	18	116	1	1	BA1652	17116	7	0	0	0	0	0	0	0	1	0	0
A	ef	18	116	1	1	BA1652	17122	7	8	2	0	1	0	0	0	0	0	0
A	ef	18	116	1	1	BA1652	17132	8	7	0	0	0	0	0	0	0	0	0
A	ef	18	116	1	1	BA1652	17198	7	0	0	0	0	0	0	0	1	0	0
A	ef	18	116	1	1	BA1652	17206	7	8	2	0	1	0	0	0	0	0	0
A	ef	18	116	1	1	BA1652	17216	8	7	0	0	0	0	0	0	0	0	0
A	ef	18	116	1	1	BA1652	17292	7	0	0	0	0	0	0	0	1	0	0
A	ef	18	116	1	1	BA1652	17322	7	8	2	0	1	0	0	0	0	0	0
A	ef	18	116	1	1	BA1652	17324	8	0	0	0	0	0	0	0	1	0	0
A	ef	18	116	1	1	BA1652	17325	8	0	0	0	1	0	0	0	0	0	0
A	ef	18	116	1	1	BA1652	17332	8	7	0	0	0	0	0	0	1	0	0
A	ef	18	116	1	1	BA1652	17348	7	8	2	0	1	0	0	0	0	0	0
A	ef	18	116	1	1	BA1652	17350	8	0	0	0	0	0	0	0	1	0	0
A	ef	18	116	1	1	BA1652	17358	8	7	0	0	0	0	0	0	0	0	0
A	ef	18	116	1	1	BA1652	17362	7	8	2	0	1	0	0	0	0	0	0
A	ef	18	116	1	1	BA1652	17372	8	7	0	0	0	0	0	0	0	0	0
A	ef	18	116	1	1	BA1652	17393	7	8	2	0	1	0	0	0	1	0	0
A	ef	18	116	1	1	BA1652	17403	8	7	0	0	0	0	0	0	0	0	0
A	ef	18	116	1	1	BA1652	17429	7	0	0	0	0	0	0	0	1	0	0
A	ef	18	116	1	1	BA1652	17431	7	8	2	0	1	0	0	0	0	0	0
A	ef	18	116	1	1	BA1652	17441	8	7	0	0	0	0	0	0	0	0	0
A	ef	18	116	1	1	BA1652	17442	7	0	0	0	0	0	0	0	1	0	0
A	ef	18	116	1	1	BA1652	17447	7	8	2	0	1	0	0	0	0	0	0
A	ef	18	116	1	1	BA1652	17455	8	0	0	0	0	0	0	0	1	0	0
A	ef	18	116	1	1	BA1652	17457	8	7	0	0	0	0	0	0	0	0	0
A	ef	18	116	1	1	BA1652	17483	7	8	2	0	1	0	0	0	0	0	0
A	ef	18	116	1	1	BA1652	17490	8	0	0	0	0	0	0	0	1	0	0
A	ef	18	116	1	1	BA1652	17493	8	7	0	0	0	0	0	0	0	0	0
A	ef	18	116	1	1	BA1652	17496	7	8	2	0	1	0	0	0	0	0	0
A	ef	18	116	1	1	BA1652	17500	8	0	0	0	0	0	0	0	1	0	0
A	ef	18	116	1	1	BA1652	17506	8	9	0	0	0	0	0	0	0	0	0
A	ef	18	116	1	1	BA1652	17508	9	0	0	0	1	0	0	0	0	0	0
A	ef	18	116	1	1	BA1652	17516	9	10	0	0	0	0	0	0	1	0	0
A	ef	18	116	1	1	BA1652	17591	10	2	0	0	0	0	0	0	0	0	0
A	ef	18	116	1	1	BA1652	17592	2	3	0	0	0	0	0	0	0	0	0
A	ef	18	116	1	1	BA1652	17661	3	5	1	1	0	0	0	0	0	0	0
A	ef	18	116	1	1	BA1652	17665	5	0	0	0	0	0	0	1	0	0	0
A	ef	18	116	1	1	BA1652	17670	5	0	0	1	0	0	0	0	0	0	0
A	ef	18	116	1	1	BA1652	17671	5	4	0	0	0	0	0	0	0	0	0
A	ef	18	116	1	1	BA1652	17683	4	0	0	0	0	0	0	1	0	0	0
A	ef	18	116	1	1	BA1652	17689	4	5	1	1	0	0	0	0	0	0	0
A	ef	18	116	1	1	BA1652	17695	5	0	0	0	0	0	0	1	0	0	0
A	ef	18	116	1	1	BA1652	17699	5	4	0	0	0	0	0	0	0	0	0
A	ef	18	116	1	1	BA1652	17704	4	5	1	1	0	0	0	0	0	0	0
A	ef	18	116	1	1	BA1652	17714	5	4	0	0	0	0	0	0	0	0	0
A	ef	18	116	1	1	BA1652	17717	4	0	0	0	0	0	0	1	0	0	0
A	ef	18	116	1	1	BA1652	17729	4	5	1	1	0	0	0	0	0	0	0
A	ef	18	116	1	1	BA1652	17734	5	0	0	0	0	0	0	1	0	0	0
A	ef	18	116	1	1	BA1652	17739	5	4	0	0	0	0	0	0	0	0	0
A	ef	18	116	1	1	BA1652	17826	4	5	1	1	0	0	0	0	0	0	0
A	ef	18	116	1	1	BA1652	17836	5	9	0	0	0	0	0	0	0	0	0
A	ef	18	116	1	1	BA1652	17845	9	0	0	0	0	0	0	1	0	0	0
A	ef	18	116	1	1	BA1652	17846	9	10	0	0	0	0	0	0	0	0	0
A	ef	18	116	1	1	BA1652	17921	10	2	0	0	0	0	0	0	0	0	0
A	ef	18	116	1	1	BA1652	17922	2	3	0	0	0	0	0	0	0	0	0
A	ef	18	116	1	1	BA1652	17975	3	5	1	1	0	0	0	0	0	0	0
A	ef	18	116	1	1	BA1652	17985	5	4	0	0	0	0	0	0	0	0	0
A	ef	18	116	1	1	BA1652	18009	4	0	0	0	0	0	0	1	0	0	0
A	ef	18	116	1	1	BA1652	18013	4	5	1	1	0	0	0	0	0	0	0
A	ef	18	116	1	1	BA1652	18019	5	0	0	0	0	0	0	1	0	0	0
A	ef	18	116	1	1	BA1652	18023	5	4	0	1	0	0	0	0	0	0	0
A	ef	18	116	1	1	BA1652	18028	4	0	0	0	0	0	0	1	0	0	0
A	ef	18	116	1	1	BA1652	18032	4	5	1	1	0	0	0	0	0	0	0
A	ef	18	116	1	1	BA1652	18042	5	4	0	0	0	0	0	0	0	0	0
A	ef	18	116	1	1	BA1652	18080	4	0	0	0	0	0	0	1	0	0	0
A	ef	18	116	1	1	BA1652	18083	4	5	1	1	0	0	0	0	0	0	0
A	ef	18	116	1	1	BA1652	18089	5	0	0	0	0	0	0	1	0	0	0
A	ef	18	116	1	1	BA1652	18093	5	4	0	0	0	0	0	0	0	0	0
A	ef	18	116	1	1	BA1652	18105	4	5	1	1	0	0	0	0	0	0	0
A	ef	18	116	1	1	BA1652	18115	5	9	0	0	0	0	0	0	0	0	0
A	ef	18	116	1	1	BA1652	18117	9	0	0	0	0	0	0	1	0	0	0
A	ef	18	116	1	1	BA1652	18125	9	10	0	0	0	0	0	0	0	0	0
A	ef	18	116	1	1	BA1652	18200	10	2	0	0	0	0	0	0	0	0	0
A	ef	18	116	1	1	BA1652	18201	2	3	0	0	0	0	0	0	0	0	0
A	ef	18	116	1	1	BA1652	18270	3	5	1	1	0	0	0	0	0	0	0
A	ef	18	116	1	1	BA1652	18280	5	4	0	0	0	0	0	0	0	0	0
A	ef	18	116	1	1	BA1652	18289	4	0	0	0	0	0	0	1	0	0	0
A	ef	18	116	1	1	BA1652	18295	4	5	1	1	0	0	0	0	0	0	0
A	ef	18	116	1	1	BA1652	18305	5	4	0	0	0	0	0	0	0	0	0
A	ef	18	116	1	1	BA1652	18308	4	0	0	0	0	0	0	1	0	0	0
A	ef	18	116	1	1	BA1652	18312	4	5	1	1	0	0	0	0	0	0	0
A	ef	18	116	1	1	BA1652	18316	5	0	0	0	0	0	0	1	0	0	0
A	ef	18	116	1	1	BA1652	18322	5	4	0	0	0	0	0	0	0	0	0
A	ef	18	116	1	1	BA1652	18324	4	5	1	1	0	0	0	0	0	0	0
A	ef	18	116	1	1	BA1652	18334	5	4	0	0	0	0	0	0	0	0	0
A	ef	18	116	1	1	BA1652	18350	4	0	0	0	0	0	0	1	0	0	0
A	ef	18	116	1	1	BA1652	18355	4	5	1	1	0	0	0	0	0	0	0
A	ef	18	116	1	1	BA1652	18359	5	0	0	0	0	0	0	1	0	0	0
A	ef	18	116	1	1	BA1652	18365	5	9	0	0	0	0	0	0	0	0	0
A	ef	18	116	1	1	BA1652	18375	9	10	0	0	0	0	0	0	0	0	0
A	ef	18	116	1	1	BA1652	18450	10	2	0	0	0	0	0	0	0	0	0
A	ef	18	116	1	1	BA1652	18451	2	6	0	0	0	0	0	0	0	0	0
A	ef	18	116	1	1	BA1652	18839	6	8	2	0	1	0	0	0	0	0	0
A	ef	18	116	1	1	BA1652	18849	8	7	0	0	0	0	0	0	0	0	0
A	ef	18	116	1	1	BA1652	18852	7	0	0	0	0	0	0	0	1	0	0
A	ef	18	116	1	1	BA1652	18859	7	8	2	0	1	0	0	0	0	0	0
A	ef	18	116	1	1	BA1652	18861	8	0	0	0	0	0	0	0	1	0	0
A	ef	18	116	1	1	BA1652	18869	8	7	0	0	0	0	0	0	0	0	0
A	ef	18	116	1	1	BA1652	19140	7	8	2	0	1	0	0	0	0	0	0
A	ef	18	116	1	1	BA1652	19142	8	0	0	0	0	0	0	0	1	0	0
A	ef	18	116	1	1	BA1652	19150	8	7	0	0	0	0	0	0	0	0	0
A	ef	18	116	1	1	BA1652	19165	7	8	2	0	1	0	0	0	0	0	0
A	ef	18	116	1	1	BA1652	19171	8	0	0	0	0	0	0	0	1	0	0
A	ef	18	116	1	1	BA1652	19175	8	7	0	0	0	0	0	0	0	0	0
A	ef	18	116	1	1	BA1652	19179	7	8	2	0	1	0	0	0	0	0	0
A	ef	18	116	1	1	BA1652	19184	8	0	0	0	0	0	0	0	1	0	0
A	ef	18	116	1	1	BA1652	19189	8	7	0	0	0	0	0	0	0	0	0
A	ef	18	116	1	1	BA1652	19251	7	8	2	0	1	0	0	0	0	0	0
A	ef	18	116	1	1	BA1652	19261	8	7	0	0	0	0	0	0	0	0	0
A	ef	18	116	1	1	BA1652	19269	7	0	0	0	0	0	0	0	1	0	0
A	ef	18	116	1	1	BA1652	19272	7	8	2	0	1	0	0	0	0	0	0
A	ef	18	116	1	1	BA1652	19282	8	7	0	0	0	0	0	0	0	0	0
A	ef	18	116	1	1	BA1652	19286	7	0	0	0	0	0	0	0	1	0	0
A	ef	18	116	1	1	BA1652	19287	7	8	2	0	1	0	0	0	0	0	0
A	ef	18	116	1	1	BA1652	19297	8	7	0	0	0	0	0	0	0	0	0
A	ef	18	116	1	1	BA1652	19308	7	0	0	0	0	0	0	0	1	0	0
A	ef	18	116	1	1	BA1652	19312	7	8	2	0	1	0	0	0	0	0	0
A	ef	18	116	1	1	BA1652	19322	8	7	0	0	0	0	0	0	0	0	0
A	ef	18	116	1	1	BA1652	19332	7	0	0	0	0	0	0	0	1	0	0
A	ef	18	116	1	1	BA1652	19361	7	8	2	0	1	0	0	0	0	0	0
A	ef	18	116	1	1	BA1652	19362	8	0	0	0	0	0	0	0	1	0	0
A	ef	18	116	1	1	BA1652	19369	8	0	0	0	1	0	0	0	0	0	0
A	ef	18	116	1	1	BA1652	19371	8	7	0	0	0	0	0	0	0	0	0
A	ef	18	116	1	1	BA1652	19377	7	0	0	0	0	0	0	0	1	0	0
A	ef	18	116	1	1	BA1652	19385	7	8	2	0	1	0	0	0	0	0	0
A	ef	18	116	1	1	BA1652	19387	8	0	0	0	0	0	0	0	1	0	0
A	ef	18	116	1	1	BA1652	19394	8	0	0	0	1	0	0	0	0	0	0
A	ef	18	116	1	1	BA1652	19395	8	7	0	0	0	0	0	0	0	0	0
A	ef	18	116	1	1	BA1652	19396	7	0	0	0	0	0	0	0	1	0	0
A	ef	18	116	1	1	BA1652	19401	7	8	2	0	1	0	0	0	0	0	0
A	ef	18	116	1	1	BA1652	19406	8	0	0	0	0	0	0	0	1	0	0
A	ef	18	116	1	1	BA1652	19411	8	7	0	0	0	0	0	0	0	0	0
A	ef	18	116	1	1	BA1652	19423	7	8	2	0	1	0	0	0	0	0	0
A	ef	18	116	1	1	BA1652	19432	8	0	0	0	0	0	0	0	1	0	0
A	ef	18	116	1	1	BA1652	19433	8	7	0	0	0	0	0	0	0	0	0
A	ef	18	116	1	1	BA1652	19461	7	8	2	0	1	0	0	0	0	0	0
A	ef	18	116	1	1	BA1652	19468	8	0	0	0	0	0	0	0	1	0	0
A	ef	18	116	1	1	BA1652	19471	8	7	0	0	1	0	0	0	0	0	0
A	ef	18	116	1	1	BA1652	19476	7	0	0	0	0	0	0	0	1	0	0
A	ef	18	116	1	1	BA1652	19480	7	8	2	0	1	0	0	0	0	0	0
A	ef	18	116	1	1	BA1652	19486	8	0	0	0	0	0	0	0	1	0	0
A	ef	18	116	1	1	BA1652	19489	8	0	0	0	1	0	0	0	0	0	0
A	ef	18	116	1	1	BA1652	19490	8	7	0	0	0	0	0	0	0	0	0
A	ef	18	116	1	1	BA1652	19496	7	0	0	0	0	0	0	0	1	0	0
A	ef	18	116	1	1	BA1652	19498	7	8	2	0	1	0	0	0	0	0	0
A	ef	18	116	1	1	BA1652	19508	8	7	0	0	0	0	0	0	0	0	0
A	ef	18	116	1	1	BA1652	19534	7	0	0	0	0	0	0	0	1	0	0
A	ef	18	116	1	1	BA1652	19538	7	8	2	0	1	0	0	0	0	0	0
A	ef	18	116	1	1	BA1652	19540	8	0	0	0	0	0	0	0	1	0	0
A	ef	18	116	1	1	BA1652	19541	8	0	0	0	1	0	0	0	0	0	0
A	ef	18	116	1	1	BA1652	19548	8	7	0	0	0	0	0	0	0	0	0
A	ef	18	116	1	1	BA1652	19551	7	0	0	0	0	0	0	0	1	0	0
A	ef	18	116	1	1	BA1652	19554	7	8	2	0	1	0	0	0	0	0	0
A	ef	18	116	1	1	BA1652	19558	8	0	0	0	0	0	0	0	1	0	0
A	ef	18	116	1	1	BA1652	19564	8	7	0	0	0	0	0	0	0	0	0
A	ef	18	116	1	1	BA1652	19568	7	8	2	0	1	0	0	0	0	0	0
A	ef	18	116	1	1	BA1652	19573	8	0	0	0	0	0	0	0	1	0	0
A	ef	18	116	1	1	BA1652	19578	8	7	0	0	0	0	0	0	0	0	0
A	ef	18	116	1	1	BA1652	19583	7	8	2	0	1	0	0	0	0	0	0
A	ef	18	116	1	1	BA1652	19590	8	0	0	0	0	0	0	0	1	0	0
A	ef	18	116	1	1	BA1652	19593	8	9	0	0	0	0	0	0	0	0	0
A	ef	18	116	1	1	BA1652	19603	9	10	0	0	0	0	0	0	0	0	0
A	ef	18	116	1	1	BA1652	19678	10	2	0	0	0	0	0	0	0	0	0
A	ef	18	116	1	1	BA1652	19679	2	3	0	0	0	0	0	0	0	0	0
A	ef	18	116	1	1	BA1652	19745	3	5	1	1	0	0	0	0	0	0	0
A	ef	18	116	1	1	BA1652	19747	5	0	0	0	0	0	0	1	0	0	0
A	ef	18	116	1	1	BA1652	19751	5	0	0	1	0	0	0	0	0	0	0
A	ef	18	116	1	1	BA1652	19755	5	4	0	0	0	0	0	0	0	0	0
A	ef	18	116	1	1	BA1652	19773	4	0	0	0	0	0	0	1	0	0	0
A	ef	18	116	1	1	BA1652	19779	4	5	1	1	0	0	0	0	0	0	0
A	ef	18	116	1	1	BA1652	19787	5	0	0	0	0	0	0	1	0	0	0
A	ef	18	116	1	1	BA1652	19789	5	4	0	0	0	0	0	0	0	0	0
A	ef	18	116	1	1	BA1652	19792	4	5	1	1	0	0	0	0	0	0	0
A	ef	18	116	1	1	BA1652	19801	5	0	0	0	0	0	0	1	0	0	0
A	ef	18	116	1	1	BA1652	19802	5	4	0	0	0	0	0	0	0	0	0
A	ef	18	116	1	1	BA1652	19817	4	5	1	1	0	0	0	0	0	0	0
A	ef	18	116	1	1	BA1652	19827	5	4	0	0	0	0	0	0	0	0	0
A	ef	18	116	1	1	BA1652	19829	4	0	0	0	0	0	0	1	0	0	0
A	ef	18	116	1	1	BA1652	19839	4	5	1	1	0	0	0	0	0	0	0
A	ef	18	116	1	1	BA1652	19849	5	9	0	0	0	0	0	0	0	0	0
A	ef	18	116	1	1	BA1652	19858	9	0	0	0	0	0	0	1	0	0	0
A	ef	18	116	1	1	BA1652	19859	9	10	0	0	0	0	0	0	0	0	0
A	ef	18	116	1	1	BA1652	19934	10	2	0	0	0	0	0	0	0	0	0
A	ef	18	116	1	1	BA1652	19935	2	6	0	0	0	0	0	0	0	0	0
A	ef	18	116	1	1	BA1652	20325	6	8	2	0	1	0	0	0	0	0	0
A	ef	18	116	1	1	BA1652	20335	8	7	0	0	0	0	0	0	0	0	0
A	ef	18	116	1	1	BA1652	20336	7	0	0	0	0	0	0	0	1	0	0
A	ef	18	116	1	1	BA1652	20355	7	8	2	0	1	0	0	0	0	0	0
A	ef	18	116	1	1	BA1652	20364	8	0	0	0	0	0	0	0	1	0	0
A	ef	18	116	1	1	BA1652	20365	8	7	0	0	0	0	0	0	0	0	0
A	ef	18	116	1	1	BA1652	20392	7	8	2	0	1	0	0	0	0	0	0
A	ef	18	116	1	1	BA1652	20394	8	0	0	0	0	0	0	0	1	0	0
A	ef	18	116	1	1	BA1652	20395	8	0	0	0	1	0	0	0	0	0	0
A	ef	18	116	1	1	BA1652	20401	8	0	0	0	0	0	0	0	1	0	0
A	ef	18	116	1	1	BA1652	20402	8	7	0	0	0	0	0	0	0	0	0
A	ef	18	116	1	1	BA1652	20422	7	8	2	0	1	0	0	0	0	0	0
A	ef	18	116	1	1	BA1652	20430	8	0	0	0	0	0	0	0	1	0	0
A	ef	18	116	1	1	BA1652	20432	8	7	0	0	0	0	0	0	0	0	0
A	ef	18	116	1	1	BA1652	20436	7	8	2	0	1	0	0	0	0	0	0
A	ef	18	116	1	1	BA1652	20446	8	7	0	0	0	0	0	0	0	0	0
A	ef	18	116	1	1	BA1652	20447	7	0	0	0	0	0	0	0	1	0	0
A	ef	18	116	1	1	BA1652	20498	7	8	2	0	1	0	0	0	0	0	0
A	ef	18	116	1	1	BA1652	20508	8	7	0	0	0	0	0	0	0	0	0
A	ef	18	116	1	1	BA1652	20511	7	0	0	0	0	0	0	0	1	0	0
A	ef	18	116	1	1	BA1652	20515	7	8	2	0	1	0	0	0	0	0	0
A	ef	18	116	1	1	BA1652	20523	8	0	0	0	0	0	0	0	1	0	0
A	ef	18	116	1	1	BA1652	20525	8	7	0	0	0	0	0	0	0	0	0
A	ef	18	116	1	1	BA1652	20526	7	8	2	0	1	0	0	0	0	0	0
A	ef	18	116	1	1	BA1652	20532	8	0	0	0	0	0	0	0	1	0	0
A	ef	18	116	1	1	BA1652	20535	8	0	0	0	1	0	0	0	0	0	0
A	ef	18	116	1	1	BA1652	20536	8	7	0	0	0	0	0	0	0	0	0
A	ef	18	116	1	1	BA1652	20542	7	0	0	0	0	0	0	0	1	0	0
A	ef	18	116	1	1	BA1652	20546	7	8	2	0	1	0	0	0	0	0	0
A	ef	18	116	1	1	BA1652	20550	8	0	0	0	0	0	0	0	1	0	0
A	ef	18	116	1	1	BA1652	20554	8	0	0	0	1	0	0	0	0	0	0
A	ef	18	116	1	1	BA1652	20556	8	7	0	0	0	0	0	0	0	0	0
A	ef	18	116	1	1	BA1652	20576	7	0	0	0	0	0	0	0	1	0	0
A	ef	18	116	1	1	BA1652	20604	7	8	2	0	1	0	0	0	0	0	0
A	ef	18	116	1	1	BA1652	20611	8	0	0	0	0	0	0	0	1	0	0
A	ef	18	116	1	1	BA1652	20614	8	7	0	0	0	0	0	0	0	0	0
A	ef	18	116	1	1	BA1652	20694	7	8	2	0	1	0	0	0	0	0	0
A	ef	18	116	1	1	BA1652	20695	8	0	0	0	0	0	0	0	1	0	0
A	ef	18	116	1	1	BA1652	20704	8	7	0	0	0	0	0	0	0	0	0
A	ef	18	116	1	1	BA1652	20744	7	8	2	0	1	0	0	0	0	0	0
A	ef	18	116	1	1	BA1652	20754	8	7	0	0	0	0	0	0	0	0	0
A	ef	18	116	1	1	BA1652	20770	7	0	0	0	0	0	0	0	1	0	0
A	ef	18	116	1	1	BA1652	20773	7	8	2	0	1	0	0	0	0	0	0
A	ef	18	116	1	1	BA1652	20780	8	0	0	0	0	0	0	0	1	0	0
A	ef	18	116	1	1	BA1652	20783	8	7	0	0	0	0	0	0	0	0	0
A	ef	18	116	1	1	BA1652	20890	7	8	2	0	1	0	0	0	0	0	0
A	ef	18	116	1	1	BA1652	20900	8	7	0	0	0	0	0	0	0	0	0
A	ef	18	116	1	1	BA1652	20932	7	0	0	0	0	0	0	0	1	0	0
A	ef	18	116	1	1	BA1652	20940	7	8	2	0	1	0	0	0	0	0	0
A	ef	18	116	1	1	BA1652	20950	8	7	0	0	0	0	0	0	0	0	0
A	ef	18	116	1	1	BA1652	20955	7	0	0	0	0	0	0	0	1	0	0
A	ef	18	116	1	1	BA1652	20976	7	8	2	0	1	0	0	0	0	0	0
A	ef	18	116	1	1	BA1652	20979	8	0	0	0	0	0	0	0	1	0	0
A	ef	18	116	1	1	BA1652	20980	8	0	0	0	1	0	0	0	0	0	0
A	ef	18	116	1	1	BA1652	20983	8	0	0	0	0	0	0	0	1	0	0
A	ef	18	116	1	1	BA1652	20986	8	7	0	0	0	0	0	0	0	0	0
A	ef	18	116	1	1	BA1652	21062	7	8	2	0	1	0	0	0	0	0	0
A	ef	18	116	1	1	BA1652	21071	8	0	0	0	0	0	0	0	1	0	0
A	ef	18	116	1	1	BA1652	21072	8	7	0	0	0	0	0	0	0	0	0
A	ef	18	116	1	1	BA1652	21074	7	8	2	0	1	0	0	0	0	0	0
A	ef	18	116	1	1	BA1652	21084	8	7	0	0	0	0	0	0	0	0	0
A	ef	18	116	1	1	BA1652	21104	7	0	0	0	0	0	0	0	1	0	0
A	ef	18	116	1	1	BA1652	21105	7	8	2	0	1	0	0	0	0	0	0
A	ef	18	116	1	1	BA1652	21110	8	0	0	0	0	0	0	0	1	0	0
A	ef	18	116	1	1	BA1652	21114	8	0	0	0	1	0	0	0	0	0	0
A	ef	18	116	1	1	BA1652	21115	8	7	0	0	0	0	0	0	0	0	0
A	ef	18	116	1	1	BA1652	21123	7	0	0	0	0	0	0	0	1	0	0
A	ef	18	116	1	1	BA1652	21126	7	8	2	0	1	0	0	0	0	0	0
A	ef	18	116	1	1	BA1652	21136	8	9	0	0	0	0	0	0	0	0	0
A	ef	18	116	1	1	BA1652	21146	9	10	0	0	0	0	0	0	0	0	0
A	ef	18	116	1	1	BA1652	21159	10	0	0	0	0	0	0	0	1	0	0
A	ef	18	116	1	1	BA1652	21221	10	2	0	0	0	0	0	0	0	0	0
A	ef	18	116	1	1	BA1652	21222	2	6	0	0	0	0	0	0	0	0	0
A	ef	18	116	1	1	BA1652	21533	6	8	2	0	1	0	0	0	0	0	0
A	ef	18	116	1	1	BA1652	21535	8	0	0	0	0	0	0	0	1	0	0
A	ef	18	116	1	1	BA1652	21543	8	7	0	0	0	0	0	0	0	0	0
A	ef	18	116	1	1	BA1652	21698	7	8	2	0	1	0	0	0	0	0	0
A	ef	18	116	1	1	BA1652	21703	8	0	0	0	0	0	0	0	1	0	0
A	ef	18	116	1	1	BA1652	21708	8	7	0	0	0	0	0	0	0	0	0
A	ef	18	116	1	1	BA1652	21709	7	8	2	0	1	0	0	0	0	0	0
A	ef	18	116	1	1	BA1652	21717	8	0	0	0	0	0	0	0	1	0	0
A	ef	18	116	1	1	BA1652	21719	8	7	0	0	0	0	0	0	0	0	0
A	ef	18	116	1	1	BA1652	21721	7	8	2	0	1	0	0	0	0	0	0
A	ef	18	116	1	1	BA1652	21728	8	0	0	0	0	0	0	0	1	0	0
A	ef	18	116	1	1	BA1652	21729	8	0	0	0	1	0	0	0	0	0	0
A	ef	18	116	1	1	BA1652	21731	8	7	0	0	0	0	0	0	0	0	0
A	ef	18	116	1	1	BA1652	21738	7	0	0	0	0	0	0	0	1	0	0
A	ef	18	116	1	1	BA1652	21752	7	8	2	0	1	0	0	0	0	0	0
A	ef	18	116	1	1	BA1652	21757	8	0	0	0	0	0	0	0	1	0	0
A	ef	18	116	1	1	BA1652	21762	8	7	0	0	0	0	0	0	0	0	0
A	ef	18	116	1	1	BA1652	21769	7	8	2	0	1	0	0	0	0	0	0
A	ef	18	116	1	1	BA1652	21776	8	0	0	0	0	0	0	0	1	0	0
A	ef	18	116	1	1	BA1652	21779	8	7	0	0	0	0	0	0	0	0	0
A	ef	18	116	1	1	BA1652	21780	7	8	2	0	1	0	0	0	0	0	0
A	ef	18	116	1	1	BA1652	21790	8	7	0	0	0	0	0	0	0	0	0
A	ef	18	116	1	1	BA1652	21794	7	0	0	0	0	0	0	0	1	0	0
A	ef	18	116	1	1	BA1652	21846	7	8	2	0	1	0	0	0	0	0	0
A	ef	18	116	1	1	BA1652	21856	8	7	0	0	0	0	0	0	0	0	0
A	ef	18	116	1	1	BA1652	21860	7	0	0	0	0	0	0	0	1	0	0
A	ef	18	116	1	1	BA1652	21861	7	8	2	0	1	0	0	0	0	0	0
A	ef	18	116	1	1	BA1652	21870	8	0	0	0	0	0	0	0	1	0	0
A	ef	18	116	1	1	BA1652	21871	8	7	0	0	0	0	0	0	0	0	0
A	ef	18	116	1	1	BA1652	21873	7	8	2	0	1	0	0	0	0	0	0
A	ef	18	116	1	1	BA1652	21880	8	0	0	0	0	0	0	0	1	0	0
A	ef	18	116	1	1	BA1652	21882	8	0	0	0	1	0	0	0	0	0	0
A	ef	18	116	1	1	BA1652	21883	8	7	0	0	0	0	0	0	0	0	0
A	ef	18	116	1	1	BA1652	21904	7	0	0	0	0	0	0	0	1	0	0
A	ef	18	116	1	1	BA1652	21908	7	8	2	0	1	0	0	0	0	0	0
A	ef	18	116	1	1	BA1652	21918	8	7	0	0	0	0	0	0	0	0	0
A	ef	18	116	1	1	BA1652	21928	7	0	0	0	0	0	0	0	1	0	0
A	ef	18	116	1	1	BA1652	21932	7	8	2	0	1	0	0	0	0	0	0
A	ef	18	116	1	1	BA1652	21938	8	0	0	0	0	0	0	0	1	0	0
A	ef	18	116	1	1	BA1652	21941	8	0	0	0	1	0	0	0	0	0	0
A	ef	18	116	1	1	BA1652	21942	8	7	0	0	0	0	0	0	0	0	0
A	ef	18	116	1	1	BA1652	21961	7	8	2	0	1	0	0	0	1	0	0
A	ef	18	116	1	1	BA1652	21963	8	0	0	0	0	0	0	0	1	0	0
A	ef	18	116	1	1	BA1652	21971	8	7	0	0	0	0	0	0	0	0	0
A	ef	18	116	1	1	BA1652	21983	7	8	2	0	1	0	0	0	0	0	0
A	ef	18	116	1	1	BA1652	21993	8	7	0	0	0	0	0	0	0	0	0
A	ef	18	116	1	1	BA1652	21997	7	0	0	0	0	0	0	0	1	0	0
A	ef	18	116	1	1	BA1652	22016	7	8	2	0	1	0	0	0	0	0	0
A	ef	18	116	1	1	BA1652	22024	8	0	0	0	0	0	0	0	1	0	0
A	ef	18	116	1	1	BA1652	22026	8	7	0	0	0	0	0	0	0	0	0
A	ef	18	116	1	1	BA1652	22050	7	8	2	0	1	0	0	0	0	0	0
A	ef	18	116	1	1	BA1652	22060	8	7	0	0	0	0	0	0	0	0	0
A	ef	18	116	1	1	BA1652	22063	7	0	0	0	0	0	0	0	1	0	0
A	ef	18	116	1	1	BA1652	22079	7	8	2	0	1	0	0	0	0	0	0
A	ef	18	116	1	1	BA1652	22083	8	0	0	0	0	0	0	0	1	0	0
A	ef	18	116	1	1	BA1652	22089	8	7	0	0	0	0	0	0	0	0	0
A	ef	18	116	1	1	BA1652	22158	7	8	2	0	1	0	0	0	0	0	0
A	ef	18	116	1	1	BA1652	22168	8	7	0	0	0	0	0	0	0	0	0
A	ef	18	116	1	1	BA1652	22183	7	0	0	0	0	0	0	0	1	0	0
A	ef	18	116	1	1	BA1652	22184	7	8	2	0	1	0	0	0	0	0	0
A	ef	18	116	1	1	BA1652	22192	8	0	0	0	0	0	0	0	1	0	0
A	ef	18	116	1	1	BA1652	22194	8	7	0	0	0	0	0	0	0	0	0
A	ef	18	116	1	1	BA1652	22195	7	8	2	0	1	0	0	0	0	0	0
A	ef	18	116	1	1	BA1652	22205	8	9	0	0	0	0	0	0	0	0	0
A	ef	18	116	1	1	BA1652	22215	9	10	0	0	0	0	0	0	0	0	0
A	ef	18	116	1	1	BA1652	22219	10	0	0	0	0	0	0	0	1	0	0
A	ef	18	116	1	1	BA1652	22290	10	2	0	0	0	0	0	0	0	0	0
A	ef	18	116	1	1	BA1652	22291	2	3	0	0	0	0	0	0	0	0	0
A	ef	18	116	1	1	BA1652	22342	3	5	1	1	0	0	0	0	0	0	0
A	ef	18	116	1	1	BA1652	22352	5	4	0	0	0	0	0	0	0	0	0
A	ef	18	116	1	1	BA1652	22359	4	0	0	0	0	0	0	1	0	0	0
A	ef	18	116	1	1	BA1652	22360	4	5	1	1	0	0	0	0	0	0	0
A	ef	18	116	1	1	BA1652	22370	5	4	0	0	0	0	0	1	0	0	0
A	ef	18	116	1	1	BA1652	22373	4	5	1	1	0	0	0	0	0	0	0
A	ef	18	116	1	1	BA1652	22383	5	4	0	0	0	0	0	1	0	0	0
A	ef	18	116	1	1	BA1652	22389	4	5	1	1	0	0	0	0	0	0	0
A	ef	18	116	1	1	BA1652	22397	5	0	0	0	0	0	0	1	0	0	0
A	ef	18	116	1	1	BA1652	22399	5	4	0	0	0	0	0	0	0	0	0
A	ef	18	116	1	1	BA1652	22400	4	5	1	1	0	0	0	0	0	0	0
A	ef	18	116	1	1	BA1652	22410	5	9	0	0	0	0	0	0	0	0	0
A	ef	18	116	1	1	BA1652	22413	9	0	0	0	0	0	0	1	0	0	0
A	ef	18	116	1	1	BA1652	22415	9	0	0	1	0	0	0	0	0	0	0
A	ef	18	116	1	1	BA1652	22418	9	0	0	0	0	0	0	1	0	0	0
A	ef	18	116	1	1	BA1652	22420	9	10	0	0	0	0	0	0	0	0	0
A	ef	18	116	1	1	BA1652	22495	10	2	0	0	0	0	0	0	0	0	0
A	ef	18	116	1	1	BA1652	22496	2	6	0	0	0	0	0	0	0	0	0
A	ef	18	116	1	1	BA1652	22905	6	8	2	0	1	0	0	0	0	0	0
A	ef	18	116	1	1	BA1652	22915	8	7	0	0	0	0	0	0	0	0	0
A	ef	18	116	1	1	BA1652	22918	7	0	0	0	0	0	0	0	1	0	0
A	ef	18	116	1	1	BA1652	22927	7	8	2	0	1	0	0	0	0	0	0
A	ef	18	116	1	1	BA1652	22930	8	0	0	0	0	0	0	0	1	0	0
A	ef	18	116	1	1	BA1652	22936	8	0	0	0	1	0	0	0	0	0	0
A	ef	18	116	1	1	BA1652	22937	8	7	0	0	0	0	0	0	0	0	0
A	ef	18	116	1	1	BA1652	22955	7	0	0	0	0	0	0	0	1	0	0
A	ef	18	116	1	1	BA1652	23058	7	8	2	0	1	0	0	0	0	0	0
A	ef	18	116	1	1	BA1652	23064	8	0	0	0	0	0	0	0	1	0	0
A	ef	18	116	1	1	BA1652	23068	8	7	0	0	0	0	0	0	0	0	0
A	ef	18	116	1	1	BA1652	23110	7	8	2	0	1	0	0	0	0	0	0
A	ef	18	116	1	1	BA1652	23114	8	0	0	0	0	0	0	0	1	0	0
A	ef	18	116	1	1	BA1652	23120	8	7	0	0	0	0	0	0	0	0	0
A	ef	18	116	1	1	BA1652	23179	7	8	2	0	1	0	0	0	0	0	0
A	ef	18	116	1	1	BA1652	23189	8	7	0	0	0	0	0	0	0	0	0
A	ef	18	116	1	1	BA1652	23198	7	0	0	0	0	0	0	0	1	0	0
A	ef	18	116	1	1	BA1652	23201	7	8	2	0	1	0	0	0	0	0	0
A	ef	18	116	1	1	BA1652	23211	8	7	0	0	0	0	0	0	0	0	0
A	ef	18	116	1	1	BA1652	23232	7	0	0	0	0	0	0	0	1	0	0
A	ef	18	116	1	1	BA1652	23242	7	8	2	0	1	0	0	0	0	0	0
A	ef	18	116	1	1	BA1652	23251	8	0	0	0	0	0	0	0	1	0	0
A	ef	18	116	1	1	BA1652	23252	8	7	0	0	0	0	0	0	0	0	0
A	ef	18	116	1	1	BA1652	23261	7	8	2	0	1	0	0	0	0	0	0
A	ef	18	116	1	1	BA1652	23271	8	7	0	0	0	0	0	0	0	0	0
A	ef	18	116	1	1	BA1652	23274	7	0	0	0	0	0	0	0	1	0	0
A	ef	18	116	1	1	BA1652	23280	7	8	2	0	1	0	0	0	0	0	0
A	ef	18	116	1	1	BA1652	23284	8	0	0	0	0	0	0	0	1	0	0
A	ef	18	116	1	1	BA1652	23287	8	0	0	0	1	0	0	0	0	0	0
A	ef	18	116	1	1	BA1652	23290	8	7	0	0	0	0	0	0	0	0	0
A	ef	18	116	1	1	BA1652	23292	7	0	0	0	0	0	0	0	1	0	0
A	ef	18	116	1	1	BA1652	23293	7	8	2	0	1	0	0	0	0	0	0
A	ef	18	116	1	1	BA1652	23296	8	0	0	0	0	0	0	0	1	0	0
A	ef	18	116	1	1	BA1652	23303	8	7	0	0	0	0	0	0	0	0	0
A	ef	18	116	1	1	BA1652	23374	7	8	2	0	1	0	0	0	0	0	0
A	ef	18	116	1	1	BA1652	23384	8	7	0	0	0	0	0	0	0	0	0
A	ef	18	116	1	1	BA1652	23388	7	0	0	0	0	0	0	0	1	0	0
A	ef	18	116	1	1	BA1652	23389	7	8	2	0	1	0	0	0	0	0	0
A	ef	18	116	1	1	BA1652	23399	8	7	0	0	0	0	0	0	0	0	0
A	ef	18	116	1	1	BA1652	23428	7	0	0	0	0	0	0	0	1	0	0
A	ef	18	116	1	1	BA1652	23430	7	8	2	0	1	0	0	0	0	0	0
A	ef	18	116	1	1	BA1652	23440	8	7	0	0	0	0	0	0	0	0	0
A	ef	18	116	1	1	BA1652	23453	7	0	0	0	0	0	0	0	1	0	0
A	ef	18	116	1	1	BA1652	23455	7	8	2	0	1	0	0	0	0	0	0
A	ef	18	116	1	1	BA1652	23465	8	7	0	0	0	0	0	0	0	0	0
A	ef	18	116	1	1	BA1652	23480	7	0	0	0	0	0	0	0	1	0	0
A	ef	18	116	1	1	BA1652	23486	7	8	2	0	1	0	0	0	0	0	0
A	ef	18	116	1	1	BA1652	23496	8	7	0	0	0	0	0	0	1	0	0
A	ef	18	116	1	1	BA1652	23565	7	8	2	0	1	0	0	0	0	0	0
A	ef	18	116	1	1	BA1652	23575	8	7	0	0	0	0	0	0	0	0	0
A	ef	18	116	1	1	BA1652	23586	7	0	0	0	0	0	0	0	1	0	0
A	ef	18	116	1	1	BA1652	23587	7	8	2	0	1	0	0	0	0	0	0
A	ef	18	116	1	1	BA1652	23597	8	7	0	0	0	0	0	0	0	0	0
A	ef	18	116	1	1	BA1652	23615	7	0	0	0	0	0	0	0	1	0	0
A	ef	18	116	1	1	BA1652	23620	7	8	2	0	1	0	0	0	0	0	0
A	ef	18	116	1	1	BA1652	23630	8	7	0	0	0	0	0	0	0	0	0
A	ef	18	116	1	1	BA1652	23638	7	0	0	0	0	0	0	0	1	0	0
A	ef	18	116	1	1	BA1652	23658	7	8	2	0	1	0	0	0	0	0	0
A	ef	18	116	1	1	BA1652	23663	8	0	0	0	0	0	0	0	1	0	0
A	ef	18	116	1	1	BA1652	23668	8	7	0	0	0	0	0	0	0	0	0
A	ef	18	116	1	1	BA1652	23681	7	8	2	0	1	0	0	0	0	0	0
A	ef	18	116	1	1	BA1652	23691	8	9	0	0	0	0	0	0	0	0	0
A	ef	18	116	1	1	BA1652	23701	9	10	0	0	0	0	0	0	1	0	0
A	ef	18	116	1	1	BA1652	23776	10	2	0	0	0	0	0	0	0	0	0
A	ef	18	116	1	1	BA1652	23777	2	6	0	0	0	0	0	0	0	0	0
A	ef	18	116	1	1	BA1652	24103	6	8	2	0	1	0	0	0	0	0	0
A	ef	18	116	1	1	BA1652	24109	8	0	0	0	0	0	0	0	1	0	0
A	ef	18	116	1	1	BA1652	24113	8	7	0	0	0	0	0	0	0	0	0
A	ef	18	116	1	1	BA1652	24119	7	8	2	0	1	0	0	0	0	0	0
A	ef	18	116	1	1	BA1652	24123	8	0	0	0	0	0	0	0	1	0	0
A	ef	18	116	1	1	BA1652	24126	8	0	0	0	1	0	0	0	0	0	0
A	ef	18	116	1	1	BA1652	24129	8	7	0	0	0	0	0	0	0	0	0
A	ef	18	116	1	1	BA1652	24131	7	0	0	0	0	0	0	0	1	0	0
A	ef	18	116	1	1	BA1652	24148	7	8	2	0	1	0	0	0	0	0	0
A	ef	18	116	1	1	BA1652	24151	8	0	0	0	0	0	0	0	1	0	0
A	ef	18	116	1	1	BA1652	24157	8	0	0	0	1	0	0	0	0	0	0
A	ef	18	116	1	1	BA1652	24158	8	7	0	0	0	0	0	0	0	0	0
A	ef	18	116	1	1	BA1652	24159	7	0	0	0	0	0	0	0	1	0	0
A	ef	18	116	1	1	BA1652	24202	7	8	2	0	1	0	0	0	0	0	0
A	ef	18	116	1	1	BA1652	24212	8	7	0	0	0	0	0	0	0	0	0
A	ef	18	116	1	1	BA1652	24234	7	0	0	0	0	0	0	0	1	0	0
A	ef	18	116	1	1	BA1652	24238	7	8	2	0	1	0	0	0	0	0	0
A	ef	18	116	1	1	BA1652	24248	8	7	0	0	0	0	0	0	0	0	0
A	ef	18	116	1	1	BA1652	24268	7	0	0	0	0	0	0	0	1	0	0
A	ef	18	116	1	1	BA1652	24273	7	8	2	0	1	0	0	0	0	0	0
A	ef	18	116	1	1	BA1652	24274	8	0	0	0	0	0	0	0	1	0	0
A	ef	18	116	1	1	BA1652	24278	8	0	0	0	1	0	0	0	0	0	0
A	ef	18	116	1	1	BA1652	24283	8	7	0	0	0	0	0	0	0	0	0
A	ef	18	116	1	1	BA1652	24293	7	0	0	0	0	0	0	0	1	0	0
A	ef	18	116	1	1	BA1652	24362	7	8	2	0	1	0	0	0	0	0	0
A	ef	18	116	1	1	BA1652	24371	8	0	0	0	0	0	0	0	1	0	0
A	ef	18	116	1	1	BA1652	24372	8	7	0	0	0	0	0	0	0	0	0
A	ef	18	116	1	1	BA1652	24375	7	8	2	0	1	0	0	0	0	0	0
A	ef	18	116	1	1	BA1652	24378	8	0	0	0	0	0	0	0	1	0	0
A	ef	18	116	1	1	BA1652	24382	8	0	0	0	1	0	0	0	0	0	0
A	ef	18	116	1	1	BA1652	24385	8	7	0	0	0	0	0	0	0	0	0
A	ef	18	116	1	1	BA1652	24400	7	0	0	0	0	0	0	0	1	0	0
A	ef	18	116	1	1	BA1652	24402	7	8	2	0	1	0	0	0	0	0	0
A	ef	18	116	1	1	BA1652	24407	8	0	0	0	0	0	0	0	1	0	0
A	ef	18	116	1	1	BA1652	24410	8	0	0	0	1	0	0	0	0	0	0
A	ef	18	116	1	1	BA1652	24412	8	7	0	0	0	0	0	0	0	0	0
A	ef	18	116	1	1	BA1652	24416	7	0	0	0	0	0	0	0	1	0	0
A	ef	18	116	1	1	BA1652	24419	7	8	2	0	1	0	0	0	0	0	0
A	ef	18	116	1	1	BA1652	24429	8	7	0	0	0	0	0	0	0	0	0
A	ef	18	116	1	1	BA1652	24440	7	0	0	0	0	0	0	0	1	0	0
A	ef	18	116	1	1	BA1652	24444	7	8	2	0	1	0	0	0	0	0	0
A	ef	18	116	1	1	BA1652	24448	8	0	0	0	0	0	0	0	1	0	0
A	ef	18	116	1	1	BA1652	24449	8	0	0	0	1	0	0	0	0	0	0
A	ef	18	116	1	1	BA1652	24454	8	7	0	0	0	0	0	0	0	0	0
A	ef	18	116	1	1	BA1652	24458	7	0	0	0	0	0	0	0	1	0	0
A	ef	18	116	1	1	BA1652	24475	7	8	2	0	1	0	0	0	0	0	0
A	ef	18	116	1	1	BA1652	24479	8	0	0	0	0	0	0	0	1	0	0
A	ef	18	116	1	1	BA1652	24485	8	7	0	0	0	0	0	0	0	0	0
A	ef	18	116	1	1	BA1652	24507	7	8	2	0	1	0	0	0	0	0	0
A	ef	18	116	1	1	BA1652	24514	8	0	0	0	0	0	0	0	1	0	0
A	ef	18	116	1	1	BA1652	24516	8	0	0	0	1	0	0	0	0	0	0
A	ef	18	116	1	1	BA1652	24517	8	7	0	0	0	0	0	0	0	0	0
A	ef	18	116	1	1	BA1652	24532	7	0	0	0	0	0	0	0	1	0	0
A	ef	18	116	1	1	BA1652	24536	7	8	2	0	1	0	0	0	0	0	0
A	ef	18	116	1	1	BA1652	24546	8	7	0	0	0	0	0	0	0	0	0
A	ef	18	116	1	1	BA1652	24579	7	0	0	0	0	0	0	0	1	0	0
A	ef	18	116	1	1	BA1652	24582	7	8	2	0	1	0	0	0	0	0	0
A	ef	18	116	1	1	BA1652	24592	8	7	0	0	0	0	0	0	0	0	0
A	ef	18	116	1	1	BA1652	24607	7	0	0	0	0	0	0	0	1	0	0
A	ef	18	116	1	1	BA1652	24699	7	8	2	0	1	0	0	0	0	0	0
A	ef	18	116	1	1	BA1652	24709	8	7	0	0	0	0	0	0	0	0	0
A	ef	18	116	1	1	BA1652	24712	7	0	0	0	0	0	0	0	1	0	0
A	ef	18	116	1	1	BA1652	24715	7	8	2	0	1	0	0	0	0	0	0
A	ef	18	116	1	1	BA1652	24725	8	7	0	0	0	0	0	0	0	0	0
A	ef	18	116	1	1	BA1652	24731	7	0	0	0	0	0	0	0	1	0	0
A	ef	18	116	1	1	BA1652	24736	7	8	2	0	1	0	0	0	0	0	0
A	ef	18	116	1	1	BA1652	24741	8	0	0	0	0	0	0	0	1	0	0
A	ef	18	116	1	1	BA1652	24744	8	0	0	0	1	0	0	0	0	0	0
A	ef	18	116	1	1	BA1652	24746	8	7	0	0	0	0	0	0	0	0	0
A	ef	18	116	1	1	BA1652	24748	7	0	0	0	0	0	0	0	1	0	0
A	ef	18	116	1	1	BA1652	24749	7	8	2	0	1	0	0	0	0	0	0
A	ef	18	116	1	1	BA1652	24750	8	0	0	0	0	0	0	0	1	0	0
A	ef	18	116	1	1	BA1652	24751	8	0	0	0	1	0	0	0	0	0	0
A	ef	18	116	1	1	BA1652	24759	8	7	0	0	0	0	0	0	0	0	0
A	ef	18	116	1	1	BA1652	24788	7	0	0	0	0	0	0	0	1	0	0
A	ef	18	116	1	1	BA1652	24809	7	8	2	0	1	0	0	0	0	0	0
A	ef	18	116	1	1	BA1652	24819	8	9	0	0	0	0	0	0	0	0	0
A	ef	18	116	1	1	BA1652	24822	9	0	0	0	0	0	0	0	1	0	0
A	ef	18	116	1	1	BA1652	24826	9	0	0	0	1	0	0	0	0	0	0
A	ef	18	116	1	1	BA1652	24827	9	0	0	0	0	0	0	0	1	0	0
A	ef	18	116	1	1	BA1652	24829	9	10	0	0	0	0	0	0	0	0	0
A	ef	18	116	1	1	BA1652	24904	10	2	0	0	0	0	0	0	0	0	0
A	ef	18	116	1	1	BA1652	24905	2	3	0	0	0	0	0	0	0	0	0
A	ef	18	116	1	1	BA1652	24961	3	5	1	1	0	0	0	0	0	0	0
A	ef	18	116	1	1	BA1652	24971	5	4	0	0	0	0	0	0	0	0	0
A	ef	18	116	1	1	BA1652	24981	4	0	0	0	0	0	0	1	0	0	0
A	ef	18	116	1	1	BA1652	24987	4	5	1	1	0	0	0	0	0	0	0
A	ef	18	116	1	1	BA1652	24994	5	0	0	0	0	0	0	1	0	0	0
A	ef	18	116	1	1	BA1652	24997	5	4	0	0	0	0	0	0	0	0	0
A	ef	18	116	1	1	BA1652	24999	4	5	1	1	0	0	0	0	0	0	0
A	ef	18	116	1	1	BA1652	25007	5	0	0	0	0	0	0	1	0	0	0
A	ef	18	116	1	1	BA1652	25009	5	4	0	0	0	0	0	0	0	0	0
A	ef	18	116	1	1	BA1652	25011	4	5	1	1	0	0	0	0	0	0	0
A	ef	18	116	1	1	BA1652	25014	5	0	0	1	0	0	0	1	0	0	0
A	ef	18	116	1	1	BA1652	25021	5	4	0	0	0	0	0	0	0	0	0
A	ef	18	116	1	1	BA1652	25022	4	0	0	0	0	0	0	1	0	0	0
A	ef	18	116	1	1	BA1652	25040	4	5	1	1	0	0	0	0	0	0	0
A	ef	18	116	1	1	BA1652	25046	5	0	0	0	0	0	0	1	0	0	0
A	ef	18	116	1	1	BA1652	25047	5	0	0	1	0	0	0	0	0	0	0
A	ef	18	116	1	1	BA1652	25050	5	9	0	0	0	0	0	0	0	0	0
A	ef	18	116	1	1	BA1652	25059	9	0	0	0	0	0	0	1	0	0	0
A	ef	18	116	1	1	BA1652	25060	9	10	0	0	0	0	0	0	0	0	0
A	ef	18	116	1	1	BA1652	25135	10	2	0	0	0	0	0	0	0	0	0
A	ef	18	116	1	1	BA1652	25136	2	3	0	0	0	0	0	0	0	0	0
A	ef	18	116	1	1	BA1652	25217	3	5	1	1	0	0	0	0	0	0	0
A	ef	18	116	1	1	BA1652	25227	5	4	0	0	0	0	0	0	0	0	0
A	ef	18	116	1	1	BA1652	25234	4	0	0	0	0	0	0	1	0	0	0
A	ef	18	116	1	1	BA1652	25241	4	5	1	1	0	0	0	0	0	0	0
A	ef	18	116	1	1	BA1652	25251	5	4	0	0	0	0	0	0	0	0	0
A	ef	18	116	1	1	BA1652	25254	4	0	0	0	0	0	0	1	0	0	0
A	ef	18	116	1	1	BA1652	25260	4	5	1	1	0	0	0	0	0	0	0
A	ef	18	116	1	1	BA1652	25265	5	0	0	0	0	0	0	1	0	0	0
A	ef	18	116	1	1	BA1652	25270	5	4	0	0	0	0	0	0	0	0	0
A	ef	18	116	1	1	BA1652	25274	4	5	1	1	0	0	0	0	0	0	0
A	ef	18	116	1	1	BA1652	25279	5	0	0	0	0	0	0	1	0	0	0
A	ef	18	116	1	1	BA1652	25284	5	4	0	0	0	0	0	0	0	0	0
A	ef	18	116	1	1	BA1652	25285	4	5	1	1	0	0	0	0	0	0	0
A	ef	18	116	1	1	BA1652	25295	5	9	0	0	0	0	0	0	0	0	0
A	ef	18	116	1	1	BA1652	25305	9	10	0	0	0	0	0	0	0	0	0
A	ef	18	116	1	1	BA1652	25306	10	0	0	0	0	0	0	1	0	0	0
A	ef	18	116	1	1	BA1652	25307	10	0	0	1	0	0	0	0	0	0	0
A	ef	18	116	1	1	BA1652	25312	10	0	0	0	0	0	0	1	0	0	0
A	ef	18	116	1	1	BA1652	25380	10	2	0	0	0	0	0	0	0	0	0
A	ef	18	116	1	1	BA1652	25381	2	6	0	0	0	0	0	0	0	0	0
A	ef	18	116	1	1	BA1652	25689	6	8	2	0	1	0	0	0	0	0	0
A	ef	18	116	1	1	BA1652	25696	8	0	0	0	0	0	0	0	1	0	0
A	ef	18	116	1	1	BA1652	25699	8	7	0	0	0	0	0	0	0	0	0
A	ef	18	116	1	1	BA1652	25701	7	8	2	0	1	0	0	0	0	0	0
A	ef	18	116	1	1	BA1652	25707	8	0	0	0	0	0	0	0	1	0	0
A	ef	18	116	1	1	BA1652	25711	8	7	0	0	0	0	0	0	0	0	0
A	ef	18	116	1	1	BA1652	25854	7	8	2	0	1	0	0	0	0	0	0
A	ef	18	116	1	1	BA1652	25856	8	0	0	0	0	0	0	0	1	0	0
A	ef	18	116	1	1	BA1652	25860	8	0	0	0	1	0	0	0	0	0	0
A	ef	18	116	1	1	BA1652	25864	8	7	0	0	0	0	0	0	0	0	0
A	ef	18	116	1	1	BA1652	25869	7	0	0	0	0	0	0	0	1	0	0
A	ef	18	116	1	1	BA1652	25898	7	8	2	0	1	0	0	0	0	0	0
A	ef	18	116	1	1	BA1652	25906	8	0	0	0	0	0	0	0	1	0	0
A	ef	18	116	1	1	BA1652	25908	8	7	0	0	0	0	0	0	0	0	0
A	ef	18	116	1	1	BA1652	25911	7	8	2	0	1	0	0	0	0	0	0
A	ef	18	116	1	1	BA1652	25914	8	0	0	0	0	0	0	0	1	0	0
A	ef	18	116	1	1	BA1652	25921	8	7	0	0	0	0	0	0	0	0	0
A	ef	18	116	1	1	BA1652	25951	7	8	2	0	1	0	0	0	0	0	0
A	ef	18	116	1	1	BA1652	25957	8	0	0	0	0	0	0	0	1	0	0
A	ef	18	116	1	1	BA1652	25959	8	0	0	0	1	0	0	0	0	0	0
A	ef	18	116	1	1	BA1652	25960	8	0	0	0	0	0	0	0	1	0	0
A	ef	18	116	1	1	BA1652	25961	8	7	0	0	0	0	0	0	0	0	0
A	ef	18	116	1	1	BA1652	26015	7	8	2	0	1	0	0	0	0	0	0
A	ef	18	116	1	1	BA1652	26019	8	0	0	0	0	0	0	0	1	0	0
A	ef	18	116	1	1	BA1652	26025	8	7	0	0	1	0	0	0	0	0	0
A	ef	18	116	1	1	BA1652	26028	7	0	0	0	0	0	0	0	1	0	0
A	ef	18	116	1	1	BA1652	26086	7	8	2	0	1	0	0	0	0	0	0
A	ef	18	116	1	1	BA1652	26096	8	7	0	0	0	0	0	0	0	0	0
A	ef	18	116	1	1	BA1652	26156	7	0	0	0	0	0	0	0	1	0	0
A	ef	18	116	1	1	BA1652	26165	7	8	2	0	1	0	0	0	0	0	0
A	ef	18	116	1	1	BA1652	26175	8	7	0	0	0	0	0	0	0	0	0
A	ef	18	116	1	1	BA1652	26190	7	0	0	0	0	0	0	0	1	0	0
A	ef	18	116	1	1	BA1652	26192	7	8	2	0	1	0	0	0	0	0	0
A	ef	18	116	1	1	BA1652	26202	8	7	0	0	0	0	0	0	0	0	0
A	ef	18	116	1	1	BA1652	26205	7	0	0	0	0	0	0	0	1	0	0
A	ef	18	116	1	1	BA1652	26261	7	8	2	0	1	0	0	0	0	0	0
A	ef	18	116	1	1	BA1652	26271	8	7	0	0	0	0	0	0	0	0	0
A	ef	18	116	1	1	BA1652	26272	7	0	0	0	0	0	0	0	1	0	0
A	ef	18	116	1	1	BA1652	26277	7	8	2	0	1	0	0	0	0	0	0
A	ef	18	116	1	1	BA1652	26287	8	7	0	0	0	0	0	0	0	0	0
A	ef	18	116	1	1	BA1652	26308	7	0	0	0	0	0	0	0	1	0	0
A	ef	18	116	1	1	BA1652	26319	7	8	2	0	1	0	0	0	0	0	0
A	ef	18	116	1	1	BA1652	26329	8	7	0	0	0	0	0	0	0	0	0
A	ef	18	116	1	1	BA1652	26349	7	0	0	0	0	0	0	0	1	0	0
A	ef	18	116	1	1	BA1652	26364	7	8	2	0	1	0	0	0	0	0	0
A	ef	18	116	1	1	BA1652	26374	8	7	0	0	0	0	0	0	0	0	0
A	ef	18	116	1	1	BA1652	26398	7	0	0	0	0	0	0	0	1	0	0
A	ef	18	116	1	1	BA1652	26411	7	8	2	0	1	0	0	0	0	0	0
A	ef	18	116	1	1	BA1652	26421	8	7	0	0	0	0	0	0	0	0	0
A	ef	18	116	1	1	BA1652	26426	7	0	0	0	0	0	0	0	1	0	0
A	ef	18	116	1	1	BA1652	26483	7	8	2	0	1	0	0	0	0	0	0
A	ef	18	116	1	1	BA1652	26493	8	7	0	0	0	0	0	0	0	0	0
A	ef	18	116	1	1	BA1652	26503	7	0	0	0	0	0	0	0	1	0	0
A	ef	18	116	1	1	BA1652	26507	7	8	2	0	1	0	0	0	0	0	0
A	ef	18	116	1	1	BA1652	26511	8	0	0	0	0	0	0	0	1	0	0
A	ef	18	116	1	1	BA1652	26515	8	0	0	0	1	0	0	0	0	0	0
A	ef	18	116	1	1	BA1652	26517	8	7	0	0	0	0	0	0	0	0	0
A	ef	18	116	1	1	BA1652	26521	7	0	0	0	0	0	0	0	1	0	0
A	ef	18	116	1	1	BA1652	26524	7	8	2	0	1	0	0	0	0	0	0
A	ef	18	116	1	1	BA1652	26534	8	7	0	0	0	0	0	0	0	0	0
A	ef	18	116	1	1	BA1652	26541	7	0	0	0	0	0	0	0	1	0	0
A	ef	18	116	1	1	BA1652	26545	7	8	2	0	1	0	0	0	0	0	0
A	ef	18	116	1	1	BA1652	26555	8	7	0	0	0	0	0	0	0	0	0
A	ef	18	116	1	1	BA1652	26574	7	0	0	0	0	0	0	0	1	0	0
A	ef	18	116	1	1	BA1652	26652	7	8	2	0	1	0	0	0	0	0	0
A	ef	18	116	1	1	BA1652	26657	8	0	0	0	0	0	0	0	1	0	0
A	ef	18	116	1	1	BA1652	26660	8	0	0	0	1	0	0	0	0	0	0
A	ef	18	116	1	1	BA1652	26662	8	9	0	0	0	0	0	0	0	0	0
A	ef	18	116	1	1	BA1652	26665	9	0	0	0	0	0	0	0	1	0	0
A	ef	18	116	1	1	BA1652	26668	9	0	0	0	1	0	0	0	0	0	0
A	ef	18	116	1	1	BA1652	26672	9	10	0	0	0	0	0	0	0	0	0
A	ef	18	116	1	1	BA1652	26680	10	0	0	0	0	0	0	0	1	0	0
A	ef	18	116	1	1	BA1652	26747	10	2	0	0	0	0	0	0	0	0	0
A	ef	18	116	1	1	BA1652	26748	2	3	0	0	0	0	0	0	0	0	0
A	ef	18	116	1	1	BA1652	26826	3	5	1	1	0	0	0	0	0	0	0
A	ef	18	116	1	1	BA1652	26836	5	4	0	0	0	0	0	0	0	0	0
A	ef	18	116	1	1	BA1652	26838	4	0	0	0	0	0	0	1	0	0	0
A	ef	18	116	1	1	BA1652	26842	4	5	1	1	0	0	0	0	0	0	0
A	ef	18	116	1	1	BA1652	26852	5	4	0	0	0	0	0	0	0	0	0
A	ef	18	116	1	1	BA1652	26853	4	0	0	0	0	0	0	1	0	0	0
A	ef	18	116	1	1	BA1652	26857	4	5	1	1	0	0	0	0	0	0	0
A	ef	18	116	1	1	BA1652	26867	5	4	0	0	0	0	0	1	0	0	0
A	ef	18	116	1	1	BA1652	26871	4	5	1	1	0	0	0	0	0	0	0
A	ef	18	116	1	1	BA1652	26876	5	0	0	0	0	0	0	1	0	0	0
A	ef	18	116	1	1	BA1652	26881	5	4	0	0	0	0	0	0	0	0	0
A	ef	18	116	1	1	BA1652	26884	4	5	1	1	0	0	0	0	0	0	0
A	ef	18	116	1	1	BA1652	26889	5	0	0	0	0	0	0	1	0	0	0
A	ef	18	116	1	1	BA1652	26894	5	9	0	0	0	0	0	0	0	0	0
A	ef	18	116	1	1	BA1652	26904	9	10	0	0	0	0	0	0	0	0	0
A	ef	18	116	1	1	BA1652	26979	10	2	0	0	0	0	0	0	0	0	0
A	ef	18	116	1	1	BA1652	26980	2	6	0	0	0	0	0	0	0	0	0
A	ef	18	116	1	1	BA1652	27307	6	8	2	0	1	0	0	0	0	0	0
A	ef	18	116	1	1	BA1652	27317	8	7	0	0	0	0	0	0	0	0	0
A	ef	18	116	1	1	BA1652	27323	7	0	0	0	0	0	0	0	1	0	0
A	ef	18	116	1	1	BA1652	27343	7	8	2	0	1	0	0	0	0	0	0
A	ef	18	116	1	1	BA1652	27353	8	7	0	0	0	0	0	0	0	0	0
A	ef	18	116	1	1	BA1652	27362	7	0	0	0	0	0	0	0	1	0	0
A	ef	18	116	1	1	BA1652	27366	7	8	2	0	1	0	0	0	0	0	0
A	ef	18	116	1	1	BA1652	27368	8	0	0	0	0	0	0	0	1	0	0
A	ef	18	116	1	1	BA1652	27376	8	7	0	0	0	0	0	0	0	0	0
A	ef	18	116	1	1	BA1652	27451	7	8	2	0	1	0	0	0	0	0	0
A	ef	18	116	1	1	BA1652	27459	8	0	0	0	0	0	0	0	1	0	0
A	ef	18	116	1	1	BA1652	27461	8	7	0	0	0	0	0	0	0	0	0
A	ef	18	116	1	1	BA1652	27463	7	8	2	0	1	0	0	0	0	0	0
A	ef	18	116	1	1	BA1652	27473	8	7	0	0	0	0	0	0	0	0	0
A	ef	18	116	1	1	BA1652	27480	7	0	0	0	0	0	0	0	1	0	0
A	ef	18	116	1	1	BA1652	27496	7	8	2	0	1	0	0	0	0	0	0
A	ef	18	116	1	1	BA1652	27503	8	0	0	0	0	0	0	0	1	0	0
A	ef	18	116	1	1	BA1652	27506	8	7	0	0	0	0	0	0	0	0	0
A	ef	18	116	1	1	BA1652	27512	7	8	2	0	1	0	0	0	0	0	0
A	ef	18	116	1	1	BA1652	27520	8	0	0	0	0	0	0	0	1	0	0
A	ef	18	116	1	1	BA1652	27522	8	7	0	0	0	0	0	0	0	0	0
A	ef	18	116	1	1	BA1652	27552	7	8	2	0	1	0	0	0	0	0	0
A	ef	18	116	1	1	BA1652	27554	8	0	0	0	0	0	0	0	1	0	0
A	ef	18	116	1	1	BA1652	27562	8	7	0	0	0	0	0	0	0	0	0
A	ef	18	116	1	1	BA1652	27568	7	8	2	0	1	0	0	0	0	0	0
A	ef	18	116	1	1	BA1652	27571	8	0	0	0	0	0	0	0	1	0	0
A	ef	18	116	1	1	BA1652	27574	8	0	0	0	1	0	0	0	0	0	0
A	ef	18	116	1	1	BA1652	27578	8	7	0	0	0	0	0	0	0	0	0
A	ef	18	116	1	1	BA1652	27584	7	0	0	0	0	0	0	0	1	0	0
A	ef	18	116	1	1	BA1652	27585	7	8	2	0	1	0	0	0	0	0	0
A	ef	18	116	1	1	BA1652	27595	8	7	0	0	0	0	0	0	0	0	0
A	ef	18	116	1	1	BA1652	27648	7	0	0	0	0	0	0	0	1	0	0
A	ef	18	116	1	1	BA1652	27654	7	8	2	0	1	0	0	0	0	0	0
A	ef	18	116	1	1	BA1652	27664	8	7	0	0	0	0	0	0	0	0	0
A	ef	18	116	1	1	BA1652	27670	7	0	0	0	0	0	0	0	1	0	0
A	ef	18	116	1	1	BA1652	27672	7	8	2	0	1	0	0	0	0	0	0
A	ef	18	116	1	1	BA1652	27673	8	0	0	0	0	0	0	0	1	0	0
A	ef	18	116	1	1	BA1652	27680	8	0	0	0	1	0	0	0	0	0	0
A	ef	18	116	1	1	BA1652	27682	8	7	0	0	0	0	0	0	0	0	0
A	ef	18	116	1	1	BA1652	27696	7	0	0	0	0	0	0	0	1	0	0
A	ef	18	116	1	1	BA1652	27776	7	8	2	0	1	0	0	0	0	0	0
A	ef	18	116	1	1	BA1652	27786	8	7	0	0	0	0	0	0	0	0	0
A	ef	18	116	1	1	BA1652	27803	7	0	0	0	0	0	0	0	1	0	0
A	ef	18	116	1	1	BA1652	27807	7	8	2	0	1	0	0	0	0	0	0
A	ef	18	116	1	1	BA1652	27813	8	0	0	0	0	0	0	0	1	0	0
A	ef	18	116	1	1	BA1652	27816	8	0	0	0	1	0	0	0	0	0	0
A	ef	18	116	1	1	BA1652	27817	8	7	0	0	0	0	0	0	0	0	0
A	ef	18	116	1	1	BA1652	27831	7	0	0	0	0	0	0	0	1	0	0
A	ef	18	116	1	1	BA1652	27832	7	8	2	0	1	0	0	0	0	0	0
A	ef	18	116	1	1	BA1652	27842	8	7	0	0	0	0	0	0	0	0	0
A	ef	18	116	1	1	BA1652	27846	7	0	0	0	0	0	0	0	1	0	0
A	ef	18	116	1	1	BA1652	27848	7	8	2	0	1	0	0	0	0	0	0
A	ef	18	116	1	1	BA1652	27850	8	0	0	0	0	0	0	0	1	0	0
A	ef	18	116	1	1	BA1652	27852	8	0	0	0	1	0	0	0	0	0	0
A	ef	18	116	1	1	BA1652	27858	8	7	0	0	0	0	0	0	0	0	0
A	ef	18	116	1	1	BA1652	27873	7	0	0	0	0	0	0	0	1	0	0
A	ef	18	116	1	1	BA1652	27881	7	8	2	0	1	0	0	0	0	0	0
A	ef	18	116	1	1	BA1652	27884	8	0	0	0	0	0	0	0	1	0	0
A	ef	18	116	1	1	BA1652	27891	8	7	0	0	0	0	0	0	0	0	0
A	ef	18	116	1	1	BA1652	27899	7	8	2	0	1	0	0	0	0	0	0
A	ef	18	116	1	1	BA1652	27909	8	7	0	0	0	0	0	0	0	0	0
A	ef	18	116	1	1	BA1652	27913	7	0	0	0	0	0	0	0	1	0	0
A	ef	18	116	1	1	BA1652	27915	7	8	2	0	1	0	0	0	0	0	0
A	ef	18	116	1	1	BA1652	27921	8	0	0	0	0	0	0	0	1	0	0
A	ef	18	116	1	1	BA1652	27925	8	7	0	0	0	0	0	0	0	0	0
A	ef	18	116	1	1	BA1652	27996	7	8	2	0	1	0	0	0	0	0	0
A	ef	18	116	1	1	BA1652	28006	8	9	0	0	0	0	0	0	0	0	0
A	ef	18	116	1	1	BA1652	28016	9	10	0	0	0	0	0	0	0	0	0
A	ef	18	116	1	1	BA1652	28017	10	0	0	0	0	0	0	0	1	0	0
A	ef	18	116	1	1	BA1652	28091	10	2	0	0	0	0	0	0	0	0	0
A	ef	18	116	1	1	BA1652	28092	2	3	0	0	0	0	0	0	0	0	0
A	ef	18	116	1	1	BA1652	28173	3	5	1	1	0	0	0	0	0	0	0
A	ef	18	116	1	1	BA1652	28175	5	0	0	0	0	0	0	1	0	0	0
A	ef	18	116	1	1	BA1652	28176	5	0	0	1	0	0	0	0	0	0	0
A	ef	18	116	1	1	BA1652	28183	5	4	0	0	0	0	0	0	0	0	0
A	ef	18	116	1	1	BA1652	28188	4	0	0	0	0	0	0	1	0	0	0
A	ef	18	116	1	1	BA1652	28190	4	5	1	1	0	0	0	0	0	0	0
A	ef	18	116	1	1	BA1652	28200	5	4	0	0	0	0	0	0	0	0	0
A	ef	18	116	1	1	BA1652	28205	4	0	0	0	0	0	0	1	0	0	0
A	ef	18	116	1	1	BA1652	28208	4	5	1	1	0	0	0	0	0	0	0
A	ef	18	116	1	1	BA1652	28218	5	4	0	0	0	0	0	0	0	0	0
A	ef	18	116	1	1	BA1652	28220	4	0	0	0	0	0	0	1	0	0	0
A	ef	18	116	1	1	BA1652	28223	4	5	1	1	0	0	0	0	0	0	0
A	ef	18	116	1	1	BA1652	28233	5	4	0	0	0	0	0	0	0	0	0
A	ef	18	116	1	1	BA1652	28246	4	0	0	0	0	0	0	1	0	0	0
A	ef	18	116	1	1	BA1652	28250	4	5	1	1	0	0	0	0	0	0	0
A	ef	18	116	1	1	BA1652	28260	5	9	0	0	0	0	0	0	0	0	0
A	ef	18	116	1	1	BA1652	28262	9	0	0	0	0	0	0	1	0	0	0
A	ef	18	116	1	1	BA1652	28270	9	10	0	0	0	0	0	0	0	0	0
A	ef	18	116	1	1	BA1652	28345	10	2	0	0	0	0	0	0	0	0	0
A	ef	18	116	1	1	BA1652	28346	2	6	0	0	0	0	0	0	0	0	0
A	ef	18	116	1	1	BA1652	28695	6	8	2	0	1	0	0	0	0	0	0
A	ef	18	116	1	1	BA1652	28701	8	0	0	0	0	0	0	0	1	0	0
A	ef	18	116	1	1	BA1652	28705	8	7	0	0	0	0	0	0	0	0	0
A	ef	18	116	1	1	BA1652	28760	7	8	2	0	1	0	0	0	0	0	0
A	ef	18	116	1	1	BA1652	28765	8	0	0	0	0	0	0	0	1	0	0
A	ef	18	116	1	1	BA1652	28770	8	7	0	0	0	0	0	0	0	0	0
A	ef	18	116	1	1	BA1652	28780	7	8	2	0	1	0	0	0	0	0	0
A	ef	18	116	1	1	BA1652	28783	8	0	0	0	0	0	0	0	1	0	0
A	ef	18	116	1	1	BA1652	28790	8	7	0	0	0	0	0	0	0	0	0
A	ef	18	116	1	1	BA1652	28811	7	8	2	0	1	0	0	0	0	0	0
A	ef	18	116	1	1	BA1652	28821	8	7	0	0	0	0	0	0	0	0	0
A	ef	18	116	1	1	BA1652	28827	7	0	0	0	0	0	0	0	1	0	0
A	ef	18	116	1	1	BA1652	28840	7	8	2	0	1	0	0	0	0	0	0
A	ef	18	116	1	1	BA1652	28844	8	0	0	0	0	0	0	0	1	0	0
A	ef	18	116	1	1	BA1652	28850	8	7	0	0	0	0	0	0	0	0	0
A	ef	18	116	1	1	BA1652	28867	7	8	2	0	1	0	0	0	0	0	0
A	ef	18	116	1	1	BA1652	28872	8	0	0	0	0	0	0	0	1	0	0
A	ef	18	116	1	1	BA1652	28877	8	7	0	0	0	0	0	0	0	0	0
A	ef	18	116	1	1	BA1652	28892	7	8	2	0	1	0	0	0	0	0	0
A	ef	18	116	1	1	BA1652	28902	8	7	0	0	0	0	0	0	0	0	0
A	ef	18	116	1	1	BA1652	28916	7	0	0	0	0	0	0	0	1	0	0
A	ef	18	116	1	1	BA1652	28970	7	8	2	0	1	0	0	0	0	0	0
A	ef	18	116	1	1	BA1652	28980	8	7	0	0	0	0	0	0	1	0	0
A	ef	18	116	1	1	BA1652	28981	7	8	2	0	1	0	0	0	0	0	0
A	ef	18	116	1	1	BA1652	28984	8	0	0	0	0	0	0	0	1	0	0
A	ef	18	116	1	1	BA1652	28989	8	0	0	0	1	0	0	0	0	0	0
A	ef	18	116	1	1	BA1652	28991	8	7	0	0	0	0	0	0	0	0	0
A	ef	18	116	1	1	BA1652	29012	7	0	0	0	0	0	0	0	1	0	0
A	ef	18	116	1	1	BA1652	29017	7	8	2	0	1	0	0	0	0	0	0
A	ef	18	116	1	1	BA1652	29019	8	0	0	0	0	0	0	0	1	0	0
A	ef	18	116	1	1	BA1652	29023	8	0	0	0	1	0	0	0	0	0	0
A	ef	18	116	1	1	BA1652	29024	8	0	0	0	0	0	0	0	1	0	0
A	ef	18	116	1	1	BA1652	29027	8	7	0	0	0	0	0	0	0	0	0
A	ef	18	116	1	1	BA1652	29044	7	8	2	0	1	0	0	0	0	0	0
A	ef	18	116	1	1	BA1652	29050	8	0	0	0	0	0	0	0	1	0	0
A	ef	18	116	1	1	BA1652	29054	8	7	0	0	0	0	0	0	0	0	0
A	ef	18	116	1	1	BA1652	29141	7	8	2	0	1	0	0	0	0	0	0
A	ef	18	116	1	1	BA1652	29151	8	7	0	0	0	0	0	0	0	0	0
A	ef	18	116	1	1	BA1652	29164	7	0	0	0	0	0	0	0	1	0	0
A	ef	18	116	1	1	BA1652	29166	7	8	2	0	1	0	0	0	0	0	0
A	ef	18	116	1	1	BA1652	29173	8	0	0	0	0	0	0	0	1	0	0
A	ef	18	116	1	1	BA1652	29176	8	7	0	0	1	0	0	0	0	0	0
A	ef	18	116	1	1	BA1652	29181	7	0	0	0	0	0	0	0	1	0	0
A	ef	18	116	1	1	BA1652	29184	7	8	2	0	1	0	0	0	0	0	0
A	ef	18	116	1	1	BA1652	29194	8	7	0	0	0	0	0	0	0	0	0
A	ef	18	116	1	1	BA1652	29203	7	0	0	0	0	0	0	0	1	0	0
A	ef	18	116	1	1	BA1652	29217	7	8	2	0	1	0	0	0	0	0	0
A	ef	18	116	1	1	BA1652	29227	8	7	0	0	0	0	0	0	0	0	0
A	ef	18	116	1	1	BA1652	29231	7	0	0	0	0	0	0	0	1	0	0
A	ef	18	116	1	1	BA1652	29239	7	8	2	0	1	0	0	0	0	0	0
A	ef	18	116	1	1	BA1652	29244	8	0	0	0	0	0	0	0	1	0	0
A	ef	18	116	1	1	BA1652	29249	8	7	0	0	0	0	0	0	0	0	0
A	ef	18	116	1	1	BA1652	29250	7	8	2	0	1	0	0	0	0	0	0
A	ef	18	116	1	1	BA1652	29253	8	0	0	0	0	0	0	0	1	0	0
A	ef	18	116	1	1	BA1652	29260	8	7	0	0	0	0	0	0	0	0	0
A	ef	18	116	1	1	BA1652	29265	7	8	2	0	1	0	0	0	0	0	0
A	ef	18	116	1	1	BA1652	29273	8	0	0	0	0	0	0	0	1	0	0
A	ef	18	116	1	1	BA1652	29275	8	7	0	0	0	0	0	0	0	0	0
A	ef	18	116	1	1	BA1652	29276	7	8	2	0	1	0	0	0	0	0	0
A	ef	18	116	1	1	BA1652	29286	8	7	0	0	0	0	0	0	0	0	0
A	ef	18	116	1	1	BA1652	29290	7	0	0	0	0	0	0	0	1	0	0
A	ef	18	116	1	1	BA1652	29309	7	8	2	0	1	0	0	0	0	0	0
A	ef	18	116	1	1	BA1652	29319	8	9	0	0	0	0	0	0	0	0	0
A	ef	18	116	1	1	BA1652	29329	9	10	0	0	0	0	0	0	1	0	0
A	ef	18	116	1	1	BA1652	29404	10	2	0	0	0	0	0	0	0	0	0
A	ef	18	116	1	1	BA1652	29405	2	6	0	0	0	0	0	0	0	0	0
A	ef	18	116	1	1	BA1652	30059	6	8	2	0	1	0	0	0	0	0	0
A	ef	18	116	1	1	BA1652	30060	8	0	0	0	0	0	0	0	1	0	0
A	ef	18	116	1	1	BA1652	30069	8	7	0	0	0	0	0	0	0	0	0
A	ef	18	116	1	1	BA1652	30119	7	8	2	0	1	0	0	0	0	0	0
A	ef	18	116	1	1	BA1652	30127	8	0	0	0	0	0	0	0	1	0	0
A	ef	18	116	1	1	BA1652	30129	8	7	0	0	0	0	0	0	0	0	0
A	ef	18	116	1	1	BA1652	30194	7	8	2	0	1	0	0	0	0	0	0
A	ef	18	116	1	1	BA1652	30204	8	7	0	0	0	0	0	0	0	0	0
A	ef	18	116	1	1	BA1652	30220	7	0	0	0	0	0	0	0	1	0	0
A	ef	18	116	1	1	BA1652	30391	7	8	2	0	1	0	0	0	0	0	0
A	ef	18	116	1	1	BA1652	30398	8	0	0	0	0	0	0	0	1	0	0
A	ef	18	116	1	1	BA1652	30401	8	7	0	0	1	0	0	0	0	0	0
A	ef	18	116	1	1	BA1652	30445	7	0	0	0	0	0	0	0	1	0	0
A	ef	18	116	1	1	BA1652	30454	7	8	2	0	1	0	0	0	0	0	0
A	ef	18	116	1	1	BA1652	30457	8	0	0	0	0	0	0	0	1	0	0
A	ef	18	116	1	1	BA1652	30463	8	0	0	0	1	0	0	0	0	0	0
A	ef	18	116	1	1	BA1652	30464	8	7	0	0	0	0	0	0	0	0	0
A	ef	18	116	1	1	BA1652	30467	7	0	0	0	0	0	0	0	1	0	0
A	ef	18	116	1	1	BA1652	30470	7	8	2	0	1	0	0	0	0	0	0
A	ef	18	116	1	1	BA1652	30478	8	0	0	0	0	0	0	0	1	0	0
A	ef	18	116	1	1	BA1652	30480	8	7	0	0	0	0	0	0	0	0	0
A	ef	18	116	1	1	BA1652	30527	7	8	2	0	1	0	0	0	0	0	0
A	ef	18	116	1	1	BA1652	30537	8	7	0	0	0	0	0	0	0	0	0
A	ef	18	116	1	1	BA1652	30541	7	0	0	0	0	0	0	0	1	0	0
A	ef	18	116	1	1	BA1652	30566	7	8	2	0	1	0	0	0	0	0	0
A	ef	18	116	1	1	BA1652	30571	8	0	0	0	0	0	0	0	1	0	0
A	ef	18	116	1	1	BA1652	30576	8	7	0	0	0	0	0	0	0	0	0
A	ef	18	116	1	1	BA1652	30579	7	8	2	0	1	0	0	0	0	0	0
A	ef	18	116	1	1	BA1652	30589	8	7	0	0	0	0	0	0	0	0	0
A	ef	18	116	1	1	BA1652	30624	7	0	0	0	0	0	0	0	1	0	0
A	ef	18	116	1	1	BA1652	30625	7	8	2	0	1	0	0	0	0	0	0
A	ef	18	116	1	1	BA1652	30628	8	0	0	0	0	0	0	0	1	0	0
A	ef	18	116	1	1	BA1652	30635	8	7	0	0	0	0	0	0	0	0	0
A	ef	18	116	1	1	BA1652	30644	7	8	2	0	1	0	0	0	0	0	0
A	ef	18	116	1	1	BA1652	30654	8	7	0	0	0	0	0	0	1	0	0
A	ef	18	116	1	1	BA1652	30725	7	8	2	0	1	0	0	0	0	0	0
A	ef	18	116	1	1	BA1652	30735	8	7	0	0	0	0	0	0	0	0	0
A	ef	18	116	1	1	BA1652	30737	7	0	0	0	0	0	0	0	1	0	0
A	ef	18	116	1	1	BA1652	30738	7	8	2	0	1	0	0	0	0	0	0
A	ef	18	116	1	1	BA1652	30748	8	7	0	0	0	0	0	0	0	0	0
A	ef	18	116	1	1	BA1652	30750	7	0	0	0	0	0	0	0	1	0	0
A	ef	18	116	1	1	BA1652	30754	7	8	2	0	1	0	0	0	0	0	0
A	ef	18	116	1	1	BA1652	30764	8	7	0	0	0	0	0	0	0	0	0
A	ef	18	116	1	1	BA1652	30765	7	0	0	0	0	0	0	0	1	0	0
A	ef	18	116	1	1	BA1652	30769	7	8	2	0	1	0	0	0	0	0	0
A	ef	18	116	1	1	BA1652	30779	8	7	0	0	0	0	0	0	0	0	0
A	ef	18	116	1	1	BA1652	30793	7	0	0	0	0	0	0	0	1	0	0
A	ef	18	116	1	1	BA1652	30795	7	8	2	0	1	0	0	0	0	0	0
A	ef	18	116	1	1	BA1652	30799	8	0	0	0	0	0	0	0	1	0	0
A	ef	18	116	1	1	BA1652	30802	8	0	0	0	1	0	0	0	0	0	0
A	ef	18	116	1	1	BA1652	30805	8	7	0	0	0	0	0	0	0	0	0
A	ef	18	116	1	1	BA1652	30810	7	0	0	0	0	0	0	0	1	0	0
A	ef	18	116	1	1	BA1652	30837	7	8	2	0	1	0	0	0	0	0	0
A	ef	18	116	1	1	BA1652	30844	8	0	0	0	0	0	0	0	1	0	0
A	ef	18	116	1	1	BA1652	30846	8	0	0	0	1	0	0	0	0	0	0
A	ef	18	116	1	1	BA1652	30847	8	7	0	0	0	0	0	0	0	0	0
A	ef	18	116	1	1	BA1652	30855	7	0	0	0	0	0	0	0	1	0	0
A	ef	18	116	1	1	BA1652	30871	7	8	2	0	1	0	0	0	0	0	0
A	ef	18	116	1	1	BA1652	30881	8	7	0	0	0	0	0	0	0	0	0
A	ef	18	116	1	1	BA1652	30885	7	0	0	0	0	0	0	0	1	0	0
A	ef	18	116	1	1	BA1652	30958	7	8	2	0	1	0	0	0	0	0	0
A	ef	18	116	1	1	BA1652	30968	8	7	0	0	0	0	0	0	0	0	0
A	ef	18	116	1	1	BA1652	30976	7	0	0	0	0	0	0	0	1	0	0
A	ef	18	116	1	1	BA1652	30977	7	8	2	0	1	0	0	0	0	0	0
A	ef	18	116	1	1	BA1652	30987	8	9	0	0	0	0	0	0	0	0	0
A	ef	18	116	1	1	BA1652	30997	9	10	0	0	0	0	0	0	0	0	0
A	ef	18	116	1	1	BA1652	31014	10	0	0	0	0	0	0	0	1	0	0
A	ef	18	116	1	1	BA1652	31072	10	2	0	0	0	0	0	0	0	0	0
A	ef	18	116	1	1	BA1652	31073	2	3	0	0	0	0	0	0	0	0	0
A	ef	18	116	1	1	BA1652	31164	3	5	1	1	0	0	0	0	0	0	0
A	ef	18	116	1	1	BA1652	31174	5	4	0	0	0	0	0	0	0	0	0
A	ef	18	116	1	1	BA1652	31188	4	0	0	0	0	0	0	1	0	0	0
A	ef	18	116	1	1	BA1652	31192	4	5	1	1	0	0	0	0	0	0	0
A	ef	18	116	1	1	BA1652	31201	5	0	0	0	0	0	0	1	0	0	0
A	ef	18	116	1	1	BA1652	31202	5	4	0	0	0	0	0	0	0	0	0
A	ef	18	116	1	1	BA1652	31215	4	5	1	1	0	0	0	0	0	0	0
A	ef	18	116	1	1	BA1652	31225	5	4	0	0	0	0	0	0	0	0	0
A	ef	18	116	1	1	BA1652	31231	4	0	0	0	0	0	0	1	0	0	0
A	ef	18	116	1	1	BA1652	31317	4	5	1	1	0	0	0	0	0	0	0
A	ef	18	116	1	1	BA1652	31319	5	0	0	0	0	0	0	1	0	0	0
A	ef	18	116	1	1	BA1652	31327	5	4	0	0	0	0	0	0	0	0	0
A	ef	18	116	1	1	BA1652	31359	4	5	1	1	0	0	0	0	0	0	0
A	ef	18	116	1	1	BA1652	31367	5	0	0	0	0	0	0	1	0	0	0
A	ef	18	116	1	1	BA1652	31369	5	9	0	0	0	0	0	0	0	0	0
A	ef	18	116	1	1	BA1652	31379	9	10	0	0	0	0	0	0	0	0	0
A	ef	18	116	1	1	BA1652	31454	10	2	0	0	0	0	0	0	0	0	0
A	ef	18	116	1	1	BA1652	31455	2	3	0	0	0	0	0	0	0	0	0
A	ef	18	116	1	1	BA1652	31684	3	5	1	1	0	0	0	0	0	0	0
A	ef	18	116	1	1	BA1652	31694	5	4	0	0	0	0	0	0	0	0	0
A	ef	18	116	1	1	BA1652	31697	4	0	0	0	0	0	0	1	0	0	0
A	ef	18	116	1	1	BA1652	31700	4	5	1	1	0	0	0	0	0	0	0
A	ef	18	116	1	1	BA1652	31707	5	0	0	0	0	0	0	1	0	0	0
A	ef	18	116	1	1	BA1652	31710	5	4	0	1	0	0	0	0	0	0	0
A	ef	18	116	1	1	BA1652	31711	4	0	0	0	0	0	0	1	0	0	0
A	ef	18	116	1	1	BA1652	31714	4	5	1	1	0	0	0	0	0	0	0
A	ef	18	116	1	1	BA1652	31718	5	0	0	0	0	0	0	1	0	0	0
A	ef	18	116	1	1	BA1652	31722	5	0	0	1	0	0	0	0	0	0	0
A	ef	18	116	1	1	BA1652	31724	5	4	0	0	0	0	0	1	0	0	0
A	ef	18	116	1	1	BA1652	31725	4	5	1	1	0	0	0	0	0	0	0
A	ef	18	116	1	1	BA1652	31731	5	0	0	0	0	0	0	1	0	0	0
A	ef	18	116	1	1	BA1652	31735	5	4	0	0	0	0	0	0	0	0	0
A	ef	18	116	1	1	BA1652	31762	4	5	1	1	0	0	0	0	0	0	0
A	ef	18	116	1	1	BA1652	31772	5	9	0	0	0	0	0	0	0	0	0
A	ef	18	116	1	1	BA1652	31781	9	0	0	0	0	0	0	1	0	0	0
A	ef	18	116	1	1	BA1652	31782	9	10	0	0	0	0	0	0	0	0	0
A	ef	18	116	1	1	BA1652	31857	10	2	0	0	0	0	0	0	0	0	0
A	ef	18	116	1	1	BA1652	31858	2	3	0	0	0	0	0	0	0	0	0
A	ef	18	116	1	1	BA1652	32461	3	5	1	1	0	0	0	0	0	0	0
A	ef	18	116	1	1	BA1652	32471	5	4	0	0	0	0	0	1	0	0	0
A	ef	18	116	1	1	BA1652	32485	4	5	1	1	0	0	0	0	0	0	0
A	ef	18	116	1	1	BA1652	32489	5	0	0	0	0	0	0	1	0	0	0
A	ef	18	116	1	1	BA1652	32495	5	4	0	0	0	0	0	0	0	0	0
A	ef	18	116	1	1	BA1652	32496	4	5	1	1	0	0	0	0	0	0	0
A	ef	18	116	1	1	BA1652	32500	5	0	0	0	0	0	0	1	0	0	0
A	ef	18	116	1	1	BA1652	32503	5	0	0	1	0	0	0	0	0	0	0
A	ef	18	116	1	1	BA1652	32506	5	4	0	0	0	0	0	0	0	0	0
A	ef	18	116	1	1	BA1652	32540	4	0	0	0	0	0	0	1	0	0	0
A	ef	18	116	1	1	BA1652	32543	4	5	1	1	0	0	0	0	0	0	0
A	ef	18	116	1	1	BA1652	32553	5	4	0	0	0	0	0	0	0	0	0
A	ef	18	116	1	1	BA1652	32587	4	0	0	0	0	0	0	1	0	0	0
A	ef	18	116	1	1	BA1652	32589	4	5	1	1	0	0	0	0	0	0	0
A	ef	18	116	1	1	BA1652	32597	5	0	0	0	0	0	0	1	0	0	0
A	ef	18	116	1	1	BA1652	32599	5	9	0	0	0	0	0	0	0	0	0
A	ef	18	116	1	1	BA1652	32609	9	10	0	0	0	0	0	0	0	0	0
A	ef	18	116	1	1	BA1652	32684	10	2	0	0	0	0	0	0	0	0	0
A	ef	18	116	1	1	BA1652	32685	2	6	0	0	0	0	0	0	0	0	0
A	ef	18	116	1	1	BA1652	36334	6	8	2	0	1	0	0	0	0	0	0
A	ef	18	116	1	1	BA1652	36344	8	7	0	0	0	0	0	0	0	0	0
A	ef	18	116	1	1	BA1652	36361	7	0	0	0	0	0	0	0	1	0	0
A	ef	18	116	1	1	BA1652	36365	7	8	2	0	1	0	0	0	0	0	0
A	ef	18	116	1	1	BA1652	36375	8	7	0	0	0	0	0	0	0	0	0
A	ef	18	116	1	1	BA1652	36392	7	0	0	0	0	0	0	0	1	0	0
A	ef	18	116	1	1	BA1652	36395	7	8	2	0	1	0	0	0	0	0	0
A	ef	18	116	1	1	BA1652	36405	8	7	0	0	0	0	0	0	0	0	0
A	ef	18	116	1	1	BA1652	36408	7	0	0	0	0	0	0	0	1	0	0
A	ef	18	116	1	1	BA1652	36420	7	8	2	0	1	0	0	0	0	0	0
A	ef	18	116	1	1	BA1652	36430	8	7	0	0	0	0	0	0	0	0	0
A	ef	18	116	1	1	BA1652	36432	7	0	0	0	0	0	0	0	1	0	0
A	ef	18	116	1	1	BA1652	36513	7	8	2	0	1	0	0	0	0	0	0
A	ef	18	116	1	1	BA1652	36523	8	7	0	0	0	0	0	0	0	0	0
A	ef	18	116	1	1	BA1652	36563	7	0	0	0	0	0	0	0	1	0	0
A	ef	18	116	1	1	BA1652	36605	7	8	2	0	1	0	0	0	0	0	0
A	ef	18	116	1	1	BA1652	36611	8	0	0	0	0	0	0	0	1	0	0
A	ef	18	116	1	1	BA1652	36615	8	7	0	0	0	0	0	0	0	0	0
A	ef	18	116	1	1	BA1652	38667	7	0	0	1	0	0	0	0	0	0	0
A	ef	18	116	1	1	BA1652	38757	7	0	0	0	0	0	0	1	0	0	0
A	ef	18	116	1	1	BA1652	40161	7	8	2	0	1	0	0	0	0	0	0
A	ef	18	116	1	1	BA1652	40163	8	0	0	0	0	0	0	0	1	0	0
A	ef	18	116	1	1	BA1652	40166	8	0	0	0	1	0	0	0	0	0	0
A	ef	18	116	1	1	BA1652	40171	8	7	0	0	0	0	0	0	0	0	0
A	ef	18	116	1	1	BA1652	40183	7	0	0	0	0	0	0	0	1	0	0
A	ef	18	116	1	1	BA1652	40230	7	8	2	0	1	0	0	0	0	0	0
A	ef	18	116	1	1	BA1652	40235	8	0	0	0	0	0	0	0	1	0	0
A	ef	18	116	1	1	BA1652	40240	8	7	0	0	0	0	0	0	0	0	0
A	ef	18	116	1	1	BA1652	40346	7	8	2	0	1	0	0	0	0	0	0
A	ef	18	116	1	1	BA1652	40347	8	0	0	0	0	0	0	0	1	0	0
A	ef	18	116	1	1	BA1652	40356	8	7	0	0	0	0	0	0	0	0	0
A	ef	18	116	1	1	BA1652	40363	7	8	2	0	1	0	0	0	0	0	0
A	ef	18	116	1	1	BA1652	40373	8	7	0	0	0	0	0	0	1	0	0
A	ef	18	116	1	1	BA1652	40392	7	8	2	0	1	0	0	0	0	0	0
A	ef	18	116	1	1	BA1652	40401	8	0	0	0	0	0	0	0	1	0	0
A	ef	18	116	1	1	BA1652	40402	8	7	0	0	0	0	0	0	0	0	0
A	ef	18	116	1	1	BA1652	40479	7	8	2	0	1	0	0	0	0	0	0
A	ef	18	116	1	1	BA1652	40485	8	0	0	0	0	0	0	0	1	0	0
A	ef	18	116	1	1	BA1652	40489	8	7	0	0	0	0	0	0	0	0	0
A	ef	18	116	1	1	BA1652	40511	7	8	2	0	1	0	0	0	0	0	0
A	ef	18	116	1	1	BA1652	40517	8	0	0	0	0	0	0	0	1	0	0
A	ef	18	116	1	1	BA1652	40521	8	7	0	0	0	0	0	0	0	0	0
A	ef	18	116	1	1	BA1652	40599	7	8	2	0	1	0	0	0	0	0	0
A	ef	18	116	1	1	BA1652	40609	8	7	0	0	0	0	0	0	0	0	0
A	ef	18	116	1	1	BA1652	40616	7	0	0	0	0	0	0	0	1	0	0
A	ef	18	116	1	1	BA1652	40621	7	8	2	0	1	0	0	0	0	0	0
A	ef	18	116	1	1	BA1652	40631	8	7	0	0	0	0	0	0	0	0	0
A	ef	18	116	1	1	BA1652	40632	7	0	0	0	0	0	0	0	1	0	0
A	ef	18	116	1	1	BA1652	40667	7	8	2	0	1	0	0	0	0	0	0
A	ef	18	116	1	1	BA1652	40674	8	0	0	0	0	0	0	0	1	0	0
A	ef	18	116	1	1	BA1652	40677	8	7	0	0	0	0	0	0	0	0	0
A	ef	18	116	1	1	BA1652	40681	7	8	2	0	1	0	0	0	0	0	0
A	ef	18	116	1	1	BA1652	40684	8	0	0	0	0	0	0	0	1	0	0
A	ef	18	116	1	1	BA1652	40691	8	7	0	0	0	0	0	0	0	0	0
A	ef	18	116	1	1	BA1652	40706	7	8	2	0	1	0	0	0	0	0	0
A	ef	18	116	1	1	BA1652	40708	8	0	0	0	0	0	0	0	1	0	0
A	ef	18	116	1	1	BA1652	40713	8	0	0	0	1	0	0	0	0	0	0
A	ef	18	116	1	1	BA1652	40716	8	7	0	0	0	0	0	0	0	0	0
A	ef	18	116	1	1	BA1652	40725	7	0	0	0	0	0	0	0	1	0	0
A	ef	18	116	1	1	BA1652	40747	7	8	2	0	1	0	0	0	0	0	0
A	ef	18	116	1	1	BA1652	40757	8	7	0	0	0	0	0	0	0	0	0
A	ef	18	116	1	1	BA1652	40758	7	0	0	0	0	0	0	0	1	0	0
A	ef	18	116	1	1	BA1652	40761	7	8	2	0	1	0	0	0	0	0	0
A	ef	18	116	1	1	BA1652	40771	8	9	0	0	0	0	0	0	1	0	0
A	ef	18	116	1	1	BA1652	40773	9	0	0	0	1	0	0	0	0	0	0
A	ef	18	116	1	1	BA1652	40776	9	0	0	0	0	0	0	0	1	0	0
A	ef	18	116	1	1	BA1652	40781	9	10	0	0	0	0	0	0	0	0	0
A	ef	18	116	1	1	BA1652	40856	10	2	0	0	0	0	0	0	0	0	0
A	ef	18	116	1	1	BA1652	40857	2	6	0	0	0	0	0	0	0	0	0
A	ef	18	116	1	1	BA1652	41385	6	8	2	0	1	0	0	0	0	0	0
A	ef	18	116	1	1	BA1652	41395	8	7	0	0	0	0	0	0	1	0	0
A	ef	18	116	1	1	BA1652	41399	7	8	2	0	1	0	0	0	0	0	0
A	ef	18	116	1	1	BA1652	41405	8	0	0	0	0	0	0	0	1	0	0
A	ef	18	116	1	1	BA1652	41409	8	7	0	0	0	0	0	0	0	0	0
A	ef	18	116	1	1	BA1652	41417	7	8	2	0	1	0	0	0	0	0	0
A	ef	18	116	1	1	BA1652	41422	8	0	0	0	0	0	0	0	1	0	0
A	ef	18	116	1	1	BA1652	41427	8	7	0	0	0	0	0	0	0	0	0
A	ef	18	116	1	1	BA1652	41444	7	8	2	0	1	0	0	0	0	0	0
A	ef	18	116	1	1	BA1652	41452	8	0	0	0	0	0	0	0	1	0	0
A	ef	18	116	1	1	BA1652	41454	8	7	0	0	0	0	0	0	0	0	0
A	ef	18	116	1	1	BA1652	41475	7	8	2	0	1	0	0	0	0	0	0
A	ef	18	116	1	1	BA1652	41483	8	0	0	0	0	0	0	0	1	0	0
A	ef	18	116	1	1	BA1652	41485	8	7	0	0	0	0	0	0	0	0	0
A	ef	18	116	1	1	BA1652	41488	7	8	2	0	1	0	0	0	0	0	0
A	ef	18	116	1	1	BA1652	41498	8	7	0	0	0	0	0	0	0	0	0
A	ef	18	116	1	1	BA1652	41501	7	0	0	0	0	0	0	0	1	0	0
A	ef	18	116	1	1	BA1652	41503	7	8	2	0	1	0	0	0	0	0	0
A	ef	18	116	1	1	BA1652	41513	8	7	0	0	0	0	0	0	0	0	0
A	ef	18	116	1	1	BA1652	41523	7	0	0	0	0	0	0	0	1	0	0
A	ef	18	116	1	1	BA1652	41572	7	8	2	0	1	0	0	0	0	0	0
A	ef	18	116	1	1	BA1652	41581	8	0	0	0	0	0	0	0	1	0	0
A	ef	18	116	1	1	BA1652	41582	8	7	0	0	0	0	0	0	0	0	0
A	ef	18	116	1	1	BA1652	41584	7	8	2	0	1	0	0	0	0	0	0
A	ef	18	116	1	1	BA1652	41586	8	0	0	0	0	0	0	0	1	0	0
A	ef	18	116	1	1	BA1652	41594	8	7	0	0	0	0	0	0	0	0	0
A	ef	18	116	1	1	BA1652	41604	7	8	2	0	1	0	0	0	0	0	0
A	ef	18	116	1	1	BA1652	41607	8	0	0	0	0	0	0	0	1	0	0
A	ef	18	116	1	1	BA1652	41614	8	7	0	0	0	0	0	0	0	0	0
A	ef	18	116	1	1	BA1652	41684	7	8	2	0	1	0	0	0	0	0	0
A	ef	18	116	1	1	BA1652	41689	8	0	0	0	0	0	0	0	1	0	0
A	ef	18	116	1	1	BA1652	41694	8	7	0	0	0	0	0	0	0	0	0
A	ef	18	116	1	1	BA1652	41763	7	8	2	0	1	0	0	0	0	0	0
A	ef	18	116	1	1	BA1652	41773	8	7	0	0	0	0	0	0	0	0	0
A	ef	18	116	1	1	BA1652	41790	7	0	0	0	0	0	0	0	1	0	0
A	ef	18	116	1	1	BA1652	41799	7	8	2	0	1	0	0	0	0	0	0
A	ef	18	116	1	1	BA1652	41804	8	0	0	0	0	0	0	0	1	0	0
A	ef	18	116	1	1	BA1652	41807	8	0	0	0	1	0	0	0	0	0	0
A	ef	18	116	1	1	BA1652	41809	8	7	0	0	0	0	0	0	0	0	0
A	ef	18	116	1	1	BA1652	41810	7	0	0	0	0	0	0	0	1	0	0
A	ef	18	116	1	1	BA1652	41854	7	8	2	0	1	0	0	0	0	0	0
A	ef	18	116	1	1	BA1652	41864	8	7	0	0	0	0	0	0	0	0	0
A	ef	18	116	1	1	BA1652	41890	7	0	0	0	0	0	0	0	1	0	0
A	ef	18	116	1	1	BA1652	41965	7	8	2	0	1	0	0	0	0	0	0
A	ef	18	116	1	1	BA1652	41975	8	7	0	0	0	0	0	0	0	0	0
A	ef	18	116	1	1	BA1652	41998	7	0	0	0	0	0	0	0	1	0	0
A	ef	18	116	1	1	BA1652	42001	7	8	2	0	1	0	0	0	0	0	0
A	ef	18	116	1	1	BA1652	42004	8	0	0	0	0	0	0	0	1	0	0
A	ef	18	116	1	1	BA1652	42011	8	7	0	0	0	0	0	0	0	0	0
A	ef	18	116	1	1	BA1652	42013	7	8	2	0	1	0	0	0	0	0	0
A	ef	18	116	1	1	BA1652	42015	8	0	0	0	0	0	0	0	1	0	0
A	ef	18	116	1	1	BA1652	42023	8	7	0	0	0	0	0	0	0	0	0
A	ef	18	116	1	1	BA1652	42039	7	8	2	0	1	0	0	0	0	0	0
A	ef	18	116	1	1	BA1652	42043	8	0	0	0	0	0	0	0	1	0	0
A	ef	18	116	1	1	BA1652	42049	8	7	0	0	0	0	0	0	0	0	0
A	ef	18	116	1	1	BA1652	42070	7	8	2	0	1	0	0	0	0	0	0
A	ef	18	116	1	1	BA1652	42072	8	0	0	0	0	0	0	0	1	0	0
A	ef	18	116	1	1	BA1652	42076	8	0	0	0	1	0	0	0	0	0	0
A	ef	18	116	1	1	BA1652	42080	8	7	0	0	0	0	0	0	0	0	0
A	ef	18	116	1	1	BA1652	42082	7	0	0	0	0	0	0	0	1	0	0
A	ef	18	116	1	1	BA1652	42090	7	8	2	0	1	0	0	0	0	0	0
A	ef	18	116	1	1	BA1652	42100	8	9	0	0	0	0	0	0	0	0	0
A	ef	18	116	1	1	BA1652	42101	9	0	0	0	0	0	0	0	1	0	0
A	ef	18	116	1	1	BA1652	42106	9	0	0	0	1	0	0	0	0	0	0
A	ef	18	116	1	1	BA1652	42110	9	10	0	0	0	0	0	0	0	0	0
A	ef	18	116	1	1	BA1652	42121	10	0	0	0	0	0	0	0	1	0	0
A	ef	18	116	1	1	BA1652	42185	10	2	0	0	0	0	0	0	0	0	0
A	ef	18	116	1	1	BA1652	42186	2	3	0	0	0	0	0	0	0	0	0
A	ef	18	116	1	1	BA1652	42572	3	5	1	1	0	0	0	0	0	0	0
A	ef	18	116	1	1	BA1652	42577	5	0	0	0	0	0	0	1	0	0	0
A	ef	18	116	1	1	BA1652	42582	5	4	0	0	0	0	0	0	0	0	0
A	ef	18	116	1	1	BA1652	42583	4	5	1	1	0	0	0	0	0	0	0
A	ef	18	116	1	1	BA1652	42587	5	0	0	0	0	0	0	1	0	0	0
A	ef	18	116	1	1	BA1652	42593	5	4	0	0	0	0	0	0	0	0	0
A	ef	18	116	1	1	BA1652	42597	4	5	1	1	0	0	0	0	0	0	0
A	ef	18	116	1	1	BA1652	42605	5	0	0	0	0	0	0	1	0	0	0
A	ef	18	116	1	1	BA1652	42607	5	4	0	0	0	0	0	0	0	0	0
A	ef	18	116	1	1	BA1652	42610	4	5	1	1	0	0	0	0	0	0	0
A	ef	18	116	1	1	BA1652	42616	5	0	0	0	0	0	0	1	0	0	0
A	ef	18	116	1	1	BA1652	42619	5	0	0	1	0	0	0	0	0	0	0
A	ef	18	116	1	1	BA1652	42620	5	4	0	0	0	0	0	0	0	0	0
A	ef	18	116	1	1	BA1652	42628	4	0	0	0	0	0	0	1	0	0	0
A	ef	18	116	1	1	BA1652	42634	4	5	1	1	0	0	0	0	0	0	0
A	ef	18	116	1	1	BA1652	42644	5	9	0	0	0	0	0	0	0	0	0
A	ef	18	116	1	1	BA1652	42645	9	0	0	0	0	0	0	1	0	0	0
A	ef	18	116	1	1	BA1652	42646	9	0	0	1	0	0	0	0	0	0	0
A	ef	18	116	1	1	BA1652	42652	9	0	0	0	0	0	0	1	0	0	0
A	ef	18	116	1	1	BA1652	42654	9	-1	0	0	0	0	0	0	0	0	0
