Project	UserID	Protocol	Session	Station	Run	Subject	Time	Current State	Transition State	Transition Event	A1 - LEFT	A2 - RIGH	A3 - 	A4 - 	A[1] LEFT	A[2] RIGH	A[3] 	A[4] 
A	BL	24	134	1	2	BA1652	0	0	1	0	0	0	0	0	0	0	0	0
A	BL	24	134	1	2	BA1652	50	1	2	0	0	0	0	0	0	0	0	0
A	BL	24	134	1	2	BA1652	51	2	3	0	0	0	0	0	0	0	0	0
A	BL	24	134	1	2	BA1652	7085	3	0	0	0	1	0	0	0	0	0	0
A	BL	24	134	1	2	BA1652	7108	3	0	0	0	0	0	0	0	1	0	0
A	BL	24	134	1	2	BA1652	7342	3	5	1	1	0	0	0	0	0	0	0
A	BL	24	134	1	2	BA1652	7352	5	4	0	0	0	0	0	0	0	0	0
A	BL	24	134	1	2	BA1652	7363	4	0	0	0	0	0	0	1	0	0	0
A	BL	24	134	1	2	BA1652	7364	4	5	1	1	0	0	0	0	0	0	0
A	BL	24	134	1	2	BA1652	7374	5	4	0	0	0	0	0	0	0	0	0
A	BL	24	134	1	2	BA1652	7375	4	0	0	0	0	0	0	1	0	0	0
A	BL	24	134	1	2	BA1652	7379	4	5	1	1	0	0	0	0	0	0	0
A	BL	24	134	1	2	BA1652	7381	5	0	0	0	0	0	0	1	0	0	0
A	BL	24	134	1	2	BA1652	7389	5	4	0	0	0	0	0	0	0	0	0
A	BL	24	134	1	2	BA1652	7399	4	5	1	1	0	0	0	0	0	0	0
A	BL	24	134	1	2	BA1652	7401	5	0	0	0	0	0	0	1	0	0	0
A	BL	24	134	1	2	BA1652	7409	5	4	0	0	0	0	0	0	0	0	0
A	BL	24	134	1	2	BA1652	7574	4	5	1	1	0	0	0	0	0	0	0
A	BL	24	134	1	2	BA1652	7577	5	0	0	0	0	0	0	1	0	0	0
A	BL	24	134	1	2	BA1652	7579	5	0	0	1	0	0	0	0	0	0	0
A	BL	24	134	1	2	BA1652	7584	5	9	0	0	0	0	0	0	0	0	0
A	BL	24	134	1	2	BA1652	7590	9	0	0	0	0	0	0	1	0	0	0
A	BL	24	134	1	2	BA1652	7594	9	10	0	0	0	0	0	0	0	0	0
A	BL	24	134	1	2	BA1652	7669	10	2	0	0	0	0	0	0	0	0	0
A	BL	24	134	1	2	BA1652	7670	2	6	0	0	0	0	0	0	0	0	0
A	BL	24	134	1	2	BA1652	8772	6	8	2	0	1	0	0	0	0	0	0
A	BL	24	134	1	2	BA1652	8782	8	7	0	0	0	0	0	0	0	0	0
A	BL	24	134	1	2	BA1652	8805	7	0	0	0	0	0	0	0	1	0	0
A	BL	24	134	1	2	BA1652	8902	7	8	2	0	1	0	0	0	0	0	0
A	BL	24	134	1	2	BA1652	8912	8	7	0	0	0	0	0	0	0	0	0
A	BL	24	134	1	2	BA1652	8924	7	0	0	0	0	0	0	0	1	0	0
A	BL	24	134	1	2	BA1652	8931	7	8	2	0	1	0	0	0	0	0	0
A	BL	24	134	1	2	BA1652	8936	8	0	0	0	0	0	0	0	1	0	0
A	BL	24	134	1	2	BA1652	8941	8	7	0	0	0	0	0	0	0	0	0
A	BL	24	134	1	2	BA1652	8943	7	8	2	0	1	0	0	0	0	0	0
A	BL	24	134	1	2	BA1652	8953	8	7	0	0	0	0	0	0	0	0	0
A	BL	24	134	1	2	BA1652	8961	7	0	0	0	0	0	0	0	1	0	0
A	BL	24	134	1	2	BA1652	9045	7	8	2	0	1	0	0	0	0	0	0
A	BL	24	134	1	2	BA1652	9050	8	0	0	0	0	0	0	0	1	0	0
A	BL	24	134	1	2	BA1652	9053	8	0	0	0	1	0	0	0	0	0	0
A	BL	24	134	1	2	BA1652	9055	8	7	0	0	0	0	0	0	0	0	0
A	BL	24	134	1	2	BA1652	9058	7	0	0	0	0	0	0	0	1	0	0
A	BL	24	134	1	2	BA1652	9062	7	8	2	0	1	0	0	0	0	0	0
A	BL	24	134	1	2	BA1652	9064	8	0	0	0	0	0	0	0	1	0	0
A	BL	24	134	1	2	BA1652	9070	8	0	0	0	1	0	0	0	0	0	0
A	BL	24	134	1	2	BA1652	9072	8	7	0	0	0	0	0	0	0	0	0
A	BL	24	134	1	2	BA1652	9075	7	0	0	0	0	0	0	0	1	0	0
A	BL	24	134	1	2	BA1652	9082	7	8	2	0	1	0	0	0	0	0	0
A	BL	24	134	1	2	BA1652	9092	8	7	0	0	0	0	0	0	0	0	0
A	BL	24	134	1	2	BA1652	9094	7	0	0	0	0	0	0	0	1	0	0
A	BL	24	134	1	2	BA1652	9098	7	8	2	0	1	0	0	0	0	0	0
A	BL	24	134	1	2	BA1652	9108	8	7	0	0	0	0	0	0	0	0	0
A	BL	24	134	1	2	BA1652	9109	7	0	0	0	0	0	0	0	1	0	0
A	BL	24	134	1	2	BA1652	9224	7	8	2	0	1	0	0	0	0	0	0
A	BL	24	134	1	2	BA1652	9234	8	7	0	0	0	0	0	0	0	0	0
A	BL	24	134	1	2	BA1652	9255	7	0	0	0	0	0	0	0	1	0	0
A	BL	24	134	1	2	BA1652	9269	7	8	2	0	1	0	0	0	0	0	0
A	BL	24	134	1	2	BA1652	9272	8	0	0	0	0	0	0	0	1	0	0
A	BL	24	134	1	2	BA1652	9279	8	7	0	0	0	0	0	0	0	0	0
A	BL	24	134	1	2	BA1652	9401	7	8	2	0	1	0	0	0	0	0	0
A	BL	24	134	1	2	BA1652	9408	8	0	0	0	0	0	0	0	1	0	0
A	BL	24	134	1	2	BA1652	9411	8	7	0	0	0	0	0	0	0	0	0
A	BL	24	134	1	2	BA1652	9416	7	8	2	0	1	0	0	0	0	0	0
A	BL	24	134	1	2	BA1652	9426	8	7	0	0	0	0	0	0	0	0	0
A	BL	24	134	1	2	BA1652	9428	7	0	0	0	0	0	0	0	1	0	0
A	BL	24	134	1	2	BA1652	9435	7	8	2	0	1	0	0	0	0	0	0
A	BL	24	134	1	2	BA1652	9445	8	7	0	0	0	0	0	0	0	0	0
A	BL	24	134	1	2	BA1652	9448	7	0	0	0	0	0	0	0	1	0	0
A	BL	24	134	1	2	BA1652	9452	7	8	2	0	1	0	0	0	0	0	0
A	BL	24	134	1	2	BA1652	9458	8	0	0	0	0	0	0	0	1	0	0
A	BL	24	134	1	2	BA1652	9461	8	0	0	0	1	0	0	0	0	0	0
A	BL	24	134	1	2	BA1652	9462	8	7	0	0	0	0	0	0	0	0	0
A	BL	24	134	1	2	BA1652	9469	7	0	0	0	0	0	0	0	1	0	0
A	BL	24	134	1	2	BA1652	9531	7	8	2	0	1	0	0	0	0	0	0
A	BL	24	134	1	2	BA1652	9533	8	0	0	0	0	0	0	0	1	0	0
A	BL	24	134	1	2	BA1652	9535	8	0	0	0	1	0	0	0	0	0	0
A	BL	24	134	1	2	BA1652	9539	8	0	0	0	0	0	0	0	1	0	0
A	BL	24	134	1	2	BA1652	9541	8	7	0	0	0	0	0	0	0	0	0
A	BL	24	134	1	2	BA1652	9554	7	8	2	0	1	0	0	0	0	0	0
A	BL	24	134	1	2	BA1652	9557	8	0	0	0	0	0	0	0	1	0	0
A	BL	24	134	1	2	BA1652	9564	8	7	0	0	0	0	0	0	0	0	0
A	BL	24	134	1	2	BA1652	9567	7	8	2	0	1	0	0	0	0	0	0
A	BL	24	134	1	2	BA1652	9574	8	0	0	0	0	0	0	0	1	0	0
A	BL	24	134	1	2	BA1652	9577	8	7	0	0	0	0	0	0	0	0	0
A	BL	24	134	1	2	BA1652	9585	7	8	2	0	1	0	0	0	0	0	0
A	BL	24	134	1	2	BA1652	9595	8	7	0	0	0	0	0	0	0	0	0
A	BL	24	134	1	2	BA1652	9604	7	0	0	0	0	0	0	0	1	0	0
A	BL	24	134	1	2	BA1652	9609	7	8	2	0	1	0	0	0	0	0	0
A	BL	24	134	1	2	BA1652	9616	8	0	0	0	0	0	0	0	1	0	0
A	BL	24	134	1	2	BA1652	9619	8	7	0	0	0	0	0	0	0	0	0
A	BL	24	134	1	2	BA1652	9622	7	8	2	0	1	0	0	0	0	0	0
A	BL	24	134	1	2	BA1652	9632	8	9	0	0	0	0	0	0	1	0	0
A	BL	24	134	1	2	BA1652	9634	9	0	0	0	1	0	0	0	0	0	0
A	BL	24	134	1	2	BA1652	9637	9	0	0	0	0	0	0	0	1	0	0
A	BL	24	134	1	2	BA1652	9642	9	10	0	0	0	0	0	0	0	0	0
A	BL	24	134	1	2	BA1652	9717	10	2	0	0	0	0	0	0	0	0	0
A	BL	24	134	1	2	BA1652	9718	2	6	0	0	0	0	0	0	0	0	0
A	BL	24	134	1	2	BA1652	11202	6	8	2	0	1	0	0	0	0	0	0
A	BL	24	134	1	2	BA1652	11208	8	0	0	0	0	0	0	0	1	0	0
A	BL	24	134	1	2	BA1652	11212	8	7	0	0	0	0	0	0	0	0	0
A	BL	24	134	1	2	BA1652	11215	7	8	2	0	1	0	0	0	0	0	0
A	BL	24	134	1	2	BA1652	11224	8	0	0	0	0	0	0	0	1	0	0
A	BL	24	134	1	2	BA1652	11225	8	7	0	0	0	0	0	0	0	0	0
A	BL	24	134	1	2	BA1652	11242	7	8	2	0	1	0	0	0	0	0	0
A	BL	24	134	1	2	BA1652	11251	8	0	0	0	0	0	0	0	1	0	0
A	BL	24	134	1	2	BA1652	11252	8	7	0	0	0	0	0	0	0	0	0
A	BL	24	134	1	2	BA1652	11256	7	8	2	0	1	0	0	0	0	0	0
A	BL	24	134	1	2	BA1652	11266	8	7	0	0	0	0	0	0	0	0	0
A	BL	24	134	1	2	BA1652	11270	7	0	0	0	0	0	0	0	1	0	0
A	BL	24	134	1	2	BA1652	11279	7	8	2	0	1	0	0	0	0	0	0
A	BL	24	134	1	2	BA1652	11287	8	0	0	0	0	0	0	0	1	0	0
A	BL	24	134	1	2	BA1652	11289	8	7	0	0	0	0	0	0	0	0	0
A	BL	24	134	1	2	BA1652	11380	7	8	2	0	1	0	0	0	0	0	0
A	BL	24	134	1	2	BA1652	11385	8	0	0	0	0	0	0	0	1	0	0
A	BL	24	134	1	2	BA1652	11390	8	7	0	0	0	0	0	0	0	0	0
A	BL	24	134	1	2	BA1652	11479	7	8	2	0	1	0	0	0	0	0	0
A	BL	24	134	1	2	BA1652	11484	8	0	0	0	0	0	0	0	1	0	0
A	BL	24	134	1	2	BA1652	11489	8	7	0	0	0	0	0	0	0	0	0
A	BL	24	134	1	2	BA1652	11505	7	8	2	0	1	0	0	0	0	0	0
A	BL	24	134	1	2	BA1652	11510	8	0	0	0	0	0	0	0	1	0	0
A	BL	24	134	1	2	BA1652	11515	8	7	0	0	0	0	0	0	0	0	0
A	BL	24	134	1	2	BA1652	11520	7	8	2	0	1	0	0	0	0	0	0
A	BL	24	134	1	2	BA1652	11526	8	0	0	0	0	0	0	0	1	0	0
A	BL	24	134	1	2	BA1652	11530	8	7	0	0	1	0	0	0	0	0	0
A	BL	24	134	1	2	BA1652	11535	7	0	0	0	0	0	0	0	1	0	0
A	BL	24	134	1	2	BA1652	11540	7	8	2	0	1	0	0	0	0	0	0
A	BL	24	134	1	2	BA1652	11545	8	0	0	0	0	0	0	0	1	0	0
A	BL	24	134	1	2	BA1652	11550	8	7	0	0	0	0	0	0	0	0	0
A	BL	24	134	1	2	BA1652	11591	7	8	2	0	1	0	0	0	0	0	0
A	BL	24	134	1	2	BA1652	11601	8	7	0	0	0	0	0	0	0	0	0
A	BL	24	134	1	2	BA1652	11604	7	0	0	0	0	0	0	0	1	0	0
A	BL	24	134	1	2	BA1652	11607	7	8	2	0	1	0	0	0	0	0	0
A	BL	24	134	1	2	BA1652	11617	8	7	0	0	0	0	0	0	0	0	0
A	BL	24	134	1	2	BA1652	11619	7	0	0	0	0	0	0	0	1	0	0
A	BL	24	134	1	2	BA1652	11632	7	8	2	0	1	0	0	0	0	0	0
A	BL	24	134	1	2	BA1652	11642	8	7	0	0	0	0	0	0	0	0	0
A	BL	24	134	1	2	BA1652	11656	7	0	0	0	0	0	0	0	1	0	0
A	BL	24	134	1	2	BA1652	11750	7	8	2	0	1	0	0	0	0	0	0
A	BL	24	134	1	2	BA1652	11760	8	7	0	0	0	0	0	0	0	0	0
A	BL	24	134	1	2	BA1652	11761	7	0	0	0	0	0	0	0	1	0	0
A	BL	24	134	1	2	BA1652	11765	7	8	2	0	1	0	0	0	0	0	0
A	BL	24	134	1	2	BA1652	11775	8	7	0	0	0	0	0	0	1	0	0
A	BL	24	134	1	2	BA1652	11788	7	8	2	0	1	0	0	0	0	0	0
A	BL	24	134	1	2	BA1652	11791	8	0	0	0	0	0	0	0	1	0	0
A	BL	24	134	1	2	BA1652	11792	8	0	0	0	1	0	0	0	0	0	0
A	BL	24	134	1	2	BA1652	11795	8	0	0	0	0	0	0	0	1	0	0
A	BL	24	134	1	2	BA1652	11798	8	7	0	0	0	0	0	0	0	0	0
A	BL	24	134	1	2	BA1652	11812	7	8	2	0	1	0	0	0	0	0	0
A	BL	24	134	1	2	BA1652	11820	8	0	0	0	0	0	0	0	1	0	0
A	BL	24	134	1	2	BA1652	11822	8	7	0	0	0	0	0	0	0	0	0
A	BL	24	134	1	2	BA1652	11824	7	8	2	0	1	0	0	0	0	0	0
A	BL	24	134	1	2	BA1652	11834	8	7	0	0	0	0	0	0	0	0	0
A	BL	24	134	1	2	BA1652	11838	7	0	0	0	0	0	0	0	1	0	0
A	BL	24	134	1	2	BA1652	11850	7	8	2	0	1	0	0	0	0	0	0
A	BL	24	134	1	2	BA1652	11854	8	0	0	0	0	0	0	0	1	0	0
A	BL	24	134	1	2	BA1652	11856	8	0	0	0	1	0	0	0	0	0	0
A	BL	24	134	1	2	BA1652	11860	8	7	0	0	0	0	0	0	0	0	0
A	BL	24	134	1	2	BA1652	11862	7	0	0	0	0	0	0	0	1	0	0
A	BL	24	134	1	2	BA1652	11923	7	8	2	0	1	0	0	0	0	0	0
A	BL	24	134	1	2	BA1652	11932	8	0	0	0	0	0	0	0	1	0	0
A	BL	24	134	1	2	BA1652	11933	8	9	0	0	0	0	0	0	0	0	0
A	BL	24	134	1	2	BA1652	11937	9	0	0	0	1	0	0	0	0	0	0
A	BL	24	134	1	2	BA1652	11943	9	10	0	0	0	0	0	0	0	0	0
A	BL	24	134	1	2	BA1652	11946	10	0	0	0	0	0	0	0	1	0	0
A	BL	24	134	1	2	BA1652	12018	10	2	0	0	0	0	0	0	0	0	0
A	BL	24	134	1	2	BA1652	12019	2	6	0	0	0	0	0	0	0	0	0
A	BL	24	134	1	2	BA1652	12556	6	8	2	0	1	0	0	0	0	0	0
A	BL	24	134	1	2	BA1652	12566	8	7	0	0	0	0	0	0	0	0	0
A	BL	24	134	1	2	BA1652	12580	7	0	0	0	0	0	0	0	1	0	0
A	BL	24	134	1	2	BA1652	12587	7	8	2	0	1	0	0	0	0	0	0
A	BL	24	134	1	2	BA1652	12595	8	0	0	0	0	0	0	0	1	0	0
A	BL	24	134	1	2	BA1652	12597	8	7	0	0	0	0	0	0	0	0	0
A	BL	24	134	1	2	BA1652	12598	7	8	2	0	1	0	0	0	0	0	0
A	BL	24	134	1	2	BA1652	12605	8	0	0	0	0	0	0	0	1	0	0
A	BL	24	134	1	2	BA1652	12608	8	7	0	0	0	0	0	0	0	0	0
A	BL	24	134	1	2	BA1652	12613	7	8	2	0	1	0	0	0	0	0	0
A	BL	24	134	1	2	BA1652	12623	8	7	0	0	0	0	0	0	1	0	0
A	BL	24	134	1	2	BA1652	12696	7	8	2	0	1	0	0	0	0	0	0
A	BL	24	134	1	2	BA1652	12705	8	0	0	0	0	0	0	0	1	0	0
A	BL	24	134	1	2	BA1652	12706	8	7	0	0	0	0	0	0	0	0	0
A	BL	24	134	1	2	BA1652	12733	7	8	2	0	1	0	0	0	0	0	0
A	BL	24	134	1	2	BA1652	12739	8	0	0	0	0	0	0	0	1	0	0
A	BL	24	134	1	2	BA1652	12743	8	7	0	0	1	0	0	0	0	0	0
A	BL	24	134	1	2	BA1652	12744	7	0	0	0	0	0	0	0	1	0	0
A	BL	24	134	1	2	BA1652	12764	7	8	2	0	1	0	0	0	0	0	0
A	BL	24	134	1	2	BA1652	12765	8	0	0	0	0	0	0	0	1	0	0
A	BL	24	134	1	2	BA1652	12772	8	0	0	0	1	0	0	0	0	0	0
A	BL	24	134	1	2	BA1652	12774	8	7	0	0	0	0	0	0	0	0	0
A	BL	24	134	1	2	BA1652	12781	7	8	2	0	1	0	0	0	1	0	0
A	BL	24	134	1	2	BA1652	12791	8	7	0	0	0	0	0	0	0	0	0
A	BL	24	134	1	2	BA1652	12792	7	0	0	0	0	0	0	0	1	0	0
A	BL	24	134	1	2	BA1652	12806	7	8	2	0	1	0	0	0	0	0	0
A	BL	24	134	1	2	BA1652	12808	8	0	0	0	0	0	0	0	1	0	0
A	BL	24	134	1	2	BA1652	12814	8	0	0	0	1	0	0	0	0	0	0
A	BL	24	134	1	2	BA1652	12816	8	7	0	0	0	0	0	0	1	0	0
A	BL	24	134	1	2	BA1652	12837	7	8	2	0	1	0	0	0	0	0	0
A	BL	24	134	1	2	BA1652	12847	8	7	0	0	0	0	0	0	0	0	0
A	BL	24	134	1	2	BA1652	12849	7	0	0	0	0	0	0	0	1	0	0
A	BL	24	134	1	2	BA1652	12852	7	8	2	0	1	0	0	0	0	0	0
A	BL	24	134	1	2	BA1652	12859	8	0	0	0	0	0	0	0	1	0	0
A	BL	24	134	1	2	BA1652	12862	8	7	0	0	0	0	0	0	0	0	0
A	BL	24	134	1	2	BA1652	12864	7	8	2	0	1	0	0	0	0	0	0
A	BL	24	134	1	2	BA1652	12874	8	7	0	0	0	0	0	0	0	0	0
A	BL	24	134	1	2	BA1652	12894	7	0	0	0	0	0	0	0	1	0	0
A	BL	24	134	1	2	BA1652	12912	7	8	2	0	1	0	0	0	0	0	0
A	BL	24	134	1	2	BA1652	12922	8	7	0	0	0	0	0	0	0	0	0
A	BL	24	134	1	2	BA1652	12932	7	0	0	0	0	0	0	0	1	0	0
A	BL	24	134	1	2	BA1652	12936	7	8	2	0	1	0	0	0	0	0	0
A	BL	24	134	1	2	BA1652	12940	8	0	0	0	0	0	0	0	1	0	0
A	BL	24	134	1	2	BA1652	12946	8	7	0	0	0	0	0	0	0	0	0
A	BL	24	134	1	2	BA1652	12965	7	8	2	0	1	0	0	0	0	0	0
A	BL	24	134	1	2	BA1652	12975	8	7	0	0	0	0	0	0	1	0	0
A	BL	24	134	1	2	BA1652	13042	7	8	2	0	1	0	0	0	0	0	0
A	BL	24	134	1	2	BA1652	13052	8	7	0	0	0	0	0	0	0	0	0
A	BL	24	134	1	2	BA1652	13059	7	0	0	0	0	0	0	0	1	0	0
A	BL	24	134	1	2	BA1652	13062	7	8	2	0	1	0	0	0	0	0	0
A	BL	24	134	1	2	BA1652	13071	8	0	0	0	0	0	0	0	1	0	0
A	BL	24	134	1	2	BA1652	13072	8	7	0	0	0	0	0	0	0	0	0
A	BL	24	134	1	2	BA1652	13073	7	8	2	0	1	0	0	0	0	0	0
A	BL	24	134	1	2	BA1652	13083	8	7	0	0	0	0	0	0	0	0	0
A	BL	24	134	1	2	BA1652	13096	7	0	0	0	0	0	0	0	1	0	0
A	BL	24	134	1	2	BA1652	13108	7	8	2	0	1	0	0	0	0	0	0
A	BL	24	134	1	2	BA1652	13110	8	0	0	0	1	0	0	0	1	0	0
A	BL	24	134	1	2	BA1652	13115	8	0	0	0	0	0	0	0	1	0	0
A	BL	24	134	1	2	BA1652	13118	8	7	0	0	1	0	0	0	0	0	0
A	BL	24	134	1	2	BA1652	13139	7	0	0	0	0	0	0	0	1	0	0
A	BL	24	134	1	2	BA1652	13144	7	8	2	0	1	0	0	0	0	0	0
A	BL	24	134	1	2	BA1652	13154	8	9	0	0	0	0	0	0	0	0	0
A	BL	24	134	1	2	BA1652	13156	9	0	0	0	0	0	0	0	1	0	0
A	BL	24	134	1	2	BA1652	13164	9	10	0	0	0	0	0	0	0	0	0
A	BL	24	134	1	2	BA1652	13239	10	2	0	0	0	0	0	0	0	0	0
A	BL	24	134	1	2	BA1652	13240	2	3	0	0	0	0	0	0	0	0	0
A	BL	24	134	1	2	BA1652	13535	3	5	1	1	0	0	0	0	0	0	0
A	BL	24	134	1	2	BA1652	13545	5	4	0	0	0	0	0	0	0	0	0
A	BL	24	134	1	2	BA1652	13571	4	0	0	0	0	0	0	1	0	0	0
A	BL	24	134	1	2	BA1652	13580	4	5	1	1	0	0	0	0	0	0	0
A	BL	24	134	1	2	BA1652	13589	5	0	0	0	0	0	0	1	0	0	0
A	BL	24	134	1	2	BA1652	13590	5	4	0	0	0	0	0	0	0	0	0
A	BL	24	134	1	2	BA1652	13622	4	5	1	1	0	0	0	0	0	0	0
A	BL	24	134	1	2	BA1652	13625	5	0	0	0	0	0	0	1	0	0	0
A	BL	24	134	1	2	BA1652	13629	5	0	0	1	0	0	0	0	0	0	0
A	BL	24	134	1	2	BA1652	13631	5	0	0	0	0	0	0	1	0	0	0
A	BL	24	134	1	2	BA1652	13632	5	4	0	0	0	0	0	0	0	0	0
A	BL	24	134	1	2	BA1652	13639	4	5	1	1	0	0	0	0	0	0	0
A	BL	24	134	1	2	BA1652	13649	5	4	0	0	0	0	0	0	0	0	0
A	BL	24	134	1	2	BA1652	13651	4	0	0	0	0	0	0	1	0	0	0
A	BL	24	134	1	2	BA1652	13671	4	5	1	1	0	0	0	0	0	0	0
A	BL	24	134	1	2	BA1652	13677	5	0	0	0	0	0	0	1	0	0	0
A	BL	24	134	1	2	BA1652	13681	5	9	0	0	0	0	0	0	0	0	0
A	BL	24	134	1	2	BA1652	13691	9	10	0	0	0	0	0	0	0	0	0
A	BL	24	134	1	2	BA1652	13766	10	2	0	0	0	0	0	0	0	0	0
A	BL	24	134	1	2	BA1652	13767	2	3	0	0	0	0	0	0	0	0	0
A	BL	24	134	1	2	BA1652	14131	3	5	1	1	0	0	0	0	0	0	0
A	BL	24	134	1	2	BA1652	14141	5	4	0	0	0	0	0	0	0	0	0
A	BL	24	134	1	2	BA1652	14161	4	0	0	0	0	0	0	1	0	0	0
A	BL	24	134	1	2	BA1652	14179	4	5	1	1	0	0	0	0	0	0	0
A	BL	24	134	1	2	BA1652	14186	5	0	0	0	0	0	0	1	0	0	0
A	BL	24	134	1	2	BA1652	14189	5	4	0	0	0	0	0	0	0	0	0
A	BL	24	134	1	2	BA1652	14214	4	5	1	1	0	0	0	0	0	0	0
A	BL	24	134	1	2	BA1652	14219	5	0	0	0	0	0	0	1	0	0	0
A	BL	24	134	1	2	BA1652	14224	5	4	0	0	0	0	0	0	0	0	0
A	BL	24	134	1	2	BA1652	14288	4	5	1	1	0	0	0	0	0	0	0
A	BL	24	134	1	2	BA1652	14293	5	0	0	0	0	0	0	1	0	0	0
A	BL	24	134	1	2	BA1652	14298	5	4	0	0	0	0	0	0	0	0	0
A	BL	24	134	1	2	BA1652	14366	4	5	1	1	0	0	0	0	0	0	0
A	BL	24	134	1	2	BA1652	14376	5	9	0	0	0	0	0	0	0	0	0
A	BL	24	134	1	2	BA1652	14385	9	0	0	0	0	0	0	1	0	0	0
A	BL	24	134	1	2	BA1652	14386	9	10	0	0	0	0	0	0	0	0	0
A	BL	24	134	1	2	BA1652	14461	10	2	0	0	0	0	0	0	0	0	0
A	BL	24	134	1	2	BA1652	14462	2	6	0	0	0	0	0	0	0	0	0
A	BL	24	134	1	2	BA1652	20783	6	0	0	1	0	0	0	0	0	0	0
A	BL	24	134	1	2	BA1652	20816	6	0	0	0	0	0	0	1	0	0	0
A	BL	24	134	1	2	BA1652	20835	6	0	0	1	0	0	0	0	0	0	0
A	BL	24	134	1	2	BA1652	20883	6	0	0	0	0	0	0	1	0	0	0
A	BL	24	134	1	2	BA1652	20993	6	8	2	0	1	0	0	0	0	0	0
A	BL	24	134	1	2	BA1652	21000	8	0	0	0	0	0	0	0	1	0	0
A	BL	24	134	1	2	BA1652	21003	8	7	0	0	0	0	0	0	0	0	0
A	BL	24	134	1	2	BA1652	21043	7	8	2	0	1	0	0	0	0	0	0
A	BL	24	134	1	2	BA1652	21047	8	0	0	0	0	0	0	0	1	0	0
A	BL	24	134	1	2	BA1652	21053	8	7	0	0	0	0	0	0	0	0	0
A	BL	24	134	1	2	BA1652	21137	7	8	2	0	1	0	0	0	0	0	0
A	BL	24	134	1	2	BA1652	21147	8	7	0	0	0	0	0	0	0	0	0
A	BL	24	134	1	2	BA1652	21148	7	0	0	0	0	0	0	0	1	0	0
A	BL	24	134	1	2	BA1652	21153	7	8	2	0	1	0	0	0	0	0	0
A	BL	24	134	1	2	BA1652	21163	8	7	0	0	0	0	0	0	0	0	0
A	BL	24	134	1	2	BA1652	21165	7	0	0	0	0	0	0	0	1	0	0
A	BL	24	134	1	2	BA1652	21174	7	8	2	0	1	0	0	0	0	0	0
A	BL	24	134	1	2	BA1652	21184	8	7	0	0	0	0	0	0	0	0	0
A	BL	24	134	1	2	BA1652	21193	7	0	0	0	0	0	0	0	1	0	0
A	BL	24	134	1	2	BA1652	21201	7	8	2	0	1	0	0	0	0	0	0
A	BL	24	134	1	2	BA1652	21202	8	0	0	0	1	0	0	0	1	0	0
A	BL	24	134	1	2	BA1652	21207	8	0	0	0	0	0	0	0	1	0	0
A	BL	24	134	1	2	BA1652	21208	8	0	0	0	1	0	0	0	0	0	0
A	BL	24	134	1	2	BA1652	21211	8	7	0	0	0	0	0	0	0	0	0
A	BL	24	134	1	2	BA1652	21213	7	0	0	0	0	0	0	0	1	0	0
A	BL	24	134	1	2	BA1652	21216	7	8	2	0	1	0	0	0	0	0	0
A	BL	24	134	1	2	BA1652	21221	8	0	0	0	0	0	0	0	1	0	0
A	BL	24	134	1	2	BA1652	21226	8	7	0	0	0	0	0	0	0	0	0
A	BL	24	134	1	2	BA1652	21229	7	8	2	0	1	0	0	0	0	0	0
A	BL	24	134	1	2	BA1652	21238	8	0	0	0	0	0	0	0	1	0	0
A	BL	24	134	1	2	BA1652	21239	8	7	0	0	0	0	0	0	0	0	0
A	BL	24	134	1	2	BA1652	21244	7	8	2	0	1	0	0	0	0	0	0
A	BL	24	134	1	2	BA1652	21254	8	7	0	0	0	0	0	0	0	0	0
A	BL	24	134	1	2	BA1652	21255	7	0	0	0	0	0	0	0	1	0	0
A	BL	24	134	1	2	BA1652	21278	7	8	2	0	1	0	0	0	0	0	0
A	BL	24	134	1	2	BA1652	21280	8	0	0	0	0	0	0	0	1	0	0
A	BL	24	134	1	2	BA1652	21288	8	7	0	0	0	0	0	0	0	0	0
A	BL	24	134	1	2	BA1652	21358	7	8	2	0	1	0	0	0	0	0	0
A	BL	24	134	1	2	BA1652	21366	8	0	0	0	0	0	0	0	1	0	0
A	BL	24	134	1	2	BA1652	21368	8	7	0	0	0	0	0	0	0	0	0
A	BL	24	134	1	2	BA1652	21370	7	8	2	0	1	0	0	0	0	0	0
A	BL	24	134	1	2	BA1652	21374	8	0	0	0	0	0	0	0	1	0	0
A	BL	24	134	1	2	BA1652	21379	8	0	0	0	1	0	0	0	0	0	0
A	BL	24	134	1	2	BA1652	21380	8	7	0	0	0	0	0	0	0	0	0
A	BL	24	134	1	2	BA1652	21396	7	0	0	0	0	0	0	0	1	0	0
A	BL	24	134	1	2	BA1652	21397	7	8	2	0	1	0	0	0	0	0	0
A	BL	24	134	1	2	BA1652	21398	8	0	0	0	0	0	0	0	1	0	0
A	BL	24	134	1	2	BA1652	21407	8	7	0	0	0	0	0	0	0	0	0
A	BL	24	134	1	2	BA1652	21414	7	8	2	0	1	0	0	0	0	0	0
A	BL	24	134	1	2	BA1652	21422	8	0	0	0	0	0	0	0	1	0	0
A	BL	24	134	1	2	BA1652	21424	8	7	0	0	0	0	0	0	0	0	0
A	BL	24	134	1	2	BA1652	21428	7	8	2	0	1	0	0	0	0	0	0
A	BL	24	134	1	2	BA1652	21431	8	0	0	0	0	0	0	0	1	0	0
A	BL	24	134	1	2	BA1652	21438	8	7	0	0	0	0	0	0	0	0	0
A	BL	24	134	1	2	BA1652	21450	7	8	2	0	1	0	0	0	0	0	0
A	BL	24	134	1	2	BA1652	21454	8	0	0	0	0	0	0	0	1	0	0
A	BL	24	134	1	2	BA1652	21460	8	7	0	0	0	0	0	0	0	0	0
A	BL	24	134	1	2	BA1652	21465	7	8	2	0	1	0	0	0	0	0	0
A	BL	24	134	1	2	BA1652	21470	8	0	0	0	0	0	0	0	1	0	0
A	BL	24	134	1	2	BA1652	21475	8	7	0	0	0	0	0	0	0	0	0
A	BL	24	134	1	2	BA1652	21501	7	8	2	0	1	0	0	0	0	0	0
A	BL	24	134	1	2	BA1652	21511	8	7	0	0	0	0	0	0	0	0	0
A	BL	24	134	1	2	BA1652	21519	7	0	0	0	0	0	0	0	1	0	0
A	BL	24	134	1	2	BA1652	21522	7	8	2	0	1	0	0	0	0	0	0
A	BL	24	134	1	2	BA1652	21532	8	7	0	0	0	0	0	0	0	0	0
A	BL	24	134	1	2	BA1652	21545	7	0	0	0	0	0	0	0	1	0	0
A	BL	24	134	1	2	BA1652	21566	7	8	2	0	1	0	0	0	0	0	0
A	BL	24	134	1	2	BA1652	21576	8	9	0	0	0	0	0	0	0	0	0
A	BL	24	134	1	2	BA1652	21580	9	0	0	0	0	0	0	0	1	0	0
A	BL	24	134	1	2	BA1652	21583	9	0	0	0	1	0	0	0	0	0	0
A	BL	24	134	1	2	BA1652	21586	9	10	0	0	0	0	0	0	0	0	0
A	BL	24	134	1	2	BA1652	21587	10	0	0	0	0	0	0	0	1	0	0
A	BL	24	134	1	2	BA1652	21661	10	2	0	0	0	0	0	0	0	0	0
A	BL	24	134	1	2	BA1652	21662	2	6	0	0	0	0	0	0	0	0	0
A	BL	24	134	1	2	BA1652	22110	6	8	2	0	1	0	0	0	0	0	0
A	BL	24	134	1	2	BA1652	22115	8	0	0	0	0	0	0	0	1	0	0
A	BL	24	134	1	2	BA1652	22120	8	7	0	0	0	0	0	0	0	0	0
A	BL	24	134	1	2	BA1652	22205	7	8	2	0	1	0	0	0	0	0	0
A	BL	24	134	1	2	BA1652	22207	8	0	0	0	0	0	0	0	1	0	0
A	BL	24	134	1	2	BA1652	22215	8	7	0	0	0	0	0	0	0	0	0
A	BL	24	134	1	2	BA1652	22216	7	8	2	0	1	0	0	0	0	0	0
A	BL	24	134	1	2	BA1652	22226	8	7	0	0	0	0	0	0	0	0	0
A	BL	24	134	1	2	BA1652	22227	7	0	0	0	0	0	0	0	1	0	0
A	BL	24	134	1	2	BA1652	22241	7	8	2	0	1	0	0	0	0	0	0
A	BL	24	134	1	2	BA1652	22249	8	0	0	0	0	0	0	0	1	0	0
A	BL	24	134	1	2	BA1652	22251	8	7	0	0	0	0	0	0	0	0	0
A	BL	24	134	1	2	BA1652	22296	7	8	2	0	1	0	0	0	0	0	0
A	BL	24	134	1	2	BA1652	22302	8	0	0	0	0	0	0	0	1	0	0
A	BL	24	134	1	2	BA1652	22306	8	7	0	0	0	0	0	0	0	0	0
A	BL	24	134	1	2	BA1652	22346	7	8	2	0	1	0	0	0	0	0	0
A	BL	24	134	1	2	BA1652	22356	8	7	0	0	0	0	0	0	0	0	0
A	BL	24	134	1	2	BA1652	22384	7	0	0	0	0	0	0	0	1	0	0
A	BL	24	134	1	2	BA1652	22391	7	8	2	0	1	0	0	0	0	0	0
A	BL	24	134	1	2	BA1652	22397	8	0	0	0	0	0	0	0	1	0	0
A	BL	24	134	1	2	BA1652	22401	8	7	0	0	0	0	0	0	0	0	0
A	BL	24	134	1	2	BA1652	22415	7	8	2	0	1	0	0	0	0	0	0
A	BL	24	134	1	2	BA1652	22425	8	7	0	0	0	0	0	0	0	0	0
A	BL	24	134	1	2	BA1652	22432	7	0	0	0	0	0	0	0	1	0	0
A	BL	24	134	1	2	BA1652	22455	7	8	2	0	1	0	0	0	0	0	0
A	BL	24	134	1	2	BA1652	22460	8	0	0	0	0	0	0	0	1	0	0
A	BL	24	134	1	2	BA1652	22465	8	7	0	0	0	0	0	0	0	0	0
A	BL	24	134	1	2	BA1652	22492	7	8	2	0	1	0	0	0	0	0	0
A	BL	24	134	1	2	BA1652	22497	8	0	0	0	0	0	0	0	1	0	0
A	BL	24	134	1	2	BA1652	22502	8	7	0	0	0	0	0	0	0	0	0
A	BL	24	134	1	2	BA1652	22511	7	8	2	0	1	0	0	0	0	0	0
A	BL	24	134	1	2	BA1652	22514	8	0	0	0	0	0	0	0	1	0	0
A	BL	24	134	1	2	BA1652	22521	8	7	0	0	0	0	0	0	0	0	0
A	BL	24	134	1	2	BA1652	22523	7	8	2	0	1	0	0	0	0	0	0
A	BL	24	134	1	2	BA1652	22533	8	7	0	0	0	0	0	0	0	0	0
A	BL	24	134	1	2	BA1652	22535	7	0	0	0	0	0	0	0	1	0	0
A	BL	24	134	1	2	BA1652	22540	7	8	2	0	1	0	0	0	0	0	0
A	BL	24	134	1	2	BA1652	22550	8	7	0	0	0	0	0	0	0	0	0
A	BL	24	134	1	2	BA1652	22626	7	0	0	0	0	0	0	0	1	0	0
A	BL	24	134	1	2	BA1652	22687	7	8	2	0	1	0	0	0	0	0	0
A	BL	24	134	1	2	BA1652	22697	8	7	0	0	0	0	0	0	0	0	0
A	BL	24	134	1	2	BA1652	22701	7	0	0	0	0	0	0	0	1	0	0
A	BL	24	134	1	2	BA1652	22704	7	8	2	0	1	0	0	0	0	0	0
A	BL	24	134	1	2	BA1652	22712	8	0	0	0	0	0	0	0	1	0	0
A	BL	24	134	1	2	BA1652	22714	8	7	0	0	1	0	0	0	0	0	0
A	BL	24	134	1	2	BA1652	22732	7	0	0	0	0	0	0	0	1	0	0
A	BL	24	134	1	2	BA1652	22753	7	8	2	0	1	0	0	0	0	0	0
A	BL	24	134	1	2	BA1652	22755	8	0	0	0	0	0	0	0	1	0	0
A	BL	24	134	1	2	BA1652	22757	8	0	0	0	1	0	0	0	0	0	0
A	BL	24	134	1	2	BA1652	22763	8	7	0	0	0	0	0	0	0	0	0
A	BL	24	134	1	2	BA1652	22780	7	0	0	0	0	0	0	0	1	0	0
A	BL	24	134	1	2	BA1652	22782	7	8	2	0	1	0	0	0	0	0	0
A	BL	24	134	1	2	BA1652	22792	8	7	0	0	0	0	0	0	0	0	0
A	BL	24	134	1	2	BA1652	22793	7	0	0	0	0	0	0	0	1	0	0
A	BL	24	134	1	2	BA1652	22830	7	8	2	0	1	0	0	0	0	0	0
A	BL	24	134	1	2	BA1652	22840	8	7	0	0	0	0	0	0	0	0	0
A	BL	24	134	1	2	BA1652	22847	7	0	0	0	0	0	0	0	1	0	0
A	BL	24	134	1	2	BA1652	22870	7	8	2	0	1	0	0	0	0	0	0
A	BL	24	134	1	2	BA1652	22874	8	0	0	0	0	0	0	0	1	0	0
A	BL	24	134	1	2	BA1652	22880	8	7	0	0	0	0	0	0	0	0	0
A	BL	24	134	1	2	BA1652	22943	7	8	2	0	1	0	0	0	0	0	0
A	BL	24	134	1	2	BA1652	22953	8	9	0	0	0	0	0	0	1	0	0
A	BL	24	134	1	2	BA1652	22954	9	0	0	0	1	0	0	0	0	0	0
A	BL	24	134	1	2	BA1652	22963	9	10	0	0	0	0	0	0	0	0	0
A	BL	24	134	1	2	BA1652	22965	10	0	0	0	0	0	0	0	1	0	0
A	BL	24	134	1	2	BA1652	23038	10	2	0	0	0	0	0	0	0	0	0
A	BL	24	134	1	2	BA1652	23039	2	6	0	0	0	0	0	0	0	0	0
A	BL	24	134	1	2	BA1652	23596	6	8	2	0	1	0	0	0	0	0	0
A	BL	24	134	1	2	BA1652	23606	8	7	0	0	0	0	0	0	0	0	0
A	BL	24	134	1	2	BA1652	23635	7	0	0	0	0	0	0	0	1	0	0
A	BL	24	134	1	2	BA1652	23638	7	8	2	0	1	0	0	0	0	0	0
A	BL	24	134	1	2	BA1652	23648	8	7	0	0	0	0	0	0	0	0	0
A	BL	24	134	1	2	BA1652	23668	7	0	0	0	0	0	0	0	1	0	0
A	BL	24	134	1	2	BA1652	23954	7	8	2	0	1	0	0	0	0	0	0
A	BL	24	134	1	2	BA1652	23964	8	7	0	0	0	0	0	0	0	0	0
A	BL	24	134	1	2	BA1652	23966	7	0	0	0	0	0	0	0	1	0	0
A	BL	24	134	1	2	BA1652	23974	7	8	2	0	1	0	0	0	0	0	0
A	BL	24	134	1	2	BA1652	23976	8	0	0	0	0	0	0	0	1	0	0
A	BL	24	134	1	2	BA1652	23984	8	7	0	0	0	0	0	0	0	0	0
A	BL	24	134	1	2	BA1652	24023	7	8	2	0	1	0	0	0	0	0	0
A	BL	24	134	1	2	BA1652	24030	8	0	0	0	0	0	0	0	1	0	0
A	BL	24	134	1	2	BA1652	24033	8	7	0	0	0	0	0	0	0	0	0
A	BL	24	134	1	2	BA1652	24063	7	8	2	0	1	0	0	0	0	0	0
A	BL	24	134	1	2	BA1652	24073	8	7	0	0	0	0	0	0	0	0	0
A	BL	24	134	1	2	BA1652	24078	7	0	0	0	0	0	0	0	1	0	0
A	BL	24	134	1	2	BA1652	24079	7	8	2	0	1	0	0	0	0	0	0
A	BL	24	134	1	2	BA1652	24089	8	7	0	0	0	0	0	0	0	0	0
A	BL	24	134	1	2	BA1652	24097	7	0	0	0	0	0	0	0	1	0	0
A	BL	24	134	1	2	BA1652	24152	7	8	2	0	1	0	0	0	0	0	0
A	BL	24	134	1	2	BA1652	24162	8	7	0	0	0	0	0	0	1	0	0
A	BL	24	134	1	2	BA1652	24166	7	8	2	0	1	0	0	0	0	0	0
A	BL	24	134	1	2	BA1652	24169	8	0	0	0	0	0	0	0	1	0	0
A	BL	24	134	1	2	BA1652	24176	8	7	0	0	0	0	0	0	0	0	0
A	BL	24	134	1	2	BA1652	24178	7	8	2	0	1	0	0	0	0	0	0
A	BL	24	134	1	2	BA1652	24184	8	0	0	0	0	0	0	0	1	0	0
A	BL	24	134	1	2	BA1652	24188	8	7	0	0	0	0	0	0	0	0	0
A	BL	24	134	1	2	BA1652	24189	7	8	2	0	1	0	0	0	0	0	0
A	BL	24	134	1	2	BA1652	24194	8	0	0	0	0	0	0	0	1	0	0
A	BL	24	134	1	2	BA1652	24199	8	7	0	0	0	0	0	0	0	0	0
A	BL	24	134	1	2	BA1652	24237	7	8	2	0	1	0	0	0	0	0	0
A	BL	24	134	1	2	BA1652	24243	8	0	0	0	0	0	0	0	1	0	0
A	BL	24	134	1	2	BA1652	24246	8	0	0	0	1	0	0	0	0	0	0
A	BL	24	134	1	2	BA1652	24247	8	7	0	0	0	0	0	0	0	0	0
A	BL	24	134	1	2	BA1652	24254	7	0	0	0	0	0	0	0	1	0	0
A	BL	24	134	1	2	BA1652	24262	7	8	2	0	1	0	0	0	0	0	0
A	BL	24	134	1	2	BA1652	24267	8	0	0	0	0	0	0	0	1	0	0
A	BL	24	134	1	2	BA1652	24272	8	7	0	0	0	0	0	0	0	0	0
A	BL	24	134	1	2	BA1652	24274	7	8	2	0	1	0	0	0	0	0	0
A	BL	24	134	1	2	BA1652	24284	8	7	0	0	0	0	0	0	0	0	0
A	BL	24	134	1	2	BA1652	24317	7	0	0	0	0	0	0	0	1	0	0
A	BL	24	134	1	2	BA1652	24324	7	8	2	0	1	0	0	0	0	0	0
A	BL	24	134	1	2	BA1652	24330	8	0	0	0	0	0	0	0	1	0	0
A	BL	24	134	1	2	BA1652	24333	8	0	0	0	1	0	0	0	0	0	0
A	BL	24	134	1	2	BA1652	24334	8	7	0	0	0	0	0	0	0	0	0
A	BL	24	134	1	2	BA1652	24368	7	0	0	0	0	0	0	0	1	0	0
A	BL	24	134	1	2	BA1652	24433	7	8	2	0	1	0	0	0	0	0	0
A	BL	24	134	1	2	BA1652	24439	8	0	0	0	0	0	0	0	1	0	0
A	BL	24	134	1	2	BA1652	24442	8	0	0	0	1	0	0	0	0	0	0
A	BL	24	134	1	2	BA1652	24443	8	7	0	0	0	0	0	0	0	0	0
A	BL	24	134	1	2	BA1652	24502	7	0	0	0	0	0	0	0	1	0	0
A	BL	24	134	1	2	BA1652	24527	7	8	2	0	1	0	0	0	0	0	0
A	BL	24	134	1	2	BA1652	24537	8	7	0	0	0	0	0	0	0	0	0
A	BL	24	134	1	2	BA1652	24575	7	0	0	0	0	0	0	0	1	0	0
A	BL	24	134	1	2	BA1652	24578	7	8	2	0	1	0	0	0	0	0	0
A	BL	24	134	1	2	BA1652	24588	8	7	0	0	0	0	0	0	1	0	0
A	BL	24	134	1	2	BA1652	24603	7	8	2	0	1	0	0	0	0	0	0
A	BL	24	134	1	2	BA1652	24605	8	0	0	0	0	0	0	0	1	0	0
A	BL	24	134	1	2	BA1652	24610	8	0	0	0	1	0	0	0	0	0	0
A	BL	24	134	1	2	BA1652	24611	8	0	0	0	0	0	0	0	1	0	0
A	BL	24	134	1	2	BA1652	24613	8	7	0	0	0	0	0	0	0	0	0
A	BL	24	134	1	2	BA1652	24699	7	8	2	0	1	0	0	0	0	0	0
A	BL	24	134	1	2	BA1652	24705	8	0	0	0	0	0	0	0	1	0	0
A	BL	24	134	1	2	BA1652	24708	8	0	0	0	1	0	0	0	0	0	0
A	BL	24	134	1	2	BA1652	24709	8	9	0	0	0	0	0	0	0	0	0
A	BL	24	134	1	2	BA1652	24718	9	0	0	0	0	0	0	0	1	0	0
A	BL	24	134	1	2	BA1652	24719	9	10	0	0	0	0	0	0	0	0	0
A	BL	24	134	1	2	BA1652	24794	10	2	0	0	0	0	0	0	0	0	0
A	BL	24	134	1	2	BA1652	24795	2	3	0	0	0	0	0	0	0	0	0
A	BL	24	134	1	2	BA1652	25052	3	5	1	1	0	0	0	0	0	0	0
A	BL	24	134	1	2	BA1652	25062	5	4	0	0	0	0	0	0	0	0	0
A	BL	24	134	1	2	BA1652	25068	4	0	0	0	0	0	0	1	0	0	0
A	BL	24	134	1	2	BA1652	25074	4	5	1	1	0	0	0	0	0	0	0
A	BL	24	134	1	2	BA1652	25084	5	4	0	0	0	0	0	0	0	0	0
A	BL	24	134	1	2	BA1652	25114	4	0	0	0	0	0	0	1	0	0	0
A	BL	24	134	1	2	BA1652	25119	4	5	1	1	0	0	0	0	0	0	0
A	BL	24	134	1	2	BA1652	25129	5	4	0	0	0	0	0	0	0	0	0
A	BL	24	134	1	2	BA1652	25153	4	0	0	0	0	0	0	1	0	0	0
A	BL	24	134	1	2	BA1652	25154	4	5	1	1	0	0	0	0	0	0	0
A	BL	24	134	1	2	BA1652	25164	5	4	0	0	0	0	0	0	0	0	0
A	BL	24	134	1	2	BA1652	25235	4	0	0	0	0	0	0	1	0	0	0
A	BL	24	134	1	2	BA1652	25237	4	5	1	1	0	0	0	0	0	0	0
A	BL	24	134	1	2	BA1652	25241	5	0	0	0	0	0	0	1	0	0	0
A	BL	24	134	1	2	BA1652	25242	5	0	0	1	0	0	0	0	0	0	0
A	BL	24	134	1	2	BA1652	25247	5	9	0	0	0	0	0	0	0	0	0
A	BL	24	134	1	2	BA1652	25252	9	0	0	0	0	0	0	1	0	0	0
A	BL	24	134	1	2	BA1652	25257	9	10	0	0	0	0	0	0	0	0	0
A	BL	24	134	1	2	BA1652	25332	10	2	0	0	0	0	0	0	0	0	0
A	BL	24	134	1	2	BA1652	25333	2	6	0	0	0	0	0	0	0	0	0
A	BL	24	134	1	2	BA1652	26387	6	8	2	0	1	0	0	0	0	0	0
A	BL	24	134	1	2	BA1652	26395	8	0	0	0	0	0	0	0	1	0	0
A	BL	24	134	1	2	BA1652	26397	8	7	0	0	0	0	0	0	0	0	0
A	BL	24	134	1	2	BA1652	26470	7	8	2	0	1	0	0	0	0	0	0
A	BL	24	134	1	2	BA1652	26480	8	7	0	0	0	0	0	0	0	0	0
A	BL	24	134	1	2	BA1652	26486	7	0	0	0	0	0	0	0	1	0	0
A	BL	24	134	1	2	BA1652	26498	7	8	2	0	1	0	0	0	0	0	0
A	BL	24	134	1	2	BA1652	26507	8	0	0	0	0	0	0	0	1	0	0
A	BL	24	134	1	2	BA1652	26508	8	7	0	0	0	0	0	0	0	0	0
A	BL	24	134	1	2	BA1652	26604	7	8	2	0	1	0	0	0	0	0	0
A	BL	24	134	1	2	BA1652	26605	8	0	0	0	0	0	0	0	1	0	0
A	BL	24	134	1	2	BA1652	26614	8	7	0	0	0	0	0	0	0	0	0
A	BL	24	134	1	2	BA1652	26656	7	8	2	0	1	0	0	0	0	0	0
A	BL	24	134	1	2	BA1652	26659	8	0	0	0	0	0	0	0	1	0	0
A	BL	24	134	1	2	BA1652	26664	8	0	0	0	1	0	0	0	0	0	0
A	BL	24	134	1	2	BA1652	26666	8	7	0	0	0	0	0	0	0	0	0
A	BL	24	134	1	2	BA1652	26675	7	0	0	0	0	0	0	0	1	0	0
A	BL	24	134	1	2	BA1652	26678	7	8	2	0	1	0	0	0	0	0	0
A	BL	24	134	1	2	BA1652	26683	8	0	0	0	0	0	0	0	1	0	0
A	BL	24	134	1	2	BA1652	26688	8	7	0	0	0	0	0	0	0	0	0
A	BL	24	134	1	2	BA1652	26694	7	8	2	0	1	0	0	0	0	0	0
A	BL	24	134	1	2	BA1652	26699	8	0	0	0	0	0	0	0	1	0	0
A	BL	24	134	1	2	BA1652	26704	8	7	0	0	0	0	0	0	0	0	0
A	BL	24	134	1	2	BA1652	26759	7	8	2	0	1	0	0	0	0	0	0
A	BL	24	134	1	2	BA1652	26769	8	7	0	0	0	0	0	0	0	0	0
A	BL	24	134	1	2	BA1652	26771	7	0	0	0	0	0	0	0	1	0	0
A	BL	24	134	1	2	BA1652	26843	7	8	2	0	1	0	0	0	0	0	0
A	BL	24	134	1	2	BA1652	26853	8	7	0	0	0	0	0	0	0	0	0
A	BL	24	134	1	2	BA1652	26875	7	0	0	0	0	0	0	0	1	0	0
A	BL	24	134	1	2	BA1652	26880	7	8	2	0	1	0	0	0	0	0	0
A	BL	24	134	1	2	BA1652	26890	8	7	0	0	0	0	0	0	0	0	0
A	BL	24	134	1	2	BA1652	26910	7	0	0	0	0	0	0	0	1	0	0
A	BL	24	134	1	2	BA1652	26935	7	8	2	0	1	0	0	0	0	0	0
A	BL	24	134	1	2	BA1652	26939	8	0	0	0	0	0	0	0	1	0	0
A	BL	24	134	1	2	BA1652	26944	8	0	0	0	1	0	0	0	0	0	0
A	BL	24	134	1	2	BA1652	26945	8	7	0	0	0	0	0	0	0	0	0
A	BL	24	134	1	2	BA1652	26957	7	0	0	0	0	0	0	0	1	0	0
A	BL	24	134	1	2	BA1652	27018	7	8	2	0	1	0	0	0	0	0	0
A	BL	24	134	1	2	BA1652	27021	8	0	0	0	0	0	0	0	1	0	0
A	BL	24	134	1	2	BA1652	27028	8	7	0	0	0	0	0	0	0	0	0
A	BL	24	134	1	2	BA1652	27048	7	8	2	0	1	0	0	0	0	0	0
A	BL	24	134	1	2	BA1652	27058	8	7	0	0	0	0	0	0	0	0	0
A	BL	24	134	1	2	BA1652	27066	7	0	0	0	0	0	0	0	1	0	0
A	BL	24	134	1	2	BA1652	27067	7	8	2	0	1	0	0	0	0	0	0
A	BL	24	134	1	2	BA1652	27077	8	7	0	0	0	0	0	0	0	0	0
A	BL	24	134	1	2	BA1652	27082	7	0	0	0	0	0	0	0	1	0	0
A	BL	24	134	1	2	BA1652	27087	7	8	2	0	1	0	0	0	0	0	0
A	BL	24	134	1	2	BA1652	27093	8	0	0	0	0	0	0	0	1	0	0
A	BL	24	134	1	2	BA1652	27096	8	0	0	0	1	0	0	0	0	0	0
A	BL	24	134	1	2	BA1652	27097	8	7	0	0	0	0	0	0	0	0	0
A	BL	24	134	1	2	BA1652	27112	7	0	0	0	0	0	0	0	1	0	0
A	BL	24	134	1	2	BA1652	27116	7	8	2	0	1	0	0	0	0	0	0
A	BL	24	134	1	2	BA1652	27125	8	0	0	0	0	0	0	0	1	0	0
A	BL	24	134	1	2	BA1652	27126	8	7	0	0	1	0	0	0	0	0	0
A	BL	24	134	1	2	BA1652	27148	7	0	0	0	0	0	0	0	1	0	0
A	BL	24	134	1	2	BA1652	27224	7	8	2	0	1	0	0	0	0	0	0
A	BL	24	134	1	2	BA1652	27230	8	0	0	0	0	0	0	0	1	0	0
A	BL	24	134	1	2	BA1652	27234	8	7	0	0	1	0	0	0	0	0	0
A	BL	24	134	1	2	BA1652	27242	7	0	0	0	0	0	0	0	1	0	0
A	BL	24	134	1	2	BA1652	27244	7	8	2	0	1	0	0	0	0	0	0
A	BL	24	134	1	2	BA1652	27254	8	7	0	0	0	0	0	0	0	0	0
A	BL	24	134	1	2	BA1652	27265	7	0	0	0	0	0	0	0	1	0	0
A	BL	24	134	1	2	BA1652	27282	7	8	2	0	1	0	0	0	0	0	0
A	BL	24	134	1	2	BA1652	27292	8	7	0	0	0	0	0	0	0	0	0
A	BL	24	134	1	2	BA1652	27315	7	0	0	0	0	0	0	0	1	0	0
A	BL	24	134	1	2	BA1652	27316	7	8	2	0	1	0	0	0	0	0	0
A	BL	24	134	1	2	BA1652	27323	8	0	0	0	0	0	0	0	1	0	0
A	BL	24	134	1	2	BA1652	27326	8	9	0	0	0	0	0	0	0	0	0
A	BL	24	134	1	2	BA1652	27328	9	0	0	0	1	0	0	0	0	0	0
A	BL	24	134	1	2	BA1652	27336	9	10	0	0	1	0	0	0	1	0	0
A	BL	24	134	1	2	BA1652	27338	10	0	0	0	0	0	0	0	1	0	0
A	BL	24	134	1	2	BA1652	27411	10	2	0	0	0	0	0	0	0	0	0
A	BL	24	134	1	2	BA1652	27412	2	3	0	0	0	0	0	0	0	0	0
A	BL	24	134	1	2	BA1652	27756	3	5	1	1	0	0	0	0	0	0	0
A	BL	24	134	1	2	BA1652	27766	5	4	0	0	0	0	0	0	0	0	0
A	BL	24	134	1	2	BA1652	27778	4	0	0	0	0	0	0	1	0	0	0
A	BL	24	134	1	2	BA1652	27795	4	5	1	1	0	0	0	0	0	0	0
A	BL	24	134	1	2	BA1652	27802	5	0	0	0	0	0	0	1	0	0	0
A	BL	24	134	1	2	BA1652	27805	5	4	0	0	0	0	0	0	0	0	0
A	BL	24	134	1	2	BA1652	27812	4	5	1	1	0	0	0	0	0	0	0
A	BL	24	134	1	2	BA1652	27815	5	0	0	0	0	0	0	1	0	0	0
A	BL	24	134	1	2	BA1652	27822	5	4	0	0	0	0	0	0	0	0	0
A	BL	24	134	1	2	BA1652	27910	4	5	1	1	0	0	0	0	0	0	0
A	BL	24	134	1	2	BA1652	27920	5	4	0	0	0	0	0	0	0	0	0
A	BL	24	134	1	2	BA1652	27935	4	0	0	0	0	0	0	1	0	0	0
A	BL	24	134	1	2	BA1652	27955	4	5	1	1	0	0	0	0	0	0	0
A	BL	24	134	1	2	BA1652	27965	5	9	0	0	0	0	0	0	0	0	0
A	BL	24	134	1	2	BA1652	27971	9	0	0	0	0	0	0	1	0	0	0
A	BL	24	134	1	2	BA1652	27975	9	10	0	0	0	0	0	0	0	0	0
A	BL	24	134	1	2	BA1652	28050	10	2	0	0	0	0	0	0	0	0	0
A	BL	24	134	1	2	BA1652	28051	2	3	0	0	0	0	0	0	0	0	0
A	BL	24	134	1	2	BA1652	28509	3	5	1	1	0	0	0	0	0	0	0
A	BL	24	134	1	2	BA1652	28519	5	4	0	0	0	0	0	0	0	0	0
A	BL	24	134	1	2	BA1652	28527	4	0	0	0	0	0	0	1	0	0	0
A	BL	24	134	1	2	BA1652	28573	4	5	1	1	0	0	0	0	0	0	0
A	BL	24	134	1	2	BA1652	28578	5	0	0	0	0	0	0	1	0	0	0
A	BL	24	134	1	2	BA1652	28581	5	0	0	1	0	0	0	0	0	0	0
A	BL	24	134	1	2	BA1652	28583	5	4	0	0	0	0	0	0	0	0	0
A	BL	24	134	1	2	BA1652	28589	4	0	0	0	0	0	0	1	0	0	0
A	BL	24	134	1	2	BA1652	28606	4	5	1	1	0	0	0	0	0	0	0
A	BL	24	134	1	2	BA1652	28616	5	4	0	0	0	0	0	0	0	0	0
A	BL	24	134	1	2	BA1652	28618	4	0	0	0	0	0	0	1	0	0	0
A	BL	24	134	1	2	BA1652	28621	4	5	1	1	0	0	0	0	0	0	0
A	BL	24	134	1	2	BA1652	28624	5	0	0	0	0	0	0	1	0	0	0
A	BL	24	134	1	2	BA1652	28627	5	0	0	1	0	0	0	0	0	0	0
A	BL	24	134	1	2	BA1652	28631	5	4	0	0	0	0	0	1	0	0	0
A	BL	24	134	1	2	BA1652	28644	4	5	1	1	0	0	0	0	0	0	0
A	BL	24	134	1	2	BA1652	28654	5	9	0	0	0	0	0	0	0	0	0
A	BL	24	134	1	2	BA1652	28660	9	0	0	0	0	0	0	1	0	0	0
A	BL	24	134	1	2	BA1652	28664	9	10	0	0	0	0	0	0	0	0	0
A	BL	24	134	1	2	BA1652	28739	10	2	0	0	0	0	0	0	0	0	0
A	BL	24	134	1	2	BA1652	28740	2	3	0	0	0	0	0	0	0	0	0
A	BL	24	134	1	2	BA1652	29163	3	5	1	1	0	0	0	0	0	0	0
A	BL	24	134	1	2	BA1652	29173	5	4	0	0	0	0	0	0	0	0	0
A	BL	24	134	1	2	BA1652	29190	4	0	0	0	0	0	0	1	0	0	0
A	BL	24	134	1	2	BA1652	29203	4	5	1	1	0	0	0	0	0	0	0
A	BL	24	134	1	2	BA1652	29211	5	0	0	0	0	0	0	1	0	0	0
A	BL	24	134	1	2	BA1652	29213	5	4	0	0	0	0	0	0	0	0	0
A	BL	24	134	1	2	BA1652	29338	4	5	1	1	0	0	0	0	0	0	0
A	BL	24	134	1	2	BA1652	29344	5	0	0	0	0	0	0	1	0	0	0
A	BL	24	134	1	2	BA1652	29348	5	4	0	0	0	0	0	0	0	0	0
A	BL	24	134	1	2	BA1652	29409	4	5	1	1	0	0	0	0	0	0	0
A	BL	24	134	1	2	BA1652	29415	5	0	0	0	0	0	0	1	0	0	0
A	BL	24	134	1	2	BA1652	29419	5	4	0	0	0	0	0	0	0	0	0
A	BL	24	134	1	2	BA1652	29444	4	5	1	1	0	0	0	0	0	0	0
A	BL	24	134	1	2	BA1652	29446	5	0	0	0	0	0	0	1	0	0	0
A	BL	24	134	1	2	BA1652	29449	5	0	0	1	0	0	0	0	0	0	0
A	BL	24	134	1	2	BA1652	29454	5	9	0	0	0	0	0	0	0	0	0
A	BL	24	134	1	2	BA1652	29458	9	0	0	0	0	0	0	1	0	0	0
A	BL	24	134	1	2	BA1652	29464	9	10	0	0	0	0	0	0	0	0	0
A	BL	24	134	1	2	BA1652	29539	10	2	0	0	0	0	0	0	0	0	0
A	BL	24	134	1	2	BA1652	29540	2	6	0	0	0	0	0	0	0	0	0
A	BL	24	134	1	2	BA1652	38127	6	8	2	0	1	0	0	0	0	0	0
A	BL	24	134	1	2	BA1652	38137	8	7	0	0	0	0	0	0	0	0	0
A	BL	24	134	1	2	BA1652	38142	7	0	0	0	0	0	0	0	1	0	0
A	BL	24	134	1	2	BA1652	38233	7	8	2	0	1	0	0	0	0	0	0
A	BL	24	134	1	2	BA1652	38240	8	0	0	0	0	0	0	0	1	0	0
A	BL	24	134	1	2	BA1652	38243	8	7	0	0	0	0	0	0	0	0	0
A	BL	24	134	1	2	BA1652	38259	7	8	2	0	1	0	0	0	0	0	0
A	BL	24	134	1	2	BA1652	38269	8	7	0	0	0	0	0	0	0	0	0
A	BL	24	134	1	2	BA1652	38270	7	0	0	0	0	0	0	0	1	0	0
A	BL	24	134	1	2	BA1652	38276	7	8	2	0	1	0	0	0	0	0	0
A	BL	24	134	1	2	BA1652	38280	8	0	0	0	0	0	0	0	1	0	0
A	BL	24	134	1	2	BA1652	38286	8	7	0	0	1	0	0	0	0	0	0
A	BL	24	134	1	2	BA1652	38294	7	0	0	0	0	0	0	0	1	0	0
A	BL	24	134	1	2	BA1652	38296	7	8	2	0	1	0	0	0	0	0	0
A	BL	24	134	1	2	BA1652	38306	8	7	0	0	0	0	0	0	1	0	0
A	BL	24	134	1	2	BA1652	38310	7	8	2	0	1	0	0	0	0	0	0
A	BL	24	134	1	2	BA1652	38320	8	7	0	0	0	0	0	0	0	0	0
A	BL	24	134	1	2	BA1652	38324	7	0	0	0	0	0	0	0	1	0	0
A	BL	24	134	1	2	BA1652	38331	7	8	2	0	1	0	0	0	0	0	0
A	BL	24	134	1	2	BA1652	38341	8	7	0	0	0	0	0	0	0	0	0
A	BL	24	134	1	2	BA1652	38344	7	0	0	0	0	0	0	0	1	0	0
A	BL	24	134	1	2	BA1652	38438	7	8	2	0	1	0	0	0	0	0	0
A	BL	24	134	1	2	BA1652	38442	8	0	0	0	0	0	0	0	1	0	0
A	BL	24	134	1	2	BA1652	38448	8	7	0	0	0	0	0	0	0	0	0
A	BL	24	134	1	2	BA1652	38458	7	8	2	0	1	0	0	0	0	0	0
A	BL	24	134	1	2	BA1652	38468	8	7	0	0	0	0	0	0	0	0	0
A	BL	24	134	1	2	BA1652	38473	7	0	0	0	0	0	0	0	1	0	0
A	BL	24	134	1	2	BA1652	38478	7	8	2	0	1	0	0	0	0	0	0
A	BL	24	134	1	2	BA1652	38484	8	0	0	0	0	0	0	0	1	0	0
A	BL	24	134	1	2	BA1652	38488	8	7	0	0	0	0	0	0	0	0	0
A	BL	24	134	1	2	BA1652	38489	7	8	2	0	1	0	0	0	0	0	0
A	BL	24	134	1	2	BA1652	38497	8	0	0	0	0	0	0	0	1	0	0
A	BL	24	134	1	2	BA1652	38499	8	7	0	0	0	0	0	0	0	0	0
A	BL	24	134	1	2	BA1652	38503	7	8	2	0	1	0	0	0	0	0	0
A	BL	24	134	1	2	BA1652	38507	8	0	0	0	0	0	0	0	1	0	0
A	BL	24	134	1	2	BA1652	38513	8	7	0	0	0	0	0	0	0	0	0
A	BL	24	134	1	2	BA1652	38523	7	8	2	0	1	0	0	0	0	0	0
A	BL	24	134	1	2	BA1652	38525	8	0	0	0	0	0	0	0	1	0	0
A	BL	24	134	1	2	BA1652	38533	8	7	0	0	0	0	0	0	0	0	0
A	BL	24	134	1	2	BA1652	38559	7	8	2	0	1	0	0	0	0	0	0
A	BL	24	134	1	2	BA1652	38569	8	7	0	0	0	0	0	0	0	0	0
A	BL	24	134	1	2	BA1652	38573	7	0	0	0	0	0	0	0	1	0	0
A	BL	24	134	1	2	BA1652	38654	7	8	2	0	1	0	0	0	0	0	0
A	BL	24	134	1	2	BA1652	38664	8	7	0	0	0	0	0	0	0	0	0
A	BL	24	134	1	2	BA1652	38694	7	0	0	0	0	0	0	0	1	0	0
A	BL	24	134	1	2	BA1652	38699	7	8	2	0	1	0	0	0	0	0	0
A	BL	24	134	1	2	BA1652	38707	8	0	0	0	0	0	0	0	1	0	0
A	BL	24	134	1	2	BA1652	38709	8	7	0	0	0	0	0	0	0	0	0
A	BL	24	134	1	2	BA1652	38916	7	8	2	0	1	0	0	0	0	0	0
A	BL	24	134	1	2	BA1652	38924	8	0	0	0	0	0	0	0	1	0	0
A	BL	24	134	1	2	BA1652	38926	8	7	0	0	0	0	0	0	0	0	0
A	BL	24	134	1	2	BA1652	38936	7	8	2	0	1	0	0	0	0	0	0
A	BL	24	134	1	2	BA1652	38945	8	0	0	0	0	0	0	0	1	0	0
A	BL	24	134	1	2	BA1652	38946	8	7	0	0	0	0	0	0	0	0	0
A	BL	24	134	1	2	BA1652	38947	7	8	2	0	1	0	0	0	0	0	0
A	BL	24	134	1	2	BA1652	38948	8	0	0	0	0	0	0	0	1	0	0
A	BL	24	134	1	2	BA1652	38957	8	7	0	0	0	0	0	0	0	0	0
A	BL	24	134	1	2	BA1652	38977	7	8	2	0	1	0	0	0	0	0	0
A	BL	24	134	1	2	BA1652	38987	8	9	0	0	0	0	0	0	0	0	0
A	BL	24	134	1	2	BA1652	38990	9	0	0	0	0	0	0	0	1	0	0
A	BL	24	134	1	2	BA1652	38997	9	10	0	0	0	0	0	0	0	0	0
A	BL	24	134	1	2	BA1652	39072	10	2	0	0	0	0	0	0	0	0	0
A	BL	24	134	1	2	BA1652	39073	2	6	0	0	0	0	0	0	0	0	0
A	BL	24	134	1	2	BA1652	39815	6	8	2	0	1	0	0	0	0	0	0
A	BL	24	134	1	2	BA1652	39820	8	0	0	0	0	0	0	0	1	0	0
A	BL	24	134	1	2	BA1652	39825	8	7	0	0	0	0	0	0	0	0	0
A	BL	24	134	1	2	BA1652	39879	7	8	2	0	1	0	0	0	0	0	0
A	BL	24	134	1	2	BA1652	39889	8	7	0	0	0	0	0	0	0	0	0
A	BL	24	134	1	2	BA1652	39899	7	0	0	0	0	0	0	0	1	0	0
A	BL	24	134	1	2	BA1652	40086	7	8	2	0	1	0	0	0	0	0	0
A	BL	24	134	1	2	BA1652	40094	8	0	0	0	0	0	0	0	1	0	0
A	BL	24	134	1	2	BA1652	40096	8	7	0	0	0	0	0	0	0	0	0
A	BL	24	134	1	2	BA1652	40103	7	8	2	0	1	0	0	0	0	0	0
A	BL	24	134	1	2	BA1652	40113	8	7	0	0	0	0	0	0	1	0	0
A	BL	24	134	1	2	BA1652	40119	7	8	2	0	1	0	0	0	0	0	0
A	BL	24	134	1	2	BA1652	40129	8	7	0	0	0	0	0	0	0	0	0
A	BL	24	134	1	2	BA1652	40130	7	0	0	0	0	0	0	0	1	0	0
A	BL	24	134	1	2	BA1652	40149	7	8	2	0	1	0	0	0	0	0	0
A	BL	24	134	1	2	BA1652	40153	8	0	0	0	0	0	0	0	1	0	0
A	BL	24	134	1	2	BA1652	40158	8	0	0	0	1	0	0	0	0	0	0
A	BL	24	134	1	2	BA1652	40159	8	7	0	0	0	0	0	0	0	0	0
A	BL	24	134	1	2	BA1652	40171	7	0	0	0	0	0	0	0	1	0	0
A	BL	24	134	1	2	BA1652	40195	7	8	2	0	1	0	0	0	0	0	0
A	BL	24	134	1	2	BA1652	40198	8	0	0	0	0	0	0	0	1	0	0
A	BL	24	134	1	2	BA1652	40205	8	7	0	0	0	0	0	0	0	0	0
A	BL	24	134	1	2	BA1652	40295	7	8	2	0	1	0	0	0	1	0	0
A	BL	24	134	1	2	BA1652	40305	8	7	0	0	0	0	0	0	0	0	0
A	BL	24	134	1	2	BA1652	40318	7	8	2	0	1	0	0	0	0	0	0
A	BL	24	134	1	2	BA1652	40328	8	7	0	0	0	0	0	0	1	0	0
A	BL	24	134	1	2	BA1652	40333	7	8	2	0	1	0	0	0	0	0	0
A	BL	24	134	1	2	BA1652	40341	8	0	0	0	0	0	0	0	1	0	0
A	BL	24	134	1	2	BA1652	40343	8	7	0	0	0	0	0	0	0	0	0
A	BL	24	134	1	2	BA1652	40378	7	8	2	0	1	0	0	0	0	0	0
A	BL	24	134	1	2	BA1652	40387	8	0	0	0	0	0	0	0	1	0	0
A	BL	24	134	1	2	BA1652	40388	8	7	0	0	0	0	0	0	0	0	0
A	BL	24	134	1	2	BA1652	40466	7	8	2	0	1	0	0	0	0	0	0
A	BL	24	134	1	2	BA1652	40476	8	7	0	0	1	0	0	0	1	0	0
A	BL	24	134	1	2	BA1652	40479	7	0	0	0	0	0	0	0	1	0	0
A	BL	24	134	1	2	BA1652	40514	7	8	2	0	1	0	0	0	0	0	0
A	BL	24	134	1	2	BA1652	40524	8	7	0	0	0	0	0	0	0	0	0
A	BL	24	134	1	2	BA1652	40531	7	0	0	0	0	0	0	0	1	0	0
A	BL	24	134	1	2	BA1652	40547	7	8	2	0	1	0	0	0	0	0	0
A	BL	24	134	1	2	BA1652	40557	8	7	0	0	0	0	0	0	0	0	0
A	BL	24	134	1	2	BA1652	40560	7	0	0	0	0	0	0	0	1	0	0
A	BL	24	134	1	2	BA1652	40563	7	8	2	0	1	0	0	0	0	0	0
A	BL	24	134	1	2	BA1652	40565	8	0	0	0	0	0	0	0	1	0	0
A	BL	24	134	1	2	BA1652	40573	8	7	0	0	0	0	0	0	0	0	0
A	BL	24	134	1	2	BA1652	40600	7	8	2	0	1	0	0	0	0	0	0
A	BL	24	134	1	2	BA1652	40610	8	7	0	0	0	0	0	0	0	0	0
A	BL	24	134	1	2	BA1652	40618	7	0	0	0	0	0	0	0	1	0	0
A	BL	24	134	1	2	BA1652	40632	7	8	2	0	1	0	0	0	0	0	0
A	BL	24	134	1	2	BA1652	40636	8	0	0	0	0	0	0	0	1	0	0
A	BL	24	134	1	2	BA1652	40642	8	7	0	0	0	0	0	0	0	0	0
A	BL	24	134	1	2	BA1652	40661	7	8	2	0	1	0	0	0	0	0	0
A	BL	24	134	1	2	BA1652	40666	8	0	0	0	0	0	0	0	1	0	0
A	BL	24	134	1	2	BA1652	40667	8	0	0	0	1	0	0	0	0	0	0
A	BL	24	134	1	2	BA1652	40671	8	7	0	0	0	0	0	0	0	0	0
A	BL	24	134	1	2	BA1652	40699	7	0	0	0	0	0	0	0	1	0	0
A	BL	24	134	1	2	BA1652	40700	7	8	2	0	1	0	0	0	0	0	0
A	BL	24	134	1	2	BA1652	40710	8	7	0	0	0	0	0	0	0	0	0
A	BL	24	134	1	2	BA1652	40723	7	0	0	0	0	0	0	0	1	0	0
A	BL	24	134	1	2	BA1652	40768	7	8	2	0	1	0	0	0	0	0	0
A	BL	24	134	1	2	BA1652	40778	8	9	0	0	0	0	0	0	0	0	0
A	BL	24	134	1	2	BA1652	40787	9	0	0	0	0	0	0	0	1	0	0
A	BL	24	134	1	2	BA1652	40788	9	10	0	0	0	0	0	0	0	0	0
A	BL	24	134	1	2	BA1652	40863	10	2	0	0	0	0	0	0	0	0	0
A	BL	24	134	1	2	BA1652	40864	2	6	0	0	0	0	0	0	0	0	0
A	BL	24	134	1	2	BA1652	41794	6	8	2	0	1	0	0	0	0	0	0
A	BL	24	134	1	2	BA1652	41804	8	7	0	0	0	0	0	0	0	0	0
A	BL	24	134	1	2	BA1652	41806	7	0	0	0	0	0	0	0	1	0	0
A	BL	24	134	1	2	BA1652	41995	7	8	2	0	1	0	0	0	0	0	0
A	BL	24	134	1	2	BA1652	42005	8	7	0	0	0	0	0	0	0	0	0
A	BL	24	134	1	2	BA1652	42077	7	0	0	0	0	0	0	0	1	0	0
A	BL	24	134	1	2	BA1652	42152	7	8	2	0	1	0	0	0	0	0	0
A	BL	24	134	1	2	BA1652	42157	8	0	0	0	0	0	0	0	1	0	0
A	BL	24	134	1	2	BA1652	42162	8	7	0	0	0	0	0	0	0	0	0
A	BL	24	134	1	2	BA1652	42178	7	8	2	0	1	0	0	0	0	0	0
A	BL	24	134	1	2	BA1652	42188	8	7	0	0	0	0	0	0	0	0	0
A	BL	24	134	1	2	BA1652	42194	7	0	0	0	0	0	0	0	1	0	0
A	BL	24	134	1	2	BA1652	42200	7	8	2	0	1	0	0	0	0	0	0
A	BL	24	134	1	2	BA1652	42207	8	0	0	0	0	0	0	0	1	0	0
A	BL	24	134	1	2	BA1652	42210	8	7	0	0	0	0	0	0	0	0	0
A	BL	24	134	1	2	BA1652	42213	7	8	2	0	1	0	0	0	0	0	0
A	BL	24	134	1	2	BA1652	42219	8	0	0	0	0	0	0	0	1	0	0
A	BL	24	134	1	2	BA1652	42223	8	7	0	0	0	0	0	0	0	0	0
A	BL	24	134	1	2	BA1652	42373	7	8	2	0	1	0	0	0	0	0	0
A	BL	24	134	1	2	BA1652	42380	8	0	0	0	0	0	0	0	1	0	0
A	BL	24	134	1	2	BA1652	42383	8	7	0	0	0	0	0	0	0	0	0
A	BL	24	134	1	2	BA1652	42386	7	8	2	0	1	0	0	0	0	0	0
A	BL	24	134	1	2	BA1652	42396	8	7	0	0	0	0	0	0	0	0	0
A	BL	24	134	1	2	BA1652	42398	7	0	0	0	0	0	0	0	1	0	0
A	BL	24	134	1	2	BA1652	42403	7	8	2	0	1	0	0	0	0	0	0
A	BL	24	134	1	2	BA1652	42413	8	7	0	0	0	0	0	0	0	0	0
A	BL	24	134	1	2	BA1652	42417	7	0	0	0	0	0	0	0	1	0	0
A	BL	24	134	1	2	BA1652	42432	7	8	2	0	1	0	0	0	0	0	0
A	BL	24	134	1	2	BA1652	42441	8	0	0	0	0	0	0	0	1	0	0
A	BL	24	134	1	2	BA1652	42442	8	7	0	0	1	0	0	0	0	0	0
A	BL	24	134	1	2	BA1652	42451	7	0	0	0	0	0	0	0	1	0	0
A	BL	24	134	1	2	BA1652	42455	7	8	2	0	1	0	0	0	0	0	0
A	BL	24	134	1	2	BA1652	42462	8	0	0	0	0	0	0	0	1	0	0
A	BL	24	134	1	2	BA1652	42465	8	7	0	0	0	0	0	0	0	0	0
A	BL	24	134	1	2	BA1652	42488	7	8	2	0	1	0	0	0	0	0	0
A	BL	24	134	1	2	BA1652	42498	8	7	0	0	0	0	0	0	0	0	0
A	BL	24	134	1	2	BA1652	42517	7	0	0	0	0	0	0	0	1	0	0
A	BL	24	134	1	2	BA1652	42521	7	8	2	0	1	0	0	0	0	0	0
A	BL	24	134	1	2	BA1652	42531	8	7	0	0	0	0	0	0	0	0	0
A	BL	24	134	1	2	BA1652	42534	7	0	0	0	0	0	0	0	1	0	0
A	BL	24	134	1	2	BA1652	42539	7	8	2	0	1	0	0	0	0	0	0
A	BL	24	134	1	2	BA1652	42549	8	7	0	0	0	0	0	0	0	0	0
A	BL	24	134	1	2	BA1652	42567	7	0	0	0	0	0	0	0	1	0	0
A	BL	24	134	1	2	BA1652	42568	7	8	2	0	1	0	0	0	0	0	0
A	BL	24	134	1	2	BA1652	42569	8	0	0	0	0	0	0	0	1	0	0
A	BL	24	134	1	2	BA1652	42578	8	7	0	0	0	0	0	0	0	0	0
A	BL	24	134	1	2	BA1652	42580	7	8	2	0	1	0	0	0	0	0	0
A	BL	24	134	1	2	BA1652	42590	8	7	0	0	0	0	0	0	0	0	0
A	BL	24	134	1	2	BA1652	42603	7	0	0	0	0	0	0	0	1	0	0
A	BL	24	134	1	2	BA1652	42604	7	8	2	0	1	0	0	0	0	0	0
A	BL	24	134	1	2	BA1652	42614	8	7	0	0	0	0	0	0	0	0	0
A	BL	24	134	1	2	BA1652	42617	7	0	0	0	0	0	0	0	1	0	0
A	BL	24	134	1	2	BA1652	42688	7	8	2	0	1	0	0	0	0	0	0
A	BL	24	134	1	2	BA1652	42698	8	7	0	0	0	0	0	0	0	0	0
A	BL	24	134	1	2	BA1652	42788	7	0	0	0	0	0	0	0	1	0	0
A	BL	24	134	1	2	BA1652	42803	7	8	2	0	1	0	0	0	0	0	0
A	BL	24	134	1	2	BA1652	42813	8	7	0	0	0	0	0	0	0	0	0
A	BL	24	134	1	2	BA1652	42830	7	0	0	0	0	0	0	0	1	0	0
A	BL	24	134	1	2	BA1652	42856	7	8	2	0	1	0	0	0	1	0	0
A	BL	24	134	1	2	BA1652	42866	8	9	0	0	0	0	0	0	0	0	0
A	BL	24	134	1	2	BA1652	42871	9	0	0	0	1	0	0	0	0	0	0
A	BL	24	134	1	2	BA1652	42874	9	0	0	0	0	0	0	0	1	0	0
A	BL	24	134	1	2	BA1652	42876	9	10	0	0	0	0	0	0	0	0	0
A	BL	24	134	1	2	BA1652	42951	10	2	0	0	0	0	0	0	0	0	0
A	BL	24	134	1	2	BA1652	42952	2	3	0	0	0	0	0	0	0	0	0
A	BL	24	134	1	2	BA1652	43409	3	5	1	1	0	0	0	0	0	0	0
A	BL	24	134	1	2	BA1652	43419	5	4	0	0	0	0	0	0	0	0	0
A	BL	24	134	1	2	BA1652	43466	4	0	0	0	0	0	0	1	0	0	0
A	BL	24	134	1	2	BA1652	43469	4	5	1	1	0	0	0	0	0	0	0
A	BL	24	134	1	2	BA1652	43471	5	0	0	0	0	0	0	1	0	0	0
A	BL	24	134	1	2	BA1652	43472	5	0	0	1	0	0	0	0	0	0	0
A	BL	24	134	1	2	BA1652	43479	5	4	0	0	0	0	0	0	0	0	0
A	BL	24	134	1	2	BA1652	43555	4	0	0	0	0	0	0	1	0	0	0
A	BL	24	134	1	2	BA1652	43560	4	5	1	1	0	0	0	0	0	0	0
A	BL	24	134	1	2	BA1652	43570	5	4	0	0	0	0	0	0	0	0	0
A	BL	24	134	1	2	BA1652	43652	4	0	0	0	0	0	0	1	0	0	0
A	BL	24	134	1	2	BA1652	43657	4	5	1	1	0	0	0	0	0	0	0
A	BL	24	134	1	2	BA1652	43667	5	4	0	0	0	0	0	0	0	0	0
A	BL	24	134	1	2	BA1652	43677	4	0	0	0	0	0	0	1	0	0	0
A	BL	24	134	1	2	BA1652	43679	4	5	1	1	0	0	0	0	0	0	0
A	BL	24	134	1	2	BA1652	43689	5	9	0	0	0	0	0	0	0	0	0
A	BL	24	134	1	2	BA1652	43694	9	0	0	0	0	0	0	1	0	0	0
A	BL	24	134	1	2	BA1652	43699	9	10	0	0	0	0	0	0	0	0	0
A	BL	24	134	1	2	BA1652	43774	10	2	0	0	0	0	0	0	0	0	0
A	BL	24	134	1	2	BA1652	43775	2	3	0	0	0	0	0	0	0	0	0
A	BL	24	134	1	2	BA1652	44233	3	5	1	1	0	0	0	0	0	0	0
A	BL	24	134	1	2	BA1652	44243	5	4	0	0	0	0	0	0	0	0	0
A	BL	24	134	1	2	BA1652	44250	4	0	0	0	0	0	0	1	0	0	0
A	BL	24	134	1	2	BA1652	44256	4	5	1	1	0	0	0	0	0	0	0
A	BL	24	134	1	2	BA1652	44266	5	4	0	0	0	0	0	0	0	0	0
A	BL	24	134	1	2	BA1652	44273	4	0	0	0	0	0	0	1	0	0	0
A	BL	24	134	1	2	BA1652	44283	4	5	1	1	0	0	0	0	0	0	0
A	BL	24	134	1	2	BA1652	44292	5	0	0	0	0	0	0	1	0	0	0
A	BL	24	134	1	2	BA1652	44293	5	4	0	0	0	0	0	0	0	0	0
A	BL	24	134	1	2	BA1652	44355	4	5	1	1	0	0	0	0	0	0	0
A	BL	24	134	1	2	BA1652	44365	5	4	0	0	0	0	0	1	0	0	0
A	BL	24	134	1	2	BA1652	44425	4	5	1	1	0	0	0	0	0	0	0
A	BL	24	134	1	2	BA1652	44429	5	0	0	0	0	0	0	1	0	0	0
A	BL	24	134	1	2	BA1652	44435	5	9	0	0	0	0	0	0	0	0	0
A	BL	24	134	1	2	BA1652	44445	9	10	0	0	0	0	0	0	0	0	0
A	BL	24	134	1	2	BA1652	44451	10	0	0	1	0	0	0	0	0	0	0
A	BL	24	134	1	2	BA1652	44455	10	0	0	0	0	0	0	1	0	0	0
A	BL	24	134	1	2	BA1652	44520	10	2	0	0	0	0	0	0	0	0	0
A	BL	24	134	1	2	BA1652	44521	2	3	0	0	0	0	0	0	0	0	0
A	BL	24	134	1	2	BA1652	45003	3	5	1	1	0	0	0	0	0	0	0
A	BL	24	134	1	2	BA1652	45013	5	4	0	0	0	0	0	0	0	0	0
A	BL	24	134	1	2	BA1652	45030	4	0	0	0	0	0	0	1	0	0	0
A	BL	24	134	1	2	BA1652	45035	4	5	1	1	0	0	0	0	0	0	0
A	BL	24	134	1	2	BA1652	45045	5	4	0	0	0	0	0	0	0	0	0
A	BL	24	134	1	2	BA1652	45050	4	0	0	0	0	0	0	1	0	0	0
A	BL	24	134	1	2	BA1652	45193	4	5	1	1	0	0	0	0	0	0	0
A	BL	24	134	1	2	BA1652	45196	5	0	0	0	0	0	0	1	0	0	0
A	BL	24	134	1	2	BA1652	45203	5	4	0	1	0	0	0	0	0	0	0
A	BL	24	134	1	2	BA1652	45248	4	0	0	0	0	0	0	1	0	0	0
A	BL	24	134	1	2	BA1652	45253	4	5	1	1	0	0	0	0	0	0	0
A	BL	24	134	1	2	BA1652	45260	5	0	0	0	0	0	0	1	0	0	0
A	BL	24	134	1	2	BA1652	45263	5	4	0	0	0	0	0	0	0	0	0
A	BL	24	134	1	2	BA1652	45269	4	5	1	1	0	0	0	0	0	0	0
A	BL	24	134	1	2	BA1652	45279	5	9	0	0	0	0	0	1	0	0	0
A	BL	24	134	1	2	BA1652	45280	9	0	0	1	0	0	0	0	0	0	0
A	BL	24	134	1	2	BA1652	45289	9	10	0	0	0	0	0	0	0	0	0
A	BL	24	134	1	2	BA1652	45294	10	0	0	0	0	0	0	1	0	0	0
A	BL	24	134	1	2	BA1652	45364	10	2	0	0	0	0	0	0	0	0	0
A	BL	24	134	1	2	BA1652	45365	2	6	0	0	0	0	0	0	0	0	0
A	BL	24	134	1	2	BA1652	48645	6	8	2	0	1	0	0	0	0	0	0
A	BL	24	134	1	2	BA1652	48655	8	7	0	0	0	0	0	0	1	0	0
A	BL	24	134	1	2	BA1652	48778	7	8	2	0	1	0	0	0	0	0	0
A	BL	24	134	1	2	BA1652	48788	8	7	0	0	0	0	0	0	0	0	0
A	BL	24	134	1	2	BA1652	48797	7	0	0	0	0	0	0	0	1	0	0
A	BL	24	134	1	2	BA1652	48880	7	8	2	0	1	0	0	0	0	0	0
A	BL	24	134	1	2	BA1652	48884	8	0	0	0	0	0	0	0	1	0	0
A	BL	24	134	1	2	BA1652	48890	8	7	0	0	0	0	0	0	0	0	0
A	BL	24	134	1	2	BA1652	48937	7	8	2	0	1	0	0	0	0	0	0
A	BL	24	134	1	2	BA1652	48940	8	0	0	0	0	0	0	0	1	0	0
A	BL	24	134	1	2	BA1652	48947	8	7	0	0	0	0	0	0	0	0	0
A	BL	24	134	1	2	BA1652	48950	7	8	2	0	1	0	0	0	0	0	0
A	BL	24	134	1	2	BA1652	48960	8	7	0	0	0	0	0	0	0	0	0
A	BL	24	134	1	2	BA1652	48985	7	0	0	0	0	0	0	0	1	0	0
A	BL	24	134	1	2	BA1652	48986	7	8	2	0	1	0	0	0	0	0	0
A	BL	24	134	1	2	BA1652	48993	8	0	0	0	0	0	0	0	1	0	0
A	BL	24	134	1	2	BA1652	48996	8	7	0	0	0	0	0	0	0	0	0
A	BL	24	134	1	2	BA1652	48999	7	8	2	0	1	0	0	0	0	0	0
A	BL	24	134	1	2	BA1652	49009	8	7	0	0	0	0	0	0	0	0	0
A	BL	24	134	1	2	BA1652	49023	7	0	0	0	0	0	0	0	1	0	0
A	BL	24	134	1	2	BA1652	49107	7	8	2	0	1	0	0	0	0	0	0
A	BL	24	134	1	2	BA1652	49117	8	7	0	0	0	0	0	0	0	0	0
A	BL	24	134	1	2	BA1652	49149	7	0	0	0	0	0	0	0	1	0	0
A	BL	24	134	1	2	BA1652	49168	7	8	2	0	1	0	0	0	0	0	0
A	BL	24	134	1	2	BA1652	49178	8	7	0	0	0	0	0	0	0	0	0
A	BL	24	134	1	2	BA1652	49180	7	0	0	0	0	0	0	0	1	0	0
A	BL	24	134	1	2	BA1652	49186	7	8	2	0	1	0	0	0	0	0	0
A	BL	24	134	1	2	BA1652	49194	8	0	0	0	0	0	0	0	1	0	0
A	BL	24	134	1	2	BA1652	49196	8	7	0	0	1	0	0	0	0	0	0
A	BL	24	134	1	2	BA1652	49202	7	0	0	0	0	0	0	0	1	0	0
A	BL	24	134	1	2	BA1652	49208	7	8	2	0	1	0	0	0	0	0	0
A	BL	24	134	1	2	BA1652	49215	8	0	0	0	0	0	0	0	1	0	0
A	BL	24	134	1	2	BA1652	49218	8	7	0	0	0	0	0	0	0	0	0
A	BL	24	134	1	2	BA1652	49221	7	8	2	0	1	0	0	0	0	0	0
A	BL	24	134	1	2	BA1652	49231	8	7	0	0	0	0	0	0	0	0	0
A	BL	24	134	1	2	BA1652	49238	7	0	0	0	0	0	0	0	1	0	0
A	BL	24	134	1	2	BA1652	49338	7	8	2	0	1	0	0	0	0	0	0
A	BL	24	134	1	2	BA1652	49348	8	7	0	0	0	0	0	0	0	0	0
A	BL	24	134	1	2	BA1652	49358	7	0	0	0	0	0	0	0	1	0	0
A	BL	24	134	1	2	BA1652	49404	7	8	2	0	1	0	0	0	0	0	0
A	BL	24	134	1	2	BA1652	49414	8	7	0	0	0	0	0	0	0	0	0
A	BL	24	134	1	2	BA1652	49417	7	0	0	0	0	0	0	0	1	0	0
A	BL	24	134	1	2	BA1652	49430	7	8	2	0	1	0	0	0	0	0	0
A	BL	24	134	1	2	BA1652	49434	8	0	0	0	0	0	0	0	1	0	0
A	BL	24	134	1	2	BA1652	49440	8	7	0	0	0	0	0	0	0	0	0
A	BL	24	134	1	2	BA1652	49441	7	8	2	0	1	0	0	0	0	0	0
A	BL	24	134	1	2	BA1652	49451	8	7	0	0	0	0	0	0	0	0	0
A	BL	24	134	1	2	BA1652	49456	7	0	0	0	0	0	0	0	1	0	0
A	BL	24	134	1	2	BA1652	49498	7	8	2	0	1	0	0	0	0	0	0
A	BL	24	134	1	2	BA1652	49508	8	7	0	0	0	0	0	0	0	0	0
A	BL	24	134	1	2	BA1652	49540	7	0	0	0	0	0	0	0	1	0	0
A	BL	24	134	1	2	BA1652	49544	7	8	2	0	1	0	0	0	0	0	0
A	BL	24	134	1	2	BA1652	49554	8	7	0	0	0	0	0	0	0	0	0
A	BL	24	134	1	2	BA1652	49568	7	0	0	0	0	0	0	0	1	0	0
A	BL	24	134	1	2	BA1652	49574	7	8	2	0	1	0	0	0	0	0	0
A	BL	24	134	1	2	BA1652	49584	8	7	0	0	0	0	0	0	0	0	0
A	BL	24	134	1	2	BA1652	49597	7	0	0	0	0	0	0	0	1	0	0
A	BL	24	134	1	2	BA1652	49689	7	8	2	0	1	0	0	0	0	0	0
A	BL	24	134	1	2	BA1652	49698	8	0	0	0	0	0	0	0	1	0	0
A	BL	24	134	1	2	BA1652	49699	8	9	0	0	0	0	0	0	0	0	0
A	BL	24	134	1	2	BA1652	49700	9	0	0	0	1	0	0	0	0	0	0
A	BL	24	134	1	2	BA1652	49709	9	10	0	0	0	0	0	0	0	0	0
A	BL	24	134	1	2	BA1652	49710	10	0	0	0	0	0	0	0	1	0	0
A	BL	24	134	1	2	BA1652	49784	10	2	0	0	0	0	0	0	0	0	0
A	BL	24	134	1	2	BA1652	49785	2	6	0	0	0	0	0	0	0	0	0
A	BL	24	134	1	2	BA1652	50407	6	8	2	0	1	0	0	0	0	0	0
A	BL	24	134	1	2	BA1652	50417	8	7	0	0	0	0	0	0	0	0	0
A	BL	24	134	1	2	BA1652	50420	7	0	0	0	0	0	0	0	1	0	0
A	BL	24	134	1	2	BA1652	50424	7	8	2	0	1	0	0	0	0	0	0
A	BL	24	134	1	2	BA1652	50434	8	7	0	0	0	0	0	0	0	0	0
A	BL	24	134	1	2	BA1652	50439	7	0	0	0	0	0	0	0	1	0	0
A	BL	24	134	1	2	BA1652	50670	7	8	2	0	1	0	0	0	0	0	0
A	BL	24	134	1	2	BA1652	50680	8	7	0	0	0	0	0	0	0	0	0
A	BL	24	134	1	2	BA1652	50702	7	0	0	0	0	0	0	0	1	0	0
A	BL	24	134	1	2	BA1652	50783	7	8	2	0	1	0	0	0	0	0	0
A	BL	24	134	1	2	BA1652	50784	8	0	0	0	0	0	0	0	1	0	0
A	BL	24	134	1	2	BA1652	50793	8	7	0	0	0	0	0	0	0	0	0
A	BL	24	134	1	2	BA1652	50801	7	8	2	0	1	0	0	0	0	0	0
A	BL	24	134	1	2	BA1652	50811	8	7	0	0	0	0	0	0	0	0	0
A	BL	24	134	1	2	BA1652	50814	7	0	0	0	0	0	0	0	1	0	0
A	BL	24	134	1	2	BA1652	50830	7	8	2	0	1	0	0	0	0	0	0
A	BL	24	134	1	2	BA1652	50840	8	7	0	0	0	0	0	0	0	0	0
A	BL	24	134	1	2	BA1652	50865	7	0	0	0	0	0	0	0	1	0	0
A	BL	24	134	1	2	BA1652	50929	7	8	2	0	1	0	0	0	0	0	0
A	BL	24	134	1	2	BA1652	50939	8	7	0	0	0	0	0	0	0	0	0
A	BL	24	134	1	2	BA1652	50951	7	0	0	0	0	0	0	0	1	0	0
A	BL	24	134	1	2	BA1652	50984	7	8	2	0	1	0	0	0	0	0	0
A	BL	24	134	1	2	BA1652	50994	8	7	0	0	0	0	0	0	0	0	0
A	BL	24	134	1	2	BA1652	51003	7	0	0	0	0	0	0	0	1	0	0
A	BL	24	134	1	2	BA1652	51008	7	8	2	0	1	0	0	0	0	0	0
A	BL	24	134	1	2	BA1652	51018	8	7	0	0	0	0	0	0	0	0	0
A	BL	24	134	1	2	BA1652	51023	7	0	0	0	0	0	0	0	1	0	0
A	BL	24	134	1	2	BA1652	51030	7	8	2	0	1	0	0	0	0	0	0
A	BL	24	134	1	2	BA1652	51040	8	7	0	0	0	0	0	0	0	0	0
A	BL	24	134	1	2	BA1652	51104	7	0	0	0	0	0	0	0	1	0	0
A	BL	24	134	1	2	BA1652	51167	7	8	2	0	1	0	0	0	0	0	0
A	BL	24	134	1	2	BA1652	51175	8	0	0	0	0	0	0	0	1	0	0
A	BL	24	134	1	2	BA1652	51176	8	0	0	0	1	0	0	0	0	0	0
A	BL	24	134	1	2	BA1652	51177	8	7	0	0	0	0	0	0	0	0	0
A	BL	24	134	1	2	BA1652	51190	7	0	0	0	0	0	0	0	1	0	0
A	BL	24	134	1	2	BA1652	51195	7	8	2	0	1	0	0	0	0	0	0
A	BL	24	134	1	2	BA1652	51205	8	7	0	0	0	0	0	0	0	0	0
A	BL	24	134	1	2	BA1652	51238	7	0	0	0	0	0	0	0	1	0	0
A	BL	24	134	1	2	BA1652	51257	7	8	2	0	1	0	0	0	0	0	0
A	BL	24	134	1	2	BA1652	51267	8	7	0	0	0	0	0	0	0	0	0
A	BL	24	134	1	2	BA1652	51279	7	0	0	0	0	0	0	0	1	0	0
A	BL	24	134	1	2	BA1652	51351	7	8	2	0	1	0	0	0	0	0	0
A	BL	24	134	1	2	BA1652	51356	8	0	0	0	0	0	0	0	1	0	0
A	BL	24	134	1	2	BA1652	51361	8	7	0	0	0	0	0	0	0	0	0
A	BL	24	134	1	2	BA1652	51387	7	8	2	0	1	0	0	0	0	0	0
A	BL	24	134	1	2	BA1652	51397	8	7	0	0	0	0	0	0	0	0	0
A	BL	24	134	1	2	BA1652	51405	7	0	0	0	0	0	0	0	1	0	0
A	BL	24	134	1	2	BA1652	51407	7	8	2	0	1	0	0	0	0	0	0
A	BL	24	134	1	2	BA1652	51417	8	7	0	0	0	0	0	0	0	0	0
A	BL	24	134	1	2	BA1652	51419	7	0	0	0	0	0	0	0	1	0	0
A	BL	24	134	1	2	BA1652	51421	7	8	2	0	1	0	0	0	0	0	0
A	BL	24	134	1	2	BA1652	51431	8	7	0	0	0	0	0	0	0	0	0
A	BL	24	134	1	2	BA1652	51450	7	0	0	0	0	0	0	0	1	0	0
A	BL	24	134	1	2	BA1652	51453	7	8	2	0	1	0	0	0	0	0	0
A	BL	24	134	1	2	BA1652	51458	8	0	0	0	0	0	0	0	1	0	0
A	BL	24	134	1	2	BA1652	51459	8	0	0	0	1	0	0	0	0	0	0
A	BL	24	134	1	2	BA1652	51462	8	0	0	0	0	0	0	0	1	0	0
A	BL	24	134	1	2	BA1652	51463	8	7	0	0	0	0	0	0	0	0	0
A	BL	24	134	1	2	BA1652	51465	7	8	2	0	1	0	0	0	0	0	0
A	BL	24	134	1	2	BA1652	51475	8	7	0	0	0	0	0	0	0	0	0
A	BL	24	134	1	2	BA1652	51497	7	0	0	0	0	0	0	0	1	0	0
A	BL	24	134	1	2	BA1652	51585	7	8	2	0	1	0	0	0	0	0	0
A	BL	24	134	1	2	BA1652	51595	8	9	0	0	0	0	0	0	0	0	0
A	BL	24	134	1	2	BA1652	51598	9	0	0	0	0	0	0	0	1	0	0
A	BL	24	134	1	2	BA1652	51603	9	0	0	0	1	0	0	0	0	0	0
A	BL	24	134	1	2	BA1652	51604	9	0	0	0	0	0	0	0	1	0	0
A	BL	24	134	1	2	BA1652	51605	9	10	0	0	0	0	0	0	0	0	0
A	BL	24	134	1	2	BA1652	51680	10	2	0	0	0	0	0	0	0	0	0
A	BL	24	134	1	2	BA1652	51681	2	3	0	0	0	0	0	0	0	0	0
A	BL	24	134	1	2	BA1652	51991	3	5	1	1	0	0	0	0	0	0	0
A	BL	24	134	1	2	BA1652	52001	5	4	0	0	0	0	0	0	0	0	0
A	BL	24	134	1	2	BA1652	52030	4	0	0	0	0	0	0	1	0	0	0
A	BL	24	134	1	2	BA1652	52039	4	5	1	1	0	0	0	0	0	0	0
A	BL	24	134	1	2	BA1652	52046	5	0	0	0	0	0	0	1	0	0	0
A	BL	24	134	1	2	BA1652	52048	5	0	0	1	0	0	0	0	0	0	0
A	BL	24	134	1	2	BA1652	52049	5	4	0	0	0	0	0	0	0	0	0
A	BL	24	134	1	2	BA1652	52058	4	0	0	0	0	0	0	1	0	0	0
A	BL	24	134	1	2	BA1652	52076	4	5	1	1	0	0	0	0	0	0	0
A	BL	24	134	1	2	BA1652	52086	5	4	0	0	0	0	0	0	0	0	0
A	BL	24	134	1	2	BA1652	52102	4	0	0	0	0	0	0	1	0	0	0
A	BL	24	134	1	2	BA1652	52105	4	5	1	1	0	0	0	0	0	0	0
A	BL	24	134	1	2	BA1652	52115	5	4	0	0	0	0	0	0	0	0	0
A	BL	24	134	1	2	BA1652	52119	4	0	0	0	0	0	0	1	0	0	0
A	BL	24	134	1	2	BA1652	52127	4	5	1	1	0	0	0	0	0	0	0
A	BL	24	134	1	2	BA1652	52137	5	9	0	0	0	0	0	0	0	0	0
A	BL	24	134	1	2	BA1652	52146	9	0	0	0	0	0	0	1	0	0	0
A	BL	24	134	1	2	BA1652	52147	9	10	0	0	0	0	0	0	0	0	0
A	BL	24	134	1	2	BA1652	52222	10	2	0	0	0	0	0	0	0	0	0
A	BL	24	134	1	2	BA1652	52223	2	6	0	0	0	0	0	0	0	0	0
A	BL	24	134	1	2	BA1652	53933	6	8	2	0	1	0	0	0	0	0	0
A	BL	24	134	1	2	BA1652	53943	8	7	0	0	0	0	0	0	0	0	0
A	BL	24	134	1	2	BA1652	53979	7	0	0	0	0	0	0	0	1	0	0
A	BL	24	134	1	2	BA1652	54169	7	8	2	0	1	0	0	0	0	0	0
A	BL	24	134	1	2	BA1652	54173	8	0	0	0	0	0	0	0	1	0	0
A	BL	24	134	1	2	BA1652	54178	8	0	0	0	1	0	0	0	0	0	0
A	BL	24	134	1	2	BA1652	54179	8	7	0	0	0	0	0	0	0	0	0
A	BL	24	134	1	2	BA1652	54182	7	0	0	0	0	0	0	0	1	0	0
A	BL	24	134	1	2	BA1652	54192	7	8	2	0	1	0	0	0	0	0	0
A	BL	24	134	1	2	BA1652	54197	8	0	0	0	0	0	0	0	1	0	0
A	BL	24	134	1	2	BA1652	54202	8	7	0	0	0	0	0	0	0	0	0
A	BL	24	134	1	2	BA1652	54228	7	8	2	0	1	0	0	0	0	0	0
A	BL	24	134	1	2	BA1652	54238	8	7	0	0	0	0	0	0	0	0	0
A	BL	24	134	1	2	BA1652	54247	7	0	0	0	0	0	0	0	1	0	0
A	BL	24	134	1	2	BA1652	54322	7	8	2	0	1	0	0	0	0	0	0
A	BL	24	134	1	2	BA1652	54326	8	0	0	0	0	0	0	0	1	0	0
A	BL	24	134	1	2	BA1652	54329	8	0	0	0	1	0	0	0	0	0	0
A	BL	24	134	1	2	BA1652	54332	8	7	0	0	0	0	0	0	0	0	0
A	BL	24	134	1	2	BA1652	54343	7	0	0	0	0	0	0	0	1	0	0
A	BL	24	134	1	2	BA1652	54345	7	8	2	0	1	0	0	0	0	0	0
A	BL	24	134	1	2	BA1652	54351	8	0	0	0	0	0	0	0	1	0	0
A	BL	24	134	1	2	BA1652	54355	8	7	0	0	0	0	0	0	0	0	0
A	BL	24	134	1	2	BA1652	54362	7	8	2	0	1	0	0	0	0	0	0
A	BL	24	134	1	2	BA1652	54369	8	0	0	0	0	0	0	0	1	0	0
A	BL	24	134	1	2	BA1652	54372	8	7	0	0	0	0	0	0	0	0	0
A	BL	24	134	1	2	BA1652	54407	7	8	2	0	1	0	0	0	0	0	0
A	BL	24	134	1	2	BA1652	54417	8	7	0	0	0	0	0	0	0	0	0
A	BL	24	134	1	2	BA1652	54437	7	0	0	0	0	0	0	0	1	0	0
A	BL	24	134	1	2	BA1652	54782	7	8	2	0	1	0	0	0	0	0	0
A	BL	24	134	1	2	BA1652	54792	8	7	0	0	0	0	0	0	0	0	0
A	BL	24	134	1	2	BA1652	54793	7	0	0	0	0	0	0	0	1	0	0
A	BL	24	134	1	2	BA1652	54799	7	8	2	0	1	0	0	0	0	0	0
A	BL	24	134	1	2	BA1652	54803	8	0	0	0	0	0	0	0	1	0	0
A	BL	24	134	1	2	BA1652	54809	8	7	0	0	0	0	0	0	0	0	0
A	BL	24	134	1	2	BA1652	54811	7	8	2	0	1	0	0	0	0	0	0
A	BL	24	134	1	2	BA1652	54820	8	0	0	0	0	0	0	0	1	0	0
A	BL	24	134	1	2	BA1652	54821	8	7	0	0	0	0	0	0	0	0	0
A	BL	24	134	1	2	BA1652	54824	7	8	2	0	1	0	0	0	0	0	0
A	BL	24	134	1	2	BA1652	54833	8	0	0	0	0	0	0	0	1	0	0
A	BL	24	134	1	2	BA1652	54834	8	7	0	0	0	0	0	0	0	0	0
A	BL	24	134	1	2	BA1652	54837	7	8	2	0	1	0	0	0	0	0	0
A	BL	24	134	1	2	BA1652	54839	8	0	0	0	0	0	0	0	1	0	0
A	BL	24	134	1	2	BA1652	54847	8	7	0	0	0	0	0	0	0	0	0
A	BL	24	134	1	2	BA1652	54918	7	8	2	0	1	0	0	0	0	0	0
A	BL	24	134	1	2	BA1652	54928	8	7	0	0	0	0	0	0	0	0	0
A	BL	24	134	1	2	BA1652	54959	7	0	0	0	0	0	0	0	1	0	0
A	BL	24	134	1	2	BA1652	54963	7	8	2	0	1	0	0	0	0	0	0
A	BL	24	134	1	2	BA1652	54973	8	7	0	0	0	0	0	0	0	0	0
A	BL	24	134	1	2	BA1652	55005	7	0	0	0	0	0	0	0	1	0	0
A	BL	24	134	1	2	BA1652	55027	7	8	2	0	1	0	0	0	0	0	0
A	BL	24	134	1	2	BA1652	55037	8	7	0	0	0	0	0	0	0	0	0
A	BL	24	134	1	2	BA1652	55056	7	0	0	0	0	0	0	0	1	0	0
A	BL	24	134	1	2	BA1652	55062	7	8	2	0	1	0	0	0	0	0	0
A	BL	24	134	1	2	BA1652	55064	8	0	0	0	0	0	0	0	1	0	0
A	BL	24	134	1	2	BA1652	55072	8	7	0	0	0	0	0	0	0	0	0
A	BL	24	134	1	2	BA1652	55074	7	8	2	0	1	0	0	0	0	0	0
A	BL	24	134	1	2	BA1652	55077	8	0	0	0	0	0	0	0	1	0	0
A	BL	24	134	1	2	BA1652	55080	8	0	0	0	1	0	0	0	0	0	0
A	BL	24	134	1	2	BA1652	55084	8	7	0	0	0	0	0	0	0	0	0
A	BL	24	134	1	2	BA1652	55094	7	0	0	0	0	0	0	0	1	0	0
A	BL	24	134	1	2	BA1652	55105	7	8	2	0	1	0	0	0	0	0	0
A	BL	24	134	1	2	BA1652	55110	8	0	0	0	0	0	0	0	1	0	0
A	BL	24	134	1	2	BA1652	55111	8	0	0	0	1	0	0	0	0	0	0
A	BL	24	134	1	2	BA1652	55115	8	7	0	0	0	0	0	0	0	0	0
A	BL	24	134	1	2	BA1652	55117	7	0	0	0	0	0	0	0	1	0	0
A	BL	24	134	1	2	BA1652	55147	7	8	2	0	1	0	0	0	0	0	0
A	BL	24	134	1	2	BA1652	55157	8	9	0	0	0	0	0	0	0	0	0
A	BL	24	134	1	2	BA1652	55165	9	0	0	0	0	0	0	0	1	0	0
A	BL	24	134	1	2	BA1652	55167	9	10	0	0	0	0	0	0	0	0	0
A	BL	24	134	1	2	BA1652	55242	10	2	0	0	0	0	0	0	0	0	0
A	BL	24	134	1	2	BA1652	55243	2	3	0	0	0	0	0	0	0	0	0
A	BL	24	134	1	2	BA1652	55595	3	5	1	1	0	0	0	0	0	0	0
A	BL	24	134	1	2	BA1652	55598	5	0	0	0	0	0	0	1	0	0	0
A	BL	24	134	1	2	BA1652	55605	5	4	0	0	0	0	0	0	0	0	0
A	BL	24	134	1	2	BA1652	55607	4	5	1	1	0	0	0	0	0	0	0
A	BL	24	134	1	2	BA1652	55617	5	4	0	0	0	0	0	0	0	0	0
A	BL	24	134	1	2	BA1652	55625	4	0	0	0	0	0	0	1	0	0	0
A	BL	24	134	1	2	BA1652	55629	4	5	1	1	0	0	0	0	0	0	0
A	BL	24	134	1	2	BA1652	55639	5	4	0	0	0	0	0	0	0	0	0
A	BL	24	134	1	2	BA1652	55646	4	0	0	0	0	0	0	1	0	0	0
A	BL	24	134	1	2	BA1652	55658	4	5	1	1	0	0	0	0	0	0	0
A	BL	24	134	1	2	BA1652	55668	5	4	0	0	0	0	0	1	0	0	0
A	BL	24	134	1	2	BA1652	55707	4	5	1	1	0	0	0	0	0	0	0
A	BL	24	134	1	2	BA1652	55717	5	9	0	0	0	0	0	0	0	0	0
A	BL	24	134	1	2	BA1652	55723	9	0	0	0	0	0	0	1	0	0	0
A	BL	24	134	1	2	BA1652	55727	9	10	0	0	0	0	0	0	0	0	0
A	BL	24	134	1	2	BA1652	55802	10	2	0	0	0	0	0	0	0	0	0
A	BL	24	134	1	2	BA1652	55803	2	6	0	0	0	0	0	0	0	0	0
A	BL	24	134	1	2	BA1652	57824	6	8	2	0	1	0	0	0	0	0	0
A	BL	24	134	1	2	BA1652	57834	8	7	0	0	0	0	0	0	0	0	0
A	BL	24	134	1	2	BA1652	57843	7	0	0	0	0	0	0	0	1	0	0
A	BL	24	134	1	2	BA1652	57879	7	8	2	0	1	0	0	0	0	0	0
A	BL	24	134	1	2	BA1652	57888	8	0	0	0	0	0	0	0	1	0	0
A	BL	24	134	1	2	BA1652	57889	8	7	0	0	0	0	0	0	0	0	0
A	BL	24	134	1	2	BA1652	57899	7	8	2	0	1	0	0	0	0	0	0
A	BL	24	134	1	2	BA1652	57905	8	0	0	0	0	0	0	0	1	0	0
A	BL	24	134	1	2	BA1652	57909	8	7	0	0	0	0	0	0	0	0	0
A	BL	24	134	1	2	BA1652	57993	7	8	2	0	1	0	0	0	0	0	0
A	BL	24	134	1	2	BA1652	58002	8	0	0	0	0	0	0	0	1	0	0
A	BL	24	134	1	2	BA1652	58003	8	7	0	0	0	0	0	0	0	0	0
A	BL	24	134	1	2	BA1652	58006	7	8	2	0	1	0	0	0	0	0	0
A	BL	24	134	1	2	BA1652	58016	8	7	0	0	0	0	0	0	0	0	0
A	BL	24	134	1	2	BA1652	58036	7	0	0	0	0	0	0	0	1	0	0
A	BL	24	134	1	2	BA1652	58043	7	8	2	0	1	0	0	0	0	0	0
A	BL	24	134	1	2	BA1652	58053	8	7	0	0	0	0	0	0	0	0	0
A	BL	24	134	1	2	BA1652	58060	7	0	0	0	0	0	0	0	1	0	0
A	BL	24	134	1	2	BA1652	58075	7	8	2	0	1	0	0	0	0	0	0
A	BL	24	134	1	2	BA1652	58085	8	7	0	0	0	0	0	0	0	0	0
A	BL	24	134	1	2	BA1652	58094	7	0	0	0	0	0	0	0	1	0	0
A	BL	24	134	1	2	BA1652	58135	7	8	2	0	1	0	0	0	0	0	0
A	BL	24	134	1	2	BA1652	58145	8	7	0	0	0	0	0	0	0	0	0
A	BL	24	134	1	2	BA1652	58189	7	0	0	0	0	0	0	0	1	0	0
A	BL	24	134	1	2	BA1652	58191	7	8	2	0	1	0	0	0	0	0	0
A	BL	24	134	1	2	BA1652	58193	8	0	0	0	0	0	0	0	1	0	0
A	BL	24	134	1	2	BA1652	58201	8	7	0	0	0	0	0	0	0	0	0
A	BL	24	134	1	2	BA1652	58215	7	8	2	0	1	0	0	0	0	0	0
A	BL	24	134	1	2	BA1652	58225	8	7	0	0	0	0	0	0	0	0	0
A	BL	24	134	1	2	BA1652	58226	7	0	0	0	0	0	0	0	1	0	0
A	BL	24	134	1	2	BA1652	58268	7	8	2	0	1	0	0	0	0	0	0
A	BL	24	134	1	2	BA1652	58270	8	0	0	0	0	0	0	0	1	0	0
A	BL	24	134	1	2	BA1652	58275	8	0	0	0	1	0	0	0	0	0	0
A	BL	24	134	1	2	BA1652	58278	8	7	0	0	0	0	0	0	0	0	0
A	BL	24	134	1	2	BA1652	58283	7	0	0	0	0	0	0	0	1	0	0
A	BL	24	134	1	2	BA1652	58401	7	8	2	0	1	0	0	0	0	0	0
A	BL	24	134	1	2	BA1652	58406	8	0	0	0	0	0	0	0	1	0	0
A	BL	24	134	1	2	BA1652	58411	8	7	0	0	1	0	0	0	0	0	0
A	BL	24	134	1	2	BA1652	58441	7	0	0	0	0	0	0	0	1	0	0
A	BL	24	134	1	2	BA1652	58467	7	8	2	0	1	0	0	0	0	0	0
A	BL	24	134	1	2	BA1652	58474	8	0	0	0	0	0	0	0	1	0	0
A	BL	24	134	1	2	BA1652	58475	8	0	0	0	1	0	0	0	0	0	0
A	BL	24	134	1	2	BA1652	58477	8	7	0	0	0	0	0	0	0	0	0
A	BL	24	134	1	2	BA1652	58484	7	0	0	0	0	0	0	0	1	0	0
A	BL	24	134	1	2	BA1652	58488	7	8	2	0	1	0	0	0	0	0	0
A	BL	24	134	1	2	BA1652	58494	8	0	0	0	0	0	0	0	1	0	0
A	BL	24	134	1	2	BA1652	58498	8	7	0	0	0	0	0	0	0	0	0
A	BL	24	134	1	2	BA1652	58509	7	8	2	0	1	0	0	0	0	0	0
A	BL	24	134	1	2	BA1652	58513	8	0	0	0	0	0	0	0	1	0	0
A	BL	24	134	1	2	BA1652	58516	8	0	0	0	1	0	0	0	0	0	0
A	BL	24	134	1	2	BA1652	58519	8	7	0	0	0	0	0	0	0	0	0
A	BL	24	134	1	2	BA1652	58520	7	0	0	0	0	0	0	0	1	0	0
A	BL	24	134	1	2	BA1652	58715	7	8	2	0	1	0	0	0	0	0	0
A	BL	24	134	1	2	BA1652	58721	8	0	0	0	0	0	0	0	1	0	0
A	BL	24	134	1	2	BA1652	58725	8	7	0	0	0	0	0	0	0	0	0
A	BL	24	134	1	2	BA1652	58726	7	8	2	0	1	0	0	0	0	0	0
A	BL	24	134	1	2	BA1652	58731	8	0	0	0	0	0	0	0	1	0	0
A	BL	24	134	1	2	BA1652	58735	8	0	0	0	1	0	0	0	0	0	0
A	BL	24	134	1	2	BA1652	58736	8	7	0	0	0	0	0	0	0	0	0
A	BL	24	134	1	2	BA1652	58743	7	0	0	0	0	0	0	0	1	0	0
A	BL	24	134	1	2	BA1652	58747	7	8	2	0	1	0	0	0	0	0	0
A	BL	24	134	1	2	BA1652	58757	8	7	0	0	0	0	0	0	0	0	0
A	BL	24	134	1	2	BA1652	58759	7	0	0	0	0	0	0	0	1	0	0
A	BL	24	134	1	2	BA1652	58826	7	8	2	0	1	0	0	0	0	0	0
A	BL	24	134	1	2	BA1652	58836	8	7	0	0	0	0	0	0	0	0	0
A	BL	24	134	1	2	BA1652	58838	7	0	0	0	0	0	0	0	1	0	0
A	BL	24	134	1	2	BA1652	58843	7	8	2	0	1	0	0	0	0	0	0
A	BL	24	134	1	2	BA1652	58853	8	9	0	0	0	0	0	0	0	0	0
A	BL	24	134	1	2	BA1652	58863	9	10	0	0	0	0	0	0	0	0	0
A	BL	24	134	1	2	BA1652	58864	10	0	0	0	0	0	0	0	1	0	0
A	BL	24	134	1	2	BA1652	58866	10	0	0	0	1	0	0	0	0	0	0
A	BL	24	134	1	2	BA1652	58867	10	0	0	0	0	0	0	0	1	0	0
A	BL	24	134	1	2	BA1652	58938	10	2	0	0	0	0	0	0	0	0	0
A	BL	24	134	1	2	BA1652	58939	2	6	0	0	0	0	0	0	0	0	0
A	BL	24	134	1	2	BA1652	59761	6	8	2	0	1	0	0	0	0	0	0
A	BL	24	134	1	2	BA1652	59771	8	7	0	0	0	0	0	0	0	0	0
A	BL	24	134	1	2	BA1652	59795	7	0	0	0	0	0	0	0	1	0	0
A	BL	24	134	1	2	BA1652	59798	7	8	2	0	1	0	0	0	0	0	0
A	BL	24	134	1	2	BA1652	59808	8	7	0	0	0	0	0	0	0	0	0
A	BL	24	134	1	2	BA1652	59826	7	0	0	0	0	0	0	0	1	0	0
A	BL	24	134	1	2	BA1652	59908	7	8	2	0	1	0	0	0	0	0	0
A	BL	24	134	1	2	BA1652	59909	8	0	0	0	0	0	0	0	1	0	0
A	BL	24	134	1	2	BA1652	59918	8	7	0	0	0	0	0	0	0	0	0
A	BL	24	134	1	2	BA1652	59927	7	8	2	0	1	0	0	0	0	0	0
A	BL	24	134	1	2	BA1652	59937	8	7	0	0	0	0	0	0	0	0	0
A	BL	24	134	1	2	BA1652	59940	7	0	0	0	0	0	0	0	1	0	0
A	BL	24	134	1	2	BA1652	59961	7	8	2	0	1	0	0	0	0	0	0
A	BL	24	134	1	2	BA1652	59971	8	7	0	0	0	0	0	0	0	0	0
A	BL	24	134	1	2	BA1652	59994	7	0	0	0	0	0	0	0	1	0	0
A	BL	24	134	1	2	BA1652	60059	7	8	2	0	1	0	0	0	0	0	0
A	BL	24	134	1	2	BA1652	60069	8	7	0	0	0	0	0	0	0	0	0
A	BL	24	134	1	2	BA1652	60074	7	0	0	0	0	0	0	0	1	0	0
A	BL	24	134	1	2	BA1652	60100	7	8	2	0	1	0	0	0	0	0	0
A	BL	24	134	1	2	BA1652	60103	8	0	0	0	0	0	0	0	1	0	0
A	BL	24	134	1	2	BA1652	60110	8	7	0	0	0	0	0	0	0	0	0
A	BL	24	134	1	2	BA1652	60123	7	8	2	0	1	0	0	0	0	0	0
A	BL	24	134	1	2	BA1652	60133	8	7	0	0	0	0	0	0	0	0	0
A	BL	24	134	1	2	BA1652	60149	7	0	0	0	0	0	0	0	1	0	0
A	BL	24	134	1	2	BA1652	60156	7	8	2	0	1	0	0	0	0	0	0
A	BL	24	134	1	2	BA1652	60165	8	0	0	0	0	0	0	0	1	0	0
A	BL	24	134	1	2	BA1652	60166	8	7	0	0	0	0	0	0	0	0	0
A	BL	24	134	1	2	BA1652	60171	7	8	2	0	1	0	0	0	0	0	0
A	BL	24	134	1	2	BA1652	60178	8	0	0	0	0	0	0	0	1	0	0
A	BL	24	134	1	2	BA1652	60181	8	7	0	0	0	0	0	0	0	0	0
A	BL	24	134	1	2	BA1652	60275	7	8	2	0	1	0	0	0	0	0	0
A	BL	24	134	1	2	BA1652	60282	8	0	0	0	0	0	0	0	1	0	0
A	BL	24	134	1	2	BA1652	60285	8	7	0	0	0	0	0	0	0	0	0
A	BL	24	134	1	2	BA1652	60389	7	8	2	0	1	0	0	0	0	0	0
A	BL	24	134	1	2	BA1652	60396	8	0	0	0	0	0	0	0	1	0	0
A	BL	24	134	1	2	BA1652	60399	8	7	0	0	0	0	0	0	0	0	0
A	BL	24	134	1	2	BA1652	60425	7	8	2	0	1	0	0	0	0	0	0
A	BL	24	134	1	2	BA1652	60435	8	7	0	0	0	0	0	0	0	0	0
A	BL	24	134	1	2	BA1652	60447	7	0	0	0	0	0	0	0	1	0	0
A	BL	24	134	1	2	BA1652	60452	7	8	2	0	1	0	0	0	0	0	0
A	BL	24	134	1	2	BA1652	60458	8	0	0	0	0	0	0	0	1	0	0
A	BL	24	134	1	2	BA1652	60462	8	7	0	0	0	0	0	0	0	0	0
A	BL	24	134	1	2	BA1652	60463	7	8	2	0	1	0	0	0	0	0	0
A	BL	24	134	1	2	BA1652	60470	8	0	0	0	0	0	0	0	1	0	0
A	BL	24	134	1	2	BA1652	60473	8	7	0	0	0	0	0	0	0	0	0
A	BL	24	134	1	2	BA1652	60475	7	8	2	0	1	0	0	0	0	0	0
A	BL	24	134	1	2	BA1652	60479	8	0	0	0	0	0	0	0	1	0	0
A	BL	24	134	1	2	BA1652	60480	8	0	0	0	1	0	0	0	0	0	0
A	BL	24	134	1	2	BA1652	60482	8	0	0	0	0	0	0	0	1	0	0
A	BL	24	134	1	2	BA1652	60483	8	0	0	0	1	0	0	0	0	0	0
A	BL	24	134	1	2	BA1652	60485	8	7	0	0	0	0	0	0	0	0	0
A	BL	24	134	1	2	BA1652	60504	7	0	0	0	0	0	0	0	1	0	0
A	BL	24	134	1	2	BA1652	60526	7	8	2	0	1	0	0	0	0	0	0
A	BL	24	134	1	2	BA1652	60536	8	7	0	0	0	0	0	0	0	0	0
A	BL	24	134	1	2	BA1652	60546	7	0	0	0	0	0	0	0	1	0	0
A	BL	24	134	1	2	BA1652	60572	7	8	2	0	1	0	0	0	0	0	0
A	BL	24	134	1	2	BA1652	60576	8	0	0	0	0	0	0	0	1	0	0
A	BL	24	134	1	2	BA1652	60578	8	0	0	0	1	0	0	0	0	0	0
A	BL	24	134	1	2	BA1652	60582	8	7	0	0	0	0	0	0	0	0	0
A	BL	24	134	1	2	BA1652	60587	7	0	0	0	0	0	0	0	1	0	0
A	BL	24	134	1	2	BA1652	60617	7	8	2	0	1	0	0	0	0	0	0
A	BL	24	134	1	2	BA1652	60627	8	7	0	0	0	0	0	0	0	0	0
A	BL	24	134	1	2	BA1652	60637	7	0	0	0	0	0	0	0	1	0	0
A	BL	24	134	1	2	BA1652	60691	7	8	2	0	1	0	0	0	0	0	0
A	BL	24	134	1	2	BA1652	60697	8	0	0	0	0	0	0	0	1	0	0
A	BL	24	134	1	2	BA1652	60699	8	0	0	0	1	0	0	0	0	0	0
A	BL	24	134	1	2	BA1652	60701	8	9	0	0	0	0	0	0	1	0	0
A	BL	24	134	1	2	BA1652	60705	9	0	0	0	1	0	0	0	0	0	0
A	BL	24	134	1	2	BA1652	60711	9	10	0	0	0	0	0	0	0	0	0
A	BL	24	134	1	2	BA1652	60714	10	0	0	0	0	0	0	0	1	0	0
A	BL	24	134	1	2	BA1652	60786	10	2	0	0	0	0	0	0	0	0	0
A	BL	24	134	1	2	BA1652	60787	2	3	0	0	0	0	0	0	0	0	0
A	BL	24	134	1	2	BA1652	61228	3	5	1	1	0	0	0	0	0	0	0
A	BL	24	134	1	2	BA1652	61238	5	4	0	0	0	0	0	0	0	0	0
A	BL	24	134	1	2	BA1652	61271	4	0	0	0	0	0	0	1	0	0	0
A	BL	24	134	1	2	BA1652	61283	4	5	1	1	0	0	0	0	0	0	0
A	BL	24	134	1	2	BA1652	61291	5	0	0	0	0	0	0	1	0	0	0
A	BL	24	134	1	2	BA1652	61293	5	4	0	0	0	0	0	0	0	0	0
A	BL	24	134	1	2	BA1652	61301	4	5	1	1	0	0	0	0	0	0	0
A	BL	24	134	1	2	BA1652	61308	5	0	0	0	0	0	0	1	0	0	0
A	BL	24	134	1	2	BA1652	61311	5	4	0	0	0	0	0	0	0	0	0
A	BL	24	134	1	2	BA1652	61351	4	5	1	1	0	0	0	0	0	0	0
A	BL	24	134	1	2	BA1652	61357	5	0	0	0	0	0	0	1	0	0	0
A	BL	24	134	1	2	BA1652	61361	5	4	0	0	0	0	0	0	0	0	0
A	BL	24	134	1	2	BA1652	61366	4	5	1	1	0	0	0	0	0	0	0
A	BL	24	134	1	2	BA1652	61376	5	9	0	0	0	0	0	0	0	0	0
A	BL	24	134	1	2	BA1652	61381	9	0	0	0	0	0	0	1	0	0	0
A	BL	24	134	1	2	BA1652	61386	9	10	0	0	0	0	0	0	0	0	0
A	BL	24	134	1	2	BA1652	61461	10	2	0	0	0	0	0	0	0	0	0
A	BL	24	134	1	2	BA1652	61462	2	3	0	0	0	0	0	0	0	0	0
A	BL	24	134	1	2	BA1652	61944	3	5	1	1	0	0	0	0	0	0	0
A	BL	24	134	1	2	BA1652	61954	5	4	0	0	0	0	0	0	0	0	0
A	BL	24	134	1	2	BA1652	61967	4	0	0	0	0	0	0	1	0	0	0
A	BL	24	134	1	2	BA1652	61974	4	5	1	1	0	0	0	0	0	0	0
A	BL	24	134	1	2	BA1652	61984	5	4	0	0	0	0	0	0	0	0	0
A	BL	24	134	1	2	BA1652	61992	4	0	0	0	0	0	0	1	0	0	0
A	BL	24	134	1	2	BA1652	61997	4	5	1	1	0	0	0	0	0	0	0
A	BL	24	134	1	2	BA1652	62007	5	4	0	0	0	0	0	0	0	0	0
A	BL	24	134	1	2	BA1652	62024	4	0	0	0	0	0	0	1	0	0	0
A	BL	24	134	1	2	BA1652	62037	4	5	1	1	0	0	0	0	0	0	0
A	BL	24	134	1	2	BA1652	62047	5	4	0	0	0	0	0	0	0	0	0
A	BL	24	134	1	2	BA1652	62052	4	0	0	0	0	0	0	1	0	0	0
A	BL	24	134	1	2	BA1652	62054	4	5	1	1	0	0	0	0	0	0	0
A	BL	24	134	1	2	BA1652	62064	5	9	0	0	0	0	0	0	0	0	0
A	BL	24	134	1	2	BA1652	62073	9	0	0	0	0	0	0	1	0	0	0
A	BL	24	134	1	2	BA1652	62074	9	10	0	0	0	0	0	0	0	0	0
A	BL	24	134	1	2	BA1652	62149	10	2	0	0	0	0	0	0	0	0	0
A	BL	24	134	1	2	BA1652	62150	2	3	0	0	0	0	0	0	0	0	0
A	BL	24	134	1	2	BA1652	62776	3	5	1	1	0	0	0	0	0	0	0
A	BL	24	134	1	2	BA1652	62786	5	4	0	0	0	0	0	0	0	0	0
A	BL	24	134	1	2	BA1652	62802	4	0	0	0	0	0	0	1	0	0	0
A	BL	24	134	1	2	BA1652	62806	4	5	1	1	0	0	0	0	0	0	0
A	BL	24	134	1	2	BA1652	62816	5	4	0	0	0	0	0	0	0	0	0
A	BL	24	134	1	2	BA1652	62827	4	0	0	0	0	0	0	1	0	0	0
A	BL	24	134	1	2	BA1652	62899	4	5	1	1	0	0	0	0	0	0	0
A	BL	24	134	1	2	BA1652	62909	5	4	0	0	0	0	0	0	0	0	0
A	BL	24	134	1	2	BA1652	62917	4	0	0	0	0	0	0	1	0	0	0
A	BL	24	134	1	2	BA1652	62920	4	5	1	1	0	0	0	0	0	0	0
A	BL	24	134	1	2	BA1652	62930	5	4	0	0	0	0	0	0	0	0	0
A	BL	24	134	1	2	BA1652	62950	4	0	0	0	0	0	0	1	0	0	0
A	BL	24	134	1	2	BA1652	62976	4	5	1	1	0	0	0	0	0	0	0
A	BL	24	134	1	2	BA1652	62986	5	9	0	0	0	0	0	0	0	0	0
A	BL	24	134	1	2	BA1652	62991	9	0	0	0	0	0	0	1	0	0	0
A	BL	24	134	1	2	BA1652	62996	9	10	0	0	0	0	0	0	0	0	0
A	BL	24	134	1	2	BA1652	63071	10	2	0	0	0	0	0	0	0	0	0
A	BL	24	134	1	2	BA1652	63072	2	6	0	0	0	0	0	0	0	0	0
A	BL	24	134	1	2	BA1652	65611	6	8	2	0	1	0	0	0	0	0	0
A	BL	24	134	1	2	BA1652	65621	8	7	0	0	0	0	0	0	0	0	0
A	BL	24	134	1	2	BA1652	65633	7	0	0	0	0	0	0	0	1	0	0
A	BL	24	134	1	2	BA1652	65786	7	8	2	0	1	0	0	0	0	0	0
A	BL	24	134	1	2	BA1652	65796	8	7	0	0	0	0	0	0	0	0	0
A	BL	24	134	1	2	BA1652	65806	7	0	0	0	0	0	0	0	1	0	0
A	BL	24	134	1	2	BA1652	65889	7	8	2	0	1	0	0	0	0	0	0
A	BL	24	134	1	2	BA1652	65896	8	0	0	0	0	0	0	0	1	0	0
A	BL	24	134	1	2	BA1652	65899	8	7	0	0	0	0	0	0	0	0	0
A	BL	24	134	1	2	BA1652	65995	7	8	2	0	1	0	0	0	0	0	0
A	BL	24	134	1	2	BA1652	65998	8	0	0	0	0	0	0	0	1	0	0
A	BL	24	134	1	2	BA1652	66005	8	7	0	0	0	0	0	0	0	0	0
A	BL	24	134	1	2	BA1652	66011	7	8	2	0	1	0	0	0	0	0	0
A	BL	24	134	1	2	BA1652	66019	8	0	0	0	0	0	0	0	1	0	0
A	BL	24	134	1	2	BA1652	66021	8	7	0	0	0	0	0	0	0	0	0
A	BL	24	134	1	2	BA1652	66053	7	8	2	0	1	0	0	0	0	0	0
A	BL	24	134	1	2	BA1652	66057	8	0	0	0	0	0	0	0	1	0	0
A	BL	24	134	1	2	BA1652	66063	8	7	0	0	0	0	0	0	0	0	0
A	BL	24	134	1	2	BA1652	66068	7	8	2	0	1	0	0	0	0	0	0
A	BL	24	134	1	2	BA1652	66078	8	7	0	0	0	0	0	0	0	0	0
A	BL	24	134	1	2	BA1652	66108	7	0	0	0	0	0	0	0	1	0	0
A	BL	24	134	1	2	BA1652	66229	7	8	2	0	1	0	0	0	0	0	0
A	BL	24	134	1	2	BA1652	66237	8	0	0	0	0	0	0	0	1	0	0
A	BL	24	134	1	2	BA1652	66239	8	7	0	0	0	0	0	0	0	0	0
A	BL	24	134	1	2	BA1652	66250	7	8	2	0	1	0	0	0	0	0	0
A	BL	24	134	1	2	BA1652	66260	8	7	0	0	0	0	0	0	0	0	0
A	BL	24	134	1	2	BA1652	66265	7	0	0	0	0	0	0	0	1	0	0
A	BL	24	134	1	2	BA1652	66276	7	8	2	0	1	0	0	0	0	0	0
A	BL	24	134	1	2	BA1652	66283	8	0	0	0	0	0	0	0	1	0	0
A	BL	24	134	1	2	BA1652	66286	8	7	0	0	0	0	0	0	0	0	0
A	BL	24	134	1	2	BA1652	66369	7	8	2	0	1	0	0	0	0	0	0
A	BL	24	134	1	2	BA1652	66376	8	0	0	0	0	0	0	0	1	0	0
A	BL	24	134	1	2	BA1652	66379	8	7	0	0	0	0	0	0	0	0	0
A	BL	24	134	1	2	BA1652	66380	7	8	2	0	1	0	0	0	0	0	0
A	BL	24	134	1	2	BA1652	66390	8	7	0	0	0	0	0	0	0	0	0
A	BL	24	134	1	2	BA1652	66392	7	0	0	0	0	0	0	0	1	0	0
A	BL	24	134	1	2	BA1652	66401	7	8	2	0	1	0	0	0	0	0	0
A	BL	24	134	1	2	BA1652	66404	8	0	0	0	0	0	0	0	1	0	0
A	BL	24	134	1	2	BA1652	66408	8	0	0	0	1	0	0	0	0	0	0
A	BL	24	134	1	2	BA1652	66411	8	7	0	0	0	0	0	0	0	0	0
A	BL	24	134	1	2	BA1652	66412	7	0	0	0	0	0	0	0	1	0	0
A	BL	24	134	1	2	BA1652	66422	7	8	2	0	1	0	0	0	0	0	0
A	BL	24	134	1	2	BA1652	66432	8	7	0	0	0	0	0	0	0	0	0
A	BL	24	134	1	2	BA1652	66456	7	0	0	0	0	0	0	0	1	0	0
A	BL	24	134	1	2	BA1652	66503	7	8	2	0	1	0	0	0	0	0	0
A	BL	24	134	1	2	BA1652	66513	8	7	0	0	0	0	0	0	0	0	0
A	BL	24	134	1	2	BA1652	66522	7	0	0	0	0	0	0	0	1	0	0
A	BL	24	134	1	2	BA1652	66527	7	8	2	0	1	0	0	0	0	0	0
A	BL	24	134	1	2	BA1652	66537	8	7	0	0	0	0	0	0	0	0	0
A	BL	24	134	1	2	BA1652	66538	7	0	0	0	0	0	0	0	1	0	0
A	BL	24	134	1	2	BA1652	66553	7	8	2	0	1	0	0	0	0	0	0
A	BL	24	134	1	2	BA1652	66563	8	7	0	0	0	0	0	0	1	0	0
A	BL	24	134	1	2	BA1652	66636	7	8	2	0	1	0	0	0	0	0	0
A	BL	24	134	1	2	BA1652	66646	8	7	0	0	0	0	0	0	0	0	0
A	BL	24	134	1	2	BA1652	66665	7	0	0	0	0	0	0	0	1	0	0
A	BL	24	134	1	2	BA1652	66690	7	8	2	0	1	0	0	0	0	0	0
A	BL	24	134	1	2	BA1652	66694	8	0	0	0	0	0	0	0	1	0	0
A	BL	24	134	1	2	BA1652	66700	8	7	0	0	0	0	0	0	0	0	0
A	BL	24	134	1	2	BA1652	66706	7	8	2	0	1	0	0	0	0	0	0
A	BL	24	134	1	2	BA1652	66716	8	9	0	0	0	0	0	0	1	0	0
A	BL	24	134	1	2	BA1652	66726	9	10	0	0	0	0	0	0	0	0	0
A	BL	24	134	1	2	BA1652	66801	10	2	0	0	0	0	0	0	0	0	0
A	BL	24	134	1	2	BA1652	66802	2	6	0	0	0	0	0	0	0	0	0
A	BL	24	134	1	2	BA1652	103414	6	8	2	0	1	0	0	0	0	0	0
A	BL	24	134	1	2	BA1652	103419	8	0	0	0	0	0	0	0	1	0	0
A	BL	24	134	1	2	BA1652	103424	8	7	0	0	0	0	0	0	0	0	0
A	BL	24	134	1	2	BA1652	103614	7	8	2	0	1	0	0	0	0	0	0
A	BL	24	134	1	2	BA1652	103620	8	0	0	0	0	0	0	0	1	0	0
A	BL	24	134	1	2	BA1652	103624	8	7	0	0	0	0	0	0	0	0	0
A	BL	24	134	1	2	BA1652	103638	7	8	2	0	1	0	0	0	0	0	0
A	BL	24	134	1	2	BA1652	103648	8	7	0	0	0	0	0	0	0	0	0
A	BL	24	134	1	2	BA1652	103659	7	0	0	0	0	0	0	0	1	0	0
A	BL	24	134	1	2	BA1652	103744	7	8	2	0	1	0	0	0	0	0	0
A	BL	24	134	1	2	BA1652	103754	8	7	0	0	0	0	0	0	0	0	0
A	BL	24	134	1	2	BA1652	103795	7	0	0	0	0	0	0	0	1	0	0
A	BL	24	134	1	2	BA1652	103840	7	8	2	0	1	0	0	0	0	0	0
A	BL	24	134	1	2	BA1652	103850	8	7	0	0	0	0	0	0	0	0	0
A	BL	24	134	1	2	BA1652	103884	7	0	0	0	0	0	0	0	1	0	0
A	BL	24	134	1	2	BA1652	103885	7	8	2	0	1	0	0	0	0	0	0
A	BL	24	134	1	2	BA1652	103894	8	0	0	0	0	0	0	0	1	0	0
A	BL	24	134	1	2	BA1652	103895	8	7	0	0	0	0	0	0	0	0	0
A	BL	24	134	1	2	BA1652	103954	7	8	2	0	1	0	0	0	0	0	0
A	BL	24	134	1	2	BA1652	103964	8	7	0	0	0	0	0	0	0	0	0
A	BL	24	134	1	2	BA1652	103968	7	0	0	0	0	0	0	0	1	0	0
A	BL	24	134	1	2	BA1652	103978	7	8	2	0	1	0	0	0	0	0	0
A	BL	24	134	1	2	BA1652	103988	8	7	0	0	0	0	0	0	0	0	0
A	BL	24	134	1	2	BA1652	103994	7	0	0	0	0	0	0	0	1	0	0
A	BL	24	134	1	2	BA1652	104067	7	8	2	0	1	0	0	0	0	0	0
A	BL	24	134	1	2	BA1652	104075	8	0	0	0	0	0	0	0	1	0	0
A	BL	24	134	1	2	BA1652	104077	8	7	0	0	0	0	0	0	0	0	0
A	BL	24	134	1	2	BA1652	104088	7	8	2	0	1	0	0	0	0	0	0
A	BL	24	134	1	2	BA1652	104098	8	7	0	0	0	0	0	0	0	0	0
A	BL	24	134	1	2	BA1652	104111	7	0	0	0	0	0	0	0	1	0	0
A	BL	24	134	1	2	BA1652	104117	7	8	2	0	1	0	0	0	0	0	0
A	BL	24	134	1	2	BA1652	104122	8	0	0	0	0	0	0	0	1	0	0
A	BL	24	134	1	2	BA1652	104125	8	0	0	0	1	0	0	0	0	0	0
A	BL	24	134	1	2	BA1652	104127	8	7	0	0	0	0	0	0	0	0	0
A	BL	24	134	1	2	BA1652	104131	7	0	0	0	0	0	0	0	1	0	0
A	BL	24	134	1	2	BA1652	104136	7	8	2	0	1	0	0	0	0	0	0
A	BL	24	134	1	2	BA1652	104146	8	7	0	0	0	0	0	0	0	0	0
A	BL	24	134	1	2	BA1652	104165	7	0	0	0	0	0	0	0	1	0	0
A	BL	24	134	1	2	BA1652	104274	7	8	2	0	1	0	0	0	0	0	0
A	BL	24	134	1	2	BA1652	104276	8	0	0	0	0	0	0	0	1	0	0
A	BL	24	134	1	2	BA1652	104284	8	7	0	0	0	0	0	0	0	0	0
A	BL	24	134	1	2	BA1652	104296	7	8	2	0	1	0	0	0	0	0	0
A	BL	24	134	1	2	BA1652	104304	8	0	0	0	0	0	0	0	1	0	0
A	BL	24	134	1	2	BA1652	104306	8	7	0	0	0	0	0	0	0	0	0
A	BL	24	134	1	2	BA1652	104308	7	8	2	0	1	0	0	0	0	0	0
A	BL	24	134	1	2	BA1652	104314	8	0	0	0	0	0	0	0	1	0	0
A	BL	24	134	1	2	BA1652	104318	8	7	0	0	0	0	0	0	0	0	0
A	BL	24	134	1	2	BA1652	104336	7	8	2	0	1	0	0	0	0	0	0
A	BL	24	134	1	2	BA1652	104343	8	0	0	0	0	0	0	0	1	0	0
A	BL	24	134	1	2	BA1652	104346	8	7	0	0	0	0	0	0	0	0	0
A	BL	24	134	1	2	BA1652	104415	7	8	2	0	1	0	0	0	0	0	0
A	BL	24	134	1	2	BA1652	104425	8	7	0	0	0	0	0	0	0	0	0
A	BL	24	134	1	2	BA1652	104446	7	0	0	0	0	0	0	0	1	0	0
A	BL	24	134	1	2	BA1652	104453	7	8	2	0	1	0	0	0	0	0	0
A	BL	24	134	1	2	BA1652	104456	8	0	0	0	0	0	0	0	1	0	0
A	BL	24	134	1	2	BA1652	104462	8	0	0	0	1	0	0	0	0	0	0
A	BL	24	134	1	2	BA1652	104463	8	7	0	0	0	0	0	0	0	0	0
A	BL	24	134	1	2	BA1652	104473	7	0	0	0	0	0	0	0	1	0	0
A	BL	24	134	1	2	BA1652	104478	7	8	2	0	1	0	0	0	0	0	0
A	BL	24	134	1	2	BA1652	104488	8	7	0	0	0	0	0	0	0	0	0
A	BL	24	134	1	2	BA1652	104492	7	0	0	0	0	0	0	0	1	0	0
A	BL	24	134	1	2	BA1652	104530	7	8	2	0	1	0	0	0	0	0	0
A	BL	24	134	1	2	BA1652	104537	8	0	0	0	0	0	0	0	1	0	0
A	BL	24	134	1	2	BA1652	104538	8	0	0	0	1	0	0	0	0	0	0
A	BL	24	134	1	2	BA1652	104540	8	9	0	0	0	0	0	0	0	0	0
A	BL	24	134	1	2	BA1652	104544	9	0	0	0	0	0	0	0	1	0	0
A	BL	24	134	1	2	BA1652	104550	9	10	0	0	0	0	0	0	0	0	0
A	BL	24	134	1	2	BA1652	104625	10	2	0	0	0	0	0	0	0	0	0
A	BL	24	134	1	2	BA1652	104626	2	6	0	0	0	0	0	0	0	0	0
A	BL	24	134	1	2	BA1652	106218	6	8	2	0	1	0	0	0	0	0	0
A	BL	24	134	1	2	BA1652	106228	8	7	0	0	0	0	0	0	0	0	0
A	BL	24	134	1	2	BA1652	106235	7	0	0	0	0	0	0	0	1	0	0
A	BL	24	134	1	2	BA1652	106277	7	8	2	0	1	0	0	0	0	0	0
A	BL	24	134	1	2	BA1652	106283	8	0	0	0	0	0	0	0	1	0	0
A	BL	24	134	1	2	BA1652	106287	8	7	0	0	0	0	0	0	0	0	0
A	BL	24	134	1	2	BA1652	106350	7	8	2	0	1	0	0	0	0	0	0
A	BL	24	134	1	2	BA1652	106360	8	7	0	0	0	0	0	0	0	0	0
A	BL	24	134	1	2	BA1652	106366	7	0	0	0	0	0	0	0	1	0	0
A	BL	24	134	1	2	BA1652	106390	7	8	2	0	1	0	0	0	0	0	0
A	BL	24	134	1	2	BA1652	106400	8	7	0	0	0	0	0	0	0	0	0
A	BL	24	134	1	2	BA1652	106430	7	0	0	0	0	0	0	0	1	0	0
A	BL	24	134	1	2	BA1652	106553	7	8	2	0	1	0	0	0	0	0	0
A	BL	24	134	1	2	BA1652	106555	8	0	0	0	0	0	0	0	1	0	0
A	BL	24	134	1	2	BA1652	106563	8	7	0	0	0	0	0	0	0	0	0
A	BL	24	134	1	2	BA1652	106574	7	8	2	0	1	0	0	0	0	0	0
A	BL	24	134	1	2	BA1652	106584	8	7	0	0	0	0	0	0	0	0	0
A	BL	24	134	1	2	BA1652	106609	7	0	0	0	0	0	0	0	1	0	0
A	BL	24	134	1	2	BA1652	106612	7	8	2	0	1	0	0	0	0	0	0
A	BL	24	134	1	2	BA1652	106622	8	7	0	0	0	0	0	0	0	0	0
A	BL	24	134	1	2	BA1652	106637	7	0	0	0	0	0	0	0	1	0	0
A	BL	24	134	1	2	BA1652	106684	7	8	2	0	1	0	0	0	0	0	0
A	BL	24	134	1	2	BA1652	106694	8	7	0	0	0	0	0	0	0	0	0
A	BL	24	134	1	2	BA1652	106759	7	0	0	0	0	0	0	0	1	0	0
A	BL	24	134	1	2	BA1652	106894	7	8	2	0	1	0	0	0	0	0	0
A	BL	24	134	1	2	BA1652	106901	8	0	0	0	0	0	0	0	1	0	0
A	BL	24	134	1	2	BA1652	106904	8	7	0	0	1	0	0	0	0	0	0
A	BL	24	134	1	2	BA1652	106923	7	0	0	0	0	0	0	0	1	0	0
A	BL	24	134	1	2	BA1652	106943	7	8	2	0	1	0	0	0	0	0	0
A	BL	24	134	1	2	BA1652	106949	8	0	0	0	0	0	0	0	1	0	0
A	BL	24	134	1	2	BA1652	106953	8	7	0	0	0	0	0	0	0	0	0
A	BL	24	134	1	2	BA1652	106956	7	8	2	0	1	0	0	0	0	0	0
A	BL	24	134	1	2	BA1652	106960	8	0	0	0	0	0	0	0	1	0	0
A	BL	24	134	1	2	BA1652	106966	8	7	0	0	0	0	0	0	0	0	0
A	BL	24	134	1	2	BA1652	106974	7	8	2	0	1	0	0	0	0	0	0
A	BL	24	134	1	2	BA1652	106980	8	0	0	0	0	0	0	0	1	0	0
A	BL	24	134	1	2	BA1652	106984	8	7	0	0	0	0	0	0	0	0	0
A	BL	24	134	1	2	BA1652	107086	7	8	2	0	1	0	0	0	0	0	0
A	BL	24	134	1	2	BA1652	107096	8	7	0	0	0	0	0	0	0	0	0
A	BL	24	134	1	2	BA1652	107097	7	0	0	0	0	0	0	0	1	0	0
A	BL	24	134	1	2	BA1652	107130	7	8	2	0	1	0	0	0	0	0	0
A	BL	24	134	1	2	BA1652	107140	8	7	0	0	0	0	0	0	0	0	0
A	BL	24	134	1	2	BA1652	107157	7	0	0	0	0	0	0	0	1	0	0
A	BL	24	134	1	2	BA1652	107220	7	8	2	0	1	0	0	0	0	0	0
A	BL	24	134	1	2	BA1652	107230	8	7	0	0	0	0	0	0	0	0	0
A	BL	24	134	1	2	BA1652	107233	7	0	0	0	0	0	0	0	1	0	0
A	BL	24	134	1	2	BA1652	107235	7	8	2	0	1	0	0	0	0	0	0
A	BL	24	134	1	2	BA1652	107245	8	7	0	0	0	0	0	0	0	0	0
A	BL	24	134	1	2	BA1652	107248	7	0	0	0	0	0	0	0	1	0	0
A	BL	24	134	1	2	BA1652	107292	7	8	2	0	1	0	0	0	0	0	0
A	BL	24	134	1	2	BA1652	107302	8	7	0	0	0	0	0	0	0	0	0
A	BL	24	134	1	2	BA1652	107325	7	0	0	0	0	0	0	0	1	0	0
A	BL	24	134	1	2	BA1652	107328	7	8	2	0	1	0	0	0	0	0	0
A	BL	24	134	1	2	BA1652	107338	8	7	0	0	0	0	0	0	0	0	0
A	BL	24	134	1	2	BA1652	107339	7	0	0	0	0	0	0	0	1	0	0
A	BL	24	134	1	2	BA1652	107353	7	8	2	0	1	0	0	0	0	0	0
A	BL	24	134	1	2	BA1652	107357	8	0	0	0	0	0	0	0	1	0	0
A	BL	24	134	1	2	BA1652	107362	8	0	0	0	1	0	0	0	0	0	0
A	BL	24	134	1	2	BA1652	107363	8	7	0	0	0	0	0	0	0	0	0
A	BL	24	134	1	2	BA1652	107366	7	0	0	0	0	0	0	0	1	0	0
A	BL	24	134	1	2	BA1652	107436	7	8	2	0	1	0	0	0	0	0	0
A	BL	24	134	1	2	BA1652	107446	8	9	0	0	0	0	0	0	0	0	0
A	BL	24	134	1	2	BA1652	107448	9	0	0	0	0	0	0	0	1	0	0
A	BL	24	134	1	2	BA1652	107456	9	10	0	0	0	0	0	0	0	0	0
A	BL	24	134	1	2	BA1652	107531	10	2	0	0	0	0	0	0	0	0	0
A	BL	24	134	1	2	BA1652	107532	2	3	0	0	0	0	0	0	0	0	0
A	BL	24	134	1	2	BA1652	108095	3	5	1	1	0	0	0	0	0	0	0
A	BL	24	134	1	2	BA1652	108105	5	4	0	0	0	0	0	0	0	0	0
A	BL	24	134	1	2	BA1652	108121	4	0	0	0	0	0	0	1	0	0	0
A	BL	24	134	1	2	BA1652	108133	4	5	1	1	0	0	0	0	0	0	0
A	BL	24	134	1	2	BA1652	108143	5	4	0	0	0	0	0	0	0	0	0
A	BL	24	134	1	2	BA1652	108151	4	0	0	0	0	0	0	1	0	0	0
A	BL	24	134	1	2	BA1652	108153	4	5	1	1	0	0	0	0	0	0	0
A	BL	24	134	1	2	BA1652	108163	5	4	0	0	0	0	0	0	0	0	0
A	BL	24	134	1	2	BA1652	108210	4	0	0	0	0	0	0	1	0	0	0
A	BL	24	134	1	2	BA1652	108212	4	5	1	1	0	0	0	0	0	0	0
A	BL	24	134	1	2	BA1652	108222	5	4	0	0	0	0	0	0	0	0	0
A	BL	24	134	1	2	BA1652	108277	4	0	0	0	0	0	0	1	0	0	0
A	BL	24	134	1	2	BA1652	108307	4	5	1	1	0	0	0	0	0	0	0
A	BL	24	134	1	2	BA1652	108314	5	0	0	0	0	0	0	1	0	0	0
A	BL	24	134	1	2	BA1652	108317	5	9	0	1	0	0	0	0	0	0	0
A	BL	24	134	1	2	BA1652	108321	9	0	0	0	0	0	0	1	0	0	0
A	BL	24	134	1	2	BA1652	108327	9	10	0	0	0	0	0	0	0	0	0
A	BL	24	134	1	2	BA1652	108402	10	2	0	0	0	0	0	0	0	0	0
A	BL	24	134	1	2	BA1652	108403	2	3	0	0	0	0	0	0	0	0	0
A	BL	24	134	1	2	BA1652	108837	3	5	1	1	0	0	0	0	0	0	0
A	BL	24	134	1	2	BA1652	108847	5	4	0	0	0	0	0	0	0	0	0
A	BL	24	134	1	2	BA1652	108908	4	0	0	0	0	0	0	1	0	0	0
A	BL	24	134	1	2	BA1652	108956	4	5	1	1	0	0	0	0	0	0	0
A	BL	24	134	1	2	BA1652	108962	5	0	0	0	0	0	0	1	0	0	0
A	BL	24	134	1	2	BA1652	108966	5	4	0	0	0	0	0	0	0	0	0
A	BL	24	134	1	2	BA1652	108993	4	5	1	1	0	0	0	0	0	0	0
A	BL	24	134	1	2	BA1652	109003	5	4	0	0	0	0	0	0	0	0	0
A	BL	24	134	1	2	BA1652	109013	4	0	0	0	0	0	0	1	0	0	0
A	BL	24	134	1	2	BA1652	109028	4	5	1	1	0	0	0	0	0	0	0
A	BL	24	134	1	2	BA1652	109038	5	4	0	0	0	0	0	0	0	0	0
A	BL	24	134	1	2	BA1652	109059	4	0	0	0	0	0	0	1	0	0	0
A	BL	24	134	1	2	BA1652	109060	4	5	1	1	0	0	0	0	0	0	0
A	BL	24	134	1	2	BA1652	109070	5	9	0	0	0	0	0	0	0	0	0
A	BL	24	134	1	2	BA1652	109072	9	0	0	0	0	0	0	1	0	0	0
A	BL	24	134	1	2	BA1652	109080	9	10	0	0	0	0	0	0	0	0	0
A	BL	24	134	1	2	BA1652	109155	10	2	0	0	0	0	0	0	0	0	0
A	BL	24	134	1	2	BA1652	109156	2	3	0	0	0	0	0	0	0	0	0
A	BL	24	134	1	2	BA1652	109916	3	5	1	1	0	0	0	0	0	0	0
A	BL	24	134	1	2	BA1652	109926	5	4	0	0	0	0	0	0	0	0	0
A	BL	24	134	1	2	BA1652	109942	4	0	0	0	0	0	0	1	0	0	0
A	BL	24	134	1	2	BA1652	109946	4	5	1	1	0	0	0	0	0	0	0
A	BL	24	134	1	2	BA1652	109956	5	4	0	0	0	0	0	0	0	0	0
A	BL	24	134	1	2	BA1652	110145	4	0	0	0	0	0	0	1	0	0	0
A	BL	24	134	1	2	BA1652	110147	4	5	1	1	0	0	0	0	0	0	0
A	BL	24	134	1	2	BA1652	110157	5	4	0	0	0	0	0	0	0	0	0
A	BL	24	134	1	2	BA1652	110408	4	0	0	0	0	0	0	1	0	0	0
A	BL	24	134	1	2	BA1652	110489	4	5	1	1	0	0	0	0	0	0	0
A	BL	24	134	1	2	BA1652	110499	5	4	0	0	0	0	0	0	0	0	0
A	BL	24	134	1	2	BA1652	110552	4	0	0	0	0	0	0	1	0	0	0
A	BL	24	134	1	2	BA1652	110561	4	5	1	1	0	0	0	0	0	0	0
A	BL	24	134	1	2	BA1652	110571	5	9	0	0	0	0	0	0	0	0	0
A	BL	24	134	1	2	BA1652	110580	9	0	0	0	0	0	0	1	0	0	0
A	BL	24	134	1	2	BA1652	110581	9	10	0	0	0	0	0	0	0	0	0
A	BL	24	134	1	2	BA1652	110656	10	2	0	0	0	0	0	0	0	0	0
A	BL	24	134	1	2	BA1652	110657	2	6	0	0	0	0	0	0	0	0	0
A	BL	24	134	1	2	BA1652	113202	6	8	2	0	1	0	0	0	0	0	0
A	BL	24	134	1	2	BA1652	113212	8	7	0	0	0	0	0	0	0	0	0
A	BL	24	134	1	2	BA1652	113219	7	0	0	0	0	0	0	0	1	0	0
A	BL	24	134	1	2	BA1652	113224	7	8	2	0	1	0	0	0	0	0	0
A	BL	24	134	1	2	BA1652	113234	8	7	0	0	0	0	0	0	0	0	0
A	BL	24	134	1	2	BA1652	113241	7	0	0	0	0	0	0	0	1	0	0
A	BL	24	134	1	2	BA1652	113251	7	8	2	0	1	0	0	0	0	0	0
A	BL	24	134	1	2	BA1652	113261	8	7	0	0	0	0	0	0	0	0	0
A	BL	24	134	1	2	BA1652	113272	7	0	0	0	0	0	0	0	1	0	0
A	BL	24	134	1	2	BA1652	113399	7	8	2	0	1	0	0	0	0	0	0
A	BL	24	134	1	2	BA1652	113409	8	7	0	0	0	0	0	0	1	0	0
A	BL	24	134	1	2	BA1652	113420	7	8	2	0	1	0	0	0	0	0	0
A	BL	24	134	1	2	BA1652	113425	8	0	0	0	0	0	0	0	1	0	0
A	BL	24	134	1	2	BA1652	113430	8	7	0	0	0	0	0	0	0	0	0
A	BL	24	134	1	2	BA1652	113440	7	8	2	0	1	0	0	0	0	0	0
A	BL	24	134	1	2	BA1652	113450	8	7	0	0	0	0	0	0	1	0	0
A	BL	24	134	1	2	BA1652	113548	7	8	2	0	1	0	0	0	0	0	0
A	BL	24	134	1	2	BA1652	113555	8	0	0	0	0	0	0	0	1	0	0
A	BL	24	134	1	2	BA1652	113558	8	7	0	0	0	0	0	0	0	0	0
A	BL	24	134	1	2	BA1652	113563	7	8	2	0	1	0	0	0	0	0	0
A	BL	24	134	1	2	BA1652	113573	8	7	0	0	0	0	0	0	0	0	0
A	BL	24	134	1	2	BA1652	113581	7	0	0	0	0	0	0	0	1	0	0
A	BL	24	134	1	2	BA1652	113601	7	8	2	0	1	0	0	0	0	0	0
A	BL	24	134	1	2	BA1652	113604	8	0	0	0	0	0	0	0	1	0	0
A	BL	24	134	1	2	BA1652	113611	8	7	0	0	0	0	0	0	0	0	0
A	BL	24	134	1	2	BA1652	113670	7	8	2	0	1	0	0	0	0	0	0
A	BL	24	134	1	2	BA1652	113680	8	7	0	0	0	0	0	0	0	0	0
A	BL	24	134	1	2	BA1652	113685	7	0	0	0	0	0	0	0	1	0	0
A	BL	24	134	1	2	BA1652	113691	7	8	2	0	1	0	0	0	0	0	0
A	BL	24	134	1	2	BA1652	113693	8	0	0	0	0	0	0	0	1	0	0
A	BL	24	134	1	2	BA1652	113701	8	7	0	0	0	0	0	0	0	0	0
A	BL	24	134	1	2	BA1652	113711	7	8	2	0	1	0	0	0	0	0	0
A	BL	24	134	1	2	BA1652	113721	8	7	0	0	0	0	0	0	0	0	0
A	BL	24	134	1	2	BA1652	113723	7	0	0	0	0	0	0	0	1	0	0
A	BL	24	134	1	2	BA1652	113737	7	8	2	0	1	0	0	0	0	0	0
A	BL	24	134	1	2	BA1652	113747	8	7	0	0	0	0	0	0	0	0	0
A	BL	24	134	1	2	BA1652	113754	7	0	0	0	0	0	0	0	1	0	0
A	BL	24	134	1	2	BA1652	113763	7	8	2	0	1	0	0	0	0	0	0
A	BL	24	134	1	2	BA1652	113770	8	0	0	0	0	0	0	0	1	0	0
A	BL	24	134	1	2	BA1652	113773	8	7	0	0	0	0	0	0	0	0	0
A	BL	24	134	1	2	BA1652	113775	7	8	2	0	1	0	0	0	0	0	0
A	BL	24	134	1	2	BA1652	113785	8	7	0	0	0	0	0	0	0	0	0
A	BL	24	134	1	2	BA1652	113800	7	0	0	0	0	0	0	0	1	0	0
A	BL	24	134	1	2	BA1652	113887	7	8	2	0	1	0	0	0	0	0	0
A	BL	24	134	1	2	BA1652	113889	8	0	0	0	0	0	0	0	1	0	0
A	BL	24	134	1	2	BA1652	113891	8	0	0	0	1	0	0	0	0	0	0
A	BL	24	134	1	2	BA1652	113897	8	7	0	0	0	0	0	0	0	0	0
A	BL	24	134	1	2	BA1652	113899	7	0	0	0	0	0	0	0	1	0	0
A	BL	24	134	1	2	BA1652	113925	7	8	2	0	1	0	0	0	0	0	0
A	BL	24	134	1	2	BA1652	113926	8	0	0	0	0	0	0	0	1	0	0
A	BL	24	134	1	2	BA1652	113935	8	7	0	0	0	0	0	0	0	0	0
A	BL	24	134	1	2	BA1652	113943	7	8	2	0	1	0	0	0	0	0	0
A	BL	24	134	1	2	BA1652	113953	8	7	0	0	0	0	0	0	0	0	0
A	BL	24	134	1	2	BA1652	113958	7	0	0	0	0	0	0	0	1	0	0
A	BL	24	134	1	2	BA1652	113963	7	8	2	0	1	0	0	0	0	0	0
A	BL	24	134	1	2	BA1652	113965	8	0	0	0	0	0	0	0	1	0	0
A	BL	24	134	1	2	BA1652	113973	8	7	0	0	0	0	0	0	0	0	0
A	BL	24	134	1	2	BA1652	113984	7	8	2	0	1	0	0	0	0	0	0
A	BL	24	134	1	2	BA1652	113991	8	0	0	0	0	0	0	0	1	0	0
A	BL	24	134	1	2	BA1652	113994	8	9	0	0	0	0	0	0	0	0	0
A	BL	24	134	1	2	BA1652	114004	9	10	0	0	0	0	0	0	0	0	0
A	BL	24	134	1	2	BA1652	114079	10	2	0	0	0	0	0	0	0	0	0
A	BL	24	134	1	2	BA1652	114080	2	3	0	0	0	0	0	0	0	0	0
A	BL	24	134	1	2	BA1652	114526	3	5	1	1	0	0	0	0	0	0	0
A	BL	24	134	1	2	BA1652	114536	5	4	0	0	0	0	0	0	0	0	0
A	BL	24	134	1	2	BA1652	114538	4	0	0	0	0	0	0	1	0	0	0
A	BL	24	134	1	2	BA1652	114553	4	5	1	1	0	0	0	0	0	0	0
A	BL	24	134	1	2	BA1652	114563	5	4	0	0	0	0	0	0	0	0	0
A	BL	24	134	1	2	BA1652	114606	4	0	0	0	0	0	0	1	0	0	0
A	BL	24	134	1	2	BA1652	114611	4	5	1	1	0	0	0	0	0	0	0
A	BL	24	134	1	2	BA1652	114613	5	0	0	0	0	0	0	1	0	0	0
A	BL	24	134	1	2	BA1652	114615	5	0	0	1	0	0	0	0	0	0	0
A	BL	24	134	1	2	BA1652	114619	5	0	0	0	0	0	0	1	0	0	0
A	BL	24	134	1	2	BA1652	114621	5	4	0	1	0	0	0	0	0	0	0
A	BL	24	134	1	2	BA1652	114647	4	0	0	0	0	0	0	1	0	0	0
A	BL	24	134	1	2	BA1652	114648	4	5	1	1	0	0	0	0	0	0	0
A	BL	24	134	1	2	BA1652	114658	5	4	0	0	0	0	0	0	0	0	0
A	BL	24	134	1	2	BA1652	114752	4	0	0	0	0	0	0	1	0	0	0
A	BL	24	134	1	2	BA1652	114754	4	5	1	1	0	0	0	0	0	0	0
A	BL	24	134	1	2	BA1652	114764	5	9	0	0	0	0	0	0	0	0	0
A	BL	24	134	1	2	BA1652	114768	9	0	0	0	0	0	0	1	0	0	0
A	BL	24	134	1	2	BA1652	114774	9	10	0	0	0	0	0	0	0	0	0
A	BL	24	134	1	2	BA1652	114849	10	2	0	0	0	0	0	0	0	0	0
A	BL	24	134	1	2	BA1652	114850	2	6	0	0	0	0	0	0	0	0	0
A	BL	24	134	1	2	BA1652	115946	6	8	2	0	1	0	0	0	0	0	0
A	BL	24	134	1	2	BA1652	115956	8	7	0	0	0	0	0	0	0	0	0
A	BL	24	134	1	2	BA1652	115969	7	0	0	0	0	0	0	0	1	0	0
A	BL	24	134	1	2	BA1652	116026	7	8	2	0	1	0	0	0	0	0	0
A	BL	24	134	1	2	BA1652	116030	8	0	0	0	0	0	0	0	1	0	0
A	BL	24	134	1	2	BA1652	116036	8	7	0	0	0	0	0	0	0	0	0
A	BL	24	134	1	2	BA1652	116151	7	8	2	0	1	0	0	0	0	0	0
A	BL	24	134	1	2	BA1652	116161	8	7	0	0	0	0	0	0	0	0	0
A	BL	24	134	1	2	BA1652	116182	7	0	0	0	0	0	0	0	1	0	0
A	BL	24	134	1	2	BA1652	116188	7	8	2	0	1	0	0	0	0	0	0
A	BL	24	134	1	2	BA1652	116198	8	7	0	0	0	0	0	0	0	0	0
A	BL	24	134	1	2	BA1652	116207	7	0	0	0	0	0	0	0	1	0	0
A	BL	24	134	1	2	BA1652	116385	7	8	2	0	1	0	0	0	0	0	0
A	BL	24	134	1	2	BA1652	116390	8	0	0	0	0	0	0	0	1	0	0
A	BL	24	134	1	2	BA1652	116395	8	7	0	0	0	0	0	0	0	0	0
A	BL	24	134	1	2	BA1652	116396	7	8	2	0	1	0	0	0	0	0	0
A	BL	24	134	1	2	BA1652	116406	8	7	0	0	0	0	0	0	0	0	0
A	BL	24	134	1	2	BA1652	116419	7	0	0	0	0	0	0	0	1	0	0
A	BL	24	134	1	2	BA1652	116439	7	8	2	0	1	0	0	0	0	0	0
A	BL	24	134	1	2	BA1652	116449	8	7	0	0	0	0	0	0	0	0	0
A	BL	24	134	1	2	BA1652	116450	7	0	0	0	0	0	0	0	1	0	0
A	BL	24	134	1	2	BA1652	116556	7	8	2	0	1	0	0	0	0	0	0
A	BL	24	134	1	2	BA1652	116566	8	7	0	0	0	0	0	0	0	0	0
A	BL	24	134	1	2	BA1652	116594	7	0	0	0	0	0	0	0	1	0	0
A	BL	24	134	1	2	BA1652	116602	7	8	2	0	1	0	0	0	0	0	0
A	BL	24	134	1	2	BA1652	116610	8	0	0	0	0	0	0	0	1	0	0
A	BL	24	134	1	2	BA1652	116612	8	7	0	0	0	0	0	0	0	0	0
A	BL	24	134	1	2	BA1652	116686	7	8	2	0	1	0	0	0	0	0	0
A	BL	24	134	1	2	BA1652	116696	8	7	0	0	0	0	0	0	0	0	0
A	BL	24	134	1	2	BA1652	116702	7	0	0	0	0	0	0	0	1	0	0
A	BL	24	134	1	2	BA1652	116733	7	8	2	0	1	0	0	0	0	0	0
A	BL	24	134	1	2	BA1652	116734	8	0	0	0	0	0	0	0	1	0	0
A	BL	24	134	1	2	BA1652	116743	8	7	0	0	0	0	0	0	0	0	0
A	BL	24	134	1	2	BA1652	116744	7	8	2	0	1	0	0	0	0	0	0
A	BL	24	134	1	2	BA1652	116754	8	7	0	0	0	0	0	0	0	0	0
A	BL	24	134	1	2	BA1652	116760	7	0	0	0	0	0	0	0	1	0	0
A	BL	24	134	1	2	BA1652	116919	7	8	2	0	1	0	0	0	0	0	0
A	BL	24	134	1	2	BA1652	116923	8	0	0	0	0	0	0	0	1	0	0
A	BL	24	134	1	2	BA1652	116929	8	7	0	0	1	0	0	0	0	0	0
A	BL	24	134	1	2	BA1652	116935	7	0	0	0	0	0	0	0	1	0	0
A	BL	24	134	1	2	BA1652	116940	7	8	2	0	1	0	0	0	0	0	0
A	BL	24	134	1	2	BA1652	116950	8	7	0	0	0	0	0	0	0	0	0
A	BL	24	134	1	2	BA1652	116974	7	0	0	0	0	0	0	0	1	0	0
A	BL	24	134	1	2	BA1652	117042	7	8	2	0	1	0	0	0	0	0	0
A	BL	24	134	1	2	BA1652	117052	8	7	0	0	0	0	0	0	0	0	0
A	BL	24	134	1	2	BA1652	117058	7	0	0	0	0	0	0	0	1	0	0
A	BL	24	134	1	2	BA1652	117066	7	8	2	0	1	0	0	0	0	0	0
A	BL	24	134	1	2	BA1652	117076	8	7	0	0	0	0	0	0	1	0	0
A	BL	24	134	1	2	BA1652	117105	7	8	2	0	1	0	0	0	0	0	0
A	BL	24	134	1	2	BA1652	117108	8	0	0	0	0	0	0	0	1	0	0
A	BL	24	134	1	2	BA1652	117112	8	0	0	0	1	0	0	0	0	0	0
A	BL	24	134	1	2	BA1652	117115	8	7	0	0	0	0	0	0	0	0	0
A	BL	24	134	1	2	BA1652	117123	7	0	0	0	0	0	0	0	1	0	0
A	BL	24	134	1	2	BA1652	117183	7	8	2	0	1	0	0	0	0	0	0
A	BL	24	134	1	2	BA1652	117193	8	7	0	0	0	0	0	0	0	0	0
A	BL	24	134	1	2	BA1652	117217	7	0	0	0	0	0	0	0	1	0	0
A	BL	24	134	1	2	BA1652	117222	7	8	2	0	1	0	0	0	0	0	0
A	BL	24	134	1	2	BA1652	117232	8	7	0	0	0	0	0	0	0	0	0
A	BL	24	134	1	2	BA1652	117248	7	0	0	0	0	0	0	0	1	0	0
A	BL	24	134	1	2	BA1652	117260	7	8	2	0	1	0	0	0	0	0	0
A	BL	24	134	1	2	BA1652	117267	8	0	0	0	0	0	0	0	1	0	0
A	BL	24	134	1	2	BA1652	117268	8	0	0	0	1	0	0	0	0	0	0
A	BL	24	134	1	2	BA1652	117270	8	9	0	0	0	0	0	0	0	0	0
A	BL	24	134	1	2	BA1652	117279	9	0	0	0	0	0	0	0	1	0	0
A	BL	24	134	1	2	BA1652	117280	9	10	0	0	0	0	0	0	0	0	0
A	BL	24	134	1	2	BA1652	117355	10	2	0	0	0	0	0	0	0	0	0
A	BL	24	134	1	2	BA1652	117356	2	3	0	0	0	0	0	0	0	0	0
A	BL	24	134	1	2	BA1652	117830	3	5	1	1	0	0	0	0	0	0	0
A	BL	24	134	1	2	BA1652	117840	5	4	0	0	0	0	0	0	0	0	0
A	BL	24	134	1	2	BA1652	117857	4	0	0	0	0	0	0	1	0	0	0
A	BL	24	134	1	2	BA1652	117866	4	5	1	1	0	0	0	0	0	0	0
A	BL	24	134	1	2	BA1652	117870	5	0	0	0	0	0	0	1	0	0	0
A	BL	24	134	1	2	BA1652	117876	5	4	0	0	0	0	0	0	0	0	0
A	BL	24	134	1	2	BA1652	117879	4	5	1	1	0	0	0	0	0	0	0
A	BL	24	134	1	2	BA1652	117889	5	4	0	0	0	0	0	0	0	0	0
A	BL	24	134	1	2	BA1652	117905	4	0	0	0	0	0	0	1	0	0	0
A	BL	24	134	1	2	BA1652	117907	4	5	1	1	0	0	0	0	0	0	0
A	BL	24	134	1	2	BA1652	117917	5	4	0	0	0	0	0	0	0	0	0
A	BL	24	134	1	2	BA1652	118117	4	0	0	0	0	0	0	1	0	0	0
A	BL	24	134	1	2	BA1652	118118	4	5	1	1	0	0	0	0	0	0	0
A	BL	24	134	1	2	BA1652	118128	5	9	0	0	0	0	0	0	0	0	0
A	BL	24	134	1	2	BA1652	118133	9	0	0	0	0	0	0	1	0	0	0
A	BL	24	134	1	2	BA1652	118138	9	10	0	0	0	0	0	0	0	0	0
A	BL	24	134	1	2	BA1652	118213	10	2	0	0	0	0	0	0	0	0	0
A	BL	24	134	1	2	BA1652	118214	2	3	0	0	0	0	0	0	0	0	0
A	BL	24	134	1	2	BA1652	118825	3	5	1	1	0	0	0	0	0	0	0
A	BL	24	134	1	2	BA1652	118835	5	4	0	0	0	0	0	0	0	0	0
A	BL	24	134	1	2	BA1652	118971	4	0	0	0	0	0	0	1	0	0	0
A	BL	24	134	1	2	BA1652	118976	4	5	1	1	0	0	0	0	0	0	0
A	BL	24	134	1	2	BA1652	118986	5	4	0	0	0	0	0	0	0	0	0
A	BL	24	134	1	2	BA1652	119071	4	0	0	0	0	0	0	1	0	0	0
A	BL	24	134	1	2	BA1652	119111	4	5	1	1	0	0	0	0	0	0	0
A	BL	24	134	1	2	BA1652	119121	5	4	0	0	0	0	0	0	0	0	0
A	BL	24	134	1	2	BA1652	119174	4	0	0	0	0	0	0	1	0	0	0
A	BL	24	134	1	2	BA1652	119178	4	5	1	1	0	0	0	0	0	0	0
A	BL	24	134	1	2	BA1652	119188	5	4	0	0	0	0	0	0	0	0	0
A	BL	24	134	1	2	BA1652	119324	4	0	0	0	0	0	0	1	0	0	0
A	BL	24	134	1	2	BA1652	119404	4	5	1	1	0	0	0	0	0	0	0
A	BL	24	134	1	2	BA1652	119414	5	9	0	0	0	0	0	0	0	0	0
A	BL	24	134	1	2	BA1652	119423	9	0	0	0	0	0	0	1	0	0	0
A	BL	24	134	1	2	BA1652	119424	9	-1	0	0	0	0	0	0	0	0	0
