Project	UserID	Protocol	Session	Station	Run	Subject	Time	Current State	Transition State	Transition Event	A1 - 	A2 - 	A3 - 	A4 - 	A[1] 	A[2] 	A[3] 	A[4] 
A	BL	18	135	1	2	BA1652	0	0	1	0	0	0	0	0	0	0	0	0
A	BL	18	135	1	2	BA1652	50	1	2	0	0	0	0	0	0	0	0	0
A	BL	18	135	1	2	BA1652	51	2	3	0	0	0	0	0	0	0	0	0
A	BL	18	135	1	2	BA1652	9355	3	5	1	1	0	0	0	0	0	0	0
A	BL	18	135	1	2	BA1652	9365	5	4	0	0	0	0	0	0	0	0	0
A	BL	18	135	1	2	BA1652	9390	4	0	0	0	0	0	0	1	0	0	0
A	BL	18	135	1	2	BA1652	9429	4	5	1	1	0	0	0	0	0	0	0
A	BL	18	135	1	2	BA1652	9439	5	4	0	0	0	0	0	0	0	0	0
A	BL	18	135	1	2	BA1652	9474	4	0	0	0	0	0	0	1	0	0	0
A	BL	18	135	1	2	BA1652	9487	4	5	1	1	0	0	0	0	0	0	0
A	BL	18	135	1	2	BA1652	9497	5	4	0	0	0	0	0	0	0	0	0
A	BL	18	135	1	2	BA1652	9504	4	0	0	0	0	0	0	1	0	0	0
A	BL	18	135	1	2	BA1652	9509	4	5	1	1	0	0	0	0	0	0	0
A	BL	18	135	1	2	BA1652	9519	5	4	0	0	0	0	0	0	0	0	0
A	BL	18	135	1	2	BA1652	9536	4	0	0	0	0	0	0	1	0	0	0
A	BL	18	135	1	2	BA1652	9589	4	5	1	1	0	0	0	0	0	0	0
A	BL	18	135	1	2	BA1652	9595	5	0	0	0	0	0	0	1	0	0	0
A	BL	18	135	1	2	BA1652	9599	5	9	0	0	0	0	0	0	0	0	0
A	BL	18	135	1	2	BA1652	9609	9	10	0	0	0	0	0	0	0	0	0
A	BL	18	135	1	2	BA1652	9684	10	2	0	0	0	0	0	0	0	0	0
A	BL	18	135	1	2	BA1652	9685	2	3	0	0	0	0	0	0	0	0	0
A	BL	18	135	1	2	BA1652	10238	3	5	1	1	0	0	0	0	0	0	0
A	BL	18	135	1	2	BA1652	10248	5	4	0	0	0	0	0	0	0	0	0
A	BL	18	135	1	2	BA1652	10268	4	0	0	0	0	0	0	1	0	0	0
A	BL	18	135	1	2	BA1652	10387	4	5	1	1	0	0	0	0	0	0	0
A	BL	18	135	1	2	BA1652	10397	5	4	0	0	0	0	0	0	0	0	0
A	BL	18	135	1	2	BA1652	10434	4	0	0	0	0	0	0	1	0	0	0
A	BL	18	135	1	2	BA1652	10438	4	5	1	1	0	0	0	0	0	0	0
A	BL	18	135	1	2	BA1652	10448	5	4	0	0	0	0	0	0	0	0	0
A	BL	18	135	1	2	BA1652	10453	4	0	0	0	0	0	0	1	0	0	0
A	BL	18	135	1	2	BA1652	10454	4	5	1	1	0	0	0	0	0	0	0
A	BL	18	135	1	2	BA1652	10464	5	4	0	0	0	0	0	0	0	0	0
A	BL	18	135	1	2	BA1652	10476	4	0	0	0	0	0	0	1	0	0	0
A	BL	18	135	1	2	BA1652	10493	4	5	1	1	0	0	0	0	0	0	0
A	BL	18	135	1	2	BA1652	10503	5	9	0	0	0	0	0	0	0	0	0
A	BL	18	135	1	2	BA1652	10509	9	0	0	0	0	0	0	1	0	0	0
A	BL	18	135	1	2	BA1652	10511	9	0	0	1	0	0	0	0	0	0	0
A	BL	18	135	1	2	BA1652	10513	9	10	0	0	0	0	0	0	0	0	0
A	BL	18	135	1	2	BA1652	10515	10	0	0	0	0	0	0	1	0	0	0
A	BL	18	135	1	2	BA1652	10588	10	2	0	0	0	0	0	0	0	0	0
A	BL	18	135	1	2	BA1652	10589	2	3	0	0	0	0	0	0	0	0	0
A	BL	18	135	1	2	BA1652	11244	3	5	1	1	0	0	0	0	0	0	0
A	BL	18	135	1	2	BA1652	11254	5	4	0	0	0	0	0	0	0	0	0
A	BL	18	135	1	2	BA1652	11266	4	0	0	0	0	0	0	1	0	0	0
A	BL	18	135	1	2	BA1652	11289	4	5	1	1	0	0	0	0	0	0	0
A	BL	18	135	1	2	BA1652	11297	5	0	0	0	0	0	0	1	0	0	0
A	BL	18	135	1	2	BA1652	11299	5	4	0	0	0	0	0	0	0	0	0
A	BL	18	135	1	2	BA1652	11305	4	5	1	1	0	0	0	0	0	0	0
A	BL	18	135	1	2	BA1652	11311	5	0	0	0	0	0	0	1	0	0	0
A	BL	18	135	1	2	BA1652	11314	5	0	0	1	0	0	0	0	0	0	0
A	BL	18	135	1	2	BA1652	11315	5	4	0	0	0	0	0	0	0	0	0
A	BL	18	135	1	2	BA1652	11322	4	0	0	0	0	0	0	1	0	0	0
A	BL	18	135	1	2	BA1652	11326	4	5	1	1	0	0	0	0	0	0	0
A	BL	18	135	1	2	BA1652	11330	5	0	0	0	0	0	0	1	0	0	0
A	BL	18	135	1	2	BA1652	11331	5	0	0	1	0	0	0	0	0	0	0
A	BL	18	135	1	2	BA1652	11336	5	4	0	0	0	0	0	0	0	0	0
A	BL	18	135	1	2	BA1652	11379	4	0	0	0	0	0	0	1	0	0	0
A	BL	18	135	1	2	BA1652	11380	4	5	1	1	0	0	0	0	0	0	0
A	BL	18	135	1	2	BA1652	11390	5	9	0	0	0	0	0	0	0	0	0
A	BL	18	135	1	2	BA1652	11395	9	0	0	0	0	0	0	1	0	0	0
A	BL	18	135	1	2	BA1652	11400	9	10	0	0	0	0	0	0	0	0	0
A	BL	18	135	1	2	BA1652	11475	10	2	0	0	0	0	0	0	0	0	0
A	BL	18	135	1	2	BA1652	11476	2	6	0	0	0	0	0	0	0	0	0
A	BL	18	135	1	2	BA1652	16448	6	8	2	0	1	0	0	0	0	0	0
A	BL	18	135	1	2	BA1652	16458	8	7	0	0	0	0	0	0	0	0	0
A	BL	18	135	1	2	BA1652	16468	7	0	0	0	0	0	0	0	1	0	0
A	BL	18	135	1	2	BA1652	16528	7	8	2	0	1	0	0	0	0	0	0
A	BL	18	135	1	2	BA1652	16534	8	0	0	0	0	0	0	0	1	0	0
A	BL	18	135	1	2	BA1652	16538	8	7	0	0	0	0	0	0	0	0	0
A	BL	18	135	1	2	BA1652	16546	7	8	2	0	1	0	0	0	0	0	0
A	BL	18	135	1	2	BA1652	16556	8	7	0	0	0	0	0	0	0	0	0
A	BL	18	135	1	2	BA1652	16557	7	0	0	0	0	0	0	0	1	0	0
A	BL	18	135	1	2	BA1652	16565	7	8	2	0	1	0	0	0	0	0	0
A	BL	18	135	1	2	BA1652	16575	8	7	0	0	0	0	0	0	0	0	0
A	BL	18	135	1	2	BA1652	16581	7	0	0	0	0	0	0	0	1	0	0
A	BL	18	135	1	2	BA1652	16587	7	8	2	0	1	0	0	0	0	0	0
A	BL	18	135	1	2	BA1652	16593	8	0	0	0	0	0	0	0	1	0	0
A	BL	18	135	1	2	BA1652	16597	8	7	0	0	0	0	0	0	0	0	0
A	BL	18	135	1	2	BA1652	16676	7	8	2	0	1	0	0	0	0	0	0
A	BL	18	135	1	2	BA1652	16680	8	0	0	0	0	0	0	0	1	0	0
A	BL	18	135	1	2	BA1652	16686	8	7	0	0	0	0	0	0	0	0	0
A	BL	18	135	1	2	BA1652	16701	7	8	2	0	1	0	0	0	0	0	0
A	BL	18	135	1	2	BA1652	16709	8	0	0	0	0	0	0	0	1	0	0
A	BL	18	135	1	2	BA1652	16711	8	7	0	0	0	0	0	0	0	0	0
A	BL	18	135	1	2	BA1652	16715	7	8	2	0	1	0	0	0	0	0	0
A	BL	18	135	1	2	BA1652	16725	8	7	0	0	0	0	0	0	0	0	0
A	BL	18	135	1	2	BA1652	16757	7	0	0	0	0	0	0	0	1	0	0
A	BL	18	135	1	2	BA1652	16782	7	8	2	0	1	0	0	0	0	0	0
A	BL	18	135	1	2	BA1652	16792	8	7	0	0	0	0	0	0	0	0	0
A	BL	18	135	1	2	BA1652	16797	7	0	0	0	0	0	0	0	1	0	0
A	BL	18	135	1	2	BA1652	16802	7	8	2	0	1	0	0	0	0	0	0
A	BL	18	135	1	2	BA1652	16812	8	7	0	0	0	0	0	0	0	0	0
A	BL	18	135	1	2	BA1652	16815	7	0	0	0	0	0	0	0	1	0	0
A	BL	18	135	1	2	BA1652	16837	7	8	2	0	1	0	0	0	0	0	0
A	BL	18	135	1	2	BA1652	16838	8	0	0	0	0	0	0	0	1	0	0
A	BL	18	135	1	2	BA1652	16844	8	0	0	0	1	0	0	0	0	0	0
A	BL	18	135	1	2	BA1652	16847	8	7	0	0	0	0	0	0	0	0	0
A	BL	18	135	1	2	BA1652	16855	7	0	0	0	0	0	0	0	1	0	0
A	BL	18	135	1	2	BA1652	16857	7	8	2	0	1	0	0	0	0	0	0
A	BL	18	135	1	2	BA1652	16867	8	7	0	0	0	0	0	0	0	0	0
A	BL	18	135	1	2	BA1652	16875	7	0	0	0	0	0	0	0	1	0	0
A	BL	18	135	1	2	BA1652	16878	7	8	2	0	1	0	0	0	0	0	0
A	BL	18	135	1	2	BA1652	16884	8	0	0	0	0	0	0	0	1	0	0
A	BL	18	135	1	2	BA1652	16888	8	7	0	0	0	0	0	0	0	0	0
A	BL	18	135	1	2	BA1652	16959	7	8	2	0	1	0	0	0	0	0	0
A	BL	18	135	1	2	BA1652	16968	8	0	0	0	0	0	0	0	1	0	0
A	BL	18	135	1	2	BA1652	16969	8	7	0	0	0	0	0	0	0	0	0
A	BL	18	135	1	2	BA1652	17001	7	8	2	0	1	0	0	0	0	0	0
A	BL	18	135	1	2	BA1652	17005	8	0	0	0	0	0	0	0	1	0	0
A	BL	18	135	1	2	BA1652	17011	8	7	0	0	0	0	0	0	0	0	0
A	BL	18	135	1	2	BA1652	17026	7	8	2	0	1	0	0	0	0	0	0
A	BL	18	135	1	2	BA1652	17036	8	7	0	0	0	0	0	0	0	0	0
A	BL	18	135	1	2	BA1652	17044	7	0	0	0	0	0	0	0	1	0	0
A	BL	18	135	1	2	BA1652	17052	7	8	2	0	1	0	0	0	0	0	0
A	BL	18	135	1	2	BA1652	17060	8	0	0	0	0	0	0	0	1	0	0
A	BL	18	135	1	2	BA1652	17062	8	7	0	0	0	0	0	0	0	0	0
A	BL	18	135	1	2	BA1652	17063	7	8	2	0	1	0	0	0	0	0	0
A	BL	18	135	1	2	BA1652	17068	8	0	0	0	0	0	0	0	1	0	0
A	BL	18	135	1	2	BA1652	17073	8	7	0	0	0	0	0	0	0	0	0
A	BL	18	135	1	2	BA1652	17077	7	8	2	0	1	0	0	0	0	0	0
A	BL	18	135	1	2	BA1652	17081	8	0	0	0	0	0	0	0	1	0	0
A	BL	18	135	1	2	BA1652	17087	8	7	0	0	0	0	0	0	0	0	0
A	BL	18	135	1	2	BA1652	17140	7	8	2	0	1	0	0	0	0	0	0
A	BL	18	135	1	2	BA1652	17149	8	0	0	0	0	0	0	0	1	0	0
A	BL	18	135	1	2	BA1652	17150	8	9	0	0	0	0	0	0	0	0	0
A	BL	18	135	1	2	BA1652	17160	9	10	0	0	0	0	0	0	0	0	0
A	BL	18	135	1	2	BA1652	17235	10	2	0	0	0	0	0	0	0	0	0
A	BL	18	135	1	2	BA1652	17236	2	6	0	0	0	0	0	0	0	0	0
A	BL	18	135	1	2	BA1652	17873	6	8	2	0	1	0	0	0	0	0	0
A	BL	18	135	1	2	BA1652	17883	8	7	0	0	0	0	0	0	0	0	0
A	BL	18	135	1	2	BA1652	17892	7	0	0	0	0	0	0	0	1	0	0
A	BL	18	135	1	2	BA1652	18037	7	8	2	0	1	0	0	0	0	0	0
A	BL	18	135	1	2	BA1652	18041	8	0	0	0	0	0	0	0	1	0	0
A	BL	18	135	1	2	BA1652	18047	8	7	0	0	0	0	0	0	0	0	0
A	BL	18	135	1	2	BA1652	18050	7	8	2	0	1	0	0	0	0	0	0
A	BL	18	135	1	2	BA1652	18055	8	0	0	0	0	0	0	0	1	0	0
A	BL	18	135	1	2	BA1652	18060	8	7	0	0	0	0	0	0	0	0	0
A	BL	18	135	1	2	BA1652	18064	7	8	2	0	1	0	0	0	0	0	0
A	BL	18	135	1	2	BA1652	18070	8	0	0	0	0	0	0	0	1	0	0
A	BL	18	135	1	2	BA1652	18074	8	7	0	0	0	0	0	0	0	0	0
A	BL	18	135	1	2	BA1652	18177	7	8	2	0	1	0	0	0	0	0	0
A	BL	18	135	1	2	BA1652	18187	8	7	0	0	0	0	0	0	0	0	0
A	BL	18	135	1	2	BA1652	18203	7	0	0	0	0	0	0	0	1	0	0
A	BL	18	135	1	2	BA1652	18208	7	8	2	0	1	0	0	0	0	0	0
A	BL	18	135	1	2	BA1652	18218	8	7	0	0	0	0	0	0	1	0	0
A	BL	18	135	1	2	BA1652	18248	7	8	2	0	1	0	0	0	0	0	0
A	BL	18	135	1	2	BA1652	18251	8	0	0	0	0	0	0	0	1	0	0
A	BL	18	135	1	2	BA1652	18258	8	7	0	0	1	0	0	0	0	0	0
A	BL	18	135	1	2	BA1652	18278	7	0	0	0	0	0	0	0	1	0	0
A	BL	18	135	1	2	BA1652	18285	7	8	2	0	1	0	0	0	0	0	0
A	BL	18	135	1	2	BA1652	18289	8	0	0	0	0	0	0	0	1	0	0
A	BL	18	135	1	2	BA1652	18295	8	7	0	0	0	0	0	0	0	0	0
A	BL	18	135	1	2	BA1652	18315	7	8	2	0	1	0	0	0	0	0	0
A	BL	18	135	1	2	BA1652	18316	8	0	0	0	0	0	0	0	1	0	0
A	BL	18	135	1	2	BA1652	18319	8	0	0	0	1	0	0	0	0	0	0
A	BL	18	135	1	2	BA1652	18321	8	0	0	0	0	0	0	0	1	0	0
A	BL	18	135	1	2	BA1652	18325	8	7	0	0	0	0	0	0	0	0	0
A	BL	18	135	1	2	BA1652	18357	7	8	2	0	1	0	0	0	0	0	0
A	BL	18	135	1	2	BA1652	18367	8	7	0	0	0	0	0	0	0	0	0
A	BL	18	135	1	2	BA1652	18385	7	0	0	0	0	0	0	0	1	0	0
A	BL	18	135	1	2	BA1652	18391	7	8	2	0	1	0	0	0	0	0	0
A	BL	18	135	1	2	BA1652	18401	8	7	0	0	0	0	0	0	0	0	0
A	BL	18	135	1	2	BA1652	18406	7	0	0	0	0	0	0	0	1	0	0
A	BL	18	135	1	2	BA1652	18419	7	8	2	0	1	0	0	0	0	0	0
A	BL	18	135	1	2	BA1652	18426	8	0	0	0	0	0	0	0	1	0	0
A	BL	18	135	1	2	BA1652	18429	8	7	0	0	0	0	0	0	0	0	0
A	BL	18	135	1	2	BA1652	18483	7	8	2	0	1	0	0	0	0	0	0
A	BL	18	135	1	2	BA1652	18493	8	7	0	0	0	0	0	0	0	0	0
A	BL	18	135	1	2	BA1652	18496	7	0	0	0	0	0	0	0	1	0	0
A	BL	18	135	1	2	BA1652	18511	7	8	2	0	1	0	0	0	0	0	0
A	BL	18	135	1	2	BA1652	18513	8	0	0	0	0	0	0	0	1	0	0
A	BL	18	135	1	2	BA1652	18521	8	7	0	0	0	0	0	0	0	0	0
A	BL	18	135	1	2	BA1652	18544	7	8	2	0	1	0	0	0	0	0	0
A	BL	18	135	1	2	BA1652	18554	8	7	0	0	0	0	0	0	0	0	0
A	BL	18	135	1	2	BA1652	18590	7	0	0	0	0	0	0	0	1	0	0
A	BL	18	135	1	2	BA1652	18624	7	8	2	0	1	0	0	0	0	0	0
A	BL	18	135	1	2	BA1652	18631	8	0	0	0	0	0	0	0	1	0	0
A	BL	18	135	1	2	BA1652	18634	8	7	0	0	0	0	0	0	0	0	0
A	BL	18	135	1	2	BA1652	18639	7	8	2	0	1	0	0	0	0	0	0
A	BL	18	135	1	2	BA1652	18644	8	0	0	0	0	0	0	0	1	0	0
A	BL	18	135	1	2	BA1652	18645	8	0	0	0	1	0	0	0	0	0	0
A	BL	18	135	1	2	BA1652	18649	8	7	0	0	0	0	0	0	0	0	0
A	BL	18	135	1	2	BA1652	18661	7	0	0	0	0	0	0	0	1	0	0
A	BL	18	135	1	2	BA1652	18766	7	8	2	0	1	0	0	0	0	0	0
A	BL	18	135	1	2	BA1652	18769	8	0	0	0	0	0	0	0	1	0	0
A	BL	18	135	1	2	BA1652	18772	8	0	0	0	1	0	0	0	0	0	0
A	BL	18	135	1	2	BA1652	18776	8	7	0	0	0	0	0	0	0	0	0
A	BL	18	135	1	2	BA1652	18778	7	0	0	0	0	0	0	0	1	0	0
A	BL	18	135	1	2	BA1652	18788	7	8	2	0	1	0	0	0	0	0	0
A	BL	18	135	1	2	BA1652	18794	8	0	0	0	0	0	0	0	1	0	0
A	BL	18	135	1	2	BA1652	18797	8	0	0	0	1	0	0	0	0	0	0
A	BL	18	135	1	2	BA1652	18798	8	7	0	0	0	0	0	0	0	0	0
A	BL	18	135	1	2	BA1652	18811	7	0	0	0	0	0	0	0	1	0	0
A	BL	18	135	1	2	BA1652	18821	7	8	2	0	1	0	0	0	0	0	0
A	BL	18	135	1	2	BA1652	18831	8	9	0	0	0	0	0	0	0	0	0
A	BL	18	135	1	2	BA1652	18840	9	0	0	0	0	0	0	0	1	0	0
A	BL	18	135	1	2	BA1652	18841	9	10	0	0	0	0	0	0	0	0	0
A	BL	18	135	1	2	BA1652	18916	10	2	0	0	0	0	0	0	0	0	0
A	BL	18	135	1	2	BA1652	18917	2	6	0	0	0	0	0	0	0	0	0
A	BL	18	135	1	2	BA1652	19927	6	8	2	0	1	0	0	0	0	0	0
A	BL	18	135	1	2	BA1652	19934	8	0	0	0	0	0	0	0	1	0	0
A	BL	18	135	1	2	BA1652	19937	8	7	0	0	0	0	0	0	0	0	0
A	BL	18	135	1	2	BA1652	19947	7	8	2	0	1	0	0	0	0	0	0
A	BL	18	135	1	2	BA1652	19957	8	7	0	0	0	0	0	0	0	0	0
A	BL	18	135	1	2	BA1652	19967	7	0	0	0	0	0	0	0	1	0	0
A	BL	18	135	1	2	BA1652	19991	7	8	2	0	1	0	0	0	0	0	0
A	BL	18	135	1	2	BA1652	20001	8	7	0	0	0	0	0	0	0	0	0
A	BL	18	135	1	2	BA1652	20003	7	0	0	0	0	0	0	0	1	0	0
A	BL	18	135	1	2	BA1652	20005	7	8	2	0	1	0	0	0	0	0	0
A	BL	18	135	1	2	BA1652	20013	8	0	0	0	0	0	0	0	1	0	0
A	BL	18	135	1	2	BA1652	20014	8	0	0	0	1	0	0	0	0	0	0
A	BL	18	135	1	2	BA1652	20015	8	7	0	0	0	0	0	0	0	0	0
A	BL	18	135	1	2	BA1652	20041	7	0	0	0	0	0	0	0	1	0	0
A	BL	18	135	1	2	BA1652	20102	7	8	2	0	1	0	0	0	0	0	0
A	BL	18	135	1	2	BA1652	20112	8	7	0	0	0	0	0	0	0	0	0
A	BL	18	135	1	2	BA1652	20114	7	0	0	0	0	0	0	0	1	0	0
A	BL	18	135	1	2	BA1652	20119	7	8	2	0	1	0	0	0	0	0	0
A	BL	18	135	1	2	BA1652	20129	8	7	0	0	0	0	0	0	0	0	0
A	BL	18	135	1	2	BA1652	20133	7	0	0	0	0	0	0	0	1	0	0
A	BL	18	135	1	2	BA1652	20174	7	8	2	0	1	0	0	0	0	0	0
A	BL	18	135	1	2	BA1652	20184	8	7	0	0	0	0	0	0	0	0	0
A	BL	18	135	1	2	BA1652	20200	7	0	0	0	0	0	0	0	1	0	0
A	BL	18	135	1	2	BA1652	20207	7	8	2	0	1	0	0	0	0	0	0
A	BL	18	135	1	2	BA1652	20217	8	7	0	0	0	0	0	0	0	0	0
A	BL	18	135	1	2	BA1652	20228	7	0	0	0	0	0	0	0	1	0	0
A	BL	18	135	1	2	BA1652	20262	7	8	2	0	1	0	0	0	0	0	0
A	BL	18	135	1	2	BA1652	20272	8	7	0	0	0	0	0	0	1	0	0
A	BL	18	135	1	2	BA1652	20274	7	8	2	0	1	0	0	0	0	0	0
A	BL	18	135	1	2	BA1652	20284	8	7	0	0	0	0	0	0	0	0	0
A	BL	18	135	1	2	BA1652	20339	7	0	0	0	0	0	0	0	1	0	0
A	BL	18	135	1	2	BA1652	20349	7	8	2	0	1	0	0	0	0	0	0
A	BL	18	135	1	2	BA1652	20354	8	0	0	0	0	0	0	0	1	0	0
A	BL	18	135	1	2	BA1652	20359	8	7	0	0	0	0	0	0	0	0	0
A	BL	18	135	1	2	BA1652	20473	7	8	2	0	1	0	0	0	0	0	0
A	BL	18	135	1	2	BA1652	20477	8	0	0	0	0	0	0	0	1	0	0
A	BL	18	135	1	2	BA1652	20483	8	7	0	0	0	0	0	0	0	0	0
A	BL	18	135	1	2	BA1652	20487	7	8	2	0	1	0	0	0	0	0	0
A	BL	18	135	1	2	BA1652	20497	8	7	0	0	0	0	0	0	0	0	0
A	BL	18	135	1	2	BA1652	20505	7	0	0	0	0	0	0	0	1	0	0
A	BL	18	135	1	2	BA1652	20510	7	8	2	0	1	0	0	0	0	0	0
A	BL	18	135	1	2	BA1652	20515	8	0	0	0	0	0	0	0	1	0	0
A	BL	18	135	1	2	BA1652	20520	8	7	0	0	0	0	0	0	0	0	0
A	BL	18	135	1	2	BA1652	20534	7	8	2	0	1	0	0	0	0	0	0
A	BL	18	135	1	2	BA1652	20538	8	0	0	0	0	0	0	0	1	0	0
A	BL	18	135	1	2	BA1652	20544	8	7	0	0	0	0	0	0	0	0	0
A	BL	18	135	1	2	BA1652	20553	7	8	2	0	1	0	0	0	0	0	0
A	BL	18	135	1	2	BA1652	20556	8	0	0	0	0	0	0	0	1	0	0
A	BL	18	135	1	2	BA1652	20562	8	0	0	0	1	0	0	0	0	0	0
A	BL	18	135	1	2	BA1652	20563	8	7	0	0	0	0	0	0	0	0	0
A	BL	18	135	1	2	BA1652	20602	7	0	0	0	0	0	0	0	1	0	0
A	BL	18	135	1	2	BA1652	20604	7	8	2	0	1	0	0	0	0	0	0
A	BL	18	135	1	2	BA1652	20614	8	7	0	0	0	0	0	0	0	0	0
A	BL	18	135	1	2	BA1652	20620	7	0	0	0	0	0	0	0	1	0	0
A	BL	18	135	1	2	BA1652	20630	7	8	2	0	1	0	0	0	0	0	0
A	BL	18	135	1	2	BA1652	20633	8	0	0	0	0	0	0	0	1	0	0
A	BL	18	135	1	2	BA1652	20640	8	7	0	0	1	0	0	0	0	0	0
A	BL	18	135	1	2	BA1652	20647	7	0	0	0	0	0	0	0	1	0	0
A	BL	18	135	1	2	BA1652	20648	7	8	2	0	1	0	0	0	0	0	0
A	BL	18	135	1	2	BA1652	20655	8	0	0	0	0	0	0	0	1	0	0
A	BL	18	135	1	2	BA1652	20658	8	7	0	0	0	0	0	0	0	0	0
A	BL	18	135	1	2	BA1652	20671	7	8	2	0	1	0	0	0	0	0	0
A	BL	18	135	1	2	BA1652	20681	8	9	0	0	0	0	0	0	0	0	0
A	BL	18	135	1	2	BA1652	20691	9	10	0	0	0	0	0	0	1	0	0
A	BL	18	135	1	2	BA1652	20766	10	2	0	0	0	0	0	0	0	0	0
A	BL	18	135	1	2	BA1652	20767	2	3	0	0	0	0	0	0	0	0	0
A	BL	18	135	1	2	BA1652	21270	3	5	1	1	0	0	0	0	0	0	0
A	BL	18	135	1	2	BA1652	21280	5	4	0	0	0	0	0	0	0	0	0
A	BL	18	135	1	2	BA1652	21305	4	0	0	0	0	0	0	1	0	0	0
A	BL	18	135	1	2	BA1652	21353	4	5	1	1	0	0	0	0	0	0	0
A	BL	18	135	1	2	BA1652	21357	5	0	0	0	0	0	0	1	0	0	0
A	BL	18	135	1	2	BA1652	21363	5	4	0	0	0	0	0	0	0	0	0
A	BL	18	135	1	2	BA1652	21396	4	5	1	1	0	0	0	0	0	0	0
A	BL	18	135	1	2	BA1652	21406	5	4	0	0	0	0	0	0	0	0	0
A	BL	18	135	1	2	BA1652	21438	4	0	0	0	0	0	0	1	0	0	0
A	BL	18	135	1	2	BA1652	21443	4	5	1	1	0	0	0	0	0	0	0
A	BL	18	135	1	2	BA1652	21445	5	0	0	1	0	0	0	1	0	0	0
A	BL	18	135	1	2	BA1652	21450	5	0	0	0	0	0	0	1	0	0	0
A	BL	18	135	1	2	BA1652	21453	5	4	0	0	0	0	0	0	0	0	0
A	BL	18	135	1	2	BA1652	21458	4	5	1	1	0	0	0	0	0	0	0
A	BL	18	135	1	2	BA1652	21466	5	0	0	0	0	0	0	1	0	0	0
A	BL	18	135	1	2	BA1652	21468	5	9	0	0	0	0	0	0	0	0	0
A	BL	18	135	1	2	BA1652	21478	9	10	0	0	0	0	0	0	0	0	0
A	BL	18	135	1	2	BA1652	21553	10	2	0	0	0	0	0	0	0	0	0
A	BL	18	135	1	2	BA1652	21554	2	3	0	0	0	0	0	0	0	0	0
A	BL	18	135	1	2	BA1652	22007	3	5	1	1	0	0	0	0	0	0	0
A	BL	18	135	1	2	BA1652	22017	5	4	0	0	0	0	0	0	0	0	0
A	BL	18	135	1	2	BA1652	22044	4	0	0	0	0	0	0	1	0	0	0
A	BL	18	135	1	2	BA1652	22049	4	5	1	1	0	0	0	0	0	0	0
A	BL	18	135	1	2	BA1652	22055	5	0	0	0	0	0	0	1	0	0	0
A	BL	18	135	1	2	BA1652	22059	5	4	0	0	0	0	0	0	0	0	0
A	BL	18	135	1	2	BA1652	22078	4	5	1	1	0	0	0	0	0	0	0
A	BL	18	135	1	2	BA1652	22085	5	0	0	0	0	0	0	1	0	0	0
A	BL	18	135	1	2	BA1652	22088	5	4	0	0	0	0	0	0	0	0	0
A	BL	18	135	1	2	BA1652	22156	4	5	1	1	0	0	0	0	0	0	0
A	BL	18	135	1	2	BA1652	22166	5	4	0	0	0	0	0	0	0	0	0
A	BL	18	135	1	2	BA1652	22168	4	0	0	0	0	0	0	1	0	0	0
A	BL	18	135	1	2	BA1652	22171	4	5	1	1	0	0	0	0	0	0	0
A	BL	18	135	1	2	BA1652	22173	5	0	0	0	0	0	0	1	0	0	0
A	BL	18	135	1	2	BA1652	22175	5	0	0	1	0	0	0	0	0	0	0
A	BL	18	135	1	2	BA1652	22181	5	9	0	0	0	0	0	0	0	0	0
A	BL	18	135	1	2	BA1652	22187	9	0	0	0	0	0	0	1	0	0	0
A	BL	18	135	1	2	BA1652	22191	9	10	0	0	0	0	0	0	0	0	0
A	BL	18	135	1	2	BA1652	22266	10	2	0	0	0	0	0	0	0	0	0
A	BL	18	135	1	2	BA1652	22267	2	6	0	0	0	0	0	0	0	0	0
A	BL	18	135	1	2	BA1652	30879	6	8	2	0	1	0	0	0	0	0	0
A	BL	18	135	1	2	BA1652	30887	8	0	0	0	0	0	0	0	1	0	0
A	BL	18	135	1	2	BA1652	30889	8	7	0	0	0	0	0	0	0	0	0
A	BL	18	135	1	2	BA1652	30900	7	8	2	0	1	0	0	0	0	0	0
A	BL	18	135	1	2	BA1652	30903	8	0	0	0	0	0	0	0	1	0	0
A	BL	18	135	1	2	BA1652	30904	8	0	0	0	1	0	0	0	0	0	0
A	BL	18	135	1	2	BA1652	30910	8	7	0	0	0	0	0	0	0	0	0
A	BL	18	135	1	2	BA1652	30914	7	0	0	0	0	0	0	0	1	0	0
A	BL	18	135	1	2	BA1652	31441	7	8	2	0	1	0	0	0	0	0	0
A	BL	18	135	1	2	BA1652	31451	8	7	0	0	0	0	0	0	0	0	0
A	BL	18	135	1	2	BA1652	31452	7	0	0	0	0	0	0	0	1	0	0
A	BL	18	135	1	2	BA1652	31464	7	8	2	0	1	0	0	0	0	0	0
A	BL	18	135	1	2	BA1652	31469	8	0	0	0	0	0	0	0	1	0	0
A	BL	18	135	1	2	BA1652	31474	8	7	0	0	0	0	0	0	0	0	0
A	BL	18	135	1	2	BA1652	31475	7	8	2	0	1	0	0	0	0	0	0
A	BL	18	135	1	2	BA1652	31482	8	0	0	0	0	0	0	0	1	0	0
A	BL	18	135	1	2	BA1652	31485	8	7	0	0	0	0	0	0	0	0	0
A	BL	18	135	1	2	BA1652	31494	7	8	2	0	1	0	0	0	0	0	0
A	BL	18	135	1	2	BA1652	31498	8	0	0	0	0	0	0	0	1	0	0
A	BL	18	135	1	2	BA1652	31504	8	7	0	0	0	0	0	0	0	0	0
A	BL	18	135	1	2	BA1652	31563	7	8	2	0	1	0	0	0	0	0	0
A	BL	18	135	1	2	BA1652	31572	8	0	0	0	0	0	0	0	1	0	0
A	BL	18	135	1	2	BA1652	31573	8	7	0	0	0	0	0	0	0	0	0
A	BL	18	135	1	2	BA1652	31575	7	8	2	0	1	0	0	0	0	0	0
A	BL	18	135	1	2	BA1652	31585	8	7	0	0	0	0	0	0	0	0	0
A	BL	18	135	1	2	BA1652	31594	7	0	0	0	0	0	0	0	1	0	0
A	BL	18	135	1	2	BA1652	31629	7	8	2	0	1	0	0	0	0	0	0
A	BL	18	135	1	2	BA1652	31630	8	0	0	0	0	0	0	0	1	0	0
A	BL	18	135	1	2	BA1652	31636	8	0	0	0	1	0	0	0	0	0	0
A	BL	18	135	1	2	BA1652	31639	8	7	0	0	0	0	0	0	0	0	0
A	BL	18	135	1	2	BA1652	31644	7	8	2	0	1	0	0	0	1	0	0
A	BL	18	135	1	2	BA1652	31654	8	7	0	0	0	0	0	0	0	0	0
A	BL	18	135	1	2	BA1652	31655	7	0	0	0	0	0	0	0	1	0	0
A	BL	18	135	1	2	BA1652	31714	7	8	2	0	1	0	0	0	0	0	0
A	BL	18	135	1	2	BA1652	31724	8	7	0	0	0	0	0	0	0	0	0
A	BL	18	135	1	2	BA1652	31726	7	0	0	0	0	0	0	0	1	0	0
A	BL	18	135	1	2	BA1652	31728	7	8	2	0	1	0	0	0	0	0	0
A	BL	18	135	1	2	BA1652	31730	8	0	0	0	0	0	0	0	1	0	0
A	BL	18	135	1	2	BA1652	31733	8	0	0	0	1	0	0	0	0	0	0
A	BL	18	135	1	2	BA1652	31738	8	7	0	0	0	0	0	0	0	0	0
A	BL	18	135	1	2	BA1652	31745	7	0	0	0	0	0	0	0	1	0	0
A	BL	18	135	1	2	BA1652	31755	7	8	2	0	1	0	0	0	0	0	0
A	BL	18	135	1	2	BA1652	31761	8	0	0	0	0	0	0	0	1	0	0
A	BL	18	135	1	2	BA1652	31764	8	0	0	0	1	0	0	0	0	0	0
A	BL	18	135	1	2	BA1652	31765	8	7	0	0	0	0	0	0	0	0	0
A	BL	18	135	1	2	BA1652	31776	7	0	0	0	0	0	0	0	1	0	0
A	BL	18	135	1	2	BA1652	31807	7	8	2	0	1	0	0	0	0	0	0
A	BL	18	135	1	2	BA1652	31814	8	0	0	0	0	0	0	0	1	0	0
A	BL	18	135	1	2	BA1652	31817	8	7	0	0	0	0	0	0	0	0	0
A	BL	18	135	1	2	BA1652	31896	7	8	2	0	1	0	0	0	0	0	0
A	BL	18	135	1	2	BA1652	31905	8	0	0	0	0	0	0	0	1	0	0
A	BL	18	135	1	2	BA1652	31906	8	7	0	0	0	0	0	0	0	0	0
A	BL	18	135	1	2	BA1652	31909	7	8	2	0	1	0	0	0	0	0	0
A	BL	18	135	1	2	BA1652	31919	8	7	0	0	0	0	0	0	0	0	0
A	BL	18	135	1	2	BA1652	31929	7	0	0	0	0	0	0	0	1	0	0
A	BL	18	135	1	2	BA1652	31930	7	8	2	0	1	0	0	0	0	0	0
A	BL	18	135	1	2	BA1652	31937	8	0	0	0	0	0	0	0	1	0	0
A	BL	18	135	1	2	BA1652	31940	8	7	0	0	0	0	0	0	0	0	0
A	BL	18	135	1	2	BA1652	31953	7	8	2	0	1	0	0	0	0	0	0
A	BL	18	135	1	2	BA1652	31963	8	7	0	0	0	0	0	0	0	0	0
A	BL	18	135	1	2	BA1652	31986	7	0	0	0	0	0	0	0	1	0	0
A	BL	18	135	1	2	BA1652	31989	7	8	2	0	1	0	0	0	0	0	0
A	BL	18	135	1	2	BA1652	31999	8	7	0	0	0	0	0	0	0	0	0
A	BL	18	135	1	2	BA1652	32009	7	0	0	0	0	0	0	0	1	0	0
A	BL	18	135	1	2	BA1652	32011	7	8	2	0	1	0	0	0	0	0	0
A	BL	18	135	1	2	BA1652	32020	8	0	0	0	0	0	0	0	1	0	0
A	BL	18	135	1	2	BA1652	32021	8	9	0	0	0	0	0	0	0	0	0
A	BL	18	135	1	2	BA1652	32031	9	10	0	0	0	0	0	0	0	0	0
A	BL	18	135	1	2	BA1652	32106	10	2	0	0	0	0	0	0	0	0	0
A	BL	18	135	1	2	BA1652	32107	2	6	0	0	0	0	0	0	0	0	0
A	BL	18	135	1	2	BA1652	32870	6	8	2	0	1	0	0	0	0	0	0
A	BL	18	135	1	2	BA1652	32876	8	0	0	0	0	0	0	0	1	0	0
A	BL	18	135	1	2	BA1652	32880	8	7	0	0	0	0	0	0	0	0	0
A	BL	18	135	1	2	BA1652	32885	7	8	2	0	1	0	0	0	0	0	0
A	BL	18	135	1	2	BA1652	32888	8	0	0	0	0	0	0	0	1	0	0
A	BL	18	135	1	2	BA1652	32891	8	0	0	0	1	0	0	0	0	0	0
A	BL	18	135	1	2	BA1652	32895	8	7	0	0	0	0	0	0	0	0	0
A	BL	18	135	1	2	BA1652	32899	7	0	0	0	0	0	0	0	1	0	0
A	BL	18	135	1	2	BA1652	32900	7	8	2	0	1	0	0	0	0	0	0
A	BL	18	135	1	2	BA1652	32902	8	0	0	0	0	0	0	0	1	0	0
A	BL	18	135	1	2	BA1652	32910	8	7	0	0	0	0	0	0	0	0	0
A	BL	18	135	1	2	BA1652	33079	7	8	2	0	1	0	0	0	0	0	0
A	BL	18	135	1	2	BA1652	33089	8	7	0	0	0	0	0	0	0	0	0
A	BL	18	135	1	2	BA1652	33114	7	0	0	0	0	0	0	0	1	0	0
A	BL	18	135	1	2	BA1652	33156	7	8	2	0	1	0	0	0	0	0	0
A	BL	18	135	1	2	BA1652	33160	8	0	0	0	0	0	0	0	1	0	0
A	BL	18	135	1	2	BA1652	33163	8	0	0	0	1	0	0	0	0	0	0
A	BL	18	135	1	2	BA1652	33166	8	7	0	0	0	0	0	0	0	0	0
A	BL	18	135	1	2	BA1652	33188	7	0	0	0	0	0	0	0	1	0	0
A	BL	18	135	1	2	BA1652	33189	7	8	2	0	1	0	0	0	0	0	0
A	BL	18	135	1	2	BA1652	33199	8	7	0	0	0	0	0	0	0	0	0
A	BL	18	135	1	2	BA1652	33201	7	0	0	0	0	0	0	0	1	0	0
A	BL	18	135	1	2	BA1652	33218	7	8	2	0	1	0	0	0	0	0	0
A	BL	18	135	1	2	BA1652	33224	8	0	0	0	0	0	0	0	1	0	0
A	BL	18	135	1	2	BA1652	33228	8	7	0	0	0	0	0	0	0	0	0
A	BL	18	135	1	2	BA1652	33329	7	8	2	0	1	0	0	0	0	0	0
A	BL	18	135	1	2	BA1652	33339	8	7	0	0	0	0	0	0	0	0	0
A	BL	18	135	1	2	BA1652	33346	7	0	0	0	0	0	0	0	1	0	0
A	BL	18	135	1	2	BA1652	33357	7	8	2	0	1	0	0	0	0	0	0
A	BL	18	135	1	2	BA1652	33360	8	0	0	0	0	0	0	0	1	0	0
A	BL	18	135	1	2	BA1652	33363	8	0	0	0	1	0	0	0	0	0	0
A	BL	18	135	1	2	BA1652	33367	8	7	0	0	0	0	0	0	0	0	0
A	BL	18	135	1	2	BA1652	33376	7	0	0	0	0	0	0	0	1	0	0
A	BL	18	135	1	2	BA1652	33378	7	8	2	0	1	0	0	0	0	0	0
A	BL	18	135	1	2	BA1652	33388	8	7	0	0	0	0	0	0	0	0	0
A	BL	18	135	1	2	BA1652	33395	7	0	0	0	0	0	0	0	1	0	0
A	BL	18	135	1	2	BA1652	33404	7	8	2	0	1	0	0	0	0	0	0
A	BL	18	135	1	2	BA1652	33407	8	0	0	0	0	0	0	0	1	0	0
A	BL	18	135	1	2	BA1652	33414	8	7	0	0	0	0	0	0	0	0	0
A	BL	18	135	1	2	BA1652	33418	7	8	2	0	1	0	0	0	0	0	0
A	BL	18	135	1	2	BA1652	33424	8	0	0	0	0	0	0	0	1	0	0
A	BL	18	135	1	2	BA1652	33428	8	7	0	0	0	0	0	0	0	0	0
A	BL	18	135	1	2	BA1652	33438	7	8	2	0	1	0	0	0	0	0	0
A	BL	18	135	1	2	BA1652	33448	8	7	0	0	0	0	0	0	0	0	0
A	BL	18	135	1	2	BA1652	33453	7	0	0	0	0	0	0	0	1	0	0
A	BL	18	135	1	2	BA1652	33535	7	8	2	0	1	0	0	0	0	0	0
A	BL	18	135	1	2	BA1652	33545	8	7	0	0	0	0	0	0	0	0	0
A	BL	18	135	1	2	BA1652	33551	7	0	0	0	0	0	0	0	1	0	0
A	BL	18	135	1	2	BA1652	33554	7	8	2	0	1	0	0	0	0	0	0
A	BL	18	135	1	2	BA1652	33564	8	7	0	0	0	0	0	0	0	0	0
A	BL	18	135	1	2	BA1652	33581	7	0	0	0	0	0	0	0	1	0	0
A	BL	18	135	1	2	BA1652	33606	7	8	2	0	1	0	0	0	0	0	0
A	BL	18	135	1	2	BA1652	33616	8	7	0	0	0	0	0	0	0	0	0
A	BL	18	135	1	2	BA1652	33627	7	0	0	0	0	0	0	0	1	0	0
A	BL	18	135	1	2	BA1652	33631	7	8	2	0	1	0	0	0	0	0	0
A	BL	18	135	1	2	BA1652	33641	8	7	0	0	0	0	0	0	1	0	0
A	BL	18	135	1	2	BA1652	33734	7	8	2	0	1	0	0	0	0	0	0
A	BL	18	135	1	2	BA1652	33740	8	0	0	0	0	0	0	0	1	0	0
A	BL	18	135	1	2	BA1652	33743	8	0	0	0	1	0	0	0	0	0	0
A	BL	18	135	1	2	BA1652	33744	8	7	0	0	0	0	0	0	0	0	0
A	BL	18	135	1	2	BA1652	33774	7	0	0	0	0	0	0	0	1	0	0
A	BL	18	135	1	2	BA1652	33790	7	8	2	0	1	0	0	0	0	0	0
A	BL	18	135	1	2	BA1652	33800	8	7	0	0	0	0	0	0	0	0	0
A	BL	18	135	1	2	BA1652	33805	7	0	0	0	0	0	0	0	1	0	0
A	BL	18	135	1	2	BA1652	33811	7	8	2	0	1	0	0	0	0	0	0
A	BL	18	135	1	2	BA1652	33813	8	0	0	0	0	0	0	0	1	0	0
A	BL	18	135	1	2	BA1652	33820	8	0	0	0	1	0	0	0	0	0	0
A	BL	18	135	1	2	BA1652	33821	8	9	0	0	0	0	0	0	0	0	0
A	BL	18	135	1	2	BA1652	33830	9	0	0	0	0	0	0	0	1	0	0
A	BL	18	135	1	2	BA1652	33831	9	10	0	0	0	0	0	0	0	0	0
A	BL	18	135	1	2	BA1652	33906	10	2	0	0	0	0	0	0	0	0	0
A	BL	18	135	1	2	BA1652	33907	2	6	0	0	0	0	0	0	0	0	0
A	BL	18	135	1	2	BA1652	34899	6	8	2	0	1	0	0	0	0	0	0
A	BL	18	135	1	2	BA1652	34909	8	7	0	0	0	0	0	0	0	0	0
A	BL	18	135	1	2	BA1652	34958	7	0	0	0	0	0	0	0	1	0	0
A	BL	18	135	1	2	BA1652	35042	7	8	2	0	1	0	0	0	0	0	0
A	BL	18	135	1	2	BA1652	35052	8	7	0	0	0	0	0	0	0	0	0
A	BL	18	135	1	2	BA1652	35068	7	0	0	0	0	0	0	0	1	0	0
A	BL	18	135	1	2	BA1652	35085	7	8	2	0	1	0	0	0	0	0	0
A	BL	18	135	1	2	BA1652	35091	8	0	0	0	0	0	0	0	1	0	0
A	BL	18	135	1	2	BA1652	35095	8	7	0	0	0	0	0	0	0	0	0
A	BL	18	135	1	2	BA1652	35106	7	8	2	0	1	0	0	0	0	0	0
A	BL	18	135	1	2	BA1652	35114	8	0	0	0	0	0	0	0	1	0	0
A	BL	18	135	1	2	BA1652	35116	8	7	0	0	0	0	0	0	0	0	0
A	BL	18	135	1	2	BA1652	35121	7	8	2	0	1	0	0	0	0	0	0
A	BL	18	135	1	2	BA1652	35131	8	7	0	0	0	0	0	0	0	0	0
A	BL	18	135	1	2	BA1652	35142	7	0	0	0	0	0	0	0	1	0	0
A	BL	18	135	1	2	BA1652	35145	7	8	2	0	1	0	0	0	0	0	0
A	BL	18	135	1	2	BA1652	35155	8	7	0	0	0	0	0	0	0	0	0
A	BL	18	135	1	2	BA1652	35158	7	0	0	0	0	0	0	0	1	0	0
A	BL	18	135	1	2	BA1652	35168	7	8	2	0	1	0	0	0	0	0	0
A	BL	18	135	1	2	BA1652	35175	8	0	0	0	0	0	0	0	1	0	0
A	BL	18	135	1	2	BA1652	35178	8	7	0	0	0	0	0	0	0	0	0
A	BL	18	135	1	2	BA1652	35183	7	8	2	0	1	0	0	0	0	0	0
A	BL	18	135	1	2	BA1652	35193	8	7	0	0	0	0	0	0	0	0	0
A	BL	18	135	1	2	BA1652	35199	7	0	0	0	0	0	0	0	1	0	0
A	BL	18	135	1	2	BA1652	35261	7	8	2	0	1	0	0	0	0	0	0
A	BL	18	135	1	2	BA1652	35266	8	0	0	0	0	0	0	0	1	0	0
A	BL	18	135	1	2	BA1652	35270	8	0	0	0	1	0	0	0	0	0	0
A	BL	18	135	1	2	BA1652	35271	8	7	0	0	0	0	0	0	0	0	0
A	BL	18	135	1	2	BA1652	35274	7	0	0	0	0	0	0	0	1	0	0
A	BL	18	135	1	2	BA1652	35279	7	8	2	0	1	0	0	0	0	0	0
A	BL	18	135	1	2	BA1652	35282	8	0	0	0	0	0	0	0	1	0	0
A	BL	18	135	1	2	BA1652	35289	8	7	0	0	0	0	0	0	0	0	0
A	BL	18	135	1	2	BA1652	35298	7	8	2	0	1	0	0	0	0	0	0
A	BL	18	135	1	2	BA1652	35305	8	0	0	0	0	0	0	0	1	0	0
A	BL	18	135	1	2	BA1652	35308	8	7	0	0	0	0	0	0	0	0	0
A	BL	18	135	1	2	BA1652	35319	7	8	2	0	1	0	0	0	0	0	0
A	BL	18	135	1	2	BA1652	35329	8	7	0	0	0	0	0	0	1	0	0
A	BL	18	135	1	2	BA1652	35335	7	8	2	0	1	0	0	0	0	0	0
A	BL	18	135	1	2	BA1652	35340	8	0	0	0	0	0	0	0	1	0	0
A	BL	18	135	1	2	BA1652	35345	8	7	0	0	0	0	0	0	0	0	0
A	BL	18	135	1	2	BA1652	35346	7	8	2	0	1	0	0	0	0	0	0
A	BL	18	135	1	2	BA1652	35356	8	7	0	0	0	0	0	0	0	0	0
A	BL	18	135	1	2	BA1652	35363	7	0	0	0	0	0	0	0	1	0	0
A	BL	18	135	1	2	BA1652	35369	7	8	2	0	1	0	0	0	0	0	0
A	BL	18	135	1	2	BA1652	35379	8	7	0	0	0	0	0	0	0	0	0
A	BL	18	135	1	2	BA1652	35392	7	0	0	0	0	0	0	0	1	0	0
A	BL	18	135	1	2	BA1652	35468	7	8	2	0	1	0	0	0	0	0	0
A	BL	18	135	1	2	BA1652	35478	8	7	0	0	0	0	0	0	1	0	0
A	BL	18	135	1	2	BA1652	35496	7	8	2	0	1	0	0	0	0	0	0
A	BL	18	135	1	2	BA1652	35502	8	0	0	0	0	0	0	0	1	0	0
A	BL	18	135	1	2	BA1652	35506	8	7	0	0	0	0	0	0	0	0	0
A	BL	18	135	1	2	BA1652	35511	7	8	2	0	1	0	0	0	0	0	0
A	BL	18	135	1	2	BA1652	35519	8	0	0	0	0	0	0	0	1	0	0
A	BL	18	135	1	2	BA1652	35521	8	7	0	0	0	0	0	0	0	0	0
A	BL	18	135	1	2	BA1652	35525	7	8	2	0	1	0	0	0	0	0	0
A	BL	18	135	1	2	BA1652	35535	8	7	0	0	0	0	0	0	0	0	0
A	BL	18	135	1	2	BA1652	35565	7	0	0	0	0	0	0	0	1	0	0
A	BL	18	135	1	2	BA1652	35611	7	8	2	0	1	0	0	0	0	0	0
A	BL	18	135	1	2	BA1652	35617	8	0	0	0	0	0	0	0	1	0	0
A	BL	18	135	1	2	BA1652	35621	8	9	0	0	1	0	0	0	0	0	0
A	BL	18	135	1	2	BA1652	35631	9	10	0	0	0	0	0	0	0	0	0
A	BL	18	135	1	2	BA1652	35635	10	0	0	0	0	0	0	0	1	0	0
A	BL	18	135	1	2	BA1652	35706	10	2	0	0	0	0	0	0	0	0	0
A	BL	18	135	1	2	BA1652	35707	2	3	0	0	0	0	0	0	0	0	0
A	BL	18	135	1	2	BA1652	36289	3	5	1	1	0	0	0	0	0	0	0
A	BL	18	135	1	2	BA1652	36296	5	0	0	0	0	0	0	1	0	0	0
A	BL	18	135	1	2	BA1652	36298	5	0	0	1	0	0	0	0	0	0	0
A	BL	18	135	1	2	BA1652	36299	5	4	0	0	0	0	0	0	0	0	0
A	BL	18	135	1	2	BA1652	36308	4	0	0	0	0	0	0	1	0	0	0
A	BL	18	135	1	2	BA1652	36317	4	5	1	1	0	0	0	0	0	0	0
A	BL	18	135	1	2	BA1652	36327	5	4	0	0	0	0	0	0	0	0	0
A	BL	18	135	1	2	BA1652	36354	4	0	0	0	0	0	0	1	0	0	0
A	BL	18	135	1	2	BA1652	36396	4	5	1	1	0	0	0	0	0	0	0
A	BL	18	135	1	2	BA1652	36401	5	0	0	0	0	0	0	1	0	0	0
A	BL	18	135	1	2	BA1652	36406	5	4	0	0	0	0	0	0	0	0	0
A	BL	18	135	1	2	BA1652	36414	4	5	1	1	0	0	0	0	0	0	0
A	BL	18	135	1	2	BA1652	36416	5	0	0	0	0	0	0	1	0	0	0
A	BL	18	135	1	2	BA1652	36424	5	4	0	0	0	0	0	0	0	0	0
A	BL	18	135	1	2	BA1652	36437	4	5	1	1	0	0	0	0	0	0	0
A	BL	18	135	1	2	BA1652	36442	5	0	0	0	0	0	0	1	0	0	0
A	BL	18	135	1	2	BA1652	36447	5	9	0	0	0	0	0	0	0	0	0
A	BL	18	135	1	2	BA1652	36457	9	10	0	0	0	0	0	0	0	0	0
A	BL	18	135	1	2	BA1652	36532	10	2	0	0	0	0	0	0	0	0	0
A	BL	18	135	1	2	BA1652	36533	2	3	0	0	0	0	0	0	0	0	0
A	BL	18	135	1	2	BA1652	37014	3	5	1	1	0	0	0	0	0	0	0
A	BL	18	135	1	2	BA1652	37024	5	4	0	0	0	0	0	0	0	0	0
A	BL	18	135	1	2	BA1652	37033	4	0	0	0	0	0	0	1	0	0	0
A	BL	18	135	1	2	BA1652	37040	4	5	1	1	0	0	0	0	0	0	0
A	BL	18	135	1	2	BA1652	37050	5	4	0	0	0	0	0	0	0	0	0
A	BL	18	135	1	2	BA1652	37058	4	0	0	0	0	0	0	1	0	0	0
A	BL	18	135	1	2	BA1652	37070	4	5	1	1	0	0	0	0	0	0	0
A	BL	18	135	1	2	BA1652	37073	5	0	0	0	0	0	0	1	0	0	0
A	BL	18	135	1	2	BA1652	37078	5	0	0	1	0	0	0	0	0	0	0
A	BL	18	135	1	2	BA1652	37080	5	4	0	0	0	0	0	0	0	0	0
A	BL	18	135	1	2	BA1652	37082	4	0	0	0	0	0	0	1	0	0	0
A	BL	18	135	1	2	BA1652	37089	4	5	1	1	0	0	0	0	0	0	0
A	BL	18	135	1	2	BA1652	37091	5	0	0	0	0	0	0	1	0	0	0
A	BL	18	135	1	2	BA1652	37092	5	0	0	1	0	0	0	0	0	0	0
A	BL	18	135	1	2	BA1652	37099	5	4	0	0	0	0	0	0	0	0	0
A	BL	18	135	1	2	BA1652	37105	4	0	0	0	0	0	0	1	0	0	0
A	BL	18	135	1	2	BA1652	37157	4	5	1	1	0	0	0	0	0	0	0
A	BL	18	135	1	2	BA1652	37164	5	0	0	0	0	0	0	1	0	0	0
A	BL	18	135	1	2	BA1652	37167	5	9	0	0	0	0	0	0	0	0	0
A	BL	18	135	1	2	BA1652	37177	9	10	0	0	0	0	0	0	0	0	0
A	BL	18	135	1	2	BA1652	37252	10	2	0	0	0	0	0	0	0	0	0
A	BL	18	135	1	2	BA1652	37253	2	3	0	0	0	0	0	0	0	0	0
A	BL	18	135	1	2	BA1652	37799	3	5	1	1	0	0	0	0	0	0	0
A	BL	18	135	1	2	BA1652	37809	5	4	0	0	0	0	0	0	0	0	0
A	BL	18	135	1	2	BA1652	37822	4	0	0	0	0	0	0	1	0	0	0
A	BL	18	135	1	2	BA1652	37830	4	5	1	1	0	0	0	0	0	0	0
A	BL	18	135	1	2	BA1652	37840	5	4	0	0	0	0	0	0	0	0	0
A	BL	18	135	1	2	BA1652	37849	4	0	0	0	0	0	0	1	0	0	0
A	BL	18	135	1	2	BA1652	37882	4	5	1	1	0	0	0	0	0	0	0
A	BL	18	135	1	2	BA1652	37892	5	4	0	0	0	0	0	0	0	0	0
A	BL	18	135	1	2	BA1652	37917	4	0	0	0	0	0	0	1	0	0	0
A	BL	18	135	1	2	BA1652	37925	4	5	1	1	0	0	0	0	0	0	0
A	BL	18	135	1	2	BA1652	37935	5	4	0	0	0	0	0	0	0	0	0
A	BL	18	135	1	2	BA1652	37979	4	0	0	0	0	0	0	1	0	0	0
A	BL	18	135	1	2	BA1652	37983	4	5	1	1	0	0	0	0	0	0	0
A	BL	18	135	1	2	BA1652	37992	5	0	0	0	0	0	0	1	0	0	0
A	BL	18	135	1	2	BA1652	37993	5	9	0	0	0	0	0	0	0	0	0
A	BL	18	135	1	2	BA1652	38003	9	10	0	0	0	0	0	0	0	0	0
A	BL	18	135	1	2	BA1652	38078	10	2	0	0	0	0	0	0	0	0	0
A	BL	18	135	1	2	BA1652	38079	2	6	0	0	0	0	0	0	0	0	0
A	BL	18	135	1	2	BA1652	96164	6	8	2	0	1	0	0	0	0	0	0
A	BL	18	135	1	2	BA1652	96174	8	7	0	0	0	0	0	0	0	0	0
A	BL	18	135	1	2	BA1652	96202	7	0	0	0	0	0	0	0	1	0	0
A	BL	18	135	1	2	BA1652	96312	7	8	2	0	1	0	0	0	0	0	0
A	BL	18	135	1	2	BA1652	96316	8	0	0	0	0	0	0	0	1	0	0
A	BL	18	135	1	2	BA1652	96322	8	7	0	0	0	0	0	0	0	0	0
A	BL	18	135	1	2	BA1652	96330	7	8	2	0	1	0	0	0	0	0	0
A	BL	18	135	1	2	BA1652	96340	8	7	0	0	0	0	0	0	0	0	0
A	BL	18	135	1	2	BA1652	96349	7	0	0	0	0	0	0	0	1	0	0
A	BL	18	135	1	2	BA1652	96394	7	8	2	0	1	0	0	0	0	0	0
A	BL	18	135	1	2	BA1652	96399	8	0	0	0	0	0	0	0	1	0	0
A	BL	18	135	1	2	BA1652	96404	8	7	0	0	0	0	0	0	0	0	0
A	BL	18	135	1	2	BA1652	96408	7	8	2	0	1	0	0	0	0	0	0
A	BL	18	135	1	2	BA1652	96418	8	7	0	0	0	0	0	0	0	0	0
A	BL	18	135	1	2	BA1652	96432	7	0	0	0	0	0	0	0	1	0	0
A	BL	18	135	1	2	BA1652	96494	7	8	2	0	1	0	0	0	0	0	0
A	BL	18	135	1	2	BA1652	96500	8	0	0	0	0	0	0	0	1	0	0
A	BL	18	135	1	2	BA1652	96502	8	0	0	0	1	0	0	0	0	0	0
A	BL	18	135	1	2	BA1652	96504	8	7	0	0	0	0	0	0	0	0	0
A	BL	18	135	1	2	BA1652	96529	7	0	0	0	0	0	0	0	1	0	0
A	BL	18	135	1	2	BA1652	96639	7	8	2	0	1	0	0	0	0	0	0
A	BL	18	135	1	2	BA1652	96647	8	0	0	0	0	0	0	0	1	0	0
A	BL	18	135	1	2	BA1652	96649	8	7	0	0	0	0	0	0	0	0	0
A	BL	18	135	1	2	BA1652	96661	7	8	2	0	1	0	0	0	0	0	0
A	BL	18	135	1	2	BA1652	96671	8	7	0	0	0	0	0	0	0	0	0
A	BL	18	135	1	2	BA1652	96684	7	0	0	0	0	0	0	0	1	0	0
A	BL	18	135	1	2	BA1652	96697	7	8	2	0	1	0	0	0	0	0	0
A	BL	18	135	1	2	BA1652	96702	8	0	0	0	0	0	0	0	1	0	0
A	BL	18	135	1	2	BA1652	96707	8	7	0	0	0	0	0	0	0	0	0
A	BL	18	135	1	2	BA1652	96721	7	8	2	0	1	0	0	0	0	0	0
A	BL	18	135	1	2	BA1652	96728	8	0	0	0	0	0	0	0	1	0	0
A	BL	18	135	1	2	BA1652	96731	8	7	0	0	0	0	0	0	0	0	0
A	BL	18	135	1	2	BA1652	96801	7	8	2	0	1	0	0	0	0	0	0
A	BL	18	135	1	2	BA1652	96808	8	0	0	0	0	0	0	0	1	0	0
A	BL	18	135	1	2	BA1652	96811	8	7	0	0	0	0	0	0	0	0	0
A	BL	18	135	1	2	BA1652	96815	7	8	2	0	1	0	0	0	0	0	0
A	BL	18	135	1	2	BA1652	96818	8	0	0	0	0	0	0	0	1	0	0
A	BL	18	135	1	2	BA1652	96823	8	0	0	0	1	0	0	0	0	0	0
A	BL	18	135	1	2	BA1652	96825	8	7	0	0	0	0	0	0	0	0	0
A	BL	18	135	1	2	BA1652	96830	7	0	0	0	0	0	0	0	1	0	0
A	BL	18	135	1	2	BA1652	96834	7	8	2	0	1	0	0	0	0	0	0
A	BL	18	135	1	2	BA1652	96842	8	0	0	0	0	0	0	0	1	0	0
A	BL	18	135	1	2	BA1652	96843	8	0	0	0	1	0	0	0	0	0	0
A	BL	18	135	1	2	BA1652	96844	8	7	0	0	0	0	0	0	0	0	0
A	BL	18	135	1	2	BA1652	96846	7	0	0	0	0	0	0	0	1	0	0
A	BL	18	135	1	2	BA1652	96848	7	8	2	0	1	0	0	0	0	0	0
A	BL	18	135	1	2	BA1652	96853	8	0	0	0	0	0	0	0	1	0	0
A	BL	18	135	1	2	BA1652	96858	8	7	0	0	0	0	0	0	0	0	0
A	BL	18	135	1	2	BA1652	97002	7	8	2	0	1	0	0	0	0	0	0
A	BL	18	135	1	2	BA1652	97005	8	0	0	0	1	0	0	0	1	0	0
A	BL	18	135	1	2	BA1652	97009	8	0	0	0	0	0	0	0	1	0	0
A	BL	18	135	1	2	BA1652	97012	8	7	0	0	1	0	0	0	0	0	0
A	BL	18	135	1	2	BA1652	97037	7	0	0	0	0	0	0	0	1	0	0
A	BL	18	135	1	2	BA1652	97098	7	8	2	0	1	0	0	0	0	0	0
A	BL	18	135	1	2	BA1652	97108	8	7	0	0	0	0	0	0	0	0	0
A	BL	18	135	1	2	BA1652	97140	7	0	0	0	0	0	0	0	1	0	0
A	BL	18	135	1	2	BA1652	97212	7	8	2	0	1	0	0	0	0	0	0
A	BL	18	135	1	2	BA1652	97222	8	7	0	0	0	0	0	0	0	0	0
A	BL	18	135	1	2	BA1652	97239	7	0	0	0	0	0	0	0	1	0	0
A	BL	18	135	1	2	BA1652	97247	7	8	2	0	1	0	0	0	0	0	0
A	BL	18	135	1	2	BA1652	97257	8	7	0	0	0	0	0	0	0	0	0
A	BL	18	135	1	2	BA1652	97261	7	0	0	0	0	0	0	0	1	0	0
A	BL	18	135	1	2	BA1652	97363	7	8	2	0	1	0	0	0	0	0	0
A	BL	18	135	1	2	BA1652	97370	8	0	0	0	0	0	0	0	1	0	0
A	BL	18	135	1	2	BA1652	97373	8	7	0	0	0	0	0	0	0	0	0
A	BL	18	135	1	2	BA1652	97411	7	8	2	0	1	0	0	0	0	0	0
A	BL	18	135	1	2	BA1652	97421	8	9	0	0	0	0	0	0	0	0	0
A	BL	18	135	1	2	BA1652	97431	9	10	0	0	0	0	0	0	0	0	0
A	BL	18	135	1	2	BA1652	97433	10	0	0	0	0	0	0	0	1	0	0
A	BL	18	135	1	2	BA1652	97506	10	2	0	0	0	0	0	0	0	0	0
A	BL	18	135	1	2	BA1652	97507	2	6	0	0	0	0	0	0	0	0	0
A	BL	18	135	1	2	BA1652	98943	6	8	2	0	1	0	0	0	0	0	0
A	BL	18	135	1	2	BA1652	98947	8	0	0	0	0	0	0	0	1	0	0
A	BL	18	135	1	2	BA1652	98952	8	0	0	0	1	0	0	0	0	0	0
A	BL	18	135	1	2	BA1652	98953	8	7	0	0	0	0	0	0	0	0	0
A	BL	18	135	1	2	BA1652	98983	7	0	0	0	0	0	0	0	1	0	0
A	BL	18	135	1	2	BA1652	99118	7	8	2	0	1	0	0	0	0	0	0
A	BL	18	135	1	2	BA1652	99126	8	0	0	0	0	0	0	0	1	0	0
A	BL	18	135	1	2	BA1652	99128	8	7	0	0	0	0	0	0	0	0	0
A	BL	18	135	1	2	BA1652	99140	7	8	2	0	1	0	0	0	0	0	0
A	BL	18	135	1	2	BA1652	99146	8	0	0	0	0	0	0	0	1	0	0
A	BL	18	135	1	2	BA1652	99150	8	7	0	0	0	0	0	0	0	0	0
A	BL	18	135	1	2	BA1652	99179	7	8	2	0	1	0	0	0	0	0	0
A	BL	18	135	1	2	BA1652	99186	8	0	0	0	0	0	0	0	1	0	0
A	BL	18	135	1	2	BA1652	99189	8	7	0	0	0	0	0	0	0	0	0
A	BL	18	135	1	2	BA1652	99207	7	8	2	0	1	0	0	0	0	0	0
A	BL	18	135	1	2	BA1652	99217	8	7	0	0	0	0	0	0	0	0	0
A	BL	18	135	1	2	BA1652	99235	7	0	0	0	0	0	0	0	1	0	0
A	BL	18	135	1	2	BA1652	99243	7	8	2	0	1	0	0	0	0	0	0
A	BL	18	135	1	2	BA1652	99253	8	7	0	0	0	0	0	0	0	0	0
A	BL	18	135	1	2	BA1652	99262	7	0	0	0	0	0	0	0	1	0	0
A	BL	18	135	1	2	BA1652	99277	7	8	2	0	1	0	0	0	0	0	0
A	BL	18	135	1	2	BA1652	99281	8	0	0	0	0	0	0	0	1	0	0
A	BL	18	135	1	2	BA1652	99287	8	7	0	0	0	0	0	0	0	0	0
A	BL	18	135	1	2	BA1652	99297	7	8	2	0	1	0	0	0	0	0	0
A	BL	18	135	1	2	BA1652	99299	8	0	0	0	0	0	0	0	1	0	0
A	BL	18	135	1	2	BA1652	99307	8	7	0	0	0	0	0	0	0	0	0
A	BL	18	135	1	2	BA1652	99421	7	8	2	0	1	0	0	0	0	0	0
A	BL	18	135	1	2	BA1652	99431	8	7	0	0	0	0	0	0	0	0	0
A	BL	18	135	1	2	BA1652	99432	7	0	0	0	0	0	0	0	1	0	0
A	BL	18	135	1	2	BA1652	99442	7	8	2	0	1	0	0	0	0	0	0
A	BL	18	135	1	2	BA1652	99447	8	0	0	0	0	0	0	0	1	0	0
A	BL	18	135	1	2	BA1652	99451	8	0	0	0	1	0	0	0	0	0	0
A	BL	18	135	1	2	BA1652	99452	8	7	0	0	0	0	0	0	0	0	0
A	BL	18	135	1	2	BA1652	99471	7	0	0	0	0	0	0	0	1	0	0
A	BL	18	135	1	2	BA1652	99475	7	8	2	0	1	0	0	0	0	0	0
A	BL	18	135	1	2	BA1652	99481	8	0	0	0	0	0	0	0	1	0	0
A	BL	18	135	1	2	BA1652	99485	8	7	0	0	0	0	0	0	0	0	0
A	BL	18	135	1	2	BA1652	99487	7	8	2	0	1	0	0	0	0	0	0
A	BL	18	135	1	2	BA1652	99492	8	0	0	0	0	0	0	0	1	0	0
A	BL	18	135	1	2	BA1652	99497	8	7	0	0	0	0	0	0	0	0	0
A	BL	18	135	1	2	BA1652	99513	7	8	2	0	1	0	0	0	0	0	0
A	BL	18	135	1	2	BA1652	99517	8	0	0	0	0	0	0	0	1	0	0
A	BL	18	135	1	2	BA1652	99523	8	7	0	0	0	0	0	0	0	0	0
A	BL	18	135	1	2	BA1652	99592	7	8	2	0	1	0	0	0	0	0	0
A	BL	18	135	1	2	BA1652	99599	8	0	0	0	0	0	0	0	1	0	0
A	BL	18	135	1	2	BA1652	99602	8	7	0	0	0	0	0	0	0	0	0
A	BL	18	135	1	2	BA1652	99633	7	8	2	0	1	0	0	0	0	0	0
A	BL	18	135	1	2	BA1652	99635	8	0	0	0	0	0	0	0	1	0	0
A	BL	18	135	1	2	BA1652	99638	8	0	0	0	1	0	0	0	0	0	0
A	BL	18	135	1	2	BA1652	99643	8	7	0	0	0	0	0	0	0	0	0
A	BL	18	135	1	2	BA1652	99649	7	0	0	0	0	0	0	0	1	0	0
A	BL	18	135	1	2	BA1652	99676	7	8	2	0	1	0	0	0	0	0	0
A	BL	18	135	1	2	BA1652	99679	8	0	0	0	0	0	0	0	1	0	0
A	BL	18	135	1	2	BA1652	99686	8	7	0	0	0	0	0	0	0	0	0
A	BL	18	135	1	2	BA1652	99709	7	8	2	0	1	0	0	0	0	0	0
A	BL	18	135	1	2	BA1652	99711	8	0	0	0	0	0	0	0	1	0	0
A	BL	18	135	1	2	BA1652	99719	8	7	0	0	0	0	0	0	0	0	0
A	BL	18	135	1	2	BA1652	99768	7	8	2	0	1	0	0	0	0	0	0
A	BL	18	135	1	2	BA1652	99778	8	7	0	0	0	0	0	0	0	0	0
A	BL	18	135	1	2	BA1652	99784	7	0	0	0	0	0	0	0	1	0	0
A	BL	18	135	1	2	BA1652	99788	7	8	2	0	1	0	0	0	0	0	0
A	BL	18	135	1	2	BA1652	99798	8	7	0	0	0	0	0	0	0	0	0
A	BL	18	135	1	2	BA1652	99827	7	0	0	0	0	0	0	0	1	0	0
A	BL	18	135	1	2	BA1652	99876	7	8	2	0	1	0	0	0	0	0	0
A	BL	18	135	1	2	BA1652	99883	8	0	0	0	0	0	0	0	1	0	0
A	BL	18	135	1	2	BA1652	99885	8	0	0	0	1	0	0	0	0	0	0
A	BL	18	135	1	2	BA1652	99886	8	9	0	0	0	0	0	0	0	0	0
A	BL	18	135	1	2	BA1652	99888	9	0	0	0	0	0	0	0	1	0	0
A	BL	18	135	1	2	BA1652	99896	9	10	0	0	0	0	0	0	0	0	0
A	BL	18	135	1	2	BA1652	99971	10	2	0	0	0	0	0	0	0	0	0
A	BL	18	135	1	2	BA1652	99972	2	6	0	0	0	0	0	0	0	0	0
A	BL	18	135	1	2	BA1652	102002	6	8	2	0	1	0	0	0	0	0	0
A	BL	18	135	1	2	BA1652	102012	8	7	0	0	0	0	0	0	0	0	0
A	BL	18	135	1	2	BA1652	102030	7	0	0	0	0	0	0	0	1	0	0
A	BL	18	135	1	2	BA1652	102104	7	8	2	0	1	0	0	0	0	0	0
A	BL	18	135	1	2	BA1652	102114	8	7	0	0	0	0	0	0	0	0	0
A	BL	18	135	1	2	BA1652	102116	7	0	0	0	0	0	0	0	1	0	0
A	BL	18	135	1	2	BA1652	102126	7	8	2	0	1	0	0	0	0	0	0
A	BL	18	135	1	2	BA1652	102135	8	0	0	0	0	0	0	0	1	0	0
A	BL	18	135	1	2	BA1652	102136	8	7	0	0	0	0	0	0	0	0	0
A	BL	18	135	1	2	BA1652	102153	7	8	2	0	1	0	0	0	0	0	0
A	BL	18	135	1	2	BA1652	102161	8	0	0	0	0	0	0	0	1	0	0
A	BL	18	135	1	2	BA1652	102163	8	7	0	0	0	0	0	0	0	0	0
A	BL	18	135	1	2	BA1652	102166	7	8	2	0	1	0	0	0	0	0	0
A	BL	18	135	1	2	BA1652	102176	8	7	0	0	0	0	0	0	0	0	0
A	BL	18	135	1	2	BA1652	102180	7	0	0	0	0	0	0	0	1	0	0
A	BL	18	135	1	2	BA1652	102188	7	8	2	0	1	0	0	0	0	0	0
A	BL	18	135	1	2	BA1652	102193	8	0	0	0	0	0	0	0	1	0	0
A	BL	18	135	1	2	BA1652	102198	8	7	0	0	0	0	0	0	0	0	0
A	BL	18	135	1	2	BA1652	102241	7	8	2	0	1	0	0	0	0	0	0
A	BL	18	135	1	2	BA1652	102244	8	0	0	0	0	0	0	0	1	0	0
A	BL	18	135	1	2	BA1652	102251	8	7	0	0	0	0	0	0	0	0	0
A	BL	18	135	1	2	BA1652	102259	7	8	2	0	1	0	0	0	0	0	0
A	BL	18	135	1	2	BA1652	102269	8	7	0	0	0	0	0	0	0	0	0
A	BL	18	135	1	2	BA1652	102274	7	0	0	0	0	0	0	0	1	0	0
A	BL	18	135	1	2	BA1652	102288	7	8	2	0	1	0	0	0	0	0	0
A	BL	18	135	1	2	BA1652	102298	8	7	0	0	0	0	0	0	0	0	0
A	BL	18	135	1	2	BA1652	102328	7	0	0	0	0	0	0	0	1	0	0
A	BL	18	135	1	2	BA1652	102495	7	8	2	0	1	0	0	0	0	0	0
A	BL	18	135	1	2	BA1652	102502	8	0	0	0	0	0	0	0	1	0	0
A	BL	18	135	1	2	BA1652	102505	8	7	0	0	0	0	0	0	0	0	0
A	BL	18	135	1	2	BA1652	102530	7	8	2	0	1	0	0	0	0	0	0
A	BL	18	135	1	2	BA1652	102533	8	0	0	0	0	0	0	0	1	0	0
A	BL	18	135	1	2	BA1652	102540	8	7	0	0	0	0	0	0	0	0	0
A	BL	18	135	1	2	BA1652	102548	7	8	2	0	1	0	0	0	0	0	0
A	BL	18	135	1	2	BA1652	102555	8	0	0	0	0	0	0	0	1	0	0
A	BL	18	135	1	2	BA1652	102558	8	7	0	0	0	0	0	0	0	0	0
A	BL	18	135	1	2	BA1652	102559	7	8	2	0	1	0	0	0	0	0	0
A	BL	18	135	1	2	BA1652	102569	8	7	0	0	0	0	0	0	0	0	0
A	BL	18	135	1	2	BA1652	102575	7	0	0	0	0	0	0	0	1	0	0
A	BL	18	135	1	2	BA1652	102676	7	8	2	0	1	0	0	0	0	0	0
A	BL	18	135	1	2	BA1652	102686	8	7	0	0	0	0	0	0	0	0	0
A	BL	18	135	1	2	BA1652	102691	7	0	0	0	0	0	0	0	1	0	0
A	BL	18	135	1	2	BA1652	102699	7	8	2	0	1	0	0	0	0	0	0
A	BL	18	135	1	2	BA1652	102708	8	0	0	0	0	0	0	0	1	0	0
A	BL	18	135	1	2	BA1652	102709	8	7	0	0	0	0	0	0	0	0	0
A	BL	18	135	1	2	BA1652	102720	7	8	2	0	1	0	0	0	0	0	0
A	BL	18	135	1	2	BA1652	102730	8	7	0	0	0	0	0	0	1	0	0
A	BL	18	135	1	2	BA1652	102753	7	8	2	0	1	0	0	0	0	0	0
A	BL	18	135	1	2	BA1652	102756	8	0	0	0	0	0	0	0	1	0	0
A	BL	18	135	1	2	BA1652	102763	8	7	0	0	0	0	0	0	0	0	0
A	BL	18	135	1	2	BA1652	102820	7	8	2	0	1	0	0	0	0	0	0
A	BL	18	135	1	2	BA1652	102827	8	0	0	0	0	0	0	0	1	0	0
A	BL	18	135	1	2	BA1652	102830	8	7	0	0	0	0	0	0	0	0	0
A	BL	18	135	1	2	BA1652	102832	7	8	2	0	1	0	0	0	0	0	0
A	BL	18	135	1	2	BA1652	102837	8	0	0	0	0	0	0	0	1	0	0
A	BL	18	135	1	2	BA1652	102842	8	7	0	0	0	0	0	0	0	0	0
A	BL	18	135	1	2	BA1652	102843	7	8	2	0	1	0	0	0	0	0	0
A	BL	18	135	1	2	BA1652	102847	8	0	0	0	0	0	0	0	1	0	0
A	BL	18	135	1	2	BA1652	102853	8	9	0	0	0	0	0	0	0	0	0
A	BL	18	135	1	2	BA1652	102863	9	10	0	0	0	0	0	0	0	0	0
A	BL	18	135	1	2	BA1652	102938	10	2	0	0	0	0	0	0	0	0	0
A	BL	18	135	1	2	BA1652	102939	2	3	0	0	0	0	0	0	0	0	0
A	BL	18	135	1	2	BA1652	103565	3	5	1	1	0	0	0	0	0	0	0
A	BL	18	135	1	2	BA1652	103575	5	4	0	0	0	0	0	0	0	0	0
A	BL	18	135	1	2	BA1652	103577	4	0	0	0	0	0	0	1	0	0	0
A	BL	18	135	1	2	BA1652	103579	4	5	1	1	0	0	0	0	0	0	0
A	BL	18	135	1	2	BA1652	103586	5	0	0	0	0	0	0	1	0	0	0
A	BL	18	135	1	2	BA1652	103589	5	4	0	0	0	0	0	0	0	0	0
A	BL	18	135	1	2	BA1652	103597	4	5	1	1	0	0	0	0	0	0	0
A	BL	18	135	1	2	BA1652	103600	5	0	0	0	0	0	0	1	0	0	0
A	BL	18	135	1	2	BA1652	103601	5	0	0	1	0	0	0	0	0	0	0
A	BL	18	135	1	2	BA1652	103607	5	4	0	0	0	0	0	0	0	0	0
A	BL	18	135	1	2	BA1652	103625	4	0	0	0	0	0	0	1	0	0	0
A	BL	18	135	1	2	BA1652	103637	4	5	1	1	0	0	0	0	0	0	0
A	BL	18	135	1	2	BA1652	103644	5	0	0	0	0	0	0	1	0	0	0
A	BL	18	135	1	2	BA1652	103647	5	4	0	0	0	0	0	0	0	0	0
A	BL	18	135	1	2	BA1652	103718	4	5	1	1	0	0	0	0	0	0	0
A	BL	18	135	1	2	BA1652	103728	5	9	0	0	0	0	0	0	0	0	0
A	BL	18	135	1	2	BA1652	103731	9	0	0	0	0	0	0	1	0	0	0
A	BL	18	135	1	2	BA1652	103738	9	10	0	0	0	0	0	0	0	0	0
A	BL	18	135	1	2	BA1652	103813	10	2	0	0	0	0	0	0	0	0	0
A	BL	18	135	1	2	BA1652	103814	2	3	0	0	0	0	0	0	0	0	0
A	BL	18	135	1	2	BA1652	104394	3	5	1	1	0	0	0	0	0	0	0
A	BL	18	135	1	2	BA1652	104404	5	4	0	0	0	0	0	0	0	0	0
A	BL	18	135	1	2	BA1652	104413	4	0	0	0	0	0	0	1	0	0	0
A	BL	18	135	1	2	BA1652	104426	4	5	1	1	0	0	0	0	0	0	0
A	BL	18	135	1	2	BA1652	104429	5	0	0	0	0	0	0	1	0	0	0
A	BL	18	135	1	2	BA1652	104436	5	4	0	0	0	0	0	0	0	0	0
A	BL	18	135	1	2	BA1652	104474	4	5	1	1	0	0	0	0	0	0	0
A	BL	18	135	1	2	BA1652	104480	5	0	0	0	0	0	0	1	0	0	0
A	BL	18	135	1	2	BA1652	104484	5	4	0	0	0	0	0	0	0	0	0
A	BL	18	135	1	2	BA1652	104497	4	5	1	1	0	0	0	0	0	0	0
A	BL	18	135	1	2	BA1652	104499	5	0	0	0	0	0	0	1	0	0	0
A	BL	18	135	1	2	BA1652	104502	5	0	0	1	0	0	0	0	0	0	0
A	BL	18	135	1	2	BA1652	104506	5	0	0	0	0	0	0	1	0	0	0
A	BL	18	135	1	2	BA1652	104507	5	4	0	0	0	0	0	0	0	0	0
A	BL	18	135	1	2	BA1652	104525	4	5	1	1	0	0	0	0	0	0	0
A	BL	18	135	1	2	BA1652	104532	5	0	0	0	0	0	0	1	0	0	0
A	BL	18	135	1	2	BA1652	104535	5	9	0	0	0	0	0	0	0	0	0
A	BL	18	135	1	2	BA1652	104540	9	0	0	1	0	0	0	0	0	0	0
A	BL	18	135	1	2	BA1652	104542	9	0	0	0	0	0	0	1	0	0	0
A	BL	18	135	1	2	BA1652	104545	9	10	0	0	0	0	0	0	0	0	0
A	BL	18	135	1	2	BA1652	104620	10	2	0	0	0	0	0	0	0	0	0
A	BL	18	135	1	2	BA1652	104621	2	3	0	0	0	0	0	0	0	0	0
A	BL	18	135	1	2	BA1652	105499	3	5	1	1	0	0	0	0	0	0	0
A	BL	18	135	1	2	BA1652	105509	5	4	0	0	0	0	0	0	0	0	0
A	BL	18	135	1	2	BA1652	105524	4	0	0	0	0	0	0	1	0	0	0
A	BL	18	135	1	2	BA1652	105531	4	5	1	1	0	0	0	0	0	0	0
A	BL	18	135	1	2	BA1652	105541	5	4	0	0	0	0	0	0	0	0	0
A	BL	18	135	1	2	BA1652	105555	4	0	0	0	0	0	0	1	0	0	0
A	BL	18	135	1	2	BA1652	105815	4	5	1	1	0	0	0	0	0	0	0
A	BL	18	135	1	2	BA1652	105817	5	0	0	0	0	0	0	1	0	0	0
A	BL	18	135	1	2	BA1652	105825	5	4	0	0	0	0	0	0	0	0	0
A	BL	18	135	1	2	BA1652	105828	4	5	1	1	0	0	0	0	0	0	0
A	BL	18	135	1	2	BA1652	105838	5	4	0	0	0	0	0	0	0	0	0
A	BL	18	135	1	2	BA1652	105854	4	0	0	0	0	0	0	1	0	0	0
A	BL	18	135	1	2	BA1652	105884	4	5	1	1	0	0	0	0	0	0	0
A	BL	18	135	1	2	BA1652	105894	5	9	0	0	0	0	0	0	0	0	0
A	BL	18	135	1	2	BA1652	105904	9	10	0	0	0	0	0	0	0	0	0
A	BL	18	135	1	2	BA1652	105908	10	0	0	0	0	0	0	1	0	0	0
A	BL	18	135	1	2	BA1652	105979	10	2	0	0	0	0	0	0	0	0	0
A	BL	18	135	1	2	BA1652	105980	2	6	0	0	0	0	0	0	0	0	0
A	BL	18	135	1	2	BA1652	113081	6	8	2	0	1	0	0	0	0	0	0
A	BL	18	135	1	2	BA1652	113091	8	7	0	0	0	0	0	0	0	0	0
A	BL	18	135	1	2	BA1652	113108	7	0	0	0	0	0	0	0	1	0	0
A	BL	18	135	1	2	BA1652	113367	7	8	2	0	1	0	0	0	0	0	0
A	BL	18	135	1	2	BA1652	113371	8	0	0	0	0	0	0	0	1	0	0
A	BL	18	135	1	2	BA1652	113377	8	7	0	0	0	0	0	0	0	0	0
A	BL	18	135	1	2	BA1652	113402	7	8	2	0	1	0	0	0	0	0	0
A	BL	18	135	1	2	BA1652	113412	8	7	0	0	0	0	0	0	0	0	0
A	BL	18	135	1	2	BA1652	113415	7	0	0	0	0	0	0	0	1	0	0
A	BL	18	135	1	2	BA1652	113424	7	8	2	0	1	0	0	0	0	0	0
A	BL	18	135	1	2	BA1652	113427	8	0	0	0	0	0	0	0	1	0	0
A	BL	18	135	1	2	BA1652	113434	8	7	0	0	0	0	0	0	0	0	0
A	BL	18	135	1	2	BA1652	113452	7	8	2	0	1	0	0	0	0	0	0
A	BL	18	135	1	2	BA1652	113462	8	7	0	0	0	0	0	0	0	0	0
A	BL	18	135	1	2	BA1652	113483	7	0	0	0	0	0	0	0	1	0	0
A	BL	18	135	1	2	BA1652	113544	7	8	2	0	1	0	0	0	0	0	0
A	BL	18	135	1	2	BA1652	113548	8	0	0	0	0	0	0	0	1	0	0
A	BL	18	135	1	2	BA1652	113551	8	0	0	0	1	0	0	0	0	0	0
A	BL	18	135	1	2	BA1652	113554	8	7	0	0	0	0	0	0	0	0	0
A	BL	18	135	1	2	BA1652	113578	7	0	0	0	0	0	0	0	1	0	0
A	BL	18	135	1	2	BA1652	113593	7	8	2	0	1	0	0	0	0	0	0
A	BL	18	135	1	2	BA1652	113599	8	0	0	0	0	0	0	0	1	0	0
A	BL	18	135	1	2	BA1652	113603	8	7	0	0	0	0	0	0	0	0	0
A	BL	18	135	1	2	BA1652	113632	7	8	2	0	1	0	0	0	0	0	0
A	BL	18	135	1	2	BA1652	113641	8	0	0	0	0	0	0	0	1	0	0
A	BL	18	135	1	2	BA1652	113642	8	7	0	0	0	0	0	0	0	0	0
A	BL	18	135	1	2	BA1652	113657	7	8	2	0	1	0	0	0	0	0	0
A	BL	18	135	1	2	BA1652	113667	8	7	0	0	0	0	0	0	0	0	0
A	BL	18	135	1	2	BA1652	113672	7	0	0	0	0	0	0	0	1	0	0
A	BL	18	135	1	2	BA1652	113678	7	8	2	0	1	0	0	0	0	0	0
A	BL	18	135	1	2	BA1652	113682	8	0	0	0	0	0	0	0	1	0	0
A	BL	18	135	1	2	BA1652	113688	8	7	0	0	1	0	0	0	0	0	0
A	BL	18	135	1	2	BA1652	113708	7	0	0	0	0	0	0	0	1	0	0
A	BL	18	135	1	2	BA1652	113879	7	8	2	0	1	0	0	0	0	0	0
A	BL	18	135	1	2	BA1652	113889	8	7	0	0	0	0	0	0	0	0	0
A	BL	18	135	1	2	BA1652	113893	7	0	0	0	0	0	0	0	1	0	0
A	BL	18	135	1	2	BA1652	113898	7	8	2	0	1	0	0	0	0	0	0
A	BL	18	135	1	2	BA1652	113905	8	0	0	0	0	0	0	0	1	0	0
A	BL	18	135	1	2	BA1652	113908	8	7	0	0	0	0	0	0	0	0	0
A	BL	18	135	1	2	BA1652	113911	7	8	2	0	1	0	0	0	0	0	0
A	BL	18	135	1	2	BA1652	113916	8	0	0	0	0	0	0	0	1	0	0
A	BL	18	135	1	2	BA1652	113921	8	7	0	0	1	0	0	0	0	0	0
A	BL	18	135	1	2	BA1652	113934	7	0	0	0	0	0	0	0	1	0	0
A	BL	18	135	1	2	BA1652	114054	7	8	2	0	1	0	0	0	0	0	0
A	BL	18	135	1	2	BA1652	114061	8	0	0	0	0	0	0	0	1	0	0
A	BL	18	135	1	2	BA1652	114064	8	7	0	0	0	0	0	0	0	0	0
A	BL	18	135	1	2	BA1652	114084	7	8	2	0	1	0	0	0	0	0	0
A	BL	18	135	1	2	BA1652	114092	8	0	0	0	0	0	0	0	1	0	0
A	BL	18	135	1	2	BA1652	114094	8	7	0	0	0	0	0	0	0	0	0
A	BL	18	135	1	2	BA1652	114103	7	8	2	0	1	0	0	0	0	0	0
A	BL	18	135	1	2	BA1652	114113	8	7	0	0	0	0	0	0	1	0	0
A	BL	18	135	1	2	BA1652	114118	7	8	2	0	1	0	0	0	0	0	0
A	BL	18	135	1	2	BA1652	114125	8	0	0	0	0	0	0	0	1	0	0
A	BL	18	135	1	2	BA1652	114128	8	7	0	0	0	0	0	0	0	0	0
A	BL	18	135	1	2	BA1652	114130	7	8	2	0	1	0	0	0	0	0	0
A	BL	18	135	1	2	BA1652	114137	8	0	0	0	0	0	0	0	1	0	0
A	BL	18	135	1	2	BA1652	114138	8	0	0	0	1	0	0	0	0	0	0
A	BL	18	135	1	2	BA1652	114140	8	7	0	0	0	0	0	0	0	0	0
A	BL	18	135	1	2	BA1652	114148	7	0	0	0	0	0	0	0	1	0	0
A	BL	18	135	1	2	BA1652	114169	7	8	2	0	1	0	0	0	0	0	0
A	BL	18	135	1	2	BA1652	114179	8	7	0	0	0	0	0	0	0	0	0
A	BL	18	135	1	2	BA1652	114195	7	0	0	0	0	0	0	0	1	0	0
A	BL	18	135	1	2	BA1652	114196	7	8	2	0	1	0	0	0	0	0	0
A	BL	18	135	1	2	BA1652	114203	8	0	0	0	0	0	0	0	1	0	0
A	BL	18	135	1	2	BA1652	114206	8	9	0	0	0	0	0	0	0	0	0
A	BL	18	135	1	2	BA1652	114207	9	0	0	0	1	0	0	0	0	0	0
A	BL	18	135	1	2	BA1652	114216	9	10	0	0	0	0	0	0	0	0	0
A	BL	18	135	1	2	BA1652	114225	10	0	0	0	0	0	0	0	1	0	0
A	BL	18	135	1	2	BA1652	114291	10	2	0	0	0	0	0	0	0	0	0
A	BL	18	135	1	2	BA1652	114292	2	3	0	0	0	0	0	0	0	0	0
A	BL	18	135	1	2	BA1652	114956	3	5	1	1	0	0	0	0	0	0	0
A	BL	18	135	1	2	BA1652	114966	5	4	0	0	0	0	0	0	0	0	0
A	BL	18	135	1	2	BA1652	115020	4	0	0	0	0	0	0	1	0	0	0
A	BL	18	135	1	2	BA1652	115023	4	5	1	1	0	0	0	0	0	0	0
A	BL	18	135	1	2	BA1652	115028	5	0	0	0	0	0	0	1	0	0	0
A	BL	18	135	1	2	BA1652	115032	5	0	0	1	0	0	0	0	0	0	0
A	BL	18	135	1	2	BA1652	115033	5	4	0	0	0	0	0	0	0	0	0
A	BL	18	135	1	2	BA1652	115061	4	0	0	0	0	0	0	1	0	0	0
A	BL	18	135	1	2	BA1652	115067	4	5	1	1	0	0	0	0	0	0	0
A	BL	18	135	1	2	BA1652	115077	5	4	0	0	0	0	0	0	0	0	0
A	BL	18	135	1	2	BA1652	115088	4	0	0	0	0	0	0	1	0	0	0
A	BL	18	135	1	2	BA1652	115094	4	5	1	1	0	0	0	0	0	0	0
A	BL	18	135	1	2	BA1652	115104	5	4	0	0	0	0	0	0	0	0	0
A	BL	18	135	1	2	BA1652	115105	4	0	0	0	0	0	0	1	0	0	0
A	BL	18	135	1	2	BA1652	115108	4	5	1	1	0	0	0	0	0	0	0
A	BL	18	135	1	2	BA1652	115118	5	9	0	0	0	0	0	0	0	0	0
A	BL	18	135	1	2	BA1652	115124	9	0	0	0	0	0	0	1	0	0	0
A	BL	18	135	1	2	BA1652	115128	9	10	0	0	0	0	0	0	0	0	0
A	BL	18	135	1	2	BA1652	115203	10	2	0	0	0	0	0	0	0	0	0
A	BL	18	135	1	2	BA1652	115204	2	6	0	0	0	0	0	0	0	0	0
A	BL	18	135	1	2	BA1652	117179	6	8	2	0	1	0	0	0	0	0	0
A	BL	18	135	1	2	BA1652	117189	8	7	0	0	0	0	0	0	0	0	0
A	BL	18	135	1	2	BA1652	117195	7	0	0	0	0	0	0	0	1	0	0
A	BL	18	135	1	2	BA1652	117253	7	8	2	0	1	0	0	0	0	0	0
A	BL	18	135	1	2	BA1652	117263	8	7	0	0	0	0	0	0	0	0	0
A	BL	18	135	1	2	BA1652	117265	7	0	0	0	0	0	0	0	1	0	0
A	BL	18	135	1	2	BA1652	117274	7	8	2	0	1	0	0	0	0	0	0
A	BL	18	135	1	2	BA1652	117284	8	7	0	0	0	0	0	0	0	0	0
A	BL	18	135	1	2	BA1652	117295	7	0	0	0	0	0	0	0	1	0	0
A	BL	18	135	1	2	BA1652	117416	7	8	2	0	1	0	0	0	0	0	0
A	BL	18	135	1	2	BA1652	117423	8	0	0	0	0	0	0	0	1	0	0
A	BL	18	135	1	2	BA1652	117426	8	7	0	0	0	0	0	0	0	0	0
A	BL	18	135	1	2	BA1652	117433	7	8	2	0	1	0	0	0	0	0	0
A	BL	18	135	1	2	BA1652	117443	8	7	0	0	0	0	0	0	0	0	0
A	BL	18	135	1	2	BA1652	117457	7	0	0	0	0	0	0	0	1	0	0
A	BL	18	135	1	2	BA1652	117572	7	8	2	0	1	0	0	0	0	0	0
A	BL	18	135	1	2	BA1652	117578	8	0	0	0	0	0	0	0	1	0	0
A	BL	18	135	1	2	BA1652	117582	8	7	0	0	0	0	0	0	0	0	0
A	BL	18	135	1	2	BA1652	117587	7	8	2	0	1	0	0	0	0	0	0
A	BL	18	135	1	2	BA1652	117590	8	0	0	0	0	0	0	0	1	0	0
A	BL	18	135	1	2	BA1652	117594	8	0	0	0	1	0	0	0	0	0	0
A	BL	18	135	1	2	BA1652	117597	8	7	0	0	0	0	0	0	1	0	0
A	BL	18	135	1	2	BA1652	117671	7	8	2	0	1	0	0	0	0	0	0
A	BL	18	135	1	2	BA1652	117681	8	7	0	0	0	0	0	0	0	0	0
A	BL	18	135	1	2	BA1652	117682	7	0	0	0	0	0	0	0	1	0	0
A	BL	18	135	1	2	BA1652	117687	7	8	2	0	1	0	0	0	0	0	0
A	BL	18	135	1	2	BA1652	117693	8	0	0	0	0	0	0	0	1	0	0
A	BL	18	135	1	2	BA1652	117697	8	7	0	0	0	0	0	0	0	0	0
A	BL	18	135	1	2	BA1652	117732	7	8	2	0	1	0	0	0	0	0	0
A	BL	18	135	1	2	BA1652	117735	8	0	0	0	0	0	0	0	1	0	0
A	BL	18	135	1	2	BA1652	117736	8	0	0	0	1	0	0	0	0	0	0
A	BL	18	135	1	2	BA1652	117742	8	7	0	0	0	0	0	0	0	0	0
A	BL	18	135	1	2	BA1652	117761	7	0	0	0	0	0	0	0	1	0	0
A	BL	18	135	1	2	BA1652	117765	7	8	2	0	1	0	0	0	0	0	0
A	BL	18	135	1	2	BA1652	117775	8	7	0	0	0	0	0	0	0	0	0
A	BL	18	135	1	2	BA1652	117786	7	0	0	0	0	0	0	0	1	0	0
A	BL	18	135	1	2	BA1652	117827	7	8	2	0	1	0	0	0	0	0	0
A	BL	18	135	1	2	BA1652	117834	8	0	0	0	0	0	0	0	1	0	0
A	BL	18	135	1	2	BA1652	117837	8	7	0	0	0	0	0	0	0	0	0
A	BL	18	135	1	2	BA1652	117933	7	8	2	0	1	0	0	0	0	0	0
A	BL	18	135	1	2	BA1652	117943	8	7	0	0	0	0	0	0	0	0	0
A	BL	18	135	1	2	BA1652	117944	7	0	0	0	0	0	0	0	1	0	0
A	BL	18	135	1	2	BA1652	117989	7	8	2	0	1	0	0	0	0	0	0
A	BL	18	135	1	2	BA1652	117999	8	7	0	0	0	0	0	0	0	0	0
A	BL	18	135	1	2	BA1652	118012	7	0	0	0	0	0	0	0	1	0	0
A	BL	18	135	1	2	BA1652	118016	7	8	2	0	1	0	0	0	0	0	0
A	BL	18	135	1	2	BA1652	118026	8	7	0	0	0	0	0	0	0	0	0
A	BL	18	135	1	2	BA1652	118029	7	0	0	0	0	0	0	0	1	0	0
A	BL	18	135	1	2	BA1652	118030	7	8	2	0	1	0	0	0	0	0	0
A	BL	18	135	1	2	BA1652	118031	8	0	0	0	0	0	0	0	1	0	0
A	BL	18	135	1	2	BA1652	118040	8	7	0	0	0	0	0	0	0	0	0
A	BL	18	135	1	2	BA1652	118199	7	8	2	0	1	0	0	0	0	0	0
A	BL	18	135	1	2	BA1652	118209	8	7	0	0	0	0	0	0	0	0	0
A	BL	18	135	1	2	BA1652	118228	7	0	0	0	0	0	0	0	1	0	0
A	BL	18	135	1	2	BA1652	118234	7	8	2	0	1	0	0	0	0	0	0
A	BL	18	135	1	2	BA1652	118244	8	7	0	0	0	0	0	0	0	0	0
A	BL	18	135	1	2	BA1652	118257	7	0	0	0	0	0	0	0	1	0	0
A	BL	18	135	1	2	BA1652	118261	7	8	2	0	1	0	0	0	0	0	0
A	BL	18	135	1	2	BA1652	118269	8	0	0	0	0	0	0	0	1	0	0
A	BL	18	135	1	2	BA1652	118271	8	7	0	0	0	0	0	0	0	0	0
A	BL	18	135	1	2	BA1652	118281	7	8	2	0	1	0	0	0	0	0	0
A	BL	18	135	1	2	BA1652	118291	8	9	0	0	0	0	0	0	0	0	0
A	BL	18	135	1	2	BA1652	118301	9	10	0	0	0	0	0	0	0	0	0
A	BL	18	135	1	2	BA1652	118302	10	0	0	0	0	0	0	0	1	0	0
A	BL	18	135	1	2	BA1652	118376	10	2	0	0	0	0	0	0	0	0	0
A	BL	18	135	1	2	BA1652	118377	2	6	0	0	0	0	0	0	0	0	0
A	BL	18	135	1	2	BA1652	119228	6	8	2	0	1	0	0	0	0	0	0
A	BL	18	135	1	2	BA1652	119238	8	7	0	0	0	0	0	0	0	0	0
A	BL	18	135	1	2	BA1652	119256	7	0	0	0	0	0	0	0	1	0	0
A	BL	18	135	1	2	BA1652	119313	7	8	2	0	1	0	0	0	0	0	0
A	BL	18	135	1	2	BA1652	119323	8	7	0	0	0	0	0	0	0	0	0
A	BL	18	135	1	2	BA1652	119337	7	0	0	0	0	0	0	0	1	0	0
A	BL	18	135	1	2	BA1652	119514	7	8	2	0	1	0	0	0	0	0	0
A	BL	18	135	1	2	BA1652	119520	8	0	0	0	0	0	0	0	1	0	0
A	BL	18	135	1	2	BA1652	119524	8	7	0	0	0	0	0	0	0	0	0
A	BL	18	135	1	2	BA1652	119526	7	8	2	0	1	0	0	0	0	0	0
A	BL	18	135	1	2	BA1652	119536	8	7	0	0	0	0	0	0	0	0	0
A	BL	18	135	1	2	BA1652	119555	7	0	0	0	0	0	0	0	1	0	0
A	BL	18	135	1	2	BA1652	119559	7	8	2	0	1	0	0	0	0	0	0
A	BL	18	135	1	2	BA1652	119567	8	0	0	0	0	0	0	0	1	0	0
A	BL	18	135	1	2	BA1652	119569	8	7	0	0	0	0	0	0	0	0	0
A	BL	18	135	1	2	BA1652	119571	7	8	2	0	1	0	0	0	0	0	0
A	BL	18	135	1	2	BA1652	119581	8	7	0	0	0	0	0	0	0	0	0
A	BL	18	135	1	2	BA1652	119598	7	0	0	0	0	0	0	0	1	0	0
A	BL	18	135	1	2	BA1652	119605	7	8	2	0	1	0	0	0	0	0	0
A	BL	18	135	1	2	BA1652	119615	8	7	0	0	0	0	0	0	0	0	0
A	BL	18	135	1	2	BA1652	119628	7	0	0	0	0	0	0	0	1	0	0
A	BL	18	135	1	2	BA1652	119871	7	8	2	0	1	0	0	0	0	0	0
A	BL	18	135	1	2	BA1652	119876	8	0	0	0	0	0	0	0	1	0	0
A	BL	18	135	1	2	BA1652	119881	8	7	0	0	0	0	0	0	0	0	0
A	BL	18	135	1	2	BA1652	119902	7	8	2	0	1	0	0	0	0	0	0
A	BL	18	135	1	2	BA1652	119912	8	7	0	0	0	0	0	0	1	0	0
A	BL	18	135	1	2	BA1652	119923	7	8	2	0	1	0	0	0	0	0	0
A	BL	18	135	1	2	BA1652	119933	8	7	0	0	0	0	0	0	0	0	0
A	BL	18	135	1	2	BA1652	119953	7	0	0	0	0	0	0	0	1	0	0
A	BL	18	135	1	2	BA1652	119957	7	8	2	0	1	0	0	0	0	0	0
A	BL	18	135	1	2	BA1652	119967	8	7	0	0	0	0	0	0	0	0	0
A	BL	18	135	1	2	BA1652	119975	7	0	0	0	0	0	0	0	1	0	0
A	BL	18	135	1	2	BA1652	120039	7	8	2	0	1	0	0	0	0	0	0
A	BL	18	135	1	2	BA1652	120048	8	0	0	0	0	0	0	0	1	0	0
A	BL	18	135	1	2	BA1652	120049	8	7	0	0	0	0	0	0	0	0	0
A	BL	18	135	1	2	BA1652	120050	7	8	2	0	1	0	0	0	0	0	0
A	BL	18	135	1	2	BA1652	120060	8	7	0	0	0	0	0	0	0	0	0
A	BL	18	135	1	2	BA1652	120073	7	0	0	0	0	0	0	0	1	0	0
A	BL	18	135	1	2	BA1652	120078	7	8	2	0	1	0	0	0	0	0	0
A	BL	18	135	1	2	BA1652	120088	8	7	0	0	0	0	0	0	0	0	0
A	BL	18	135	1	2	BA1652	120097	7	0	0	0	0	0	0	0	1	0	0
A	BL	18	135	1	2	BA1652	120105	7	8	2	0	1	0	0	0	0	0	0
A	BL	18	135	1	2	BA1652	120114	8	0	0	0	0	0	0	0	1	0	0
A	BL	18	135	1	2	BA1652	120115	8	7	0	0	0	0	0	0	0	0	0
A	BL	18	135	1	2	BA1652	120202	7	8	2	0	1	0	0	0	0	0	0
A	BL	18	135	1	2	BA1652	120212	8	7	0	0	0	0	0	0	0	0	0
A	BL	18	135	1	2	BA1652	120222	7	0	0	0	0	0	0	0	1	0	0
A	BL	18	135	1	2	BA1652	120244	7	8	2	0	1	0	0	0	0	0	0
A	BL	18	135	1	2	BA1652	120254	8	7	0	0	0	0	0	0	0	0	0
A	BL	18	135	1	2	BA1652	120271	7	0	0	0	0	0	0	0	1	0	0
A	BL	18	135	1	2	BA1652	120276	7	8	2	0	1	0	0	0	0	0	0
A	BL	18	135	1	2	BA1652	120282	8	0	0	0	0	0	0	0	1	0	0
A	BL	18	135	1	2	BA1652	120286	8	7	0	0	0	0	0	0	0	0	0
A	BL	18	135	1	2	BA1652	120291	7	8	2	0	1	0	0	0	0	0	0
A	BL	18	135	1	2	BA1652	120300	8	0	0	0	0	0	0	0	1	0	0
A	BL	18	135	1	2	BA1652	120301	8	7	0	0	0	0	0	0	0	0	0
A	BL	18	135	1	2	BA1652	120341	7	8	2	0	1	0	0	0	0	0	0
A	BL	18	135	1	2	BA1652	120351	8	9	0	0	0	0	0	0	0	0	0
A	BL	18	135	1	2	BA1652	120361	9	10	0	0	0	0	0	0	1	0	0
A	BL	18	135	1	2	BA1652	120436	10	2	0	0	0	0	0	0	0	0	0
A	BL	18	135	1	2	BA1652	120437	2	3	0	0	0	0	0	0	0	0	0
A	BL	18	135	1	2	BA1652	121144	3	5	1	1	0	0	0	0	0	0	0
A	BL	18	135	1	2	BA1652	121149	5	0	0	0	0	0	0	1	0	0	0
A	BL	18	135	1	2	BA1652	121154	5	4	0	0	0	0	0	0	0	0	0
A	BL	18	135	1	2	BA1652	121278	4	5	1	1	0	0	0	0	0	0	0
A	BL	18	135	1	2	BA1652	121288	5	4	0	0	0	0	0	0	0	0	0
A	BL	18	135	1	2	BA1652	121323	4	0	0	0	0	0	0	1	0	0	0
A	BL	18	135	1	2	BA1652	121324	4	5	1	1	0	0	0	0	0	0	0
A	BL	18	135	1	2	BA1652	121334	5	4	0	0	0	0	0	0	0	0	0
A	BL	18	135	1	2	BA1652	121343	4	0	0	0	0	0	0	1	0	0	0
A	BL	18	135	1	2	BA1652	121347	4	5	1	1	0	0	0	0	0	0	0
A	BL	18	135	1	2	BA1652	121357	5	4	0	0	0	0	0	0	0	0	0
A	BL	18	135	1	2	BA1652	121373	4	0	0	0	0	0	0	1	0	0	0
A	BL	18	135	1	2	BA1652	121379	4	5	1	1	0	0	0	0	0	0	0
A	BL	18	135	1	2	BA1652	121389	5	9	0	0	0	0	0	0	0	0	0
A	BL	18	135	1	2	BA1652	121399	9	10	0	0	0	0	0	0	0	0	0
A	BL	18	135	1	2	BA1652	121408	10	0	0	0	0	0	0	1	0	0	0
A	BL	18	135	1	2	BA1652	121474	10	2	0	0	0	0	0	0	0	0	0
A	BL	18	135	1	2	BA1652	121475	2	6	0	0	0	0	0	0	0	0	0
A	BL	18	135	1	2	BA1652	123540	6	8	2	0	1	0	0	0	0	0	0
A	BL	18	135	1	2	BA1652	123550	8	7	0	0	0	0	0	0	0	0	0
A	BL	18	135	1	2	BA1652	123604	7	0	0	0	0	0	0	0	1	0	0
A	BL	18	135	1	2	BA1652	123611	7	8	2	0	1	0	0	0	0	0	0
A	BL	18	135	1	2	BA1652	123621	8	7	0	0	0	0	0	0	0	0	0
A	BL	18	135	1	2	BA1652	123641	7	0	0	0	0	0	0	0	1	0	0
A	BL	18	135	1	2	BA1652	123929	7	8	2	0	1	0	0	0	0	0	0
A	BL	18	135	1	2	BA1652	123933	8	0	0	0	0	0	0	0	1	0	0
A	BL	18	135	1	2	BA1652	123939	8	7	0	0	0	0	0	0	0	0	0
A	BL	18	135	1	2	BA1652	123950	7	8	2	0	1	0	0	0	0	0	0
A	BL	18	135	1	2	BA1652	123960	8	7	0	0	0	0	0	0	0	0	0
A	BL	18	135	1	2	BA1652	123961	7	0	0	0	0	0	0	0	1	0	0
A	BL	18	135	1	2	BA1652	124076	7	8	2	0	1	0	0	0	0	0	0
A	BL	18	135	1	2	BA1652	124086	8	7	0	0	0	0	0	0	1	0	0
A	BL	18	135	1	2	BA1652	124089	7	8	2	0	1	0	0	0	0	0	0
A	BL	18	135	1	2	BA1652	124099	8	7	0	0	0	0	0	0	0	0	0
A	BL	18	135	1	2	BA1652	124106	7	0	0	0	0	0	0	0	1	0	0
A	BL	18	135	1	2	BA1652	124121	7	8	2	0	1	0	0	0	0	0	0
A	BL	18	135	1	2	BA1652	124125	8	0	0	0	0	0	0	0	1	0	0
A	BL	18	135	1	2	BA1652	124131	8	7	0	0	0	0	0	0	0	0	0
A	BL	18	135	1	2	BA1652	124223	7	8	2	0	1	0	0	0	0	0	0
A	BL	18	135	1	2	BA1652	124233	8	7	0	0	0	0	0	0	0	0	0
A	BL	18	135	1	2	BA1652	124336	7	0	0	0	0	0	0	0	1	0	0
A	BL	18	135	1	2	BA1652	124393	7	8	2	0	1	0	0	0	0	0	0
A	BL	18	135	1	2	BA1652	124403	8	7	0	0	0	0	0	0	0	0	0
A	BL	18	135	1	2	BA1652	124449	7	0	0	0	0	0	0	0	1	0	0
A	BL	18	135	1	2	BA1652	124482	7	8	2	0	1	0	0	0	0	0	0
A	BL	18	135	1	2	BA1652	124492	8	7	0	0	0	0	0	0	0	0	0
A	BL	18	135	1	2	BA1652	124498	7	0	0	0	0	0	0	0	1	0	0
A	BL	18	135	1	2	BA1652	124518	7	8	2	0	1	0	0	0	0	0	0
A	BL	18	135	1	2	BA1652	124525	8	0	0	0	0	0	0	0	1	0	0
A	BL	18	135	1	2	BA1652	124528	8	7	0	0	0	0	0	0	0	0	0
A	BL	18	135	1	2	BA1652	124541	7	8	2	0	1	0	0	0	0	0	0
A	BL	18	135	1	2	BA1652	124544	8	0	0	0	0	0	0	0	1	0	0
A	BL	18	135	1	2	BA1652	124551	8	7	0	0	0	0	0	0	0	0	0
A	BL	18	135	1	2	BA1652	124558	7	8	2	0	1	0	0	0	0	0	0
A	BL	18	135	1	2	BA1652	124562	8	0	0	0	0	0	0	0	1	0	0
A	BL	18	135	1	2	BA1652	124568	8	7	0	0	0	0	0	0	0	0	0
A	BL	18	135	1	2	BA1652	124569	7	8	2	0	1	0	0	0	0	0	0
A	BL	18	135	1	2	BA1652	124571	8	0	0	0	0	0	0	0	1	0	0
A	BL	18	135	1	2	BA1652	124579	8	7	0	0	0	0	0	0	0	0	0
A	BL	18	135	1	2	BA1652	124666	7	8	2	0	1	0	0	0	0	0	0
A	BL	18	135	1	2	BA1652	124668	8	0	0	0	0	0	0	0	1	0	0
A	BL	18	135	1	2	BA1652	124670	8	0	0	0	1	0	0	0	0	0	0
A	BL	18	135	1	2	BA1652	124676	8	7	0	0	0	0	0	0	0	0	0
A	BL	18	135	1	2	BA1652	124697	7	0	0	0	0	0	0	0	1	0	0
A	BL	18	135	1	2	BA1652	124729	7	8	2	0	1	0	0	0	0	0	0
A	BL	18	135	1	2	BA1652	124739	8	7	0	0	0	0	0	0	0	0	0
A	BL	18	135	1	2	BA1652	124747	7	0	0	0	0	0	0	0	1	0	0
A	BL	18	135	1	2	BA1652	124755	7	8	2	0	1	0	0	0	0	0	0
A	BL	18	135	1	2	BA1652	124758	8	0	0	0	1	0	0	0	1	0	0
A	BL	18	135	1	2	BA1652	124765	8	7	0	0	0	0	0	0	0	0	0
A	BL	18	135	1	2	BA1652	124782	7	0	0	0	0	0	0	0	1	0	0
A	BL	18	135	1	2	BA1652	124809	7	8	2	0	1	0	0	0	0	0	0
A	BL	18	135	1	2	BA1652	124812	8	0	0	0	0	0	0	0	1	0	0
A	BL	18	135	1	2	BA1652	124819	8	7	0	0	0	0	0	0	0	0	0
A	BL	18	135	1	2	BA1652	124833	7	8	2	0	1	0	0	0	0	0	0
A	BL	18	135	1	2	BA1652	124839	8	0	0	0	0	0	0	0	1	0	0
A	BL	18	135	1	2	BA1652	124842	8	0	0	0	1	0	0	0	0	0	0
A	BL	18	135	1	2	BA1652	124843	8	7	0	0	0	0	0	0	0	0	0
A	BL	18	135	1	2	BA1652	124846	7	0	0	0	0	0	0	0	1	0	0
A	BL	18	135	1	2	BA1652	124850	7	8	2	0	1	0	0	0	0	0	0
A	BL	18	135	1	2	BA1652	124860	8	9	0	0	0	0	0	0	0	0	0
A	BL	18	135	1	2	BA1652	124865	9	0	0	0	0	0	0	0	1	0	0
A	BL	18	135	1	2	BA1652	124870	9	10	0	0	0	0	0	0	0	0	0
A	BL	18	135	1	2	BA1652	124945	10	2	0	0	0	0	0	0	0	0	0
A	BL	18	135	1	2	BA1652	124946	2	6	0	0	0	0	0	0	0	0	0
A	BL	18	135	1	2	BA1652	125989	6	8	2	0	1	0	0	0	0	0	0
A	BL	18	135	1	2	BA1652	125999	8	7	0	0	0	0	0	0	0	0	0
A	BL	18	135	1	2	BA1652	126028	7	0	0	0	0	0	0	0	1	0	0
A	BL	18	135	1	2	BA1652	126151	7	8	2	0	1	0	0	0	0	0	0
A	BL	18	135	1	2	BA1652	126161	8	7	0	0	0	0	0	0	0	0	0
A	BL	18	135	1	2	BA1652	126206	7	0	0	0	0	0	0	0	1	0	0
A	BL	18	135	1	2	BA1652	126221	7	8	2	0	1	0	0	0	0	0	0
A	BL	18	135	1	2	BA1652	126231	8	7	0	0	0	0	0	0	0	0	0
A	BL	18	135	1	2	BA1652	126243	7	0	0	0	0	0	0	0	1	0	0
A	BL	18	135	1	2	BA1652	126245	7	8	2	0	1	0	0	0	0	0	0
A	BL	18	135	1	2	BA1652	126253	8	0	0	0	0	0	0	0	1	0	0
A	BL	18	135	1	2	BA1652	126255	8	7	0	0	0	0	0	0	0	0	0
A	BL	18	135	1	2	BA1652	126354	7	8	2	0	1	0	0	0	0	0	0
A	BL	18	135	1	2	BA1652	126364	8	7	0	0	0	0	0	0	0	0	0
A	BL	18	135	1	2	BA1652	126376	7	0	0	0	0	0	0	0	1	0	0
A	BL	18	135	1	2	BA1652	126380	7	8	2	0	1	0	0	0	0	0	0
A	BL	18	135	1	2	BA1652	126390	8	7	0	0	0	0	0	0	0	0	0
A	BL	18	135	1	2	BA1652	126420	7	0	0	0	0	0	0	0	1	0	0
A	BL	18	135	1	2	BA1652	126424	7	8	2	0	1	0	0	0	0	0	0
A	BL	18	135	1	2	BA1652	126434	8	7	0	0	0	0	0	0	0	0	0
A	BL	18	135	1	2	BA1652	126435	7	0	0	0	0	0	0	0	1	0	0
A	BL	18	135	1	2	BA1652	126441	7	8	2	0	1	0	0	0	0	0	0
A	BL	18	135	1	2	BA1652	126451	8	7	0	0	0	0	0	0	0	0	0
A	BL	18	135	1	2	BA1652	126470	7	0	0	0	0	0	0	0	1	0	0
A	BL	18	135	1	2	BA1652	126514	7	8	2	0	1	0	0	0	0	0	0
A	BL	18	135	1	2	BA1652	126524	8	7	0	0	0	0	0	0	0	0	0
A	BL	18	135	1	2	BA1652	126530	7	0	0	0	0	0	0	0	1	0	0
A	BL	18	135	1	2	BA1652	126537	7	8	2	0	1	0	0	0	0	0	0
A	BL	18	135	1	2	BA1652	126543	8	0	0	0	0	0	0	0	1	0	0
A	BL	18	135	1	2	BA1652	126547	8	7	0	0	0	0	0	0	0	0	0
A	BL	18	135	1	2	BA1652	126558	7	8	2	0	1	0	0	0	0	0	0
A	BL	18	135	1	2	BA1652	126565	8	0	0	0	0	0	0	0	1	0	0
A	BL	18	135	1	2	BA1652	126568	8	7	0	0	0	0	0	0	0	0	0
A	BL	18	135	1	2	BA1652	126571	7	8	2	0	1	0	0	0	0	0	0
A	BL	18	135	1	2	BA1652	126581	8	7	0	0	0	0	0	0	0	0	0
A	BL	18	135	1	2	BA1652	126588	7	0	0	0	0	0	0	0	1	0	0
A	BL	18	135	1	2	BA1652	126706	7	8	2	0	1	0	0	0	0	0	0
A	BL	18	135	1	2	BA1652	126716	8	7	0	0	0	0	0	0	0	0	0
A	BL	18	135	1	2	BA1652	126729	7	0	0	0	0	0	0	0	1	0	0
A	BL	18	135	1	2	BA1652	126737	7	8	2	0	1	0	0	0	0	0	0
A	BL	18	135	1	2	BA1652	126743	8	0	0	0	0	0	0	0	1	0	0
A	BL	18	135	1	2	BA1652	126747	8	7	0	0	0	0	0	0	0	0	0
A	BL	18	135	1	2	BA1652	126749	7	8	2	0	1	0	0	0	0	0	0
A	BL	18	135	1	2	BA1652	126754	8	0	0	0	0	0	0	0	1	0	0
A	BL	18	135	1	2	BA1652	126759	8	7	0	0	1	0	0	0	0	0	0
A	BL	18	135	1	2	BA1652	126767	7	0	0	0	0	0	0	0	1	0	0
A	BL	18	135	1	2	BA1652	126783	7	8	2	0	1	0	0	0	0	0	0
A	BL	18	135	1	2	BA1652	126793	8	7	0	0	0	0	0	0	1	0	0
A	BL	18	135	1	2	BA1652	126815	7	8	2	0	1	0	0	0	0	0	0
A	BL	18	135	1	2	BA1652	126817	8	0	0	0	0	0	0	0	1	0	0
A	BL	18	135	1	2	BA1652	126825	8	7	0	0	0	0	0	0	0	0	0
A	BL	18	135	1	2	BA1652	126937	7	8	2	0	1	0	0	0	0	0	0
A	BL	18	135	1	2	BA1652	126947	8	7	0	0	0	0	0	0	0	0	0
A	BL	18	135	1	2	BA1652	126954	7	0	0	0	0	0	0	0	1	0	0
A	BL	18	135	1	2	BA1652	126962	7	8	2	0	1	0	0	0	0	0	0
A	BL	18	135	1	2	BA1652	126972	8	7	0	0	0	0	0	0	0	0	0
A	BL	18	135	1	2	BA1652	126988	7	0	0	0	0	0	0	0	1	0	0
A	BL	18	135	1	2	BA1652	126998	7	8	2	0	1	0	0	0	0	0	0
A	BL	18	135	1	2	BA1652	127000	8	0	0	0	0	0	0	0	1	0	0
A	BL	18	135	1	2	BA1652	127006	8	0	0	0	1	0	0	0	0	0	0
A	BL	18	135	1	2	BA1652	127008	8	9	0	0	0	0	0	0	0	0	0
A	BL	18	135	1	2	BA1652	127016	9	0	0	0	0	0	0	0	1	0	0
A	BL	18	135	1	2	BA1652	127018	9	10	0	0	0	0	0	0	0	0	0
A	BL	18	135	1	2	BA1652	127093	10	2	0	0	0	0	0	0	0	0	0
A	BL	18	135	1	2	BA1652	127094	2	3	0	0	0	0	0	0	0	0	0
A	BL	18	135	1	2	BA1652	127790	3	5	1	1	0	0	0	0	0	0	0
A	BL	18	135	1	2	BA1652	127800	5	4	0	0	0	0	0	0	0	0	0
A	BL	18	135	1	2	BA1652	127838	4	0	0	0	0	0	0	1	0	0	0
A	BL	18	135	1	2	BA1652	127841	4	5	1	1	0	0	0	0	0	0	0
A	BL	18	135	1	2	BA1652	127851	5	4	0	0	0	0	0	0	0	0	0
A	BL	18	135	1	2	BA1652	127877	4	0	0	0	0	0	0	1	0	0	0
A	BL	18	135	1	2	BA1652	127879	4	5	1	1	0	0	0	0	0	0	0
A	BL	18	135	1	2	BA1652	127889	5	4	0	0	0	0	0	0	0	0	0
A	BL	18	135	1	2	BA1652	127959	4	0	0	0	0	0	0	1	0	0	0
A	BL	18	135	1	2	BA1652	127962	4	5	1	1	0	0	0	0	0	0	0
A	BL	18	135	1	2	BA1652	127972	5	4	0	0	0	0	0	0	0	0	0
A	BL	18	135	1	2	BA1652	127984	4	0	0	0	0	0	0	1	0	0	0
A	BL	18	135	1	2	BA1652	127991	4	5	1	1	0	0	0	0	0	0	0
A	BL	18	135	1	2	BA1652	127996	5	0	0	0	0	0	0	1	0	0	0
A	BL	18	135	1	2	BA1652	127999	5	0	0	1	0	0	0	0	0	0	0
A	BL	18	135	1	2	BA1652	128001	5	9	0	0	0	0	0	0	0	0	0
A	BL	18	135	1	2	BA1652	128006	9	0	0	0	0	0	0	1	0	0	0
A	BL	18	135	1	2	BA1652	128007	9	0	0	1	0	0	0	0	0	0	0
A	BL	18	135	1	2	BA1652	128011	9	10	0	0	0	0	0	0	0	0	0
A	BL	18	135	1	2	BA1652	128016	10	0	0	0	0	0	0	1	0	0	0
A	BL	18	135	1	2	BA1652	128086	10	2	0	0	0	0	0	0	0	0	0
A	BL	18	135	1	2	BA1652	128087	2	3	0	0	0	0	0	0	0	0	0
A	BL	18	135	1	2	BA1652	128780	3	5	1	1	0	0	0	0	0	0	0
A	BL	18	135	1	2	BA1652	128790	5	4	0	0	0	0	0	0	0	0	0
A	BL	18	135	1	2	BA1652	128844	4	0	0	0	0	0	0	1	0	0	0
A	BL	18	135	1	2	BA1652	128846	4	5	1	1	0	0	0	0	0	0	0
A	BL	18	135	1	2	BA1652	128856	5	4	0	0	0	0	0	0	0	0	0
A	BL	18	135	1	2	BA1652	128874	4	0	0	0	0	0	0	1	0	0	0
A	BL	18	135	1	2	BA1652	128885	4	5	1	1	0	0	0	0	0	0	0
A	BL	18	135	1	2	BA1652	128892	5	0	0	0	0	0	0	1	0	0	0
A	BL	18	135	1	2	BA1652	128893	5	0	0	1	0	0	0	0	0	0	0
A	BL	18	135	1	2	BA1652	128895	5	4	0	0	0	0	0	0	0	0	0
A	BL	18	135	1	2	BA1652	128918	4	0	0	0	0	0	0	1	0	0	0
A	BL	18	135	1	2	BA1652	128934	4	5	1	1	0	0	0	0	0	0	0
A	BL	18	135	1	2	BA1652	128944	5	4	0	0	0	0	0	0	0	0	0
A	BL	18	135	1	2	BA1652	128973	4	0	0	0	0	0	0	1	0	0	0
A	BL	18	135	1	2	BA1652	128979	4	5	1	1	0	0	0	0	0	0	0
A	BL	18	135	1	2	BA1652	128989	5	9	0	0	0	0	0	0	0	0	0
A	BL	18	135	1	2	BA1652	128998	9	0	0	0	0	0	0	1	0	0	0
A	BL	18	135	1	2	BA1652	128999	9	10	0	0	0	0	0	0	0	0	0
A	BL	18	135	1	2	BA1652	129074	10	2	0	0	0	0	0	0	0	0	0
A	BL	18	135	1	2	BA1652	129075	2	6	0	0	0	0	0	0	0	0	0
A	BL	18	135	1	2	BA1652	180000	6	-1	0	0	0	0	0	0	0	0	0
