Project	UserID	Protocol	Session	Station	Run	Subject	Time	Current State	Transition State	Transition Event	A1 - LEFT	A2 - RIGHT	A3 - 	A4 - 	A[1] LEFT	A[2] RIGHT	A[3] 	A[4] 
A	BL	22	124	1	2	BA1652	0	0	1	0	0	0	0	0	0	0	0	0
A	BL	22	124	1	2	BA1652	50	1	2	0	0	0	0	0	0	0	0	0
A	BL	22	124	1	2	BA1652	51	2	3	0	0	0	0	0	0	0	0	0
A	BL	22	124	1	2	BA1652	552	3	5	1	1	0	0	0	0	0	0	0
A	BL	22	124	1	2	BA1652	562	5	4	0	0	0	0	0	0	0	0	0
A	BL	22	124	1	2	BA1652	567	4	0	0	0	0	0	0	1	0	0	0
A	BL	22	124	1	2	BA1652	572	4	5	1	1	0	0	0	0	0	0	0
A	BL	22	124	1	2	BA1652	582	5	4	0	0	0	0	0	0	0	0	0
A	BL	22	124	1	2	BA1652	587	4	0	0	0	0	0	0	1	0	0	0
A	BL	22	124	1	2	BA1652	596	4	5	1	1	0	0	0	0	0	0	0
A	BL	22	124	1	2	BA1652	599	5	0	0	0	0	0	0	1	0	0	0
A	BL	22	124	1	2	BA1652	606	5	4	0	0	0	0	0	0	0	0	0
A	BL	22	124	1	2	BA1652	616	4	5	1	1	0	0	0	0	0	0	0
A	BL	22	124	1	2	BA1652	626	5	4	0	0	0	0	0	0	0	0	0
A	BL	22	124	1	2	BA1652	628	4	0	0	0	0	0	0	1	0	0	0
A	BL	22	124	1	2	BA1652	631	4	5	1	1	0	0	0	0	0	0	0
A	BL	22	124	1	2	BA1652	636	5	0	0	0	0	0	0	1	0	0	0
A	BL	22	124	1	2	BA1652	641	5	9	0	0	0	0	0	0	0	0	0
A	BL	22	124	1	2	BA1652	651	9	10	0	0	0	0	0	0	0	0	0
A	BL	22	124	1	2	BA1652	726	10	2	0	0	0	0	0	0	0	0	0
A	BL	22	124	1	2	BA1652	727	2	6	0	0	0	0	0	0	0	0	0
A	BL	22	124	1	2	BA1652	2558	6	8	2	0	1	0	0	0	0	0	0
A	BL	22	124	1	2	BA1652	2562	8	0	0	0	0	0	0	0	1	0	0
A	BL	22	124	1	2	BA1652	2568	8	7	0	0	0	0	0	0	0	0	0
A	BL	22	124	1	2	BA1652	2694	7	8	2	0	1	0	0	0	0	0	0
A	BL	22	124	1	2	BA1652	2704	8	7	0	0	0	0	0	0	0	0	0
A	BL	22	124	1	2	BA1652	2710	7	0	0	0	0	0	0	0	1	0	0
A	BL	22	124	1	2	BA1652	2711	7	8	2	0	1	0	0	0	0	0	0
A	BL	22	124	1	2	BA1652	2716	8	0	0	0	0	0	0	0	1	0	0
A	BL	22	124	1	2	BA1652	2718	8	0	0	0	1	0	0	0	0	0	0
A	BL	22	124	1	2	BA1652	2721	8	7	0	0	0	0	0	0	0	0	0
A	BL	22	124	1	2	BA1652	2723	7	0	0	0	0	0	0	0	1	0	0
A	BL	22	124	1	2	BA1652	2728	7	8	2	0	1	0	0	0	0	0	0
A	BL	22	124	1	2	BA1652	2730	8	0	0	0	0	0	0	0	1	0	0
A	BL	22	124	1	2	BA1652	2738	8	7	0	0	0	0	0	0	0	0	0
A	BL	22	124	1	2	BA1652	2753	7	8	2	0	1	0	0	0	0	0	0
A	BL	22	124	1	2	BA1652	2756	8	0	0	0	0	0	0	0	1	0	0
A	BL	22	124	1	2	BA1652	2763	8	7	0	0	0	0	0	0	0	0	0
A	BL	22	124	1	2	BA1652	2780	7	8	2	0	1	0	0	0	0	0	0
A	BL	22	124	1	2	BA1652	2789	8	0	0	0	0	0	0	0	1	0	0
A	BL	22	124	1	2	BA1652	2790	8	7	0	0	0	0	0	0	0	0	0
A	BL	22	124	1	2	BA1652	2797	7	8	2	0	1	0	0	0	0	0	0
A	BL	22	124	1	2	BA1652	2807	8	7	0	0	0	0	0	0	0	0	0
A	BL	22	124	1	2	BA1652	2821	7	0	0	0	0	0	0	0	1	0	0
A	BL	22	124	1	2	BA1652	2825	7	8	2	0	1	0	0	0	0	0	0
A	BL	22	124	1	2	BA1652	2832	8	0	0	0	0	0	0	0	1	0	0
A	BL	22	124	1	2	BA1652	2835	8	7	0	0	0	0	0	0	0	0	0
A	BL	22	124	1	2	BA1652	2855	7	8	2	0	1	0	0	0	0	0	0
A	BL	22	124	1	2	BA1652	2862	8	0	0	0	0	0	0	0	1	0	0
A	BL	22	124	1	2	BA1652	2865	8	7	0	0	0	0	0	0	0	0	0
A	BL	22	124	1	2	BA1652	2921	7	8	2	0	1	0	0	0	0	0	0
A	BL	22	124	1	2	BA1652	2929	8	0	0	0	0	0	0	0	1	0	0
A	BL	22	124	1	2	BA1652	2931	8	7	0	0	1	0	0	0	0	0	0
A	BL	22	124	1	2	BA1652	2937	7	0	0	0	0	0	0	0	1	0	0
A	BL	22	124	1	2	BA1652	2941	7	8	2	0	1	0	0	0	0	0	0
A	BL	22	124	1	2	BA1652	2951	8	7	0	0	0	0	0	0	0	0	0
A	BL	22	124	1	2	BA1652	2953	7	0	0	0	0	0	0	0	1	0	0
A	BL	22	124	1	2	BA1652	2957	7	8	2	0	1	0	0	0	0	0	0
A	BL	22	124	1	2	BA1652	2963	8	0	0	0	0	0	0	0	1	0	0
A	BL	22	124	1	2	BA1652	2966	8	0	0	0	1	0	0	0	0	0	0
A	BL	22	124	1	2	BA1652	2967	8	7	0	0	0	0	0	0	0	0	0
A	BL	22	124	1	2	BA1652	2978	7	0	0	0	0	0	0	0	1	0	0
A	BL	22	124	1	2	BA1652	2991	7	8	2	0	1	0	0	0	0	0	0
A	BL	22	124	1	2	BA1652	2997	8	0	0	0	0	0	0	0	1	0	0
A	BL	22	124	1	2	BA1652	3001	8	7	0	0	0	0	0	0	0	0	0
A	BL	22	124	1	2	BA1652	3011	7	8	2	0	1	0	0	0	0	0	0
A	BL	22	124	1	2	BA1652	3013	8	0	0	0	0	0	0	0	1	0	0
A	BL	22	124	1	2	BA1652	3014	8	0	0	0	1	0	0	0	0	0	0
A	BL	22	124	1	2	BA1652	3019	8	0	0	0	1	0	0	0	1	0	0
A	BL	22	124	1	2	BA1652	3021	8	7	0	0	0	0	0	0	0	0	0
A	BL	22	124	1	2	BA1652	3041	7	0	0	0	0	0	0	0	1	0	0
A	BL	22	124	1	2	BA1652	3045	7	8	2	0	1	0	0	0	0	0	0
A	BL	22	124	1	2	BA1652	3055	8	7	0	0	0	0	0	0	0	0	0
A	BL	22	124	1	2	BA1652	3065	7	0	0	0	0	0	0	0	1	0	0
A	BL	22	124	1	2	BA1652	3072	7	8	2	0	1	0	0	0	0	0	0
A	BL	22	124	1	2	BA1652	3073	8	0	0	0	0	0	0	0	1	0	0
A	BL	22	124	1	2	BA1652	3082	8	7	0	0	0	0	0	0	0	0	0
A	BL	22	124	1	2	BA1652	3084	7	8	2	0	1	0	0	0	0	0	0
A	BL	22	124	1	2	BA1652	3094	8	7	0	0	0	0	0	0	1	0	0
A	BL	22	124	1	2	BA1652	3149	7	8	2	0	1	0	0	0	0	0	0
A	BL	22	124	1	2	BA1652	3159	8	7	0	0	0	0	0	0	0	0	0
A	BL	22	124	1	2	BA1652	3175	7	0	0	0	0	0	0	0	1	0	0
A	BL	22	124	1	2	BA1652	3181	7	8	2	0	1	0	0	0	0	0	0
A	BL	22	124	1	2	BA1652	3185	8	0	0	0	0	0	0	0	1	0	0
A	BL	22	124	1	2	BA1652	3191	8	7	0	0	0	0	0	0	0	0	0
A	BL	22	124	1	2	BA1652	3202	7	8	2	0	1	0	0	0	0	0	0
A	BL	22	124	1	2	BA1652	3205	8	0	0	0	0	0	0	0	1	0	0
A	BL	22	124	1	2	BA1652	3212	8	9	0	0	0	0	0	0	0	0	0
A	BL	22	124	1	2	BA1652	3222	9	10	0	0	0	0	0	0	0	0	0
A	BL	22	124	1	2	BA1652	3223	10	0	0	0	1	0	0	0	0	0	0
A	BL	22	124	1	2	BA1652	3225	10	0	0	0	0	0	0	0	1	0	0
A	BL	22	124	1	2	BA1652	3226	10	0	0	0	1	0	0	0	0	0	0
A	BL	22	124	1	2	BA1652	3229	10	0	0	0	0	0	0	0	1	0	0
A	BL	22	124	1	2	BA1652	3297	10	2	0	0	0	0	0	0	0	0	0
A	BL	22	124	1	2	BA1652	3298	2	6	0	0	0	0	0	0	0	0	0
A	BL	22	124	1	2	BA1652	3510	6	8	2	0	1	0	0	0	0	0	0
A	BL	22	124	1	2	BA1652	3514	8	0	0	0	0	0	0	0	1	0	0
A	BL	22	124	1	2	BA1652	3520	8	7	0	0	0	0	0	0	0	0	0
A	BL	22	124	1	2	BA1652	3551	7	8	2	0	1	0	0	0	0	0	0
A	BL	22	124	1	2	BA1652	3555	8	0	0	0	0	0	0	0	1	0	0
A	BL	22	124	1	2	BA1652	3561	8	7	0	0	0	0	0	0	0	0	0
A	BL	22	124	1	2	BA1652	3597	7	8	2	0	1	0	0	0	0	0	0
A	BL	22	124	1	2	BA1652	3602	8	0	0	0	0	0	0	0	1	0	0
A	BL	22	124	1	2	BA1652	3607	8	7	0	0	0	0	0	0	0	0	0
A	BL	22	124	1	2	BA1652	3683	7	8	2	0	1	0	0	0	0	0	0
A	BL	22	124	1	2	BA1652	3690	8	0	0	0	0	0	0	0	1	0	0
A	BL	22	124	1	2	BA1652	3693	8	7	0	0	0	0	0	0	0	0	0
A	BL	22	124	1	2	BA1652	3707	7	8	2	0	1	0	0	0	0	0	0
A	BL	22	124	1	2	BA1652	3710	8	0	0	0	0	0	0	0	1	0	0
A	BL	22	124	1	2	BA1652	3713	8	0	0	0	1	0	0	0	0	0	0
A	BL	22	124	1	2	BA1652	3717	8	7	0	0	0	0	0	0	0	0	0
A	BL	22	124	1	2	BA1652	3729	7	0	0	0	0	0	0	0	1	0	0
A	BL	22	124	1	2	BA1652	3736	7	8	2	0	1	0	0	0	0	0	0
A	BL	22	124	1	2	BA1652	3746	8	7	0	0	0	0	0	0	0	0	0
A	BL	22	124	1	2	BA1652	3748	7	0	0	0	0	0	0	0	1	0	0
A	BL	22	124	1	2	BA1652	3764	7	8	2	0	1	0	0	0	0	0	0
A	BL	22	124	1	2	BA1652	3766	8	0	0	0	0	0	0	0	1	0	0
A	BL	22	124	1	2	BA1652	3774	8	7	0	0	0	0	0	0	0	0	0
A	BL	22	124	1	2	BA1652	3783	7	8	2	0	1	0	0	0	0	0	0
A	BL	22	124	1	2	BA1652	3793	8	7	0	0	0	0	0	0	0	0	0
A	BL	22	124	1	2	BA1652	3795	7	0	0	0	0	0	0	0	1	0	0
A	BL	22	124	1	2	BA1652	3797	7	8	2	0	1	0	0	0	0	0	0
A	BL	22	124	1	2	BA1652	3802	8	0	0	0	0	0	0	0	1	0	0
A	BL	22	124	1	2	BA1652	3806	8	0	0	0	1	0	0	0	0	0	0
A	BL	22	124	1	2	BA1652	3807	8	7	0	0	0	0	0	0	0	0	0
A	BL	22	124	1	2	BA1652	3832	7	0	0	0	0	0	0	0	1	0	0
A	BL	22	124	1	2	BA1652	3872	7	8	2	0	1	0	0	0	0	0	0
A	BL	22	124	1	2	BA1652	3877	8	0	0	0	0	0	0	0	1	0	0
A	BL	22	124	1	2	BA1652	3882	8	7	0	0	0	0	0	0	0	0	0
A	BL	22	124	1	2	BA1652	3883	7	8	2	0	1	0	0	0	0	0	0
A	BL	22	124	1	2	BA1652	3893	8	7	0	0	0	0	0	0	0	0	0
A	BL	22	124	1	2	BA1652	3913	7	0	0	0	0	0	0	0	1	0	0
A	BL	22	124	1	2	BA1652	3926	7	8	2	0	1	0	0	0	0	0	0
A	BL	22	124	1	2	BA1652	3927	8	0	0	0	0	0	0	0	1	0	0
A	BL	22	124	1	2	BA1652	3936	8	7	0	0	0	0	0	0	0	0	0
A	BL	22	124	1	2	BA1652	3940	7	8	2	0	1	0	0	0	0	0	0
A	BL	22	124	1	2	BA1652	3950	8	7	0	0	0	0	0	0	0	0	0
A	BL	22	124	1	2	BA1652	3954	7	0	0	0	0	0	0	0	1	0	0
A	BL	22	124	1	2	BA1652	4000	7	8	2	0	1	0	0	0	0	0	0
A	BL	22	124	1	2	BA1652	4007	8	0	0	0	0	0	0	0	1	0	0
A	BL	22	124	1	2	BA1652	4010	8	7	0	0	0	0	0	0	0	0	0
A	BL	22	124	1	2	BA1652	4018	7	8	2	0	1	0	0	0	0	0	0
A	BL	22	124	1	2	BA1652	4028	8	7	0	0	0	0	0	0	0	0	0
A	BL	22	124	1	2	BA1652	4040	7	0	0	0	0	0	0	0	1	0	0
A	BL	22	124	1	2	BA1652	4041	7	8	2	0	1	0	0	0	0	0	0
A	BL	22	124	1	2	BA1652	4043	8	0	0	0	0	0	0	0	1	0	0
A	BL	22	124	1	2	BA1652	4044	8	0	0	0	1	0	0	0	0	0	0
A	BL	22	124	1	2	BA1652	4050	8	0	0	0	0	0	0	0	1	0	0
A	BL	22	124	1	2	BA1652	4051	8	7	0	0	0	0	0	0	0	0	0
A	BL	22	124	1	2	BA1652	4058	7	8	2	0	1	0	0	0	0	0	0
A	BL	22	124	1	2	BA1652	4068	8	7	0	0	0	0	0	0	0	0	0
A	BL	22	124	1	2	BA1652	4075	7	0	0	0	0	0	0	0	1	0	0
A	BL	22	124	1	2	BA1652	4209	7	8	2	0	1	0	0	0	0	0	0
A	BL	22	124	1	2	BA1652	4213	8	0	0	0	0	0	0	0	1	0	0
A	BL	22	124	1	2	BA1652	4215	8	0	0	0	1	0	0	0	0	0	0
A	BL	22	124	1	2	BA1652	4217	8	0	0	0	0	0	0	0	1	0	0
A	BL	22	124	1	2	BA1652	4219	8	7	0	0	0	0	0	0	0	0	0
A	BL	22	124	1	2	BA1652	4232	7	8	2	0	1	0	0	0	0	0	0
A	BL	22	124	1	2	BA1652	4242	8	7	0	0	0	0	0	0	0	0	0
A	BL	22	124	1	2	BA1652	4246	7	0	0	0	0	0	0	0	1	0	0
A	BL	22	124	1	2	BA1652	4253	7	8	2	0	1	0	0	0	0	0	0
A	BL	22	124	1	2	BA1652	4259	8	0	0	0	0	0	0	0	1	0	0
A	BL	22	124	1	2	BA1652	4263	8	9	0	0	0	0	0	0	0	0	0
A	BL	22	124	1	2	BA1652	4264	9	0	0	0	1	0	0	0	0	0	0
A	BL	22	124	1	2	BA1652	4268	9	0	0	0	0	0	0	0	1	0	0
A	BL	22	124	1	2	BA1652	4273	9	10	0	0	0	0	0	0	0	0	0
A	BL	22	124	1	2	BA1652	4348	10	2	0	0	0	0	0	0	0	0	0
A	BL	22	124	1	2	BA1652	4349	2	6	0	0	0	0	0	0	0	0	0
A	BL	22	124	1	2	BA1652	4531	6	8	2	0	1	0	0	0	0	0	0
A	BL	22	124	1	2	BA1652	4540	8	0	0	0	0	0	0	0	1	0	0
A	BL	22	124	1	2	BA1652	4541	8	7	0	0	0	0	0	0	0	0	0
A	BL	22	124	1	2	BA1652	4546	7	8	2	0	1	0	0	0	0	0	0
A	BL	22	124	1	2	BA1652	4556	8	7	0	0	0	0	0	0	0	0	0
A	BL	22	124	1	2	BA1652	4563	7	0	0	0	0	0	0	0	1	0	0
A	BL	22	124	1	2	BA1652	4584	7	8	2	0	1	0	0	0	0	0	0
A	BL	22	124	1	2	BA1652	4592	8	0	0	0	0	0	0	0	1	0	0
A	BL	22	124	1	2	BA1652	4594	8	7	0	0	0	0	0	0	0	0	0
A	BL	22	124	1	2	BA1652	4620	7	8	2	0	1	0	0	0	0	0	0
A	BL	22	124	1	2	BA1652	4630	8	7	0	0	0	0	0	0	0	0	0
A	BL	22	124	1	2	BA1652	4639	7	0	0	0	0	0	0	0	1	0	0
A	BL	22	124	1	2	BA1652	4663	7	8	2	0	1	0	0	0	0	0	0
A	BL	22	124	1	2	BA1652	4672	8	0	0	0	0	0	0	0	1	0	0
A	BL	22	124	1	2	BA1652	4673	8	7	0	0	0	0	0	0	0	0	0
A	BL	22	124	1	2	BA1652	4675	7	8	2	0	1	0	0	0	0	0	0
A	BL	22	124	1	2	BA1652	4685	8	7	0	0	0	0	0	0	0	0	0
A	BL	22	124	1	2	BA1652	4761	7	0	0	0	0	0	0	0	1	0	0
A	BL	22	124	1	2	BA1652	4763	7	8	2	0	1	0	0	0	0	0	0
A	BL	22	124	1	2	BA1652	4773	8	7	0	0	0	0	0	0	0	0	0
A	BL	22	124	1	2	BA1652	4780	7	0	0	0	0	0	0	0	1	0	0
A	BL	22	124	1	2	BA1652	4783	7	8	2	0	1	0	0	0	0	0	0
A	BL	22	124	1	2	BA1652	4793	8	7	0	0	0	0	0	0	0	0	0
A	BL	22	124	1	2	BA1652	4821	7	0	0	0	0	0	0	0	1	0	0
A	BL	22	124	1	2	BA1652	4856	7	8	2	0	1	0	0	0	0	0	0
A	BL	22	124	1	2	BA1652	4865	8	0	0	0	0	0	0	0	1	0	0
A	BL	22	124	1	2	BA1652	4866	8	7	0	0	0	0	0	0	0	0	0
A	BL	22	124	1	2	BA1652	4870	7	8	2	0	1	0	0	0	0	0	0
A	BL	22	124	1	2	BA1652	4874	8	0	0	0	0	0	0	0	1	0	0
A	BL	22	124	1	2	BA1652	4880	8	7	0	0	0	0	0	0	0	0	0
A	BL	22	124	1	2	BA1652	4888	7	8	2	0	1	0	0	0	0	0	0
A	BL	22	124	1	2	BA1652	4898	8	7	0	0	0	0	0	0	0	0	0
A	BL	22	124	1	2	BA1652	4906	7	0	0	0	0	0	0	0	1	0	0
A	BL	22	124	1	2	BA1652	4921	7	8	2	0	1	0	0	0	0	0	0
A	BL	22	124	1	2	BA1652	4931	8	7	0	0	0	0	0	0	0	0	0
A	BL	22	124	1	2	BA1652	4933	7	0	0	0	0	0	0	0	1	0	0
A	BL	22	124	1	2	BA1652	4934	7	8	2	0	1	0	0	0	0	0	0
A	BL	22	124	1	2	BA1652	4944	8	7	0	0	0	0	0	0	0	0	0
A	BL	22	124	1	2	BA1652	4964	7	0	0	0	0	0	0	0	1	0	0
A	BL	22	124	1	2	BA1652	5079	7	8	2	0	1	0	0	0	0	0	0
A	BL	22	124	1	2	BA1652	5083	8	0	0	0	0	0	0	0	1	0	0
A	BL	22	124	1	2	BA1652	5085	8	0	0	0	1	0	0	0	0	0	0
A	BL	22	124	1	2	BA1652	5089	8	7	0	0	0	0	0	0	0	0	0
A	BL	22	124	1	2	BA1652	5099	7	8	2	0	1	0	0	0	1	0	0
A	BL	22	124	1	2	BA1652	5109	8	7	0	0	0	0	0	0	0	0	0
A	BL	22	124	1	2	BA1652	5117	7	0	0	0	0	0	0	0	1	0	0
A	BL	22	124	1	2	BA1652	5119	7	8	2	0	1	0	0	0	0	0	0
A	BL	22	124	1	2	BA1652	5129	8	7	0	0	0	0	0	0	1	0	0
A	BL	22	124	1	2	BA1652	5130	7	8	2	0	1	0	0	0	0	0	0
A	BL	22	124	1	2	BA1652	5140	8	7	0	0	0	0	0	0	0	0	0
A	BL	22	124	1	2	BA1652	5169	7	0	0	0	0	0	0	0	1	0	0
A	BL	22	124	1	2	BA1652	5206	7	8	2	0	1	0	0	0	0	0	0
A	BL	22	124	1	2	BA1652	5216	8	7	0	0	0	0	0	0	0	0	0
A	BL	22	124	1	2	BA1652	5228	7	0	0	0	0	0	0	0	1	0	0
A	BL	22	124	1	2	BA1652	5244	7	8	2	0	1	0	0	0	0	0	0
A	BL	22	124	1	2	BA1652	5254	8	7	0	0	0	0	0	0	0	0	0
A	BL	22	124	1	2	BA1652	5259	7	0	0	0	0	0	0	0	1	0	0
A	BL	22	124	1	2	BA1652	5262	7	8	2	0	1	0	0	0	0	0	0
A	BL	22	124	1	2	BA1652	5272	8	9	0	0	0	0	0	0	0	0	0
A	BL	22	124	1	2	BA1652	5276	9	0	0	0	0	0	0	0	1	0	0
A	BL	22	124	1	2	BA1652	5282	9	10	0	0	0	0	0	0	0	0	0
A	BL	22	124	1	2	BA1652	5357	10	2	0	0	0	0	0	0	0	0	0
A	BL	22	124	1	2	BA1652	5358	2	3	0	0	0	0	0	0	0	0	0
A	BL	22	124	1	2	BA1652	5424	3	5	1	1	0	0	0	0	0	0	0
A	BL	22	124	1	2	BA1652	5428	5	0	0	0	0	0	0	1	0	0	0
A	BL	22	124	1	2	BA1652	5433	5	0	0	1	0	0	0	0	0	0	0
A	BL	22	124	1	2	BA1652	5434	5	4	0	0	0	0	0	0	0	0	0
A	BL	22	124	1	2	BA1652	5446	4	5	1	1	0	0	0	1	0	0	0
A	BL	22	124	1	2	BA1652	5456	5	4	0	0	0	0	0	0	0	0	0
A	BL	22	124	1	2	BA1652	5457	4	0	0	0	0	0	0	1	0	0	0
A	BL	22	124	1	2	BA1652	5465	4	5	1	1	0	0	0	0	0	0	0
A	BL	22	124	1	2	BA1652	5472	5	0	0	0	0	0	0	1	0	0	0
A	BL	22	124	1	2	BA1652	5474	5	0	0	1	0	0	0	0	0	0	0
A	BL	22	124	1	2	BA1652	5475	5	4	0	0	0	0	0	0	0	0	0
A	BL	22	124	1	2	BA1652	5481	4	0	0	0	0	0	0	1	0	0	0
A	BL	22	124	1	2	BA1652	5487	4	5	1	1	0	0	0	0	0	0	0
A	BL	22	124	1	2	BA1652	5491	5	0	0	0	0	0	0	1	0	0	0
A	BL	22	124	1	2	BA1652	5497	5	4	0	0	0	0	0	0	0	0	0
A	BL	22	124	1	2	BA1652	5505	4	5	1	1	0	0	0	0	0	0	0
A	BL	22	124	1	2	BA1652	5511	5	0	0	0	0	0	0	1	0	0	0
A	BL	22	124	1	2	BA1652	5515	5	9	0	0	0	0	0	0	0	0	0
A	BL	22	124	1	2	BA1652	5517	9	0	0	1	0	0	0	0	0	0	0
A	BL	22	124	1	2	BA1652	5519	9	0	0	0	0	0	0	1	0	0	0
A	BL	22	124	1	2	BA1652	5525	9	10	0	0	0	0	0	0	0	0	0
A	BL	22	124	1	2	BA1652	5600	10	2	0	0	0	0	0	0	0	0	0
A	BL	22	124	1	2	BA1652	5601	2	3	0	0	0	0	0	0	0	0	0
A	BL	22	124	1	2	BA1652	5658	3	5	1	1	0	0	0	0	0	0	0
A	BL	22	124	1	2	BA1652	5668	5	4	0	0	0	0	0	0	0	0	0
A	BL	22	124	1	2	BA1652	5675	4	5	1	1	0	0	0	1	0	0	0
A	BL	22	124	1	2	BA1652	5679	5	0	0	0	0	0	0	1	0	0	0
A	BL	22	124	1	2	BA1652	5683	5	0	0	1	0	0	0	0	0	0	0
A	BL	22	124	1	2	BA1652	5685	5	4	0	0	0	0	0	0	0	0	0
A	BL	22	124	1	2	BA1652	5690	4	0	0	0	0	0	0	1	0	0	0
A	BL	22	124	1	2	BA1652	5718	4	5	1	1	0	0	0	0	0	0	0
A	BL	22	124	1	2	BA1652	5720	5	0	0	0	0	0	0	1	0	0	0
A	BL	22	124	1	2	BA1652	5728	5	4	0	0	0	0	0	0	0	0	0
A	BL	22	124	1	2	BA1652	5750	4	5	1	1	0	0	0	0	0	0	0
A	BL	22	124	1	2	BA1652	5757	5	0	0	0	0	0	0	1	0	0	0
A	BL	22	124	1	2	BA1652	5760	5	4	0	1	0	0	0	0	0	0	0
A	BL	22	124	1	2	BA1652	5826	4	0	0	0	0	0	0	1	0	0	0
A	BL	22	124	1	2	BA1652	5832	4	5	1	1	0	0	0	0	0	0	0
A	BL	22	124	1	2	BA1652	5842	5	9	0	0	0	0	0	0	0	0	0
A	BL	22	124	1	2	BA1652	5851	9	0	0	0	0	0	0	1	0	0	0
A	BL	22	124	1	2	BA1652	5852	9	10	0	0	0	0	0	0	0	0	0
A	BL	22	124	1	2	BA1652	5927	10	2	0	0	0	0	0	0	0	0	0
A	BL	22	124	1	2	BA1652	5928	2	6	0	0	0	0	0	0	0	0	0
A	BL	22	124	1	2	BA1652	6226	6	8	2	0	1	0	0	0	0	0	0
A	BL	22	124	1	2	BA1652	6228	8	0	0	0	0	0	0	0	1	0	0
A	BL	22	124	1	2	BA1652	6232	8	0	0	0	1	0	0	0	0	0	0
A	BL	22	124	1	2	BA1652	6236	8	7	0	0	0	0	0	0	0	0	0
A	BL	22	124	1	2	BA1652	6246	7	0	0	0	0	0	0	0	1	0	0
A	BL	22	124	1	2	BA1652	6317	7	8	2	0	1	0	0	0	0	0	0
A	BL	22	124	1	2	BA1652	6322	8	0	0	0	0	0	0	0	1	0	0
A	BL	22	124	1	2	BA1652	6327	8	7	0	0	0	0	0	0	0	0	0
A	BL	22	124	1	2	BA1652	6390	7	8	2	0	1	0	0	0	0	0	0
A	BL	22	124	1	2	BA1652	6392	8	0	0	0	0	0	0	0	1	0	0
A	BL	22	124	1	2	BA1652	6400	8	7	0	0	0	0	0	0	0	0	0
A	BL	22	124	1	2	BA1652	6406	7	8	2	0	1	0	0	0	0	0	0
A	BL	22	124	1	2	BA1652	6414	8	0	0	0	0	0	0	0	1	0	0
A	BL	22	124	1	2	BA1652	6416	8	7	0	0	0	0	0	0	0	0	0
A	BL	22	124	1	2	BA1652	6526	7	8	2	0	1	0	0	0	0	0	0
A	BL	22	124	1	2	BA1652	6536	8	7	0	0	0	0	0	0	0	0	0
A	BL	22	124	1	2	BA1652	6587	7	0	0	0	0	0	0	0	1	0	0
A	BL	22	124	1	2	BA1652	6594	7	8	2	0	1	0	0	0	0	0	0
A	BL	22	124	1	2	BA1652	6602	8	0	0	0	0	0	0	0	1	0	0
A	BL	22	124	1	2	BA1652	6604	8	7	0	0	0	0	0	0	0	0	0
A	BL	22	124	1	2	BA1652	6631	7	8	2	0	1	0	0	0	0	0	0
A	BL	22	124	1	2	BA1652	6641	8	7	0	0	0	0	0	0	0	0	0
A	BL	22	124	1	2	BA1652	6668	7	0	0	0	0	0	0	0	1	0	0
A	BL	22	124	1	2	BA1652	6747	7	8	2	0	1	0	0	0	0	0	0
A	BL	22	124	1	2	BA1652	6752	8	0	0	0	0	0	0	0	1	0	0
A	BL	22	124	1	2	BA1652	6755	8	0	0	0	1	0	0	0	0	0	0
A	BL	22	124	1	2	BA1652	6757	8	7	0	0	0	0	0	0	0	0	0
A	BL	22	124	1	2	BA1652	6777	7	0	0	0	0	0	0	0	1	0	0
A	BL	22	124	1	2	BA1652	6780	7	8	2	0	1	0	0	0	0	0	0
A	BL	22	124	1	2	BA1652	6786	8	0	0	0	0	0	0	0	1	0	0
A	BL	22	124	1	2	BA1652	6789	8	0	0	0	1	0	0	0	0	0	0
A	BL	22	124	1	2	BA1652	6790	8	7	0	0	0	0	0	0	0	0	0
A	BL	22	124	1	2	BA1652	6801	7	0	0	0	0	0	0	0	1	0	0
A	BL	22	124	1	2	BA1652	6815	7	8	2	0	1	0	0	0	0	0	0
A	BL	22	124	1	2	BA1652	6825	8	7	0	0	0	0	0	0	0	0	0
A	BL	22	124	1	2	BA1652	6832	7	0	0	0	0	0	0	0	1	0	0
A	BL	22	124	1	2	BA1652	6838	7	8	2	0	1	0	0	0	0	0	0
A	BL	22	124	1	2	BA1652	6844	8	0	0	0	1	0	0	0	1	0	0
A	BL	22	124	1	2	BA1652	6848	8	7	0	0	0	0	0	0	0	0	0
A	BL	22	124	1	2	BA1652	6855	7	0	0	0	0	0	0	0	1	0	0
A	BL	22	124	1	2	BA1652	6860	7	8	2	0	1	0	0	0	0	0	0
A	BL	22	124	1	2	BA1652	6865	8	0	0	0	0	0	0	0	1	0	0
A	BL	22	124	1	2	BA1652	6870	8	7	0	0	0	0	0	0	0	0	0
A	BL	22	124	1	2	BA1652	6904	7	8	2	0	1	0	0	0	0	0	0
A	BL	22	124	1	2	BA1652	6911	8	0	0	0	0	0	0	0	1	0	0
A	BL	22	124	1	2	BA1652	6914	8	7	0	0	0	0	0	0	0	0	0
A	BL	22	124	1	2	BA1652	6915	7	8	2	0	1	0	0	0	0	0	0
A	BL	22	124	1	2	BA1652	6923	8	0	0	0	0	0	0	0	1	0	0
A	BL	22	124	1	2	BA1652	6925	8	7	0	0	0	0	0	0	0	0	0
A	BL	22	124	1	2	BA1652	6927	7	8	2	0	1	0	0	0	0	0	0
A	BL	22	124	1	2	BA1652	6937	8	7	0	0	0	0	0	0	0	0	0
A	BL	22	124	1	2	BA1652	6944	7	0	0	0	0	0	0	0	1	0	0
A	BL	22	124	1	2	BA1652	6948	7	8	2	0	1	0	0	0	0	0	0
A	BL	22	124	1	2	BA1652	6958	8	7	0	0	0	0	0	0	0	0	0
A	BL	22	124	1	2	BA1652	6964	7	0	0	0	0	0	0	0	1	0	0
A	BL	22	124	1	2	BA1652	6987	7	8	2	0	1	0	0	0	0	0	0
A	BL	22	124	1	2	BA1652	6988	8	0	0	0	0	0	0	0	1	0	0
A	BL	22	124	1	2	BA1652	6997	8	7	0	0	0	0	0	0	0	0	0
A	BL	22	124	1	2	BA1652	7026	7	8	2	0	1	0	0	0	0	0	0
A	BL	22	124	1	2	BA1652	7036	8	7	0	0	0	0	0	0	1	0	0
A	BL	22	124	1	2	BA1652	7041	7	8	2	0	1	0	0	0	0	0	0
A	BL	22	124	1	2	BA1652	7046	8	0	0	0	0	0	0	0	1	0	0
A	BL	22	124	1	2	BA1652	7051	8	7	0	0	0	0	0	0	0	0	0
A	BL	22	124	1	2	BA1652	7067	7	8	2	0	1	0	0	0	0	0	0
A	BL	22	124	1	2	BA1652	7077	8	9	0	0	0	0	0	0	0	0	0
A	BL	22	124	1	2	BA1652	7080	9	0	0	0	0	0	0	0	1	0	0
A	BL	22	124	1	2	BA1652	7087	9	10	0	0	0	0	0	0	0	0	0
A	BL	22	124	1	2	BA1652	7162	10	2	0	0	0	0	0	0	0	0	0
A	BL	22	124	1	2	BA1652	7163	2	6	0	0	0	0	0	0	0	0	0
A	BL	22	124	1	2	BA1652	7898	6	8	2	0	1	0	0	0	0	0	0
A	BL	22	124	1	2	BA1652	7906	8	0	0	0	0	0	0	0	1	0	0
A	BL	22	124	1	2	BA1652	7908	8	7	0	0	0	0	0	0	0	0	0
A	BL	22	124	1	2	BA1652	7914	7	8	2	0	1	0	0	0	0	0	0
A	BL	22	124	1	2	BA1652	7918	8	0	0	0	0	0	0	0	1	0	0
A	BL	22	124	1	2	BA1652	7924	8	7	0	0	0	0	0	0	0	0	0
A	BL	22	124	1	2	BA1652	7941	7	8	2	0	1	0	0	0	0	0	0
A	BL	22	124	1	2	BA1652	7951	8	7	0	0	0	0	0	0	0	0	0
A	BL	22	124	1	2	BA1652	7964	7	0	0	0	0	0	0	0	1	0	0
A	BL	22	124	1	2	BA1652	7968	7	8	2	0	1	0	0	0	0	0	0
A	BL	22	124	1	2	BA1652	7977	8	0	0	0	0	0	0	0	1	0	0
A	BL	22	124	1	2	BA1652	7978	8	7	0	0	0	0	0	0	0	0	0
A	BL	22	124	1	2	BA1652	7988	7	8	2	0	1	0	0	0	0	0	0
A	BL	22	124	1	2	BA1652	7989	8	0	0	0	0	0	0	0	1	0	0
A	BL	22	124	1	2	BA1652	7998	8	7	0	0	0	0	0	0	0	0	0
A	BL	22	124	1	2	BA1652	8000	7	8	2	0	1	0	0	0	0	0	0
A	BL	22	124	1	2	BA1652	8010	8	7	0	0	0	0	0	0	0	0	0
A	BL	22	124	1	2	BA1652	8018	7	0	0	0	0	0	0	0	1	0	0
A	BL	22	124	1	2	BA1652	8027	7	8	2	0	1	0	0	0	0	0	0
A	BL	22	124	1	2	BA1652	8037	8	7	0	0	0	0	0	0	0	0	0
A	BL	22	124	1	2	BA1652	8039	7	0	0	0	0	0	0	0	1	0	0
A	BL	22	124	1	2	BA1652	8070	7	8	2	0	1	0	0	0	0	0	0
A	BL	22	124	1	2	BA1652	8080	8	7	0	0	0	0	0	0	0	0	0
A	BL	22	124	1	2	BA1652	8099	7	0	0	0	0	0	0	0	1	0	0
A	BL	22	124	1	2	BA1652	8104	7	8	2	0	1	0	0	0	0	0	0
A	BL	22	124	1	2	BA1652	8112	8	0	0	0	0	0	0	0	1	0	0
A	BL	22	124	1	2	BA1652	8114	8	7	0	0	0	0	0	0	0	0	0
A	BL	22	124	1	2	BA1652	8116	7	8	2	0	1	0	0	0	0	0	0
A	BL	22	124	1	2	BA1652	8126	8	7	0	0	0	0	0	0	0	0	0
A	BL	22	124	1	2	BA1652	8127	7	0	0	0	0	0	0	0	1	0	0
A	BL	22	124	1	2	BA1652	8136	7	8	2	0	1	0	0	0	0	0	0
A	BL	22	124	1	2	BA1652	8141	8	0	0	0	0	0	0	0	1	0	0
A	BL	22	124	1	2	BA1652	8146	8	7	0	0	0	0	0	0	0	0	0
A	BL	22	124	1	2	BA1652	8159	7	8	2	0	1	0	0	0	0	0	0
A	BL	22	124	1	2	BA1652	8163	8	0	0	0	0	0	0	0	1	0	0
A	BL	22	124	1	2	BA1652	8169	8	7	0	0	0	0	0	0	0	0	0
A	BL	22	124	1	2	BA1652	8187	7	8	2	0	1	0	0	0	0	0	0
A	BL	22	124	1	2	BA1652	8190	8	0	0	0	0	0	0	0	1	0	0
A	BL	22	124	1	2	BA1652	8197	8	7	0	0	0	0	0	0	0	0	0
A	BL	22	124	1	2	BA1652	8205	7	8	2	0	1	0	0	0	0	0	0
A	BL	22	124	1	2	BA1652	8214	8	0	0	0	0	0	0	0	1	0	0
A	BL	22	124	1	2	BA1652	8215	8	7	0	0	0	0	0	0	0	0	0
A	BL	22	124	1	2	BA1652	8343	7	8	2	0	1	0	0	0	0	0	0
A	BL	22	124	1	2	BA1652	8353	8	7	0	0	0	0	0	0	0	0	0
A	BL	22	124	1	2	BA1652	8356	7	0	0	0	0	0	0	0	1	0	0
A	BL	22	124	1	2	BA1652	8365	7	8	2	0	1	0	0	0	0	0	0
A	BL	22	124	1	2	BA1652	8369	8	0	0	0	0	0	0	0	1	0	0
A	BL	22	124	1	2	BA1652	8371	8	0	0	0	1	0	0	0	0	0	0
A	BL	22	124	1	2	BA1652	8375	8	7	0	0	0	0	0	0	0	0	0
A	BL	22	124	1	2	BA1652	8382	7	0	0	0	0	0	0	0	1	0	0
A	BL	22	124	1	2	BA1652	8389	7	8	2	0	1	0	0	0	0	0	0
A	BL	22	124	1	2	BA1652	8396	8	0	0	0	0	0	0	0	1	0	0
A	BL	22	124	1	2	BA1652	8399	8	7	0	0	0	0	0	0	0	0	0
A	BL	22	124	1	2	BA1652	8403	7	8	2	0	1	0	0	0	0	0	0
A	BL	22	124	1	2	BA1652	8405	8	0	0	0	0	0	0	0	1	0	0
A	BL	22	124	1	2	BA1652	8413	8	7	0	0	1	0	0	0	0	0	0
A	BL	22	124	1	2	BA1652	8435	7	0	0	0	0	0	0	0	1	0	0
A	BL	22	124	1	2	BA1652	8451	7	8	2	0	1	0	0	0	0	0	0
A	BL	22	124	1	2	BA1652	8461	8	7	0	0	0	0	0	0	1	0	0
A	BL	22	124	1	2	BA1652	8468	7	8	2	0	1	0	0	0	0	0	0
A	BL	22	124	1	2	BA1652	8478	8	9	0	0	0	0	0	0	0	0	0
A	BL	22	124	1	2	BA1652	8479	9	0	0	0	0	0	0	0	1	0	0
A	BL	22	124	1	2	BA1652	8481	9	0	0	0	1	0	0	0	0	0	0
A	BL	22	124	1	2	BA1652	8483	9	0	0	0	0	0	0	0	1	0	0
A	BL	22	124	1	2	BA1652	8486	9	0	0	0	1	0	0	0	0	0	0
A	BL	22	124	1	2	BA1652	8488	9	10	0	0	1	0	0	0	1	0	0
A	BL	22	124	1	2	BA1652	8490	10	0	0	0	0	0	0	0	1	0	0
A	BL	22	124	1	2	BA1652	8563	10	2	0	0	0	0	0	0	0	0	0
A	BL	22	124	1	2	BA1652	8564	2	6	0	0	0	0	0	0	0	0	0
A	BL	22	124	1	2	BA1652	8735	6	8	2	0	1	0	0	0	0	0	0
A	BL	22	124	1	2	BA1652	8737	8	0	0	0	0	0	0	0	1	0	0
A	BL	22	124	1	2	BA1652	8745	8	7	0	0	0	0	0	0	0	0	0
A	BL	22	124	1	2	BA1652	8760	7	8	2	0	1	0	0	0	0	0	0
A	BL	22	124	1	2	BA1652	8761	8	0	0	0	0	0	0	0	1	0	0
A	BL	22	124	1	2	BA1652	8770	8	7	0	0	0	0	0	0	0	0	0
A	BL	22	124	1	2	BA1652	8800	7	8	2	0	1	0	0	0	0	0	0
A	BL	22	124	1	2	BA1652	8810	8	7	0	0	0	0	0	0	0	0	0
A	BL	22	124	1	2	BA1652	8817	7	0	0	0	0	0	0	0	1	0	0
A	BL	22	124	1	2	BA1652	8834	7	8	2	0	1	0	0	0	0	0	0
A	BL	22	124	1	2	BA1652	8843	8	0	0	0	0	0	0	0	1	0	0
A	BL	22	124	1	2	BA1652	8844	8	7	0	0	0	0	0	0	0	0	0
A	BL	22	124	1	2	BA1652	8847	7	8	2	0	1	0	0	0	0	0	0
A	BL	22	124	1	2	BA1652	8856	8	0	0	0	0	0	0	0	1	0	0
A	BL	22	124	1	2	BA1652	8857	8	7	0	0	0	0	0	0	0	0	0
A	BL	22	124	1	2	BA1652	8902	7	8	2	0	1	0	0	0	0	0	0
A	BL	22	124	1	2	BA1652	8912	8	7	0	0	0	0	0	0	0	0	0
A	BL	22	124	1	2	BA1652	8915	7	0	0	0	0	0	0	0	1	0	0
A	BL	22	124	1	2	BA1652	8930	7	8	2	0	1	0	0	0	0	0	0
A	BL	22	124	1	2	BA1652	8940	8	7	0	0	0	0	0	0	0	0	0
A	BL	22	124	1	2	BA1652	8972	7	0	0	0	0	0	0	0	1	0	0
A	BL	22	124	1	2	BA1652	8989	7	8	2	0	1	0	0	0	0	0	0
A	BL	22	124	1	2	BA1652	8993	8	0	0	0	0	0	0	0	1	0	0
A	BL	22	124	1	2	BA1652	8996	8	0	0	0	1	0	0	0	0	0	0
A	BL	22	124	1	2	BA1652	8999	8	7	0	0	0	0	0	0	0	0	0
A	BL	22	124	1	2	BA1652	9000	7	0	0	0	0	0	0	0	1	0	0
A	BL	22	124	1	2	BA1652	9027	7	8	2	0	1	0	0	0	0	0	0
A	BL	22	124	1	2	BA1652	9033	8	0	0	0	0	0	0	0	1	0	0
A	BL	22	124	1	2	BA1652	9034	8	0	0	0	1	0	0	0	0	0	0
A	BL	22	124	1	2	BA1652	9037	8	7	0	0	0	0	0	0	0	0	0
A	BL	22	124	1	2	BA1652	9039	7	0	0	0	0	0	0	0	1	0	0
A	BL	22	124	1	2	BA1652	9086	7	8	2	0	1	0	0	0	0	0	0
A	BL	22	124	1	2	BA1652	9096	8	7	0	0	0	0	0	0	0	0	0
A	BL	22	124	1	2	BA1652	9100	7	0	0	0	0	0	0	0	1	0	0
A	BL	22	124	1	2	BA1652	9118	7	8	2	0	1	0	0	0	0	0	0
A	BL	22	124	1	2	BA1652	9127	8	0	0	0	0	0	0	0	1	0	0
A	BL	22	124	1	2	BA1652	9128	8	7	0	0	0	0	0	0	0	0	0
A	BL	22	124	1	2	BA1652	9132	7	8	2	0	1	0	0	0	0	0	0
A	BL	22	124	1	2	BA1652	9142	8	7	0	0	0	0	0	0	0	0	0
A	BL	22	124	1	2	BA1652	9143	7	0	0	0	0	0	0	0	1	0	0
A	BL	22	124	1	2	BA1652	9144	7	8	2	0	1	0	0	0	0	0	0
A	BL	22	124	1	2	BA1652	9154	8	7	0	0	0	0	0	0	0	0	0
A	BL	22	124	1	2	BA1652	9175	7	0	0	0	0	0	0	0	1	0	0
A	BL	22	124	1	2	BA1652	9195	7	8	2	0	1	0	0	0	0	0	0
A	BL	22	124	1	2	BA1652	9205	8	7	0	0	0	0	0	0	0	0	0
A	BL	22	124	1	2	BA1652	9212	7	0	0	0	0	0	0	0	1	0	0
A	BL	22	124	1	2	BA1652	9274	7	8	2	0	1	0	0	0	0	0	0
A	BL	22	124	1	2	BA1652	9284	8	7	0	0	0	0	0	0	0	0	0
A	BL	22	124	1	2	BA1652	9288	7	0	0	0	0	0	0	0	1	0	0
A	BL	22	124	1	2	BA1652	9289	7	8	2	0	1	0	0	0	0	0	0
A	BL	22	124	1	2	BA1652	9299	8	7	0	0	0	0	0	0	0	0	0
A	BL	22	124	1	2	BA1652	9300	7	0	0	0	0	0	0	0	1	0	0
A	BL	22	124	1	2	BA1652	9303	7	8	2	0	1	0	0	0	0	0	0
A	BL	22	124	1	2	BA1652	9313	8	7	0	0	0	0	0	0	0	0	0
A	BL	22	124	1	2	BA1652	9317	7	0	0	0	0	0	0	0	1	0	0
A	BL	22	124	1	2	BA1652	9319	7	8	2	0	1	0	0	0	0	0	0
A	BL	22	124	1	2	BA1652	9329	8	7	0	0	0	0	0	0	0	0	0
A	BL	22	124	1	2	BA1652	9333	7	0	0	0	0	0	0	0	1	0	0
A	BL	22	124	1	2	BA1652	9336	7	8	2	0	1	0	0	0	0	0	0
A	BL	22	124	1	2	BA1652	9346	8	7	0	0	1	0	0	0	1	0	0
A	BL	22	124	1	2	BA1652	9363	7	0	0	0	0	0	0	0	1	0	0
A	BL	22	124	1	2	BA1652	9498	7	8	2	0	1	0	0	0	0	0	0
A	BL	22	124	1	2	BA1652	9504	8	0	0	0	0	0	0	0	1	0	0
A	BL	22	124	1	2	BA1652	9508	8	9	0	0	0	0	0	0	0	0	0
A	BL	22	124	1	2	BA1652	9518	9	10	0	0	0	0	0	0	0	0	0
A	BL	22	124	1	2	BA1652	9593	10	2	0	0	0	0	0	0	0	0	0
A	BL	22	124	1	2	BA1652	9594	2	3	0	0	0	0	0	0	0	0	0
A	BL	22	124	1	2	BA1652	9650	3	5	1	1	0	0	0	0	0	0	0
A	BL	22	124	1	2	BA1652	9660	5	4	0	0	0	0	0	0	0	0	0
A	BL	22	124	1	2	BA1652	9682	4	0	0	0	0	0	0	1	0	0	0
A	BL	22	124	1	2	BA1652	9685	4	5	1	1	0	0	0	0	0	0	0
A	BL	22	124	1	2	BA1652	9692	5	0	0	0	0	0	0	1	0	0	0
A	BL	22	124	1	2	BA1652	9695	5	4	0	0	0	0	0	0	0	0	0
A	BL	22	124	1	2	BA1652	9697	4	5	1	1	0	0	0	0	0	0	0
A	BL	22	124	1	2	BA1652	9703	5	0	0	0	0	0	0	1	0	0	0
A	BL	22	124	1	2	BA1652	9707	5	4	0	0	0	0	0	0	0	0	0
A	BL	22	124	1	2	BA1652	9714	4	5	1	1	0	0	0	0	0	0	0
A	BL	22	124	1	2	BA1652	9724	5	4	0	0	0	0	0	1	0	0	0
A	BL	22	124	1	2	BA1652	9736	4	5	1	1	0	0	0	0	0	0	0
A	BL	22	124	1	2	BA1652	9742	5	0	0	0	0	0	0	1	0	0	0
A	BL	22	124	1	2	BA1652	9746	5	9	0	0	0	0	0	0	0	0	0
A	BL	22	124	1	2	BA1652	9756	9	10	0	0	0	0	0	0	0	0	0
A	BL	22	124	1	2	BA1652	9831	10	2	0	0	0	0	0	0	0	0	0
A	BL	22	124	1	2	BA1652	9832	2	6	0	0	0	0	0	0	0	0	0
A	BL	22	124	1	2	BA1652	10174	6	8	2	0	1	0	0	0	0	0	0
A	BL	22	124	1	2	BA1652	10184	8	7	0	0	0	0	0	0	0	0	0
A	BL	22	124	1	2	BA1652	10214	7	0	0	0	0	0	0	0	1	0	0
A	BL	22	124	1	2	BA1652	10220	7	8	2	0	1	0	0	0	0	0	0
A	BL	22	124	1	2	BA1652	10230	8	7	0	0	0	0	0	0	0	0	0
A	BL	22	124	1	2	BA1652	10233	7	0	0	0	0	0	0	0	1	0	0
A	BL	22	124	1	2	BA1652	10316	7	8	2	0	1	0	0	0	0	0	0
A	BL	22	124	1	2	BA1652	10319	8	0	0	0	0	0	0	0	1	0	0
A	BL	22	124	1	2	BA1652	10326	8	7	0	0	0	0	0	0	0	0	0
A	BL	22	124	1	2	BA1652	10329	7	8	2	0	1	0	0	0	0	0	0
A	BL	22	124	1	2	BA1652	10338	8	0	0	0	0	0	0	0	1	0	0
A	BL	22	124	1	2	BA1652	10339	8	7	0	0	0	0	0	0	0	0	0
A	BL	22	124	1	2	BA1652	10385	7	8	2	0	1	0	0	0	0	0	0
A	BL	22	124	1	2	BA1652	10395	8	7	0	0	0	0	0	0	0	0	0
A	BL	22	124	1	2	BA1652	10397	7	0	0	0	0	0	0	0	1	0	0
A	BL	22	124	1	2	BA1652	10460	7	8	2	0	1	0	0	0	0	0	0
A	BL	22	124	1	2	BA1652	10469	8	0	0	0	0	0	0	0	1	0	0
A	BL	22	124	1	2	BA1652	10470	8	7	0	0	0	0	0	0	0	0	0
A	BL	22	124	1	2	BA1652	10562	7	8	2	0	1	0	0	0	0	0	0
A	BL	22	124	1	2	BA1652	10570	8	0	0	0	0	0	0	0	1	0	0
A	BL	22	124	1	2	BA1652	10572	8	7	0	0	0	0	0	0	0	0	0
A	BL	22	124	1	2	BA1652	10576	7	8	2	0	1	0	0	0	0	0	0
A	BL	22	124	1	2	BA1652	10580	8	0	0	0	0	0	0	0	1	0	0
A	BL	22	124	1	2	BA1652	10586	8	7	0	0	0	0	0	0	0	0	0
A	BL	22	124	1	2	BA1652	10597	7	8	2	0	1	0	0	0	0	0	0
A	BL	22	124	1	2	BA1652	10607	8	7	0	0	0	0	0	0	0	0	0
A	BL	22	124	1	2	BA1652	10613	7	0	0	0	0	0	0	0	1	0	0
A	BL	22	124	1	2	BA1652	10622	7	8	2	0	1	0	0	0	0	0	0
A	BL	22	124	1	2	BA1652	10625	8	0	0	0	0	0	0	0	1	0	0
A	BL	22	124	1	2	BA1652	10632	8	7	0	0	0	0	0	0	0	0	0
A	BL	22	124	1	2	BA1652	10635	7	8	2	0	1	0	0	0	0	0	0
A	BL	22	124	1	2	BA1652	10642	8	0	0	0	0	0	0	0	1	0	0
A	BL	22	124	1	2	BA1652	10645	8	7	0	0	0	0	0	0	0	0	0
A	BL	22	124	1	2	BA1652	10707	7	8	2	0	1	0	0	0	0	0	0
A	BL	22	124	1	2	BA1652	10717	8	7	0	0	0	0	0	0	0	0	0
A	BL	22	124	1	2	BA1652	10721	7	0	0	0	0	0	0	0	1	0	0
A	BL	22	124	1	2	BA1652	10759	7	8	2	0	1	0	0	0	0	0	0
A	BL	22	124	1	2	BA1652	10769	8	7	0	0	0	0	0	0	0	0	0
A	BL	22	124	1	2	BA1652	10785	7	0	0	0	0	0	0	0	1	0	0
A	BL	22	124	1	2	BA1652	10798	7	8	2	0	1	0	0	0	0	0	0
A	BL	22	124	1	2	BA1652	10808	8	7	0	0	0	0	0	0	0	0	0
A	BL	22	124	1	2	BA1652	10809	7	0	0	0	0	0	0	0	1	0	0
A	BL	22	124	1	2	BA1652	10814	7	8	2	0	1	0	0	0	0	0	0
A	BL	22	124	1	2	BA1652	10816	8	0	0	0	0	0	0	0	1	0	0
A	BL	22	124	1	2	BA1652	10824	8	7	0	0	0	0	0	0	0	0	0
A	BL	22	124	1	2	BA1652	10842	7	8	2	0	1	0	0	0	0	0	0
A	BL	22	124	1	2	BA1652	10852	8	7	0	0	0	0	0	0	0	0	0
A	BL	22	124	1	2	BA1652	10855	7	0	0	0	0	0	0	0	1	0	0
A	BL	22	124	1	2	BA1652	10856	7	8	2	0	1	0	0	0	0	0	0
A	BL	22	124	1	2	BA1652	10858	8	0	0	0	0	0	0	0	1	0	0
A	BL	22	124	1	2	BA1652	10863	8	0	0	0	1	0	0	0	0	0	0
A	BL	22	124	1	2	BA1652	10866	8	7	0	0	0	0	0	0	1	0	0
A	BL	22	124	1	2	BA1652	10889	7	8	2	0	1	0	0	0	0	0	0
A	BL	22	124	1	2	BA1652	10899	8	7	0	0	0	0	0	0	0	0	0
A	BL	22	124	1	2	BA1652	10929	7	0	0	0	0	0	0	0	1	0	0
A	BL	22	124	1	2	BA1652	10930	7	8	2	0	1	0	0	0	0	0	0
A	BL	22	124	1	2	BA1652	10937	8	0	0	0	0	0	0	0	1	0	0
A	BL	22	124	1	2	BA1652	10940	8	7	0	0	1	0	0	0	0	0	0
A	BL	22	124	1	2	BA1652	10957	7	0	0	0	0	0	0	0	1	0	0
A	BL	22	124	1	2	BA1652	11100	7	8	2	0	1	0	0	0	0	0	0
A	BL	22	124	1	2	BA1652	11110	8	9	0	0	0	0	0	0	0	0	0
A	BL	22	124	1	2	BA1652	11120	9	10	0	0	0	0	0	0	0	0	0
A	BL	22	124	1	2	BA1652	11123	10	0	0	0	0	0	0	0	1	0	0
A	BL	22	124	1	2	BA1652	11195	10	2	0	0	0	0	0	0	0	0	0
A	BL	22	124	1	2	BA1652	11196	2	3	0	0	0	0	0	0	0	0	0
A	BL	22	124	1	2	BA1652	11269	3	5	1	1	0	0	0	0	0	0	0
A	BL	22	124	1	2	BA1652	11276	5	0	0	0	0	0	0	1	0	0	0
A	BL	22	124	1	2	BA1652	11279	5	4	0	1	0	0	0	0	0	0	0
A	BL	22	124	1	2	BA1652	11291	4	0	0	0	0	0	0	1	0	0	0
A	BL	22	124	1	2	BA1652	11292	4	5	1	1	0	0	0	0	0	0	0
A	BL	22	124	1	2	BA1652	11302	5	4	0	0	0	0	0	0	0	0	0
A	BL	22	124	1	2	BA1652	11306	4	0	0	0	0	0	0	1	0	0	0
A	BL	22	124	1	2	BA1652	11309	4	5	1	1	0	0	0	0	0	0	0
A	BL	22	124	1	2	BA1652	11311	5	0	0	0	0	0	0	1	0	0	0
A	BL	22	124	1	2	BA1652	11318	5	0	0	1	0	0	0	0	0	0	0
A	BL	22	124	1	2	BA1652	11319	5	4	0	0	0	0	0	0	0	0	0
A	BL	22	124	1	2	BA1652	11329	4	0	0	0	0	0	0	1	0	0	0
A	BL	22	124	1	2	BA1652	11336	4	5	1	1	0	0	0	0	0	0	0
A	BL	22	124	1	2	BA1652	11346	5	4	0	0	0	0	0	0	0	0	0
A	BL	22	124	1	2	BA1652	11347	4	0	0	0	0	0	0	1	0	0	0
A	BL	22	124	1	2	BA1652	11349	4	5	1	1	0	0	0	0	0	0	0
A	BL	22	124	1	2	BA1652	11359	5	9	0	0	0	0	0	0	0	0	0
A	BL	22	124	1	2	BA1652	11362	9	0	0	0	0	0	0	1	0	0	0
A	BL	22	124	1	2	BA1652	11369	9	10	0	0	0	0	0	0	0	0	0
A	BL	22	124	1	2	BA1652	11444	10	2	0	0	0	0	0	0	0	0	0
A	BL	22	124	1	2	BA1652	11445	2	3	0	0	0	0	0	0	0	0	0
A	BL	22	124	1	2	BA1652	11503	3	5	1	1	0	0	0	0	0	0	0
A	BL	22	124	1	2	BA1652	11513	5	4	0	0	0	0	0	0	0	0	0
A	BL	22	124	1	2	BA1652	11522	4	0	0	0	0	0	0	1	0	0	0
A	BL	22	124	1	2	BA1652	11525	4	5	1	1	0	0	0	0	0	0	0
A	BL	22	124	1	2	BA1652	11535	5	4	0	0	0	0	0	1	0	0	0
A	BL	22	124	1	2	BA1652	11536	4	5	1	1	0	0	0	0	0	0	0
A	BL	22	124	1	2	BA1652	11546	5	4	0	0	0	0	0	1	0	0	0
A	BL	22	124	1	2	BA1652	11553	4	5	1	1	0	0	0	0	0	0	0
A	BL	22	124	1	2	BA1652	11555	5	0	0	0	0	0	0	1	0	0	0
A	BL	22	124	1	2	BA1652	11563	5	4	0	1	0	0	0	0	0	0	0
A	BL	22	124	1	2	BA1652	11566	4	0	0	0	0	0	0	1	0	0	0
A	BL	22	124	1	2	BA1652	11577	4	5	1	1	0	0	0	0	0	0	0
A	BL	22	124	1	2	BA1652	11579	5	0	0	0	0	0	0	1	0	0	0
A	BL	22	124	1	2	BA1652	11587	5	9	0	0	0	0	0	0	0	0	0
A	BL	22	124	1	2	BA1652	11597	9	10	0	0	0	0	0	0	0	0	0
A	BL	22	124	1	2	BA1652	11672	10	2	0	0	0	0	0	0	0	0	0
A	BL	22	124	1	2	BA1652	11673	2	3	0	0	0	0	0	0	0	0	0
A	BL	22	124	1	2	BA1652	11742	3	5	1	1	0	0	0	0	0	0	0
A	BL	22	124	1	2	BA1652	11752	5	4	0	0	0	0	0	0	0	0	0
A	BL	22	124	1	2	BA1652	11777	4	0	0	0	0	0	0	1	0	0	0
A	BL	22	124	1	2	BA1652	11779	4	5	1	1	0	0	0	0	0	0	0
A	BL	22	124	1	2	BA1652	11789	5	4	0	0	0	0	0	0	0	0	0
A	BL	22	124	1	2	BA1652	11790	4	0	0	0	0	0	0	1	0	0	0
A	BL	22	124	1	2	BA1652	11792	4	5	1	1	0	0	0	0	0	0	0
A	BL	22	124	1	2	BA1652	11802	5	4	0	0	0	0	0	0	0	0	0
A	BL	22	124	1	2	BA1652	11805	4	0	0	0	0	0	0	1	0	0	0
A	BL	22	124	1	2	BA1652	11809	4	5	1	1	0	0	0	0	0	0	0
A	BL	22	124	1	2	BA1652	11819	5	4	0	0	0	0	0	0	0	0	0
A	BL	22	124	1	2	BA1652	11836	4	0	0	0	0	0	0	1	0	0	0
A	BL	22	124	1	2	BA1652	11840	4	5	1	1	0	0	0	0	0	0	0
A	BL	22	124	1	2	BA1652	11850	5	9	0	0	0	0	0	0	0	0	0
A	BL	22	124	1	2	BA1652	11859	9	0	0	0	0	0	0	1	0	0	0
A	BL	22	124	1	2	BA1652	11860	9	10	0	0	0	0	0	0	0	0	0
A	BL	22	124	1	2	BA1652	11935	10	2	0	0	0	0	0	0	0	0	0
A	BL	22	124	1	2	BA1652	11936	2	6	0	0	0	0	0	0	0	0	0
A	BL	22	124	1	2	BA1652	14345	6	8	2	0	1	0	0	0	0	0	0
A	BL	22	124	1	2	BA1652	14352	8	0	0	0	0	0	0	0	1	0	0
A	BL	22	124	1	2	BA1652	14355	8	7	0	0	0	0	0	0	0	0	0
A	BL	22	124	1	2	BA1652	14466	7	8	2	0	1	0	0	0	0	0	0
A	BL	22	124	1	2	BA1652	14474	8	0	0	0	0	0	0	0	1	0	0
A	BL	22	124	1	2	BA1652	14476	8	7	0	0	0	0	0	0	0	0	0
A	BL	22	124	1	2	BA1652	14522	7	8	2	0	1	0	0	0	0	0	0
A	BL	22	124	1	2	BA1652	14525	8	0	0	0	0	0	0	0	1	0	0
A	BL	22	124	1	2	BA1652	14532	8	7	0	0	0	0	0	0	0	0	0
A	BL	22	124	1	2	BA1652	14578	7	8	2	0	1	0	0	0	0	0	0
A	BL	22	124	1	2	BA1652	14583	8	0	0	0	0	0	0	0	1	0	0
A	BL	22	124	1	2	BA1652	14586	8	0	0	0	1	0	0	0	0	0	0
A	BL	22	124	1	2	BA1652	14588	8	7	0	0	0	0	0	0	0	0	0
A	BL	22	124	1	2	BA1652	14629	7	0	0	0	0	0	0	0	1	0	0
A	BL	22	124	1	2	BA1652	14640	7	8	2	0	1	0	0	0	0	0	0
A	BL	22	124	1	2	BA1652	14647	8	0	0	0	0	0	0	0	1	0	0
A	BL	22	124	1	2	BA1652	14650	8	7	0	0	0	0	0	0	0	0	0
A	BL	22	124	1	2	BA1652	14740	7	8	2	0	1	0	0	0	0	0	0
A	BL	22	124	1	2	BA1652	14750	8	7	0	0	0	0	0	0	0	0	0
A	BL	22	124	1	2	BA1652	14757	7	0	0	0	0	0	0	0	1	0	0
A	BL	22	124	1	2	BA1652	14760	7	8	2	0	1	0	0	0	0	0	0
A	BL	22	124	1	2	BA1652	14770	8	7	0	0	0	0	0	0	0	0	0
A	BL	22	124	1	2	BA1652	14775	7	0	0	0	0	0	0	0	1	0	0
A	BL	22	124	1	2	BA1652	14783	7	8	2	0	1	0	0	0	0	0	0
A	BL	22	124	1	2	BA1652	14793	8	7	0	0	0	0	0	0	0	0	0
A	BL	22	124	1	2	BA1652	14808	7	0	0	0	0	0	0	0	1	0	0
A	BL	22	124	1	2	BA1652	14843	7	8	2	0	1	0	0	0	0	0	0
A	BL	22	124	1	2	BA1652	14847	8	0	0	0	0	0	0	0	1	0	0
A	BL	22	124	1	2	BA1652	14853	8	7	0	0	1	0	0	0	0	0	0
A	BL	22	124	1	2	BA1652	14855	7	0	0	0	0	0	0	0	1	0	0
A	BL	22	124	1	2	BA1652	14861	7	8	2	0	1	0	0	0	0	0	0
A	BL	22	124	1	2	BA1652	14869	8	0	0	0	0	0	0	0	1	0	0
A	BL	22	124	1	2	BA1652	14871	8	7	0	0	0	0	0	0	0	0	0
A	BL	22	124	1	2	BA1652	14880	7	8	2	0	1	0	0	0	0	0	0
A	BL	22	124	1	2	BA1652	14890	8	7	0	0	0	0	0	0	0	0	0
A	BL	22	124	1	2	BA1652	14902	7	0	0	0	0	0	0	0	1	0	0
A	BL	22	124	1	2	BA1652	14912	7	8	2	0	1	0	0	0	0	0	0
A	BL	22	124	1	2	BA1652	14919	8	0	0	0	0	0	0	0	1	0	0
A	BL	22	124	1	2	BA1652	14922	8	7	0	0	0	0	0	0	0	0	0
A	BL	22	124	1	2	BA1652	14930	7	8	2	0	1	0	0	0	0	0	0
A	BL	22	124	1	2	BA1652	14934	8	0	0	0	0	0	0	0	1	0	0
A	BL	22	124	1	2	BA1652	14940	8	7	0	0	0	0	0	0	0	0	0
A	BL	22	124	1	2	BA1652	14943	7	8	2	0	1	0	0	0	0	0	0
A	BL	22	124	1	2	BA1652	14953	8	7	0	0	0	0	0	0	0	0	0
A	BL	22	124	1	2	BA1652	14954	7	0	0	0	0	0	0	0	1	0	0
A	BL	22	124	1	2	BA1652	15028	7	8	2	0	1	0	0	0	0	0	0
A	BL	22	124	1	2	BA1652	15030	8	0	0	0	0	0	0	0	1	0	0
A	BL	22	124	1	2	BA1652	15038	8	7	0	0	0	0	0	0	0	0	0
A	BL	22	124	1	2	BA1652	15050	7	8	2	0	1	0	0	0	0	0	0
A	BL	22	124	1	2	BA1652	15060	8	7	0	0	0	0	0	0	0	0	0
A	BL	22	124	1	2	BA1652	15067	7	0	0	0	0	0	0	0	1	0	0
A	BL	22	124	1	2	BA1652	15071	7	8	2	0	1	0	0	0	0	0	0
A	BL	22	124	1	2	BA1652	15074	8	0	0	0	0	0	0	0	1	0	0
A	BL	22	124	1	2	BA1652	15075	8	0	0	0	1	0	0	0	0	0	0
A	BL	22	124	1	2	BA1652	15079	8	0	0	0	0	0	0	0	1	0	0
A	BL	22	124	1	2	BA1652	15081	8	7	0	0	0	0	0	0	0	0	0
A	BL	22	124	1	2	BA1652	15093	7	8	2	0	1	0	0	0	0	0	0
A	BL	22	124	1	2	BA1652	15095	8	0	0	0	0	0	0	0	1	0	0
A	BL	22	124	1	2	BA1652	15103	8	7	0	0	0	0	0	0	0	0	0
A	BL	22	124	1	2	BA1652	15104	7	8	2	0	1	0	0	0	0	0	0
A	BL	22	124	1	2	BA1652	15114	8	7	0	0	0	0	0	0	0	0	0
A	BL	22	124	1	2	BA1652	15116	7	0	0	0	0	0	0	0	1	0	0
A	BL	22	124	1	2	BA1652	15153	7	8	2	0	1	0	0	0	0	0	0
A	BL	22	124	1	2	BA1652	15163	8	9	0	0	0	0	0	0	0	0	0
A	BL	22	124	1	2	BA1652	15173	9	10	0	0	0	0	0	0	0	0	0
A	BL	22	124	1	2	BA1652	15175	10	0	0	0	0	0	0	0	1	0	0
A	BL	22	124	1	2	BA1652	15248	10	2	0	0	0	0	0	0	0	0	0
A	BL	22	124	1	2	BA1652	15249	2	6	0	0	0	0	0	0	0	0	0
A	BL	22	124	1	2	BA1652	15467	6	8	2	0	1	0	0	0	0	0	0
A	BL	22	124	1	2	BA1652	15473	8	0	0	0	0	0	0	0	1	0	0
A	BL	22	124	1	2	BA1652	15476	8	0	0	0	1	0	0	0	0	0	0
A	BL	22	124	1	2	BA1652	15477	8	7	0	0	0	0	0	0	0	0	0
A	BL	22	124	1	2	BA1652	15488	7	0	0	0	0	0	0	0	1	0	0
A	BL	22	124	1	2	BA1652	15490	7	8	2	0	1	0	0	0	0	0	0
A	BL	22	124	1	2	BA1652	15497	8	0	0	0	0	0	0	0	1	0	0
A	BL	22	124	1	2	BA1652	15500	8	7	0	0	0	0	0	0	0	0	0
A	BL	22	124	1	2	BA1652	15517	7	8	2	0	1	0	0	0	0	0	0
A	BL	22	124	1	2	BA1652	15523	8	0	0	0	0	0	0	0	1	0	0
A	BL	22	124	1	2	BA1652	15527	8	7	0	0	0	0	0	0	0	0	0
A	BL	22	124	1	2	BA1652	15561	7	8	2	0	1	0	0	0	0	0	0
A	BL	22	124	1	2	BA1652	15569	8	0	0	0	0	0	0	0	1	0	0
A	BL	22	124	1	2	BA1652	15571	8	7	0	0	0	0	0	0	0	0	0
A	BL	22	124	1	2	BA1652	15589	7	8	2	0	1	0	0	0	0	0	0
A	BL	22	124	1	2	BA1652	15599	8	7	0	0	0	0	0	0	0	0	0
A	BL	22	124	1	2	BA1652	15601	7	0	0	0	0	0	0	0	1	0	0
A	BL	22	124	1	2	BA1652	15638	7	8	2	0	1	0	0	0	0	0	0
A	BL	22	124	1	2	BA1652	15648	8	7	0	0	0	0	0	0	0	0	0
A	BL	22	124	1	2	BA1652	15680	7	0	0	0	0	0	0	0	1	0	0
A	BL	22	124	1	2	BA1652	15716	7	8	2	0	1	0	0	0	0	0	0
A	BL	22	124	1	2	BA1652	15717	8	0	0	0	0	0	0	0	1	0	0
A	BL	22	124	1	2	BA1652	15725	8	0	0	0	1	0	0	0	0	0	0
A	BL	22	124	1	2	BA1652	15726	8	7	0	0	0	0	0	0	0	0	0
A	BL	22	124	1	2	BA1652	15732	7	0	0	0	0	0	0	0	1	0	0
A	BL	22	124	1	2	BA1652	15739	7	8	2	0	1	0	0	0	0	0	0
A	BL	22	124	1	2	BA1652	15746	8	0	0	0	0	0	0	0	1	0	0
A	BL	22	124	1	2	BA1652	15749	8	7	0	0	0	0	0	0	0	0	0
A	BL	22	124	1	2	BA1652	15752	7	8	2	0	1	0	0	0	0	0	0
A	BL	22	124	1	2	BA1652	15756	8	0	0	0	0	0	0	0	1	0	0
A	BL	22	124	1	2	BA1652	15762	8	7	0	0	0	0	0	0	0	0	0
A	BL	22	124	1	2	BA1652	15766	7	8	2	0	1	0	0	0	0	0	0
A	BL	22	124	1	2	BA1652	15774	8	0	0	0	0	0	0	0	1	0	0
A	BL	22	124	1	2	BA1652	15776	8	7	0	0	0	0	0	0	0	0	0
A	BL	22	124	1	2	BA1652	15863	7	8	2	0	1	0	0	0	0	0	0
A	BL	22	124	1	2	BA1652	15865	8	0	0	0	0	0	0	0	1	0	0
A	BL	22	124	1	2	BA1652	15873	8	7	0	0	0	0	0	0	0	0	0
A	BL	22	124	1	2	BA1652	15886	7	8	2	0	1	0	0	0	0	0	0
A	BL	22	124	1	2	BA1652	15891	8	0	0	0	0	0	0	0	1	0	0
A	BL	22	124	1	2	BA1652	15896	8	7	0	0	1	0	0	0	0	0	0
A	BL	22	124	1	2	BA1652	15928	7	0	0	0	0	0	0	0	1	0	0
A	BL	22	124	1	2	BA1652	15932	7	8	2	0	1	0	0	0	0	0	0
A	BL	22	124	1	2	BA1652	15937	8	0	0	0	0	0	0	0	1	0	0
A	BL	22	124	1	2	BA1652	15942	8	7	0	0	0	0	0	0	0	0	0
A	BL	22	124	1	2	BA1652	15944	7	8	2	0	1	0	0	0	0	0	0
A	BL	22	124	1	2	BA1652	15948	8	0	0	0	0	0	0	0	1	0	0
A	BL	22	124	1	2	BA1652	15949	8	0	0	0	1	0	0	0	0	0	0
A	BL	22	124	1	2	BA1652	15952	8	0	0	0	0	0	0	0	1	0	0
A	BL	22	124	1	2	BA1652	15954	8	7	0	0	0	0	0	0	0	0	0
A	BL	22	124	1	2	BA1652	15959	7	8	2	0	1	0	0	0	0	0	0
A	BL	22	124	1	2	BA1652	15960	8	0	0	0	0	0	0	0	1	0	0
A	BL	22	124	1	2	BA1652	15964	8	0	0	0	1	0	0	0	0	0	0
A	BL	22	124	1	2	BA1652	15969	8	7	0	0	0	0	0	0	0	0	0
A	BL	22	124	1	2	BA1652	15972	7	0	0	0	0	0	0	0	1	0	0
A	BL	22	124	1	2	BA1652	16091	7	8	2	0	1	0	0	0	0	0	0
A	BL	22	124	1	2	BA1652	16101	8	7	0	0	0	0	0	0	0	0	0
A	BL	22	124	1	2	BA1652	16109	7	0	0	0	0	0	0	0	1	0	0
A	BL	22	124	1	2	BA1652	16113	7	8	2	0	1	0	0	0	0	0	0
A	BL	22	124	1	2	BA1652	16123	8	7	0	0	0	0	0	0	0	0	0
A	BL	22	124	1	2	BA1652	16124	7	0	0	0	0	0	0	0	1	0	0
A	BL	22	124	1	2	BA1652	16134	7	8	2	0	1	0	0	0	0	0	0
A	BL	22	124	1	2	BA1652	16141	8	0	0	0	0	0	0	0	1	0	0
A	BL	22	124	1	2	BA1652	16144	8	7	0	0	1	0	0	0	0	0	0
A	BL	22	124	1	2	BA1652	16159	7	0	0	0	0	0	0	0	1	0	0
A	BL	22	124	1	2	BA1652	16180	7	8	2	0	1	0	0	0	0	0	0
A	BL	22	124	1	2	BA1652	16190	8	7	0	0	0	0	0	0	0	0	0
A	BL	22	124	1	2	BA1652	16219	7	0	0	0	0	0	0	0	1	0	0
A	BL	22	124	1	2	BA1652	16268	7	8	2	0	1	0	0	0	0	0	0
A	BL	22	124	1	2	BA1652	16269	8	0	0	0	0	0	0	0	1	0	0
A	BL	22	124	1	2	BA1652	16272	8	0	0	0	1	0	0	0	0	0	0
A	BL	22	124	1	2	BA1652	16278	8	9	0	0	0	0	0	0	0	0	0
A	BL	22	124	1	2	BA1652	16279	9	0	0	0	0	0	0	0	1	0	0
A	BL	22	124	1	2	BA1652	16288	9	10	0	0	0	0	0	0	0	0	0
A	BL	22	124	1	2	BA1652	16363	10	2	0	0	0	0	0	0	0	0	0
A	BL	22	124	1	2	BA1652	16364	2	6	0	0	0	0	0	0	0	0	0
A	BL	22	124	1	2	BA1652	16637	6	8	2	0	1	0	0	0	0	0	0
A	BL	22	124	1	2	BA1652	16647	8	7	0	0	0	0	0	0	0	0	0
A	BL	22	124	1	2	BA1652	16654	7	0	0	0	0	0	0	0	1	0	0
A	BL	22	124	1	2	BA1652	16657	7	8	2	0	1	0	0	0	0	0	0
A	BL	22	124	1	2	BA1652	16662	8	0	0	0	0	0	0	0	1	0	0
A	BL	22	124	1	2	BA1652	16667	8	7	0	0	0	0	0	0	0	0	0
A	BL	22	124	1	2	BA1652	16680	7	8	2	0	1	0	0	0	0	0	0
A	BL	22	124	1	2	BA1652	16682	8	0	0	0	0	0	0	0	1	0	0
A	BL	22	124	1	2	BA1652	16690	8	7	0	0	0	0	0	0	0	0	0
A	BL	22	124	1	2	BA1652	16727	7	8	2	0	1	0	0	0	0	0	0
A	BL	22	124	1	2	BA1652	16732	8	0	0	0	0	0	0	0	1	0	0
A	BL	22	124	1	2	BA1652	16737	8	7	0	0	0	0	0	0	0	0	0
A	BL	22	124	1	2	BA1652	16786	7	8	2	0	1	0	0	0	0	0	0
A	BL	22	124	1	2	BA1652	16789	8	0	0	0	0	0	0	0	1	0	0
A	BL	22	124	1	2	BA1652	16796	8	7	0	0	0	0	0	0	0	0	0
A	BL	22	124	1	2	BA1652	16808	7	8	2	0	1	0	0	0	0	0	0
A	BL	22	124	1	2	BA1652	16818	8	7	0	0	0	0	0	0	0	0	0
A	BL	22	124	1	2	BA1652	16825	7	0	0	0	0	0	0	0	1	0	0
A	BL	22	124	1	2	BA1652	16863	7	8	2	0	1	0	0	0	0	0	0
A	BL	22	124	1	2	BA1652	16867	8	0	0	0	0	0	0	0	1	0	0
A	BL	22	124	1	2	BA1652	16873	8	7	0	0	1	0	0	0	0	0	0
A	BL	22	124	1	2	BA1652	16875	7	0	0	0	0	0	0	0	1	0	0
A	BL	22	124	1	2	BA1652	16941	7	8	2	0	1	0	0	0	0	0	0
A	BL	22	124	1	2	BA1652	16943	8	0	0	0	0	0	0	0	1	0	0
A	BL	22	124	1	2	BA1652	16946	8	0	0	0	1	0	0	0	0	0	0
A	BL	22	124	1	2	BA1652	16951	8	7	0	0	0	0	0	0	1	0	0
A	BL	22	124	1	2	BA1652	16968	7	8	2	0	1	0	0	0	0	0	0
A	BL	22	124	1	2	BA1652	16978	8	7	0	0	0	0	0	0	0	0	0
A	BL	22	124	1	2	BA1652	16980	7	0	0	0	0	0	0	0	1	0	0
A	BL	22	124	1	2	BA1652	16984	7	8	2	0	1	0	0	0	0	0	0
A	BL	22	124	1	2	BA1652	16989	8	0	0	0	0	0	0	0	1	0	0
A	BL	22	124	1	2	BA1652	16994	8	7	0	0	0	0	0	0	0	0	0
A	BL	22	124	1	2	BA1652	17004	7	8	2	0	1	0	0	0	0	0	0
A	BL	22	124	1	2	BA1652	17014	8	7	0	0	0	0	0	0	1	0	0
A	BL	22	124	1	2	BA1652	17039	7	8	2	0	1	0	0	0	0	0	0
A	BL	22	124	1	2	BA1652	17049	8	7	0	0	0	0	0	0	0	0	0
A	BL	22	124	1	2	BA1652	17094	7	0	0	0	0	0	0	0	1	0	0
A	BL	22	124	1	2	BA1652	17100	7	8	2	0	1	0	0	0	0	0	0
A	BL	22	124	1	2	BA1652	17103	8	0	0	0	0	0	0	0	1	0	0
A	BL	22	124	1	2	BA1652	17110	8	7	0	0	0	0	0	0	0	0	0
A	BL	22	124	1	2	BA1652	17111	7	8	2	0	1	0	0	0	0	0	0
A	BL	22	124	1	2	BA1652	17118	8	0	0	0	0	0	0	0	1	0	0
A	BL	22	124	1	2	BA1652	17121	8	7	0	0	0	0	0	0	0	0	0
A	BL	22	124	1	2	BA1652	17125	7	8	2	0	1	0	0	0	0	0	0
A	BL	22	124	1	2	BA1652	17129	8	0	0	0	0	0	0	0	1	0	0
A	BL	22	124	1	2	BA1652	17135	8	7	0	0	0	0	0	0	0	0	0
A	BL	22	124	1	2	BA1652	17148	7	8	2	0	1	0	0	0	0	0	0
A	BL	22	124	1	2	BA1652	17158	8	7	0	0	0	0	0	0	0	0	0
A	BL	22	124	1	2	BA1652	17180	7	0	0	0	0	0	0	0	1	0	0
A	BL	22	124	1	2	BA1652	17210	7	8	2	0	1	0	0	0	0	0	0
A	BL	22	124	1	2	BA1652	17220	8	7	0	0	0	0	0	0	0	0	0
A	BL	22	124	1	2	BA1652	17245	7	0	0	0	0	0	0	0	1	0	0
A	BL	22	124	1	2	BA1652	17264	7	8	2	0	1	0	0	0	0	0	0
A	BL	22	124	1	2	BA1652	17270	8	0	0	0	0	0	0	0	1	0	0
A	BL	22	124	1	2	BA1652	17274	8	7	0	0	0	0	0	0	0	0	0
A	BL	22	124	1	2	BA1652	17288	7	8	2	0	1	0	0	0	0	0	0
A	BL	22	124	1	2	BA1652	17298	8	7	0	0	0	0	0	0	0	0	0
A	BL	22	124	1	2	BA1652	17312	7	0	0	0	0	0	0	0	1	0	0
A	BL	22	124	1	2	BA1652	17370	7	8	2	0	1	0	0	0	0	0	0
A	BL	22	124	1	2	BA1652	17380	8	9	0	0	0	0	0	0	0	0	0
A	BL	22	124	1	2	BA1652	17390	9	10	0	0	0	0	0	0	0	0	0
A	BL	22	124	1	2	BA1652	17401	10	0	0	0	0	0	0	0	1	0	0
A	BL	22	124	1	2	BA1652	17465	10	2	0	0	0	0	0	0	0	0	0
A	BL	22	124	1	2	BA1652	17466	2	3	0	0	0	0	0	0	0	0	0
A	BL	22	124	1	2	BA1652	17534	3	5	1	1	0	0	0	0	0	0	0
A	BL	22	124	1	2	BA1652	17541	5	0	0	0	0	0	0	1	0	0	0
A	BL	22	124	1	2	BA1652	17542	5	0	0	1	0	0	0	0	0	0	0
A	BL	22	124	1	2	BA1652	17544	5	4	0	0	0	0	0	0	0	0	0
A	BL	22	124	1	2	BA1652	17570	4	0	0	0	0	0	0	1	0	0	0
A	BL	22	124	1	2	BA1652	17572	4	5	1	1	0	0	0	0	0	0	0
A	BL	22	124	1	2	BA1652	17582	5	4	0	0	0	0	0	0	0	0	0
A	BL	22	124	1	2	BA1652	17599	4	0	0	0	0	0	0	1	0	0	0
A	BL	22	124	1	2	BA1652	17602	4	5	1	1	0	0	0	0	0	0	0
A	BL	22	124	1	2	BA1652	17612	5	4	0	0	0	0	0	0	0	0	0
A	BL	22	124	1	2	BA1652	17615	4	0	0	0	0	0	0	1	0	0	0
A	BL	22	124	1	2	BA1652	17625	4	5	1	1	0	0	0	0	0	0	0
A	BL	22	124	1	2	BA1652	17630	5	0	0	0	0	0	0	1	0	0	0
A	BL	22	124	1	2	BA1652	17632	5	0	0	1	0	0	0	0	0	0	0
A	BL	22	124	1	2	BA1652	17635	5	4	0	0	0	0	0	0	0	0	0
A	BL	22	124	1	2	BA1652	17653	4	0	0	0	0	0	0	1	0	0	0
A	BL	22	124	1	2	BA1652	17656	4	5	1	1	0	0	0	0	0	0	0
A	BL	22	124	1	2	BA1652	17666	5	9	0	0	0	0	0	0	0	0	0
A	BL	22	124	1	2	BA1652	17673	9	0	0	0	0	0	0	1	0	0	0
A	BL	22	124	1	2	BA1652	17676	9	10	0	0	0	0	0	0	0	0	0
A	BL	22	124	1	2	BA1652	17751	10	2	0	0	0	0	0	0	0	0	0
A	BL	22	124	1	2	BA1652	17752	2	3	0	0	0	0	0	0	0	0	0
A	BL	22	124	1	2	BA1652	17807	3	5	1	1	0	0	0	0	0	0	0
A	BL	22	124	1	2	BA1652	17817	5	4	0	0	0	0	0	0	0	0	0
A	BL	22	124	1	2	BA1652	17818	4	0	0	0	0	0	0	1	0	0	0
A	BL	22	124	1	2	BA1652	17819	4	5	1	1	0	0	0	0	0	0	0
A	BL	22	124	1	2	BA1652	17826	5	0	0	0	0	0	0	1	0	0	0
A	BL	22	124	1	2	BA1652	17828	5	0	0	1	0	0	0	0	0	0	0
A	BL	22	124	1	2	BA1652	17829	5	4	0	0	0	0	0	0	0	0	0
A	BL	22	124	1	2	BA1652	17843	4	0	0	0	0	0	0	1	0	0	0
A	BL	22	124	1	2	BA1652	17853	4	5	1	1	0	0	0	0	0	0	0
A	BL	22	124	1	2	BA1652	17862	5	0	0	0	0	0	0	1	0	0	0
A	BL	22	124	1	2	BA1652	17863	5	4	0	0	0	0	0	0	0	0	0
A	BL	22	124	1	2	BA1652	17866	4	5	1	1	0	0	0	0	0	0	0
A	BL	22	124	1	2	BA1652	17876	5	4	0	0	0	0	0	0	0	0	0
A	BL	22	124	1	2	BA1652	17896	4	0	0	0	0	0	0	1	0	0	0
A	BL	22	124	1	2	BA1652	17900	4	5	1	1	0	0	0	0	0	0	0
A	BL	22	124	1	2	BA1652	17910	5	9	0	0	0	0	0	0	0	0	0
A	BL	22	124	1	2	BA1652	17916	9	0	0	0	0	0	0	1	0	0	0
A	BL	22	124	1	2	BA1652	17920	9	10	0	0	0	0	0	0	0	0	0
A	BL	22	124	1	2	BA1652	17995	10	2	0	0	0	0	0	0	0	0	0
A	BL	22	124	1	2	BA1652	17996	2	3	0	0	0	0	0	0	0	0	0
A	BL	22	124	1	2	BA1652	18075	3	5	1	1	0	0	0	0	0	0	0
A	BL	22	124	1	2	BA1652	18085	5	4	0	0	0	0	0	0	0	0	0
A	BL	22	124	1	2	BA1652	18094	4	0	0	0	0	0	0	1	0	0	0
A	BL	22	124	1	2	BA1652	18100	4	5	1	1	0	0	0	0	0	0	0
A	BL	22	124	1	2	BA1652	18108	5	0	0	0	0	0	0	1	0	0	0
A	BL	22	124	1	2	BA1652	18110	5	4	0	0	0	0	0	0	0	0	0
A	BL	22	124	1	2	BA1652	18112	4	5	1	1	0	0	0	0	0	0	0
A	BL	22	124	1	2	BA1652	18118	5	0	0	0	0	0	0	1	0	0	0
A	BL	22	124	1	2	BA1652	18122	5	4	0	0	0	0	0	0	0	0	0
A	BL	22	124	1	2	BA1652	18123	4	5	1	1	0	0	0	0	0	0	0
A	BL	22	124	1	2	BA1652	18133	5	4	0	0	0	0	0	0	0	0	0
A	BL	22	124	1	2	BA1652	18135	4	0	0	0	0	0	0	1	0	0	0
A	BL	22	124	1	2	BA1652	18142	4	5	1	1	0	0	0	0	0	0	0
A	BL	22	124	1	2	BA1652	18152	5	9	0	0	0	0	0	1	0	0	0
A	BL	22	124	1	2	BA1652	18153	9	0	0	1	0	0	0	0	0	0	0
A	BL	22	124	1	2	BA1652	18155	9	0	0	0	0	0	0	1	0	0	0
A	BL	22	124	1	2	BA1652	18158	9	0	0	1	0	0	0	0	0	0	0
A	BL	22	124	1	2	BA1652	18162	9	10	0	0	0	0	0	1	0	0	0
A	BL	22	124	1	2	BA1652	18237	10	2	0	0	0	0	0	0	0	0	0
A	BL	22	124	1	2	BA1652	18238	2	6	0	0	0	0	0	0	0	0	0
A	BL	22	124	1	2	BA1652	18530	6	8	2	0	1	0	0	0	0	0	0
A	BL	22	124	1	2	BA1652	18532	8	0	0	0	0	0	0	0	1	0	0
A	BL	22	124	1	2	BA1652	18540	8	7	0	0	0	0	0	0	0	0	0
A	BL	22	124	1	2	BA1652	18729	7	8	2	0	1	0	0	0	0	0	0
A	BL	22	124	1	2	BA1652	18738	8	0	0	0	0	0	0	0	1	0	0
A	BL	22	124	1	2	BA1652	18739	8	7	0	0	0	0	0	0	0	0	0
A	BL	22	124	1	2	BA1652	18754	7	8	2	0	1	0	0	0	0	0	0
A	BL	22	124	1	2	BA1652	18758	8	0	0	0	0	0	0	0	1	0	0
A	BL	22	124	1	2	BA1652	18760	8	0	0	0	1	0	0	0	0	0	0
A	BL	22	124	1	2	BA1652	18762	8	0	0	0	0	0	0	0	1	0	0
A	BL	22	124	1	2	BA1652	18764	8	7	0	0	0	0	0	0	0	0	0
A	BL	22	124	1	2	BA1652	18768	7	8	2	0	1	0	0	0	0	0	0
A	BL	22	124	1	2	BA1652	18778	8	7	0	0	0	0	0	0	0	0	0
A	BL	22	124	1	2	BA1652	18781	7	0	0	0	0	0	0	0	1	0	0
A	BL	22	124	1	2	BA1652	18798	7	8	2	0	1	0	0	0	0	0	0
A	BL	22	124	1	2	BA1652	18806	8	0	0	0	0	0	0	0	1	0	0
A	BL	22	124	1	2	BA1652	18808	8	7	0	0	0	0	0	0	0	0	0
A	BL	22	124	1	2	BA1652	18877	7	8	2	0	1	0	0	0	0	0	0
A	BL	22	124	1	2	BA1652	18883	8	0	0	0	0	0	0	0	1	0	0
A	BL	22	124	1	2	BA1652	18887	8	7	0	0	0	0	0	0	0	0	0
A	BL	22	124	1	2	BA1652	18894	7	8	2	0	1	0	0	0	0	0	0
A	BL	22	124	1	2	BA1652	18897	8	0	0	0	0	0	0	0	1	0	0
A	BL	22	124	1	2	BA1652	18898	8	0	0	0	1	0	0	0	0	0	0
A	BL	22	124	1	2	BA1652	18904	8	7	0	0	0	0	0	0	0	0	0
A	BL	22	124	1	2	BA1652	18913	7	0	0	0	0	0	0	0	1	0	0
A	BL	22	124	1	2	BA1652	18917	7	8	2	0	1	0	0	0	0	0	0
A	BL	22	124	1	2	BA1652	18925	8	0	0	0	0	0	0	0	1	0	0
A	BL	22	124	1	2	BA1652	18927	8	7	0	0	0	0	0	0	0	0	0
A	BL	22	124	1	2	BA1652	18933	7	8	2	0	1	0	0	0	0	0	0
A	BL	22	124	1	2	BA1652	18935	8	0	0	0	0	0	0	0	1	0	0
A	BL	22	124	1	2	BA1652	18943	8	7	0	0	0	0	0	0	0	0	0
A	BL	22	124	1	2	BA1652	18953	7	8	2	0	1	0	0	0	0	0	0
A	BL	22	124	1	2	BA1652	18955	8	0	0	0	0	0	0	0	1	0	0
A	BL	22	124	1	2	BA1652	18961	8	0	0	0	1	0	0	0	0	0	0
A	BL	22	124	1	2	BA1652	18963	8	7	0	0	0	0	0	0	0	0	0
A	BL	22	124	1	2	BA1652	18977	7	0	0	0	0	0	0	0	1	0	0
A	BL	22	124	1	2	BA1652	18996	7	8	2	0	1	0	0	0	0	0	0
A	BL	22	124	1	2	BA1652	19003	8	0	0	0	0	0	0	0	1	0	0
A	BL	22	124	1	2	BA1652	19006	8	7	0	0	0	0	0	0	0	0	0
A	BL	22	124	1	2	BA1652	19034	7	8	2	0	1	0	0	0	0	0	0
A	BL	22	124	1	2	BA1652	19044	8	7	0	0	0	0	0	0	0	0	0
A	BL	22	124	1	2	BA1652	19045	7	8	2	0	1	0	0	0	1	0	0
A	BL	22	124	1	2	BA1652	19053	8	0	0	0	0	0	0	0	1	0	0
A	BL	22	124	1	2	BA1652	19055	8	7	0	0	0	0	0	0	0	0	0
A	BL	22	124	1	2	BA1652	19063	7	8	2	0	1	0	0	0	0	0	0
A	BL	22	124	1	2	BA1652	19066	8	0	0	0	0	0	0	0	1	0	0
A	BL	22	124	1	2	BA1652	19073	8	7	0	0	0	0	0	0	0	0	0
A	BL	22	124	1	2	BA1652	19098	7	8	2	0	1	0	0	0	0	0	0
A	BL	22	124	1	2	BA1652	19102	8	0	0	0	0	0	0	0	1	0	0
A	BL	22	124	1	2	BA1652	19106	8	0	0	0	1	0	0	0	0	0	0
A	BL	22	124	1	2	BA1652	19108	8	7	0	0	0	0	0	0	0	0	0
A	BL	22	124	1	2	BA1652	19134	7	0	0	0	0	0	0	0	1	0	0
A	BL	22	124	1	2	BA1652	19135	7	8	2	0	1	0	0	0	0	0	0
A	BL	22	124	1	2	BA1652	19144	8	0	0	0	0	0	0	0	1	0	0
A	BL	22	124	1	2	BA1652	19145	8	7	0	0	0	0	0	0	0	0	0
A	BL	22	124	1	2	BA1652	19148	7	8	2	0	1	0	0	0	0	0	0
A	BL	22	124	1	2	BA1652	19155	8	0	0	0	0	0	0	0	1	0	0
A	BL	22	124	1	2	BA1652	19158	8	7	0	0	1	0	0	0	0	0	0
A	BL	22	124	1	2	BA1652	19164	7	0	0	0	0	0	0	0	1	0	0
A	BL	22	124	1	2	BA1652	19168	7	8	2	0	1	0	0	0	0	0	0
A	BL	22	124	1	2	BA1652	19178	8	7	0	0	0	0	0	0	0	0	0
A	BL	22	124	1	2	BA1652	19194	7	0	0	0	0	0	0	0	1	0	0
A	BL	22	124	1	2	BA1652	19199	7	8	2	0	1	0	0	0	0	0	0
A	BL	22	124	1	2	BA1652	19205	8	0	0	0	0	0	0	0	1	0	0
A	BL	22	124	1	2	BA1652	19209	8	7	0	0	1	0	0	0	0	0	0
A	BL	22	124	1	2	BA1652	19222	7	0	0	0	0	0	0	0	1	0	0
A	BL	22	124	1	2	BA1652	19239	7	8	2	0	1	0	0	0	0	0	0
A	BL	22	124	1	2	BA1652	19249	8	9	0	0	0	0	0	0	0	0	0
A	BL	22	124	1	2	BA1652	19259	9	10	0	0	0	0	0	0	0	0	0
A	BL	22	124	1	2	BA1652	19260	10	0	0	0	0	0	0	0	1	0	0
A	BL	22	124	1	2	BA1652	19334	10	2	0	0	0	0	0	0	0	0	0
A	BL	22	124	1	2	BA1652	19335	2	6	0	0	0	0	0	0	0	0	0
A	BL	22	124	1	2	BA1652	20055	6	8	2	0	1	0	0	0	0	0	0
A	BL	22	124	1	2	BA1652	20065	8	7	0	0	0	0	0	0	0	0	0
A	BL	22	124	1	2	BA1652	20073	7	0	0	0	0	0	0	0	1	0	0
A	BL	22	124	1	2	BA1652	20133	7	8	2	0	1	0	0	0	0	0	0
A	BL	22	124	1	2	BA1652	20137	8	0	0	0	0	0	0	0	1	0	0
A	BL	22	124	1	2	BA1652	20143	8	7	0	0	0	0	0	0	0	0	0
A	BL	22	124	1	2	BA1652	20153	7	8	2	0	1	0	0	0	0	0	0
A	BL	22	124	1	2	BA1652	20161	8	0	0	0	0	0	0	0	1	0	0
A	BL	22	124	1	2	BA1652	20163	8	7	0	0	0	0	0	0	0	0	0
A	BL	22	124	1	2	BA1652	20208	7	8	2	0	1	0	0	0	0	0	0
A	BL	22	124	1	2	BA1652	20213	8	0	0	0	0	0	0	0	1	0	0
A	BL	22	124	1	2	BA1652	20217	8	0	0	0	1	0	0	0	0	0	0
A	BL	22	124	1	2	BA1652	20218	8	7	0	0	0	0	0	0	0	0	0
A	BL	22	124	1	2	BA1652	20228	7	0	0	0	0	0	0	0	1	0	0
A	BL	22	124	1	2	BA1652	20234	7	8	2	0	1	0	0	0	0	0	0
A	BL	22	124	1	2	BA1652	20240	8	0	0	0	0	0	0	0	1	0	0
A	BL	22	124	1	2	BA1652	20244	8	7	0	0	0	0	0	0	0	0	0
A	BL	22	124	1	2	BA1652	20250	7	8	2	0	1	0	0	0	0	0	0
A	BL	22	124	1	2	BA1652	20257	8	0	0	0	0	0	0	0	1	0	0
A	BL	22	124	1	2	BA1652	20260	8	7	0	0	0	0	0	0	0	0	0
A	BL	22	124	1	2	BA1652	20263	7	8	2	0	1	0	0	0	0	0	0
A	BL	22	124	1	2	BA1652	20267	8	0	0	0	1	0	0	0	1	0	0
A	BL	22	124	1	2	BA1652	20270	8	0	0	0	0	0	0	0	1	0	0
A	BL	22	124	1	2	BA1652	20273	8	7	0	0	0	0	0	0	0	0	0
A	BL	22	124	1	2	BA1652	20274	7	8	2	0	1	0	0	0	0	0	0
A	BL	22	124	1	2	BA1652	20281	8	0	0	0	0	0	0	0	1	0	0
A	BL	22	124	1	2	BA1652	20284	8	7	0	0	0	0	0	0	0	0	0
A	BL	22	124	1	2	BA1652	20293	7	8	2	0	1	0	0	0	0	0	0
A	BL	22	124	1	2	BA1652	20301	8	0	0	0	0	0	0	0	1	0	0
A	BL	22	124	1	2	BA1652	20303	8	7	0	0	0	0	0	0	0	0	0
A	BL	22	124	1	2	BA1652	20378	7	8	2	0	1	0	0	0	0	0	0
A	BL	22	124	1	2	BA1652	20388	8	7	0	0	0	0	0	0	1	0	0
A	BL	22	124	1	2	BA1652	20393	7	8	2	0	1	0	0	0	0	0	0
A	BL	22	124	1	2	BA1652	20403	8	7	0	0	0	0	0	0	0	0	0
A	BL	22	124	1	2	BA1652	20405	7	0	0	0	0	0	0	0	1	0	0
A	BL	22	124	1	2	BA1652	20410	7	8	2	0	1	0	0	0	0	0	0
A	BL	22	124	1	2	BA1652	20417	8	0	0	0	0	0	0	0	1	0	0
A	BL	22	124	1	2	BA1652	20420	8	7	0	0	0	0	0	0	0	0	0
A	BL	22	124	1	2	BA1652	20429	7	8	2	0	1	0	0	0	0	0	0
A	BL	22	124	1	2	BA1652	20433	8	0	0	0	0	0	0	0	1	0	0
A	BL	22	124	1	2	BA1652	20436	8	0	0	0	1	0	0	0	0	0	0
A	BL	22	124	1	2	BA1652	20439	8	7	0	0	0	0	0	0	0	0	0
A	BL	22	124	1	2	BA1652	20444	7	0	0	0	0	0	0	0	1	0	0
A	BL	22	124	1	2	BA1652	20447	7	8	2	0	1	0	0	0	0	0	0
A	BL	22	124	1	2	BA1652	20451	8	0	0	0	0	0	0	0	1	0	0
A	BL	22	124	1	2	BA1652	20457	8	7	0	0	0	0	0	0	0	0	0
A	BL	22	124	1	2	BA1652	20460	7	8	2	0	1	0	0	0	0	0	0
A	BL	22	124	1	2	BA1652	20464	8	0	0	0	0	0	0	0	1	0	0
A	BL	22	124	1	2	BA1652	20470	8	7	0	0	0	0	0	0	0	0	0
A	BL	22	124	1	2	BA1652	20482	7	8	2	0	1	0	0	0	0	0	0
A	BL	22	124	1	2	BA1652	20492	8	7	0	0	0	0	0	0	0	0	0
A	BL	22	124	1	2	BA1652	20513	7	0	0	0	0	0	0	0	1	0	0
A	BL	22	124	1	2	BA1652	20516	7	8	2	0	1	0	0	0	0	0	0
A	BL	22	124	1	2	BA1652	20521	8	0	0	0	0	0	0	0	1	0	0
A	BL	22	124	1	2	BA1652	20526	8	7	0	0	0	0	0	0	0	0	0
A	BL	22	124	1	2	BA1652	20536	7	8	2	0	1	0	0	0	0	0	0
A	BL	22	124	1	2	BA1652	20545	8	0	0	0	0	0	0	0	1	0	0
A	BL	22	124	1	2	BA1652	20546	8	7	0	0	0	0	0	0	0	0	0
A	BL	22	124	1	2	BA1652	20616	7	8	2	0	1	0	0	0	0	0	0
A	BL	22	124	1	2	BA1652	20620	8	0	0	0	0	0	0	0	1	0	0
A	BL	22	124	1	2	BA1652	20626	8	7	0	0	1	0	0	0	0	0	0
A	BL	22	124	1	2	BA1652	20628	7	0	0	0	0	0	0	0	1	0	0
A	BL	22	124	1	2	BA1652	20632	7	8	2	0	1	0	0	0	0	0	0
A	BL	22	124	1	2	BA1652	20641	8	0	0	0	0	0	0	0	1	0	0
A	BL	22	124	1	2	BA1652	20642	8	9	0	0	0	0	0	0	0	0	0
A	BL	22	124	1	2	BA1652	20644	9	0	0	0	1	0	0	0	0	0	0
A	BL	22	124	1	2	BA1652	20652	9	10	0	0	0	0	0	0	0	0	0
A	BL	22	124	1	2	BA1652	20655	10	0	0	0	0	0	0	0	1	0	0
A	BL	22	124	1	2	BA1652	20727	10	2	0	0	0	0	0	0	0	0	0
A	BL	22	124	1	2	BA1652	20728	2	3	0	0	0	0	0	0	0	0	0
A	BL	22	124	1	2	BA1652	20838	3	5	1	1	0	0	0	0	0	0	0
A	BL	22	124	1	2	BA1652	20848	5	4	0	0	0	0	0	0	0	0	0
A	BL	22	124	1	2	BA1652	20871	4	0	0	0	0	0	0	1	0	0	0
A	BL	22	124	1	2	BA1652	20875	4	5	1	1	0	0	0	0	0	0	0
A	BL	22	124	1	2	BA1652	20884	5	0	0	0	0	0	0	1	0	0	0
A	BL	22	124	1	2	BA1652	20885	5	4	0	0	0	0	0	0	0	0	0
A	BL	22	124	1	2	BA1652	20888	4	5	1	1	0	0	0	0	0	0	0
A	BL	22	124	1	2	BA1652	20890	5	0	0	0	0	0	0	1	0	0	0
A	BL	22	124	1	2	BA1652	20898	5	4	0	0	0	0	0	0	0	0	0
A	BL	22	124	1	2	BA1652	20899	4	5	1	1	0	0	0	0	0	0	0
A	BL	22	124	1	2	BA1652	20909	5	4	0	0	0	0	0	0	0	0	0
A	BL	22	124	1	2	BA1652	20928	4	0	0	0	0	0	0	1	0	0	0
A	BL	22	124	1	2	BA1652	20948	4	5	1	1	0	0	0	0	0	0	0
A	BL	22	124	1	2	BA1652	20958	5	9	0	0	0	0	0	0	0	0	0
A	BL	22	124	1	2	BA1652	20966	9	0	0	0	0	0	0	1	0	0	0
A	BL	22	124	1	2	BA1652	20968	9	10	0	0	0	0	0	0	0	0	0
A	BL	22	124	1	2	BA1652	21043	10	2	0	0	0	0	0	0	0	0	0
A	BL	22	124	1	2	BA1652	21044	2	6	0	0	0	0	0	0	0	0	0
A	BL	22	124	1	2	BA1652	21480	6	8	2	0	1	0	0	0	0	0	0
A	BL	22	124	1	2	BA1652	21490	8	7	0	0	0	0	0	0	0	0	0
A	BL	22	124	1	2	BA1652	21574	7	0	0	0	0	0	0	0	1	0	0
A	BL	22	124	1	2	BA1652	21626	7	8	2	0	1	0	0	0	0	0	0
A	BL	22	124	1	2	BA1652	21630	8	0	0	0	0	0	0	0	1	0	0
A	BL	22	124	1	2	BA1652	21633	8	0	0	0	1	0	0	0	0	0	0
A	BL	22	124	1	2	BA1652	21636	8	7	0	0	0	0	0	0	0	0	0
A	BL	22	124	1	2	BA1652	21652	7	0	0	0	0	0	0	0	1	0	0
A	BL	22	124	1	2	BA1652	21708	7	8	2	0	1	0	0	0	0	0	0
A	BL	22	124	1	2	BA1652	21718	8	7	0	0	0	0	0	0	1	0	0
A	BL	22	124	1	2	BA1652	21782	7	8	2	0	1	0	0	0	0	0	0
A	BL	22	124	1	2	BA1652	21792	8	7	0	0	0	0	0	0	0	0	0
A	BL	22	124	1	2	BA1652	21799	7	0	0	0	0	0	0	0	1	0	0
A	BL	22	124	1	2	BA1652	21809	7	8	2	0	1	0	0	0	0	0	0
A	BL	22	124	1	2	BA1652	21819	8	7	0	0	0	0	0	0	0	0	0
A	BL	22	124	1	2	BA1652	21835	7	0	0	0	0	0	0	0	1	0	0
A	BL	22	124	1	2	BA1652	21842	7	8	2	0	1	0	0	0	0	0	0
A	BL	22	124	1	2	BA1652	21844	8	0	0	0	0	0	0	0	1	0	0
A	BL	22	124	1	2	BA1652	21847	8	0	0	0	1	0	0	0	0	0	0
A	BL	22	124	1	2	BA1652	21851	8	0	0	0	0	0	0	0	1	0	0
A	BL	22	124	1	2	BA1652	21852	8	7	0	0	0	0	0	0	0	0	0
A	BL	22	124	1	2	BA1652	21910	7	8	2	0	1	0	0	0	0	0	0
A	BL	22	124	1	2	BA1652	21920	8	7	0	0	0	0	0	0	0	0	0
A	BL	22	124	1	2	BA1652	21936	7	0	0	0	0	0	0	0	1	0	0
A	BL	22	124	1	2	BA1652	21939	7	8	2	0	1	0	0	0	0	0	0
A	BL	22	124	1	2	BA1652	21947	8	0	0	0	0	0	0	0	1	0	0
A	BL	22	124	1	2	BA1652	21949	8	7	0	0	0	0	0	0	0	0	0
A	BL	22	124	1	2	BA1652	21964	7	8	2	0	1	0	0	0	0	0	0
A	BL	22	124	1	2	BA1652	21965	8	0	0	0	0	0	0	0	1	0	0
A	BL	22	124	1	2	BA1652	21974	8	7	0	0	0	0	0	0	0	0	0
A	BL	22	124	1	2	BA1652	21994	7	8	2	0	1	0	0	0	0	0	0
A	BL	22	124	1	2	BA1652	21998	8	0	0	0	0	0	0	0	1	0	0
A	BL	22	124	1	2	BA1652	21999	8	0	0	0	1	0	0	0	0	0	0
A	BL	22	124	1	2	BA1652	22004	8	7	0	0	0	0	0	0	0	0	0
A	BL	22	124	1	2	BA1652	22011	7	0	0	0	0	0	0	0	1	0	0
A	BL	22	124	1	2	BA1652	22019	7	8	2	0	1	0	0	0	0	0	0
A	BL	22	124	1	2	BA1652	22029	8	7	0	0	0	0	0	0	0	0	0
A	BL	22	124	1	2	BA1652	22030	7	0	0	0	0	0	0	0	1	0	0
A	BL	22	124	1	2	BA1652	22042	7	8	2	0	1	0	0	0	0	0	0
A	BL	22	124	1	2	BA1652	22052	8	7	0	0	0	0	0	0	0	0	0
A	BL	22	124	1	2	BA1652	22103	7	0	0	0	0	0	0	0	1	0	0
A	BL	22	124	1	2	BA1652	22107	7	8	2	0	1	0	0	0	0	0	0
A	BL	22	124	1	2	BA1652	22117	8	7	0	0	0	0	0	0	0	0	0
A	BL	22	124	1	2	BA1652	22119	7	0	0	0	0	0	0	0	1	0	0
A	BL	22	124	1	2	BA1652	22122	7	8	2	0	1	0	0	0	0	0	0
A	BL	22	124	1	2	BA1652	22132	8	7	0	0	0	0	0	0	0	0	0
A	BL	22	124	1	2	BA1652	22138	7	0	0	0	0	0	0	0	1	0	0
A	BL	22	124	1	2	BA1652	22144	7	8	2	0	1	0	0	0	0	0	0
A	BL	22	124	1	2	BA1652	22154	8	7	0	0	0	0	0	0	0	0	0
A	BL	22	124	1	2	BA1652	22167	7	0	0	0	0	0	0	0	1	0	0
A	BL	22	124	1	2	BA1652	22173	7	8	2	0	1	0	0	0	0	0	0
A	BL	22	124	1	2	BA1652	22177	8	0	0	0	0	0	0	0	1	0	0
A	BL	22	124	1	2	BA1652	22180	8	0	0	0	1	0	0	0	0	0	0
A	BL	22	124	1	2	BA1652	22183	8	7	0	0	0	0	0	0	0	0	0
A	BL	22	124	1	2	BA1652	22184	7	0	0	0	0	0	0	0	1	0	0
A	BL	22	124	1	2	BA1652	22187	7	8	2	0	1	0	0	0	0	0	0
A	BL	22	124	1	2	BA1652	22191	8	0	0	0	1	0	0	0	1	0	0
A	BL	22	124	1	2	BA1652	22196	8	0	0	0	0	0	0	0	1	0	0
A	BL	22	124	1	2	BA1652	22197	8	7	0	0	0	0	0	0	0	0	0
A	BL	22	124	1	2	BA1652	22218	7	8	2	0	1	0	0	0	0	0	0
A	BL	22	124	1	2	BA1652	22224	8	0	0	0	0	0	0	0	1	0	0
A	BL	22	124	1	2	BA1652	22226	8	0	0	0	1	0	0	0	0	0	0
A	BL	22	124	1	2	BA1652	22228	8	7	0	0	0	0	0	0	0	0	0
A	BL	22	124	1	2	BA1652	22259	7	0	0	0	0	0	0	0	1	0	0
A	BL	22	124	1	2	BA1652	22282	7	8	2	0	1	0	0	0	0	0	0
A	BL	22	124	1	2	BA1652	22292	8	7	0	0	0	0	0	0	0	0	0
A	BL	22	124	1	2	BA1652	22293	7	0	0	0	0	0	0	0	1	0	0
A	BL	22	124	1	2	BA1652	22296	7	8	2	0	1	0	0	0	0	0	0
A	BL	22	124	1	2	BA1652	22304	8	0	0	0	0	0	0	0	1	0	0
A	BL	22	124	1	2	BA1652	22306	8	9	0	0	0	0	0	0	0	0	0
A	BL	22	124	1	2	BA1652	22307	9	0	0	0	1	0	0	0	0	0	0
A	BL	22	124	1	2	BA1652	22313	9	0	0	0	0	0	0	0	1	0	0
A	BL	22	124	1	2	BA1652	22316	9	10	0	0	0	0	0	0	0	0	0
A	BL	22	124	1	2	BA1652	22317	10	0	0	0	1	0	0	0	0	0	0
A	BL	22	124	1	2	BA1652	22327	10	0	0	0	0	0	0	0	1	0	0
A	BL	22	124	1	2	BA1652	22391	10	2	0	0	0	0	0	0	0	0	0
A	BL	22	124	1	2	BA1652	22392	2	3	0	0	0	0	0	0	0	0	0
A	BL	22	124	1	2	BA1652	22496	3	5	1	1	0	0	0	0	0	0	0
A	BL	22	124	1	2	BA1652	22500	5	0	0	0	0	0	0	1	0	0	0
A	BL	22	124	1	2	BA1652	22501	5	0	0	1	0	0	0	0	0	0	0
A	BL	22	124	1	2	BA1652	22506	5	4	0	0	0	0	0	0	0	0	0
A	BL	22	124	1	2	BA1652	22516	4	0	0	0	0	0	0	1	0	0	0
A	BL	22	124	1	2	BA1652	22519	4	5	1	1	0	0	0	0	0	0	0
A	BL	22	124	1	2	BA1652	22528	5	0	0	0	0	0	0	1	0	0	0
A	BL	22	124	1	2	BA1652	22529	5	4	0	0	0	0	0	0	0	0	0
A	BL	22	124	1	2	BA1652	22531	4	5	1	1	0	0	0	0	0	0	0
A	BL	22	124	1	2	BA1652	22538	5	0	0	0	0	0	0	1	0	0	0
A	BL	22	124	1	2	BA1652	22541	5	4	0	1	0	0	0	0	0	0	0
A	BL	22	124	1	2	BA1652	22548	4	0	0	0	0	0	0	1	0	0	0
A	BL	22	124	1	2	BA1652	22555	4	5	1	1	0	0	0	0	0	0	0
A	BL	22	124	1	2	BA1652	22558	5	0	0	0	0	0	0	1	0	0	0
A	BL	22	124	1	2	BA1652	22565	5	4	0	0	0	0	0	0	0	0	0
A	BL	22	124	1	2	BA1652	22573	4	5	1	1	0	0	0	0	0	0	0
A	BL	22	124	1	2	BA1652	22578	5	0	0	0	0	0	0	1	0	0	0
A	BL	22	124	1	2	BA1652	22581	5	0	0	1	0	0	0	0	0	0	0
A	BL	22	124	1	2	BA1652	22583	5	9	0	0	0	0	0	1	0	0	0
A	BL	22	124	1	2	BA1652	22593	9	10	0	0	0	0	0	0	0	0	0
A	BL	22	124	1	2	BA1652	22668	10	2	0	0	0	0	0	0	0	0	0
A	BL	22	124	1	2	BA1652	22669	2	6	0	0	0	0	0	0	0	0	0
A	BL	22	124	1	2	BA1652	23804	6	8	2	0	1	0	0	0	0	0	0
A	BL	22	124	1	2	BA1652	23814	8	7	0	0	0	0	0	0	0	0	0
A	BL	22	124	1	2	BA1652	23895	7	0	0	0	0	0	0	0	1	0	0
A	BL	22	124	1	2	BA1652	24031	7	8	2	0	1	0	0	0	0	0	0
A	BL	22	124	1	2	BA1652	24041	8	7	0	0	0	0	0	0	0	0	0
A	BL	22	124	1	2	BA1652	24050	7	0	0	0	0	0	0	0	1	0	0
A	BL	22	124	1	2	BA1652	24053	7	8	2	0	1	0	0	0	0	0	0
A	BL	22	124	1	2	BA1652	24061	8	0	0	0	0	0	0	0	1	0	0
A	BL	22	124	1	2	BA1652	24063	8	7	0	0	0	0	0	0	0	0	0
A	BL	22	124	1	2	BA1652	24070	7	8	2	0	1	0	0	0	0	0	0
A	BL	22	124	1	2	BA1652	24080	8	7	0	0	0	0	0	0	0	0	0
A	BL	22	124	1	2	BA1652	24088	7	0	0	0	0	0	0	0	1	0	0
A	BL	22	124	1	2	BA1652	24115	7	8	2	0	1	0	0	0	0	0	0
A	BL	22	124	1	2	BA1652	24122	8	0	0	0	0	0	0	0	1	0	0
A	BL	22	124	1	2	BA1652	24125	8	7	0	0	0	0	0	0	0	0	0
A	BL	22	124	1	2	BA1652	24137	7	8	2	0	1	0	0	0	0	0	0
A	BL	22	124	1	2	BA1652	24143	8	0	0	0	0	0	0	0	1	0	0
A	BL	22	124	1	2	BA1652	24147	8	7	0	0	0	0	0	0	0	0	0
A	BL	22	124	1	2	BA1652	24160	7	8	2	0	1	0	0	0	0	0	0
A	BL	22	124	1	2	BA1652	24167	8	0	0	0	0	0	0	0	1	0	0
A	BL	22	124	1	2	BA1652	24170	8	7	0	0	0	0	0	0	0	0	0
A	BL	22	124	1	2	BA1652	24173	7	8	2	0	1	0	0	0	0	0	0
A	BL	22	124	1	2	BA1652	24180	8	0	0	0	0	0	0	0	1	0	0
A	BL	22	124	1	2	BA1652	24183	8	7	0	0	0	0	0	0	0	0	0
A	BL	22	124	1	2	BA1652	24184	7	8	2	0	1	0	0	0	0	0	0
A	BL	22	124	1	2	BA1652	24191	8	0	0	0	0	0	0	0	1	0	0
A	BL	22	124	1	2	BA1652	24194	8	7	0	0	0	0	0	0	0	0	0
A	BL	22	124	1	2	BA1652	24197	7	8	2	0	1	0	0	0	0	0	0
A	BL	22	124	1	2	BA1652	24199	8	0	0	0	0	0	0	0	1	0	0
A	BL	22	124	1	2	BA1652	24205	8	0	0	0	1	0	0	0	0	0	0
A	BL	22	124	1	2	BA1652	24207	8	7	0	0	0	0	0	0	0	0	0
A	BL	22	124	1	2	BA1652	24208	7	0	0	0	0	0	0	0	1	0	0
A	BL	22	124	1	2	BA1652	24219	7	8	2	0	1	0	0	0	0	0	0
A	BL	22	124	1	2	BA1652	24229	8	7	0	0	0	0	0	0	0	0	0
A	BL	22	124	1	2	BA1652	24236	7	0	0	0	0	0	0	0	1	0	0
A	BL	22	124	1	2	BA1652	24246	7	8	2	0	1	0	0	0	0	0	0
A	BL	22	124	1	2	BA1652	24256	8	7	0	0	0	0	0	0	0	0	0
A	BL	22	124	1	2	BA1652	24261	7	0	0	0	0	0	0	0	1	0	0
A	BL	22	124	1	2	BA1652	24273	7	8	2	0	1	0	0	0	0	0	0
A	BL	22	124	1	2	BA1652	24277	8	0	0	0	0	0	0	0	1	0	0
A	BL	22	124	1	2	BA1652	24283	8	7	0	0	0	0	0	0	0	0	0
A	BL	22	124	1	2	BA1652	24293	7	8	2	0	1	0	0	0	0	0	0
A	BL	22	124	1	2	BA1652	24303	8	7	0	0	0	0	0	0	0	0	0
A	BL	22	124	1	2	BA1652	24305	7	0	0	0	0	0	0	0	1	0	0
A	BL	22	124	1	2	BA1652	24314	7	8	2	0	1	0	0	0	0	0	0
A	BL	22	124	1	2	BA1652	24318	8	0	0	0	0	0	0	0	1	0	0
A	BL	22	124	1	2	BA1652	24324	8	7	0	0	0	0	0	0	0	0	0
A	BL	22	124	1	2	BA1652	24331	7	8	2	0	1	0	0	0	0	0	0
A	BL	22	124	1	2	BA1652	24341	8	7	0	0	0	0	0	0	0	0	0
A	BL	22	124	1	2	BA1652	24344	7	0	0	0	0	0	0	0	1	0	0
A	BL	22	124	1	2	BA1652	24347	7	8	2	0	1	0	0	0	0	0	0
A	BL	22	124	1	2	BA1652	24357	8	7	0	0	0	0	0	0	0	0	0
A	BL	22	124	1	2	BA1652	24372	7	0	0	0	0	0	0	0	1	0	0
A	BL	22	124	1	2	BA1652	24376	7	8	2	0	1	0	0	0	0	0	0
A	BL	22	124	1	2	BA1652	24386	8	7	0	0	0	0	0	0	0	0	0
A	BL	22	124	1	2	BA1652	24398	7	0	0	0	0	0	0	0	1	0	0
A	BL	22	124	1	2	BA1652	24413	7	8	2	0	1	0	0	0	0	0	0
A	BL	22	124	1	2	BA1652	24423	8	7	0	0	0	0	0	0	1	0	0
A	BL	22	124	1	2	BA1652	24518	7	8	2	0	1	0	0	0	0	0	0
A	BL	22	124	1	2	BA1652	24527	8	0	0	0	0	0	0	0	1	0	0
A	BL	22	124	1	2	BA1652	24528	8	9	0	0	0	0	0	0	0	0	0
A	BL	22	124	1	2	BA1652	24538	9	10	0	0	0	0	0	0	0	0	0
A	BL	22	124	1	2	BA1652	24613	10	2	0	0	0	0	0	0	0	0	0
A	BL	22	124	1	2	BA1652	24614	2	6	0	0	0	0	0	0	0	0	0
A	BL	22	124	1	2	BA1652	24844	6	8	2	0	1	0	0	0	0	0	0
A	BL	22	124	1	2	BA1652	24846	8	0	0	0	0	0	0	0	1	0	0
A	BL	22	124	1	2	BA1652	24854	8	7	0	0	0	0	0	0	0	0	0
A	BL	22	124	1	2	BA1652	24857	7	8	2	0	1	0	0	0	0	0	0
A	BL	22	124	1	2	BA1652	24859	8	0	0	0	0	0	0	0	1	0	0
A	BL	22	124	1	2	BA1652	24867	8	7	0	0	0	0	0	0	0	0	0
A	BL	22	124	1	2	BA1652	24907	7	8	2	0	1	0	0	0	0	0	0
A	BL	22	124	1	2	BA1652	24912	8	0	0	0	0	0	0	0	1	0	0
A	BL	22	124	1	2	BA1652	24917	8	7	0	0	0	0	0	0	0	0	0
A	BL	22	124	1	2	BA1652	24980	7	8	2	0	1	0	0	0	0	0	0
A	BL	22	124	1	2	BA1652	24987	8	0	0	0	0	0	0	0	1	0	0
A	BL	22	124	1	2	BA1652	24990	8	7	0	0	0	0	0	0	0	0	0
A	BL	22	124	1	2	BA1652	25033	7	8	2	0	1	0	0	0	0	0	0
A	BL	22	124	1	2	BA1652	25034	8	0	0	0	0	0	0	0	1	0	0
A	BL	22	124	1	2	BA1652	25043	8	7	0	0	0	0	0	0	0	0	0
A	BL	22	124	1	2	BA1652	25158	7	8	2	0	1	0	0	0	0	0	0
A	BL	22	124	1	2	BA1652	25168	8	7	0	0	0	0	0	0	0	0	0
A	BL	22	124	1	2	BA1652	25171	7	0	0	0	0	0	0	0	1	0	0
A	BL	22	124	1	2	BA1652	25195	7	8	2	0	1	0	0	0	0	0	0
A	BL	22	124	1	2	BA1652	25205	8	7	0	0	0	0	0	0	0	0	0
A	BL	22	124	1	2	BA1652	25210	7	0	0	0	0	0	0	0	1	0	0
A	BL	22	124	1	2	BA1652	25211	7	8	2	0	1	0	0	0	0	0	0
A	BL	22	124	1	2	BA1652	25221	8	7	0	0	0	0	0	0	0	0	0
A	BL	22	124	1	2	BA1652	25239	7	0	0	0	0	0	0	0	1	0	0
A	BL	22	124	1	2	BA1652	25242	7	8	2	0	1	0	0	0	0	0	0
A	BL	22	124	1	2	BA1652	25245	8	0	0	0	0	0	0	0	1	0	0
A	BL	22	124	1	2	BA1652	25252	8	7	0	0	0	0	0	0	0	0	0
A	BL	22	124	1	2	BA1652	25282	7	8	2	0	1	0	0	0	0	0	0
A	BL	22	124	1	2	BA1652	25292	8	7	0	0	0	0	0	0	0	0	0
A	BL	22	124	1	2	BA1652	25297	7	0	0	0	0	0	0	0	1	0	0
A	BL	22	124	1	2	BA1652	25302	7	8	2	0	1	0	0	0	0	0	0
A	BL	22	124	1	2	BA1652	25308	8	0	0	0	0	0	0	0	1	0	0
A	BL	22	124	1	2	BA1652	25312	8	7	0	0	0	0	0	0	0	0	0
A	BL	22	124	1	2	BA1652	25351	7	8	2	0	1	0	0	0	0	0	0
A	BL	22	124	1	2	BA1652	25353	8	0	0	0	0	0	0	0	1	0	0
A	BL	22	124	1	2	BA1652	25358	8	0	0	0	1	0	0	0	0	0	0
A	BL	22	124	1	2	BA1652	25361	8	7	0	0	0	0	0	0	0	0	0
A	BL	22	124	1	2	BA1652	25364	7	0	0	0	0	0	0	0	1	0	0
A	BL	22	124	1	2	BA1652	25367	7	8	2	0	1	0	0	0	0	0	0
A	BL	22	124	1	2	BA1652	25373	8	0	0	0	0	0	0	0	1	0	0
A	BL	22	124	1	2	BA1652	25377	8	7	0	0	0	0	0	0	0	0	0
A	BL	22	124	1	2	BA1652	25390	7	8	2	0	1	0	0	0	0	0	0
A	BL	22	124	1	2	BA1652	25400	8	7	0	0	0	0	0	0	0	0	0
A	BL	22	124	1	2	BA1652	25408	7	0	0	0	0	0	0	0	1	0	0
A	BL	22	124	1	2	BA1652	25431	7	8	2	0	1	0	0	0	0	0	0
A	BL	22	124	1	2	BA1652	25435	8	0	0	0	1	0	0	0	1	0	0
A	BL	22	124	1	2	BA1652	25441	8	7	0	0	0	0	0	0	0	0	0
A	BL	22	124	1	2	BA1652	25450	7	0	0	0	0	0	0	0	1	0	0
A	BL	22	124	1	2	BA1652	25456	7	8	2	0	1	0	0	0	0	0	0
A	BL	22	124	1	2	BA1652	25466	8	7	0	0	0	0	0	0	0	0	0
A	BL	22	124	1	2	BA1652	25469	7	0	0	0	0	0	0	0	1	0	0
A	BL	22	124	1	2	BA1652	25472	7	8	2	0	1	0	0	0	0	0	0
A	BL	22	124	1	2	BA1652	25475	8	0	0	0	0	0	0	0	1	0	0
A	BL	22	124	1	2	BA1652	25479	8	0	0	0	1	0	0	0	0	0	0
A	BL	22	124	1	2	BA1652	25482	8	7	0	0	0	0	0	0	0	0	0
A	BL	22	124	1	2	BA1652	25489	7	0	0	0	0	0	0	0	1	0	0
A	BL	22	124	1	2	BA1652	25490	7	8	2	0	1	0	0	0	0	0	0
A	BL	22	124	1	2	BA1652	25491	8	0	0	0	0	0	0	0	1	0	0
A	BL	22	124	1	2	BA1652	25496	8	0	0	0	1	0	0	0	0	0	0
A	BL	22	124	1	2	BA1652	25500	8	7	0	0	0	0	0	0	0	0	0
A	BL	22	124	1	2	BA1652	25507	7	0	0	0	0	0	0	0	1	0	0
A	BL	22	124	1	2	BA1652	25519	7	8	2	0	1	0	0	0	0	0	0
A	BL	22	124	1	2	BA1652	25529	8	7	0	0	0	0	0	0	1	0	0
A	BL	22	124	1	2	BA1652	25549	7	8	2	0	1	0	0	0	0	0	0
A	BL	22	124	1	2	BA1652	25559	8	9	0	0	0	0	0	0	0	0	0
A	BL	22	124	1	2	BA1652	25569	9	10	0	0	0	0	0	0	0	0	0
A	BL	22	124	1	2	BA1652	25573	10	0	0	0	0	0	0	0	1	0	0
A	BL	22	124	1	2	BA1652	25644	10	2	0	0	0	0	0	0	0	0	0
A	BL	22	124	1	2	BA1652	25645	2	3	0	0	0	0	0	0	0	0	0
A	BL	22	124	1	2	BA1652	25757	3	5	1	1	0	0	0	0	0	0	0
A	BL	22	124	1	2	BA1652	25767	5	4	0	0	0	0	0	0	0	0	0
A	BL	22	124	1	2	BA1652	25771	4	0	0	0	0	0	0	1	0	0	0
A	BL	22	124	1	2	BA1652	25773	4	5	1	1	0	0	0	0	0	0	0
A	BL	22	124	1	2	BA1652	25783	5	4	0	0	0	0	0	0	0	0	0
A	BL	22	124	1	2	BA1652	25788	4	0	0	0	0	0	0	1	0	0	0
A	BL	22	124	1	2	BA1652	25791	4	5	1	1	0	0	0	0	0	0	0
A	BL	22	124	1	2	BA1652	25801	5	4	0	0	0	0	0	0	0	0	0
A	BL	22	124	1	2	BA1652	25823	4	0	0	0	0	0	0	1	0	0	0
A	BL	22	124	1	2	BA1652	25836	4	5	1	1	0	0	0	0	0	0	0
A	BL	22	124	1	2	BA1652	25843	5	0	0	0	0	0	0	1	0	0	0
A	BL	22	124	1	2	BA1652	25846	5	4	0	1	0	0	0	0	0	0	0
A	BL	22	124	1	2	BA1652	25889	4	0	0	0	0	0	0	1	0	0	0
A	BL	22	124	1	2	BA1652	25925	4	5	1	1	0	0	0	0	0	0	0
A	BL	22	124	1	2	BA1652	25928	5	0	0	0	0	0	0	1	0	0	0
A	BL	22	124	1	2	BA1652	25929	5	0	0	1	0	0	0	0	0	0	0
A	BL	22	124	1	2	BA1652	25935	5	9	0	0	0	0	0	0	0	0	0
A	BL	22	124	1	2	BA1652	25944	9	0	0	0	0	0	0	1	0	0	0
A	BL	22	124	1	2	BA1652	25945	9	10	0	0	0	0	0	0	0	0	0
A	BL	22	124	1	2	BA1652	26020	10	2	0	0	0	0	0	0	0	0	0
A	BL	22	124	1	2	BA1652	26021	2	3	0	0	0	0	0	0	0	0	0
A	BL	22	124	1	2	BA1652	26095	3	5	1	1	0	0	0	0	0	0	0
A	BL	22	124	1	2	BA1652	26105	5	4	0	0	0	0	0	0	0	0	0
A	BL	22	124	1	2	BA1652	26112	4	5	1	1	0	0	0	1	0	0	0
A	BL	22	124	1	2	BA1652	26122	5	4	0	0	0	0	0	0	0	0	0
A	BL	22	124	1	2	BA1652	26127	4	0	0	0	0	0	0	1	0	0	0
A	BL	22	124	1	2	BA1652	26131	4	5	1	1	0	0	0	0	0	0	0
A	BL	22	124	1	2	BA1652	26141	5	4	0	0	0	0	0	0	0	0	0
A	BL	22	124	1	2	BA1652	26145	4	0	0	0	0	0	0	1	0	0	0
A	BL	22	124	1	2	BA1652	26150	4	5	1	1	0	0	0	0	0	0	0
A	BL	22	124	1	2	BA1652	26160	5	4	0	0	0	0	0	0	0	0	0
A	BL	22	124	1	2	BA1652	26224	4	0	0	0	0	0	0	1	0	0	0
A	BL	22	124	1	2	BA1652	26230	4	5	1	1	0	0	0	0	0	0	0
A	BL	22	124	1	2	BA1652	26240	5	9	0	0	0	0	0	0	0	0	0
A	BL	22	124	1	2	BA1652	26246	9	0	0	0	0	0	0	1	0	0	0
A	BL	22	124	1	2	BA1652	26250	9	10	0	0	0	0	0	0	0	0	0
A	BL	22	124	1	2	BA1652	26325	10	2	0	0	0	0	0	0	0	0	0
A	BL	22	124	1	2	BA1652	26326	2	3	0	0	0	0	0	0	0	0	0
A	BL	22	124	1	2	BA1652	26436	3	5	1	1	0	0	0	0	0	0	0
A	BL	22	124	1	2	BA1652	26446	5	4	0	0	0	0	0	0	0	0	0
A	BL	22	124	1	2	BA1652	26468	4	0	0	0	0	0	0	1	0	0	0
A	BL	22	124	1	2	BA1652	26471	4	5	1	1	0	0	0	0	0	0	0
A	BL	22	124	1	2	BA1652	26481	5	4	0	0	0	0	0	0	0	0	0
A	BL	22	124	1	2	BA1652	26484	4	0	0	0	0	0	0	1	0	0	0
A	BL	22	124	1	2	BA1652	26495	4	5	1	1	0	0	0	0	0	0	0
A	BL	22	124	1	2	BA1652	26505	5	4	0	0	0	0	0	0	0	0	0
A	BL	22	124	1	2	BA1652	26555	4	0	0	0	0	0	0	1	0	0	0
A	BL	22	124	1	2	BA1652	26586	4	5	1	1	0	0	0	0	0	0	0
A	BL	22	124	1	2	BA1652	26596	5	4	0	0	0	0	0	0	0	0	0
A	BL	22	124	1	2	BA1652	26625	4	0	0	0	0	0	0	1	0	0	0
A	BL	22	124	1	2	BA1652	26628	4	5	1	1	0	0	0	0	0	0	0
A	BL	22	124	1	2	BA1652	26630	5	0	0	0	0	0	0	1	0	0	0
A	BL	22	124	1	2	BA1652	26638	5	9	0	0	0	0	0	0	0	0	0
A	BL	22	124	1	2	BA1652	26639	9	0	0	1	0	0	0	0	0	0	0
A	BL	22	124	1	2	BA1652	26641	9	0	0	0	0	0	0	1	0	0	0
A	BL	22	124	1	2	BA1652	26644	9	0	0	1	0	0	0	0	0	0	0
A	BL	22	124	1	2	BA1652	26648	9	10	0	0	0	0	0	0	0	0	0
A	BL	22	124	1	2	BA1652	26649	10	0	0	0	0	0	0	1	0	0	0
A	BL	22	124	1	2	BA1652	26723	10	2	0	0	0	0	0	0	0	0	0
A	BL	22	124	1	2	BA1652	26724	2	6	0	0	0	0	0	0	0	0	0
A	BL	22	124	1	2	BA1652	27029	6	8	2	0	1	0	0	0	0	0	0
A	BL	22	124	1	2	BA1652	27039	8	7	0	0	0	0	0	0	0	0	0
A	BL	22	124	1	2	BA1652	27076	7	0	0	0	0	0	0	0	1	0	0
A	BL	22	124	1	2	BA1652	27126	7	8	2	0	1	0	0	0	0	0	0
A	BL	22	124	1	2	BA1652	27134	8	0	0	0	0	0	0	0	1	0	0
A	BL	22	124	1	2	BA1652	27136	8	7	0	0	0	0	0	0	0	0	0
A	BL	22	124	1	2	BA1652	27221	7	8	2	0	1	0	0	0	0	0	0
A	BL	22	124	1	2	BA1652	27227	8	0	0	0	0	0	0	0	1	0	0
A	BL	22	124	1	2	BA1652	27231	8	7	0	0	0	0	0	0	0	0	0
A	BL	22	124	1	2	BA1652	27245	7	8	2	0	1	0	0	0	0	0	0
A	BL	22	124	1	2	BA1652	27255	8	7	0	0	0	0	0	0	0	0	0
A	BL	22	124	1	2	BA1652	27289	7	0	0	0	0	0	0	0	1	0	0
A	BL	22	124	1	2	BA1652	27336	7	8	2	0	1	0	0	0	0	0	0
A	BL	22	124	1	2	BA1652	27346	8	7	0	0	0	0	0	0	0	0	0
A	BL	22	124	1	2	BA1652	27349	7	0	0	0	0	0	0	0	1	0	0
A	BL	22	124	1	2	BA1652	27442	7	8	2	0	1	0	0	0	0	0	0
A	BL	22	124	1	2	BA1652	27445	8	0	0	0	0	0	0	0	1	0	0
A	BL	22	124	1	2	BA1652	27452	8	7	0	0	0	0	0	0	0	0	0
A	BL	22	124	1	2	BA1652	27457	7	8	2	0	1	0	0	0	0	0	0
A	BL	22	124	1	2	BA1652	27459	8	0	0	0	0	0	0	0	1	0	0
A	BL	22	124	1	2	BA1652	27467	8	7	0	0	0	0	0	0	0	0	0
A	BL	22	124	1	2	BA1652	27470	7	8	2	0	1	0	0	0	0	0	0
A	BL	22	124	1	2	BA1652	27480	8	7	0	0	0	0	0	0	0	0	0
A	BL	22	124	1	2	BA1652	27528	7	0	0	0	0	0	0	0	1	0	0
A	BL	22	124	1	2	BA1652	27532	7	8	2	0	1	0	0	0	0	0	0
A	BL	22	124	1	2	BA1652	27538	8	0	0	0	0	0	0	0	1	0	0
A	BL	22	124	1	2	BA1652	27542	8	7	0	0	0	0	0	0	0	0	0
A	BL	22	124	1	2	BA1652	27545	7	8	2	0	1	0	0	0	0	0	0
A	BL	22	124	1	2	BA1652	27546	8	0	0	0	0	0	0	0	1	0	0
A	BL	22	124	1	2	BA1652	27555	8	7	0	0	0	0	0	0	0	0	0
A	BL	22	124	1	2	BA1652	27556	7	8	2	0	1	0	0	0	0	0	0
A	BL	22	124	1	2	BA1652	27566	8	7	0	0	0	0	0	0	0	0	0
A	BL	22	124	1	2	BA1652	27569	7	0	0	0	0	0	0	0	1	0	0
A	BL	22	124	1	2	BA1652	27575	7	8	2	0	1	0	0	0	0	0	0
A	BL	22	124	1	2	BA1652	27585	8	7	0	0	0	0	0	0	0	0	0
A	BL	22	124	1	2	BA1652	27590	7	0	0	0	0	0	0	0	1	0	0
A	BL	22	124	1	2	BA1652	27601	7	8	2	0	1	0	0	0	0	0	0
A	BL	22	124	1	2	BA1652	27609	8	0	0	0	0	0	0	0	1	0	0
A	BL	22	124	1	2	BA1652	27610	8	0	0	0	1	0	0	0	0	0	0
A	BL	22	124	1	2	BA1652	27611	8	7	0	0	0	0	0	0	0	0	0
A	BL	22	124	1	2	BA1652	27626	7	0	0	0	0	0	0	0	1	0	0
A	BL	22	124	1	2	BA1652	27632	7	8	2	0	1	0	0	0	0	0	0
A	BL	22	124	1	2	BA1652	27639	8	0	0	0	0	0	0	0	1	0	0
A	BL	22	124	1	2	BA1652	27642	8	7	0	0	0	0	0	0	0	0	0
A	BL	22	124	1	2	BA1652	27644	7	8	2	0	1	0	0	0	0	0	0
A	BL	22	124	1	2	BA1652	27646	8	0	0	0	0	0	0	0	1	0	0
A	BL	22	124	1	2	BA1652	27650	8	0	0	0	1	0	0	0	0	0	0
A	BL	22	124	1	2	BA1652	27652	8	0	0	0	0	0	0	0	1	0	0
A	BL	22	124	1	2	BA1652	27654	8	7	0	0	0	0	0	0	0	0	0
A	BL	22	124	1	2	BA1652	27658	7	8	2	0	1	0	0	0	0	0	0
A	BL	22	124	1	2	BA1652	27668	8	7	0	0	0	0	0	0	0	0	0
A	BL	22	124	1	2	BA1652	27669	7	0	0	0	0	0	0	0	1	0	0
A	BL	22	124	1	2	BA1652	27674	7	8	2	0	1	0	0	0	0	0	0
A	BL	22	124	1	2	BA1652	27675	8	0	0	0	0	0	0	0	1	0	0
A	BL	22	124	1	2	BA1652	27684	8	7	0	0	0	0	0	0	0	0	0
A	BL	22	124	1	2	BA1652	27693	7	8	2	0	1	0	0	0	0	0	0
A	BL	22	124	1	2	BA1652	27696	8	0	0	0	0	0	0	0	1	0	0
A	BL	22	124	1	2	BA1652	27697	8	0	0	0	1	0	0	0	0	0	0
A	BL	22	124	1	2	BA1652	27703	8	7	0	0	0	0	0	0	0	0	0
A	BL	22	124	1	2	BA1652	27709	7	0	0	0	0	0	0	0	1	0	0
A	BL	22	124	1	2	BA1652	27718	7	8	2	0	1	0	0	0	0	0	0
A	BL	22	124	1	2	BA1652	27728	8	7	0	0	0	0	0	0	1	0	0
A	BL	22	124	1	2	BA1652	27731	7	8	2	0	1	0	0	0	0	0	0
A	BL	22	124	1	2	BA1652	27735	8	0	0	0	0	0	0	0	1	0	0
A	BL	22	124	1	2	BA1652	27740	8	0	0	0	1	0	0	0	0	0	0
A	BL	22	124	1	2	BA1652	27741	8	9	0	0	0	0	0	0	0	0	0
A	BL	22	124	1	2	BA1652	27745	9	0	0	0	0	0	0	0	1	0	0
A	BL	22	124	1	2	BA1652	27751	9	10	0	0	0	0	0	0	0	0	0
A	BL	22	124	1	2	BA1652	27760	10	0	0	0	1	0	0	0	0	0	0
A	BL	22	124	1	2	BA1652	27762	10	0	0	0	0	0	0	0	1	0	0
A	BL	22	124	1	2	BA1652	27826	10	2	0	0	0	0	0	0	0	0	0
A	BL	22	124	1	2	BA1652	27827	2	6	0	0	0	0	0	0	0	0	0
A	BL	22	124	1	2	BA1652	28044	6	8	2	0	1	0	0	0	0	0	0
A	BL	22	124	1	2	BA1652	28054	8	7	0	0	0	0	0	0	0	0	0
A	BL	22	124	1	2	BA1652	28058	7	0	0	0	0	0	0	0	1	0	0
A	BL	22	124	1	2	BA1652	28099	7	8	2	0	1	0	0	0	0	0	0
A	BL	22	124	1	2	BA1652	28109	8	7	0	0	0	0	0	0	0	0	0
A	BL	22	124	1	2	BA1652	28112	7	0	0	0	0	0	0	0	1	0	0
A	BL	22	124	1	2	BA1652	28125	7	8	2	0	1	0	0	0	0	0	0
A	BL	22	124	1	2	BA1652	28135	8	7	0	0	0	0	0	0	1	0	0
A	BL	22	124	1	2	BA1652	28189	7	8	2	0	1	0	0	0	0	0	0
A	BL	22	124	1	2	BA1652	28191	8	0	0	0	0	0	0	0	1	0	0
A	BL	22	124	1	2	BA1652	28199	8	7	0	0	0	0	0	0	0	0	0
A	BL	22	124	1	2	BA1652	28295	7	8	2	0	1	0	0	0	0	0	0
A	BL	22	124	1	2	BA1652	28302	8	0	0	0	0	0	0	0	1	0	0
A	BL	22	124	1	2	BA1652	28305	8	7	0	0	0	0	0	0	0	0	0
A	BL	22	124	1	2	BA1652	28306	7	8	2	0	1	0	0	0	0	0	0
A	BL	22	124	1	2	BA1652	28316	8	7	0	0	0	0	0	0	0	0	0
A	BL	22	124	1	2	BA1652	28319	7	0	0	0	0	0	0	0	1	0	0
A	BL	22	124	1	2	BA1652	28366	7	8	2	0	1	0	0	0	0	0	0
A	BL	22	124	1	2	BA1652	28376	8	7	0	0	0	0	0	0	0	0	0
A	BL	22	124	1	2	BA1652	28395	7	0	0	0	0	0	0	0	1	0	0
A	BL	22	124	1	2	BA1652	28402	7	8	2	0	1	0	0	0	0	0	0
A	BL	22	124	1	2	BA1652	28412	8	7	0	0	0	0	0	0	0	0	0
A	BL	22	124	1	2	BA1652	28438	7	0	0	0	0	0	0	0	1	0	0
A	BL	22	124	1	2	BA1652	28527	7	8	2	0	1	0	0	0	0	0	0
A	BL	22	124	1	2	BA1652	28537	8	7	0	0	0	0	0	0	0	0	0
A	BL	22	124	1	2	BA1652	28580	7	0	0	0	0	0	0	0	1	0	0
A	BL	22	124	1	2	BA1652	28588	7	8	2	0	1	0	0	0	0	0	0
A	BL	22	124	1	2	BA1652	28598	8	7	0	0	0	0	0	0	0	0	0
A	BL	22	124	1	2	BA1652	28618	7	0	0	0	0	0	0	0	1	0	0
A	BL	22	124	1	2	BA1652	28640	7	8	2	0	1	0	0	0	0	0	0
A	BL	22	124	1	2	BA1652	28649	8	0	0	0	0	0	0	0	1	0	0
A	BL	22	124	1	2	BA1652	28650	8	7	0	0	0	0	0	0	0	0	0
A	BL	22	124	1	2	BA1652	28739	7	8	2	0	1	0	0	0	0	0	0
A	BL	22	124	1	2	BA1652	28749	8	7	0	0	0	0	0	0	0	0	0
A	BL	22	124	1	2	BA1652	28754	7	0	0	0	0	0	0	0	1	0	0
A	BL	22	124	1	2	BA1652	28757	7	8	2	0	1	0	0	0	0	0	0
A	BL	22	124	1	2	BA1652	28764	8	0	0	0	0	0	0	0	1	0	0
A	BL	22	124	1	2	BA1652	28766	8	0	0	0	1	0	0	0	0	0	0
A	BL	22	124	1	2	BA1652	28767	8	7	0	0	0	0	0	0	0	0	0
A	BL	22	124	1	2	BA1652	28774	7	0	0	0	0	0	0	0	1	0	0
A	BL	22	124	1	2	BA1652	28777	7	8	2	0	1	0	0	0	0	0	0
A	BL	22	124	1	2	BA1652	28784	8	0	0	0	0	0	0	0	1	0	0
A	BL	22	124	1	2	BA1652	28787	8	7	0	0	1	0	0	0	0	0	0
A	BL	22	124	1	2	BA1652	28812	7	0	0	0	0	0	0	0	1	0	0
A	BL	22	124	1	2	BA1652	29047	7	8	2	0	1	0	0	0	0	0	0
A	BL	22	124	1	2	BA1652	29057	8	7	0	0	0	0	0	0	0	0	0
A	BL	22	124	1	2	BA1652	29059	7	0	0	0	0	0	0	0	1	0	0
A	BL	22	124	1	2	BA1652	29062	7	8	2	0	1	0	0	0	0	0	0
A	BL	22	124	1	2	BA1652	29068	8	0	0	0	0	0	0	0	1	0	0
A	BL	22	124	1	2	BA1652	29072	8	7	0	0	0	0	0	0	0	0	0
A	BL	22	124	1	2	BA1652	29080	7	8	2	0	1	0	0	0	0	0	0
A	BL	22	124	1	2	BA1652	29086	8	0	0	0	0	0	0	0	1	0	0
A	BL	22	124	1	2	BA1652	29090	8	7	0	0	0	0	0	0	0	0	0
A	BL	22	124	1	2	BA1652	29163	7	8	2	0	1	0	0	0	0	0	0
A	BL	22	124	1	2	BA1652	29173	8	7	0	0	0	0	0	0	0	0	0
A	BL	22	124	1	2	BA1652	29177	7	0	0	0	0	0	0	0	1	0	0
A	BL	22	124	1	2	BA1652	29184	7	8	2	0	1	0	0	0	0	0	0
A	BL	22	124	1	2	BA1652	29188	8	0	0	0	0	0	0	0	1	0	0
A	BL	22	124	1	2	BA1652	29194	8	7	0	0	0	0	0	0	0	0	0
A	BL	22	124	1	2	BA1652	29203	7	8	2	0	1	0	0	0	0	0	0
A	BL	22	124	1	2	BA1652	29213	8	9	0	0	0	0	0	0	0	0	0
A	BL	22	124	1	2	BA1652	29220	9	0	0	0	0	0	0	0	1	0	0
A	BL	22	124	1	2	BA1652	29223	9	10	0	0	0	0	0	0	0	0	0
A	BL	22	124	1	2	BA1652	29298	10	2	0	0	0	0	0	0	0	0	0
A	BL	22	124	1	2	BA1652	29299	2	6	0	0	0	0	0	0	0	0	0
A	BL	22	124	1	2	BA1652	29616	6	8	2	0	1	0	0	0	0	0	0
A	BL	22	124	1	2	BA1652	29626	8	7	0	0	0	0	0	0	0	0	0
A	BL	22	124	1	2	BA1652	29628	7	0	0	0	0	0	0	0	1	0	0
A	BL	22	124	1	2	BA1652	29634	7	8	2	0	1	0	0	0	0	0	0
A	BL	22	124	1	2	BA1652	29636	8	0	0	0	0	0	0	0	1	0	0
A	BL	22	124	1	2	BA1652	29643	8	0	0	0	1	0	0	0	0	0	0
A	BL	22	124	1	2	BA1652	29644	8	7	0	0	0	0	0	0	0	0	0
A	BL	22	124	1	2	BA1652	29655	7	0	0	0	0	0	0	0	1	0	0
A	BL	22	124	1	2	BA1652	29670	7	8	2	0	1	0	0	0	0	0	0
A	BL	22	124	1	2	BA1652	29679	8	0	0	0	0	0	0	0	1	0	0
A	BL	22	124	1	2	BA1652	29680	8	7	0	0	0	0	0	0	0	0	0
A	BL	22	124	1	2	BA1652	29686	7	8	2	0	1	0	0	0	0	0	0
A	BL	22	124	1	2	BA1652	29696	8	7	0	0	0	0	0	0	0	0	0
A	BL	22	124	1	2	BA1652	29697	7	0	0	0	0	0	0	0	1	0	0
A	BL	22	124	1	2	BA1652	29703	7	8	2	0	1	0	0	0	0	0	0
A	BL	22	124	1	2	BA1652	29705	8	0	0	0	0	0	0	0	1	0	0
A	BL	22	124	1	2	BA1652	29711	8	0	0	0	1	0	0	0	0	0	0
A	BL	22	124	1	2	BA1652	29713	8	7	0	0	0	0	0	0	0	0	0
A	BL	22	124	1	2	BA1652	29723	7	0	0	0	0	0	0	0	1	0	0
A	BL	22	124	1	2	BA1652	29730	7	8	2	0	1	0	0	0	0	0	0
A	BL	22	124	1	2	BA1652	29740	8	7	0	0	0	0	0	0	0	0	0
A	BL	22	124	1	2	BA1652	29745	7	0	0	0	0	0	0	0	1	0	0
A	BL	22	124	1	2	BA1652	29759	7	8	2	0	1	0	0	0	0	0	0
A	BL	22	124	1	2	BA1652	29764	8	0	0	0	0	0	0	0	1	0	0
A	BL	22	124	1	2	BA1652	29769	8	7	0	0	0	0	0	0	0	0	0
A	BL	22	124	1	2	BA1652	29771	7	8	2	0	1	0	0	0	0	0	0
A	BL	22	124	1	2	BA1652	29776	8	0	0	0	0	0	0	0	1	0	0
A	BL	22	124	1	2	BA1652	29779	8	0	0	0	1	0	0	0	0	0	0
A	BL	22	124	1	2	BA1652	29781	8	7	0	0	0	0	0	0	0	0	0
A	BL	22	124	1	2	BA1652	29784	7	0	0	0	0	0	0	0	1	0	0
A	BL	22	124	1	2	BA1652	29838	7	8	2	0	1	0	0	0	0	0	0
A	BL	22	124	1	2	BA1652	29848	8	7	0	0	0	0	0	0	1	0	0
A	BL	22	124	1	2	BA1652	29889	7	8	2	0	1	0	0	0	0	0	0
A	BL	22	124	1	2	BA1652	29899	8	7	0	0	0	0	0	0	0	0	0
A	BL	22	124	1	2	BA1652	29901	7	0	0	0	0	0	0	0	1	0	0
A	BL	22	124	1	2	BA1652	29905	7	8	2	0	1	0	0	0	0	0	0
A	BL	22	124	1	2	BA1652	29908	8	0	0	0	0	0	0	0	1	0	0
A	BL	22	124	1	2	BA1652	29915	8	7	0	0	1	0	0	0	0	0	0
A	BL	22	124	1	2	BA1652	29917	7	0	0	0	0	0	0	0	1	0	0
A	BL	22	124	1	2	BA1652	29922	7	8	2	0	1	0	0	0	0	0	0
A	BL	22	124	1	2	BA1652	29932	8	7	0	0	0	0	0	0	1	0	0
A	BL	22	124	1	2	BA1652	29991	7	8	2	0	1	0	0	0	0	0	0
A	BL	22	124	1	2	BA1652	29998	8	0	0	0	0	0	0	0	1	0	0
A	BL	22	124	1	2	BA1652	30001	8	7	0	0	1	0	0	0	0	0	0
A	BL	22	124	1	2	BA1652	30010	7	0	0	0	0	0	0	0	1	0	0
A	BL	22	124	1	2	BA1652	30016	7	8	2	0	1	0	0	0	0	0	0
A	BL	22	124	1	2	BA1652	30021	8	0	0	0	0	0	0	0	1	0	0
A	BL	22	124	1	2	BA1652	30024	8	0	0	0	1	0	0	0	0	0	0
A	BL	22	124	1	2	BA1652	30026	8	7	0	0	0	0	0	0	0	0	0
A	BL	22	124	1	2	BA1652	30034	7	0	0	0	0	0	0	0	1	0	0
A	BL	22	124	1	2	BA1652	30047	7	8	2	0	1	0	0	0	0	0	0
A	BL	22	124	1	2	BA1652	30052	8	0	0	0	0	0	0	0	1	0	0
A	BL	22	124	1	2	BA1652	30055	8	0	0	0	1	0	0	0	0	0	0
A	BL	22	124	1	2	BA1652	30057	8	7	0	0	0	0	0	0	0	0	0
A	BL	22	124	1	2	BA1652	30065	7	0	0	0	0	0	0	0	1	0	0
A	BL	22	124	1	2	BA1652	30129	7	8	2	0	1	0	0	0	0	0	0
A	BL	22	124	1	2	BA1652	30139	8	7	0	0	0	0	0	0	0	0	0
A	BL	22	124	1	2	BA1652	30153	7	0	0	0	0	0	0	0	1	0	0
A	BL	22	124	1	2	BA1652	30156	7	8	2	0	1	0	0	0	0	0	0
A	BL	22	124	1	2	BA1652	30166	8	7	0	0	0	0	0	0	0	0	0
A	BL	22	124	1	2	BA1652	30174	7	0	0	0	0	0	0	0	1	0	0
A	BL	22	124	1	2	BA1652	30176	7	8	2	0	1	0	0	0	0	0	0
A	BL	22	124	1	2	BA1652	30186	8	7	0	0	0	0	0	0	0	0	0
A	BL	22	124	1	2	BA1652	30215	7	0	0	0	0	0	0	0	1	0	0
A	BL	22	124	1	2	BA1652	30233	7	8	2	0	1	0	0	0	0	0	0
A	BL	22	124	1	2	BA1652	30239	8	0	0	0	0	0	0	0	1	0	0
A	BL	22	124	1	2	BA1652	30242	8	0	0	0	1	0	0	0	0	0	0
A	BL	22	124	1	2	BA1652	30243	8	7	0	0	0	0	0	0	0	0	0
A	BL	22	124	1	2	BA1652	30292	7	0	0	0	0	0	0	0	1	0	0
A	BL	22	124	1	2	BA1652	30296	7	8	2	0	1	0	0	0	0	0	0
A	BL	22	124	1	2	BA1652	30304	8	0	0	0	0	0	0	0	1	0	0
A	BL	22	124	1	2	BA1652	30306	8	9	0	0	0	0	0	0	0	0	0
A	BL	22	124	1	2	BA1652	30316	9	10	0	0	0	0	0	0	0	0	0
A	BL	22	124	1	2	BA1652	30391	10	2	0	0	0	0	0	0	0	0	0
A	BL	22	124	1	2	BA1652	30392	2	3	0	0	0	0	0	0	0	0	0
A	BL	22	124	1	2	BA1652	30529	3	5	1	1	0	0	0	0	0	0	0
A	BL	22	124	1	2	BA1652	30535	5	0	0	0	0	0	0	1	0	0	0
A	BL	22	124	1	2	BA1652	30539	5	4	0	0	0	0	0	0	0	0	0
A	BL	22	124	1	2	BA1652	30540	4	5	1	1	0	0	0	0	0	0	0
A	BL	22	124	1	2	BA1652	30550	5	4	0	0	0	0	0	0	0	0	0
A	BL	22	124	1	2	BA1652	30553	4	0	0	0	0	0	0	1	0	0	0
A	BL	22	124	1	2	BA1652	30557	4	5	1	1	0	0	0	0	0	0	0
A	BL	22	124	1	2	BA1652	30567	5	4	0	0	0	0	0	0	0	0	0
A	BL	22	124	1	2	BA1652	30568	4	0	0	0	0	0	0	1	0	0	0
A	BL	22	124	1	2	BA1652	30571	4	5	1	1	0	0	0	0	0	0	0
A	BL	22	124	1	2	BA1652	30580	5	0	0	0	0	0	0	1	0	0	0
A	BL	22	124	1	2	BA1652	30581	5	4	0	0	0	0	0	0	0	0	0
A	BL	22	124	1	2	BA1652	30587	4	5	1	1	0	0	0	0	0	0	0
A	BL	22	124	1	2	BA1652	30597	5	9	0	0	0	0	0	0	0	0	0
A	BL	22	124	1	2	BA1652	30604	9	0	0	0	0	0	0	1	0	0	0
A	BL	22	124	1	2	BA1652	30607	9	10	0	0	0	0	0	0	0	0	0
A	BL	22	124	1	2	BA1652	30682	10	2	0	0	0	0	0	0	0	0	0
A	BL	22	124	1	2	BA1652	30683	2	3	0	0	0	0	0	0	0	0	0
A	BL	22	124	1	2	BA1652	30780	3	5	1	1	0	0	0	0	0	0	0
A	BL	22	124	1	2	BA1652	30790	5	4	0	0	0	0	0	0	0	0	0
A	BL	22	124	1	2	BA1652	30810	4	0	0	0	0	0	0	1	0	0	0
A	BL	22	124	1	2	BA1652	30812	4	5	1	1	0	0	0	0	0	0	0
A	BL	22	124	1	2	BA1652	30819	5	0	0	0	0	0	0	1	0	0	0
A	BL	22	124	1	2	BA1652	30822	5	4	0	0	0	0	0	0	0	0	0
A	BL	22	124	1	2	BA1652	30826	4	5	1	1	0	0	0	0	0	0	0
A	BL	22	124	1	2	BA1652	30833	5	0	0	0	0	0	0	1	0	0	0
A	BL	22	124	1	2	BA1652	30836	5	4	0	0	0	0	0	0	0	0	0
A	BL	22	124	1	2	BA1652	30837	4	5	1	1	0	0	0	0	0	0	0
A	BL	22	124	1	2	BA1652	30847	5	4	0	0	0	0	0	0	0	0	0
A	BL	22	124	1	2	BA1652	30861	4	0	0	0	0	0	0	1	0	0	0
A	BL	22	124	1	2	BA1652	30866	4	5	1	1	0	0	0	0	0	0	0
A	BL	22	124	1	2	BA1652	30876	5	9	0	0	0	0	0	0	0	0	0
A	BL	22	124	1	2	BA1652	30881	9	0	0	0	0	0	0	1	0	0	0
A	BL	22	124	1	2	BA1652	30884	9	0	0	1	0	0	0	0	0	0	0
A	BL	22	124	1	2	BA1652	30886	9	10	0	0	0	0	0	0	0	0	0
A	BL	22	124	1	2	BA1652	30888	10	0	0	0	0	0	0	1	0	0	0
A	BL	22	124	1	2	BA1652	30961	10	2	0	0	0	0	0	0	0	0	0
A	BL	22	124	1	2	BA1652	30962	2	3	0	0	0	0	0	0	0	0	0
A	BL	22	124	1	2	BA1652	31094	3	5	1	1	0	0	0	0	0	0	0
A	BL	22	124	1	2	BA1652	31104	5	4	0	0	0	0	0	0	0	0	0
A	BL	22	124	1	2	BA1652	31123	4	0	0	0	0	0	0	1	0	0	0
A	BL	22	124	1	2	BA1652	31124	4	5	1	1	0	0	0	0	0	0	0
A	BL	22	124	1	2	BA1652	31134	5	4	0	0	0	0	0	0	0	0	0
A	BL	22	124	1	2	BA1652	31138	4	5	1	1	0	0	0	1	0	0	0
A	BL	22	124	1	2	BA1652	31147	5	0	0	0	0	0	0	1	0	0	0
A	BL	22	124	1	2	BA1652	31148	5	4	0	0	0	0	0	0	0	0	0
A	BL	22	124	1	2	BA1652	31150	4	5	1	1	0	0	0	0	0	0	0
A	BL	22	124	1	2	BA1652	31160	5	4	0	0	0	0	0	0	0	0	0
A	BL	22	124	1	2	BA1652	31200	4	0	0	0	0	0	0	1	0	0	0
A	BL	22	124	1	2	BA1652	31204	4	5	1	1	0	0	0	0	0	0	0
A	BL	22	124	1	2	BA1652	31211	5	0	0	0	0	0	0	1	0	0	0
A	BL	22	124	1	2	BA1652	31214	5	9	0	1	0	0	0	0	0	0	0
A	BL	22	124	1	2	BA1652	31219	9	0	0	0	0	0	0	1	0	0	0
A	BL	22	124	1	2	BA1652	31222	9	0	0	1	0	0	0	0	0	0	0
A	BL	22	124	1	2	BA1652	31224	9	10	0	0	0	0	0	0	0	0	0
A	BL	22	124	1	2	BA1652	31227	10	0	0	0	0	0	0	1	0	0	0
A	BL	22	124	1	2	BA1652	31299	10	2	0	0	0	0	0	0	0	0	0
A	BL	22	124	1	2	BA1652	31300	2	6	0	0	0	0	0	0	0	0	0
A	BL	22	124	1	2	BA1652	31347	6	0	0	1	0	0	0	0	0	0	0
A	BL	22	124	1	2	BA1652	31350	6	0	0	0	0	0	0	1	0	0	0
A	BL	22	124	1	2	BA1652	31357	6	0	0	1	0	0	0	0	0	0	0
A	BL	22	124	1	2	BA1652	31372	6	0	0	0	0	0	0	1	0	0	0
A	BL	22	124	1	2	BA1652	31646	6	8	2	0	1	0	0	0	0	0	0
A	BL	22	124	1	2	BA1652	31656	8	7	0	0	0	0	0	0	0	0	0
A	BL	22	124	1	2	BA1652	31661	7	0	0	0	0	0	0	0	1	0	0
A	BL	22	124	1	2	BA1652	31682	7	8	2	0	1	0	0	0	0	0	0
A	BL	22	124	1	2	BA1652	31690	8	0	0	0	0	0	0	0	1	0	0
A	BL	22	124	1	2	BA1652	31692	8	7	0	0	0	0	0	0	0	0	0
A	BL	22	124	1	2	BA1652	31871	7	8	2	0	1	0	0	0	0	0	0
A	BL	22	124	1	2	BA1652	31880	8	0	0	0	0	0	0	0	1	0	0
A	BL	22	124	1	2	BA1652	31881	8	7	0	0	0	0	0	0	0	0	0
A	BL	22	124	1	2	BA1652	31890	7	8	2	0	1	0	0	0	0	0	0
A	BL	22	124	1	2	BA1652	31900	8	7	0	0	0	0	0	0	0	0	0
A	BL	22	124	1	2	BA1652	31901	7	0	0	0	0	0	0	0	1	0	0
A	BL	22	124	1	2	BA1652	31908	7	8	2	0	1	0	0	0	0	0	0
A	BL	22	124	1	2	BA1652	31914	8	0	0	0	0	0	0	0	1	0	0
A	BL	22	124	1	2	BA1652	31915	8	0	0	0	1	0	0	0	0	0	0
A	BL	22	124	1	2	BA1652	31918	8	7	0	0	0	0	0	0	0	0	0
A	BL	22	124	1	2	BA1652	31949	7	0	0	0	0	0	0	0	1	0	0
A	BL	22	124	1	2	BA1652	31979	7	8	2	0	1	0	0	0	0	0	0
A	BL	22	124	1	2	BA1652	31989	8	7	0	0	0	0	0	0	0	0	0
A	BL	22	124	1	2	BA1652	31992	7	0	0	0	0	0	0	0	1	0	0
A	BL	22	124	1	2	BA1652	32071	7	8	2	0	1	0	0	0	0	0	0
A	BL	22	124	1	2	BA1652	32078	8	0	0	0	0	0	0	0	1	0	0
A	BL	22	124	1	2	BA1652	32081	8	7	0	0	0	0	0	0	0	0	0
A	BL	22	124	1	2	BA1652	32088	7	8	2	0	1	0	0	0	0	0	0
A	BL	22	124	1	2	BA1652	32092	8	0	0	0	0	0	0	0	1	0	0
A	BL	22	124	1	2	BA1652	32098	8	7	0	0	0	0	0	0	0	0	0
A	BL	22	124	1	2	BA1652	32099	7	8	2	0	1	0	0	0	0	0	0
A	BL	22	124	1	2	BA1652	32109	8	7	0	0	0	0	0	0	0	0	0
A	BL	22	124	1	2	BA1652	32111	7	0	0	0	0	0	0	0	1	0	0
A	BL	22	124	1	2	BA1652	32115	7	8	2	0	1	0	0	0	0	0	0
A	BL	22	124	1	2	BA1652	32121	8	0	0	0	0	0	0	0	1	0	0
A	BL	22	124	1	2	BA1652	32125	8	7	0	0	0	0	0	0	0	0	0
A	BL	22	124	1	2	BA1652	32138	7	8	2	0	1	0	0	0	0	0	0
A	BL	22	124	1	2	BA1652	32148	8	7	0	0	0	0	0	0	1	0	0
A	BL	22	124	1	2	BA1652	32169	7	8	2	0	1	0	0	0	0	0	0
A	BL	22	124	1	2	BA1652	32174	8	0	0	0	0	0	0	0	1	0	0
A	BL	22	124	1	2	BA1652	32175	8	0	0	0	1	0	0	0	0	0	0
A	BL	22	124	1	2	BA1652	32179	8	7	0	0	0	0	0	0	0	0	0
A	BL	22	124	1	2	BA1652	32185	7	0	0	0	0	0	0	0	1	0	0
A	BL	22	124	1	2	BA1652	32188	7	8	2	0	1	0	0	0	0	0	0
A	BL	22	124	1	2	BA1652	32198	8	7	0	0	0	0	0	0	0	0	0
A	BL	22	124	1	2	BA1652	32204	7	0	0	0	0	0	0	0	1	0	0
A	BL	22	124	1	2	BA1652	32213	7	8	2	0	1	0	0	0	0	0	0
A	BL	22	124	1	2	BA1652	32214	8	0	0	0	0	0	0	0	1	0	0
A	BL	22	124	1	2	BA1652	32219	8	0	0	0	1	0	0	0	0	0	0
A	BL	22	124	1	2	BA1652	32220	8	0	0	0	0	0	0	0	1	0	0
A	BL	22	124	1	2	BA1652	32223	8	7	0	0	0	0	0	0	0	0	0
A	BL	22	124	1	2	BA1652	32227	7	8	2	0	1	0	0	0	0	0	0
A	BL	22	124	1	2	BA1652	32230	8	0	0	0	0	0	0	0	1	0	0
A	BL	22	124	1	2	BA1652	32233	8	0	0	0	1	0	0	0	0	0	0
A	BL	22	124	1	2	BA1652	32237	8	7	0	0	0	0	0	0	0	0	0
A	BL	22	124	1	2	BA1652	32242	7	0	0	0	0	0	0	0	1	0	0
A	BL	22	124	1	2	BA1652	32245	7	8	2	0	1	0	0	0	0	0	0
A	BL	22	124	1	2	BA1652	32255	8	7	0	0	0	0	0	0	0	0	0
A	BL	22	124	1	2	BA1652	32258	7	0	0	0	0	0	0	0	1	0	0
A	BL	22	124	1	2	BA1652	32356	7	8	2	0	1	0	0	0	0	0	0
A	BL	22	124	1	2	BA1652	32360	8	0	0	0	0	0	0	0	1	0	0
A	BL	22	124	1	2	BA1652	32361	8	0	0	0	1	0	0	0	0	0	0
A	BL	22	124	1	2	BA1652	32363	8	0	0	0	0	0	0	0	1	0	0
A	BL	22	124	1	2	BA1652	32364	8	0	0	0	1	0	0	0	0	0	0
A	BL	22	124	1	2	BA1652	32366	8	7	0	0	0	0	0	0	0	0	0
A	BL	22	124	1	2	BA1652	32386	7	0	0	0	0	0	0	0	1	0	0
A	BL	22	124	1	2	BA1652	32390	7	8	2	0	1	0	0	0	0	0	0
A	BL	22	124	1	2	BA1652	32393	8	0	0	0	0	0	0	0	1	0	0
A	BL	22	124	1	2	BA1652	32397	8	0	0	0	1	0	0	0	0	0	0
A	BL	22	124	1	2	BA1652	32400	8	7	0	0	0	0	0	0	0	0	0
A	BL	22	124	1	2	BA1652	32402	7	0	0	0	0	0	0	0	1	0	0
A	BL	22	124	1	2	BA1652	32407	7	8	2	0	1	0	0	0	0	0	0
A	BL	22	124	1	2	BA1652	32414	8	0	0	0	0	0	0	0	1	0	0
A	BL	22	124	1	2	BA1652	32415	8	0	0	0	1	0	0	0	0	0	0
A	BL	22	124	1	2	BA1652	32417	8	7	0	0	0	0	0	0	0	0	0
A	BL	22	124	1	2	BA1652	32425	7	0	0	0	0	0	0	0	1	0	0
A	BL	22	124	1	2	BA1652	32426	7	8	2	0	1	0	0	0	0	0	0
A	BL	22	124	1	2	BA1652	32436	8	9	0	0	0	0	0	0	0	0	0
A	BL	22	124	1	2	BA1652	32438	9	0	0	0	0	0	0	0	1	0	0
A	BL	22	124	1	2	BA1652	32439	9	0	0	0	1	0	0	0	0	0	0
A	BL	22	124	1	2	BA1652	32446	9	10	0	0	0	0	0	0	0	0	0
A	BL	22	124	1	2	BA1652	32457	10	0	0	0	0	0	0	0	1	0	0
A	BL	22	124	1	2	BA1652	32521	10	2	0	0	0	0	0	0	0	0	0
A	BL	22	124	1	2	BA1652	32522	2	3	0	0	0	0	0	0	0	0	0
A	BL	22	124	1	2	BA1652	32633	3	5	1	1	0	0	0	0	0	0	0
A	BL	22	124	1	2	BA1652	32643	5	4	0	0	0	0	0	0	0	0	0
A	BL	22	124	1	2	BA1652	32659	4	0	0	0	0	0	0	1	0	0	0
A	BL	22	124	1	2	BA1652	32662	4	5	1	1	0	0	0	0	0	0	0
A	BL	22	124	1	2	BA1652	32672	5	4	0	0	0	0	0	0	0	0	0
A	BL	22	124	1	2	BA1652	32692	4	0	0	0	0	0	0	1	0	0	0
A	BL	22	124	1	2	BA1652	32700	4	5	1	1	0	0	0	0	0	0	0
A	BL	22	124	1	2	BA1652	32710	5	4	0	0	0	0	0	0	0	0	0
A	BL	22	124	1	2	BA1652	32720	4	0	0	0	0	0	0	1	0	0	0
A	BL	22	124	1	2	BA1652	32745	4	5	1	1	0	0	0	0	0	0	0
A	BL	22	124	1	2	BA1652	32748	5	0	0	0	0	0	0	1	0	0	0
A	BL	22	124	1	2	BA1652	32755	5	4	0	0	0	0	0	0	0	0	0
A	BL	22	124	1	2	BA1652	32773	4	5	1	1	0	0	0	0	0	0	0
A	BL	22	124	1	2	BA1652	32782	5	0	0	0	0	0	0	1	0	0	0
A	BL	22	124	1	2	BA1652	32783	5	9	0	0	0	0	0	0	0	0	0
A	BL	22	124	1	2	BA1652	32793	9	10	0	0	0	0	0	0	0	0	0
A	BL	22	124	1	2	BA1652	32868	10	2	0	0	0	0	0	0	0	0	0
A	BL	22	124	1	2	BA1652	32869	2	6	0	0	0	0	0	0	0	0	0
A	BL	22	124	1	2	BA1652	33234	6	8	2	0	1	0	0	0	0	0	0
A	BL	22	124	1	2	BA1652	33237	8	0	0	0	0	0	0	0	1	0	0
A	BL	22	124	1	2	BA1652	33240	8	0	0	0	1	0	0	0	0	0	0
A	BL	22	124	1	2	BA1652	33244	8	7	0	0	0	0	0	0	0	0	0
A	BL	22	124	1	2	BA1652	33254	7	0	0	0	0	0	0	0	1	0	0
A	BL	22	124	1	2	BA1652	33442	7	8	2	0	1	0	0	0	0	0	0
A	BL	22	124	1	2	BA1652	33444	8	0	0	0	0	0	0	0	1	0	0
A	BL	22	124	1	2	BA1652	33452	8	7	0	0	1	0	0	0	0	0	0
A	BL	22	124	1	2	BA1652	33460	7	0	0	0	0	0	0	0	1	0	0
A	BL	22	124	1	2	BA1652	33498	7	8	2	0	1	0	0	0	0	0	0
A	BL	22	124	1	2	BA1652	33508	8	7	0	0	0	0	0	0	0	0	0
A	BL	22	124	1	2	BA1652	33509	7	0	0	0	0	0	0	0	1	0	0
A	BL	22	124	1	2	BA1652	33538	7	8	2	0	1	0	0	0	0	0	0
A	BL	22	124	1	2	BA1652	33541	8	0	0	0	0	0	0	0	1	0	0
A	BL	22	124	1	2	BA1652	33543	8	0	0	0	1	0	0	0	0	0	0
A	BL	22	124	1	2	BA1652	33548	8	7	0	0	0	0	0	0	0	0	0
A	BL	22	124	1	2	BA1652	33549	7	0	0	0	0	0	0	0	1	0	0
A	BL	22	124	1	2	BA1652	33582	7	8	2	0	1	0	0	0	0	0	0
A	BL	22	124	1	2	BA1652	33592	8	7	0	0	0	0	0	0	0	0	0
A	BL	22	124	1	2	BA1652	33593	7	0	0	0	0	0	0	0	1	0	0
A	BL	22	124	1	2	BA1652	33607	7	8	2	0	1	0	0	0	0	0	0
A	BL	22	124	1	2	BA1652	33617	8	7	0	0	0	0	0	0	0	0	0
A	BL	22	124	1	2	BA1652	33636	7	0	0	0	0	0	0	0	1	0	0
A	BL	22	124	1	2	BA1652	33659	7	8	2	0	1	0	0	0	0	0	0
A	BL	22	124	1	2	BA1652	33666	8	0	0	0	0	0	0	0	1	0	0
A	BL	22	124	1	2	BA1652	33669	8	7	0	0	0	0	0	0	0	0	0
A	BL	22	124	1	2	BA1652	33680	7	8	2	0	1	0	0	0	0	0	0
A	BL	22	124	1	2	BA1652	33682	8	0	0	0	0	0	0	0	1	0	0
A	BL	22	124	1	2	BA1652	33685	8	0	0	0	1	0	0	0	0	0	0
A	BL	22	124	1	2	BA1652	33690	8	7	0	0	0	0	0	0	0	0	0
A	BL	22	124	1	2	BA1652	33697	7	0	0	0	0	0	0	0	1	0	0
A	BL	22	124	1	2	BA1652	33710	7	8	2	0	1	0	0	0	0	0	0
A	BL	22	124	1	2	BA1652	33718	8	0	0	0	0	0	0	0	1	0	0
A	BL	22	124	1	2	BA1652	33719	8	0	0	0	1	0	0	0	0	0	0
A	BL	22	124	1	2	BA1652	33720	8	7	0	0	0	0	0	0	0	0	0
A	BL	22	124	1	2	BA1652	33731	7	0	0	0	0	0	0	0	1	0	0
A	BL	22	124	1	2	BA1652	33735	7	8	2	0	1	0	0	0	0	0	0
A	BL	22	124	1	2	BA1652	33740	8	0	0	0	0	0	0	0	1	0	0
A	BL	22	124	1	2	BA1652	33745	8	7	0	0	0	0	0	0	0	0	0
A	BL	22	124	1	2	BA1652	33753	7	8	2	0	1	0	0	0	0	0	0
A	BL	22	124	1	2	BA1652	33757	8	0	0	0	0	0	0	0	1	0	0
A	BL	22	124	1	2	BA1652	33762	8	0	0	0	1	0	0	0	0	0	0
A	BL	22	124	1	2	BA1652	33763	8	7	0	0	0	0	0	0	0	0	0
A	BL	22	124	1	2	BA1652	33771	7	0	0	0	0	0	0	0	1	0	0
A	BL	22	124	1	2	BA1652	33773	7	8	2	0	1	0	0	0	0	0	0
A	BL	22	124	1	2	BA1652	33777	8	0	0	0	0	0	0	0	1	0	0
A	BL	22	124	1	2	BA1652	33778	8	0	0	0	1	0	0	0	0	0	0
A	BL	22	124	1	2	BA1652	33781	8	0	0	0	0	0	0	0	1	0	0
A	BL	22	124	1	2	BA1652	33783	8	7	0	0	0	0	0	0	0	0	0
A	BL	22	124	1	2	BA1652	33786	7	8	2	0	1	0	0	0	0	0	0
A	BL	22	124	1	2	BA1652	33796	8	7	0	0	0	0	0	0	0	0	0
A	BL	22	124	1	2	BA1652	33799	7	0	0	0	0	0	0	0	1	0	0
A	BL	22	124	1	2	BA1652	33805	7	8	2	0	1	0	0	0	0	0	0
A	BL	22	124	1	2	BA1652	33813	8	0	0	0	0	0	0	0	1	0	0
A	BL	22	124	1	2	BA1652	33815	8	7	0	0	0	0	0	0	0	0	0
A	BL	22	124	1	2	BA1652	33825	7	8	2	0	1	0	0	0	0	0	0
A	BL	22	124	1	2	BA1652	33835	8	7	0	0	0	0	0	0	0	0	0
A	BL	22	124	1	2	BA1652	33884	7	0	0	0	0	0	0	0	1	0	0
A	BL	22	124	1	2	BA1652	33887	7	8	2	0	1	0	0	0	0	0	0
A	BL	22	124	1	2	BA1652	33897	8	7	0	0	0	0	0	0	0	0	0
A	BL	22	124	1	2	BA1652	33903	7	0	0	0	0	0	0	0	1	0	0
A	BL	22	124	1	2	BA1652	33904	7	8	2	0	1	0	0	0	0	0	0
A	BL	22	124	1	2	BA1652	33914	8	7	0	0	0	0	0	0	0	0	0
A	BL	22	124	1	2	BA1652	33921	7	0	0	0	0	0	0	0	1	0	0
A	BL	22	124	1	2	BA1652	33923	7	8	2	0	1	0	0	0	0	0	0
A	BL	22	124	1	2	BA1652	33929	8	0	0	0	0	0	0	0	1	0	0
A	BL	22	124	1	2	BA1652	33933	8	7	0	0	0	0	0	0	0	0	0
A	BL	22	124	1	2	BA1652	33961	7	8	2	0	1	0	0	0	0	0	0
A	BL	22	124	1	2	BA1652	33967	8	0	0	0	0	0	0	0	1	0	0
A	BL	22	124	1	2	BA1652	33971	8	7	0	0	0	0	0	0	0	0	0
A	BL	22	124	1	2	BA1652	34097	7	8	2	0	1	0	0	0	0	0	0
A	BL	22	124	1	2	BA1652	34107	8	9	0	0	0	0	0	0	0	0	0
A	BL	22	124	1	2	BA1652	34108	9	0	0	0	0	0	0	0	1	0	0
A	BL	22	124	1	2	BA1652	34114	9	0	0	0	1	0	0	0	0	0	0
A	BL	22	124	1	2	BA1652	34117	9	10	0	0	0	0	0	0	0	0	0
A	BL	22	124	1	2	BA1652	34119	10	0	0	0	0	0	0	0	1	0	0
A	BL	22	124	1	2	BA1652	34192	10	2	0	0	0	0	0	0	0	0	0
A	BL	22	124	1	2	BA1652	34193	2	3	0	0	0	0	0	0	0	0	0
A	BL	22	124	1	2	BA1652	34295	3	5	1	1	0	0	0	0	0	0	0
A	BL	22	124	1	2	BA1652	34299	5	0	0	0	0	0	0	1	0	0	0
A	BL	22	124	1	2	BA1652	34303	5	0	0	1	0	0	0	0	0	0	0
A	BL	22	124	1	2	BA1652	34305	5	4	0	0	0	0	0	0	0	0	0
A	BL	22	124	1	2	BA1652	34325	4	0	0	0	0	0	0	1	0	0	0
A	BL	22	124	1	2	BA1652	34327	4	5	1	1	0	0	0	0	0	0	0
A	BL	22	124	1	2	BA1652	34331	5	0	0	0	0	0	0	1	0	0	0
A	BL	22	124	1	2	BA1652	34337	5	4	0	0	0	0	0	0	0	0	0
A	BL	22	124	1	2	BA1652	34350	4	5	1	1	0	0	0	0	0	0	0
A	BL	22	124	1	2	BA1652	34360	5	4	0	0	0	0	0	0	0	0	0
A	BL	22	124	1	2	BA1652	34381	4	0	0	0	0	0	0	1	0	0	0
A	BL	22	124	1	2	BA1652	34385	4	5	1	1	0	0	0	0	0	0	0
A	BL	22	124	1	2	BA1652	34395	5	4	0	0	0	0	0	1	0	0	0
A	BL	22	124	1	2	BA1652	34397	4	5	1	1	0	0	0	0	0	0	0
A	BL	22	124	1	2	BA1652	34406	5	0	0	0	0	0	0	1	0	0	0
A	BL	22	124	1	2	BA1652	34407	5	9	0	0	0	0	0	0	0	0	0
A	BL	22	124	1	2	BA1652	34417	9	10	0	0	0	0	0	0	0	0	0
A	BL	22	124	1	2	BA1652	34492	10	2	0	0	0	0	0	0	0	0	0
A	BL	22	124	1	2	BA1652	34493	2	3	0	0	0	0	0	0	0	0	0
A	BL	22	124	1	2	BA1652	34570	3	5	1	1	0	0	0	0	0	0	0
A	BL	22	124	1	2	BA1652	34580	5	4	0	0	0	0	0	0	0	0	0
A	BL	22	124	1	2	BA1652	34585	4	0	0	0	0	0	0	1	0	0	0
A	BL	22	124	1	2	BA1652	34587	4	5	1	1	0	0	0	0	0	0	0
A	BL	22	124	1	2	BA1652	34589	5	0	0	0	0	0	0	1	0	0	0
A	BL	22	124	1	2	BA1652	34591	5	0	0	1	0	0	0	0	0	0	0
A	BL	22	124	1	2	BA1652	34597	5	4	0	0	0	0	0	0	0	0	0
A	BL	22	124	1	2	BA1652	34615	4	0	0	0	0	0	0	1	0	0	0
A	BL	22	124	1	2	BA1652	34619	4	5	1	1	0	0	0	0	0	0	0
A	BL	22	124	1	2	BA1652	34629	5	4	0	0	0	0	0	0	0	0	0
A	BL	22	124	1	2	BA1652	34654	4	0	0	0	0	0	0	1	0	0	0
A	BL	22	124	1	2	BA1652	34655	4	5	1	1	0	0	0	0	0	0	0
A	BL	22	124	1	2	BA1652	34665	5	4	0	0	0	0	0	0	0	0	0
A	BL	22	124	1	2	BA1652	34693	4	0	0	0	0	0	0	1	0	0	0
A	BL	22	124	1	2	BA1652	34698	4	5	1	1	0	0	0	0	0	0	0
A	BL	22	124	1	2	BA1652	34708	5	9	0	0	0	0	0	0	0	0	0
A	BL	22	124	1	2	BA1652	34715	9	0	0	0	0	0	0	1	0	0	0
A	BL	22	124	1	2	BA1652	34718	9	-1	0	0	0	0	0	0	0	0	0
