Project	UserID	Protocol	Session	Station	Run	Subject	Time	Current State	Transition State	Transition Event	A1 - 	A2 - 	A3 - 	A4 - 	A[1] 	A[2] 	A[3] 	A[4] 
A	BL	20	136	1	2	BA1652	0	0	1	0	0	0	0	0	0	0	0	0
A	BL	20	136	1	2	BA1652	50	1	2	0	0	0	0	0	0	0	0	0
A	BL	20	136	1	2	BA1652	51	2	6	0	0	0	0	0	0	0	0	0
A	BL	20	136	1	2	BA1652	11295	6	8	2	0	1	0	0	0	0	0	0
A	BL	20	136	1	2	BA1652	11303	8	0	0	0	0	0	0	0	1	0	0
A	BL	20	136	1	2	BA1652	11305	8	7	0	0	0	0	0	0	0	0	0
A	BL	20	136	1	2	BA1652	11385	7	8	2	0	1	0	0	0	0	0	0
A	BL	20	136	1	2	BA1652	11395	8	7	0	0	0	0	0	0	0	0	0
A	BL	20	136	1	2	BA1652	11409	7	0	0	0	0	0	0	0	1	0	0
A	BL	20	136	1	2	BA1652	11416	7	8	2	0	1	0	0	0	0	0	0
A	BL	20	136	1	2	BA1652	11426	8	7	0	0	0	0	0	0	0	0	0
A	BL	20	136	1	2	BA1652	11430	7	0	0	0	0	0	0	0	1	0	0
A	BL	20	136	1	2	BA1652	11558	7	8	2	0	1	0	0	0	0	0	0
A	BL	20	136	1	2	BA1652	11561	8	0	0	0	0	0	0	0	1	0	0
A	BL	20	136	1	2	BA1652	11568	8	7	0	0	0	0	0	0	0	0	0
A	BL	20	136	1	2	BA1652	11702	7	8	2	0	1	0	0	0	0	0	0
A	BL	20	136	1	2	BA1652	11706	8	0	0	0	0	0	0	0	1	0	0
A	BL	20	136	1	2	BA1652	11712	8	7	0	0	0	0	0	0	0	0	0
A	BL	20	136	1	2	BA1652	11720	7	8	2	0	1	0	0	0	1	0	0
A	BL	20	136	1	2	BA1652	11730	8	7	0	0	0	0	0	0	0	0	0
A	BL	20	136	1	2	BA1652	11771	7	8	2	0	1	0	0	0	0	0	0
A	BL	20	136	1	2	BA1652	11779	8	0	0	0	0	0	0	0	1	0	0
A	BL	20	136	1	2	BA1652	11781	8	7	0	0	0	0	0	0	0	0	0
A	BL	20	136	1	2	BA1652	11960	7	8	2	0	1	0	0	0	0	0	0
A	BL	20	136	1	2	BA1652	11970	8	7	0	0	0	0	0	0	0	0	0
A	BL	20	136	1	2	BA1652	11986	7	0	0	0	0	0	0	0	1	0	0
A	BL	20	136	1	2	BA1652	12170	7	8	2	0	1	0	0	0	0	0	0
A	BL	20	136	1	2	BA1652	12180	8	7	0	0	0	0	0	0	0	0	0
A	BL	20	136	1	2	BA1652	12206	7	0	0	0	0	0	0	0	1	0	0
A	BL	20	136	1	2	BA1652	12210	7	8	2	0	1	0	0	0	0	0	0
A	BL	20	136	1	2	BA1652	12220	8	7	0	0	0	0	0	0	0	0	0
A	BL	20	136	1	2	BA1652	12226	7	0	0	0	0	0	0	0	1	0	0
A	BL	20	136	1	2	BA1652	12231	7	8	2	0	1	0	0	0	0	0	0
A	BL	20	136	1	2	BA1652	12241	8	7	0	0	0	0	0	0	0	0	0
A	BL	20	136	1	2	BA1652	12249	7	0	0	0	0	0	0	0	1	0	0
A	BL	20	136	1	2	BA1652	12342	7	8	2	0	1	0	0	0	0	0	0
A	BL	20	136	1	2	BA1652	12352	8	7	0	0	0	0	0	0	0	0	0
A	BL	20	136	1	2	BA1652	12373	7	0	0	0	0	0	0	0	1	0	0
A	BL	20	136	1	2	BA1652	12411	7	8	2	0	1	0	0	0	0	0	0
A	BL	20	136	1	2	BA1652	12421	8	7	0	0	0	0	0	0	0	0	0
A	BL	20	136	1	2	BA1652	12436	7	0	0	0	0	0	0	0	1	0	0
A	BL	20	136	1	2	BA1652	12442	7	8	2	0	1	0	0	0	0	0	0
A	BL	20	136	1	2	BA1652	12452	8	7	0	0	0	0	0	0	0	0	0
A	BL	20	136	1	2	BA1652	12454	7	0	0	0	0	0	0	0	1	0	0
A	BL	20	136	1	2	BA1652	12560	7	8	2	0	1	0	0	0	0	0	0
A	BL	20	136	1	2	BA1652	12570	8	7	0	0	0	0	0	0	0	0	0
A	BL	20	136	1	2	BA1652	12571	7	0	0	0	0	0	0	0	1	0	0
A	BL	20	136	1	2	BA1652	12575	7	8	2	0	1	0	0	0	0	0	0
A	BL	20	136	1	2	BA1652	12585	8	7	0	0	0	0	0	0	0	0	0
A	BL	20	136	1	2	BA1652	12603	7	0	0	0	0	0	0	0	1	0	0
A	BL	20	136	1	2	BA1652	12634	7	8	2	0	1	0	0	0	0	0	0
A	BL	20	136	1	2	BA1652	12644	8	7	0	0	0	0	0	0	0	0	0
A	BL	20	136	1	2	BA1652	12655	7	0	0	0	0	0	0	0	1	0	0
A	BL	20	136	1	2	BA1652	12661	7	8	2	0	1	0	0	0	0	0	0
A	BL	20	136	1	2	BA1652	12664	8	0	0	0	0	0	0	0	1	0	0
A	BL	20	136	1	2	BA1652	12671	8	7	0	0	0	0	0	0	0	0	0
A	BL	20	136	1	2	BA1652	12778	7	8	2	0	1	0	0	0	0	0	0
A	BL	20	136	1	2	BA1652	12788	8	7	0	0	0	0	0	0	0	0	0
A	BL	20	136	1	2	BA1652	12791	7	0	0	0	0	0	0	0	1	0	0
A	BL	20	136	1	2	BA1652	12798	7	8	2	0	1	0	0	0	0	0	0
A	BL	20	136	1	2	BA1652	12803	8	0	0	0	0	0	0	0	1	0	0
A	BL	20	136	1	2	BA1652	12808	8	9	0	0	0	0	0	0	0	0	0
A	BL	20	136	1	2	BA1652	12815	9	0	0	0	1	0	0	0	0	0	0
A	BL	20	136	1	2	BA1652	12817	9	0	0	0	0	0	0	0	1	0	0
A	BL	20	136	1	2	BA1652	12818	9	10	0	0	0	0	0	0	0	0	0
A	BL	20	136	1	2	BA1652	12893	10	2	0	0	0	0	0	0	0	0	0
A	BL	20	136	1	2	BA1652	12894	2	3	0	0	0	0	0	0	0	0	0
A	BL	20	136	1	2	BA1652	13591	3	5	1	1	0	0	0	0	0	0	0
A	BL	20	136	1	2	BA1652	13601	5	4	0	0	0	0	0	0	0	0	0
A	BL	20	136	1	2	BA1652	13620	4	0	0	0	0	0	0	1	0	0	0
A	BL	20	136	1	2	BA1652	13624	4	5	1	1	0	0	0	0	0	0	0
A	BL	20	136	1	2	BA1652	13634	5	4	0	0	0	0	0	0	0	0	0
A	BL	20	136	1	2	BA1652	13646	4	0	0	0	0	0	0	1	0	0	0
A	BL	20	136	1	2	BA1652	13653	4	5	1	1	0	0	0	0	0	0	0
A	BL	20	136	1	2	BA1652	13658	5	0	0	0	0	0	0	1	0	0	0
A	BL	20	136	1	2	BA1652	13660	5	0	0	1	0	0	0	0	0	0	0
A	BL	20	136	1	2	BA1652	13663	5	4	0	0	0	0	0	0	0	0	0
A	BL	20	136	1	2	BA1652	13675	4	0	0	0	0	0	0	1	0	0	0
A	BL	20	136	1	2	BA1652	13680	4	5	1	1	0	0	0	0	0	0	0
A	BL	20	136	1	2	BA1652	13684	5	0	0	0	0	0	0	1	0	0	0
A	BL	20	136	1	2	BA1652	13690	5	4	0	0	0	0	0	0	0	0	0
A	BL	20	136	1	2	BA1652	13695	4	5	1	1	0	0	0	0	0	0	0
A	BL	20	136	1	2	BA1652	13705	5	9	0	0	0	0	0	0	0	0	0
A	BL	20	136	1	2	BA1652	13711	9	0	0	0	0	0	0	1	0	0	0
A	BL	20	136	1	2	BA1652	13715	9	10	0	0	0	0	0	0	0	0	0
A	BL	20	136	1	2	BA1652	13790	10	2	0	0	0	0	0	0	0	0	0
A	BL	20	136	1	2	BA1652	13791	2	6	0	0	0	0	0	0	0	0	0
A	BL	20	136	1	2	BA1652	19496	6	8	2	0	1	0	0	0	0	0	0
A	BL	20	136	1	2	BA1652	19506	8	7	0	0	0	0	0	0	0	0	0
A	BL	20	136	1	2	BA1652	19542	7	0	0	0	0	0	0	0	1	0	0
A	BL	20	136	1	2	BA1652	19647	7	8	2	0	1	0	0	0	0	0	0
A	BL	20	136	1	2	BA1652	19650	8	0	0	0	0	0	0	0	1	0	0
A	BL	20	136	1	2	BA1652	19657	8	7	0	0	0	0	0	0	0	0	0
A	BL	20	136	1	2	BA1652	19725	7	8	2	0	1	0	0	0	0	0	0
A	BL	20	136	1	2	BA1652	19727	8	0	0	0	0	0	0	0	1	0	0
A	BL	20	136	1	2	BA1652	19729	8	0	0	0	1	0	0	0	0	0	0
A	BL	20	136	1	2	BA1652	19735	8	7	0	0	0	0	0	0	0	0	0
A	BL	20	136	1	2	BA1652	19736	7	0	0	0	0	0	0	0	1	0	0
A	BL	20	136	1	2	BA1652	19745	7	8	2	0	1	0	0	0	0	0	0
A	BL	20	136	1	2	BA1652	19748	8	0	0	0	0	0	0	0	1	0	0
A	BL	20	136	1	2	BA1652	19755	8	7	0	0	0	0	0	0	0	0	0
A	BL	20	136	1	2	BA1652	19759	7	8	2	0	1	0	0	0	0	0	0
A	BL	20	136	1	2	BA1652	19769	8	7	0	0	0	0	0	0	0	0	0
A	BL	20	136	1	2	BA1652	19806	7	0	0	0	0	0	0	0	1	0	0
A	BL	20	136	1	2	BA1652	19876	7	8	2	0	1	0	0	0	0	0	0
A	BL	20	136	1	2	BA1652	19879	8	0	0	0	0	0	0	0	1	0	0
A	BL	20	136	1	2	BA1652	19886	8	7	0	0	0	0	0	0	0	0	0
A	BL	20	136	1	2	BA1652	19946	7	8	2	0	1	0	0	0	0	0	0
A	BL	20	136	1	2	BA1652	19947	8	0	0	0	0	0	0	0	1	0	0
A	BL	20	136	1	2	BA1652	19948	8	0	0	0	1	0	0	0	0	0	0
A	BL	20	136	1	2	BA1652	19949	8	0	0	0	0	0	0	0	1	0	0
A	BL	20	136	1	2	BA1652	19953	8	0	0	0	1	0	0	0	0	0	0
A	BL	20	136	1	2	BA1652	19956	8	7	0	0	0	0	0	0	0	0	0
A	BL	20	136	1	2	BA1652	19958	7	0	0	0	0	0	0	0	1	0	0
A	BL	20	136	1	2	BA1652	19966	7	8	2	0	1	0	0	0	0	0	0
A	BL	20	136	1	2	BA1652	19976	8	7	0	0	0	0	0	0	0	0	0
A	BL	20	136	1	2	BA1652	19980	7	0	0	0	0	0	0	0	1	0	0
A	BL	20	136	1	2	BA1652	19984	7	8	2	0	1	0	0	0	0	0	0
A	BL	20	136	1	2	BA1652	19991	8	0	0	0	0	0	0	0	1	0	0
A	BL	20	136	1	2	BA1652	19992	8	0	0	0	1	0	0	0	0	0	0
A	BL	20	136	1	2	BA1652	19994	8	7	0	0	0	0	0	0	0	0	0
A	BL	20	136	1	2	BA1652	19998	7	0	0	0	0	0	0	0	1	0	0
A	BL	20	136	1	2	BA1652	20093	7	8	2	0	1	0	0	0	0	0	0
A	BL	20	136	1	2	BA1652	20097	8	0	0	0	0	0	0	0	1	0	0
A	BL	20	136	1	2	BA1652	20103	8	7	0	0	1	0	0	0	0	0	0
A	BL	20	136	1	2	BA1652	20124	7	0	0	0	0	0	0	0	1	0	0
A	BL	20	136	1	2	BA1652	20133	7	8	2	0	1	0	0	0	0	0	0
A	BL	20	136	1	2	BA1652	20141	8	0	0	0	0	0	0	0	1	0	0
A	BL	20	136	1	2	BA1652	20143	8	7	0	0	0	0	0	0	0	0	0
A	BL	20	136	1	2	BA1652	20145	7	8	2	0	1	0	0	0	0	0	0
A	BL	20	136	1	2	BA1652	20149	8	0	0	0	0	0	0	0	1	0	0
A	BL	20	136	1	2	BA1652	20152	8	0	0	0	1	0	0	0	0	0	0
A	BL	20	136	1	2	BA1652	20155	8	7	0	0	0	0	0	0	0	0	0
A	BL	20	136	1	2	BA1652	20171	7	0	0	0	0	0	0	0	1	0	0
A	BL	20	136	1	2	BA1652	20177	7	8	2	0	1	0	0	0	0	0	0
A	BL	20	136	1	2	BA1652	20184	8	0	0	0	0	0	0	0	1	0	0
A	BL	20	136	1	2	BA1652	20187	8	7	0	0	0	0	0	0	0	0	0
A	BL	20	136	1	2	BA1652	20263	7	8	2	0	1	0	0	0	0	0	0
A	BL	20	136	1	2	BA1652	20273	8	7	0	0	0	0	0	0	0	0	0
A	BL	20	136	1	2	BA1652	20301	7	0	0	0	0	0	0	0	1	0	0
A	BL	20	136	1	2	BA1652	20335	7	8	2	0	1	0	0	0	0	0	0
A	BL	20	136	1	2	BA1652	20345	8	7	0	0	0	0	0	0	0	0	0
A	BL	20	136	1	2	BA1652	20369	7	0	0	0	0	0	0	0	1	0	0
A	BL	20	136	1	2	BA1652	20376	7	8	2	0	1	0	0	0	0	0	0
A	BL	20	136	1	2	BA1652	20378	8	0	0	0	0	0	0	0	1	0	0
A	BL	20	136	1	2	BA1652	20385	8	0	0	0	1	0	0	0	0	0	0
A	BL	20	136	1	2	BA1652	20386	8	7	0	0	0	0	0	0	0	0	0
A	BL	20	136	1	2	BA1652	20389	7	0	0	0	0	0	0	0	1	0	0
A	BL	20	136	1	2	BA1652	20555	7	8	2	0	1	0	0	0	0	0	0
A	BL	20	136	1	2	BA1652	20565	8	7	0	0	0	0	0	0	0	0	0
A	BL	20	136	1	2	BA1652	20575	7	0	0	0	0	0	0	0	1	0	0
A	BL	20	136	1	2	BA1652	20655	7	8	2	0	1	0	0	0	0	0	0
A	BL	20	136	1	2	BA1652	20665	8	7	0	0	0	0	0	0	0	0	0
A	BL	20	136	1	2	BA1652	20680	7	0	0	0	0	0	0	0	1	0	0
A	BL	20	136	1	2	BA1652	20681	7	8	2	0	1	0	0	0	0	0	0
A	BL	20	136	1	2	BA1652	20683	8	0	0	0	0	0	0	0	1	0	0
A	BL	20	136	1	2	BA1652	20685	8	0	0	0	1	0	0	0	0	0	0
A	BL	20	136	1	2	BA1652	20691	8	7	0	0	0	0	0	0	0	0	0
A	BL	20	136	1	2	BA1652	20693	7	0	0	0	0	0	0	0	1	0	0
A	BL	20	136	1	2	BA1652	20704	7	8	2	0	1	0	0	0	0	0	0
A	BL	20	136	1	2	BA1652	20714	8	9	0	0	0	0	0	0	1	0	0
A	BL	20	136	1	2	BA1652	20717	9	0	0	0	1	0	0	0	0	0	0
A	BL	20	136	1	2	BA1652	20719	9	0	0	0	0	0	0	0	1	0	0
A	BL	20	136	1	2	BA1652	20724	9	10	0	0	0	0	0	0	0	0	0
A	BL	20	136	1	2	BA1652	20799	10	2	0	0	0	0	0	0	0	0	0
A	BL	20	136	1	2	BA1652	20800	2	3	0	0	0	0	0	0	0	0	0
A	BL	20	136	1	2	BA1652	21279	3	5	1	1	0	0	0	0	0	0	0
A	BL	20	136	1	2	BA1652	21289	5	4	0	0	0	0	0	0	0	0	0
A	BL	20	136	1	2	BA1652	21294	4	0	0	0	0	0	0	1	0	0	0
A	BL	20	136	1	2	BA1652	21310	4	5	1	1	0	0	0	0	0	0	0
A	BL	20	136	1	2	BA1652	21316	5	0	0	0	0	0	0	1	0	0	0
A	BL	20	136	1	2	BA1652	21320	5	4	0	0	0	0	0	0	0	0	0
A	BL	20	136	1	2	BA1652	21438	4	5	1	1	0	0	0	0	0	0	0
A	BL	20	136	1	2	BA1652	21441	5	0	0	0	0	0	0	1	0	0	0
A	BL	20	136	1	2	BA1652	21448	5	4	0	0	0	0	0	0	0	0	0
A	BL	20	136	1	2	BA1652	21468	4	5	1	1	0	0	0	0	0	0	0
A	BL	20	136	1	2	BA1652	21478	5	4	0	0	0	0	0	0	0	0	0
A	BL	20	136	1	2	BA1652	21484	4	0	0	0	0	0	0	1	0	0	0
A	BL	20	136	1	2	BA1652	21486	4	5	1	1	0	0	0	0	0	0	0
A	BL	20	136	1	2	BA1652	21496	5	9	0	0	0	0	0	0	0	0	0
A	BL	20	136	1	2	BA1652	21506	9	10	0	0	0	0	0	0	0	0	0
A	BL	20	136	1	2	BA1652	21537	10	0	0	0	0	0	0	1	0	0	0
A	BL	20	136	1	2	BA1652	21542	10	0	0	1	0	0	0	0	0	0	0
A	BL	20	136	1	2	BA1652	21573	10	0	0	0	0	0	0	1	0	0	0
A	BL	20	136	1	2	BA1652	21581	10	2	0	0	0	0	0	0	0	0	0
A	BL	20	136	1	2	BA1652	21582	2	3	0	0	0	0	0	0	0	0	0
A	BL	20	136	1	2	BA1652	21630	3	5	1	1	0	0	0	0	0	0	0
A	BL	20	136	1	2	BA1652	21640	5	4	0	0	0	0	0	0	0	0	0
A	BL	20	136	1	2	BA1652	21655	4	0	0	0	0	0	0	1	0	0	0
A	BL	20	136	1	2	BA1652	21680	4	5	1	1	0	0	0	0	0	0	0
A	BL	20	136	1	2	BA1652	21690	5	4	0	0	0	0	0	0	0	0	0
A	BL	20	136	1	2	BA1652	21752	4	0	0	0	0	0	0	1	0	0	0
A	BL	20	136	1	2	BA1652	21792	4	5	1	1	0	0	0	0	0	0	0
A	BL	20	136	1	2	BA1652	21802	5	4	0	0	0	0	0	0	0	0	0
A	BL	20	136	1	2	BA1652	21867	4	0	0	0	0	0	0	1	0	0	0
A	BL	20	136	1	2	BA1652	22795	4	5	1	1	0	0	0	0	0	0	0
A	BL	20	136	1	2	BA1652	22805	5	4	0	0	0	0	0	0	0	0	0
A	BL	20	136	1	2	BA1652	22808	4	0	0	0	0	0	0	1	0	0	0
A	BL	20	136	1	2	BA1652	22816	4	5	1	1	0	0	0	0	0	0	0
A	BL	20	136	1	2	BA1652	22826	5	9	0	0	0	0	0	0	0	0	0
A	BL	20	136	1	2	BA1652	22836	9	10	0	0	0	0	0	0	0	0	0
A	BL	20	136	1	2	BA1652	22897	10	0	0	0	0	0	0	1	0	0	0
A	BL	20	136	1	2	BA1652	22901	10	0	0	1	0	0	0	0	0	0	0
A	BL	20	136	1	2	BA1652	22908	10	0	0	0	0	0	0	1	0	0	0
A	BL	20	136	1	2	BA1652	22911	10	2	0	0	0	0	0	0	0	0	0
A	BL	20	136	1	2	BA1652	22912	2	3	0	0	0	0	0	0	0	0	0
A	BL	20	136	1	2	BA1652	22921	3	5	1	1	0	0	0	0	0	0	0
A	BL	20	136	1	2	BA1652	22931	5	4	0	0	0	0	0	1	0	0	0
A	BL	20	136	1	2	BA1652	22947	4	5	1	1	0	0	0	0	0	0	0
A	BL	20	136	1	2	BA1652	22951	5	0	0	0	0	0	0	1	0	0	0
A	BL	20	136	1	2	BA1652	22957	5	4	0	0	0	0	0	0	0	0	0
A	BL	20	136	1	2	BA1652	22993	4	5	1	1	0	0	0	0	0	0	0
A	BL	20	136	1	2	BA1652	23003	5	4	0	0	0	0	0	0	0	0	0
A	BL	20	136	1	2	BA1652	23005	4	0	0	0	0	0	0	1	0	0	0
A	BL	20	136	1	2	BA1652	24068	4	5	1	1	0	0	0	0	0	0	0
A	BL	20	136	1	2	BA1652	24078	5	4	0	0	0	0	0	0	0	0	0
A	BL	20	136	1	2	BA1652	24097	4	0	0	0	0	0	0	1	0	0	0
A	BL	20	136	1	2	BA1652	24142	4	5	1	1	0	0	0	0	0	0	0
A	BL	20	136	1	2	BA1652	24152	5	9	0	0	0	0	0	0	0	0	0
A	BL	20	136	1	2	BA1652	24162	9	10	0	0	0	0	0	0	0	0	0
A	BL	20	136	1	2	BA1652	24179	10	0	0	1	0	0	0	1	0	0	0
A	BL	20	136	1	2	BA1652	24182	10	0	0	0	0	0	0	1	0	0	0
A	BL	20	136	1	2	BA1652	24237	10	2	0	0	0	0	0	0	0	0	0
A	BL	20	136	1	2	BA1652	24238	2	6	0	0	0	0	0	0	0	0	0
A	BL	20	136	1	2	BA1652	26651	6	8	2	0	1	0	0	0	0	0	0
A	BL	20	136	1	2	BA1652	26661	8	7	0	0	0	0	0	0	0	0	0
A	BL	20	136	1	2	BA1652	26678	7	0	0	0	0	0	0	0	1	0	0
A	BL	20	136	1	2	BA1652	26847	7	8	2	0	1	0	0	0	0	0	0
A	BL	20	136	1	2	BA1652	26857	8	7	0	0	0	0	0	0	0	0	0
A	BL	20	136	1	2	BA1652	26872	7	0	0	0	0	0	0	0	1	0	0
A	BL	20	136	1	2	BA1652	26880	7	8	2	0	1	0	0	0	0	0	0
A	BL	20	136	1	2	BA1652	26889	8	0	0	0	0	0	0	0	1	0	0
A	BL	20	136	1	2	BA1652	26890	8	7	0	0	0	0	0	0	0	0	0
A	BL	20	136	1	2	BA1652	27010	7	8	2	0	1	0	0	0	0	0	0
A	BL	20	136	1	2	BA1652	27020	8	7	0	0	0	0	0	0	0	0	0
A	BL	20	136	1	2	BA1652	27023	7	0	0	0	0	0	0	0	1	0	0
A	BL	20	136	1	2	BA1652	27115	7	8	2	0	1	0	0	0	0	0	0
A	BL	20	136	1	2	BA1652	27118	8	0	0	0	0	0	0	0	1	0	0
A	BL	20	136	1	2	BA1652	27123	8	0	0	0	1	0	0	0	0	0	0
A	BL	20	136	1	2	BA1652	27125	8	7	0	0	0	0	0	0	0	0	0
A	BL	20	136	1	2	BA1652	27150	7	0	0	0	0	0	0	0	1	0	0
A	BL	20	136	1	2	BA1652	27175	7	8	2	0	1	0	0	0	0	0	0
A	BL	20	136	1	2	BA1652	27182	8	0	0	0	0	0	0	0	1	0	0
A	BL	20	136	1	2	BA1652	27185	8	7	0	0	1	0	0	0	0	0	0
A	BL	20	136	1	2	BA1652	27197	7	0	0	0	0	0	0	0	1	0	0
A	BL	20	136	1	2	BA1652	27219	7	8	2	0	1	0	0	0	0	0	0
A	BL	20	136	1	2	BA1652	27229	8	7	0	0	0	0	0	0	1	0	0
A	BL	20	136	1	2	BA1652	27254	7	8	2	0	1	0	0	0	0	0	0
A	BL	20	136	1	2	BA1652	27257	8	0	0	0	0	0	0	0	1	0	0
A	BL	20	136	1	2	BA1652	27264	8	7	0	0	0	0	0	0	0	0	0
A	BL	20	136	1	2	BA1652	27339	7	8	2	0	1	0	0	0	0	0	0
A	BL	20	136	1	2	BA1652	27349	8	7	0	0	0	0	0	0	0	0	0
A	BL	20	136	1	2	BA1652	27352	7	0	0	0	0	0	0	0	1	0	0
A	BL	20	136	1	2	BA1652	27357	7	8	2	0	1	0	0	0	0	0	0
A	BL	20	136	1	2	BA1652	27367	8	7	0	0	0	0	0	0	0	0	0
A	BL	20	136	1	2	BA1652	27379	7	0	0	0	0	0	0	0	1	0	0
A	BL	20	136	1	2	BA1652	27388	7	8	2	0	1	0	0	0	0	0	0
A	BL	20	136	1	2	BA1652	27397	8	0	0	0	0	0	0	0	1	0	0
A	BL	20	136	1	2	BA1652	27398	8	7	0	0	0	0	0	0	0	0	0
A	BL	20	136	1	2	BA1652	27405	7	8	2	0	1	0	0	0	0	0	0
A	BL	20	136	1	2	BA1652	27413	8	0	0	0	0	0	0	0	1	0	0
A	BL	20	136	1	2	BA1652	27415	8	7	0	0	0	0	0	0	0	0	0
A	BL	20	136	1	2	BA1652	27455	7	8	2	0	1	0	0	0	0	0	0
A	BL	20	136	1	2	BA1652	27457	8	0	0	0	0	0	0	0	1	0	0
A	BL	20	136	1	2	BA1652	27465	8	7	0	0	0	0	0	0	0	0	0
A	BL	20	136	1	2	BA1652	27484	7	8	2	0	1	0	0	0	0	0	0
A	BL	20	136	1	2	BA1652	27493	8	0	0	0	0	0	0	0	1	0	0
A	BL	20	136	1	2	BA1652	27494	8	7	0	0	1	0	0	0	0	0	0
A	BL	20	136	1	2	BA1652	27500	7	0	0	0	0	0	0	0	1	0	0
A	BL	20	136	1	2	BA1652	27504	7	8	2	0	1	0	0	0	0	0	0
A	BL	20	136	1	2	BA1652	27514	8	7	0	0	0	0	0	0	0	0	0
A	BL	20	136	1	2	BA1652	27552	7	0	0	0	0	0	0	0	1	0	0
A	BL	20	136	1	2	BA1652	27581	7	8	2	0	1	0	0	0	0	0	0
A	BL	20	136	1	2	BA1652	27585	8	0	0	0	0	0	0	0	1	0	0
A	BL	20	136	1	2	BA1652	27591	8	7	0	0	0	0	0	0	0	0	0
A	BL	20	136	1	2	BA1652	27705	7	8	2	0	1	0	0	0	0	0	0
A	BL	20	136	1	2	BA1652	27710	8	0	0	0	0	0	0	0	1	0	0
A	BL	20	136	1	2	BA1652	27715	8	7	0	0	0	0	0	0	0	0	0
A	BL	20	136	1	2	BA1652	27723	7	8	2	0	1	0	0	0	0	0	0
A	BL	20	136	1	2	BA1652	27731	8	0	0	0	0	0	0	0	1	0	0
A	BL	20	136	1	2	BA1652	27733	8	7	0	0	0	0	0	0	0	0	0
A	BL	20	136	1	2	BA1652	27809	7	8	2	0	1	0	0	0	0	0	0
A	BL	20	136	1	2	BA1652	27819	8	7	0	0	0	0	0	0	0	0	0
A	BL	20	136	1	2	BA1652	27833	7	0	0	0	0	0	0	0	1	0	0
A	BL	20	136	1	2	BA1652	27895	7	8	2	0	1	0	0	0	0	0	0
A	BL	20	136	1	2	BA1652	27902	8	0	0	0	0	0	0	0	1	0	0
A	BL	20	136	1	2	BA1652	27903	8	0	0	0	1	0	0	0	0	0	0
A	BL	20	136	1	2	BA1652	27905	8	9	0	0	0	0	0	0	0	0	0
A	BL	20	136	1	2	BA1652	27915	9	10	0	0	0	0	0	0	1	0	0
A	BL	20	136	1	2	BA1652	27990	10	2	0	0	0	0	0	0	0	0	0
A	BL	20	136	1	2	BA1652	27991	2	6	0	0	0	0	0	0	0	0	0
A	BL	20	136	1	2	BA1652	30484	6	8	2	0	1	0	0	0	0	0	0
A	BL	20	136	1	2	BA1652	30494	8	7	0	0	0	0	0	0	0	0	0
A	BL	20	136	1	2	BA1652	30514	7	0	0	0	0	0	0	0	1	0	0
A	BL	20	136	1	2	BA1652	30584	7	8	2	0	1	0	0	0	0	0	0
A	BL	20	136	1	2	BA1652	30594	8	7	0	0	0	0	0	0	0	0	0
A	BL	20	136	1	2	BA1652	30599	7	0	0	0	0	0	0	0	1	0	0
A	BL	20	136	1	2	BA1652	30606	7	8	2	0	1	0	0	0	0	0	0
A	BL	20	136	1	2	BA1652	30616	8	7	0	0	0	0	0	0	0	0	0
A	BL	20	136	1	2	BA1652	30631	7	0	0	0	0	0	0	0	1	0	0
A	BL	20	136	1	2	BA1652	31083	7	8	2	0	1	0	0	0	0	0	0
A	BL	20	136	1	2	BA1652	31093	8	7	0	0	0	0	0	0	0	0	0
A	BL	20	136	1	2	BA1652	31099	7	0	0	0	0	0	0	0	1	0	0
A	BL	20	136	1	2	BA1652	31217	7	8	2	0	1	0	0	0	0	0	0
A	BL	20	136	1	2	BA1652	31227	8	7	0	0	0	0	0	0	0	0	0
A	BL	20	136	1	2	BA1652	31258	7	0	0	0	0	0	0	0	1	0	0
A	BL	20	136	1	2	BA1652	31292	7	8	2	0	1	0	0	0	0	0	0
A	BL	20	136	1	2	BA1652	31302	8	7	0	0	0	0	0	0	0	0	0
A	BL	20	136	1	2	BA1652	31315	7	0	0	0	0	0	0	0	1	0	0
A	BL	20	136	1	2	BA1652	31327	7	8	2	0	1	0	0	0	0	0	0
A	BL	20	136	1	2	BA1652	31337	8	7	0	0	0	0	0	0	0	0	0
A	BL	20	136	1	2	BA1652	31341	7	0	0	0	0	0	0	0	1	0	0
A	BL	20	136	1	2	BA1652	31347	7	8	2	0	1	0	0	0	0	0	0
A	BL	20	136	1	2	BA1652	31351	8	0	0	0	0	0	0	0	1	0	0
A	BL	20	136	1	2	BA1652	31357	8	7	0	0	0	0	0	0	0	0	0
A	BL	20	136	1	2	BA1652	31369	7	8	2	0	1	0	0	0	0	0	0
A	BL	20	136	1	2	BA1652	31371	8	0	0	0	1	0	0	0	1	0	0
A	BL	20	136	1	2	BA1652	31375	8	0	0	0	0	0	0	0	1	0	0
A	BL	20	136	1	2	BA1652	31379	8	7	0	0	0	0	0	0	0	0	0
A	BL	20	136	1	2	BA1652	31454	7	8	2	0	1	0	0	0	0	0	0
A	BL	20	136	1	2	BA1652	31464	8	7	0	0	0	0	0	0	0	0	0
A	BL	20	136	1	2	BA1652	31465	7	0	0	0	0	0	0	0	1	0	0
A	BL	20	136	1	2	BA1652	31467	7	8	2	0	1	0	0	0	0	0	0
A	BL	20	136	1	2	BA1652	31477	8	7	0	0	0	0	0	0	0	0	0
A	BL	20	136	1	2	BA1652	31499	7	0	0	0	0	0	0	0	1	0	0
A	BL	20	136	1	2	BA1652	31510	7	8	2	0	1	0	0	0	0	0	0
A	BL	20	136	1	2	BA1652	31518	8	0	0	0	0	0	0	0	1	0	0
A	BL	20	136	1	2	BA1652	31520	8	7	0	0	0	0	0	0	0	0	0
A	BL	20	136	1	2	BA1652	31526	7	8	2	0	1	0	0	0	0	0	0
A	BL	20	136	1	2	BA1652	31527	8	0	0	0	0	0	0	0	1	0	0
A	BL	20	136	1	2	BA1652	31530	8	0	0	0	1	0	0	0	0	0	0
A	BL	20	136	1	2	BA1652	31536	8	7	0	0	0	0	0	0	0	0	0
A	BL	20	136	1	2	BA1652	31542	7	0	0	0	0	0	0	0	1	0	0
A	BL	20	136	1	2	BA1652	31543	7	8	2	0	1	0	0	0	0	0	0
A	BL	20	136	1	2	BA1652	31548	8	0	0	0	0	0	0	0	1	0	0
A	BL	20	136	1	2	BA1652	31553	8	7	0	0	0	0	0	0	0	0	0
A	BL	20	136	1	2	BA1652	31578	7	8	2	0	1	0	0	0	0	0	0
A	BL	20	136	1	2	BA1652	31583	8	0	0	0	0	0	0	0	1	0	0
A	BL	20	136	1	2	BA1652	31585	8	0	0	0	1	0	0	0	0	0	0
A	BL	20	136	1	2	BA1652	31588	8	7	0	0	0	0	0	0	0	0	0
A	BL	20	136	1	2	BA1652	31594	7	0	0	0	0	0	0	0	1	0	0
A	BL	20	136	1	2	BA1652	31618	7	8	2	0	1	0	0	0	0	0	0
A	BL	20	136	1	2	BA1652	31622	8	0	0	0	0	0	0	0	1	0	0
A	BL	20	136	1	2	BA1652	31628	8	7	0	0	0	0	0	0	0	0	0
A	BL	20	136	1	2	BA1652	31755	7	8	2	0	1	0	0	0	0	0	0
A	BL	20	136	1	2	BA1652	31765	8	7	0	0	0	0	0	0	0	0	0
A	BL	20	136	1	2	BA1652	31790	7	0	0	0	0	0	0	0	1	0	0
A	BL	20	136	1	2	BA1652	31812	7	8	2	0	1	0	0	0	0	0	0
A	BL	20	136	1	2	BA1652	31814	8	0	0	0	0	0	0	0	1	0	0
A	BL	20	136	1	2	BA1652	31818	8	0	0	0	1	0	0	0	0	0	0
A	BL	20	136	1	2	BA1652	31822	8	7	0	0	0	0	0	0	0	0	0
A	BL	20	136	1	2	BA1652	31841	7	0	0	0	0	0	0	0	1	0	0
A	BL	20	136	1	2	BA1652	31846	7	8	2	0	1	0	0	0	0	0	0
A	BL	20	136	1	2	BA1652	31847	8	0	0	0	0	0	0	0	1	0	0
A	BL	20	136	1	2	BA1652	31849	8	0	0	0	1	0	0	0	0	0	0
A	BL	20	136	1	2	BA1652	31852	8	0	0	0	0	0	0	0	1	0	0
A	BL	20	136	1	2	BA1652	31856	8	7	0	0	0	0	0	0	0	0	0
A	BL	20	136	1	2	BA1652	31857	7	8	2	0	1	0	0	0	0	0	0
A	BL	20	136	1	2	BA1652	31867	8	9	0	0	0	0	0	0	0	0	0
A	BL	20	136	1	2	BA1652	31871	9	0	0	0	0	0	0	0	1	0	0
A	BL	20	136	1	2	BA1652	31877	9	10	0	0	0	0	0	0	0	0	0
A	BL	20	136	1	2	BA1652	31952	10	2	0	0	0	0	0	0	0	0	0
A	BL	20	136	1	2	BA1652	31953	2	3	0	0	0	0	0	0	0	0	0
A	BL	20	136	1	2	BA1652	32512	3	5	1	1	0	0	0	0	0	0	0
A	BL	20	136	1	2	BA1652	32522	5	4	0	0	0	0	0	0	0	0	0
A	BL	20	136	1	2	BA1652	32573	4	0	0	0	0	0	0	1	0	0	0
A	BL	20	136	1	2	BA1652	32583	4	5	1	1	0	0	0	0	0	0	0
A	BL	20	136	1	2	BA1652	32590	5	0	0	0	0	0	0	1	0	0	0
A	BL	20	136	1	2	BA1652	32593	5	4	0	0	0	0	0	0	0	0	0
A	BL	20	136	1	2	BA1652	32637	4	5	1	1	0	0	0	0	0	0	0
A	BL	20	136	1	2	BA1652	32645	5	0	0	0	0	0	0	1	0	0	0
A	BL	20	136	1	2	BA1652	32647	5	4	0	0	0	0	0	0	0	0	0
A	BL	20	136	1	2	BA1652	32654	4	5	1	1	0	0	0	0	0	0	0
A	BL	20	136	1	2	BA1652	32664	5	4	0	0	0	0	0	0	0	0	0
A	BL	20	136	1	2	BA1652	32670	4	0	0	0	0	0	0	1	0	0	0
A	BL	20	136	1	2	BA1652	32691	4	5	1	1	0	0	0	0	0	0	0
A	BL	20	136	1	2	BA1652	32697	5	0	0	0	0	0	0	1	0	0	0
A	BL	20	136	1	2	BA1652	32701	5	9	0	0	0	0	0	0	0	0	0
A	BL	20	136	1	2	BA1652	32711	9	10	0	0	0	0	0	0	0	0	0
A	BL	20	136	1	2	BA1652	32728	10	0	0	1	0	0	0	0	0	0	0
A	BL	20	136	1	2	BA1652	32739	10	0	0	0	0	0	0	1	0	0	0
A	BL	20	136	1	2	BA1652	32740	10	0	0	1	0	0	0	0	0	0	0
A	BL	20	136	1	2	BA1652	32755	10	0	0	0	0	0	0	1	0	0	0
A	BL	20	136	1	2	BA1652	32757	10	0	0	1	0	0	0	0	0	0	0
A	BL	20	136	1	2	BA1652	32786	10	2	0	0	0	0	0	0	0	0	0
A	BL	20	136	1	2	BA1652	32787	2	6	0	0	0	0	0	0	0	0	0
A	BL	20	136	1	2	BA1652	32806	6	0	0	0	0	0	0	1	0	0	0
A	BL	20	136	1	2	BA1652	41467	6	8	2	0	1	0	0	0	0	0	0
A	BL	20	136	1	2	BA1652	41472	8	0	0	0	0	0	0	0	1	0	0
A	BL	20	136	1	2	BA1652	41477	8	7	0	0	0	0	0	0	0	0	0
A	BL	20	136	1	2	BA1652	41689	7	8	2	0	1	0	0	0	0	0	0
A	BL	20	136	1	2	BA1652	41699	8	7	0	0	0	0	0	0	0	0	0
A	BL	20	136	1	2	BA1652	41711	7	0	0	0	0	0	0	0	1	0	0
A	BL	20	136	1	2	BA1652	41751	7	8	2	0	1	0	0	0	0	0	0
A	BL	20	136	1	2	BA1652	41761	8	7	0	0	0	0	0	0	0	0	0
A	BL	20	136	1	2	BA1652	41780	7	0	0	0	0	0	0	0	1	0	0
A	BL	20	136	1	2	BA1652	41894	7	8	2	0	1	0	0	0	0	0	0
A	BL	20	136	1	2	BA1652	41900	8	0	0	0	0	0	0	0	1	0	0
A	BL	20	136	1	2	BA1652	41904	8	7	0	0	0	0	0	0	0	0	0
A	BL	20	136	1	2	BA1652	41905	7	8	2	0	1	0	0	0	0	0	0
A	BL	20	136	1	2	BA1652	41915	8	7	0	0	0	0	0	0	0	0	0
A	BL	20	136	1	2	BA1652	41920	7	0	0	0	0	0	0	0	1	0	0
A	BL	20	136	1	2	BA1652	41925	7	8	2	0	1	0	0	0	0	0	0
A	BL	20	136	1	2	BA1652	41935	8	7	0	0	0	0	0	0	0	0	0
A	BL	20	136	1	2	BA1652	41941	7	0	0	0	0	0	0	0	1	0	0
A	BL	20	136	1	2	BA1652	41954	7	8	2	0	1	0	0	0	0	0	0
A	BL	20	136	1	2	BA1652	41964	8	7	0	0	0	0	0	0	0	0	0
A	BL	20	136	1	2	BA1652	41993	7	0	0	0	0	0	0	0	1	0	0
A	BL	20	136	1	2	BA1652	41998	7	8	2	0	1	0	0	0	0	0	0
A	BL	20	136	1	2	BA1652	42008	8	7	0	0	0	0	0	0	0	0	0
A	BL	20	136	1	2	BA1652	42017	7	0	0	0	0	0	0	0	1	0	0
A	BL	20	136	1	2	BA1652	42022	7	8	2	0	1	0	0	0	0	0	0
A	BL	20	136	1	2	BA1652	42032	8	7	0	0	0	0	0	0	0	0	0
A	BL	20	136	1	2	BA1652	42038	7	0	0	0	0	0	0	0	1	0	0
A	BL	20	136	1	2	BA1652	42262	7	8	2	0	1	0	0	0	0	0	0
A	BL	20	136	1	2	BA1652	42271	8	0	0	0	0	0	0	0	1	0	0
A	BL	20	136	1	2	BA1652	42272	8	7	0	0	0	0	0	0	0	0	0
A	BL	20	136	1	2	BA1652	42298	7	8	2	0	1	0	0	0	0	0	0
A	BL	20	136	1	2	BA1652	42308	8	7	0	0	0	0	0	0	0	0	0
A	BL	20	136	1	2	BA1652	42338	7	0	0	0	0	0	0	0	1	0	0
A	BL	20	136	1	2	BA1652	42346	7	8	2	0	1	0	0	0	0	0	0
A	BL	20	136	1	2	BA1652	42348	8	0	0	0	0	0	0	0	1	0	0
A	BL	20	136	1	2	BA1652	42356	8	7	0	0	0	0	0	0	0	0	0
A	BL	20	136	1	2	BA1652	42533	7	8	2	0	1	0	0	0	0	0	0
A	BL	20	136	1	2	BA1652	42543	8	7	0	0	0	0	0	0	0	0	0
A	BL	20	136	1	2	BA1652	42556	7	0	0	0	0	0	0	0	1	0	0
A	BL	20	136	1	2	BA1652	42561	7	8	2	0	1	0	0	0	0	0	0
A	BL	20	136	1	2	BA1652	42566	8	0	0	0	0	0	0	0	1	0	0
A	BL	20	136	1	2	BA1652	42571	8	7	0	0	0	0	0	0	0	0	0
A	BL	20	136	1	2	BA1652	42572	7	8	2	0	1	0	0	0	0	0	0
A	BL	20	136	1	2	BA1652	42582	8	7	0	0	0	0	0	0	0	0	0
A	BL	20	136	1	2	BA1652	42583	7	0	0	0	0	0	0	0	1	0	0
A	BL	20	136	1	2	BA1652	42586	7	8	2	0	1	0	0	0	0	0	0
A	BL	20	136	1	2	BA1652	42596	8	7	0	0	0	0	0	0	0	0	0
A	BL	20	136	1	2	BA1652	42599	7	0	0	0	0	0	0	0	1	0	0
A	BL	20	136	1	2	BA1652	42655	7	8	2	0	1	0	0	0	0	0	0
A	BL	20	136	1	2	BA1652	42665	8	7	0	0	0	0	0	0	0	0	0
A	BL	20	136	1	2	BA1652	42691	7	0	0	0	0	0	0	0	1	0	0
A	BL	20	136	1	2	BA1652	42696	7	8	2	0	1	0	0	0	0	0	0
A	BL	20	136	1	2	BA1652	42706	8	7	0	0	0	0	0	0	1	0	0
A	BL	20	136	1	2	BA1652	42731	7	8	2	0	1	0	0	0	0	0	0
A	BL	20	136	1	2	BA1652	42741	8	7	0	0	0	0	0	0	0	0	0
A	BL	20	136	1	2	BA1652	42746	7	0	0	0	0	0	0	0	1	0	0
A	BL	20	136	1	2	BA1652	42778	7	8	2	0	1	0	0	0	0	0	0
A	BL	20	136	1	2	BA1652	42788	8	9	0	0	0	0	0	0	0	0	0
A	BL	20	136	1	2	BA1652	42798	9	10	0	0	0	0	0	0	0	0	0
A	BL	20	136	1	2	BA1652	42803	10	0	0	0	0	0	0	0	1	0	0
A	BL	20	136	1	2	BA1652	42873	10	2	0	0	0	0	0	0	0	0	0
A	BL	20	136	1	2	BA1652	42874	2	3	0	0	0	0	0	0	0	0	0
A	BL	20	136	1	2	BA1652	43579	3	5	1	1	0	0	0	0	0	0	0
A	BL	20	136	1	2	BA1652	43589	5	4	0	0	0	0	0	0	0	0	0
A	BL	20	136	1	2	BA1652	43625	4	0	0	0	0	0	0	1	0	0	0
A	BL	20	136	1	2	BA1652	43634	4	5	1	1	0	0	0	0	0	0	0
A	BL	20	136	1	2	BA1652	43643	5	0	0	0	0	0	0	1	0	0	0
A	BL	20	136	1	2	BA1652	43644	5	4	0	0	0	0	0	0	0	0	0
A	BL	20	136	1	2	BA1652	43654	4	5	1	1	0	0	0	0	0	0	0
A	BL	20	136	1	2	BA1652	43664	5	4	0	0	0	0	0	0	0	0	0
A	BL	20	136	1	2	BA1652	43684	4	0	0	0	0	0	0	1	0	0	0
A	BL	20	136	1	2	BA1652	43760	4	5	1	1	0	0	0	0	0	0	0
A	BL	20	136	1	2	BA1652	43768	5	0	0	0	0	0	0	1	0	0	0
A	BL	20	136	1	2	BA1652	43770	5	4	0	0	0	0	0	0	0	0	0
A	BL	20	136	1	2	BA1652	43950	4	5	1	1	0	0	0	0	0	0	0
A	BL	20	136	1	2	BA1652	43960	5	9	0	0	0	0	0	0	0	0	0
A	BL	20	136	1	2	BA1652	43969	9	0	0	0	0	0	0	1	0	0	0
A	BL	20	136	1	2	BA1652	43970	9	10	0	0	0	0	0	0	0	0	0
A	BL	20	136	1	2	BA1652	44045	10	2	0	0	0	0	0	0	0	0	0
A	BL	20	136	1	2	BA1652	44046	2	3	0	0	0	0	0	0	0	0	0
A	BL	20	136	1	2	BA1652	44687	3	5	1	1	0	0	0	0	0	0	0
A	BL	20	136	1	2	BA1652	44697	5	4	0	0	0	0	0	0	0	0	0
A	BL	20	136	1	2	BA1652	44731	4	0	0	0	0	0	0	1	0	0	0
A	BL	20	136	1	2	BA1652	44734	4	5	1	1	0	0	0	0	0	0	0
A	BL	20	136	1	2	BA1652	44740	5	0	0	0	0	0	0	1	0	0	0
A	BL	20	136	1	2	BA1652	44744	5	4	0	0	0	0	0	0	0	0	0
A	BL	20	136	1	2	BA1652	44868	4	5	1	1	0	0	0	0	0	0	0
A	BL	20	136	1	2	BA1652	44878	5	4	0	0	0	0	0	0	0	0	0
A	BL	20	136	1	2	BA1652	44909	4	0	0	0	0	0	0	1	0	0	0
A	BL	20	136	1	2	BA1652	44917	4	5	1	1	0	0	0	0	0	0	0
A	BL	20	136	1	2	BA1652	44923	5	0	0	0	0	0	0	1	0	0	0
A	BL	20	136	1	2	BA1652	44924	5	0	0	1	0	0	0	0	0	0	0
A	BL	20	136	1	2	BA1652	44927	5	4	0	0	0	0	0	0	0	0	0
A	BL	20	136	1	2	BA1652	44943	4	0	0	0	0	0	0	1	0	0	0
A	BL	20	136	1	2	BA1652	45003	4	5	1	1	0	0	0	0	0	0	0
A	BL	20	136	1	2	BA1652	45010	5	0	0	0	0	0	0	1	0	0	0
A	BL	20	136	1	2	BA1652	45013	5	9	0	0	0	0	0	0	0	0	0
A	BL	20	136	1	2	BA1652	45019	9	0	0	1	0	0	0	0	0	0	0
A	BL	20	136	1	2	BA1652	45022	9	0	0	0	0	0	0	1	0	0	0
A	BL	20	136	1	2	BA1652	45023	9	10	0	0	0	0	0	0	0	0	0
A	BL	20	136	1	2	BA1652	45098	10	2	0	0	0	0	0	0	0	0	0
A	BL	20	136	1	2	BA1652	45099	2	3	0	0	0	0	0	0	0	0	0
A	BL	20	136	1	2	BA1652	46124	3	5	1	1	0	0	0	0	0	0	0
A	BL	20	136	1	2	BA1652	46134	5	4	0	0	0	0	0	0	0	0	0
A	BL	20	136	1	2	BA1652	46196	4	0	0	0	0	0	0	1	0	0	0
A	BL	20	136	1	2	BA1652	46215	4	5	1	1	0	0	0	0	0	0	0
A	BL	20	136	1	2	BA1652	46225	5	4	0	0	0	0	0	0	0	0	0
A	BL	20	136	1	2	BA1652	46230	4	0	0	0	0	0	0	1	0	0	0
A	BL	20	136	1	2	BA1652	46232	4	5	1	1	0	0	0	0	0	0	0
A	BL	20	136	1	2	BA1652	46242	5	4	0	0	0	0	0	0	0	0	0
A	BL	20	136	1	2	BA1652	46271	4	0	0	0	0	0	0	1	0	0	0
A	BL	20	136	1	2	BA1652	46311	4	5	1	1	0	0	0	0	0	0	0
A	BL	20	136	1	2	BA1652	46319	5	0	0	0	0	0	0	1	0	0	0
A	BL	20	136	1	2	BA1652	46321	5	4	0	0	0	0	0	0	0	0	0
A	BL	20	136	1	2	BA1652	46336	4	5	1	1	0	0	0	0	0	0	0
A	BL	20	136	1	2	BA1652	46346	5	9	0	0	0	0	0	0	0	0	0
A	BL	20	136	1	2	BA1652	46354	9	0	0	0	0	0	0	1	0	0	0
A	BL	20	136	1	2	BA1652	46356	9	10	0	0	0	0	0	0	0	0	0
A	BL	20	136	1	2	BA1652	46358	10	0	0	1	0	0	0	0	0	0	0
A	BL	20	136	1	2	BA1652	46372	10	0	0	0	0	0	0	1	0	0	0
A	BL	20	136	1	2	BA1652	46431	10	2	0	0	0	0	0	0	0	0	0
A	BL	20	136	1	2	BA1652	46432	2	6	0	0	0	0	0	0	0	0	0
A	BL	20	136	1	2	BA1652	67969	6	8	2	0	1	0	0	0	0	0	0
A	BL	20	136	1	2	BA1652	67979	8	7	0	0	0	0	0	0	0	0	0
A	BL	20	136	1	2	BA1652	67995	7	0	0	0	0	0	0	0	1	0	0
A	BL	20	136	1	2	BA1652	68013	7	8	2	0	1	0	0	0	0	0	0
A	BL	20	136	1	2	BA1652	68023	8	7	0	0	0	0	0	0	0	0	0
A	BL	20	136	1	2	BA1652	68030	7	0	0	0	0	0	0	0	1	0	0
A	BL	20	136	1	2	BA1652	68182	7	8	2	0	1	0	0	0	0	0	0
A	BL	20	136	1	2	BA1652	68186	8	0	0	0	0	0	0	0	1	0	0
A	BL	20	136	1	2	BA1652	68192	8	7	0	0	0	0	0	0	0	0	0
A	BL	20	136	1	2	BA1652	68574	7	8	2	0	1	0	0	0	0	0	0
A	BL	20	136	1	2	BA1652	68584	8	7	0	0	0	0	0	0	0	0	0
A	BL	20	136	1	2	BA1652	68623	7	0	0	0	0	0	0	0	1	0	0
A	BL	20	136	1	2	BA1652	68755	7	8	2	0	1	0	0	0	0	0	0
A	BL	20	136	1	2	BA1652	68761	8	0	0	0	0	0	0	0	1	0	0
A	BL	20	136	1	2	BA1652	68765	8	7	0	0	0	0	0	0	0	0	0
A	BL	20	136	1	2	BA1652	68822	7	8	2	0	1	0	0	0	0	0	0
A	BL	20	136	1	2	BA1652	68826	8	0	0	0	0	0	0	0	1	0	0
A	BL	20	136	1	2	BA1652	68832	8	7	0	0	0	0	0	0	0	0	0
A	BL	20	136	1	2	BA1652	68885	7	8	2	0	1	0	0	0	0	0	0
A	BL	20	136	1	2	BA1652	68894	8	0	0	0	0	0	0	0	1	0	0
A	BL	20	136	1	2	BA1652	68895	8	7	0	0	0	0	0	0	0	0	0
A	BL	20	136	1	2	BA1652	68949	7	8	2	0	1	0	0	0	0	0	0
A	BL	20	136	1	2	BA1652	68958	8	0	0	0	0	0	0	0	1	0	0
A	BL	20	136	1	2	BA1652	68959	8	7	0	0	0	0	0	0	0	0	0
A	BL	20	136	1	2	BA1652	69037	7	8	2	0	1	0	0	0	0	0	0
A	BL	20	136	1	2	BA1652	69039	8	0	0	0	0	0	0	0	1	0	0
A	BL	20	136	1	2	BA1652	69047	8	7	0	0	0	0	0	0	0	0	0
A	BL	20	136	1	2	BA1652	69062	7	8	2	0	1	0	0	0	0	0	0
A	BL	20	136	1	2	BA1652	69072	8	7	0	0	0	0	0	0	0	0	0
A	BL	20	136	1	2	BA1652	69162	7	0	0	0	0	0	0	0	1	0	0
A	BL	20	136	1	2	BA1652	69166	7	8	2	0	1	0	0	0	0	0	0
A	BL	20	136	1	2	BA1652	69170	8	0	0	0	0	0	0	0	1	0	0
A	BL	20	136	1	2	BA1652	69172	8	0	0	0	1	0	0	0	0	0	0
A	BL	20	136	1	2	BA1652	69176	8	7	0	0	0	0	0	0	0	0	0
A	BL	20	136	1	2	BA1652	69206	7	0	0	0	0	0	0	0	1	0	0
A	BL	20	136	1	2	BA1652	69207	7	8	2	0	1	0	0	0	0	0	0
A	BL	20	136	1	2	BA1652	69217	8	7	0	0	0	0	0	0	0	0	0
A	BL	20	136	1	2	BA1652	69234	7	0	0	0	0	0	0	0	1	0	0
A	BL	20	136	1	2	BA1652	69243	7	8	2	0	1	0	0	0	0	0	0
A	BL	20	136	1	2	BA1652	69253	8	7	0	0	0	0	0	0	0	0	0
A	BL	20	136	1	2	BA1652	69255	7	0	0	0	0	0	0	0	1	0	0
A	BL	20	136	1	2	BA1652	69280	7	8	2	0	1	0	0	0	0	0	0
A	BL	20	136	1	2	BA1652	69290	8	7	0	0	0	0	0	0	0	0	0
A	BL	20	136	1	2	BA1652	69304	7	0	0	0	0	0	0	0	1	0	0
A	BL	20	136	1	2	BA1652	69310	7	8	2	0	1	0	0	0	0	0	0
A	BL	20	136	1	2	BA1652	69320	8	7	0	0	0	0	0	0	0	0	0
A	BL	20	136	1	2	BA1652	69348	7	0	0	0	0	0	0	0	1	0	0
A	BL	20	136	1	2	BA1652	69489	7	8	2	0	1	0	0	0	0	0	0
A	BL	20	136	1	2	BA1652	69497	8	0	0	0	0	0	0	0	1	0	0
A	BL	20	136	1	2	BA1652	69499	8	7	0	0	0	0	0	0	0	0	0
A	BL	20	136	1	2	BA1652	69501	7	8	2	0	1	0	0	0	0	0	0
A	BL	20	136	1	2	BA1652	69511	8	7	0	0	0	0	0	0	0	0	0
A	BL	20	136	1	2	BA1652	69557	7	0	0	0	0	0	0	0	1	0	0
A	BL	20	136	1	2	BA1652	69574	7	8	2	0	1	0	0	0	0	0	0
A	BL	20	136	1	2	BA1652	69584	8	7	0	0	0	0	0	0	0	0	0
A	BL	20	136	1	2	BA1652	69606	7	0	0	0	0	0	0	0	1	0	0
A	BL	20	136	1	2	BA1652	69628	7	8	2	0	1	0	0	0	0	0	0
A	BL	20	136	1	2	BA1652	69631	8	0	0	0	0	0	0	0	1	0	0
A	BL	20	136	1	2	BA1652	69636	8	0	0	0	1	0	0	0	0	0	0
A	BL	20	136	1	2	BA1652	69638	8	7	0	0	0	0	0	0	0	0	0
A	BL	20	136	1	2	BA1652	69654	7	0	0	0	0	0	0	0	1	0	0
A	BL	20	136	1	2	BA1652	69656	7	8	2	0	1	0	0	0	0	0	0
A	BL	20	136	1	2	BA1652	69666	8	9	0	0	0	0	0	0	0	0	0
A	BL	20	136	1	2	BA1652	69676	9	10	0	0	0	0	0	0	1	0	0
A	BL	20	136	1	2	BA1652	69751	10	2	0	0	0	0	0	0	0	0	0
A	BL	20	136	1	2	BA1652	69752	2	6	0	0	0	0	0	0	0	0	0
A	BL	20	136	1	2	BA1652	73392	6	8	2	0	1	0	0	0	0	0	0
A	BL	20	136	1	2	BA1652	73402	8	7	0	0	0	0	0	0	0	0	0
A	BL	20	136	1	2	BA1652	73403	7	0	0	0	0	0	0	0	1	0	0
A	BL	20	136	1	2	BA1652	73406	7	8	2	0	1	0	0	0	0	0	0
A	BL	20	136	1	2	BA1652	73416	8	7	0	0	0	0	0	0	0	0	0
A	BL	20	136	1	2	BA1652	73434	7	0	0	0	0	0	0	0	1	0	0
A	BL	20	136	1	2	BA1652	180000	7	-1	0	0	0	0	0	0	0	0	0
