Project	UserID	Protocol	Session	Station	Run	Subject	Time	Current State	Transition State	Transition Event	A1 - LEFT	A2 - RIGH	A3 - 	A4 - 	A[1] LEFT	A[2] RIGH	A[3] 	A[4] 
A	BL	25	131	1	2	BA1652	0	0	1	0	0	0	0	0	0	0	0	0
A	BL	25	131	1	2	BA1652	50	1	2	0	0	0	0	0	0	0	0	0
A	BL	25	131	1	2	BA1652	51	2	3	0	0	0	0	0	0	0	0	0
A	BL	25	131	1	2	BA1652	896	3	5	1	1	0	0	0	0	0	0	0
A	BL	25	131	1	2	BA1652	906	5	4	0	0	0	0	0	0	0	0	0
A	BL	25	131	1	2	BA1652	907	4	0	0	0	0	0	0	1	0	0	0
A	BL	25	131	1	2	BA1652	908	4	5	1	1	0	0	0	0	0	0	0
A	BL	25	131	1	2	BA1652	911	5	0	0	0	0	0	0	1	0	0	0
A	BL	25	131	1	2	BA1652	912	5	0	0	1	0	0	0	0	0	0	0
A	BL	25	131	1	2	BA1652	917	5	0	0	0	0	0	0	1	0	0	0
A	BL	25	131	1	2	BA1652	918	5	4	0	0	0	0	0	0	0	0	0
A	BL	25	131	1	2	BA1652	959	4	5	1	1	0	0	0	0	0	0	0
A	BL	25	131	1	2	BA1652	963	5	0	0	0	0	0	0	1	0	0	0
A	BL	25	131	1	2	BA1652	969	5	4	0	0	0	0	0	0	0	0	0
A	BL	25	131	1	2	BA1652	976	4	5	1	1	0	0	0	0	0	0	0
A	BL	25	131	1	2	BA1652	981	5	0	0	1	0	0	0	1	0	0	0
A	BL	25	131	1	2	BA1652	985	5	0	0	0	0	0	0	1	0	0	0
A	BL	25	131	1	2	BA1652	986	5	4	0	0	0	0	0	0	0	0	0
A	BL	25	131	1	2	BA1652	987	4	5	1	1	0	0	0	0	0	0	0
A	BL	25	131	1	2	BA1652	989	5	0	0	0	0	0	0	1	0	0	0
A	BL	25	131	1	2	BA1652	993	5	0	0	1	0	0	0	0	0	0	0
A	BL	25	131	1	2	BA1652	997	5	4	0	0	0	0	0	0	0	0	0
A	BL	25	131	1	2	BA1652	1006	4	0	0	0	0	0	0	1	0	0	0
A	BL	25	131	1	2	BA1652	1012	4	5	1	1	0	0	0	0	0	0	0
A	BL	25	131	1	2	BA1652	1014	5	0	0	0	0	0	0	1	0	0	0
A	BL	25	131	1	2	BA1652	1022	5	4	0	0	0	0	0	0	0	0	0
A	BL	25	131	1	2	BA1652	1026	4	5	1	1	0	0	0	0	0	0	0
A	BL	25	131	1	2	BA1652	1036	5	4	0	0	0	0	0	0	0	0	0
A	BL	25	131	1	2	BA1652	1045	4	0	0	0	0	0	0	1	0	0	0
A	BL	25	131	1	2	BA1652	1089	4	5	1	1	0	0	0	0	0	0	0
A	BL	25	131	1	2	BA1652	1093	5	0	0	0	0	0	0	1	0	0	0
A	BL	25	131	1	2	BA1652	1099	5	4	0	1	0	0	0	0	0	0	0
A	BL	25	131	1	2	BA1652	1103	4	0	0	0	0	0	0	1	0	0	0
A	BL	25	131	1	2	BA1652	1157	4	5	1	1	0	0	0	0	0	0	0
A	BL	25	131	1	2	BA1652	1159	5	0	0	0	0	0	0	1	0	0	0
A	BL	25	131	1	2	BA1652	1166	5	0	0	1	0	0	0	0	0	0	0
A	BL	25	131	1	2	BA1652	1167	5	4	0	0	0	0	0	0	0	0	0
A	BL	25	131	1	2	BA1652	1172	4	0	0	0	0	0	0	1	0	0	0
A	BL	25	131	1	2	BA1652	1182	4	5	1	1	0	0	0	0	0	0	0
A	BL	25	131	1	2	BA1652	1186	5	0	0	0	0	0	0	1	0	0	0
A	BL	25	131	1	2	BA1652	1192	5	4	0	1	0	0	0	0	0	0	0
A	BL	25	131	1	2	BA1652	1196	4	0	0	0	0	0	0	1	0	0	0
A	BL	25	131	1	2	BA1652	1205	4	5	1	1	0	0	0	0	0	0	0
A	BL	25	131	1	2	BA1652	1215	5	4	0	0	0	0	0	0	0	0	0
A	BL	25	131	1	2	BA1652	1221	4	0	0	0	0	0	0	1	0	0	0
A	BL	25	131	1	2	BA1652	1229	4	5	1	1	0	0	0	0	0	0	0
A	BL	25	131	1	2	BA1652	1231	5	0	0	0	0	0	0	1	0	0	0
A	BL	25	131	1	2	BA1652	1239	5	4	0	0	0	0	0	0	0	0	0
A	BL	25	131	1	2	BA1652	1247	4	5	1	1	0	0	0	0	0	0	0
A	BL	25	131	1	2	BA1652	1257	5	4	0	0	0	0	0	0	0	0	0
A	BL	25	131	1	2	BA1652	1266	4	0	0	0	0	0	0	1	0	0	0
A	BL	25	131	1	2	BA1652	1286	4	5	1	1	0	0	0	0	0	0	0
A	BL	25	131	1	2	BA1652	1290	5	0	0	0	0	0	0	1	0	0	0
A	BL	25	131	1	2	BA1652	1296	5	4	0	0	0	0	0	0	0	0	0
A	BL	25	131	1	2	BA1652	1337	4	5	1	1	0	0	0	0	0	0	0
A	BL	25	131	1	2	BA1652	1340	5	0	0	0	0	0	0	1	0	0	0
A	BL	25	131	1	2	BA1652	1347	5	4	0	0	0	0	0	0	0	0	0
A	BL	25	131	1	2	BA1652	1416	4	5	1	1	0	0	0	0	0	0	0
A	BL	25	131	1	2	BA1652	1420	5	0	0	0	0	0	0	1	0	0	0
A	BL	25	131	1	2	BA1652	1426	5	4	0	0	0	0	0	0	0	0	0
A	BL	25	131	1	2	BA1652	1434	4	5	1	1	0	0	0	0	0	0	0
A	BL	25	131	1	2	BA1652	1444	5	4	0	0	0	0	0	0	0	0	0
A	BL	25	131	1	2	BA1652	1453	4	0	0	0	0	0	0	1	0	0	0
A	BL	25	131	1	2	BA1652	1471	4	5	1	1	0	0	0	0	0	0	0
A	BL	25	131	1	2	BA1652	1481	5	4	0	0	0	0	0	0	0	0	0
A	BL	25	131	1	2	BA1652	1518	4	0	0	0	0	0	0	1	0	0	0
A	BL	25	131	1	2	BA1652	4996	4	5	1	1	0	0	0	0	0	0	0
A	BL	25	131	1	2	BA1652	5006	5	4	0	0	0	0	0	0	0	0	0
A	BL	25	131	1	2	BA1652	5038	4	0	0	0	0	0	0	1	0	0	0
A	BL	25	131	1	2	BA1652	5172	4	5	1	1	0	0	0	0	0	0	0
A	BL	25	131	1	2	BA1652	5176	5	0	0	0	0	0	0	1	0	0	0
A	BL	25	131	1	2	BA1652	5182	5	4	0	0	0	0	0	0	0	0	0
A	BL	25	131	1	2	BA1652	5199	4	5	1	1	0	0	0	0	0	0	0
A	BL	25	131	1	2	BA1652	5209	5	4	0	0	0	0	0	0	0	0	0
A	BL	25	131	1	2	BA1652	5210	4	0	0	0	0	0	0	1	0	0	0
A	BL	25	131	1	2	BA1652	5268	4	5	1	1	0	0	0	0	0	0	0
A	BL	25	131	1	2	BA1652	5275	5	0	0	0	0	0	0	1	0	0	0
A	BL	25	131	1	2	BA1652	5278	5	4	0	0	0	0	0	0	0	0	0
A	BL	25	131	1	2	BA1652	5319	4	5	1	1	0	0	0	0	0	0	0
A	BL	25	131	1	2	BA1652	5329	5	4	0	0	0	0	0	0	0	0	0
A	BL	25	131	1	2	BA1652	5378	4	0	0	0	0	0	0	1	0	0	0
A	BL	25	131	1	2	BA1652	5469	4	5	1	1	0	0	0	0	0	0	0
A	BL	25	131	1	2	BA1652	5474	5	0	0	0	0	0	0	1	0	0	0
A	BL	25	131	1	2	BA1652	5476	5	0	0	1	0	0	0	0	0	0	0
A	BL	25	131	1	2	BA1652	5479	5	4	0	0	0	0	0	0	0	0	0
A	BL	25	131	1	2	BA1652	5507	4	0	0	0	0	0	0	1	0	0	0
A	BL	25	131	1	2	BA1652	5567	4	5	1	1	0	0	0	0	0	0	0
A	BL	25	131	1	2	BA1652	5569	5	0	0	0	0	0	0	1	0	0	0
A	BL	25	131	1	2	BA1652	5574	5	0	0	1	0	0	0	0	0	0	0
A	BL	25	131	1	2	BA1652	5576	5	0	0	0	0	0	0	1	0	0	0
A	BL	25	131	1	2	BA1652	5577	5	4	0	0	0	0	0	0	0	0	0
A	BL	25	131	1	2	BA1652	5580	4	5	1	1	0	0	0	0	0	0	0
A	BL	25	131	1	2	BA1652	5583	5	0	0	0	0	0	0	1	0	0	0
A	BL	25	131	1	2	BA1652	5587	5	0	0	1	0	0	0	0	0	0	0
A	BL	25	131	1	2	BA1652	5590	5	4	0	0	0	0	0	0	0	0	0
A	BL	25	131	1	2	BA1652	5599	4	0	0	0	0	0	0	1	0	0	0
A	BL	25	131	1	2	BA1652	5604	4	5	1	1	0	0	0	0	0	0	0
A	BL	25	131	1	2	BA1652	5607	5	0	0	0	0	0	0	1	0	0	0
A	BL	25	131	1	2	BA1652	5614	5	4	0	0	0	0	0	0	0	0	0
A	BL	25	131	1	2	BA1652	5626	4	5	1	1	0	0	0	0	0	0	0
A	BL	25	131	1	2	BA1652	5629	5	0	0	0	0	0	0	1	0	0	0
A	BL	25	131	1	2	BA1652	5636	5	4	0	0	0	0	0	0	0	0	0
A	BL	25	131	1	2	BA1652	5641	4	5	1	1	0	0	0	0	0	0	0
A	BL	25	131	1	2	BA1652	5645	5	0	0	0	0	0	0	1	0	0	0
A	BL	25	131	1	2	BA1652	5647	5	0	0	1	0	0	0	0	0	0	0
A	BL	25	131	1	2	BA1652	5651	5	4	0	0	0	0	0	0	0	0	0
A	BL	25	131	1	2	BA1652	5652	4	0	0	0	0	0	0	1	0	0	0
A	BL	25	131	1	2	BA1652	5656	4	5	1	1	0	0	0	0	0	0	0
A	BL	25	131	1	2	BA1652	5666	5	4	0	0	0	0	0	0	0	0	0
A	BL	25	131	1	2	BA1652	5669	4	0	0	0	0	0	0	1	0	0	0
A	BL	25	131	1	2	BA1652	5680	4	5	1	1	0	0	0	0	0	0	0
A	BL	25	131	1	2	BA1652	5683	5	0	0	0	0	0	0	1	0	0	0
A	BL	25	131	1	2	BA1652	5686	5	0	0	1	0	0	0	0	0	0	0
A	BL	25	131	1	2	BA1652	5690	5	4	0	0	0	0	0	1	0	0	0
A	BL	25	131	1	2	BA1652	5692	4	5	1	1	0	0	0	0	0	0	0
A	BL	25	131	1	2	BA1652	5701	5	0	0	0	0	0	0	1	0	0	0
A	BL	25	131	1	2	BA1652	5702	5	4	0	0	0	0	0	0	0	0	0
A	BL	25	131	1	2	BA1652	5765	4	5	1	1	0	0	0	0	0	0	0
A	BL	25	131	1	2	BA1652	5775	5	4	0	0	0	0	0	0	0	0	0
A	BL	25	131	1	2	BA1652	5777	4	0	0	0	0	0	0	1	0	0	0
A	BL	25	131	1	2	BA1652	5808	4	5	1	1	0	0	0	0	0	0	0
A	BL	25	131	1	2	BA1652	5818	5	4	0	0	0	0	0	0	0	0	0
A	BL	25	131	1	2	BA1652	5822	4	0	0	0	0	0	0	1	0	0	0
A	BL	25	131	1	2	BA1652	5994	4	5	1	1	0	0	0	0	0	0	0
A	BL	25	131	1	2	BA1652	6004	5	4	0	0	0	0	0	0	0	0	0
A	BL	25	131	1	2	BA1652	6086	4	0	0	0	0	0	0	1	0	0	0
A	BL	25	131	1	2	BA1652	6101	4	5	1	1	0	0	0	0	0	0	0
A	BL	25	131	1	2	BA1652	6111	5	4	0	0	0	0	0	0	0	0	0
A	BL	25	131	1	2	BA1652	6118	4	0	0	0	0	0	0	1	0	0	0
A	BL	25	131	1	2	BA1652	6127	4	5	1	1	0	0	0	0	0	0	0
A	BL	25	131	1	2	BA1652	6137	5	4	0	0	0	0	0	0	0	0	0
A	BL	25	131	1	2	BA1652	6154	4	0	0	0	0	0	0	1	0	0	0
A	BL	25	131	1	2	BA1652	6217	4	5	1	1	0	0	0	0	0	0	0
A	BL	25	131	1	2	BA1652	6227	5	4	0	0	0	0	0	0	0	0	0
A	BL	25	131	1	2	BA1652	6261	4	0	0	0	0	0	0	1	0	0	0
A	BL	25	131	1	2	BA1652	6275	4	5	1	1	0	0	0	0	0	0	0
A	BL	25	131	1	2	BA1652	6284	5	0	0	0	0	0	0	1	0	0	0
A	BL	25	131	1	2	BA1652	6285	5	4	0	0	0	0	0	0	0	0	0
A	BL	25	131	1	2	BA1652	6349	4	5	1	1	0	0	0	0	0	0	0
A	BL	25	131	1	2	BA1652	6359	5	9	0	0	0	0	0	0	0	0	0
A	BL	25	131	1	2	BA1652	6369	9	10	0	0	0	0	0	1	0	0	0
A	BL	25	131	1	2	BA1652	6444	10	2	0	0	0	0	0	0	0	0	0
A	BL	25	131	1	2	BA1652	6445	2	6	0	0	0	0	0	0	0	0	0
A	BL	25	131	1	2	BA1652	6577	6	0	0	1	0	0	0	0	0	0	0
A	BL	25	131	1	2	BA1652	6655	6	0	0	0	0	0	0	1	0	0	0
A	BL	25	131	1	2	BA1652	6659	6	0	0	1	0	0	0	0	0	0	0
A	BL	25	131	1	2	BA1652	6664	6	0	0	0	0	0	0	1	0	0	0
A	BL	25	131	1	2	BA1652	6692	6	0	0	1	0	0	0	0	0	0	0
A	BL	25	131	1	2	BA1652	6695	6	0	0	0	0	0	0	1	0	0	0
A	BL	25	131	1	2	BA1652	6878	6	8	2	0	1	0	0	0	0	0	0
A	BL	25	131	1	2	BA1652	6887	8	0	0	0	0	0	0	0	1	0	0
A	BL	25	131	1	2	BA1652	6888	8	7	0	0	0	0	0	0	0	0	0
A	BL	25	131	1	2	BA1652	6911	7	8	2	0	1	0	0	0	0	0	0
A	BL	25	131	1	2	BA1652	6921	8	7	0	0	0	0	0	0	0	0	0
A	BL	25	131	1	2	BA1652	6955	7	0	0	0	0	0	0	0	1	0	0
A	BL	25	131	1	2	BA1652	6959	7	8	2	0	1	0	0	0	0	0	0
A	BL	25	131	1	2	BA1652	6968	8	0	0	0	0	0	0	0	1	0	0
A	BL	25	131	1	2	BA1652	6969	8	7	0	0	0	0	0	0	0	0	0
A	BL	25	131	1	2	BA1652	7017	7	8	2	0	1	0	0	0	0	0	0
A	BL	25	131	1	2	BA1652	7019	8	0	0	0	0	0	0	0	1	0	0
A	BL	25	131	1	2	BA1652	7022	8	0	0	0	1	0	0	0	0	0	0
A	BL	25	131	1	2	BA1652	7023	8	0	0	0	0	0	0	0	1	0	0
A	BL	25	131	1	2	BA1652	7027	8	7	0	0	0	0	0	0	0	0	0
A	BL	25	131	1	2	BA1652	7028	7	8	2	0	1	0	0	0	0	0	0
A	BL	25	131	1	2	BA1652	7038	8	7	0	0	0	0	0	0	0	0	0
A	BL	25	131	1	2	BA1652	7053	7	0	0	0	0	0	0	0	1	0	0
A	BL	25	131	1	2	BA1652	7064	7	8	2	0	1	0	0	0	0	0	0
A	BL	25	131	1	2	BA1652	7074	8	7	0	0	0	0	0	0	0	0	0
A	BL	25	131	1	2	BA1652	7103	7	0	0	0	0	0	0	0	1	0	0
A	BL	25	131	1	2	BA1652	7170	7	8	2	0	1	0	0	0	0	0	0
A	BL	25	131	1	2	BA1652	7172	8	0	0	0	0	0	0	0	1	0	0
A	BL	25	131	1	2	BA1652	7177	8	0	0	0	1	0	0	0	0	0	0
A	BL	25	131	1	2	BA1652	7180	8	7	0	0	0	0	0	0	0	0	0
A	BL	25	131	1	2	BA1652	7187	7	0	0	0	0	0	0	0	1	0	0
A	BL	25	131	1	2	BA1652	7190	7	8	2	0	1	0	0	0	0	0	0
A	BL	25	131	1	2	BA1652	7195	8	0	0	0	0	0	0	0	1	0	0
A	BL	25	131	1	2	BA1652	7196	8	0	0	0	1	0	0	0	0	0	0
A	BL	25	131	1	2	BA1652	7200	8	7	0	0	0	0	0	0	0	0	0
A	BL	25	131	1	2	BA1652	7208	7	0	0	0	0	0	0	0	1	0	0
A	BL	25	131	1	2	BA1652	7227	7	8	2	0	1	0	0	0	0	0	0
A	BL	25	131	1	2	BA1652	7230	8	0	0	0	0	0	0	0	1	0	0
A	BL	25	131	1	2	BA1652	7231	8	0	0	0	1	0	0	0	0	0	0
A	BL	25	131	1	2	BA1652	7237	8	7	0	0	0	0	0	0	0	0	0
A	BL	25	131	1	2	BA1652	7247	7	0	0	0	0	0	0	0	1	0	0
A	BL	25	131	1	2	BA1652	7249	7	8	2	0	1	0	0	0	0	0	0
A	BL	25	131	1	2	BA1652	7259	8	7	0	0	0	0	0	0	0	0	0
A	BL	25	131	1	2	BA1652	7261	7	0	0	0	0	0	0	0	1	0	0
A	BL	25	131	1	2	BA1652	7265	7	8	2	0	1	0	0	0	0	0	0
A	BL	25	131	1	2	BA1652	7268	8	0	0	0	0	0	0	0	1	0	0
A	BL	25	131	1	2	BA1652	7275	8	7	0	0	0	0	0	0	0	0	0
A	BL	25	131	1	2	BA1652	7328	7	8	2	0	1	0	0	0	0	0	0
A	BL	25	131	1	2	BA1652	7338	8	7	0	0	0	0	0	0	0	0	0
A	BL	25	131	1	2	BA1652	7363	7	0	0	0	0	0	0	0	1	0	0
A	BL	25	131	1	2	BA1652	7364	7	8	2	0	1	0	0	0	0	0	0
A	BL	25	131	1	2	BA1652	7374	8	7	0	0	0	0	0	0	0	0	0
A	BL	25	131	1	2	BA1652	7382	7	0	0	0	0	0	0	0	1	0	0
A	BL	25	131	1	2	BA1652	7398	7	8	2	0	1	0	0	0	0	0	0
A	BL	25	131	1	2	BA1652	7408	8	7	0	0	0	0	0	0	0	0	0
A	BL	25	131	1	2	BA1652	7413	7	0	0	0	0	0	0	0	1	0	0
A	BL	25	131	1	2	BA1652	7416	7	8	2	0	1	0	0	0	0	0	0
A	BL	25	131	1	2	BA1652	7421	8	0	0	0	0	0	0	0	1	0	0
A	BL	25	131	1	2	BA1652	7426	8	7	0	0	0	0	0	0	0	0	0
A	BL	25	131	1	2	BA1652	7448	7	8	2	0	1	0	0	0	0	0	0
A	BL	25	131	1	2	BA1652	7451	8	0	0	0	0	0	0	0	1	0	0
A	BL	25	131	1	2	BA1652	7452	8	0	0	0	1	0	0	0	0	0	0
A	BL	25	131	1	2	BA1652	7458	8	7	0	0	0	0	0	0	0	0	0
A	BL	25	131	1	2	BA1652	7459	7	0	0	0	0	0	0	0	1	0	0
A	BL	25	131	1	2	BA1652	8312	7	8	2	0	1	0	0	0	0	0	0
A	BL	25	131	1	2	BA1652	8322	8	7	0	0	0	0	0	0	0	0	0
A	BL	25	131	1	2	BA1652	8329	7	0	0	0	0	0	0	0	1	0	0
A	BL	25	131	1	2	BA1652	8335	7	8	2	0	1	0	0	0	0	0	0
A	BL	25	131	1	2	BA1652	8345	8	7	0	0	0	0	0	0	0	0	0
A	BL	25	131	1	2	BA1652	8348	7	0	0	0	0	0	0	0	1	0	0
A	BL	25	131	1	2	BA1652	8373	7	8	2	0	1	0	0	0	0	0	0
A	BL	25	131	1	2	BA1652	8383	8	7	0	0	0	0	0	0	0	0	0
A	BL	25	131	1	2	BA1652	8439	7	0	0	0	0	0	0	0	1	0	0
A	BL	25	131	1	2	BA1652	8459	7	8	2	0	1	0	0	0	0	0	0
A	BL	25	131	1	2	BA1652	8469	8	7	0	0	0	0	0	0	0	0	0
A	BL	25	131	1	2	BA1652	8472	7	0	0	0	0	0	0	0	1	0	0
A	BL	25	131	1	2	BA1652	8542	7	8	2	0	1	0	0	0	0	0	0
A	BL	25	131	1	2	BA1652	8546	8	0	0	0	0	0	0	0	1	0	0
A	BL	25	131	1	2	BA1652	8547	8	0	0	0	1	0	0	0	0	0	0
A	BL	25	131	1	2	BA1652	8552	8	7	0	0	0	0	0	0	0	0	0
A	BL	25	131	1	2	BA1652	8554	7	0	0	0	0	0	0	0	1	0	0
A	BL	25	131	1	2	BA1652	8555	7	8	2	0	1	0	0	0	0	0	0
A	BL	25	131	1	2	BA1652	8565	8	7	0	0	0	0	0	0	0	0	0
A	BL	25	131	1	2	BA1652	8568	7	0	0	0	0	0	0	0	1	0	0
A	BL	25	131	1	2	BA1652	8570	7	8	2	0	1	0	0	0	0	0	0
A	BL	25	131	1	2	BA1652	8580	8	7	0	0	0	0	0	0	0	0	0
A	BL	25	131	1	2	BA1652	8747	7	0	0	0	0	0	0	0	1	0	0
A	BL	25	131	1	2	BA1652	8750	7	8	2	0	1	0	0	0	0	0	0
A	BL	25	131	1	2	BA1652	8760	8	7	0	0	0	0	0	0	0	0	0
A	BL	25	131	1	2	BA1652	8768	7	0	0	0	0	0	0	0	1	0	0
A	BL	25	131	1	2	BA1652	8852	7	8	2	0	1	0	0	0	0	0	0
A	BL	25	131	1	2	BA1652	8862	8	7	0	0	0	0	0	0	0	0	0
A	BL	25	131	1	2	BA1652	8935	7	0	0	0	0	0	0	0	1	0	0
A	BL	25	131	1	2	BA1652	8940	7	8	2	0	1	0	0	0	0	0	0
A	BL	25	131	1	2	BA1652	8942	8	0	0	0	0	0	0	0	1	0	0
A	BL	25	131	1	2	BA1652	8946	8	0	0	0	1	0	0	0	0	0	0
A	BL	25	131	1	2	BA1652	8950	8	7	0	0	0	0	0	0	0	0	0
A	BL	25	131	1	2	BA1652	8959	7	0	0	0	0	0	0	0	1	0	0
A	BL	25	131	1	2	BA1652	9015	7	8	2	0	1	0	0	0	0	0	0
A	BL	25	131	1	2	BA1652	9025	8	7	0	0	0	0	0	0	0	0	0
A	BL	25	131	1	2	BA1652	9039	7	0	0	0	0	0	0	0	1	0	0
A	BL	25	131	1	2	BA1652	9088	7	8	2	0	1	0	0	0	0	0	0
A	BL	25	131	1	2	BA1652	9098	8	7	0	0	0	0	0	0	0	0	0
A	BL	25	131	1	2	BA1652	9116	7	8	2	0	1	0	0	0	1	0	0
A	BL	25	131	1	2	BA1652	9124	8	0	0	0	0	0	0	0	1	0	0
A	BL	25	131	1	2	BA1652	9126	8	7	0	0	0	0	0	0	0	0	0
A	BL	25	131	1	2	BA1652	9129	7	8	2	0	1	0	0	0	0	0	0
A	BL	25	131	1	2	BA1652	9139	8	7	0	0	0	0	0	0	0	0	0
A	BL	25	131	1	2	BA1652	9146	7	0	0	0	0	0	0	0	1	0	0
A	BL	25	131	1	2	BA1652	9157	7	8	2	0	1	0	0	0	0	0	0
A	BL	25	131	1	2	BA1652	9167	8	7	0	0	0	0	0	0	0	0	0
A	BL	25	131	1	2	BA1652	9173	7	0	0	0	0	0	0	0	1	0	0
A	BL	25	131	1	2	BA1652	9455	7	8	2	0	1	0	0	0	0	0	0
A	BL	25	131	1	2	BA1652	9465	8	7	0	0	0	0	0	0	0	0	0
A	BL	25	131	1	2	BA1652	9474	7	0	0	0	0	0	0	0	1	0	0
A	BL	25	131	1	2	BA1652	9515	7	8	2	0	1	0	0	0	0	0	0
A	BL	25	131	1	2	BA1652	9525	8	7	0	0	0	0	0	0	0	0	0
A	BL	25	131	1	2	BA1652	9549	7	0	0	0	0	0	0	0	1	0	0
A	BL	25	131	1	2	BA1652	9610	7	8	2	0	1	0	0	0	0	0	0
A	BL	25	131	1	2	BA1652	9620	8	7	0	0	0	0	0	0	0	0	0
A	BL	25	131	1	2	BA1652	9621	7	0	0	0	0	0	0	0	1	0	0
A	BL	25	131	1	2	BA1652	9626	7	8	2	0	1	0	0	0	0	0	0
A	BL	25	131	1	2	BA1652	9636	8	7	0	0	0	0	0	0	0	0	0
A	BL	25	131	1	2	BA1652	9647	7	0	0	0	0	0	0	0	1	0	0
A	BL	25	131	1	2	BA1652	9722	7	8	2	0	1	0	0	0	0	0	0
A	BL	25	131	1	2	BA1652	9728	8	0	0	0	0	0	0	0	1	0	0
A	BL	25	131	1	2	BA1652	9732	8	7	0	0	0	0	0	0	0	0	0
A	BL	25	131	1	2	BA1652	9733	7	8	2	0	1	0	0	0	0	0	0
A	BL	25	131	1	2	BA1652	9743	8	7	0	0	0	0	0	0	0	0	0
A	BL	25	131	1	2	BA1652	9758	7	0	0	0	0	0	0	0	1	0	0
A	BL	25	131	1	2	BA1652	9759	7	8	2	0	1	0	0	0	0	0	0
A	BL	25	131	1	2	BA1652	9769	8	7	0	0	0	0	0	0	0	0	0
A	BL	25	131	1	2	BA1652	9777	7	0	0	0	0	0	0	0	1	0	0
A	BL	25	131	1	2	BA1652	9779	7	8	2	0	1	0	0	0	0	0	0
A	BL	25	131	1	2	BA1652	9789	8	7	0	0	0	0	0	0	0	0	0
A	BL	25	131	1	2	BA1652	9805	7	0	0	0	0	0	0	0	1	0	0
A	BL	25	131	1	2	BA1652	9820	7	8	2	0	1	0	0	0	0	0	0
A	BL	25	131	1	2	BA1652	9830	8	9	0	0	0	0	0	0	0	0	0
A	BL	25	131	1	2	BA1652	9840	9	10	0	0	0	0	0	0	0	0	0
A	BL	25	131	1	2	BA1652	9843	10	0	0	0	0	0	0	0	1	0	0
A	BL	25	131	1	2	BA1652	9915	10	2	0	0	0	0	0	0	0	0	0
A	BL	25	131	1	2	BA1652	9916	2	6	0	0	0	0	0	0	0	0	0
A	BL	25	131	1	2	BA1652	10121	6	8	2	0	1	0	0	0	0	0	0
A	BL	25	131	1	2	BA1652	10126	8	0	0	0	0	0	0	0	1	0	0
A	BL	25	131	1	2	BA1652	10130	8	0	0	0	1	0	0	0	0	0	0
A	BL	25	131	1	2	BA1652	10131	8	7	0	0	0	0	0	0	0	0	0
A	BL	25	131	1	2	BA1652	10138	7	0	0	0	0	0	0	0	1	0	0
A	BL	25	131	1	2	BA1652	10142	7	8	2	0	1	0	0	0	0	0	0
A	BL	25	131	1	2	BA1652	10149	8	0	0	0	0	0	0	0	1	0	0
A	BL	25	131	1	2	BA1652	10152	8	7	0	0	0	0	0	0	0	0	0
A	BL	25	131	1	2	BA1652	10155	7	8	2	0	1	0	0	0	0	0	0
A	BL	25	131	1	2	BA1652	10157	8	0	0	0	0	0	0	0	1	0	0
A	BL	25	131	1	2	BA1652	10165	8	7	0	0	0	0	0	0	0	0	0
A	BL	25	131	1	2	BA1652	10168	7	8	2	0	1	0	0	0	0	0	0
A	BL	25	131	1	2	BA1652	10170	8	0	0	0	0	0	0	0	1	0	0
A	BL	25	131	1	2	BA1652	10178	8	7	0	0	0	0	0	0	0	0	0
A	BL	25	131	1	2	BA1652	10181	7	8	2	0	1	0	0	0	0	0	0
A	BL	25	131	1	2	BA1652	10191	8	7	0	0	0	0	0	0	0	0	0
A	BL	25	131	1	2	BA1652	10218	7	0	0	0	0	0	0	0	1	0	0
A	BL	25	131	1	2	BA1652	10221	7	8	2	0	1	0	0	0	0	0	0
A	BL	25	131	1	2	BA1652	10229	8	0	0	0	0	0	0	0	1	0	0
A	BL	25	131	1	2	BA1652	10231	8	7	0	0	0	0	0	0	0	0	0
A	BL	25	131	1	2	BA1652	10295	7	8	2	0	1	0	0	0	0	0	0
A	BL	25	131	1	2	BA1652	10297	8	0	0	0	0	0	0	0	1	0	0
A	BL	25	131	1	2	BA1652	10302	8	0	0	0	1	0	0	0	0	0	0
A	BL	25	131	1	2	BA1652	10305	8	7	0	0	0	0	0	0	0	0	0
A	BL	25	131	1	2	BA1652	10321	7	0	0	0	0	0	0	0	1	0	0
A	BL	25	131	1	2	BA1652	10338	7	8	2	0	1	0	0	0	0	0	0
A	BL	25	131	1	2	BA1652	10341	8	0	0	0	1	0	0	0	1	0	0
A	BL	25	131	1	2	BA1652	10348	8	7	0	0	0	0	0	0	0	0	0
A	BL	25	131	1	2	BA1652	10391	7	0	0	0	0	0	0	0	1	0	0
A	BL	25	131	1	2	BA1652	10395	7	8	2	0	1	0	0	0	0	0	0
A	BL	25	131	1	2	BA1652	10396	8	0	0	0	0	0	0	0	1	0	0
A	BL	25	131	1	2	BA1652	10397	8	0	0	0	1	0	0	0	0	0	0
A	BL	25	131	1	2	BA1652	10400	8	0	0	0	0	0	0	0	1	0	0
A	BL	25	131	1	2	BA1652	10405	8	7	0	0	0	0	0	0	0	0	0
A	BL	25	131	1	2	BA1652	10424	7	8	2	0	1	0	0	0	0	0	0
A	BL	25	131	1	2	BA1652	10434	8	7	0	0	0	0	0	0	0	0	0
A	BL	25	131	1	2	BA1652	10435	7	0	0	0	0	0	0	0	1	0	0
A	BL	25	131	1	2	BA1652	10440	7	8	2	0	1	0	0	0	0	0	0
A	BL	25	131	1	2	BA1652	10444	8	0	0	0	0	0	0	0	1	0	0
A	BL	25	131	1	2	BA1652	10447	8	0	0	0	1	0	0	0	0	0	0
A	BL	25	131	1	2	BA1652	10450	8	7	0	0	0	0	0	0	0	0	0
A	BL	25	131	1	2	BA1652	10451	7	0	0	0	0	0	0	0	1	0	0
A	BL	25	131	1	2	BA1652	10454	7	8	2	0	1	0	0	0	0	0	0
A	BL	25	131	1	2	BA1652	10464	8	7	0	0	0	0	0	0	1	0	0
A	BL	25	131	1	2	BA1652	10538	7	8	2	0	1	0	0	0	0	0	0
A	BL	25	131	1	2	BA1652	10548	8	7	0	0	0	0	0	0	0	0	0
A	BL	25	131	1	2	BA1652	10583	7	0	0	0	0	0	0	0	1	0	0
A	BL	25	131	1	2	BA1652	10584	7	8	2	0	1	0	0	0	0	0	0
A	BL	25	131	1	2	BA1652	10594	8	7	0	0	0	0	0	0	0	0	0
A	BL	25	131	1	2	BA1652	10601	7	0	0	0	0	0	0	0	1	0	0
A	BL	25	131	1	2	BA1652	10602	7	8	2	0	1	0	0	0	0	0	0
A	BL	25	131	1	2	BA1652	10612	8	7	0	0	0	0	0	0	0	0	0
A	BL	25	131	1	2	BA1652	10617	7	0	0	0	0	0	0	0	1	0	0
A	BL	25	131	1	2	BA1652	10644	7	8	2	0	1	0	0	0	0	0	0
A	BL	25	131	1	2	BA1652	10654	8	7	0	0	0	0	0	0	0	0	0
A	BL	25	131	1	2	BA1652	10682	7	0	0	0	0	0	0	0	1	0	0
A	BL	25	131	1	2	BA1652	10683	7	8	2	0	1	0	0	0	0	0	0
A	BL	25	131	1	2	BA1652	10693	8	7	0	0	0	0	0	0	0	0	0
A	BL	25	131	1	2	BA1652	10695	7	0	0	0	0	0	0	0	1	0	0
A	BL	25	131	1	2	BA1652	10700	7	8	2	0	1	0	0	0	0	0	0
A	BL	25	131	1	2	BA1652	10702	8	0	0	0	0	0	0	0	1	0	0
A	BL	25	131	1	2	BA1652	10704	8	0	0	0	1	0	0	0	0	0	0
A	BL	25	131	1	2	BA1652	10709	8	0	0	0	0	0	0	0	1	0	0
A	BL	25	131	1	2	BA1652	10710	8	7	0	0	0	0	0	0	0	0	0
A	BL	25	131	1	2	BA1652	10795	7	8	2	0	1	0	0	0	0	0	0
A	BL	25	131	1	2	BA1652	10799	8	0	0	0	0	0	0	0	1	0	0
A	BL	25	131	1	2	BA1652	10803	8	0	0	0	1	0	0	0	0	0	0
A	BL	25	131	1	2	BA1652	10805	8	7	0	0	0	0	0	0	0	0	0
A	BL	25	131	1	2	BA1652	10837	7	0	0	0	0	0	0	0	1	0	0
A	BL	25	131	1	2	BA1652	10850	7	8	2	0	1	0	0	0	0	0	0
A	BL	25	131	1	2	BA1652	10860	8	7	0	0	0	0	0	0	0	0	0
A	BL	25	131	1	2	BA1652	10887	7	0	0	0	0	0	0	0	1	0	0
A	BL	25	131	1	2	BA1652	10888	7	8	2	0	1	0	0	0	0	0	0
A	BL	25	131	1	2	BA1652	10898	8	7	0	0	0	0	0	0	0	0	0
A	BL	25	131	1	2	BA1652	10923	7	0	0	0	0	0	0	0	1	0	0
A	BL	25	131	1	2	BA1652	10968	7	8	2	0	1	0	0	0	0	0	0
A	BL	25	131	1	2	BA1652	10978	8	7	0	0	0	0	0	0	0	0	0
A	BL	25	131	1	2	BA1652	10984	7	0	0	0	0	0	0	0	1	0	0
A	BL	25	131	1	2	BA1652	11009	7	8	2	0	1	0	0	0	0	0	0
A	BL	25	131	1	2	BA1652	11019	8	7	0	0	0	0	0	0	0	0	0
A	BL	25	131	1	2	BA1652	11058	7	0	0	0	0	0	0	0	1	0	0
A	BL	25	131	1	2	BA1652	11059	7	8	2	0	1	0	0	0	0	0	0
A	BL	25	131	1	2	BA1652	11069	8	7	0	0	0	0	0	0	0	0	0
A	BL	25	131	1	2	BA1652	11087	7	0	0	0	0	0	0	0	1	0	0
A	BL	25	131	1	2	BA1652	11141	7	8	2	0	1	0	0	0	0	0	0
A	BL	25	131	1	2	BA1652	11151	8	7	0	0	0	0	0	0	0	0	0
A	BL	25	131	1	2	BA1652	11304	7	0	0	0	0	0	0	0	1	0	0
A	BL	25	131	1	2	BA1652	11369	7	8	2	0	1	0	0	0	0	0	0
A	BL	25	131	1	2	BA1652	11379	8	7	0	0	0	0	0	0	0	0	0
A	BL	25	131	1	2	BA1652	11420	7	0	0	0	0	0	0	0	1	0	0
A	BL	25	131	1	2	BA1652	11547	7	8	2	0	1	0	0	0	0	0	0
A	BL	25	131	1	2	BA1652	11557	8	7	0	0	0	0	0	0	0	0	0
A	BL	25	131	1	2	BA1652	11636	7	0	0	0	0	0	0	0	1	0	0
A	BL	25	131	1	2	BA1652	11674	7	8	2	0	1	0	0	0	0	0	0
A	BL	25	131	1	2	BA1652	11684	8	7	0	0	0	0	0	0	0	0	0
A	BL	25	131	1	2	BA1652	11756	7	0	0	0	0	0	0	0	1	0	0
A	BL	25	131	1	2	BA1652	11760	7	8	2	0	1	0	0	0	0	0	0
A	BL	25	131	1	2	BA1652	11761	8	0	0	0	0	0	0	0	1	0	0
A	BL	25	131	1	2	BA1652	11770	8	7	0	0	0	0	0	0	0	0	0
A	BL	25	131	1	2	BA1652	11784	7	8	2	0	1	0	0	0	0	0	0
A	BL	25	131	1	2	BA1652	11789	8	0	0	0	0	0	0	0	1	0	0
A	BL	25	131	1	2	BA1652	11794	8	7	0	0	0	0	0	0	0	0	0
A	BL	25	131	1	2	BA1652	11800	7	8	2	0	1	0	0	0	0	0	0
A	BL	25	131	1	2	BA1652	11802	8	0	0	0	0	0	0	0	1	0	0
A	BL	25	131	1	2	BA1652	11810	8	7	0	0	0	0	0	0	0	0	0
A	BL	25	131	1	2	BA1652	11863	7	8	2	0	1	0	0	0	0	0	0
A	BL	25	131	1	2	BA1652	11873	8	7	0	0	0	0	0	0	0	0	0
A	BL	25	131	1	2	BA1652	11952	7	0	0	0	0	0	0	0	1	0	0
A	BL	25	131	1	2	BA1652	11956	7	8	2	0	1	0	0	0	0	0	0
A	BL	25	131	1	2	BA1652	11963	8	0	0	0	0	0	0	0	1	0	0
A	BL	25	131	1	2	BA1652	11966	8	7	0	0	0	0	0	0	0	0	0
A	BL	25	131	1	2	BA1652	11967	7	8	2	0	1	0	0	0	0	0	0
A	BL	25	131	1	2	BA1652	11972	8	0	0	0	0	0	0	0	1	0	0
A	BL	25	131	1	2	BA1652	11977	8	7	0	0	0	0	0	0	0	0	0
A	BL	25	131	1	2	BA1652	11993	7	8	2	0	1	0	0	0	0	0	0
A	BL	25	131	1	2	BA1652	11996	8	0	0	0	0	0	0	0	1	0	0
A	BL	25	131	1	2	BA1652	12003	8	7	0	0	1	0	0	0	0	0	0
A	BL	25	131	1	2	BA1652	12008	7	0	0	0	0	0	0	0	1	0	0
A	BL	25	131	1	2	BA1652	12092	7	8	2	0	1	0	0	0	0	0	0
A	BL	25	131	1	2	BA1652	12102	8	7	0	0	0	0	0	0	0	0	0
A	BL	25	131	1	2	BA1652	12106	7	0	0	0	0	0	0	0	1	0	0
A	BL	25	131	1	2	BA1652	12109	7	8	2	0	1	0	0	0	0	0	0
A	BL	25	131	1	2	BA1652	12119	8	7	0	0	0	0	0	0	0	0	0
A	BL	25	131	1	2	BA1652	12123	7	0	0	0	0	0	0	0	1	0	0
A	BL	25	131	1	2	BA1652	12177	7	8	2	0	1	0	0	0	0	0	0
A	BL	25	131	1	2	BA1652	12187	8	7	0	0	0	0	0	0	1	0	0
A	BL	25	131	1	2	BA1652	12194	7	8	2	0	1	0	0	0	0	0	0
A	BL	25	131	1	2	BA1652	12204	8	7	0	0	0	0	0	0	0	0	0
A	BL	25	131	1	2	BA1652	12206	7	0	0	0	0	0	0	0	1	0	0
A	BL	25	131	1	2	BA1652	12215	7	8	2	0	1	0	0	0	0	0	0
A	BL	25	131	1	2	BA1652	12218	8	0	0	0	0	0	0	0	1	0	0
A	BL	25	131	1	2	BA1652	12221	8	0	0	0	1	0	0	0	0	0	0
A	BL	25	131	1	2	BA1652	12225	8	9	0	0	0	0	0	0	0	0	0
A	BL	25	131	1	2	BA1652	12229	9	0	0	0	0	0	0	0	1	0	0
A	BL	25	131	1	2	BA1652	12231	9	0	0	0	1	0	0	0	0	0	0
A	BL	25	131	1	2	BA1652	12235	9	10	0	0	0	0	0	0	0	0	0
A	BL	25	131	1	2	BA1652	12238	10	0	0	0	0	0	0	0	1	0	0
A	BL	25	131	1	2	BA1652	12310	10	2	0	0	0	0	0	0	0	0	0
A	BL	25	131	1	2	BA1652	12311	2	6	0	0	0	0	0	0	0	0	0
A	BL	25	131	1	2	BA1652	14843	6	8	2	0	1	0	0	0	0	0	0
A	BL	25	131	1	2	BA1652	14853	8	7	0	0	0	0	0	0	0	0	0
A	BL	25	131	1	2	BA1652	14860	7	0	0	0	0	0	0	0	1	0	0
A	BL	25	131	1	2	BA1652	14865	7	8	2	0	1	0	0	0	0	0	0
A	BL	25	131	1	2	BA1652	14872	8	0	0	0	0	0	0	0	1	0	0
A	BL	25	131	1	2	BA1652	14874	8	0	0	0	1	0	0	0	0	0	0
A	BL	25	131	1	2	BA1652	14875	8	7	0	0	0	0	0	0	0	0	0
A	BL	25	131	1	2	BA1652	14881	7	0	0	0	0	0	0	0	1	0	0
A	BL	25	131	1	2	BA1652	14883	7	8	2	0	1	0	0	0	0	0	0
A	BL	25	131	1	2	BA1652	14893	8	7	0	0	0	0	0	0	0	0	0
A	BL	25	131	1	2	BA1652	14925	7	0	0	0	0	0	0	0	1	0	0
A	BL	25	131	1	2	BA1652	14961	7	8	2	0	1	0	0	0	0	0	0
A	BL	25	131	1	2	BA1652	14962	8	0	0	0	0	0	0	0	1	0	0
A	BL	25	131	1	2	BA1652	14967	8	0	0	0	1	0	0	0	0	0	0
A	BL	25	131	1	2	BA1652	14971	8	7	0	0	0	0	0	0	0	0	0
A	BL	25	131	1	2	BA1652	15026	7	0	0	0	0	0	0	0	1	0	0
A	BL	25	131	1	2	BA1652	15030	7	8	2	0	1	0	0	0	0	0	0
A	BL	25	131	1	2	BA1652	15040	8	7	0	0	0	0	0	0	0	0	0
A	BL	25	131	1	2	BA1652	15086	7	0	0	0	0	0	0	0	1	0	0
A	BL	25	131	1	2	BA1652	15137	7	8	2	0	1	0	0	0	0	0	0
A	BL	25	131	1	2	BA1652	15140	8	0	0	0	0	0	0	0	1	0	0
A	BL	25	131	1	2	BA1652	15143	8	0	0	0	1	0	0	0	0	0	0
A	BL	25	131	1	2	BA1652	15147	8	7	0	0	0	0	0	0	0	0	0
A	BL	25	131	1	2	BA1652	15263	7	0	0	0	0	0	0	0	1	0	0
A	BL	25	131	1	2	BA1652	15317	7	8	2	0	1	0	0	0	0	0	0
A	BL	25	131	1	2	BA1652	15327	8	7	0	0	0	0	0	0	0	0	0
A	BL	25	131	1	2	BA1652	15370	7	0	0	0	0	0	0	0	1	0	0
A	BL	25	131	1	2	BA1652	15375	7	8	2	0	1	0	0	0	0	0	0
A	BL	25	131	1	2	BA1652	15385	8	7	0	0	0	0	0	0	0	0	0
A	BL	25	131	1	2	BA1652	15420	7	0	0	0	0	0	0	0	1	0	0
A	BL	25	131	1	2	BA1652	15423	7	8	2	0	1	0	0	0	0	0	0
A	BL	25	131	1	2	BA1652	15433	8	7	0	0	0	0	0	0	0	0	0
A	BL	25	131	1	2	BA1652	15459	7	0	0	0	0	0	0	0	1	0	0
A	BL	25	131	1	2	BA1652	15520	7	8	2	0	1	0	0	0	0	0	0
A	BL	25	131	1	2	BA1652	15530	8	7	0	0	0	0	0	0	0	0	0
A	BL	25	131	1	2	BA1652	15561	7	0	0	0	0	0	0	0	1	0	0
A	BL	25	131	1	2	BA1652	15563	7	8	2	0	1	0	0	0	0	0	0
A	BL	25	131	1	2	BA1652	15569	8	0	0	0	0	0	0	0	1	0	0
A	BL	25	131	1	2	BA1652	15573	8	7	0	0	0	0	0	0	0	0	0
A	BL	25	131	1	2	BA1652	15580	7	8	2	0	1	0	0	0	0	0	0
A	BL	25	131	1	2	BA1652	15582	8	0	0	0	0	0	0	0	1	0	0
A	BL	25	131	1	2	BA1652	15584	8	0	0	0	1	0	0	0	0	0	0
A	BL	25	131	1	2	BA1652	15590	8	7	0	0	0	0	0	0	0	0	0
A	BL	25	131	1	2	BA1652	15648	7	0	0	0	0	0	0	0	1	0	0
A	BL	25	131	1	2	BA1652	15651	7	8	2	0	1	0	0	0	0	0	0
A	BL	25	131	1	2	BA1652	15661	8	7	0	0	0	0	0	0	0	0	0
A	BL	25	131	1	2	BA1652	15676	7	0	0	0	0	0	0	0	1	0	0
A	BL	25	131	1	2	BA1652	15721	7	8	2	0	1	0	0	0	0	0	0
A	BL	25	131	1	2	BA1652	15731	8	7	0	0	0	0	0	0	0	0	0
A	BL	25	131	1	2	BA1652	15736	7	0	0	0	0	0	0	0	1	0	0
A	BL	25	131	1	2	BA1652	15758	7	8	2	0	1	0	0	0	0	0	0
A	BL	25	131	1	2	BA1652	15768	8	7	0	0	0	0	0	0	0	0	0
A	BL	25	131	1	2	BA1652	15814	7	0	0	0	0	0	0	0	1	0	0
A	BL	25	131	1	2	BA1652	15833	7	8	2	0	1	0	0	0	0	0	0
A	BL	25	131	1	2	BA1652	15843	8	7	0	0	0	0	0	0	0	0	0
A	BL	25	131	1	2	BA1652	15865	7	0	0	0	0	0	0	0	1	0	0
A	BL	25	131	1	2	BA1652	15951	7	8	2	0	1	0	0	0	0	0	0
A	BL	25	131	1	2	BA1652	15954	8	0	0	0	0	0	0	0	1	0	0
A	BL	25	131	1	2	BA1652	15958	8	0	0	0	1	0	0	0	0	0	0
A	BL	25	131	1	2	BA1652	15961	8	7	0	0	0	0	0	0	0	0	0
A	BL	25	131	1	2	BA1652	15973	7	0	0	0	0	0	0	0	1	0	0
A	BL	25	131	1	2	BA1652	15976	7	8	2	0	1	0	0	0	0	0	0
A	BL	25	131	1	2	BA1652	15986	8	7	0	0	0	0	0	0	0	0	0
A	BL	25	131	1	2	BA1652	16019	7	0	0	0	0	0	0	0	1	0	0
A	BL	25	131	1	2	BA1652	16022	7	8	2	0	1	0	0	0	0	0	0
A	BL	25	131	1	2	BA1652	16032	8	7	0	0	0	0	0	0	0	0	0
A	BL	25	131	1	2	BA1652	16035	7	0	0	0	0	0	0	0	1	0	0
A	BL	25	131	1	2	BA1652	16039	7	8	2	0	1	0	0	0	0	0	0
A	BL	25	131	1	2	BA1652	16045	8	0	0	0	0	0	0	0	1	0	0
A	BL	25	131	1	2	BA1652	16049	8	7	0	0	0	0	0	0	0	0	0
A	BL	25	131	1	2	BA1652	16051	7	8	2	0	1	0	0	0	0	0	0
A	BL	25	131	1	2	BA1652	16059	8	0	0	0	0	0	0	0	1	0	0
A	BL	25	131	1	2	BA1652	16061	8	7	0	0	0	0	0	0	0	0	0
A	BL	25	131	1	2	BA1652	16135	7	8	2	0	1	0	0	0	0	0	0
A	BL	25	131	1	2	BA1652	16145	8	7	0	0	0	0	0	0	0	0	0
A	BL	25	131	1	2	BA1652	16159	7	0	0	0	0	0	0	0	1	0	0
A	BL	25	131	1	2	BA1652	16162	7	8	2	0	1	0	0	0	0	0	0
A	BL	25	131	1	2	BA1652	16172	8	7	0	0	0	0	0	0	1	0	0
A	BL	25	131	1	2	BA1652	16173	7	8	2	0	1	0	0	0	0	0	0
A	BL	25	131	1	2	BA1652	16179	8	0	0	0	0	0	0	0	1	0	0
A	BL	25	131	1	2	BA1652	16181	8	0	0	0	1	0	0	0	0	0	0
A	BL	25	131	1	2	BA1652	16183	8	7	0	0	0	0	0	0	0	0	0
A	BL	25	131	1	2	BA1652	16196	7	0	0	0	0	0	0	0	1	0	0
A	BL	25	131	1	2	BA1652	16198	7	8	2	0	1	0	0	0	0	0	0
A	BL	25	131	1	2	BA1652	16208	8	7	0	0	0	0	0	0	0	0	0
A	BL	25	131	1	2	BA1652	16221	7	0	0	0	0	0	0	0	1	0	0
A	BL	25	131	1	2	BA1652	16233	7	8	2	0	1	0	0	0	0	0	0
A	BL	25	131	1	2	BA1652	16237	8	0	0	0	0	0	0	0	1	0	0
A	BL	25	131	1	2	BA1652	16240	8	0	0	0	1	0	0	0	0	0	0
A	BL	25	131	1	2	BA1652	16243	8	7	0	0	0	0	0	0	0	0	0
A	BL	25	131	1	2	BA1652	16250	7	0	0	0	0	0	0	0	1	0	0
A	BL	25	131	1	2	BA1652	16252	7	8	2	0	1	0	0	0	0	0	0
A	BL	25	131	1	2	BA1652	16257	8	0	0	0	0	0	0	0	1	0	0
A	BL	25	131	1	2	BA1652	16258	8	0	0	0	1	0	0	0	0	0	0
A	BL	25	131	1	2	BA1652	16262	8	7	0	0	0	0	0	0	0	0	0
A	BL	25	131	1	2	BA1652	16278	7	0	0	0	0	0	0	0	1	0	0
A	BL	25	131	1	2	BA1652	16284	7	8	2	0	1	0	0	0	0	0	0
A	BL	25	131	1	2	BA1652	16293	8	0	0	0	1	0	0	0	1	0	0
A	BL	25	131	1	2	BA1652	16294	8	7	0	0	0	0	0	0	0	0	0
A	BL	25	131	1	2	BA1652	16302	7	0	0	0	0	0	0	0	1	0	0
A	BL	25	131	1	2	BA1652	16343	7	8	2	0	1	0	0	0	0	0	0
A	BL	25	131	1	2	BA1652	16345	8	0	0	0	0	0	0	0	1	0	0
A	BL	25	131	1	2	BA1652	16347	8	0	0	0	1	0	0	0	0	0	0
A	BL	25	131	1	2	BA1652	16353	8	7	0	0	0	0	0	0	0	0	0
A	BL	25	131	1	2	BA1652	16358	7	0	0	0	0	0	0	0	1	0	0
A	BL	25	131	1	2	BA1652	16359	7	8	2	0	1	0	0	0	0	0	0
A	BL	25	131	1	2	BA1652	16360	8	0	0	0	0	0	0	0	1	0	0
A	BL	25	131	1	2	BA1652	16361	8	0	0	0	1	0	0	0	0	0	0
A	BL	25	131	1	2	BA1652	16369	8	7	0	0	0	0	0	0	0	0	0
A	BL	25	131	1	2	BA1652	16382	7	0	0	0	0	0	0	0	1	0	0
A	BL	25	131	1	2	BA1652	16398	7	8	2	0	1	0	0	0	0	0	0
A	BL	25	131	1	2	BA1652	16408	8	7	0	0	0	0	0	0	0	0	0
A	BL	25	131	1	2	BA1652	16421	7	0	0	0	0	0	0	0	1	0	0
A	BL	25	131	1	2	BA1652	16440	7	8	2	0	1	0	0	0	0	0	0
A	BL	25	131	1	2	BA1652	16448	8	0	0	0	0	0	0	0	1	0	0
A	BL	25	131	1	2	BA1652	16450	8	7	0	0	0	0	0	0	0	0	0
A	BL	25	131	1	2	BA1652	16486	7	8	2	0	1	0	0	0	0	0	0
A	BL	25	131	1	2	BA1652	16489	8	0	0	0	0	0	0	0	1	0	0
A	BL	25	131	1	2	BA1652	16492	8	0	0	0	1	0	0	0	0	0	0
A	BL	25	131	1	2	BA1652	16496	8	7	0	0	0	0	0	0	0	0	0
A	BL	25	131	1	2	BA1652	16517	7	0	0	0	0	0	0	0	1	0	0
A	BL	25	131	1	2	BA1652	16521	7	8	2	0	1	0	0	0	0	0	0
A	BL	25	131	1	2	BA1652	16531	8	7	0	0	0	0	0	0	0	0	0
A	BL	25	131	1	2	BA1652	16543	7	0	0	0	0	0	0	0	1	0	0
A	BL	25	131	1	2	BA1652	16544	7	8	2	0	1	0	0	0	0	0	0
A	BL	25	131	1	2	BA1652	16554	8	7	0	0	0	0	0	0	0	0	0
A	BL	25	131	1	2	BA1652	16556	7	0	0	0	0	0	0	0	1	0	0
A	BL	25	131	1	2	BA1652	16557	7	8	2	0	1	0	0	0	0	0	0
A	BL	25	131	1	2	BA1652	16561	8	0	0	0	0	0	0	0	1	0	0
A	BL	25	131	1	2	BA1652	16565	8	0	0	0	1	0	0	0	0	0	0
A	BL	25	131	1	2	BA1652	16567	8	7	0	0	0	0	0	0	0	0	0
A	BL	25	131	1	2	BA1652	16571	7	0	0	0	0	0	0	0	1	0	0
A	BL	25	131	1	2	BA1652	16573	7	8	2	0	1	0	0	0	0	0	0
A	BL	25	131	1	2	BA1652	16583	8	7	0	0	0	0	0	0	0	0	0
A	BL	25	131	1	2	BA1652	16588	7	0	0	0	0	0	0	0	1	0	0
A	BL	25	131	1	2	BA1652	16594	7	8	2	0	1	0	0	0	0	0	0
A	BL	25	131	1	2	BA1652	16600	8	0	0	0	0	0	0	0	1	0	0
A	BL	25	131	1	2	BA1652	16604	8	7	0	0	0	0	0	0	0	0	0
A	BL	25	131	1	2	BA1652	16667	7	8	2	0	1	0	0	0	0	0	0
A	BL	25	131	1	2	BA1652	16671	8	0	0	0	0	0	0	0	1	0	0
A	BL	25	131	1	2	BA1652	16674	8	0	0	0	1	0	0	0	0	0	0
A	BL	25	131	1	2	BA1652	16677	8	7	0	0	0	0	0	0	0	0	0
A	BL	25	131	1	2	BA1652	16710	7	0	0	0	0	0	0	0	1	0	0
A	BL	25	131	1	2	BA1652	16711	7	8	2	0	1	0	0	0	0	0	0
A	BL	25	131	1	2	BA1652	16712	8	0	0	0	0	0	0	0	1	0	0
A	BL	25	131	1	2	BA1652	16716	8	0	0	0	1	0	0	0	0	0	0
A	BL	25	131	1	2	BA1652	16721	8	9	0	0	0	0	0	0	0	0	0
A	BL	25	131	1	2	BA1652	16731	9	10	0	0	0	0	0	0	0	0	0
A	BL	25	131	1	2	BA1652	16732	10	0	0	0	0	0	0	0	1	0	0
A	BL	25	131	1	2	BA1652	16806	10	2	0	0	0	0	0	0	0	0	0
A	BL	25	131	1	2	BA1652	16807	2	3	0	0	0	0	0	0	0	0	0
A	BL	25	131	1	2	BA1652	16884	3	5	1	1	0	0	0	0	0	0	0
A	BL	25	131	1	2	BA1652	16894	5	4	0	0	0	0	0	0	0	0	0
A	BL	25	131	1	2	BA1652	16897	4	0	0	0	0	0	0	1	0	0	0
A	BL	25	131	1	2	BA1652	16901	4	5	1	1	0	0	0	0	0	0	0
A	BL	25	131	1	2	BA1652	16905	5	0	0	0	0	0	0	1	0	0	0
A	BL	25	131	1	2	BA1652	16907	5	0	0	1	0	0	0	0	0	0	0
A	BL	25	131	1	2	BA1652	16911	5	4	0	0	0	0	0	0	0	0	0
A	BL	25	131	1	2	BA1652	16920	4	0	0	0	0	0	0	1	0	0	0
A	BL	25	131	1	2	BA1652	16921	4	5	1	1	0	0	0	0	0	0	0
A	BL	25	131	1	2	BA1652	16926	5	0	0	0	0	0	0	1	0	0	0
A	BL	25	131	1	2	BA1652	16931	5	4	0	0	0	0	0	0	0	0	0
A	BL	25	131	1	2	BA1652	16934	4	5	1	1	0	0	0	0	0	0	0
A	BL	25	131	1	2	BA1652	16936	5	0	0	0	0	0	0	1	0	0	0
A	BL	25	131	1	2	BA1652	16939	5	0	0	1	0	0	0	0	0	0	0
A	BL	25	131	1	2	BA1652	16943	5	0	0	0	0	0	0	1	0	0	0
A	BL	25	131	1	2	BA1652	16944	5	4	0	1	0	0	0	0	0	0	0
A	BL	25	131	1	2	BA1652	16949	4	0	0	0	0	0	0	1	0	0	0
A	BL	25	131	1	2	BA1652	16950	4	5	1	1	0	0	0	0	0	0	0
A	BL	25	131	1	2	BA1652	16957	5	0	0	0	0	0	0	1	0	0	0
A	BL	25	131	1	2	BA1652	16960	5	4	0	0	0	0	0	0	0	0	0
A	BL	25	131	1	2	BA1652	16992	4	5	1	1	0	0	0	0	0	0	0
A	BL	25	131	1	2	BA1652	17002	5	4	0	0	0	0	0	0	0	0	0
A	BL	25	131	1	2	BA1652	17069	4	0	0	0	0	0	0	1	0	0	0
A	BL	25	131	1	2	BA1652	17138	4	5	1	1	0	0	0	0	0	0	0
A	BL	25	131	1	2	BA1652	17143	5	0	0	0	0	0	0	1	0	0	0
A	BL	25	131	1	2	BA1652	17148	5	4	0	0	0	0	0	0	0	0	0
A	BL	25	131	1	2	BA1652	17155	4	5	1	1	0	0	0	0	0	0	0
A	BL	25	131	1	2	BA1652	17165	5	4	0	0	0	0	0	0	0	0	0
A	BL	25	131	1	2	BA1652	17168	4	0	0	0	0	0	0	1	0	0	0
A	BL	25	131	1	2	BA1652	17172	4	5	1	1	0	0	0	0	0	0	0
A	BL	25	131	1	2	BA1652	17182	5	4	0	0	0	0	0	0	0	0	0
A	BL	25	131	1	2	BA1652	17191	4	0	0	0	0	0	0	1	0	0	0
A	BL	25	131	1	2	BA1652	17332	4	5	1	1	0	0	0	0	0	0	0
A	BL	25	131	1	2	BA1652	17334	5	0	0	0	0	0	0	1	0	0	0
A	BL	25	131	1	2	BA1652	17342	5	4	0	0	0	0	0	0	0	0	0
A	BL	25	131	1	2	BA1652	17383	4	5	1	1	0	0	0	0	0	0	0
A	BL	25	131	1	2	BA1652	17393	5	4	0	0	0	0	0	0	0	0	0
A	BL	25	131	1	2	BA1652	17417	4	0	0	0	0	0	0	1	0	0	0
A	BL	25	131	1	2	BA1652	17419	4	5	1	1	0	0	0	0	0	0	0
A	BL	25	131	1	2	BA1652	17429	5	4	0	0	0	0	0	0	0	0	0
A	BL	25	131	1	2	BA1652	17476	4	0	0	0	0	0	0	1	0	0	0
A	BL	25	131	1	2	BA1652	17477	4	5	1	1	0	0	0	0	0	0	0
A	BL	25	131	1	2	BA1652	17487	5	4	0	0	0	0	0	0	0	0	0
A	BL	25	131	1	2	BA1652	17539	4	0	0	0	0	0	0	1	0	0	0
A	BL	25	131	1	2	BA1652	17602	4	5	1	1	0	0	0	0	0	0	0
A	BL	25	131	1	2	BA1652	17612	5	4	0	0	0	0	0	0	0	0	0
A	BL	25	131	1	2	BA1652	17619	4	0	0	0	0	0	0	1	0	0	0
A	BL	25	131	1	2	BA1652	17624	4	5	1	1	0	0	0	0	0	0	0
A	BL	25	131	1	2	BA1652	17634	5	4	0	0	0	0	0	0	0	0	0
A	BL	25	131	1	2	BA1652	17643	4	0	0	0	0	0	0	1	0	0	0
A	BL	25	131	1	2	BA1652	17723	4	5	1	1	0	0	0	0	0	0	0
A	BL	25	131	1	2	BA1652	17733	5	4	0	0	0	0	0	0	0	0	0
A	BL	25	131	1	2	BA1652	17749	4	0	0	0	0	0	0	1	0	0	0
A	BL	25	131	1	2	BA1652	17754	4	5	1	1	0	0	0	0	0	0	0
A	BL	25	131	1	2	BA1652	17764	5	4	0	0	0	0	0	0	0	0	0
A	BL	25	131	1	2	BA1652	17776	4	0	0	0	0	0	0	1	0	0	0
A	BL	25	131	1	2	BA1652	17793	4	5	1	1	0	0	0	0	0	0	0
A	BL	25	131	1	2	BA1652	17803	5	4	0	0	0	0	0	0	0	0	0
A	BL	25	131	1	2	BA1652	17811	4	0	0	0	0	0	0	1	0	0	0
A	BL	25	131	1	2	BA1652	17818	4	5	1	1	0	0	0	0	0	0	0
A	BL	25	131	1	2	BA1652	17822	5	0	0	0	0	0	0	1	0	0	0
A	BL	25	131	1	2	BA1652	17828	5	4	0	0	0	0	0	0	0	0	0
A	BL	25	131	1	2	BA1652	17849	4	5	1	1	0	0	0	0	0	0	0
A	BL	25	131	1	2	BA1652	17859	5	4	0	0	0	0	0	0	0	0	0
A	BL	25	131	1	2	BA1652	17907	4	0	0	0	0	0	0	1	0	0	0
A	BL	25	131	1	2	BA1652	18130	4	5	1	1	0	0	0	0	0	0	0
A	BL	25	131	1	2	BA1652	18140	5	4	0	0	0	0	0	0	0	0	0
A	BL	25	131	1	2	BA1652	18151	4	0	0	0	0	0	0	1	0	0	0
A	BL	25	131	1	2	BA1652	18170	4	5	1	1	0	0	0	0	0	0	0
A	BL	25	131	1	2	BA1652	18180	5	4	0	0	0	0	0	0	0	0	0
A	BL	25	131	1	2	BA1652	18182	4	0	0	0	0	0	0	1	0	0	0
A	BL	25	131	1	2	BA1652	18194	4	5	1	1	0	0	0	0	0	0	0
A	BL	25	131	1	2	BA1652	18204	5	4	0	0	0	0	0	0	0	0	0
A	BL	25	131	1	2	BA1652	18222	4	0	0	0	0	0	0	1	0	0	0
A	BL	25	131	1	2	BA1652	18306	4	5	1	1	0	0	0	0	0	0	0
A	BL	25	131	1	2	BA1652	18316	5	4	0	0	0	0	0	0	0	0	0
A	BL	25	131	1	2	BA1652	18323	4	0	0	0	0	0	0	1	0	0	0
A	BL	25	131	1	2	BA1652	18327	4	5	1	1	0	0	0	0	0	0	0
A	BL	25	131	1	2	BA1652	18330	5	0	0	1	0	0	0	1	0	0	0
A	BL	25	131	1	2	BA1652	18337	5	4	0	0	0	0	0	0	0	0	0
A	BL	25	131	1	2	BA1652	18347	4	0	0	0	0	0	0	1	0	0	0
A	BL	25	131	1	2	BA1652	18360	4	5	1	1	0	0	0	0	0	0	0
A	BL	25	131	1	2	BA1652	18364	5	0	0	0	0	0	0	1	0	0	0
A	BL	25	131	1	2	BA1652	18368	5	0	0	1	0	0	0	0	0	0	0
A	BL	25	131	1	2	BA1652	18370	5	4	0	0	0	0	0	0	0	0	0
A	BL	25	131	1	2	BA1652	18376	4	0	0	0	0	0	0	1	0	0	0
A	BL	25	131	1	2	BA1652	18384	4	5	1	1	0	0	0	0	0	0	0
A	BL	25	131	1	2	BA1652	18392	5	0	0	0	0	0	0	1	0	0	0
A	BL	25	131	1	2	BA1652	18394	5	4	0	0	0	0	0	0	0	0	0
A	BL	25	131	1	2	BA1652	18463	4	5	1	1	0	0	0	0	0	0	0
A	BL	25	131	1	2	BA1652	18468	5	0	0	0	0	0	0	1	0	0	0
A	BL	25	131	1	2	BA1652	18473	5	4	0	0	0	0	0	0	0	0	0
A	BL	25	131	1	2	BA1652	18511	4	5	1	1	0	0	0	0	0	0	0
A	BL	25	131	1	2	BA1652	18521	5	4	0	0	0	0	0	0	0	0	0
A	BL	25	131	1	2	BA1652	18551	4	0	0	0	0	0	0	1	0	0	0
A	BL	25	131	1	2	BA1652	18553	4	5	1	1	0	0	0	0	0	0	0
A	BL	25	131	1	2	BA1652	18557	5	0	0	0	0	0	0	1	0	0	0
A	BL	25	131	1	2	BA1652	18559	5	0	0	1	0	0	0	0	0	0	0
A	BL	25	131	1	2	BA1652	18563	5	4	0	0	0	0	0	0	0	0	0
A	BL	25	131	1	2	BA1652	18581	4	0	0	0	0	0	0	1	0	0	0
A	BL	25	131	1	2	BA1652	18616	4	5	1	1	0	0	0	0	0	0	0
A	BL	25	131	1	2	BA1652	18626	5	4	0	0	0	0	0	0	0	0	0
A	BL	25	131	1	2	BA1652	18698	4	0	0	0	0	0	0	1	0	0	0
A	BL	25	131	1	2	BA1652	18729	4	5	1	1	0	0	0	0	0	0	0
A	BL	25	131	1	2	BA1652	18739	5	4	0	0	0	0	0	0	0	0	0
A	BL	25	131	1	2	BA1652	18743	4	0	0	0	0	0	0	1	0	0	0
A	BL	25	131	1	2	BA1652	18819	4	5	1	1	0	0	0	0	0	0	0
A	BL	25	131	1	2	BA1652	18824	5	0	0	0	0	0	0	1	0	0	0
A	BL	25	131	1	2	BA1652	18829	5	4	0	0	0	0	0	0	0	0	0
A	BL	25	131	1	2	BA1652	18911	4	5	1	1	0	0	0	0	0	0	0
A	BL	25	131	1	2	BA1652	18918	5	0	0	0	0	0	0	1	0	0	0
A	BL	25	131	1	2	BA1652	18921	5	4	0	1	0	0	0	0	0	0	0
A	BL	25	131	1	2	BA1652	18925	4	0	0	0	0	0	0	1	0	0	0
A	BL	25	131	1	2	BA1652	18928	4	5	1	1	0	0	0	0	0	0	0
A	BL	25	131	1	2	BA1652	18938	5	4	0	0	0	0	0	0	0	0	0
A	BL	25	131	1	2	BA1652	18939	4	0	0	0	0	0	0	1	0	0	0
A	BL	25	131	1	2	BA1652	19030	4	0	0	0	1	0	0	0	0	0	0
A	BL	25	131	1	2	BA1652	19076	4	0	0	0	0	0	0	0	1	0	0
A	BL	25	131	1	2	BA1652	19116	4	5	1	1	0	0	0	0	0	0	0
A	BL	25	131	1	2	BA1652	19126	5	4	0	0	0	0	0	0	0	0	0
A	BL	25	131	1	2	BA1652	19173	4	0	0	0	0	0	0	1	0	0	0
A	BL	25	131	1	2	BA1652	19181	4	5	1	1	0	0	0	0	0	0	0
A	BL	25	131	1	2	BA1652	19183	5	0	0	0	0	0	0	1	0	0	0
A	BL	25	131	1	2	BA1652	19191	5	4	0	0	0	0	0	0	0	0	0
A	BL	25	131	1	2	BA1652	19205	4	5	1	1	0	0	0	0	0	0	0
A	BL	25	131	1	2	BA1652	19209	5	0	0	0	0	0	0	1	0	0	0
A	BL	25	131	1	2	BA1652	19211	5	0	0	1	0	0	0	0	0	0	0
A	BL	25	131	1	2	BA1652	19215	5	4	0	0	0	0	0	0	0	0	0
A	BL	25	131	1	2	BA1652	19243	4	0	0	0	0	0	0	1	0	0	0
A	BL	25	131	1	2	BA1652	19481	4	5	1	1	0	0	0	0	0	0	0
A	BL	25	131	1	2	BA1652	19488	5	0	0	0	0	0	0	1	0	0	0
A	BL	25	131	1	2	BA1652	19489	5	0	0	1	0	0	0	0	0	0	0
A	BL	25	131	1	2	BA1652	19491	5	4	0	0	0	0	0	0	0	0	0
A	BL	25	131	1	2	BA1652	19511	4	0	0	0	0	0	0	1	0	0	0
A	BL	25	131	1	2	BA1652	19525	4	5	1	1	0	0	0	0	0	0	0
A	BL	25	131	1	2	BA1652	19535	5	9	0	0	0	0	0	0	0	0	0
A	BL	25	131	1	2	BA1652	19545	9	10	0	0	0	0	0	1	0	0	0
A	BL	25	131	1	2	BA1652	19620	10	2	0	0	0	0	0	0	0	0	0
A	BL	25	131	1	2	BA1652	19621	2	3	0	0	0	0	0	0	0	0	0
A	BL	25	131	1	2	BA1652	19703	3	5	1	1	0	0	0	0	0	0	0
A	BL	25	131	1	2	BA1652	19713	5	4	0	0	0	0	0	0	0	0	0
A	BL	25	131	1	2	BA1652	19735	4	0	0	0	0	0	0	1	0	0	0
A	BL	25	131	1	2	BA1652	19749	4	5	1	1	0	0	0	0	0	0	0
A	BL	25	131	1	2	BA1652	19759	5	4	0	0	0	0	0	0	0	0	0
A	BL	25	131	1	2	BA1652	19760	4	0	0	0	0	0	0	1	0	0	0
A	BL	25	131	1	2	BA1652	19904	4	5	1	1	0	0	0	0	0	0	0
A	BL	25	131	1	2	BA1652	19914	5	4	0	0	0	0	0	0	0	0	0
A	BL	25	131	1	2	BA1652	19917	4	0	0	0	0	0	0	1	0	0	0
A	BL	25	131	1	2	BA1652	20086	4	5	1	1	0	0	0	0	0	0	0
A	BL	25	131	1	2	BA1652	20094	5	0	0	0	0	0	0	1	0	0	0
A	BL	25	131	1	2	BA1652	20096	5	4	0	0	0	0	0	0	0	0	0
A	BL	25	131	1	2	BA1652	20313	4	5	1	1	0	0	0	0	0	0	0
A	BL	25	131	1	2	BA1652	20321	5	0	0	0	0	0	0	1	0	0	0
A	BL	25	131	1	2	BA1652	20323	5	4	0	0	0	0	0	0	0	0	0
A	BL	25	131	1	2	BA1652	20326	4	5	1	1	0	0	0	0	0	0	0
A	BL	25	131	1	2	BA1652	20330	5	0	0	0	0	0	0	1	0	0	0
A	BL	25	131	1	2	BA1652	20336	5	4	0	0	0	0	0	0	0	0	0
A	BL	25	131	1	2	BA1652	20733	4	5	1	1	0	0	0	0	0	0	0
A	BL	25	131	1	2	BA1652	20740	5	0	0	0	0	0	0	1	0	0	0
A	BL	25	131	1	2	BA1652	20741	5	0	0	1	0	0	0	0	0	0	0
A	BL	25	131	1	2	BA1652	20743	5	4	0	0	0	0	0	0	0	0	0
A	BL	25	131	1	2	BA1652	20746	4	0	0	0	0	0	0	1	0	0	0
A	BL	25	131	1	2	BA1652	20749	4	5	1	1	0	0	0	0	0	0	0
A	BL	25	131	1	2	BA1652	20759	5	4	0	0	0	0	0	0	0	0	0
A	BL	25	131	1	2	BA1652	20765	4	0	0	0	0	0	0	1	0	0	0
A	BL	25	131	1	2	BA1652	20784	4	5	1	1	0	0	0	0	0	0	0
A	BL	25	131	1	2	BA1652	20793	5	0	0	0	0	0	0	1	0	0	0
A	BL	25	131	1	2	BA1652	20794	5	4	0	0	0	0	0	0	0	0	0
A	BL	25	131	1	2	BA1652	20804	4	5	1	1	0	0	0	0	0	0	0
A	BL	25	131	1	2	BA1652	20806	5	0	0	0	0	0	0	1	0	0	0
A	BL	25	131	1	2	BA1652	20809	5	0	0	1	0	0	0	0	0	0	0
A	BL	25	131	1	2	BA1652	20813	5	0	0	0	0	0	0	1	0	0	0
A	BL	25	131	1	2	BA1652	20814	5	4	0	0	0	0	0	0	0	0	0
A	BL	25	131	1	2	BA1652	20918	4	5	1	1	0	0	0	0	0	0	0
A	BL	25	131	1	2	BA1652	20924	5	0	0	0	0	0	0	1	0	0	0
A	BL	25	131	1	2	BA1652	20925	5	0	0	1	0	0	0	0	0	0	0
A	BL	25	131	1	2	BA1652	20928	5	4	0	0	0	0	0	1	0	0	0
A	BL	25	131	1	2	BA1652	20937	4	5	1	1	0	0	0	0	0	0	0
A	BL	25	131	1	2	BA1652	20947	5	4	0	0	0	0	0	0	0	0	0
A	BL	25	131	1	2	BA1652	20950	4	0	0	0	0	0	0	1	0	0	0
A	BL	25	131	1	2	BA1652	20976	4	5	1	1	0	0	0	0	0	0	0
A	BL	25	131	1	2	BA1652	20978	5	0	0	0	0	0	0	1	0	0	0
A	BL	25	131	1	2	BA1652	20979	5	0	0	1	0	0	0	0	0	0	0
A	BL	25	131	1	2	BA1652	20986	5	4	0	0	0	0	0	1	0	0	0
A	BL	25	131	1	2	BA1652	20987	4	5	1	1	0	0	0	0	0	0	0
A	BL	25	131	1	2	BA1652	20991	5	0	0	0	0	0	0	1	0	0	0
A	BL	25	131	1	2	BA1652	20997	5	4	0	0	0	0	0	0	0	0	0
A	BL	25	131	1	2	BA1652	21146	4	5	1	1	0	0	0	0	0	0	0
A	BL	25	131	1	2	BA1652	21156	5	4	0	0	0	0	0	0	0	0	0
A	BL	25	131	1	2	BA1652	21206	4	0	0	0	0	0	0	1	0	0	0
A	BL	25	131	1	2	BA1652	21332	4	5	1	1	0	0	0	0	0	0	0
A	BL	25	131	1	2	BA1652	21342	5	4	0	0	0	0	0	0	0	0	0
A	BL	25	131	1	2	BA1652	21354	4	0	0	0	0	0	0	1	0	0	0
A	BL	25	131	1	2	BA1652	21361	4	5	1	1	0	0	0	0	0	0	0
A	BL	25	131	1	2	BA1652	21371	5	4	0	0	0	0	0	0	0	0	0
A	BL	25	131	1	2	BA1652	21375	4	0	0	0	0	0	0	1	0	0	0
A	BL	25	131	1	2	BA1652	21404	4	5	1	1	0	0	0	0	0	0	0
A	BL	25	131	1	2	BA1652	21410	5	0	0	0	0	0	0	1	0	0	0
A	BL	25	131	1	2	BA1652	21411	5	0	0	1	0	0	0	0	0	0	0
A	BL	25	131	1	2	BA1652	21414	5	4	0	0	0	0	0	0	0	0	0
A	BL	25	131	1	2	BA1652	21433	4	0	0	0	0	0	0	1	0	0	0
A	BL	25	131	1	2	BA1652	21489	4	5	1	1	0	0	0	0	0	0	0
A	BL	25	131	1	2	BA1652	21499	5	4	0	0	0	0	0	0	0	0	0
A	BL	25	131	1	2	BA1652	21533	4	0	0	0	0	0	0	1	0	0	0
A	BL	25	131	1	2	BA1652	21537	4	5	1	1	0	0	0	0	0	0	0
A	BL	25	131	1	2	BA1652	21547	5	4	0	0	0	0	0	0	0	0	0
A	BL	25	131	1	2	BA1652	21566	4	0	0	0	0	0	0	1	0	0	0
A	BL	25	131	1	2	BA1652	21663	4	5	1	1	0	0	0	0	0	0	0
A	BL	25	131	1	2	BA1652	21673	5	4	0	0	0	0	0	0	0	0	0
A	BL	25	131	1	2	BA1652	21674	4	0	0	0	0	0	0	1	0	0	0
A	BL	25	131	1	2	BA1652	21769	4	5	1	1	0	0	0	0	0	0	0
A	BL	25	131	1	2	BA1652	21777	5	0	0	0	0	0	0	1	0	0	0
A	BL	25	131	1	2	BA1652	21779	5	4	0	0	0	0	0	0	0	0	0
A	BL	25	131	1	2	BA1652	21781	4	5	1	1	0	0	0	0	0	0	0
A	BL	25	131	1	2	BA1652	21791	5	4	0	0	0	0	0	0	0	0	0
A	BL	25	131	1	2	BA1652	21837	4	0	0	0	0	0	0	1	0	0	0
A	BL	25	131	1	2	BA1652	21889	4	5	1	1	0	0	0	0	0	0	0
A	BL	25	131	1	2	BA1652	21899	5	4	0	0	0	0	0	0	0	0	0
A	BL	25	131	1	2	BA1652	21928	4	0	0	0	0	0	0	1	0	0	0
A	BL	25	131	1	2	BA1652	21938	4	5	1	1	0	0	0	0	0	0	0
A	BL	25	131	1	2	BA1652	21948	5	4	0	0	0	0	0	0	0	0	0
A	BL	25	131	1	2	BA1652	21949	4	0	0	0	0	0	0	1	0	0	0
A	BL	25	131	1	2	BA1652	22055	4	5	1	1	0	0	0	0	0	0	0
A	BL	25	131	1	2	BA1652	22065	5	4	0	0	0	0	0	0	0	0	0
A	BL	25	131	1	2	BA1652	22069	4	0	0	0	0	0	0	1	0	0	0
A	BL	25	131	1	2	BA1652	22070	4	5	1	1	0	0	0	0	0	0	0
A	BL	25	131	1	2	BA1652	22080	5	4	0	0	0	0	0	0	0	0	0
A	BL	25	131	1	2	BA1652	22092	4	0	0	0	0	0	0	1	0	0	0
A	BL	25	131	1	2	BA1652	22105	4	5	1	1	0	0	0	0	0	0	0
A	BL	25	131	1	2	BA1652	22115	5	4	0	0	0	0	0	0	0	0	0
A	BL	25	131	1	2	BA1652	22122	4	0	0	0	0	0	0	1	0	0	0
A	BL	25	131	1	2	BA1652	22216	4	5	1	1	0	0	0	0	0	0	0
A	BL	25	131	1	2	BA1652	22218	5	0	0	0	0	0	0	1	0	0	0
A	BL	25	131	1	2	BA1652	22226	5	4	0	0	0	0	0	0	0	0	0
A	BL	25	131	1	2	BA1652	22278	4	5	1	1	0	0	0	0	0	0	0
A	BL	25	131	1	2	BA1652	22288	5	4	0	0	0	0	0	0	0	0	0
A	BL	25	131	1	2	BA1652	22310	4	0	0	0	0	0	0	1	0	0	0
A	BL	25	131	1	2	BA1652	22573	4	5	1	1	0	0	0	0	0	0	0
A	BL	25	131	1	2	BA1652	22583	5	4	0	0	0	0	0	0	0	0	0
A	BL	25	131	1	2	BA1652	22589	4	0	0	0	0	0	0	1	0	0	0
A	BL	25	131	1	2	BA1652	22593	4	5	1	1	0	0	0	0	0	0	0
A	BL	25	131	1	2	BA1652	22603	5	4	0	0	0	0	0	0	0	0	0
A	BL	25	131	1	2	BA1652	22612	4	0	0	0	0	0	0	1	0	0	0
A	BL	25	131	1	2	BA1652	22696	4	5	1	1	0	0	0	0	0	0	0
A	BL	25	131	1	2	BA1652	22701	5	0	0	0	0	0	0	1	0	0	0
A	BL	25	131	1	2	BA1652	22706	5	4	0	0	0	0	0	0	0	0	0
A	BL	25	131	1	2	BA1652	22729	4	5	1	1	0	0	0	0	0	0	0
A	BL	25	131	1	2	BA1652	22732	5	0	0	0	0	0	0	1	0	0	0
A	BL	25	131	1	2	BA1652	22739	5	4	0	0	0	0	0	0	0	0	0
A	BL	25	131	1	2	BA1652	22741	4	5	1	1	0	0	0	0	0	0	0
A	BL	25	131	1	2	BA1652	22751	5	4	0	0	0	0	0	0	0	0	0
A	BL	25	131	1	2	BA1652	22786	4	0	0	0	0	0	0	1	0	0	0
A	BL	25	131	1	2	BA1652	22843	4	5	1	1	0	0	0	0	0	0	0
A	BL	25	131	1	2	BA1652	22849	5	0	0	0	0	0	0	1	0	0	0
A	BL	25	131	1	2	BA1652	22853	5	4	0	0	0	0	0	0	0	0	0
A	BL	25	131	1	2	BA1652	22889	4	5	1	1	0	0	0	0	0	0	0
A	BL	25	131	1	2	BA1652	22899	5	4	0	0	0	0	0	0	0	0	0
A	BL	25	131	1	2	BA1652	22902	4	0	0	0	0	0	0	1	0	0	0
A	BL	25	131	1	2	BA1652	23038	4	5	1	1	0	0	0	0	0	0	0
A	BL	25	131	1	2	BA1652	23048	5	4	0	0	0	0	0	0	0	0	0
A	BL	25	131	1	2	BA1652	23076	4	0	0	0	0	0	0	1	0	0	0
A	BL	25	131	1	2	BA1652	23308	4	5	1	1	0	0	0	0	0	0	0
A	BL	25	131	1	2	BA1652	23318	5	4	0	0	0	0	0	0	0	0	0
A	BL	25	131	1	2	BA1652	23329	4	0	0	0	0	0	0	1	0	0	0
A	BL	25	131	1	2	BA1652	24264	4	5	1	1	0	0	0	0	0	0	0
A	BL	25	131	1	2	BA1652	24274	5	9	0	0	0	0	0	0	0	0	0
A	BL	25	131	1	2	BA1652	24281	9	0	0	0	0	0	0	1	0	0	0
A	BL	25	131	1	2	BA1652	24284	9	10	0	0	0	0	0	0	0	0	0
A	BL	25	131	1	2	BA1652	24359	10	2	0	0	0	0	0	0	0	0	0
A	BL	25	131	1	2	BA1652	24360	2	6	0	0	0	0	0	0	0	0	0
A	BL	25	131	1	2	BA1652	24678	6	0	0	1	0	0	0	0	0	0	0
A	BL	25	131	1	2	BA1652	24743	6	0	0	0	0	0	0	1	0	0	0
A	BL	25	131	1	2	BA1652	24809	6	8	2	0	1	0	0	0	0	0	0
A	BL	25	131	1	2	BA1652	24819	8	7	0	0	0	0	0	0	0	0	0
A	BL	25	131	1	2	BA1652	24836	7	0	0	0	0	0	0	0	1	0	0
A	BL	25	131	1	2	BA1652	24876	7	8	2	0	1	0	0	0	0	0	0
A	BL	25	131	1	2	BA1652	24886	8	7	0	0	0	0	0	0	0	0	0
A	BL	25	131	1	2	BA1652	24906	7	0	0	0	0	0	0	0	1	0	0
A	BL	25	131	1	2	BA1652	24931	7	8	2	0	1	0	0	0	0	0	0
A	BL	25	131	1	2	BA1652	24941	8	7	0	0	0	0	0	0	0	0	0
A	BL	25	131	1	2	BA1652	24955	7	0	0	0	0	0	0	0	1	0	0
A	BL	25	131	1	2	BA1652	25008	7	8	2	0	1	0	0	0	0	0	0
A	BL	25	131	1	2	BA1652	25018	8	7	0	0	0	0	0	0	0	0	0
A	BL	25	131	1	2	BA1652	25028	7	8	2	0	1	0	0	0	1	0	0
A	BL	25	131	1	2	BA1652	25030	8	0	0	0	0	0	0	0	1	0	0
A	BL	25	131	1	2	BA1652	25032	8	0	0	0	1	0	0	0	0	0	0
A	BL	25	131	1	2	BA1652	25036	8	0	0	0	0	0	0	0	1	0	0
A	BL	25	131	1	2	BA1652	25038	8	7	0	0	0	0	0	0	0	0	0
A	BL	25	131	1	2	BA1652	25039	7	8	2	0	1	0	0	0	0	0	0
A	BL	25	131	1	2	BA1652	25041	8	0	0	0	0	0	0	0	1	0	0
A	BL	25	131	1	2	BA1652	25046	8	0	0	0	1	0	0	0	0	0	0
A	BL	25	131	1	2	BA1652	25048	8	0	0	0	0	0	0	0	1	0	0
A	BL	25	131	1	2	BA1652	25049	8	7	0	0	1	0	0	0	0	0	0
A	BL	25	131	1	2	BA1652	25053	7	0	0	0	0	0	0	0	1	0	0
A	BL	25	131	1	2	BA1652	25067	7	8	2	0	1	0	0	0	0	0	0
A	BL	25	131	1	2	BA1652	25077	8	7	0	0	0	0	0	0	0	0	0
A	BL	25	131	1	2	BA1652	25087	7	0	0	0	0	0	0	0	1	0	0
A	BL	25	131	1	2	BA1652	25088	7	8	2	0	1	0	0	0	0	0	0
A	BL	25	131	1	2	BA1652	25098	8	7	0	0	0	0	0	0	0	0	0
A	BL	25	131	1	2	BA1652	25117	7	0	0	0	0	0	0	0	1	0	0
A	BL	25	131	1	2	BA1652	25186	7	8	2	0	1	0	0	0	0	0	0
A	BL	25	131	1	2	BA1652	25196	8	7	0	0	0	0	0	0	0	0	0
A	BL	25	131	1	2	BA1652	25235	7	0	0	0	0	0	0	0	1	0	0
A	BL	25	131	1	2	BA1652	25238	7	8	2	0	1	0	0	0	0	0	0
A	BL	25	131	1	2	BA1652	25248	8	7	0	0	0	0	0	0	0	0	0
A	BL	25	131	1	2	BA1652	25249	7	0	0	0	0	0	0	0	1	0	0
A	BL	25	131	1	2	BA1652	25251	7	8	2	0	1	0	0	0	0	0	0
A	BL	25	131	1	2	BA1652	25259	8	0	0	0	0	0	0	0	1	0	0
A	BL	25	131	1	2	BA1652	25261	8	7	0	0	1	0	0	0	0	0	0
A	BL	25	131	1	2	BA1652	25267	7	0	0	0	0	0	0	0	1	0	0
A	BL	25	131	1	2	BA1652	25270	7	8	2	0	1	0	0	0	0	0	0
A	BL	25	131	1	2	BA1652	25273	8	0	0	0	0	0	0	0	1	0	0
A	BL	25	131	1	2	BA1652	25280	8	7	0	0	0	0	0	0	0	0	0
A	BL	25	131	1	2	BA1652	25289	7	8	2	0	1	0	0	0	0	0	0
A	BL	25	131	1	2	BA1652	25298	8	0	0	0	0	0	0	0	1	0	0
A	BL	25	131	1	2	BA1652	25299	8	7	0	0	1	0	0	0	0	0	0
A	BL	25	131	1	2	BA1652	25312	7	0	0	0	0	0	0	0	1	0	0
A	BL	25	131	1	2	BA1652	25319	7	8	2	0	1	0	0	0	0	0	0
A	BL	25	131	1	2	BA1652	25326	8	0	0	0	0	0	0	0	1	0	0
A	BL	25	131	1	2	BA1652	25329	8	7	0	0	0	0	0	0	0	0	0
A	BL	25	131	1	2	BA1652	25330	7	8	2	0	1	0	0	0	0	0	0
A	BL	25	131	1	2	BA1652	25331	8	0	0	0	0	0	0	0	1	0	0
A	BL	25	131	1	2	BA1652	25340	8	7	0	0	1	0	0	0	0	0	0
A	BL	25	131	1	2	BA1652	25343	7	0	0	0	0	0	0	0	1	0	0
A	BL	25	131	1	2	BA1652	25348	7	8	2	0	1	0	0	0	0	0	0
A	BL	25	131	1	2	BA1652	25357	8	0	0	0	0	0	0	0	1	0	0
A	BL	25	131	1	2	BA1652	25358	8	7	0	0	0	0	0	0	0	0	0
A	BL	25	131	1	2	BA1652	25442	7	8	2	0	1	0	0	0	0	0	0
A	BL	25	131	1	2	BA1652	25450	8	0	0	0	0	0	0	0	1	0	0
A	BL	25	131	1	2	BA1652	25452	8	7	0	0	0	0	0	0	0	0	0
A	BL	25	131	1	2	BA1652	25461	7	8	2	0	1	0	0	0	0	0	0
A	BL	25	131	1	2	BA1652	25471	8	7	0	0	0	0	0	0	0	0	0
A	BL	25	131	1	2	BA1652	25475	7	0	0	0	0	0	0	0	1	0	0
A	BL	25	131	1	2	BA1652	25479	7	8	2	0	1	0	0	0	0	0	0
A	BL	25	131	1	2	BA1652	25484	8	0	0	0	0	0	0	0	1	0	0
A	BL	25	131	1	2	BA1652	25488	8	0	0	0	1	0	0	0	0	0	0
A	BL	25	131	1	2	BA1652	25489	8	7	0	0	0	0	0	0	0	0	0
A	BL	25	131	1	2	BA1652	25492	7	0	0	0	0	0	0	0	1	0	0
A	BL	25	131	1	2	BA1652	25496	7	8	2	0	1	0	0	0	0	0	0
A	BL	25	131	1	2	BA1652	25503	8	0	0	0	0	0	0	0	1	0	0
A	BL	25	131	1	2	BA1652	25506	8	7	0	0	1	0	0	0	0	0	0
A	BL	25	131	1	2	BA1652	25510	7	0	0	0	0	0	0	0	1	0	0
A	BL	25	131	1	2	BA1652	25526	7	8	2	0	1	0	0	0	0	0	0
A	BL	25	131	1	2	BA1652	25531	8	0	0	0	0	0	0	0	1	0	0
A	BL	25	131	1	2	BA1652	25536	8	7	0	0	0	0	0	0	0	0	0
A	BL	25	131	1	2	BA1652	25600	7	8	2	0	1	0	0	0	0	0	0
A	BL	25	131	1	2	BA1652	25610	8	7	0	0	0	0	0	0	0	0	0
A	BL	25	131	1	2	BA1652	25652	7	0	0	0	0	0	0	0	1	0	0
A	BL	25	131	1	2	BA1652	25654	7	8	2	0	1	0	0	0	0	0	0
A	BL	25	131	1	2	BA1652	25659	8	0	0	0	0	0	0	0	1	0	0
A	BL	25	131	1	2	BA1652	25661	8	0	0	0	1	0	0	0	0	0	0
A	BL	25	131	1	2	BA1652	25664	8	7	0	0	0	0	0	0	0	0	0
A	BL	25	131	1	2	BA1652	25679	7	0	0	0	0	0	0	0	1	0	0
A	BL	25	131	1	2	BA1652	25688	7	8	2	0	1	0	0	0	0	0	0
A	BL	25	131	1	2	BA1652	25693	8	0	0	0	0	0	0	0	1	0	0
A	BL	25	131	1	2	BA1652	25696	8	0	0	0	1	0	0	0	0	0	0
A	BL	25	131	1	2	BA1652	25698	8	7	0	0	0	0	0	0	0	0	0
A	BL	25	131	1	2	BA1652	25700	7	0	0	0	0	0	0	0	1	0	0
A	BL	25	131	1	2	BA1652	25703	7	8	2	0	1	0	0	0	0	0	0
A	BL	25	131	1	2	BA1652	25706	8	0	0	0	0	0	0	0	1	0	0
A	BL	25	131	1	2	BA1652	25713	8	7	0	0	0	0	0	0	0	0	0
A	BL	25	131	1	2	BA1652	25794	7	8	2	0	1	0	0	0	0	0	0
A	BL	25	131	1	2	BA1652	25800	8	0	0	0	0	0	0	0	1	0	0
A	BL	25	131	1	2	BA1652	25803	8	0	0	0	1	0	0	0	0	0	0
A	BL	25	131	1	2	BA1652	25804	8	7	0	0	0	0	0	0	0	0	0
A	BL	25	131	1	2	BA1652	25829	7	0	0	0	0	0	0	0	1	0	0
A	BL	25	131	1	2	BA1652	25838	7	8	2	0	1	0	0	0	0	0	0
A	BL	25	131	1	2	BA1652	25839	8	0	0	0	0	0	0	0	1	0	0
A	BL	25	131	1	2	BA1652	25848	8	7	0	0	0	0	0	0	0	0	0
A	BL	25	131	1	2	BA1652	25862	7	8	2	0	1	0	0	0	0	0	0
A	BL	25	131	1	2	BA1652	25864	8	0	0	0	0	0	0	0	1	0	0
A	BL	25	131	1	2	BA1652	25872	8	7	0	0	1	0	0	0	0	0	0
A	BL	25	131	1	2	BA1652	25874	7	0	0	0	0	0	0	0	1	0	0
A	BL	25	131	1	2	BA1652	25908	7	8	2	0	1	0	0	0	0	0	0
A	BL	25	131	1	2	BA1652	25918	8	7	0	0	0	0	0	0	0	0	0
A	BL	25	131	1	2	BA1652	25933	7	0	0	0	0	0	0	0	1	0	0
A	BL	25	131	1	2	BA1652	25937	7	8	2	0	1	0	0	0	0	0	0
A	BL	25	131	1	2	BA1652	25947	8	7	0	0	0	0	0	0	1	0	0
A	BL	25	131	1	2	BA1652	25949	7	8	2	0	1	0	0	0	0	0	0
A	BL	25	131	1	2	BA1652	25959	8	7	0	0	0	0	0	0	0	0	0
A	BL	25	131	1	2	BA1652	25970	7	0	0	0	0	0	0	0	1	0	0
A	BL	25	131	1	2	BA1652	25971	7	8	2	0	1	0	0	0	0	0	0
A	BL	25	131	1	2	BA1652	25973	8	0	0	0	0	0	0	0	1	0	0
A	BL	25	131	1	2	BA1652	25975	8	0	0	0	1	0	0	0	0	0	0
A	BL	25	131	1	2	BA1652	25978	8	0	0	0	0	0	0	0	1	0	0
A	BL	25	131	1	2	BA1652	25981	8	7	0	0	0	0	0	0	0	0	0
A	BL	25	131	1	2	BA1652	26055	7	8	2	0	1	0	0	0	0	0	0
A	BL	25	131	1	2	BA1652	26063	8	0	0	0	0	0	0	0	1	0	0
A	BL	25	131	1	2	BA1652	26065	8	7	0	0	0	0	0	0	0	0	0
A	BL	25	131	1	2	BA1652	26079	7	8	2	0	1	0	0	0	0	0	0
A	BL	25	131	1	2	BA1652	26089	8	7	0	0	0	0	0	0	0	0	0
A	BL	25	131	1	2	BA1652	26092	7	0	0	0	0	0	0	0	1	0	0
A	BL	25	131	1	2	BA1652	26111	7	8	2	0	1	0	0	0	0	0	0
A	BL	25	131	1	2	BA1652	26121	8	7	0	0	0	0	0	0	0	0	0
A	BL	25	131	1	2	BA1652	26123	7	0	0	0	0	0	0	0	1	0	0
A	BL	25	131	1	2	BA1652	26129	7	8	2	0	1	0	0	0	0	0	0
A	BL	25	131	1	2	BA1652	26133	8	0	0	0	0	0	0	0	1	0	0
A	BL	25	131	1	2	BA1652	26135	8	0	0	0	1	0	0	0	0	0	0
A	BL	25	131	1	2	BA1652	26139	8	7	0	0	0	0	0	0	0	0	0
A	BL	25	131	1	2	BA1652	26140	7	0	0	0	0	0	0	0	1	0	0
A	BL	25	131	1	2	BA1652	26149	7	8	2	0	1	0	0	0	0	0	0
A	BL	25	131	1	2	BA1652	26152	8	0	0	0	0	0	0	0	1	0	0
A	BL	25	131	1	2	BA1652	26159	8	7	0	0	0	0	0	0	0	0	0
A	BL	25	131	1	2	BA1652	26229	7	8	2	0	1	0	0	0	0	0	0
A	BL	25	131	1	2	BA1652	26232	8	0	0	0	0	0	0	0	1	0	0
A	BL	25	131	1	2	BA1652	26233	8	0	0	0	1	0	0	0	0	0	0
A	BL	25	131	1	2	BA1652	26239	8	7	0	0	0	0	0	0	0	0	0
A	BL	25	131	1	2	BA1652	26269	7	0	0	0	0	0	0	0	1	0	0
A	BL	25	131	1	2	BA1652	26286	7	8	2	0	1	0	0	0	0	0	0
A	BL	25	131	1	2	BA1652	26288	8	0	0	0	0	0	0	0	1	0	0
A	BL	25	131	1	2	BA1652	26294	8	0	0	0	1	0	0	0	0	0	0
A	BL	25	131	1	2	BA1652	26296	8	7	0	0	0	0	0	0	0	0	0
A	BL	25	131	1	2	BA1652	26298	7	0	0	0	0	0	0	0	1	0	0
A	BL	25	131	1	2	BA1652	26302	7	8	2	0	1	0	0	0	0	0	0
A	BL	25	131	1	2	BA1652	26312	8	9	0	0	0	0	0	0	1	0	0
A	BL	25	131	1	2	BA1652	26315	9	0	0	0	1	0	0	0	0	0	0
A	BL	25	131	1	2	BA1652	26322	9	10	0	0	0	0	0	0	0	0	0
A	BL	25	131	1	2	BA1652	26324	10	0	0	0	0	0	0	0	1	0	0
A	BL	25	131	1	2	BA1652	26397	10	2	0	0	0	0	0	0	0	0	0
A	BL	25	131	1	2	BA1652	26398	2	6	0	0	0	0	0	0	0	0	0
A	BL	25	131	1	2	BA1652	26766	6	8	2	0	1	0	0	0	0	0	0
A	BL	25	131	1	2	BA1652	26776	8	7	0	0	0	0	0	0	0	0	0
A	BL	25	131	1	2	BA1652	26787	7	0	0	0	0	0	0	0	1	0	0
A	BL	25	131	1	2	BA1652	26794	7	8	2	0	1	0	0	0	0	0	0
A	BL	25	131	1	2	BA1652	26804	8	7	0	0	0	0	0	0	0	0	0
A	BL	25	131	1	2	BA1652	26811	7	0	0	0	0	0	0	0	1	0	0
A	BL	25	131	1	2	BA1652	26818	7	8	2	0	1	0	0	0	0	0	0
A	BL	25	131	1	2	BA1652	26824	8	0	0	0	0	0	0	0	1	0	0
A	BL	25	131	1	2	BA1652	26828	8	7	0	0	0	0	0	0	0	0	0
A	BL	25	131	1	2	BA1652	26850	7	8	2	0	1	0	0	0	0	0	0
A	BL	25	131	1	2	BA1652	26853	8	0	0	0	0	0	0	0	1	0	0
A	BL	25	131	1	2	BA1652	26860	8	7	0	0	0	0	0	0	0	0	0
A	BL	25	131	1	2	BA1652	26866	7	8	2	0	1	0	0	0	0	0	0
A	BL	25	131	1	2	BA1652	26873	8	0	0	0	0	0	0	0	1	0	0
A	BL	25	131	1	2	BA1652	26876	8	7	0	0	0	0	0	0	0	0	0
A	BL	25	131	1	2	BA1652	26915	7	8	2	0	1	0	0	0	0	0	0
A	BL	25	131	1	2	BA1652	26920	8	0	0	0	0	0	0	0	1	0	0
A	BL	25	131	1	2	BA1652	26925	8	7	0	0	0	0	0	0	0	0	0
A	BL	25	131	1	2	BA1652	26927	7	8	2	0	1	0	0	0	0	0	0
A	BL	25	131	1	2	BA1652	26931	8	0	0	0	0	0	0	0	1	0	0
A	BL	25	131	1	2	BA1652	26937	8	7	0	0	0	0	0	0	0	0	0
A	BL	25	131	1	2	BA1652	26938	7	8	2	0	1	0	0	0	0	0	0
A	BL	25	131	1	2	BA1652	26941	8	0	0	0	0	0	0	0	1	0	0
A	BL	25	131	1	2	BA1652	26945	8	0	0	0	1	0	0	0	0	0	0
A	BL	25	131	1	2	BA1652	26948	8	7	0	0	0	0	0	0	0	0	0
A	BL	25	131	1	2	BA1652	26965	7	0	0	0	0	0	0	0	1	0	0
A	BL	25	131	1	2	BA1652	26970	7	8	2	0	1	0	0	0	0	0	0
A	BL	25	131	1	2	BA1652	26980	8	7	0	0	0	0	0	0	1	0	0
A	BL	25	131	1	2	BA1652	26981	7	8	2	0	1	0	0	0	0	0	0
A	BL	25	131	1	2	BA1652	26991	8	7	0	0	0	0	0	0	0	0	0
A	BL	25	131	1	2	BA1652	26993	7	0	0	0	0	0	0	0	1	0	0
A	BL	25	131	1	2	BA1652	27061	7	8	2	0	1	0	0	0	0	0	0
A	BL	25	131	1	2	BA1652	27070	8	0	0	0	0	0	0	0	1	0	0
A	BL	25	131	1	2	BA1652	27071	8	7	0	0	0	0	0	0	0	0	0
A	BL	25	131	1	2	BA1652	27075	7	8	2	0	1	0	0	0	0	0	0
A	BL	25	131	1	2	BA1652	27081	8	0	0	0	0	0	0	0	1	0	0
A	BL	25	131	1	2	BA1652	27085	8	7	0	0	0	0	0	0	0	0	0
A	BL	25	131	1	2	BA1652	27087	7	8	2	0	1	0	0	0	0	0	0
A	BL	25	131	1	2	BA1652	27092	8	0	0	0	0	0	0	0	1	0	0
A	BL	25	131	1	2	BA1652	27093	8	0	0	0	1	0	0	0	0	0	0
A	BL	25	131	1	2	BA1652	27097	8	7	0	0	0	0	0	0	0	0	0
A	BL	25	131	1	2	BA1652	27099	7	0	0	0	0	0	0	0	1	0	0
A	BL	25	131	1	2	BA1652	27104	7	8	2	0	1	0	0	0	0	0	0
A	BL	25	131	1	2	BA1652	27109	8	0	0	0	0	0	0	0	1	0	0
A	BL	25	131	1	2	BA1652	27112	8	0	0	0	1	0	0	0	0	0	0
A	BL	25	131	1	2	BA1652	27114	8	7	0	0	0	0	0	0	0	0	0
A	BL	25	131	1	2	BA1652	27123	7	0	0	0	0	0	0	0	1	0	0
A	BL	25	131	1	2	BA1652	27142	7	8	2	0	1	0	0	0	0	0	0
A	BL	25	131	1	2	BA1652	27150	8	0	0	0	0	0	0	0	1	0	0
A	BL	25	131	1	2	BA1652	27152	8	7	0	0	1	0	0	0	0	0	0
A	BL	25	131	1	2	BA1652	27184	7	0	0	0	0	0	0	0	1	0	0
A	BL	25	131	1	2	BA1652	27185	7	8	2	0	1	0	0	0	0	0	0
A	BL	25	131	1	2	BA1652	27192	8	0	0	0	0	0	0	0	1	0	0
A	BL	25	131	1	2	BA1652	27195	8	7	0	0	0	0	0	0	0	0	0
A	BL	25	131	1	2	BA1652	27196	7	8	2	0	1	0	0	0	0	0	0
A	BL	25	131	1	2	BA1652	27200	8	0	0	0	0	0	0	0	1	0	0
A	BL	25	131	1	2	BA1652	27206	8	7	0	0	0	0	0	0	0	0	0
A	BL	25	131	1	2	BA1652	27329	7	8	2	0	1	0	0	0	0	0	0
A	BL	25	131	1	2	BA1652	27339	8	7	0	0	0	0	0	0	0	0	0
A	BL	25	131	1	2	BA1652	27363	7	0	0	0	0	0	0	0	1	0	0
A	BL	25	131	1	2	BA1652	27364	7	8	2	0	1	0	0	0	0	0	0
A	BL	25	131	1	2	BA1652	27371	8	0	0	0	0	0	0	0	1	0	0
A	BL	25	131	1	2	BA1652	27374	8	7	0	0	0	0	0	0	0	0	0
A	BL	25	131	1	2	BA1652	27425	7	8	2	0	1	0	0	0	0	0	0
A	BL	25	131	1	2	BA1652	27435	8	7	0	0	0	0	0	0	0	0	0
A	BL	25	131	1	2	BA1652	27439	7	0	0	0	0	0	0	0	1	0	0
A	BL	25	131	1	2	BA1652	27440	7	8	2	0	1	0	0	0	0	0	0
A	BL	25	131	1	2	BA1652	27449	8	0	0	0	0	0	0	0	1	0	0
A	BL	25	131	1	2	BA1652	27450	8	7	0	0	1	0	0	0	0	0	0
A	BL	25	131	1	2	BA1652	27454	7	0	0	0	0	0	0	0	1	0	0
A	BL	25	131	1	2	BA1652	27458	7	8	2	0	1	0	0	0	0	0	0
A	BL	25	131	1	2	BA1652	27460	8	0	0	0	0	0	0	0	1	0	0
A	BL	25	131	1	2	BA1652	27464	8	0	0	0	1	0	0	0	0	0	0
A	BL	25	131	1	2	BA1652	27468	8	7	0	0	0	0	0	0	0	0	0
A	BL	25	131	1	2	BA1652	27478	7	0	0	0	0	0	0	0	1	0	0
A	BL	25	131	1	2	BA1652	27480	7	8	2	0	1	0	0	0	0	0	0
A	BL	25	131	1	2	BA1652	27484	8	0	0	0	0	0	0	0	1	0	0
A	BL	25	131	1	2	BA1652	27490	8	7	0	0	0	0	0	0	0	0	0
A	BL	25	131	1	2	BA1652	27510	7	8	2	0	1	0	0	0	0	0	0
A	BL	25	131	1	2	BA1652	27520	8	7	0	0	0	0	0	0	0	0	0
A	BL	25	131	1	2	BA1652	27547	7	0	0	0	0	0	0	0	1	0	0
A	BL	25	131	1	2	BA1652	27550	7	8	2	0	1	0	0	0	0	0	0
A	BL	25	131	1	2	BA1652	27560	8	7	0	0	0	0	0	0	0	0	0
A	BL	25	131	1	2	BA1652	27579	7	0	0	0	0	0	0	0	1	0	0
A	BL	25	131	1	2	BA1652	27603	7	8	2	0	1	0	0	0	0	0	0
A	BL	25	131	1	2	BA1652	27613	8	7	0	0	0	0	0	0	0	0	0
A	BL	25	131	1	2	BA1652	27614	7	0	0	0	0	0	0	0	1	0	0
A	BL	25	131	1	2	BA1652	27626	7	8	2	0	1	0	0	0	0	0	0
A	BL	25	131	1	2	BA1652	27628	8	0	0	0	0	0	0	0	1	0	0
A	BL	25	131	1	2	BA1652	27630	8	0	0	0	1	0	0	0	0	0	0
A	BL	25	131	1	2	BA1652	27636	8	7	0	0	0	0	0	0	0	0	0
A	BL	25	131	1	2	BA1652	27644	7	0	0	0	0	0	0	0	1	0	0
A	BL	25	131	1	2	BA1652	27765	7	8	2	0	1	0	0	0	0	0	0
A	BL	25	131	1	2	BA1652	27768	8	0	0	0	0	0	0	0	1	0	0
A	BL	25	131	1	2	BA1652	27775	8	7	0	0	0	0	0	0	0	0	0
A	BL	25	131	1	2	BA1652	27802	7	8	2	0	1	0	0	0	0	0	0
A	BL	25	131	1	2	BA1652	27809	8	0	0	0	0	0	0	0	1	0	0
A	BL	25	131	1	2	BA1652	27812	8	7	0	0	0	0	0	0	0	0	0
A	BL	25	131	1	2	BA1652	27813	7	8	2	0	1	0	0	0	0	0	0
A	BL	25	131	1	2	BA1652	27823	8	7	0	0	0	0	0	0	0	0	0
A	BL	25	131	1	2	BA1652	27825	7	0	0	0	0	0	0	0	1	0	0
A	BL	25	131	1	2	BA1652	27831	7	8	2	0	1	0	0	0	0	0	0
A	BL	25	131	1	2	BA1652	27835	8	0	0	0	0	0	0	0	1	0	0
A	BL	25	131	1	2	BA1652	27839	8	0	0	0	1	0	0	0	0	0	0
A	BL	25	131	1	2	BA1652	27841	8	7	0	0	0	0	0	0	0	0	0
A	BL	25	131	1	2	BA1652	27842	7	0	0	0	0	0	0	0	1	0	0
A	BL	25	131	1	2	BA1652	27854	7	8	2	0	1	0	0	0	0	0	0
A	BL	25	131	1	2	BA1652	27856	8	0	0	0	0	0	0	0	1	0	0
A	BL	25	131	1	2	BA1652	27864	8	7	0	0	0	0	0	0	0	0	0
A	BL	25	131	1	2	BA1652	27879	7	8	2	0	1	0	0	0	0	0	0
A	BL	25	131	1	2	BA1652	27889	8	7	0	0	0	0	0	0	0	0	0
A	BL	25	131	1	2	BA1652	27940	7	0	0	0	0	0	0	0	1	0	0
A	BL	25	131	1	2	BA1652	27964	7	8	2	0	1	0	0	0	0	0	0
A	BL	25	131	1	2	BA1652	27974	8	7	0	0	0	0	0	0	0	0	0
A	BL	25	131	1	2	BA1652	27977	7	0	0	0	0	0	0	0	1	0	0
A	BL	25	131	1	2	BA1652	28033	7	8	2	0	1	0	0	0	0	0	0
A	BL	25	131	1	2	BA1652	28043	8	7	0	0	0	0	0	0	0	0	0
A	BL	25	131	1	2	BA1652	28044	7	0	0	0	0	0	0	0	1	0	0
A	BL	25	131	1	2	BA1652	28051	7	8	2	0	1	0	0	0	0	0	0
A	BL	25	131	1	2	BA1652	28054	8	0	0	0	0	0	0	0	1	0	0
A	BL	25	131	1	2	BA1652	28056	8	0	0	0	1	0	0	0	0	0	0
A	BL	25	131	1	2	BA1652	28060	8	0	0	0	0	0	0	0	1	0	0
A	BL	25	131	1	2	BA1652	28061	8	7	0	0	0	0	0	0	0	0	0
A	BL	25	131	1	2	BA1652	28062	7	8	2	0	1	0	0	0	0	0	0
A	BL	25	131	1	2	BA1652	28072	8	7	0	0	0	0	0	0	0	0	0
A	BL	25	131	1	2	BA1652	28073	7	0	0	0	0	0	0	0	1	0	0
A	BL	25	131	1	2	BA1652	28085	7	8	2	0	1	0	0	0	0	0	0
A	BL	25	131	1	2	BA1652	28095	8	7	0	0	0	0	0	0	0	0	0
A	BL	25	131	1	2	BA1652	28125	7	0	0	0	0	0	0	0	1	0	0
A	BL	25	131	1	2	BA1652	28126	7	8	2	0	1	0	0	0	0	0	0
A	BL	25	131	1	2	BA1652	28128	8	0	0	0	0	0	0	0	1	0	0
A	BL	25	131	1	2	BA1652	28132	8	0	0	0	1	0	0	0	0	0	0
A	BL	25	131	1	2	BA1652	28136	8	7	0	0	0	0	0	0	0	0	0
A	BL	25	131	1	2	BA1652	28141	7	0	0	0	0	0	0	0	1	0	0
A	BL	25	131	1	2	BA1652	28166	7	8	2	0	1	0	0	0	0	0	0
A	BL	25	131	1	2	BA1652	28176	8	9	0	0	0	0	0	0	0	0	0
A	BL	25	131	1	2	BA1652	28186	9	10	0	0	0	0	0	0	0	0	0
A	BL	25	131	1	2	BA1652	28188	10	0	0	0	0	0	0	0	1	0	0
A	BL	25	131	1	2	BA1652	28261	10	2	0	0	0	0	0	0	0	0	0
A	BL	25	131	1	2	BA1652	28262	2	6	0	0	0	0	0	0	0	0	0
A	BL	25	131	1	2	BA1652	29142	6	8	2	0	1	0	0	0	0	0	0
A	BL	25	131	1	2	BA1652	29152	8	7	0	0	0	0	0	0	0	0	0
A	BL	25	131	1	2	BA1652	29158	7	0	0	0	0	0	0	0	1	0	0
A	BL	25	131	1	2	BA1652	29173	7	8	2	0	1	0	0	0	0	0	0
A	BL	25	131	1	2	BA1652	29176	8	0	0	0	0	0	0	0	1	0	0
A	BL	25	131	1	2	BA1652	29183	8	7	0	0	0	0	0	0	0	0	0
A	BL	25	131	1	2	BA1652	29190	7	8	2	0	1	0	0	0	0	0	0
A	BL	25	131	1	2	BA1652	29192	8	0	0	0	0	0	0	0	1	0	0
A	BL	25	131	1	2	BA1652	29193	8	0	0	0	1	0	0	0	0	0	0
A	BL	25	131	1	2	BA1652	29200	8	7	0	0	0	0	0	0	0	0	0
A	BL	25	131	1	2	BA1652	29215	7	0	0	0	0	0	0	0	1	0	0
A	BL	25	131	1	2	BA1652	29261	7	8	2	0	1	0	0	0	0	0	0
A	BL	25	131	1	2	BA1652	29271	8	7	0	0	0	0	0	0	0	0	0
A	BL	25	131	1	2	BA1652	29273	7	0	0	0	0	0	0	0	1	0	0
A	BL	25	131	1	2	BA1652	29278	7	8	2	0	1	0	0	0	0	0	0
A	BL	25	131	1	2	BA1652	29288	8	7	0	0	0	0	0	0	0	0	0
A	BL	25	131	1	2	BA1652	29298	7	0	0	0	0	0	0	0	1	0	0
A	BL	25	131	1	2	BA1652	29438	7	8	2	0	1	0	0	0	0	0	0
A	BL	25	131	1	2	BA1652	29443	8	0	0	0	0	0	0	0	1	0	0
A	BL	25	131	1	2	BA1652	29448	8	7	0	0	0	0	0	0	0	0	0
A	BL	25	131	1	2	BA1652	29483	7	8	2	0	1	0	0	0	0	0	0
A	BL	25	131	1	2	BA1652	29488	8	0	0	0	0	0	0	0	1	0	0
A	BL	25	131	1	2	BA1652	29489	8	0	0	0	1	0	0	0	0	0	0
A	BL	25	131	1	2	BA1652	29493	8	7	0	0	0	0	0	0	0	0	0
A	BL	25	131	1	2	BA1652	29505	7	0	0	0	0	0	0	0	1	0	0
A	BL	25	131	1	2	BA1652	29512	7	8	2	0	1	0	0	0	0	0	0
A	BL	25	131	1	2	BA1652	29514	8	0	0	0	0	0	0	0	1	0	0
A	BL	25	131	1	2	BA1652	29516	8	0	0	0	1	0	0	0	0	0	0
A	BL	25	131	1	2	BA1652	29520	8	0	0	0	0	0	0	0	1	0	0
A	BL	25	131	1	2	BA1652	29521	8	0	0	0	1	0	0	0	0	0	0
A	BL	25	131	1	2	BA1652	29522	8	7	0	0	0	0	0	0	0	0	0
A	BL	25	131	1	2	BA1652	29539	7	0	0	0	0	0	0	0	1	0	0
A	BL	25	131	1	2	BA1652	29574	7	8	2	0	1	0	0	0	0	0	0
A	BL	25	131	1	2	BA1652	29576	8	0	0	0	0	0	0	0	1	0	0
A	BL	25	131	1	2	BA1652	29583	8	0	0	0	1	0	0	0	0	0	0
A	BL	25	131	1	2	BA1652	29584	8	7	0	0	0	0	0	0	0	0	0
A	BL	25	131	1	2	BA1652	29588	7	0	0	0	0	0	0	0	1	0	0
A	BL	25	131	1	2	BA1652	29681	7	8	2	0	1	0	0	0	0	0	0
A	BL	25	131	1	2	BA1652	29691	8	7	0	0	0	0	0	0	0	0	0
A	BL	25	131	1	2	BA1652	29695	7	0	0	0	0	0	0	0	1	0	0
A	BL	25	131	1	2	BA1652	29722	7	8	2	0	1	0	0	0	0	0	0
A	BL	25	131	1	2	BA1652	29729	8	0	0	0	0	0	0	0	1	0	0
A	BL	25	131	1	2	BA1652	29732	8	7	0	0	0	0	0	0	0	0	0
A	BL	25	131	1	2	BA1652	29755	7	8	2	0	1	0	0	0	0	0	0
A	BL	25	131	1	2	BA1652	29761	8	0	0	0	0	0	0	0	1	0	0
A	BL	25	131	1	2	BA1652	29765	8	7	0	0	0	0	0	0	0	0	0
A	BL	25	131	1	2	BA1652	29773	7	8	2	0	1	0	0	0	0	0	0
A	BL	25	131	1	2	BA1652	29782	8	0	0	0	0	0	0	0	1	0	0
A	BL	25	131	1	2	BA1652	29783	8	7	0	0	0	0	0	0	0	0	0
A	BL	25	131	1	2	BA1652	29805	7	8	2	0	1	0	0	0	0	0	0
A	BL	25	131	1	2	BA1652	29815	8	7	0	0	0	0	0	0	0	0	0
A	BL	25	131	1	2	BA1652	29828	7	0	0	0	0	0	0	0	1	0	0
A	BL	25	131	1	2	BA1652	29833	7	8	2	0	1	0	0	0	0	0	0
A	BL	25	131	1	2	BA1652	29843	8	7	0	0	0	0	0	0	0	0	0
A	BL	25	131	1	2	BA1652	29858	7	0	0	0	0	0	0	0	1	0	0
A	BL	25	131	1	2	BA1652	29864	7	8	2	0	1	0	0	0	0	0	0
A	BL	25	131	1	2	BA1652	29870	8	0	0	0	0	0	0	0	1	0	0
A	BL	25	131	1	2	BA1652	29874	8	7	0	0	0	0	0	0	0	0	0
A	BL	25	131	1	2	BA1652	29896	7	8	2	0	1	0	0	0	0	0	0
A	BL	25	131	1	2	BA1652	29898	8	0	0	0	0	0	0	0	1	0	0
A	BL	25	131	1	2	BA1652	29906	8	7	0	0	0	0	0	0	0	0	0
A	BL	25	131	1	2	BA1652	29920	7	8	2	0	1	0	0	0	0	0	0
A	BL	25	131	1	2	BA1652	29925	8	0	0	0	0	0	0	0	1	0	0
A	BL	25	131	1	2	BA1652	29930	8	7	0	0	0	0	0	0	0	0	0
A	BL	25	131	1	2	BA1652	29955	7	8	2	0	1	0	0	0	0	0	0
A	BL	25	131	1	2	BA1652	29965	8	7	0	0	0	0	0	0	0	0	0
A	BL	25	131	1	2	BA1652	29968	7	0	0	0	0	0	0	0	1	0	0
A	BL	25	131	1	2	BA1652	29971	7	8	2	0	1	0	0	0	0	0	0
A	BL	25	131	1	2	BA1652	29977	8	0	0	0	0	0	0	0	1	0	0
A	BL	25	131	1	2	BA1652	29981	8	7	0	0	1	0	0	0	0	0	0
A	BL	25	131	1	2	BA1652	29984	7	0	0	0	0	0	0	0	1	0	0
A	BL	25	131	1	2	BA1652	29990	7	8	2	0	1	0	0	0	0	0	0
A	BL	25	131	1	2	BA1652	29992	8	0	0	0	0	0	0	0	1	0	0
A	BL	25	131	1	2	BA1652	30000	8	7	0	0	0	0	0	0	0	0	0
A	BL	25	131	1	2	BA1652	30002	7	8	2	0	1	0	0	0	0	0	0
A	BL	25	131	1	2	BA1652	30005	8	0	0	0	0	0	0	0	1	0	0
A	BL	25	131	1	2	BA1652	30006	8	0	0	0	1	0	0	0	0	0	0
A	BL	25	131	1	2	BA1652	30011	8	0	0	0	0	0	0	0	1	0	0
A	BL	25	131	1	2	BA1652	30012	8	7	0	0	0	0	0	0	0	0	0
A	BL	25	131	1	2	BA1652	30013	7	8	2	0	1	0	0	0	0	0	0
A	BL	25	131	1	2	BA1652	30018	8	0	0	0	0	0	0	0	1	0	0
A	BL	25	131	1	2	BA1652	30020	8	0	0	0	1	0	0	0	0	0	0
A	BL	25	131	1	2	BA1652	30023	8	7	0	0	0	0	0	0	0	0	0
A	BL	25	131	1	2	BA1652	30025	7	0	0	0	0	0	0	0	1	0	0
A	BL	25	131	1	2	BA1652	30088	7	8	2	0	1	0	0	0	0	0	0
A	BL	25	131	1	2	BA1652	30098	8	7	0	0	0	0	0	0	0	0	0
A	BL	25	131	1	2	BA1652	30100	7	0	0	0	0	0	0	0	1	0	0
A	BL	25	131	1	2	BA1652	30162	7	8	2	0	1	0	0	0	0	0	0
A	BL	25	131	1	2	BA1652	30171	8	0	0	0	0	0	0	0	1	0	0
A	BL	25	131	1	2	BA1652	30172	8	7	0	0	0	0	0	0	0	0	0
A	BL	25	131	1	2	BA1652	30174	7	8	2	0	1	0	0	0	0	0	0
A	BL	25	131	1	2	BA1652	30180	8	0	0	0	0	0	0	0	1	0	0
A	BL	25	131	1	2	BA1652	30184	8	7	0	0	0	0	0	0	0	0	0
A	BL	25	131	1	2	BA1652	30197	7	8	2	0	1	0	0	0	0	0	0
A	BL	25	131	1	2	BA1652	30207	8	7	0	0	0	0	0	0	1	0	0
A	BL	25	131	1	2	BA1652	30220	7	8	2	0	1	0	0	0	0	0	0
A	BL	25	131	1	2	BA1652	30230	8	7	0	0	0	0	0	0	0	0	0
A	BL	25	131	1	2	BA1652	30232	7	0	0	0	0	0	0	0	1	0	0
A	BL	25	131	1	2	BA1652	30236	7	8	2	0	1	0	0	0	0	0	0
A	BL	25	131	1	2	BA1652	30246	8	7	0	0	0	0	0	0	0	0	0
A	BL	25	131	1	2	BA1652	30248	7	0	0	0	0	0	0	0	1	0	0
A	BL	25	131	1	2	BA1652	30254	7	8	2	0	1	0	0	0	0	0	0
A	BL	25	131	1	2	BA1652	30264	8	7	0	0	0	0	0	0	0	0	0
A	BL	25	131	1	2	BA1652	30266	7	0	0	0	0	0	0	0	1	0	0
A	BL	25	131	1	2	BA1652	30269	7	8	2	0	1	0	0	0	0	0	0
A	BL	25	131	1	2	BA1652	30271	8	0	0	0	0	0	0	0	1	0	0
A	BL	25	131	1	2	BA1652	30279	8	7	0	0	0	0	0	0	0	0	0
A	BL	25	131	1	2	BA1652	30302	7	8	2	0	1	0	0	0	0	0	0
A	BL	25	131	1	2	BA1652	30311	8	0	0	0	0	0	0	0	1	0	0
A	BL	25	131	1	2	BA1652	30312	8	7	0	0	0	0	0	0	0	0	0
A	BL	25	131	1	2	BA1652	30384	7	8	2	0	1	0	0	0	0	0	0
A	BL	25	131	1	2	BA1652	30394	8	7	0	0	0	0	0	0	0	0	0
A	BL	25	131	1	2	BA1652	30401	7	0	0	0	0	0	0	0	1	0	0
A	BL	25	131	1	2	BA1652	30405	7	8	2	0	1	0	0	0	0	0	0
A	BL	25	131	1	2	BA1652	30415	8	7	0	0	0	0	0	0	0	0	0
A	BL	25	131	1	2	BA1652	30436	7	0	0	0	0	0	0	0	1	0	0
A	BL	25	131	1	2	BA1652	30444	7	8	2	0	1	0	0	0	0	0	0
A	BL	25	131	1	2	BA1652	30448	8	0	0	0	0	0	0	0	1	0	0
A	BL	25	131	1	2	BA1652	30454	8	7	0	0	0	0	0	0	0	0	0
A	BL	25	131	1	2	BA1652	30469	7	8	2	0	1	0	0	0	0	0	0
A	BL	25	131	1	2	BA1652	30479	8	7	0	0	0	0	0	0	0	0	0
A	BL	25	131	1	2	BA1652	30484	7	0	0	0	0	0	0	0	1	0	0
A	BL	25	131	1	2	BA1652	30492	7	8	2	0	1	0	0	0	0	0	0
A	BL	25	131	1	2	BA1652	30495	8	0	0	0	0	0	0	0	1	0	0
A	BL	25	131	1	2	BA1652	30502	8	7	0	0	0	0	0	0	0	0	0
A	BL	25	131	1	2	BA1652	30506	7	8	2	0	1	0	0	0	0	0	0
A	BL	25	131	1	2	BA1652	30509	8	0	0	0	0	0	0	0	1	0	0
A	BL	25	131	1	2	BA1652	30515	8	0	0	0	1	0	0	0	0	0	0
A	BL	25	131	1	2	BA1652	30516	8	7	0	0	0	0	0	0	0	0	0
A	BL	25	131	1	2	BA1652	30518	7	0	0	0	0	0	0	0	1	0	0
A	BL	25	131	1	2	BA1652	30528	7	8	2	0	1	0	0	0	0	0	0
A	BL	25	131	1	2	BA1652	30532	8	0	0	0	0	0	0	0	1	0	0
A	BL	25	131	1	2	BA1652	30538	8	7	0	0	0	0	0	0	0	0	0
A	BL	25	131	1	2	BA1652	30552	7	8	2	0	1	0	0	0	0	0	0
A	BL	25	131	1	2	BA1652	30557	8	0	0	0	0	0	0	0	1	0	0
A	BL	25	131	1	2	BA1652	30562	8	9	0	0	0	0	0	0	0	0	0
A	BL	25	131	1	2	BA1652	30572	9	10	0	0	0	0	0	0	0	0	0
A	BL	25	131	1	2	BA1652	30647	10	2	0	0	0	0	0	0	0	0	0
A	BL	25	131	1	2	BA1652	30648	2	3	0	0	0	0	0	0	0	0	0
A	BL	25	131	1	2	BA1652	30787	3	5	1	1	0	0	0	0	0	0	0
A	BL	25	131	1	2	BA1652	30797	5	4	0	0	0	0	0	0	0	0	0
A	BL	25	131	1	2	BA1652	30804	4	0	0	0	0	0	0	1	0	0	0
A	BL	25	131	1	2	BA1652	30809	4	5	1	1	0	0	0	0	0	0	0
A	BL	25	131	1	2	BA1652	30819	5	4	0	0	0	0	0	0	0	0	0
A	BL	25	131	1	2	BA1652	30826	4	0	0	0	0	0	0	1	0	0	0
A	BL	25	131	1	2	BA1652	30856	4	5	1	1	0	0	0	0	0	0	0
A	BL	25	131	1	2	BA1652	30858	5	0	0	0	0	0	0	1	0	0	0
A	BL	25	131	1	2	BA1652	30866	5	4	0	0	0	0	0	0	0	0	0
A	BL	25	131	1	2	BA1652	30874	4	5	1	1	0	0	0	0	0	0	0
A	BL	25	131	1	2	BA1652	30880	5	0	0	0	0	0	0	1	0	0	0
A	BL	25	131	1	2	BA1652	30884	5	4	0	0	0	0	0	0	0	0	0
A	BL	25	131	1	2	BA1652	30895	4	5	1	1	0	0	0	0	0	0	0
A	BL	25	131	1	2	BA1652	30905	5	4	0	0	0	0	0	0	0	0	0
A	BL	25	131	1	2	BA1652	30912	4	0	0	0	0	0	0	1	0	0	0
A	BL	25	131	1	2	BA1652	30919	4	5	1	1	0	0	0	0	0	0	0
A	BL	25	131	1	2	BA1652	30929	5	4	0	0	0	0	0	0	0	0	0
A	BL	25	131	1	2	BA1652	30968	4	0	0	0	0	0	0	1	0	0	0
A	BL	25	131	1	2	BA1652	31111	4	5	1	1	0	0	0	0	0	0	0
A	BL	25	131	1	2	BA1652	31121	5	4	0	0	0	0	0	0	0	0	0
A	BL	25	131	1	2	BA1652	31134	4	0	0	0	0	0	0	1	0	0	0
A	BL	25	131	1	2	BA1652	31262	4	5	1	1	0	0	0	0	0	0	0
A	BL	25	131	1	2	BA1652	31272	5	4	0	0	0	0	0	0	0	0	0
A	BL	25	131	1	2	BA1652	31302	4	0	0	0	0	0	0	1	0	0	0
A	BL	25	131	1	2	BA1652	31311	4	5	1	1	0	0	0	0	0	0	0
A	BL	25	131	1	2	BA1652	31321	5	4	0	0	0	0	0	0	0	0	0
A	BL	25	131	1	2	BA1652	31328	4	0	0	0	0	0	0	1	0	0	0
A	BL	25	131	1	2	BA1652	31513	4	0	0	0	1	0	0	0	0	0	0
A	BL	25	131	1	2	BA1652	31547	4	0	0	0	0	0	0	0	1	0	0
A	BL	25	131	1	2	BA1652	31613	4	5	1	1	0	0	0	0	0	0	0
A	BL	25	131	1	2	BA1652	31620	5	0	0	0	0	0	0	1	0	0	0
A	BL	25	131	1	2	BA1652	31623	5	4	0	0	0	0	0	0	0	0	0
A	BL	25	131	1	2	BA1652	31626	4	5	1	1	0	0	0	0	0	0	0
A	BL	25	131	1	2	BA1652	31636	5	4	0	0	0	0	0	0	0	0	0
A	BL	25	131	1	2	BA1652	31663	4	0	0	0	0	0	0	1	0	0	0
A	BL	25	131	1	2	BA1652	31667	4	5	1	1	0	0	0	0	0	0	0
A	BL	25	131	1	2	BA1652	31674	5	0	0	0	0	0	0	1	0	0	0
A	BL	25	131	1	2	BA1652	31677	5	4	0	1	0	0	0	0	0	0	0
A	BL	25	131	1	2	BA1652	31705	4	0	0	0	0	0	0	1	0	0	0
A	BL	25	131	1	2	BA1652	31754	4	5	1	1	0	0	0	0	0	0	0
A	BL	25	131	1	2	BA1652	31764	5	4	0	0	0	0	0	0	0	0	0
A	BL	25	131	1	2	BA1652	31782	4	0	0	0	0	0	0	1	0	0	0
A	BL	25	131	1	2	BA1652	31804	4	5	1	1	0	0	0	0	0	0	0
A	BL	25	131	1	2	BA1652	31814	5	4	0	0	0	0	0	1	0	0	0
A	BL	25	131	1	2	BA1652	31817	4	5	1	1	0	0	0	0	0	0	0
A	BL	25	131	1	2	BA1652	31827	5	4	0	0	0	0	0	0	0	0	0
A	BL	25	131	1	2	BA1652	31837	4	0	0	0	0	0	0	1	0	0	0
A	BL	25	131	1	2	BA1652	31881	4	5	1	1	0	0	0	0	0	0	0
A	BL	25	131	1	2	BA1652	31886	5	0	0	0	0	0	0	1	0	0	0
A	BL	25	131	1	2	BA1652	31891	5	4	0	0	0	0	0	0	0	0	0
A	BL	25	131	1	2	BA1652	31920	4	5	1	1	0	0	0	0	0	0	0
A	BL	25	131	1	2	BA1652	31930	5	4	0	0	0	0	0	0	0	0	0
A	BL	25	131	1	2	BA1652	31948	4	0	0	0	0	0	0	1	0	0	0
A	BL	25	131	1	2	BA1652	31954	4	5	1	1	0	0	0	0	0	0	0
A	BL	25	131	1	2	BA1652	31956	5	0	0	0	0	0	0	1	0	0	0
A	BL	25	131	1	2	BA1652	31964	5	4	0	0	0	0	0	0	0	0	0
A	BL	25	131	1	2	BA1652	32018	4	5	1	1	0	0	0	0	0	0	0
A	BL	25	131	1	2	BA1652	32028	5	4	0	0	0	0	0	0	0	0	0
A	BL	25	131	1	2	BA1652	32031	4	0	0	0	0	0	0	1	0	0	0
A	BL	25	131	1	2	BA1652	32261	4	5	1	1	0	0	0	0	0	0	0
A	BL	25	131	1	2	BA1652	32271	5	4	0	0	0	0	0	0	0	0	0
A	BL	25	131	1	2	BA1652	32339	4	0	0	0	0	0	0	1	0	0	0
A	BL	25	131	1	2	BA1652	32437	4	5	1	1	0	0	0	0	0	0	0
A	BL	25	131	1	2	BA1652	32447	5	4	0	0	0	0	0	0	0	0	0
A	BL	25	131	1	2	BA1652	32526	4	0	0	0	0	0	0	1	0	0	0
A	BL	25	131	1	2	BA1652	32557	4	5	1	1	0	0	0	0	0	0	0
A	BL	25	131	1	2	BA1652	32567	5	4	0	0	0	0	0	0	0	0	0
A	BL	25	131	1	2	BA1652	32571	4	0	0	0	0	0	0	1	0	0	0
A	BL	25	131	1	2	BA1652	32576	4	5	1	1	0	0	0	0	0	0	0
A	BL	25	131	1	2	BA1652	32586	5	4	0	0	0	0	0	0	0	0	0
A	BL	25	131	1	2	BA1652	32591	4	0	0	0	0	0	0	1	0	0	0
A	BL	25	131	1	2	BA1652	32654	4	5	1	1	0	0	0	0	0	0	0
A	BL	25	131	1	2	BA1652	32664	5	4	0	0	0	0	0	0	0	0	0
A	BL	25	131	1	2	BA1652	32747	4	0	0	0	0	0	0	1	0	0	0
A	BL	25	131	1	2	BA1652	32803	4	5	1	1	0	0	0	0	0	0	0
A	BL	25	131	1	2	BA1652	32806	5	0	0	0	0	0	0	1	0	0	0
A	BL	25	131	1	2	BA1652	32813	5	4	0	0	0	0	0	0	0	0	0
A	BL	25	131	1	2	BA1652	32884	4	5	1	1	0	0	0	0	0	0	0
A	BL	25	131	1	2	BA1652	32894	5	4	0	0	0	0	0	0	0	0	0
A	BL	25	131	1	2	BA1652	32903	4	0	0	0	0	0	0	1	0	0	0
A	BL	25	131	1	2	BA1652	32978	4	5	1	1	0	0	0	0	0	0	0
A	BL	25	131	1	2	BA1652	32988	5	4	0	0	0	0	0	0	0	0	0
A	BL	25	131	1	2	BA1652	33077	4	0	0	0	0	0	0	1	0	0	0
A	BL	25	131	1	2	BA1652	33091	4	5	1	1	0	0	0	0	0	0	0
A	BL	25	131	1	2	BA1652	33098	5	0	0	0	0	0	0	1	0	0	0
A	BL	25	131	1	2	BA1652	33101	5	4	0	0	0	0	0	0	0	0	0
A	BL	25	131	1	2	BA1652	33151	4	5	1	1	0	0	0	0	0	0	0
A	BL	25	131	1	2	BA1652	33161	5	4	0	0	0	0	0	0	0	0	0
A	BL	25	131	1	2	BA1652	33199	4	0	0	0	0	0	0	1	0	0	0
A	BL	25	131	1	2	BA1652	33267	4	5	1	1	0	0	0	0	0	0	0
A	BL	25	131	1	2	BA1652	33277	5	4	0	0	0	0	0	0	0	0	0
A	BL	25	131	1	2	BA1652	33408	4	0	0	0	0	0	0	1	0	0	0
A	BL	25	131	1	2	BA1652	33468	4	5	1	1	0	0	0	0	0	0	0
A	BL	25	131	1	2	BA1652	33478	5	4	0	0	0	0	0	0	0	0	0
A	BL	25	131	1	2	BA1652	33509	4	0	0	0	0	0	0	1	0	0	0
A	BL	25	131	1	2	BA1652	33575	4	0	0	0	1	0	0	0	0	0	0
A	BL	25	131	1	2	BA1652	33659	4	0	0	0	0	0	0	0	1	0	0
A	BL	25	131	1	2	BA1652	33732	4	5	1	1	0	0	0	0	0	0	0
A	BL	25	131	1	2	BA1652	33742	5	4	0	0	0	0	0	0	0	0	0
A	BL	25	131	1	2	BA1652	33811	4	0	0	0	0	0	0	1	0	0	0
A	BL	25	131	1	2	BA1652	33817	4	5	1	1	0	0	0	0	0	0	0
A	BL	25	131	1	2	BA1652	33827	5	4	0	0	0	0	0	0	0	0	0
A	BL	25	131	1	2	BA1652	33878	4	0	0	0	0	0	0	1	0	0	0
A	BL	25	131	1	2	BA1652	33883	4	5	1	1	0	0	0	0	0	0	0
A	BL	25	131	1	2	BA1652	33893	5	4	0	0	0	0	0	0	0	0	0
A	BL	25	131	1	2	BA1652	33950	4	0	0	0	0	0	0	1	0	0	0
A	BL	25	131	1	2	BA1652	33995	4	5	1	1	0	0	0	0	0	0	0
A	BL	25	131	1	2	BA1652	34002	5	0	0	0	0	0	0	1	0	0	0
A	BL	25	131	1	2	BA1652	34005	5	4	0	0	0	0	0	0	0	0	0
A	BL	25	131	1	2	BA1652	34008	4	5	1	1	0	0	0	0	0	0	0
A	BL	25	131	1	2	BA1652	34018	5	4	0	0	0	0	0	0	0	0	0
A	BL	25	131	1	2	BA1652	34031	4	0	0	0	0	0	0	1	0	0	0
A	BL	25	131	1	2	BA1652	34060	4	5	1	1	0	0	0	0	0	0	0
A	BL	25	131	1	2	BA1652	34070	5	4	0	0	0	0	0	0	0	0	0
A	BL	25	131	1	2	BA1652	34149	4	0	0	0	0	0	0	1	0	0	0
A	BL	25	131	1	2	BA1652	34296	4	5	1	1	0	0	0	0	0	0	0
A	BL	25	131	1	2	BA1652	34306	5	4	0	0	0	0	0	0	0	0	0
A	BL	25	131	1	2	BA1652	34334	4	0	0	0	0	0	0	1	0	0	0
A	BL	25	131	1	2	BA1652	34335	4	5	1	1	0	0	0	0	0	0	0
A	BL	25	131	1	2	BA1652	34339	5	0	0	0	0	0	0	1	0	0	0
A	BL	25	131	1	2	BA1652	34344	5	0	0	1	0	0	0	0	0	0	0
A	BL	25	131	1	2	BA1652	34345	5	4	0	0	0	0	0	0	0	0	0
A	BL	25	131	1	2	BA1652	34357	4	0	0	0	0	0	0	1	0	0	0
A	BL	25	131	1	2	BA1652	34700	4	5	1	1	0	0	0	0	0	0	0
A	BL	25	131	1	2	BA1652	34710	5	9	0	0	0	0	0	0	0	0	0
A	BL	25	131	1	2	BA1652	34719	9	0	0	0	0	0	0	1	0	0	0
A	BL	25	131	1	2	BA1652	34720	9	10	0	0	0	0	0	0	0	0	0
A	BL	25	131	1	2	BA1652	34795	10	2	0	0	0	0	0	0	0	0	0
A	BL	25	131	1	2	BA1652	34796	2	6	0	0	0	0	0	0	0	0	0
A	BL	25	131	1	2	BA1652	35032	6	0	0	1	0	0	0	0	0	0	0
A	BL	25	131	1	2	BA1652	35085	6	0	0	0	0	0	0	1	0	0	0
A	BL	25	131	1	2	BA1652	35260	6	0	0	1	0	0	0	0	0	0	0
A	BL	25	131	1	2	BA1652	35273	6	0	0	0	0	0	0	1	0	0	0
A	BL	25	131	1	2	BA1652	35406	6	8	2	0	1	0	0	0	0	0	0
A	BL	25	131	1	2	BA1652	35409	8	0	0	0	0	0	0	0	1	0	0
A	BL	25	131	1	2	BA1652	35413	8	0	0	0	1	0	0	0	0	0	0
A	BL	25	131	1	2	BA1652	35416	8	7	0	0	0	0	0	0	0	0	0
A	BL	25	131	1	2	BA1652	35455	7	0	0	0	0	0	0	0	1	0	0
A	BL	25	131	1	2	BA1652	35523	7	8	2	0	1	0	0	0	0	0	0
A	BL	25	131	1	2	BA1652	35524	8	0	0	0	0	0	0	0	1	0	0
A	BL	25	131	1	2	BA1652	35530	8	0	0	0	1	0	0	0	0	0	0
A	BL	25	131	1	2	BA1652	35533	8	7	0	0	0	0	0	0	0	0	0
A	BL	25	131	1	2	BA1652	35542	7	0	0	0	0	0	0	0	1	0	0
A	BL	25	131	1	2	BA1652	35575	7	8	2	0	1	0	0	0	0	0	0
A	BL	25	131	1	2	BA1652	35580	8	0	0	0	0	0	0	0	1	0	0
A	BL	25	131	1	2	BA1652	35584	8	0	0	0	1	0	0	0	0	0	0
A	BL	25	131	1	2	BA1652	35585	8	7	0	0	0	0	0	0	0	0	0
A	BL	25	131	1	2	BA1652	35598	7	0	0	0	0	0	0	0	1	0	0
A	BL	25	131	1	2	BA1652	35666	7	8	2	0	1	0	0	0	0	0	0
A	BL	25	131	1	2	BA1652	35676	8	7	0	0	0	0	0	0	0	0	0
A	BL	25	131	1	2	BA1652	35696	7	0	0	0	0	0	0	0	1	0	0
A	BL	25	131	1	2	BA1652	35714	7	8	2	0	1	0	0	0	0	0	0
A	BL	25	131	1	2	BA1652	35724	8	7	0	0	0	0	0	0	1	0	0
A	BL	25	131	1	2	BA1652	35747	7	8	2	0	1	0	0	0	0	0	0
A	BL	25	131	1	2	BA1652	35757	8	7	0	0	0	0	0	0	0	0	0
A	BL	25	131	1	2	BA1652	35764	7	0	0	0	0	0	0	0	1	0	0
A	BL	25	131	1	2	BA1652	35767	7	8	2	0	1	0	0	0	0	0	0
A	BL	25	131	1	2	BA1652	35773	8	0	0	0	0	0	0	0	1	0	0
A	BL	25	131	1	2	BA1652	35777	8	7	0	0	0	0	0	0	0	0	0
A	BL	25	131	1	2	BA1652	35888	7	8	2	0	1	0	0	0	0	0	0
A	BL	25	131	1	2	BA1652	35893	8	0	0	0	0	0	0	0	1	0	0
A	BL	25	131	1	2	BA1652	35898	8	7	0	0	0	0	0	0	0	0	0
A	BL	25	131	1	2	BA1652	35922	7	8	2	0	1	0	0	0	0	0	0
A	BL	25	131	1	2	BA1652	35932	8	7	0	0	0	0	0	0	0	0	0
A	BL	25	131	1	2	BA1652	35935	7	0	0	0	0	0	0	0	1	0	0
A	BL	25	131	1	2	BA1652	35942	7	8	2	0	1	0	0	0	0	0	0
A	BL	25	131	1	2	BA1652	35952	8	7	0	0	0	0	0	0	0	0	0
A	BL	25	131	1	2	BA1652	35959	7	0	0	0	0	0	0	0	1	0	0
A	BL	25	131	1	2	BA1652	36053	7	8	2	0	1	0	0	0	0	0	0
A	BL	25	131	1	2	BA1652	36063	8	7	0	0	0	0	0	0	0	0	0
A	BL	25	131	1	2	BA1652	36068	7	0	0	0	0	0	0	0	1	0	0
A	BL	25	131	1	2	BA1652	36069	7	8	2	0	1	0	0	0	0	0	0
A	BL	25	131	1	2	BA1652	36077	8	0	0	0	0	0	0	0	1	0	0
A	BL	25	131	1	2	BA1652	36079	8	7	0	0	0	0	0	0	0	0	0
A	BL	25	131	1	2	BA1652	36088	7	8	2	0	1	0	0	0	0	0	0
A	BL	25	131	1	2	BA1652	36098	8	7	0	0	0	0	0	0	0	0	0
A	BL	25	131	1	2	BA1652	36107	7	0	0	0	0	0	0	0	1	0	0
A	BL	25	131	1	2	BA1652	36129	7	8	2	0	1	0	0	0	0	0	0
A	BL	25	131	1	2	BA1652	36139	8	7	0	0	0	0	0	0	0	0	0
A	BL	25	131	1	2	BA1652	36140	7	0	0	0	0	0	0	0	1	0	0
A	BL	25	131	1	2	BA1652	36143	7	8	2	0	1	0	0	0	0	0	0
A	BL	25	131	1	2	BA1652	36148	8	0	0	0	0	0	0	0	1	0	0
A	BL	25	131	1	2	BA1652	36152	8	0	0	0	1	0	0	0	0	0	0
A	BL	25	131	1	2	BA1652	36153	8	7	0	0	0	0	0	0	0	0	0
A	BL	25	131	1	2	BA1652	36156	7	0	0	0	0	0	0	0	1	0	0
A	BL	25	131	1	2	BA1652	36181	7	8	2	0	1	0	0	0	0	0	0
A	BL	25	131	1	2	BA1652	36183	8	0	0	0	0	0	0	0	1	0	0
A	BL	25	131	1	2	BA1652	36191	8	7	0	0	0	0	0	0	0	0	0
A	BL	25	131	1	2	BA1652	36194	7	8	2	0	1	0	0	0	0	0	0
A	BL	25	131	1	2	BA1652	36204	8	7	0	0	0	0	0	0	0	0	0
A	BL	25	131	1	2	BA1652	36216	7	0	0	0	0	0	0	0	1	0	0
A	BL	25	131	1	2	BA1652	36232	7	8	2	0	1	0	0	0	0	0	0
A	BL	25	131	1	2	BA1652	36238	8	0	0	0	0	0	0	0	1	0	0
A	BL	25	131	1	2	BA1652	36242	8	7	0	0	0	0	0	0	0	0	0
A	BL	25	131	1	2	BA1652	36249	7	8	2	0	1	0	0	0	0	0	0
A	BL	25	131	1	2	BA1652	36254	8	0	0	0	0	0	0	0	1	0	0
A	BL	25	131	1	2	BA1652	36259	8	7	0	0	0	0	0	0	0	0	0
A	BL	25	131	1	2	BA1652	36334	7	8	2	0	1	0	0	0	0	0	0
A	BL	25	131	1	2	BA1652	36338	8	0	0	0	0	0	0	0	1	0	0
A	BL	25	131	1	2	BA1652	36344	8	7	0	0	0	0	0	0	0	0	0
A	BL	25	131	1	2	BA1652	36345	7	8	2	0	1	0	0	0	0	0	0
A	BL	25	131	1	2	BA1652	36355	8	7	0	0	0	0	0	0	0	0	0
A	BL	25	131	1	2	BA1652	36356	7	0	0	0	0	0	0	0	1	0	0
A	BL	25	131	1	2	BA1652	36359	7	8	2	0	1	0	0	0	0	0	0
A	BL	25	131	1	2	BA1652	36369	8	7	0	0	0	0	0	0	0	0	0
A	BL	25	131	1	2	BA1652	36372	7	8	2	0	1	0	0	0	1	0	0
A	BL	25	131	1	2	BA1652	36377	8	0	0	0	0	0	0	0	1	0	0
A	BL	25	131	1	2	BA1652	36382	8	7	0	0	1	0	0	0	0	0	0
A	BL	25	131	1	2	BA1652	36385	7	0	0	0	0	0	0	0	1	0	0
A	BL	25	131	1	2	BA1652	36388	7	8	2	0	1	0	0	0	0	0	0
A	BL	25	131	1	2	BA1652	36398	8	7	0	0	0	0	0	0	0	0	0
A	BL	25	131	1	2	BA1652	36402	7	0	0	0	0	0	0	0	1	0	0
A	BL	25	131	1	2	BA1652	36406	7	8	2	0	1	0	0	0	0	0	0
A	BL	25	131	1	2	BA1652	36413	8	0	0	0	0	0	0	0	1	0	0
A	BL	25	131	1	2	BA1652	36416	8	7	0	0	0	0	0	0	0	0	0
A	BL	25	131	1	2	BA1652	36441	7	8	2	0	1	0	0	0	0	0	0
A	BL	25	131	1	2	BA1652	36451	8	7	0	0	0	0	0	0	0	0	0
A	BL	25	131	1	2	BA1652	36469	7	0	0	0	0	0	0	0	1	0	0
A	BL	25	131	1	2	BA1652	36473	7	8	2	0	1	0	0	0	0	0	0
A	BL	25	131	1	2	BA1652	36483	8	7	0	0	0	0	0	0	0	0	0
A	BL	25	131	1	2	BA1652	36510	7	0	0	0	0	0	0	0	1	0	0
A	BL	25	131	1	2	BA1652	36538	7	8	2	0	1	0	0	0	0	0	0
A	BL	25	131	1	2	BA1652	36548	8	7	0	0	0	0	0	0	0	0	0
A	BL	25	131	1	2	BA1652	36551	7	0	0	0	0	0	0	0	1	0	0
A	BL	25	131	1	2	BA1652	36568	7	8	2	0	1	0	0	0	0	0	0
A	BL	25	131	1	2	BA1652	36571	8	0	0	0	0	0	0	0	1	0	0
A	BL	25	131	1	2	BA1652	36578	8	7	0	0	0	0	0	0	0	0	0
A	BL	25	131	1	2	BA1652	36694	7	8	2	0	1	0	0	0	0	0	0
A	BL	25	131	1	2	BA1652	36704	8	7	0	0	0	0	0	0	0	0	0
A	BL	25	131	1	2	BA1652	36735	7	0	0	0	0	0	0	0	1	0	0
A	BL	25	131	1	2	BA1652	36764	7	8	2	0	1	0	0	0	0	0	0
A	BL	25	131	1	2	BA1652	36774	8	7	0	0	0	0	0	0	1	0	0
A	BL	25	131	1	2	BA1652	36808	7	8	2	0	1	0	0	0	0	0	0
A	BL	25	131	1	2	BA1652	36818	8	7	0	0	0	0	0	0	0	0	0
A	BL	25	131	1	2	BA1652	36852	7	0	0	0	0	0	0	0	1	0	0
A	BL	25	131	1	2	BA1652	36861	7	8	2	0	1	0	0	0	0	0	0
A	BL	25	131	1	2	BA1652	36865	8	0	0	0	0	0	0	0	1	0	0
A	BL	25	131	1	2	BA1652	36869	8	0	0	0	1	0	0	0	0	0	0
A	BL	25	131	1	2	BA1652	36871	8	7	0	0	0	0	0	0	0	0	0
A	BL	25	131	1	2	BA1652	36873	7	0	0	0	0	0	0	0	1	0	0
A	BL	25	131	1	2	BA1652	36879	7	8	2	0	1	0	0	0	0	0	0
A	BL	25	131	1	2	BA1652	36884	8	0	0	0	0	0	0	0	1	0	0
A	BL	25	131	1	2	BA1652	36885	8	0	0	0	1	0	0	0	0	0	0
A	BL	25	131	1	2	BA1652	36889	8	7	0	0	0	0	0	0	0	0	0
A	BL	25	131	1	2	BA1652	36892	7	0	0	0	0	0	0	0	1	0	0
A	BL	25	131	1	2	BA1652	36893	7	8	2	0	1	0	0	0	0	0	0
A	BL	25	131	1	2	BA1652	36903	8	7	0	0	0	0	0	0	0	0	0
A	BL	25	131	1	2	BA1652	36906	7	0	0	0	0	0	0	0	1	0	0
A	BL	25	131	1	2	BA1652	36908	7	8	2	0	1	0	0	0	0	0	0
A	BL	25	131	1	2	BA1652	36912	8	0	0	0	0	0	0	0	1	0	0
A	BL	25	131	1	2	BA1652	36918	8	7	0	0	0	0	0	0	0	0	0
A	BL	25	131	1	2	BA1652	36924	7	8	2	0	1	0	0	0	0	0	0
A	BL	25	131	1	2	BA1652	36932	8	0	0	0	0	0	0	0	1	0	0
A	BL	25	131	1	2	BA1652	36934	8	7	0	0	0	0	0	0	0	0	0
A	BL	25	131	1	2	BA1652	36949	7	8	2	0	1	0	0	0	0	0	0
A	BL	25	131	1	2	BA1652	36959	8	7	0	0	0	0	0	0	0	0	0
A	BL	25	131	1	2	BA1652	36967	7	0	0	0	0	0	0	0	1	0	0
A	BL	25	131	1	2	BA1652	37091	7	8	2	0	1	0	0	0	0	0	0
A	BL	25	131	1	2	BA1652	37101	8	7	0	0	0	0	0	0	0	0	0
A	BL	25	131	1	2	BA1652	37132	7	0	0	0	0	0	0	0	1	0	0
A	BL	25	131	1	2	BA1652	37136	7	8	2	0	1	0	0	0	0	0	0
A	BL	25	131	1	2	BA1652	37138	8	0	0	0	0	0	0	0	1	0	0
A	BL	25	131	1	2	BA1652	37146	8	9	0	0	0	0	0	0	0	0	0
A	BL	25	131	1	2	BA1652	37156	9	10	0	0	0	0	0	0	0	0	0
A	BL	25	131	1	2	BA1652	37231	10	2	0	0	0	0	0	0	0	0	0
A	BL	25	131	1	2	BA1652	37232	2	3	0	0	0	0	0	0	0	0	0
A	BL	25	131	1	2	BA1652	37356	3	5	1	1	0	0	0	0	0	0	0
A	BL	25	131	1	2	BA1652	37363	5	0	0	0	0	0	0	1	0	0	0
A	BL	25	131	1	2	BA1652	37366	5	4	0	0	0	0	0	0	0	0	0
A	BL	25	131	1	2	BA1652	37370	4	5	1	1	0	0	0	0	0	0	0
A	BL	25	131	1	2	BA1652	37380	5	4	0	0	0	0	0	0	0	0	0
A	BL	25	131	1	2	BA1652	37395	4	0	0	0	0	0	0	1	0	0	0
A	BL	25	131	1	2	BA1652	37457	4	5	1	1	0	0	0	0	0	0	0
A	BL	25	131	1	2	BA1652	37467	5	4	0	0	0	0	0	0	0	0	0
A	BL	25	131	1	2	BA1652	37513	4	0	0	0	0	0	0	1	0	0	0
A	BL	25	131	1	2	BA1652	37515	4	5	1	1	0	0	0	0	0	0	0
A	BL	25	131	1	2	BA1652	37520	5	0	0	0	0	0	0	1	0	0	0
A	BL	25	131	1	2	BA1652	37524	5	0	0	1	0	0	0	0	0	0	0
A	BL	25	131	1	2	BA1652	37525	5	4	0	0	0	0	0	0	0	0	0
A	BL	25	131	1	2	BA1652	37534	4	0	0	0	0	0	0	1	0	0	0
A	BL	25	131	1	2	BA1652	37805	4	5	1	1	0	0	0	0	0	0	0
A	BL	25	131	1	2	BA1652	37815	5	4	0	0	0	0	0	0	0	0	0
A	BL	25	131	1	2	BA1652	37917	4	0	0	0	0	0	0	1	0	0	0
A	BL	25	131	1	2	BA1652	38010	4	5	1	1	0	0	0	0	0	0	0
A	BL	25	131	1	2	BA1652	38020	5	4	0	0	0	0	0	0	0	0	0
A	BL	25	131	1	2	BA1652	38038	4	0	0	0	0	0	0	1	0	0	0
A	BL	25	131	1	2	BA1652	38106	4	5	1	1	0	0	0	0	0	0	0
A	BL	25	131	1	2	BA1652	38116	5	4	0	0	0	0	0	0	0	0	0
A	BL	25	131	1	2	BA1652	38159	4	0	0	0	0	0	0	1	0	0	0
A	BL	25	131	1	2	BA1652	38289	4	5	1	1	0	0	0	0	0	0	0
A	BL	25	131	1	2	BA1652	38299	5	4	0	0	0	0	0	0	0	0	0
A	BL	25	131	1	2	BA1652	38326	4	0	0	0	0	0	0	1	0	0	0
A	BL	25	131	1	2	BA1652	38601	4	5	1	1	0	0	0	0	0	0	0
A	BL	25	131	1	2	BA1652	38611	5	4	0	0	0	0	0	0	0	0	0
A	BL	25	131	1	2	BA1652	38619	4	0	0	0	0	0	0	1	0	0	0
A	BL	25	131	1	2	BA1652	38625	4	5	1	1	0	0	0	0	0	0	0
A	BL	25	131	1	2	BA1652	38635	5	4	0	0	0	0	0	0	0	0	0
A	BL	25	131	1	2	BA1652	38645	4	0	0	0	0	0	0	1	0	0	0
A	BL	25	131	1	2	BA1652	38711	4	5	1	1	0	0	0	0	0	0	0
A	BL	25	131	1	2	BA1652	38721	5	4	0	0	0	0	0	0	0	0	0
A	BL	25	131	1	2	BA1652	38735	4	0	0	0	0	0	0	1	0	0	0
A	BL	25	131	1	2	BA1652	38799	4	5	1	1	0	0	0	0	0	0	0
A	BL	25	131	1	2	BA1652	38809	5	4	0	0	0	0	0	0	0	0	0
A	BL	25	131	1	2	BA1652	38837	4	0	0	0	0	0	0	1	0	0	0
A	BL	25	131	1	2	BA1652	38844	4	5	1	1	0	0	0	0	0	0	0
A	BL	25	131	1	2	BA1652	38854	5	4	0	0	0	0	0	0	0	0	0
A	BL	25	131	1	2	BA1652	38867	4	0	0	0	0	0	0	1	0	0	0
A	BL	25	131	1	2	BA1652	38945	4	5	1	1	0	0	0	0	0	0	0
A	BL	25	131	1	2	BA1652	38955	5	4	0	0	0	0	0	0	0	0	0
A	BL	25	131	1	2	BA1652	38970	4	0	0	0	0	0	0	1	0	0	0
A	BL	25	131	1	2	BA1652	39016	4	5	1	1	0	0	0	0	0	0	0
A	BL	25	131	1	2	BA1652	39026	5	4	0	0	0	0	0	0	0	0	0
A	BL	25	131	1	2	BA1652	39035	4	0	0	0	0	0	0	1	0	0	0
A	BL	25	131	1	2	BA1652	39284	4	5	1	1	0	0	0	0	0	0	0
A	BL	25	131	1	2	BA1652	39294	5	4	0	0	0	0	0	0	0	0	0
A	BL	25	131	1	2	BA1652	39313	4	0	0	0	0	0	0	1	0	0	0
A	BL	25	131	1	2	BA1652	39353	4	5	1	1	0	0	0	0	0	0	0
A	BL	25	131	1	2	BA1652	39363	5	4	0	0	0	0	0	0	0	0	0
A	BL	25	131	1	2	BA1652	39393	4	0	0	0	0	0	0	1	0	0	0
A	BL	25	131	1	2	BA1652	39508	4	5	1	1	0	0	0	0	0	0	0
A	BL	25	131	1	2	BA1652	39518	5	4	0	0	0	0	0	0	0	0	0
A	BL	25	131	1	2	BA1652	39536	4	0	0	0	0	0	0	1	0	0	0
A	BL	25	131	1	2	BA1652	39553	4	5	1	1	0	0	0	0	0	0	0
A	BL	25	131	1	2	BA1652	39563	5	4	0	0	0	0	0	0	0	0	0
A	BL	25	131	1	2	BA1652	39579	4	0	0	0	0	0	0	1	0	0	0
A	BL	25	131	1	2	BA1652	39629	4	5	1	1	0	0	0	0	0	0	0
A	BL	25	131	1	2	BA1652	39639	5	4	0	0	0	0	0	0	0	0	0
A	BL	25	131	1	2	BA1652	39699	4	0	0	0	0	0	0	1	0	0	0
A	BL	25	131	1	2	BA1652	40066	4	5	1	1	0	0	0	0	0	0	0
A	BL	25	131	1	2	BA1652	40076	5	4	0	0	0	0	0	0	0	0	0
A	BL	25	131	1	2	BA1652	40089	4	0	0	0	0	0	0	1	0	0	0
A	BL	25	131	1	2	BA1652	40274	4	5	1	1	0	0	0	0	0	0	0
A	BL	25	131	1	2	BA1652	40284	5	4	0	0	0	0	0	0	0	0	0
A	BL	25	131	1	2	BA1652	40403	4	0	0	0	0	0	0	1	0	0	0
A	BL	25	131	1	2	BA1652	41517	4	5	1	1	0	0	0	0	0	0	0
A	BL	25	131	1	2	BA1652	41527	5	4	0	0	0	0	0	0	0	0	0
A	BL	25	131	1	2	BA1652	41591	4	0	0	0	0	0	0	1	0	0	0
A	BL	25	131	1	2	BA1652	41676	4	5	1	1	0	0	0	0	0	0	0
A	BL	25	131	1	2	BA1652	41679	5	0	0	0	0	0	0	1	0	0	0
A	BL	25	131	1	2	BA1652	41686	5	4	0	0	0	0	0	0	0	0	0
A	BL	25	131	1	2	BA1652	41717	4	5	1	1	0	0	0	0	0	0	0
A	BL	25	131	1	2	BA1652	41727	5	4	0	0	0	0	0	0	0	0	0
A	BL	25	131	1	2	BA1652	41738	4	0	0	0	0	0	0	1	0	0	0
A	BL	25	131	1	2	BA1652	41760	4	5	1	1	0	0	0	0	0	0	0
A	BL	25	131	1	2	BA1652	41769	5	0	0	0	0	0	0	1	0	0	0
A	BL	25	131	1	2	BA1652	41770	5	4	0	0	0	0	0	0	0	0	0
A	BL	25	131	1	2	BA1652	41824	4	5	1	1	0	0	0	0	0	0	0
A	BL	25	131	1	2	BA1652	41834	5	4	0	0	0	0	0	0	0	0	0
A	BL	25	131	1	2	BA1652	41889	4	0	0	0	0	0	0	1	0	0	0
A	BL	25	131	1	2	BA1652	41894	4	5	1	1	0	0	0	0	0	0	0
A	BL	25	131	1	2	BA1652	41904	5	4	0	0	0	0	0	0	0	0	0
A	BL	25	131	1	2	BA1652	41951	4	0	0	0	0	0	0	1	0	0	0
A	BL	25	131	1	2	BA1652	42053	4	5	1	1	0	0	0	0	0	0	0
A	BL	25	131	1	2	BA1652	42063	5	4	0	0	0	0	0	0	0	0	0
A	BL	25	131	1	2	BA1652	42079	4	0	0	0	0	0	0	1	0	0	0
A	BL	25	131	1	2	BA1652	42135	4	5	1	1	0	0	0	0	0	0	0
A	BL	25	131	1	2	BA1652	42145	5	4	0	0	0	0	0	0	0	0	0
A	BL	25	131	1	2	BA1652	42159	4	0	0	0	0	0	0	1	0	0	0
A	BL	25	131	1	2	BA1652	42385	4	5	1	1	0	0	0	0	0	0	0
A	BL	25	131	1	2	BA1652	42395	5	4	0	0	0	0	0	0	0	0	0
A	BL	25	131	1	2	BA1652	42473	4	0	0	0	0	0	0	1	0	0	0
A	BL	25	131	1	2	BA1652	42594	4	5	1	1	0	0	0	0	0	0	0
A	BL	25	131	1	2	BA1652	42604	5	4	0	0	0	0	0	0	0	0	0
A	BL	25	131	1	2	BA1652	42701	4	0	0	0	0	0	0	1	0	0	0
A	BL	25	131	1	2	BA1652	42757	4	5	1	1	0	0	0	0	0	0	0
A	BL	25	131	1	2	BA1652	42767	5	4	0	0	0	0	0	0	0	0	0
A	BL	25	131	1	2	BA1652	42782	4	0	0	0	0	0	0	1	0	0	0
A	BL	25	131	1	2	BA1652	43305	4	5	1	1	0	0	0	0	0	0	0
A	BL	25	131	1	2	BA1652	43315	5	4	0	0	0	0	0	0	0	0	0
A	BL	25	131	1	2	BA1652	43429	4	0	0	0	0	0	0	1	0	0	0
A	BL	25	131	1	2	BA1652	45303	4	5	1	1	0	0	0	0	0	0	0
A	BL	25	131	1	2	BA1652	45313	5	4	0	0	0	0	0	0	0	0	0
A	BL	25	131	1	2	BA1652	45363	4	0	0	0	0	0	0	1	0	0	0
A	BL	25	131	1	2	BA1652	45368	4	5	1	1	0	0	0	0	0	0	0
A	BL	25	131	1	2	BA1652	45378	5	4	0	0	0	0	0	0	0	0	0
A	BL	25	131	1	2	BA1652	45399	4	0	0	0	0	0	0	1	0	0	0
A	BL	25	131	1	2	BA1652	45402	4	5	1	1	0	0	0	0	0	0	0
A	BL	25	131	1	2	BA1652	45412	5	4	0	0	0	0	0	0	0	0	0
A	BL	25	131	1	2	BA1652	45424	4	0	0	0	0	0	0	1	0	0	0
A	BL	25	131	1	2	BA1652	45486	4	5	1	1	0	0	0	0	0	0	0
A	BL	25	131	1	2	BA1652	45496	5	4	0	0	0	0	0	0	0	0	0
A	BL	25	131	1	2	BA1652	45518	4	0	0	0	0	0	0	1	0	0	0
A	BL	25	131	1	2	BA1652	46081	4	5	1	1	0	0	0	0	0	0	0
A	BL	25	131	1	2	BA1652	46091	5	4	0	0	0	0	0	0	0	0	0
A	BL	25	131	1	2	BA1652	46159	4	0	0	0	0	0	0	1	0	0	0
A	BL	25	131	1	2	BA1652	46220	4	5	1	1	0	0	0	0	0	0	0
A	BL	25	131	1	2	BA1652	46225	5	0	0	0	0	0	0	1	0	0	0
A	BL	25	131	1	2	BA1652	46229	5	0	0	1	0	0	0	0	0	0	0
A	BL	25	131	1	2	BA1652	46230	5	9	0	0	0	0	0	0	0	0	0
A	BL	25	131	1	2	BA1652	46239	9	0	0	0	0	0	0	1	0	0	0
A	BL	25	131	1	2	BA1652	46240	9	10	0	0	0	0	0	0	0	0	0
A	BL	25	131	1	2	BA1652	46315	10	2	0	0	0	0	0	0	0	0	0
A	BL	25	131	1	2	BA1652	46316	2	3	0	0	0	0	0	0	0	0	0
A	BL	25	131	1	2	BA1652	46832	3	5	1	1	0	0	0	0	0	0	0
A	BL	25	131	1	2	BA1652	46842	5	4	0	0	0	0	0	0	0	0	0
A	BL	25	131	1	2	BA1652	46875	4	0	0	0	0	0	0	1	0	0	0
A	BL	25	131	1	2	BA1652	46927	4	5	1	1	0	0	0	0	0	0	0
A	BL	25	131	1	2	BA1652	46937	5	4	0	0	0	0	0	0	0	0	0
A	BL	25	131	1	2	BA1652	46959	4	0	0	0	0	0	0	1	0	0	0
A	BL	25	131	1	2	BA1652	46963	4	5	1	1	0	0	0	0	0	0	0
A	BL	25	131	1	2	BA1652	46972	5	0	0	0	0	0	0	1	0	0	0
A	BL	25	131	1	2	BA1652	46973	5	4	0	0	0	0	0	0	0	0	0
A	BL	25	131	1	2	BA1652	47126	4	5	1	1	0	0	0	0	0	0	0
A	BL	25	131	1	2	BA1652	47136	5	4	0	0	0	0	0	0	0	0	0
A	BL	25	131	1	2	BA1652	47246	4	0	0	0	0	0	0	1	0	0	0
A	BL	25	131	1	2	BA1652	47298	4	5	1	1	0	0	0	0	0	0	0
A	BL	25	131	1	2	BA1652	47308	5	4	0	0	0	0	0	0	0	0	0
A	BL	25	131	1	2	BA1652	47370	4	0	0	0	0	0	0	1	0	0	0
A	BL	25	131	1	2	BA1652	47460	4	5	1	1	0	0	0	0	0	0	0
A	BL	25	131	1	2	BA1652	47470	5	4	0	0	0	0	0	0	0	0	0
A	BL	25	131	1	2	BA1652	47493	4	0	0	0	0	0	0	1	0	0	0
A	BL	25	131	1	2	BA1652	47578	4	5	1	1	0	0	0	0	0	0	0
A	BL	25	131	1	2	BA1652	47588	5	4	0	0	0	0	0	0	0	0	0
A	BL	25	131	1	2	BA1652	47666	4	0	0	0	0	0	0	1	0	0	0
A	BL	25	131	1	2	BA1652	47704	4	5	1	1	0	0	0	0	0	0	0
A	BL	25	131	1	2	BA1652	47714	5	4	0	0	0	0	0	0	0	0	0
A	BL	25	131	1	2	BA1652	47733	4	0	0	0	0	0	0	1	0	0	0
A	BL	25	131	1	2	BA1652	47757	4	5	1	1	0	0	0	0	0	0	0
A	BL	25	131	1	2	BA1652	47767	5	4	0	0	0	0	0	0	0	0	0
A	BL	25	131	1	2	BA1652	47789	4	0	0	0	0	0	0	1	0	0	0
A	BL	25	131	1	2	BA1652	47889	4	5	1	1	0	0	0	0	0	0	0
A	BL	25	131	1	2	BA1652	47899	5	4	0	0	0	0	0	0	0	0	0
A	BL	25	131	1	2	BA1652	47947	4	0	0	0	0	0	0	1	0	0	0
A	BL	25	131	1	2	BA1652	47952	4	5	1	1	0	0	0	0	0	0	0
A	BL	25	131	1	2	BA1652	47962	5	4	0	0	0	0	0	0	0	0	0
A	BL	25	131	1	2	BA1652	47991	4	0	0	0	0	0	0	1	0	0	0
A	BL	25	131	1	2	BA1652	47997	4	5	1	1	0	0	0	0	0	0	0
A	BL	25	131	1	2	BA1652	48007	5	4	0	0	0	0	0	0	0	0	0
A	BL	25	131	1	2	BA1652	48089	4	0	0	0	0	0	0	1	0	0	0
A	BL	25	131	1	2	BA1652	48207	4	0	0	0	1	0	0	0	0	0	0
A	BL	25	131	1	2	BA1652	48214	4	0	0	0	0	0	0	0	1	0	0
A	BL	25	131	1	2	BA1652	48302	4	5	1	1	0	0	0	0	0	0	0
A	BL	25	131	1	2	BA1652	48312	5	4	0	0	0	0	0	0	0	0	0
A	BL	25	131	1	2	BA1652	48347	4	0	0	0	0	0	0	1	0	0	0
A	BL	25	131	1	2	BA1652	48668	4	5	1	1	0	0	0	0	0	0	0
A	BL	25	131	1	2	BA1652	48678	5	4	0	0	0	0	0	0	0	0	0
A	BL	25	131	1	2	BA1652	48775	4	0	0	0	0	0	0	1	0	0	0
A	BL	25	131	1	2	BA1652	49047	4	0	0	0	1	0	0	0	0	0	0
A	BL	25	131	1	2	BA1652	49065	4	0	0	0	0	0	0	0	1	0	0
A	BL	25	131	1	2	BA1652	49119	4	0	0	0	1	0	0	0	0	0	0
A	BL	25	131	1	2	BA1652	49133	4	0	0	0	0	0	0	0	1	0	0
A	BL	25	131	1	2	BA1652	49147	4	0	0	0	1	0	0	0	0	0	0
A	BL	25	131	1	2	BA1652	49169	4	0	0	0	0	0	0	0	1	0	0
A	BL	25	131	1	2	BA1652	49258	4	5	1	1	0	0	0	0	0	0	0
A	BL	25	131	1	2	BA1652	49262	5	0	0	0	0	0	0	1	0	0	0
A	BL	25	131	1	2	BA1652	49268	5	4	0	0	0	0	0	0	0	0	0
A	BL	25	131	1	2	BA1652	49271	4	5	1	1	0	0	0	0	0	0	0
A	BL	25	131	1	2	BA1652	49281	5	4	0	0	0	0	0	0	0	0	0
A	BL	25	131	1	2	BA1652	49315	4	0	0	0	0	0	0	1	0	0	0
A	BL	25	131	1	2	BA1652	49357	4	5	1	1	0	0	0	0	0	0	0
A	BL	25	131	1	2	BA1652	49367	5	4	0	0	0	0	0	0	0	0	0
A	BL	25	131	1	2	BA1652	49377	4	0	0	0	0	0	0	1	0	0	0
A	BL	25	131	1	2	BA1652	51449	4	5	1	1	0	0	0	0	0	0	0
A	BL	25	131	1	2	BA1652	51459	5	4	0	0	0	0	0	0	0	0	0
A	BL	25	131	1	2	BA1652	51510	4	0	0	0	0	0	0	1	0	0	0
A	BL	25	131	1	2	BA1652	51642	4	5	1	1	0	0	0	0	0	0	0
A	BL	25	131	1	2	BA1652	51652	5	4	0	0	0	0	0	0	0	0	0
A	BL	25	131	1	2	BA1652	51673	4	0	0	0	0	0	0	1	0	0	0
A	BL	25	131	1	2	BA1652	55383	4	5	1	1	0	0	0	0	0	0	0
A	BL	25	131	1	2	BA1652	55389	5	0	0	0	0	0	0	1	0	0	0
A	BL	25	131	1	2	BA1652	55393	5	4	0	0	0	0	0	0	0	0	0
A	BL	25	131	1	2	BA1652	55405	4	5	1	1	0	0	0	0	0	0	0
A	BL	25	131	1	2	BA1652	55415	5	4	0	0	0	0	0	0	0	0	0
A	BL	25	131	1	2	BA1652	55421	4	0	0	0	0	0	0	1	0	0	0
A	BL	25	131	1	2	BA1652	55485	4	5	1	1	0	0	0	0	0	0	0
A	BL	25	131	1	2	BA1652	55489	5	0	0	0	0	0	0	1	0	0	0
A	BL	25	131	1	2	BA1652	55495	5	4	0	0	0	0	0	0	0	0	0
A	BL	25	131	1	2	BA1652	100293	4	0	0	0	1	0	0	0	0	0	0
A	BL	25	131	1	2	BA1652	100298	4	0	0	0	0	0	0	0	1	0	0
A	BL	25	131	1	2	BA1652	180000	4	-1	0	0	0	0	0	0	0	0	0
