Project	UserID	Protocol	Session	Station	Run	Subject	Time	Current State	Transition State	Transition Event	A1 - LEFT	A2 - RIGHT	A3 - 	A4 - 	A[1] LEFT	A[2] RIGHT	A[3] 	A[4] 
A	AG	22	130	1	1	BA1652	0	0	1	0	0	0	0	0	0	0	0	0
A	AG	22	130	1	1	BA1652	50	1	2	0	0	0	0	0	0	0	0	0
A	AG	22	130	1	1	BA1652	51	2	3	0	0	0	0	0	0	0	0	0
A	AG	22	130	1	1	BA1652	4439	3	5	1	1	0	0	0	0	0	0	0
A	AG	22	130	1	1	BA1652	4449	5	4	0	0	0	0	0	0	0	0	0
A	AG	22	130	1	1	BA1652	4494	4	0	0	0	0	0	0	1	0	0	0
A	AG	22	130	1	1	BA1652	4684	4	5	1	1	0	0	0	0	0	0	0
A	AG	22	130	1	1	BA1652	4694	5	4	0	0	0	0	0	0	0	0	0
A	AG	22	130	1	1	BA1652	4704	4	0	0	0	0	0	0	1	0	0	0
A	AG	22	130	1	1	BA1652	4711	4	5	1	1	0	0	0	0	0	0	0
A	AG	22	130	1	1	BA1652	4721	5	4	0	0	0	0	0	0	0	0	0
A	AG	22	130	1	1	BA1652	4736	4	0	0	0	0	0	0	1	0	0	0
A	AG	22	130	1	1	BA1652	4739	4	5	1	1	0	0	0	0	0	0	0
A	AG	22	130	1	1	BA1652	4747	5	0	0	0	0	0	0	1	0	0	0
A	AG	22	130	1	1	BA1652	4749	5	4	0	0	0	0	0	0	0	0	0
A	AG	22	130	1	1	BA1652	4772	4	5	1	1	0	0	0	0	0	0	0
A	AG	22	130	1	1	BA1652	4778	5	0	0	0	0	0	0	1	0	0	0
A	AG	22	130	1	1	BA1652	4782	5	9	0	0	0	0	0	0	0	0	0
A	AG	22	130	1	1	BA1652	4792	9	10	0	0	0	0	0	0	0	0	0
A	AG	22	130	1	1	BA1652	4867	10	2	0	0	0	0	0	0	0	0	0
A	AG	22	130	1	1	BA1652	4868	2	6	0	0	0	0	0	0	0	0	0
A	AG	22	130	1	1	BA1652	5796	6	8	2	0	1	0	0	0	0	0	0
A	AG	22	130	1	1	BA1652	5797	8	0	0	0	0	0	0	0	1	0	0
A	AG	22	130	1	1	BA1652	5806	8	7	0	0	0	0	0	0	0	0	0
A	AG	22	130	1	1	BA1652	5808	7	8	2	0	1	0	0	0	0	0	0
A	AG	22	130	1	1	BA1652	5818	8	7	0	0	0	0	0	0	0	0	0
A	AG	22	130	1	1	BA1652	5822	7	0	0	0	0	0	0	0	1	0	0
A	AG	22	130	1	1	BA1652	5827	7	8	2	0	1	0	0	0	0	0	0
A	AG	22	130	1	1	BA1652	5833	8	0	0	0	0	0	0	0	1	0	0
A	AG	22	130	1	1	BA1652	5836	8	0	0	0	1	0	0	0	0	0	0
A	AG	22	130	1	1	BA1652	5837	8	7	0	0	0	0	0	0	0	0	0
A	AG	22	130	1	1	BA1652	5842	7	0	0	0	0	0	0	0	1	0	0
A	AG	22	130	1	1	BA1652	5920	7	8	2	0	1	0	0	0	0	0	0
A	AG	22	130	1	1	BA1652	5922	8	0	0	0	0	0	0	0	1	0	0
A	AG	22	130	1	1	BA1652	5930	8	7	0	0	0	0	0	0	0	0	0
A	AG	22	130	1	1	BA1652	5938	7	8	2	0	1	0	0	0	0	0	0
A	AG	22	130	1	1	BA1652	5945	8	0	0	0	0	0	0	0	1	0	0
A	AG	22	130	1	1	BA1652	5948	8	7	0	0	0	0	0	0	0	0	0
A	AG	22	130	1	1	BA1652	5949	7	8	2	0	1	0	0	0	0	0	0
A	AG	22	130	1	1	BA1652	5953	8	0	0	0	0	0	0	0	1	0	0
A	AG	22	130	1	1	BA1652	5958	8	0	0	0	1	0	0	0	0	0	0
A	AG	22	130	1	1	BA1652	5959	8	7	0	0	0	0	0	0	0	0	0
A	AG	22	130	1	1	BA1652	5972	7	0	0	0	0	0	0	0	1	0	0
A	AG	22	130	1	1	BA1652	5999	7	8	2	0	1	0	0	0	0	0	0
A	AG	22	130	1	1	BA1652	6009	8	7	0	0	0	0	0	0	0	0	0
A	AG	22	130	1	1	BA1652	6016	7	0	0	0	0	0	0	0	1	0	0
A	AG	22	130	1	1	BA1652	6019	7	8	2	0	1	0	0	0	0	0	0
A	AG	22	130	1	1	BA1652	6029	8	7	0	0	0	0	0	0	0	0	0
A	AG	22	130	1	1	BA1652	6040	7	0	0	0	0	0	0	0	1	0	0
A	AG	22	130	1	1	BA1652	6067	7	8	2	0	1	0	0	0	0	0	0
A	AG	22	130	1	1	BA1652	6076	8	0	0	0	0	0	0	0	1	0	0
A	AG	22	130	1	1	BA1652	6077	8	7	0	0	1	0	0	0	0	0	0
A	AG	22	130	1	1	BA1652	6091	7	0	0	0	0	0	0	0	1	0	0
A	AG	22	130	1	1	BA1652	6092	7	8	2	0	1	0	0	0	0	0	0
A	AG	22	130	1	1	BA1652	6102	8	7	0	0	0	0	0	0	0	0	0
A	AG	22	130	1	1	BA1652	6105	7	0	0	0	0	0	0	0	1	0	0
A	AG	22	130	1	1	BA1652	6150	7	8	2	0	1	0	0	0	0	0	0
A	AG	22	130	1	1	BA1652	6153	8	0	0	0	0	0	0	0	1	0	0
A	AG	22	130	1	1	BA1652	6160	8	7	0	0	0	0	0	0	0	0	0
A	AG	22	130	1	1	BA1652	6164	7	8	2	0	1	0	0	0	0	0	0
A	AG	22	130	1	1	BA1652	6174	8	7	0	0	0	0	0	0	0	0	0
A	AG	22	130	1	1	BA1652	6175	7	0	0	0	0	0	0	0	1	0	0
A	AG	22	130	1	1	BA1652	6181	7	8	2	0	1	0	0	0	0	0	0
A	AG	22	130	1	1	BA1652	6191	8	7	0	0	0	0	0	0	0	0	0
A	AG	22	130	1	1	BA1652	6210	7	0	0	0	0	0	0	0	1	0	0
A	AG	22	130	1	1	BA1652	6220	7	8	2	0	1	0	0	0	0	0	0
A	AG	22	130	1	1	BA1652	6228	8	0	0	0	1	0	0	0	1	0	0
A	AG	22	130	1	1	BA1652	6230	8	7	0	0	0	0	0	0	0	0	0
A	AG	22	130	1	1	BA1652	6241	7	0	0	0	0	0	0	0	1	0	0
A	AG	22	130	1	1	BA1652	6326	7	8	2	0	1	0	0	0	0	0	0
A	AG	22	130	1	1	BA1652	6329	8	0	0	0	0	0	0	0	1	0	0
A	AG	22	130	1	1	BA1652	6333	8	0	0	0	1	0	0	0	0	0	0
A	AG	22	130	1	1	BA1652	6336	8	7	0	0	0	0	0	0	0	0	0
A	AG	22	130	1	1	BA1652	6347	7	0	0	0	0	0	0	0	1	0	0
A	AG	22	130	1	1	BA1652	6350	7	8	2	0	1	0	0	0	0	0	0
A	AG	22	130	1	1	BA1652	6360	8	7	0	0	0	0	0	0	0	0	0
A	AG	22	130	1	1	BA1652	6366	7	0	0	0	0	0	0	0	1	0	0
A	AG	22	130	1	1	BA1652	6368	7	8	2	0	1	0	0	0	0	0	0
A	AG	22	130	1	1	BA1652	6376	8	0	0	0	0	0	0	0	1	0	0
A	AG	22	130	1	1	BA1652	6378	8	7	0	0	0	0	0	0	0	0	0
A	AG	22	130	1	1	BA1652	6379	7	8	2	0	1	0	0	0	0	0	0
A	AG	22	130	1	1	BA1652	6389	8	7	0	0	0	0	0	0	0	0	0
A	AG	22	130	1	1	BA1652	6394	7	0	0	0	0	0	0	0	1	0	0
A	AG	22	130	1	1	BA1652	6400	7	8	2	0	1	0	0	0	0	0	0
A	AG	22	130	1	1	BA1652	6410	8	7	0	0	0	0	0	0	0	0	0
A	AG	22	130	1	1	BA1652	6417	7	0	0	0	0	0	0	0	1	0	0
A	AG	22	130	1	1	BA1652	6422	7	8	2	0	1	0	0	0	0	0	0
A	AG	22	130	1	1	BA1652	6429	8	0	0	0	0	0	0	0	1	0	0
A	AG	22	130	1	1	BA1652	6432	8	9	0	0	0	0	0	0	0	0	0
A	AG	22	130	1	1	BA1652	6435	9	0	0	0	1	0	0	0	0	0	0
A	AG	22	130	1	1	BA1652	6442	9	10	0	0	0	0	0	0	0	0	0
A	AG	22	130	1	1	BA1652	6444	10	0	0	0	0	0	0	0	1	0	0
A	AG	22	130	1	1	BA1652	6517	10	2	0	0	0	0	0	0	0	0	0
A	AG	22	130	1	1	BA1652	6518	2	6	0	0	0	0	0	0	0	0	0
A	AG	22	130	1	1	BA1652	6746	6	8	2	0	1	0	0	0	0	0	0
A	AG	22	130	1	1	BA1652	6748	8	0	0	0	0	0	0	0	1	0	0
A	AG	22	130	1	1	BA1652	6749	8	0	0	0	1	0	0	0	0	0	0
A	AG	22	130	1	1	BA1652	6750	8	0	0	0	0	0	0	0	1	0	0
A	AG	22	130	1	1	BA1652	6756	8	7	0	0	0	0	0	0	0	0	0
A	AG	22	130	1	1	BA1652	6767	7	8	2	0	1	0	0	0	0	0	0
A	AG	22	130	1	1	BA1652	6770	8	0	0	0	0	0	0	0	1	0	0
A	AG	22	130	1	1	BA1652	6777	8	7	0	0	0	0	0	0	0	0	0
A	AG	22	130	1	1	BA1652	6782	7	8	2	0	1	0	0	0	0	0	0
A	AG	22	130	1	1	BA1652	6787	8	0	0	0	0	0	0	0	1	0	0
A	AG	22	130	1	1	BA1652	6792	8	7	0	0	0	0	0	0	0	0	0
A	AG	22	130	1	1	BA1652	6794	7	8	2	0	1	0	0	0	0	0	0
A	AG	22	130	1	1	BA1652	6798	8	0	0	0	0	0	0	0	1	0	0
A	AG	22	130	1	1	BA1652	6801	8	0	0	0	1	0	0	0	0	0	0
A	AG	22	130	1	1	BA1652	6804	8	7	0	0	0	0	0	0	0	0	0
A	AG	22	130	1	1	BA1652	6812	7	0	0	0	0	0	0	0	1	0	0
A	AG	22	130	1	1	BA1652	6822	7	8	2	0	1	0	0	0	0	0	0
A	AG	22	130	1	1	BA1652	6832	8	7	0	0	0	0	0	0	0	0	0
A	AG	22	130	1	1	BA1652	6849	7	0	0	0	0	0	0	0	1	0	0
A	AG	22	130	1	1	BA1652	6865	7	8	2	0	1	0	0	0	0	0	0
A	AG	22	130	1	1	BA1652	6871	8	0	0	0	0	0	0	0	1	0	0
A	AG	22	130	1	1	BA1652	6875	8	7	0	0	0	0	0	0	0	0	0
A	AG	22	130	1	1	BA1652	6881	7	8	2	0	1	0	0	0	0	0	0
A	AG	22	130	1	1	BA1652	6882	8	0	0	0	0	0	0	0	1	0	0
A	AG	22	130	1	1	BA1652	6891	8	7	0	0	0	0	0	0	0	0	0
A	AG	22	130	1	1	BA1652	6918	7	8	2	0	1	0	0	0	0	0	0
A	AG	22	130	1	1	BA1652	6926	8	0	0	0	0	0	0	0	1	0	0
A	AG	22	130	1	1	BA1652	6928	8	7	0	0	0	0	0	0	0	0	0
A	AG	22	130	1	1	BA1652	6938	7	8	2	0	1	0	0	0	0	0	0
A	AG	22	130	1	1	BA1652	6943	8	0	0	0	0	0	0	0	1	0	0
A	AG	22	130	1	1	BA1652	6947	8	0	0	0	1	0	0	0	0	0	0
A	AG	22	130	1	1	BA1652	6948	8	7	0	0	0	0	0	0	0	0	0
A	AG	22	130	1	1	BA1652	6961	7	0	0	0	0	0	0	0	1	0	0
A	AG	22	130	1	1	BA1652	6990	7	8	2	0	1	0	0	0	0	0	0
A	AG	22	130	1	1	BA1652	6999	8	0	0	0	0	0	0	0	1	0	0
A	AG	22	130	1	1	BA1652	7000	8	7	0	0	1	0	0	0	0	0	0
A	AG	22	130	1	1	BA1652	7008	7	0	0	0	0	0	0	0	1	0	0
A	AG	22	130	1	1	BA1652	7011	7	8	2	0	1	0	0	0	0	0	0
A	AG	22	130	1	1	BA1652	7021	8	7	0	0	0	0	0	0	0	0	0
A	AG	22	130	1	1	BA1652	7050	7	0	0	0	0	0	0	0	1	0	0
A	AG	22	130	1	1	BA1652	7052	7	8	2	0	1	0	0	0	0	0	0
A	AG	22	130	1	1	BA1652	7062	8	7	0	0	0	0	0	0	0	0	0
A	AG	22	130	1	1	BA1652	7075	7	0	0	0	0	0	0	0	1	0	0
A	AG	22	130	1	1	BA1652	7119	7	8	2	0	1	0	0	0	0	0	0
A	AG	22	130	1	1	BA1652	7124	8	0	0	0	0	0	0	0	1	0	0
A	AG	22	130	1	1	BA1652	7127	8	0	0	0	1	0	0	0	0	0	0
A	AG	22	130	1	1	BA1652	7129	8	7	0	0	0	0	0	0	0	0	0
A	AG	22	130	1	1	BA1652	7132	7	0	0	0	0	0	0	0	1	0	0
A	AG	22	130	1	1	BA1652	7133	7	8	2	0	1	0	0	0	0	0	0
A	AG	22	130	1	1	BA1652	7143	8	7	0	0	0	0	0	0	0	0	0
A	AG	22	130	1	1	BA1652	7146	7	0	0	0	0	0	0	0	1	0	0
A	AG	22	130	1	1	BA1652	7150	7	8	2	0	1	0	0	0	0	0	0
A	AG	22	130	1	1	BA1652	7156	8	0	0	0	0	0	0	0	1	0	0
A	AG	22	130	1	1	BA1652	7160	8	7	0	0	1	0	0	0	0	0	0
A	AG	22	130	1	1	BA1652	7163	7	0	0	0	0	0	0	0	1	0	0
A	AG	22	130	1	1	BA1652	7164	7	8	2	0	1	0	0	0	0	0	0
A	AG	22	130	1	1	BA1652	7168	8	0	0	0	1	0	0	0	1	0	0
A	AG	22	130	1	1	BA1652	7174	8	7	0	0	0	0	0	0	0	0	0
A	AG	22	130	1	1	BA1652	7189	7	0	0	0	0	0	0	0	1	0	0
A	AG	22	130	1	1	BA1652	7195	7	8	2	0	1	0	0	0	0	0	0
A	AG	22	130	1	1	BA1652	7200	8	0	0	0	0	0	0	0	1	0	0
A	AG	22	130	1	1	BA1652	7205	8	7	0	0	0	0	0	0	0	0	0
A	AG	22	130	1	1	BA1652	7217	7	8	2	0	1	0	0	0	0	0	0
A	AG	22	130	1	1	BA1652	7227	8	7	0	0	0	0	0	0	0	0	0
A	AG	22	130	1	1	BA1652	7231	7	0	0	0	0	0	0	0	1	0	0
A	AG	22	130	1	1	BA1652	7232	7	8	2	0	1	0	0	0	0	0	0
A	AG	22	130	1	1	BA1652	7236	8	0	0	0	0	0	0	0	1	0	0
A	AG	22	130	1	1	BA1652	7238	8	0	0	0	1	0	0	0	0	0	0
A	AG	22	130	1	1	BA1652	7242	8	7	0	0	0	0	0	0	0	0	0
A	AG	22	130	1	1	BA1652	7250	7	0	0	0	0	0	0	0	1	0	0
A	AG	22	130	1	1	BA1652	7253	7	8	2	0	1	0	0	0	0	0	0
A	AG	22	130	1	1	BA1652	7257	8	0	0	0	0	0	0	0	1	0	0
A	AG	22	130	1	1	BA1652	7263	8	9	0	0	0	0	0	0	0	0	0
A	AG	22	130	1	1	BA1652	7267	9	0	0	0	1	0	0	0	0	0	0
A	AG	22	130	1	1	BA1652	7271	9	0	0	0	0	0	0	0	1	0	0
A	AG	22	130	1	1	BA1652	7273	9	10	0	0	0	0	0	0	0	0	0
A	AG	22	130	1	1	BA1652	7348	10	2	0	0	0	0	0	0	0	0	0
A	AG	22	130	1	1	BA1652	7349	2	6	0	0	0	0	0	0	0	0	0
A	AG	22	130	1	1	BA1652	8130	6	8	2	0	1	0	0	0	0	0	0
A	AG	22	130	1	1	BA1652	8140	8	7	0	0	0	0	0	0	0	0	0
A	AG	22	130	1	1	BA1652	8147	7	0	0	0	0	0	0	0	1	0	0
A	AG	22	130	1	1	BA1652	8197	7	8	2	0	1	0	0	0	0	0	0
A	AG	22	130	1	1	BA1652	8204	8	0	0	0	0	0	0	0	1	0	0
A	AG	22	130	1	1	BA1652	8207	8	7	0	0	0	0	0	0	0	0	0
A	AG	22	130	1	1	BA1652	8224	7	8	2	0	1	0	0	0	0	0	0
A	AG	22	130	1	1	BA1652	8226	8	0	0	0	0	0	0	0	1	0	0
A	AG	22	130	1	1	BA1652	8234	8	7	0	0	0	0	0	0	0	0	0
A	AG	22	130	1	1	BA1652	8245	7	8	2	0	1	0	0	0	0	0	0
A	AG	22	130	1	1	BA1652	8246	8	0	0	0	0	0	0	0	1	0	0
A	AG	22	130	1	1	BA1652	8255	8	7	0	0	0	0	0	0	0	0	0
A	AG	22	130	1	1	BA1652	8290	7	8	2	0	1	0	0	0	0	0	0
A	AG	22	130	1	1	BA1652	8292	8	0	0	0	0	0	0	0	1	0	0
A	AG	22	130	1	1	BA1652	8300	8	7	0	0	0	0	0	0	0	0	0
A	AG	22	130	1	1	BA1652	8327	7	8	2	0	1	0	0	0	0	0	0
A	AG	22	130	1	1	BA1652	8328	8	0	0	0	0	0	0	0	1	0	0
A	AG	22	130	1	1	BA1652	8337	8	7	0	0	0	0	0	0	0	0	0
A	AG	22	130	1	1	BA1652	8366	7	8	2	0	1	0	0	0	0	0	0
A	AG	22	130	1	1	BA1652	8376	8	7	0	0	0	0	0	0	0	0	0
A	AG	22	130	1	1	BA1652	8384	7	0	0	0	0	0	0	0	1	0	0
A	AG	22	130	1	1	BA1652	8386	7	8	2	0	1	0	0	0	0	0	0
A	AG	22	130	1	1	BA1652	8396	8	7	0	0	0	0	0	0	0	0	0
A	AG	22	130	1	1	BA1652	8398	7	0	0	0	0	0	0	0	1	0	0
A	AG	22	130	1	1	BA1652	8406	7	8	2	0	1	0	0	0	0	0	0
A	AG	22	130	1	1	BA1652	8412	8	0	0	0	0	0	0	0	1	0	0
A	AG	22	130	1	1	BA1652	8414	8	0	0	0	1	0	0	0	0	0	0
A	AG	22	130	1	1	BA1652	8416	8	7	0	0	0	0	0	0	0	0	0
A	AG	22	130	1	1	BA1652	8420	7	0	0	0	0	0	0	0	1	0	0
A	AG	22	130	1	1	BA1652	8421	7	8	2	0	1	0	0	0	0	0	0
A	AG	22	130	1	1	BA1652	8424	8	0	0	0	0	0	0	0	1	0	0
A	AG	22	130	1	1	BA1652	8431	8	7	0	0	0	0	0	0	0	0	0
A	AG	22	130	1	1	BA1652	8441	7	8	2	0	1	0	0	0	0	0	0
A	AG	22	130	1	1	BA1652	8451	8	7	0	0	0	0	0	0	0	0	0
A	AG	22	130	1	1	BA1652	8467	7	0	0	0	0	0	0	0	1	0	0
A	AG	22	130	1	1	BA1652	8471	7	8	2	0	1	0	0	0	0	0	0
A	AG	22	130	1	1	BA1652	8481	8	7	0	0	0	0	0	0	0	0	0
A	AG	22	130	1	1	BA1652	8548	7	0	0	0	0	0	0	0	1	0	0
A	AG	22	130	1	1	BA1652	8619	7	8	2	0	1	0	0	0	0	0	0
A	AG	22	130	1	1	BA1652	8629	8	7	0	0	0	0	0	0	0	0	0
A	AG	22	130	1	1	BA1652	8651	7	0	0	0	0	0	0	0	1	0	0
A	AG	22	130	1	1	BA1652	8655	7	8	2	0	1	0	0	0	0	0	0
A	AG	22	130	1	1	BA1652	8665	8	7	0	0	0	0	0	0	0	0	0
A	AG	22	130	1	1	BA1652	8671	7	0	0	0	0	0	0	0	1	0	0
A	AG	22	130	1	1	BA1652	8693	7	8	2	0	1	0	0	0	0	0	0
A	AG	22	130	1	1	BA1652	8696	8	0	0	0	0	0	0	0	1	0	0
A	AG	22	130	1	1	BA1652	8700	8	0	0	0	1	0	0	0	0	0	0
A	AG	22	130	1	1	BA1652	8703	8	7	0	0	0	0	0	0	0	0	0
A	AG	22	130	1	1	BA1652	8705	7	0	0	0	0	0	0	0	1	0	0
A	AG	22	130	1	1	BA1652	8707	7	8	2	0	1	0	0	0	0	0	0
A	AG	22	130	1	1	BA1652	8717	8	7	0	0	0	0	0	0	0	0	0
A	AG	22	130	1	1	BA1652	8718	7	0	0	0	0	0	0	0	1	0	0
A	AG	22	130	1	1	BA1652	8723	7	8	2	0	1	0	0	0	0	0	0
A	AG	22	130	1	1	BA1652	8728	8	0	0	0	0	0	0	0	1	0	0
A	AG	22	130	1	1	BA1652	8733	8	7	0	0	0	0	0	0	0	0	0
A	AG	22	130	1	1	BA1652	8742	7	8	2	0	1	0	0	0	0	0	0
A	AG	22	130	1	1	BA1652	8752	8	7	0	0	0	0	0	0	0	0	0
A	AG	22	130	1	1	BA1652	8755	7	0	0	0	0	0	0	0	1	0	0
A	AG	22	130	1	1	BA1652	8788	7	8	2	0	1	0	0	0	0	0	0
A	AG	22	130	1	1	BA1652	8792	8	0	0	0	0	0	0	0	1	0	0
A	AG	22	130	1	1	BA1652	8797	8	0	0	0	1	0	0	0	0	0	0
A	AG	22	130	1	1	BA1652	8798	8	7	0	0	0	0	0	0	0	0	0
A	AG	22	130	1	1	BA1652	8801	7	0	0	0	0	0	0	0	1	0	0
A	AG	22	130	1	1	BA1652	8805	7	8	2	0	1	0	0	0	0	0	0
A	AG	22	130	1	1	BA1652	8815	8	9	0	0	0	0	0	0	0	0	0
A	AG	22	130	1	1	BA1652	8817	9	0	0	0	0	0	0	0	1	0	0
A	AG	22	130	1	1	BA1652	8825	9	10	0	0	0	0	0	0	0	0	0
A	AG	22	130	1	1	BA1652	8900	10	2	0	0	0	0	0	0	0	0	0
A	AG	22	130	1	1	BA1652	8901	2	3	0	0	0	0	0	0	0	0	0
A	AG	22	130	1	1	BA1652	8966	3	5	1	1	0	0	0	0	0	0	0
A	AG	22	130	1	1	BA1652	8973	5	0	0	0	0	0	0	1	0	0	0
A	AG	22	130	1	1	BA1652	8974	5	0	0	1	0	0	0	0	0	0	0
A	AG	22	130	1	1	BA1652	8976	5	4	0	0	0	0	0	0	0	0	0
A	AG	22	130	1	1	BA1652	8988	4	0	0	0	0	0	0	1	0	0	0
A	AG	22	130	1	1	BA1652	8990	4	5	1	1	0	0	0	0	0	0	0
A	AG	22	130	1	1	BA1652	9000	5	4	0	0	0	0	0	0	0	0	0
A	AG	22	130	1	1	BA1652	9006	4	0	0	0	0	0	0	1	0	0	0
A	AG	22	130	1	1	BA1652	9014	4	5	1	1	0	0	0	0	0	0	0
A	AG	22	130	1	1	BA1652	9017	5	0	0	0	0	0	0	1	0	0	0
A	AG	22	130	1	1	BA1652	9024	5	4	0	0	0	0	0	0	0	0	0
A	AG	22	130	1	1	BA1652	9029	4	5	1	1	0	0	0	0	0	0	0
A	AG	22	130	1	1	BA1652	9037	5	0	0	0	0	0	0	1	0	0	0
A	AG	22	130	1	1	BA1652	9039	5	4	0	0	0	0	0	0	0	0	0
A	AG	22	130	1	1	BA1652	9054	4	5	1	1	0	0	0	0	0	0	0
A	AG	22	130	1	1	BA1652	9058	5	0	0	0	0	0	0	1	0	0	0
A	AG	22	130	1	1	BA1652	9064	5	9	0	0	0	0	0	0	0	0	0
A	AG	22	130	1	1	BA1652	9074	9	10	0	0	0	0	0	0	0	0	0
A	AG	22	130	1	1	BA1652	9149	10	2	0	0	0	0	0	0	0	0	0
A	AG	22	130	1	1	BA1652	9150	2	3	0	0	0	0	0	0	0	0	0
A	AG	22	130	1	1	BA1652	9209	3	5	1	1	0	0	0	0	0	0	0
A	AG	22	130	1	1	BA1652	9219	5	4	0	0	0	0	0	0	0	0	0
A	AG	22	130	1	1	BA1652	9226	4	0	0	0	0	0	0	1	0	0	0
A	AG	22	130	1	1	BA1652	9229	4	5	1	1	0	0	0	0	0	0	0
A	AG	22	130	1	1	BA1652	9239	5	4	0	0	0	0	0	0	0	0	0
A	AG	22	130	1	1	BA1652	9243	4	0	0	0	0	0	0	1	0	0	0
A	AG	22	130	1	1	BA1652	9248	4	5	1	1	0	0	0	0	0	0	0
A	AG	22	130	1	1	BA1652	9253	5	0	0	0	0	0	0	1	0	0	0
A	AG	22	130	1	1	BA1652	9258	5	4	0	0	0	0	0	0	0	0	0
A	AG	22	130	1	1	BA1652	9262	4	5	1	1	0	0	0	0	0	0	0
A	AG	22	130	1	1	BA1652	9269	5	0	0	0	0	0	0	1	0	0	0
A	AG	22	130	1	1	BA1652	9272	5	4	0	0	0	0	0	0	0	0	0
A	AG	22	130	1	1	BA1652	9286	4	5	1	1	0	0	0	0	0	0	0
A	AG	22	130	1	1	BA1652	9293	5	0	0	0	0	0	0	1	0	0	0
A	AG	22	130	1	1	BA1652	9296	5	9	0	0	0	0	0	0	0	0	0
A	AG	22	130	1	1	BA1652	9306	9	10	0	0	0	0	0	0	0	0	0
A	AG	22	130	1	1	BA1652	9381	10	2	0	0	0	0	0	0	0	0	0
A	AG	22	130	1	1	BA1652	9382	2	6	0	0	0	0	0	0	0	0	0
A	AG	22	130	1	1	BA1652	9814	6	8	2	0	1	0	0	0	0	0	0
A	AG	22	130	1	1	BA1652	9820	8	0	0	0	0	0	0	0	1	0	0
A	AG	22	130	1	1	BA1652	9824	8	7	0	0	0	0	0	0	0	0	0
A	AG	22	130	1	1	BA1652	9851	7	8	2	0	1	0	0	0	0	0	0
A	AG	22	130	1	1	BA1652	9857	8	0	0	0	0	0	0	0	1	0	0
A	AG	22	130	1	1	BA1652	9861	8	7	0	0	0	0	0	0	0	0	0
A	AG	22	130	1	1	BA1652	9878	7	8	2	0	1	0	0	0	0	0	0
A	AG	22	130	1	1	BA1652	9880	8	0	0	0	0	0	0	0	1	0	0
A	AG	22	130	1	1	BA1652	9888	8	7	0	0	0	0	0	0	0	0	0
A	AG	22	130	1	1	BA1652	9900	7	8	2	0	1	0	0	0	0	0	0
A	AG	22	130	1	1	BA1652	9902	8	0	0	0	0	0	0	0	1	0	0
A	AG	22	130	1	1	BA1652	9910	8	7	0	0	0	0	0	0	0	0	0
A	AG	22	130	1	1	BA1652	9914	7	8	2	0	1	0	0	0	0	0	0
A	AG	22	130	1	1	BA1652	9916	8	0	0	0	0	0	0	0	1	0	0
A	AG	22	130	1	1	BA1652	9924	8	7	0	0	0	0	0	0	0	0	0
A	AG	22	130	1	1	BA1652	9931	7	8	2	0	1	0	0	0	0	0	0
A	AG	22	130	1	1	BA1652	9933	8	0	0	0	0	0	0	0	1	0	0
A	AG	22	130	1	1	BA1652	9934	8	0	0	0	1	0	0	0	0	0	0
A	AG	22	130	1	1	BA1652	9941	8	7	0	0	0	0	0	0	0	0	0
A	AG	22	130	1	1	BA1652	9951	7	0	0	0	0	0	0	0	1	0	0
A	AG	22	130	1	1	BA1652	10046	7	8	2	0	1	0	0	0	0	0	0
A	AG	22	130	1	1	BA1652	10050	8	0	0	0	0	0	0	0	1	0	0
A	AG	22	130	1	1	BA1652	10055	8	0	0	0	1	0	0	0	0	0	0
A	AG	22	130	1	1	BA1652	10056	8	7	0	0	0	0	0	0	0	0	0
A	AG	22	130	1	1	BA1652	10066	7	0	0	0	0	0	0	0	1	0	0
A	AG	22	130	1	1	BA1652	10080	7	8	2	0	1	0	0	0	0	0	0
A	AG	22	130	1	1	BA1652	10090	8	7	0	0	0	0	0	0	0	0	0
A	AG	22	130	1	1	BA1652	10093	7	0	0	0	0	0	0	0	1	0	0
A	AG	22	130	1	1	BA1652	10105	7	8	2	0	1	0	0	0	0	0	0
A	AG	22	130	1	1	BA1652	10115	8	7	0	0	0	0	0	0	0	0	0
A	AG	22	130	1	1	BA1652	10129	7	0	0	0	0	0	0	0	1	0	0
A	AG	22	130	1	1	BA1652	10130	7	8	2	0	1	0	0	0	0	0	0
A	AG	22	130	1	1	BA1652	10140	8	7	0	0	0	0	0	0	1	0	0
A	AG	22	130	1	1	BA1652	10143	7	8	2	0	1	0	0	0	0	0	0
A	AG	22	130	1	1	BA1652	10153	8	7	0	0	0	0	0	0	0	0	0
A	AG	22	130	1	1	BA1652	10154	7	0	0	0	0	0	0	0	1	0	0
A	AG	22	130	1	1	BA1652	10158	7	8	2	0	1	0	0	0	0	0	0
A	AG	22	130	1	1	BA1652	10165	8	0	0	0	0	0	0	0	1	0	0
A	AG	22	130	1	1	BA1652	10167	8	0	0	0	1	0	0	0	0	0	0
A	AG	22	130	1	1	BA1652	10168	8	7	0	0	0	0	0	0	0	0	0
A	AG	22	130	1	1	BA1652	10170	7	0	0	0	0	0	0	0	1	0	0
A	AG	22	130	1	1	BA1652	10175	7	8	2	0	1	0	0	0	0	0	0
A	AG	22	130	1	1	BA1652	10185	8	7	0	0	0	0	0	0	0	0	0
A	AG	22	130	1	1	BA1652	10197	7	0	0	0	0	0	0	0	1	0	0
A	AG	22	130	1	1	BA1652	10210	7	8	2	0	1	0	0	0	0	0	0
A	AG	22	130	1	1	BA1652	10220	8	7	0	0	0	0	0	0	0	0	0
A	AG	22	130	1	1	BA1652	10223	7	0	0	0	0	0	0	0	1	0	0
A	AG	22	130	1	1	BA1652	10237	7	8	2	0	1	0	0	0	0	0	0
A	AG	22	130	1	1	BA1652	10245	8	0	0	0	0	0	0	0	1	0	0
A	AG	22	130	1	1	BA1652	10247	8	7	0	0	0	0	0	0	0	0	0
A	AG	22	130	1	1	BA1652	10260	7	8	2	0	1	0	0	0	0	0	0
A	AG	22	130	1	1	BA1652	10269	8	0	0	0	0	0	0	0	1	0	0
A	AG	22	130	1	1	BA1652	10270	8	7	0	0	0	0	0	0	0	0	0
A	AG	22	130	1	1	BA1652	10299	7	8	2	0	1	0	0	0	0	0	0
A	AG	22	130	1	1	BA1652	10309	8	7	0	0	0	0	0	0	1	0	0
A	AG	22	130	1	1	BA1652	10312	7	8	2	0	1	0	0	0	0	0	0
A	AG	22	130	1	1	BA1652	10322	8	7	0	0	0	0	0	0	1	0	0
A	AG	22	130	1	1	BA1652	10324	7	8	2	0	1	0	0	0	0	0	0
A	AG	22	130	1	1	BA1652	10332	8	0	0	0	0	0	0	0	1	0	0
A	AG	22	130	1	1	BA1652	10334	8	7	0	0	1	0	0	0	0	0	0
A	AG	22	130	1	1	BA1652	10373	7	0	0	0	0	0	0	0	1	0	0
A	AG	22	130	1	1	BA1652	10487	7	8	2	0	1	0	0	0	0	0	0
A	AG	22	130	1	1	BA1652	10490	8	0	0	0	0	0	0	0	1	0	0
A	AG	22	130	1	1	BA1652	10494	8	0	0	0	1	0	0	0	0	0	0
A	AG	22	130	1	1	BA1652	10497	8	9	0	0	0	0	0	0	0	0	0
A	AG	22	130	1	1	BA1652	10507	9	10	0	0	0	0	0	0	0	0	0
A	AG	22	130	1	1	BA1652	10510	10	0	0	0	0	0	0	0	1	0	0
A	AG	22	130	1	1	BA1652	10582	10	2	0	0	0	0	0	0	0	0	0
A	AG	22	130	1	1	BA1652	10583	2	6	0	0	0	0	0	0	0	0	0
A	AG	22	130	1	1	BA1652	10781	6	8	2	0	1	0	0	0	0	0	0
A	AG	22	130	1	1	BA1652	10788	8	0	0	0	0	0	0	0	1	0	0
A	AG	22	130	1	1	BA1652	10791	8	7	0	0	0	0	0	0	0	0	0
A	AG	22	130	1	1	BA1652	10804	7	8	2	0	1	0	0	0	0	0	0
A	AG	22	130	1	1	BA1652	10812	8	0	0	0	0	0	0	0	1	0	0
A	AG	22	130	1	1	BA1652	10814	8	7	0	0	0	0	0	0	0	0	0
A	AG	22	130	1	1	BA1652	10828	7	8	2	0	1	0	0	0	0	0	0
A	AG	22	130	1	1	BA1652	10838	8	7	0	0	0	0	0	0	0	0	0
A	AG	22	130	1	1	BA1652	10841	7	0	0	0	0	0	0	0	1	0	0
A	AG	22	130	1	1	BA1652	10898	7	8	2	0	1	0	0	0	0	0	0
A	AG	22	130	1	1	BA1652	10904	8	0	0	0	0	0	0	0	1	0	0
A	AG	22	130	1	1	BA1652	10908	8	7	0	0	0	0	0	0	0	0	0
A	AG	22	130	1	1	BA1652	10928	7	8	2	0	1	0	0	0	0	0	0
A	AG	22	130	1	1	BA1652	10933	8	0	0	0	0	0	0	0	1	0	0
A	AG	22	130	1	1	BA1652	10938	8	7	0	0	0	0	0	0	0	0	0
A	AG	22	130	1	1	BA1652	10958	7	8	2	0	1	0	0	0	0	0	0
A	AG	22	130	1	1	BA1652	10962	8	0	0	0	0	0	0	0	1	0	0
A	AG	22	130	1	1	BA1652	10967	8	0	0	0	1	0	0	0	0	0	0
A	AG	22	130	1	1	BA1652	10968	8	7	0	0	0	0	0	0	0	0	0
A	AG	22	130	1	1	BA1652	10970	7	0	0	0	0	0	0	0	1	0	0
A	AG	22	130	1	1	BA1652	10976	7	8	2	0	1	0	0	0	0	0	0
A	AG	22	130	1	1	BA1652	10986	8	7	0	0	0	0	0	0	0	0	0
A	AG	22	130	1	1	BA1652	10992	7	0	0	0	0	0	0	0	1	0	0
A	AG	22	130	1	1	BA1652	10995	7	8	2	0	1	0	0	0	0	0	0
A	AG	22	130	1	1	BA1652	11005	8	7	0	0	0	0	0	0	0	0	0
A	AG	22	130	1	1	BA1652	11010	7	0	0	0	0	0	0	0	1	0	0
A	AG	22	130	1	1	BA1652	11084	7	8	2	0	1	0	0	0	0	0	0
A	AG	22	130	1	1	BA1652	11094	8	7	0	0	0	0	0	0	0	0	0
A	AG	22	130	1	1	BA1652	11131	7	0	0	0	0	0	0	0	1	0	0
A	AG	22	130	1	1	BA1652	11135	7	8	2	0	1	0	0	0	0	0	0
A	AG	22	130	1	1	BA1652	11145	8	7	0	0	0	0	0	0	0	0	0
A	AG	22	130	1	1	BA1652	11146	7	0	0	0	0	0	0	0	1	0	0
A	AG	22	130	1	1	BA1652	11154	7	8	2	0	1	0	0	0	0	0	0
A	AG	22	130	1	1	BA1652	11162	8	0	0	0	0	0	0	0	1	0	0
A	AG	22	130	1	1	BA1652	11164	8	7	0	0	0	0	0	0	0	0	0
A	AG	22	130	1	1	BA1652	11165	7	8	2	0	1	0	0	0	0	0	0
A	AG	22	130	1	1	BA1652	11170	8	0	0	0	0	0	0	0	1	0	0
A	AG	22	130	1	1	BA1652	11172	8	0	0	0	1	0	0	0	0	0	0
A	AG	22	130	1	1	BA1652	11175	8	7	0	0	0	0	0	0	0	0	0
A	AG	22	130	1	1	BA1652	11177	7	0	0	0	0	0	0	0	1	0	0
A	AG	22	130	1	1	BA1652	11181	7	8	2	0	1	0	0	0	0	0	0
A	AG	22	130	1	1	BA1652	11184	8	0	0	0	0	0	0	0	1	0	0
A	AG	22	130	1	1	BA1652	11191	8	7	0	0	0	0	0	0	0	0	0
A	AG	22	130	1	1	BA1652	11206	7	8	2	0	1	0	0	0	0	0	0
A	AG	22	130	1	1	BA1652	11211	8	0	0	0	0	0	0	0	1	0	0
A	AG	22	130	1	1	BA1652	11215	8	0	0	0	1	0	0	0	0	0	0
A	AG	22	130	1	1	BA1652	11216	8	7	0	0	0	0	0	0	0	0	0
A	AG	22	130	1	1	BA1652	11234	7	0	0	0	0	0	0	0	1	0	0
A	AG	22	130	1	1	BA1652	11244	7	8	2	0	1	0	0	0	0	0	0
A	AG	22	130	1	1	BA1652	11254	8	7	0	0	0	0	0	0	0	0	0
A	AG	22	130	1	1	BA1652	11280	7	0	0	0	0	0	0	0	1	0	0
A	AG	22	130	1	1	BA1652	11287	7	8	2	0	1	0	0	0	0	0	0
A	AG	22	130	1	1	BA1652	11297	8	7	0	0	0	0	0	0	0	0	0
A	AG	22	130	1	1	BA1652	11309	7	0	0	0	0	0	0	0	1	0	0
A	AG	22	130	1	1	BA1652	11368	7	8	2	0	1	0	0	0	0	0	0
A	AG	22	130	1	1	BA1652	11369	8	0	0	0	0	0	0	0	1	0	0
A	AG	22	130	1	1	BA1652	11373	8	0	0	0	1	0	0	0	0	0	0
A	AG	22	130	1	1	BA1652	11378	8	7	0	0	0	0	0	0	0	0	0
A	AG	22	130	1	1	BA1652	11395	7	0	0	0	0	0	0	0	1	0	0
A	AG	22	130	1	1	BA1652	11399	7	8	2	0	1	0	0	0	0	0	0
A	AG	22	130	1	1	BA1652	11409	8	7	0	0	0	0	0	0	0	0	0
A	AG	22	130	1	1	BA1652	11459	7	0	0	0	0	0	0	0	1	0	0
A	AG	22	130	1	1	BA1652	11463	7	8	2	0	1	0	0	0	0	0	0
A	AG	22	130	1	1	BA1652	11473	8	7	0	0	0	0	0	0	0	0	0
A	AG	22	130	1	1	BA1652	11492	7	0	0	0	0	0	0	0	1	0	0
A	AG	22	130	1	1	BA1652	11499	7	8	2	0	1	0	0	0	0	0	0
A	AG	22	130	1	1	BA1652	11500	8	0	0	0	0	0	0	0	1	0	0
A	AG	22	130	1	1	BA1652	11509	8	9	0	0	0	0	0	0	0	0	0
A	AG	22	130	1	1	BA1652	11519	9	10	0	0	0	0	0	0	0	0	0
A	AG	22	130	1	1	BA1652	11594	10	2	0	0	0	0	0	0	0	0	0
A	AG	22	130	1	1	BA1652	11595	2	6	0	0	0	0	0	0	0	0	0
A	AG	22	130	1	1	BA1652	11761	6	8	2	0	1	0	0	0	0	0	0
A	AG	22	130	1	1	BA1652	11771	8	7	0	0	0	0	0	0	0	0	0
A	AG	22	130	1	1	BA1652	11775	7	0	0	0	0	0	0	0	1	0	0
A	AG	22	130	1	1	BA1652	11793	7	8	2	0	1	0	0	0	0	0	0
A	AG	22	130	1	1	BA1652	11795	8	0	0	0	0	0	0	0	1	0	0
A	AG	22	130	1	1	BA1652	11803	8	7	0	0	0	0	0	0	0	0	0
A	AG	22	130	1	1	BA1652	11844	7	8	2	0	1	0	0	0	0	0	0
A	AG	22	130	1	1	BA1652	11845	8	0	0	0	0	0	0	0	1	0	0
A	AG	22	130	1	1	BA1652	11854	8	7	0	0	0	0	0	0	0	0	0
A	AG	22	130	1	1	BA1652	11864	7	8	2	0	1	0	0	0	0	0	0
A	AG	22	130	1	1	BA1652	11874	8	7	0	0	0	0	0	0	0	0	0
A	AG	22	130	1	1	BA1652	11883	7	0	0	0	0	0	0	0	1	0	0
A	AG	22	130	1	1	BA1652	11890	7	8	2	0	1	0	0	0	0	0	0
A	AG	22	130	1	1	BA1652	11897	8	0	0	0	0	0	0	0	1	0	0
A	AG	22	130	1	1	BA1652	11900	8	7	0	0	0	0	0	0	0	0	0
A	AG	22	130	1	1	BA1652	11919	7	8	2	0	1	0	0	0	0	0	0
A	AG	22	130	1	1	BA1652	11925	8	0	0	0	0	0	0	0	1	0	0
A	AG	22	130	1	1	BA1652	11929	8	7	0	0	0	0	0	0	0	0	0
A	AG	22	130	1	1	BA1652	11956	7	8	2	0	1	0	0	0	0	0	0
A	AG	22	130	1	1	BA1652	11957	8	0	0	0	0	0	0	0	1	0	0
A	AG	22	130	1	1	BA1652	11960	8	0	0	0	1	0	0	0	0	0	0
A	AG	22	130	1	1	BA1652	11963	8	0	0	0	0	0	0	0	1	0	0
A	AG	22	130	1	1	BA1652	11964	8	0	0	0	1	0	0	0	0	0	0
A	AG	22	130	1	1	BA1652	11966	8	7	0	0	0	0	0	0	0	0	0
A	AG	22	130	1	1	BA1652	11969	7	0	0	0	0	0	0	0	1	0	0
A	AG	22	130	1	1	BA1652	11987	7	8	2	0	1	0	0	0	0	0	0
A	AG	22	130	1	1	BA1652	11992	8	0	0	0	1	0	0	0	1	0	0
A	AG	22	130	1	1	BA1652	11994	8	0	0	0	0	0	0	0	1	0	0
A	AG	22	130	1	1	BA1652	11997	8	7	0	0	0	0	0	0	0	0	0
A	AG	22	130	1	1	BA1652	12047	7	8	2	0	1	0	0	0	0	0	0
A	AG	22	130	1	1	BA1652	12057	8	7	0	0	0	0	0	0	0	0	0
A	AG	22	130	1	1	BA1652	12061	7	0	0	0	0	0	0	0	1	0	0
A	AG	22	130	1	1	BA1652	12065	7	8	2	0	1	0	0	0	0	0	0
A	AG	22	130	1	1	BA1652	12074	8	0	0	0	0	0	0	0	1	0	0
A	AG	22	130	1	1	BA1652	12075	8	7	0	0	0	0	0	0	0	0	0
A	AG	22	130	1	1	BA1652	12081	7	8	2	0	1	0	0	0	0	0	0
A	AG	22	130	1	1	BA1652	12084	8	0	0	0	0	0	0	0	1	0	0
A	AG	22	130	1	1	BA1652	12085	8	0	0	0	1	0	0	0	0	0	0
A	AG	22	130	1	1	BA1652	12091	8	7	0	0	0	0	0	0	0	0	0
A	AG	22	130	1	1	BA1652	12096	7	0	0	0	0	0	0	0	1	0	0
A	AG	22	130	1	1	BA1652	12097	7	8	2	0	1	0	0	0	0	0	0
A	AG	22	130	1	1	BA1652	12107	8	7	0	0	0	0	0	0	0	0	0
A	AG	22	130	1	1	BA1652	12129	7	0	0	0	0	0	0	0	1	0	0
A	AG	22	130	1	1	BA1652	12160	7	8	2	0	1	0	0	0	0	0	0
A	AG	22	130	1	1	BA1652	12166	8	0	0	0	0	0	0	0	1	0	0
A	AG	22	130	1	1	BA1652	12167	8	0	0	0	1	0	0	0	0	0	0
A	AG	22	130	1	1	BA1652	12170	8	7	0	0	0	0	0	0	0	0	0
A	AG	22	130	1	1	BA1652	12177	7	0	0	0	0	0	0	0	1	0	0
A	AG	22	130	1	1	BA1652	12181	7	8	2	0	1	0	0	0	0	0	0
A	AG	22	130	1	1	BA1652	12191	8	7	0	0	0	0	0	0	0	0	0
A	AG	22	130	1	1	BA1652	12202	7	0	0	0	0	0	0	0	1	0	0
A	AG	22	130	1	1	BA1652	12206	7	8	2	0	1	0	0	0	0	0	0
A	AG	22	130	1	1	BA1652	12216	8	7	0	0	0	0	0	0	0	0	0
A	AG	22	130	1	1	BA1652	12223	7	0	0	0	0	0	0	0	1	0	0
A	AG	22	130	1	1	BA1652	12232	7	8	2	0	1	0	0	0	0	0	0
A	AG	22	130	1	1	BA1652	12233	8	0	0	0	0	0	0	0	1	0	0
A	AG	22	130	1	1	BA1652	12242	8	7	0	0	0	0	0	0	0	0	0
A	AG	22	130	1	1	BA1652	12258	7	8	2	0	1	0	0	0	0	0	0
A	AG	22	130	1	1	BA1652	12262	8	0	0	0	0	0	0	0	1	0	0
A	AG	22	130	1	1	BA1652	12263	8	0	0	0	1	0	0	0	0	0	0
A	AG	22	130	1	1	BA1652	12268	8	7	0	0	0	0	0	0	1	0	0
A	AG	22	130	1	1	BA1652	12273	7	8	2	0	1	0	0	0	0	0	0
A	AG	22	130	1	1	BA1652	12278	8	0	0	0	0	0	0	0	1	0	0
A	AG	22	130	1	1	BA1652	12281	8	0	0	0	1	0	0	0	0	0	0
A	AG	22	130	1	1	BA1652	12283	8	7	0	0	0	0	0	0	0	0	0
A	AG	22	130	1	1	BA1652	12287	7	0	0	0	0	0	0	0	1	0	0
A	AG	22	130	1	1	BA1652	12307	7	8	2	0	1	0	0	0	0	0	0
A	AG	22	130	1	1	BA1652	12317	8	7	0	0	0	0	0	0	0	0	0
A	AG	22	130	1	1	BA1652	12318	7	0	0	0	0	0	0	0	1	0	0
A	AG	22	130	1	1	BA1652	12334	7	8	2	0	1	0	0	0	0	0	0
A	AG	22	130	1	1	BA1652	12344	8	9	0	0	0	0	0	0	0	0	0
A	AG	22	130	1	1	BA1652	12354	9	10	0	0	0	0	0	0	1	0	0
A	AG	22	130	1	1	BA1652	12429	10	2	0	0	0	0	0	0	0	0	0
A	AG	22	130	1	1	BA1652	12430	2	3	0	0	0	0	0	0	0	0	0
A	AG	22	130	1	1	BA1652	12490	3	5	1	1	0	0	0	0	0	0	0
A	AG	22	130	1	1	BA1652	12500	5	4	0	0	0	0	0	1	0	0	0
A	AG	22	130	1	1	BA1652	12501	4	5	1	1	0	0	0	0	0	0	0
A	AG	22	130	1	1	BA1652	12511	5	4	0	0	0	0	0	0	0	0	0
A	AG	22	130	1	1	BA1652	12513	4	0	0	0	0	0	0	1	0	0	0
A	AG	22	130	1	1	BA1652	12515	4	5	1	1	0	0	0	0	0	0	0
A	AG	22	130	1	1	BA1652	12517	5	0	0	1	0	0	0	1	0	0	0
A	AG	22	130	1	1	BA1652	12525	5	4	0	0	0	0	0	0	0	0	0
A	AG	22	130	1	1	BA1652	12527	4	0	0	0	0	0	0	1	0	0	0
A	AG	22	130	1	1	BA1652	12531	4	5	1	1	0	0	0	0	0	0	0
A	AG	22	130	1	1	BA1652	12536	5	0	0	0	0	0	0	1	0	0	0
A	AG	22	130	1	1	BA1652	12537	5	0	0	1	0	0	0	0	0	0	0
A	AG	22	130	1	1	BA1652	12541	5	4	0	0	0	0	0	0	0	0	0
A	AG	22	130	1	1	BA1652	12542	4	0	0	0	0	0	0	1	0	0	0
A	AG	22	130	1	1	BA1652	12554	4	5	1	1	0	0	0	0	0	0	0
A	AG	22	130	1	1	BA1652	12563	5	0	0	0	0	0	0	1	0	0	0
A	AG	22	130	1	1	BA1652	12564	5	9	0	0	0	0	0	0	0	0	0
A	AG	22	130	1	1	BA1652	12574	9	10	0	0	0	0	0	0	0	0	0
A	AG	22	130	1	1	BA1652	12649	10	2	0	0	0	0	0	0	0	0	0
A	AG	22	130	1	1	BA1652	12650	2	6	0	0	0	0	0	0	0	0	0
A	AG	22	130	1	1	BA1652	12997	6	8	2	0	1	0	0	0	0	0	0
A	AG	22	130	1	1	BA1652	13006	8	0	0	0	0	0	0	0	1	0	0
A	AG	22	130	1	1	BA1652	13007	8	7	0	0	0	0	0	0	0	0	0
A	AG	22	130	1	1	BA1652	13014	7	8	2	0	1	0	0	0	0	0	0
A	AG	22	130	1	1	BA1652	13021	8	0	0	0	0	0	0	0	1	0	0
A	AG	22	130	1	1	BA1652	13024	8	7	0	0	0	0	0	0	0	0	0
A	AG	22	130	1	1	BA1652	13027	7	8	2	0	1	0	0	0	0	0	0
A	AG	22	130	1	1	BA1652	13031	8	0	0	0	0	0	0	0	1	0	0
A	AG	22	130	1	1	BA1652	13037	8	7	0	0	0	0	0	0	0	0	0
A	AG	22	130	1	1	BA1652	13041	7	8	2	0	1	0	0	0	0	0	0
A	AG	22	130	1	1	BA1652	13051	8	7	0	0	0	0	0	0	0	0	0
A	AG	22	130	1	1	BA1652	13082	7	0	0	0	0	0	0	0	1	0	0
A	AG	22	130	1	1	BA1652	13087	7	8	2	0	1	0	0	0	0	0	0
A	AG	22	130	1	1	BA1652	13097	8	7	0	0	0	0	0	0	0	0	0
A	AG	22	130	1	1	BA1652	13121	7	0	0	0	0	0	0	0	1	0	0
A	AG	22	130	1	1	BA1652	13123	7	8	2	0	1	0	0	0	0	0	0
A	AG	22	130	1	1	BA1652	13129	8	0	0	0	0	0	0	0	1	0	0
A	AG	22	130	1	1	BA1652	13133	8	7	0	0	0	0	0	0	0	0	0
A	AG	22	130	1	1	BA1652	13259	7	8	2	0	1	0	0	0	0	0	0
A	AG	22	130	1	1	BA1652	13264	8	0	0	0	0	0	0	0	1	0	0
A	AG	22	130	1	1	BA1652	13269	8	7	0	0	1	0	0	0	0	0	0
A	AG	22	130	1	1	BA1652	13274	7	0	0	0	0	0	0	0	1	0	0
A	AG	22	130	1	1	BA1652	13275	7	8	2	0	1	0	0	0	0	0	0
A	AG	22	130	1	1	BA1652	13278	8	0	0	0	0	0	0	0	1	0	0
A	AG	22	130	1	1	BA1652	13283	8	0	0	0	1	0	0	0	0	0	0
A	AG	22	130	1	1	BA1652	13285	8	7	0	0	0	0	0	0	0	0	0
A	AG	22	130	1	1	BA1652	13298	7	0	0	0	0	0	0	0	1	0	0
A	AG	22	130	1	1	BA1652	13302	7	8	2	0	1	0	0	0	0	0	0
A	AG	22	130	1	1	BA1652	13306	8	0	0	0	0	0	0	0	1	0	0
A	AG	22	130	1	1	BA1652	13312	8	7	0	0	0	0	0	0	0	0	0
A	AG	22	130	1	1	BA1652	13317	7	8	2	0	1	0	0	0	0	0	0
A	AG	22	130	1	1	BA1652	13321	8	0	0	0	0	0	0	0	1	0	0
A	AG	22	130	1	1	BA1652	13325	8	0	0	0	1	0	0	0	0	0	0
A	AG	22	130	1	1	BA1652	13327	8	7	0	0	0	0	0	0	0	0	0
A	AG	22	130	1	1	BA1652	13329	7	0	0	0	0	0	0	0	1	0	0
A	AG	22	130	1	1	BA1652	13363	7	8	2	0	1	0	0	0	0	0	0
A	AG	22	130	1	1	BA1652	13373	8	7	0	0	0	0	0	0	0	0	0
A	AG	22	130	1	1	BA1652	13382	7	0	0	0	0	0	0	0	1	0	0
A	AG	22	130	1	1	BA1652	13384	7	8	2	0	1	0	0	0	0	0	0
A	AG	22	130	1	1	BA1652	13388	8	0	0	0	0	0	0	0	1	0	0
A	AG	22	130	1	1	BA1652	13391	8	0	0	0	1	0	0	0	0	0	0
A	AG	22	130	1	1	BA1652	13394	8	7	0	0	0	0	0	0	0	0	0
A	AG	22	130	1	1	BA1652	13398	7	0	0	0	0	0	0	0	1	0	0
A	AG	22	130	1	1	BA1652	13400	7	8	2	0	1	0	0	0	0	0	0
A	AG	22	130	1	1	BA1652	13410	8	7	0	0	0	0	0	0	0	0	0
A	AG	22	130	1	1	BA1652	13420	7	0	0	0	0	0	0	0	1	0	0
A	AG	22	130	1	1	BA1652	13546	7	8	2	0	1	0	0	0	0	0	0
A	AG	22	130	1	1	BA1652	13556	8	7	0	0	0	0	0	0	0	0	0
A	AG	22	130	1	1	BA1652	13558	7	0	0	0	0	0	0	0	1	0	0
A	AG	22	130	1	1	BA1652	13563	7	8	2	0	1	0	0	0	0	0	0
A	AG	22	130	1	1	BA1652	13567	8	0	0	0	0	0	0	0	1	0	0
A	AG	22	130	1	1	BA1652	13573	8	7	0	0	0	0	0	0	0	0	0
A	AG	22	130	1	1	BA1652	13578	7	8	2	0	1	0	0	0	0	0	0
A	AG	22	130	1	1	BA1652	13588	8	7	0	0	0	0	0	0	0	0	0
A	AG	22	130	1	1	BA1652	13591	7	0	0	0	0	0	0	0	1	0	0
A	AG	22	130	1	1	BA1652	13697	7	8	2	0	1	0	0	0	0	0	0
A	AG	22	130	1	1	BA1652	13701	8	0	0	0	0	0	0	0	1	0	0
A	AG	22	130	1	1	BA1652	13703	8	0	0	0	1	0	0	0	0	0	0
A	AG	22	130	1	1	BA1652	13707	8	7	0	0	0	0	0	0	0	0	0
A	AG	22	130	1	1	BA1652	13711	7	0	0	0	0	0	0	0	1	0	0
A	AG	22	130	1	1	BA1652	13713	7	8	2	0	1	0	0	0	0	0	0
A	AG	22	130	1	1	BA1652	13720	8	0	0	0	0	0	0	0	1	0	0
A	AG	22	130	1	1	BA1652	13723	8	7	0	0	0	0	0	0	0	0	0
A	AG	22	130	1	1	BA1652	13724	7	8	2	0	1	0	0	0	0	0	0
A	AG	22	130	1	1	BA1652	13734	8	7	0	0	0	0	0	0	0	0	0
A	AG	22	130	1	1	BA1652	13752	7	0	0	0	0	0	0	0	1	0	0
A	AG	22	130	1	1	BA1652	13867	7	8	2	0	1	0	0	0	0	0	0
A	AG	22	130	1	1	BA1652	13877	8	9	0	0	0	0	0	0	0	0	0
A	AG	22	130	1	1	BA1652	13886	9	0	0	0	0	0	0	0	1	0	0
A	AG	22	130	1	1	BA1652	13887	9	10	0	0	0	0	0	0	0	0	0
A	AG	22	130	1	1	BA1652	13962	10	2	0	0	0	0	0	0	0	0	0
A	AG	22	130	1	1	BA1652	13963	2	3	0	0	0	0	0	0	0	0	0
A	AG	22	130	1	1	BA1652	14079	3	5	1	1	0	0	0	0	0	0	0
A	AG	22	130	1	1	BA1652	14089	5	4	0	0	0	0	0	0	0	0	0
A	AG	22	130	1	1	BA1652	14100	4	0	0	0	0	0	0	1	0	0	0
A	AG	22	130	1	1	BA1652	14124	4	5	1	1	0	0	0	0	0	0	0
A	AG	22	130	1	1	BA1652	14126	5	0	0	0	0	0	0	1	0	0	0
A	AG	22	130	1	1	BA1652	14130	5	0	0	1	0	0	0	0	0	0	0
A	AG	22	130	1	1	BA1652	14133	5	0	0	0	0	0	0	1	0	0	0
A	AG	22	130	1	1	BA1652	14134	5	4	0	0	0	0	0	0	0	0	0
A	AG	22	130	1	1	BA1652	14144	4	5	1	1	0	0	0	0	0	0	0
A	AG	22	130	1	1	BA1652	14148	5	0	0	0	0	0	0	1	0	0	0
A	AG	22	130	1	1	BA1652	14154	5	4	0	0	0	0	0	0	0	0	0
A	AG	22	130	1	1	BA1652	14239	4	5	1	1	0	0	0	0	0	0	0
A	AG	22	130	1	1	BA1652	14241	5	0	0	0	0	0	0	1	0	0	0
A	AG	22	130	1	1	BA1652	14249	5	4	0	0	0	0	0	0	0	0	0
A	AG	22	130	1	1	BA1652	14250	4	5	1	1	0	0	0	0	0	0	0
A	AG	22	130	1	1	BA1652	14255	5	0	0	0	0	0	0	1	0	0	0
A	AG	22	130	1	1	BA1652	14260	5	9	0	0	0	0	0	0	0	0	0
A	AG	22	130	1	1	BA1652	14270	9	10	0	0	0	0	0	0	0	0	0
A	AG	22	130	1	1	BA1652	14345	10	2	0	0	0	0	0	0	0	0	0
A	AG	22	130	1	1	BA1652	14346	2	3	0	0	0	0	0	0	0	0	0
A	AG	22	130	1	1	BA1652	14395	3	5	1	1	0	0	0	0	0	0	0
A	AG	22	130	1	1	BA1652	14405	5	4	0	0	0	0	0	0	0	0	0
A	AG	22	130	1	1	BA1652	14410	4	0	0	0	0	0	0	1	0	0	0
A	AG	22	130	1	1	BA1652	14418	4	5	1	1	0	0	0	0	0	0	0
A	AG	22	130	1	1	BA1652	14428	5	4	0	0	0	0	0	0	0	0	0
A	AG	22	130	1	1	BA1652	14431	4	0	0	0	0	0	0	1	0	0	0
A	AG	22	130	1	1	BA1652	14456	4	5	1	1	0	0	0	0	0	0	0
A	AG	22	130	1	1	BA1652	14461	5	0	0	0	0	0	0	1	0	0	0
A	AG	22	130	1	1	BA1652	14465	5	0	0	1	0	0	0	0	0	0	0
A	AG	22	130	1	1	BA1652	14466	5	4	0	0	0	0	0	0	0	0	0
A	AG	22	130	1	1	BA1652	14472	4	0	0	0	0	0	0	1	0	0	0
A	AG	22	130	1	1	BA1652	14505	4	5	1	1	0	0	0	0	0	0	0
A	AG	22	130	1	1	BA1652	14515	5	4	0	0	0	0	0	0	0	0	0
A	AG	22	130	1	1	BA1652	14517	4	0	0	0	0	0	0	1	0	0	0
A	AG	22	130	1	1	BA1652	14551	4	5	1	1	0	0	0	0	0	0	0
A	AG	22	130	1	1	BA1652	14561	5	9	0	0	0	0	0	0	0	0	0
A	AG	22	130	1	1	BA1652	14567	9	0	0	0	0	0	0	1	0	0	0
A	AG	22	130	1	1	BA1652	14568	9	0	0	1	0	0	0	0	0	0	0
A	AG	22	130	1	1	BA1652	14571	9	10	0	0	0	0	0	1	0	0	0
A	AG	22	130	1	1	BA1652	14646	10	2	0	0	0	0	0	0	0	0	0
A	AG	22	130	1	1	BA1652	14647	2	3	0	0	0	0	0	0	0	0	0
A	AG	22	130	1	1	BA1652	14731	3	5	1	1	0	0	0	0	0	0	0
A	AG	22	130	1	1	BA1652	14741	5	4	0	0	0	0	0	0	0	0	0
A	AG	22	130	1	1	BA1652	14746	4	0	0	0	0	0	0	1	0	0	0
A	AG	22	130	1	1	BA1652	14755	4	5	1	1	0	0	0	0	0	0	0
A	AG	22	130	1	1	BA1652	14759	5	0	0	0	0	0	0	1	0	0	0
A	AG	22	130	1	1	BA1652	14765	5	4	0	0	0	0	0	0	0	0	0
A	AG	22	130	1	1	BA1652	14766	4	5	1	1	0	0	0	0	0	0	0
A	AG	22	130	1	1	BA1652	14775	5	0	0	0	0	0	0	1	0	0	0
A	AG	22	130	1	1	BA1652	14776	5	4	0	0	0	0	0	0	0	0	0
A	AG	22	130	1	1	BA1652	14781	4	5	1	1	0	0	0	0	0	0	0
A	AG	22	130	1	1	BA1652	14786	5	0	0	0	0	0	0	1	0	0	0
A	AG	22	130	1	1	BA1652	14790	5	0	0	1	0	0	0	0	0	0	0
A	AG	22	130	1	1	BA1652	14791	5	4	0	0	0	0	0	0	0	0	0
A	AG	22	130	1	1	BA1652	14792	4	0	0	0	0	0	0	1	0	0	0
A	AG	22	130	1	1	BA1652	14800	4	5	1	1	0	0	0	0	0	0	0
A	AG	22	130	1	1	BA1652	14805	5	0	0	0	0	0	0	1	0	0	0
A	AG	22	130	1	1	BA1652	14810	5	9	0	0	0	0	0	0	0	0	0
A	AG	22	130	1	1	BA1652	14820	9	10	0	0	0	0	0	0	0	0	0
A	AG	22	130	1	1	BA1652	14821	10	0	0	1	0	0	0	0	0	0	0
A	AG	22	130	1	1	BA1652	14823	10	0	0	0	0	0	0	1	0	0	0
A	AG	22	130	1	1	BA1652	14895	10	2	0	0	0	0	0	0	0	0	0
A	AG	22	130	1	1	BA1652	14896	2	6	0	0	0	0	0	0	0	0	0
A	AG	22	130	1	1	BA1652	15505	6	8	2	0	1	0	0	0	0	0	0
A	AG	22	130	1	1	BA1652	15515	8	7	0	0	0	0	0	0	0	0	0
A	AG	22	130	1	1	BA1652	15528	7	0	0	0	0	0	0	0	1	0	0
A	AG	22	130	1	1	BA1652	15533	7	8	2	0	1	0	0	0	0	0	0
A	AG	22	130	1	1	BA1652	15543	8	7	0	0	0	0	0	0	0	0	0
A	AG	22	130	1	1	BA1652	15620	7	0	0	0	0	0	0	0	1	0	0
A	AG	22	130	1	1	BA1652	15628	7	8	2	0	1	0	0	0	0	0	0
A	AG	22	130	1	1	BA1652	15638	8	7	0	0	0	0	0	0	0	0	0
A	AG	22	130	1	1	BA1652	15649	7	0	0	0	0	0	0	0	1	0	0
A	AG	22	130	1	1	BA1652	15662	7	8	2	0	1	0	0	0	0	0	0
A	AG	22	130	1	1	BA1652	15672	8	7	0	0	0	0	0	0	0	0	0
A	AG	22	130	1	1	BA1652	15684	7	0	0	0	0	0	0	0	1	0	0
A	AG	22	130	1	1	BA1652	15797	7	8	2	0	1	0	0	0	0	0	0
A	AG	22	130	1	1	BA1652	15805	8	0	0	0	0	0	0	0	1	0	0
A	AG	22	130	1	1	BA1652	15807	8	7	0	0	0	0	0	0	0	0	0
A	AG	22	130	1	1	BA1652	15817	7	8	2	0	1	0	0	0	0	0	0
A	AG	22	130	1	1	BA1652	15827	8	7	0	0	0	0	0	0	0	0	0
A	AG	22	130	1	1	BA1652	15837	7	0	0	0	0	0	0	0	1	0	0
A	AG	22	130	1	1	BA1652	15847	7	8	2	0	1	0	0	0	0	0	0
A	AG	22	130	1	1	BA1652	15850	8	0	0	0	0	0	0	0	1	0	0
A	AG	22	130	1	1	BA1652	15857	8	7	0	0	1	0	0	0	0	0	0
A	AG	22	130	1	1	BA1652	15859	7	0	0	0	0	0	0	0	1	0	0
A	AG	22	130	1	1	BA1652	15861	7	8	2	0	1	0	0	0	0	0	0
A	AG	22	130	1	1	BA1652	15864	8	0	0	0	0	0	0	0	1	0	0
A	AG	22	130	1	1	BA1652	15870	8	0	0	0	1	0	0	0	0	0	0
A	AG	22	130	1	1	BA1652	15871	8	7	0	0	0	0	0	0	0	0	0
A	AG	22	130	1	1	BA1652	15872	7	0	0	0	0	0	0	0	1	0	0
A	AG	22	130	1	1	BA1652	15957	7	8	2	0	1	0	0	0	0	0	0
A	AG	22	130	1	1	BA1652	15960	8	0	0	0	0	0	0	0	1	0	0
A	AG	22	130	1	1	BA1652	15967	8	7	0	0	0	0	0	0	0	0	0
A	AG	22	130	1	1	BA1652	15985	7	8	2	0	1	0	0	0	0	0	0
A	AG	22	130	1	1	BA1652	15992	8	0	0	0	0	0	0	0	1	0	0
A	AG	22	130	1	1	BA1652	15995	8	7	0	0	0	0	0	0	0	0	0
A	AG	22	130	1	1	BA1652	15997	7	8	2	0	1	0	0	0	0	0	0
A	AG	22	130	1	1	BA1652	16007	8	7	0	0	0	0	0	0	0	0	0
A	AG	22	130	1	1	BA1652	16018	7	0	0	0	0	0	0	0	1	0	0
A	AG	22	130	1	1	BA1652	16024	7	8	2	0	1	0	0	0	0	0	0
A	AG	22	130	1	1	BA1652	16031	8	0	0	0	0	0	0	0	1	0	0
A	AG	22	130	1	1	BA1652	16034	8	7	0	0	0	0	0	0	0	0	0
A	AG	22	130	1	1	BA1652	16036	7	8	2	0	1	0	0	0	0	0	0
A	AG	22	130	1	1	BA1652	16045	8	0	0	0	0	0	0	0	1	0	0
A	AG	22	130	1	1	BA1652	16046	8	7	0	0	0	0	0	0	0	0	0
A	AG	22	130	1	1	BA1652	16047	7	8	2	0	1	0	0	0	0	0	0
A	AG	22	130	1	1	BA1652	16057	8	7	0	0	0	0	0	0	0	0	0
A	AG	22	130	1	1	BA1652	16063	7	0	0	0	0	0	0	0	1	0	0
A	AG	22	130	1	1	BA1652	16081	7	8	2	0	1	0	0	0	0	0	0
A	AG	22	130	1	1	BA1652	16087	8	0	0	0	0	0	0	0	1	0	0
A	AG	22	130	1	1	BA1652	16091	8	7	0	0	0	0	0	0	0	0	0
A	AG	22	130	1	1	BA1652	16143	7	8	2	0	1	0	0	0	0	0	0
A	AG	22	130	1	1	BA1652	16151	8	0	0	0	0	0	0	0	1	0	0
A	AG	22	130	1	1	BA1652	16153	8	7	0	0	0	0	0	0	0	0	0
A	AG	22	130	1	1	BA1652	16155	7	8	2	0	1	0	0	0	0	0	0
A	AG	22	130	1	1	BA1652	16160	8	0	0	0	0	0	0	0	1	0	0
A	AG	22	130	1	1	BA1652	16165	8	7	0	0	0	0	0	0	0	0	0
A	AG	22	130	1	1	BA1652	16166	7	8	2	0	1	0	0	0	0	0	0
A	AG	22	130	1	1	BA1652	16171	8	0	0	0	0	0	0	0	1	0	0
A	AG	22	130	1	1	BA1652	16176	8	7	0	0	0	0	0	0	0	0	0
A	AG	22	130	1	1	BA1652	16183	7	8	2	0	1	0	0	0	0	0	0
A	AG	22	130	1	1	BA1652	16185	8	0	0	0	0	0	0	0	1	0	0
A	AG	22	130	1	1	BA1652	16186	8	0	0	0	1	0	0	0	0	0	0
A	AG	22	130	1	1	BA1652	16193	8	7	0	0	0	0	0	0	0	0	0
A	AG	22	130	1	1	BA1652	16202	7	0	0	0	0	0	0	0	1	0	0
A	AG	22	130	1	1	BA1652	16206	7	8	2	0	1	0	0	0	0	0	0
A	AG	22	130	1	1	BA1652	16216	8	9	0	0	0	0	0	0	0	0	0
A	AG	22	130	1	1	BA1652	16225	9	0	0	0	0	0	0	0	1	0	0
A	AG	22	130	1	1	BA1652	16226	9	10	0	0	0	0	0	0	0	0	0
A	AG	22	130	1	1	BA1652	16301	10	2	0	0	0	0	0	0	0	0	0
A	AG	22	130	1	1	BA1652	16302	2	6	0	0	0	0	0	0	0	0	0
A	AG	22	130	1	1	BA1652	16590	6	8	2	0	1	0	0	0	1	0	0
A	AG	22	130	1	1	BA1652	16592	8	0	0	0	1	0	0	0	0	0	0
A	AG	22	130	1	1	BA1652	16597	8	0	0	0	0	0	0	0	1	0	0
A	AG	22	130	1	1	BA1652	16600	8	7	0	0	0	0	0	0	0	0	0
A	AG	22	130	1	1	BA1652	16651	7	8	2	0	1	0	0	0	0	0	0
A	AG	22	130	1	1	BA1652	16660	8	0	0	0	0	0	0	0	1	0	0
A	AG	22	130	1	1	BA1652	16661	8	7	0	0	0	0	0	0	0	0	0
A	AG	22	130	1	1	BA1652	16681	7	8	2	0	1	0	0	0	0	0	0
A	AG	22	130	1	1	BA1652	16686	8	0	0	0	0	0	0	0	1	0	0
A	AG	22	130	1	1	BA1652	16688	8	0	0	0	1	0	0	0	0	0	0
A	AG	22	130	1	1	BA1652	16691	8	7	0	0	0	0	0	0	0	0	0
A	AG	22	130	1	1	BA1652	16700	7	0	0	0	0	0	0	0	1	0	0
A	AG	22	130	1	1	BA1652	16718	7	8	2	0	1	0	0	0	0	0	0
A	AG	22	130	1	1	BA1652	16723	8	0	0	0	0	0	0	0	1	0	0
A	AG	22	130	1	1	BA1652	16728	8	7	0	0	0	0	0	0	0	0	0
A	AG	22	130	1	1	BA1652	16742	7	8	2	0	1	0	0	0	0	0	0
A	AG	22	130	1	1	BA1652	16747	8	0	0	0	0	0	0	0	1	0	0
A	AG	22	130	1	1	BA1652	16752	8	7	0	0	0	0	0	0	0	0	0
A	AG	22	130	1	1	BA1652	16773	7	8	2	0	1	0	0	0	0	0	0
A	AG	22	130	1	1	BA1652	16783	8	7	0	0	0	0	0	0	1	0	0
A	AG	22	130	1	1	BA1652	16871	7	8	2	0	1	0	0	0	0	0	0
A	AG	22	130	1	1	BA1652	16881	8	7	0	0	0	0	0	0	0	0	0
A	AG	22	130	1	1	BA1652	16897	7	0	0	0	0	0	0	0	1	0	0
A	AG	22	130	1	1	BA1652	16901	7	8	2	0	1	0	0	0	0	0	0
A	AG	22	130	1	1	BA1652	16909	8	0	0	0	0	0	0	0	1	0	0
A	AG	22	130	1	1	BA1652	16911	8	7	0	0	0	0	0	0	0	0	0
A	AG	22	130	1	1	BA1652	16915	7	8	2	0	1	0	0	0	0	0	0
A	AG	22	130	1	1	BA1652	16922	8	0	0	0	0	0	0	0	1	0	0
A	AG	22	130	1	1	BA1652	16925	8	7	0	0	0	0	0	0	0	0	0
A	AG	22	130	1	1	BA1652	16945	7	8	2	0	1	0	0	0	0	0	0
A	AG	22	130	1	1	BA1652	16955	8	7	0	0	0	0	0	0	0	0	0
A	AG	22	130	1	1	BA1652	16958	7	0	0	0	0	0	0	0	1	0	0
A	AG	22	130	1	1	BA1652	16970	7	8	2	0	1	0	0	0	0	0	0
A	AG	22	130	1	1	BA1652	16974	8	0	0	0	0	0	0	0	1	0	0
A	AG	22	130	1	1	BA1652	16980	8	7	0	0	0	0	0	0	0	0	0
A	AG	22	130	1	1	BA1652	16982	7	8	2	0	1	0	0	0	0	0	0
A	AG	22	130	1	1	BA1652	16992	8	7	0	0	0	0	0	0	0	0	0
A	AG	22	130	1	1	BA1652	17008	7	0	0	0	0	0	0	0	1	0	0
A	AG	22	130	1	1	BA1652	17009	7	8	2	0	1	0	0	0	0	0	0
A	AG	22	130	1	1	BA1652	17018	8	0	0	0	0	0	0	0	1	0	0
A	AG	22	130	1	1	BA1652	17019	8	7	0	0	0	0	0	0	0	0	0
A	AG	22	130	1	1	BA1652	17022	7	8	2	0	1	0	0	0	0	0	0
A	AG	22	130	1	1	BA1652	17032	8	7	0	0	0	0	0	0	0	0	0
A	AG	22	130	1	1	BA1652	17045	7	0	0	0	0	0	0	0	1	0	0
A	AG	22	130	1	1	BA1652	17069	7	8	2	0	1	0	0	0	0	0	0
A	AG	22	130	1	1	BA1652	17079	8	7	0	0	0	0	0	0	0	0	0
A	AG	22	130	1	1	BA1652	17081	7	0	0	0	0	0	0	0	1	0	0
A	AG	22	130	1	1	BA1652	17085	7	8	2	0	1	0	0	0	0	0	0
A	AG	22	130	1	1	BA1652	17087	8	0	0	0	0	0	0	0	1	0	0
A	AG	22	130	1	1	BA1652	17090	8	0	0	0	1	0	0	0	0	0	0
A	AG	22	130	1	1	BA1652	17091	8	0	0	0	0	0	0	0	1	0	0
A	AG	22	130	1	1	BA1652	17093	8	0	0	0	1	0	0	0	0	0	0
A	AG	22	130	1	1	BA1652	17095	8	7	0	0	0	0	0	0	0	0	0
A	AG	22	130	1	1	BA1652	17096	7	0	0	0	0	0	0	0	1	0	0
A	AG	22	130	1	1	BA1652	17107	7	8	2	0	1	0	0	0	0	0	0
A	AG	22	130	1	1	BA1652	17110	8	0	0	0	0	0	0	0	1	0	0
A	AG	22	130	1	1	BA1652	17111	8	0	0	0	1	0	0	0	0	0	0
A	AG	22	130	1	1	BA1652	17117	8	7	0	0	0	0	0	0	0	0	0
A	AG	22	130	1	1	BA1652	17121	7	0	0	0	0	0	0	0	1	0	0
A	AG	22	130	1	1	BA1652	17126	7	8	2	0	1	0	0	0	0	0	0
A	AG	22	130	1	1	BA1652	17132	8	0	0	0	0	0	0	0	1	0	0
A	AG	22	130	1	1	BA1652	17136	8	7	0	0	0	0	0	0	0	0	0
A	AG	22	130	1	1	BA1652	17139	7	8	2	0	1	0	0	0	0	0	0
A	AG	22	130	1	1	BA1652	17141	8	0	0	0	0	0	0	0	1	0	0
A	AG	22	130	1	1	BA1652	17144	8	0	0	0	1	0	0	0	0	0	0
A	AG	22	130	1	1	BA1652	17146	8	0	0	0	0	0	0	0	1	0	0
A	AG	22	130	1	1	BA1652	17148	8	0	0	0	1	0	0	0	0	0	0
A	AG	22	130	1	1	BA1652	17149	8	7	0	0	0	0	0	0	0	0	0
A	AG	22	130	1	1	BA1652	17161	7	0	0	0	0	0	0	0	1	0	0
A	AG	22	130	1	1	BA1652	17184	7	8	2	0	1	0	0	0	0	0	0
A	AG	22	130	1	1	BA1652	17194	8	9	0	0	0	0	0	0	0	0	0
A	AG	22	130	1	1	BA1652	17204	9	10	0	0	0	0	0	0	0	0	0
A	AG	22	130	1	1	BA1652	17214	10	0	0	0	0	0	0	0	1	0	0
A	AG	22	130	1	1	BA1652	17279	10	2	0	0	0	0	0	0	0	0	0
A	AG	22	130	1	1	BA1652	17280	2	6	0	0	0	0	0	0	0	0	0
A	AG	22	130	1	1	BA1652	17686	6	8	2	0	1	0	0	0	0	0	0
A	AG	22	130	1	1	BA1652	17690	8	0	0	0	0	0	0	0	1	0	0
A	AG	22	130	1	1	BA1652	17696	8	7	0	0	0	0	0	0	0	0	0
A	AG	22	130	1	1	BA1652	17733	7	8	2	0	1	0	0	0	0	0	0
A	AG	22	130	1	1	BA1652	17742	8	0	0	0	0	0	0	0	1	0	0
A	AG	22	130	1	1	BA1652	17743	8	7	0	0	0	0	0	0	0	0	0
A	AG	22	130	1	1	BA1652	17745	7	8	2	0	1	0	0	0	0	0	0
A	AG	22	130	1	1	BA1652	17747	8	0	0	0	0	0	0	0	1	0	0
A	AG	22	130	1	1	BA1652	17755	8	7	0	0	0	0	0	0	0	0	0
A	AG	22	130	1	1	BA1652	17764	7	8	2	0	1	0	0	0	0	0	0
A	AG	22	130	1	1	BA1652	17774	8	7	0	0	0	0	0	0	0	0	0
A	AG	22	130	1	1	BA1652	17775	7	0	0	0	0	0	0	0	1	0	0
A	AG	22	130	1	1	BA1652	17779	7	8	2	0	1	0	0	0	0	0	0
A	AG	22	130	1	1	BA1652	17789	8	7	0	0	0	0	0	0	0	0	0
A	AG	22	130	1	1	BA1652	17790	7	0	0	0	0	0	0	0	1	0	0
A	AG	22	130	1	1	BA1652	17792	7	8	2	0	1	0	0	0	0	0	0
A	AG	22	130	1	1	BA1652	17797	8	0	0	0	0	0	0	0	1	0	0
A	AG	22	130	1	1	BA1652	17802	8	7	0	0	0	0	0	0	0	0	0
A	AG	22	130	1	1	BA1652	17890	7	8	2	0	1	0	0	0	0	0	0
A	AG	22	130	1	1	BA1652	17900	8	7	0	0	0	0	0	0	0	0	0
A	AG	22	130	1	1	BA1652	17910	7	0	0	0	0	0	0	0	1	0	0
A	AG	22	130	1	1	BA1652	17996	7	8	2	0	1	0	0	0	0	0	0
A	AG	22	130	1	1	BA1652	18006	8	7	0	0	0	0	0	0	0	0	0
A	AG	22	130	1	1	BA1652	18037	7	0	0	0	0	0	0	0	1	0	0
A	AG	22	130	1	1	BA1652	18041	7	8	2	0	1	0	0	0	0	0	0
A	AG	22	130	1	1	BA1652	18051	8	7	0	0	0	0	0	0	0	0	0
A	AG	22	130	1	1	BA1652	18052	7	0	0	0	0	0	0	0	1	0	0
A	AG	22	130	1	1	BA1652	18057	7	8	2	0	1	0	0	0	0	0	0
A	AG	22	130	1	1	BA1652	18059	8	0	0	0	0	0	0	0	1	0	0
A	AG	22	130	1	1	BA1652	18062	8	0	0	0	1	0	0	0	0	0	0
A	AG	22	130	1	1	BA1652	18067	8	7	0	0	0	0	0	0	0	0	0
A	AG	22	130	1	1	BA1652	18068	7	0	0	0	0	0	0	0	1	0	0
A	AG	22	130	1	1	BA1652	18075	7	8	2	0	1	0	0	0	0	0	0
A	AG	22	130	1	1	BA1652	18085	8	7	0	0	0	0	0	0	1	0	0
A	AG	22	130	1	1	BA1652	18113	7	8	2	0	1	0	0	0	0	0	0
A	AG	22	130	1	1	BA1652	18123	8	7	0	0	0	0	0	0	0	0	0
A	AG	22	130	1	1	BA1652	18125	7	0	0	0	0	0	0	0	1	0	0
A	AG	22	130	1	1	BA1652	18137	7	8	2	0	1	0	0	0	0	0	0
A	AG	22	130	1	1	BA1652	18147	8	7	0	0	0	0	0	0	0	0	0
A	AG	22	130	1	1	BA1652	18182	7	0	0	0	0	0	0	0	1	0	0
A	AG	22	130	1	1	BA1652	18188	7	8	2	0	1	0	0	0	0	0	0
A	AG	22	130	1	1	BA1652	18198	8	7	0	0	0	0	0	0	1	0	0
A	AG	22	130	1	1	BA1652	18271	7	8	2	0	1	0	0	0	0	0	0
A	AG	22	130	1	1	BA1652	18277	8	0	0	0	0	0	0	0	1	0	0
A	AG	22	130	1	1	BA1652	18281	8	7	0	0	0	0	0	0	0	0	0
A	AG	22	130	1	1	BA1652	18282	7	8	2	0	1	0	0	0	0	0	0
A	AG	22	130	1	1	BA1652	18288	8	0	0	0	0	0	0	0	1	0	0
A	AG	22	130	1	1	BA1652	18292	8	7	0	0	0	0	0	0	0	0	0
A	AG	22	130	1	1	BA1652	18312	7	8	2	0	1	0	0	0	0	0	0
A	AG	22	130	1	1	BA1652	18316	8	0	0	0	0	0	0	0	1	0	0
A	AG	22	130	1	1	BA1652	18322	8	7	0	0	0	0	0	0	0	0	0
A	AG	22	130	1	1	BA1652	18330	7	8	2	0	1	0	0	0	0	0	0
A	AG	22	130	1	1	BA1652	18340	8	7	0	0	0	0	0	0	0	0	0
A	AG	22	130	1	1	BA1652	18348	7	0	0	0	0	0	0	0	1	0	0
A	AG	22	130	1	1	BA1652	18355	7	8	2	0	1	0	0	0	0	0	0
A	AG	22	130	1	1	BA1652	18365	8	7	0	0	0	0	0	0	0	0	0
A	AG	22	130	1	1	BA1652	18377	7	0	0	0	0	0	0	0	1	0	0
A	AG	22	130	1	1	BA1652	18381	7	8	2	0	1	0	0	0	0	0	0
A	AG	22	130	1	1	BA1652	18383	8	0	0	0	0	0	0	0	1	0	0
A	AG	22	130	1	1	BA1652	18387	8	0	0	0	1	0	0	0	0	0	0
A	AG	22	130	1	1	BA1652	18391	8	9	0	0	0	0	0	0	0	0	0
A	AG	22	130	1	1	BA1652	18397	9	0	0	0	0	0	0	0	1	0	0
A	AG	22	130	1	1	BA1652	18401	9	10	0	0	0	0	0	0	0	0	0
A	AG	22	130	1	1	BA1652	18476	10	2	0	0	0	0	0	0	0	0	0
A	AG	22	130	1	1	BA1652	18477	2	3	0	0	0	0	0	0	0	0	0
A	AG	22	130	1	1	BA1652	18654	3	5	1	1	0	0	0	0	0	0	0
A	AG	22	130	1	1	BA1652	18664	5	4	0	0	0	0	0	0	0	0	0
A	AG	22	130	1	1	BA1652	18669	4	0	0	0	0	0	0	1	0	0	0
A	AG	22	130	1	1	BA1652	18675	4	5	1	1	0	0	0	0	0	0	0
A	AG	22	130	1	1	BA1652	18685	5	4	0	0	0	0	0	0	0	0	0
A	AG	22	130	1	1	BA1652	18688	4	0	0	0	0	0	0	1	0	0	0
A	AG	22	130	1	1	BA1652	18692	4	5	1	1	0	0	0	0	0	0	0
A	AG	22	130	1	1	BA1652	18702	5	4	0	0	0	0	0	0	0	0	0
A	AG	22	130	1	1	BA1652	18705	4	0	0	0	0	0	0	1	0	0	0
A	AG	22	130	1	1	BA1652	18709	4	5	1	1	0	0	0	0	0	0	0
A	AG	22	130	1	1	BA1652	18715	5	0	0	0	0	0	0	1	0	0	0
A	AG	22	130	1	1	BA1652	18719	5	4	0	0	0	0	0	0	0	0	0
A	AG	22	130	1	1	BA1652	18723	4	5	1	1	0	0	0	0	0	0	0
A	AG	22	130	1	1	BA1652	18733	5	9	0	0	0	0	0	0	0	0	0
A	AG	22	130	1	1	BA1652	18734	9	0	0	0	0	0	0	1	0	0	0
A	AG	22	130	1	1	BA1652	18735	9	0	0	1	0	0	0	0	0	0	0
A	AG	22	130	1	1	BA1652	18739	9	0	0	0	0	0	0	1	0	0	0
A	AG	22	130	1	1	BA1652	18743	9	10	0	0	0	0	0	0	0	0	0
A	AG	22	130	1	1	BA1652	18818	10	2	0	0	0	0	0	0	0	0	0
A	AG	22	130	1	1	BA1652	18819	2	3	0	0	0	0	0	0	0	0	0
A	AG	22	130	1	1	BA1652	18867	3	5	1	1	0	0	0	0	0	0	0
A	AG	22	130	1	1	BA1652	18877	5	4	0	0	0	0	0	0	0	0	0
A	AG	22	130	1	1	BA1652	18881	4	0	0	0	0	0	0	1	0	0	0
A	AG	22	130	1	1	BA1652	18888	4	5	1	1	0	0	0	0	0	0	0
A	AG	22	130	1	1	BA1652	18896	5	0	0	0	0	0	0	1	0	0	0
A	AG	22	130	1	1	BA1652	18898	5	4	0	0	0	0	0	0	0	0	0
A	AG	22	130	1	1	BA1652	18900	4	5	1	1	0	0	0	0	0	0	0
A	AG	22	130	1	1	BA1652	18910	5	4	0	0	0	0	0	0	0	0	0
A	AG	22	130	1	1	BA1652	18923	4	0	0	0	0	0	0	1	0	0	0
A	AG	22	130	1	1	BA1652	18928	4	5	1	1	0	0	0	0	0	0	0
A	AG	22	130	1	1	BA1652	18934	5	0	0	0	0	0	0	1	0	0	0
A	AG	22	130	1	1	BA1652	18938	5	4	0	0	0	0	0	0	0	0	0
A	AG	22	130	1	1	BA1652	18948	4	5	1	1	0	0	0	0	0	0	0
A	AG	22	130	1	1	BA1652	18950	5	0	0	0	0	0	0	1	0	0	0
A	AG	22	130	1	1	BA1652	18955	5	0	0	1	0	0	0	0	0	0	0
A	AG	22	130	1	1	BA1652	18958	5	9	0	0	0	0	0	1	0	0	0
A	AG	22	130	1	1	BA1652	18968	9	10	0	0	0	0	0	0	0	0	0
A	AG	22	130	1	1	BA1652	19043	10	2	0	0	0	0	0	0	0	0	0
A	AG	22	130	1	1	BA1652	19044	2	3	0	0	0	0	0	0	0	0	0
A	AG	22	130	1	1	BA1652	19126	3	5	1	1	0	0	0	0	0	0	0
A	AG	22	130	1	1	BA1652	19136	5	4	0	0	0	0	0	0	0	0	0
A	AG	22	130	1	1	BA1652	19145	4	0	0	0	0	0	0	1	0	0	0
A	AG	22	130	1	1	BA1652	19169	4	5	1	1	0	0	0	0	0	0	0
A	AG	22	130	1	1	BA1652	19179	5	4	0	0	0	0	0	0	0	0	0
A	AG	22	130	1	1	BA1652	19192	4	0	0	0	0	0	0	1	0	0	0
A	AG	22	130	1	1	BA1652	19198	4	5	1	1	0	0	0	0	0	0	0
A	AG	22	130	1	1	BA1652	19208	5	4	0	0	0	0	0	0	0	0	0
A	AG	22	130	1	1	BA1652	19211	4	0	0	0	0	0	0	1	0	0	0
A	AG	22	130	1	1	BA1652	19218	4	5	1	1	0	0	0	0	0	0	0
A	AG	22	130	1	1	BA1652	19228	5	4	0	0	0	0	0	0	0	0	0
A	AG	22	130	1	1	BA1652	19232	4	0	0	0	0	0	0	1	0	0	0
A	AG	22	130	1	1	BA1652	19300	4	5	1	1	0	0	0	0	0	0	0
A	AG	22	130	1	1	BA1652	19309	5	0	0	0	0	0	0	1	0	0	0
A	AG	22	130	1	1	BA1652	19310	5	9	0	0	0	0	0	0	0	0	0
A	AG	22	130	1	1	BA1652	19320	9	10	0	1	0	0	0	0	0	0	0
A	AG	22	130	1	1	BA1652	19326	10	0	0	0	0	0	0	1	0	0	0
A	AG	22	130	1	1	BA1652	19395	10	2	0	0	0	0	0	0	0	0	0
A	AG	22	130	1	1	BA1652	19396	2	6	0	0	0	0	0	0	0	0	0
A	AG	22	130	1	1	BA1652	20050	6	8	2	0	1	0	0	0	0	0	0
A	AG	22	130	1	1	BA1652	20060	8	7	0	0	0	0	0	0	0	0	0
A	AG	22	130	1	1	BA1652	20103	7	0	0	0	0	0	0	0	1	0	0
A	AG	22	130	1	1	BA1652	20112	7	8	2	0	1	0	0	0	0	0	0
A	AG	22	130	1	1	BA1652	20118	8	0	0	0	0	0	0	0	1	0	0
A	AG	22	130	1	1	BA1652	20122	8	7	0	0	0	0	0	0	0	0	0
A	AG	22	130	1	1	BA1652	20225	7	8	2	0	1	0	0	0	0	0	0
A	AG	22	130	1	1	BA1652	20233	8	0	0	0	0	0	0	0	1	0	0
A	AG	22	130	1	1	BA1652	20235	8	7	0	0	1	0	0	0	0	0	0
A	AG	22	130	1	1	BA1652	20323	7	0	0	0	0	0	0	0	1	0	0
A	AG	22	130	1	1	BA1652	20444	7	8	2	0	1	0	0	0	0	0	0
A	AG	22	130	1	1	BA1652	20454	8	7	0	0	0	0	0	0	0	0	0
A	AG	22	130	1	1	BA1652	20490	7	0	0	0	0	0	0	0	1	0	0
A	AG	22	130	1	1	BA1652	20497	7	8	2	0	1	0	0	0	0	0	0
A	AG	22	130	1	1	BA1652	20506	8	0	0	0	0	0	0	0	1	0	0
A	AG	22	130	1	1	BA1652	20507	8	7	0	0	0	0	0	0	0	0	0
A	AG	22	130	1	1	BA1652	20581	7	8	2	0	1	0	0	0	0	0	0
A	AG	22	130	1	1	BA1652	20587	8	0	0	0	0	0	0	0	1	0	0
A	AG	22	130	1	1	BA1652	20591	8	7	0	0	0	0	0	0	0	0	0
A	AG	22	130	1	1	BA1652	20592	7	8	2	0	1	0	0	0	0	0	0
A	AG	22	130	1	1	BA1652	20596	8	0	0	0	0	0	0	0	1	0	0
A	AG	22	130	1	1	BA1652	20600	8	0	0	0	1	0	0	0	0	0	0
A	AG	22	130	1	1	BA1652	20602	8	7	0	0	0	0	0	0	0	0	0
A	AG	22	130	1	1	BA1652	20608	7	0	0	0	0	0	0	0	1	0	0
A	AG	22	130	1	1	BA1652	20610	7	8	2	0	1	0	0	0	0	0	0
A	AG	22	130	1	1	BA1652	20620	8	7	0	0	0	0	0	0	0	0	0
A	AG	22	130	1	1	BA1652	20629	7	0	0	0	0	0	0	0	1	0	0
A	AG	22	130	1	1	BA1652	20632	7	8	2	0	1	0	0	0	0	0	0
A	AG	22	130	1	1	BA1652	20634	8	0	0	0	0	0	0	0	1	0	0
A	AG	22	130	1	1	BA1652	20642	8	7	0	0	0	0	0	0	0	0	0
A	AG	22	130	1	1	BA1652	20965	7	8	2	0	1	0	0	0	0	0	0
A	AG	22	130	1	1	BA1652	20975	8	7	0	0	0	0	0	0	0	0	0
A	AG	22	130	1	1	BA1652	20977	7	0	0	0	0	0	0	0	1	0	0
A	AG	22	130	1	1	BA1652	21047	7	8	2	0	1	0	0	0	0	0	0
A	AG	22	130	1	1	BA1652	21057	8	7	0	0	0	0	0	0	1	0	0
A	AG	22	130	1	1	BA1652	21102	7	8	2	0	1	0	0	0	0	0	0
A	AG	22	130	1	1	BA1652	21112	8	7	0	0	0	0	0	0	0	0	0
A	AG	22	130	1	1	BA1652	21124	7	0	0	0	0	0	0	0	1	0	0
A	AG	22	130	1	1	BA1652	21127	7	8	2	0	1	0	0	0	0	0	0
A	AG	22	130	1	1	BA1652	21137	8	7	0	0	0	0	0	0	0	0	0
A	AG	22	130	1	1	BA1652	21166	7	0	0	0	0	0	0	0	1	0	0
A	AG	22	130	1	1	BA1652	21169	7	8	2	0	1	0	0	0	0	0	0
A	AG	22	130	1	1	BA1652	21179	8	7	0	0	0	0	0	0	0	0	0
A	AG	22	130	1	1	BA1652	21213	7	0	0	0	0	0	0	0	1	0	0
A	AG	22	130	1	1	BA1652	21215	7	8	2	0	1	0	0	0	0	0	0
A	AG	22	130	1	1	BA1652	21225	8	7	0	0	0	0	0	0	0	0	0
A	AG	22	130	1	1	BA1652	21226	7	0	0	0	0	0	0	0	1	0	0
A	AG	22	130	1	1	BA1652	21229	7	8	2	0	1	0	0	0	0	0	0
A	AG	22	130	1	1	BA1652	21239	8	7	0	0	0	0	0	0	0	0	0
A	AG	22	130	1	1	BA1652	21249	7	0	0	0	0	0	0	0	1	0	0
A	AG	22	130	1	1	BA1652	21251	7	8	2	0	1	0	0	0	0	0	0
A	AG	22	130	1	1	BA1652	21261	8	7	0	0	0	0	0	0	0	0	0
A	AG	22	130	1	1	BA1652	21279	7	0	0	0	0	0	0	0	1	0	0
A	AG	22	130	1	1	BA1652	21286	7	8	2	0	1	0	0	0	0	0	0
A	AG	22	130	1	1	BA1652	21296	8	7	0	0	0	0	0	0	0	0	0
A	AG	22	130	1	1	BA1652	21320	7	0	0	0	0	0	0	0	1	0	0
A	AG	22	130	1	1	BA1652	21462	7	8	2	0	1	0	0	0	0	0	0
A	AG	22	130	1	1	BA1652	21466	8	0	0	0	0	0	0	0	1	0	0
A	AG	22	130	1	1	BA1652	21468	8	0	0	0	1	0	0	0	0	0	0
A	AG	22	130	1	1	BA1652	21472	8	7	0	0	0	0	0	0	0	0	0
A	AG	22	130	1	1	BA1652	21474	7	0	0	0	0	0	0	0	1	0	0
A	AG	22	130	1	1	BA1652	21477	7	8	2	0	1	0	0	0	0	0	0
A	AG	22	130	1	1	BA1652	21487	8	9	0	0	0	0	0	0	0	0	0
A	AG	22	130	1	1	BA1652	21497	9	10	0	0	0	0	0	0	0	0	0
A	AG	22	130	1	1	BA1652	21500	10	0	0	0	0	0	0	0	1	0	0
A	AG	22	130	1	1	BA1652	21572	10	2	0	0	0	0	0	0	0	0	0
A	AG	22	130	1	1	BA1652	21573	2	6	0	0	0	0	0	0	0	0	0
A	AG	22	130	1	1	BA1652	21930	6	8	2	0	1	0	0	0	0	0	0
A	AG	22	130	1	1	BA1652	21931	8	0	0	0	0	0	0	0	1	0	0
A	AG	22	130	1	1	BA1652	21939	8	0	0	0	1	0	0	0	0	0	0
A	AG	22	130	1	1	BA1652	21940	8	7	0	0	0	0	0	0	0	0	0
A	AG	22	130	1	1	BA1652	21944	7	0	0	0	0	0	0	0	1	0	0
A	AG	22	130	1	1	BA1652	21960	7	8	2	0	1	0	0	0	0	0	0
A	AG	22	130	1	1	BA1652	21970	8	7	0	0	0	0	0	0	0	0	0
A	AG	22	130	1	1	BA1652	22004	7	0	0	0	0	0	0	0	1	0	0
A	AG	22	130	1	1	BA1652	22008	7	8	2	0	1	0	0	0	0	0	0
A	AG	22	130	1	1	BA1652	22018	8	7	0	0	0	0	0	0	0	0	0
A	AG	22	130	1	1	BA1652	22019	7	0	0	0	0	0	0	0	1	0	0
A	AG	22	130	1	1	BA1652	22048	7	8	2	0	1	0	0	0	0	0	0
A	AG	22	130	1	1	BA1652	22058	8	7	0	0	0	0	0	0	0	0	0
A	AG	22	130	1	1	BA1652	22086	7	0	0	0	0	0	0	0	1	0	0
A	AG	22	130	1	1	BA1652	22168	7	8	2	0	1	0	0	0	0	0	0
A	AG	22	130	1	1	BA1652	22170	8	0	0	0	0	0	0	0	1	0	0
A	AG	22	130	1	1	BA1652	22178	8	7	0	0	0	0	0	0	0	0	0
A	AG	22	130	1	1	BA1652	22214	7	8	2	0	1	0	0	0	0	0	0
A	AG	22	130	1	1	BA1652	22224	8	7	0	0	0	0	0	0	0	0	0
A	AG	22	130	1	1	BA1652	22235	7	0	0	0	0	0	0	0	1	0	0
A	AG	22	130	1	1	BA1652	22238	7	8	2	0	1	0	0	0	0	0	0
A	AG	22	130	1	1	BA1652	22248	8	7	0	0	0	0	0	0	0	0	0
A	AG	22	130	1	1	BA1652	22261	7	0	0	0	0	0	0	0	1	0	0
A	AG	22	130	1	1	BA1652	22275	7	8	2	0	1	0	0	0	0	0	0
A	AG	22	130	1	1	BA1652	22277	8	0	0	0	0	0	0	0	1	0	0
A	AG	22	130	1	1	BA1652	22285	8	7	0	0	0	0	0	0	0	0	0
A	AG	22	130	1	1	BA1652	22378	7	8	2	0	1	0	0	0	0	0	0
A	AG	22	130	1	1	BA1652	22382	8	0	0	0	0	0	0	0	1	0	0
A	AG	22	130	1	1	BA1652	22388	8	7	0	0	0	0	0	0	0	0	0
A	AG	22	130	1	1	BA1652	22389	7	8	2	0	1	0	0	0	0	0	0
A	AG	22	130	1	1	BA1652	22391	8	0	0	0	0	0	0	0	1	0	0
A	AG	22	130	1	1	BA1652	22399	8	7	0	0	0	0	0	0	0	0	0
A	AG	22	130	1	1	BA1652	22412	7	8	2	0	1	0	0	0	0	0	0
A	AG	22	130	1	1	BA1652	22422	8	7	0	0	0	0	0	0	0	0	0
A	AG	22	130	1	1	BA1652	22428	7	0	0	0	0	0	0	0	1	0	0
A	AG	22	130	1	1	BA1652	22440	7	8	2	0	1	0	0	0	0	0	0
A	AG	22	130	1	1	BA1652	22450	8	7	0	0	0	0	0	0	0	0	0
A	AG	22	130	1	1	BA1652	22456	7	0	0	0	0	0	0	0	1	0	0
A	AG	22	130	1	1	BA1652	22475	7	8	2	0	1	0	0	0	0	0	0
A	AG	22	130	1	1	BA1652	22484	8	0	0	0	0	0	0	0	1	0	0
A	AG	22	130	1	1	BA1652	22485	8	7	0	0	0	0	0	0	0	0	0
A	AG	22	130	1	1	BA1652	22504	7	8	2	0	1	0	0	0	0	0	0
A	AG	22	130	1	1	BA1652	22506	8	0	0	0	0	0	0	0	1	0	0
A	AG	22	130	1	1	BA1652	22514	8	7	0	0	0	0	0	0	0	0	0
A	AG	22	130	1	1	BA1652	22530	7	8	2	0	1	0	0	0	0	0	0
A	AG	22	130	1	1	BA1652	22536	8	0	0	0	0	0	0	0	1	0	0
A	AG	22	130	1	1	BA1652	22540	8	7	0	0	0	0	0	0	0	0	0
A	AG	22	130	1	1	BA1652	22609	7	8	2	0	1	0	0	0	0	0	0
A	AG	22	130	1	1	BA1652	22619	8	7	0	0	0	0	0	0	0	0	0
A	AG	22	130	1	1	BA1652	22633	7	0	0	0	0	0	0	0	1	0	0
A	AG	22	130	1	1	BA1652	22640	7	8	2	0	1	0	0	0	0	0	0
A	AG	22	130	1	1	BA1652	22642	8	0	0	0	0	0	0	0	1	0	0
A	AG	22	130	1	1	BA1652	22646	8	0	0	0	1	0	0	0	0	0	0
A	AG	22	130	1	1	BA1652	22650	8	7	0	0	0	0	0	0	0	0	0
A	AG	22	130	1	1	BA1652	22656	7	0	0	0	0	0	0	0	1	0	0
A	AG	22	130	1	1	BA1652	22668	7	8	2	0	1	0	0	0	0	0	0
A	AG	22	130	1	1	BA1652	22673	8	0	0	0	0	0	0	0	1	0	0
A	AG	22	130	1	1	BA1652	22678	8	7	0	0	0	0	0	0	0	0	0
A	AG	22	130	1	1	BA1652	22683	7	8	2	0	1	0	0	0	0	0	0
A	AG	22	130	1	1	BA1652	22688	8	0	0	0	0	0	0	0	1	0	0
A	AG	22	130	1	1	BA1652	22692	8	0	0	0	1	0	0	0	0	0	0
A	AG	22	130	1	1	BA1652	22693	8	7	0	0	0	0	0	0	0	0	0
A	AG	22	130	1	1	BA1652	22709	7	0	0	0	0	0	0	0	1	0	0
A	AG	22	130	1	1	BA1652	22764	7	8	2	0	1	0	0	0	0	0	0
A	AG	22	130	1	1	BA1652	22767	8	0	0	0	0	0	0	0	1	0	0
A	AG	22	130	1	1	BA1652	22771	8	0	0	0	1	0	0	0	0	0	0
A	AG	22	130	1	1	BA1652	22774	8	9	0	0	0	0	0	0	0	0	0
A	AG	22	130	1	1	BA1652	22784	9	10	0	0	0	0	0	0	1	0	0
A	AG	22	130	1	1	BA1652	22859	10	2	0	0	0	0	0	0	0	0	0
A	AG	22	130	1	1	BA1652	22860	2	3	0	0	0	0	0	0	0	0	0
A	AG	22	130	1	1	BA1652	22977	3	5	1	1	0	0	0	0	0	0	0
A	AG	22	130	1	1	BA1652	22983	5	0	0	0	0	0	0	1	0	0	0
A	AG	22	130	1	1	BA1652	22987	5	4	0	0	0	0	0	0	0	0	0
A	AG	22	130	1	1	BA1652	22988	4	5	1	1	0	0	0	0	0	0	0
A	AG	22	130	1	1	BA1652	22998	5	4	0	0	0	0	0	0	0	0	0
A	AG	22	130	1	1	BA1652	23000	4	0	0	0	0	0	0	1	0	0	0
A	AG	22	130	1	1	BA1652	23003	4	5	1	1	0	0	0	0	0	0	0
A	AG	22	130	1	1	BA1652	23010	5	0	0	0	0	0	0	1	0	0	0
A	AG	22	130	1	1	BA1652	23012	5	0	0	1	0	0	0	0	0	0	0
A	AG	22	130	1	1	BA1652	23013	5	4	0	0	0	0	0	0	0	0	0
A	AG	22	130	1	1	BA1652	23015	4	0	0	0	0	0	0	1	0	0	0
A	AG	22	130	1	1	BA1652	23021	4	5	1	1	0	0	0	0	0	0	0
A	AG	22	130	1	1	BA1652	23031	5	4	0	0	0	0	0	0	0	0	0
A	AG	22	130	1	1	BA1652	23033	4	0	0	0	0	0	0	1	0	0	0
A	AG	22	130	1	1	BA1652	23035	4	5	1	1	0	0	0	0	0	0	0
A	AG	22	130	1	1	BA1652	23045	5	9	0	0	0	0	0	0	0	0	0
A	AG	22	130	1	1	BA1652	23047	9	0	0	0	0	0	0	1	0	0	0
A	AG	22	130	1	1	BA1652	23055	9	10	0	1	0	0	0	0	0	0	0
A	AG	22	130	1	1	BA1652	23073	10	0	0	0	0	0	0	1	0	0	0
A	AG	22	130	1	1	BA1652	23130	10	2	0	0	0	0	0	0	0	0	0
A	AG	22	130	1	1	BA1652	23131	2	6	0	0	0	0	0	0	0	0	0
A	AG	22	130	1	1	BA1652	23539	6	8	2	0	1	0	0	0	0	0	0
A	AG	22	130	1	1	BA1652	23543	8	0	0	0	0	0	0	0	1	0	0
A	AG	22	130	1	1	BA1652	23549	8	7	0	0	0	0	0	0	0	0	0
A	AG	22	130	1	1	BA1652	23615	7	8	2	0	1	0	0	0	0	0	0
A	AG	22	130	1	1	BA1652	23618	8	0	0	0	0	0	0	0	1	0	0
A	AG	22	130	1	1	BA1652	23625	8	7	0	0	0	0	0	0	0	0	0
A	AG	22	130	1	1	BA1652	23626	7	8	2	0	1	0	0	0	0	0	0
A	AG	22	130	1	1	BA1652	23636	8	7	0	0	0	0	0	0	0	0	0
A	AG	22	130	1	1	BA1652	23637	7	0	0	0	0	0	0	0	1	0	0
A	AG	22	130	1	1	BA1652	23643	7	8	2	0	1	0	0	0	0	0	0
A	AG	22	130	1	1	BA1652	23647	8	0	0	0	0	0	0	0	1	0	0
A	AG	22	130	1	1	BA1652	23653	8	7	0	0	0	0	0	0	0	0	0
A	AG	22	130	1	1	BA1652	23663	7	8	2	0	1	0	0	0	0	0	0
A	AG	22	130	1	1	BA1652	23669	8	0	0	0	0	0	0	0	1	0	0
A	AG	22	130	1	1	BA1652	23673	8	7	0	0	0	0	0	0	0	0	0
A	AG	22	130	1	1	BA1652	23695	7	8	2	0	1	0	0	0	0	0	0
A	AG	22	130	1	1	BA1652	23704	8	0	0	0	0	0	0	0	1	0	0
A	AG	22	130	1	1	BA1652	23705	8	7	0	0	0	0	0	0	0	0	0
A	AG	22	130	1	1	BA1652	23725	7	8	2	0	1	0	0	0	0	0	0
A	AG	22	130	1	1	BA1652	23731	8	0	0	0	0	0	0	0	1	0	0
A	AG	22	130	1	1	BA1652	23735	8	7	0	0	0	0	0	0	0	0	0
A	AG	22	130	1	1	BA1652	23838	7	8	2	0	1	0	0	0	0	0	0
A	AG	22	130	1	1	BA1652	23839	8	0	0	0	0	0	0	0	1	0	0
A	AG	22	130	1	1	BA1652	23848	8	7	0	0	1	0	0	0	0	0	0
A	AG	22	130	1	1	BA1652	23852	7	0	0	0	0	0	0	0	1	0	0
A	AG	22	130	1	1	BA1652	23859	7	8	2	0	1	0	0	0	0	0	0
A	AG	22	130	1	1	BA1652	23869	8	7	0	0	0	0	0	0	0	0	0
A	AG	22	130	1	1	BA1652	23872	7	0	0	0	0	0	0	0	1	0	0
A	AG	22	130	1	1	BA1652	23900	7	8	2	0	1	0	0	0	0	0	0
A	AG	22	130	1	1	BA1652	23910	8	7	0	0	0	0	0	0	0	0	0
A	AG	22	130	1	1	BA1652	23912	7	0	0	0	0	0	0	0	1	0	0
A	AG	22	130	1	1	BA1652	23948	7	8	2	0	1	0	0	0	0	0	0
A	AG	22	130	1	1	BA1652	23955	8	0	0	0	0	0	0	0	1	0	0
A	AG	22	130	1	1	BA1652	23958	8	7	0	0	0	0	0	0	0	0	0
A	AG	22	130	1	1	BA1652	23970	7	8	2	0	1	0	0	0	0	0	0
A	AG	22	130	1	1	BA1652	23978	8	0	0	0	0	0	0	0	1	0	0
A	AG	22	130	1	1	BA1652	23980	8	7	0	0	0	0	0	0	0	0	0
A	AG	22	130	1	1	BA1652	24015	7	8	2	0	1	0	0	0	0	0	0
A	AG	22	130	1	1	BA1652	24025	8	7	0	0	0	0	0	0	0	0	0
A	AG	22	130	1	1	BA1652	24046	7	0	0	0	0	0	0	0	1	0	0
A	AG	22	130	1	1	BA1652	24048	7	8	2	0	1	0	0	0	0	0	0
A	AG	22	130	1	1	BA1652	24056	8	0	0	0	0	0	0	0	1	0	0
A	AG	22	130	1	1	BA1652	24058	8	7	0	0	0	0	0	0	0	0	0
A	AG	22	130	1	1	BA1652	24062	7	8	2	0	1	0	0	0	0	0	0
A	AG	22	130	1	1	BA1652	24072	8	7	0	0	0	0	0	0	0	0	0
A	AG	22	130	1	1	BA1652	24081	7	0	0	0	0	0	0	0	1	0	0
A	AG	22	130	1	1	BA1652	24086	7	8	2	0	1	0	0	0	0	0	0
A	AG	22	130	1	1	BA1652	24090	8	0	0	0	0	0	0	0	1	0	0
A	AG	22	130	1	1	BA1652	24093	8	0	0	0	1	0	0	0	0	0	0
A	AG	22	130	1	1	BA1652	24096	8	7	0	0	0	0	0	0	0	0	0
A	AG	22	130	1	1	BA1652	24117	7	0	0	0	0	0	0	0	1	0	0
A	AG	22	130	1	1	BA1652	24137	7	8	2	0	1	0	0	0	0	0	0
A	AG	22	130	1	1	BA1652	24144	8	0	0	0	0	0	0	0	1	0	0
A	AG	22	130	1	1	BA1652	24147	8	7	0	0	0	0	0	0	0	0	0
A	AG	22	130	1	1	BA1652	24161	7	8	2	0	1	0	0	0	0	0	0
A	AG	22	130	1	1	BA1652	24164	8	0	0	0	0	0	0	0	1	0	0
A	AG	22	130	1	1	BA1652	24171	8	7	0	0	0	0	0	0	0	0	0
A	AG	22	130	1	1	BA1652	24174	7	8	2	0	1	0	0	0	0	0	0
A	AG	22	130	1	1	BA1652	24176	8	0	0	0	0	0	0	0	1	0	0
A	AG	22	130	1	1	BA1652	24182	8	0	0	0	1	0	0	0	0	0	0
A	AG	22	130	1	1	BA1652	24184	8	7	0	0	0	0	0	0	0	0	0
A	AG	22	130	1	1	BA1652	24193	7	0	0	0	0	0	0	0	1	0	0
A	AG	22	130	1	1	BA1652	24204	7	8	2	0	1	0	0	0	0	0	0
A	AG	22	130	1	1	BA1652	24212	8	0	0	0	0	0	0	0	1	0	0
A	AG	22	130	1	1	BA1652	24214	8	9	0	0	0	0	0	0	0	0	0
A	AG	22	130	1	1	BA1652	24224	9	10	0	0	0	0	0	0	0	0	0
A	AG	22	130	1	1	BA1652	24299	10	2	0	0	0	0	0	0	0	0	0
A	AG	22	130	1	1	BA1652	24300	2	3	0	0	0	0	0	0	0	0	0
A	AG	22	130	1	1	BA1652	24386	3	5	1	1	0	0	0	0	0	0	0
A	AG	22	130	1	1	BA1652	24391	5	0	0	0	0	0	0	1	0	0	0
A	AG	22	130	1	1	BA1652	24395	5	0	0	1	0	0	0	0	0	0	0
A	AG	22	130	1	1	BA1652	24396	5	4	0	0	0	0	0	0	0	0	0
A	AG	22	130	1	1	BA1652	24408	4	0	0	0	0	0	0	1	0	0	0
A	AG	22	130	1	1	BA1652	24412	4	5	1	1	0	0	0	0	0	0	0
A	AG	22	130	1	1	BA1652	24422	5	4	0	0	0	0	0	1	0	0	0
A	AG	22	130	1	1	BA1652	24437	4	5	1	1	0	0	0	0	0	0	0
A	AG	22	130	1	1	BA1652	24447	5	4	0	0	0	0	0	1	0	0	0
A	AG	22	130	1	1	BA1652	24454	4	5	1	1	0	0	0	0	0	0	0
A	AG	22	130	1	1	BA1652	24464	5	4	0	0	0	0	0	0	0	0	0
A	AG	22	130	1	1	BA1652	24477	4	0	0	0	0	0	0	1	0	0	0
A	AG	22	130	1	1	BA1652	24491	4	5	1	1	0	0	0	0	0	0	0
A	AG	22	130	1	1	BA1652	24494	5	0	0	0	0	0	0	1	0	0	0
A	AG	22	130	1	1	BA1652	24501	5	9	0	0	0	0	0	0	0	0	0
A	AG	22	130	1	1	BA1652	24511	9	10	0	0	0	0	0	0	0	0	0
A	AG	22	130	1	1	BA1652	24586	10	2	0	0	0	0	0	0	0	0	0
A	AG	22	130	1	1	BA1652	24587	2	6	0	0	0	0	0	0	0	0	0
A	AG	22	130	1	1	BA1652	25302	6	8	2	0	1	0	0	0	0	0	0
A	AG	22	130	1	1	BA1652	25312	8	7	0	0	0	0	0	0	0	0	0
A	AG	22	130	1	1	BA1652	25333	7	0	0	0	0	0	0	0	1	0	0
A	AG	22	130	1	1	BA1652	25372	7	8	2	0	1	0	0	0	0	0	0
A	AG	22	130	1	1	BA1652	25373	8	0	0	0	0	0	0	0	1	0	0
A	AG	22	130	1	1	BA1652	25382	8	7	0	0	0	0	0	0	0	0	0
A	AG	22	130	1	1	BA1652	25430	7	8	2	0	1	0	0	0	0	0	0
A	AG	22	130	1	1	BA1652	25438	8	0	0	0	0	0	0	0	1	0	0
A	AG	22	130	1	1	BA1652	25440	8	7	0	0	0	0	0	0	0	0	0
A	AG	22	130	1	1	BA1652	25512	7	8	2	0	1	0	0	0	0	0	0
A	AG	22	130	1	1	BA1652	25515	8	0	0	0	0	0	0	0	1	0	0
A	AG	22	130	1	1	BA1652	25522	8	7	0	0	0	0	0	0	0	0	0
A	AG	22	130	1	1	BA1652	25530	7	8	2	0	1	0	0	0	0	0	0
A	AG	22	130	1	1	BA1652	25540	8	7	0	0	0	0	0	0	0	0	0
A	AG	22	130	1	1	BA1652	25541	7	0	0	0	0	0	0	0	1	0	0
A	AG	22	130	1	1	BA1652	25600	7	8	2	0	1	0	0	0	0	0	0
A	AG	22	130	1	1	BA1652	25610	8	7	0	0	0	0	0	0	1	0	0
A	AG	22	130	1	1	BA1652	25615	7	8	2	0	1	0	0	0	0	0	0
A	AG	22	130	1	1	BA1652	25618	8	0	0	0	0	0	0	0	1	0	0
A	AG	22	130	1	1	BA1652	25625	8	7	0	0	1	0	0	0	0	0	0
A	AG	22	130	1	1	BA1652	25633	7	0	0	0	0	0	0	0	1	0	0
A	AG	22	130	1	1	BA1652	25752	7	8	2	0	1	0	0	0	0	0	0
A	AG	22	130	1	1	BA1652	25762	8	7	0	0	0	0	0	0	0	0	0
A	AG	22	130	1	1	BA1652	25789	7	0	0	0	0	0	0	0	1	0	0
A	AG	22	130	1	1	BA1652	25792	7	8	2	0	1	0	0	0	0	0	0
A	AG	22	130	1	1	BA1652	25802	8	7	0	0	0	0	0	0	0	0	0
A	AG	22	130	1	1	BA1652	25810	7	0	0	0	0	0	0	0	1	0	0
A	AG	22	130	1	1	BA1652	25813	7	8	2	0	1	0	0	0	0	0	0
A	AG	22	130	1	1	BA1652	25823	8	7	0	0	0	0	0	0	0	0	0
A	AG	22	130	1	1	BA1652	25832	7	0	0	0	0	0	0	0	1	0	0
A	AG	22	130	1	1	BA1652	25837	7	8	2	0	1	0	0	0	0	0	0
A	AG	22	130	1	1	BA1652	25839	8	0	0	0	0	0	0	0	1	0	0
A	AG	22	130	1	1	BA1652	25847	8	7	0	0	0	0	0	0	0	0	0
A	AG	22	130	1	1	BA1652	25979	7	8	2	0	1	0	0	0	0	0	0
A	AG	22	130	1	1	BA1652	25989	8	7	0	0	0	0	0	0	0	0	0
A	AG	22	130	1	1	BA1652	25997	7	0	0	0	0	0	0	0	1	0	0
A	AG	22	130	1	1	BA1652	25998	7	8	2	0	1	0	0	0	0	0	0
A	AG	22	130	1	1	BA1652	26008	8	7	0	0	0	0	0	0	0	0	0
A	AG	22	130	1	1	BA1652	26013	7	0	0	0	0	0	0	0	1	0	0
A	AG	22	130	1	1	BA1652	26014	7	8	2	0	1	0	0	0	0	0	0
A	AG	22	130	1	1	BA1652	26021	8	0	0	0	0	0	0	0	1	0	0
A	AG	22	130	1	1	BA1652	26024	8	7	0	0	0	0	0	0	0	0	0
A	AG	22	130	1	1	BA1652	26061	7	8	2	0	1	0	0	0	0	0	0
A	AG	22	130	1	1	BA1652	26071	8	7	0	0	0	0	0	0	0	0	0
A	AG	22	130	1	1	BA1652	26083	7	8	2	0	1	0	0	0	1	0	0
A	AG	22	130	1	1	BA1652	26089	8	0	0	0	0	0	0	0	1	0	0
A	AG	22	130	1	1	BA1652	26093	8	7	0	0	0	0	0	0	0	0	0
A	AG	22	130	1	1	BA1652	26096	7	8	2	0	1	0	0	0	0	0	0
A	AG	22	130	1	1	BA1652	26106	8	7	0	0	0	0	0	0	0	0	0
A	AG	22	130	1	1	BA1652	26114	7	0	0	0	0	0	0	0	1	0	0
A	AG	22	130	1	1	BA1652	26121	7	8	2	0	1	0	0	0	0	0	0
A	AG	22	130	1	1	BA1652	26125	8	0	0	0	0	0	0	0	1	0	0
A	AG	22	130	1	1	BA1652	26130	8	0	0	0	1	0	0	0	0	0	0
A	AG	22	130	1	1	BA1652	26131	8	7	0	0	0	0	0	0	0	0	0
A	AG	22	130	1	1	BA1652	26136	7	0	0	0	0	0	0	0	1	0	0
A	AG	22	130	1	1	BA1652	26162	7	8	2	0	1	0	0	0	0	0	0
A	AG	22	130	1	1	BA1652	26172	8	7	0	0	0	0	0	0	0	0	0
A	AG	22	130	1	1	BA1652	26186	7	0	0	0	0	0	0	0	1	0	0
A	AG	22	130	1	1	BA1652	26205	7	8	2	0	1	0	0	0	0	0	0
A	AG	22	130	1	1	BA1652	26210	8	0	0	0	0	0	0	0	1	0	0
A	AG	22	130	1	1	BA1652	26215	8	9	0	0	1	0	0	0	0	0	0
A	AG	22	130	1	1	BA1652	26221	9	0	0	0	0	0	0	0	1	0	0
A	AG	22	130	1	1	BA1652	26225	9	10	0	0	0	0	0	0	0	0	0
A	AG	22	130	1	1	BA1652	26300	10	2	0	0	0	0	0	0	0	0	0
A	AG	22	130	1	1	BA1652	26301	2	6	0	0	0	0	0	0	0	0	0
A	AG	22	130	1	1	BA1652	26635	6	8	2	0	1	0	0	0	0	0	0
A	AG	22	130	1	1	BA1652	26640	8	0	0	0	0	0	0	0	1	0	0
A	AG	22	130	1	1	BA1652	26645	8	7	0	0	0	0	0	0	0	0	0
A	AG	22	130	1	1	BA1652	26655	7	8	2	0	1	0	0	0	0	0	0
A	AG	22	130	1	1	BA1652	26657	8	0	0	0	0	0	0	0	1	0	0
A	AG	22	130	1	1	BA1652	26665	8	7	0	0	0	0	0	0	0	0	0
A	AG	22	130	1	1	BA1652	26668	7	8	2	0	1	0	0	0	0	0	0
A	AG	22	130	1	1	BA1652	26672	8	0	0	0	0	0	0	0	1	0	0
A	AG	22	130	1	1	BA1652	26678	8	7	0	0	0	0	0	0	0	0	0
A	AG	22	130	1	1	BA1652	26679	7	8	2	0	1	0	0	0	0	0	0
A	AG	22	130	1	1	BA1652	26689	8	7	0	0	0	0	0	0	0	0	0
A	AG	22	130	1	1	BA1652	26697	7	0	0	0	0	0	0	0	1	0	0
A	AG	22	130	1	1	BA1652	26827	7	8	2	0	1	0	0	0	0	0	0
A	AG	22	130	1	1	BA1652	26831	8	0	0	0	0	0	0	0	1	0	0
A	AG	22	130	1	1	BA1652	26836	8	0	0	0	1	0	0	0	0	0	0
A	AG	22	130	1	1	BA1652	26837	8	7	0	0	0	0	0	0	0	0	0
A	AG	22	130	1	1	BA1652	26884	7	0	0	0	0	0	0	0	1	0	0
A	AG	22	130	1	1	BA1652	26959	7	8	2	0	1	0	0	0	0	0	0
A	AG	22	130	1	1	BA1652	26966	8	0	0	0	0	0	0	0	1	0	0
A	AG	22	130	1	1	BA1652	26967	8	0	0	0	1	0	0	0	0	0	0
A	AG	22	130	1	1	BA1652	26969	8	7	0	0	0	0	0	0	0	0	0
A	AG	22	130	1	1	BA1652	26974	7	0	0	0	0	0	0	0	1	0	0
A	AG	22	130	1	1	BA1652	26977	7	8	2	0	1	0	0	0	0	0	0
A	AG	22	130	1	1	BA1652	26987	8	7	0	0	0	0	0	0	0	0	0
A	AG	22	130	1	1	BA1652	27017	7	0	0	0	0	0	0	0	1	0	0
A	AG	22	130	1	1	BA1652	27037	7	8	2	0	1	0	0	0	0	0	0
A	AG	22	130	1	1	BA1652	27047	8	7	0	0	0	0	0	0	0	0	0
A	AG	22	130	1	1	BA1652	27064	7	0	0	0	0	0	0	0	1	0	0
A	AG	22	130	1	1	BA1652	27078	7	8	2	0	1	0	0	0	0	0	0
A	AG	22	130	1	1	BA1652	27084	8	0	0	0	0	0	0	0	1	0	0
A	AG	22	130	1	1	BA1652	27088	8	7	0	0	0	0	0	0	0	0	0
A	AG	22	130	1	1	BA1652	27100	7	8	2	0	1	0	0	0	0	0	0
A	AG	22	130	1	1	BA1652	27110	8	7	0	0	0	0	0	0	0	0	0
A	AG	22	130	1	1	BA1652	27125	7	0	0	0	0	0	0	0	1	0	0
A	AG	22	130	1	1	BA1652	27135	7	8	2	0	1	0	0	0	0	0	0
A	AG	22	130	1	1	BA1652	27145	8	7	0	0	0	0	0	0	0	0	0
A	AG	22	130	1	1	BA1652	27148	7	0	0	0	0	0	0	0	1	0	0
A	AG	22	130	1	1	BA1652	27206	7	8	2	0	1	0	0	0	0	0	0
A	AG	22	130	1	1	BA1652	27216	8	7	0	0	0	0	0	0	0	0	0
A	AG	22	130	1	1	BA1652	27220	7	8	2	0	1	0	0	0	1	0	0
A	AG	22	130	1	1	BA1652	27230	8	7	0	0	0	0	0	0	0	0	0
A	AG	22	130	1	1	BA1652	27231	7	0	0	0	0	0	0	0	1	0	0
A	AG	22	130	1	1	BA1652	27258	7	8	2	0	1	0	0	0	0	0	0
A	AG	22	130	1	1	BA1652	27268	8	7	0	0	0	0	0	0	0	0	0
A	AG	22	130	1	1	BA1652	27269	7	0	0	0	0	0	0	0	1	0	0
A	AG	22	130	1	1	BA1652	27272	7	8	2	0	1	0	0	0	0	0	0
A	AG	22	130	1	1	BA1652	27282	8	7	0	0	0	0	0	0	0	0	0
A	AG	22	130	1	1	BA1652	27289	7	0	0	0	0	0	0	0	1	0	0
A	AG	22	130	1	1	BA1652	27290	7	8	2	0	1	0	0	0	0	0	0
A	AG	22	130	1	1	BA1652	27300	8	7	0	0	0	0	0	0	0	0	0
A	AG	22	130	1	1	BA1652	27321	7	0	0	0	0	0	0	0	1	0	0
A	AG	22	130	1	1	BA1652	27366	7	8	2	0	1	0	0	0	0	0	0
A	AG	22	130	1	1	BA1652	27373	8	0	0	0	0	0	0	0	1	0	0
A	AG	22	130	1	1	BA1652	27376	8	7	0	0	0	0	0	0	0	0	0
A	AG	22	130	1	1	BA1652	27379	7	8	2	0	1	0	0	0	0	0	0
A	AG	22	130	1	1	BA1652	27389	8	7	0	0	0	0	0	0	0	0	0
A	AG	22	130	1	1	BA1652	27410	7	0	0	0	0	0	0	0	1	0	0
A	AG	22	130	1	1	BA1652	27411	7	8	2	0	1	0	0	0	0	0	0
A	AG	22	130	1	1	BA1652	27417	8	0	0	0	0	0	0	0	1	0	0
A	AG	22	130	1	1	BA1652	27418	8	0	0	0	1	0	0	0	0	0	0
A	AG	22	130	1	1	BA1652	27421	8	7	0	0	0	0	0	0	0	0	0
A	AG	22	130	1	1	BA1652	27435	7	0	0	0	0	0	0	0	1	0	0
A	AG	22	130	1	1	BA1652	27436	7	8	2	0	1	0	0	0	0	0	0
A	AG	22	130	1	1	BA1652	27446	8	9	0	0	0	0	0	0	0	0	0
A	AG	22	130	1	1	BA1652	27453	9	0	0	0	0	0	0	0	1	0	0
A	AG	22	130	1	1	BA1652	27456	9	10	0	0	0	0	0	0	0	0	0
A	AG	22	130	1	1	BA1652	27531	10	2	0	0	0	0	0	0	0	0	0
A	AG	22	130	1	1	BA1652	27532	2	3	0	0	0	0	0	0	0	0	0
A	AG	22	130	1	1	BA1652	27598	3	5	1	1	0	0	0	0	0	0	0
A	AG	22	130	1	1	BA1652	27603	5	0	0	0	0	0	0	1	0	0	0
A	AG	22	130	1	1	BA1652	27605	5	0	0	1	0	0	0	0	0	0	0
A	AG	22	130	1	1	BA1652	27608	5	4	0	0	0	0	0	0	0	0	0
A	AG	22	130	1	1	BA1652	27618	4	0	0	0	0	0	0	1	0	0	0
A	AG	22	130	1	1	BA1652	27623	4	5	1	1	0	0	0	0	0	0	0
A	AG	22	130	1	1	BA1652	27633	5	4	0	0	0	0	0	0	0	0	0
A	AG	22	130	1	1	BA1652	27636	4	0	0	0	0	0	0	1	0	0	0
A	AG	22	130	1	1	BA1652	27642	4	5	1	1	0	0	0	0	0	0	0
A	AG	22	130	1	1	BA1652	27646	5	0	0	0	0	0	0	1	0	0	0
A	AG	22	130	1	1	BA1652	27649	5	0	0	1	0	0	0	0	0	0	0
A	AG	22	130	1	1	BA1652	27652	5	4	0	0	0	0	0	0	0	0	0
A	AG	22	130	1	1	BA1652	27656	4	0	0	0	0	0	0	1	0	0	0
A	AG	22	130	1	1	BA1652	27659	4	5	1	1	0	0	0	0	0	0	0
A	AG	22	130	1	1	BA1652	27669	5	4	0	0	0	0	0	0	0	0	0
A	AG	22	130	1	1	BA1652	27690	4	0	0	0	0	0	0	1	0	0	0
A	AG	22	130	1	1	BA1652	27699	4	5	1	1	0	0	0	0	0	0	0
A	AG	22	130	1	1	BA1652	27709	5	9	0	0	0	0	0	0	0	0	0
A	AG	22	130	1	1	BA1652	27717	9	0	0	0	0	0	0	1	0	0	0
A	AG	22	130	1	1	BA1652	27719	9	10	0	0	0	0	0	0	0	0	0
A	AG	22	130	1	1	BA1652	27794	10	2	0	0	0	0	0	0	0	0	0
A	AG	22	130	1	1	BA1652	27795	2	3	0	0	0	0	0	0	0	0	0
A	AG	22	130	1	1	BA1652	27852	3	5	1	1	0	0	0	0	0	0	0
A	AG	22	130	1	1	BA1652	27862	5	4	0	0	0	0	0	0	0	0	0
A	AG	22	130	1	1	BA1652	27867	4	0	0	0	0	0	0	1	0	0	0
A	AG	22	130	1	1	BA1652	27872	4	5	1	1	0	0	0	0	0	0	0
A	AG	22	130	1	1	BA1652	27882	5	4	0	0	0	0	0	0	0	0	0
A	AG	22	130	1	1	BA1652	27889	4	0	0	0	0	0	0	1	0	0	0
A	AG	22	130	1	1	BA1652	27894	4	5	1	1	0	0	0	0	0	0	0
A	AG	22	130	1	1	BA1652	27899	5	0	0	0	0	0	0	1	0	0	0
A	AG	22	130	1	1	BA1652	27902	5	0	0	1	0	0	0	0	0	0	0
A	AG	22	130	1	1	BA1652	27904	5	4	0	0	0	0	0	0	0	0	0
A	AG	22	130	1	1	BA1652	27913	4	0	0	0	0	0	0	1	0	0	0
A	AG	22	130	1	1	BA1652	27916	4	5	1	1	0	0	0	0	0	0	0
A	AG	22	130	1	1	BA1652	27926	5	4	0	0	0	0	0	0	0	0	0
A	AG	22	130	1	1	BA1652	27932	4	0	0	0	0	0	0	1	0	0	0
A	AG	22	130	1	1	BA1652	27963	4	5	1	1	0	0	0	0	0	0	0
A	AG	22	130	1	1	BA1652	27973	5	9	0	0	0	0	0	0	0	0	0
A	AG	22	130	1	1	BA1652	27975	9	0	0	0	0	0	0	1	0	0	0
A	AG	22	130	1	1	BA1652	27981	9	0	0	1	0	0	0	0	0	0	0
A	AG	22	130	1	1	BA1652	27983	9	10	0	0	0	0	0	0	0	0	0
A	AG	22	130	1	1	BA1652	27984	10	0	0	0	0	0	0	1	0	0	0
A	AG	22	130	1	1	BA1652	28058	10	2	0	0	0	0	0	0	0	0	0
A	AG	22	130	1	1	BA1652	28059	2	3	0	0	0	0	0	0	0	0	0
A	AG	22	130	1	1	BA1652	28114	3	5	1	1	0	0	0	0	0	0	0
A	AG	22	130	1	1	BA1652	28124	5	4	0	0	0	0	0	0	0	0	0
A	AG	22	130	1	1	BA1652	28145	4	0	0	0	0	0	0	1	0	0	0
A	AG	22	130	1	1	BA1652	28176	4	5	1	1	0	0	0	0	0	0	0
A	AG	22	130	1	1	BA1652	28186	5	4	0	0	0	0	0	1	0	0	0
A	AG	22	130	1	1	BA1652	28194	4	5	1	1	0	0	0	0	0	0	0
A	AG	22	130	1	1	BA1652	28201	5	0	0	0	0	0	0	1	0	0	0
A	AG	22	130	1	1	BA1652	28204	5	4	0	0	0	0	0	0	0	0	0
A	AG	22	130	1	1	BA1652	28228	4	5	1	1	0	0	0	0	0	0	0
A	AG	22	130	1	1	BA1652	28238	5	4	0	0	0	0	0	0	0	0	0
A	AG	22	130	1	1	BA1652	28261	4	0	0	0	0	0	0	1	0	0	0
A	AG	22	130	1	1	BA1652	28267	4	5	1	1	0	0	0	0	0	0	0
A	AG	22	130	1	1	BA1652	28277	5	9	0	0	0	0	0	0	0	0	0
A	AG	22	130	1	1	BA1652	28287	9	10	0	0	0	0	0	0	0	0	0
A	AG	22	130	1	1	BA1652	28314	10	0	0	0	0	0	0	1	0	0	0
A	AG	22	130	1	1	BA1652	28362	10	2	0	0	0	0	0	0	0	0	0
A	AG	22	130	1	1	BA1652	28363	2	6	0	0	0	0	0	0	0	0	0
A	AG	22	130	1	1	BA1652	28701	6	0	0	1	0	0	0	0	0	0	0
A	AG	22	130	1	1	BA1652	28731	6	0	0	0	0	0	0	1	0	0	0
A	AG	22	130	1	1	BA1652	28933	6	8	2	0	1	0	0	0	0	0	0
A	AG	22	130	1	1	BA1652	28939	8	0	0	0	0	0	0	0	1	0	0
A	AG	22	130	1	1	BA1652	28943	8	7	0	0	0	0	0	0	0	0	0
A	AG	22	130	1	1	BA1652	28955	7	8	2	0	1	0	0	0	0	0	0
A	AG	22	130	1	1	BA1652	28961	8	0	0	0	0	0	0	0	1	0	0
A	AG	22	130	1	1	BA1652	28965	8	7	0	0	0	0	0	0	0	0	0
A	AG	22	130	1	1	BA1652	29297	7	8	2	0	1	0	0	0	0	0	0
A	AG	22	130	1	1	BA1652	29302	8	0	0	0	0	0	0	0	1	0	0
A	AG	22	130	1	1	BA1652	29307	8	7	0	0	0	0	0	0	0	0	0
A	AG	22	130	1	1	BA1652	29381	7	8	2	0	1	0	0	0	0	0	0
A	AG	22	130	1	1	BA1652	29391	8	7	0	0	0	0	0	0	0	0	0
A	AG	22	130	1	1	BA1652	29402	7	0	0	0	0	0	0	0	1	0	0
A	AG	22	130	1	1	BA1652	29407	7	8	2	0	1	0	0	0	0	0	0
A	AG	22	130	1	1	BA1652	29415	8	0	0	0	0	0	0	0	1	0	0
A	AG	22	130	1	1	BA1652	29417	8	7	0	0	0	0	0	0	0	0	0
A	AG	22	130	1	1	BA1652	29432	7	8	2	0	1	0	0	0	0	0	0
A	AG	22	130	1	1	BA1652	29442	8	7	0	0	0	0	0	0	0	0	0
A	AG	22	130	1	1	BA1652	29449	7	0	0	0	0	0	0	0	1	0	0
A	AG	22	130	1	1	BA1652	29514	7	8	2	0	1	0	0	0	0	0	0
A	AG	22	130	1	1	BA1652	29520	8	0	0	0	0	0	0	0	1	0	0
A	AG	22	130	1	1	BA1652	29524	8	7	0	0	0	0	0	0	0	0	0
A	AG	22	130	1	1	BA1652	29560	7	8	2	0	1	0	0	0	0	0	0
A	AG	22	130	1	1	BA1652	29561	8	0	0	0	0	0	0	0	1	0	0
A	AG	22	130	1	1	BA1652	29568	8	0	0	0	1	0	0	0	0	0	0
A	AG	22	130	1	1	BA1652	29570	8	7	0	0	0	0	0	0	0	0	0
A	AG	22	130	1	1	BA1652	29578	7	0	0	0	0	0	0	0	1	0	0
A	AG	22	130	1	1	BA1652	29580	7	8	2	0	1	0	0	0	0	0	0
A	AG	22	130	1	1	BA1652	29590	8	7	0	0	0	0	0	0	0	0	0
A	AG	22	130	1	1	BA1652	29599	7	0	0	0	0	0	0	0	1	0	0
A	AG	22	130	1	1	BA1652	29600	7	8	2	0	1	0	0	0	0	0	0
A	AG	22	130	1	1	BA1652	29610	8	7	0	0	0	0	0	0	0	0	0
A	AG	22	130	1	1	BA1652	29623	7	0	0	0	0	0	0	0	1	0	0
A	AG	22	130	1	1	BA1652	29625	7	8	2	0	1	0	0	0	0	0	0
A	AG	22	130	1	1	BA1652	29630	8	0	0	0	0	0	0	0	1	0	0
A	AG	22	130	1	1	BA1652	29635	8	7	0	0	1	0	0	0	0	0	0
A	AG	22	130	1	1	BA1652	29646	7	0	0	0	0	0	0	0	1	0	0
A	AG	22	130	1	1	BA1652	29661	7	8	2	0	1	0	0	0	0	0	0
A	AG	22	130	1	1	BA1652	29668	8	0	0	0	0	0	0	0	1	0	0
A	AG	22	130	1	1	BA1652	29669	8	0	0	0	1	0	0	0	0	0	0
A	AG	22	130	1	1	BA1652	29671	8	7	0	0	0	0	0	0	0	0	0
A	AG	22	130	1	1	BA1652	29675	7	0	0	0	0	0	0	0	1	0	0
A	AG	22	130	1	1	BA1652	29678	7	8	2	0	1	0	0	0	0	0	0
A	AG	22	130	1	1	BA1652	29688	8	7	0	0	0	0	0	0	0	0	0
A	AG	22	130	1	1	BA1652	29700	7	0	0	0	0	0	0	0	1	0	0
A	AG	22	130	1	1	BA1652	29707	7	8	2	0	1	0	0	0	0	0	0
A	AG	22	130	1	1	BA1652	29713	8	0	0	0	0	0	0	0	1	0	0
A	AG	22	130	1	1	BA1652	29717	8	7	0	0	0	0	0	0	0	0	0
A	AG	22	130	1	1	BA1652	29811	7	8	2	0	1	0	0	0	0	0	0
A	AG	22	130	1	1	BA1652	29821	8	7	0	0	0	0	0	0	0	0	0
A	AG	22	130	1	1	BA1652	29847	7	0	0	0	0	0	0	0	1	0	0
A	AG	22	130	1	1	BA1652	29848	7	8	2	0	1	0	0	0	0	0	0
A	AG	22	130	1	1	BA1652	29853	8	0	0	0	0	0	0	0	1	0	0
A	AG	22	130	1	1	BA1652	29858	8	7	0	0	1	0	0	0	0	0	0
A	AG	22	130	1	1	BA1652	29860	7	0	0	0	0	0	0	0	1	0	0
A	AG	22	130	1	1	BA1652	29863	7	8	2	0	1	0	0	0	0	0	0
A	AG	22	130	1	1	BA1652	29873	8	7	0	0	0	0	0	0	0	0	0
A	AG	22	130	1	1	BA1652	29874	7	0	0	0	0	0	0	0	1	0	0
A	AG	22	130	1	1	BA1652	29897	7	8	2	0	1	0	0	0	0	0	0
A	AG	22	130	1	1	BA1652	29907	8	7	0	0	0	0	0	0	0	0	0
A	AG	22	130	1	1	BA1652	29912	7	0	0	0	0	0	0	0	1	0	0
A	AG	22	130	1	1	BA1652	29914	7	8	2	0	1	0	0	0	0	0	0
A	AG	22	130	1	1	BA1652	29924	8	7	0	0	0	0	0	0	0	0	0
A	AG	22	130	1	1	BA1652	29925	7	0	0	0	0	0	0	0	1	0	0
A	AG	22	130	1	1	BA1652	29930	7	8	2	0	1	0	0	0	0	0	0
A	AG	22	130	1	1	BA1652	29935	8	0	0	0	0	0	0	0	1	0	0
A	AG	22	130	1	1	BA1652	29938	8	0	0	0	1	0	0	0	0	0	0
A	AG	22	130	1	1	BA1652	29940	8	9	0	0	0	0	0	0	0	0	0
A	AG	22	130	1	1	BA1652	29950	9	10	0	0	0	0	0	0	0	0	0
A	AG	22	130	1	1	BA1652	29952	10	0	0	0	0	0	0	0	1	0	0
A	AG	22	130	1	1	BA1652	30025	10	2	0	0	0	0	0	0	0	0	0
A	AG	22	130	1	1	BA1652	30026	2	6	0	0	0	0	0	0	0	0	0
A	AG	22	130	1	1	BA1652	30325	6	8	2	0	1	0	0	0	0	0	0
A	AG	22	130	1	1	BA1652	30328	8	0	0	0	0	0	0	0	1	0	0
A	AG	22	130	1	1	BA1652	30331	8	0	0	0	1	0	0	0	0	0	0
A	AG	22	130	1	1	BA1652	30335	8	7	0	0	0	0	0	0	0	0	0
A	AG	22	130	1	1	BA1652	30340	7	0	0	0	0	0	0	0	1	0	0
A	AG	22	130	1	1	BA1652	30375	7	8	2	0	1	0	0	0	0	0	0
A	AG	22	130	1	1	BA1652	30385	8	7	0	0	0	0	0	0	0	0	0
A	AG	22	130	1	1	BA1652	30397	7	0	0	0	0	0	0	0	1	0	0
A	AG	22	130	1	1	BA1652	30527	7	8	2	0	1	0	0	0	0	0	0
A	AG	22	130	1	1	BA1652	30535	8	0	0	0	0	0	0	0	1	0	0
A	AG	22	130	1	1	BA1652	30537	8	7	0	0	0	0	0	0	0	0	0
A	AG	22	130	1	1	BA1652	30547	7	8	2	0	1	0	0	0	0	0	0
A	AG	22	130	1	1	BA1652	30557	8	7	0	0	0	0	0	0	0	0	0
A	AG	22	130	1	1	BA1652	30576	7	0	0	0	0	0	0	0	1	0	0
A	AG	22	130	1	1	BA1652	30598	7	8	2	0	1	0	0	0	0	0	0
A	AG	22	130	1	1	BA1652	30608	8	7	0	0	0	0	0	0	0	0	0
A	AG	22	130	1	1	BA1652	30612	7	0	0	0	0	0	0	0	1	0	0
A	AG	22	130	1	1	BA1652	30618	7	8	2	0	1	0	0	0	0	0	0
A	AG	22	130	1	1	BA1652	30623	8	0	0	0	0	0	0	0	1	0	0
A	AG	22	130	1	1	BA1652	30628	8	7	0	0	0	0	0	0	0	0	0
A	AG	22	130	1	1	BA1652	30655	7	8	2	0	1	0	0	0	0	0	0
A	AG	22	130	1	1	BA1652	30657	8	0	0	0	0	0	0	0	1	0	0
A	AG	22	130	1	1	BA1652	30659	8	0	0	0	1	0	0	0	0	0	0
A	AG	22	130	1	1	BA1652	30665	8	7	0	0	0	0	0	0	0	0	0
A	AG	22	130	1	1	BA1652	30666	7	0	0	0	0	0	0	0	1	0	0
A	AG	22	130	1	1	BA1652	30667	7	8	2	0	1	0	0	0	0	0	0
A	AG	22	130	1	1	BA1652	30671	8	0	0	0	0	0	0	0	1	0	0
A	AG	22	130	1	1	BA1652	30677	8	7	0	0	1	0	0	0	0	0	0
A	AG	22	130	1	1	BA1652	30688	7	0	0	0	0	0	0	0	1	0	0
A	AG	22	130	1	1	BA1652	30691	7	8	2	0	1	0	0	0	0	0	0
A	AG	22	130	1	1	BA1652	30693	8	0	0	0	0	0	0	0	1	0	0
A	AG	22	130	1	1	BA1652	30697	8	0	0	0	1	0	0	0	0	0	0
A	AG	22	130	1	1	BA1652	30701	8	7	0	0	0	0	0	0	0	0	0
A	AG	22	130	1	1	BA1652	30704	7	0	0	0	0	0	0	0	1	0	0
A	AG	22	130	1	1	BA1652	30776	7	8	2	0	1	0	0	0	0	0	0
A	AG	22	130	1	1	BA1652	30786	8	7	0	0	0	0	0	0	0	0	0
A	AG	22	130	1	1	BA1652	30823	7	0	0	0	0	0	0	0	1	0	0
A	AG	22	130	1	1	BA1652	30899	7	8	2	0	1	0	0	0	0	0	0
A	AG	22	130	1	1	BA1652	30902	8	0	0	0	0	0	0	0	1	0	0
A	AG	22	130	1	1	BA1652	30909	8	7	0	0	0	0	0	0	0	0	0
A	AG	22	130	1	1	BA1652	30920	7	8	2	0	1	0	0	0	0	0	0
A	AG	22	130	1	1	BA1652	30926	8	0	0	0	0	0	0	0	1	0	0
A	AG	22	130	1	1	BA1652	30930	8	7	0	0	0	0	0	0	0	0	0
A	AG	22	130	1	1	BA1652	30931	7	8	2	0	1	0	0	0	0	0	0
A	AG	22	130	1	1	BA1652	30933	8	0	0	0	0	0	0	0	1	0	0
A	AG	22	130	1	1	BA1652	30941	8	7	0	0	0	0	0	0	0	0	0
A	AG	22	130	1	1	BA1652	30950	7	8	2	0	1	0	0	0	0	0	0
A	AG	22	130	1	1	BA1652	30960	8	7	0	0	0	0	0	0	0	0	0
A	AG	22	130	1	1	BA1652	30974	7	0	0	0	0	0	0	0	1	0	0
A	AG	22	130	1	1	BA1652	30978	7	8	2	0	1	0	0	0	0	0	0
A	AG	22	130	1	1	BA1652	30984	8	0	0	0	0	0	0	0	1	0	0
A	AG	22	130	1	1	BA1652	30988	8	7	0	0	0	0	0	0	0	0	0
A	AG	22	130	1	1	BA1652	30989	7	8	2	0	1	0	0	0	0	0	0
A	AG	22	130	1	1	BA1652	30999	8	7	0	0	0	0	0	0	0	0	0
A	AG	22	130	1	1	BA1652	31030	7	0	0	0	0	0	0	0	1	0	0
A	AG	22	130	1	1	BA1652	31129	7	8	2	0	1	0	0	0	0	0	0
A	AG	22	130	1	1	BA1652	31139	8	7	0	0	0	0	0	0	0	0	0
A	AG	22	130	1	1	BA1652	31173	7	0	0	0	0	0	0	0	1	0	0
A	AG	22	130	1	1	BA1652	31218	7	8	2	0	1	0	0	0	0	0	0
A	AG	22	130	1	1	BA1652	31226	8	0	0	0	0	0	0	0	1	0	0
A	AG	22	130	1	1	BA1652	31228	8	7	0	0	0	0	0	0	0	0	0
A	AG	22	130	1	1	BA1652	31304	7	8	2	0	1	0	0	0	0	0	0
A	AG	22	130	1	1	BA1652	31314	8	7	0	0	0	0	0	0	0	0	0
A	AG	22	130	1	1	BA1652	31318	7	0	0	0	0	0	0	0	1	0	0
A	AG	22	130	1	1	BA1652	31321	7	8	2	0	1	0	0	0	0	0	0
A	AG	22	130	1	1	BA1652	31331	8	9	0	0	0	0	0	0	0	0	0
A	AG	22	130	1	1	BA1652	31341	9	10	0	0	0	0	0	0	0	0	0
A	AG	22	130	1	1	BA1652	31344	10	0	0	0	0	0	0	0	1	0	0
A	AG	22	130	1	1	BA1652	31416	10	2	0	0	0	0	0	0	0	0	0
A	AG	22	130	1	1	BA1652	31417	2	6	0	0	0	0	0	0	0	0	0
A	AG	22	130	1	1	BA1652	32583	6	8	2	0	1	0	0	0	0	0	0
A	AG	22	130	1	1	BA1652	32591	8	0	0	0	0	0	0	0	1	0	0
A	AG	22	130	1	1	BA1652	32593	8	7	0	0	0	0	0	0	0	0	0
A	AG	22	130	1	1	BA1652	32669	7	8	2	0	1	0	0	0	0	0	0
A	AG	22	130	1	1	BA1652	32678	8	0	0	0	0	0	0	0	1	0	0
A	AG	22	130	1	1	BA1652	32679	8	7	0	0	0	0	0	0	0	0	0
A	AG	22	130	1	1	BA1652	32689	7	8	2	0	1	0	0	0	0	0	0
A	AG	22	130	1	1	BA1652	32697	8	0	0	0	0	0	0	0	1	0	0
A	AG	22	130	1	1	BA1652	32699	8	7	0	0	0	0	0	0	0	0	0
A	AG	22	130	1	1	BA1652	32704	7	8	2	0	1	0	0	0	0	0	0
A	AG	22	130	1	1	BA1652	32705	8	0	0	0	0	0	0	0	1	0	0
A	AG	22	130	1	1	BA1652	32714	8	7	0	0	0	0	0	0	0	0	0
A	AG	22	130	1	1	BA1652	32822	7	8	2	0	1	0	0	0	0	0	0
A	AG	22	130	1	1	BA1652	32824	8	0	0	0	0	0	0	0	1	0	0
A	AG	22	130	1	1	BA1652	32832	8	7	0	0	0	0	0	0	0	0	0
A	AG	22	130	1	1	BA1652	32847	7	8	2	0	1	0	0	0	0	0	0
A	AG	22	130	1	1	BA1652	32853	8	0	0	0	0	0	0	0	1	0	0
A	AG	22	130	1	1	BA1652	32857	8	7	0	0	0	0	0	0	0	0	0
A	AG	22	130	1	1	BA1652	32888	7	8	2	0	1	0	0	0	0	0	0
A	AG	22	130	1	1	BA1652	32892	8	0	0	0	0	0	0	0	1	0	0
A	AG	22	130	1	1	BA1652	32898	8	7	0	0	0	0	0	0	0	0	0
A	AG	22	130	1	1	BA1652	32931	7	8	2	0	1	0	0	0	0	0	0
A	AG	22	130	1	1	BA1652	32941	8	7	0	0	0	0	0	0	0	0	0
A	AG	22	130	1	1	BA1652	32943	7	0	0	0	0	0	0	0	1	0	0
A	AG	22	130	1	1	BA1652	32947	7	8	2	0	1	0	0	0	0	0	0
A	AG	22	130	1	1	BA1652	32957	8	7	0	0	0	0	0	0	1	0	0
A	AG	22	130	1	1	BA1652	32960	7	8	2	0	1	0	0	0	0	0	0
A	AG	22	130	1	1	BA1652	32966	8	0	0	0	0	0	0	0	1	0	0
A	AG	22	130	1	1	BA1652	32969	8	0	0	0	1	0	0	0	0	0	0
A	AG	22	130	1	1	BA1652	32970	8	7	0	0	0	0	0	0	0	0	0
A	AG	22	130	1	1	BA1652	32976	7	0	0	0	0	0	0	0	1	0	0
A	AG	22	130	1	1	BA1652	32977	7	8	2	0	1	0	0	0	0	0	0
A	AG	22	130	1	1	BA1652	32984	8	0	0	0	0	0	0	0	1	0	0
A	AG	22	130	1	1	BA1652	32987	8	7	0	0	1	0	0	0	0	0	0
A	AG	22	130	1	1	BA1652	32999	7	0	0	0	0	0	0	0	1	0	0
A	AG	22	130	1	1	BA1652	33068	7	8	2	0	1	0	0	0	0	0	0
A	AG	22	130	1	1	BA1652	33073	8	0	0	0	0	0	0	0	1	0	0
A	AG	22	130	1	1	BA1652	33075	8	0	0	0	1	0	0	0	0	0	0
A	AG	22	130	1	1	BA1652	33078	8	7	0	0	0	0	0	0	0	0	0
A	AG	22	130	1	1	BA1652	33097	7	0	0	0	0	0	0	0	1	0	0
A	AG	22	130	1	1	BA1652	33117	7	8	2	0	1	0	0	0	0	0	0
A	AG	22	130	1	1	BA1652	33127	8	7	0	0	0	0	0	0	0	0	0
A	AG	22	130	1	1	BA1652	33130	7	0	0	0	0	0	0	0	1	0	0
A	AG	22	130	1	1	BA1652	33244	7	8	2	0	1	0	0	0	0	0	0
A	AG	22	130	1	1	BA1652	33249	8	0	0	0	0	0	0	0	1	0	0
A	AG	22	130	1	1	BA1652	33250	8	0	0	0	1	0	0	0	0	0	0
A	AG	22	130	1	1	BA1652	33254	8	7	0	0	0	0	0	0	0	0	0
A	AG	22	130	1	1	BA1652	33261	7	0	0	0	0	0	0	0	1	0	0
A	AG	22	130	1	1	BA1652	33269	7	8	2	0	1	0	0	0	0	0	0
A	AG	22	130	1	1	BA1652	33271	8	0	0	0	0	0	0	0	1	0	0
A	AG	22	130	1	1	BA1652	33273	8	0	0	0	1	0	0	0	0	0	0
A	AG	22	130	1	1	BA1652	33279	8	7	0	0	0	0	0	0	0	0	0
A	AG	22	130	1	1	BA1652	33282	7	0	0	0	0	0	0	0	1	0	0
A	AG	22	130	1	1	BA1652	33284	7	8	2	0	1	0	0	0	0	0	0
A	AG	22	130	1	1	BA1652	33294	8	7	0	0	0	0	0	0	0	0	0
A	AG	22	130	1	1	BA1652	33305	7	0	0	0	0	0	0	0	1	0	0
A	AG	22	130	1	1	BA1652	33359	7	8	2	0	1	0	0	0	0	0	0
A	AG	22	130	1	1	BA1652	33365	8	0	0	0	0	0	0	0	1	0	0
A	AG	22	130	1	1	BA1652	33369	8	7	0	0	0	0	0	0	0	0	0
A	AG	22	130	1	1	BA1652	33374	7	8	2	0	1	0	0	0	0	0	0
A	AG	22	130	1	1	BA1652	33380	8	0	0	0	0	0	0	0	1	0	0
A	AG	22	130	1	1	BA1652	33384	8	7	0	0	0	0	0	0	0	0	0
A	AG	22	130	1	1	BA1652	33389	7	8	2	0	1	0	0	0	0	0	0
A	AG	22	130	1	1	BA1652	33397	8	0	0	0	0	0	0	0	1	0	0
A	AG	22	130	1	1	BA1652	33399	8	7	0	0	0	0	0	0	0	0	0
A	AG	22	130	1	1	BA1652	33414	7	8	2	0	1	0	0	0	0	0	0
A	AG	22	130	1	1	BA1652	33419	8	0	0	0	0	0	0	0	1	0	0
A	AG	22	130	1	1	BA1652	33424	8	9	0	0	0	0	0	0	0	0	0
A	AG	22	130	1	1	BA1652	33434	9	10	0	0	0	0	0	0	0	0	0
A	AG	22	130	1	1	BA1652	33509	10	2	0	0	0	0	0	0	0	0	0
A	AG	22	130	1	1	BA1652	33510	2	3	0	0	0	0	0	0	0	0	0
A	AG	22	130	1	1	BA1652	33624	3	5	1	1	0	0	0	0	0	0	0
A	AG	22	130	1	1	BA1652	33629	5	0	0	0	0	0	0	1	0	0	0
A	AG	22	130	1	1	BA1652	33633	5	0	0	1	0	0	0	0	0	0	0
A	AG	22	130	1	1	BA1652	33634	5	4	0	0	0	0	0	0	0	0	0
A	AG	22	130	1	1	BA1652	33644	4	0	0	0	0	0	0	1	0	0	0
A	AG	22	130	1	1	BA1652	33652	4	5	1	1	0	0	0	0	0	0	0
A	AG	22	130	1	1	BA1652	33659	5	0	0	0	0	0	0	1	0	0	0
A	AG	22	130	1	1	BA1652	33662	5	4	0	0	0	0	0	0	0	0	0
A	AG	22	130	1	1	BA1652	33664	4	5	1	1	0	0	0	0	0	0	0
A	AG	22	130	1	1	BA1652	33670	5	0	0	0	0	0	0	1	0	0	0
A	AG	22	130	1	1	BA1652	33674	5	4	0	0	0	0	0	0	0	0	0
A	AG	22	130	1	1	BA1652	33682	4	5	1	1	0	0	0	0	0	0	0
A	AG	22	130	1	1	BA1652	33684	5	0	0	0	0	0	0	1	0	0	0
A	AG	22	130	1	1	BA1652	33692	5	4	0	1	0	0	0	0	0	0	0
A	AG	22	130	1	1	BA1652	33710	4	0	0	0	0	0	0	1	0	0	0
A	AG	22	130	1	1	BA1652	33714	4	5	1	1	0	0	0	0	0	0	0
A	AG	22	130	1	1	BA1652	33724	5	9	0	0	0	0	0	0	0	0	0
A	AG	22	130	1	1	BA1652	33730	9	0	0	0	0	0	0	1	0	0	0
A	AG	22	130	1	1	BA1652	33734	9	10	0	0	0	0	0	0	0	0	0
A	AG	22	130	1	1	BA1652	33809	10	2	0	0	0	0	0	0	0	0	0
A	AG	22	130	1	1	BA1652	33810	2	3	0	0	0	0	0	0	0	0	0
A	AG	22	130	1	1	BA1652	33904	3	5	1	1	0	0	0	0	0	0	0
A	AG	22	130	1	1	BA1652	33914	5	4	0	0	0	0	0	0	0	0	0
A	AG	22	130	1	1	BA1652	33923	4	0	0	0	0	0	0	1	0	0	0
A	AG	22	130	1	1	BA1652	33932	4	5	1	1	0	0	0	0	0	0	0
A	AG	22	130	1	1	BA1652	33937	5	0	0	0	0	0	0	1	0	0	0
A	AG	22	130	1	1	BA1652	33940	5	0	0	1	0	0	0	0	0	0	0
A	AG	22	130	1	1	BA1652	33942	5	4	0	0	0	0	0	0	0	0	0
A	AG	22	130	1	1	BA1652	33956	4	0	0	0	0	0	0	1	0	0	0
A	AG	22	130	1	1	BA1652	33961	4	5	1	1	0	0	0	0	0	0	0
A	AG	22	130	1	1	BA1652	33965	5	0	0	0	0	0	0	1	0	0	0
A	AG	22	130	1	1	BA1652	33969	5	0	0	1	0	0	0	0	0	0	0
A	AG	22	130	1	1	BA1652	33971	5	4	0	0	0	0	0	0	0	0	0
A	AG	22	130	1	1	BA1652	33995	4	0	0	0	0	0	0	1	0	0	0
A	AG	22	130	1	1	BA1652	33999	4	5	1	1	0	0	0	0	0	0	0
A	AG	22	130	1	1	BA1652	34006	5	0	0	0	0	0	0	1	0	0	0
A	AG	22	130	1	1	BA1652	34009	5	4	0	0	0	0	0	0	0	0	0
A	AG	22	130	1	1	BA1652	34011	4	5	1	1	0	0	0	0	0	0	0
A	AG	22	130	1	1	BA1652	34021	5	9	0	0	0	0	0	0	0	0	0
A	AG	22	130	1	1	BA1652	34030	9	0	0	0	0	0	0	1	0	0	0
A	AG	22	130	1	1	BA1652	34031	9	10	0	0	0	0	0	0	0	0	0
A	AG	22	130	1	1	BA1652	34106	10	2	0	0	0	0	0	0	0	0	0
A	AG	22	130	1	1	BA1652	34107	2	3	0	0	0	0	0	0	0	0	0
A	AG	22	130	1	1	BA1652	34188	3	5	1	1	0	0	0	0	0	0	0
A	AG	22	130	1	1	BA1652	34198	5	4	0	0	0	0	0	0	0	0	0
A	AG	22	130	1	1	BA1652	34203	4	0	0	0	0	0	0	1	0	0	0
A	AG	22	130	1	1	BA1652	34204	4	5	1	1	0	0	0	0	0	0	0
A	AG	22	130	1	1	BA1652	34206	5	0	0	0	0	0	0	1	0	0	0
A	AG	22	130	1	1	BA1652	34208	5	0	0	1	0	0	0	0	0	0	0
A	AG	22	130	1	1	BA1652	34214	5	4	0	0	0	0	0	0	0	0	0
A	AG	22	130	1	1	BA1652	34224	4	0	0	0	0	0	0	1	0	0	0
A	AG	22	130	1	1	BA1652	34228	4	5	1	1	0	0	0	0	0	0	0
A	AG	22	130	1	1	BA1652	34234	5	0	0	0	0	0	0	1	0	0	0
A	AG	22	130	1	1	BA1652	34238	5	4	0	1	0	0	0	0	0	0	0
A	AG	22	130	1	1	BA1652	34248	4	0	0	0	0	0	0	1	0	0	0
A	AG	22	130	1	1	BA1652	34253	4	5	1	1	0	0	0	0	0	0	0
A	AG	22	130	1	1	BA1652	34263	5	4	0	0	0	0	0	0	0	0	0
A	AG	22	130	1	1	BA1652	34304	4	0	0	0	0	0	0	1	0	0	0
A	AG	22	130	1	1	BA1652	34306	4	5	1	1	0	0	0	0	0	0	0
A	AG	22	130	1	1	BA1652	34316	5	9	0	0	0	0	0	0	0	0	0
A	AG	22	130	1	1	BA1652	34325	9	0	0	0	0	0	0	1	0	0	0
A	AG	22	130	1	1	BA1652	34326	9	10	0	0	0	0	0	0	0	0	0
A	AG	22	130	1	1	BA1652	34401	10	2	0	0	0	0	0	0	0	0	0
A	AG	22	130	1	1	BA1652	34402	2	6	0	0	0	0	0	0	0	0	0
A	AG	22	130	1	1	BA1652	35290	6	8	2	0	1	0	0	0	0	0	0
A	AG	22	130	1	1	BA1652	35300	8	7	0	0	0	0	0	0	0	0	0
A	AG	22	130	1	1	BA1652	35313	7	0	0	0	0	0	0	0	1	0	0
A	AG	22	130	1	1	BA1652	35458	7	8	2	0	1	0	0	0	0	0	0
A	AG	22	130	1	1	BA1652	35468	8	7	0	0	0	0	0	0	0	0	0
A	AG	22	130	1	1	BA1652	35478	7	0	0	0	0	0	0	0	1	0	0
A	AG	22	130	1	1	BA1652	35547	7	8	2	0	1	0	0	0	0	0	0
A	AG	22	130	1	1	BA1652	35552	8	0	0	0	0	0	0	0	1	0	0
A	AG	22	130	1	1	BA1652	35553	8	0	0	0	1	0	0	0	0	0	0
A	AG	22	130	1	1	BA1652	35555	8	0	0	0	0	0	0	0	1	0	0
A	AG	22	130	1	1	BA1652	35557	8	7	0	0	0	0	0	0	0	0	0
A	AG	22	130	1	1	BA1652	35562	7	8	2	0	1	0	0	0	0	0	0
A	AG	22	130	1	1	BA1652	35572	8	7	0	0	0	0	0	0	0	0	0
A	AG	22	130	1	1	BA1652	35617	7	0	0	0	0	0	0	0	1	0	0
A	AG	22	130	1	1	BA1652	35628	7	8	2	0	1	0	0	0	0	0	0
A	AG	22	130	1	1	BA1652	35631	8	0	0	0	0	0	0	0	1	0	0
A	AG	22	130	1	1	BA1652	35638	8	7	0	0	0	0	0	0	0	0	0
A	AG	22	130	1	1	BA1652	35667	7	8	2	0	1	0	0	0	0	0	0
A	AG	22	130	1	1	BA1652	35677	8	7	0	0	0	0	0	0	0	0	0
A	AG	22	130	1	1	BA1652	35686	7	0	0	0	0	0	0	0	1	0	0
A	AG	22	130	1	1	BA1652	35702	7	8	2	0	1	0	0	0	0	0	0
A	AG	22	130	1	1	BA1652	35707	8	0	0	0	0	0	0	0	1	0	0
A	AG	22	130	1	1	BA1652	35711	8	0	0	0	1	0	0	0	0	0	0
A	AG	22	130	1	1	BA1652	35712	8	7	0	0	0	0	0	0	0	0	0
A	AG	22	130	1	1	BA1652	35730	7	0	0	0	0	0	0	0	1	0	0
A	AG	22	130	1	1	BA1652	35735	7	8	2	0	1	0	0	0	0	0	0
A	AG	22	130	1	1	BA1652	35743	8	0	0	0	0	0	0	0	1	0	0
A	AG	22	130	1	1	BA1652	35745	8	7	0	0	0	0	0	0	0	0	0
A	AG	22	130	1	1	BA1652	35759	7	8	2	0	1	0	0	0	0	0	0
A	AG	22	130	1	1	BA1652	35763	8	0	0	0	0	0	0	0	1	0	0
A	AG	22	130	1	1	BA1652	35769	8	7	0	0	0	0	0	0	0	0	0
A	AG	22	130	1	1	BA1652	35912	7	8	2	0	1	0	0	0	0	0	0
A	AG	22	130	1	1	BA1652	35922	8	7	0	0	0	0	0	0	0	0	0
A	AG	22	130	1	1	BA1652	35937	7	0	0	0	0	0	0	0	1	0	0
A	AG	22	130	1	1	BA1652	35946	7	8	2	0	1	0	0	0	0	0	0
A	AG	22	130	1	1	BA1652	35956	8	7	0	0	0	0	0	0	0	0	0
A	AG	22	130	1	1	BA1652	35970	7	0	0	0	0	0	0	0	1	0	0
A	AG	22	130	1	1	BA1652	35988	7	8	2	0	1	0	0	0	0	0	0
A	AG	22	130	1	1	BA1652	35993	8	0	0	0	0	0	0	0	1	0	0
A	AG	22	130	1	1	BA1652	35998	8	7	0	0	0	0	0	0	0	0	0
A	AG	22	130	1	1	BA1652	36067	7	8	2	0	1	0	0	0	0	0	0
A	AG	22	130	1	1	BA1652	36074	8	0	0	0	0	0	0	0	1	0	0
A	AG	22	130	1	1	BA1652	36077	8	7	0	0	0	0	0	0	0	0	0
A	AG	22	130	1	1	BA1652	36083	7	8	2	0	1	0	0	0	1	0	0
A	AG	22	130	1	1	BA1652	36084	8	0	0	0	1	0	0	0	0	0	0
A	AG	22	130	1	1	BA1652	36092	8	0	0	0	0	0	0	0	1	0	0
A	AG	22	130	1	1	BA1652	36093	8	7	0	0	0	0	0	0	0	0	0
A	AG	22	130	1	1	BA1652	36099	7	8	2	0	1	0	0	0	0	0	0
A	AG	22	130	1	1	BA1652	36109	8	7	0	0	0	0	0	0	0	0	0
A	AG	22	130	1	1	BA1652	36110	7	0	0	0	0	0	0	0	1	0	0
A	AG	22	130	1	1	BA1652	36121	7	8	2	0	1	0	0	0	0	0	0
A	AG	22	130	1	1	BA1652	36131	8	7	0	0	0	0	0	0	0	0	0
A	AG	22	130	1	1	BA1652	36136	7	0	0	0	0	0	0	0	1	0	0
A	AG	22	130	1	1	BA1652	36140	7	8	2	0	1	0	0	0	0	0	0
A	AG	22	130	1	1	BA1652	36145	8	0	0	0	0	0	0	0	1	0	0
A	AG	22	130	1	1	BA1652	36150	8	7	0	0	0	0	0	0	0	0	0
A	AG	22	130	1	1	BA1652	36162	7	8	2	0	1	0	0	0	0	0	0
A	AG	22	130	1	1	BA1652	36165	8	0	0	0	0	0	0	0	1	0	0
A	AG	22	130	1	1	BA1652	36172	8	7	0	0	0	0	0	0	0	0	0
A	AG	22	130	1	1	BA1652	36196	7	8	2	0	1	0	0	0	0	0	0
A	AG	22	130	1	1	BA1652	36200	8	0	0	0	0	0	0	0	1	0	0
A	AG	22	130	1	1	BA1652	36206	8	7	0	0	0	0	0	0	0	0	0
A	AG	22	130	1	1	BA1652	36217	7	8	2	0	1	0	0	0	0	0	0
A	AG	22	130	1	1	BA1652	36227	8	9	0	0	0	0	0	0	0	0	0
A	AG	22	130	1	1	BA1652	36237	9	10	0	0	0	0	0	0	1	0	0
A	AG	22	130	1	1	BA1652	36312	10	2	0	0	0	0	0	0	0	0	0
A	AG	22	130	1	1	BA1652	36313	2	3	0	0	0	0	0	0	0	0	0
A	AG	22	130	1	1	BA1652	36422	3	5	1	1	0	0	0	0	0	0	0
A	AG	22	130	1	1	BA1652	36429	5	0	0	0	0	0	0	1	0	0	0
A	AG	22	130	1	1	BA1652	36431	5	0	0	1	0	0	0	0	0	0	0
A	AG	22	130	1	1	BA1652	36432	5	4	0	0	0	0	0	0	0	0	0
A	AG	22	130	1	1	BA1652	36441	4	0	0	0	0	0	0	1	0	0	0
A	AG	22	130	1	1	BA1652	36448	4	5	1	1	0	0	0	0	0	0	0
A	AG	22	130	1	1	BA1652	36455	5	0	0	0	0	0	0	1	0	0	0
A	AG	22	130	1	1	BA1652	36458	5	4	0	0	0	0	0	0	0	0	0
A	AG	22	130	1	1	BA1652	36464	4	5	1	1	0	0	0	0	0	0	0
A	AG	22	130	1	1	BA1652	36470	5	0	0	0	0	0	0	1	0	0	0
A	AG	22	130	1	1	BA1652	36473	5	0	0	1	0	0	0	0	0	0	0
A	AG	22	130	1	1	BA1652	36474	5	4	0	0	0	0	0	0	0	0	0
A	AG	22	130	1	1	BA1652	36480	4	0	0	0	0	0	0	1	0	0	0
A	AG	22	130	1	1	BA1652	36481	4	5	1	1	0	0	0	0	0	0	0
A	AG	22	130	1	1	BA1652	36491	5	4	0	0	0	0	0	0	0	0	0
A	AG	22	130	1	1	BA1652	36503	4	5	1	1	0	0	0	1	0	0	0
A	AG	22	130	1	1	BA1652	36506	5	0	0	0	0	0	0	1	0	0	0
A	AG	22	130	1	1	BA1652	36513	5	9	0	0	0	0	0	0	0	0	0
A	AG	22	130	1	1	BA1652	36521	9	0	0	1	0	0	0	0	0	0	0
A	AG	22	130	1	1	BA1652	36523	9	10	0	0	0	0	0	1	0	0	0
A	AG	22	130	1	1	BA1652	36598	10	2	0	0	0	0	0	0	0	0	0
A	AG	22	130	1	1	BA1652	36599	2	6	0	0	0	0	0	0	0	0	0
A	AG	22	130	1	1	BA1652	37440	6	8	2	0	1	0	0	0	0	0	0
A	AG	22	130	1	1	BA1652	37450	8	7	0	0	0	0	0	0	0	0	0
A	AG	22	130	1	1	BA1652	37457	7	0	0	0	0	0	0	0	1	0	0
A	AG	22	130	1	1	BA1652	37476	7	8	2	0	1	0	0	0	0	0	0
A	AG	22	130	1	1	BA1652	37486	8	7	0	0	0	0	0	0	0	0	0
A	AG	22	130	1	1	BA1652	37503	7	0	0	0	0	0	0	0	1	0	0
A	AG	22	130	1	1	BA1652	37550	7	8	2	0	1	0	0	0	0	0	0
A	AG	22	130	1	1	BA1652	37554	8	0	0	0	0	0	0	0	1	0	0
A	AG	22	130	1	1	BA1652	37557	8	0	0	0	1	0	0	0	0	0	0
A	AG	22	130	1	1	BA1652	37560	8	7	0	0	0	0	0	0	0	0	0
A	AG	22	130	1	1	BA1652	37575	7	0	0	0	0	0	0	0	1	0	0
A	AG	22	130	1	1	BA1652	37640	7	8	2	0	1	0	0	0	0	0	0
A	AG	22	130	1	1	BA1652	37650	8	7	0	0	0	0	0	0	0	0	0
A	AG	22	130	1	1	BA1652	37670	7	0	0	0	0	0	0	0	1	0	0
A	AG	22	130	1	1	BA1652	37687	7	8	2	0	1	0	0	0	0	0	0
A	AG	22	130	1	1	BA1652	37690	8	0	0	0	0	0	0	0	1	0	0
A	AG	22	130	1	1	BA1652	37697	8	7	0	0	0	0	0	0	0	0	0
A	AG	22	130	1	1	BA1652	37789	7	8	2	0	1	0	0	0	0	0	0
A	AG	22	130	1	1	BA1652	37792	8	0	0	0	0	0	0	0	1	0	0
A	AG	22	130	1	1	BA1652	37799	8	7	0	0	0	0	0	0	0	0	0
A	AG	22	130	1	1	BA1652	37806	7	8	2	0	1	0	0	0	0	0	0
A	AG	22	130	1	1	BA1652	37808	8	0	0	0	0	0	0	0	1	0	0
A	AG	22	130	1	1	BA1652	37809	8	0	0	0	1	0	0	0	0	0	0
A	AG	22	130	1	1	BA1652	37816	8	7	0	0	0	0	0	0	1	0	0
A	AG	22	130	1	1	BA1652	37817	7	8	2	0	1	0	0	0	0	0	0
A	AG	22	130	1	1	BA1652	37822	8	0	0	0	0	0	0	0	1	0	0
A	AG	22	130	1	1	BA1652	37825	8	0	0	0	1	0	0	0	0	0	0
A	AG	22	130	1	1	BA1652	37827	8	7	0	0	0	0	0	0	0	0	0
A	AG	22	130	1	1	BA1652	37834	7	0	0	0	0	0	0	0	1	0	0
A	AG	22	130	1	1	BA1652	37862	7	8	2	0	1	0	0	0	0	0	0
A	AG	22	130	1	1	BA1652	37872	8	7	0	0	0	0	0	0	0	0	0
A	AG	22	130	1	1	BA1652	37879	7	0	0	0	0	0	0	0	1	0	0
A	AG	22	130	1	1	BA1652	37962	7	8	2	0	1	0	0	0	0	0	0
A	AG	22	130	1	1	BA1652	37966	8	0	0	0	0	0	0	0	1	0	0
A	AG	22	130	1	1	BA1652	37972	8	7	0	0	0	0	0	0	0	0	0
A	AG	22	130	1	1	BA1652	37979	7	8	2	0	1	0	0	0	0	0	0
A	AG	22	130	1	1	BA1652	37980	8	0	0	0	0	0	0	0	1	0	0
A	AG	22	130	1	1	BA1652	37989	8	7	0	0	0	0	0	0	0	0	0
A	AG	22	130	1	1	BA1652	38020	7	8	2	0	1	0	0	0	0	0	0
A	AG	22	130	1	1	BA1652	38030	8	7	0	0	0	0	0	0	0	0	0
A	AG	22	130	1	1	BA1652	38037	7	0	0	0	0	0	0	0	1	0	0
A	AG	22	130	1	1	BA1652	38041	7	8	2	0	1	0	0	0	0	0	0
A	AG	22	130	1	1	BA1652	38045	8	0	0	0	0	0	0	0	1	0	0
A	AG	22	130	1	1	BA1652	38051	8	7	0	0	0	0	0	0	0	0	0
A	AG	22	130	1	1	BA1652	38059	7	8	2	0	1	0	0	0	0	0	0
A	AG	22	130	1	1	BA1652	38060	8	0	0	0	0	0	0	0	1	0	0
A	AG	22	130	1	1	BA1652	38069	8	7	0	0	0	0	0	0	0	0	0
A	AG	22	130	1	1	BA1652	38070	7	8	2	0	1	0	0	0	0	0	0
A	AG	22	130	1	1	BA1652	38072	8	0	0	0	0	0	0	0	1	0	0
A	AG	22	130	1	1	BA1652	38074	8	0	0	0	1	0	0	0	0	0	0
A	AG	22	130	1	1	BA1652	38080	8	7	0	0	0	0	0	0	0	0	0
A	AG	22	130	1	1	BA1652	38086	7	0	0	0	0	0	0	0	1	0	0
A	AG	22	130	1	1	BA1652	38100	7	8	2	0	1	0	0	0	0	0	0
A	AG	22	130	1	1	BA1652	38104	8	0	0	0	0	0	0	0	1	0	0
A	AG	22	130	1	1	BA1652	38106	8	0	0	0	1	0	0	0	0	0	0
A	AG	22	130	1	1	BA1652	38110	8	7	0	0	0	0	0	0	0	0	0
A	AG	22	130	1	1	BA1652	38115	7	0	0	0	0	0	0	0	1	0	0
A	AG	22	130	1	1	BA1652	38119	7	8	2	0	1	0	0	0	0	0	0
A	AG	22	130	1	1	BA1652	38123	8	0	0	0	0	0	0	0	1	0	0
A	AG	22	130	1	1	BA1652	38129	8	7	0	0	0	0	0	0	0	0	0
A	AG	22	130	1	1	BA1652	38130	7	8	2	0	1	0	0	0	0	0	0
A	AG	22	130	1	1	BA1652	38140	8	7	0	0	0	0	0	0	0	0	0
A	AG	22	130	1	1	BA1652	38147	7	0	0	0	0	0	0	0	1	0	0
A	AG	22	130	1	1	BA1652	38148	7	8	2	0	1	0	0	0	0	0	0
A	AG	22	130	1	1	BA1652	38155	8	0	0	0	0	0	0	0	1	0	0
A	AG	22	130	1	1	BA1652	38158	8	7	0	0	0	0	0	0	0	0	0
A	AG	22	130	1	1	BA1652	38168	7	8	2	0	1	0	0	0	0	0	0
A	AG	22	130	1	1	BA1652	38178	8	9	0	0	0	0	0	0	0	0	0
A	AG	22	130	1	1	BA1652	38179	9	0	0	0	0	0	0	0	1	0	0
A	AG	22	130	1	1	BA1652	38188	9	10	0	0	0	0	0	0	0	0	0
A	AG	22	130	1	1	BA1652	38263	10	2	0	0	0	0	0	0	0	0	0
A	AG	22	130	1	1	BA1652	38264	2	3	0	0	0	0	0	0	0	0	0
A	AG	22	130	1	1	BA1652	38371	3	5	1	1	0	0	0	0	0	0	0
A	AG	22	130	1	1	BA1652	38380	5	0	0	0	0	0	0	1	0	0	0
A	AG	22	130	1	1	BA1652	38381	5	4	0	0	0	0	0	0	0	0	0
A	AG	22	130	1	1	BA1652	38389	4	5	1	1	0	0	0	0	0	0	0
A	AG	22	130	1	1	BA1652	38398	5	0	0	0	0	0	0	1	0	0	0
A	AG	22	130	1	1	BA1652	38399	5	4	0	0	0	0	0	0	0	0	0
A	AG	22	130	1	1	BA1652	38403	4	5	1	1	0	0	0	0	0	0	0
A	AG	22	130	1	1	BA1652	38405	5	0	0	0	0	0	0	1	0	0	0
A	AG	22	130	1	1	BA1652	38413	5	4	0	0	0	0	0	0	0	0	0
A	AG	22	130	1	1	BA1652	38421	4	5	1	1	0	0	0	0	0	0	0
A	AG	22	130	1	1	BA1652	38431	5	4	0	0	0	0	0	0	0	0	0
A	AG	22	130	1	1	BA1652	38443	4	0	0	0	0	0	0	1	0	0	0
A	AG	22	130	1	1	BA1652	38461	4	5	1	1	0	0	0	0	0	0	0
A	AG	22	130	1	1	BA1652	38471	5	9	0	0	0	0	0	0	0	0	0
A	AG	22	130	1	1	BA1652	38476	9	0	0	0	0	0	0	1	0	0	0
A	AG	22	130	1	1	BA1652	38481	9	10	0	0	0	0	0	0	0	0	0
A	AG	22	130	1	1	BA1652	38556	10	2	0	0	0	0	0	0	0	0	0
A	AG	22	130	1	1	BA1652	38557	2	3	0	0	0	0	0	0	0	0	0
A	AG	22	130	1	1	BA1652	38628	3	5	1	1	0	0	0	0	0	0	0
A	AG	22	130	1	1	BA1652	38638	5	4	0	0	0	0	0	0	0	0	0
A	AG	22	130	1	1	BA1652	38642	4	0	0	0	0	0	0	1	0	0	0
A	AG	22	130	1	1	BA1652	38643	4	5	1	1	0	0	0	0	0	0	0
A	AG	22	130	1	1	BA1652	38653	5	4	0	0	0	0	0	0	0	0	0
A	AG	22	130	1	1	BA1652	38661	4	0	0	0	0	0	0	1	0	0	0
A	AG	22	130	1	1	BA1652	38666	4	5	1	1	0	0	0	0	0	0	0
A	AG	22	130	1	1	BA1652	38676	5	4	0	0	0	0	0	0	0	0	0
A	AG	22	130	1	1	BA1652	38678	4	0	0	0	0	0	0	1	0	0	0
A	AG	22	130	1	1	BA1652	38683	4	5	1	1	0	0	0	0	0	0	0
A	AG	22	130	1	1	BA1652	38693	5	4	0	0	0	0	0	0	0	0	0
A	AG	22	130	1	1	BA1652	38696	4	0	0	0	0	0	0	1	0	0	0
A	AG	22	130	1	1	BA1652	38701	4	5	1	1	0	0	0	0	0	0	0
A	AG	22	130	1	1	BA1652	38711	5	9	0	0	0	0	0	0	0	0	0
A	AG	22	130	1	1	BA1652	38721	9	-1	0	0	0	0	0	0	0	0	0
