Project	UserID	Protocol	Session	Station	Run	Subject	Time	Current State	Transition State	Transition Event	A1 - 	A2 - 	A3 - 	A4 - 	A[1] 	A[2] 	A[3] 	A[4] 
A	BL	20	104	1	2	BA1652	0	0	1	0	0	0	0	0	0	0	0	0
A	BL	20	104	1	2	BA1652	50	1	2	0	0	0	0	0	0	0	0	0
A	BL	20	104	1	2	BA1652	51	2	6	0	0	0	0	0	0	0	0	0
A	BL	20	104	1	2	BA1652	769	6	8	2	0	1	0	0	0	0	0	0
A	BL	20	104	1	2	BA1652	779	8	7	0	0	0	0	0	0	0	0	0
A	BL	20	104	1	2	BA1652	798	7	0	0	0	0	0	0	0	1	0	0
A	BL	20	104	1	2	BA1652	914	7	8	2	0	1	0	0	0	0	0	0
A	BL	20	104	1	2	BA1652	924	8	7	0	0	0	0	0	0	0	0	0
A	BL	20	104	1	2	BA1652	934	7	0	0	0	0	0	0	0	1	0	0
A	BL	20	104	1	2	BA1652	1196	7	8	2	0	1	0	0	0	0	0	0
A	BL	20	104	1	2	BA1652	1201	8	0	0	0	0	0	0	0	1	0	0
A	BL	20	104	1	2	BA1652	1206	8	7	0	0	0	0	0	0	0	0	0
A	BL	20	104	1	2	BA1652	1211	7	8	2	0	1	0	0	0	0	0	0
A	BL	20	104	1	2	BA1652	1215	8	0	0	0	0	0	0	0	1	0	0
A	BL	20	104	1	2	BA1652	1220	8	0	0	0	1	0	0	0	0	0	0
A	BL	20	104	1	2	BA1652	1221	8	7	0	0	0	0	0	0	0	0	0
A	BL	20	104	1	2	BA1652	1244	7	0	0	0	0	0	0	0	1	0	0
A	BL	20	104	1	2	BA1652	1261	7	8	2	0	1	0	0	0	0	0	0
A	BL	20	104	1	2	BA1652	1263	8	0	0	0	0	0	0	0	1	0	0
A	BL	20	104	1	2	BA1652	1271	8	7	0	0	0	0	0	0	0	0	0
A	BL	20	104	1	2	BA1652	1277	7	8	2	0	1	0	0	0	0	0	0
A	BL	20	104	1	2	BA1652	1287	8	7	0	0	0	0	0	0	0	0	0
A	BL	20	104	1	2	BA1652	1298	7	0	0	0	0	0	0	0	1	0	0
A	BL	20	104	1	2	BA1652	1322	7	8	2	0	1	0	0	0	0	0	0
A	BL	20	104	1	2	BA1652	1332	8	7	0	0	0	0	0	0	0	0	0
A	BL	20	104	1	2	BA1652	1334	7	0	0	0	0	0	0	0	1	0	0
A	BL	20	104	1	2	BA1652	1339	7	8	2	0	1	0	0	0	0	0	0
A	BL	20	104	1	2	BA1652	1343	8	0	0	0	0	0	0	0	1	0	0
A	BL	20	104	1	2	BA1652	1349	8	7	0	0	0	0	0	0	0	0	0
A	BL	20	104	1	2	BA1652	1383	7	8	2	0	1	0	0	0	0	0	0
A	BL	20	104	1	2	BA1652	1392	8	0	0	0	0	0	0	0	1	0	0
A	BL	20	104	1	2	BA1652	1393	8	7	0	0	0	0	0	0	0	0	0
A	BL	20	104	1	2	BA1652	1394	7	8	2	0	1	0	0	0	0	0	0
A	BL	20	104	1	2	BA1652	1398	8	0	0	0	0	0	0	0	1	0	0
A	BL	20	104	1	2	BA1652	1403	8	0	0	0	1	0	0	0	0	0	0
A	BL	20	104	1	2	BA1652	1404	8	7	0	0	0	0	0	0	0	0	0
A	BL	20	104	1	2	BA1652	1446	7	0	0	0	0	0	0	0	1	0	0
A	BL	20	104	1	2	BA1652	1469	7	8	2	0	1	0	0	0	0	0	0
A	BL	20	104	1	2	BA1652	1475	8	0	0	0	0	0	0	0	1	0	0
A	BL	20	104	1	2	BA1652	1479	8	7	0	0	0	0	0	0	0	0	0
A	BL	20	104	1	2	BA1652	1480	7	8	2	0	1	0	0	0	0	0	0
A	BL	20	104	1	2	BA1652	1490	8	7	0	0	0	0	0	0	0	0	0
A	BL	20	104	1	2	BA1652	1496	7	0	0	0	0	0	0	0	1	0	0
A	BL	20	104	1	2	BA1652	1542	7	8	2	0	1	0	0	0	0	0	0
A	BL	20	104	1	2	BA1652	1549	8	0	0	0	0	0	0	0	1	0	0
A	BL	20	104	1	2	BA1652	1552	8	7	0	0	1	0	0	0	0	0	0
A	BL	20	104	1	2	BA1652	1569	7	0	0	0	0	0	0	0	1	0	0
A	BL	20	104	1	2	BA1652	1573	7	8	2	0	1	0	0	0	0	0	0
A	BL	20	104	1	2	BA1652	1583	8	7	0	0	0	0	0	0	0	0	0
A	BL	20	104	1	2	BA1652	1586	7	0	0	0	0	0	0	0	1	0	0
A	BL	20	104	1	2	BA1652	1594	7	8	2	0	1	0	0	0	0	0	0
A	BL	20	104	1	2	BA1652	1604	8	7	0	0	0	0	0	0	0	0	0
A	BL	20	104	1	2	BA1652	1616	7	0	0	0	0	0	0	0	1	0	0
A	BL	20	104	1	2	BA1652	1660	7	8	2	0	1	0	0	0	0	0	0
A	BL	20	104	1	2	BA1652	1667	8	0	0	0	0	0	0	0	1	0	0
A	BL	20	104	1	2	BA1652	1670	8	7	0	0	0	0	0	0	0	0	0
A	BL	20	104	1	2	BA1652	1671	7	8	2	0	1	0	0	0	0	0	0
A	BL	20	104	1	2	BA1652	1681	8	7	0	0	0	0	0	0	0	0	0
A	BL	20	104	1	2	BA1652	1697	7	0	0	0	0	0	0	0	1	0	0
A	BL	20	104	1	2	BA1652	1699	7	8	2	0	1	0	0	0	0	0	0
A	BL	20	104	1	2	BA1652	1709	8	7	0	0	0	0	0	0	0	0	0
A	BL	20	104	1	2	BA1652	1732	7	0	0	0	0	0	0	0	1	0	0
A	BL	20	104	1	2	BA1652	1738	7	8	2	0	1	0	0	0	0	0	0
A	BL	20	104	1	2	BA1652	1747	8	0	0	0	0	0	0	0	1	0	0
A	BL	20	104	1	2	BA1652	1748	8	7	0	0	0	0	0	0	0	0	0
A	BL	20	104	1	2	BA1652	1752	7	8	2	0	1	0	0	0	0	0	0
A	BL	20	104	1	2	BA1652	1762	8	9	0	0	0	0	0	0	0	0	0
A	BL	20	104	1	2	BA1652	1765	9	0	0	0	0	0	0	0	1	0	0
A	BL	20	104	1	2	BA1652	1772	9	10	0	0	0	0	0	0	0	0	0
A	BL	20	104	1	2	BA1652	1847	10	2	0	0	0	0	0	0	0	0	0
A	BL	20	104	1	2	BA1652	1848	2	3	0	0	0	0	0	0	0	0	0
A	BL	20	104	1	2	BA1652	1937	3	5	1	1	0	0	0	0	0	0	0
A	BL	20	104	1	2	BA1652	1947	5	4	0	0	0	0	0	0	0	0	0
A	BL	20	104	1	2	BA1652	1953	4	0	0	0	0	0	0	1	0	0	0
A	BL	20	104	1	2	BA1652	1958	4	5	1	1	0	0	0	0	0	0	0
A	BL	20	104	1	2	BA1652	1968	5	4	0	0	0	0	0	0	0	0	0
A	BL	20	104	1	2	BA1652	1983	4	0	0	0	0	0	0	1	0	0	0
A	BL	20	104	1	2	BA1652	1988	4	5	1	1	0	0	0	0	0	0	0
A	BL	20	104	1	2	BA1652	1998	5	4	0	0	0	0	0	0	0	0	0
A	BL	20	104	1	2	BA1652	2004	4	0	0	0	0	0	0	1	0	0	0
A	BL	20	104	1	2	BA1652	2005	4	5	1	1	0	0	0	0	0	0	0
A	BL	20	104	1	2	BA1652	2015	5	4	0	0	0	0	0	0	0	0	0
A	BL	20	104	1	2	BA1652	2039	4	0	0	0	0	0	0	1	0	0	0
A	BL	20	104	1	2	BA1652	2066	4	5	1	1	0	0	0	0	0	0	0
A	BL	20	104	1	2	BA1652	2076	5	9	0	0	0	0	0	1	0	0	0
A	BL	20	104	1	2	BA1652	2078	9	0	0	1	0	0	0	0	0	0	0
A	BL	20	104	1	2	BA1652	2085	9	0	0	0	0	0	0	1	0	0	0
A	BL	20	104	1	2	BA1652	2086	9	10	0	0	0	0	0	0	0	0	0
A	BL	20	104	1	2	BA1652	2161	10	2	0	0	0	0	0	0	0	0	0
A	BL	20	104	1	2	BA1652	2162	2	6	0	0	0	0	0	0	0	0	0
A	BL	20	104	1	2	BA1652	2296	6	0	0	1	0	0	0	0	0	0	0
A	BL	20	104	1	2	BA1652	2311	6	0	0	0	0	0	0	1	0	0	0
A	BL	20	104	1	2	BA1652	2324	6	0	0	1	0	0	0	0	0	0	0
A	BL	20	104	1	2	BA1652	2359	6	0	0	0	0	0	0	1	0	0	0
A	BL	20	104	1	2	BA1652	2435	6	0	0	1	0	0	0	0	0	0	0
A	BL	20	104	1	2	BA1652	2448	6	0	0	0	0	0	0	1	0	0	0
A	BL	20	104	1	2	BA1652	2460	6	0	0	1	0	0	0	0	0	0	0
A	BL	20	104	1	2	BA1652	2476	6	0	0	0	0	0	0	1	0	0	0
A	BL	20	104	1	2	BA1652	2537	6	0	0	1	0	0	0	0	0	0	0
A	BL	20	104	1	2	BA1652	2564	6	0	0	0	0	0	0	1	0	0	0
A	BL	20	104	1	2	BA1652	2598	6	0	0	1	0	0	0	0	0	0	0
A	BL	20	104	1	2	BA1652	2605	6	0	0	0	0	0	0	1	0	0	0
A	BL	20	104	1	2	BA1652	2606	6	0	0	1	0	0	0	0	0	0	0
A	BL	20	104	1	2	BA1652	2609	6	0	0	0	0	0	0	1	0	0	0
A	BL	20	104	1	2	BA1652	2610	6	0	0	1	0	0	0	0	0	0	0
A	BL	20	104	1	2	BA1652	2638	6	0	0	0	0	0	0	1	0	0	0
A	BL	20	104	1	2	BA1652	2639	6	0	0	1	0	0	0	0	0	0	0
A	BL	20	104	1	2	BA1652	2654	6	0	0	0	0	0	0	1	0	0	0
A	BL	20	104	1	2	BA1652	2661	6	0	0	1	0	0	0	0	0	0	0
A	BL	20	104	1	2	BA1652	2663	6	0	0	0	0	0	0	1	0	0	0
A	BL	20	104	1	2	BA1652	2666	6	0	0	1	0	0	0	0	0	0	0
A	BL	20	104	1	2	BA1652	2681	6	0	0	0	0	0	0	1	0	0	0
A	BL	20	104	1	2	BA1652	2688	6	0	0	1	0	0	0	0	0	0	0
A	BL	20	104	1	2	BA1652	2691	6	0	0	0	0	0	0	1	0	0	0
A	BL	20	104	1	2	BA1652	2758	6	0	0	1	0	0	0	0	0	0	0
A	BL	20	104	1	2	BA1652	2773	6	0	0	0	0	0	0	1	0	0	0
A	BL	20	104	1	2	BA1652	2824	6	8	2	0	1	0	0	0	0	0	0
A	BL	20	104	1	2	BA1652	2826	8	0	0	0	0	0	0	0	1	0	0
A	BL	20	104	1	2	BA1652	2834	8	7	0	0	0	0	0	0	0	0	0
A	BL	20	104	1	2	BA1652	2953	7	8	2	0	1	0	0	0	0	0	0
A	BL	20	104	1	2	BA1652	2963	8	7	0	0	0	0	0	0	0	0	0
A	BL	20	104	1	2	BA1652	2972	7	0	0	0	0	0	0	0	1	0	0
A	BL	20	104	1	2	BA1652	2973	7	8	2	0	1	0	0	0	0	0	0
A	BL	20	104	1	2	BA1652	2983	8	7	0	0	0	0	0	0	0	0	0
A	BL	20	104	1	2	BA1652	2994	7	0	0	0	0	0	0	0	1	0	0
A	BL	20	104	1	2	BA1652	2998	7	8	2	0	1	0	0	0	0	0	0
A	BL	20	104	1	2	BA1652	3000	8	0	0	0	0	0	0	0	1	0	0
A	BL	20	104	1	2	BA1652	3008	8	7	0	0	0	0	0	0	0	0	0
A	BL	20	104	1	2	BA1652	3040	7	8	2	0	1	0	0	0	0	0	0
A	BL	20	104	1	2	BA1652	3050	8	7	0	0	0	0	0	0	0	0	0
A	BL	20	104	1	2	BA1652	3064	7	0	0	0	0	0	0	0	1	0	0
A	BL	20	104	1	2	BA1652	3088	7	8	2	0	1	0	0	0	0	0	0
A	BL	20	104	1	2	BA1652	3098	8	7	0	0	0	0	0	0	0	0	0
A	BL	20	104	1	2	BA1652	3113	7	0	0	0	0	0	0	0	1	0	0
A	BL	20	104	1	2	BA1652	3142	7	8	2	0	1	0	0	0	0	0	0
A	BL	20	104	1	2	BA1652	3152	8	7	0	0	0	0	0	0	0	0	0
A	BL	20	104	1	2	BA1652	3160	7	0	0	0	0	0	0	0	1	0	0
A	BL	20	104	1	2	BA1652	3162	7	8	2	0	1	0	0	0	0	0	0
A	BL	20	104	1	2	BA1652	3166	8	0	0	0	0	0	0	0	1	0	0
A	BL	20	104	1	2	BA1652	3172	8	7	0	0	0	0	0	0	0	0	0
A	BL	20	104	1	2	BA1652	3202	7	8	2	0	1	0	0	0	0	0	0
A	BL	20	104	1	2	BA1652	3207	8	0	0	0	0	0	0	0	1	0	0
A	BL	20	104	1	2	BA1652	3211	8	0	0	0	1	0	0	0	0	0	0
A	BL	20	104	1	2	BA1652	3212	8	7	0	0	0	0	0	0	0	0	0
A	BL	20	104	1	2	BA1652	3229	7	0	0	0	0	0	0	0	1	0	0
A	BL	20	104	1	2	BA1652	3262	7	8	2	0	1	0	0	0	0	0	0
A	BL	20	104	1	2	BA1652	3268	8	0	0	0	0	0	0	0	1	0	0
A	BL	20	104	1	2	BA1652	3272	8	7	0	0	0	0	0	0	0	0	0
A	BL	20	104	1	2	BA1652	3284	7	8	2	0	1	0	0	0	0	0	0
A	BL	20	104	1	2	BA1652	3292	8	0	0	0	0	0	0	0	1	0	0
A	BL	20	104	1	2	BA1652	3294	8	7	0	0	0	0	0	0	0	0	0
A	BL	20	104	1	2	BA1652	3400	7	8	2	0	1	0	0	0	0	0	0
A	BL	20	104	1	2	BA1652	3402	8	0	0	0	0	0	0	0	1	0	0
A	BL	20	104	1	2	BA1652	3404	8	0	0	0	1	0	0	0	0	0	0
A	BL	20	104	1	2	BA1652	3407	8	0	0	0	0	0	0	0	1	0	0
A	BL	20	104	1	2	BA1652	3410	8	7	0	0	0	0	0	0	0	0	0
A	BL	20	104	1	2	BA1652	3412	7	8	2	0	1	0	0	0	0	0	0
A	BL	20	104	1	2	BA1652	3422	8	7	0	0	0	0	0	0	0	0	0
A	BL	20	104	1	2	BA1652	3445	7	0	0	0	0	0	0	0	1	0	0
A	BL	20	104	1	2	BA1652	3448	7	8	2	0	1	0	0	0	0	0	0
A	BL	20	104	1	2	BA1652	3456	8	0	0	0	0	0	0	0	1	0	0
A	BL	20	104	1	2	BA1652	3458	8	7	0	0	0	0	0	0	0	0	0
A	BL	20	104	1	2	BA1652	3495	7	8	2	0	1	0	0	0	0	0	0
A	BL	20	104	1	2	BA1652	3497	8	0	0	0	0	0	0	0	1	0	0
A	BL	20	104	1	2	BA1652	3499	8	0	0	0	1	0	0	0	0	0	0
A	BL	20	104	1	2	BA1652	3503	8	0	0	0	0	0	0	0	1	0	0
A	BL	20	104	1	2	BA1652	3504	8	0	0	0	1	0	0	0	0	0	0
A	BL	20	104	1	2	BA1652	3505	8	7	0	0	0	0	0	0	0	0	0
A	BL	20	104	1	2	BA1652	3508	7	0	0	0	0	0	0	0	1	0	0
A	BL	20	104	1	2	BA1652	3639	7	8	2	0	1	0	0	0	0	0	0
A	BL	20	104	1	2	BA1652	3641	8	0	0	0	0	0	0	0	1	0	0
A	BL	20	104	1	2	BA1652	3643	8	0	0	0	1	0	0	0	0	0	0
A	BL	20	104	1	2	BA1652	3649	8	7	0	0	0	0	0	0	0	0	0
A	BL	20	104	1	2	BA1652	3671	7	0	0	0	0	0	0	0	1	0	0
A	BL	20	104	1	2	BA1652	3677	7	8	2	0	1	0	0	0	0	0	0
A	BL	20	104	1	2	BA1652	3686	8	0	0	0	0	0	0	0	1	0	0
A	BL	20	104	1	2	BA1652	3687	8	7	0	0	0	0	0	0	0	0	0
A	BL	20	104	1	2	BA1652	3697	7	8	2	0	1	0	0	0	0	0	0
A	BL	20	104	1	2	BA1652	3707	8	7	0	0	0	0	0	0	0	0	0
A	BL	20	104	1	2	BA1652	3722	7	0	0	0	0	0	0	0	1	0	0
A	BL	20	104	1	2	BA1652	3725	7	8	2	0	1	0	0	0	0	0	0
A	BL	20	104	1	2	BA1652	3735	8	7	0	0	0	0	0	0	0	0	0
A	BL	20	104	1	2	BA1652	3744	7	0	0	0	0	0	0	0	1	0	0
A	BL	20	104	1	2	BA1652	3775	7	8	2	0	1	0	0	0	0	0	0
A	BL	20	104	1	2	BA1652	3785	8	9	0	0	0	0	0	0	0	0	0
A	BL	20	104	1	2	BA1652	3790	9	0	0	0	0	0	0	0	1	0	0
A	BL	20	104	1	2	BA1652	3795	9	10	0	0	0	0	0	0	0	0	0
A	BL	20	104	1	2	BA1652	3870	10	2	0	0	0	0	0	0	0	0	0
A	BL	20	104	1	2	BA1652	3871	2	3	0	0	0	0	0	0	0	0	0
A	BL	20	104	1	2	BA1652	3934	3	5	1	1	0	0	0	0	0	0	0
A	BL	20	104	1	2	BA1652	3942	5	0	0	0	0	0	0	1	0	0	0
A	BL	20	104	1	2	BA1652	3944	5	4	0	0	0	0	0	0	0	0	0
A	BL	20	104	1	2	BA1652	3947	4	5	1	1	0	0	0	0	0	0	0
A	BL	20	104	1	2	BA1652	3957	5	4	0	0	0	0	0	0	0	0	0
A	BL	20	104	1	2	BA1652	3958	4	0	0	0	0	0	0	1	0	0	0
A	BL	20	104	1	2	BA1652	3964	4	5	1	1	0	0	0	0	0	0	0
A	BL	20	104	1	2	BA1652	3974	5	4	0	0	0	0	0	0	0	0	0
A	BL	20	104	1	2	BA1652	3982	4	0	0	0	0	0	0	1	0	0	0
A	BL	20	104	1	2	BA1652	3992	4	5	1	1	0	0	0	0	0	0	0
A	BL	20	104	1	2	BA1652	4002	5	4	0	0	0	0	0	0	0	0	0
A	BL	20	104	1	2	BA1652	4023	4	5	1	1	0	0	0	1	0	0	0
A	BL	20	104	1	2	BA1652	4033	5	9	0	0	0	0	0	0	0	0	0
A	BL	20	104	1	2	BA1652	4039	9	0	0	0	0	0	0	1	0	0	0
A	BL	20	104	1	2	BA1652	4041	9	0	0	1	0	0	0	0	0	0	0
A	BL	20	104	1	2	BA1652	4043	9	10	0	0	0	0	0	0	0	0	0
A	BL	20	104	1	2	BA1652	4047	10	0	0	0	0	0	0	1	0	0	0
A	BL	20	104	1	2	BA1652	4118	10	2	0	0	0	0	0	0	0	0	0
A	BL	20	104	1	2	BA1652	4119	2	3	0	0	0	0	0	0	0	0	0
A	BL	20	104	1	2	BA1652	4157	3	5	1	1	0	0	0	0	0	0	0
A	BL	20	104	1	2	BA1652	4167	5	4	0	0	0	0	0	0	0	0	0
A	BL	20	104	1	2	BA1652	4169	4	5	1	1	0	0	0	1	0	0	0
A	BL	20	104	1	2	BA1652	4172	5	0	0	0	0	0	0	1	0	0	0
A	BL	20	104	1	2	BA1652	4179	5	4	0	0	0	0	0	0	0	0	0
A	BL	20	104	1	2	BA1652	4180	4	5	1	1	0	0	0	0	0	0	0
A	BL	20	104	1	2	BA1652	4185	5	0	0	0	0	0	0	1	0	0	0
A	BL	20	104	1	2	BA1652	4190	5	4	0	0	0	0	0	0	0	0	0
A	BL	20	104	1	2	BA1652	4194	4	5	1	1	0	0	0	0	0	0	0
A	BL	20	104	1	2	BA1652	4199	5	0	0	0	0	0	0	1	0	0	0
A	BL	20	104	1	2	BA1652	4203	5	0	0	1	0	0	0	0	0	0	0
A	BL	20	104	1	2	BA1652	4204	5	4	0	0	0	0	0	0	0	0	0
A	BL	20	104	1	2	BA1652	4209	4	0	0	0	0	0	0	1	0	0	0
A	BL	20	104	1	2	BA1652	4213	4	5	1	1	0	0	0	0	0	0	0
A	BL	20	104	1	2	BA1652	4223	5	9	0	0	0	0	0	0	0	0	0
A	BL	20	104	1	2	BA1652	4231	9	0	0	0	0	0	0	1	0	0	0
A	BL	20	104	1	2	BA1652	4232	9	0	0	1	0	0	0	0	0	0	0
A	BL	20	104	1	2	BA1652	4233	9	10	0	0	0	0	0	0	0	0	0
A	BL	20	104	1	2	BA1652	4235	10	0	0	0	0	0	0	1	0	0	0
A	BL	20	104	1	2	BA1652	4238	10	0	0	1	0	0	0	0	0	0	0
A	BL	20	104	1	2	BA1652	4240	10	0	0	0	0	0	0	1	0	0	0
A	BL	20	104	1	2	BA1652	4308	10	2	0	0	0	0	0	0	0	0	0
A	BL	20	104	1	2	BA1652	4309	2	3	0	0	0	0	0	0	0	0	0
A	BL	20	104	1	2	BA1652	4488	3	5	1	1	0	0	0	0	0	0	0
A	BL	20	104	1	2	BA1652	4498	5	4	0	0	0	0	0	0	0	0	0
A	BL	20	104	1	2	BA1652	4500	4	0	0	0	0	0	0	1	0	0	0
A	BL	20	104	1	2	BA1652	4503	4	5	1	1	0	0	0	0	0	0	0
A	BL	20	104	1	2	BA1652	4513	5	4	0	0	0	0	0	0	0	0	0
A	BL	20	104	1	2	BA1652	4536	4	0	0	0	0	0	0	1	0	0	0
A	BL	20	104	1	2	BA1652	4539	4	5	1	1	0	0	0	0	0	0	0
A	BL	20	104	1	2	BA1652	4549	5	4	0	0	0	0	0	0	0	0	0
A	BL	20	104	1	2	BA1652	4559	4	0	0	0	0	0	0	1	0	0	0
A	BL	20	104	1	2	BA1652	4560	4	5	1	1	0	0	0	0	0	0	0
A	BL	20	104	1	2	BA1652	4570	5	4	0	0	0	0	0	0	0	0	0
A	BL	20	104	1	2	BA1652	4575	4	0	0	0	0	0	0	1	0	0	0
A	BL	20	104	1	2	BA1652	4580	4	5	1	1	0	0	0	0	0	0	0
A	BL	20	104	1	2	BA1652	4583	5	0	0	0	0	0	0	1	0	0	0
A	BL	20	104	1	2	BA1652	4585	5	0	0	1	0	0	0	0	0	0	0
A	BL	20	104	1	2	BA1652	4590	5	9	0	0	0	0	0	0	0	0	0
A	BL	20	104	1	2	BA1652	4593	9	0	0	0	0	0	0	1	0	0	0
A	BL	20	104	1	2	BA1652	4600	9	10	0	0	0	0	0	0	0	0	0
A	BL	20	104	1	2	BA1652	4603	10	0	0	1	0	0	0	0	0	0	0
A	BL	20	104	1	2	BA1652	4605	10	0	0	0	0	0	0	1	0	0	0
A	BL	20	104	1	2	BA1652	4675	10	2	0	0	0	0	0	0	0	0	0
A	BL	20	104	1	2	BA1652	4676	2	6	0	0	0	0	0	0	0	0	0
A	BL	20	104	1	2	BA1652	5070	6	0	0	1	0	0	0	0	0	0	0
A	BL	20	104	1	2	BA1652	5076	6	0	0	0	0	0	0	1	0	0	0
A	BL	20	104	1	2	BA1652	5558	6	8	2	0	1	0	0	0	0	0	0
A	BL	20	104	1	2	BA1652	5567	8	0	0	0	0	0	0	0	1	0	0
A	BL	20	104	1	2	BA1652	5568	8	7	0	0	0	0	0	0	0	0	0
A	BL	20	104	1	2	BA1652	5577	7	8	2	0	1	0	0	0	0	0	0
A	BL	20	104	1	2	BA1652	5587	8	7	0	0	0	0	0	0	0	0	0
A	BL	20	104	1	2	BA1652	5592	7	0	0	0	0	0	0	0	1	0	0
A	BL	20	104	1	2	BA1652	5675	7	8	2	0	1	0	0	0	0	0	0
A	BL	20	104	1	2	BA1652	5676	8	0	0	0	0	0	0	0	1	0	0
A	BL	20	104	1	2	BA1652	5680	8	0	0	0	1	0	0	0	0	0	0
A	BL	20	104	1	2	BA1652	5685	8	7	0	0	0	0	0	0	0	0	0
A	BL	20	104	1	2	BA1652	5697	7	0	0	0	0	0	0	0	1	0	0
A	BL	20	104	1	2	BA1652	5706	7	8	2	0	1	0	0	0	0	0	0
A	BL	20	104	1	2	BA1652	5709	8	0	0	0	0	0	0	0	1	0	0
A	BL	20	104	1	2	BA1652	5716	8	7	0	0	0	0	0	0	0	0	0
A	BL	20	104	1	2	BA1652	5733	7	8	2	0	1	0	0	0	0	0	0
A	BL	20	104	1	2	BA1652	5743	8	7	0	0	0	0	0	0	0	0	0
A	BL	20	104	1	2	BA1652	5745	7	0	0	0	0	0	0	0	1	0	0
A	BL	20	104	1	2	BA1652	5756	7	8	2	0	1	0	0	0	0	0	0
A	BL	20	104	1	2	BA1652	5760	8	0	0	0	0	0	0	0	1	0	0
A	BL	20	104	1	2	BA1652	5766	8	7	0	0	0	0	0	0	0	0	0
A	BL	20	104	1	2	BA1652	5874	7	8	2	0	1	0	0	0	0	0	0
A	BL	20	104	1	2	BA1652	5884	8	7	0	0	0	0	0	0	0	0	0
A	BL	20	104	1	2	BA1652	5898	7	0	0	0	0	0	0	0	1	0	0
A	BL	20	104	1	2	BA1652	5921	7	8	2	0	1	0	0	0	0	0	0
A	BL	20	104	1	2	BA1652	5925	8	0	0	0	0	0	0	0	1	0	0
A	BL	20	104	1	2	BA1652	5931	8	7	0	0	0	0	0	0	0	0	0
A	BL	20	104	1	2	BA1652	5960	7	8	2	0	1	0	0	0	0	0	0
A	BL	20	104	1	2	BA1652	5967	8	0	0	0	0	0	0	0	1	0	0
A	BL	20	104	1	2	BA1652	5969	8	0	0	0	1	0	0	0	0	0	0
A	BL	20	104	1	2	BA1652	5970	8	7	0	0	0	0	0	0	0	0	0
A	BL	20	104	1	2	BA1652	5976	7	0	0	0	0	0	0	0	1	0	0
A	BL	20	104	1	2	BA1652	6013	7	8	2	0	1	0	0	0	0	0	0
A	BL	20	104	1	2	BA1652	6018	8	0	0	0	1	0	0	0	1	0	0
A	BL	20	104	1	2	BA1652	6023	8	7	0	0	0	0	0	0	1	0	0
A	BL	20	104	1	2	BA1652	6027	7	8	2	0	1	0	0	0	0	0	0
A	BL	20	104	1	2	BA1652	6033	8	0	0	0	0	0	0	0	1	0	0
A	BL	20	104	1	2	BA1652	6037	8	7	0	0	0	0	0	0	0	0	0
A	BL	20	104	1	2	BA1652	6131	7	8	2	0	1	0	0	0	0	0	0
A	BL	20	104	1	2	BA1652	6141	8	7	0	0	0	0	0	0	1	0	0
A	BL	20	104	1	2	BA1652	6144	7	8	2	0	1	0	0	0	0	0	0
A	BL	20	104	1	2	BA1652	6149	8	0	0	0	0	0	0	0	1	0	0
A	BL	20	104	1	2	BA1652	6154	8	7	0	0	0	0	0	0	0	0	0
A	BL	20	104	1	2	BA1652	6161	7	8	2	0	1	0	0	0	0	0	0
A	BL	20	104	1	2	BA1652	6171	8	7	0	0	0	0	0	0	0	0	0
A	BL	20	104	1	2	BA1652	6209	7	0	0	0	0	0	0	0	1	0	0
A	BL	20	104	1	2	BA1652	6217	7	8	2	0	1	0	0	0	0	0	0
A	BL	20	104	1	2	BA1652	6222	8	0	0	0	0	0	0	0	1	0	0
A	BL	20	104	1	2	BA1652	6227	8	7	0	0	0	0	0	0	0	0	0
A	BL	20	104	1	2	BA1652	6243	7	8	2	0	1	0	0	0	0	0	0
A	BL	20	104	1	2	BA1652	6248	8	0	0	0	0	0	0	0	1	0	0
A	BL	20	104	1	2	BA1652	6252	8	0	0	0	1	0	0	0	0	0	0
A	BL	20	104	1	2	BA1652	6253	8	7	0	0	0	0	0	0	0	0	0
A	BL	20	104	1	2	BA1652	6263	7	0	0	0	0	0	0	0	1	0	0
A	BL	20	104	1	2	BA1652	6290	7	8	2	0	1	0	0	0	0	0	0
A	BL	20	104	1	2	BA1652	6294	8	0	0	0	0	0	0	0	1	0	0
A	BL	20	104	1	2	BA1652	6296	8	0	0	0	1	0	0	0	0	0	0
A	BL	20	104	1	2	BA1652	6300	8	7	0	0	0	0	0	0	0	0	0
A	BL	20	104	1	2	BA1652	6342	7	0	0	0	0	0	0	0	1	0	0
A	BL	20	104	1	2	BA1652	6367	7	8	2	0	1	0	0	0	0	0	0
A	BL	20	104	1	2	BA1652	6377	8	7	0	0	0	0	0	0	0	0	0
A	BL	20	104	1	2	BA1652	6381	7	0	0	0	0	0	0	0	1	0	0
A	BL	20	104	1	2	BA1652	6438	7	8	2	0	1	0	0	0	0	0	0
A	BL	20	104	1	2	BA1652	6443	8	0	0	0	0	0	0	0	1	0	0
A	BL	20	104	1	2	BA1652	6448	8	7	0	0	0	0	0	0	0	0	0
A	BL	20	104	1	2	BA1652	6456	7	8	2	0	1	0	0	0	0	0	0
A	BL	20	104	1	2	BA1652	6466	8	9	0	0	0	0	0	0	0	0	0
A	BL	20	104	1	2	BA1652	6476	9	10	0	0	0	0	0	0	1	0	0
A	BL	20	104	1	2	BA1652	6551	10	2	0	0	0	0	0	0	0	0	0
A	BL	20	104	1	2	BA1652	6552	2	6	0	0	0	0	0	0	0	0	0
A	BL	20	104	1	2	BA1652	6640	6	8	2	0	1	0	0	0	0	0	0
A	BL	20	104	1	2	BA1652	6645	8	0	0	0	0	0	0	0	1	0	0
A	BL	20	104	1	2	BA1652	6650	8	7	0	0	0	0	0	0	0	0	0
A	BL	20	104	1	2	BA1652	6749	7	8	2	0	1	0	0	0	0	0	0
A	BL	20	104	1	2	BA1652	6757	8	0	0	0	0	0	0	0	1	0	0
A	BL	20	104	1	2	BA1652	6758	8	0	0	0	1	0	0	0	0	0	0
A	BL	20	104	1	2	BA1652	6759	8	7	0	0	0	0	0	0	0	0	0
A	BL	20	104	1	2	BA1652	6764	7	0	0	0	0	0	0	0	1	0	0
A	BL	20	104	1	2	BA1652	6777	7	8	2	0	1	0	0	0	0	0	0
A	BL	20	104	1	2	BA1652	6787	8	7	0	0	0	0	0	0	0	0	0
A	BL	20	104	1	2	BA1652	6792	7	0	0	0	0	0	0	0	1	0	0
A	BL	20	104	1	2	BA1652	6805	7	8	2	0	1	0	0	0	0	0	0
A	BL	20	104	1	2	BA1652	6815	8	7	0	0	0	0	0	0	0	0	0
A	BL	20	104	1	2	BA1652	6817	7	0	0	0	0	0	0	0	1	0	0
A	BL	20	104	1	2	BA1652	6840	7	8	2	0	1	0	0	0	0	0	0
A	BL	20	104	1	2	BA1652	6841	8	0	0	0	0	0	0	0	1	0	0
A	BL	20	104	1	2	BA1652	6844	8	0	0	0	1	0	0	0	0	0	0
A	BL	20	104	1	2	BA1652	6850	8	7	0	0	0	0	0	0	0	0	0
A	BL	20	104	1	2	BA1652	6853	7	0	0	0	0	0	0	0	1	0	0
A	BL	20	104	1	2	BA1652	6861	7	8	2	0	1	0	0	0	0	0	0
A	BL	20	104	1	2	BA1652	6869	8	0	0	0	0	0	0	0	1	0	0
A	BL	20	104	1	2	BA1652	6871	8	7	0	0	0	0	0	0	0	0	0
A	BL	20	104	1	2	BA1652	6873	7	8	2	0	1	0	0	0	0	0	0
A	BL	20	104	1	2	BA1652	6883	8	7	0	0	0	0	0	0	0	0	0
A	BL	20	104	1	2	BA1652	6923	7	0	0	0	0	0	0	0	1	0	0
A	BL	20	104	1	2	BA1652	6927	7	8	2	0	1	0	0	0	0	0	0
A	BL	20	104	1	2	BA1652	6928	8	0	0	0	0	0	0	0	1	0	0
A	BL	20	104	1	2	BA1652	6932	8	0	0	0	1	0	0	0	0	0	0
A	BL	20	104	1	2	BA1652	6937	8	7	0	0	0	0	0	0	0	0	0
A	BL	20	104	1	2	BA1652	6975	7	0	0	0	0	0	0	0	1	0	0
A	BL	20	104	1	2	BA1652	6995	7	8	2	0	1	0	0	0	0	0	0
A	BL	20	104	1	2	BA1652	7000	8	0	0	0	0	0	0	0	1	0	0
A	BL	20	104	1	2	BA1652	7004	8	0	0	0	1	0	0	0	0	0	0
A	BL	20	104	1	2	BA1652	7005	8	7	0	0	0	0	0	0	0	0	0
A	BL	20	104	1	2	BA1652	7034	7	0	0	0	0	0	0	0	1	0	0
A	BL	20	104	1	2	BA1652	7088	7	8	2	0	1	0	0	0	0	0	0
A	BL	20	104	1	2	BA1652	7098	8	7	0	0	0	0	0	0	0	0	0
A	BL	20	104	1	2	BA1652	7132	7	0	0	0	0	0	0	0	1	0	0
A	BL	20	104	1	2	BA1652	7135	7	8	2	0	1	0	0	0	0	0	0
A	BL	20	104	1	2	BA1652	7145	8	7	0	0	0	0	0	0	0	0	0
A	BL	20	104	1	2	BA1652	7171	7	0	0	0	0	0	0	0	1	0	0
A	BL	20	104	1	2	BA1652	7177	7	8	2	0	1	0	0	0	0	0	0
A	BL	20	104	1	2	BA1652	7187	8	7	0	0	0	0	0	0	0	0	0
A	BL	20	104	1	2	BA1652	7191	7	0	0	0	0	0	0	0	1	0	0
A	BL	20	104	1	2	BA1652	7195	7	8	2	0	1	0	0	0	0	0	0
A	BL	20	104	1	2	BA1652	7205	8	7	0	0	0	0	0	0	0	0	0
A	BL	20	104	1	2	BA1652	7212	7	0	0	0	0	0	0	0	1	0	0
A	BL	20	104	1	2	BA1652	7217	7	8	2	0	1	0	0	0	0	0	0
A	BL	20	104	1	2	BA1652	7227	8	7	0	0	0	0	0	0	0	0	0
A	BL	20	104	1	2	BA1652	7234	7	0	0	0	0	0	0	0	1	0	0
A	BL	20	104	1	2	BA1652	7246	7	8	2	0	1	0	0	0	0	0	0
A	BL	20	104	1	2	BA1652	7256	8	7	0	0	0	0	0	0	0	0	0
A	BL	20	104	1	2	BA1652	7262	7	0	0	0	0	0	0	0	1	0	0
A	BL	20	104	1	2	BA1652	7263	7	8	2	0	1	0	0	0	0	0	0
A	BL	20	104	1	2	BA1652	7265	8	0	0	0	0	0	0	0	1	0	0
A	BL	20	104	1	2	BA1652	7273	8	7	0	0	0	0	0	0	0	0	0
A	BL	20	104	1	2	BA1652	7287	7	8	2	0	1	0	0	0	0	0	0
A	BL	20	104	1	2	BA1652	7297	8	7	0	0	0	0	0	0	0	0	0
A	BL	20	104	1	2	BA1652	7306	7	0	0	0	0	0	0	0	1	0	0
A	BL	20	104	1	2	BA1652	7309	7	8	2	0	1	0	0	0	0	0	0
A	BL	20	104	1	2	BA1652	7317	8	0	0	0	0	0	0	0	1	0	0
A	BL	20	104	1	2	BA1652	7318	8	0	0	0	1	0	0	0	0	0	0
A	BL	20	104	1	2	BA1652	7319	8	7	0	0	0	0	0	0	0	0	0
A	BL	20	104	1	2	BA1652	7320	7	0	0	0	0	0	0	0	1	0	0
A	BL	20	104	1	2	BA1652	7373	7	8	2	0	1	0	0	0	0	0	0
A	BL	20	104	1	2	BA1652	7374	8	0	0	0	0	0	0	0	1	0	0
A	BL	20	104	1	2	BA1652	7375	8	0	0	0	1	0	0	0	0	0	0
A	BL	20	104	1	2	BA1652	7377	8	0	0	0	0	0	0	0	1	0	0
A	BL	20	104	1	2	BA1652	7378	8	0	0	0	1	0	0	0	0	0	0
A	BL	20	104	1	2	BA1652	7383	8	7	0	0	0	0	0	0	0	0	0
A	BL	20	104	1	2	BA1652	7389	7	0	0	0	0	0	0	0	1	0	0
A	BL	20	104	1	2	BA1652	7396	7	8	2	0	1	0	0	0	0	0	0
A	BL	20	104	1	2	BA1652	7398	8	0	0	0	0	0	0	0	1	0	0
A	BL	20	104	1	2	BA1652	7402	8	0	0	0	1	0	0	0	0	0	0
A	BL	20	104	1	2	BA1652	7406	8	9	0	0	0	0	0	0	0	0	0
A	BL	20	104	1	2	BA1652	7416	9	10	0	0	0	0	0	0	0	0	0
A	BL	20	104	1	2	BA1652	7417	10	0	0	0	0	0	0	0	1	0	0
A	BL	20	104	1	2	BA1652	7491	10	2	0	0	0	0	0	0	0	0	0
A	BL	20	104	1	2	BA1652	7492	2	3	0	0	0	0	0	0	0	0	0
A	BL	20	104	1	2	BA1652	7543	3	5	1	1	0	0	0	0	0	0	0
A	BL	20	104	1	2	BA1652	7548	5	0	0	0	0	0	0	1	0	0	0
A	BL	20	104	1	2	BA1652	7553	5	4	0	1	0	0	0	0	0	0	0
A	BL	20	104	1	2	BA1652	7561	4	0	0	0	0	0	0	1	0	0	0
A	BL	20	104	1	2	BA1652	7562	4	5	1	1	0	0	0	0	0	0	0
A	BL	20	104	1	2	BA1652	7572	5	4	0	0	0	0	0	0	0	0	0
A	BL	20	104	1	2	BA1652	7575	4	0	0	0	0	0	0	1	0	0	0
A	BL	20	104	1	2	BA1652	7576	4	5	1	1	0	0	0	0	0	0	0
A	BL	20	104	1	2	BA1652	7581	5	0	0	0	0	0	0	1	0	0	0
A	BL	20	104	1	2	BA1652	7585	5	0	0	1	0	0	0	0	0	0	0
A	BL	20	104	1	2	BA1652	7586	5	4	0	0	0	0	0	0	0	0	0
A	BL	20	104	1	2	BA1652	7592	4	0	0	0	0	0	0	1	0	0	0
A	BL	20	104	1	2	BA1652	7593	4	5	1	1	0	0	0	0	0	0	0
A	BL	20	104	1	2	BA1652	7599	5	0	0	0	0	0	0	1	0	0	0
A	BL	20	104	1	2	BA1652	7603	5	4	0	0	0	0	0	0	0	0	0
A	BL	20	104	1	2	BA1652	7606	4	5	1	1	0	0	0	0	0	0	0
A	BL	20	104	1	2	BA1652	7611	5	0	0	0	0	0	0	1	0	0	0
A	BL	20	104	1	2	BA1652	7616	5	9	0	0	0	0	0	0	0	0	0
A	BL	20	104	1	2	BA1652	7626	9	10	0	0	0	0	0	0	0	0	0
A	BL	20	104	1	2	BA1652	7701	10	2	0	0	0	0	0	0	0	0	0
A	BL	20	104	1	2	BA1652	7702	2	6	0	0	0	0	0	0	0	0	0
A	BL	20	104	1	2	BA1652	7814	6	0	0	1	0	0	0	0	0	0	0
A	BL	20	104	1	2	BA1652	7828	6	0	0	0	0	0	0	1	0	0	0
A	BL	20	104	1	2	BA1652	7844	6	0	0	1	0	0	0	0	0	0	0
A	BL	20	104	1	2	BA1652	7856	6	0	0	0	0	0	0	1	0	0	0
A	BL	20	104	1	2	BA1652	7867	6	0	0	1	0	0	0	0	0	0	0
A	BL	20	104	1	2	BA1652	7908	6	0	0	0	0	0	0	1	0	0	0
A	BL	20	104	1	2	BA1652	7962	6	0	0	1	0	0	0	0	0	0	0
A	BL	20	104	1	2	BA1652	7978	6	0	0	0	0	0	0	1	0	0	0
A	BL	20	104	1	2	BA1652	8053	6	0	0	1	0	0	0	0	0	0	0
A	BL	20	104	1	2	BA1652	8081	6	0	0	0	0	0	0	1	0	0	0
A	BL	20	104	1	2	BA1652	8133	6	8	2	0	1	0	0	0	0	0	0
A	BL	20	104	1	2	BA1652	8143	8	7	0	0	0	0	0	0	1	0	0
A	BL	20	104	1	2	BA1652	8148	7	8	2	0	1	0	0	0	0	0	0
A	BL	20	104	1	2	BA1652	8158	8	7	0	0	0	0	0	0	0	0	0
A	BL	20	104	1	2	BA1652	8164	7	0	0	0	0	0	0	0	1	0	0
A	BL	20	104	1	2	BA1652	8191	7	8	2	0	1	0	0	0	0	0	0
A	BL	20	104	1	2	BA1652	8201	8	7	0	0	0	0	0	0	0	0	0
A	BL	20	104	1	2	BA1652	8211	7	0	0	0	0	0	0	0	1	0	0
A	BL	20	104	1	2	BA1652	8217	7	8	2	0	1	0	0	0	0	0	0
A	BL	20	104	1	2	BA1652	8225	8	0	0	0	0	0	0	0	1	0	0
A	BL	20	104	1	2	BA1652	8227	8	7	0	0	0	0	0	0	0	0	0
A	BL	20	104	1	2	BA1652	8282	7	8	2	0	1	0	0	0	0	0	0
A	BL	20	104	1	2	BA1652	8292	8	7	0	0	0	0	0	0	0	0	0
A	BL	20	104	1	2	BA1652	8350	7	0	0	0	0	0	0	0	1	0	0
A	BL	20	104	1	2	BA1652	8354	7	8	2	0	1	0	0	0	0	0	0
A	BL	20	104	1	2	BA1652	8364	8	7	0	0	0	0	0	0	0	0	0
A	BL	20	104	1	2	BA1652	8370	7	0	0	0	0	0	0	0	1	0	0
A	BL	20	104	1	2	BA1652	8372	7	8	2	0	1	0	0	0	0	0	0
A	BL	20	104	1	2	BA1652	8373	8	0	0	0	0	0	0	0	1	0	0
A	BL	20	104	1	2	BA1652	8382	8	7	0	0	0	0	0	0	0	0	0
A	BL	20	104	1	2	BA1652	8431	7	8	2	0	1	0	0	0	0	0	0
A	BL	20	104	1	2	BA1652	8435	8	0	0	0	0	0	0	0	1	0	0
A	BL	20	104	1	2	BA1652	8441	8	7	0	0	0	0	0	0	0	0	0
A	BL	20	104	1	2	BA1652	8465	7	8	2	0	1	0	0	0	0	0	0
A	BL	20	104	1	2	BA1652	8469	8	0	0	0	0	0	0	0	1	0	0
A	BL	20	104	1	2	BA1652	8475	8	7	0	0	0	0	0	0	0	0	0
A	BL	20	104	1	2	BA1652	8483	7	8	2	0	1	0	0	0	0	0	0
A	BL	20	104	1	2	BA1652	8493	8	7	0	0	0	0	0	0	0	0	0
A	BL	20	104	1	2	BA1652	8495	7	0	0	0	0	0	0	0	1	0	0
A	BL	20	104	1	2	BA1652	8528	7	8	2	0	1	0	0	0	0	0	0
A	BL	20	104	1	2	BA1652	8538	8	7	0	0	0	0	0	0	0	0	0
A	BL	20	104	1	2	BA1652	8567	7	0	0	0	0	0	0	0	1	0	0
A	BL	20	104	1	2	BA1652	8590	7	8	2	0	1	0	0	0	0	0	0
A	BL	20	104	1	2	BA1652	8600	8	7	0	0	0	0	0	0	1	0	0
A	BL	20	104	1	2	BA1652	8643	7	8	2	0	1	0	0	0	0	0	0
A	BL	20	104	1	2	BA1652	8653	8	7	0	0	0	0	0	0	0	0	0
A	BL	20	104	1	2	BA1652	8719	7	0	0	0	0	0	0	0	1	0	0
A	BL	20	104	1	2	BA1652	8723	7	8	2	0	1	0	0	0	0	0	0
A	BL	20	104	1	2	BA1652	8730	8	0	0	0	0	0	0	0	1	0	0
A	BL	20	104	1	2	BA1652	8731	8	0	0	0	1	0	0	0	0	0	0
A	BL	20	104	1	2	BA1652	8733	8	7	0	0	0	0	0	0	0	0	0
A	BL	20	104	1	2	BA1652	8741	7	0	0	0	0	0	0	0	1	0	0
A	BL	20	104	1	2	BA1652	8742	7	8	2	0	1	0	0	0	0	0	0
A	BL	20	104	1	2	BA1652	8752	8	7	0	0	0	0	0	0	0	0	0
A	BL	20	104	1	2	BA1652	8754	7	0	0	0	0	0	0	0	1	0	0
A	BL	20	104	1	2	BA1652	8771	7	8	2	0	1	0	0	0	0	0	0
A	BL	20	104	1	2	BA1652	8781	8	7	0	0	0	0	0	0	0	0	0
A	BL	20	104	1	2	BA1652	8783	7	0	0	0	0	0	0	0	1	0	0
A	BL	20	104	1	2	BA1652	8811	7	8	2	0	1	0	0	0	0	0	0
A	BL	20	104	1	2	BA1652	8821	8	7	0	0	0	0	0	0	0	0	0
A	BL	20	104	1	2	BA1652	8838	7	0	0	0	0	0	0	0	1	0	0
A	BL	20	104	1	2	BA1652	8869	7	8	2	0	1	0	0	0	0	0	0
A	BL	20	104	1	2	BA1652	8874	8	0	0	0	0	0	0	0	1	0	0
A	BL	20	104	1	2	BA1652	8876	8	0	0	0	1	0	0	0	0	0	0
A	BL	20	104	1	2	BA1652	8879	8	7	0	0	0	0	0	0	1	0	0
A	BL	20	104	1	2	BA1652	8888	7	8	2	0	1	0	0	0	0	0	0
A	BL	20	104	1	2	BA1652	8898	8	7	0	0	0	0	0	0	0	0	0
A	BL	20	104	1	2	BA1652	8906	7	0	0	0	0	0	0	0	1	0	0
A	BL	20	104	1	2	BA1652	8938	7	8	2	0	1	0	0	0	0	0	0
A	BL	20	104	1	2	BA1652	8947	8	0	0	0	0	0	0	0	1	0	0
A	BL	20	104	1	2	BA1652	8948	8	9	0	0	0	0	0	0	0	0	0
A	BL	20	104	1	2	BA1652	8950	9	0	0	0	1	0	0	0	0	0	0
A	BL	20	104	1	2	BA1652	8952	9	0	0	0	0	0	0	0	1	0	0
A	BL	20	104	1	2	BA1652	8958	9	10	0	0	0	0	0	0	0	0	0
A	BL	20	104	1	2	BA1652	9033	10	2	0	0	0	0	0	0	0	0	0
A	BL	20	104	1	2	BA1652	9034	2	3	0	0	0	0	0	0	0	0	0
A	BL	20	104	1	2	BA1652	9085	3	5	1	1	0	0	0	0	0	0	0
A	BL	20	104	1	2	BA1652	9095	5	4	0	0	0	0	0	1	0	0	0
A	BL	20	104	1	2	BA1652	9100	4	5	1	1	0	0	0	0	0	0	0
A	BL	20	104	1	2	BA1652	9110	5	4	0	0	0	0	0	1	0	0	0
A	BL	20	104	1	2	BA1652	9138	4	5	1	1	0	0	0	0	0	0	0
A	BL	20	104	1	2	BA1652	9140	5	0	0	0	0	0	0	1	0	0	0
A	BL	20	104	1	2	BA1652	9143	5	0	0	1	0	0	0	0	0	0	0
A	BL	20	104	1	2	BA1652	9148	5	4	0	0	0	0	0	0	0	0	0
A	BL	20	104	1	2	BA1652	9153	4	0	0	0	0	0	0	1	0	0	0
A	BL	20	104	1	2	BA1652	9156	4	5	1	1	0	0	0	0	0	0	0
A	BL	20	104	1	2	BA1652	9164	5	0	0	0	0	0	0	1	0	0	0
A	BL	20	104	1	2	BA1652	9166	5	4	0	0	0	0	0	0	0	0	0
A	BL	20	104	1	2	BA1652	9225	4	5	1	1	0	0	0	0	0	0	0
A	BL	20	104	1	2	BA1652	9235	5	9	0	0	0	0	0	0	0	0	0
A	BL	20	104	1	2	BA1652	9245	9	10	0	0	0	0	0	0	0	0	0
A	BL	20	104	1	2	BA1652	9246	10	0	0	0	0	0	0	1	0	0	0
A	BL	20	104	1	2	BA1652	9320	10	2	0	0	0	0	0	0	0	0	0
A	BL	20	104	1	2	BA1652	9321	2	3	0	0	0	0	0	0	0	0	0
A	BL	20	104	1	2	BA1652	9402	3	5	1	1	0	0	0	0	0	0	0
A	BL	20	104	1	2	BA1652	9412	5	4	0	0	0	0	0	0	0	0	0
A	BL	20	104	1	2	BA1652	9413	4	0	0	0	0	0	0	1	0	0	0
A	BL	20	104	1	2	BA1652	9429	4	5	1	1	0	0	0	0	0	0	0
A	BL	20	104	1	2	BA1652	9431	5	0	0	0	0	0	0	1	0	0	0
A	BL	20	104	1	2	BA1652	9439	5	4	0	0	0	0	0	0	0	0	0
A	BL	20	104	1	2	BA1652	9451	4	5	1	1	0	0	0	0	0	0	0
A	BL	20	104	1	2	BA1652	9461	5	4	0	0	0	0	0	1	0	0	0
A	BL	20	104	1	2	BA1652	9498	4	5	1	1	0	0	0	0	0	0	0
A	BL	20	104	1	2	BA1652	9505	5	0	0	0	0	0	0	1	0	0	0
A	BL	20	104	1	2	BA1652	9508	5	4	0	0	0	0	0	0	0	0	0
A	BL	20	104	1	2	BA1652	9543	4	5	1	1	0	0	0	0	0	0	0
A	BL	20	104	1	2	BA1652	9552	5	0	0	0	0	0	0	1	0	0	0
A	BL	20	104	1	2	BA1652	9553	5	9	0	0	0	0	0	0	0	0	0
A	BL	20	104	1	2	BA1652	9554	9	0	0	1	0	0	0	0	0	0	0
A	BL	20	104	1	2	BA1652	9559	9	0	0	0	0	0	0	1	0	0	0
A	BL	20	104	1	2	BA1652	9563	9	10	0	0	0	0	0	0	0	0	0
A	BL	20	104	1	2	BA1652	9638	10	2	0	0	0	0	0	0	0	0	0
A	BL	20	104	1	2	BA1652	9639	2	3	0	0	0	0	0	0	0	0	0
A	BL	20	104	1	2	BA1652	9756	3	5	1	1	0	0	0	0	0	0	0
A	BL	20	104	1	2	BA1652	9766	5	4	0	0	0	0	0	0	0	0	0
A	BL	20	104	1	2	BA1652	9769	4	0	0	0	0	0	0	1	0	0	0
A	BL	20	104	1	2	BA1652	9773	4	5	1	1	0	0	0	0	0	0	0
A	BL	20	104	1	2	BA1652	9783	5	4	0	0	0	0	0	0	0	0	0
A	BL	20	104	1	2	BA1652	9790	4	0	0	0	0	0	0	1	0	0	0
A	BL	20	104	1	2	BA1652	9819	4	5	1	1	0	0	0	0	0	0	0
A	BL	20	104	1	2	BA1652	9829	5	4	0	0	0	0	0	0	0	0	0
A	BL	20	104	1	2	BA1652	9832	4	0	0	0	0	0	0	1	0	0	0
A	BL	20	104	1	2	BA1652	9834	4	5	1	1	0	0	0	0	0	0	0
A	BL	20	104	1	2	BA1652	9843	5	0	0	0	0	0	0	1	0	0	0
A	BL	20	104	1	2	BA1652	9844	5	4	0	0	0	0	0	0	0	0	0
A	BL	20	104	1	2	BA1652	9858	4	5	1	1	0	0	0	0	0	0	0
A	BL	20	104	1	2	BA1652	9860	5	0	0	0	0	0	0	1	0	0	0
A	BL	20	104	1	2	BA1652	9867	5	0	0	1	0	0	0	0	0	0	0
A	BL	20	104	1	2	BA1652	9868	5	9	0	0	0	0	0	0	0	0	0
A	BL	20	104	1	2	BA1652	9874	9	0	0	0	0	0	0	1	0	0	0
A	BL	20	104	1	2	BA1652	9878	9	10	0	0	0	0	0	0	0	0	0
A	BL	20	104	1	2	BA1652	9953	10	2	0	0	0	0	0	0	0	0	0
A	BL	20	104	1	2	BA1652	9954	2	6	0	0	0	0	0	0	0	0	0
A	BL	20	104	1	2	BA1652	10647	6	8	2	0	1	0	0	0	0	0	0
A	BL	20	104	1	2	BA1652	10657	8	7	0	0	0	0	0	0	0	0	0
A	BL	20	104	1	2	BA1652	10738	7	0	0	0	0	0	0	0	1	0	0
A	BL	20	104	1	2	BA1652	10914	7	8	2	0	1	0	0	0	0	0	0
A	BL	20	104	1	2	BA1652	10922	8	0	0	0	0	0	0	0	1	0	0
A	BL	20	104	1	2	BA1652	10923	8	0	0	0	1	0	0	0	0	0	0
A	BL	20	104	1	2	BA1652	10924	8	7	0	0	0	0	0	0	0	0	0
A	BL	20	104	1	2	BA1652	10935	7	0	0	0	0	0	0	0	1	0	0
A	BL	20	104	1	2	BA1652	10997	7	8	2	0	1	0	0	0	0	0	0
A	BL	20	104	1	2	BA1652	11007	8	7	0	0	0	0	0	0	0	0	0
A	BL	20	104	1	2	BA1652	11011	7	0	0	0	0	0	0	0	1	0	0
A	BL	20	104	1	2	BA1652	11017	7	8	2	0	1	0	0	0	0	0	0
A	BL	20	104	1	2	BA1652	11027	8	7	0	0	0	0	0	0	0	0	0
A	BL	20	104	1	2	BA1652	11032	7	0	0	0	0	0	0	0	1	0	0
A	BL	20	104	1	2	BA1652	11038	7	8	2	0	1	0	0	0	0	0	0
A	BL	20	104	1	2	BA1652	11048	8	7	0	0	0	0	0	0	0	0	0
A	BL	20	104	1	2	BA1652	11056	7	0	0	0	0	0	0	0	1	0	0
A	BL	20	104	1	2	BA1652	11057	7	8	2	0	1	0	0	0	0	0	0
A	BL	20	104	1	2	BA1652	11067	8	7	0	0	0	0	0	0	0	0	0
A	BL	20	104	1	2	BA1652	11075	7	0	0	0	0	0	0	0	1	0	0
A	BL	20	104	1	2	BA1652	11079	7	8	2	0	1	0	0	0	0	0	0
A	BL	20	104	1	2	BA1652	11089	8	7	0	0	0	0	0	0	0	0	0
A	BL	20	104	1	2	BA1652	11102	7	0	0	0	0	0	0	0	1	0	0
A	BL	20	104	1	2	BA1652	11119	7	8	2	0	1	0	0	0	0	0	0
A	BL	20	104	1	2	BA1652	11129	8	7	0	0	0	0	0	0	0	0	0
A	BL	20	104	1	2	BA1652	11140	7	0	0	0	0	0	0	0	1	0	0
A	BL	20	104	1	2	BA1652	11149	7	8	2	0	1	0	0	0	0	0	0
A	BL	20	104	1	2	BA1652	11157	8	0	0	0	0	0	0	0	1	0	0
A	BL	20	104	1	2	BA1652	11159	8	7	0	0	0	0	0	0	0	0	0
A	BL	20	104	1	2	BA1652	11161	7	8	2	0	1	0	0	0	0	0	0
A	BL	20	104	1	2	BA1652	11171	8	7	0	0	0	0	0	0	0	0	0
A	BL	20	104	1	2	BA1652	11197	7	0	0	0	0	0	0	0	1	0	0
A	BL	20	104	1	2	BA1652	11198	7	8	2	0	1	0	0	0	0	0	0
A	BL	20	104	1	2	BA1652	11200	8	0	0	0	0	0	0	0	1	0	0
A	BL	20	104	1	2	BA1652	11207	8	0	0	0	1	0	0	0	0	0	0
A	BL	20	104	1	2	BA1652	11208	8	7	0	0	0	0	0	0	0	0	0
A	BL	20	104	1	2	BA1652	11221	7	0	0	0	0	0	0	0	1	0	0
A	BL	20	104	1	2	BA1652	11239	7	8	2	0	1	0	0	0	0	0	0
A	BL	20	104	1	2	BA1652	11248	8	0	0	0	0	0	0	0	1	0	0
A	BL	20	104	1	2	BA1652	11249	8	7	0	0	0	0	0	0	0	0	0
A	BL	20	104	1	2	BA1652	11258	7	8	2	0	1	0	0	0	0	0	0
A	BL	20	104	1	2	BA1652	11261	8	0	0	0	0	0	0	0	1	0	0
A	BL	20	104	1	2	BA1652	11267	8	0	0	0	1	0	0	0	0	0	0
A	BL	20	104	1	2	BA1652	11268	8	7	0	0	0	0	0	0	0	0	0
A	BL	20	104	1	2	BA1652	11282	7	0	0	0	0	0	0	0	1	0	0
A	BL	20	104	1	2	BA1652	11287	7	8	2	0	1	0	0	0	0	0	0
A	BL	20	104	1	2	BA1652	11289	8	0	0	0	0	0	0	0	1	0	0
A	BL	20	104	1	2	BA1652	11297	8	7	0	0	0	0	0	0	0	0	0
A	BL	20	104	1	2	BA1652	11402	7	8	2	0	1	0	0	0	0	0	0
A	BL	20	104	1	2	BA1652	11412	8	7	0	0	0	0	0	0	0	0	0
A	BL	20	104	1	2	BA1652	11423	7	0	0	0	0	0	0	0	1	0	0
A	BL	20	104	1	2	BA1652	11425	7	8	2	0	1	0	0	0	0	0	0
A	BL	20	104	1	2	BA1652	11426	8	0	0	0	0	0	0	0	1	0	0
A	BL	20	104	1	2	BA1652	11429	8	0	0	0	1	0	0	0	0	0	0
A	BL	20	104	1	2	BA1652	11435	8	7	0	0	0	0	0	0	0	0	0
A	BL	20	104	1	2	BA1652	11456	7	0	0	0	0	0	0	0	1	0	0
A	BL	20	104	1	2	BA1652	11461	7	8	2	0	1	0	0	0	0	0	0
A	BL	20	104	1	2	BA1652	11471	8	7	0	0	0	0	0	0	0	0	0
A	BL	20	104	1	2	BA1652	11494	7	0	0	0	0	0	0	0	1	0	0
A	BL	20	104	1	2	BA1652	11505	7	8	2	0	1	0	0	0	0	0	0
A	BL	20	104	1	2	BA1652	11507	8	0	0	0	0	0	0	0	1	0	0
A	BL	20	104	1	2	BA1652	11514	8	0	0	0	1	0	0	0	0	0	0
A	BL	20	104	1	2	BA1652	11515	8	7	0	0	0	0	0	0	0	0	0
A	BL	20	104	1	2	BA1652	11541	7	0	0	0	0	0	0	0	1	0	0
A	BL	20	104	1	2	BA1652	11545	7	8	2	0	1	0	0	0	0	0	0
A	BL	20	104	1	2	BA1652	11553	8	0	0	0	0	0	0	0	1	0	0
A	BL	20	104	1	2	BA1652	11555	8	7	0	0	0	0	0	0	0	0	0
A	BL	20	104	1	2	BA1652	11624	7	8	2	0	1	0	0	0	0	0	0
A	BL	20	104	1	2	BA1652	11628	8	0	0	0	0	0	0	0	1	0	0
A	BL	20	104	1	2	BA1652	11630	8	0	0	0	1	0	0	0	0	0	0
A	BL	20	104	1	2	BA1652	11634	8	9	0	0	0	0	0	0	0	0	0
A	BL	20	104	1	2	BA1652	11643	9	0	0	0	0	0	0	0	1	0	0
A	BL	20	104	1	2	BA1652	11644	9	10	0	0	0	0	0	0	0	0	0
A	BL	20	104	1	2	BA1652	11719	10	2	0	0	0	0	0	0	0	0	0
A	BL	20	104	1	2	BA1652	11720	2	6	0	0	0	0	0	0	0	0	0
A	BL	20	104	1	2	BA1652	11869	6	8	2	0	1	0	0	0	0	0	0
A	BL	20	104	1	2	BA1652	11879	8	7	0	0	0	0	0	0	0	0	0
A	BL	20	104	1	2	BA1652	11891	7	0	0	0	0	0	0	0	1	0	0
A	BL	20	104	1	2	BA1652	11895	7	8	2	0	1	0	0	0	0	0	0
A	BL	20	104	1	2	BA1652	11901	8	0	0	0	0	0	0	0	1	0	0
A	BL	20	104	1	2	BA1652	11905	8	7	0	0	0	0	0	0	0	0	0
A	BL	20	104	1	2	BA1652	11913	7	8	2	0	1	0	0	0	0	0	0
A	BL	20	104	1	2	BA1652	11918	8	0	0	0	0	0	0	0	1	0	0
A	BL	20	104	1	2	BA1652	11923	8	7	0	0	1	0	0	0	0	0	0
A	BL	20	104	1	2	BA1652	11947	7	0	0	0	0	0	0	0	1	0	0
A	BL	20	104	1	2	BA1652	11992	7	8	2	0	1	0	0	0	0	0	0
A	BL	20	104	1	2	BA1652	12002	8	7	0	0	0	0	0	0	0	0	0
A	BL	20	104	1	2	BA1652	12011	7	0	0	0	0	0	0	0	1	0	0
A	BL	20	104	1	2	BA1652	12080	7	8	2	0	1	0	0	0	0	0	0
A	BL	20	104	1	2	BA1652	12084	8	0	0	0	0	0	0	0	1	0	0
A	BL	20	104	1	2	BA1652	12088	8	0	0	0	1	0	0	0	0	0	0
A	BL	20	104	1	2	BA1652	12090	8	7	0	0	0	0	0	0	0	0	0
A	BL	20	104	1	2	BA1652	12101	7	0	0	0	0	0	0	0	1	0	0
A	BL	20	104	1	2	BA1652	12105	7	8	2	0	1	0	0	0	0	0	0
A	BL	20	104	1	2	BA1652	12115	8	7	0	0	0	0	0	0	0	0	0
A	BL	20	104	1	2	BA1652	12122	7	0	0	0	0	0	0	0	1	0	0
A	BL	20	104	1	2	BA1652	12128	7	8	2	0	1	0	0	0	0	0	0
A	BL	20	104	1	2	BA1652	12137	8	0	0	0	0	0	0	0	1	0	0
A	BL	20	104	1	2	BA1652	12138	8	7	0	0	0	0	0	0	0	0	0
A	BL	20	104	1	2	BA1652	12141	7	8	2	0	1	0	0	0	0	0	0
A	BL	20	104	1	2	BA1652	12151	8	7	0	0	0	0	0	0	0	0	0
A	BL	20	104	1	2	BA1652	12176	7	0	0	0	0	0	0	0	1	0	0
A	BL	20	104	1	2	BA1652	12183	7	8	2	0	1	0	0	0	0	0	0
A	BL	20	104	1	2	BA1652	12193	8	7	0	0	0	0	0	0	0	0	0
A	BL	20	104	1	2	BA1652	12228	7	0	0	0	0	0	0	0	1	0	0
A	BL	20	104	1	2	BA1652	12244	7	8	2	0	1	0	0	0	0	0	0
A	BL	20	104	1	2	BA1652	12254	8	7	0	0	0	0	0	0	0	0	0
A	BL	20	104	1	2	BA1652	12268	7	0	0	0	0	0	0	0	1	0	0
A	BL	20	104	1	2	BA1652	12273	7	8	2	0	1	0	0	0	0	0	0
A	BL	20	104	1	2	BA1652	12281	8	0	0	0	0	0	0	0	1	0	0
A	BL	20	104	1	2	BA1652	12283	8	7	0	0	0	0	0	0	0	0	0
A	BL	20	104	1	2	BA1652	12290	7	8	2	0	1	0	0	0	0	0	0
A	BL	20	104	1	2	BA1652	12300	8	7	0	0	0	0	0	0	0	0	0
A	BL	20	104	1	2	BA1652	12318	7	0	0	0	0	0	0	0	1	0	0
A	BL	20	104	1	2	BA1652	12368	7	8	2	0	1	0	0	0	0	0	0
A	BL	20	104	1	2	BA1652	12377	8	0	0	0	0	0	0	0	1	0	0
A	BL	20	104	1	2	BA1652	12378	8	7	0	0	0	0	0	0	0	0	0
A	BL	20	104	1	2	BA1652	12379	7	8	2	0	1	0	0	0	0	0	0
A	BL	20	104	1	2	BA1652	12389	8	7	0	0	0	0	0	0	0	0	0
A	BL	20	104	1	2	BA1652	12395	7	0	0	0	0	0	0	0	1	0	0
A	BL	20	104	1	2	BA1652	12398	7	8	2	0	1	0	0	0	0	0	0
A	BL	20	104	1	2	BA1652	12405	8	0	0	0	0	0	0	0	1	0	0
A	BL	20	104	1	2	BA1652	12408	8	7	0	0	0	0	0	0	0	0	0
A	BL	20	104	1	2	BA1652	12411	7	8	2	0	1	0	0	0	0	0	0
A	BL	20	104	1	2	BA1652	12419	8	0	0	0	0	0	0	0	1	0	0
A	BL	20	104	1	2	BA1652	12421	8	7	0	0	0	0	0	0	0	0	0
A	BL	20	104	1	2	BA1652	12422	7	8	2	0	1	0	0	0	0	0	0
A	BL	20	104	1	2	BA1652	12432	8	7	0	0	0	0	0	0	0	0	0
A	BL	20	104	1	2	BA1652	12454	7	0	0	0	0	0	0	0	1	0	0
A	BL	20	104	1	2	BA1652	12455	7	8	2	0	1	0	0	0	0	0	0
A	BL	20	104	1	2	BA1652	12461	8	0	0	0	0	0	0	0	1	0	0
A	BL	20	104	1	2	BA1652	12465	8	7	0	0	0	0	0	0	0	0	0
A	BL	20	104	1	2	BA1652	12468	7	8	2	0	1	0	0	0	0	0	0
A	BL	20	104	1	2	BA1652	12478	8	7	0	0	0	0	0	0	0	0	0
A	BL	20	104	1	2	BA1652	12480	7	0	0	0	0	0	0	0	1	0	0
A	BL	20	104	1	2	BA1652	12484	7	8	2	0	1	0	0	0	0	0	0
A	BL	20	104	1	2	BA1652	12493	8	0	0	0	0	0	0	0	1	0	0
A	BL	20	104	1	2	BA1652	12494	8	9	0	0	0	0	0	0	0	0	0
A	BL	20	104	1	2	BA1652	12504	9	10	0	0	0	0	0	0	0	0	0
A	BL	20	104	1	2	BA1652	12579	10	2	0	0	0	0	0	0	0	0	0
A	BL	20	104	1	2	BA1652	12580	2	6	0	0	0	0	0	0	0	0	0
A	BL	20	104	1	2	BA1652	12703	6	8	2	0	1	0	0	0	0	0	0
A	BL	20	104	1	2	BA1652	12713	8	7	0	0	0	0	0	0	0	0	0
A	BL	20	104	1	2	BA1652	12739	7	0	0	0	0	0	0	0	1	0	0
A	BL	20	104	1	2	BA1652	12778	7	8	2	0	1	0	0	0	0	0	0
A	BL	20	104	1	2	BA1652	12779	8	0	0	0	0	0	0	0	1	0	0
A	BL	20	104	1	2	BA1652	12781	8	0	0	0	1	0	0	0	0	0	0
A	BL	20	104	1	2	BA1652	12788	8	7	0	0	0	0	0	0	0	0	0
A	BL	20	104	1	2	BA1652	12811	7	0	0	0	0	0	0	0	1	0	0
A	BL	20	104	1	2	BA1652	12812	7	8	2	0	1	0	0	0	0	0	0
A	BL	20	104	1	2	BA1652	12822	8	7	0	0	0	0	0	0	0	0	0
A	BL	20	104	1	2	BA1652	12862	7	0	0	0	0	0	0	0	1	0	0
A	BL	20	104	1	2	BA1652	12865	7	8	2	0	1	0	0	0	0	0	0
A	BL	20	104	1	2	BA1652	12875	8	7	0	0	0	0	0	0	0	0	0
A	BL	20	104	1	2	BA1652	12877	7	0	0	0	0	0	0	0	1	0	0
A	BL	20	104	1	2	BA1652	12893	7	8	2	0	1	0	0	0	0	0	0
A	BL	20	104	1	2	BA1652	12896	8	0	0	0	0	0	0	0	1	0	0
A	BL	20	104	1	2	BA1652	12899	8	0	0	0	1	0	0	0	0	0	0
A	BL	20	104	1	2	BA1652	12903	8	7	0	0	0	0	0	0	0	0	0
A	BL	20	104	1	2	BA1652	12918	7	0	0	0	0	0	0	0	1	0	0
A	BL	20	104	1	2	BA1652	12936	7	8	2	0	1	0	0	0	0	0	0
A	BL	20	104	1	2	BA1652	12940	8	0	0	0	0	0	0	0	1	0	0
A	BL	20	104	1	2	BA1652	12946	8	7	0	0	0	0	0	0	0	0	0
A	BL	20	104	1	2	BA1652	12947	7	8	2	0	1	0	0	0	0	0	0
A	BL	20	104	1	2	BA1652	12952	8	0	0	0	0	0	0	0	1	0	0
A	BL	20	104	1	2	BA1652	12957	8	7	0	0	0	0	0	0	0	0	0
A	BL	20	104	1	2	BA1652	12963	7	8	2	0	1	0	0	0	0	0	0
A	BL	20	104	1	2	BA1652	12973	8	7	0	0	0	0	0	0	0	0	0
A	BL	20	104	1	2	BA1652	13002	7	0	0	0	0	0	0	0	1	0	0
A	BL	20	104	1	2	BA1652	13003	7	8	2	0	1	0	0	0	0	0	0
A	BL	20	104	1	2	BA1652	13008	8	0	0	0	0	0	0	0	1	0	0
A	BL	20	104	1	2	BA1652	13011	8	0	0	0	1	0	0	0	0	0	0
A	BL	20	104	1	2	BA1652	13013	8	7	0	0	0	0	0	0	1	0	0
A	BL	20	104	1	2	BA1652	13077	7	8	2	0	1	0	0	0	0	0	0
A	BL	20	104	1	2	BA1652	13083	8	0	0	0	0	0	0	0	1	0	0
A	BL	20	104	1	2	BA1652	13087	8	7	0	0	0	0	0	0	0	0	0
A	BL	20	104	1	2	BA1652	13096	7	8	2	0	1	0	0	0	0	0	0
A	BL	20	104	1	2	BA1652	13106	8	7	0	0	0	0	0	0	0	0	0
A	BL	20	104	1	2	BA1652	13118	7	0	0	0	0	0	0	0	1	0	0
A	BL	20	104	1	2	BA1652	13123	7	8	2	0	1	0	0	0	0	0	0
A	BL	20	104	1	2	BA1652	13130	8	0	0	0	0	0	0	0	1	0	0
A	BL	20	104	1	2	BA1652	13133	8	7	0	0	0	0	0	0	0	0	0
A	BL	20	104	1	2	BA1652	13168	7	8	2	0	1	0	0	0	0	0	0
A	BL	20	104	1	2	BA1652	13176	8	0	0	0	0	0	0	0	1	0	0
A	BL	20	104	1	2	BA1652	13178	8	7	0	0	0	0	0	0	0	0	0
A	BL	20	104	1	2	BA1652	13192	7	8	2	0	1	0	0	0	0	0	0
A	BL	20	104	1	2	BA1652	13194	8	0	0	0	0	0	0	0	1	0	0
A	BL	20	104	1	2	BA1652	13202	8	7	0	0	0	0	0	0	0	0	0
A	BL	20	104	1	2	BA1652	13270	7	8	2	0	1	0	0	0	0	0	0
A	BL	20	104	1	2	BA1652	13273	8	0	0	0	0	0	0	0	1	0	0
A	BL	20	104	1	2	BA1652	13278	8	0	0	0	1	0	0	0	0	0	0
A	BL	20	104	1	2	BA1652	13280	8	7	0	0	0	0	0	0	0	0	0
A	BL	20	104	1	2	BA1652	13309	7	0	0	0	0	0	0	0	1	0	0
A	BL	20	104	1	2	BA1652	13312	7	8	2	0	1	0	0	0	0	0	0
A	BL	20	104	1	2	BA1652	13322	8	7	0	0	0	0	0	0	0	0	0
A	BL	20	104	1	2	BA1652	13354	7	0	0	0	0	0	0	0	1	0	0
A	BL	20	104	1	2	BA1652	13358	7	8	2	0	1	0	0	0	0	0	0
A	BL	20	104	1	2	BA1652	13368	8	7	0	0	0	0	0	0	1	0	0
A	BL	20	104	1	2	BA1652	13390	7	8	2	0	1	0	0	0	0	0	0
A	BL	20	104	1	2	BA1652	13400	8	7	0	0	0	0	0	0	0	0	0
A	BL	20	104	1	2	BA1652	13410	7	0	0	0	0	0	0	0	1	0	0
A	BL	20	104	1	2	BA1652	13419	7	8	2	0	1	0	0	0	0	0	0
A	BL	20	104	1	2	BA1652	13429	8	7	0	0	0	0	0	0	0	0	0
A	BL	20	104	1	2	BA1652	13469	7	0	0	0	0	0	0	0	1	0	0
A	BL	20	104	1	2	BA1652	13477	7	8	2	0	1	0	0	0	0	0	0
A	BL	20	104	1	2	BA1652	13487	8	9	0	0	0	0	0	0	0	0	0
A	BL	20	104	1	2	BA1652	13497	9	10	0	0	0	0	0	0	0	0	0
A	BL	20	104	1	2	BA1652	13498	10	0	0	0	0	0	0	0	1	0	0
A	BL	20	104	1	2	BA1652	13572	10	2	0	0	0	0	0	0	0	0	0
A	BL	20	104	1	2	BA1652	13573	2	3	0	0	0	0	0	0	0	0	0
A	BL	20	104	1	2	BA1652	13641	3	5	1	1	0	0	0	0	0	0	0
A	BL	20	104	1	2	BA1652	13646	5	0	0	0	0	0	0	1	0	0	0
A	BL	20	104	1	2	BA1652	13650	5	0	0	1	0	0	0	0	0	0	0
A	BL	20	104	1	2	BA1652	13651	5	4	0	0	0	0	0	0	0	0	0
A	BL	20	104	1	2	BA1652	13657	4	0	0	0	0	0	0	1	0	0	0
A	BL	20	104	1	2	BA1652	13665	4	5	1	1	0	0	0	0	0	0	0
A	BL	20	104	1	2	BA1652	13670	5	0	0	0	0	0	0	1	0	0	0
A	BL	20	104	1	2	BA1652	13675	5	4	0	0	0	0	0	0	0	0	0
A	BL	20	104	1	2	BA1652	13685	4	5	1	1	0	0	0	0	0	0	0
A	BL	20	104	1	2	BA1652	13695	5	4	0	0	0	0	0	0	0	0	0
A	BL	20	104	1	2	BA1652	13704	4	0	0	0	0	0	0	1	0	0	0
A	BL	20	104	1	2	BA1652	13713	4	5	1	1	0	0	0	0	0	0	0
A	BL	20	104	1	2	BA1652	13722	5	0	0	0	0	0	0	1	0	0	0
A	BL	20	104	1	2	BA1652	13723	5	4	0	0	0	0	0	0	0	0	0
A	BL	20	104	1	2	BA1652	13750	4	5	1	1	0	0	0	0	0	0	0
A	BL	20	104	1	2	BA1652	13752	5	0	0	0	0	0	0	1	0	0	0
A	BL	20	104	1	2	BA1652	13753	5	0	0	1	0	0	0	0	0	0	0
A	BL	20	104	1	2	BA1652	13759	5	0	0	0	0	0	0	1	0	0	0
A	BL	20	104	1	2	BA1652	13760	5	9	0	0	0	0	0	0	0	0	0
A	BL	20	104	1	2	BA1652	13763	9	0	0	1	0	0	0	0	0	0	0
A	BL	20	104	1	2	BA1652	13770	9	10	0	0	0	0	0	0	0	0	0
A	BL	20	104	1	2	BA1652	13772	10	0	0	0	0	0	0	1	0	0	0
A	BL	20	104	1	2	BA1652	13845	10	2	0	0	0	0	0	0	0	0	0
A	BL	20	104	1	2	BA1652	13846	2	3	0	0	0	0	0	0	0	0	0
A	BL	20	104	1	2	BA1652	13912	3	5	1	1	0	0	0	0	0	0	0
A	BL	20	104	1	2	BA1652	13922	5	4	0	0	0	0	0	0	0	0	0
A	BL	20	104	1	2	BA1652	13923	4	0	0	0	0	0	0	1	0	0	0
A	BL	20	104	1	2	BA1652	13930	4	5	1	1	0	0	0	0	0	0	0
A	BL	20	104	1	2	BA1652	13940	5	4	0	0	0	0	0	0	0	0	0
A	BL	20	104	1	2	BA1652	13942	4	0	0	0	0	0	0	1	0	0	0
A	BL	20	104	1	2	BA1652	13944	4	5	1	1	0	0	0	0	0	0	0
A	BL	20	104	1	2	BA1652	13954	5	4	0	0	0	0	0	0	0	0	0
A	BL	20	104	1	2	BA1652	13958	4	0	0	0	0	0	0	1	0	0	0
A	BL	20	104	1	2	BA1652	13966	4	5	1	1	0	0	0	0	0	0	0
A	BL	20	104	1	2	BA1652	13976	5	4	0	0	0	0	0	0	0	0	0
A	BL	20	104	1	2	BA1652	13989	4	0	0	0	0	0	0	1	0	0	0
A	BL	20	104	1	2	BA1652	13996	4	5	1	1	0	0	0	0	0	0	0
A	BL	20	104	1	2	BA1652	14006	5	9	0	0	0	0	0	0	0	0	0
A	BL	20	104	1	2	BA1652	14012	9	0	0	0	0	0	0	1	0	0	0
A	BL	20	104	1	2	BA1652	14016	9	10	0	0	0	0	0	0	0	0	0
A	BL	20	104	1	2	BA1652	14091	10	2	0	0	0	0	0	0	0	0	0
A	BL	20	104	1	2	BA1652	14092	2	6	0	0	0	0	0	0	0	0	0
A	BL	20	104	1	2	BA1652	14555	6	0	0	1	0	0	0	0	0	0	0
A	BL	20	104	1	2	BA1652	14601	6	0	0	0	0	0	0	1	0	0	0
A	BL	20	104	1	2	BA1652	14953	6	8	2	0	1	0	0	0	0	0	0
A	BL	20	104	1	2	BA1652	14963	8	7	0	0	0	0	0	0	0	0	0
A	BL	20	104	1	2	BA1652	14964	7	0	0	0	0	0	0	0	1	0	0
A	BL	20	104	1	2	BA1652	14975	7	8	2	0	1	0	0	0	0	0	0
A	BL	20	104	1	2	BA1652	14985	8	7	0	0	0	0	0	0	0	0	0
A	BL	20	104	1	2	BA1652	14989	7	0	0	0	0	0	0	0	1	0	0
A	BL	20	104	1	2	BA1652	15010	7	8	2	0	1	0	0	0	0	0	0
A	BL	20	104	1	2	BA1652	15012	8	0	0	0	0	0	0	0	1	0	0
A	BL	20	104	1	2	BA1652	15014	8	0	0	0	1	0	0	0	0	0	0
A	BL	20	104	1	2	BA1652	15020	8	7	0	0	0	0	0	0	0	0	0
A	BL	20	104	1	2	BA1652	15025	7	0	0	0	0	0	0	0	1	0	0
A	BL	20	104	1	2	BA1652	15036	7	8	2	0	1	0	0	0	0	0	0
A	BL	20	104	1	2	BA1652	15037	8	0	0	0	0	0	0	0	1	0	0
A	BL	20	104	1	2	BA1652	15046	8	7	0	0	0	0	0	0	0	0	0
A	BL	20	104	1	2	BA1652	15052	7	8	2	0	1	0	0	0	0	0	0
A	BL	20	104	1	2	BA1652	15057	8	0	0	0	0	0	0	0	1	0	0
A	BL	20	104	1	2	BA1652	15062	8	7	0	0	0	0	0	0	0	0	0
A	BL	20	104	1	2	BA1652	15075	7	8	2	0	1	0	0	0	0	0	0
A	BL	20	104	1	2	BA1652	15085	8	7	0	0	0	0	0	0	0	0	0
A	BL	20	104	1	2	BA1652	15086	7	0	0	0	0	0	0	0	1	0	0
A	BL	20	104	1	2	BA1652	15089	7	8	2	0	1	0	0	0	0	0	0
A	BL	20	104	1	2	BA1652	15099	8	7	0	0	0	0	0	0	1	0	0
A	BL	20	104	1	2	BA1652	15124	7	8	2	0	1	0	0	0	0	0	0
A	BL	20	104	1	2	BA1652	15134	8	7	0	0	0	0	0	0	0	0	0
A	BL	20	104	1	2	BA1652	15137	7	0	0	0	0	0	0	0	1	0	0
A	BL	20	104	1	2	BA1652	15141	7	8	2	0	1	0	0	0	0	0	0
A	BL	20	104	1	2	BA1652	15151	8	7	0	0	0	0	0	0	0	0	0
A	BL	20	104	1	2	BA1652	15160	7	0	0	0	0	0	0	0	1	0	0
A	BL	20	104	1	2	BA1652	15203	7	8	2	0	1	0	0	0	0	0	0
A	BL	20	104	1	2	BA1652	15213	8	7	0	0	0	0	0	0	0	0	0
A	BL	20	104	1	2	BA1652	15224	7	0	0	0	0	0	0	0	1	0	0
A	BL	20	104	1	2	BA1652	15231	7	8	2	0	1	0	0	0	0	0	0
A	BL	20	104	1	2	BA1652	15241	8	7	0	0	0	0	0	0	0	0	0
A	BL	20	104	1	2	BA1652	15270	7	0	0	0	0	0	0	0	1	0	0
A	BL	20	104	1	2	BA1652	15349	7	8	2	0	1	0	0	0	0	0	0
A	BL	20	104	1	2	BA1652	15352	8	0	0	0	0	0	0	0	1	0	0
A	BL	20	104	1	2	BA1652	15359	8	7	0	0	0	0	0	0	0	0	0
A	BL	20	104	1	2	BA1652	15368	7	8	2	0	1	0	0	0	0	0	0
A	BL	20	104	1	2	BA1652	15378	8	7	0	0	0	0	0	0	0	0	0
A	BL	20	104	1	2	BA1652	15382	7	0	0	0	0	0	0	0	1	0	0
A	BL	20	104	1	2	BA1652	15415	7	8	2	0	1	0	0	0	0	0	0
A	BL	20	104	1	2	BA1652	15419	8	0	0	0	1	0	0	0	1	0	0
A	BL	20	104	1	2	BA1652	15421	8	0	0	0	0	0	0	0	1	0	0
A	BL	20	104	1	2	BA1652	15424	8	0	0	0	1	0	0	0	0	0	0
A	BL	20	104	1	2	BA1652	15425	8	7	0	0	0	0	0	0	0	0	0
A	BL	20	104	1	2	BA1652	15436	7	0	0	0	0	0	0	0	1	0	0
A	BL	20	104	1	2	BA1652	15438	7	8	2	0	1	0	0	0	0	0	0
A	BL	20	104	1	2	BA1652	15448	8	7	0	0	0	0	0	0	0	0	0
A	BL	20	104	1	2	BA1652	15462	7	0	0	0	0	0	0	0	1	0	0
A	BL	20	104	1	2	BA1652	15465	7	8	2	0	1	0	0	0	0	0	0
A	BL	20	104	1	2	BA1652	15475	8	7	0	0	0	0	0	0	0	0	0
A	BL	20	104	1	2	BA1652	15505	7	0	0	0	0	0	0	0	1	0	0
A	BL	20	104	1	2	BA1652	15510	7	8	2	0	1	0	0	0	0	0	0
A	BL	20	104	1	2	BA1652	15520	8	7	0	0	0	0	0	0	0	0	0
A	BL	20	104	1	2	BA1652	15530	7	0	0	0	0	0	0	0	1	0	0
A	BL	20	104	1	2	BA1652	15535	7	8	2	0	1	0	0	0	0	0	0
A	BL	20	104	1	2	BA1652	15545	8	7	0	0	0	0	0	0	0	0	0
A	BL	20	104	1	2	BA1652	15561	7	0	0	0	0	0	0	0	1	0	0
A	BL	20	104	1	2	BA1652	15621	7	8	2	0	1	0	0	0	0	0	0
A	BL	20	104	1	2	BA1652	15622	8	0	0	0	0	0	0	0	1	0	0
A	BL	20	104	1	2	BA1652	15625	8	0	0	0	1	0	0	0	0	0	0
A	BL	20	104	1	2	BA1652	15631	8	7	0	0	0	0	0	0	0	0	0
A	BL	20	104	1	2	BA1652	15635	7	0	0	0	0	0	0	0	1	0	0
A	BL	20	104	1	2	BA1652	15659	7	8	2	0	1	0	0	0	0	0	0
A	BL	20	104	1	2	BA1652	15663	8	0	0	0	0	0	0	0	1	0	0
A	BL	20	104	1	2	BA1652	15667	8	0	0	0	1	0	0	0	0	0	0
A	BL	20	104	1	2	BA1652	15669	8	9	0	0	0	0	0	0	0	0	0
A	BL	20	104	1	2	BA1652	15678	9	0	0	0	0	0	0	0	1	0	0
A	BL	20	104	1	2	BA1652	15679	9	10	0	0	0	0	0	0	0	0	0
A	BL	20	104	1	2	BA1652	15754	10	2	0	0	0	0	0	0	0	0	0
A	BL	20	104	1	2	BA1652	15755	2	6	0	0	0	0	0	0	0	0	0
A	BL	20	104	1	2	BA1652	16247	6	8	2	0	1	0	0	0	0	0	0
A	BL	20	104	1	2	BA1652	16257	8	7	0	0	0	0	0	0	0	0	0
A	BL	20	104	1	2	BA1652	16268	7	0	0	0	0	0	0	0	1	0	0
A	BL	20	104	1	2	BA1652	16754	7	8	2	0	1	0	0	0	0	0	0
A	BL	20	104	1	2	BA1652	16764	8	7	0	0	0	0	0	0	0	0	0
A	BL	20	104	1	2	BA1652	16779	7	0	0	0	0	0	0	0	1	0	0
A	BL	20	104	1	2	BA1652	16782	7	8	2	0	1	0	0	0	0	0	0
A	BL	20	104	1	2	BA1652	16786	8	0	0	0	0	0	0	0	1	0	0
A	BL	20	104	1	2	BA1652	16792	8	7	0	0	0	0	0	0	0	0	0
A	BL	20	104	1	2	BA1652	16858	7	8	2	0	1	0	0	0	0	0	0
A	BL	20	104	1	2	BA1652	16868	8	7	0	0	0	0	0	0	0	0	0
A	BL	20	104	1	2	BA1652	16879	7	0	0	0	0	0	0	0	1	0	0
A	BL	20	104	1	2	BA1652	16882	7	8	2	0	1	0	0	0	0	0	0
A	BL	20	104	1	2	BA1652	16892	8	7	0	0	0	0	0	0	0	0	0
A	BL	20	104	1	2	BA1652	16894	7	0	0	0	0	0	0	0	1	0	0
A	BL	20	104	1	2	BA1652	16923	7	8	2	0	1	0	0	0	0	0	0
A	BL	20	104	1	2	BA1652	16933	8	7	0	0	0	0	0	0	0	0	0
A	BL	20	104	1	2	BA1652	16935	7	0	0	0	0	0	0	0	1	0	0
A	BL	20	104	1	2	BA1652	16938	7	8	2	0	1	0	0	0	0	0	0
A	BL	20	104	1	2	BA1652	16948	8	7	0	0	0	0	0	0	0	0	0
A	BL	20	104	1	2	BA1652	16958	7	0	0	0	0	0	0	0	1	0	0
A	BL	20	104	1	2	BA1652	16963	7	8	2	0	1	0	0	0	0	0	0
A	BL	20	104	1	2	BA1652	16973	8	7	0	0	0	0	0	0	0	0	0
A	BL	20	104	1	2	BA1652	16974	7	0	0	0	0	0	0	0	1	0	0
A	BL	20	104	1	2	BA1652	16987	7	8	2	0	1	0	0	0	0	0	0
A	BL	20	104	1	2	BA1652	16995	8	0	0	0	0	0	0	0	1	0	0
A	BL	20	104	1	2	BA1652	16997	8	7	0	0	0	0	0	0	0	0	0
A	BL	20	104	1	2	BA1652	16998	7	8	2	0	1	0	0	0	0	0	0
A	BL	20	104	1	2	BA1652	17008	8	7	0	0	0	0	0	0	0	0	0
A	BL	20	104	1	2	BA1652	17009	7	0	0	0	0	0	0	0	1	0	0
A	BL	20	104	1	2	BA1652	17010	7	8	2	0	1	0	0	0	0	0	0
A	BL	20	104	1	2	BA1652	17020	8	7	0	0	0	0	0	0	0	0	0
A	BL	20	104	1	2	BA1652	17024	7	0	0	0	0	0	0	0	1	0	0
A	BL	20	104	1	2	BA1652	17030	7	8	2	0	1	0	0	0	0	0	0
A	BL	20	104	1	2	BA1652	17034	8	0	0	0	0	0	0	0	1	0	0
A	BL	20	104	1	2	BA1652	17040	8	7	0	0	0	0	0	0	0	0	0
A	BL	20	104	1	2	BA1652	17043	7	8	2	0	1	0	0	0	0	0	0
A	BL	20	104	1	2	BA1652	17046	8	0	0	0	0	0	0	0	1	0	0
A	BL	20	104	1	2	BA1652	17053	8	7	0	0	0	0	0	0	0	0	0
A	BL	20	104	1	2	BA1652	17067	7	8	2	0	1	0	0	0	0	0	0
A	BL	20	104	1	2	BA1652	17077	8	7	0	0	0	0	0	0	0	0	0
A	BL	20	104	1	2	BA1652	17103	7	0	0	0	0	0	0	0	1	0	0
A	BL	20	104	1	2	BA1652	17105	7	8	2	0	1	0	0	0	0	0	0
A	BL	20	104	1	2	BA1652	17109	8	0	0	0	0	0	0	0	1	0	0
A	BL	20	104	1	2	BA1652	17115	8	7	0	0	0	0	0	0	0	0	0
A	BL	20	104	1	2	BA1652	17158	7	8	2	0	1	0	0	0	0	0	0
A	BL	20	104	1	2	BA1652	17164	8	0	0	0	0	0	0	0	1	0	0
A	BL	20	104	1	2	BA1652	17167	8	0	0	0	1	0	0	0	0	0	0
A	BL	20	104	1	2	BA1652	17168	8	7	0	0	0	0	0	0	0	0	0
A	BL	20	104	1	2	BA1652	17178	7	0	0	0	0	0	0	0	1	0	0
A	BL	20	104	1	2	BA1652	17182	7	8	2	0	1	0	0	0	0	0	0
A	BL	20	104	1	2	BA1652	17192	8	7	0	0	0	0	0	0	0	0	0
A	BL	20	104	1	2	BA1652	17231	7	0	0	0	0	0	0	0	1	0	0
A	BL	20	104	1	2	BA1652	17241	7	8	2	0	1	0	0	0	0	0	0
A	BL	20	104	1	2	BA1652	17251	8	7	0	0	0	0	0	0	0	0	0
A	BL	20	104	1	2	BA1652	17258	7	0	0	0	0	0	0	0	1	0	0
A	BL	20	104	1	2	BA1652	17259	7	8	2	0	1	0	0	0	0	0	0
A	BL	20	104	1	2	BA1652	17269	8	7	0	0	0	0	0	0	0	0	0
A	BL	20	104	1	2	BA1652	17274	7	0	0	0	0	0	0	0	1	0	0
A	BL	20	104	1	2	BA1652	17282	7	8	2	0	1	0	0	0	0	0	0
A	BL	20	104	1	2	BA1652	17291	8	0	0	0	0	0	0	0	1	0	0
A	BL	20	104	1	2	BA1652	17292	8	9	0	0	0	0	0	0	0	0	0
A	BL	20	104	1	2	BA1652	17302	9	10	0	0	0	0	0	0	0	0	0
A	BL	20	104	1	2	BA1652	17377	10	2	0	0	0	0	0	0	0	0	0
A	BL	20	104	1	2	BA1652	17378	2	3	0	0	0	0	0	0	0	0	0
A	BL	20	104	1	2	BA1652	17444	3	5	1	1	0	0	0	0	0	0	0
A	BL	20	104	1	2	BA1652	17447	5	0	0	0	0	0	0	1	0	0	0
A	BL	20	104	1	2	BA1652	17453	5	0	0	1	0	0	0	0	0	0	0
A	BL	20	104	1	2	BA1652	17454	5	4	0	0	0	0	0	0	0	0	0
A	BL	20	104	1	2	BA1652	17458	4	0	0	0	0	0	0	1	0	0	0
A	BL	20	104	1	2	BA1652	17466	4	5	1	1	0	0	0	0	0	0	0
A	BL	20	104	1	2	BA1652	17476	5	4	0	0	0	0	0	0	0	0	0
A	BL	20	104	1	2	BA1652	17483	4	0	0	0	0	0	0	1	0	0	0
A	BL	20	104	1	2	BA1652	17488	4	5	1	1	0	0	0	0	0	0	0
A	BL	20	104	1	2	BA1652	17496	5	0	0	0	0	0	0	1	0	0	0
A	BL	20	104	1	2	BA1652	17498	5	4	0	0	0	0	0	0	0	0	0
A	BL	20	104	1	2	BA1652	17523	4	5	1	1	0	0	0	0	0	0	0
A	BL	20	104	1	2	BA1652	17525	5	0	0	0	0	0	0	1	0	0	0
A	BL	20	104	1	2	BA1652	17531	5	0	0	1	0	0	0	0	0	0	0
A	BL	20	104	1	2	BA1652	17533	5	4	0	0	0	0	0	0	0	0	0
A	BL	20	104	1	2	BA1652	17535	4	0	0	0	0	0	0	1	0	0	0
A	BL	20	104	1	2	BA1652	17599	4	5	1	1	0	0	0	0	0	0	0
A	BL	20	104	1	2	BA1652	17606	5	0	0	0	0	0	0	1	0	0	0
A	BL	20	104	1	2	BA1652	17609	5	9	0	1	0	0	0	0	0	0	0
A	BL	20	104	1	2	BA1652	17617	9	0	0	0	0	0	0	1	0	0	0
A	BL	20	104	1	2	BA1652	17619	9	10	0	0	0	0	0	0	0	0	0
A	BL	20	104	1	2	BA1652	17694	10	2	0	0	0	0	0	0	0	0	0
A	BL	20	104	1	2	BA1652	17695	2	3	0	0	0	0	0	0	0	0	0
A	BL	20	104	1	2	BA1652	17784	3	5	1	1	0	0	0	0	0	0	0
A	BL	20	104	1	2	BA1652	17794	5	4	0	0	0	0	0	0	0	0	0
A	BL	20	104	1	2	BA1652	17800	4	0	0	0	0	0	0	1	0	0	0
A	BL	20	104	1	2	BA1652	17801	4	5	1	1	0	0	0	0	0	0	0
A	BL	20	104	1	2	BA1652	17811	5	4	0	0	0	0	0	0	0	0	0
A	BL	20	104	1	2	BA1652	17817	4	0	0	0	0	0	0	1	0	0	0
A	BL	20	104	1	2	BA1652	17821	4	5	1	1	0	0	0	0	0	0	0
A	BL	20	104	1	2	BA1652	17831	5	4	0	0	0	0	0	0	0	0	0
A	BL	20	104	1	2	BA1652	17832	4	0	0	0	0	0	0	1	0	0	0
A	BL	20	104	1	2	BA1652	17839	4	5	1	1	0	0	0	0	0	0	0
A	BL	20	104	1	2	BA1652	17842	5	0	0	0	0	0	0	1	0	0	0
A	BL	20	104	1	2	BA1652	17849	5	4	0	1	0	0	0	0	0	0	0
A	BL	20	104	1	2	BA1652	17868	4	0	0	0	0	0	0	1	0	0	0
A	BL	20	104	1	2	BA1652	17873	4	5	1	1	0	0	0	0	0	0	0
A	BL	20	104	1	2	BA1652	17883	5	9	0	0	0	0	0	0	0	0	0
A	BL	20	104	1	2	BA1652	17893	9	10	0	0	0	0	0	0	0	0	0
A	BL	20	104	1	2	BA1652	17896	10	0	0	0	0	0	0	1	0	0	0
A	BL	20	104	1	2	BA1652	17968	10	2	0	0	0	0	0	0	0	0	0
A	BL	20	104	1	2	BA1652	17969	2	3	0	0	0	0	0	0	0	0	0
A	BL	20	104	1	2	BA1652	18024	3	5	1	1	0	0	0	0	0	0	0
A	BL	20	104	1	2	BA1652	18034	5	4	0	0	0	0	0	0	0	0	0
A	BL	20	104	1	2	BA1652	18039	4	0	0	0	0	0	0	1	0	0	0
A	BL	20	104	1	2	BA1652	18042	4	5	1	1	0	0	0	0	0	0	0
A	BL	20	104	1	2	BA1652	18044	5	0	0	0	0	0	0	1	0	0	0
A	BL	20	104	1	2	BA1652	18049	5	0	0	1	0	0	0	0	0	0	0
A	BL	20	104	1	2	BA1652	18052	5	4	0	0	0	0	0	0	0	0	0
A	BL	20	104	1	2	BA1652	18075	4	0	0	0	0	0	0	1	0	0	0
A	BL	20	104	1	2	BA1652	18085	4	5	1	1	0	0	0	0	0	0	0
A	BL	20	104	1	2	BA1652	18088	5	0	0	0	0	0	0	1	0	0	0
A	BL	20	104	1	2	BA1652	18093	5	0	0	1	0	0	0	0	0	0	0
A	BL	20	104	1	2	BA1652	18095	5	4	0	0	0	0	0	0	0	0	0
A	BL	20	104	1	2	BA1652	18106	4	0	0	0	0	0	0	1	0	0	0
A	BL	20	104	1	2	BA1652	18110	4	5	1	1	0	0	0	0	0	0	0
A	BL	20	104	1	2	BA1652	18114	5	0	0	0	0	0	0	1	0	0	0
A	BL	20	104	1	2	BA1652	18120	5	4	0	1	0	0	0	0	0	0	0
A	BL	20	104	1	2	BA1652	18134	4	0	0	0	0	0	0	1	0	0	0
A	BL	20	104	1	2	BA1652	18142	4	5	1	1	0	0	0	0	0	0	0
A	BL	20	104	1	2	BA1652	18151	5	0	0	0	0	0	0	1	0	0	0
A	BL	20	104	1	2	BA1652	18152	5	9	0	0	0	0	0	0	0	0	0
A	BL	20	104	1	2	BA1652	18162	9	10	0	0	0	0	0	0	0	0	0
A	BL	20	104	1	2	BA1652	18163	10	0	0	1	0	0	0	0	0	0	0
A	BL	20	104	1	2	BA1652	18170	10	0	0	0	0	0	0	1	0	0	0
A	BL	20	104	1	2	BA1652	18237	10	2	0	0	0	0	0	0	0	0	0
A	BL	20	104	1	2	BA1652	18238	2	6	0	0	0	0	0	0	0	0	0
A	BL	20	104	1	2	BA1652	18571	6	8	2	0	1	0	0	0	0	0	0
A	BL	20	104	1	2	BA1652	18581	8	7	0	0	0	0	0	0	0	0	0
A	BL	20	104	1	2	BA1652	18587	7	0	0	0	0	0	0	0	1	0	0
A	BL	20	104	1	2	BA1652	18645	7	8	2	0	1	0	0	0	0	0	0
A	BL	20	104	1	2	BA1652	18655	8	7	0	0	0	0	0	0	0	0	0
A	BL	20	104	1	2	BA1652	18676	7	0	0	0	0	0	0	0	1	0	0
A	BL	20	104	1	2	BA1652	18685	7	8	2	0	1	0	0	0	0	0	0
A	BL	20	104	1	2	BA1652	18695	8	7	0	0	0	0	0	0	0	0	0
A	BL	20	104	1	2	BA1652	18696	7	0	0	0	0	0	0	0	1	0	0
A	BL	20	104	1	2	BA1652	18703	7	8	2	0	1	0	0	0	0	0	0
A	BL	20	104	1	2	BA1652	18713	8	7	0	0	0	0	0	0	0	0	0
A	BL	20	104	1	2	BA1652	18737	7	0	0	0	0	0	0	0	1	0	0
A	BL	20	104	1	2	BA1652	18800	7	8	2	0	1	0	0	0	0	0	0
A	BL	20	104	1	2	BA1652	18810	8	7	0	0	0	0	0	0	0	0	0
A	BL	20	104	1	2	BA1652	18820	7	0	0	0	0	0	0	0	1	0	0
A	BL	20	104	1	2	BA1652	18854	7	8	2	0	1	0	0	0	0	0	0
A	BL	20	104	1	2	BA1652	18857	8	0	0	0	0	0	0	0	1	0	0
A	BL	20	104	1	2	BA1652	18862	8	0	0	0	1	0	0	0	0	0	0
A	BL	20	104	1	2	BA1652	18864	8	7	0	0	0	0	0	0	0	0	0
A	BL	20	104	1	2	BA1652	18877	7	0	0	0	0	0	0	0	1	0	0
A	BL	20	104	1	2	BA1652	18981	7	8	2	0	1	0	0	0	0	0	0
A	BL	20	104	1	2	BA1652	18987	8	0	0	0	0	0	0	0	1	0	0
A	BL	20	104	1	2	BA1652	18991	8	7	0	0	0	0	0	0	0	0	0
A	BL	20	104	1	2	BA1652	18993	7	8	2	0	1	0	0	0	0	0	0
A	BL	20	104	1	2	BA1652	19003	8	7	0	0	0	0	0	0	0	0	0
A	BL	20	104	1	2	BA1652	19006	7	0	0	0	0	0	0	0	1	0	0
A	BL	20	104	1	2	BA1652	19009	7	8	2	0	1	0	0	0	0	0	0
A	BL	20	104	1	2	BA1652	19012	8	0	0	0	0	0	0	0	1	0	0
A	BL	20	104	1	2	BA1652	19014	8	0	0	0	1	0	0	0	0	0	0
A	BL	20	104	1	2	BA1652	19019	8	7	0	0	0	0	0	0	0	0	0
A	BL	20	104	1	2	BA1652	19025	7	0	0	0	0	0	0	0	1	0	0
A	BL	20	104	1	2	BA1652	19032	7	8	2	0	1	0	0	0	0	0	0
A	BL	20	104	1	2	BA1652	19042	8	7	0	0	0	0	0	0	0	0	0
A	BL	20	104	1	2	BA1652	19057	7	0	0	0	0	0	0	0	1	0	0
A	BL	20	104	1	2	BA1652	19079	7	8	2	0	1	0	0	0	0	0	0
A	BL	20	104	1	2	BA1652	19089	8	7	0	0	0	0	0	0	0	0	0
A	BL	20	104	1	2	BA1652	19136	7	0	0	0	0	0	0	0	1	0	0
A	BL	20	104	1	2	BA1652	19163	7	8	2	0	1	0	0	0	0	0	0
A	BL	20	104	1	2	BA1652	19172	8	0	0	0	0	0	0	0	1	0	0
A	BL	20	104	1	2	BA1652	19173	8	7	0	0	0	0	0	0	0	0	0
A	BL	20	104	1	2	BA1652	19255	7	8	2	0	1	0	0	0	0	0	0
A	BL	20	104	1	2	BA1652	19265	8	7	0	0	0	0	0	0	0	0	0
A	BL	20	104	1	2	BA1652	19286	7	0	0	0	0	0	0	0	1	0	0
A	BL	20	104	1	2	BA1652	19294	7	8	2	0	1	0	0	0	0	0	0
A	BL	20	104	1	2	BA1652	19304	8	7	0	0	0	0	0	0	0	0	0
A	BL	20	104	1	2	BA1652	19385	7	0	0	0	0	0	0	0	1	0	0
A	BL	20	104	1	2	BA1652	19391	7	8	2	0	1	0	0	0	0	0	0
A	BL	20	104	1	2	BA1652	19401	8	7	0	0	0	0	0	0	0	0	0
A	BL	20	104	1	2	BA1652	19421	7	0	0	0	0	0	0	0	1	0	0
A	BL	20	104	1	2	BA1652	19438	7	8	2	0	1	0	0	0	0	0	0
A	BL	20	104	1	2	BA1652	19447	8	0	0	0	0	0	0	0	1	0	0
A	BL	20	104	1	2	BA1652	19448	8	7	0	0	0	0	0	0	0	0	0
A	BL	20	104	1	2	BA1652	19454	7	8	2	0	1	0	0	0	0	0	0
A	BL	20	104	1	2	BA1652	19464	8	7	0	0	0	0	0	0	0	0	0
A	BL	20	104	1	2	BA1652	19467	7	0	0	0	0	0	0	0	1	0	0
A	BL	20	104	1	2	BA1652	19480	7	8	2	0	1	0	0	0	0	0	0
A	BL	20	104	1	2	BA1652	19487	8	0	0	0	0	0	0	0	1	0	0
A	BL	20	104	1	2	BA1652	19490	8	7	0	0	1	0	0	0	0	0	0
A	BL	20	104	1	2	BA1652	19509	7	0	0	0	0	0	0	0	1	0	0
A	BL	20	104	1	2	BA1652	19518	7	8	2	0	1	0	0	0	0	0	0
A	BL	20	104	1	2	BA1652	19528	8	7	0	0	0	0	0	0	0	0	0
A	BL	20	104	1	2	BA1652	19545	7	0	0	0	0	0	0	0	1	0	0
A	BL	20	104	1	2	BA1652	19563	7	8	2	0	1	0	0	0	0	0	0
A	BL	20	104	1	2	BA1652	19569	8	0	0	0	0	0	0	0	1	0	0
A	BL	20	104	1	2	BA1652	19571	8	0	0	0	1	0	0	0	0	0	0
A	BL	20	104	1	2	BA1652	19573	8	9	0	0	0	0	0	0	0	0	0
A	BL	20	104	1	2	BA1652	19583	9	10	0	0	0	0	0	0	0	0	0
A	BL	20	104	1	2	BA1652	19588	10	0	0	0	0	0	0	0	1	0	0
A	BL	20	104	1	2	BA1652	19658	10	2	0	0	0	0	0	0	0	0	0
A	BL	20	104	1	2	BA1652	19659	2	6	0	0	0	0	0	0	0	0	0
A	BL	20	104	1	2	BA1652	19791	6	8	2	0	1	0	0	0	0	0	0
A	BL	20	104	1	2	BA1652	19801	8	7	0	0	0	0	0	0	0	0	0
A	BL	20	104	1	2	BA1652	19818	7	0	0	0	0	0	0	0	1	0	0
A	BL	20	104	1	2	BA1652	19867	7	8	2	0	1	0	0	0	0	0	0
A	BL	20	104	1	2	BA1652	19877	8	7	0	0	0	0	0	0	0	0	0
A	BL	20	104	1	2	BA1652	19883	7	0	0	0	0	0	0	0	1	0	0
A	BL	20	104	1	2	BA1652	19886	7	8	2	0	1	0	0	0	0	0	0
A	BL	20	104	1	2	BA1652	19896	8	7	0	0	0	0	0	0	0	0	0
A	BL	20	104	1	2	BA1652	19902	7	0	0	0	0	0	0	0	1	0	0
A	BL	20	104	1	2	BA1652	19951	7	8	2	0	1	0	0	0	0	0	0
A	BL	20	104	1	2	BA1652	19956	8	0	0	0	0	0	0	0	1	0	0
A	BL	20	104	1	2	BA1652	19961	8	7	0	0	0	0	0	0	0	0	0
A	BL	20	104	1	2	BA1652	19963	7	8	2	0	1	0	0	0	0	0	0
A	BL	20	104	1	2	BA1652	19973	8	7	0	0	0	0	0	0	0	0	0
A	BL	20	104	1	2	BA1652	19978	7	0	0	0	0	0	0	0	1	0	0
A	BL	20	104	1	2	BA1652	19987	7	8	2	0	1	0	0	0	0	0	0
A	BL	20	104	1	2	BA1652	19997	8	7	0	0	0	0	0	0	0	0	0
A	BL	20	104	1	2	BA1652	20000	7	0	0	0	0	0	0	0	1	0	0
A	BL	20	104	1	2	BA1652	20007	7	8	2	0	1	0	0	0	0	0	0
A	BL	20	104	1	2	BA1652	20009	8	0	0	0	0	0	0	0	1	0	0
A	BL	20	104	1	2	BA1652	20011	8	0	0	0	1	0	0	0	0	0	0
A	BL	20	104	1	2	BA1652	20017	8	7	0	0	0	0	0	0	0	0	0
A	BL	20	104	1	2	BA1652	20121	7	0	0	0	0	0	0	0	1	0	0
A	BL	20	104	1	2	BA1652	20235	7	8	2	0	1	0	0	0	0	0	0
A	BL	20	104	1	2	BA1652	20245	8	7	0	0	0	0	0	0	1	0	0
A	BL	20	104	1	2	BA1652	20250	7	8	2	0	1	0	0	0	0	0	0
A	BL	20	104	1	2	BA1652	20260	8	7	0	0	0	0	0	0	0	0	0
A	BL	20	104	1	2	BA1652	20261	7	0	0	0	0	0	0	0	1	0	0
A	BL	20	104	1	2	BA1652	20274	7	8	2	0	1	0	0	0	0	0	0
A	BL	20	104	1	2	BA1652	20284	8	7	0	0	0	0	0	0	1	0	0
A	BL	20	104	1	2	BA1652	20286	7	8	2	0	1	0	0	0	0	0	0
A	BL	20	104	1	2	BA1652	20295	8	0	0	0	0	0	0	0	1	0	0
A	BL	20	104	1	2	BA1652	20296	8	7	0	0	0	0	0	0	0	0	0
A	BL	20	104	1	2	BA1652	20299	7	8	2	0	1	0	0	0	0	0	0
A	BL	20	104	1	2	BA1652	20304	8	0	0	0	0	0	0	0	1	0	0
A	BL	20	104	1	2	BA1652	20309	8	7	0	0	0	0	0	0	0	0	0
A	BL	20	104	1	2	BA1652	20314	7	8	2	0	1	0	0	0	0	0	0
A	BL	20	104	1	2	BA1652	20316	8	0	0	0	0	0	0	0	1	0	0
A	BL	20	104	1	2	BA1652	20321	8	0	0	0	1	0	0	0	0	0	0
A	BL	20	104	1	2	BA1652	20324	8	7	0	0	0	0	0	0	0	0	0
A	BL	20	104	1	2	BA1652	20330	7	0	0	0	0	0	0	0	1	0	0
A	BL	20	104	1	2	BA1652	20333	7	8	2	0	1	0	0	0	0	0	0
A	BL	20	104	1	2	BA1652	20343	8	7	0	0	0	0	0	0	0	0	0
A	BL	20	104	1	2	BA1652	20371	7	0	0	0	0	0	0	0	1	0	0
A	BL	20	104	1	2	BA1652	20372	7	8	2	0	1	0	0	0	0	0	0
A	BL	20	104	1	2	BA1652	20380	8	0	0	0	0	0	0	0	1	0	0
A	BL	20	104	1	2	BA1652	20382	8	7	0	0	0	0	0	0	0	0	0
A	BL	20	104	1	2	BA1652	20385	7	8	2	0	1	0	0	0	0	0	0
A	BL	20	104	1	2	BA1652	20395	8	7	0	0	0	0	0	0	0	0	0
A	BL	20	104	1	2	BA1652	20455	7	0	0	0	0	0	0	0	1	0	0
A	BL	20	104	1	2	BA1652	20457	7	8	2	0	1	0	0	0	0	0	0
A	BL	20	104	1	2	BA1652	20467	8	7	0	0	0	0	0	0	0	0	0
A	BL	20	104	1	2	BA1652	20481	7	0	0	0	0	0	0	0	1	0	0
A	BL	20	104	1	2	BA1652	20483	7	8	2	0	1	0	0	0	0	0	0
A	BL	20	104	1	2	BA1652	20493	8	7	0	0	0	0	0	0	0	0	0
A	BL	20	104	1	2	BA1652	20494	7	0	0	0	0	0	0	0	1	0	0
A	BL	20	104	1	2	BA1652	20497	7	8	2	0	1	0	0	0	0	0	0
A	BL	20	104	1	2	BA1652	20505	8	0	0	0	0	0	0	0	1	0	0
A	BL	20	104	1	2	BA1652	20507	8	7	0	0	0	0	0	0	0	0	0
A	BL	20	104	1	2	BA1652	20509	7	8	2	0	1	0	0	0	0	0	0
A	BL	20	104	1	2	BA1652	20519	8	9	0	0	0	0	0	0	0	0	0
A	BL	20	104	1	2	BA1652	20523	9	0	0	0	0	0	0	0	1	0	0
A	BL	20	104	1	2	BA1652	20529	9	10	0	0	0	0	0	0	0	0	0
A	BL	20	104	1	2	BA1652	20604	10	2	0	0	0	0	0	0	0	0	0
A	BL	20	104	1	2	BA1652	20605	2	6	0	0	0	0	0	0	0	0	0
A	BL	20	104	1	2	BA1652	20700	6	0	0	1	0	0	0	0	0	0	0
A	BL	20	104	1	2	BA1652	20702	6	0	0	0	0	0	0	1	0	0	0
A	BL	20	104	1	2	BA1652	20704	6	0	0	1	0	0	0	0	0	0	0
A	BL	20	104	1	2	BA1652	20714	6	0	0	0	0	0	0	1	0	0	0
A	BL	20	104	1	2	BA1652	20917	6	8	2	0	1	0	0	0	0	0	0
A	BL	20	104	1	2	BA1652	20926	8	0	0	0	0	0	0	0	1	0	0
A	BL	20	104	1	2	BA1652	20927	8	7	0	0	0	0	0	0	0	0	0
A	BL	20	104	1	2	BA1652	20932	7	8	2	0	1	0	0	0	0	0	0
A	BL	20	104	1	2	BA1652	20942	8	7	0	0	0	0	0	0	0	0	0
A	BL	20	104	1	2	BA1652	20943	7	0	0	0	0	0	0	0	1	0	0
A	BL	20	104	1	2	BA1652	20944	7	8	2	0	1	0	0	0	0	0	0
A	BL	20	104	1	2	BA1652	20954	8	7	0	0	0	0	0	0	0	0	0
A	BL	20	104	1	2	BA1652	20977	7	0	0	0	0	0	0	0	1	0	0
A	BL	20	104	1	2	BA1652	20979	7	8	2	0	1	0	0	0	0	0	0
A	BL	20	104	1	2	BA1652	20986	8	0	0	0	0	0	0	0	1	0	0
A	BL	20	104	1	2	BA1652	20989	8	7	0	0	0	0	0	0	0	0	0
A	BL	20	104	1	2	BA1652	20990	7	8	2	0	1	0	0	0	0	0	0
A	BL	20	104	1	2	BA1652	21000	8	7	0	0	0	0	0	0	0	0	0
A	BL	20	104	1	2	BA1652	21019	7	0	0	0	0	0	0	0	1	0	0
A	BL	20	104	1	2	BA1652	21024	7	8	2	0	1	0	0	0	0	0	0
A	BL	20	104	1	2	BA1652	21034	8	7	0	0	0	0	0	0	0	0	0
A	BL	20	104	1	2	BA1652	21035	7	0	0	0	0	0	0	0	1	0	0
A	BL	20	104	1	2	BA1652	21053	7	8	2	0	1	0	0	0	0	0	0
A	BL	20	104	1	2	BA1652	21063	8	7	0	0	0	0	0	0	0	0	0
A	BL	20	104	1	2	BA1652	21065	7	0	0	0	0	0	0	0	1	0	0
A	BL	20	104	1	2	BA1652	21066	7	8	2	0	1	0	0	0	0	0	0
A	BL	20	104	1	2	BA1652	21073	8	0	0	0	0	0	0	0	1	0	0
A	BL	20	104	1	2	BA1652	21076	8	7	0	0	0	0	0	0	0	0	0
A	BL	20	104	1	2	BA1652	21088	7	8	2	0	1	0	0	0	0	0	0
A	BL	20	104	1	2	BA1652	21091	8	0	0	0	0	0	0	0	1	0	0
A	BL	20	104	1	2	BA1652	21096	8	0	0	0	1	0	0	0	0	0	0
A	BL	20	104	1	2	BA1652	21098	8	7	0	0	0	0	0	0	0	0	0
A	BL	20	104	1	2	BA1652	21116	7	0	0	0	0	0	0	0	1	0	0
A	BL	20	104	1	2	BA1652	21118	7	8	2	0	1	0	0	0	0	0	0
A	BL	20	104	1	2	BA1652	21128	8	7	0	0	0	0	0	0	0	0	0
A	BL	20	104	1	2	BA1652	21132	7	0	0	0	0	0	0	0	1	0	0
A	BL	20	104	1	2	BA1652	21159	7	8	2	0	1	0	0	0	0	0	0
A	BL	20	104	1	2	BA1652	21169	8	7	0	0	0	0	0	0	0	0	0
A	BL	20	104	1	2	BA1652	21194	7	0	0	0	0	0	0	0	1	0	0
A	BL	20	104	1	2	BA1652	21195	7	8	2	0	1	0	0	0	0	0	0
A	BL	20	104	1	2	BA1652	21200	8	0	0	0	0	0	0	0	1	0	0
A	BL	20	104	1	2	BA1652	21205	8	7	0	0	0	0	0	0	0	0	0
A	BL	20	104	1	2	BA1652	21259	7	8	2	0	1	0	0	0	0	0	0
A	BL	20	104	1	2	BA1652	21266	8	0	0	0	0	0	0	0	1	0	0
A	BL	20	104	1	2	BA1652	21269	8	7	0	0	0	0	0	0	0	0	0
A	BL	20	104	1	2	BA1652	21270	7	8	2	0	1	0	0	0	0	0	0
A	BL	20	104	1	2	BA1652	21280	8	7	0	0	0	0	0	0	0	0	0
A	BL	20	104	1	2	BA1652	21283	7	0	0	0	0	0	0	0	1	0	0
A	BL	20	104	1	2	BA1652	21289	7	8	2	0	1	0	0	0	0	0	0
A	BL	20	104	1	2	BA1652	21299	8	7	0	0	0	0	0	0	0	0	0
A	BL	20	104	1	2	BA1652	21325	7	0	0	0	0	0	0	0	1	0	0
A	BL	20	104	1	2	BA1652	21327	7	8	2	0	1	0	0	0	0	0	0
A	BL	20	104	1	2	BA1652	21329	8	0	0	0	0	0	0	0	1	0	0
A	BL	20	104	1	2	BA1652	21334	8	0	0	0	1	0	0	0	0	0	0
A	BL	20	104	1	2	BA1652	21337	8	7	0	0	0	0	0	0	0	0	0
A	BL	20	104	1	2	BA1652	21353	7	0	0	0	0	0	0	0	1	0	0
A	BL	20	104	1	2	BA1652	21355	7	8	2	0	1	0	0	0	0	0	0
A	BL	20	104	1	2	BA1652	21365	8	7	0	0	0	0	0	0	0	0	0
A	BL	20	104	1	2	BA1652	21374	7	0	0	0	0	0	0	0	1	0	0
A	BL	20	104	1	2	BA1652	21404	7	8	2	0	1	0	0	0	0	0	0
A	BL	20	104	1	2	BA1652	21414	8	7	0	0	0	0	0	0	1	0	0
A	BL	20	104	1	2	BA1652	21418	7	8	2	0	1	0	0	0	0	0	0
A	BL	20	104	1	2	BA1652	21428	8	7	0	0	0	0	0	0	0	0	0
A	BL	20	104	1	2	BA1652	21441	7	0	0	0	0	0	0	0	1	0	0
A	BL	20	104	1	2	BA1652	21466	7	8	2	0	1	0	0	0	0	0	0
A	BL	20	104	1	2	BA1652	21472	8	0	0	0	0	0	0	0	1	0	0
A	BL	20	104	1	2	BA1652	21476	8	9	0	0	0	0	0	0	0	0	0
A	BL	20	104	1	2	BA1652	21486	9	10	0	0	0	0	0	0	0	0	0
A	BL	20	104	1	2	BA1652	21561	10	2	0	0	0	0	0	0	0	0	0
A	BL	20	104	1	2	BA1652	21562	2	3	0	0	0	0	0	0	0	0	0
A	BL	20	104	1	2	BA1652	21597	3	5	1	1	0	0	0	0	0	0	0
A	BL	20	104	1	2	BA1652	21603	5	0	0	0	0	0	0	1	0	0	0
A	BL	20	104	1	2	BA1652	21607	5	4	0	0	0	0	0	0	0	0	0
A	BL	20	104	1	2	BA1652	21608	4	5	1	1	0	0	0	0	0	0	0
A	BL	20	104	1	2	BA1652	21614	5	0	0	0	0	0	0	1	0	0	0
A	BL	20	104	1	2	BA1652	21615	5	0	0	1	0	0	0	0	0	0	0
A	BL	20	104	1	2	BA1652	21618	5	4	0	0	0	0	0	1	0	0	0
A	BL	20	104	1	2	BA1652	21621	4	5	1	1	0	0	0	0	0	0	0
A	BL	20	104	1	2	BA1652	21625	5	0	0	0	0	0	0	1	0	0	0
A	BL	20	104	1	2	BA1652	21631	5	4	0	0	0	0	0	0	0	0	0
A	BL	20	104	1	2	BA1652	21650	4	5	1	1	0	0	0	0	0	0	0
A	BL	20	104	1	2	BA1652	21660	5	4	0	0	0	0	0	0	0	0	0
A	BL	20	104	1	2	BA1652	21666	4	0	0	0	0	0	0	1	0	0	0
A	BL	20	104	1	2	BA1652	21670	4	5	1	1	0	0	0	0	0	0	0
A	BL	20	104	1	2	BA1652	21680	5	9	0	0	0	0	0	1	0	0	0
A	BL	20	104	1	2	BA1652	21683	9	0	0	1	0	0	0	0	0	0	0
A	BL	20	104	1	2	BA1652	21690	9	10	0	0	0	0	0	0	0	0	0
A	BL	20	104	1	2	BA1652	21692	10	0	0	0	0	0	0	1	0	0	0
A	BL	20	104	1	2	BA1652	21765	10	2	0	0	0	0	0	0	0	0	0
A	BL	20	104	1	2	BA1652	21766	2	3	0	0	0	0	0	0	0	0	0
A	BL	20	104	1	2	BA1652	21844	3	5	1	1	0	0	0	0	0	0	0
A	BL	20	104	1	2	BA1652	21847	5	0	0	0	0	0	0	1	0	0	0
A	BL	20	104	1	2	BA1652	21849	5	0	0	1	0	0	0	0	0	0	0
A	BL	20	104	1	2	BA1652	21854	5	4	0	0	0	0	0	0	0	0	0
A	BL	20	104	1	2	BA1652	21859	4	0	0	0	0	0	0	1	0	0	0
A	BL	20	104	1	2	BA1652	21880	4	5	1	1	0	0	0	0	0	0	0
A	BL	20	104	1	2	BA1652	21889	5	0	0	0	0	0	0	1	0	0	0
A	BL	20	104	1	2	BA1652	21890	5	4	0	0	0	0	0	0	0	0	0
A	BL	20	104	1	2	BA1652	21899	4	5	1	1	0	0	0	0	0	0	0
A	BL	20	104	1	2	BA1652	21909	5	4	0	0	0	0	0	0	0	0	0
A	BL	20	104	1	2	BA1652	21928	4	0	0	0	0	0	0	1	0	0	0
A	BL	20	104	1	2	BA1652	21933	4	5	1	1	0	0	0	0	0	0	0
A	BL	20	104	1	2	BA1652	21943	5	4	0	0	0	0	0	0	0	0	0
A	BL	20	104	1	2	BA1652	21955	4	0	0	0	0	0	0	1	0	0	0
A	BL	20	104	1	2	BA1652	21958	4	5	1	1	0	0	0	0	0	0	0
A	BL	20	104	1	2	BA1652	21964	5	0	0	0	0	0	0	1	0	0	0
A	BL	20	104	1	2	BA1652	21968	5	9	0	0	0	0	0	0	0	0	0
A	BL	20	104	1	2	BA1652	21978	9	10	0	0	0	0	0	0	0	0	0
A	BL	20	104	1	2	BA1652	22053	10	2	0	0	0	0	0	0	0	0	0
A	BL	20	104	1	2	BA1652	22054	2	3	0	0	0	0	0	0	0	0	0
A	BL	20	104	1	2	BA1652	22177	3	5	1	1	0	0	0	0	0	0	0
A	BL	20	104	1	2	BA1652	22187	5	4	0	0	0	0	0	0	0	0	0
A	BL	20	104	1	2	BA1652	22191	4	0	0	0	0	0	0	1	0	0	0
A	BL	20	104	1	2	BA1652	22220	4	5	1	1	0	0	0	0	0	0	0
A	BL	20	104	1	2	BA1652	22226	5	0	0	0	0	0	0	1	0	0	0
A	BL	20	104	1	2	BA1652	22230	5	4	0	0	0	0	0	0	0	0	0
A	BL	20	104	1	2	BA1652	22231	4	5	1	1	0	0	0	0	0	0	0
A	BL	20	104	1	2	BA1652	22241	5	4	0	0	0	0	0	0	0	0	0
A	BL	20	104	1	2	BA1652	22295	4	0	0	0	0	0	0	1	0	0	0
A	BL	20	104	1	2	BA1652	22345	4	5	1	1	0	0	0	0	0	0	0
A	BL	20	104	1	2	BA1652	22349	5	0	0	0	0	0	0	1	0	0	0
A	BL	20	104	1	2	BA1652	22355	5	4	0	0	0	0	0	0	0	0	0
A	BL	20	104	1	2	BA1652	22357	4	5	1	1	0	0	0	0	0	0	0
A	BL	20	104	1	2	BA1652	22367	5	9	0	0	0	0	0	0	0	0	0
A	BL	20	104	1	2	BA1652	22376	9	0	0	0	0	0	0	1	0	0	0
A	BL	20	104	1	2	BA1652	22377	9	10	0	0	0	0	0	0	0	0	0
A	BL	20	104	1	2	BA1652	22452	10	2	0	0	0	0	0	0	0	0	0
A	BL	20	104	1	2	BA1652	22453	2	6	0	0	0	0	0	0	0	0	0
A	BL	20	104	1	2	BA1652	23267	6	8	2	0	1	0	0	0	0	0	0
A	BL	20	104	1	2	BA1652	23277	8	7	0	0	0	0	0	0	0	0	0
A	BL	20	104	1	2	BA1652	23282	7	0	0	0	0	0	0	0	1	0	0
A	BL	20	104	1	2	BA1652	23290	7	8	2	0	1	0	0	0	0	0	0
A	BL	20	104	1	2	BA1652	23296	8	0	0	0	0	0	0	0	1	0	0
A	BL	20	104	1	2	BA1652	23300	8	7	0	0	0	0	0	0	0	0	0
A	BL	20	104	1	2	BA1652	23463	7	8	2	0	1	0	0	0	0	0	0
A	BL	20	104	1	2	BA1652	23473	8	7	0	0	0	0	0	0	0	0	0
A	BL	20	104	1	2	BA1652	23495	7	0	0	0	0	0	0	0	1	0	0
A	BL	20	104	1	2	BA1652	23552	7	8	2	0	1	0	0	0	0	0	0
A	BL	20	104	1	2	BA1652	23556	8	0	0	0	0	0	0	0	1	0	0
A	BL	20	104	1	2	BA1652	23562	8	7	0	0	0	0	0	0	0	0	0
A	BL	20	104	1	2	BA1652	23578	7	8	2	0	1	0	0	0	0	0	0
A	BL	20	104	1	2	BA1652	23583	8	0	0	0	0	0	0	0	1	0	0
A	BL	20	104	1	2	BA1652	23587	8	0	0	0	1	0	0	0	0	0	0
A	BL	20	104	1	2	BA1652	23588	8	7	0	0	0	0	0	0	0	0	0
A	BL	20	104	1	2	BA1652	23591	7	0	0	0	0	0	0	0	1	0	0
A	BL	20	104	1	2	BA1652	23598	7	8	2	0	1	0	0	0	0	0	0
A	BL	20	104	1	2	BA1652	23606	8	0	0	0	0	0	0	0	1	0	0
A	BL	20	104	1	2	BA1652	23608	8	7	0	0	0	0	0	0	0	0	0
A	BL	20	104	1	2	BA1652	23618	7	8	2	0	1	0	0	0	0	0	0
A	BL	20	104	1	2	BA1652	23628	8	7	0	0	0	0	0	0	1	0	0
A	BL	20	104	1	2	BA1652	23703	7	8	2	0	1	0	0	0	0	0	0
A	BL	20	104	1	2	BA1652	23713	8	7	0	0	0	0	0	0	1	0	0
A	BL	20	104	1	2	BA1652	23760	7	8	2	0	1	0	0	0	0	0	0
A	BL	20	104	1	2	BA1652	23764	8	0	0	0	0	0	0	0	1	0	0
A	BL	20	104	1	2	BA1652	23770	8	7	0	0	0	0	0	0	0	0	0
A	BL	20	104	1	2	BA1652	23775	7	8	2	0	1	0	0	0	0	0	0
A	BL	20	104	1	2	BA1652	23778	8	0	0	0	0	0	0	0	1	0	0
A	BL	20	104	1	2	BA1652	23782	8	0	0	0	1	0	0	0	0	0	0
A	BL	20	104	1	2	BA1652	23785	8	7	0	0	0	0	0	0	0	0	0
A	BL	20	104	1	2	BA1652	23808	7	0	0	0	0	0	0	0	1	0	0
A	BL	20	104	1	2	BA1652	23870	7	8	2	0	1	0	0	0	0	0	0
A	BL	20	104	1	2	BA1652	23876	8	0	0	0	0	0	0	0	1	0	0
A	BL	20	104	1	2	BA1652	23880	8	7	0	0	0	0	0	0	0	0	0
A	BL	20	104	1	2	BA1652	23917	7	8	2	0	1	0	0	0	0	0	0
A	BL	20	104	1	2	BA1652	23923	8	0	0	0	0	0	0	0	1	0	0
A	BL	20	104	1	2	BA1652	23926	8	0	0	0	1	0	0	0	0	0	0
A	BL	20	104	1	2	BA1652	23927	8	7	0	0	0	0	0	0	0	0	0
A	BL	20	104	1	2	BA1652	23929	7	0	0	0	0	0	0	0	1	0	0
A	BL	20	104	1	2	BA1652	23940	7	8	2	0	1	0	0	0	0	0	0
A	BL	20	104	1	2	BA1652	23943	8	0	0	0	0	0	0	0	1	0	0
A	BL	20	104	1	2	BA1652	23950	8	7	0	0	0	0	0	0	0	0	0
A	BL	20	104	1	2	BA1652	23986	7	8	2	0	1	0	0	0	0	0	0
A	BL	20	104	1	2	BA1652	23988	8	0	0	0	0	0	0	0	1	0	0
A	BL	20	104	1	2	BA1652	23992	8	0	0	0	1	0	0	0	0	0	0
A	BL	20	104	1	2	BA1652	23996	8	7	0	0	0	0	0	0	0	0	0
A	BL	20	104	1	2	BA1652	24013	7	0	0	0	0	0	0	0	1	0	0
A	BL	20	104	1	2	BA1652	24025	7	8	2	0	1	0	0	0	0	0	0
A	BL	20	104	1	2	BA1652	24035	8	7	0	0	0	0	0	0	0	0	0
A	BL	20	104	1	2	BA1652	24036	7	0	0	0	0	0	0	0	1	0	0
A	BL	20	104	1	2	BA1652	24040	7	8	2	0	1	0	0	0	0	0	0
A	BL	20	104	1	2	BA1652	24048	8	0	0	0	0	0	0	0	1	0	0
A	BL	20	104	1	2	BA1652	24050	8	7	0	0	0	0	0	0	0	0	0
A	BL	20	104	1	2	BA1652	24116	7	8	2	0	1	0	0	0	0	0	0
A	BL	20	104	1	2	BA1652	24123	8	0	0	0	0	0	0	0	1	0	0
A	BL	20	104	1	2	BA1652	24126	8	7	0	0	0	0	0	0	0	0	0
A	BL	20	104	1	2	BA1652	24127	7	8	2	0	1	0	0	0	0	0	0
A	BL	20	104	1	2	BA1652	24137	8	7	0	0	0	0	0	0	0	0	0
A	BL	20	104	1	2	BA1652	24153	7	0	0	0	0	0	0	0	1	0	0
A	BL	20	104	1	2	BA1652	24160	7	8	2	0	1	0	0	0	0	0	0
A	BL	20	104	1	2	BA1652	24170	8	7	0	0	0	0	0	0	0	0	0
A	BL	20	104	1	2	BA1652	24186	7	0	0	0	0	0	0	0	1	0	0
A	BL	20	104	1	2	BA1652	24233	7	8	2	0	1	0	0	0	0	0	0
A	BL	20	104	1	2	BA1652	24243	8	9	0	0	0	0	0	0	0	0	0
A	BL	20	104	1	2	BA1652	24253	9	10	0	0	0	0	0	0	0	0	0
A	BL	20	104	1	2	BA1652	24256	10	0	0	0	0	0	0	0	1	0	0
A	BL	20	104	1	2	BA1652	24257	10	0	0	0	1	0	0	0	0	0	0
A	BL	20	104	1	2	BA1652	24259	10	0	0	0	0	0	0	0	1	0	0
A	BL	20	104	1	2	BA1652	24328	10	2	0	0	0	0	0	0	0	0	0
A	BL	20	104	1	2	BA1652	24329	2	6	0	0	0	0	0	0	0	0	0
A	BL	20	104	1	2	BA1652	24477	6	8	2	0	1	0	0	0	0	0	0
A	BL	20	104	1	2	BA1652	24479	8	0	0	0	0	0	0	0	1	0	0
A	BL	20	104	1	2	BA1652	24487	8	7	0	0	0	0	0	0	0	0	0
A	BL	20	104	1	2	BA1652	24540	7	8	2	0	1	0	0	0	0	0	0
A	BL	20	104	1	2	BA1652	24548	8	0	0	0	0	0	0	0	1	0	0
A	BL	20	104	1	2	BA1652	24550	8	7	0	0	0	0	0	0	0	0	0
A	BL	20	104	1	2	BA1652	24615	7	8	2	0	1	0	0	0	0	0	0
A	BL	20	104	1	2	BA1652	24619	8	0	0	0	0	0	0	0	1	0	0
A	BL	20	104	1	2	BA1652	24625	8	7	0	0	0	0	0	0	0	0	0
A	BL	20	104	1	2	BA1652	24634	7	8	2	0	1	0	0	0	0	0	0
A	BL	20	104	1	2	BA1652	24636	8	0	0	0	0	0	0	0	1	0	0
A	BL	20	104	1	2	BA1652	24639	8	0	0	0	1	0	0	0	0	0	0
A	BL	20	104	1	2	BA1652	24644	8	7	0	0	0	0	0	0	0	0	0
A	BL	20	104	1	2	BA1652	24648	7	0	0	0	0	0	0	0	1	0	0
A	BL	20	104	1	2	BA1652	24655	7	8	2	0	1	0	0	0	0	0	0
A	BL	20	104	1	2	BA1652	24665	8	7	0	0	0	0	0	0	0	0	0
A	BL	20	104	1	2	BA1652	24702	7	0	0	0	0	0	0	0	1	0	0
A	BL	20	104	1	2	BA1652	24717	7	8	2	0	1	0	0	0	0	0	0
A	BL	20	104	1	2	BA1652	24727	8	7	0	0	0	0	0	0	0	0	0
A	BL	20	104	1	2	BA1652	24741	7	0	0	0	0	0	0	0	1	0	0
A	BL	20	104	1	2	BA1652	24745	7	8	2	0	1	0	0	0	0	0	0
A	BL	20	104	1	2	BA1652	24755	8	7	0	0	0	0	0	0	0	0	0
A	BL	20	104	1	2	BA1652	24764	7	0	0	0	0	0	0	0	1	0	0
A	BL	20	104	1	2	BA1652	24828	7	8	2	0	1	0	0	0	0	0	0
A	BL	20	104	1	2	BA1652	24838	8	7	0	0	0	0	0	0	0	0	0
A	BL	20	104	1	2	BA1652	24842	7	0	0	0	0	0	0	0	1	0	0
A	BL	20	104	1	2	BA1652	24862	7	8	2	0	1	0	0	0	0	0	0
A	BL	20	104	1	2	BA1652	24864	8	0	0	0	0	0	0	0	1	0	0
A	BL	20	104	1	2	BA1652	24872	8	7	0	0	0	0	0	0	0	0	0
A	BL	20	104	1	2	BA1652	24881	7	8	2	0	1	0	0	0	0	0	0
A	BL	20	104	1	2	BA1652	24891	8	7	0	0	0	0	0	0	0	0	0
A	BL	20	104	1	2	BA1652	24916	7	0	0	0	0	0	0	0	1	0	0
A	BL	20	104	1	2	BA1652	24919	7	8	2	0	1	0	0	0	0	0	0
A	BL	20	104	1	2	BA1652	24929	8	7	0	0	0	0	0	0	0	0	0
A	BL	20	104	1	2	BA1652	24937	7	0	0	0	0	0	0	0	1	0	0
A	BL	20	104	1	2	BA1652	24947	7	8	2	0	1	0	0	0	0	0	0
A	BL	20	104	1	2	BA1652	24953	8	0	0	0	0	0	0	0	1	0	0
A	BL	20	104	1	2	BA1652	24957	8	7	0	0	0	0	0	0	0	0	0
A	BL	20	104	1	2	BA1652	24974	7	8	2	0	1	0	0	0	0	0	0
A	BL	20	104	1	2	BA1652	24979	8	0	0	0	0	0	0	0	1	0	0
A	BL	20	104	1	2	BA1652	24984	8	7	0	0	0	0	0	0	0	0	0
A	BL	20	104	1	2	BA1652	24989	7	8	2	0	1	0	0	0	0	0	0
A	BL	20	104	1	2	BA1652	24999	8	7	0	0	0	0	0	0	0	0	0
A	BL	20	104	1	2	BA1652	25003	7	0	0	0	0	0	0	0	1	0	0
A	BL	20	104	1	2	BA1652	25004	7	8	2	0	1	0	0	0	0	0	0
A	BL	20	104	1	2	BA1652	25014	8	7	0	0	0	0	0	0	0	0	0
A	BL	20	104	1	2	BA1652	25030	7	0	0	0	0	0	0	0	1	0	0
A	BL	20	104	1	2	BA1652	25062	7	8	2	0	1	0	0	0	0	0	0
A	BL	20	104	1	2	BA1652	25066	8	0	0	0	0	0	0	0	1	0	0
A	BL	20	104	1	2	BA1652	25070	8	0	0	0	1	0	0	0	0	0	0
A	BL	20	104	1	2	BA1652	25072	8	7	0	0	0	0	0	0	0	0	0
A	BL	20	104	1	2	BA1652	25102	7	0	0	0	0	0	0	0	1	0	0
A	BL	20	104	1	2	BA1652	25109	7	8	2	0	1	0	0	0	0	0	0
A	BL	20	104	1	2	BA1652	25119	8	7	0	0	0	0	0	0	0	0	0
A	BL	20	104	1	2	BA1652	25127	7	0	0	0	0	0	0	0	1	0	0
A	BL	20	104	1	2	BA1652	25163	7	8	2	0	1	0	0	0	0	0	0
A	BL	20	104	1	2	BA1652	25173	8	7	0	0	0	0	0	0	0	0	0
A	BL	20	104	1	2	BA1652	25184	7	0	0	0	0	0	0	0	1	0	0
A	BL	20	104	1	2	BA1652	25220	7	8	2	0	1	0	0	0	0	0	0
A	BL	20	104	1	2	BA1652	25230	8	7	0	0	0	0	0	0	0	0	0
A	BL	20	104	1	2	BA1652	25262	7	0	0	0	0	0	0	0	1	0	0
A	BL	20	104	1	2	BA1652	25263	7	8	2	0	1	0	0	0	0	0	0
A	BL	20	104	1	2	BA1652	25269	8	0	0	0	0	0	0	0	1	0	0
A	BL	20	104	1	2	BA1652	25270	8	0	0	0	1	0	0	0	0	0	0
A	BL	20	104	1	2	BA1652	25273	8	9	0	0	0	0	0	0	0	0	0
A	BL	20	104	1	2	BA1652	25283	9	10	0	0	0	0	0	0	1	0	0
A	BL	20	104	1	2	BA1652	25358	10	2	0	0	0	0	0	0	0	0	0
A	BL	20	104	1	2	BA1652	25359	2	6	0	0	0	0	0	0	0	0	0
A	BL	20	104	1	2	BA1652	25533	6	8	2	0	1	0	0	0	0	0	0
A	BL	20	104	1	2	BA1652	25537	8	0	0	0	0	0	0	0	1	0	0
A	BL	20	104	1	2	BA1652	25543	8	7	0	0	0	0	0	0	0	0	0
A	BL	20	104	1	2	BA1652	25599	7	8	2	0	1	0	0	0	0	0	0
A	BL	20	104	1	2	BA1652	25606	8	0	0	0	0	0	0	0	1	0	0
A	BL	20	104	1	2	BA1652	25609	8	7	0	0	0	0	0	0	0	0	0
A	BL	20	104	1	2	BA1652	25653	7	8	2	0	1	0	0	0	0	0	0
A	BL	20	104	1	2	BA1652	25663	8	7	0	0	0	0	0	0	1	0	0
A	BL	20	104	1	2	BA1652	25716	7	8	2	0	1	0	0	0	0	0	0
A	BL	20	104	1	2	BA1652	25725	8	0	0	0	0	0	0	0	1	0	0
A	BL	20	104	1	2	BA1652	25726	8	7	0	0	1	0	0	0	0	0	0
A	BL	20	104	1	2	BA1652	25739	7	0	0	0	0	0	0	0	1	0	0
A	BL	20	104	1	2	BA1652	25743	7	8	2	0	1	0	0	0	0	0	0
A	BL	20	104	1	2	BA1652	25753	8	7	0	0	0	0	0	0	0	0	0
A	BL	20	104	1	2	BA1652	25757	7	0	0	0	0	0	0	0	1	0	0
A	BL	20	104	1	2	BA1652	25759	7	8	2	0	1	0	0	0	0	0	0
A	BL	20	104	1	2	BA1652	25760	8	0	0	0	0	0	0	0	1	0	0
A	BL	20	104	1	2	BA1652	25769	8	7	0	0	0	0	0	0	0	0	0
A	BL	20	104	1	2	BA1652	25912	7	8	2	0	1	0	0	0	0	0	0
A	BL	20	104	1	2	BA1652	25919	8	0	0	0	0	0	0	0	1	0	0
A	BL	20	104	1	2	BA1652	25922	8	7	0	0	0	0	0	0	0	0	0
A	BL	20	104	1	2	BA1652	25925	7	8	2	0	1	0	0	0	0	0	0
A	BL	20	104	1	2	BA1652	25930	8	0	0	0	0	0	0	0	1	0	0
A	BL	20	104	1	2	BA1652	25935	8	7	0	0	0	0	0	0	0	0	0
A	BL	20	104	1	2	BA1652	25979	7	8	2	0	1	0	0	0	0	0	0
A	BL	20	104	1	2	BA1652	25989	8	7	0	0	0	0	0	0	0	0	0
A	BL	20	104	1	2	BA1652	25994	7	0	0	0	0	0	0	0	1	0	0
A	BL	20	104	1	2	BA1652	25996	7	8	2	0	1	0	0	0	0	0	0
A	BL	20	104	1	2	BA1652	26006	8	7	0	0	0	0	0	0	0	0	0
A	BL	20	104	1	2	BA1652	26010	7	0	0	0	0	0	0	0	1	0	0
A	BL	20	104	1	2	BA1652	26013	7	8	2	0	1	0	0	0	0	0	0
A	BL	20	104	1	2	BA1652	26023	8	7	0	0	0	0	0	0	0	0	0
A	BL	20	104	1	2	BA1652	26029	7	0	0	0	0	0	0	0	1	0	0
A	BL	20	104	1	2	BA1652	26059	7	8	2	0	1	0	0	0	0	0	0
A	BL	20	104	1	2	BA1652	26061	8	0	0	0	0	0	0	0	1	0	0
A	BL	20	104	1	2	BA1652	26066	8	0	0	0	1	0	0	0	0	0	0
A	BL	20	104	1	2	BA1652	26069	8	7	0	0	0	0	0	0	0	0	0
A	BL	20	104	1	2	BA1652	26089	7	0	0	0	0	0	0	0	1	0	0
A	BL	20	104	1	2	BA1652	26107	7	8	2	0	1	0	0	0	0	0	0
A	BL	20	104	1	2	BA1652	26110	8	0	0	0	0	0	0	0	1	0	0
A	BL	20	104	1	2	BA1652	26117	8	7	0	0	0	0	0	0	0	0	0
A	BL	20	104	1	2	BA1652	26200	7	8	2	0	1	0	0	0	0	0	0
A	BL	20	104	1	2	BA1652	26208	8	0	0	0	0	0	0	0	1	0	0
A	BL	20	104	1	2	BA1652	26210	8	7	0	0	0	0	0	0	0	0	0
A	BL	20	104	1	2	BA1652	26212	7	8	2	0	1	0	0	0	0	0	0
A	BL	20	104	1	2	BA1652	26222	8	7	0	0	0	0	0	0	0	0	0
A	BL	20	104	1	2	BA1652	26227	7	0	0	0	0	0	0	0	1	0	0
A	BL	20	104	1	2	BA1652	26232	7	8	2	0	1	0	0	0	0	0	0
A	BL	20	104	1	2	BA1652	26242	8	7	0	0	0	0	0	0	0	0	0
A	BL	20	104	1	2	BA1652	26251	7	0	0	0	0	0	0	0	1	0	0
A	BL	20	104	1	2	BA1652	26263	7	8	2	0	1	0	0	0	0	0	0
A	BL	20	104	1	2	BA1652	26273	8	7	0	0	0	0	0	0	0	0	0
A	BL	20	104	1	2	BA1652	26285	7	0	0	0	0	0	0	0	1	0	0
A	BL	20	104	1	2	BA1652	26289	7	8	2	0	1	0	0	0	0	0	0
A	BL	20	104	1	2	BA1652	26299	8	7	0	0	0	0	0	0	0	0	0
A	BL	20	104	1	2	BA1652	26305	7	0	0	0	0	0	0	0	1	0	0
A	BL	20	104	1	2	BA1652	26324	7	8	2	0	1	0	0	0	0	0	0
A	BL	20	104	1	2	BA1652	26333	8	0	0	0	0	0	0	0	1	0	0
A	BL	20	104	1	2	BA1652	26334	8	7	0	0	0	0	0	0	0	0	0
A	BL	20	104	1	2	BA1652	26358	7	8	2	0	1	0	0	0	0	0	0
A	BL	20	104	1	2	BA1652	26368	8	9	0	0	0	0	0	0	0	0	0
A	BL	20	104	1	2	BA1652	26378	9	10	0	0	0	0	0	0	1	0	0
A	BL	20	104	1	2	BA1652	26453	10	2	0	0	0	0	0	0	0	0	0
A	BL	20	104	1	2	BA1652	26454	2	3	0	0	0	0	0	0	0	0	0
A	BL	20	104	1	2	BA1652	26531	3	5	1	1	0	0	0	0	0	0	0
A	BL	20	104	1	2	BA1652	26538	5	0	0	0	0	0	0	1	0	0	0
A	BL	20	104	1	2	BA1652	26541	5	4	0	1	0	0	0	0	0	0	0
A	BL	20	104	1	2	BA1652	26548	4	0	0	0	0	0	0	1	0	0	0
A	BL	20	104	1	2	BA1652	26555	4	5	1	1	0	0	0	0	0	0	0
A	BL	20	104	1	2	BA1652	26562	5	0	0	0	0	0	0	1	0	0	0
A	BL	20	104	1	2	BA1652	26565	5	4	0	0	0	0	0	0	0	0	0
A	BL	20	104	1	2	BA1652	26574	4	5	1	1	0	0	0	0	0	0	0
A	BL	20	104	1	2	BA1652	26584	5	4	0	0	0	0	0	0	0	0	0
A	BL	20	104	1	2	BA1652	26585	4	0	0	0	0	0	0	1	0	0	0
A	BL	20	104	1	2	BA1652	26589	4	5	1	1	0	0	0	0	0	0	0
A	BL	20	104	1	2	BA1652	26599	5	4	0	0	0	0	0	0	0	0	0
A	BL	20	104	1	2	BA1652	26600	4	0	0	0	0	0	0	1	0	0	0
A	BL	20	104	1	2	BA1652	26602	4	5	1	1	0	0	0	0	0	0	0
A	BL	20	104	1	2	BA1652	26607	5	0	0	0	0	0	0	1	0	0	0
A	BL	20	104	1	2	BA1652	26612	5	9	0	0	0	0	0	0	0	0	0
A	BL	20	104	1	2	BA1652	26622	9	10	0	0	0	0	0	0	0	0	0
A	BL	20	104	1	2	BA1652	26697	10	2	0	0	0	0	0	0	0	0	0
A	BL	20	104	1	2	BA1652	26698	2	6	0	0	0	0	0	0	0	0	0
A	BL	20	104	1	2	BA1652	26823	6	0	0	1	0	0	0	0	0	0	0
A	BL	20	104	1	2	BA1652	26832	6	0	0	0	0	0	0	1	0	0	0
A	BL	20	104	1	2	BA1652	26846	6	0	0	1	0	0	0	0	0	0	0
A	BL	20	104	1	2	BA1652	26870	6	0	0	0	0	0	0	1	0	0	0
A	BL	20	104	1	2	BA1652	26878	6	0	0	1	0	0	0	0	0	0	0
A	BL	20	104	1	2	BA1652	26958	6	0	0	0	0	0	0	1	0	0	0
A	BL	20	104	1	2	BA1652	27072	6	8	2	0	1	0	0	0	0	0	0
A	BL	20	104	1	2	BA1652	27074	8	0	0	0	0	0	0	0	1	0	0
A	BL	20	104	1	2	BA1652	27082	8	7	0	0	0	0	0	0	0	0	0
A	BL	20	104	1	2	BA1652	27170	7	8	2	0	1	0	0	0	0	0	0
A	BL	20	104	1	2	BA1652	27176	8	0	0	0	0	0	0	0	1	0	0
A	BL	20	104	1	2	BA1652	27180	8	7	0	0	0	0	0	0	0	0	0
A	BL	20	104	1	2	BA1652	27213	7	8	2	0	1	0	0	0	0	0	0
A	BL	20	104	1	2	BA1652	27219	8	0	0	0	0	0	0	0	1	0	0
A	BL	20	104	1	2	BA1652	27223	8	7	0	0	0	0	0	0	0	0	0
A	BL	20	104	1	2	BA1652	27272	7	8	2	0	1	0	0	0	0	0	0
A	BL	20	104	1	2	BA1652	27275	8	0	0	0	0	0	0	0	1	0	0
A	BL	20	104	1	2	BA1652	27282	8	7	0	0	0	0	0	0	0	0	0
A	BL	20	104	1	2	BA1652	27288	7	8	2	0	1	0	0	0	0	0	0
A	BL	20	104	1	2	BA1652	27296	8	0	0	0	0	0	0	0	1	0	0
A	BL	20	104	1	2	BA1652	27297	8	0	0	0	1	0	0	0	0	0	0
A	BL	20	104	1	2	BA1652	27298	8	7	0	0	0	0	0	0	0	0	0
A	BL	20	104	1	2	BA1652	27305	7	0	0	0	0	0	0	0	1	0	0
A	BL	20	104	1	2	BA1652	27307	7	8	2	0	1	0	0	0	0	0	0
A	BL	20	104	1	2	BA1652	27317	8	7	0	0	0	0	0	0	0	0	0
A	BL	20	104	1	2	BA1652	27322	7	0	0	0	0	0	0	0	1	0	0
A	BL	20	104	1	2	BA1652	27375	7	8	2	0	1	0	0	0	0	0	0
A	BL	20	104	1	2	BA1652	27379	8	0	0	0	0	0	0	0	1	0	0
A	BL	20	104	1	2	BA1652	27385	8	7	0	0	0	0	0	0	0	0	0
A	BL	20	104	1	2	BA1652	27386	7	8	2	0	1	0	0	0	0	0	0
A	BL	20	104	1	2	BA1652	27396	8	7	0	0	0	0	0	0	0	0	0
A	BL	20	104	1	2	BA1652	27418	7	0	0	0	0	0	0	0	1	0	0
A	BL	20	104	1	2	BA1652	27424	7	8	2	0	1	0	0	0	0	0	0
A	BL	20	104	1	2	BA1652	27434	8	7	0	0	0	0	0	0	0	0	0
A	BL	20	104	1	2	BA1652	27443	7	0	0	0	0	0	0	0	1	0	0
A	BL	20	104	1	2	BA1652	27459	7	8	2	0	1	0	0	0	0	0	0
A	BL	20	104	1	2	BA1652	27464	8	0	0	0	0	0	0	0	1	0	0
A	BL	20	104	1	2	BA1652	27469	8	7	0	0	0	0	0	0	0	0	0
A	BL	20	104	1	2	BA1652	27471	7	8	2	0	1	0	0	0	0	0	0
A	BL	20	104	1	2	BA1652	27472	8	0	0	0	0	0	0	0	1	0	0
A	BL	20	104	1	2	BA1652	27481	8	7	0	0	0	0	0	0	0	0	0
A	BL	20	104	1	2	BA1652	27555	7	8	2	0	1	0	0	0	0	0	0
A	BL	20	104	1	2	BA1652	27561	8	0	0	0	0	0	0	0	1	0	0
A	BL	20	104	1	2	BA1652	27564	8	0	0	0	1	0	0	0	0	0	0
A	BL	20	104	1	2	BA1652	27565	8	7	0	0	0	0	0	0	0	0	0
A	BL	20	104	1	2	BA1652	27579	7	0	0	0	0	0	0	0	1	0	0
A	BL	20	104	1	2	BA1652	27585	7	8	2	0	1	0	0	0	0	0	0
A	BL	20	104	1	2	BA1652	27595	8	7	0	0	0	0	0	0	0	0	0
A	BL	20	104	1	2	BA1652	27613	7	0	0	0	0	0	0	0	1	0	0
A	BL	20	104	1	2	BA1652	27659	7	8	2	0	1	0	0	0	0	0	0
A	BL	20	104	1	2	BA1652	27668	8	0	0	0	0	0	0	0	1	0	0
A	BL	20	104	1	2	BA1652	27669	8	7	0	0	0	0	0	0	0	0	0
A	BL	20	104	1	2	BA1652	27670	7	8	2	0	1	0	0	0	0	0	0
A	BL	20	104	1	2	BA1652	27680	8	7	0	0	0	0	0	0	0	0	0
A	BL	20	104	1	2	BA1652	27703	7	0	0	0	0	0	0	0	1	0	0
A	BL	20	104	1	2	BA1652	27706	7	8	2	0	1	0	0	0	0	0	0
A	BL	20	104	1	2	BA1652	27716	8	7	0	0	0	0	0	0	0	0	0
A	BL	20	104	1	2	BA1652	27721	7	0	0	0	0	0	0	0	1	0	0
A	BL	20	104	1	2	BA1652	27724	7	8	2	0	1	0	0	0	0	0	0
A	BL	20	104	1	2	BA1652	27734	8	7	0	0	0	0	0	0	0	0	0
A	BL	20	104	1	2	BA1652	27743	7	0	0	0	0	0	0	0	1	0	0
A	BL	20	104	1	2	BA1652	27744	7	8	2	0	1	0	0	0	0	0	0
A	BL	20	104	1	2	BA1652	27750	8	0	0	0	0	0	0	0	1	0	0
A	BL	20	104	1	2	BA1652	27752	8	0	0	0	1	0	0	0	0	0	0
A	BL	20	104	1	2	BA1652	27754	8	7	0	0	0	0	0	0	0	0	0
A	BL	20	104	1	2	BA1652	27755	7	0	0	0	0	0	0	0	1	0	0
A	BL	20	104	1	2	BA1652	27758	7	8	2	0	1	0	0	0	0	0	0
A	BL	20	104	1	2	BA1652	27766	8	0	0	0	0	0	0	0	1	0	0
A	BL	20	104	1	2	BA1652	27767	8	0	0	0	1	0	0	0	0	0	0
A	BL	20	104	1	2	BA1652	27768	8	7	0	0	0	0	0	0	0	0	0
A	BL	20	104	1	2	BA1652	27785	7	0	0	0	0	0	0	0	1	0	0
A	BL	20	104	1	2	BA1652	27814	7	8	2	0	1	0	0	0	0	0	0
A	BL	20	104	1	2	BA1652	27824	8	9	0	0	0	0	0	0	0	0	0
A	BL	20	104	1	2	BA1652	27832	9	0	0	0	0	0	0	0	1	0	0
A	BL	20	104	1	2	BA1652	27834	9	10	0	0	0	0	0	0	0	0	0
A	BL	20	104	1	2	BA1652	27909	10	2	0	0	0	0	0	0	0	0	0
A	BL	20	104	1	2	BA1652	27910	2	3	0	0	0	0	0	0	0	0	0
A	BL	20	104	1	2	BA1652	27984	3	5	1	1	0	0	0	0	0	0	0
A	BL	20	104	1	2	BA1652	27990	5	0	0	0	0	0	0	1	0	0	0
A	BL	20	104	1	2	BA1652	27994	5	4	0	0	0	0	0	0	0	0	0
A	BL	20	104	1	2	BA1652	27995	4	5	1	1	0	0	0	0	0	0	0
A	BL	20	104	1	2	BA1652	28002	5	0	0	0	0	0	0	1	0	0	0
A	BL	20	104	1	2	BA1652	28005	5	4	0	0	0	0	0	0	0	0	0
A	BL	20	104	1	2	BA1652	28010	4	5	1	1	0	0	0	0	0	0	0
A	BL	20	104	1	2	BA1652	28013	5	0	0	0	0	0	0	1	0	0	0
A	BL	20	104	1	2	BA1652	28019	5	0	0	1	0	0	0	0	0	0	0
A	BL	20	104	1	2	BA1652	28020	5	4	0	0	0	0	0	0	0	0	0
A	BL	20	104	1	2	BA1652	28090	4	0	0	0	0	0	0	1	0	0	0
A	BL	20	104	1	2	BA1652	28149	4	5	1	1	0	0	0	0	0	0	0
A	BL	20	104	1	2	BA1652	28155	5	0	0	0	0	0	0	1	0	0	0
A	BL	20	104	1	2	BA1652	28157	5	0	0	1	0	0	0	0	0	0	0
A	BL	20	104	1	2	BA1652	28159	5	4	0	0	0	0	0	0	0	0	0
A	BL	20	104	1	2	BA1652	28188	4	0	0	0	0	0	0	1	0	0	0
A	BL	20	104	1	2	BA1652	28239	4	5	1	1	0	0	0	0	0	0	0
A	BL	20	104	1	2	BA1652	28241	5	0	0	0	0	0	0	1	0	0	0
A	BL	20	104	1	2	BA1652	28247	5	0	0	1	0	0	0	0	0	0	0
A	BL	20	104	1	2	BA1652	28249	5	9	0	0	0	0	0	1	0	0	0
A	BL	20	104	1	2	BA1652	28251	9	0	0	1	0	0	0	0	0	0	0
A	BL	20	104	1	2	BA1652	28259	9	10	0	0	0	0	0	0	0	0	0
A	BL	20	104	1	2	BA1652	28262	10	0	0	0	0	0	0	1	0	0	0
A	BL	20	104	1	2	BA1652	28334	10	2	0	0	0	0	0	0	0	0	0
A	BL	20	104	1	2	BA1652	28335	2	6	0	0	0	0	0	0	0	0	0
A	BL	20	104	1	2	BA1652	28702	6	8	2	0	1	0	0	0	0	0	0
A	BL	20	104	1	2	BA1652	28712	8	7	0	0	0	0	0	0	0	0	0
A	BL	20	104	1	2	BA1652	28751	7	0	0	0	0	0	0	0	1	0	0
A	BL	20	104	1	2	BA1652	28782	7	8	2	0	1	0	0	0	0	0	0
A	BL	20	104	1	2	BA1652	28792	8	7	0	0	0	0	0	0	0	0	0
A	BL	20	104	1	2	BA1652	28794	7	0	0	0	0	0	0	0	1	0	0
A	BL	20	104	1	2	BA1652	28898	7	8	2	0	1	0	0	0	0	0	0
A	BL	20	104	1	2	BA1652	28908	8	7	0	0	0	0	0	0	0	0	0
A	BL	20	104	1	2	BA1652	28927	7	0	0	0	0	0	0	0	1	0	0
A	BL	20	104	1	2	BA1652	29047	7	8	2	0	1	0	0	0	0	0	0
A	BL	20	104	1	2	BA1652	29057	8	7	0	0	0	0	0	0	0	0	0
A	BL	20	104	1	2	BA1652	29063	7	0	0	0	0	0	0	0	1	0	0
A	BL	20	104	1	2	BA1652	29132	7	8	2	0	1	0	0	0	0	0	0
A	BL	20	104	1	2	BA1652	29138	8	0	0	0	0	0	0	0	1	0	0
A	BL	20	104	1	2	BA1652	29142	8	7	0	0	1	0	0	0	0	0	0
A	BL	20	104	1	2	BA1652	29148	7	0	0	0	0	0	0	0	1	0	0
A	BL	20	104	1	2	BA1652	29152	7	8	2	0	1	0	0	0	0	0	0
A	BL	20	104	1	2	BA1652	29162	8	7	0	0	0	0	0	0	0	0	0
A	BL	20	104	1	2	BA1652	29180	7	0	0	0	0	0	0	0	1	0	0
A	BL	20	104	1	2	BA1652	29188	7	8	2	0	1	0	0	0	0	0	0
A	BL	20	104	1	2	BA1652	29192	8	0	0	0	0	0	0	0	1	0	0
A	BL	20	104	1	2	BA1652	29198	8	7	0	0	0	0	0	0	0	0	0
A	BL	20	104	1	2	BA1652	29201	7	8	2	0	1	0	0	0	0	0	0
A	BL	20	104	1	2	BA1652	29203	8	0	0	0	0	0	0	0	1	0	0
A	BL	20	104	1	2	BA1652	29211	8	7	0	0	0	0	0	0	0	0	0
A	BL	20	104	1	2	BA1652	29221	7	8	2	0	1	0	0	0	0	0	0
A	BL	20	104	1	2	BA1652	29226	8	0	0	0	0	0	0	0	1	0	0
A	BL	20	104	1	2	BA1652	29230	8	0	0	0	1	0	0	0	0	0	0
A	BL	20	104	1	2	BA1652	29231	8	7	0	0	0	0	0	0	0	0	0
A	BL	20	104	1	2	BA1652	29245	7	0	0	0	0	0	0	0	1	0	0
A	BL	20	104	1	2	BA1652	29250	7	8	2	0	1	0	0	0	0	0	0
A	BL	20	104	1	2	BA1652	29258	8	0	0	0	0	0	0	0	1	0	0
A	BL	20	104	1	2	BA1652	29260	8	7	0	0	0	0	0	0	0	0	0
A	BL	20	104	1	2	BA1652	29263	7	8	2	0	1	0	0	0	0	0	0
A	BL	20	104	1	2	BA1652	29269	8	0	0	0	0	0	0	0	1	0	0
A	BL	20	104	1	2	BA1652	29272	8	0	0	0	1	0	0	0	0	0	0
A	BL	20	104	1	2	BA1652	29273	8	7	0	0	0	0	0	0	0	0	0
A	BL	20	104	1	2	BA1652	29277	7	0	0	0	0	0	0	0	1	0	0
A	BL	20	104	1	2	BA1652	29279	7	8	2	0	1	0	0	0	0	0	0
A	BL	20	104	1	2	BA1652	29281	8	0	0	0	0	0	0	0	1	0	0
A	BL	20	104	1	2	BA1652	29285	8	0	0	0	1	0	0	0	0	0	0
A	BL	20	104	1	2	BA1652	29289	8	7	0	0	0	0	0	0	0	0	0
A	BL	20	104	1	2	BA1652	29303	7	0	0	0	0	0	0	0	1	0	0
A	BL	20	104	1	2	BA1652	29307	7	8	2	0	1	0	0	0	0	0	0
A	BL	20	104	1	2	BA1652	29311	8	0	0	0	0	0	0	0	1	0	0
A	BL	20	104	1	2	BA1652	29317	8	7	0	0	0	0	0	0	0	0	0
A	BL	20	104	1	2	BA1652	29367	7	8	2	0	1	0	0	0	0	0	0
A	BL	20	104	1	2	BA1652	29369	8	0	0	0	0	0	0	0	1	0	0
A	BL	20	104	1	2	BA1652	29371	8	0	0	0	1	0	0	0	0	0	0
A	BL	20	104	1	2	BA1652	29376	8	0	0	0	0	0	0	0	1	0	0
A	BL	20	104	1	2	BA1652	29377	8	7	0	0	0	0	0	0	0	0	0
A	BL	20	104	1	2	BA1652	29379	7	8	2	0	1	0	0	0	0	0	0
A	BL	20	104	1	2	BA1652	29389	8	7	0	0	0	0	0	0	0	0	0
A	BL	20	104	1	2	BA1652	29399	7	0	0	0	0	0	0	0	1	0	0
A	BL	20	104	1	2	BA1652	29400	7	8	2	0	1	0	0	0	0	0	0
A	BL	20	104	1	2	BA1652	29403	8	0	0	0	0	0	0	0	1	0	0
A	BL	20	104	1	2	BA1652	29409	8	0	0	0	1	0	0	0	0	0	0
A	BL	20	104	1	2	BA1652	29410	8	7	0	0	0	0	0	0	0	0	0
A	BL	20	104	1	2	BA1652	29431	7	0	0	0	0	0	0	0	1	0	0
A	BL	20	104	1	2	BA1652	29437	7	8	2	0	1	0	0	0	0	0	0
A	BL	20	104	1	2	BA1652	29439	8	0	0	0	0	0	0	0	1	0	0
A	BL	20	104	1	2	BA1652	29447	8	7	0	0	1	0	0	0	0	0	0
A	BL	20	104	1	2	BA1652	29602	7	0	0	0	0	0	0	0	1	0	0
A	BL	20	104	1	2	BA1652	29607	7	8	2	0	1	0	0	0	0	0	0
A	BL	20	104	1	2	BA1652	29617	8	7	0	0	0	0	0	0	0	0	0
A	BL	20	104	1	2	BA1652	29626	7	0	0	0	0	0	0	0	1	0	0
A	BL	20	104	1	2	BA1652	29631	7	8	2	0	1	0	0	0	0	0	0
A	BL	20	104	1	2	BA1652	29641	8	7	0	0	0	0	0	0	0	0	0
A	BL	20	104	1	2	BA1652	29646	7	0	0	0	0	0	0	0	1	0	0
A	BL	20	104	1	2	BA1652	29656	7	8	2	0	1	0	0	0	0	0	0
A	BL	20	104	1	2	BA1652	29660	8	0	0	0	0	0	0	0	1	0	0
A	BL	20	104	1	2	BA1652	29666	8	9	0	0	1	0	0	0	0	0	0
A	BL	20	104	1	2	BA1652	29676	9	10	0	0	0	0	0	0	0	0	0
A	BL	20	104	1	2	BA1652	29685	10	0	0	0	0	0	0	0	1	0	0
A	BL	20	104	1	2	BA1652	29751	10	2	0	0	0	0	0	0	0	0	0
A	BL	20	104	1	2	BA1652	29752	2	3	0	0	0	0	0	0	0	0	0
A	BL	20	104	1	2	BA1652	29823	3	5	1	1	0	0	0	0	0	0	0
A	BL	20	104	1	2	BA1652	29829	5	0	0	0	0	0	0	1	0	0	0
A	BL	20	104	1	2	BA1652	29832	5	0	0	1	0	0	0	0	0	0	0
A	BL	20	104	1	2	BA1652	29833	5	4	0	0	0	0	0	0	0	0	0
A	BL	20	104	1	2	BA1652	29842	4	0	0	0	0	0	0	1	0	0	0
A	BL	20	104	1	2	BA1652	29850	4	5	1	1	0	0	0	0	0	0	0
A	BL	20	104	1	2	BA1652	29857	5	0	0	0	0	0	0	1	0	0	0
A	BL	20	104	1	2	BA1652	29860	5	4	0	0	0	0	0	0	0	0	0
A	BL	20	104	1	2	BA1652	29870	4	5	1	1	0	0	0	0	0	0	0
A	BL	20	104	1	2	BA1652	29880	5	4	0	0	0	0	0	0	0	0	0
A	BL	20	104	1	2	BA1652	29885	4	0	0	0	0	0	0	1	0	0	0
A	BL	20	104	1	2	BA1652	29954	4	5	1	1	0	0	0	0	0	0	0
A	BL	20	104	1	2	BA1652	29964	5	4	0	0	0	0	0	0	0	0	0
A	BL	20	104	1	2	BA1652	30068	4	0	0	0	0	0	0	1	0	0	0
A	BL	20	104	1	2	BA1652	30124	4	5	1	1	0	0	0	0	0	0	0
A	BL	20	104	1	2	BA1652	30127	5	0	0	0	0	0	0	1	0	0	0
A	BL	20	104	1	2	BA1652	30129	5	0	0	1	0	0	0	0	0	0	0
A	BL	20	104	1	2	BA1652	30134	5	9	0	0	0	0	0	0	0	0	0
A	BL	20	104	1	2	BA1652	30144	9	10	0	0	0	0	0	1	0	0	0
A	BL	20	104	1	2	BA1652	30219	10	2	0	0	0	0	0	0	0	0	0
A	BL	20	104	1	2	BA1652	30220	2	3	0	0	0	0	0	0	0	0	0
A	BL	20	104	1	2	BA1652	30327	3	5	1	1	0	0	0	0	0	0	0
A	BL	20	104	1	2	BA1652	30337	5	4	0	0	0	0	0	0	0	0	0
A	BL	20	104	1	2	BA1652	30339	4	0	0	0	0	0	0	1	0	0	0
A	BL	20	104	1	2	BA1652	30341	4	5	1	1	0	0	0	0	0	0	0
A	BL	20	104	1	2	BA1652	30350	5	0	0	0	0	0	0	1	0	0	0
A	BL	20	104	1	2	BA1652	30351	5	4	0	0	0	0	0	0	0	0	0
A	BL	20	104	1	2	BA1652	30353	4	5	1	1	0	0	0	0	0	0	0
A	BL	20	104	1	2	BA1652	30363	5	4	0	0	0	0	0	0	0	0	0
A	BL	20	104	1	2	BA1652	30364	4	0	0	0	0	0	0	1	0	0	0
A	BL	20	104	1	2	BA1652	30370	4	5	1	1	0	0	0	0	0	0	0
A	BL	20	104	1	2	BA1652	30380	5	4	0	0	0	0	0	0	0	0	0
A	BL	20	104	1	2	BA1652	30400	4	0	0	0	0	0	0	1	0	0	0
A	BL	20	104	1	2	BA1652	30405	4	5	1	1	0	0	0	0	0	0	0
A	BL	20	104	1	2	BA1652	30415	5	9	0	0	0	0	0	0	0	0	0
A	BL	20	104	1	2	BA1652	30421	9	0	0	0	0	0	0	1	0	0	0
A	BL	20	104	1	2	BA1652	30423	9	0	0	1	0	0	0	0	0	0	0
A	BL	20	104	1	2	BA1652	30425	9	10	0	0	0	0	0	0	0	0	0
A	BL	20	104	1	2	BA1652	30426	10	0	0	0	0	0	0	1	0	0	0
A	BL	20	104	1	2	BA1652	30500	10	2	0	0	0	0	0	0	0	0	0
A	BL	20	104	1	2	BA1652	30501	2	6	0	0	0	0	0	0	0	0	0
A	BL	20	104	1	2	BA1652	31213	6	8	2	0	1	0	0	0	0	0	0
A	BL	20	104	1	2	BA1652	31223	8	7	0	0	0	0	0	0	0	0	0
A	BL	20	104	1	2	BA1652	31229	7	0	0	0	0	0	0	0	1	0	0
A	BL	20	104	1	2	BA1652	31323	7	8	2	0	1	0	0	0	0	0	0
A	BL	20	104	1	2	BA1652	31333	8	7	0	0	0	0	0	0	0	0	0
A	BL	20	104	1	2	BA1652	31338	7	0	0	0	0	0	0	0	1	0	0
A	BL	20	104	1	2	BA1652	31341	7	8	2	0	1	0	0	0	0	0	0
A	BL	20	104	1	2	BA1652	31351	8	7	0	0	0	0	0	0	0	0	0
A	BL	20	104	1	2	BA1652	31353	7	0	0	0	0	0	0	0	1	0	0
A	BL	20	104	1	2	BA1652	31398	7	8	2	0	1	0	0	0	0	0	0
A	BL	20	104	1	2	BA1652	31405	8	0	0	0	0	0	0	0	1	0	0
A	BL	20	104	1	2	BA1652	31408	8	7	0	0	0	0	0	0	0	0	0
A	BL	20	104	1	2	BA1652	31411	7	8	2	0	1	0	0	0	0	0	0
A	BL	20	104	1	2	BA1652	31421	8	7	0	0	0	0	0	0	0	0	0
A	BL	20	104	1	2	BA1652	31423	7	0	0	0	0	0	0	0	1	0	0
A	BL	20	104	1	2	BA1652	31429	7	8	2	0	1	0	0	0	0	0	0
A	BL	20	104	1	2	BA1652	31439	8	7	0	0	0	0	0	0	1	0	0
A	BL	20	104	1	2	BA1652	31443	7	8	2	0	1	0	0	0	0	0	0
A	BL	20	104	1	2	BA1652	31449	8	0	0	0	0	0	0	0	1	0	0
A	BL	20	104	1	2	BA1652	31453	8	7	0	0	1	0	0	0	0	0	0
A	BL	20	104	1	2	BA1652	31483	7	0	0	0	0	0	0	0	1	0	0
A	BL	20	104	1	2	BA1652	31500	7	8	2	0	1	0	0	0	0	0	0
A	BL	20	104	1	2	BA1652	31505	8	0	0	0	0	0	0	0	1	0	0
A	BL	20	104	1	2	BA1652	31510	8	7	0	0	0	0	0	0	0	0	0
A	BL	20	104	1	2	BA1652	31526	7	8	2	0	1	0	0	0	0	0	0
A	BL	20	104	1	2	BA1652	31531	8	0	0	0	0	0	0	0	1	0	0
A	BL	20	104	1	2	BA1652	31536	8	7	0	0	0	0	0	0	0	0	0
A	BL	20	104	1	2	BA1652	31614	7	8	2	0	1	0	0	0	0	0	0
A	BL	20	104	1	2	BA1652	31624	8	7	0	0	0	0	0	0	0	0	0
A	BL	20	104	1	2	BA1652	31631	7	0	0	0	0	0	0	0	1	0	0
A	BL	20	104	1	2	BA1652	31634	7	8	2	0	1	0	0	0	0	0	0
A	BL	20	104	1	2	BA1652	31644	8	7	0	0	0	0	0	0	0	0	0
A	BL	20	104	1	2	BA1652	31660	7	0	0	0	0	0	0	0	1	0	0
A	BL	20	104	1	2	BA1652	31661	7	8	2	0	1	0	0	0	0	0	0
A	BL	20	104	1	2	BA1652	31671	8	7	0	0	0	0	0	0	0	0	0
A	BL	20	104	1	2	BA1652	31685	7	0	0	0	0	0	0	0	1	0	0
A	BL	20	104	1	2	BA1652	31697	7	8	2	0	1	0	0	0	0	0	0
A	BL	20	104	1	2	BA1652	31707	8	7	0	0	0	0	0	0	0	0	0
A	BL	20	104	1	2	BA1652	31722	7	0	0	0	0	0	0	0	1	0	0
A	BL	20	104	1	2	BA1652	31725	7	8	2	0	1	0	0	0	0	0	0
A	BL	20	104	1	2	BA1652	31735	8	7	0	0	0	0	0	0	0	0	0
A	BL	20	104	1	2	BA1652	31736	7	0	0	0	0	0	0	0	1	0	0
A	BL	20	104	1	2	BA1652	31759	7	8	2	0	1	0	0	0	0	0	0
A	BL	20	104	1	2	BA1652	31769	8	7	0	0	0	0	0	0	0	0	0
A	BL	20	104	1	2	BA1652	31799	7	0	0	0	0	0	0	0	1	0	0
A	BL	20	104	1	2	BA1652	31800	7	8	2	0	1	0	0	0	0	0	0
A	BL	20	104	1	2	BA1652	31810	8	7	0	0	0	0	0	0	0	0	0
A	BL	20	104	1	2	BA1652	31841	7	0	0	0	0	0	0	0	1	0	0
A	BL	20	104	1	2	BA1652	31914	7	8	2	0	1	0	0	0	0	0	0
A	BL	20	104	1	2	BA1652	31917	8	0	0	0	0	0	0	0	1	0	0
A	BL	20	104	1	2	BA1652	31924	8	7	0	0	0	0	0	0	0	0	0
A	BL	20	104	1	2	BA1652	31928	7	8	2	0	1	0	0	0	0	0	0
A	BL	20	104	1	2	BA1652	31929	8	0	0	0	0	0	0	0	1	0	0
A	BL	20	104	1	2	BA1652	31930	8	0	0	0	1	0	0	0	0	0	0
A	BL	20	104	1	2	BA1652	31933	8	0	0	0	0	0	0	0	1	0	0
A	BL	20	104	1	2	BA1652	31938	8	7	0	0	1	0	0	0	0	0	0
A	BL	20	104	1	2	BA1652	31966	7	0	0	0	0	0	0	0	1	0	0
A	BL	20	104	1	2	BA1652	31972	7	8	2	0	1	0	0	0	0	0	0
A	BL	20	104	1	2	BA1652	31976	8	0	0	0	0	0	0	0	1	0	0
A	BL	20	104	1	2	BA1652	31977	8	0	0	0	1	0	0	0	0	0	0
A	BL	20	104	1	2	BA1652	31982	8	7	0	0	0	0	0	0	0	0	0
A	BL	20	104	1	2	BA1652	32019	7	0	0	0	0	0	0	0	1	0	0
A	BL	20	104	1	2	BA1652	32039	7	8	2	0	1	0	0	0	0	0	0
A	BL	20	104	1	2	BA1652	32047	8	0	0	0	0	0	0	0	1	0	0
A	BL	20	104	1	2	BA1652	32049	8	9	0	0	0	0	0	0	0	0	0
A	BL	20	104	1	2	BA1652	32050	9	0	0	0	1	0	0	0	0	0	0
A	BL	20	104	1	2	BA1652	32059	9	10	0	0	0	0	0	0	0	0	0
A	BL	20	104	1	2	BA1652	32061	10	0	0	0	0	0	0	0	1	0	0
A	BL	20	104	1	2	BA1652	32134	10	2	0	0	0	0	0	0	0	0	0
A	BL	20	104	1	2	BA1652	32135	2	6	0	0	0	0	0	0	0	0	0
A	BL	20	104	1	2	BA1652	32332	6	8	2	0	1	0	0	0	0	0	0
A	BL	20	104	1	2	BA1652	32342	8	7	0	0	0	0	0	0	0	0	0
A	BL	20	104	1	2	BA1652	32357	7	0	0	0	0	0	0	0	1	0	0
A	BL	20	104	1	2	BA1652	32364	7	8	2	0	1	0	0	0	0	0	0
A	BL	20	104	1	2	BA1652	32374	8	7	0	0	0	0	0	0	0	0	0
A	BL	20	104	1	2	BA1652	32378	7	0	0	0	0	0	0	0	1	0	0
A	BL	20	104	1	2	BA1652	32383	7	8	2	0	1	0	0	0	0	0	0
A	BL	20	104	1	2	BA1652	32390	8	0	0	0	0	0	0	0	1	0	0
A	BL	20	104	1	2	BA1652	32393	8	7	0	0	0	0	0	0	0	0	0
A	BL	20	104	1	2	BA1652	32394	7	8	2	0	1	0	0	0	0	0	0
A	BL	20	104	1	2	BA1652	32396	8	0	0	0	0	0	0	0	1	0	0
A	BL	20	104	1	2	BA1652	32404	8	7	0	0	0	0	0	0	0	0	0
A	BL	20	104	1	2	BA1652	32405	7	8	2	0	1	0	0	0	0	0	0
A	BL	20	104	1	2	BA1652	32415	8	7	0	0	0	0	0	0	0	0	0
A	BL	20	104	1	2	BA1652	32424	7	0	0	0	0	0	0	0	1	0	0
A	BL	20	104	1	2	BA1652	32467	7	8	2	0	1	0	0	0	0	0	0
A	BL	20	104	1	2	BA1652	32477	8	7	0	0	0	0	0	0	0	0	0
A	BL	20	104	1	2	BA1652	32478	7	0	0	0	0	0	0	0	1	0	0
A	BL	20	104	1	2	BA1652	32510	7	8	2	0	1	0	0	0	0	0	0
A	BL	20	104	1	2	BA1652	32520	8	7	0	0	0	0	0	0	0	0	0
A	BL	20	104	1	2	BA1652	32561	7	0	0	0	0	0	0	0	1	0	0
A	BL	20	104	1	2	BA1652	32574	7	8	2	0	1	0	0	0	0	0	0
A	BL	20	104	1	2	BA1652	32578	8	0	0	0	0	0	0	0	1	0	0
A	BL	20	104	1	2	BA1652	32584	8	7	0	0	0	0	0	0	0	0	0
A	BL	20	104	1	2	BA1652	32616	7	8	2	0	1	0	0	0	0	0	0
A	BL	20	104	1	2	BA1652	32626	8	7	0	0	0	0	0	0	0	0	0
A	BL	20	104	1	2	BA1652	32634	7	0	0	0	0	0	0	0	1	0	0
A	BL	20	104	1	2	BA1652	32642	7	8	2	0	1	0	0	0	0	0	0
A	BL	20	104	1	2	BA1652	32652	8	7	0	0	0	0	0	0	0	0	0
A	BL	20	104	1	2	BA1652	32672	7	0	0	0	0	0	0	0	1	0	0
A	BL	20	104	1	2	BA1652	32676	7	8	2	0	1	0	0	0	0	0	0
A	BL	20	104	1	2	BA1652	32686	8	7	0	0	0	0	0	0	0	0	0
A	BL	20	104	1	2	BA1652	32719	7	0	0	0	0	0	0	0	1	0	0
A	BL	20	104	1	2	BA1652	32742	7	8	2	0	1	0	0	0	0	0	0
A	BL	20	104	1	2	BA1652	32752	8	7	0	0	0	0	0	0	0	0	0
A	BL	20	104	1	2	BA1652	32769	7	0	0	0	0	0	0	0	1	0	0
A	BL	20	104	1	2	BA1652	32809	7	8	2	0	1	0	0	0	0	0	0
A	BL	20	104	1	2	BA1652	32816	8	0	0	0	0	0	0	0	1	0	0
A	BL	20	104	1	2	BA1652	32819	8	7	0	0	0	0	0	0	0	0	0
A	BL	20	104	1	2	BA1652	32871	7	8	2	0	1	0	0	0	0	0	0
A	BL	20	104	1	2	BA1652	32872	8	0	0	0	0	0	0	0	1	0	0
A	BL	20	104	1	2	BA1652	32875	8	0	0	0	1	0	0	0	0	0	0
A	BL	20	104	1	2	BA1652	32881	8	7	0	0	0	0	0	0	0	0	0
A	BL	20	104	1	2	BA1652	32903	7	0	0	0	0	0	0	0	1	0	0
A	BL	20	104	1	2	BA1652	32913	7	8	2	0	1	0	0	0	0	0	0
A	BL	20	104	1	2	BA1652	32923	8	7	0	0	0	0	0	0	0	0	0
A	BL	20	104	1	2	BA1652	32946	7	0	0	0	0	0	0	0	1	0	0
A	BL	20	104	1	2	BA1652	32950	7	8	2	0	1	0	0	0	0	0	0
A	BL	20	104	1	2	BA1652	32960	8	7	0	0	0	0	0	0	0	0	0
A	BL	20	104	1	2	BA1652	33093	7	0	0	0	0	0	0	0	1	0	0
A	BL	20	104	1	2	BA1652	33137	7	8	2	0	1	0	0	0	0	0	0
A	BL	20	104	1	2	BA1652	33147	8	7	0	0	0	0	0	0	0	0	0
A	BL	20	104	1	2	BA1652	33167	7	0	0	0	0	0	0	0	1	0	0
A	BL	20	104	1	2	BA1652	33172	7	8	2	0	1	0	0	0	0	0	0
A	BL	20	104	1	2	BA1652	33182	8	7	0	0	0	0	0	0	0	0	0
A	BL	20	104	1	2	BA1652	33193	7	0	0	0	0	0	0	0	1	0	0
A	BL	20	104	1	2	BA1652	33200	7	8	2	0	1	0	0	0	0	0	0
A	BL	20	104	1	2	BA1652	33205	8	0	0	0	0	0	0	0	1	0	0
A	BL	20	104	1	2	BA1652	33210	8	7	0	0	0	0	0	0	0	0	0
A	BL	20	104	1	2	BA1652	33288	7	8	2	0	1	0	0	0	0	0	0
A	BL	20	104	1	2	BA1652	33298	8	9	0	0	0	0	0	0	0	0	0
A	BL	20	104	1	2	BA1652	33308	9	10	0	0	0	0	0	0	0	0	0
A	BL	20	104	1	2	BA1652	33309	10	0	0	0	0	0	0	0	1	0	0
A	BL	20	104	1	2	BA1652	33383	10	2	0	0	0	0	0	0	0	0	0
A	BL	20	104	1	2	BA1652	33384	2	6	0	0	0	0	0	0	0	0	0
A	BL	20	104	1	2	BA1652	33641	6	8	2	0	1	0	0	0	0	0	0
A	BL	20	104	1	2	BA1652	33651	8	7	0	0	0	0	0	0	0	0	0
A	BL	20	104	1	2	BA1652	33683	7	0	0	0	0	0	0	0	1	0	0
A	BL	20	104	1	2	BA1652	33707	7	8	2	0	1	0	0	0	0	0	0
A	BL	20	104	1	2	BA1652	33708	8	0	0	0	0	0	0	0	1	0	0
A	BL	20	104	1	2	BA1652	33717	8	7	0	0	0	0	0	0	0	0	0
A	BL	20	104	1	2	BA1652	33750	7	8	2	0	1	0	0	0	0	0	0
A	BL	20	104	1	2	BA1652	33751	8	0	0	0	0	0	0	0	1	0	0
A	BL	20	104	1	2	BA1652	33753	8	0	0	0	1	0	0	0	0	0	0
A	BL	20	104	1	2	BA1652	33760	8	7	0	0	0	0	0	0	0	0	0
A	BL	20	104	1	2	BA1652	33762	7	0	0	0	0	0	0	0	1	0	0
A	BL	20	104	1	2	BA1652	33767	7	8	2	0	1	0	0	0	0	0	0
A	BL	20	104	1	2	BA1652	33777	8	7	0	0	0	0	0	0	0	0	0
A	BL	20	104	1	2	BA1652	33795	7	0	0	0	0	0	0	0	1	0	0
A	BL	20	104	1	2	BA1652	33821	7	8	2	0	1	0	0	0	0	0	0
A	BL	20	104	1	2	BA1652	33822	8	0	0	0	0	0	0	0	1	0	0
A	BL	20	104	1	2	BA1652	33831	8	7	0	0	0	0	0	0	0	0	0
A	BL	20	104	1	2	BA1652	33838	7	8	2	0	1	0	0	0	0	0	0
A	BL	20	104	1	2	BA1652	33848	8	7	0	0	0	0	0	0	0	0	0
A	BL	20	104	1	2	BA1652	33849	7	0	0	0	0	0	0	0	1	0	0
A	BL	20	104	1	2	BA1652	33850	7	8	2	0	1	0	0	0	0	0	0
A	BL	20	104	1	2	BA1652	33859	8	0	0	0	1	0	0	0	1	0	0
A	BL	20	104	1	2	BA1652	33860	8	7	0	0	0	0	0	0	0	0	0
A	BL	20	104	1	2	BA1652	33866	7	0	0	0	0	0	0	0	1	0	0
A	BL	20	104	1	2	BA1652	33909	7	8	2	0	1	0	0	0	0	0	0
A	BL	20	104	1	2	BA1652	33911	8	0	0	0	0	0	0	0	1	0	0
A	BL	20	104	1	2	BA1652	33912	8	0	0	0	1	0	0	0	0	0	0
A	BL	20	104	1	2	BA1652	33913	8	0	0	0	0	0	0	0	1	0	0
A	BL	20	104	1	2	BA1652	33918	8	0	0	0	1	0	0	0	0	0	0
A	BL	20	104	1	2	BA1652	33919	8	7	0	0	0	0	0	0	0	0	0
A	BL	20	104	1	2	BA1652	33922	7	0	0	0	0	0	0	0	1	0	0
A	BL	20	104	1	2	BA1652	33925	7	8	2	0	1	0	0	0	0	0	0
A	BL	20	104	1	2	BA1652	33935	8	7	0	0	0	0	0	0	0	0	0
A	BL	20	104	1	2	BA1652	33962	7	0	0	0	0	0	0	0	1	0	0
A	BL	20	104	1	2	BA1652	33963	7	8	2	0	1	0	0	0	0	0	0
A	BL	20	104	1	2	BA1652	33973	8	7	0	0	0	0	0	0	0	0	0
A	BL	20	104	1	2	BA1652	33975	7	0	0	0	0	0	0	0	1	0	0
A	BL	20	104	1	2	BA1652	33976	7	8	2	0	1	0	0	0	0	0	0
A	BL	20	104	1	2	BA1652	33983	8	0	0	0	0	0	0	0	1	0	0
A	BL	20	104	1	2	BA1652	33984	8	0	0	0	1	0	0	0	0	0	0
A	BL	20	104	1	2	BA1652	33986	8	7	0	0	0	0	0	0	0	0	0
A	BL	20	104	1	2	BA1652	34005	7	0	0	0	0	0	0	0	1	0	0
A	BL	20	104	1	2	BA1652	34011	7	8	2	0	1	0	0	0	0	0	0
A	BL	20	104	1	2	BA1652	34013	8	0	0	0	0	0	0	0	1	0	0
A	BL	20	104	1	2	BA1652	34021	8	7	0	0	0	0	0	0	0	0	0
A	BL	20	104	1	2	BA1652	34050	7	8	2	0	1	0	0	0	0	0	0
A	BL	20	104	1	2	BA1652	34055	8	0	0	0	0	0	0	0	1	0	0
A	BL	20	104	1	2	BA1652	34059	8	0	0	0	1	0	0	0	0	0	0
A	BL	20	104	1	2	BA1652	34060	8	7	0	0	0	0	0	0	0	0	0
A	BL	20	104	1	2	BA1652	34065	7	0	0	0	0	0	0	0	1	0	0
A	BL	20	104	1	2	BA1652	34073	7	8	2	0	1	0	0	0	0	0	0
A	BL	20	104	1	2	BA1652	34076	8	0	0	0	0	0	0	0	1	0	0
A	BL	20	104	1	2	BA1652	34077	8	0	0	0	1	0	0	0	0	0	0
A	BL	20	104	1	2	BA1652	34081	8	0	0	0	0	0	0	0	1	0	0
A	BL	20	104	1	2	BA1652	34083	8	7	0	0	0	0	0	0	0	0	0
A	BL	20	104	1	2	BA1652	34105	7	8	2	0	1	0	0	0	0	0	0
A	BL	20	104	1	2	BA1652	34115	8	7	0	0	0	0	0	0	1	0	0
A	BL	20	104	1	2	BA1652	34119	7	8	2	0	1	0	0	0	0	0	0
A	BL	20	104	1	2	BA1652	34129	8	7	0	0	0	0	0	0	0	0	0
A	BL	20	104	1	2	BA1652	34131	7	0	0	0	0	0	0	0	1	0	0
A	BL	20	104	1	2	BA1652	34141	7	8	2	0	1	0	0	0	0	0	0
A	BL	20	104	1	2	BA1652	34148	8	0	0	0	0	0	0	0	1	0	0
A	BL	20	104	1	2	BA1652	34151	8	7	0	0	0	0	0	0	0	0	0
A	BL	20	104	1	2	BA1652	34153	7	8	2	0	1	0	0	0	0	0	0
A	BL	20	104	1	2	BA1652	34163	8	7	0	0	0	0	0	0	0	0	0
A	BL	20	104	1	2	BA1652	34183	7	0	0	0	0	0	0	0	1	0	0
A	BL	20	104	1	2	BA1652	34187	7	8	2	0	1	0	0	0	0	0	0
A	BL	20	104	1	2	BA1652	34197	8	7	0	0	0	0	0	0	0	0	0
A	BL	20	104	1	2	BA1652	34198	7	0	0	0	0	0	0	0	1	0	0
A	BL	20	104	1	2	BA1652	34281	7	8	2	0	1	0	0	0	0	0	0
A	BL	20	104	1	2	BA1652	34291	8	9	0	0	0	0	0	0	0	0	0
A	BL	20	104	1	2	BA1652	34301	9	-1	0	0	0	0	0	0	0	0	0
