Project	UserID	Protocol	Session	Station	Run	Subject	Time	Current State	Transition State	Transition Event	A1 - 	A2 - 	A3 - 	A4 - 	A[1] 	A[2] 	A[3] 	A[4] 
A	BL	18	127	1	1	BA1652	0	0	1	0	0	0	0	0	0	0	0	0
A	BL	18	127	1	1	BA1652	50	1	2	0	0	0	0	0	0	0	0	0
A	BL	18	127	1	1	BA1652	51	2	3	0	0	0	0	0	0	0	0	0
A	BL	18	127	1	1	BA1652	434	3	5	1	1	0	0	0	0	0	0	0
A	BL	18	127	1	1	BA1652	440	5	0	0	0	0	0	0	1	0	0	0
A	BL	18	127	1	1	BA1652	444	5	4	0	0	0	0	0	0	0	0	0
A	BL	18	127	1	1	BA1652	484	4	5	1	1	0	0	0	0	0	0	0
A	BL	18	127	1	1	BA1652	490	5	0	0	0	0	0	0	1	0	0	0
A	BL	18	127	1	1	BA1652	494	5	4	0	0	0	0	0	0	0	0	0
A	BL	18	127	1	1	BA1652	565	4	5	1	1	0	0	0	0	0	0	0
A	BL	18	127	1	1	BA1652	567	5	0	0	0	0	0	0	1	0	0	0
A	BL	18	127	1	1	BA1652	570	5	0	0	1	0	0	0	0	0	0	0
A	BL	18	127	1	1	BA1652	575	5	4	0	0	0	0	0	0	0	0	0
A	BL	18	127	1	1	BA1652	576	4	0	0	0	0	0	0	1	0	0	0
A	BL	18	127	1	1	BA1652	640	4	5	1	1	0	0	0	0	0	0	0
A	BL	18	127	1	1	BA1652	650	5	4	0	0	0	0	0	1	0	0	0
A	BL	18	127	1	1	BA1652	657	4	5	1	1	0	0	0	0	0	0	0
A	BL	18	127	1	1	BA1652	659	5	0	0	0	0	0	0	1	0	0	0
A	BL	18	127	1	1	BA1652	667	5	9	0	0	0	0	0	0	0	0	0
A	BL	18	127	1	1	BA1652	677	9	10	0	0	0	0	0	0	0	0	0
A	BL	18	127	1	1	BA1652	752	10	2	0	0	0	0	0	0	0	0	0
A	BL	18	127	1	1	BA1652	753	2	3	0	0	0	0	0	0	0	0	0
A	BL	18	127	1	1	BA1652	805	3	5	1	1	0	0	0	0	0	0	0
A	BL	18	127	1	1	BA1652	815	5	4	0	0	0	0	0	0	0	0	0
A	BL	18	127	1	1	BA1652	822	4	0	0	0	0	0	0	1	0	0	0
A	BL	18	127	1	1	BA1652	828	4	5	1	1	0	0	0	0	0	0	0
A	BL	18	127	1	1	BA1652	830	5	0	0	0	0	0	0	1	0	0	0
A	BL	18	127	1	1	BA1652	833	5	0	0	1	0	0	0	0	0	0	0
A	BL	18	127	1	1	BA1652	838	5	4	0	0	0	0	0	0	0	0	0
A	BL	18	127	1	1	BA1652	843	4	0	0	0	0	0	0	1	0	0	0
A	BL	18	127	1	1	BA1652	856	4	5	1	1	0	0	0	0	0	0	0
A	BL	18	127	1	1	BA1652	866	5	4	0	0	0	0	0	0	0	0	0
A	BL	18	127	1	1	BA1652	873	4	0	0	0	0	0	0	1	0	0	0
A	BL	18	127	1	1	BA1652	880	4	5	1	1	0	0	0	0	0	0	0
A	BL	18	127	1	1	BA1652	884	5	0	0	0	0	0	0	1	0	0	0
A	BL	18	127	1	1	BA1652	890	5	4	0	0	0	0	0	0	0	0	0
A	BL	18	127	1	1	BA1652	903	4	5	1	1	0	0	0	0	0	0	0
A	BL	18	127	1	1	BA1652	907	5	0	0	0	0	0	0	1	0	0	0
A	BL	18	127	1	1	BA1652	913	5	9	0	0	0	0	0	0	0	0	0
A	BL	18	127	1	1	BA1652	923	9	10	0	0	0	0	0	0	0	0	0
A	BL	18	127	1	1	BA1652	998	10	2	0	0	0	0	0	0	0	0	0
A	BL	18	127	1	1	BA1652	999	2	3	0	0	0	0	0	0	0	0	0
A	BL	18	127	1	1	BA1652	1048	3	5	1	1	0	0	0	0	0	0	0
A	BL	18	127	1	1	BA1652	1058	5	4	0	0	0	0	0	0	0	0	0
A	BL	18	127	1	1	BA1652	1065	4	0	0	0	0	0	0	1	0	0	0
A	BL	18	127	1	1	BA1652	1069	4	5	1	1	0	0	0	0	0	0	0
A	BL	18	127	1	1	BA1652	1079	5	4	0	0	0	0	0	0	0	0	0
A	BL	18	127	1	1	BA1652	1083	4	0	0	0	0	0	0	1	0	0	0
A	BL	18	127	1	1	BA1652	1089	4	5	1	1	0	0	0	0	0	0	0
A	BL	18	127	1	1	BA1652	1095	5	0	0	0	0	0	0	1	0	0	0
A	BL	18	127	1	1	BA1652	1099	5	4	0	1	0	0	0	0	0	0	0
A	BL	18	127	1	1	BA1652	1103	4	0	0	0	0	0	0	1	0	0	0
A	BL	18	127	1	1	BA1652	1119	4	5	1	1	0	0	0	0	0	0	0
A	BL	18	127	1	1	BA1652	1120	5	0	0	0	0	0	0	1	0	0	0
A	BL	18	127	1	1	BA1652	1128	5	0	0	1	0	0	0	0	0	0	0
A	BL	18	127	1	1	BA1652	1129	5	4	0	0	0	0	0	0	0	0	0
A	BL	18	127	1	1	BA1652	1132	4	0	0	0	0	0	0	1	0	0	0
A	BL	18	127	1	1	BA1652	1133	4	5	1	1	0	0	0	0	0	0	0
A	BL	18	127	1	1	BA1652	1139	5	0	0	0	0	0	0	1	0	0	0
A	BL	18	127	1	1	BA1652	1140	5	0	0	1	0	0	0	0	0	0	0
A	BL	18	127	1	1	BA1652	1143	5	9	0	0	0	0	0	0	0	0	0
A	BL	18	127	1	1	BA1652	1150	9	0	0	0	0	0	0	1	0	0	0
A	BL	18	127	1	1	BA1652	1153	9	10	0	0	0	0	0	0	0	0	0
A	BL	18	127	1	1	BA1652	1228	10	2	0	0	0	0	0	0	0	0	0
A	BL	18	127	1	1	BA1652	1229	2	6	0	0	0	0	0	0	0	0	0
A	BL	18	127	1	1	BA1652	4594	6	8	2	0	1	0	0	0	0	0	0
A	BL	18	127	1	1	BA1652	4604	8	7	0	0	0	0	0	0	0	0	0
A	BL	18	127	1	1	BA1652	4605	7	0	0	0	0	0	0	0	1	0	0
A	BL	18	127	1	1	BA1652	4773	7	8	2	0	1	0	0	0	0	0	0
A	BL	18	127	1	1	BA1652	4783	8	7	0	0	0	0	0	0	0	0	0
A	BL	18	127	1	1	BA1652	4796	7	0	0	0	0	0	0	0	1	0	0
A	BL	18	127	1	1	BA1652	4858	7	8	2	0	1	0	0	0	0	0	0
A	BL	18	127	1	1	BA1652	4860	8	0	0	0	0	0	0	0	1	0	0
A	BL	18	127	1	1	BA1652	4861	8	0	0	0	1	0	0	0	0	0	0
A	BL	18	127	1	1	BA1652	4866	8	0	0	0	0	0	0	0	1	0	0
A	BL	18	127	1	1	BA1652	4868	8	7	0	0	0	0	0	0	0	0	0
A	BL	18	127	1	1	BA1652	4870	7	8	2	0	1	0	0	0	0	0	0
A	BL	18	127	1	1	BA1652	4878	8	0	0	0	0	0	0	0	1	0	0
A	BL	18	127	1	1	BA1652	4879	8	0	0	0	1	0	0	0	0	0	0
A	BL	18	127	1	1	BA1652	4880	8	7	0	0	0	0	0	0	0	0	0
A	BL	18	127	1	1	BA1652	4882	7	0	0	0	0	0	0	0	1	0	0
A	BL	18	127	1	1	BA1652	4885	7	8	2	0	1	0	0	0	0	0	0
A	BL	18	127	1	1	BA1652	4895	8	7	0	0	0	0	0	0	0	0	0
A	BL	18	127	1	1	BA1652	4900	7	0	0	0	0	0	0	0	1	0	0
A	BL	18	127	1	1	BA1652	4915	7	8	2	0	1	0	0	0	0	0	0
A	BL	18	127	1	1	BA1652	4917	8	0	0	0	0	0	0	0	1	0	0
A	BL	18	127	1	1	BA1652	4925	8	7	0	0	0	0	0	0	0	0	0
A	BL	18	127	1	1	BA1652	4935	7	8	2	0	1	0	0	0	0	0	0
A	BL	18	127	1	1	BA1652	4936	8	0	0	0	0	0	0	0	1	0	0
A	BL	18	127	1	1	BA1652	4945	8	7	0	0	0	0	0	0	0	0	0
A	BL	18	127	1	1	BA1652	4971	7	8	2	0	1	0	0	0	0	0	0
A	BL	18	127	1	1	BA1652	4975	8	0	0	0	0	0	0	0	1	0	0
A	BL	18	127	1	1	BA1652	4981	8	7	0	0	0	0	0	0	0	0	0
A	BL	18	127	1	1	BA1652	5061	7	8	2	0	1	0	0	0	0	0	0
A	BL	18	127	1	1	BA1652	5063	8	0	0	0	0	0	0	0	1	0	0
A	BL	18	127	1	1	BA1652	5064	8	0	0	0	1	0	0	0	0	0	0
A	BL	18	127	1	1	BA1652	5071	8	7	0	0	0	0	0	0	0	0	0
A	BL	18	127	1	1	BA1652	5098	7	0	0	0	0	0	0	0	1	0	0
A	BL	18	127	1	1	BA1652	5099	7	8	2	0	1	0	0	0	0	0	0
A	BL	18	127	1	1	BA1652	5107	8	0	0	0	0	0	0	0	1	0	0
A	BL	18	127	1	1	BA1652	5109	8	7	0	0	0	0	0	0	0	0	0
A	BL	18	127	1	1	BA1652	5120	7	8	2	0	1	0	0	0	0	0	0
A	BL	18	127	1	1	BA1652	5129	8	0	0	0	0	0	0	0	1	0	0
A	BL	18	127	1	1	BA1652	5130	8	7	0	0	0	0	0	0	0	0	0
A	BL	18	127	1	1	BA1652	5237	7	8	2	0	1	0	0	0	0	0	0
A	BL	18	127	1	1	BA1652	5240	8	0	0	0	0	0	0	0	1	0	0
A	BL	18	127	1	1	BA1652	5244	8	0	0	0	1	0	0	0	0	0	0
A	BL	18	127	1	1	BA1652	5247	8	7	0	0	0	0	0	0	0	0	0
A	BL	18	127	1	1	BA1652	5252	7	0	0	0	0	0	0	0	1	0	0
A	BL	18	127	1	1	BA1652	5267	7	8	2	0	1	0	0	0	0	0	0
A	BL	18	127	1	1	BA1652	5273	8	0	0	0	0	0	0	0	1	0	0
A	BL	18	127	1	1	BA1652	5277	8	7	0	0	0	0	0	0	0	0	0
A	BL	18	127	1	1	BA1652	5295	7	8	2	0	1	0	0	0	0	0	0
A	BL	18	127	1	1	BA1652	5299	8	0	0	0	0	0	0	0	1	0	0
A	BL	18	127	1	1	BA1652	5305	8	7	0	0	0	0	0	0	0	0	0
A	BL	18	127	1	1	BA1652	5362	7	8	2	0	1	0	0	0	0	0	0
A	BL	18	127	1	1	BA1652	5365	8	0	0	0	0	0	0	0	1	0	0
A	BL	18	127	1	1	BA1652	5366	8	0	0	0	1	0	0	0	0	0	0
A	BL	18	127	1	1	BA1652	5372	8	7	0	0	0	0	0	0	0	0	0
A	BL	18	127	1	1	BA1652	5374	7	0	0	0	0	0	0	0	1	0	0
A	BL	18	127	1	1	BA1652	5376	7	8	2	0	1	0	0	0	0	0	0
A	BL	18	127	1	1	BA1652	5384	8	0	0	0	0	0	0	0	1	0	0
A	BL	18	127	1	1	BA1652	5386	8	7	0	0	0	0	0	0	0	0	0
A	BL	18	127	1	1	BA1652	5388	7	8	2	0	1	0	0	0	0	0	0
A	BL	18	127	1	1	BA1652	5398	8	7	0	0	0	0	0	0	0	0	0
A	BL	18	127	1	1	BA1652	5415	7	0	0	0	0	0	0	0	1	0	0
A	BL	18	127	1	1	BA1652	5533	7	8	2	0	1	0	0	0	0	0	0
A	BL	18	127	1	1	BA1652	5543	8	7	0	0	0	0	0	0	0	0	0
A	BL	18	127	1	1	BA1652	5544	7	0	0	0	0	0	0	0	1	0	0
A	BL	18	127	1	1	BA1652	5547	7	8	2	0	1	0	0	0	0	0	0
A	BL	18	127	1	1	BA1652	5557	8	7	0	0	0	0	0	0	0	0	0
A	BL	18	127	1	1	BA1652	5558	7	0	0	0	0	0	0	0	1	0	0
A	BL	18	127	1	1	BA1652	5565	7	8	2	0	1	0	0	0	0	0	0
A	BL	18	127	1	1	BA1652	5570	8	0	0	0	0	0	0	0	1	0	0
A	BL	18	127	1	1	BA1652	5574	8	0	0	0	1	0	0	0	0	0	0
A	BL	18	127	1	1	BA1652	5575	8	9	0	0	0	0	0	0	0	0	0
A	BL	18	127	1	1	BA1652	5583	9	0	0	0	0	0	0	0	1	0	0
A	BL	18	127	1	1	BA1652	5585	9	10	0	0	0	0	0	0	0	0	0
A	BL	18	127	1	1	BA1652	5660	10	2	0	0	0	0	0	0	0	0	0
A	BL	18	127	1	1	BA1652	5661	2	6	0	0	0	0	0	0	0	0	0
A	BL	18	127	1	1	BA1652	5872	6	8	2	0	1	0	0	0	0	0	0
A	BL	18	127	1	1	BA1652	5882	8	7	0	0	0	0	0	0	0	0	0
A	BL	18	127	1	1	BA1652	5885	7	8	2	0	1	0	0	0	1	0	0
A	BL	18	127	1	1	BA1652	5890	8	0	0	0	0	0	0	0	1	0	0
A	BL	18	127	1	1	BA1652	5895	8	7	0	0	0	0	0	0	0	0	0
A	BL	18	127	1	1	BA1652	5902	7	8	2	0	1	0	0	0	0	0	0
A	BL	18	127	1	1	BA1652	5909	8	0	0	0	0	0	0	0	1	0	0
A	BL	18	127	1	1	BA1652	5912	8	7	0	0	0	0	0	0	0	0	0
A	BL	18	127	1	1	BA1652	5925	7	8	2	0	1	0	0	0	0	0	0
A	BL	18	127	1	1	BA1652	5930	8	0	0	0	0	0	0	0	1	0	0
A	BL	18	127	1	1	BA1652	5935	8	7	0	0	0	0	0	0	0	0	0
A	BL	18	127	1	1	BA1652	5949	7	8	2	0	1	0	0	0	0	0	0
A	BL	18	127	1	1	BA1652	5954	8	0	0	0	0	0	0	0	1	0	0
A	BL	18	127	1	1	BA1652	5956	8	0	0	0	1	0	0	0	0	0	0
A	BL	18	127	1	1	BA1652	5959	8	7	0	0	0	0	0	0	0	0	0
A	BL	18	127	1	1	BA1652	5964	7	0	0	0	0	0	0	0	1	0	0
A	BL	18	127	1	1	BA1652	5974	7	8	2	0	1	0	0	0	0	0	0
A	BL	18	127	1	1	BA1652	5984	8	7	0	0	0	0	0	0	0	0	0
A	BL	18	127	1	1	BA1652	5991	7	0	0	0	0	0	0	0	1	0	0
A	BL	18	127	1	1	BA1652	6068	7	8	2	0	1	0	0	0	0	0	0
A	BL	18	127	1	1	BA1652	6078	8	7	0	0	0	0	0	0	0	0	0
A	BL	18	127	1	1	BA1652	6082	7	0	0	0	0	0	0	0	1	0	0
A	BL	18	127	1	1	BA1652	6088	7	8	2	0	1	0	0	0	0	0	0
A	BL	18	127	1	1	BA1652	6098	8	7	0	0	0	0	0	0	0	0	0
A	BL	18	127	1	1	BA1652	6119	7	0	0	0	0	0	0	0	1	0	0
A	BL	18	127	1	1	BA1652	6126	7	8	2	0	1	0	0	0	0	0	0
A	BL	18	127	1	1	BA1652	6136	8	7	0	0	0	0	0	0	0	0	0
A	BL	18	127	1	1	BA1652	6144	7	0	0	0	0	0	0	0	1	0	0
A	BL	18	127	1	1	BA1652	6191	7	8	2	0	1	0	0	0	0	0	0
A	BL	18	127	1	1	BA1652	6201	8	7	0	0	0	0	0	0	0	0	0
A	BL	18	127	1	1	BA1652	6212	7	0	0	0	0	0	0	0	1	0	0
A	BL	18	127	1	1	BA1652	6214	7	8	2	0	1	0	0	0	0	0	0
A	BL	18	127	1	1	BA1652	6224	8	7	0	0	0	0	0	0	0	0	0
A	BL	18	127	1	1	BA1652	6232	7	8	2	0	1	0	0	0	1	0	0
A	BL	18	127	1	1	BA1652	6239	8	0	0	0	0	0	0	0	1	0	0
A	BL	18	127	1	1	BA1652	6240	8	0	0	0	1	0	0	0	0	0	0
A	BL	18	127	1	1	BA1652	6242	8	7	0	0	0	0	0	0	0	0	0
A	BL	18	127	1	1	BA1652	6246	7	0	0	0	0	0	0	0	1	0	0
A	BL	18	127	1	1	BA1652	6259	7	8	2	0	1	0	0	0	0	0	0
A	BL	18	127	1	1	BA1652	6269	8	7	0	0	0	0	0	0	0	0	0
A	BL	18	127	1	1	BA1652	6273	7	0	0	0	0	0	0	0	1	0	0
A	BL	18	127	1	1	BA1652	6302	7	8	2	0	1	0	0	0	0	0	0
A	BL	18	127	1	1	BA1652	6310	8	0	0	0	0	0	0	0	1	0	0
A	BL	18	127	1	1	BA1652	6312	8	7	0	0	0	0	0	0	0	0	0
A	BL	18	127	1	1	BA1652	6317	7	8	2	0	1	0	0	0	0	0	0
A	BL	18	127	1	1	BA1652	6327	8	7	0	0	0	0	0	0	0	0	0
A	BL	18	127	1	1	BA1652	6329	7	0	0	0	0	0	0	0	1	0	0
A	BL	18	127	1	1	BA1652	6344	7	8	2	0	1	0	0	0	0	0	0
A	BL	18	127	1	1	BA1652	6346	8	0	0	0	0	0	0	0	1	0	0
A	BL	18	127	1	1	BA1652	6354	8	7	0	0	0	0	0	0	0	0	0
A	BL	18	127	1	1	BA1652	6436	7	8	2	0	1	0	0	0	0	0	0
A	BL	18	127	1	1	BA1652	6439	8	0	0	0	0	0	0	0	1	0	0
A	BL	18	127	1	1	BA1652	6446	8	7	0	0	0	0	0	0	0	0	0
A	BL	18	127	1	1	BA1652	6447	7	8	2	0	1	0	0	0	0	0	0
A	BL	18	127	1	1	BA1652	6457	8	7	0	0	0	0	0	0	0	0	0
A	BL	18	127	1	1	BA1652	6462	7	0	0	0	0	0	0	0	1	0	0
A	BL	18	127	1	1	BA1652	6467	7	8	2	0	1	0	0	0	0	0	0
A	BL	18	127	1	1	BA1652	6472	8	0	0	0	0	0	0	0	1	0	0
A	BL	18	127	1	1	BA1652	6474	8	0	0	0	1	0	0	0	0	0	0
A	BL	18	127	1	1	BA1652	6475	8	0	0	0	0	0	0	0	1	0	0
A	BL	18	127	1	1	BA1652	6477	8	7	0	0	0	0	0	0	0	0	0
A	BL	18	127	1	1	BA1652	6481	7	8	2	0	1	0	0	0	0	0	0
A	BL	18	127	1	1	BA1652	6484	8	0	0	0	0	0	0	0	1	0	0
A	BL	18	127	1	1	BA1652	6491	8	9	0	0	1	0	0	0	0	0	0
A	BL	18	127	1	1	BA1652	6495	9	0	0	0	0	0	0	0	1	0	0
A	BL	18	127	1	1	BA1652	6501	9	10	0	0	0	0	0	0	0	0	0
A	BL	18	127	1	1	BA1652	6576	10	2	0	0	0	0	0	0	0	0	0
A	BL	18	127	1	1	BA1652	6577	2	6	0	0	0	0	0	0	0	0	0
A	BL	18	127	1	1	BA1652	6685	6	8	2	0	1	0	0	0	0	0	0
A	BL	18	127	1	1	BA1652	6695	8	7	0	0	0	0	0	0	0	0	0
A	BL	18	127	1	1	BA1652	6735	7	0	0	0	0	0	0	0	1	0	0
A	BL	18	127	1	1	BA1652	6763	7	8	2	0	1	0	0	0	0	0	0
A	BL	18	127	1	1	BA1652	6765	8	0	0	0	0	0	0	0	1	0	0
A	BL	18	127	1	1	BA1652	6773	8	7	0	0	0	0	0	0	0	0	0
A	BL	18	127	1	1	BA1652	6785	7	8	2	0	1	0	0	0	0	0	0
A	BL	18	127	1	1	BA1652	6788	8	0	0	0	0	0	0	0	1	0	0
A	BL	18	127	1	1	BA1652	6795	8	7	0	0	0	0	0	0	0	0	0
A	BL	18	127	1	1	BA1652	6821	7	8	2	0	1	0	0	0	0	0	0
A	BL	18	127	1	1	BA1652	6822	8	0	0	0	0	0	0	0	1	0	0
A	BL	18	127	1	1	BA1652	6831	8	7	0	0	0	0	0	0	0	0	0
A	BL	18	127	1	1	BA1652	6859	7	8	2	0	1	0	0	0	0	0	0
A	BL	18	127	1	1	BA1652	6869	8	7	0	0	0	0	0	0	0	0	0
A	BL	18	127	1	1	BA1652	6873	7	0	0	0	0	0	0	0	1	0	0
A	BL	18	127	1	1	BA1652	6889	7	8	2	0	1	0	0	0	0	0	0
A	BL	18	127	1	1	BA1652	6892	8	0	0	0	0	0	0	0	1	0	0
A	BL	18	127	1	1	BA1652	6899	8	7	0	0	0	0	0	0	0	0	0
A	BL	18	127	1	1	BA1652	6903	7	8	2	0	1	0	0	0	0	0	0
A	BL	18	127	1	1	BA1652	6913	8	7	0	0	0	0	0	0	0	0	0
A	BL	18	127	1	1	BA1652	6925	7	0	0	0	0	0	0	0	1	0	0
A	BL	18	127	1	1	BA1652	6932	7	8	2	0	1	0	0	0	0	0	0
A	BL	18	127	1	1	BA1652	6936	8	0	0	0	0	0	0	0	1	0	0
A	BL	18	127	1	1	BA1652	6939	8	0	0	0	1	0	0	0	0	0	0
A	BL	18	127	1	1	BA1652	6942	8	7	0	0	0	0	0	0	0	0	0
A	BL	18	127	1	1	BA1652	6952	7	0	0	0	0	0	0	0	1	0	0
A	BL	18	127	1	1	BA1652	6961	7	8	2	0	1	0	0	0	0	0	0
A	BL	18	127	1	1	BA1652	6971	8	7	0	0	0	0	0	0	0	0	0
A	BL	18	127	1	1	BA1652	6981	7	0	0	0	0	0	0	0	1	0	0
A	BL	18	127	1	1	BA1652	6984	7	8	2	0	1	0	0	0	0	0	0
A	BL	18	127	1	1	BA1652	6994	8	7	0	0	0	0	0	0	0	0	0
A	BL	18	127	1	1	BA1652	6998	7	0	0	0	0	0	0	0	1	0	0
A	BL	18	127	1	1	BA1652	6999	7	8	2	0	1	0	0	0	0	0	0
A	BL	18	127	1	1	BA1652	7009	8	7	0	0	0	0	0	0	0	0	0
A	BL	18	127	1	1	BA1652	7021	7	0	0	0	0	0	0	0	1	0	0
A	BL	18	127	1	1	BA1652	7022	7	8	2	0	1	0	0	0	0	0	0
A	BL	18	127	1	1	BA1652	7032	8	7	0	0	0	0	0	0	0	0	0
A	BL	18	127	1	1	BA1652	7035	7	0	0	0	0	0	0	0	1	0	0
A	BL	18	127	1	1	BA1652	7037	7	8	2	0	1	0	0	0	0	0	0
A	BL	18	127	1	1	BA1652	7047	8	7	0	0	0	0	0	0	0	0	0
A	BL	18	127	1	1	BA1652	7048	7	0	0	0	0	0	0	0	1	0	0
A	BL	18	127	1	1	BA1652	7065	7	8	2	0	1	0	0	0	0	0	0
A	BL	18	127	1	1	BA1652	7068	8	0	0	0	0	0	0	0	1	0	0
A	BL	18	127	1	1	BA1652	7071	8	0	0	0	1	0	0	0	0	0	0
A	BL	18	127	1	1	BA1652	7075	8	7	0	0	0	0	0	0	0	0	0
A	BL	18	127	1	1	BA1652	7082	7	0	0	0	0	0	0	0	1	0	0
A	BL	18	127	1	1	BA1652	7134	7	8	2	0	1	0	0	0	0	0	0
A	BL	18	127	1	1	BA1652	7136	8	0	0	0	0	0	0	0	1	0	0
A	BL	18	127	1	1	BA1652	7144	8	7	0	0	0	0	0	0	0	0	0
A	BL	18	127	1	1	BA1652	7161	7	8	2	0	1	0	0	0	0	0	0
A	BL	18	127	1	1	BA1652	7171	8	7	0	0	0	0	0	0	0	0	0
A	BL	18	127	1	1	BA1652	7176	7	0	0	0	0	0	0	0	1	0	0
A	BL	18	127	1	1	BA1652	7216	7	8	2	0	1	0	0	0	0	0	0
A	BL	18	127	1	1	BA1652	7217	8	0	0	0	0	0	0	0	1	0	0
A	BL	18	127	1	1	BA1652	7226	8	7	0	0	0	0	0	0	0	0	0
A	BL	18	127	1	1	BA1652	7259	7	8	2	0	1	0	0	0	0	0	0
A	BL	18	127	1	1	BA1652	7267	8	0	0	0	0	0	0	0	1	0	0
A	BL	18	127	1	1	BA1652	7269	8	7	0	0	0	0	0	0	0	0	0
A	BL	18	127	1	1	BA1652	7271	7	8	2	0	1	0	0	0	0	0	0
A	BL	18	127	1	1	BA1652	7275	8	0	0	0	0	0	0	0	1	0	0
A	BL	18	127	1	1	BA1652	7280	8	0	0	0	1	0	0	0	0	0	0
A	BL	18	127	1	1	BA1652	7281	8	7	0	0	0	0	0	0	0	0	0
A	BL	18	127	1	1	BA1652	7285	7	0	0	0	0	0	0	0	1	0	0
A	BL	18	127	1	1	BA1652	7290	7	8	2	0	1	0	0	0	0	0	0
A	BL	18	127	1	1	BA1652	7291	8	0	0	0	0	0	0	0	1	0	0
A	BL	18	127	1	1	BA1652	7298	8	0	0	0	1	0	0	0	0	0	0
A	BL	18	127	1	1	BA1652	7300	8	9	0	0	0	0	0	0	0	0	0
A	BL	18	127	1	1	BA1652	7301	9	0	0	0	0	0	0	0	1	0	0
A	BL	18	127	1	1	BA1652	7310	9	10	0	0	0	0	0	0	0	0	0
A	BL	18	127	1	1	BA1652	7385	10	2	0	0	0	0	0	0	0	0	0
A	BL	18	127	1	1	BA1652	7386	2	3	0	0	0	0	0	0	0	0	0
A	BL	18	127	1	1	BA1652	7461	3	5	1	1	0	0	0	0	0	0	0
A	BL	18	127	1	1	BA1652	7466	5	0	0	0	0	0	0	1	0	0	0
A	BL	18	127	1	1	BA1652	7468	5	0	0	1	0	0	0	0	0	0	0
A	BL	18	127	1	1	BA1652	7471	5	4	0	0	0	0	0	0	0	0	0
A	BL	18	127	1	1	BA1652	7473	4	0	0	0	0	0	0	1	0	0	0
A	BL	18	127	1	1	BA1652	7475	4	5	1	1	0	0	0	0	0	0	0
A	BL	18	127	1	1	BA1652	7478	5	0	0	0	0	0	0	1	0	0	0
A	BL	18	127	1	1	BA1652	7482	5	0	0	1	0	0	0	0	0	0	0
A	BL	18	127	1	1	BA1652	7485	5	4	0	0	0	0	0	0	0	0	0
A	BL	18	127	1	1	BA1652	7488	4	0	0	0	0	0	0	1	0	0	0
A	BL	18	127	1	1	BA1652	7495	4	5	1	1	0	0	0	0	0	0	0
A	BL	18	127	1	1	BA1652	7501	5	0	0	0	0	0	0	1	0	0	0
A	BL	18	127	1	1	BA1652	7505	5	4	0	1	0	0	0	0	0	0	0
A	BL	18	127	1	1	BA1652	7512	4	0	0	0	0	0	0	1	0	0	0
A	BL	18	127	1	1	BA1652	7515	4	5	1	1	0	0	0	0	0	0	0
A	BL	18	127	1	1	BA1652	7525	5	4	0	0	0	0	0	0	0	0	0
A	BL	18	127	1	1	BA1652	7539	4	0	0	0	0	0	0	1	0	0	0
A	BL	18	127	1	1	BA1652	7547	4	5	1	1	0	0	0	0	0	0	0
A	BL	18	127	1	1	BA1652	7557	5	9	0	0	0	0	0	0	0	0	0
A	BL	18	127	1	1	BA1652	7558	9	0	0	0	0	0	0	1	0	0	0
A	BL	18	127	1	1	BA1652	7567	9	10	0	0	0	0	0	0	0	0	0
A	BL	18	127	1	1	BA1652	7642	10	2	0	0	0	0	0	0	0	0	0
A	BL	18	127	1	1	BA1652	7643	2	3	0	0	0	0	0	0	0	0	0
A	BL	18	127	1	1	BA1652	7705	3	5	1	1	0	0	0	0	0	0	0
A	BL	18	127	1	1	BA1652	7715	5	4	0	0	0	0	0	0	0	0	0
A	BL	18	127	1	1	BA1652	7717	4	0	0	0	0	0	0	1	0	0	0
A	BL	18	127	1	1	BA1652	7718	4	5	1	1	0	0	0	0	0	0	0
A	BL	18	127	1	1	BA1652	7720	5	0	0	0	0	0	0	1	0	0	0
A	BL	18	127	1	1	BA1652	7723	5	0	0	1	0	0	0	0	0	0	0
A	BL	18	127	1	1	BA1652	7727	5	0	0	0	0	0	0	1	0	0	0
A	BL	18	127	1	1	BA1652	7728	5	4	0	0	0	0	0	0	0	0	0
A	BL	18	127	1	1	BA1652	7730	4	5	1	1	0	0	0	0	0	0	0
A	BL	18	127	1	1	BA1652	7734	5	0	0	0	0	0	0	1	0	0	0
A	BL	18	127	1	1	BA1652	7739	5	0	0	1	0	0	0	0	0	0	0
A	BL	18	127	1	1	BA1652	7740	5	4	0	0	0	0	0	0	0	0	0
A	BL	18	127	1	1	BA1652	7744	4	0	0	0	0	0	0	1	0	0	0
A	BL	18	127	1	1	BA1652	7762	4	5	1	1	0	0	0	0	0	0	0
A	BL	18	127	1	1	BA1652	7772	5	4	0	0	0	0	0	0	0	0	0
A	BL	18	127	1	1	BA1652	7776	4	0	0	0	0	0	0	1	0	0	0
A	BL	18	127	1	1	BA1652	7780	4	5	1	1	0	0	0	0	0	0	0
A	BL	18	127	1	1	BA1652	7789	5	0	0	0	0	0	0	1	0	0	0
A	BL	18	127	1	1	BA1652	7790	5	9	0	0	0	0	0	0	0	0	0
A	BL	18	127	1	1	BA1652	7800	9	10	0	0	0	0	0	0	0	0	0
A	BL	18	127	1	1	BA1652	7875	10	2	0	0	0	0	0	0	0	0	0
A	BL	18	127	1	1	BA1652	7876	2	6	0	0	0	0	0	0	0	0	0
A	BL	18	127	1	1	BA1652	8938	6	8	2	0	1	0	0	0	0	0	0
A	BL	18	127	1	1	BA1652	8939	8	0	0	0	0	0	0	0	1	0	0
A	BL	18	127	1	1	BA1652	8948	8	7	0	0	0	0	0	0	0	0	0
A	BL	18	127	1	1	BA1652	9014	7	8	2	0	1	0	0	0	0	0	0
A	BL	18	127	1	1	BA1652	9020	8	0	0	0	0	0	0	0	1	0	0
A	BL	18	127	1	1	BA1652	9024	8	7	0	0	0	0	0	0	0	0	0
A	BL	18	127	1	1	BA1652	9137	7	8	2	0	1	0	0	0	0	0	0
A	BL	18	127	1	1	BA1652	9139	8	0	0	0	0	0	0	0	1	0	0
A	BL	18	127	1	1	BA1652	9147	8	7	0	0	0	0	0	0	0	0	0
A	BL	18	127	1	1	BA1652	9158	7	8	2	0	1	0	0	0	0	0	0
A	BL	18	127	1	1	BA1652	9167	8	0	0	0	0	0	0	0	1	0	0
A	BL	18	127	1	1	BA1652	9168	8	7	0	0	0	0	0	0	0	0	0
A	BL	18	127	1	1	BA1652	9212	7	8	2	0	1	0	0	0	0	0	0
A	BL	18	127	1	1	BA1652	9222	8	7	0	0	0	0	0	0	0	0	0
A	BL	18	127	1	1	BA1652	9248	7	0	0	0	0	0	0	0	1	0	0
A	BL	18	127	1	1	BA1652	9254	7	8	2	0	1	0	0	0	0	0	0
A	BL	18	127	1	1	BA1652	9260	8	0	0	0	0	0	0	0	1	0	0
A	BL	18	127	1	1	BA1652	9264	8	7	0	0	1	0	0	0	0	0	0
A	BL	18	127	1	1	BA1652	9267	7	0	0	0	0	0	0	0	1	0	0
A	BL	18	127	1	1	BA1652	9278	7	8	2	0	1	0	0	0	0	0	0
A	BL	18	127	1	1	BA1652	9288	8	7	0	0	0	0	0	0	0	0	0
A	BL	18	127	1	1	BA1652	9296	7	0	0	0	0	0	0	0	1	0	0
A	BL	18	127	1	1	BA1652	9302	7	8	2	0	1	0	0	0	0	0	0
A	BL	18	127	1	1	BA1652	9303	8	0	0	0	0	0	0	0	1	0	0
A	BL	18	127	1	1	BA1652	9312	8	7	0	0	0	0	0	0	0	0	0
A	BL	18	127	1	1	BA1652	9338	7	8	2	0	1	0	0	0	0	0	0
A	BL	18	127	1	1	BA1652	9342	8	0	0	0	0	0	0	0	1	0	0
A	BL	18	127	1	1	BA1652	9348	8	7	0	0	0	0	0	0	0	0	0
A	BL	18	127	1	1	BA1652	9411	7	8	2	0	1	0	0	0	0	0	0
A	BL	18	127	1	1	BA1652	9421	8	7	0	0	0	0	0	0	0	0	0
A	BL	18	127	1	1	BA1652	9429	7	0	0	0	0	0	0	0	1	0	0
A	BL	18	127	1	1	BA1652	9431	7	8	2	0	1	0	0	0	0	0	0
A	BL	18	127	1	1	BA1652	9441	8	7	0	0	0	0	0	0	0	0	0
A	BL	18	127	1	1	BA1652	9446	7	0	0	0	0	0	0	0	1	0	0
A	BL	18	127	1	1	BA1652	9449	7	8	2	0	1	0	0	0	0	0	0
A	BL	18	127	1	1	BA1652	9459	8	7	0	0	0	0	0	0	0	0	0
A	BL	18	127	1	1	BA1652	9482	7	0	0	0	0	0	0	0	1	0	0
A	BL	18	127	1	1	BA1652	9563	7	8	2	0	1	0	0	0	0	0	0
A	BL	18	127	1	1	BA1652	9573	8	7	0	0	0	0	0	0	0	0	0
A	BL	18	127	1	1	BA1652	9580	7	8	2	0	1	0	0	0	1	0	0
A	BL	18	127	1	1	BA1652	9584	8	0	0	0	0	0	0	0	1	0	0
A	BL	18	127	1	1	BA1652	9590	8	7	0	0	0	0	0	0	0	0	0
A	BL	18	127	1	1	BA1652	9591	7	8	2	0	1	0	0	0	0	0	0
A	BL	18	127	1	1	BA1652	9599	8	0	0	0	0	0	0	0	1	0	0
A	BL	18	127	1	1	BA1652	9601	8	7	0	0	0	0	0	0	0	0	0
A	BL	18	127	1	1	BA1652	9612	7	8	2	0	1	0	0	0	0	0	0
A	BL	18	127	1	1	BA1652	9614	8	0	0	0	0	0	0	0	1	0	0
A	BL	18	127	1	1	BA1652	9622	8	7	0	0	0	0	0	0	0	0	0
A	BL	18	127	1	1	BA1652	9650	7	8	2	0	1	0	0	0	0	0	0
A	BL	18	127	1	1	BA1652	9660	8	7	0	0	0	0	0	0	0	0	0
A	BL	18	127	1	1	BA1652	9673	7	0	0	0	0	0	0	0	1	0	0
A	BL	18	127	1	1	BA1652	9674	7	8	2	0	1	0	0	0	0	0	0
A	BL	18	127	1	1	BA1652	9684	8	7	0	0	0	0	0	0	1	0	0
A	BL	18	127	1	1	BA1652	9687	7	8	2	0	1	0	0	0	0	0	0
A	BL	18	127	1	1	BA1652	9697	8	7	0	0	0	0	0	0	0	0	0
A	BL	18	127	1	1	BA1652	9709	7	0	0	0	0	0	0	0	1	0	0
A	BL	18	127	1	1	BA1652	9721	7	8	2	0	1	0	0	0	0	0	0
A	BL	18	127	1	1	BA1652	9731	8	9	0	0	0	0	0	0	0	0	0
A	BL	18	127	1	1	BA1652	9734	9	0	0	0	0	0	0	0	1	0	0
A	BL	18	127	1	1	BA1652	9737	9	0	0	0	1	0	0	0	0	0	0
A	BL	18	127	1	1	BA1652	9739	9	0	0	0	0	0	0	0	1	0	0
A	BL	18	127	1	1	BA1652	9741	9	10	0	0	0	0	0	0	0	0	0
A	BL	18	127	1	1	BA1652	9816	10	2	0	0	0	0	0	0	0	0	0
A	BL	18	127	1	1	BA1652	9817	2	6	0	0	0	0	0	0	0	0	0
A	BL	18	127	1	1	BA1652	9950	6	8	2	0	1	0	0	0	0	0	0
A	BL	18	127	1	1	BA1652	9955	8	0	0	0	0	0	0	0	1	0	0
A	BL	18	127	1	1	BA1652	9960	8	7	0	0	0	0	0	0	0	0	0
A	BL	18	127	1	1	BA1652	9971	7	8	2	0	1	0	0	0	0	0	0
A	BL	18	127	1	1	BA1652	9978	8	0	0	0	0	0	0	0	1	0	0
A	BL	18	127	1	1	BA1652	9981	8	7	0	0	0	0	0	0	0	0	0
A	BL	18	127	1	1	BA1652	10002	7	8	2	0	1	0	0	0	0	0	0
A	BL	18	127	1	1	BA1652	10004	8	0	0	0	0	0	0	0	1	0	0
A	BL	18	127	1	1	BA1652	10007	8	0	0	0	1	0	0	0	0	0	0
A	BL	18	127	1	1	BA1652	10008	8	0	0	0	0	0	0	0	1	0	0
A	BL	18	127	1	1	BA1652	10012	8	7	0	0	0	0	0	0	0	0	0
A	BL	18	127	1	1	BA1652	10017	7	8	2	0	1	0	0	0	0	0	0
A	BL	18	127	1	1	BA1652	10027	8	7	0	0	0	0	0	0	0	0	0
A	BL	18	127	1	1	BA1652	10037	7	0	0	0	0	0	0	0	1	0	0
A	BL	18	127	1	1	BA1652	10043	7	8	2	0	1	0	0	0	0	0	0
A	BL	18	127	1	1	BA1652	10048	8	0	0	0	0	0	0	0	1	0	0
A	BL	18	127	1	1	BA1652	10052	8	0	0	0	1	0	0	0	0	0	0
A	BL	18	127	1	1	BA1652	10053	8	7	0	0	0	0	0	0	0	0	0
A	BL	18	127	1	1	BA1652	10059	7	0	0	0	0	0	0	0	1	0	0
A	BL	18	127	1	1	BA1652	10079	7	8	2	0	1	0	0	0	0	0	0
A	BL	18	127	1	1	BA1652	10083	8	0	0	0	0	0	0	0	1	0	0
A	BL	18	127	1	1	BA1652	10084	8	0	0	0	1	0	0	0	0	0	0
A	BL	18	127	1	1	BA1652	10089	8	7	0	0	1	0	0	0	1	0	0
A	BL	18	127	1	1	BA1652	10098	7	0	0	0	0	0	0	0	1	0	0
A	BL	18	127	1	1	BA1652	10140	7	8	2	0	1	0	0	0	0	0	0
A	BL	18	127	1	1	BA1652	10150	8	7	0	0	0	0	0	0	0	0	0
A	BL	18	127	1	1	BA1652	10172	7	8	2	0	1	0	0	0	1	0	0
A	BL	18	127	1	1	BA1652	10182	8	7	0	0	0	0	0	0	1	0	0
A	BL	18	127	1	1	BA1652	10229	7	8	2	0	1	0	0	0	0	0	0
A	BL	18	127	1	1	BA1652	10231	8	0	0	0	0	0	0	0	1	0	0
A	BL	18	127	1	1	BA1652	10234	8	0	0	0	1	0	0	0	0	0	0
A	BL	18	127	1	1	BA1652	10239	8	7	0	0	0	0	0	0	0	0	0
A	BL	18	127	1	1	BA1652	10242	7	0	0	0	0	0	0	0	1	0	0
A	BL	18	127	1	1	BA1652	10245	7	8	2	0	1	0	0	0	0	0	0
A	BL	18	127	1	1	BA1652	10252	8	0	0	0	0	0	0	0	1	0	0
A	BL	18	127	1	1	BA1652	10255	8	7	0	0	0	0	0	0	0	0	0
A	BL	18	127	1	1	BA1652	10265	7	8	2	0	1	0	0	0	0	0	0
A	BL	18	127	1	1	BA1652	10273	8	0	0	0	0	0	0	0	1	0	0
A	BL	18	127	1	1	BA1652	10275	8	7	0	0	0	0	0	0	0	0	0
A	BL	18	127	1	1	BA1652	10278	7	8	2	0	1	0	0	0	0	0	0
A	BL	18	127	1	1	BA1652	10283	8	0	0	0	0	0	0	0	1	0	0
A	BL	18	127	1	1	BA1652	10287	8	0	0	0	1	0	0	0	0	0	0
A	BL	18	127	1	1	BA1652	10288	8	7	0	0	0	0	0	0	0	0	0
A	BL	18	127	1	1	BA1652	10290	7	0	0	0	0	0	0	0	1	0	0
A	BL	18	127	1	1	BA1652	10315	7	8	2	0	1	0	0	0	0	0	0
A	BL	18	127	1	1	BA1652	10325	8	7	0	0	0	0	0	0	0	0	0
A	BL	18	127	1	1	BA1652	10347	7	0	0	0	0	0	0	0	1	0	0
A	BL	18	127	1	1	BA1652	10358	7	8	2	0	1	0	0	0	0	0	0
A	BL	18	127	1	1	BA1652	10368	8	7	0	0	0	0	0	0	0	0	0
A	BL	18	127	1	1	BA1652	10370	7	0	0	0	0	0	0	0	1	0	0
A	BL	18	127	1	1	BA1652	10382	7	8	2	0	1	0	0	0	0	0	0
A	BL	18	127	1	1	BA1652	10388	8	0	0	0	0	0	0	0	1	0	0
A	BL	18	127	1	1	BA1652	10392	8	7	0	0	0	0	0	0	0	0	0
A	BL	18	127	1	1	BA1652	10421	7	8	2	0	1	0	0	0	0	0	0
A	BL	18	127	1	1	BA1652	10426	8	0	0	0	0	0	0	0	1	0	0
A	BL	18	127	1	1	BA1652	10431	8	7	0	0	1	0	0	0	0	0	0
A	BL	18	127	1	1	BA1652	10441	7	0	0	0	0	0	0	0	1	0	0
A	BL	18	127	1	1	BA1652	10444	7	8	2	0	1	0	0	0	0	0	0
A	BL	18	127	1	1	BA1652	10454	8	7	0	0	0	0	0	0	0	0	0
A	BL	18	127	1	1	BA1652	10460	7	0	0	0	0	0	0	0	1	0	0
A	BL	18	127	1	1	BA1652	10461	7	8	2	0	1	0	0	0	0	0	0
A	BL	18	127	1	1	BA1652	10471	8	7	0	0	0	0	0	0	0	0	0
A	BL	18	127	1	1	BA1652	10503	7	0	0	0	0	0	0	0	1	0	0
A	BL	18	127	1	1	BA1652	10581	7	8	2	0	1	0	0	0	0	0	0
A	BL	18	127	1	1	BA1652	10586	8	0	0	0	0	0	0	0	1	0	0
A	BL	18	127	1	1	BA1652	10589	8	0	0	0	1	0	0	0	0	0	0
A	BL	18	127	1	1	BA1652	10591	8	7	0	0	0	0	0	0	0	0	0
A	BL	18	127	1	1	BA1652	10597	7	0	0	0	0	0	0	0	1	0	0
A	BL	18	127	1	1	BA1652	10601	7	8	2	0	1	0	0	0	0	0	0
A	BL	18	127	1	1	BA1652	10611	8	9	0	0	0	0	0	0	0	0	0
A	BL	18	127	1	1	BA1652	10621	9	10	0	0	0	0	0	0	1	0	0
A	BL	18	127	1	1	BA1652	10696	10	2	0	0	0	0	0	0	0	0	0
A	BL	18	127	1	1	BA1652	10697	2	6	0	0	0	0	0	0	0	0	0
A	BL	18	127	1	1	BA1652	10899	6	8	2	0	1	0	0	0	0	0	0
A	BL	18	127	1	1	BA1652	10909	8	7	0	0	0	0	0	0	0	0	0
A	BL	18	127	1	1	BA1652	10911	7	0	0	0	0	0	0	0	1	0	0
A	BL	18	127	1	1	BA1652	10914	7	8	2	0	1	0	0	0	0	0	0
A	BL	18	127	1	1	BA1652	10924	8	7	0	0	0	0	0	0	0	0	0
A	BL	18	127	1	1	BA1652	10930	7	0	0	0	0	0	0	0	1	0	0
A	BL	18	127	1	1	BA1652	10950	7	8	2	0	1	0	0	0	0	0	0
A	BL	18	127	1	1	BA1652	10956	8	0	0	0	0	0	0	0	1	0	0
A	BL	18	127	1	1	BA1652	10960	8	7	0	0	0	0	0	0	0	0	0
A	BL	18	127	1	1	BA1652	10976	7	8	2	0	1	0	0	0	0	0	0
A	BL	18	127	1	1	BA1652	10983	8	0	0	0	0	0	0	0	1	0	0
A	BL	18	127	1	1	BA1652	10986	8	7	0	0	0	0	0	0	0	0	0
A	BL	18	127	1	1	BA1652	11009	7	8	2	0	1	0	0	0	0	0	0
A	BL	18	127	1	1	BA1652	11019	8	7	0	0	0	0	0	0	0	0	0
A	BL	18	127	1	1	BA1652	11022	7	0	0	0	0	0	0	0	1	0	0
A	BL	18	127	1	1	BA1652	11025	7	8	2	0	1	0	0	0	0	0	0
A	BL	18	127	1	1	BA1652	11035	8	7	0	0	0	0	0	0	0	0	0
A	BL	18	127	1	1	BA1652	11041	7	0	0	0	0	0	0	0	1	0	0
A	BL	18	127	1	1	BA1652	11043	7	8	2	0	1	0	0	0	0	0	0
A	BL	18	127	1	1	BA1652	11045	8	0	0	0	0	0	0	0	1	0	0
A	BL	18	127	1	1	BA1652	11052	8	0	0	0	1	0	0	0	0	0	0
A	BL	18	127	1	1	BA1652	11053	8	7	0	0	0	0	0	0	0	0	0
A	BL	18	127	1	1	BA1652	11061	7	0	0	0	0	0	0	0	1	0	0
A	BL	18	127	1	1	BA1652	11129	7	8	2	0	1	0	0	0	0	0	0
A	BL	18	127	1	1	BA1652	11139	8	7	0	0	0	0	0	0	0	0	0
A	BL	18	127	1	1	BA1652	11158	7	0	0	0	0	0	0	0	1	0	0
A	BL	18	127	1	1	BA1652	11164	7	8	2	0	1	0	0	0	0	0	0
A	BL	18	127	1	1	BA1652	11165	8	0	0	0	0	0	0	0	1	0	0
A	BL	18	127	1	1	BA1652	11174	8	7	0	0	0	0	0	0	0	0	0
A	BL	18	127	1	1	BA1652	11175	7	8	2	0	1	0	0	0	0	0	0
A	BL	18	127	1	1	BA1652	11180	8	0	0	0	0	0	0	0	1	0	0
A	BL	18	127	1	1	BA1652	11182	8	0	0	0	1	0	0	0	0	0	0
A	BL	18	127	1	1	BA1652	11185	8	7	0	0	0	0	0	0	0	0	0
A	BL	18	127	1	1	BA1652	11190	7	0	0	0	0	0	0	0	1	0	0
A	BL	18	127	1	1	BA1652	11193	7	8	2	0	1	0	0	0	0	0	0
A	BL	18	127	1	1	BA1652	11195	8	0	0	0	0	0	0	0	1	0	0
A	BL	18	127	1	1	BA1652	11200	8	0	0	0	1	0	0	0	0	0	0
A	BL	18	127	1	1	BA1652	11201	8	0	0	0	0	0	0	0	1	0	0
A	BL	18	127	1	1	BA1652	11203	8	7	0	0	0	0	0	0	0	0	0
A	BL	18	127	1	1	BA1652	11209	7	8	2	0	1	0	0	0	0	0	0
A	BL	18	127	1	1	BA1652	11215	8	0	0	0	0	0	0	0	1	0	0
A	BL	18	127	1	1	BA1652	11219	8	7	0	0	0	0	0	0	0	0	0
A	BL	18	127	1	1	BA1652	11241	7	8	2	0	1	0	0	0	0	0	0
A	BL	18	127	1	1	BA1652	11246	8	0	0	0	0	0	0	0	1	0	0
A	BL	18	127	1	1	BA1652	11251	8	7	0	0	0	0	0	0	0	0	0
A	BL	18	127	1	1	BA1652	11256	7	8	2	0	1	0	0	0	0	0	0
A	BL	18	127	1	1	BA1652	11266	8	7	0	0	0	0	0	0	0	0	0
A	BL	18	127	1	1	BA1652	11328	7	0	0	0	0	0	0	0	1	0	0
A	BL	18	127	1	1	BA1652	11332	7	8	2	0	1	0	0	0	0	0	0
A	BL	18	127	1	1	BA1652	11339	8	0	0	0	0	0	0	0	1	0	0
A	BL	18	127	1	1	BA1652	11342	8	7	0	0	0	0	0	0	0	0	0
A	BL	18	127	1	1	BA1652	11343	7	8	2	0	1	0	0	0	0	0	0
A	BL	18	127	1	1	BA1652	11352	8	0	0	0	0	0	0	0	1	0	0
A	BL	18	127	1	1	BA1652	11353	8	7	0	0	0	0	0	0	0	0	0
A	BL	18	127	1	1	BA1652	11354	7	8	2	0	1	0	0	0	0	0	0
A	BL	18	127	1	1	BA1652	11364	8	7	0	0	0	0	0	0	0	0	0
A	BL	18	127	1	1	BA1652	11392	7	0	0	0	0	0	0	0	1	0	0
A	BL	18	127	1	1	BA1652	11417	7	8	2	0	1	0	0	0	0	0	0
A	BL	18	127	1	1	BA1652	11427	8	7	0	0	0	0	0	0	0	0	0
A	BL	18	127	1	1	BA1652	11452	7	0	0	0	0	0	0	0	1	0	0
A	BL	18	127	1	1	BA1652	11458	7	8	2	0	1	0	0	0	0	0	0
A	BL	18	127	1	1	BA1652	11464	8	0	0	0	0	0	0	0	1	0	0
A	BL	18	127	1	1	BA1652	11468	8	7	0	0	0	0	0	0	0	0	0
A	BL	18	127	1	1	BA1652	11469	7	8	2	0	1	0	0	0	0	0	0
A	BL	18	127	1	1	BA1652	11475	8	0	0	0	0	0	0	0	1	0	0
A	BL	18	127	1	1	BA1652	11479	8	9	0	0	0	0	0	0	0	0	0
A	BL	18	127	1	1	BA1652	11489	9	10	0	0	0	0	0	0	0	0	0
A	BL	18	127	1	1	BA1652	11564	10	2	0	0	0	0	0	0	0	0	0
A	BL	18	127	1	1	BA1652	11565	2	3	0	0	0	0	0	0	0	0	0
A	BL	18	127	1	1	BA1652	11605	3	5	1	1	0	0	0	0	0	0	0
A	BL	18	127	1	1	BA1652	11615	5	4	0	0	0	0	0	0	0	0	0
A	BL	18	127	1	1	BA1652	11623	4	0	0	0	0	0	0	1	0	0	0
A	BL	18	127	1	1	BA1652	11630	4	5	1	1	0	0	0	0	0	0	0
A	BL	18	127	1	1	BA1652	11640	5	4	0	0	0	0	0	0	0	0	0
A	BL	18	127	1	1	BA1652	11641	4	0	0	0	0	0	0	1	0	0	0
A	BL	18	127	1	1	BA1652	11646	4	5	1	1	0	0	0	0	0	0	0
A	BL	18	127	1	1	BA1652	11656	5	4	0	0	0	0	0	0	0	0	0
A	BL	18	127	1	1	BA1652	11658	4	0	0	0	0	0	0	1	0	0	0
A	BL	18	127	1	1	BA1652	11668	4	5	1	1	0	0	0	0	0	0	0
A	BL	18	127	1	1	BA1652	11672	5	0	0	0	0	0	0	1	0	0	0
A	BL	18	127	1	1	BA1652	11678	5	4	0	1	0	0	0	0	0	0	0
A	BL	18	127	1	1	BA1652	11681	4	0	0	0	0	0	0	1	0	0	0
A	BL	18	127	1	1	BA1652	11704	4	5	1	1	0	0	0	0	0	0	0
A	BL	18	127	1	1	BA1652	11714	5	9	0	0	0	0	0	1	0	0	0
A	BL	18	127	1	1	BA1652	11724	9	10	0	0	0	0	0	0	0	0	0
A	BL	18	127	1	1	BA1652	11799	10	2	0	0	0	0	0	0	0	0	0
A	BL	18	127	1	1	BA1652	11800	2	3	0	0	0	0	0	0	0	0	0
A	BL	18	127	1	1	BA1652	11830	3	5	1	1	0	0	0	0	0	0	0
A	BL	18	127	1	1	BA1652	11840	5	4	0	0	0	0	0	0	0	0	0
A	BL	18	127	1	1	BA1652	11843	4	0	0	0	0	0	0	1	0	0	0
A	BL	18	127	1	1	BA1652	11851	4	5	1	1	0	0	0	0	0	0	0
A	BL	18	127	1	1	BA1652	11861	5	4	0	0	0	0	0	0	0	0	0
A	BL	18	127	1	1	BA1652	11863	4	0	0	0	0	0	0	1	0	0	0
A	BL	18	127	1	1	BA1652	11950	4	5	1	1	0	0	0	0	0	0	0
A	BL	18	127	1	1	BA1652	11959	5	0	0	0	0	0	0	1	0	0	0
A	BL	18	127	1	1	BA1652	11960	5	4	0	0	0	0	0	0	0	0	0
A	BL	18	127	1	1	BA1652	12029	4	5	1	1	0	0	0	0	0	0	0
A	BL	18	127	1	1	BA1652	12031	5	0	0	0	0	0	0	1	0	0	0
A	BL	18	127	1	1	BA1652	12037	5	0	0	1	0	0	0	0	0	0	0
A	BL	18	127	1	1	BA1652	12039	5	4	0	0	0	0	0	0	0	0	0
A	BL	18	127	1	1	BA1652	12057	4	0	0	0	0	0	0	1	0	0	0
A	BL	18	127	1	1	BA1652	12062	4	5	1	1	0	0	0	0	0	0	0
A	BL	18	127	1	1	BA1652	12072	5	9	0	0	0	0	0	0	0	0	0
A	BL	18	127	1	1	BA1652	12081	9	0	0	0	0	0	0	1	0	0	0
A	BL	18	127	1	1	BA1652	12082	9	10	0	0	0	0	0	0	0	0	0
A	BL	18	127	1	1	BA1652	12157	10	2	0	0	0	0	0	0	0	0	0
A	BL	18	127	1	1	BA1652	12158	2	3	0	0	0	0	0	0	0	0	0
A	BL	18	127	1	1	BA1652	12199	3	5	1	1	0	0	0	0	0	0	0
A	BL	18	127	1	1	BA1652	12209	5	4	0	0	0	0	0	0	0	0	0
A	BL	18	127	1	1	BA1652	12215	4	0	0	0	0	0	0	1	0	0	0
A	BL	18	127	1	1	BA1652	12223	4	5	1	1	0	0	0	0	0	0	0
A	BL	18	127	1	1	BA1652	12233	5	4	0	0	0	0	0	0	0	0	0
A	BL	18	127	1	1	BA1652	12234	4	0	0	0	0	0	0	1	0	0	0
A	BL	18	127	1	1	BA1652	12237	4	5	1	1	0	0	0	0	0	0	0
A	BL	18	127	1	1	BA1652	12247	5	4	0	0	0	0	0	0	0	0	0
A	BL	18	127	1	1	BA1652	12250	4	0	0	0	0	0	0	1	0	0	0
A	BL	18	127	1	1	BA1652	12256	4	5	1	1	0	0	0	0	0	0	0
A	BL	18	127	1	1	BA1652	12261	5	0	0	0	0	0	0	1	0	0	0
A	BL	18	127	1	1	BA1652	12264	5	0	0	1	0	0	0	0	0	0	0
A	BL	18	127	1	1	BA1652	12266	5	4	0	0	0	0	0	0	0	0	0
A	BL	18	127	1	1	BA1652	12273	4	0	0	0	0	0	0	1	0	0	0
A	BL	18	127	1	1	BA1652	12277	4	5	1	1	0	0	0	0	0	0	0
A	BL	18	127	1	1	BA1652	12287	5	9	0	0	0	0	0	0	0	0	0
A	BL	18	127	1	1	BA1652	12293	9	0	0	0	0	0	0	1	0	0	0
A	BL	18	127	1	1	BA1652	12297	9	10	0	0	0	0	0	0	0	0	0
A	BL	18	127	1	1	BA1652	12372	10	2	0	0	0	0	0	0	0	0	0
A	BL	18	127	1	1	BA1652	12373	2	6	0	0	0	0	0	0	0	0	0
A	BL	18	127	1	1	BA1652	12824	6	8	2	0	1	0	0	0	0	0	0
A	BL	18	127	1	1	BA1652	12834	8	7	0	0	0	0	0	0	1	0	0
A	BL	18	127	1	1	BA1652	12865	7	8	2	0	1	0	0	0	0	0	0
A	BL	18	127	1	1	BA1652	12868	8	0	0	0	0	0	0	0	1	0	0
A	BL	18	127	1	1	BA1652	12875	8	7	0	0	0	0	0	0	0	0	0
A	BL	18	127	1	1	BA1652	12898	7	8	2	0	1	0	0	0	0	0	0
A	BL	18	127	1	1	BA1652	12901	8	0	0	0	0	0	0	0	1	0	0
A	BL	18	127	1	1	BA1652	12908	8	7	0	0	0	0	0	0	0	0	0
A	BL	18	127	1	1	BA1652	12993	7	8	2	0	1	0	0	0	0	0	0
A	BL	18	127	1	1	BA1652	13003	8	7	0	0	0	0	0	0	0	0	0
A	BL	18	127	1	1	BA1652	13018	7	0	0	0	0	0	0	0	1	0	0
A	BL	18	127	1	1	BA1652	13035	7	8	2	0	1	0	0	0	0	0	0
A	BL	18	127	1	1	BA1652	13037	8	0	0	0	0	0	0	0	1	0	0
A	BL	18	127	1	1	BA1652	13045	8	7	0	0	0	0	0	0	0	0	0
A	BL	18	127	1	1	BA1652	13214	7	8	2	0	1	0	0	0	0	0	0
A	BL	18	127	1	1	BA1652	13223	8	0	0	0	0	0	0	0	1	0	0
A	BL	18	127	1	1	BA1652	13224	8	7	0	0	0	0	0	0	0	0	0
A	BL	18	127	1	1	BA1652	13227	7	8	2	0	1	0	0	0	0	0	0
A	BL	18	127	1	1	BA1652	13237	8	7	0	0	0	0	0	0	0	0	0
A	BL	18	127	1	1	BA1652	13239	7	0	0	0	0	0	0	0	1	0	0
A	BL	18	127	1	1	BA1652	13244	7	8	2	0	1	0	0	0	0	0	0
A	BL	18	127	1	1	BA1652	13245	8	0	0	0	0	0	0	0	1	0	0
A	BL	18	127	1	1	BA1652	13251	8	0	0	0	1	0	0	0	0	0	0
A	BL	18	127	1	1	BA1652	13253	8	0	0	0	1	0	0	0	1	0	0
A	BL	18	127	1	1	BA1652	13254	8	7	0	0	0	0	0	0	0	0	0
A	BL	18	127	1	1	BA1652	13255	7	0	0	0	0	0	0	0	1	0	0
A	BL	18	127	1	1	BA1652	13256	7	8	2	0	1	0	0	0	0	0	0
A	BL	18	127	1	1	BA1652	13261	8	0	0	0	0	0	0	0	1	0	0
A	BL	18	127	1	1	BA1652	13266	8	7	0	0	1	0	0	0	0	0	0
A	BL	18	127	1	1	BA1652	13272	7	0	0	0	0	0	0	0	1	0	0
A	BL	18	127	1	1	BA1652	13296	7	8	2	0	1	0	0	0	0	0	0
A	BL	18	127	1	1	BA1652	13300	8	0	0	0	0	0	0	0	1	0	0
A	BL	18	127	1	1	BA1652	13306	8	7	0	0	0	0	0	0	0	0	0
A	BL	18	127	1	1	BA1652	13311	7	8	2	0	1	0	0	0	0	0	0
A	BL	18	127	1	1	BA1652	13321	8	7	0	0	0	0	0	0	0	0	0
A	BL	18	127	1	1	BA1652	13334	7	0	0	0	0	0	0	0	1	0	0
A	BL	18	127	1	1	BA1652	13365	7	8	2	0	1	0	0	0	0	0	0
A	BL	18	127	1	1	BA1652	13367	8	0	0	0	0	0	0	0	1	0	0
A	BL	18	127	1	1	BA1652	13372	8	0	0	0	1	0	0	0	0	0	0
A	BL	18	127	1	1	BA1652	13374	8	0	0	0	0	0	0	0	1	0	0
A	BL	18	127	1	1	BA1652	13375	8	7	0	0	0	0	0	0	0	0	0
A	BL	18	127	1	1	BA1652	13398	7	8	2	0	1	0	0	0	0	0	0
A	BL	18	127	1	1	BA1652	13402	8	0	0	0	0	0	0	0	1	0	0
A	BL	18	127	1	1	BA1652	13406	8	0	0	0	1	0	0	0	0	0	0
A	BL	18	127	1	1	BA1652	13408	8	7	0	0	0	0	0	0	0	0	0
A	BL	18	127	1	1	BA1652	13409	7	0	0	0	0	0	0	0	1	0	0
A	BL	18	127	1	1	BA1652	13414	7	8	2	0	1	0	0	0	0	0	0
A	BL	18	127	1	1	BA1652	13424	8	7	0	0	0	0	0	0	0	0	0
A	BL	18	127	1	1	BA1652	13434	7	8	2	0	1	0	0	0	1	0	0
A	BL	18	127	1	1	BA1652	13436	8	0	0	0	1	0	0	0	1	0	0
A	BL	18	127	1	1	BA1652	13444	8	7	0	0	0	0	0	0	0	0	0
A	BL	18	127	1	1	BA1652	13455	7	0	0	0	0	0	0	0	1	0	0
A	BL	18	127	1	1	BA1652	13457	7	8	2	0	1	0	0	0	0	0	0
A	BL	18	127	1	1	BA1652	13458	8	0	0	0	0	0	0	0	1	0	0
A	BL	18	127	1	1	BA1652	13467	8	7	0	0	0	0	0	0	0	0	0
A	BL	18	127	1	1	BA1652	13506	7	8	2	0	1	0	0	0	0	0	0
A	BL	18	127	1	1	BA1652	13516	8	7	0	0	0	0	0	0	0	0	0
A	BL	18	127	1	1	BA1652	13518	7	0	0	0	0	0	0	0	1	0	0
A	BL	18	127	1	1	BA1652	13523	7	8	2	0	1	0	0	0	0	0	0
A	BL	18	127	1	1	BA1652	13533	8	7	0	0	0	0	0	0	0	0	0
A	BL	18	127	1	1	BA1652	13547	7	0	0	0	0	0	0	0	1	0	0
A	BL	18	127	1	1	BA1652	13552	7	8	2	0	1	0	0	0	0	0	0
A	BL	18	127	1	1	BA1652	13562	8	7	0	0	0	0	0	0	0	0	0
A	BL	18	127	1	1	BA1652	13593	7	0	0	0	0	0	0	0	1	0	0
A	BL	18	127	1	1	BA1652	13611	7	8	2	0	1	0	0	0	0	0	0
A	BL	18	127	1	1	BA1652	13621	8	9	0	0	0	0	0	0	0	0	0
A	BL	18	127	1	1	BA1652	13631	9	10	0	0	0	0	0	0	0	0	0
A	BL	18	127	1	1	BA1652	13632	10	0	0	0	1	0	0	0	1	0	0
A	BL	18	127	1	1	BA1652	13635	10	0	0	0	0	0	0	0	1	0	0
A	BL	18	127	1	1	BA1652	13706	10	2	0	0	0	0	0	0	0	0	0
A	BL	18	127	1	1	BA1652	13707	2	6	0	0	0	0	0	0	0	0	0
A	BL	18	127	1	1	BA1652	13856	6	8	2	0	1	0	0	0	0	0	0
A	BL	18	127	1	1	BA1652	13863	8	0	0	0	0	0	0	0	1	0	0
A	BL	18	127	1	1	BA1652	13866	8	7	0	0	0	0	0	0	0	0	0
A	BL	18	127	1	1	BA1652	13999	7	8	2	0	1	0	0	0	0	0	0
A	BL	18	127	1	1	BA1652	14003	8	0	0	0	0	0	0	0	1	0	0
A	BL	18	127	1	1	BA1652	14009	8	7	0	0	0	0	0	0	0	0	0
A	BL	18	127	1	1	BA1652	14021	7	8	2	0	1	0	0	0	0	0	0
A	BL	18	127	1	1	BA1652	14024	8	0	0	0	0	0	0	0	1	0	0
A	BL	18	127	1	1	BA1652	14029	8	0	0	0	1	0	0	0	0	0	0
A	BL	18	127	1	1	BA1652	14031	8	7	0	0	0	0	0	0	0	0	0
A	BL	18	127	1	1	BA1652	14038	7	0	0	0	0	0	0	0	1	0	0
A	BL	18	127	1	1	BA1652	14040	7	8	2	0	1	0	0	0	0	0	0
A	BL	18	127	1	1	BA1652	14050	8	7	0	0	0	0	0	0	1	0	0
A	BL	18	127	1	1	BA1652	14055	7	8	2	0	1	0	0	0	0	0	0
A	BL	18	127	1	1	BA1652	14058	8	0	0	0	0	0	0	0	1	0	0
A	BL	18	127	1	1	BA1652	14065	8	7	0	0	0	0	0	0	0	0	0
A	BL	18	127	1	1	BA1652	14114	7	8	2	0	1	0	0	0	0	0	0
A	BL	18	127	1	1	BA1652	14124	8	7	0	0	0	0	0	0	0	0	0
A	BL	18	127	1	1	BA1652	14126	7	0	0	0	0	0	0	0	1	0	0
A	BL	18	127	1	1	BA1652	14128	7	8	2	0	1	0	0	0	0	0	0
A	BL	18	127	1	1	BA1652	14138	8	7	0	0	0	0	0	0	0	0	0
A	BL	18	127	1	1	BA1652	14148	7	0	0	0	0	0	0	0	1	0	0
A	BL	18	127	1	1	BA1652	14172	7	8	2	0	1	0	0	0	0	0	0
A	BL	18	127	1	1	BA1652	14182	8	7	0	0	0	0	0	0	0	0	0
A	BL	18	127	1	1	BA1652	14274	7	0	0	0	0	0	0	0	1	0	0
A	BL	18	127	1	1	BA1652	14278	7	8	2	0	1	0	0	0	0	0	0
A	BL	18	127	1	1	BA1652	14280	8	0	0	0	0	0	0	0	1	0	0
A	BL	18	127	1	1	BA1652	14283	8	0	0	0	1	0	0	0	0	0	0
A	BL	18	127	1	1	BA1652	14286	8	0	0	0	0	0	0	0	1	0	0
A	BL	18	127	1	1	BA1652	14288	8	7	0	0	0	0	0	0	0	0	0
A	BL	18	127	1	1	BA1652	14358	7	8	2	0	1	0	0	0	0	0	0
A	BL	18	127	1	1	BA1652	14365	8	0	0	0	0	0	0	0	1	0	0
A	BL	18	127	1	1	BA1652	14368	8	7	0	0	0	0	0	0	0	0	0
A	BL	18	127	1	1	BA1652	14372	7	8	2	0	1	0	0	0	0	0	0
A	BL	18	127	1	1	BA1652	14378	8	0	0	0	0	0	0	0	1	0	0
A	BL	18	127	1	1	BA1652	14382	8	7	0	0	1	0	0	0	0	0	0
A	BL	18	127	1	1	BA1652	14392	7	0	0	0	0	0	0	0	1	0	0
A	BL	18	127	1	1	BA1652	14400	7	8	2	0	1	0	0	0	0	0	0
A	BL	18	127	1	1	BA1652	14410	8	7	0	0	0	0	0	0	0	0	0
A	BL	18	127	1	1	BA1652	14413	7	0	0	0	0	0	0	0	1	0	0
A	BL	18	127	1	1	BA1652	14427	7	8	2	0	1	0	0	0	0	0	0
A	BL	18	127	1	1	BA1652	14435	8	0	0	0	0	0	0	0	1	0	0
A	BL	18	127	1	1	BA1652	14437	8	7	0	0	0	0	0	0	0	0	0
A	BL	18	127	1	1	BA1652	14440	7	8	2	0	1	0	0	0	0	0	0
A	BL	18	127	1	1	BA1652	14450	8	7	0	0	0	0	0	0	0	0	0
A	BL	18	127	1	1	BA1652	14478	7	8	2	0	1	0	0	0	1	0	0
A	BL	18	127	1	1	BA1652	14483	8	0	0	0	0	0	0	0	1	0	0
A	BL	18	127	1	1	BA1652	14487	8	0	0	0	1	0	0	0	0	0	0
A	BL	18	127	1	1	BA1652	14488	8	7	0	0	0	0	0	0	0	0	0
A	BL	18	127	1	1	BA1652	14504	7	0	0	0	0	0	0	0	1	0	0
A	BL	18	127	1	1	BA1652	14505	7	8	2	0	1	0	0	0	0	0	0
A	BL	18	127	1	1	BA1652	14515	8	7	0	0	0	0	0	0	0	0	0
A	BL	18	127	1	1	BA1652	14556	7	0	0	0	0	0	0	0	1	0	0
A	BL	18	127	1	1	BA1652	14557	7	8	2	0	1	0	0	0	0	0	0
A	BL	18	127	1	1	BA1652	14560	8	0	0	0	0	0	0	0	1	0	0
A	BL	18	127	1	1	BA1652	14565	8	0	0	0	1	0	0	0	0	0	0
A	BL	18	127	1	1	BA1652	14567	8	7	0	0	0	0	0	0	0	0	0
A	BL	18	127	1	1	BA1652	14582	7	0	0	0	0	0	0	0	1	0	0
A	BL	18	127	1	1	BA1652	14591	7	8	2	0	1	0	0	0	0	0	0
A	BL	18	127	1	1	BA1652	14593	8	0	0	0	0	0	0	0	1	0	0
A	BL	18	127	1	1	BA1652	14601	8	7	0	0	0	0	0	0	0	0	0
A	BL	18	127	1	1	BA1652	14650	7	8	2	0	1	0	0	0	0	0	0
A	BL	18	127	1	1	BA1652	14652	8	0	0	0	0	0	0	0	1	0	0
A	BL	18	127	1	1	BA1652	14656	8	0	0	0	1	0	0	0	0	0	0
A	BL	18	127	1	1	BA1652	14660	8	7	0	0	0	0	0	0	0	0	0
A	BL	18	127	1	1	BA1652	14665	7	0	0	0	0	0	0	0	1	0	0
A	BL	18	127	1	1	BA1652	14668	7	8	2	0	1	0	0	0	0	0	0
A	BL	18	127	1	1	BA1652	14674	8	0	0	0	0	0	0	0	1	0	0
A	BL	18	127	1	1	BA1652	14677	8	0	0	0	1	0	0	0	0	0	0
A	BL	18	127	1	1	BA1652	14678	8	9	0	0	0	0	0	0	0	0	0
A	BL	18	127	1	1	BA1652	14683	9	0	0	0	0	0	0	0	1	0	0
A	BL	18	127	1	1	BA1652	14688	9	10	0	0	1	0	0	0	0	0	0
A	BL	18	127	1	1	BA1652	14696	10	0	0	0	0	0	0	0	1	0	0
A	BL	18	127	1	1	BA1652	14763	10	2	0	0	0	0	0	0	0	0	0
A	BL	18	127	1	1	BA1652	14764	2	6	0	0	0	0	0	0	0	0	0
A	BL	18	127	1	1	BA1652	14953	6	8	2	0	1	0	0	0	0	0	0
A	BL	18	127	1	1	BA1652	14963	8	7	0	0	0	0	0	0	0	0	0
A	BL	18	127	1	1	BA1652	14965	7	0	0	0	0	0	0	0	1	0	0
A	BL	18	127	1	1	BA1652	14968	7	8	2	0	1	0	0	0	0	0	0
A	BL	18	127	1	1	BA1652	14978	8	7	0	0	0	0	0	0	0	0	0
A	BL	18	127	1	1	BA1652	14995	7	0	0	0	0	0	0	0	1	0	0
A	BL	18	127	1	1	BA1652	14996	7	8	2	0	1	0	0	0	0	0	0
A	BL	18	127	1	1	BA1652	15006	8	7	0	0	0	0	0	0	0	0	0
A	BL	18	127	1	1	BA1652	15007	7	0	0	0	0	0	0	0	1	0	0
A	BL	18	127	1	1	BA1652	15011	7	8	2	0	1	0	0	0	0	0	0
A	BL	18	127	1	1	BA1652	15018	8	0	0	0	0	0	0	0	1	0	0
A	BL	18	127	1	1	BA1652	15021	8	7	0	0	0	0	0	0	0	0	0
A	BL	18	127	1	1	BA1652	15025	7	8	2	0	1	0	0	0	0	0	0
A	BL	18	127	1	1	BA1652	15031	8	0	0	0	0	0	0	0	1	0	0
A	BL	18	127	1	1	BA1652	15034	8	0	0	0	1	0	0	0	0	0	0
A	BL	18	127	1	1	BA1652	15035	8	7	0	0	0	0	0	0	0	0	0
A	BL	18	127	1	1	BA1652	15068	7	0	0	0	0	0	0	0	1	0	0
A	BL	18	127	1	1	BA1652	15106	7	8	2	0	1	0	0	0	0	0	0
A	BL	18	127	1	1	BA1652	15113	8	0	0	0	0	0	0	0	1	0	0
A	BL	18	127	1	1	BA1652	15116	8	7	0	0	0	0	0	0	0	0	0
A	BL	18	127	1	1	BA1652	15127	7	8	2	0	1	0	0	0	0	0	0
A	BL	18	127	1	1	BA1652	15134	8	0	0	0	0	0	0	0	1	0	0
A	BL	18	127	1	1	BA1652	15137	8	7	0	0	1	0	0	0	0	0	0
A	BL	18	127	1	1	BA1652	15161	7	0	0	0	0	0	0	0	1	0	0
A	BL	18	127	1	1	BA1652	15183	7	8	2	0	1	0	0	0	0	0	0
A	BL	18	127	1	1	BA1652	15191	8	0	0	0	0	0	0	0	1	0	0
A	BL	18	127	1	1	BA1652	15193	8	7	0	0	0	0	0	0	0	0	0
A	BL	18	127	1	1	BA1652	15196	7	8	2	0	1	0	0	0	0	0	0
A	BL	18	127	1	1	BA1652	15200	8	0	0	0	0	0	0	0	1	0	0
A	BL	18	127	1	1	BA1652	15206	8	7	0	0	0	0	0	0	0	0	0
A	BL	18	127	1	1	BA1652	15215	7	8	2	0	1	0	0	0	0	0	0
A	BL	18	127	1	1	BA1652	15220	8	0	0	0	0	0	0	0	1	0	0
A	BL	18	127	1	1	BA1652	15225	8	7	0	0	0	0	0	0	0	0	0
A	BL	18	127	1	1	BA1652	15230	7	8	2	0	1	0	0	0	0	0	0
A	BL	18	127	1	1	BA1652	15240	8	7	0	0	0	0	0	0	0	0	0
A	BL	18	127	1	1	BA1652	15242	7	0	0	0	0	0	0	0	1	0	0
A	BL	18	127	1	1	BA1652	15255	7	8	2	0	1	0	0	0	0	0	0
A	BL	18	127	1	1	BA1652	15265	8	7	0	0	0	0	0	0	0	0	0
A	BL	18	127	1	1	BA1652	15300	7	0	0	0	0	0	0	0	1	0	0
A	BL	18	127	1	1	BA1652	15334	7	8	2	0	1	0	0	0	0	0	0
A	BL	18	127	1	1	BA1652	15343	8	0	0	0	0	0	0	0	1	0	0
A	BL	18	127	1	1	BA1652	15344	8	7	0	0	0	0	0	0	0	0	0
A	BL	18	127	1	1	BA1652	15347	7	8	2	0	1	0	0	0	0	0	0
A	BL	18	127	1	1	BA1652	15356	8	0	0	0	0	0	0	0	1	0	0
A	BL	18	127	1	1	BA1652	15357	8	7	0	0	1	0	0	0	0	0	0
A	BL	18	127	1	1	BA1652	15364	7	0	0	0	0	0	0	0	1	0	0
A	BL	18	127	1	1	BA1652	15368	7	8	2	0	1	0	0	0	0	0	0
A	BL	18	127	1	1	BA1652	15374	8	0	0	0	0	0	0	0	1	0	0
A	BL	18	127	1	1	BA1652	15377	8	0	0	0	1	0	0	0	0	0	0
A	BL	18	127	1	1	BA1652	15378	8	7	0	0	0	0	0	0	0	0	0
A	BL	18	127	1	1	BA1652	15382	7	0	0	0	0	0	0	0	1	0	0
A	BL	18	127	1	1	BA1652	15391	7	8	2	0	1	0	0	0	0	0	0
A	BL	18	127	1	1	BA1652	15397	8	0	0	0	0	0	0	0	1	0	0
A	BL	18	127	1	1	BA1652	15401	8	7	0	0	0	0	0	0	0	0	0
A	BL	18	127	1	1	BA1652	15423	7	8	2	0	1	0	0	0	0	0	0
A	BL	18	127	1	1	BA1652	15425	8	0	0	0	0	0	0	0	1	0	0
A	BL	18	127	1	1	BA1652	15431	8	0	0	0	1	0	0	0	0	0	0
A	BL	18	127	1	1	BA1652	15432	8	0	0	0	0	0	0	0	1	0	0
A	BL	18	127	1	1	BA1652	15433	8	7	0	0	0	0	0	0	0	0	0
A	BL	18	127	1	1	BA1652	15460	7	8	2	0	1	0	0	0	0	0	0
A	BL	18	127	1	1	BA1652	15461	8	0	0	0	0	0	0	0	1	0	0
A	BL	18	127	1	1	BA1652	15463	8	0	0	0	1	0	0	0	0	0	0
A	BL	18	127	1	1	BA1652	15466	8	0	0	0	0	0	0	0	1	0	0
A	BL	18	127	1	1	BA1652	15470	8	7	0	0	0	0	0	0	0	0	0
A	BL	18	127	1	1	BA1652	15514	7	8	2	0	1	0	0	0	0	0	0
A	BL	18	127	1	1	BA1652	15524	8	7	0	0	0	0	0	0	0	0	0
A	BL	18	127	1	1	BA1652	15532	7	0	0	0	0	0	0	0	1	0	0
A	BL	18	127	1	1	BA1652	15535	7	8	2	0	1	0	0	0	0	0	0
A	BL	18	127	1	1	BA1652	15545	8	9	0	0	0	0	0	0	1	0	0
A	BL	18	127	1	1	BA1652	15547	9	0	0	0	1	0	0	0	0	0	0
A	BL	18	127	1	1	BA1652	15555	9	10	0	0	0	0	0	0	0	0	0
A	BL	18	127	1	1	BA1652	15559	10	0	0	0	0	0	0	0	1	0	0
A	BL	18	127	1	1	BA1652	15630	10	2	0	0	0	0	0	0	0	0	0
A	BL	18	127	1	1	BA1652	15631	2	3	0	0	0	0	0	0	0	0	0
A	BL	18	127	1	1	BA1652	15692	3	5	1	1	0	0	0	0	0	0	0
A	BL	18	127	1	1	BA1652	15699	5	0	0	0	0	0	0	1	0	0	0
A	BL	18	127	1	1	BA1652	15701	5	0	0	1	0	0	0	0	0	0	0
A	BL	18	127	1	1	BA1652	15702	5	4	0	0	0	0	0	0	0	0	0
A	BL	18	127	1	1	BA1652	15712	4	0	0	0	0	0	0	1	0	0	0
A	BL	18	127	1	1	BA1652	15717	4	5	1	1	0	0	0	0	0	0	0
A	BL	18	127	1	1	BA1652	15723	5	0	0	0	0	0	0	1	0	0	0
A	BL	18	127	1	1	BA1652	15727	5	4	0	1	0	0	0	0	0	0	0
A	BL	18	127	1	1	BA1652	15732	4	0	0	0	0	0	0	1	0	0	0
A	BL	18	127	1	1	BA1652	15733	4	5	1	1	0	0	0	0	0	0	0
A	BL	18	127	1	1	BA1652	15743	5	4	0	0	0	0	0	0	0	0	0
A	BL	18	127	1	1	BA1652	15750	4	0	0	0	0	0	0	1	0	0	0
A	BL	18	127	1	1	BA1652	15756	4	5	1	1	0	0	0	0	0	0	0
A	BL	18	127	1	1	BA1652	15762	5	0	0	0	0	0	0	1	0	0	0
A	BL	18	127	1	1	BA1652	15765	5	0	0	1	0	0	0	0	0	0	0
A	BL	18	127	1	1	BA1652	15766	5	4	0	0	0	0	0	0	0	0	0
A	BL	18	127	1	1	BA1652	15779	4	0	0	0	0	0	0	1	0	0	0
A	BL	18	127	1	1	BA1652	15801	4	5	1	1	0	0	0	0	0	0	0
A	BL	18	127	1	1	BA1652	15811	5	9	0	0	0	0	0	0	0	0	0
A	BL	18	127	1	1	BA1652	15815	9	0	0	0	0	0	0	1	0	0	0
A	BL	18	127	1	1	BA1652	15819	9	0	0	1	0	0	0	0	0	0	0
A	BL	18	127	1	1	BA1652	15821	9	10	0	0	0	0	0	1	0	0	0
A	BL	18	127	1	1	BA1652	15896	10	2	0	0	0	0	0	0	0	0	0
A	BL	18	127	1	1	BA1652	15897	2	3	0	0	0	0	0	0	0	0	0
A	BL	18	127	1	1	BA1652	15957	3	5	1	1	0	0	0	0	0	0	0
A	BL	18	127	1	1	BA1652	15967	5	4	0	0	0	0	0	0	0	0	0
A	BL	18	127	1	1	BA1652	15972	4	0	0	0	0	0	0	1	0	0	0
A	BL	18	127	1	1	BA1652	15981	4	5	1	1	0	0	0	0	0	0	0
A	BL	18	127	1	1	BA1652	15991	5	4	0	0	0	0	0	0	0	0	0
A	BL	18	127	1	1	BA1652	15995	4	0	0	0	0	0	0	1	0	0	0
A	BL	18	127	1	1	BA1652	16001	4	5	1	1	0	0	0	0	0	0	0
A	BL	18	127	1	1	BA1652	16011	5	4	0	0	0	0	0	0	0	0	0
A	BL	18	127	1	1	BA1652	16038	4	0	0	0	0	0	0	1	0	0	0
A	BL	18	127	1	1	BA1652	16046	4	5	1	1	0	0	0	0	0	0	0
A	BL	18	127	1	1	BA1652	16052	5	0	0	0	0	0	0	1	0	0	0
A	BL	18	127	1	1	BA1652	16055	5	0	0	1	0	0	0	0	0	0	0
A	BL	18	127	1	1	BA1652	16056	5	4	0	0	0	0	0	0	0	0	0
A	BL	18	127	1	1	BA1652	16088	4	0	0	0	0	0	0	1	0	0	0
A	BL	18	127	1	1	BA1652	16092	4	5	1	1	0	0	0	0	0	0	0
A	BL	18	127	1	1	BA1652	16102	5	9	0	0	0	0	0	0	0	0	0
A	BL	18	127	1	1	BA1652	16112	9	10	0	0	0	0	0	1	0	0	0
A	BL	18	127	1	1	BA1652	16187	10	2	0	0	0	0	0	0	0	0	0
A	BL	18	127	1	1	BA1652	16188	2	3	0	0	0	0	0	0	0	0	0
A	BL	18	127	1	1	BA1652	16243	3	5	1	1	0	0	0	0	0	0	0
A	BL	18	127	1	1	BA1652	16253	5	4	0	0	0	0	0	0	0	0	0
A	BL	18	127	1	1	BA1652	16258	4	0	0	0	0	0	0	1	0	0	0
A	BL	18	127	1	1	BA1652	16262	4	5	1	1	0	0	0	0	0	0	0
A	BL	18	127	1	1	BA1652	16269	5	0	0	0	0	0	0	1	0	0	0
A	BL	18	127	1	1	BA1652	16272	5	4	0	1	0	0	0	0	0	0	0
A	BL	18	127	1	1	BA1652	16276	4	0	0	0	0	0	0	1	0	0	0
A	BL	18	127	1	1	BA1652	16303	4	5	1	1	0	0	0	0	0	0	0
A	BL	18	127	1	1	BA1652	16313	5	4	0	0	0	0	0	0	0	0	0
A	BL	18	127	1	1	BA1652	16352	4	0	0	0	0	0	0	1	0	0	0
A	BL	18	127	1	1	BA1652	16354	4	5	1	1	0	0	0	0	0	0	0
A	BL	18	127	1	1	BA1652	16364	5	4	0	0	0	0	0	0	0	0	0
A	BL	18	127	1	1	BA1652	16451	4	0	0	0	0	0	0	1	0	0	0
A	BL	18	127	1	1	BA1652	16477	4	5	1	1	0	0	0	0	0	0	0
A	BL	18	127	1	1	BA1652	16487	5	9	0	0	0	0	0	0	0	0	0
A	BL	18	127	1	1	BA1652	16492	9	0	0	0	0	0	0	1	0	0	0
A	BL	18	127	1	1	BA1652	16495	9	0	0	1	0	0	0	0	0	0	0
A	BL	18	127	1	1	BA1652	16497	9	10	0	0	0	0	0	0	0	0	0
A	BL	18	127	1	1	BA1652	16502	10	0	0	0	0	0	0	1	0	0	0
A	BL	18	127	1	1	BA1652	16572	10	2	0	0	0	0	0	0	0	0	0
A	BL	18	127	1	1	BA1652	16573	2	6	0	0	0	0	0	0	0	0	0
A	BL	18	127	1	1	BA1652	17023	6	8	2	0	1	0	0	0	0	0	0
A	BL	18	127	1	1	BA1652	17033	8	7	0	0	0	0	0	0	0	0	0
A	BL	18	127	1	1	BA1652	17060	7	0	0	0	0	0	0	0	1	0	0
A	BL	18	127	1	1	BA1652	17077	7	8	2	0	1	0	0	0	0	0	0
A	BL	18	127	1	1	BA1652	17083	8	0	0	0	0	0	0	0	1	0	0
A	BL	18	127	1	1	BA1652	17087	8	7	0	0	0	0	0	0	0	0	0
A	BL	18	127	1	1	BA1652	17090	7	8	2	0	1	0	0	0	0	0	0
A	BL	18	127	1	1	BA1652	17099	8	0	0	0	0	0	0	0	1	0	0
A	BL	18	127	1	1	BA1652	17100	8	7	0	0	0	0	0	0	0	0	0
A	BL	18	127	1	1	BA1652	17109	7	8	2	0	1	0	0	0	0	0	0
A	BL	18	127	1	1	BA1652	17119	8	7	0	0	0	0	0	0	0	0	0
A	BL	18	127	1	1	BA1652	17187	7	0	0	0	0	0	0	0	1	0	0
A	BL	18	127	1	1	BA1652	17217	7	8	2	0	1	0	0	0	0	0	0
A	BL	18	127	1	1	BA1652	17221	8	0	0	0	0	0	0	0	1	0	0
A	BL	18	127	1	1	BA1652	17224	8	0	0	0	1	0	0	0	0	0	0
A	BL	18	127	1	1	BA1652	17227	8	7	0	0	0	0	0	0	0	0	0
A	BL	18	127	1	1	BA1652	17230	7	0	0	0	0	0	0	0	1	0	0
A	BL	18	127	1	1	BA1652	17251	7	8	2	0	1	0	0	0	0	0	0
A	BL	18	127	1	1	BA1652	17261	8	7	0	0	0	0	0	0	0	0	0
A	BL	18	127	1	1	BA1652	17271	7	0	0	0	0	0	0	0	1	0	0
A	BL	18	127	1	1	BA1652	17284	7	8	2	0	1	0	0	0	0	0	0
A	BL	18	127	1	1	BA1652	17290	8	0	0	0	0	0	0	0	1	0	0
A	BL	18	127	1	1	BA1652	17294	8	7	0	0	0	0	0	0	0	0	0
A	BL	18	127	1	1	BA1652	17311	7	8	2	0	1	0	0	0	0	0	0
A	BL	18	127	1	1	BA1652	17315	8	0	0	0	0	0	0	0	1	0	0
A	BL	18	127	1	1	BA1652	17320	8	0	0	0	1	0	0	0	0	0	0
A	BL	18	127	1	1	BA1652	17321	8	7	0	0	0	0	0	0	0	0	0
A	BL	18	127	1	1	BA1652	17327	7	0	0	0	0	0	0	0	1	0	0
A	BL	18	127	1	1	BA1652	17328	7	8	2	0	1	0	0	0	0	0	0
A	BL	18	127	1	1	BA1652	17333	8	0	0	0	0	0	0	0	1	0	0
A	BL	18	127	1	1	BA1652	17338	8	7	0	0	0	0	0	0	0	0	0
A	BL	18	127	1	1	BA1652	17345	7	8	2	0	1	0	0	0	0	0	0
A	BL	18	127	1	1	BA1652	17355	8	7	0	0	0	0	0	0	0	0	0
A	BL	18	127	1	1	BA1652	17362	7	0	0	0	0	0	0	0	1	0	0
A	BL	18	127	1	1	BA1652	17384	7	8	2	0	1	0	0	0	0	0	0
A	BL	18	127	1	1	BA1652	17394	8	7	0	0	0	0	0	0	0	0	0
A	BL	18	127	1	1	BA1652	17397	7	0	0	0	0	0	0	0	1	0	0
A	BL	18	127	1	1	BA1652	17406	7	8	2	0	1	0	0	0	0	0	0
A	BL	18	127	1	1	BA1652	17409	8	0	0	0	0	0	0	0	1	0	0
A	BL	18	127	1	1	BA1652	17415	8	0	0	0	1	0	0	0	0	0	0
A	BL	18	127	1	1	BA1652	17416	8	7	0	0	0	0	0	0	0	0	0
A	BL	18	127	1	1	BA1652	17419	7	0	0	0	0	0	0	0	1	0	0
A	BL	18	127	1	1	BA1652	17494	7	8	2	0	1	0	0	0	0	0	0
A	BL	18	127	1	1	BA1652	17500	8	0	0	0	1	0	0	0	1	0	0
A	BL	18	127	1	1	BA1652	17504	8	7	0	0	0	0	0	0	0	0	0
A	BL	18	127	1	1	BA1652	17505	7	0	0	0	0	0	0	0	1	0	0
A	BL	18	127	1	1	BA1652	17508	7	8	2	0	1	0	0	0	0	0	0
A	BL	18	127	1	1	BA1652	17513	8	0	0	0	0	0	0	0	1	0	0
A	BL	18	127	1	1	BA1652	17516	8	0	0	0	1	0	0	0	0	0	0
A	BL	18	127	1	1	BA1652	17518	8	7	0	0	0	0	0	0	0	0	0
A	BL	18	127	1	1	BA1652	17521	7	0	0	0	0	0	0	0	1	0	0
A	BL	18	127	1	1	BA1652	17525	7	8	2	0	1	0	0	0	0	0	0
A	BL	18	127	1	1	BA1652	17533	8	0	0	0	0	0	0	0	1	0	0
A	BL	18	127	1	1	BA1652	17535	8	7	0	0	1	0	0	0	0	0	0
A	BL	18	127	1	1	BA1652	17550	7	0	0	0	0	0	0	0	1	0	0
A	BL	18	127	1	1	BA1652	17552	7	8	2	0	1	0	0	0	0	0	0
A	BL	18	127	1	1	BA1652	17554	8	0	0	0	0	0	0	0	1	0	0
A	BL	18	127	1	1	BA1652	17555	8	0	0	0	1	0	0	0	0	0	0
A	BL	18	127	1	1	BA1652	17562	8	7	0	0	0	0	0	0	0	0	0
A	BL	18	127	1	1	BA1652	17576	7	0	0	0	0	0	0	0	1	0	0
A	BL	18	127	1	1	BA1652	17684	7	8	2	0	1	0	0	0	0	0	0
A	BL	18	127	1	1	BA1652	17694	8	7	0	0	0	0	0	0	0	0	0
A	BL	18	127	1	1	BA1652	17705	7	0	0	0	0	0	0	0	1	0	0
A	BL	18	127	1	1	BA1652	17713	7	8	2	0	1	0	0	0	0	0	0
A	BL	18	127	1	1	BA1652	17718	8	0	0	0	0	0	0	0	1	0	0
A	BL	18	127	1	1	BA1652	17723	8	7	0	0	0	0	0	0	0	0	0
A	BL	18	127	1	1	BA1652	17807	7	8	2	0	1	0	0	0	0	0	0
A	BL	18	127	1	1	BA1652	17812	8	0	0	0	0	0	0	0	1	0	0
A	BL	18	127	1	1	BA1652	17815	8	0	0	0	1	0	0	0	0	0	0
A	BL	18	127	1	1	BA1652	17817	8	7	0	0	0	0	0	0	0	0	0
A	BL	18	127	1	1	BA1652	17819	7	0	0	0	0	0	0	0	1	0	0
A	BL	18	127	1	1	BA1652	17823	7	8	2	0	1	0	0	0	0	0	0
A	BL	18	127	1	1	BA1652	17829	8	0	0	0	0	0	0	0	1	0	0
A	BL	18	127	1	1	BA1652	17830	8	0	0	0	1	0	0	0	0	0	0
A	BL	18	127	1	1	BA1652	17833	8	9	0	0	0	0	0	0	0	0	0
A	BL	18	127	1	1	BA1652	17834	9	0	0	0	0	0	0	0	1	0	0
A	BL	18	127	1	1	BA1652	17838	9	0	0	0	1	0	0	0	0	0	0
A	BL	18	127	1	1	BA1652	17843	9	10	0	0	0	0	0	0	0	0	0
A	BL	18	127	1	1	BA1652	17849	10	0	0	0	0	0	0	0	1	0	0
A	BL	18	127	1	1	BA1652	17918	10	2	0	0	0	0	0	0	0	0	0
A	BL	18	127	1	1	BA1652	17919	2	3	0	0	0	0	0	0	0	0	0
A	BL	18	127	1	1	BA1652	18002	3	5	1	1	0	0	0	0	0	0	0
A	BL	18	127	1	1	BA1652	18012	5	4	0	0	0	0	0	0	0	0	0
A	BL	18	127	1	1	BA1652	18019	4	0	0	0	0	0	0	1	0	0	0
A	BL	18	127	1	1	BA1652	18023	4	5	1	1	0	0	0	0	0	0	0
A	BL	18	127	1	1	BA1652	18033	5	4	0	0	0	0	0	1	0	0	0
A	BL	18	127	1	1	BA1652	18048	4	5	1	1	0	0	0	0	0	0	0
A	BL	18	127	1	1	BA1652	18058	5	4	0	0	0	0	0	0	0	0	0
A	BL	18	127	1	1	BA1652	18064	4	0	0	0	0	0	0	1	0	0	0
A	BL	18	127	1	1	BA1652	18070	4	5	1	1	0	0	0	0	0	0	0
A	BL	18	127	1	1	BA1652	18078	5	0	0	0	0	0	0	1	0	0	0
A	BL	18	127	1	1	BA1652	18080	5	4	0	0	0	0	0	0	0	0	0
A	BL	18	127	1	1	BA1652	18121	4	5	1	1	0	0	0	0	0	0	0
A	BL	18	127	1	1	BA1652	18127	5	0	0	0	0	0	0	1	0	0	0
A	BL	18	127	1	1	BA1652	18131	5	9	0	0	0	0	0	0	0	0	0
A	BL	18	127	1	1	BA1652	18141	9	10	0	0	0	0	0	0	0	0	0
A	BL	18	127	1	1	BA1652	18216	10	2	0	0	0	0	0	0	0	0	0
A	BL	18	127	1	1	BA1652	18217	2	6	0	0	0	0	0	0	0	0	0
A	BL	18	127	1	1	BA1652	18343	6	0	0	1	0	0	0	0	0	0	0
A	BL	18	127	1	1	BA1652	18346	6	0	0	0	0	0	0	1	0	0	0
A	BL	18	127	1	1	BA1652	18497	6	8	2	0	1	0	0	0	0	0	0
A	BL	18	127	1	1	BA1652	18507	8	7	0	0	0	0	0	0	0	0	0
A	BL	18	127	1	1	BA1652	18512	7	0	0	0	0	0	0	0	1	0	0
A	BL	18	127	1	1	BA1652	18566	7	8	2	0	1	0	0	0	0	0	0
A	BL	18	127	1	1	BA1652	18573	8	0	0	0	0	0	0	0	1	0	0
A	BL	18	127	1	1	BA1652	18576	8	7	0	0	0	0	0	0	0	0	0
A	BL	18	127	1	1	BA1652	18671	7	8	2	0	1	0	0	0	0	0	0
A	BL	18	127	1	1	BA1652	18672	8	0	0	0	0	0	0	0	1	0	0
A	BL	18	127	1	1	BA1652	18673	8	0	0	0	1	0	0	0	0	0	0
A	BL	18	127	1	1	BA1652	18680	8	0	0	0	0	0	0	0	1	0	0
A	BL	18	127	1	1	BA1652	18681	8	7	0	0	0	0	0	0	0	0	0
A	BL	18	127	1	1	BA1652	18704	7	8	2	0	1	0	0	0	0	0	0
A	BL	18	127	1	1	BA1652	18708	8	0	0	0	0	0	0	0	1	0	0
A	BL	18	127	1	1	BA1652	18714	8	7	0	0	0	0	0	0	0	0	0
A	BL	18	127	1	1	BA1652	18723	7	8	2	0	1	0	0	0	0	0	0
A	BL	18	127	1	1	BA1652	18728	8	0	0	0	0	0	0	0	1	0	0
A	BL	18	127	1	1	BA1652	18733	8	7	0	0	0	0	0	0	0	0	0
A	BL	18	127	1	1	BA1652	18791	7	8	2	0	1	0	0	0	0	0	0
A	BL	18	127	1	1	BA1652	18797	8	0	0	0	0	0	0	0	1	0	0
A	BL	18	127	1	1	BA1652	18800	8	0	0	0	1	0	0	0	0	0	0
A	BL	18	127	1	1	BA1652	18801	8	7	0	0	0	0	0	0	0	0	0
A	BL	18	127	1	1	BA1652	18804	7	0	0	0	0	0	0	0	1	0	0
A	BL	18	127	1	1	BA1652	18823	7	8	2	0	1	0	0	0	0	0	0
A	BL	18	127	1	1	BA1652	18830	8	0	0	0	0	0	0	0	1	0	0
A	BL	18	127	1	1	BA1652	18833	8	7	0	0	0	0	0	0	0	0	0
A	BL	18	127	1	1	BA1652	18852	7	8	2	0	1	0	0	0	0	0	0
A	BL	18	127	1	1	BA1652	18860	8	0	0	0	0	0	0	0	1	0	0
A	BL	18	127	1	1	BA1652	18862	8	7	0	0	0	0	0	0	0	0	0
A	BL	18	127	1	1	BA1652	18889	7	8	2	0	1	0	0	0	0	0	0
A	BL	18	127	1	1	BA1652	18895	8	0	0	0	0	0	0	0	1	0	0
A	BL	18	127	1	1	BA1652	18899	8	7	0	0	0	0	0	0	0	0	0
A	BL	18	127	1	1	BA1652	18900	7	8	2	0	1	0	0	0	0	0	0
A	BL	18	127	1	1	BA1652	18903	8	0	0	0	0	0	0	0	1	0	0
A	BL	18	127	1	1	BA1652	18908	8	0	0	0	1	0	0	0	0	0	0
A	BL	18	127	1	1	BA1652	18910	8	7	0	0	0	0	0	0	1	0	0
A	BL	18	127	1	1	BA1652	18926	7	8	2	0	1	0	0	0	0	0	0
A	BL	18	127	1	1	BA1652	18928	8	0	0	0	0	0	0	0	1	0	0
A	BL	18	127	1	1	BA1652	18929	8	0	0	0	1	0	0	0	0	0	0
A	BL	18	127	1	1	BA1652	18931	8	0	0	0	0	0	0	0	1	0	0
A	BL	18	127	1	1	BA1652	18936	8	7	0	0	1	0	0	0	0	0	0
A	BL	18	127	1	1	BA1652	18938	7	0	0	0	0	0	0	0	1	0	0
A	BL	18	127	1	1	BA1652	18979	7	8	2	0	1	0	0	0	0	0	0
A	BL	18	127	1	1	BA1652	18989	8	7	0	0	0	0	0	0	0	0	0
A	BL	18	127	1	1	BA1652	18993	7	0	0	0	0	0	0	0	1	0	0
A	BL	18	127	1	1	BA1652	18997	7	8	2	0	1	0	0	0	0	0	0
A	BL	18	127	1	1	BA1652	19003	8	0	0	0	0	0	0	0	1	0	0
A	BL	18	127	1	1	BA1652	19006	8	0	0	0	1	0	0	0	0	0	0
A	BL	18	127	1	1	BA1652	19007	8	7	0	0	0	0	0	0	0	0	0
A	BL	18	127	1	1	BA1652	19019	7	0	0	0	0	0	0	0	1	0	0
A	BL	18	127	1	1	BA1652	19023	7	8	2	0	1	0	0	0	0	0	0
A	BL	18	127	1	1	BA1652	19033	8	7	0	0	0	0	0	0	0	0	0
A	BL	18	127	1	1	BA1652	19036	7	0	0	0	0	0	0	0	1	0	0
A	BL	18	127	1	1	BA1652	19039	7	8	2	0	1	0	0	0	0	0	0
A	BL	18	127	1	1	BA1652	19041	8	0	0	0	0	0	0	0	1	0	0
A	BL	18	127	1	1	BA1652	19042	8	0	0	0	1	0	0	0	0	0	0
A	BL	18	127	1	1	BA1652	19049	8	7	0	0	0	0	0	0	0	0	0
A	BL	18	127	1	1	BA1652	19060	7	0	0	0	0	0	0	0	1	0	0
A	BL	18	127	1	1	BA1652	19133	7	8	2	0	1	0	0	0	0	0	0
A	BL	18	127	1	1	BA1652	19138	8	0	0	0	0	0	0	0	1	0	0
A	BL	18	127	1	1	BA1652	19143	8	7	0	0	0	0	0	0	0	0	0
A	BL	18	127	1	1	BA1652	19157	7	8	2	0	1	0	0	0	0	0	0
A	BL	18	127	1	1	BA1652	19162	8	0	0	0	0	0	0	0	1	0	0
A	BL	18	127	1	1	BA1652	19166	8	0	0	0	1	0	0	0	0	0	0
A	BL	18	127	1	1	BA1652	19167	8	7	0	0	0	0	0	0	0	0	0
A	BL	18	127	1	1	BA1652	19179	7	0	0	0	0	0	0	0	1	0	0
A	BL	18	127	1	1	BA1652	19203	7	8	2	0	1	0	0	0	0	0	0
A	BL	18	127	1	1	BA1652	19213	8	7	0	0	0	0	0	0	0	0	0
A	BL	18	127	1	1	BA1652	19235	7	0	0	0	0	0	0	0	1	0	0
A	BL	18	127	1	1	BA1652	19238	7	8	2	0	1	0	0	0	0	0	0
A	BL	18	127	1	1	BA1652	19243	8	0	0	0	0	0	0	0	1	0	0
A	BL	18	127	1	1	BA1652	19247	8	0	0	0	1	0	0	0	0	0	0
A	BL	18	127	1	1	BA1652	19248	8	7	0	0	0	0	0	0	0	0	0
A	BL	18	127	1	1	BA1652	19260	7	0	0	0	0	0	0	0	1	0	0
A	BL	18	127	1	1	BA1652	19267	7	8	2	0	1	0	0	0	0	0	0
A	BL	18	127	1	1	BA1652	19270	8	0	0	0	0	0	0	0	1	0	0
A	BL	18	127	1	1	BA1652	19274	8	0	0	0	1	0	0	0	0	0	0
A	BL	18	127	1	1	BA1652	19277	8	9	0	0	0	0	0	0	0	0	0
A	BL	18	127	1	1	BA1652	19287	9	10	0	0	0	0	0	0	0	0	0
A	BL	18	127	1	1	BA1652	19290	10	0	0	0	0	0	0	0	1	0	0
A	BL	18	127	1	1	BA1652	19362	10	2	0	0	0	0	0	0	0	0	0
A	BL	18	127	1	1	BA1652	19363	2	6	0	0	0	0	0	0	0	0	0
A	BL	18	127	1	1	BA1652	19501	6	8	2	0	1	0	0	0	0	0	0
A	BL	18	127	1	1	BA1652	19511	8	7	0	0	0	0	0	0	0	0	0
A	BL	18	127	1	1	BA1652	19512	7	0	0	0	0	0	0	0	1	0	0
A	BL	18	127	1	1	BA1652	19550	7	8	2	0	1	0	0	0	0	0	0
A	BL	18	127	1	1	BA1652	19556	8	0	0	0	0	0	0	0	1	0	0
A	BL	18	127	1	1	BA1652	19560	8	7	0	0	0	0	0	0	0	0	0
A	BL	18	127	1	1	BA1652	19596	7	8	2	0	1	0	0	0	0	0	0
A	BL	18	127	1	1	BA1652	19601	8	0	0	0	0	0	0	0	1	0	0
A	BL	18	127	1	1	BA1652	19606	8	7	0	0	0	0	0	0	0	0	0
A	BL	18	127	1	1	BA1652	19636	7	8	2	0	1	0	0	0	0	0	0
A	BL	18	127	1	1	BA1652	19642	8	0	0	0	0	0	0	0	1	0	0
A	BL	18	127	1	1	BA1652	19646	8	7	0	0	0	0	0	0	0	0	0
A	BL	18	127	1	1	BA1652	19687	7	8	2	0	1	0	0	0	0	0	0
A	BL	18	127	1	1	BA1652	19696	8	0	0	0	0	0	0	0	1	0	0
A	BL	18	127	1	1	BA1652	19697	8	7	0	0	0	0	0	0	0	0	0
A	BL	18	127	1	1	BA1652	19712	7	8	2	0	1	0	0	0	0	0	0
A	BL	18	127	1	1	BA1652	19720	8	0	0	0	0	0	0	0	1	0	0
A	BL	18	127	1	1	BA1652	19722	8	7	0	0	0	0	0	0	0	0	0
A	BL	18	127	1	1	BA1652	19723	7	8	2	0	1	0	0	0	0	0	0
A	BL	18	127	1	1	BA1652	19733	8	7	0	0	0	0	0	0	0	0	0
A	BL	18	127	1	1	BA1652	19750	7	0	0	0	0	0	0	0	1	0	0
A	BL	18	127	1	1	BA1652	19767	7	8	2	0	1	0	0	0	0	0	0
A	BL	18	127	1	1	BA1652	19775	8	0	0	0	0	0	0	0	1	0	0
A	BL	18	127	1	1	BA1652	19777	8	7	0	0	0	0	0	0	0	0	0
A	BL	18	127	1	1	BA1652	19809	7	8	2	0	1	0	0	0	0	0	0
A	BL	18	127	1	1	BA1652	19816	8	0	0	0	0	0	0	0	1	0	0
A	BL	18	127	1	1	BA1652	19819	8	7	0	0	1	0	0	0	0	0	0
A	BL	18	127	1	1	BA1652	19820	7	0	0	0	0	0	0	0	1	0	0
A	BL	18	127	1	1	BA1652	19826	7	8	2	0	1	0	0	0	0	0	0
A	BL	18	127	1	1	BA1652	19830	8	0	0	0	0	0	0	0	1	0	0
A	BL	18	127	1	1	BA1652	19836	8	7	0	0	0	0	0	0	0	0	0
A	BL	18	127	1	1	BA1652	19840	7	8	2	0	1	0	0	0	0	0	0
A	BL	18	127	1	1	BA1652	19850	8	7	0	0	0	0	0	0	1	0	0
A	BL	18	127	1	1	BA1652	19863	7	8	2	0	1	0	0	0	0	0	0
A	BL	18	127	1	1	BA1652	19870	8	0	0	0	0	0	0	0	1	0	0
A	BL	18	127	1	1	BA1652	19871	8	0	0	0	1	0	0	0	0	0	0
A	BL	18	127	1	1	BA1652	19873	8	7	0	0	0	0	0	0	0	0	0
A	BL	18	127	1	1	BA1652	19883	7	0	0	0	0	0	0	0	1	0	0
A	BL	18	127	1	1	BA1652	19886	7	8	2	0	1	0	0	0	0	0	0
A	BL	18	127	1	1	BA1652	19896	8	7	0	0	0	0	0	0	0	0	0
A	BL	18	127	1	1	BA1652	19908	7	0	0	0	0	0	0	0	1	0	0
A	BL	18	127	1	1	BA1652	19911	7	8	2	0	1	0	0	0	0	0	0
A	BL	18	127	1	1	BA1652	19920	8	0	0	0	0	0	0	0	1	0	0
A	BL	18	127	1	1	BA1652	19921	8	7	0	0	0	0	0	0	0	0	0
A	BL	18	127	1	1	BA1652	19944	7	8	2	0	1	0	0	0	0	0	0
A	BL	18	127	1	1	BA1652	19951	8	0	0	0	0	0	0	0	1	0	0
A	BL	18	127	1	1	BA1652	19954	8	7	0	0	0	0	0	0	0	0	0
A	BL	18	127	1	1	BA1652	19960	7	8	2	0	1	0	0	0	0	0	0
A	BL	18	127	1	1	BA1652	19965	8	0	0	0	0	0	0	0	1	0	0
A	BL	18	127	1	1	BA1652	19970	8	7	0	0	0	0	0	0	0	0	0
A	BL	18	127	1	1	BA1652	20039	7	8	2	0	1	0	0	0	0	0	0
A	BL	18	127	1	1	BA1652	20049	8	7	0	0	0	0	0	0	0	0	0
A	BL	18	127	1	1	BA1652	20051	7	0	0	0	0	0	0	0	1	0	0
A	BL	18	127	1	1	BA1652	20056	7	8	2	0	1	0	0	0	0	0	0
A	BL	18	127	1	1	BA1652	20066	8	7	0	0	0	0	0	0	1	0	0
A	BL	18	127	1	1	BA1652	20073	7	8	2	0	1	0	0	0	0	0	0
A	BL	18	127	1	1	BA1652	20081	8	0	0	0	0	0	0	0	1	0	0
A	BL	18	127	1	1	BA1652	20083	8	7	0	0	0	0	0	0	0	0	0
A	BL	18	127	1	1	BA1652	20086	7	8	2	0	1	0	0	0	0	0	0
A	BL	18	127	1	1	BA1652	20096	8	9	0	0	0	0	0	0	0	0	0
A	BL	18	127	1	1	BA1652	20106	9	10	0	0	0	0	0	0	0	0	0
A	BL	18	127	1	1	BA1652	20108	10	0	0	0	0	0	0	0	1	0	0
A	BL	18	127	1	1	BA1652	20181	10	2	0	0	0	0	0	0	0	0	0
A	BL	18	127	1	1	BA1652	20182	2	3	0	0	0	0	0	0	0	0	0
A	BL	18	127	1	1	BA1652	20265	3	5	1	1	0	0	0	0	0	0	0
A	BL	18	127	1	1	BA1652	20275	5	4	0	0	0	0	0	0	0	0	0
A	BL	18	127	1	1	BA1652	20279	4	5	1	1	0	0	0	1	0	0	0
A	BL	18	127	1	1	BA1652	20289	5	4	0	0	0	0	0	0	0	0	0
A	BL	18	127	1	1	BA1652	20305	4	0	0	0	0	0	0	1	0	0	0
A	BL	18	127	1	1	BA1652	20311	4	5	1	1	0	0	0	0	0	0	0
A	BL	18	127	1	1	BA1652	20321	5	4	0	0	0	0	0	0	0	0	0
A	BL	18	127	1	1	BA1652	20325	4	0	0	0	0	0	0	1	0	0	0
A	BL	18	127	1	1	BA1652	20331	4	5	1	1	0	0	0	0	0	0	0
A	BL	18	127	1	1	BA1652	20341	5	4	0	0	0	0	0	0	0	0	0
A	BL	18	127	1	1	BA1652	20354	4	0	0	0	0	0	0	1	0	0	0
A	BL	18	127	1	1	BA1652	20375	4	5	1	1	0	0	0	0	0	0	0
A	BL	18	127	1	1	BA1652	20385	5	9	0	0	0	0	0	0	0	0	0
A	BL	18	127	1	1	BA1652	20395	9	10	0	0	0	0	0	1	0	0	0
A	BL	18	127	1	1	BA1652	20470	10	2	0	0	0	0	0	0	0	0	0
A	BL	18	127	1	1	BA1652	20471	2	6	0	0	0	0	0	0	0	0	0
A	BL	18	127	1	1	BA1652	20861	6	8	2	0	1	0	0	0	0	0	0
A	BL	18	127	1	1	BA1652	20871	8	7	0	0	0	0	0	0	0	0	0
A	BL	18	127	1	1	BA1652	20890	7	0	0	0	0	0	0	0	1	0	0
A	BL	18	127	1	1	BA1652	20895	7	8	2	0	1	0	0	0	0	0	0
A	BL	18	127	1	1	BA1652	20900	8	0	0	0	0	0	0	0	1	0	0
A	BL	18	127	1	1	BA1652	20905	8	7	0	0	0	0	0	0	0	0	0
A	BL	18	127	1	1	BA1652	20936	7	8	2	0	1	0	0	0	0	0	0
A	BL	18	127	1	1	BA1652	20942	8	0	0	0	0	0	0	0	1	0	0
A	BL	18	127	1	1	BA1652	20946	8	7	0	0	1	0	0	0	0	0	0
A	BL	18	127	1	1	BA1652	20963	7	0	0	0	0	0	0	0	1	0	0
A	BL	18	127	1	1	BA1652	20964	7	8	2	0	1	0	0	0	0	0	0
A	BL	18	127	1	1	BA1652	20966	8	0	0	0	1	0	0	0	1	0	0
A	BL	18	127	1	1	BA1652	20972	8	0	0	0	0	0	0	0	1	0	0
A	BL	18	127	1	1	BA1652	20974	8	7	0	0	0	0	0	0	0	0	0
A	BL	18	127	1	1	BA1652	21073	7	8	2	0	1	0	0	0	0	0	0
A	BL	18	127	1	1	BA1652	21083	8	7	0	0	0	0	0	0	0	0	0
A	BL	18	127	1	1	BA1652	21102	7	0	0	0	0	0	0	0	1	0	0
A	BL	18	127	1	1	BA1652	21103	7	8	2	0	1	0	0	0	0	0	0
A	BL	18	127	1	1	BA1652	21113	8	7	0	0	0	0	0	0	0	0	0
A	BL	18	127	1	1	BA1652	21116	7	0	0	0	0	0	0	0	1	0	0
A	BL	18	127	1	1	BA1652	21141	7	8	2	0	1	0	0	0	0	0	0
A	BL	18	127	1	1	BA1652	21146	8	0	0	0	0	0	0	0	1	0	0
A	BL	18	127	1	1	BA1652	21151	8	7	0	0	1	0	0	0	0	0	0
A	BL	18	127	1	1	BA1652	21182	7	0	0	0	0	0	0	0	1	0	0
A	BL	18	127	1	1	BA1652	21212	7	8	2	0	1	0	0	0	0	0	0
A	BL	18	127	1	1	BA1652	21217	8	0	0	0	0	0	0	0	1	0	0
A	BL	18	127	1	1	BA1652	21222	8	7	0	0	0	0	0	0	0	0	0
A	BL	18	127	1	1	BA1652	21223	7	8	2	0	1	0	0	0	0	0	0
A	BL	18	127	1	1	BA1652	21225	8	0	0	0	0	0	0	0	1	0	0
A	BL	18	127	1	1	BA1652	21233	8	7	0	0	0	0	0	0	0	0	0
A	BL	18	127	1	1	BA1652	21241	7	8	2	0	1	0	0	0	0	0	0
A	BL	18	127	1	1	BA1652	21243	8	0	0	0	0	0	0	0	1	0	0
A	BL	18	127	1	1	BA1652	21251	8	7	0	0	0	0	0	0	0	0	0
A	BL	18	127	1	1	BA1652	21296	7	8	2	0	1	0	0	0	0	0	0
A	BL	18	127	1	1	BA1652	21301	8	0	0	0	0	0	0	0	1	0	0
A	BL	18	127	1	1	BA1652	21303	8	0	0	0	1	0	0	0	0	0	0
A	BL	18	127	1	1	BA1652	21306	8	7	0	0	0	0	0	0	0	0	0
A	BL	18	127	1	1	BA1652	21318	7	0	0	0	0	0	0	0	1	0	0
A	BL	18	127	1	1	BA1652	21392	7	8	2	0	1	0	0	0	0	0	0
A	BL	18	127	1	1	BA1652	21402	8	7	0	0	0	0	0	0	0	0	0
A	BL	18	127	1	1	BA1652	21420	7	0	0	0	0	0	0	0	1	0	0
A	BL	18	127	1	1	BA1652	21428	7	8	2	0	1	0	0	0	0	0	0
A	BL	18	127	1	1	BA1652	21438	8	7	0	0	0	0	0	0	0	0	0
A	BL	18	127	1	1	BA1652	21449	7	0	0	0	0	0	0	0	1	0	0
A	BL	18	127	1	1	BA1652	21455	7	8	2	0	1	0	0	0	0	0	0
A	BL	18	127	1	1	BA1652	21460	8	0	0	0	0	0	0	0	1	0	0
A	BL	18	127	1	1	BA1652	21464	8	0	0	0	1	0	0	0	0	0	0
A	BL	18	127	1	1	BA1652	21465	8	7	0	0	0	0	0	0	0	0	0
A	BL	18	127	1	1	BA1652	21480	7	0	0	0	0	0	0	0	1	0	0
A	BL	18	127	1	1	BA1652	21510	7	8	2	0	1	0	0	0	0	0	0
A	BL	18	127	1	1	BA1652	21514	8	0	0	0	0	0	0	0	1	0	0
A	BL	18	127	1	1	BA1652	21520	8	7	0	0	0	0	0	0	0	0	0
A	BL	18	127	1	1	BA1652	21537	7	8	2	0	1	0	0	0	0	0	0
A	BL	18	127	1	1	BA1652	21547	8	7	0	0	0	0	0	0	0	0	0
A	BL	18	127	1	1	BA1652	21576	7	0	0	0	0	0	0	0	1	0	0
A	BL	18	127	1	1	BA1652	21578	7	8	2	0	1	0	0	0	0	0	0
A	BL	18	127	1	1	BA1652	21588	8	7	0	0	0	0	0	0	0	0	0
A	BL	18	127	1	1	BA1652	21596	7	0	0	0	0	0	0	0	1	0	0
A	BL	18	127	1	1	BA1652	21603	7	8	2	0	1	0	0	0	0	0	0
A	BL	18	127	1	1	BA1652	21613	8	7	0	0	0	0	0	0	0	0	0
A	BL	18	127	1	1	BA1652	21623	7	0	0	0	0	0	0	0	1	0	0
A	BL	18	127	1	1	BA1652	21624	7	8	2	0	1	0	0	0	0	0	0
A	BL	18	127	1	1	BA1652	21627	8	0	0	0	0	0	0	0	1	0	0
A	BL	18	127	1	1	BA1652	21634	8	7	0	0	1	0	0	0	0	0	0
A	BL	18	127	1	1	BA1652	21636	7	0	0	0	0	0	0	0	1	0	0
A	BL	18	127	1	1	BA1652	21727	7	8	2	0	1	0	0	0	0	0	0
A	BL	18	127	1	1	BA1652	21737	8	9	0	0	0	0	0	0	0	0	0
A	BL	18	127	1	1	BA1652	21747	9	10	0	0	0	0	0	0	0	0	0
A	BL	18	127	1	1	BA1652	21751	10	0	0	0	0	0	0	0	1	0	0
A	BL	18	127	1	1	BA1652	21822	10	2	0	0	0	0	0	0	0	0	0
A	BL	18	127	1	1	BA1652	21823	2	6	0	0	0	0	0	0	0	0	0
A	BL	18	127	1	1	BA1652	22148	6	0	0	1	0	0	0	0	0	0	0
A	BL	18	127	1	1	BA1652	22227	6	0	0	0	0	0	0	1	0	0	0
A	BL	18	127	1	1	BA1652	22320	6	8	2	0	1	0	0	0	0	0	0
A	BL	18	127	1	1	BA1652	22330	8	7	0	0	0	0	0	0	0	0	0
A	BL	18	127	1	1	BA1652	22380	7	0	0	0	0	0	0	0	1	0	0
A	BL	18	127	1	1	BA1652	22401	7	8	2	0	1	0	0	0	0	0	0
A	BL	18	127	1	1	BA1652	22407	8	0	0	0	0	0	0	0	1	0	0
A	BL	18	127	1	1	BA1652	22411	8	7	0	0	0	0	0	0	0	0	0
A	BL	18	127	1	1	BA1652	22427	7	8	2	0	1	0	0	0	0	0	0
A	BL	18	127	1	1	BA1652	22437	8	7	0	0	0	0	0	0	0	0	0
A	BL	18	127	1	1	BA1652	22460	7	0	0	0	0	0	0	0	1	0	0
A	BL	18	127	1	1	BA1652	22463	7	8	2	0	1	0	0	0	0	0	0
A	BL	18	127	1	1	BA1652	22473	8	7	0	0	0	0	0	0	0	0	0
A	BL	18	127	1	1	BA1652	22502	7	0	0	0	0	0	0	0	1	0	0
A	BL	18	127	1	1	BA1652	22508	7	8	2	0	1	0	0	0	0	0	0
A	BL	18	127	1	1	BA1652	22518	8	7	0	0	0	0	0	0	1	0	0
A	BL	18	127	1	1	BA1652	22527	7	8	2	0	1	0	0	0	0	0	0
A	BL	18	127	1	1	BA1652	22537	8	7	0	0	0	0	0	0	0	0	0
A	BL	18	127	1	1	BA1652	22541	7	0	0	0	0	0	0	0	1	0	0
A	BL	18	127	1	1	BA1652	22542	7	8	2	0	1	0	0	0	0	0	0
A	BL	18	127	1	1	BA1652	22552	8	7	0	0	0	0	0	0	0	0	0
A	BL	18	127	1	1	BA1652	22596	7	0	0	0	0	0	0	0	1	0	0
A	BL	18	127	1	1	BA1652	22689	7	8	2	0	1	0	0	0	0	0	0
A	BL	18	127	1	1	BA1652	22693	8	0	0	0	0	0	0	0	1	0	0
A	BL	18	127	1	1	BA1652	22699	8	7	0	0	0	0	0	0	0	0	0
A	BL	18	127	1	1	BA1652	22798	7	8	2	0	1	0	0	0	0	0	0
A	BL	18	127	1	1	BA1652	22802	8	0	0	0	0	0	0	0	1	0	0
A	BL	18	127	1	1	BA1652	22807	8	0	0	0	1	0	0	0	0	0	0
A	BL	18	127	1	1	BA1652	22808	8	7	0	0	0	0	0	0	0	0	0
A	BL	18	127	1	1	BA1652	22816	7	0	0	0	0	0	0	0	1	0	0
A	BL	18	127	1	1	BA1652	22832	7	8	2	0	1	0	0	0	0	0	0
A	BL	18	127	1	1	BA1652	22842	8	7	0	0	0	0	0	0	0	0	0
A	BL	18	127	1	1	BA1652	22844	7	0	0	0	0	0	0	0	1	0	0
A	BL	18	127	1	1	BA1652	22848	7	8	2	0	1	0	0	0	0	0	0
A	BL	18	127	1	1	BA1652	22858	8	7	0	0	0	0	0	0	0	0	0
A	BL	18	127	1	1	BA1652	22903	7	0	0	0	0	0	0	0	1	0	0
A	BL	18	127	1	1	BA1652	22910	7	8	2	0	1	0	0	0	0	0	0
A	BL	18	127	1	1	BA1652	22920	8	7	0	0	0	0	0	0	0	0	0
A	BL	18	127	1	1	BA1652	22931	7	0	0	0	0	0	0	0	1	0	0
A	BL	18	127	1	1	BA1652	22946	7	8	2	0	1	0	0	0	0	0	0
A	BL	18	127	1	1	BA1652	22956	8	7	0	0	0	0	0	0	1	0	0
A	BL	18	127	1	1	BA1652	22990	7	8	2	0	1	0	0	0	0	0	0
A	BL	18	127	1	1	BA1652	23000	8	7	0	0	0	0	0	0	0	0	0
A	BL	18	127	1	1	BA1652	23001	7	0	0	0	0	0	0	0	1	0	0
A	BL	18	127	1	1	BA1652	23006	7	8	2	0	1	0	0	0	0	0	0
A	BL	18	127	1	1	BA1652	23014	8	0	0	0	0	0	0	0	1	0	0
A	BL	18	127	1	1	BA1652	23015	8	0	0	0	1	0	0	0	0	0	0
A	BL	18	127	1	1	BA1652	23016	8	7	0	0	0	0	0	0	0	0	0
A	BL	18	127	1	1	BA1652	23023	7	0	0	0	0	0	0	0	1	0	0
A	BL	18	127	1	1	BA1652	23027	7	8	2	0	1	0	0	0	0	0	0
A	BL	18	127	1	1	BA1652	23037	8	7	0	0	0	0	0	0	0	0	0
A	BL	18	127	1	1	BA1652	23052	7	0	0	0	0	0	0	0	1	0	0
A	BL	18	127	1	1	BA1652	23055	7	8	2	0	1	0	0	0	0	0	0
A	BL	18	127	1	1	BA1652	23065	8	7	0	0	0	0	0	0	1	0	0
A	BL	18	127	1	1	BA1652	23068	7	8	2	0	1	0	0	0	0	0	0
A	BL	18	127	1	1	BA1652	23078	8	7	0	0	0	0	0	0	0	0	0
A	BL	18	127	1	1	BA1652	23085	7	0	0	0	0	0	0	0	1	0	0
A	BL	18	127	1	1	BA1652	23091	7	8	2	0	1	0	0	0	0	0	0
A	BL	18	127	1	1	BA1652	23101	8	7	0	0	0	0	0	0	0	0	0
A	BL	18	127	1	1	BA1652	23104	7	0	0	0	0	0	0	0	1	0	0
A	BL	18	127	1	1	BA1652	23109	7	8	2	0	1	0	0	0	0	0	0
A	BL	18	127	1	1	BA1652	23115	8	0	0	0	0	0	0	0	1	0	0
A	BL	18	127	1	1	BA1652	23118	8	0	0	0	1	0	0	0	0	0	0
A	BL	18	127	1	1	BA1652	23119	8	9	0	0	0	0	0	0	0	0	0
A	BL	18	127	1	1	BA1652	23129	9	10	0	0	0	0	0	0	1	0	0
A	BL	18	127	1	1	BA1652	23204	10	2	0	0	0	0	0	0	0	0	0
A	BL	18	127	1	1	BA1652	23205	2	3	0	0	0	0	0	0	0	0	0
A	BL	18	127	1	1	BA1652	23270	3	5	1	1	0	0	0	0	0	0	0
A	BL	18	127	1	1	BA1652	23274	5	0	0	0	0	0	0	1	0	0	0
A	BL	18	127	1	1	BA1652	23280	5	4	0	1	0	0	0	0	0	0	0
A	BL	18	127	1	1	BA1652	23294	4	0	0	0	0	0	0	1	0	0	0
A	BL	18	127	1	1	BA1652	23297	4	5	1	1	0	0	0	0	0	0	0
A	BL	18	127	1	1	BA1652	23307	5	4	0	0	0	0	0	0	0	0	0
A	BL	18	127	1	1	BA1652	23315	4	0	0	0	0	0	0	1	0	0	0
A	BL	18	127	1	1	BA1652	23320	4	5	1	1	0	0	0	0	0	0	0
A	BL	18	127	1	1	BA1652	23330	5	4	0	0	0	0	0	0	0	0	0
A	BL	18	127	1	1	BA1652	23331	4	0	0	0	0	0	0	1	0	0	0
A	BL	18	127	1	1	BA1652	23341	4	5	1	1	0	0	0	0	0	0	0
A	BL	18	127	1	1	BA1652	23351	5	4	0	0	0	0	0	0	0	0	0
A	BL	18	127	1	1	BA1652	23364	4	0	0	0	0	0	0	1	0	0	0
A	BL	18	127	1	1	BA1652	23396	4	5	1	1	0	0	0	0	0	0	0
A	BL	18	127	1	1	BA1652	23406	5	9	0	0	0	0	0	0	0	0	0
A	BL	18	127	1	1	BA1652	23414	9	0	0	0	0	0	0	1	0	0	0
A	BL	18	127	1	1	BA1652	23416	9	10	0	0	0	0	0	0	0	0	0
A	BL	18	127	1	1	BA1652	23491	10	2	0	0	0	0	0	0	0	0	0
A	BL	18	127	1	1	BA1652	23492	2	3	0	0	0	0	0	0	0	0	0
A	BL	18	127	1	1	BA1652	23532	3	5	1	1	0	0	0	0	0	0	0
A	BL	18	127	1	1	BA1652	23542	5	4	0	0	0	0	0	0	0	0	0
A	BL	18	127	1	1	BA1652	23548	4	0	0	0	0	0	0	1	0	0	0
A	BL	18	127	1	1	BA1652	23556	4	5	1	1	0	0	0	0	0	0	0
A	BL	18	127	1	1	BA1652	23562	5	0	0	0	0	0	0	1	0	0	0
A	BL	18	127	1	1	BA1652	23565	5	0	0	1	0	0	0	0	0	0	0
A	BL	18	127	1	1	BA1652	23566	5	4	0	0	0	0	0	0	0	0	0
A	BL	18	127	1	1	BA1652	23567	4	0	0	0	0	0	0	1	0	0	0
A	BL	18	127	1	1	BA1652	23577	4	5	1	1	0	0	0	0	0	0	0
A	BL	18	127	1	1	BA1652	23585	5	0	0	0	0	0	0	1	0	0	0
A	BL	18	127	1	1	BA1652	23587	5	4	0	0	0	0	0	0	0	0	0
A	BL	18	127	1	1	BA1652	23592	4	5	1	1	0	0	0	0	0	0	0
A	BL	18	127	1	1	BA1652	23602	5	4	0	0	0	0	0	0	0	0	0
A	BL	18	127	1	1	BA1652	23605	4	0	0	0	0	0	0	1	0	0	0
A	BL	18	127	1	1	BA1652	23611	4	5	1	1	0	0	0	0	0	0	0
A	BL	18	127	1	1	BA1652	23621	5	9	0	0	0	0	0	0	0	0	0
A	BL	18	127	1	1	BA1652	23626	9	0	0	0	0	0	0	1	0	0	0
A	BL	18	127	1	1	BA1652	23631	9	10	0	0	0	0	0	0	0	0	0
A	BL	18	127	1	1	BA1652	23706	10	2	0	0	0	0	0	0	0	0	0
A	BL	18	127	1	1	BA1652	23707	2	6	0	0	0	0	0	0	0	0	0
A	BL	18	127	1	1	BA1652	24045	6	8	2	0	1	0	0	0	0	0	0
A	BL	18	127	1	1	BA1652	24055	8	7	0	0	0	0	0	0	0	0	0
A	BL	18	127	1	1	BA1652	24057	7	0	0	0	0	0	0	0	1	0	0
A	BL	18	127	1	1	BA1652	24110	7	8	2	0	1	0	0	0	0	0	0
A	BL	18	127	1	1	BA1652	24118	8	0	0	0	0	0	0	0	1	0	0
A	BL	18	127	1	1	BA1652	24120	8	7	0	0	0	0	0	0	0	0	0
A	BL	18	127	1	1	BA1652	24127	7	8	2	0	1	0	0	0	0	0	0
A	BL	18	127	1	1	BA1652	24133	8	0	0	0	0	0	0	0	1	0	0
A	BL	18	127	1	1	BA1652	24137	8	7	0	0	0	0	0	0	0	0	0
A	BL	18	127	1	1	BA1652	24181	7	8	2	0	1	0	0	0	0	0	0
A	BL	18	127	1	1	BA1652	24187	8	0	0	0	0	0	0	0	1	0	0
A	BL	18	127	1	1	BA1652	24191	8	7	0	0	0	0	0	0	0	0	0
A	BL	18	127	1	1	BA1652	24234	7	8	2	0	1	0	0	0	0	0	0
A	BL	18	127	1	1	BA1652	24244	8	7	0	0	0	0	0	0	0	0	0
A	BL	18	127	1	1	BA1652	24263	7	0	0	0	0	0	0	0	1	0	0
A	BL	18	127	1	1	BA1652	24268	7	8	2	0	1	0	0	0	0	0	0
A	BL	18	127	1	1	BA1652	24276	8	0	0	0	0	0	0	0	1	0	0
A	BL	18	127	1	1	BA1652	24278	8	7	0	0	0	0	0	0	0	0	0
A	BL	18	127	1	1	BA1652	24306	7	8	2	0	1	0	0	0	0	0	0
A	BL	18	127	1	1	BA1652	24310	8	0	0	0	0	0	0	0	1	0	0
A	BL	18	127	1	1	BA1652	24316	8	7	0	0	0	0	0	0	0	0	0
A	BL	18	127	1	1	BA1652	24346	7	8	2	0	1	0	0	0	0	0	0
A	BL	18	127	1	1	BA1652	24350	8	0	0	0	0	0	0	0	1	0	0
A	BL	18	127	1	1	BA1652	24356	8	7	0	0	1	0	0	0	0	0	0
A	BL	18	127	1	1	BA1652	24373	7	0	0	0	0	0	0	0	1	0	0
A	BL	18	127	1	1	BA1652	24398	7	8	2	0	1	0	0	0	0	0	0
A	BL	18	127	1	1	BA1652	24403	8	0	0	0	0	0	0	0	1	0	0
A	BL	18	127	1	1	BA1652	24408	8	7	0	0	0	0	0	0	0	0	0
A	BL	18	127	1	1	BA1652	24434	7	8	2	0	1	0	0	0	0	0	0
A	BL	18	127	1	1	BA1652	24444	8	7	0	0	0	0	0	0	0	0	0
A	BL	18	127	1	1	BA1652	24445	7	0	0	0	0	0	0	0	1	0	0
A	BL	18	127	1	1	BA1652	24455	7	8	2	0	1	0	0	0	0	0	0
A	BL	18	127	1	1	BA1652	24465	8	7	0	0	0	0	0	0	0	0	0
A	BL	18	127	1	1	BA1652	24507	7	0	0	0	0	0	0	0	1	0	0
A	BL	18	127	1	1	BA1652	24509	7	8	2	0	1	0	0	0	0	0	0
A	BL	18	127	1	1	BA1652	24519	8	7	0	0	0	0	0	0	0	0	0
A	BL	18	127	1	1	BA1652	24535	7	0	0	0	0	0	0	0	1	0	0
A	BL	18	127	1	1	BA1652	24538	7	8	2	0	1	0	0	0	0	0	0
A	BL	18	127	1	1	BA1652	24548	8	7	0	0	0	0	0	0	0	0	0
A	BL	18	127	1	1	BA1652	24549	7	0	0	0	0	0	0	0	1	0	0
A	BL	18	127	1	1	BA1652	24551	7	8	2	0	1	0	0	0	0	0	0
A	BL	18	127	1	1	BA1652	24561	8	7	0	0	0	0	0	0	0	0	0
A	BL	18	127	1	1	BA1652	24576	7	0	0	0	0	0	0	0	1	0	0
A	BL	18	127	1	1	BA1652	24638	7	8	2	0	1	0	0	0	0	0	0
A	BL	18	127	1	1	BA1652	24648	8	7	0	0	0	0	0	0	0	0	0
A	BL	18	127	1	1	BA1652	24649	7	0	0	0	0	0	0	0	1	0	0
A	BL	18	127	1	1	BA1652	24650	7	8	2	0	1	0	0	0	0	0	0
A	BL	18	127	1	1	BA1652	24654	8	0	0	0	0	0	0	0	1	0	0
A	BL	18	127	1	1	BA1652	24660	8	7	0	0	0	0	0	0	0	0	0
A	BL	18	127	1	1	BA1652	24672	7	8	2	0	1	0	0	0	0	0	0
A	BL	18	127	1	1	BA1652	24676	8	0	0	0	0	0	0	0	1	0	0
A	BL	18	127	1	1	BA1652	24682	8	7	0	0	0	0	0	0	0	0	0
A	BL	18	127	1	1	BA1652	24696	7	8	2	0	1	0	0	0	0	0	0
A	BL	18	127	1	1	BA1652	24702	8	0	0	0	0	0	0	0	1	0	0
A	BL	18	127	1	1	BA1652	24706	8	7	0	0	0	0	0	0	0	0	0
A	BL	18	127	1	1	BA1652	24719	7	8	2	0	1	0	0	0	0	0	0
A	BL	18	127	1	1	BA1652	24729	8	7	0	0	0	0	0	0	0	0	0
A	BL	18	127	1	1	BA1652	24774	7	0	0	0	0	0	0	0	1	0	0
A	BL	18	127	1	1	BA1652	24779	7	8	2	0	1	0	0	0	0	0	0
A	BL	18	127	1	1	BA1652	24781	8	0	0	0	0	0	0	0	1	0	0
A	BL	18	127	1	1	BA1652	24786	8	0	0	0	1	0	0	0	0	0	0
A	BL	18	127	1	1	BA1652	24788	8	0	0	0	0	0	0	0	1	0	0
A	BL	18	127	1	1	BA1652	24789	8	9	0	0	0	0	0	0	0	0	0
A	BL	18	127	1	1	BA1652	24791	9	0	0	0	1	0	0	0	0	0	0
A	BL	18	127	1	1	BA1652	24794	9	0	0	0	0	0	0	0	1	0	0
A	BL	18	127	1	1	BA1652	24799	9	10	0	0	0	0	0	0	0	0	0
A	BL	18	127	1	1	BA1652	24874	10	2	0	0	0	0	0	0	0	0	0
A	BL	18	127	1	1	BA1652	24875	2	3	0	0	0	0	0	0	0	0	0
A	BL	18	127	1	1	BA1652	24940	3	5	1	1	0	0	0	0	0	0	0
A	BL	18	127	1	1	BA1652	24945	5	0	0	0	0	0	0	1	0	0	0
A	BL	18	127	1	1	BA1652	24948	5	0	0	1	0	0	0	0	0	0	0
A	BL	18	127	1	1	BA1652	24950	5	4	0	0	0	0	0	0	0	0	0
A	BL	18	127	1	1	BA1652	24959	4	0	0	0	0	0	0	1	0	0	0
A	BL	18	127	1	1	BA1652	24960	4	5	1	1	0	0	0	0	0	0	0
A	BL	18	127	1	1	BA1652	24970	5	4	0	0	0	0	0	0	0	0	0
A	BL	18	127	1	1	BA1652	24989	4	0	0	0	0	0	0	1	0	0	0
A	BL	18	127	1	1	BA1652	24994	4	5	1	1	0	0	0	0	0	0	0
A	BL	18	127	1	1	BA1652	25004	5	4	0	0	0	0	0	0	0	0	0
A	BL	18	127	1	1	BA1652	25009	4	0	0	0	0	0	0	1	0	0	0
A	BL	18	127	1	1	BA1652	25016	4	5	1	1	0	0	0	0	0	0	0
A	BL	18	127	1	1	BA1652	25026	5	4	0	0	0	0	0	0	0	0	0
A	BL	18	127	1	1	BA1652	25039	4	0	0	0	0	0	0	1	0	0	0
A	BL	18	127	1	1	BA1652	25060	4	5	1	1	0	0	0	0	0	0	0
A	BL	18	127	1	1	BA1652	25068	5	0	0	0	0	0	0	1	0	0	0
A	BL	18	127	1	1	BA1652	25069	5	0	0	1	0	0	0	0	0	0	0
A	BL	18	127	1	1	BA1652	25070	5	9	0	0	0	0	0	0	0	0	0
A	BL	18	127	1	1	BA1652	25077	9	0	0	0	0	0	0	1	0	0	0
A	BL	18	127	1	1	BA1652	25080	9	10	0	0	0	0	0	0	0	0	0
A	BL	18	127	1	1	BA1652	25155	10	2	0	0	0	0	0	0	0	0	0
A	BL	18	127	1	1	BA1652	25156	2	6	0	0	0	0	0	0	0	0	0
A	BL	18	127	1	1	BA1652	25425	6	8	2	0	1	0	0	0	0	0	0
A	BL	18	127	1	1	BA1652	25433	8	0	0	0	0	0	0	0	1	0	0
A	BL	18	127	1	1	BA1652	25435	8	7	0	0	0	0	0	0	0	0	0
A	BL	18	127	1	1	BA1652	25440	7	8	2	0	1	0	0	0	0	0	0
A	BL	18	127	1	1	BA1652	25450	8	7	0	0	0	0	0	0	0	0	0
A	BL	18	127	1	1	BA1652	25455	7	0	0	0	0	0	0	0	1	0	0
A	BL	18	127	1	1	BA1652	25510	7	8	2	0	1	0	0	0	0	0	0
A	BL	18	127	1	1	BA1652	25516	8	0	0	0	0	0	0	0	1	0	0
A	BL	18	127	1	1	BA1652	25517	8	0	0	0	1	0	0	0	0	0	0
A	BL	18	127	1	1	BA1652	25520	8	7	0	0	0	0	0	0	0	0	0
A	BL	18	127	1	1	BA1652	25541	7	0	0	0	0	0	0	0	1	0	0
A	BL	18	127	1	1	BA1652	25551	7	8	2	0	1	0	0	0	0	0	0
A	BL	18	127	1	1	BA1652	25560	8	0	0	0	0	0	0	0	1	0	0
A	BL	18	127	1	1	BA1652	25561	8	7	0	0	0	0	0	0	0	0	0
A	BL	18	127	1	1	BA1652	25588	7	8	2	0	1	0	0	0	0	0	0
A	BL	18	127	1	1	BA1652	25598	8	7	0	0	0	0	0	0	0	0	0
A	BL	18	127	1	1	BA1652	25601	7	0	0	0	0	0	0	0	1	0	0
A	BL	18	127	1	1	BA1652	25605	7	8	2	0	1	0	0	0	0	0	0
A	BL	18	127	1	1	BA1652	25607	8	0	0	0	0	0	0	0	1	0	0
A	BL	18	127	1	1	BA1652	25609	8	0	0	0	1	0	0	0	0	0	0
A	BL	18	127	1	1	BA1652	25615	8	7	0	0	0	0	0	0	0	0	0
A	BL	18	127	1	1	BA1652	25647	7	0	0	0	0	0	0	0	1	0	0
A	BL	18	127	1	1	BA1652	25665	7	8	2	0	1	0	0	0	0	0	0
A	BL	18	127	1	1	BA1652	25668	8	0	0	0	0	0	0	0	1	0	0
A	BL	18	127	1	1	BA1652	25675	8	7	0	0	1	0	0	0	0	0	0
A	BL	18	127	1	1	BA1652	25711	7	0	0	0	0	0	0	0	1	0	0
A	BL	18	127	1	1	BA1652	25718	7	8	2	0	1	0	0	0	0	0	0
A	BL	18	127	1	1	BA1652	25725	8	0	0	0	0	0	0	0	1	0	0
A	BL	18	127	1	1	BA1652	25728	8	7	0	0	1	0	0	0	0	0	0
A	BL	18	127	1	1	BA1652	25750	7	0	0	0	0	0	0	0	1	0	0
A	BL	18	127	1	1	BA1652	25815	7	8	2	0	1	0	0	0	0	0	0
A	BL	18	127	1	1	BA1652	25825	8	7	0	0	0	0	0	0	0	0	0
A	BL	18	127	1	1	BA1652	25858	7	0	0	0	0	0	0	0	1	0	0
A	BL	18	127	1	1	BA1652	25880	7	8	2	0	1	0	0	0	0	0	0
A	BL	18	127	1	1	BA1652	25890	8	7	0	0	0	0	0	0	0	0	0
A	BL	18	127	1	1	BA1652	25893	7	0	0	0	0	0	0	0	1	0	0
A	BL	18	127	1	1	BA1652	25912	7	8	2	0	1	0	0	0	0	0	0
A	BL	18	127	1	1	BA1652	25919	8	0	0	0	0	0	0	0	1	0	0
A	BL	18	127	1	1	BA1652	25922	8	7	0	0	0	0	0	0	0	0	0
A	BL	18	127	1	1	BA1652	25926	7	8	2	0	1	0	0	0	0	0	0
A	BL	18	127	1	1	BA1652	25936	8	7	0	0	0	0	0	0	0	0	0
A	BL	18	127	1	1	BA1652	25937	7	0	0	0	0	0	0	0	1	0	0
A	BL	18	127	1	1	BA1652	25948	7	8	2	0	1	0	0	0	0	0	0
A	BL	18	127	1	1	BA1652	25955	8	0	0	0	0	0	0	0	1	0	0
A	BL	18	127	1	1	BA1652	25958	8	7	0	0	0	0	0	0	0	0	0
A	BL	18	127	1	1	BA1652	26028	7	8	2	0	1	0	0	0	0	0	0
A	BL	18	127	1	1	BA1652	26031	8	0	0	0	0	0	0	0	1	0	0
A	BL	18	127	1	1	BA1652	26038	8	7	0	0	0	0	0	0	0	0	0
A	BL	18	127	1	1	BA1652	26048	7	8	2	0	1	0	0	0	0	0	0
A	BL	18	127	1	1	BA1652	26058	8	7	0	0	0	0	0	0	0	0	0
A	BL	18	127	1	1	BA1652	26075	7	0	0	0	0	0	0	0	1	0	0
A	BL	18	127	1	1	BA1652	26079	7	8	2	0	1	0	0	0	0	0	0
A	BL	18	127	1	1	BA1652	26089	8	7	0	0	0	0	0	0	0	0	0
A	BL	18	127	1	1	BA1652	26091	7	0	0	0	0	0	0	0	1	0	0
A	BL	18	127	1	1	BA1652	26094	7	8	2	0	1	0	0	0	0	0	0
A	BL	18	127	1	1	BA1652	26104	8	7	0	0	0	0	0	0	1	0	0
A	BL	18	127	1	1	BA1652	26110	7	8	2	0	1	0	0	0	0	0	0
A	BL	18	127	1	1	BA1652	26117	8	0	0	0	0	0	0	0	1	0	0
A	BL	18	127	1	1	BA1652	26118	8	0	0	0	1	0	0	0	0	0	0
A	BL	18	127	1	1	BA1652	26120	8	7	0	0	0	0	0	0	0	0	0
A	BL	18	127	1	1	BA1652	26123	7	0	0	0	0	0	0	0	1	0	0
A	BL	18	127	1	1	BA1652	26133	7	8	2	0	1	0	0	0	0	0	0
A	BL	18	127	1	1	BA1652	26143	8	7	0	0	0	0	0	0	0	0	0
A	BL	18	127	1	1	BA1652	26148	7	0	0	0	0	0	0	0	1	0	0
A	BL	18	127	1	1	BA1652	26155	7	8	2	0	1	0	0	0	0	0	0
A	BL	18	127	1	1	BA1652	26165	8	9	0	0	0	0	0	0	1	0	0
A	BL	18	127	1	1	BA1652	26175	9	10	0	0	0	0	0	0	0	0	0
A	BL	18	127	1	1	BA1652	26250	10	2	0	0	0	0	0	0	0	0	0
A	BL	18	127	1	1	BA1652	26251	2	3	0	0	0	0	0	0	0	0	0
A	BL	18	127	1	1	BA1652	26332	3	5	1	1	0	0	0	0	0	0	0
A	BL	18	127	1	1	BA1652	26342	5	4	0	0	0	0	0	0	0	0	0
A	BL	18	127	1	1	BA1652	26365	4	0	0	0	0	0	0	1	0	0	0
A	BL	18	127	1	1	BA1652	26367	4	5	1	1	0	0	0	0	0	0	0
A	BL	18	127	1	1	BA1652	26377	5	4	0	0	0	0	0	0	0	0	0
A	BL	18	127	1	1	BA1652	26378	4	0	0	0	0	0	0	1	0	0	0
A	BL	18	127	1	1	BA1652	26382	4	5	1	1	0	0	0	0	0	0	0
A	BL	18	127	1	1	BA1652	26389	5	0	0	0	0	0	0	1	0	0	0
A	BL	18	127	1	1	BA1652	26392	5	4	0	0	0	0	0	0	0	0	0
A	BL	18	127	1	1	BA1652	26394	4	5	1	1	0	0	0	0	0	0	0
A	BL	18	127	1	1	BA1652	26404	5	4	0	0	0	0	0	0	0	0	0
A	BL	18	127	1	1	BA1652	26406	4	0	0	0	0	0	0	1	0	0	0
A	BL	18	127	1	1	BA1652	26410	4	5	1	1	0	0	0	0	0	0	0
A	BL	18	127	1	1	BA1652	26420	5	9	0	0	0	0	0	0	0	0	0
A	BL	18	127	1	1	BA1652	26430	9	10	0	0	0	0	0	0	0	0	0
A	BL	18	127	1	1	BA1652	26431	10	0	0	0	0	0	0	1	0	0	0
A	BL	18	127	1	1	BA1652	26505	10	2	0	0	0	0	0	0	0	0	0
A	BL	18	127	1	1	BA1652	26506	2	6	0	0	0	0	0	0	0	0	0
A	BL	18	127	1	1	BA1652	26657	6	0	0	1	0	0	0	0	0	0	0
A	BL	18	127	1	1	BA1652	26687	6	0	0	0	0	0	0	1	0	0	0
A	BL	18	127	1	1	BA1652	26770	6	8	2	0	1	0	0	0	0	0	0
A	BL	18	127	1	1	BA1652	26780	8	7	0	0	0	0	0	0	0	0	0
A	BL	18	127	1	1	BA1652	26810	7	0	0	0	0	0	0	0	1	0	0
A	BL	18	127	1	1	BA1652	26819	7	8	2	0	1	0	0	0	0	0	0
A	BL	18	127	1	1	BA1652	26826	8	0	0	0	0	0	0	0	1	0	0
A	BL	18	127	1	1	BA1652	26829	8	7	0	0	0	0	0	0	0	0	0
A	BL	18	127	1	1	BA1652	26838	7	8	2	0	1	0	0	0	0	0	0
A	BL	18	127	1	1	BA1652	26842	8	0	0	0	0	0	0	0	1	0	0
A	BL	18	127	1	1	BA1652	26848	8	7	0	0	0	0	0	0	0	0	0
A	BL	18	127	1	1	BA1652	26865	7	8	2	0	1	0	0	0	0	0	0
A	BL	18	127	1	1	BA1652	26868	8	0	0	0	0	0	0	0	1	0	0
A	BL	18	127	1	1	BA1652	26869	8	0	0	0	1	0	0	0	0	0	0
A	BL	18	127	1	1	BA1652	26871	8	0	0	0	0	0	0	0	1	0	0
A	BL	18	127	1	1	BA1652	26875	8	7	0	0	0	0	0	0	0	0	0
A	BL	18	127	1	1	BA1652	26890	7	8	2	0	1	0	0	0	0	0	0
A	BL	18	127	1	1	BA1652	26893	8	0	0	0	0	0	0	0	1	0	0
A	BL	18	127	1	1	BA1652	26900	8	7	0	0	0	0	0	0	0	0	0
A	BL	18	127	1	1	BA1652	26966	7	8	2	0	1	0	0	0	0	0	0
A	BL	18	127	1	1	BA1652	26973	8	0	0	0	0	0	0	0	1	0	0
A	BL	18	127	1	1	BA1652	26976	8	7	0	0	0	0	0	0	0	0	0
A	BL	18	127	1	1	BA1652	26983	7	8	2	0	1	0	0	0	0	0	0
A	BL	18	127	1	1	BA1652	26993	8	7	0	0	0	0	0	0	1	0	0
A	BL	18	127	1	1	BA1652	27092	7	8	2	0	1	0	0	0	0	0	0
A	BL	18	127	1	1	BA1652	27102	8	7	0	0	0	0	0	0	0	0	0
A	BL	18	127	1	1	BA1652	27108	7	0	0	0	0	0	0	0	1	0	0
A	BL	18	127	1	1	BA1652	27112	7	8	2	0	1	0	0	0	0	0	0
A	BL	18	127	1	1	BA1652	27122	8	7	0	0	0	0	0	0	0	0	0
A	BL	18	127	1	1	BA1652	27136	7	0	0	0	0	0	0	0	1	0	0
A	BL	18	127	1	1	BA1652	27147	7	8	2	0	1	0	0	0	0	0	0
A	BL	18	127	1	1	BA1652	27157	8	7	0	0	0	0	0	0	0	0	0
A	BL	18	127	1	1	BA1652	27179	7	0	0	0	0	0	0	0	1	0	0
A	BL	18	127	1	1	BA1652	27186	7	8	2	0	1	0	0	0	0	0	0
A	BL	18	127	1	1	BA1652	27196	8	7	0	0	0	0	0	0	0	0	0
A	BL	18	127	1	1	BA1652	27197	7	0	0	0	0	0	0	0	1	0	0
A	BL	18	127	1	1	BA1652	27270	7	8	2	0	1	0	0	0	0	0	0
A	BL	18	127	1	1	BA1652	27280	8	7	0	0	0	0	0	0	0	0	0
A	BL	18	127	1	1	BA1652	27286	7	0	0	0	0	0	0	0	1	0	0
A	BL	18	127	1	1	BA1652	27289	7	8	2	0	1	0	0	0	0	0	0
A	BL	18	127	1	1	BA1652	27296	8	0	0	0	0	0	0	0	1	0	0
A	BL	18	127	1	1	BA1652	27299	8	7	0	0	0	0	0	0	0	0	0
A	BL	18	127	1	1	BA1652	27301	7	8	2	0	1	0	0	0	0	0	0
A	BL	18	127	1	1	BA1652	27305	8	0	0	0	0	0	0	0	1	0	0
A	BL	18	127	1	1	BA1652	27309	8	0	0	0	1	0	0	0	0	0	0
A	BL	18	127	1	1	BA1652	27311	8	7	0	0	0	0	0	0	0	0	0
A	BL	18	127	1	1	BA1652	27329	7	0	0	0	0	0	0	0	1	0	0
A	BL	18	127	1	1	BA1652	27330	7	8	2	0	1	0	0	0	0	0	0
A	BL	18	127	1	1	BA1652	27335	8	0	0	0	0	0	0	0	1	0	0
A	BL	18	127	1	1	BA1652	27339	8	0	0	0	1	0	0	0	0	0	0
A	BL	18	127	1	1	BA1652	27340	8	7	0	0	0	0	0	0	0	0	0
A	BL	18	127	1	1	BA1652	27359	7	0	0	0	0	0	0	0	1	0	0
A	BL	18	127	1	1	BA1652	27403	7	8	2	0	1	0	0	0	0	0	0
A	BL	18	127	1	1	BA1652	27405	8	0	0	0	0	0	0	0	1	0	0
A	BL	18	127	1	1	BA1652	27413	8	7	0	0	0	0	0	0	0	0	0
A	BL	18	127	1	1	BA1652	27440	7	8	2	0	1	0	0	0	0	0	0
A	BL	18	127	1	1	BA1652	27445	8	0	0	0	0	0	0	0	1	0	0
A	BL	18	127	1	1	BA1652	27448	8	0	0	0	1	0	0	0	0	0	0
A	BL	18	127	1	1	BA1652	27450	8	7	0	0	0	0	0	0	0	0	0
A	BL	18	127	1	1	BA1652	27456	7	0	0	0	0	0	0	0	1	0	0
A	BL	18	127	1	1	BA1652	27469	7	8	2	0	1	0	0	0	0	0	0
A	BL	18	127	1	1	BA1652	27475	8	0	0	0	0	0	0	0	1	0	0
A	BL	18	127	1	1	BA1652	27479	8	7	0	0	1	0	0	0	0	0	0
A	BL	18	127	1	1	BA1652	27481	7	0	0	0	0	0	0	0	1	0	0
A	BL	18	127	1	1	BA1652	27485	7	8	2	0	1	0	0	0	0	0	0
A	BL	18	127	1	1	BA1652	27493	8	0	0	0	0	0	0	0	1	0	0
A	BL	18	127	1	1	BA1652	27495	8	7	0	0	0	0	0	0	0	0	0
A	BL	18	127	1	1	BA1652	27510	7	8	2	0	1	0	0	0	0	0	0
A	BL	18	127	1	1	BA1652	27513	8	0	0	0	0	0	0	0	1	0	0
A	BL	18	127	1	1	BA1652	27516	8	0	0	0	1	0	0	0	0	0	0
A	BL	18	127	1	1	BA1652	27520	8	9	0	0	0	0	0	0	0	0	0
A	BL	18	127	1	1	BA1652	27530	9	10	0	0	0	0	0	0	0	0	0
A	BL	18	127	1	1	BA1652	27531	10	0	0	0	0	0	0	0	1	0	0
A	BL	18	127	1	1	BA1652	27605	10	2	0	0	0	0	0	0	0	0	0
A	BL	18	127	1	1	BA1652	27606	2	6	0	0	0	0	0	0	0	0	0
A	BL	18	127	1	1	BA1652	27929	6	8	2	0	1	0	0	0	0	0	0
A	BL	18	127	1	1	BA1652	27939	8	7	0	0	0	0	0	0	0	0	0
A	BL	18	127	1	1	BA1652	27951	7	0	0	0	0	0	0	0	1	0	0
A	BL	18	127	1	1	BA1652	27961	7	8	2	0	1	0	0	0	0	0	0
A	BL	18	127	1	1	BA1652	27971	8	7	0	0	0	0	0	0	0	0	0
A	BL	18	127	1	1	BA1652	27973	7	0	0	0	0	0	0	0	1	0	0
A	BL	18	127	1	1	BA1652	28051	7	8	2	0	1	0	0	0	0	0	0
A	BL	18	127	1	1	BA1652	28061	8	7	0	0	0	0	0	0	0	0	0
A	BL	18	127	1	1	BA1652	28089	7	0	0	0	0	0	0	0	1	0	0
A	BL	18	127	1	1	BA1652	28140	7	8	2	0	1	0	0	0	0	0	0
A	BL	18	127	1	1	BA1652	28143	8	0	0	0	0	0	0	0	1	0	0
A	BL	18	127	1	1	BA1652	28148	8	0	0	0	1	0	0	0	0	0	0
A	BL	18	127	1	1	BA1652	28150	8	7	0	0	0	0	0	0	0	0	0
A	BL	18	127	1	1	BA1652	28160	7	0	0	0	0	0	0	0	1	0	0
A	BL	18	127	1	1	BA1652	28243	7	8	2	0	1	0	0	0	0	0	0
A	BL	18	127	1	1	BA1652	28244	8	0	0	0	0	0	0	0	1	0	0
A	BL	18	127	1	1	BA1652	28253	8	7	0	0	0	0	0	0	0	0	0
A	BL	18	127	1	1	BA1652	28256	7	8	2	0	1	0	0	0	0	0	0
A	BL	18	127	1	1	BA1652	28258	8	0	0	0	0	0	0	0	1	0	0
A	BL	18	127	1	1	BA1652	28260	8	0	0	0	1	0	0	0	0	0	0
A	BL	18	127	1	1	BA1652	28266	8	7	0	0	0	0	0	0	0	0	0
A	BL	18	127	1	1	BA1652	28275	7	0	0	0	0	0	0	0	1	0	0
A	BL	18	127	1	1	BA1652	28281	7	8	2	0	1	0	0	0	0	0	0
A	BL	18	127	1	1	BA1652	28291	8	7	0	0	0	0	0	0	0	0	0
A	BL	18	127	1	1	BA1652	28297	7	0	0	0	0	0	0	0	1	0	0
A	BL	18	127	1	1	BA1652	28307	7	8	2	0	1	0	0	0	0	0	0
A	BL	18	127	1	1	BA1652	28314	8	0	0	0	0	0	0	0	1	0	0
A	BL	18	127	1	1	BA1652	28315	8	0	0	0	1	0	0	0	0	0	0
A	BL	18	127	1	1	BA1652	28317	8	7	0	0	0	0	0	0	0	0	0
A	BL	18	127	1	1	BA1652	28328	7	0	0	0	0	0	0	0	1	0	0
A	BL	18	127	1	1	BA1652	28331	7	8	2	0	1	0	0	0	0	0	0
A	BL	18	127	1	1	BA1652	28337	8	0	0	0	0	0	0	0	1	0	0
A	BL	18	127	1	1	BA1652	28341	8	7	0	0	0	0	0	0	0	0	0
A	BL	18	127	1	1	BA1652	28342	7	8	2	0	1	0	0	0	0	0	0
A	BL	18	127	1	1	BA1652	28343	8	0	0	0	0	0	0	0	1	0	0
A	BL	18	127	1	1	BA1652	28344	8	0	0	0	1	0	0	0	0	0	0
A	BL	18	127	1	1	BA1652	28346	8	0	0	0	0	0	0	0	1	0	0
A	BL	18	127	1	1	BA1652	28348	8	0	0	0	1	0	0	0	0	0	0
A	BL	18	127	1	1	BA1652	28352	8	7	0	0	0	0	0	0	0	0	0
A	BL	18	127	1	1	BA1652	28380	7	0	0	0	0	0	0	0	1	0	0
A	BL	18	127	1	1	BA1652	28382	7	8	2	0	1	0	0	0	0	0	0
A	BL	18	127	1	1	BA1652	28385	8	0	0	0	0	0	0	0	1	0	0
A	BL	18	127	1	1	BA1652	28386	8	0	0	0	1	0	0	0	0	0	0
A	BL	18	127	1	1	BA1652	28392	8	7	0	0	0	0	0	0	0	0	0
A	BL	18	127	1	1	BA1652	28396	7	0	0	0	0	0	0	0	1	0	0
A	BL	18	127	1	1	BA1652	28523	7	8	2	0	1	0	0	0	0	0	0
A	BL	18	127	1	1	BA1652	28530	8	0	0	0	0	0	0	0	1	0	0
A	BL	18	127	1	1	BA1652	28533	8	7	0	0	0	0	0	0	0	0	0
A	BL	18	127	1	1	BA1652	28537	7	8	2	0	1	0	0	0	0	0	0
A	BL	18	127	1	1	BA1652	28547	8	7	0	0	0	0	0	0	0	0	0
A	BL	18	127	1	1	BA1652	28574	7	0	0	0	0	0	0	0	1	0	0
A	BL	18	127	1	1	BA1652	28578	7	8	2	0	1	0	0	0	0	0	0
A	BL	18	127	1	1	BA1652	28588	8	7	0	0	0	0	0	0	0	0	0
A	BL	18	127	1	1	BA1652	28613	7	0	0	0	0	0	0	0	1	0	0
A	BL	18	127	1	1	BA1652	28713	7	8	2	0	1	0	0	0	0	0	0
A	BL	18	127	1	1	BA1652	28720	8	0	0	0	0	0	0	0	1	0	0
A	BL	18	127	1	1	BA1652	28723	8	7	0	0	0	0	0	0	0	0	0
A	BL	18	127	1	1	BA1652	28769	7	8	2	0	1	0	0	0	0	0	0
A	BL	18	127	1	1	BA1652	28777	8	0	0	0	0	0	0	0	1	0	0
A	BL	18	127	1	1	BA1652	28779	8	7	0	0	0	0	0	0	0	0	0
A	BL	18	127	1	1	BA1652	28780	7	8	2	0	1	0	0	0	0	0	0
A	BL	18	127	1	1	BA1652	28790	8	7	0	0	0	0	0	0	1	0	0
A	BL	18	127	1	1	BA1652	28792	7	8	2	0	1	0	0	0	0	0	0
A	BL	18	127	1	1	BA1652	28802	8	7	0	0	0	0	0	0	0	0	0
A	BL	18	127	1	1	BA1652	28809	7	0	0	0	0	0	0	0	1	0	0
A	BL	18	127	1	1	BA1652	28878	7	8	2	0	1	0	0	0	0	0	0
A	BL	18	127	1	1	BA1652	28882	8	0	0	0	0	0	0	0	1	0	0
A	BL	18	127	1	1	BA1652	28885	8	0	0	0	1	0	0	0	0	0	0
A	BL	18	127	1	1	BA1652	28888	8	7	0	0	0	0	0	0	0	0	0
A	BL	18	127	1	1	BA1652	28891	7	0	0	0	0	0	0	0	1	0	0
A	BL	18	127	1	1	BA1652	28894	7	8	2	0	1	0	0	0	0	0	0
A	BL	18	127	1	1	BA1652	28900	8	0	0	0	0	0	0	0	1	0	0
A	BL	18	127	1	1	BA1652	28901	8	0	0	0	1	0	0	0	0	0	0
A	BL	18	127	1	1	BA1652	28904	8	9	0	0	0	0	0	0	0	0	0
A	BL	18	127	1	1	BA1652	28907	9	0	0	0	0	0	0	0	1	0	0
A	BL	18	127	1	1	BA1652	28910	9	0	0	0	1	0	0	0	0	0	0
A	BL	18	127	1	1	BA1652	28914	9	10	0	0	0	0	0	0	0	0	0
A	BL	18	127	1	1	BA1652	28921	10	0	0	0	0	0	0	0	1	0	0
A	BL	18	127	1	1	BA1652	28989	10	2	0	0	0	0	0	0	0	0	0
A	BL	18	127	1	1	BA1652	28990	2	3	0	0	0	0	0	0	0	0	0
A	BL	18	127	1	1	BA1652	29068	3	5	1	1	0	0	0	0	0	0	0
A	BL	18	127	1	1	BA1652	29078	5	4	0	0	0	0	0	0	0	0	0
A	BL	18	127	1	1	BA1652	29083	4	0	0	0	0	0	0	1	0	0	0
A	BL	18	127	1	1	BA1652	29085	4	5	1	1	0	0	0	0	0	0	0
A	BL	18	127	1	1	BA1652	29095	5	4	0	0	0	0	0	0	0	0	0
A	BL	18	127	1	1	BA1652	29110	4	0	0	0	0	0	0	1	0	0	0
A	BL	18	127	1	1	BA1652	29117	4	5	1	1	0	0	0	0	0	0	0
A	BL	18	127	1	1	BA1652	29126	5	0	0	0	0	0	0	1	0	0	0
A	BL	18	127	1	1	BA1652	29127	5	4	0	0	0	0	0	0	0	0	0
A	BL	18	127	1	1	BA1652	29131	4	5	1	1	0	0	0	0	0	0	0
A	BL	18	127	1	1	BA1652	29141	5	4	0	0	0	0	0	0	0	0	0
A	BL	18	127	1	1	BA1652	29157	4	0	0	0	0	0	0	1	0	0	0
A	BL	18	127	1	1	BA1652	29167	4	5	1	1	0	0	0	0	0	0	0
A	BL	18	127	1	1	BA1652	29177	5	9	0	0	0	0	0	0	0	0	0
A	BL	18	127	1	1	BA1652	29185	9	0	0	0	0	0	0	1	0	0	0
A	BL	18	127	1	1	BA1652	29187	9	10	0	0	0	0	0	0	0	0	0
A	BL	18	127	1	1	BA1652	29262	10	2	0	0	0	0	0	0	0	0	0
A	BL	18	127	1	1	BA1652	29263	2	3	0	0	0	0	0	0	0	0	0
A	BL	18	127	1	1	BA1652	29343	3	5	1	1	0	0	0	0	0	0	0
A	BL	18	127	1	1	BA1652	29345	5	0	0	0	0	0	0	1	0	0	0
A	BL	18	127	1	1	BA1652	29349	5	0	0	1	0	0	0	0	0	0	0
A	BL	18	127	1	1	BA1652	29353	5	4	0	0	0	0	0	0	0	0	0
A	BL	18	127	1	1	BA1652	29368	4	0	0	0	0	0	0	1	0	0	0
A	BL	18	127	1	1	BA1652	29378	4	5	1	1	0	0	0	0	0	0	0
A	BL	18	127	1	1	BA1652	29386	5	0	0	0	0	0	0	1	0	0	0
A	BL	18	127	1	1	BA1652	29388	5	4	0	0	0	0	0	0	0	0	0
A	BL	18	127	1	1	BA1652	29391	4	5	1	1	0	0	0	0	0	0	0
A	BL	18	127	1	1	BA1652	29401	5	4	0	0	0	0	0	0	0	0	0
A	BL	18	127	1	1	BA1652	29436	4	0	0	0	0	0	0	1	0	0	0
A	BL	18	127	1	1	BA1652	29438	4	5	1	1	0	0	0	0	0	0	0
A	BL	18	127	1	1	BA1652	29448	5	4	0	0	0	0	0	0	0	0	0
A	BL	18	127	1	1	BA1652	29464	4	0	0	0	0	0	0	1	0	0	0
A	BL	18	127	1	1	BA1652	29467	4	5	1	1	0	0	0	0	0	0	0
A	BL	18	127	1	1	BA1652	29477	5	9	0	0	0	0	0	0	0	0	0
A	BL	18	127	1	1	BA1652	29487	9	10	0	0	0	0	0	1	0	0	0
A	BL	18	127	1	1	BA1652	29562	10	2	0	0	0	0	0	0	0	0	0
A	BL	18	127	1	1	BA1652	29563	2	3	0	0	0	0	0	0	0	0	0
A	BL	18	127	1	1	BA1652	29649	3	5	1	1	0	0	0	0	0	0	0
A	BL	18	127	1	1	BA1652	29659	5	4	0	0	0	0	0	0	0	0	0
A	BL	18	127	1	1	BA1652	29670	4	0	0	0	0	0	0	1	0	0	0
A	BL	18	127	1	1	BA1652	29672	4	5	1	1	0	0	0	0	0	0	0
A	BL	18	127	1	1	BA1652	29682	5	4	0	0	0	0	0	0	0	0	0
A	BL	18	127	1	1	BA1652	29690	4	0	0	0	0	0	0	1	0	0	0
A	BL	18	127	1	1	BA1652	29719	4	5	1	1	0	0	0	0	0	0	0
A	BL	18	127	1	1	BA1652	29729	5	4	0	0	0	0	0	0	0	0	0
A	BL	18	127	1	1	BA1652	29733	4	0	0	0	0	0	0	1	0	0	0
A	BL	18	127	1	1	BA1652	29736	4	5	1	1	0	0	0	0	0	0	0
A	BL	18	127	1	1	BA1652	29746	5	4	0	0	0	0	0	0	0	0	0
A	BL	18	127	1	1	BA1652	29756	4	0	0	0	0	0	0	1	0	0	0
A	BL	18	127	1	1	BA1652	29786	4	5	1	1	0	0	0	0	0	0	0
A	BL	18	127	1	1	BA1652	29790	5	0	0	0	0	0	0	1	0	0	0
A	BL	18	127	1	1	BA1652	29794	5	0	0	1	0	0	0	0	0	0	0
A	BL	18	127	1	1	BA1652	29796	5	9	0	0	0	0	0	0	0	0	0
A	BL	18	127	1	1	BA1652	29806	9	10	0	0	0	0	0	0	0	0	0
A	BL	18	127	1	1	BA1652	29812	10	0	0	0	0	0	0	1	0	0	0
A	BL	18	127	1	1	BA1652	29881	10	2	0	0	0	0	0	0	0	0	0
A	BL	18	127	1	1	BA1652	29882	2	6	0	0	0	0	0	0	0	0	0
A	BL	18	127	1	1	BA1652	33927	6	8	2	0	1	0	0	0	0	0	0
A	BL	18	127	1	1	BA1652	33933	8	0	0	0	0	0	0	0	1	0	0
A	BL	18	127	1	1	BA1652	33937	8	7	0	0	0	0	0	0	0	0	0
A	BL	18	127	1	1	BA1652	34029	7	8	2	0	1	0	0	0	0	0	0
A	BL	18	127	1	1	BA1652	34039	8	7	0	0	0	0	0	0	0	0	0
A	BL	18	127	1	1	BA1652	34045	7	0	0	0	0	0	0	0	1	0	0
A	BL	18	127	1	1	BA1652	34079	7	8	2	0	1	0	0	0	0	0	0
A	BL	18	127	1	1	BA1652	34089	8	7	0	0	0	0	0	0	0	0	0
A	BL	18	127	1	1	BA1652	34102	7	8	2	0	1	0	0	0	1	0	0
A	BL	18	127	1	1	BA1652	34112	8	7	0	0	0	0	0	0	0	0	0
A	BL	18	127	1	1	BA1652	34114	7	0	0	0	0	0	0	0	1	0	0
A	BL	18	127	1	1	BA1652	34124	7	8	2	0	1	0	0	0	0	0	0
A	BL	18	127	1	1	BA1652	34133	8	0	0	0	0	0	0	0	1	0	0
A	BL	18	127	1	1	BA1652	34134	8	7	0	0	0	0	0	0	0	0	0
A	BL	18	127	1	1	BA1652	34143	7	8	2	0	1	0	0	0	0	0	0
A	BL	18	127	1	1	BA1652	34147	8	0	0	0	0	0	0	0	1	0	0
A	BL	18	127	1	1	BA1652	34153	8	7	0	0	0	0	0	0	0	0	0
A	BL	18	127	1	1	BA1652	34229	7	8	2	0	1	0	0	0	0	0	0
A	BL	18	127	1	1	BA1652	34239	8	7	0	0	0	0	0	0	0	0	0
A	BL	18	127	1	1	BA1652	34279	7	0	0	0	0	0	0	0	1	0	0
A	BL	18	127	1	1	BA1652	34283	7	8	2	0	1	0	0	0	0	0	0
A	BL	18	127	1	1	BA1652	34289	8	0	0	0	0	0	0	0	1	0	0
A	BL	18	127	1	1	BA1652	34293	8	7	0	0	0	0	0	0	0	0	0
A	BL	18	127	1	1	BA1652	34303	7	8	2	0	1	0	0	0	0	0	0
A	BL	18	127	1	1	BA1652	34311	8	0	0	0	0	0	0	0	1	0	0
A	BL	18	127	1	1	BA1652	34313	8	7	0	0	0	0	0	0	0	0	0
A	BL	18	127	1	1	BA1652	34337	7	8	2	0	1	0	0	0	0	0	0
A	BL	18	127	1	1	BA1652	34347	8	7	0	0	0	0	0	0	0	0	0
A	BL	18	127	1	1	BA1652	34384	7	0	0	0	0	0	0	0	1	0	0
A	BL	18	127	1	1	BA1652	34469	7	8	2	0	1	0	0	0	0	0	0
A	BL	18	127	1	1	BA1652	34473	8	0	0	0	0	0	0	0	1	0	0
A	BL	18	127	1	1	BA1652	34479	8	7	0	0	0	0	0	0	0	0	0
A	BL	18	127	1	1	BA1652	34499	7	8	2	0	1	0	0	0	0	0	0
A	BL	18	127	1	1	BA1652	34501	8	0	0	0	0	0	0	0	1	0	0
A	BL	18	127	1	1	BA1652	34509	8	7	0	0	0	0	0	0	0	0	0
A	BL	18	127	1	1	BA1652	34552	7	8	2	0	1	0	0	0	0	0	0
A	BL	18	127	1	1	BA1652	34562	8	7	0	0	0	0	0	0	0	0	0
A	BL	18	127	1	1	BA1652	34579	7	0	0	0	0	0	0	0	1	0	0
A	BL	18	127	1	1	BA1652	34651	7	8	2	0	1	0	0	0	0	0	0
A	BL	18	127	1	1	BA1652	34653	8	0	0	0	0	0	0	0	1	0	0
A	BL	18	127	1	1	BA1652	34654	8	0	0	0	1	0	0	0	0	0	0
A	BL	18	127	1	1	BA1652	34661	8	7	0	0	0	0	0	0	0	0	0
A	BL	18	127	1	1	BA1652	34675	7	0	0	0	0	0	0	0	1	0	0
A	BL	18	127	1	1	BA1652	34694	7	8	2	0	1	0	0	0	0	0	0
A	BL	18	127	1	1	BA1652	34702	8	0	0	0	0	0	0	0	1	0	0
A	BL	18	127	1	1	BA1652	34704	8	7	0	0	0	0	0	0	0	0	0
A	BL	18	127	1	1	BA1652	34753	7	8	2	0	1	0	0	0	0	0	0
A	BL	18	127	1	1	BA1652	34757	8	0	0	0	0	0	0	0	1	0	0
A	BL	18	127	1	1	BA1652	34759	8	0	0	0	1	0	0	0	0	0	0
A	BL	18	127	1	1	BA1652	34763	8	7	0	0	0	0	0	0	0	0	0
A	BL	18	127	1	1	BA1652	34785	7	0	0	0	0	0	0	0	1	0	0
A	BL	18	127	1	1	BA1652	34788	7	8	2	0	1	0	0	0	0	0	0
A	BL	18	127	1	1	BA1652	34791	8	0	0	0	0	0	0	0	1	0	0
A	BL	18	127	1	1	BA1652	34796	8	0	0	0	1	0	0	0	0	0	0
A	BL	18	127	1	1	BA1652	34798	8	7	0	0	0	0	0	0	0	0	0
A	BL	18	127	1	1	BA1652	34826	7	0	0	0	0	0	0	0	1	0	0
A	BL	18	127	1	1	BA1652	34853	7	8	2	0	1	0	0	0	0	0	0
A	BL	18	127	1	1	BA1652	34859	8	0	0	0	0	0	0	0	1	0	0
A	BL	18	127	1	1	BA1652	34863	8	7	0	0	0	0	0	0	0	0	0
A	BL	18	127	1	1	BA1652	34876	7	8	2	0	1	0	0	0	0	0	0
A	BL	18	127	1	1	BA1652	34878	8	0	0	0	0	0	0	0	1	0	0
A	BL	18	127	1	1	BA1652	34886	8	7	0	0	0	0	0	0	0	0	0
A	BL	18	127	1	1	BA1652	34888	7	8	2	0	1	0	0	0	0	0	0
A	BL	18	127	1	1	BA1652	34897	8	0	0	0	0	0	0	0	1	0	0
A	BL	18	127	1	1	BA1652	34898	8	9	0	0	0	0	0	0	0	0	0
A	BL	18	127	1	1	BA1652	34899	9	0	0	0	1	0	0	0	0	0	0
A	BL	18	127	1	1	BA1652	34908	9	10	0	0	0	0	0	0	0	0	0
A	BL	18	127	1	1	BA1652	34909	10	0	0	0	0	0	0	0	1	0	0
A	BL	18	127	1	1	BA1652	34983	10	2	0	0	0	0	0	0	0	0	0
A	BL	18	127	1	1	BA1652	34984	2	6	0	0	0	0	0	0	0	0	0
A	BL	18	127	1	1	BA1652	35167	6	8	2	0	1	0	0	0	0	0	0
A	BL	18	127	1	1	BA1652	35177	8	7	0	0	0	0	0	0	0	0	0
A	BL	18	127	1	1	BA1652	35180	7	0	0	0	0	0	0	0	1	0	0
A	BL	18	127	1	1	BA1652	35189	7	8	2	0	1	0	0	0	0	0	0
A	BL	18	127	1	1	BA1652	35199	8	7	0	0	0	0	0	0	1	0	0
A	BL	18	127	1	1	BA1652	35252	7	8	2	0	1	0	0	0	0	0	0
A	BL	18	127	1	1	BA1652	35253	8	0	0	0	0	0	0	0	1	0	0
A	BL	18	127	1	1	BA1652	35262	8	7	0	0	0	0	0	0	0	0	0
A	BL	18	127	1	1	BA1652	35271	7	8	2	0	1	0	0	0	0	0	0
A	BL	18	127	1	1	BA1652	35281	8	7	0	0	0	0	0	0	0	0	0
A	BL	18	127	1	1	BA1652	35300	7	0	0	0	0	0	0	0	1	0	0
A	BL	18	127	1	1	BA1652	35366	7	8	2	0	1	0	0	0	0	0	0
A	BL	18	127	1	1	BA1652	35374	8	0	0	0	0	0	0	0	1	0	0
A	BL	18	127	1	1	BA1652	35376	8	7	0	0	0	0	0	0	0	0	0
A	BL	18	127	1	1	BA1652	35385	7	8	2	0	1	0	0	0	0	0	0
A	BL	18	127	1	1	BA1652	35394	8	0	0	0	0	0	0	0	1	0	0
A	BL	18	127	1	1	BA1652	35395	8	7	0	0	0	0	0	0	0	0	0
A	BL	18	127	1	1	BA1652	35428	7	8	2	0	1	0	0	0	0	0	0
A	BL	18	127	1	1	BA1652	35435	8	0	0	0	0	0	0	0	1	0	0
A	BL	18	127	1	1	BA1652	35438	8	7	0	0	0	0	0	0	0	0	0
A	BL	18	127	1	1	BA1652	35442	7	8	2	0	1	0	0	0	0	0	0
A	BL	18	127	1	1	BA1652	35451	8	0	0	0	0	0	0	0	1	0	0
A	BL	18	127	1	1	BA1652	35452	8	7	0	0	0	0	0	0	0	0	0
A	BL	18	127	1	1	BA1652	35455	7	8	2	0	1	0	0	0	0	0	0
A	BL	18	127	1	1	BA1652	35465	8	7	0	0	0	0	0	0	0	0	0
A	BL	18	127	1	1	BA1652	35473	7	0	0	0	0	0	0	0	1	0	0
A	BL	18	127	1	1	BA1652	35478	7	8	2	0	1	0	0	0	0	0	0
A	BL	18	127	1	1	BA1652	35485	8	0	0	0	0	0	0	0	1	0	0
A	BL	18	127	1	1	BA1652	35488	8	7	0	0	0	0	0	0	0	0	0
A	BL	18	127	1	1	BA1652	35490	7	8	2	0	1	0	0	0	0	0	0
A	BL	18	127	1	1	BA1652	35495	8	0	0	0	0	0	0	0	1	0	0
A	BL	18	127	1	1	BA1652	35500	8	7	0	0	0	0	0	0	0	0	0
A	BL	18	127	1	1	BA1652	35514	7	8	2	0	1	0	0	0	0	0	0
A	BL	18	127	1	1	BA1652	35521	8	0	0	0	0	0	0	0	1	0	0
A	BL	18	127	1	1	BA1652	35524	8	7	0	0	0	0	0	0	0	0	0
A	BL	18	127	1	1	BA1652	35525	7	8	2	0	1	0	0	0	0	0	0
A	BL	18	127	1	1	BA1652	35528	8	0	0	0	0	0	0	0	1	0	0
A	BL	18	127	1	1	BA1652	35535	8	7	0	0	0	0	0	0	0	0	0
A	BL	18	127	1	1	BA1652	35539	7	8	2	0	1	0	0	0	0	0	0
A	BL	18	127	1	1	BA1652	35543	8	0	0	0	0	0	0	0	1	0	0
A	BL	18	127	1	1	BA1652	35549	8	7	0	0	0	0	0	0	0	0	0
A	BL	18	127	1	1	BA1652	35552	7	8	2	0	1	0	0	0	0	0	0
A	BL	18	127	1	1	BA1652	35562	8	7	0	0	0	0	0	0	1	0	0
A	BL	18	127	1	1	BA1652	35590	7	8	2	0	1	0	0	0	0	0	0
A	BL	18	127	1	1	BA1652	35600	8	7	0	0	0	0	0	0	0	0	0
A	BL	18	127	1	1	BA1652	35626	7	0	0	0	0	0	0	0	1	0	0
A	BL	18	127	1	1	BA1652	35627	7	8	2	0	1	0	0	0	0	0	0
A	BL	18	127	1	1	BA1652	35635	8	0	0	0	0	0	0	0	1	0	0
A	BL	18	127	1	1	BA1652	35637	8	7	0	0	0	0	0	0	0	0	0
A	BL	18	127	1	1	BA1652	35639	7	8	2	0	1	0	0	0	0	0	0
A	BL	18	127	1	1	BA1652	35649	8	7	0	0	0	0	0	0	0	0	0
A	BL	18	127	1	1	BA1652	35651	7	0	0	0	0	0	0	0	1	0	0
A	BL	18	127	1	1	BA1652	35654	7	8	2	0	1	0	0	0	0	0	0
A	BL	18	127	1	1	BA1652	35659	8	0	0	0	0	0	0	0	1	0	0
A	BL	18	127	1	1	BA1652	35663	8	0	0	0	1	0	0	0	0	0	0
A	BL	18	127	1	1	BA1652	35664	8	7	0	0	0	0	0	0	0	0	0
A	BL	18	127	1	1	BA1652	35685	7	0	0	0	0	0	0	0	1	0	0
A	BL	18	127	1	1	BA1652	35695	7	8	2	0	1	0	0	0	0	0	0
A	BL	18	127	1	1	BA1652	35704	8	0	0	0	0	0	0	0	1	0	0
A	BL	18	127	1	1	BA1652	35705	8	9	0	0	1	0	0	0	0	0	0
A	BL	18	127	1	1	BA1652	35715	9	10	0	0	0	0	0	0	0	0	0
A	BL	18	127	1	1	BA1652	35717	10	0	0	0	0	0	0	0	1	0	0
A	BL	18	127	1	1	BA1652	35790	10	2	0	0	0	0	0	0	0	0	0
A	BL	18	127	1	1	BA1652	35791	2	3	0	0	0	0	0	0	0	0	0
A	BL	18	127	1	1	BA1652	35881	3	5	1	1	0	0	0	0	0	0	0
A	BL	18	127	1	1	BA1652	35885	5	0	0	0	0	0	0	1	0	0	0
A	BL	18	127	1	1	BA1652	35891	5	4	0	1	0	0	0	0	0	0	0
A	BL	18	127	1	1	BA1652	35909	4	0	0	0	0	0	0	1	0	0	0
A	BL	18	127	1	1	BA1652	35911	4	5	1	1	0	0	0	0	0	0	0
A	BL	18	127	1	1	BA1652	35921	5	4	0	0	0	0	0	0	0	0	0
A	BL	18	127	1	1	BA1652	35926	4	0	0	0	0	0	0	1	0	0	0
A	BL	18	127	1	1	BA1652	35930	4	5	1	1	0	0	0	0	0	0	0
A	BL	18	127	1	1	BA1652	35934	5	0	0	0	0	0	0	1	0	0	0
A	BL	18	127	1	1	BA1652	35940	5	4	0	0	0	0	0	0	0	0	0
A	BL	18	127	1	1	BA1652	35945	4	5	1	1	0	0	0	0	0	0	0
A	BL	18	127	1	1	BA1652	35955	5	4	0	0	0	0	0	0	0	0	0
A	BL	18	127	1	1	BA1652	35972	4	0	0	0	0	0	0	1	0	0	0
A	BL	18	127	1	1	BA1652	35983	4	5	1	1	0	0	0	0	0	0	0
A	BL	18	127	1	1	BA1652	35987	5	0	0	0	0	0	0	1	0	0	0
A	BL	18	127	1	1	BA1652	35993	5	9	0	0	0	0	0	0	0	0	0
A	BL	18	127	1	1	BA1652	36003	9	-1	0	0	0	0	0	0	0	0	0
