Project	UserID	Protocol	Session	Station	Run	Subject	Time	Current State	Transition State	Transition Event	A1 - 	A2 - 	A3 - 	A4 - 	A[1] 	A[2] 	A[3] 	A[4] 
A	AG	18	105	1	2	BA1652	0	0	1	0	0	0	0	0	0	0	0	0
A	AG	18	105	1	2	BA1652	50	1	2	0	0	0	0	0	0	0	0	0
A	AG	18	105	1	2	BA1652	51	2	3	0	0	0	0	0	0	0	0	0
A	AG	18	105	1	2	BA1652	756	3	5	1	1	0	0	0	0	0	0	0
A	AG	18	105	1	2	BA1652	766	5	4	0	0	0	0	0	0	0	0	0
A	AG	18	105	1	2	BA1652	769	4	0	0	0	0	0	0	1	0	0	0
A	AG	18	105	1	2	BA1652	793	4	5	1	1	0	0	0	0	0	0	0
A	AG	18	105	1	2	BA1652	803	5	4	0	0	0	0	0	0	0	0	0
A	AG	18	105	1	2	BA1652	815	4	0	0	0	0	0	0	1	0	0	0
A	AG	18	105	1	2	BA1652	821	4	5	1	1	0	0	0	0	0	0	0
A	AG	18	105	1	2	BA1652	831	5	4	0	0	0	0	0	1	0	0	0
A	AG	18	105	1	2	BA1652	832	4	5	1	1	0	0	0	0	0	0	0
A	AG	18	105	1	2	BA1652	842	5	4	0	0	0	0	0	0	0	0	0
A	AG	18	105	1	2	BA1652	843	4	0	0	0	0	0	0	1	0	0	0
A	AG	18	105	1	2	BA1652	845	4	5	1	1	0	0	0	0	0	0	0
A	AG	18	105	1	2	BA1652	847	5	0	0	0	0	0	0	1	0	0	0
A	AG	18	105	1	2	BA1652	855	5	9	0	0	0	0	0	0	0	0	0
A	AG	18	105	1	2	BA1652	865	9	10	0	0	0	0	0	0	0	0	0
A	AG	18	105	1	2	BA1652	940	10	2	0	0	0	0	0	0	0	0	0
A	AG	18	105	1	2	BA1652	941	2	3	0	0	0	0	0	0	0	0	0
A	AG	18	105	1	2	BA1652	1000	3	5	1	1	0	0	0	0	0	0	0
A	AG	18	105	1	2	BA1652	1010	5	4	0	0	0	0	0	0	0	0	0
A	AG	18	105	1	2	BA1652	1011	4	0	0	0	0	0	0	1	0	0	0
A	AG	18	105	1	2	BA1652	1044	4	5	1	1	0	0	0	0	0	0	0
A	AG	18	105	1	2	BA1652	1051	5	0	0	0	0	0	0	1	0	0	0
A	AG	18	105	1	2	BA1652	1054	5	4	0	0	0	0	0	0	0	0	0
A	AG	18	105	1	2	BA1652	1099	4	5	1	1	0	0	0	0	0	0	0
A	AG	18	105	1	2	BA1652	1101	5	0	0	0	0	0	0	1	0	0	0
A	AG	18	105	1	2	BA1652	1108	5	0	0	1	0	0	0	0	0	0	0
A	AG	18	105	1	2	BA1652	1109	5	4	0	0	0	0	0	0	0	0	0
A	AG	18	105	1	2	BA1652	1113	4	0	0	0	0	0	0	1	0	0	0
A	AG	18	105	1	2	BA1652	1117	4	5	1	1	0	0	0	0	0	0	0
A	AG	18	105	1	2	BA1652	1127	5	4	0	0	0	0	0	0	0	0	0
A	AG	18	105	1	2	BA1652	1131	4	0	0	0	0	0	0	1	0	0	0
A	AG	18	105	1	2	BA1652	1155	4	5	1	1	0	0	0	0	0	0	0
A	AG	18	105	1	2	BA1652	1164	5	0	0	0	0	0	0	1	0	0	0
A	AG	18	105	1	2	BA1652	1165	5	9	0	0	0	0	0	0	0	0	0
A	AG	18	105	1	2	BA1652	1175	9	10	0	0	0	0	0	0	0	0	0
A	AG	18	105	1	2	BA1652	1250	10	2	0	0	0	0	0	0	0	0	0
A	AG	18	105	1	2	BA1652	1251	2	3	0	0	0	0	0	0	0	0	0
A	AG	18	105	1	2	BA1652	1318	3	5	1	1	0	0	0	0	0	0	0
A	AG	18	105	1	2	BA1652	1328	5	4	0	0	0	0	0	0	0	0	0
A	AG	18	105	1	2	BA1652	1332	4	0	0	0	0	0	0	1	0	0	0
A	AG	18	105	1	2	BA1652	1333	4	5	1	1	0	0	0	0	0	0	0
A	AG	18	105	1	2	BA1652	1340	5	0	0	0	0	0	0	1	0	0	0
A	AG	18	105	1	2	BA1652	1343	5	4	0	0	0	0	0	0	0	0	0
A	AG	18	105	1	2	BA1652	1407	4	5	1	1	0	0	0	0	0	0	0
A	AG	18	105	1	2	BA1652	1412	5	0	0	0	0	0	0	1	0	0	0
A	AG	18	105	1	2	BA1652	1417	5	4	0	0	0	0	0	0	0	0	0
A	AG	18	105	1	2	BA1652	1525	4	5	1	1	0	0	0	0	0	0	0
A	AG	18	105	1	2	BA1652	1535	5	4	0	0	0	0	0	0	0	0	0
A	AG	18	105	1	2	BA1652	1537	4	0	0	0	0	0	0	1	0	0	0
A	AG	18	105	1	2	BA1652	1538	4	5	1	1	0	0	0	0	0	0	0
A	AG	18	105	1	2	BA1652	1542	5	0	0	0	0	0	0	1	0	0	0
A	AG	18	105	1	2	BA1652	1548	5	9	0	0	0	0	0	0	0	0	0
A	AG	18	105	1	2	BA1652	1558	9	10	0	0	0	0	0	0	0	0	0
A	AG	18	105	1	2	BA1652	1633	10	2	0	0	0	0	0	0	0	0	0
A	AG	18	105	1	2	BA1652	1634	2	6	0	0	0	0	0	0	0	0	0
A	AG	18	105	1	2	BA1652	2319	6	8	2	0	1	0	0	0	0	0	0
A	AG	18	105	1	2	BA1652	2329	8	7	0	0	0	0	0	0	0	0	0
A	AG	18	105	1	2	BA1652	2339	7	0	0	0	0	0	0	0	1	0	0
A	AG	18	105	1	2	BA1652	2384	7	8	2	0	1	0	0	0	0	0	0
A	AG	18	105	1	2	BA1652	2394	8	7	0	0	0	0	0	0	0	0	0
A	AG	18	105	1	2	BA1652	2487	7	0	0	0	0	0	0	0	1	0	0
A	AG	18	105	1	2	BA1652	2536	7	8	2	0	1	0	0	0	0	0	0
A	AG	18	105	1	2	BA1652	2546	8	7	0	0	0	0	0	0	0	0	0
A	AG	18	105	1	2	BA1652	2670	7	0	0	0	0	0	0	0	1	0	0
A	AG	18	105	1	2	BA1652	2674	7	8	2	0	1	0	0	0	0	0	0
A	AG	18	105	1	2	BA1652	2684	8	7	0	0	0	0	0	0	0	0	0
A	AG	18	105	1	2	BA1652	2710	7	0	0	0	0	0	0	0	1	0	0
A	AG	18	105	1	2	BA1652	2741	7	8	2	0	1	0	0	0	0	0	0
A	AG	18	105	1	2	BA1652	2743	8	0	0	0	0	0	0	0	1	0	0
A	AG	18	105	1	2	BA1652	2751	8	7	0	0	0	0	0	0	0	0	0
A	AG	18	105	1	2	BA1652	2764	7	8	2	0	1	0	0	0	0	0	0
A	AG	18	105	1	2	BA1652	2774	8	7	0	0	0	0	0	0	0	0	0
A	AG	18	105	1	2	BA1652	2795	7	0	0	0	0	0	0	0	1	0	0
A	AG	18	105	1	2	BA1652	2832	7	8	2	0	1	0	0	0	0	0	0
A	AG	18	105	1	2	BA1652	2841	8	0	0	0	0	0	0	0	1	0	0
A	AG	18	105	1	2	BA1652	2842	8	7	0	0	0	0	0	0	0	0	0
A	AG	18	105	1	2	BA1652	2844	7	8	2	0	1	0	0	0	0	0	0
A	AG	18	105	1	2	BA1652	2854	8	7	0	0	0	0	0	0	0	0	0
A	AG	18	105	1	2	BA1652	2859	7	0	0	0	0	0	0	0	1	0	0
A	AG	18	105	1	2	BA1652	2864	7	8	2	0	1	0	0	0	0	0	0
A	AG	18	105	1	2	BA1652	2874	8	7	0	0	0	0	0	0	0	0	0
A	AG	18	105	1	2	BA1652	2899	7	0	0	0	0	0	0	0	1	0	0
A	AG	18	105	1	2	BA1652	2903	7	8	2	0	1	0	0	0	0	0	0
A	AG	18	105	1	2	BA1652	2909	8	0	0	0	0	0	0	0	1	0	0
A	AG	18	105	1	2	BA1652	2913	8	7	0	0	0	0	0	0	0	0	0
A	AG	18	105	1	2	BA1652	2946	7	8	2	0	1	0	0	0	0	0	0
A	AG	18	105	1	2	BA1652	2956	8	7	0	0	0	0	0	0	0	0	0
A	AG	18	105	1	2	BA1652	2974	7	0	0	0	0	0	0	0	1	0	0
A	AG	18	105	1	2	BA1652	2975	7	8	2	0	1	0	0	0	0	0	0
A	AG	18	105	1	2	BA1652	2977	8	0	0	0	1	0	0	0	1	0	0
A	AG	18	105	1	2	BA1652	2979	8	0	0	0	0	0	0	0	1	0	0
A	AG	18	105	1	2	BA1652	2984	8	0	0	0	1	0	0	0	0	0	0
A	AG	18	105	1	2	BA1652	2985	8	7	0	0	0	0	0	0	0	0	0
A	AG	18	105	1	2	BA1652	2987	7	0	0	0	0	0	0	0	1	0	0
A	AG	18	105	1	2	BA1652	3016	7	8	2	0	1	0	0	0	0	0	0
A	AG	18	105	1	2	BA1652	3017	8	0	0	0	0	0	0	0	1	0	0
A	AG	18	105	1	2	BA1652	3020	8	0	0	0	1	0	0	0	0	0	0
A	AG	18	105	1	2	BA1652	3021	8	0	0	0	0	0	0	0	1	0	0
A	AG	18	105	1	2	BA1652	3026	8	7	0	0	0	0	0	0	0	0	0
A	AG	18	105	1	2	BA1652	3028	7	8	2	0	1	0	0	0	0	0	0
A	AG	18	105	1	2	BA1652	3038	8	7	0	0	0	0	0	0	0	0	0
A	AG	18	105	1	2	BA1652	3061	7	0	0	0	0	0	0	0	1	0	0
A	AG	18	105	1	2	BA1652	3065	7	8	2	0	1	0	0	0	0	0	0
A	AG	18	105	1	2	BA1652	3071	8	0	0	0	0	0	0	0	1	0	0
A	AG	18	105	1	2	BA1652	3073	8	0	0	0	1	0	0	0	0	0	0
A	AG	18	105	1	2	BA1652	3075	8	7	0	0	0	0	0	0	0	0	0
A	AG	18	105	1	2	BA1652	3081	7	0	0	0	0	0	0	0	1	0	0
A	AG	18	105	1	2	BA1652	3082	7	8	2	0	1	0	0	0	0	0	0
A	AG	18	105	1	2	BA1652	3087	8	0	0	0	0	0	0	0	1	0	0
A	AG	18	105	1	2	BA1652	3088	8	0	0	0	1	0	0	0	0	0	0
A	AG	18	105	1	2	BA1652	3092	8	7	0	0	0	0	0	0	0	0	0
A	AG	18	105	1	2	BA1652	3097	7	0	0	0	0	0	0	0	1	0	0
A	AG	18	105	1	2	BA1652	3131	7	8	2	0	1	0	0	0	0	0	0
A	AG	18	105	1	2	BA1652	3141	8	7	0	0	0	0	0	0	0	0	0
A	AG	18	105	1	2	BA1652	3174	7	0	0	0	0	0	0	0	1	0	0
A	AG	18	105	1	2	BA1652	3222	7	8	2	0	1	0	0	0	0	0	0
A	AG	18	105	1	2	BA1652	3229	8	0	0	0	0	0	0	0	1	0	0
A	AG	18	105	1	2	BA1652	3232	8	7	0	0	0	0	0	0	0	0	0
A	AG	18	105	1	2	BA1652	3245	7	8	2	0	1	0	0	0	0	0	0
A	AG	18	105	1	2	BA1652	3246	8	0	0	0	0	0	0	0	1	0	0
A	AG	18	105	1	2	BA1652	3255	8	7	0	0	1	0	0	0	0	0	0
A	AG	18	105	1	2	BA1652	3275	7	0	0	0	0	0	0	0	1	0	0
A	AG	18	105	1	2	BA1652	3279	7	8	2	0	1	0	0	0	0	0	0
A	AG	18	105	1	2	BA1652	3289	8	9	0	0	0	0	0	0	0	0	0
A	AG	18	105	1	2	BA1652	3291	9	0	0	0	0	0	0	0	1	0	0
A	AG	18	105	1	2	BA1652	3293	9	0	0	0	1	0	0	0	0	0	0
A	AG	18	105	1	2	BA1652	3298	9	0	0	0	0	0	0	0	1	0	0
A	AG	18	105	1	2	BA1652	3299	9	10	0	0	0	0	0	0	0	0	0
A	AG	18	105	1	2	BA1652	3374	10	2	0	0	0	0	0	0	0	0	0
A	AG	18	105	1	2	BA1652	3375	2	6	0	0	0	0	0	0	0	0	0
A	AG	18	105	1	2	BA1652	3506	6	8	2	0	1	0	0	0	0	0	0
A	AG	18	105	1	2	BA1652	3516	8	7	0	0	0	0	0	0	0	0	0
A	AG	18	105	1	2	BA1652	3546	7	0	0	0	0	0	0	0	1	0	0
A	AG	18	105	1	2	BA1652	3559	7	8	2	0	1	0	0	0	0	0	0
A	AG	18	105	1	2	BA1652	3569	8	7	0	0	0	0	0	0	0	0	0
A	AG	18	105	1	2	BA1652	3573	7	0	0	0	0	0	0	0	1	0	0
A	AG	18	105	1	2	BA1652	3578	7	8	2	0	1	0	0	0	0	0	0
A	AG	18	105	1	2	BA1652	3588	8	7	0	0	0	0	0	0	0	0	0
A	AG	18	105	1	2	BA1652	3596	7	0	0	0	0	0	0	0	1	0	0
A	AG	18	105	1	2	BA1652	3655	7	8	2	0	1	0	0	0	0	0	0
A	AG	18	105	1	2	BA1652	3663	8	0	0	0	0	0	0	0	1	0	0
A	AG	18	105	1	2	BA1652	3665	8	7	0	0	0	0	0	0	0	0	0
A	AG	18	105	1	2	BA1652	3687	7	8	2	0	1	0	0	0	0	0	0
A	AG	18	105	1	2	BA1652	3697	8	7	0	0	0	0	0	0	0	0	0
A	AG	18	105	1	2	BA1652	3709	7	0	0	0	0	0	0	0	1	0	0
A	AG	18	105	1	2	BA1652	3713	7	8	2	0	1	0	0	0	0	0	0
A	AG	18	105	1	2	BA1652	3723	8	7	0	0	0	0	0	0	0	0	0
A	AG	18	105	1	2	BA1652	3728	7	0	0	0	0	0	0	0	1	0	0
A	AG	18	105	1	2	BA1652	3733	7	8	2	0	1	0	0	0	0	0	0
A	AG	18	105	1	2	BA1652	3734	8	0	0	0	0	0	0	0	1	0	0
A	AG	18	105	1	2	BA1652	3741	8	0	0	0	1	0	0	0	0	0	0
A	AG	18	105	1	2	BA1652	3743	8	7	0	0	0	0	0	0	0	0	0
A	AG	18	105	1	2	BA1652	3745	7	0	0	0	0	0	0	0	1	0	0
A	AG	18	105	1	2	BA1652	3750	7	8	2	0	1	0	0	0	0	0	0
A	AG	18	105	1	2	BA1652	3760	8	7	0	0	0	0	0	0	0	0	0
A	AG	18	105	1	2	BA1652	3762	7	0	0	0	0	0	0	0	1	0	0
A	AG	18	105	1	2	BA1652	3782	7	8	2	0	1	0	0	0	0	0	0
A	AG	18	105	1	2	BA1652	3791	8	0	0	0	0	0	0	0	1	0	0
A	AG	18	105	1	2	BA1652	3792	8	7	0	0	0	0	0	0	0	0	0
A	AG	18	105	1	2	BA1652	3794	7	8	2	0	1	0	0	0	0	0	0
A	AG	18	105	1	2	BA1652	3804	8	7	0	0	0	0	0	0	0	0	0
A	AG	18	105	1	2	BA1652	3867	7	0	0	0	0	0	0	0	1	0	0
A	AG	18	105	1	2	BA1652	3868	7	8	2	0	1	0	0	0	0	0	0
A	AG	18	105	1	2	BA1652	3870	8	0	0	0	0	0	0	0	1	0	0
A	AG	18	105	1	2	BA1652	3878	8	7	0	0	0	0	0	0	0	0	0
A	AG	18	105	1	2	BA1652	3916	7	8	2	0	1	0	0	0	0	0	0
A	AG	18	105	1	2	BA1652	3926	8	7	0	0	0	0	0	0	0	0	0
A	AG	18	105	1	2	BA1652	3937	7	0	0	0	0	0	0	0	1	0	0
A	AG	18	105	1	2	BA1652	3942	7	8	2	0	1	0	0	0	0	0	0
A	AG	18	105	1	2	BA1652	3946	8	0	0	0	0	0	0	0	1	0	0
A	AG	18	105	1	2	BA1652	3947	8	0	0	0	1	0	0	0	0	0	0
A	AG	18	105	1	2	BA1652	3952	8	7	0	0	0	0	0	0	0	0	0
A	AG	18	105	1	2	BA1652	3960	7	0	0	0	0	0	0	0	1	0	0
A	AG	18	105	1	2	BA1652	3963	7	8	2	0	1	0	0	0	0	0	0
A	AG	18	105	1	2	BA1652	3973	8	7	0	0	0	0	0	0	0	0	0
A	AG	18	105	1	2	BA1652	3983	7	0	0	0	0	0	0	0	1	0	0
A	AG	18	105	1	2	BA1652	3986	7	8	2	0	1	0	0	0	0	0	0
A	AG	18	105	1	2	BA1652	3996	8	7	0	0	0	0	0	0	0	0	0
A	AG	18	105	1	2	BA1652	4013	7	0	0	0	0	0	0	0	1	0	0
A	AG	18	105	1	2	BA1652	4025	7	8	2	0	1	0	0	0	0	0	0
A	AG	18	105	1	2	BA1652	4031	8	0	0	0	0	0	0	0	1	0	0
A	AG	18	105	1	2	BA1652	4033	8	0	0	0	1	0	0	0	0	0	0
A	AG	18	105	1	2	BA1652	4035	8	7	0	0	0	0	0	0	0	0	0
A	AG	18	105	1	2	BA1652	4071	7	0	0	0	0	0	0	0	1	0	0
A	AG	18	105	1	2	BA1652	4080	7	8	2	0	1	0	0	0	0	0	0
A	AG	18	105	1	2	BA1652	4090	8	7	0	0	0	0	0	0	0	0	0
A	AG	18	105	1	2	BA1652	4095	7	0	0	0	0	0	0	0	1	0	0
A	AG	18	105	1	2	BA1652	4098	7	8	2	0	1	0	0	0	0	0	0
A	AG	18	105	1	2	BA1652	4108	8	7	0	0	0	0	0	0	0	0	0
A	AG	18	105	1	2	BA1652	4135	7	0	0	0	0	0	0	0	1	0	0
A	AG	18	105	1	2	BA1652	4170	7	8	2	0	1	0	0	0	0	0	0
A	AG	18	105	1	2	BA1652	4172	8	0	0	0	0	0	0	0	1	0	0
A	AG	18	105	1	2	BA1652	4179	8	0	0	0	1	0	0	0	0	0	0
A	AG	18	105	1	2	BA1652	4180	8	7	0	0	0	0	0	0	0	0	0
A	AG	18	105	1	2	BA1652	4192	7	0	0	0	0	0	0	0	1	0	0
A	AG	18	105	1	2	BA1652	4205	7	8	2	0	1	0	0	0	0	0	0
A	AG	18	105	1	2	BA1652	4207	8	0	0	0	0	0	0	0	1	0	0
A	AG	18	105	1	2	BA1652	4215	8	9	0	0	0	0	0	0	0	0	0
A	AG	18	105	1	2	BA1652	4225	9	10	0	0	1	0	0	0	0	0	0
A	AG	18	105	1	2	BA1652	4226	10	0	0	0	0	0	0	0	1	0	0
A	AG	18	105	1	2	BA1652	4300	10	2	0	0	0	0	0	0	0	0	0
A	AG	18	105	1	2	BA1652	4301	2	6	0	0	0	0	0	0	0	0	0
A	AG	18	105	1	2	BA1652	4399	6	8	2	0	1	0	0	0	0	0	0
A	AG	18	105	1	2	BA1652	4406	8	0	0	0	0	0	0	0	1	0	0
A	AG	18	105	1	2	BA1652	4409	8	7	0	0	0	0	0	0	0	0	0
A	AG	18	105	1	2	BA1652	4425	7	8	2	0	1	0	0	0	0	0	0
A	AG	18	105	1	2	BA1652	4434	8	0	0	0	0	0	0	0	1	0	0
A	AG	18	105	1	2	BA1652	4435	8	7	0	0	0	0	0	0	0	0	0
A	AG	18	105	1	2	BA1652	4468	7	8	2	0	1	0	0	0	0	0	0
A	AG	18	105	1	2	BA1652	4477	8	0	0	0	0	0	0	0	1	0	0
A	AG	18	105	1	2	BA1652	4478	8	7	0	0	0	0	0	0	0	0	0
A	AG	18	105	1	2	BA1652	4482	7	8	2	0	1	0	0	0	0	0	0
A	AG	18	105	1	2	BA1652	4492	8	7	0	0	0	0	0	0	0	0	0
A	AG	18	105	1	2	BA1652	4550	7	0	0	0	0	0	0	0	1	0	0
A	AG	18	105	1	2	BA1652	4557	7	8	2	0	1	0	0	0	0	0	0
A	AG	18	105	1	2	BA1652	4567	8	7	0	0	0	0	0	0	0	0	0
A	AG	18	105	1	2	BA1652	4571	7	0	0	0	0	0	0	0	1	0	0
A	AG	18	105	1	2	BA1652	4572	7	8	2	0	1	0	0	0	0	0	0
A	AG	18	105	1	2	BA1652	4582	8	7	0	0	0	0	0	0	0	0	0
A	AG	18	105	1	2	BA1652	4590	7	0	0	0	0	0	0	0	1	0	0
A	AG	18	105	1	2	BA1652	4597	7	8	2	0	1	0	0	0	0	0	0
A	AG	18	105	1	2	BA1652	4600	8	0	0	0	0	0	0	0	1	0	0
A	AG	18	105	1	2	BA1652	4604	8	0	0	0	1	0	0	0	0	0	0
A	AG	18	105	1	2	BA1652	4607	8	7	0	0	0	0	0	0	0	0	0
A	AG	18	105	1	2	BA1652	4613	7	0	0	0	0	0	0	0	1	0	0
A	AG	18	105	1	2	BA1652	4625	7	8	2	0	1	0	0	0	0	0	0
A	AG	18	105	1	2	BA1652	4635	8	7	0	0	0	0	0	0	0	0	0
A	AG	18	105	1	2	BA1652	4645	7	0	0	0	0	0	0	0	1	0	0
A	AG	18	105	1	2	BA1652	4650	7	8	2	0	1	0	0	0	0	0	0
A	AG	18	105	1	2	BA1652	4660	8	7	0	0	0	0	0	0	0	0	0
A	AG	18	105	1	2	BA1652	4682	7	0	0	0	0	0	0	0	1	0	0
A	AG	18	105	1	2	BA1652	4706	7	8	2	0	1	0	0	0	0	0	0
A	AG	18	105	1	2	BA1652	4708	8	0	0	0	1	0	0	0	1	0	0
A	AG	18	105	1	2	BA1652	4716	8	7	0	0	0	0	0	0	1	0	0
A	AG	18	105	1	2	BA1652	4718	7	8	2	0	1	0	0	0	0	0	0
A	AG	18	105	1	2	BA1652	4728	8	7	0	0	0	0	0	0	0	0	0
A	AG	18	105	1	2	BA1652	4756	7	0	0	0	0	0	0	0	1	0	0
A	AG	18	105	1	2	BA1652	4762	7	8	2	0	1	0	0	0	0	0	0
A	AG	18	105	1	2	BA1652	4772	8	7	0	0	0	0	0	0	0	0	0
A	AG	18	105	1	2	BA1652	4786	7	0	0	0	0	0	0	0	1	0	0
A	AG	18	105	1	2	BA1652	4833	7	8	2	0	1	0	0	0	0	0	0
A	AG	18	105	1	2	BA1652	4836	8	0	0	0	0	0	0	0	1	0	0
A	AG	18	105	1	2	BA1652	4843	8	7	0	0	1	0	0	0	0	0	0
A	AG	18	105	1	2	BA1652	4846	7	0	0	0	0	0	0	0	1	0	0
A	AG	18	105	1	2	BA1652	4853	7	8	2	0	1	0	0	0	0	0	0
A	AG	18	105	1	2	BA1652	4855	8	0	0	0	0	0	0	0	1	0	0
A	AG	18	105	1	2	BA1652	4860	8	0	0	0	1	0	0	0	0	0	0
A	AG	18	105	1	2	BA1652	4863	8	7	0	0	0	0	0	0	0	0	0
A	AG	18	105	1	2	BA1652	4875	7	0	0	0	0	0	0	0	1	0	0
A	AG	18	105	1	2	BA1652	4879	7	8	2	0	1	0	0	0	0	0	0
A	AG	18	105	1	2	BA1652	4889	8	7	0	0	0	0	0	0	0	0	0
A	AG	18	105	1	2	BA1652	4900	7	0	0	0	0	0	0	0	1	0	0
A	AG	18	105	1	2	BA1652	4905	7	8	2	0	1	0	0	0	0	0	0
A	AG	18	105	1	2	BA1652	4915	8	7	0	0	0	0	0	0	0	0	0
A	AG	18	105	1	2	BA1652	4917	7	0	0	0	0	0	0	0	1	0	0
A	AG	18	105	1	2	BA1652	4984	7	8	2	0	1	0	0	0	0	0	0
A	AG	18	105	1	2	BA1652	4994	8	7	0	0	0	0	0	0	0	0	0
A	AG	18	105	1	2	BA1652	5038	7	0	0	0	0	0	0	0	1	0	0
A	AG	18	105	1	2	BA1652	5085	7	8	2	0	1	0	0	0	0	0	0
A	AG	18	105	1	2	BA1652	5095	8	7	0	0	0	0	0	0	0	0	0
A	AG	18	105	1	2	BA1652	5096	7	0	0	0	0	0	0	0	1	0	0
A	AG	18	105	1	2	BA1652	5098	7	8	2	0	1	0	0	0	0	0	0
A	AG	18	105	1	2	BA1652	5105	8	0	0	0	0	0	0	0	1	0	0
A	AG	18	105	1	2	BA1652	5108	8	7	0	0	0	0	0	0	0	0	0
A	AG	18	105	1	2	BA1652	5109	7	8	2	0	1	0	0	0	0	0	0
A	AG	18	105	1	2	BA1652	5119	8	9	0	0	0	0	0	0	0	0	0
A	AG	18	105	1	2	BA1652	5122	9	0	0	0	0	0	0	0	1	0	0
A	AG	18	105	1	2	BA1652	5129	9	10	0	0	0	0	0	0	0	0	0
A	AG	18	105	1	2	BA1652	5204	10	2	0	0	0	0	0	0	0	0	0
A	AG	18	105	1	2	BA1652	5205	2	3	0	0	0	0	0	0	0	0	0
A	AG	18	105	1	2	BA1652	5286	3	5	1	1	0	0	0	0	0	0	0
A	AG	18	105	1	2	BA1652	5296	5	4	0	0	0	0	0	0	0	0	0
A	AG	18	105	1	2	BA1652	5297	4	0	0	0	0	0	0	1	0	0	0
A	AG	18	105	1	2	BA1652	5304	4	5	1	1	0	0	0	0	0	0	0
A	AG	18	105	1	2	BA1652	5311	5	0	0	0	0	0	0	1	0	0	0
A	AG	18	105	1	2	BA1652	5314	5	4	0	0	0	0	0	0	0	0	0
A	AG	18	105	1	2	BA1652	5323	4	5	1	1	0	0	0	0	0	0	0
A	AG	18	105	1	2	BA1652	5331	5	0	0	0	0	0	0	1	0	0	0
A	AG	18	105	1	2	BA1652	5333	5	4	0	0	0	0	0	0	0	0	0
A	AG	18	105	1	2	BA1652	5343	4	5	1	1	0	0	0	0	0	0	0
A	AG	18	105	1	2	BA1652	5345	5	0	0	1	0	0	0	1	0	0	0
A	AG	18	105	1	2	BA1652	5350	5	0	0	0	0	0	0	1	0	0	0
A	AG	18	105	1	2	BA1652	5353	5	4	0	1	0	0	0	0	0	0	0
A	AG	18	105	1	2	BA1652	5359	4	0	0	0	0	0	0	1	0	0	0
A	AG	18	105	1	2	BA1652	5403	4	5	1	1	0	0	0	0	0	0	0
A	AG	18	105	1	2	BA1652	5405	5	0	0	0	0	0	0	1	0	0	0
A	AG	18	105	1	2	BA1652	5411	5	0	0	1	0	0	0	0	0	0	0
A	AG	18	105	1	2	BA1652	5413	5	9	0	0	0	0	0	0	0	0	0
A	AG	18	105	1	2	BA1652	5421	9	0	0	0	0	0	0	1	0	0	0
A	AG	18	105	1	2	BA1652	5422	9	0	0	1	0	0	0	0	0	0	0
A	AG	18	105	1	2	BA1652	5423	9	10	0	0	0	0	0	0	0	0	0
A	AG	18	105	1	2	BA1652	5426	10	0	0	0	0	0	0	1	0	0	0
A	AG	18	105	1	2	BA1652	5498	10	2	0	0	0	0	0	0	0	0	0
A	AG	18	105	1	2	BA1652	5499	2	3	0	0	0	0	0	0	0	0	0
A	AG	18	105	1	2	BA1652	5563	3	5	1	1	0	0	0	0	0	0	0
A	AG	18	105	1	2	BA1652	5573	5	4	0	0	0	0	0	0	0	0	0
A	AG	18	105	1	2	BA1652	5586	4	0	0	0	0	0	0	1	0	0	0
A	AG	18	105	1	2	BA1652	5588	4	5	1	1	0	0	0	0	0	0	0
A	AG	18	105	1	2	BA1652	5598	5	4	0	0	0	0	0	0	0	0	0
A	AG	18	105	1	2	BA1652	5601	4	0	0	0	0	0	0	1	0	0	0
A	AG	18	105	1	2	BA1652	5602	4	5	1	1	0	0	0	0	0	0	0
A	AG	18	105	1	2	BA1652	5612	5	4	0	0	0	0	0	0	0	0	0
A	AG	18	105	1	2	BA1652	5630	4	0	0	0	0	0	0	1	0	0	0
A	AG	18	105	1	2	BA1652	5631	4	5	1	1	0	0	0	0	0	0	0
A	AG	18	105	1	2	BA1652	5641	5	4	0	0	0	0	0	0	0	0	0
A	AG	18	105	1	2	BA1652	5654	4	0	0	0	0	0	0	1	0	0	0
A	AG	18	105	1	2	BA1652	5668	4	5	1	1	0	0	0	0	0	0	0
A	AG	18	105	1	2	BA1652	5678	5	9	0	0	0	0	0	0	0	0	0
A	AG	18	105	1	2	BA1652	5687	9	0	0	0	0	0	0	1	0	0	0
A	AG	18	105	1	2	BA1652	5688	9	10	0	0	0	0	0	0	0	0	0
A	AG	18	105	1	2	BA1652	5689	10	0	0	1	0	0	0	0	0	0	0
A	AG	18	105	1	2	BA1652	5696	10	0	0	0	0	0	0	1	0	0	0
A	AG	18	105	1	2	BA1652	5763	10	2	0	0	0	0	0	0	0	0	0
A	AG	18	105	1	2	BA1652	5764	2	6	0	0	0	0	0	0	0	0	0
A	AG	18	105	1	2	BA1652	6810	6	8	2	0	1	0	0	0	0	0	0
A	AG	18	105	1	2	BA1652	6817	8	0	0	0	0	0	0	0	1	0	0
A	AG	18	105	1	2	BA1652	6820	8	7	0	0	0	0	0	0	0	0	0
A	AG	18	105	1	2	BA1652	6931	7	8	2	0	1	0	0	0	0	0	0
A	AG	18	105	1	2	BA1652	6932	8	0	0	0	0	0	0	0	1	0	0
A	AG	18	105	1	2	BA1652	6941	8	7	0	0	0	0	0	0	0	0	0
A	AG	18	105	1	2	BA1652	6942	7	8	2	0	1	0	0	0	0	0	0
A	AG	18	105	1	2	BA1652	6952	8	7	0	0	0	0	0	0	0	0	0
A	AG	18	105	1	2	BA1652	6953	7	0	0	0	0	0	0	0	1	0	0
A	AG	18	105	1	2	BA1652	6954	7	8	2	0	1	0	0	0	0	0	0
A	AG	18	105	1	2	BA1652	6964	8	7	0	0	0	0	0	0	0	0	0
A	AG	18	105	1	2	BA1652	6966	7	0	0	0	0	0	0	0	1	0	0
A	AG	18	105	1	2	BA1652	7018	7	8	2	0	1	0	0	0	0	0	0
A	AG	18	105	1	2	BA1652	7026	8	0	0	0	0	0	0	0	1	0	0
A	AG	18	105	1	2	BA1652	7028	8	7	0	0	0	0	0	0	0	0	0
A	AG	18	105	1	2	BA1652	7063	7	8	2	0	1	0	0	0	0	0	0
A	AG	18	105	1	2	BA1652	7065	8	0	0	0	0	0	0	0	1	0	0
A	AG	18	105	1	2	BA1652	7073	8	7	0	0	0	0	0	0	0	0	0
A	AG	18	105	1	2	BA1652	7089	7	8	2	0	1	0	0	0	0	0	0
A	AG	18	105	1	2	BA1652	7099	8	7	0	0	0	0	0	0	0	0	0
A	AG	18	105	1	2	BA1652	7103	7	0	0	0	0	0	0	0	1	0	0
A	AG	18	105	1	2	BA1652	7106	7	8	2	0	1	0	0	0	0	0	0
A	AG	18	105	1	2	BA1652	7116	8	7	0	0	0	0	0	0	0	0	0
A	AG	18	105	1	2	BA1652	7124	7	0	0	0	0	0	0	0	1	0	0
A	AG	18	105	1	2	BA1652	7169	7	8	2	0	1	0	0	0	0	0	0
A	AG	18	105	1	2	BA1652	7170	8	0	0	0	0	0	0	0	1	0	0
A	AG	18	105	1	2	BA1652	7175	8	0	0	0	1	0	0	0	0	0	0
A	AG	18	105	1	2	BA1652	7177	8	0	0	0	0	0	0	0	1	0	0
A	AG	18	105	1	2	BA1652	7179	8	7	0	0	0	0	0	0	0	0	0
A	AG	18	105	1	2	BA1652	7180	7	8	2	0	1	0	0	0	0	0	0
A	AG	18	105	1	2	BA1652	7186	8	0	0	0	0	0	0	0	1	0	0
A	AG	18	105	1	2	BA1652	7187	8	0	0	0	1	0	0	0	0	0	0
A	AG	18	105	1	2	BA1652	7190	8	7	0	0	0	0	0	0	0	0	0
A	AG	18	105	1	2	BA1652	7192	7	0	0	0	0	0	0	0	1	0	0
A	AG	18	105	1	2	BA1652	7289	7	8	2	0	1	0	0	0	0	0	0
A	AG	18	105	1	2	BA1652	7299	8	7	0	0	0	0	0	0	0	0	0
A	AG	18	105	1	2	BA1652	7301	7	0	0	0	0	0	0	0	1	0	0
A	AG	18	105	1	2	BA1652	7304	7	8	2	0	1	0	0	0	0	0	0
A	AG	18	105	1	2	BA1652	7314	8	7	0	0	0	0	0	0	0	0	0
A	AG	18	105	1	2	BA1652	7330	7	0	0	0	0	0	0	0	1	0	0
A	AG	18	105	1	2	BA1652	7362	7	8	2	0	1	0	0	0	0	0	0
A	AG	18	105	1	2	BA1652	7372	8	7	0	0	0	0	0	0	0	0	0
A	AG	18	105	1	2	BA1652	7373	7	0	0	0	0	0	0	0	1	0	0
A	AG	18	105	1	2	BA1652	7374	7	8	2	0	1	0	0	0	0	0	0
A	AG	18	105	1	2	BA1652	7384	8	7	0	0	0	0	0	0	0	0	0
A	AG	18	105	1	2	BA1652	7390	7	0	0	0	0	0	0	0	1	0	0
A	AG	18	105	1	2	BA1652	7401	7	8	2	0	1	0	0	0	0	0	0
A	AG	18	105	1	2	BA1652	7411	8	7	0	0	0	0	0	0	0	0	0
A	AG	18	105	1	2	BA1652	7435	7	0	0	0	0	0	0	0	1	0	0
A	AG	18	105	1	2	BA1652	7468	7	8	2	0	1	0	0	0	0	0	0
A	AG	18	105	1	2	BA1652	7475	8	0	0	0	0	0	0	0	1	0	0
A	AG	18	105	1	2	BA1652	7478	8	7	0	0	1	0	0	0	0	0	0
A	AG	18	105	1	2	BA1652	7494	7	0	0	0	0	0	0	0	1	0	0
A	AG	18	105	1	2	BA1652	7500	7	8	2	0	1	0	0	0	0	0	0
A	AG	18	105	1	2	BA1652	7509	8	0	0	0	0	0	0	0	1	0	0
A	AG	18	105	1	2	BA1652	7510	8	7	0	0	0	0	0	0	0	0	0
A	AG	18	105	1	2	BA1652	7527	7	8	2	0	1	0	0	0	0	0	0
A	AG	18	105	1	2	BA1652	7536	8	0	0	0	0	0	0	0	1	0	0
A	AG	18	105	1	2	BA1652	7537	8	7	0	0	0	0	0	0	0	0	0
A	AG	18	105	1	2	BA1652	7540	7	8	2	0	1	0	0	0	0	0	0
A	AG	18	105	1	2	BA1652	7550	8	7	0	0	0	0	0	0	0	0	0
A	AG	18	105	1	2	BA1652	7608	7	0	0	0	0	0	0	0	1	0	0
A	AG	18	105	1	2	BA1652	7609	7	8	2	0	1	0	0	0	0	0	0
A	AG	18	105	1	2	BA1652	7619	8	9	0	0	0	0	0	0	0	0	0
A	AG	18	105	1	2	BA1652	7629	9	10	0	0	1	0	0	0	1	0	0
A	AG	18	105	1	2	BA1652	7631	10	0	0	0	0	0	0	0	1	0	0
A	AG	18	105	1	2	BA1652	7704	10	2	0	0	0	0	0	0	0	0	0
A	AG	18	105	1	2	BA1652	7705	2	6	0	0	0	0	0	0	0	0	0
A	AG	18	105	1	2	BA1652	7878	6	8	2	0	1	0	0	0	0	0	0
A	AG	18	105	1	2	BA1652	7880	8	0	0	0	0	0	0	0	1	0	0
A	AG	18	105	1	2	BA1652	7888	8	7	0	0	0	0	0	0	0	0	0
A	AG	18	105	1	2	BA1652	7930	7	8	2	0	1	0	0	0	0	0	0
A	AG	18	105	1	2	BA1652	7937	8	0	0	0	0	0	0	0	1	0	0
A	AG	18	105	1	2	BA1652	7940	8	7	0	0	0	0	0	0	0	0	0
A	AG	18	105	1	2	BA1652	7943	7	8	2	0	1	0	0	0	0	0	0
A	AG	18	105	1	2	BA1652	7946	8	0	0	0	0	0	0	0	1	0	0
A	AG	18	105	1	2	BA1652	7953	8	7	0	0	0	0	0	0	0	0	0
A	AG	18	105	1	2	BA1652	7978	7	8	2	0	1	0	0	0	0	0	0
A	AG	18	105	1	2	BA1652	7980	8	0	0	0	0	0	0	0	1	0	0
A	AG	18	105	1	2	BA1652	7988	8	7	0	0	0	0	0	0	0	0	0
A	AG	18	105	1	2	BA1652	7990	7	8	2	0	1	0	0	0	0	0	0
A	AG	18	105	1	2	BA1652	7997	8	0	0	0	0	0	0	0	1	0	0
A	AG	18	105	1	2	BA1652	8000	8	7	0	0	0	0	0	0	0	0	0
A	AG	18	105	1	2	BA1652	8057	7	8	2	0	1	0	0	0	0	0	0
A	AG	18	105	1	2	BA1652	8061	8	0	0	0	0	0	0	0	1	0	0
A	AG	18	105	1	2	BA1652	8067	8	7	0	0	0	0	0	0	0	0	0
A	AG	18	105	1	2	BA1652	8080	7	8	2	0	1	0	0	0	0	0	0
A	AG	18	105	1	2	BA1652	8090	8	7	0	0	0	0	0	0	0	0	0
A	AG	18	105	1	2	BA1652	8105	7	0	0	0	0	0	0	0	1	0	0
A	AG	18	105	1	2	BA1652	8112	7	8	2	0	1	0	0	0	0	0	0
A	AG	18	105	1	2	BA1652	8122	8	7	0	0	0	0	0	0	0	0	0
A	AG	18	105	1	2	BA1652	8138	7	0	0	0	0	0	0	0	1	0	0
A	AG	18	105	1	2	BA1652	8157	7	8	2	0	1	0	0	0	0	0	0
A	AG	18	105	1	2	BA1652	8167	8	7	0	0	0	0	0	0	0	0	0
A	AG	18	105	1	2	BA1652	8176	7	0	0	0	0	0	0	0	1	0	0
A	AG	18	105	1	2	BA1652	8181	7	8	2	0	1	0	0	0	0	0	0
A	AG	18	105	1	2	BA1652	8188	8	0	0	0	0	0	0	0	1	0	0
A	AG	18	105	1	2	BA1652	8189	8	0	0	0	1	0	0	0	0	0	0
A	AG	18	105	1	2	BA1652	8191	8	7	0	0	0	0	0	0	0	0	0
A	AG	18	105	1	2	BA1652	8253	7	0	0	0	0	0	0	0	1	0	0
A	AG	18	105	1	2	BA1652	8268	7	8	2	0	1	0	0	0	0	0	0
A	AG	18	105	1	2	BA1652	8277	8	0	0	0	0	0	0	0	1	0	0
A	AG	18	105	1	2	BA1652	8278	8	7	0	0	1	0	0	0	0	0	0
A	AG	18	105	1	2	BA1652	8294	7	0	0	0	0	0	0	0	1	0	0
A	AG	18	105	1	2	BA1652	8298	7	8	2	0	1	0	0	0	0	0	0
A	AG	18	105	1	2	BA1652	8307	8	0	0	0	0	0	0	0	1	0	0
A	AG	18	105	1	2	BA1652	8308	8	7	0	0	0	0	0	0	0	0	0
A	AG	18	105	1	2	BA1652	8383	7	8	2	0	1	0	0	0	0	0	0
A	AG	18	105	1	2	BA1652	8393	8	7	0	0	0	0	0	0	0	0	0
A	AG	18	105	1	2	BA1652	8395	7	0	0	0	0	0	0	0	1	0	0
A	AG	18	105	1	2	BA1652	8396	7	8	2	0	1	0	0	0	0	0	0
A	AG	18	105	1	2	BA1652	8406	8	7	0	0	0	0	0	0	0	0	0
A	AG	18	105	1	2	BA1652	8428	7	0	0	0	0	0	0	0	1	0	0
A	AG	18	105	1	2	BA1652	8444	7	8	2	0	1	0	0	0	0	0	0
A	AG	18	105	1	2	BA1652	8447	8	0	0	0	0	0	0	0	1	0	0
A	AG	18	105	1	2	BA1652	8451	8	0	0	0	1	0	0	0	0	0	0
A	AG	18	105	1	2	BA1652	8454	8	7	0	0	0	0	0	0	0	0	0
A	AG	18	105	1	2	BA1652	8457	7	0	0	0	0	0	0	0	1	0	0
A	AG	18	105	1	2	BA1652	8473	7	8	2	0	1	0	0	0	0	0	0
A	AG	18	105	1	2	BA1652	8483	8	7	0	0	0	0	0	0	0	0	0
A	AG	18	105	1	2	BA1652	8498	7	0	0	0	0	0	0	0	1	0	0
A	AG	18	105	1	2	BA1652	8530	7	8	2	0	1	0	0	0	0	0	0
A	AG	18	105	1	2	BA1652	8540	8	7	0	0	0	0	0	0	0	0	0
A	AG	18	105	1	2	BA1652	8565	7	0	0	0	0	0	0	0	1	0	0
A	AG	18	105	1	2	BA1652	8569	7	8	2	0	1	0	0	0	0	0	0
A	AG	18	105	1	2	BA1652	8579	8	7	0	0	0	0	0	0	0	0	0
A	AG	18	105	1	2	BA1652	8583	7	0	0	0	0	0	0	0	1	0	0
A	AG	18	105	1	2	BA1652	8646	7	8	2	0	1	0	0	0	0	0	0
A	AG	18	105	1	2	BA1652	8656	8	7	0	0	0	0	0	0	0	0	0
A	AG	18	105	1	2	BA1652	8661	7	0	0	0	0	0	0	0	1	0	0
A	AG	18	105	1	2	BA1652	8663	7	8	2	0	1	0	0	0	0	0	0
A	AG	18	105	1	2	BA1652	8673	8	9	0	0	0	0	0	0	0	0	0
A	AG	18	105	1	2	BA1652	8674	9	0	0	0	0	0	0	0	1	0	0
A	AG	18	105	1	2	BA1652	8683	9	10	0	0	0	0	0	0	0	0	0
A	AG	18	105	1	2	BA1652	8758	10	2	0	0	0	0	0	0	0	0	0
A	AG	18	105	1	2	BA1652	8759	2	6	0	0	0	0	0	0	0	0	0
A	AG	18	105	1	2	BA1652	9407	6	8	2	0	1	0	0	0	0	0	0
A	AG	18	105	1	2	BA1652	9408	8	0	0	0	0	0	0	0	1	0	0
A	AG	18	105	1	2	BA1652	9415	8	0	0	0	1	0	0	0	0	0	0
A	AG	18	105	1	2	BA1652	9417	8	7	0	0	0	0	0	0	0	0	0
A	AG	18	105	1	2	BA1652	9423	7	0	0	0	0	0	0	0	1	0	0
A	AG	18	105	1	2	BA1652	9471	7	8	2	0	1	0	0	0	0	0	0
A	AG	18	105	1	2	BA1652	9473	8	0	0	0	0	0	0	0	1	0	0
A	AG	18	105	1	2	BA1652	9481	8	7	0	0	0	0	0	0	0	0	0
A	AG	18	105	1	2	BA1652	9484	7	8	2	0	1	0	0	0	0	0	0
A	AG	18	105	1	2	BA1652	9494	8	7	0	0	0	0	0	0	0	0	0
A	AG	18	105	1	2	BA1652	9511	7	0	0	0	0	0	0	0	1	0	0
A	AG	18	105	1	2	BA1652	9567	7	8	2	0	1	0	0	0	0	0	0
A	AG	18	105	1	2	BA1652	9570	8	0	0	0	0	0	0	0	1	0	0
A	AG	18	105	1	2	BA1652	9573	8	0	0	0	1	0	0	0	0	0	0
A	AG	18	105	1	2	BA1652	9577	8	7	0	0	0	0	0	0	0	0	0
A	AG	18	105	1	2	BA1652	9580	7	0	0	0	0	0	0	0	1	0	0
A	AG	18	105	1	2	BA1652	9583	7	8	2	0	1	0	0	0	0	0	0
A	AG	18	105	1	2	BA1652	9584	8	0	0	0	0	0	0	0	1	0	0
A	AG	18	105	1	2	BA1652	9588	8	0	0	0	1	0	0	0	0	0	0
A	AG	18	105	1	2	BA1652	9593	8	7	0	0	0	0	0	0	0	0	0
A	AG	18	105	1	2	BA1652	9610	7	0	0	0	0	0	0	0	1	0	0
A	AG	18	105	1	2	BA1652	9616	7	8	2	0	1	0	0	0	0	0	0
A	AG	18	105	1	2	BA1652	9620	8	0	0	0	0	0	0	0	1	0	0
A	AG	18	105	1	2	BA1652	9626	8	7	0	0	0	0	0	0	0	0	0
A	AG	18	105	1	2	BA1652	9654	7	8	2	0	1	0	0	0	0	0	0
A	AG	18	105	1	2	BA1652	9663	8	0	0	0	0	0	0	0	1	0	0
A	AG	18	105	1	2	BA1652	9664	8	7	0	0	0	0	0	0	0	0	0
A	AG	18	105	1	2	BA1652	9720	7	8	2	0	1	0	0	0	0	0	0
A	AG	18	105	1	2	BA1652	9730	8	7	0	0	0	0	0	0	0	0	0
A	AG	18	105	1	2	BA1652	9742	7	0	0	0	0	0	0	0	1	0	0
A	AG	18	105	1	2	BA1652	9757	7	8	2	0	1	0	0	0	0	0	0
A	AG	18	105	1	2	BA1652	9761	8	0	0	0	0	0	0	0	1	0	0
A	AG	18	105	1	2	BA1652	9764	8	0	0	0	1	0	0	0	0	0	0
A	AG	18	105	1	2	BA1652	9767	8	7	0	0	0	0	0	0	0	0	0
A	AG	18	105	1	2	BA1652	9769	7	8	2	0	1	0	0	0	1	0	0
A	AG	18	105	1	2	BA1652	9779	8	7	0	0	0	0	0	0	0	0	0
A	AG	18	105	1	2	BA1652	9792	7	0	0	0	0	0	0	0	1	0	0
A	AG	18	105	1	2	BA1652	9801	7	8	2	0	1	0	0	0	0	0	0
A	AG	18	105	1	2	BA1652	9809	8	0	0	0	0	0	0	0	1	0	0
A	AG	18	105	1	2	BA1652	9811	8	7	0	0	0	0	0	0	0	0	0
A	AG	18	105	1	2	BA1652	9826	7	8	2	0	1	0	0	0	0	0	0
A	AG	18	105	1	2	BA1652	9833	8	0	0	0	0	0	0	0	1	0	0
A	AG	18	105	1	2	BA1652	9836	8	7	0	0	1	0	0	0	0	0	0
A	AG	18	105	1	2	BA1652	9844	7	0	0	0	0	0	0	0	1	0	0
A	AG	18	105	1	2	BA1652	9846	7	8	2	0	1	0	0	0	0	0	0
A	AG	18	105	1	2	BA1652	9847	8	0	0	0	0	0	0	0	1	0	0
A	AG	18	105	1	2	BA1652	9856	8	7	0	0	0	0	0	0	0	0	0
A	AG	18	105	1	2	BA1652	9908	7	8	2	0	1	0	0	0	0	0	0
A	AG	18	105	1	2	BA1652	9916	8	0	0	0	0	0	0	0	1	0	0
A	AG	18	105	1	2	BA1652	9918	8	7	0	0	0	0	0	0	0	0	0
A	AG	18	105	1	2	BA1652	9919	7	8	2	0	1	0	0	0	0	0	0
A	AG	18	105	1	2	BA1652	9929	8	7	0	0	0	0	0	0	0	0	0
A	AG	18	105	1	2	BA1652	9930	7	0	0	0	0	0	0	0	1	0	0
A	AG	18	105	1	2	BA1652	9934	7	8	2	0	1	0	0	0	0	0	0
A	AG	18	105	1	2	BA1652	9944	8	7	0	0	0	0	0	0	0	0	0
A	AG	18	105	1	2	BA1652	9956	7	0	0	0	0	0	0	0	1	0	0
A	AG	18	105	1	2	BA1652	9985	7	8	2	0	1	0	0	0	0	0	0
A	AG	18	105	1	2	BA1652	9995	8	7	0	0	0	0	0	0	1	0	0
A	AG	18	105	1	2	BA1652	9998	7	8	2	0	1	0	0	0	0	0	0
A	AG	18	105	1	2	BA1652	10005	8	0	0	0	0	0	0	0	1	0	0
A	AG	18	105	1	2	BA1652	10008	8	7	0	0	0	0	0	0	0	0	0
A	AG	18	105	1	2	BA1652	10009	7	8	2	0	1	0	0	0	0	0	0
A	AG	18	105	1	2	BA1652	10011	8	0	0	0	0	0	0	0	1	0	0
A	AG	18	105	1	2	BA1652	10012	8	0	0	0	1	0	0	0	0	0	0
A	AG	18	105	1	2	BA1652	10019	8	7	0	0	0	0	0	0	0	0	0
A	AG	18	105	1	2	BA1652	10020	7	0	0	0	0	0	0	0	1	0	0
A	AG	18	105	1	2	BA1652	10024	7	8	2	0	1	0	0	0	0	0	0
A	AG	18	105	1	2	BA1652	10029	8	0	0	0	0	0	0	0	1	0	0
A	AG	18	105	1	2	BA1652	10033	8	0	0	0	1	0	0	0	0	0	0
A	AG	18	105	1	2	BA1652	10034	8	9	0	0	0	0	0	0	0	0	0
A	AG	18	105	1	2	BA1652	10035	9	0	0	0	0	0	0	0	1	0	0
A	AG	18	105	1	2	BA1652	10044	9	10	0	0	0	0	0	0	0	0	0
A	AG	18	105	1	2	BA1652	10119	10	2	0	0	0	0	0	0	0	0	0
A	AG	18	105	1	2	BA1652	10120	2	3	0	0	0	0	0	0	0	0	0
A	AG	18	105	1	2	BA1652	10185	3	5	1	1	0	0	0	0	0	0	0
A	AG	18	105	1	2	BA1652	10195	5	4	0	0	0	0	0	0	0	0	0
A	AG	18	105	1	2	BA1652	10205	4	0	0	0	0	0	0	1	0	0	0
A	AG	18	105	1	2	BA1652	10212	4	5	1	1	0	0	0	0	0	0	0
A	AG	18	105	1	2	BA1652	10216	5	0	0	1	0	0	0	1	0	0	0
A	AG	18	105	1	2	BA1652	10219	5	0	0	0	0	0	0	1	0	0	0
A	AG	18	105	1	2	BA1652	10220	5	0	0	1	0	0	0	0	0	0	0
A	AG	18	105	1	2	BA1652	10222	5	4	0	0	0	0	0	0	0	0	0
A	AG	18	105	1	2	BA1652	10230	4	0	0	0	0	0	0	1	0	0	0
A	AG	18	105	1	2	BA1652	10260	4	5	1	1	0	0	0	0	0	0	0
A	AG	18	105	1	2	BA1652	10267	5	0	0	0	0	0	0	1	0	0	0
A	AG	18	105	1	2	BA1652	10269	5	0	0	1	0	0	0	0	0	0	0
A	AG	18	105	1	2	BA1652	10270	5	4	0	0	0	0	0	0	0	0	0
A	AG	18	105	1	2	BA1652	10293	4	0	0	0	0	0	0	1	0	0	0
A	AG	18	105	1	2	BA1652	10297	4	5	1	1	0	0	0	0	0	0	0
A	AG	18	105	1	2	BA1652	10307	5	4	0	0	0	0	0	0	0	0	0
A	AG	18	105	1	2	BA1652	10309	4	0	0	0	0	0	0	1	0	0	0
A	AG	18	105	1	2	BA1652	10358	4	5	1	1	0	0	0	0	0	0	0
A	AG	18	105	1	2	BA1652	10368	5	9	0	0	0	0	0	0	0	0	0
A	AG	18	105	1	2	BA1652	10378	9	10	0	0	0	0	0	0	0	0	0
A	AG	18	105	1	2	BA1652	10383	10	0	0	0	0	0	0	1	0	0	0
A	AG	18	105	1	2	BA1652	10453	10	2	0	0	0	0	0	0	0	0	0
A	AG	18	105	1	2	BA1652	10454	2	3	0	0	0	0	0	0	0	0	0
A	AG	18	105	1	2	BA1652	10514	3	5	1	1	0	0	0	0	0	0	0
A	AG	18	105	1	2	BA1652	10524	5	4	0	0	0	0	0	0	0	0	0
A	AG	18	105	1	2	BA1652	10527	4	0	0	0	0	0	0	1	0	0	0
A	AG	18	105	1	2	BA1652	10532	4	5	1	1	0	0	0	0	0	0	0
A	AG	18	105	1	2	BA1652	10542	5	4	0	0	0	0	0	0	0	0	0
A	AG	18	105	1	2	BA1652	10550	4	0	0	0	0	0	0	1	0	0	0
A	AG	18	105	1	2	BA1652	10596	4	5	1	1	0	0	0	0	0	0	0
A	AG	18	105	1	2	BA1652	10598	5	0	0	0	0	0	0	1	0	0	0
A	AG	18	105	1	2	BA1652	10604	5	0	0	1	0	0	0	0	0	0	0
A	AG	18	105	1	2	BA1652	10606	5	4	0	0	0	0	0	0	0	0	0
A	AG	18	105	1	2	BA1652	10621	4	0	0	0	0	0	0	1	0	0	0
A	AG	18	105	1	2	BA1652	10648	4	5	1	1	0	0	0	0	0	0	0
A	AG	18	105	1	2	BA1652	10658	5	4	0	0	0	0	0	0	0	0	0
A	AG	18	105	1	2	BA1652	10662	4	5	1	1	0	0	0	1	0	0	0
A	AG	18	105	1	2	BA1652	10672	5	9	0	0	0	0	0	0	0	0	0
A	AG	18	105	1	2	BA1652	10679	9	0	0	0	0	0	0	1	0	0	0
A	AG	18	105	1	2	BA1652	10682	9	10	0	0	0	0	0	0	0	0	0
A	AG	18	105	1	2	BA1652	10757	10	2	0	0	0	0	0	0	0	0	0
A	AG	18	105	1	2	BA1652	10758	2	3	0	0	0	0	0	0	0	0	0
A	AG	18	105	1	2	BA1652	10886	3	5	1	1	0	0	0	0	0	0	0
A	AG	18	105	1	2	BA1652	10896	5	4	0	0	0	0	0	0	0	0	0
A	AG	18	105	1	2	BA1652	10899	4	0	0	0	0	0	0	1	0	0	0
A	AG	18	105	1	2	BA1652	10902	4	5	1	1	0	0	0	0	0	0	0
A	AG	18	105	1	2	BA1652	10912	5	4	0	0	0	0	0	0	0	0	0
A	AG	18	105	1	2	BA1652	10914	4	0	0	0	0	0	0	1	0	0	0
A	AG	18	105	1	2	BA1652	10926	4	5	1	1	0	0	0	0	0	0	0
A	AG	18	105	1	2	BA1652	10936	5	4	0	0	0	0	0	0	0	0	0
A	AG	18	105	1	2	BA1652	10938	4	0	0	0	0	0	0	1	0	0	0
A	AG	18	105	1	2	BA1652	10962	4	5	1	1	0	0	0	0	0	0	0
A	AG	18	105	1	2	BA1652	10968	5	0	0	1	0	0	0	1	0	0	0
A	AG	18	105	1	2	BA1652	10972	5	4	0	0	0	0	0	0	0	0	0
A	AG	18	105	1	2	BA1652	10973	4	0	0	0	0	0	0	1	0	0	0
A	AG	18	105	1	2	BA1652	10975	4	5	1	1	0	0	0	0	0	0	0
A	AG	18	105	1	2	BA1652	10977	5	0	0	0	0	0	0	1	0	0	0
A	AG	18	105	1	2	BA1652	10978	5	0	0	1	0	0	0	0	0	0	0
A	AG	18	105	1	2	BA1652	10985	5	9	0	0	0	0	0	0	0	0	0
A	AG	18	105	1	2	BA1652	10993	9	0	0	0	0	0	0	1	0	0	0
A	AG	18	105	1	2	BA1652	10995	9	10	0	1	0	0	0	0	0	0	0
A	AG	18	105	1	2	BA1652	11001	10	0	0	0	0	0	0	1	0	0	0
A	AG	18	105	1	2	BA1652	11070	10	2	0	0	0	0	0	0	0	0	0
A	AG	18	105	1	2	BA1652	11071	2	6	0	0	0	0	0	0	0	0	0
A	AG	18	105	1	2	BA1652	11584	6	8	2	0	1	0	0	0	0	0	0
A	AG	18	105	1	2	BA1652	11592	8	0	0	0	0	0	0	0	1	0	0
A	AG	18	105	1	2	BA1652	11594	8	7	0	0	0	0	0	0	0	0	0
A	AG	18	105	1	2	BA1652	11598	7	8	2	0	1	0	0	0	0	0	0
A	AG	18	105	1	2	BA1652	11608	8	7	0	0	0	0	0	0	0	0	0
A	AG	18	105	1	2	BA1652	11614	7	0	0	0	0	0	0	0	1	0	0
A	AG	18	105	1	2	BA1652	11631	7	8	2	0	1	0	0	0	0	0	0
A	AG	18	105	1	2	BA1652	11641	8	7	0	0	0	0	0	0	1	0	0
A	AG	18	105	1	2	BA1652	11645	7	8	2	0	1	0	0	0	0	0	0
A	AG	18	105	1	2	BA1652	11655	8	7	0	0	0	0	0	0	0	0	0
A	AG	18	105	1	2	BA1652	11670	7	0	0	0	0	0	0	0	1	0	0
A	AG	18	105	1	2	BA1652	11773	7	8	2	0	1	0	0	0	0	0	0
A	AG	18	105	1	2	BA1652	11776	8	0	0	0	0	0	0	0	1	0	0
A	AG	18	105	1	2	BA1652	11777	8	0	0	0	1	0	0	0	0	0	0
A	AG	18	105	1	2	BA1652	11783	8	7	0	0	0	0	0	0	0	0	0
A	AG	18	105	1	2	BA1652	11870	7	0	0	0	0	0	0	0	1	0	0
A	AG	18	105	1	2	BA1652	11891	7	8	2	0	1	0	0	0	0	0	0
A	AG	18	105	1	2	BA1652	11901	8	7	0	0	0	0	0	0	0	0	0
A	AG	18	105	1	2	BA1652	11910	7	0	0	0	0	0	0	0	1	0	0
A	AG	18	105	1	2	BA1652	11912	7	8	2	0	1	0	0	0	0	0	0
A	AG	18	105	1	2	BA1652	11916	8	0	0	0	0	0	0	0	1	0	0
A	AG	18	105	1	2	BA1652	11917	8	0	0	0	1	0	0	0	0	0	0
A	AG	18	105	1	2	BA1652	11922	8	7	0	0	0	0	0	0	0	0	0
A	AG	18	105	1	2	BA1652	11927	7	0	0	0	0	0	0	0	1	0	0
A	AG	18	105	1	2	BA1652	11930	7	8	2	0	1	0	0	0	0	0	0
A	AG	18	105	1	2	BA1652	11940	8	7	0	0	0	0	0	0	0	0	0
A	AG	18	105	1	2	BA1652	11947	7	0	0	0	0	0	0	0	1	0	0
A	AG	18	105	1	2	BA1652	11948	7	8	2	0	1	0	0	0	0	0	0
A	AG	18	105	1	2	BA1652	11952	8	0	0	0	0	0	0	0	1	0	0
A	AG	18	105	1	2	BA1652	11958	8	7	0	0	0	0	0	0	0	0	0
A	AG	18	105	1	2	BA1652	11959	7	8	2	0	1	0	0	0	0	0	0
A	AG	18	105	1	2	BA1652	11969	8	7	0	0	0	0	0	0	0	0	0
A	AG	18	105	1	2	BA1652	11994	7	0	0	0	0	0	0	0	1	0	0
A	AG	18	105	1	2	BA1652	12006	7	8	2	0	1	0	0	0	0	0	0
A	AG	18	105	1	2	BA1652	12008	8	0	0	0	0	0	0	0	1	0	0
A	AG	18	105	1	2	BA1652	12016	8	7	0	0	0	0	0	0	0	0	0
A	AG	18	105	1	2	BA1652	12019	7	8	2	0	1	0	0	0	0	0	0
A	AG	18	105	1	2	BA1652	12029	8	7	0	0	0	0	0	0	0	0	0
A	AG	18	105	1	2	BA1652	12033	7	0	0	0	0	0	0	0	1	0	0
A	AG	18	105	1	2	BA1652	12040	7	8	2	0	1	0	0	0	0	0	0
A	AG	18	105	1	2	BA1652	12050	8	7	0	0	0	0	0	0	0	0	0
A	AG	18	105	1	2	BA1652	12152	7	0	0	0	0	0	0	0	1	0	0
A	AG	18	105	1	2	BA1652	12154	7	8	2	0	1	0	0	0	0	0	0
A	AG	18	105	1	2	BA1652	12164	8	7	0	0	0	0	0	0	0	0	0
A	AG	18	105	1	2	BA1652	12172	7	0	0	0	0	0	0	0	1	0	0
A	AG	18	105	1	2	BA1652	12175	7	8	2	0	1	0	0	0	0	0	0
A	AG	18	105	1	2	BA1652	12183	8	0	0	0	0	0	0	0	1	0	0
A	AG	18	105	1	2	BA1652	12184	8	0	0	0	1	0	0	0	0	0	0
A	AG	18	105	1	2	BA1652	12185	8	7	0	0	0	0	0	0	0	0	0
A	AG	18	105	1	2	BA1652	12192	7	8	2	0	1	0	0	0	1	0	0
A	AG	18	105	1	2	BA1652	12195	8	0	0	0	0	0	0	0	1	0	0
A	AG	18	105	1	2	BA1652	12202	8	7	0	0	0	0	0	0	0	0	0
A	AG	18	105	1	2	BA1652	12217	7	8	2	0	1	0	0	0	0	0	0
A	AG	18	105	1	2	BA1652	12222	8	0	0	0	0	0	0	0	1	0	0
A	AG	18	105	1	2	BA1652	12225	8	0	0	0	1	0	0	0	0	0	0
A	AG	18	105	1	2	BA1652	12227	8	7	0	0	0	0	0	0	0	0	0
A	AG	18	105	1	2	BA1652	12232	7	0	0	0	0	0	0	0	1	0	0
A	AG	18	105	1	2	BA1652	12257	7	8	2	0	1	0	0	0	0	0	0
A	AG	18	105	1	2	BA1652	12266	8	0	0	0	0	0	0	0	1	0	0
A	AG	18	105	1	2	BA1652	12267	8	7	0	0	0	0	0	0	0	0	0
A	AG	18	105	1	2	BA1652	12273	7	8	2	0	1	0	0	0	0	0	0
A	AG	18	105	1	2	BA1652	12276	8	0	0	0	0	0	0	0	1	0	0
A	AG	18	105	1	2	BA1652	12283	8	7	0	0	0	0	0	0	0	0	0
A	AG	18	105	1	2	BA1652	12319	7	8	2	0	1	0	0	0	0	0	0
A	AG	18	105	1	2	BA1652	12329	8	9	0	0	0	0	0	0	0	0	0
A	AG	18	105	1	2	BA1652	12339	9	10	0	0	0	0	0	0	0	0	0
A	AG	18	105	1	2	BA1652	12349	10	0	0	0	0	0	0	0	1	0	0
A	AG	18	105	1	2	BA1652	12414	10	2	0	0	0	0	0	0	0	0	0
A	AG	18	105	1	2	BA1652	12415	2	6	0	0	0	0	0	0	0	0	0
A	AG	18	105	1	2	BA1652	12668	6	8	2	0	1	0	0	0	0	0	0
A	AG	18	105	1	2	BA1652	12673	8	0	0	0	0	0	0	0	1	0	0
A	AG	18	105	1	2	BA1652	12678	8	7	0	0	1	0	0	0	0	0	0
A	AG	18	105	1	2	BA1652	12693	7	0	0	0	0	0	0	0	1	0	0
A	AG	18	105	1	2	BA1652	12715	7	8	2	0	1	0	0	0	0	0	0
A	AG	18	105	1	2	BA1652	12725	8	7	0	0	0	0	0	0	0	0	0
A	AG	18	105	1	2	BA1652	12729	7	0	0	0	0	0	0	0	1	0	0
A	AG	18	105	1	2	BA1652	12734	7	8	2	0	1	0	0	0	0	0	0
A	AG	18	105	1	2	BA1652	12744	8	7	0	0	0	0	0	0	0	0	0
A	AG	18	105	1	2	BA1652	12785	7	0	0	0	0	0	0	0	1	0	0
A	AG	18	105	1	2	BA1652	12787	7	8	2	0	1	0	0	0	0	0	0
A	AG	18	105	1	2	BA1652	12797	8	7	0	0	0	0	0	0	0	0	0
A	AG	18	105	1	2	BA1652	12801	7	0	0	0	0	0	0	0	1	0	0
A	AG	18	105	1	2	BA1652	12806	7	8	2	0	1	0	0	0	0	0	0
A	AG	18	105	1	2	BA1652	12816	8	7	0	0	0	0	0	0	0	0	0
A	AG	18	105	1	2	BA1652	12833	7	0	0	0	0	0	0	0	1	0	0
A	AG	18	105	1	2	BA1652	12841	7	8	2	0	1	0	0	0	0	0	0
A	AG	18	105	1	2	BA1652	12851	8	7	0	0	0	0	0	0	0	0	0
A	AG	18	105	1	2	BA1652	12862	7	0	0	0	0	0	0	0	1	0	0
A	AG	18	105	1	2	BA1652	12864	7	8	2	0	1	0	0	0	0	0	0
A	AG	18	105	1	2	BA1652	12866	8	0	0	0	0	0	0	0	1	0	0
A	AG	18	105	1	2	BA1652	12867	8	0	0	0	1	0	0	0	0	0	0
A	AG	18	105	1	2	BA1652	12874	8	7	0	0	0	0	0	0	0	0	0
A	AG	18	105	1	2	BA1652	12881	7	0	0	0	0	0	0	0	1	0	0
A	AG	18	105	1	2	BA1652	12889	7	8	2	0	1	0	0	0	0	0	0
A	AG	18	105	1	2	BA1652	12899	8	7	0	0	0	0	0	0	0	0	0
A	AG	18	105	1	2	BA1652	12913	7	0	0	0	0	0	0	0	1	0	0
A	AG	18	105	1	2	BA1652	12916	7	8	2	0	1	0	0	0	0	0	0
A	AG	18	105	1	2	BA1652	12923	8	0	0	0	0	0	0	0	1	0	0
A	AG	18	105	1	2	BA1652	12924	8	0	0	0	1	0	0	0	0	0	0
A	AG	18	105	1	2	BA1652	12926	8	7	0	0	0	0	0	0	0	0	0
A	AG	18	105	1	2	BA1652	13007	7	0	0	0	0	0	0	0	1	0	0
A	AG	18	105	1	2	BA1652	13037	7	8	2	0	1	0	0	0	0	0	0
A	AG	18	105	1	2	BA1652	13047	8	7	0	0	0	0	0	0	0	0	0
A	AG	18	105	1	2	BA1652	13063	7	0	0	0	0	0	0	0	1	0	0
A	AG	18	105	1	2	BA1652	13118	7	8	2	0	1	0	0	0	0	0	0
A	AG	18	105	1	2	BA1652	13124	8	0	0	0	0	0	0	0	1	0	0
A	AG	18	105	1	2	BA1652	13128	8	7	0	0	1	0	0	0	0	0	0
A	AG	18	105	1	2	BA1652	13149	7	0	0	0	0	0	0	0	1	0	0
A	AG	18	105	1	2	BA1652	13152	7	8	2	0	1	0	0	0	0	0	0
A	AG	18	105	1	2	BA1652	13162	8	7	0	0	0	0	0	0	0	0	0
A	AG	18	105	1	2	BA1652	13167	7	0	0	0	0	0	0	0	1	0	0
A	AG	18	105	1	2	BA1652	13201	7	8	2	0	1	0	0	0	0	0	0
A	AG	18	105	1	2	BA1652	13211	8	7	0	0	0	0	0	0	0	0	0
A	AG	18	105	1	2	BA1652	13217	7	0	0	0	0	0	0	0	1	0	0
A	AG	18	105	1	2	BA1652	13221	7	8	2	0	1	0	0	0	0	0	0
A	AG	18	105	1	2	BA1652	13231	8	7	0	0	0	0	0	0	0	0	0
A	AG	18	105	1	2	BA1652	13237	7	0	0	0	0	0	0	0	1	0	0
A	AG	18	105	1	2	BA1652	13268	7	8	2	0	1	0	0	0	0	0	0
A	AG	18	105	1	2	BA1652	13277	8	0	0	0	0	0	0	0	1	0	0
A	AG	18	105	1	2	BA1652	13278	8	7	0	0	0	0	0	0	0	0	0
A	AG	18	105	1	2	BA1652	13280	7	8	2	0	1	0	0	0	0	0	0
A	AG	18	105	1	2	BA1652	13290	8	7	0	0	0	0	0	0	0	0	0
A	AG	18	105	1	2	BA1652	13299	7	0	0	0	0	0	0	0	1	0	0
A	AG	18	105	1	2	BA1652	13315	7	8	2	0	1	0	0	0	0	0	0
A	AG	18	105	1	2	BA1652	13325	8	7	0	0	0	0	0	0	0	0	0
A	AG	18	105	1	2	BA1652	13331	7	0	0	0	0	0	0	0	1	0	0
A	AG	18	105	1	2	BA1652	13356	7	8	2	0	1	0	0	0	0	0	0
A	AG	18	105	1	2	BA1652	13366	8	7	0	0	0	0	0	0	0	0	0
A	AG	18	105	1	2	BA1652	13372	7	0	0	0	0	0	0	0	1	0	0
A	AG	18	105	1	2	BA1652	13386	7	8	2	0	1	0	0	0	0	0	0
A	AG	18	105	1	2	BA1652	13388	8	0	0	0	0	0	0	0	1	0	0
A	AG	18	105	1	2	BA1652	13392	8	0	0	0	1	0	0	0	0	0	0
A	AG	18	105	1	2	BA1652	13396	8	7	0	0	0	0	0	0	0	0	0
A	AG	18	105	1	2	BA1652	13408	7	0	0	0	0	0	0	0	1	0	0
A	AG	18	105	1	2	BA1652	13412	7	8	2	0	1	0	0	0	0	0	0
A	AG	18	105	1	2	BA1652	13413	8	0	0	0	0	0	0	0	1	0	0
A	AG	18	105	1	2	BA1652	13422	8	9	0	0	0	0	0	0	0	0	0
A	AG	18	105	1	2	BA1652	13432	9	10	0	0	0	0	0	0	0	0	0
A	AG	18	105	1	2	BA1652	13507	10	2	0	0	0	0	0	0	0	0	0
A	AG	18	105	1	2	BA1652	13508	2	6	0	0	0	0	0	0	0	0	0
A	AG	18	105	1	2	BA1652	13713	6	8	2	0	1	0	0	0	0	0	0
A	AG	18	105	1	2	BA1652	13723	8	7	0	0	0	0	0	0	0	0	0
A	AG	18	105	1	2	BA1652	13726	7	0	0	0	0	0	0	0	1	0	0
A	AG	18	105	1	2	BA1652	13729	7	8	2	0	1	0	0	0	0	0	0
A	AG	18	105	1	2	BA1652	13732	8	0	0	0	1	0	0	0	1	0	0
A	AG	18	105	1	2	BA1652	13739	8	7	0	0	0	0	0	0	0	0	0
A	AG	18	105	1	2	BA1652	13757	7	0	0	0	0	0	0	0	1	0	0
A	AG	18	105	1	2	BA1652	13825	7	8	2	0	1	0	0	0	0	0	0
A	AG	18	105	1	2	BA1652	13835	8	7	0	0	0	0	0	0	0	0	0
A	AG	18	105	1	2	BA1652	13847	7	0	0	0	0	0	0	0	1	0	0
A	AG	18	105	1	2	BA1652	13851	7	8	2	0	1	0	0	0	0	0	0
A	AG	18	105	1	2	BA1652	13861	8	7	0	0	0	0	0	0	0	0	0
A	AG	18	105	1	2	BA1652	13870	7	0	0	0	0	0	0	0	1	0	0
A	AG	18	105	1	2	BA1652	13875	7	8	2	0	1	0	0	0	0	0	0
A	AG	18	105	1	2	BA1652	13881	8	0	0	0	0	0	0	0	1	0	0
A	AG	18	105	1	2	BA1652	13885	8	7	0	0	0	0	0	0	0	0	0
A	AG	18	105	1	2	BA1652	13897	7	8	2	0	1	0	0	0	0	0	0
A	AG	18	105	1	2	BA1652	13904	8	0	0	0	0	0	0	0	1	0	0
A	AG	18	105	1	2	BA1652	13907	8	7	0	0	0	0	0	0	0	0	0
A	AG	18	105	1	2	BA1652	13935	7	8	2	0	1	0	0	0	0	0	0
A	AG	18	105	1	2	BA1652	13943	8	0	0	0	0	0	0	0	1	0	0
A	AG	18	105	1	2	BA1652	13945	8	7	0	0	0	0	0	0	0	0	0
A	AG	18	105	1	2	BA1652	13953	7	8	2	0	1	0	0	0	0	0	0
A	AG	18	105	1	2	BA1652	13963	8	7	0	0	0	0	0	0	0	0	0
A	AG	18	105	1	2	BA1652	13996	7	0	0	0	0	0	0	0	1	0	0
A	AG	18	105	1	2	BA1652	13997	7	8	2	0	1	0	0	0	0	0	0
A	AG	18	105	1	2	BA1652	14002	8	0	0	0	0	0	0	0	1	0	0
A	AG	18	105	1	2	BA1652	14007	8	7	0	0	0	0	0	0	0	0	0
A	AG	18	105	1	2	BA1652	14021	7	8	2	0	1	0	0	0	0	0	0
A	AG	18	105	1	2	BA1652	14023	8	0	0	0	0	0	0	0	1	0	0
A	AG	18	105	1	2	BA1652	14031	8	7	0	0	0	0	0	0	0	0	0
A	AG	18	105	1	2	BA1652	14042	7	8	2	0	1	0	0	0	0	0	0
A	AG	18	105	1	2	BA1652	14048	8	0	0	0	0	0	0	0	1	0	0
A	AG	18	105	1	2	BA1652	14052	8	7	0	0	0	0	0	0	0	0	0
A	AG	18	105	1	2	BA1652	14054	7	8	2	0	1	0	0	0	0	0	0
A	AG	18	105	1	2	BA1652	14064	8	7	0	0	0	0	0	0	0	0	0
A	AG	18	105	1	2	BA1652	14067	7	0	0	0	0	0	0	0	1	0	0
A	AG	18	105	1	2	BA1652	14100	7	8	2	0	1	0	0	0	0	0	0
A	AG	18	105	1	2	BA1652	14107	8	0	0	0	0	0	0	0	1	0	0
A	AG	18	105	1	2	BA1652	14110	8	7	0	0	1	0	0	0	0	0	0
A	AG	18	105	1	2	BA1652	14131	7	0	0	0	0	0	0	0	1	0	0
A	AG	18	105	1	2	BA1652	14190	7	8	2	0	1	0	0	0	0	0	0
A	AG	18	105	1	2	BA1652	14200	8	7	0	0	0	0	0	0	0	0	0
A	AG	18	105	1	2	BA1652	14210	7	0	0	0	0	0	0	0	1	0	0
A	AG	18	105	1	2	BA1652	14211	7	8	2	0	1	0	0	0	0	0	0
A	AG	18	105	1	2	BA1652	14221	8	7	0	0	0	0	0	0	0	0	0
A	AG	18	105	1	2	BA1652	14227	7	0	0	0	0	0	0	0	1	0	0
A	AG	18	105	1	2	BA1652	14301	7	8	2	0	1	0	0	0	0	0	0
A	AG	18	105	1	2	BA1652	14311	8	7	0	0	0	0	0	0	0	0	0
A	AG	18	105	1	2	BA1652	14323	7	0	0	0	0	0	0	0	1	0	0
A	AG	18	105	1	2	BA1652	14327	7	8	2	0	1	0	0	0	0	0	0
A	AG	18	105	1	2	BA1652	14329	8	0	0	0	0	0	0	0	1	0	0
A	AG	18	105	1	2	BA1652	14337	8	7	0	0	0	0	0	0	0	0	0
A	AG	18	105	1	2	BA1652	14350	7	8	2	0	1	0	0	0	0	0	0
A	AG	18	105	1	2	BA1652	14360	8	7	0	0	0	0	0	0	0	0	0
A	AG	18	105	1	2	BA1652	14380	7	0	0	0	0	0	0	0	1	0	0
A	AG	18	105	1	2	BA1652	14384	7	8	2	0	1	0	0	0	0	0	0
A	AG	18	105	1	2	BA1652	14394	8	7	0	0	0	0	0	0	0	0	0
A	AG	18	105	1	2	BA1652	14403	7	0	0	0	0	0	0	0	1	0	0
A	AG	18	105	1	2	BA1652	14421	7	8	2	0	1	0	0	0	0	0	0
A	AG	18	105	1	2	BA1652	14431	8	9	0	0	0	0	0	0	0	0	0
A	AG	18	105	1	2	BA1652	14440	9	0	0	0	0	0	0	0	1	0	0
A	AG	18	105	1	2	BA1652	14441	9	10	0	0	0	0	0	0	0	0	0
A	AG	18	105	1	2	BA1652	14516	10	2	0	0	0	0	0	0	0	0	0
A	AG	18	105	1	2	BA1652	14517	2	3	0	0	0	0	0	0	0	0	0
A	AG	18	105	1	2	BA1652	14579	3	5	1	1	0	0	0	0	0	0	0
A	AG	18	105	1	2	BA1652	14583	5	0	0	0	0	0	0	1	0	0	0
A	AG	18	105	1	2	BA1652	14588	5	0	0	1	0	0	0	0	0	0	0
A	AG	18	105	1	2	BA1652	14589	5	4	0	0	0	0	0	0	0	0	0
A	AG	18	105	1	2	BA1652	14595	4	0	0	0	0	0	0	1	0	0	0
A	AG	18	105	1	2	BA1652	14598	4	5	1	1	0	0	0	0	0	0	0
A	AG	18	105	1	2	BA1652	14606	5	0	0	0	0	0	0	1	0	0	0
A	AG	18	105	1	2	BA1652	14608	5	4	0	0	0	0	0	0	0	0	0
A	AG	18	105	1	2	BA1652	14618	4	5	1	1	0	0	0	0	0	0	0
A	AG	18	105	1	2	BA1652	14628	5	4	0	0	0	0	0	0	0	0	0
A	AG	18	105	1	2	BA1652	14664	4	0	0	0	0	0	0	1	0	0	0
A	AG	18	105	1	2	BA1652	14665	4	5	1	1	0	0	0	0	0	0	0
A	AG	18	105	1	2	BA1652	14675	5	4	0	0	0	0	0	0	0	0	0
A	AG	18	105	1	2	BA1652	14689	4	0	0	0	0	0	0	1	0	0	0
A	AG	18	105	1	2	BA1652	14693	4	5	1	1	0	0	0	0	0	0	0
A	AG	18	105	1	2	BA1652	14703	5	9	0	0	0	0	0	0	0	0	0
A	AG	18	105	1	2	BA1652	14713	9	10	0	0	0	0	0	0	0	0	0
A	AG	18	105	1	2	BA1652	14720	10	0	0	0	0	0	0	1	0	0	0
A	AG	18	105	1	2	BA1652	14788	10	2	0	0	0	0	0	0	0	0	0
A	AG	18	105	1	2	BA1652	14789	2	3	0	0	0	0	0	0	0	0	0
A	AG	18	105	1	2	BA1652	14844	3	5	1	1	0	0	0	0	0	0	0
A	AG	18	105	1	2	BA1652	14854	5	4	0	1	0	0	0	1	0	0	0
A	AG	18	105	1	2	BA1652	14856	4	0	0	0	0	0	0	1	0	0	0
A	AG	18	105	1	2	BA1652	14858	4	5	1	1	0	0	0	0	0	0	0
A	AG	18	105	1	2	BA1652	14868	5	4	0	0	0	0	0	0	0	0	0
A	AG	18	105	1	2	BA1652	14874	4	0	0	0	0	0	0	1	0	0	0
A	AG	18	105	1	2	BA1652	14883	4	5	1	1	0	0	0	0	0	0	0
A	AG	18	105	1	2	BA1652	14887	5	0	0	0	0	0	0	1	0	0	0
A	AG	18	105	1	2	BA1652	14891	5	0	0	1	0	0	0	0	0	0	0
A	AG	18	105	1	2	BA1652	14893	5	4	0	0	0	0	0	0	0	0	0
A	AG	18	105	1	2	BA1652	14899	4	0	0	0	0	0	0	1	0	0	0
A	AG	18	105	1	2	BA1652	14921	4	5	1	1	0	0	0	0	0	0	0
A	AG	18	105	1	2	BA1652	14931	5	4	0	0	0	0	0	0	0	0	0
A	AG	18	105	1	2	BA1652	14933	4	0	0	0	0	0	0	1	0	0	0
A	AG	18	105	1	2	BA1652	14965	4	5	1	1	0	0	0	0	0	0	0
A	AG	18	105	1	2	BA1652	14974	5	0	0	1	0	0	0	1	0	0	0
A	AG	18	105	1	2	BA1652	14975	5	9	0	0	0	0	0	0	0	0	0
A	AG	18	105	1	2	BA1652	14985	9	10	0	0	0	0	0	0	0	0	0
A	AG	18	105	1	2	BA1652	14987	10	0	0	0	0	0	0	1	0	0	0
A	AG	18	105	1	2	BA1652	15060	10	2	0	0	0	0	0	0	0	0	0
A	AG	18	105	1	2	BA1652	15061	2	3	0	0	0	0	0	0	0	0	0
A	AG	18	105	1	2	BA1652	15144	3	5	1	1	0	0	0	0	0	0	0
A	AG	18	105	1	2	BA1652	15154	5	4	0	0	0	0	0	0	0	0	0
A	AG	18	105	1	2	BA1652	15157	4	0	0	0	0	0	0	1	0	0	0
A	AG	18	105	1	2	BA1652	15159	4	5	1	1	0	0	0	0	0	0	0
A	AG	18	105	1	2	BA1652	15169	5	4	0	0	0	0	0	0	0	0	0
A	AG	18	105	1	2	BA1652	15232	4	0	0	0	0	0	0	1	0	0	0
A	AG	18	105	1	2	BA1652	15241	4	5	1	1	0	0	0	0	0	0	0
A	AG	18	105	1	2	BA1652	15250	5	0	0	0	0	0	0	1	0	0	0
A	AG	18	105	1	2	BA1652	15251	5	4	0	0	0	0	0	0	0	0	0
A	AG	18	105	1	2	BA1652	15267	4	5	1	1	0	0	0	0	0	0	0
A	AG	18	105	1	2	BA1652	15277	5	4	0	0	0	0	0	0	0	0	0
A	AG	18	105	1	2	BA1652	15285	4	0	0	0	0	0	0	1	0	0	0
A	AG	18	105	1	2	BA1652	15289	4	5	1	1	0	0	0	0	0	0	0
A	AG	18	105	1	2	BA1652	15295	5	0	0	0	0	0	0	1	0	0	0
A	AG	18	105	1	2	BA1652	15299	5	9	0	0	0	0	0	0	0	0	0
A	AG	18	105	1	2	BA1652	15309	9	10	0	0	0	0	0	0	0	0	0
A	AG	18	105	1	2	BA1652	15384	10	2	0	0	0	0	0	0	0	0	0
A	AG	18	105	1	2	BA1652	15385	2	6	0	0	0	0	0	0	0	0	0
A	AG	18	105	1	2	BA1652	15805	6	8	2	0	1	0	0	0	0	0	0
A	AG	18	105	1	2	BA1652	15815	8	7	0	0	0	0	0	0	0	0	0
A	AG	18	105	1	2	BA1652	15844	7	0	0	0	0	0	0	0	1	0	0
A	AG	18	105	1	2	BA1652	15855	7	8	2	0	1	0	0	0	0	0	0
A	AG	18	105	1	2	BA1652	15859	8	0	0	0	0	0	0	0	1	0	0
A	AG	18	105	1	2	BA1652	15863	8	0	0	0	1	0	0	0	0	0	0
A	AG	18	105	1	2	BA1652	15865	8	7	0	0	0	0	0	0	0	0	0
A	AG	18	105	1	2	BA1652	15889	7	0	0	0	0	0	0	0	1	0	0
A	AG	18	105	1	2	BA1652	15892	7	8	2	0	1	0	0	0	0	0	0
A	AG	18	105	1	2	BA1652	15902	8	7	0	0	0	0	0	0	0	0	0
A	AG	18	105	1	2	BA1652	15930	7	0	0	0	0	0	0	0	1	0	0
A	AG	18	105	1	2	BA1652	15986	7	8	2	0	1	0	0	0	0	0	0
A	AG	18	105	1	2	BA1652	15996	8	7	0	0	0	0	0	0	0	0	0
A	AG	18	105	1	2	BA1652	16017	7	0	0	0	0	0	0	0	1	0	0
A	AG	18	105	1	2	BA1652	16023	7	8	2	0	1	0	0	0	0	0	0
A	AG	18	105	1	2	BA1652	16033	8	7	0	0	0	0	0	0	0	0	0
A	AG	18	105	1	2	BA1652	16042	7	0	0	0	0	0	0	0	1	0	0
A	AG	18	105	1	2	BA1652	16049	7	8	2	0	1	0	0	0	0	0	0
A	AG	18	105	1	2	BA1652	16051	8	0	0	0	0	0	0	0	1	0	0
A	AG	18	105	1	2	BA1652	16059	8	7	0	0	0	0	0	0	0	0	0
A	AG	18	105	1	2	BA1652	16129	7	8	2	0	1	0	0	0	0	0	0
A	AG	18	105	1	2	BA1652	16131	8	0	0	0	0	0	0	0	1	0	0
A	AG	18	105	1	2	BA1652	16137	8	0	0	0	1	0	0	0	0	0	0
A	AG	18	105	1	2	BA1652	16139	8	7	0	0	0	0	0	0	0	0	0
A	AG	18	105	1	2	BA1652	16147	7	0	0	0	0	0	0	0	1	0	0
A	AG	18	105	1	2	BA1652	16154	7	8	2	0	1	0	0	0	0	0	0
A	AG	18	105	1	2	BA1652	16156	8	0	0	0	0	0	0	0	1	0	0
A	AG	18	105	1	2	BA1652	16164	8	7	0	0	0	0	0	0	0	0	0
A	AG	18	105	1	2	BA1652	16168	7	8	2	0	1	0	0	0	0	0	0
A	AG	18	105	1	2	BA1652	16178	8	7	0	0	0	0	0	0	0	0	0
A	AG	18	105	1	2	BA1652	16217	7	0	0	0	0	0	0	0	1	0	0
A	AG	18	105	1	2	BA1652	16230	7	8	2	0	1	0	0	0	0	0	0
A	AG	18	105	1	2	BA1652	16231	8	0	0	0	0	0	0	0	1	0	0
A	AG	18	105	1	2	BA1652	16238	8	0	0	0	1	0	0	0	0	0	0
A	AG	18	105	1	2	BA1652	16240	8	7	0	0	0	0	0	0	0	0	0
A	AG	18	105	1	2	BA1652	16280	7	0	0	0	0	0	0	0	1	0	0
A	AG	18	105	1	2	BA1652	16285	7	8	2	0	1	0	0	0	0	0	0
A	AG	18	105	1	2	BA1652	16287	8	0	0	0	0	0	0	0	1	0	0
A	AG	18	105	1	2	BA1652	16293	8	0	0	0	1	0	0	0	0	0	0
A	AG	18	105	1	2	BA1652	16295	8	7	0	0	0	0	0	0	0	0	0
A	AG	18	105	1	2	BA1652	16328	7	0	0	0	0	0	0	0	1	0	0
A	AG	18	105	1	2	BA1652	16387	7	8	2	0	1	0	0	0	0	0	0
A	AG	18	105	1	2	BA1652	16393	8	0	0	0	0	0	0	0	1	0	0
A	AG	18	105	1	2	BA1652	16396	8	0	0	0	1	0	0	0	0	0	0
A	AG	18	105	1	2	BA1652	16397	8	7	0	0	0	0	0	0	0	0	0
A	AG	18	105	1	2	BA1652	16407	7	0	0	0	0	0	0	0	1	0	0
A	AG	18	105	1	2	BA1652	16444	7	8	2	0	1	0	0	0	0	0	0
A	AG	18	105	1	2	BA1652	16454	8	7	0	0	0	0	0	0	0	0	0
A	AG	18	105	1	2	BA1652	16456	7	0	0	0	0	0	0	0	1	0	0
A	AG	18	105	1	2	BA1652	16518	7	8	2	0	1	0	0	0	0	0	0
A	AG	18	105	1	2	BA1652	16526	8	0	0	0	0	0	0	0	1	0	0
A	AG	18	105	1	2	BA1652	16528	8	7	0	0	0	0	0	0	0	0	0
A	AG	18	105	1	2	BA1652	16529	7	8	2	0	1	0	0	0	0	0	0
A	AG	18	105	1	2	BA1652	16539	8	7	0	0	0	0	0	0	0	0	0
A	AG	18	105	1	2	BA1652	16542	7	0	0	0	0	0	0	0	1	0	0
A	AG	18	105	1	2	BA1652	16567	7	8	2	0	1	0	0	0	0	0	0
A	AG	18	105	1	2	BA1652	16575	8	0	0	0	0	0	0	0	1	0	0
A	AG	18	105	1	2	BA1652	16576	8	0	0	0	1	0	0	0	0	0	0
A	AG	18	105	1	2	BA1652	16577	8	7	0	0	0	0	0	0	0	0	0
A	AG	18	105	1	2	BA1652	16606	7	0	0	0	0	0	0	0	1	0	0
A	AG	18	105	1	2	BA1652	16614	7	8	2	0	1	0	0	0	0	0	0
A	AG	18	105	1	2	BA1652	16624	8	7	0	0	0	0	0	0	1	0	0
A	AG	18	105	1	2	BA1652	16625	7	8	2	0	1	0	0	0	0	0	0
A	AG	18	105	1	2	BA1652	16632	8	0	0	0	0	0	0	0	1	0	0
A	AG	18	105	1	2	BA1652	16635	8	7	0	0	0	0	0	0	0	0	0
A	AG	18	105	1	2	BA1652	16656	7	8	2	0	1	0	0	0	0	0	0
A	AG	18	105	1	2	BA1652	16666	8	7	0	0	0	0	0	0	0	0	0
A	AG	18	105	1	2	BA1652	16693	7	0	0	0	0	0	0	0	1	0	0
A	AG	18	105	1	2	BA1652	16714	7	8	2	0	1	0	0	0	0	0	0
A	AG	18	105	1	2	BA1652	16724	8	9	0	0	0	0	0	0	0	0	0
A	AG	18	105	1	2	BA1652	16726	9	0	0	0	0	0	0	0	1	0	0
A	AG	18	105	1	2	BA1652	16734	9	10	0	0	0	0	0	0	0	0	0
A	AG	18	105	1	2	BA1652	16809	10	2	0	0	0	0	0	0	0	0	0
A	AG	18	105	1	2	BA1652	16810	2	3	0	0	0	0	0	0	0	0	0
A	AG	18	105	1	2	BA1652	16964	3	5	1	1	0	0	0	0	0	0	0
A	AG	18	105	1	2	BA1652	16971	5	0	0	0	0	0	0	1	0	0	0
A	AG	18	105	1	2	BA1652	16974	5	4	0	0	0	0	0	0	0	0	0
A	AG	18	105	1	2	BA1652	16976	4	5	1	1	0	0	0	0	0	0	0
A	AG	18	105	1	2	BA1652	16980	5	0	0	0	0	0	0	1	0	0	0
A	AG	18	105	1	2	BA1652	16986	5	4	0	0	0	0	0	0	0	0	0
A	AG	18	105	1	2	BA1652	17006	4	5	1	1	0	0	0	0	0	0	0
A	AG	18	105	1	2	BA1652	17016	5	4	0	0	0	0	0	0	0	0	0
A	AG	18	105	1	2	BA1652	17035	4	5	1	1	0	0	0	1	0	0	0
A	AG	18	105	1	2	BA1652	17039	5	0	0	0	0	0	0	1	0	0	0
A	AG	18	105	1	2	BA1652	17042	5	0	0	1	0	0	0	0	0	0	0
A	AG	18	105	1	2	BA1652	17045	5	4	0	0	0	0	0	0	0	0	0
A	AG	18	105	1	2	BA1652	17048	4	0	0	0	0	0	0	1	0	0	0
A	AG	18	105	1	2	BA1652	17050	4	5	1	1	0	0	0	0	0	0	0
A	AG	18	105	1	2	BA1652	17054	5	0	0	0	0	0	0	1	0	0	0
A	AG	18	105	1	2	BA1652	17060	5	9	0	0	0	0	0	0	0	0	0
A	AG	18	105	1	2	BA1652	17070	9	10	0	0	0	0	0	0	0	0	0
A	AG	18	105	1	2	BA1652	17145	10	2	0	0	0	0	0	0	0	0	0
A	AG	18	105	1	2	BA1652	17146	2	6	0	0	0	0	0	0	0	0	0
A	AG	18	105	1	2	BA1652	17435	6	0	0	1	0	0	0	0	0	0	0
A	AG	18	105	1	2	BA1652	17438	6	0	0	0	0	0	0	1	0	0	0
A	AG	18	105	1	2	BA1652	17880	6	8	2	0	1	0	0	0	0	0	0
A	AG	18	105	1	2	BA1652	17889	8	0	0	0	0	0	0	0	1	0	0
A	AG	18	105	1	2	BA1652	17890	8	7	0	0	0	0	0	0	0	0	0
A	AG	18	105	1	2	BA1652	17907	7	8	2	0	1	0	0	0	0	0	0
A	AG	18	105	1	2	BA1652	17912	8	0	0	0	0	0	0	0	1	0	0
A	AG	18	105	1	2	BA1652	17917	8	7	0	0	0	0	0	0	0	0	0
A	AG	18	105	1	2	BA1652	18016	7	8	2	0	1	0	0	0	0	0	0
A	AG	18	105	1	2	BA1652	18022	8	0	0	0	0	0	0	0	1	0	0
A	AG	18	105	1	2	BA1652	18026	8	7	0	0	0	0	0	0	0	0	0
A	AG	18	105	1	2	BA1652	18044	7	8	2	0	1	0	0	0	0	0	0
A	AG	18	105	1	2	BA1652	18047	8	0	0	0	0	0	0	0	1	0	0
A	AG	18	105	1	2	BA1652	18054	8	7	0	0	0	0	0	0	0	0	0
A	AG	18	105	1	2	BA1652	18089	7	8	2	0	1	0	0	0	0	0	0
A	AG	18	105	1	2	BA1652	18099	8	7	0	0	0	0	0	0	0	0	0
A	AG	18	105	1	2	BA1652	18121	7	0	0	0	0	0	0	0	1	0	0
A	AG	18	105	1	2	BA1652	18188	7	8	2	0	1	0	0	0	0	0	0
A	AG	18	105	1	2	BA1652	18198	8	7	0	0	0	0	0	0	0	0	0
A	AG	18	105	1	2	BA1652	18210	7	0	0	0	0	0	0	0	1	0	0
A	AG	18	105	1	2	BA1652	18244	7	8	2	0	1	0	0	0	0	0	0
A	AG	18	105	1	2	BA1652	18254	8	7	0	0	0	0	0	0	0	0	0
A	AG	18	105	1	2	BA1652	18277	7	0	0	0	0	0	0	0	1	0	0
A	AG	18	105	1	2	BA1652	18280	7	8	2	0	1	0	0	0	0	0	0
A	AG	18	105	1	2	BA1652	18290	8	7	0	0	0	0	0	0	0	0	0
A	AG	18	105	1	2	BA1652	18295	7	0	0	0	0	0	0	0	1	0	0
A	AG	18	105	1	2	BA1652	18357	7	8	2	0	1	0	0	0	0	0	0
A	AG	18	105	1	2	BA1652	18366	8	0	0	0	0	0	0	0	1	0	0
A	AG	18	105	1	2	BA1652	18367	8	7	0	0	0	0	0	0	0	0	0
A	AG	18	105	1	2	BA1652	18370	7	8	2	0	1	0	0	0	0	0	0
A	AG	18	105	1	2	BA1652	18380	8	7	0	0	0	0	0	0	0	0	0
A	AG	18	105	1	2	BA1652	18382	7	0	0	0	0	0	0	0	1	0	0
A	AG	18	105	1	2	BA1652	18385	7	8	2	0	1	0	0	0	0	0	0
A	AG	18	105	1	2	BA1652	18395	8	7	0	0	0	0	0	0	0	0	0
A	AG	18	105	1	2	BA1652	18401	7	0	0	0	0	0	0	0	1	0	0
A	AG	18	105	1	2	BA1652	18421	7	8	2	0	1	0	0	0	0	0	0
A	AG	18	105	1	2	BA1652	18431	8	7	0	0	0	0	0	0	0	0	0
A	AG	18	105	1	2	BA1652	18432	7	0	0	0	0	0	0	0	1	0	0
A	AG	18	105	1	2	BA1652	18433	7	8	2	0	1	0	0	0	0	0	0
A	AG	18	105	1	2	BA1652	18441	8	0	0	0	0	0	0	0	1	0	0
A	AG	18	105	1	2	BA1652	18443	8	7	0	0	0	0	0	0	0	0	0
A	AG	18	105	1	2	BA1652	18445	7	8	2	0	1	0	0	0	0	0	0
A	AG	18	105	1	2	BA1652	18455	8	7	0	0	0	0	0	0	1	0	0
A	AG	18	105	1	2	BA1652	18502	7	8	2	0	1	0	0	0	0	0	0
A	AG	18	105	1	2	BA1652	18512	8	7	0	0	0	0	0	0	1	0	0
A	AG	18	105	1	2	BA1652	18514	7	8	2	0	1	0	0	0	0	0	0
A	AG	18	105	1	2	BA1652	18523	8	0	0	0	0	0	0	0	1	0	0
A	AG	18	105	1	2	BA1652	18524	8	7	0	0	0	0	0	0	0	0	0
A	AG	18	105	1	2	BA1652	18527	7	8	2	0	1	0	0	0	0	0	0
A	AG	18	105	1	2	BA1652	18537	8	7	0	0	0	0	0	0	0	0	0
A	AG	18	105	1	2	BA1652	18541	7	0	0	0	0	0	0	0	1	0	0
A	AG	18	105	1	2	BA1652	18553	7	8	2	0	1	0	0	0	0	0	0
A	AG	18	105	1	2	BA1652	18563	8	7	0	0	0	0	0	0	0	0	0
A	AG	18	105	1	2	BA1652	18590	7	0	0	0	0	0	0	0	1	0	0
A	AG	18	105	1	2	BA1652	18657	7	8	2	0	1	0	0	0	0	0	0
A	AG	18	105	1	2	BA1652	18658	8	0	0	0	0	0	0	0	1	0	0
A	AG	18	105	1	2	BA1652	18667	8	7	0	0	0	0	0	0	0	0	0
A	AG	18	105	1	2	BA1652	18682	7	8	2	0	1	0	0	0	0	0	0
A	AG	18	105	1	2	BA1652	18683	8	0	0	0	0	0	0	0	1	0	0
A	AG	18	105	1	2	BA1652	18692	8	9	0	0	0	0	0	0	0	0	0
A	AG	18	105	1	2	BA1652	18702	9	10	0	0	0	0	0	0	0	0	0
A	AG	18	105	1	2	BA1652	18777	10	2	0	0	0	0	0	0	0	0	0
A	AG	18	105	1	2	BA1652	18778	2	6	0	0	0	0	0	0	0	0	0
A	AG	18	105	1	2	BA1652	19430	6	8	2	0	1	0	0	0	0	0	0
A	AG	18	105	1	2	BA1652	19440	8	7	0	0	0	0	0	0	0	0	0
A	AG	18	105	1	2	BA1652	19448	7	0	0	0	0	0	0	0	1	0	0
A	AG	18	105	1	2	BA1652	19830	7	8	2	0	1	0	0	0	0	0	0
A	AG	18	105	1	2	BA1652	19835	8	0	0	0	0	0	0	0	1	0	0
A	AG	18	105	1	2	BA1652	19840	8	7	0	0	0	0	0	0	0	0	0
A	AG	18	105	1	2	BA1652	19856	7	8	2	0	1	0	0	0	0	0	0
A	AG	18	105	1	2	BA1652	19866	8	7	0	0	0	0	0	0	0	0	0
A	AG	18	105	1	2	BA1652	19874	7	0	0	0	0	0	0	0	1	0	0
A	AG	18	105	1	2	BA1652	19926	7	8	2	0	1	0	0	0	0	0	0
A	AG	18	105	1	2	BA1652	19936	8	7	0	0	0	0	0	0	0	0	0
A	AG	18	105	1	2	BA1652	19937	7	0	0	0	0	0	0	0	1	0	0
A	AG	18	105	1	2	BA1652	19939	7	8	2	0	1	0	0	0	0	0	0
A	AG	18	105	1	2	BA1652	19949	8	7	0	0	0	0	0	0	0	0	0
A	AG	18	105	1	2	BA1652	19967	7	0	0	0	0	0	0	0	1	0	0
A	AG	18	105	1	2	BA1652	19970	7	8	2	0	1	0	0	0	0	0	0
A	AG	18	105	1	2	BA1652	19980	8	7	0	0	0	0	0	0	0	0	0
A	AG	18	105	1	2	BA1652	19986	7	0	0	0	0	0	0	0	1	0	0
A	AG	18	105	1	2	BA1652	19993	7	8	2	0	1	0	0	0	0	0	0
A	AG	18	105	1	2	BA1652	20003	8	7	0	0	0	0	0	0	0	0	0
A	AG	18	105	1	2	BA1652	20024	7	0	0	0	0	0	0	0	1	0	0
A	AG	18	105	1	2	BA1652	20031	7	8	2	0	1	0	0	0	0	0	0
A	AG	18	105	1	2	BA1652	20041	8	7	0	0	0	0	0	0	0	0	0
A	AG	18	105	1	2	BA1652	20052	7	0	0	0	0	0	0	0	1	0	0
A	AG	18	105	1	2	BA1652	20056	7	8	2	0	1	0	0	0	0	0	0
A	AG	18	105	1	2	BA1652	20066	8	7	0	0	0	0	0	0	0	0	0
A	AG	18	105	1	2	BA1652	20070	7	0	0	0	0	0	0	0	1	0	0
A	AG	18	105	1	2	BA1652	20074	7	8	2	0	1	0	0	0	0	0	0
A	AG	18	105	1	2	BA1652	20076	8	0	0	0	0	0	0	0	1	0	0
A	AG	18	105	1	2	BA1652	20084	8	7	0	0	0	0	0	0	0	0	0
A	AG	18	105	1	2	BA1652	20130	7	8	2	0	1	0	0	0	0	0	0
A	AG	18	105	1	2	BA1652	20133	8	0	0	0	0	0	0	0	1	0	0
A	AG	18	105	1	2	BA1652	20136	8	0	0	0	1	0	0	0	0	0	0
A	AG	18	105	1	2	BA1652	20140	8	7	0	0	0	0	0	0	0	0	0
A	AG	18	105	1	2	BA1652	20165	7	0	0	0	0	0	0	0	1	0	0
A	AG	18	105	1	2	BA1652	20166	7	8	2	0	1	0	0	0	0	0	0
A	AG	18	105	1	2	BA1652	20176	8	7	0	0	0	0	0	0	0	0	0
A	AG	18	105	1	2	BA1652	20182	7	0	0	0	0	0	0	0	1	0	0
A	AG	18	105	1	2	BA1652	20186	7	8	2	0	1	0	0	0	0	0	0
A	AG	18	105	1	2	BA1652	20196	8	7	0	0	0	0	0	0	1	0	0
A	AG	18	105	1	2	BA1652	20213	7	8	2	0	1	0	0	0	0	0	0
A	AG	18	105	1	2	BA1652	20223	8	7	0	0	0	0	0	0	0	0	0
A	AG	18	105	1	2	BA1652	20225	7	0	0	0	0	0	0	0	1	0	0
A	AG	18	105	1	2	BA1652	20227	7	8	2	0	1	0	0	0	0	0	0
A	AG	18	105	1	2	BA1652	20237	8	7	0	0	0	0	0	0	0	0	0
A	AG	18	105	1	2	BA1652	20243	7	0	0	0	0	0	0	0	1	0	0
A	AG	18	105	1	2	BA1652	20264	7	8	2	0	1	0	0	0	0	0	0
A	AG	18	105	1	2	BA1652	20271	8	0	0	0	0	0	0	0	1	0	0
A	AG	18	105	1	2	BA1652	20274	8	7	0	0	0	0	0	0	0	0	0
A	AG	18	105	1	2	BA1652	20318	7	8	2	0	1	0	0	0	0	0	0
A	AG	18	105	1	2	BA1652	20322	8	0	0	0	0	0	0	0	1	0	0
A	AG	18	105	1	2	BA1652	20325	8	0	0	0	1	0	0	0	0	0	0
A	AG	18	105	1	2	BA1652	20328	8	7	0	0	0	0	0	0	0	0	0
A	AG	18	105	1	2	BA1652	20349	7	0	0	0	0	0	0	0	1	0	0
A	AG	18	105	1	2	BA1652	20354	7	8	2	0	1	0	0	0	0	0	0
A	AG	18	105	1	2	BA1652	20360	8	0	0	0	0	0	0	0	1	0	0
A	AG	18	105	1	2	BA1652	20363	8	0	0	0	1	0	0	0	0	0	0
A	AG	18	105	1	2	BA1652	20364	8	7	0	0	0	0	0	0	0	0	0
A	AG	18	105	1	2	BA1652	20397	7	0	0	0	0	0	0	0	1	0	0
A	AG	18	105	1	2	BA1652	20400	7	8	2	0	1	0	0	0	0	0	0
A	AG	18	105	1	2	BA1652	20410	8	7	0	0	0	0	0	0	0	0	0
A	AG	18	105	1	2	BA1652	20426	7	0	0	0	0	0	0	0	1	0	0
A	AG	18	105	1	2	BA1652	20429	7	8	2	0	1	0	0	0	0	0	0
A	AG	18	105	1	2	BA1652	20439	8	9	0	0	0	0	0	0	0	0	0
A	AG	18	105	1	2	BA1652	20449	9	10	0	0	0	0	0	0	0	0	0
A	AG	18	105	1	2	BA1652	20458	10	0	0	0	0	0	0	0	1	0	0
A	AG	18	105	1	2	BA1652	20524	10	2	0	0	0	0	0	0	0	0	0
A	AG	18	105	1	2	BA1652	20525	2	3	0	0	0	0	0	0	0	0	0
A	AG	18	105	1	2	BA1652	20603	3	5	1	1	0	0	0	0	0	0	0
A	AG	18	105	1	2	BA1652	20608	5	0	0	0	0	0	0	1	0	0	0
A	AG	18	105	1	2	BA1652	20612	5	0	0	1	0	0	0	0	0	0	0
A	AG	18	105	1	2	BA1652	20613	5	4	0	0	0	0	0	0	0	0	0
A	AG	18	105	1	2	BA1652	20631	4	0	0	0	0	0	0	1	0	0	0
A	AG	18	105	1	2	BA1652	20642	4	5	1	1	0	0	0	0	0	0	0
A	AG	18	105	1	2	BA1652	20652	5	4	0	0	0	0	0	0	0	0	0
A	AG	18	105	1	2	BA1652	20655	4	0	0	0	0	0	0	1	0	0	0
A	AG	18	105	1	2	BA1652	20657	4	5	1	1	0	0	0	0	0	0	0
A	AG	18	105	1	2	BA1652	20667	5	4	0	0	0	0	0	0	0	0	0
A	AG	18	105	1	2	BA1652	20688	4	0	0	0	0	0	0	1	0	0	0
A	AG	18	105	1	2	BA1652	20689	4	5	1	1	0	0	0	0	0	0	0
A	AG	18	105	1	2	BA1652	20699	5	4	0	0	0	0	0	0	0	0	0
A	AG	18	105	1	2	BA1652	20703	4	0	0	0	0	0	0	1	0	0	0
A	AG	18	105	1	2	BA1652	20712	4	5	1	1	0	0	0	0	0	0	0
A	AG	18	105	1	2	BA1652	20717	5	0	0	0	0	0	0	1	0	0	0
A	AG	18	105	1	2	BA1652	20722	5	9	0	0	0	0	0	0	0	0	0
A	AG	18	105	1	2	BA1652	20732	9	10	0	0	0	0	0	0	0	0	0
A	AG	18	105	1	2	BA1652	20807	10	2	0	0	0	0	0	0	0	0	0
A	AG	18	105	1	2	BA1652	20808	2	6	0	0	0	0	0	0	0	0	0
A	AG	18	105	1	2	BA1652	21094	6	8	2	0	1	0	0	0	0	0	0
A	AG	18	105	1	2	BA1652	21104	8	7	0	0	0	0	0	0	0	0	0
A	AG	18	105	1	2	BA1652	21138	7	0	0	0	0	0	0	0	1	0	0
A	AG	18	105	1	2	BA1652	21143	7	8	2	0	1	0	0	0	0	0	0
A	AG	18	105	1	2	BA1652	21153	8	7	0	0	0	0	0	0	0	0	0
A	AG	18	105	1	2	BA1652	21167	7	0	0	0	0	0	0	0	1	0	0
A	AG	18	105	1	2	BA1652	21173	7	8	2	0	1	0	0	0	0	0	0
A	AG	18	105	1	2	BA1652	21183	8	7	0	0	0	0	0	0	0	0	0
A	AG	18	105	1	2	BA1652	21201	7	0	0	0	0	0	0	0	1	0	0
A	AG	18	105	1	2	BA1652	21202	7	8	2	0	1	0	0	0	0	0	0
A	AG	18	105	1	2	BA1652	21212	8	7	0	0	0	0	0	0	0	0	0
A	AG	18	105	1	2	BA1652	21219	7	0	0	0	0	0	0	0	1	0	0
A	AG	18	105	1	2	BA1652	21265	7	8	2	0	1	0	0	0	0	0	0
A	AG	18	105	1	2	BA1652	21275	8	7	0	0	0	0	0	0	0	0	0
A	AG	18	105	1	2	BA1652	21279	7	0	0	0	0	0	0	0	1	0	0
A	AG	18	105	1	2	BA1652	21331	7	8	2	0	1	0	0	0	0	0	0
A	AG	18	105	1	2	BA1652	21341	8	7	0	0	0	0	0	0	0	0	0
A	AG	18	105	1	2	BA1652	21349	7	0	0	0	0	0	0	0	1	0	0
A	AG	18	105	1	2	BA1652	21357	7	8	2	0	1	0	0	0	0	0	0
A	AG	18	105	1	2	BA1652	21365	8	0	0	0	0	0	0	0	1	0	0
A	AG	18	105	1	2	BA1652	21367	8	7	0	0	0	0	0	0	0	0	0
A	AG	18	105	1	2	BA1652	21370	7	8	2	0	1	0	0	0	0	0	0
A	AG	18	105	1	2	BA1652	21380	8	7	0	0	0	0	0	0	0	0	0
A	AG	18	105	1	2	BA1652	21386	7	0	0	0	0	0	0	0	1	0	0
A	AG	18	105	1	2	BA1652	21398	7	8	2	0	1	0	0	0	0	0	0
A	AG	18	105	1	2	BA1652	21408	8	7	0	0	0	0	0	0	0	0	0
A	AG	18	105	1	2	BA1652	21411	7	0	0	0	0	0	0	0	1	0	0
A	AG	18	105	1	2	BA1652	21430	7	8	2	0	1	0	0	0	0	0	0
A	AG	18	105	1	2	BA1652	21440	8	7	0	0	0	0	0	0	0	0	0
A	AG	18	105	1	2	BA1652	21449	7	0	0	0	0	0	0	0	1	0	0
A	AG	18	105	1	2	BA1652	21453	7	8	2	0	1	0	0	0	0	0	0
A	AG	18	105	1	2	BA1652	21463	8	7	0	0	0	0	0	0	0	0	0
A	AG	18	105	1	2	BA1652	21473	7	0	0	0	0	0	0	0	1	0	0
A	AG	18	105	1	2	BA1652	21487	7	8	2	0	1	0	0	0	0	0	0
A	AG	18	105	1	2	BA1652	21497	8	7	0	0	0	0	0	0	0	0	0
A	AG	18	105	1	2	BA1652	21544	7	0	0	0	0	0	0	0	1	0	0
A	AG	18	105	1	2	BA1652	21550	7	8	2	0	1	0	0	0	0	0	0
A	AG	18	105	1	2	BA1652	21558	8	0	0	0	0	0	0	0	1	0	0
A	AG	18	105	1	2	BA1652	21560	8	7	0	0	0	0	0	0	0	0	0
A	AG	18	105	1	2	BA1652	21582	7	8	2	0	1	0	0	0	0	0	0
A	AG	18	105	1	2	BA1652	21591	8	0	0	0	0	0	0	0	1	0	0
A	AG	18	105	1	2	BA1652	21592	8	7	0	0	0	0	0	0	0	0	0
A	AG	18	105	1	2	BA1652	21614	7	8	2	0	1	0	0	0	0	0	0
A	AG	18	105	1	2	BA1652	21617	8	0	0	0	0	0	0	0	1	0	0
A	AG	18	105	1	2	BA1652	21622	8	0	0	0	1	0	0	0	0	0	0
A	AG	18	105	1	2	BA1652	21624	8	7	0	0	0	0	0	0	0	0	0
A	AG	18	105	1	2	BA1652	21655	7	0	0	0	0	0	0	0	1	0	0
A	AG	18	105	1	2	BA1652	21659	7	8	2	0	1	0	0	0	0	0	0
A	AG	18	105	1	2	BA1652	21669	8	7	0	0	0	0	0	0	0	0	0
A	AG	18	105	1	2	BA1652	21680	7	0	0	0	0	0	0	0	1	0	0
A	AG	18	105	1	2	BA1652	21702	7	8	2	0	1	0	0	0	0	0	0
A	AG	18	105	1	2	BA1652	21712	8	7	0	0	0	0	0	0	0	0	0
A	AG	18	105	1	2	BA1652	21713	7	0	0	0	0	0	0	0	1	0	0
A	AG	18	105	1	2	BA1652	21715	7	8	2	0	1	0	0	0	0	0	0
A	AG	18	105	1	2	BA1652	21725	8	7	0	0	0	0	0	0	0	0	0
A	AG	18	105	1	2	BA1652	21729	7	0	0	0	0	0	0	0	1	0	0
A	AG	18	105	1	2	BA1652	21733	7	8	2	0	1	0	0	0	0	0	0
A	AG	18	105	1	2	BA1652	21743	8	7	0	0	0	0	0	0	1	0	0
A	AG	18	105	1	2	BA1652	21763	7	8	2	0	1	0	0	0	0	0	0
A	AG	18	105	1	2	BA1652	21768	8	0	0	0	0	0	0	0	1	0	0
A	AG	18	105	1	2	BA1652	21773	8	9	0	0	0	0	0	0	0	0	0
A	AG	18	105	1	2	BA1652	21774	9	0	0	0	1	0	0	0	0	0	0
A	AG	18	105	1	2	BA1652	21783	9	10	0	0	0	0	0	0	0	0	0
A	AG	18	105	1	2	BA1652	21790	10	0	0	0	0	0	0	0	1	0	0
A	AG	18	105	1	2	BA1652	21858	10	2	0	0	0	0	0	0	0	0	0
A	AG	18	105	1	2	BA1652	21859	2	6	0	0	0	0	0	0	0	0	0
A	AG	18	105	1	2	BA1652	22063	6	8	2	0	1	0	0	0	0	0	0
A	AG	18	105	1	2	BA1652	22067	8	0	0	0	0	0	0	0	1	0	0
A	AG	18	105	1	2	BA1652	22073	8	7	0	0	0	0	0	0	0	0	0
A	AG	18	105	1	2	BA1652	22074	7	8	2	0	1	0	0	0	0	0	0
A	AG	18	105	1	2	BA1652	22083	8	0	0	0	0	0	0	0	1	0	0
A	AG	18	105	1	2	BA1652	22084	8	7	0	0	0	0	0	0	0	0	0
A	AG	18	105	1	2	BA1652	22141	7	8	2	0	1	0	0	0	0	0	0
A	AG	18	105	1	2	BA1652	22143	8	0	0	0	0	0	0	0	1	0	0
A	AG	18	105	1	2	BA1652	22147	8	0	0	0	1	0	0	0	0	0	0
A	AG	18	105	1	2	BA1652	22151	8	7	0	0	0	0	0	0	0	0	0
A	AG	18	105	1	2	BA1652	22200	7	0	0	0	0	0	0	0	1	0	0
A	AG	18	105	1	2	BA1652	22204	7	8	2	0	1	0	0	0	0	0	0
A	AG	18	105	1	2	BA1652	22214	8	7	0	0	0	0	0	0	0	0	0
A	AG	18	105	1	2	BA1652	22227	7	0	0	0	0	0	0	0	1	0	0
A	AG	18	105	1	2	BA1652	22231	7	8	2	0	1	0	0	0	0	0	0
A	AG	18	105	1	2	BA1652	22236	8	0	0	0	0	0	0	0	1	0	0
A	AG	18	105	1	2	BA1652	22241	8	7	0	0	0	0	0	0	0	0	0
A	AG	18	105	1	2	BA1652	22264	7	8	2	0	1	0	0	0	0	0	0
A	AG	18	105	1	2	BA1652	22270	8	0	0	0	0	0	0	0	1	0	0
A	AG	18	105	1	2	BA1652	22271	8	0	0	0	1	0	0	0	0	0	0
A	AG	18	105	1	2	BA1652	22274	8	7	0	0	0	0	0	0	0	0	0
A	AG	18	105	1	2	BA1652	22296	7	0	0	0	0	0	0	0	1	0	0
A	AG	18	105	1	2	BA1652	22344	7	8	2	0	1	0	0	0	0	0	0
A	AG	18	105	1	2	BA1652	22346	8	0	0	0	0	0	0	0	1	0	0
A	AG	18	105	1	2	BA1652	22354	8	7	0	0	0	0	0	0	0	0	0
A	AG	18	105	1	2	BA1652	22383	7	8	2	0	1	0	0	0	0	0	0
A	AG	18	105	1	2	BA1652	22393	8	7	0	0	0	0	0	0	0	0	0
A	AG	18	105	1	2	BA1652	22446	7	0	0	0	0	0	0	0	1	0	0
A	AG	18	105	1	2	BA1652	22511	7	8	2	0	1	0	0	0	0	0	0
A	AG	18	105	1	2	BA1652	22520	8	0	0	0	0	0	0	0	1	0	0
A	AG	18	105	1	2	BA1652	22521	8	7	0	0	0	0	0	0	0	0	0
A	AG	18	105	1	2	BA1652	22523	7	8	2	0	1	0	0	0	0	0	0
A	AG	18	105	1	2	BA1652	22533	8	7	0	0	0	0	0	0	0	0	0
A	AG	18	105	1	2	BA1652	22536	7	0	0	0	0	0	0	0	1	0	0
A	AG	18	105	1	2	BA1652	22549	7	8	2	0	1	0	0	0	0	0	0
A	AG	18	105	1	2	BA1652	22554	8	0	0	0	0	0	0	0	1	0	0
A	AG	18	105	1	2	BA1652	22559	8	7	0	0	1	0	0	0	0	0	0
A	AG	18	105	1	2	BA1652	22627	7	0	0	0	0	0	0	0	1	0	0
A	AG	18	105	1	2	BA1652	22629	7	8	2	0	1	0	0	0	0	0	0
A	AG	18	105	1	2	BA1652	22639	8	7	0	0	0	0	0	0	0	0	0
A	AG	18	105	1	2	BA1652	22651	7	0	0	0	0	0	0	0	1	0	0
A	AG	18	105	1	2	BA1652	22680	7	8	2	0	1	0	0	0	0	0	0
A	AG	18	105	1	2	BA1652	22690	8	7	0	0	0	0	0	0	0	0	0
A	AG	18	105	1	2	BA1652	22691	7	0	0	0	0	0	0	0	1	0	0
A	AG	18	105	1	2	BA1652	22697	7	8	2	0	1	0	0	0	0	0	0
A	AG	18	105	1	2	BA1652	22707	8	7	0	0	0	0	0	0	1	0	0
A	AG	18	105	1	2	BA1652	22727	7	8	2	0	1	0	0	0	0	0	0
A	AG	18	105	1	2	BA1652	22737	8	7	0	0	0	0	0	0	0	0	0
A	AG	18	105	1	2	BA1652	22775	7	0	0	0	0	0	0	0	1	0	0
A	AG	18	105	1	2	BA1652	22776	7	8	2	0	1	0	0	0	0	0	0
A	AG	18	105	1	2	BA1652	22779	8	0	0	0	0	0	0	0	1	0	0
A	AG	18	105	1	2	BA1652	22786	8	7	0	0	0	0	0	0	0	0	0
A	AG	18	105	1	2	BA1652	22878	7	8	2	0	1	0	0	0	0	0	0
A	AG	18	105	1	2	BA1652	22881	8	0	0	0	0	0	0	0	1	0	0
A	AG	18	105	1	2	BA1652	22882	8	0	0	0	1	0	0	0	0	0	0
A	AG	18	105	1	2	BA1652	22888	8	7	0	0	0	0	0	0	0	0	0
A	AG	18	105	1	2	BA1652	22897	7	0	0	0	0	0	0	0	1	0	0
A	AG	18	105	1	2	BA1652	22944	7	8	2	0	1	0	0	0	0	0	0
A	AG	18	105	1	2	BA1652	22954	8	7	0	0	0	0	0	0	0	0	0
A	AG	18	105	1	2	BA1652	22962	7	0	0	0	0	0	0	0	1	0	0
A	AG	18	105	1	2	BA1652	22964	7	8	2	0	1	0	0	0	0	0	0
A	AG	18	105	1	2	BA1652	22974	8	7	0	0	0	0	0	0	0	0	0
A	AG	18	105	1	2	BA1652	22981	7	0	0	0	0	0	0	0	1	0	0
A	AG	18	105	1	2	BA1652	22983	7	8	2	0	1	0	0	0	0	0	0
A	AG	18	105	1	2	BA1652	22993	8	9	0	0	0	0	0	0	0	0	0
A	AG	18	105	1	2	BA1652	23003	9	10	0	0	0	0	0	0	0	0	0
A	AG	18	105	1	2	BA1652	23004	10	0	0	0	0	0	0	0	1	0	0
A	AG	18	105	1	2	BA1652	23005	10	0	0	0	1	0	0	0	0	0	0
A	AG	18	105	1	2	BA1652	23008	10	0	0	0	0	0	0	0	1	0	0
A	AG	18	105	1	2	BA1652	23078	10	2	0	0	0	0	0	0	0	0	0
A	AG	18	105	1	2	BA1652	23079	2	3	0	0	0	0	0	0	0	0	0
A	AG	18	105	1	2	BA1652	23139	3	5	1	1	0	0	0	0	0	0	0
A	AG	18	105	1	2	BA1652	23142	5	0	0	0	0	0	0	1	0	0	0
A	AG	18	105	1	2	BA1652	23148	5	0	0	1	0	0	0	0	0	0	0
A	AG	18	105	1	2	BA1652	23149	5	4	0	0	0	0	0	0	0	0	0
A	AG	18	105	1	2	BA1652	23155	4	0	0	0	0	0	0	1	0	0	0
A	AG	18	105	1	2	BA1652	23157	4	5	1	1	0	0	0	0	0	0	0
A	AG	18	105	1	2	BA1652	23167	5	4	0	0	0	0	0	0	0	0	0
A	AG	18	105	1	2	BA1652	23170	4	0	0	0	0	0	0	1	0	0	0
A	AG	18	105	1	2	BA1652	23171	4	5	1	1	0	0	0	0	0	0	0
A	AG	18	105	1	2	BA1652	23176	5	0	0	0	0	0	0	1	0	0	0
A	AG	18	105	1	2	BA1652	23181	5	4	0	0	0	0	0	0	0	0	0
A	AG	18	105	1	2	BA1652	23205	4	5	1	1	0	0	0	0	0	0	0
A	AG	18	105	1	2	BA1652	23215	5	4	0	0	0	0	0	0	0	0	0
A	AG	18	105	1	2	BA1652	23229	4	0	0	0	0	0	0	1	0	0	0
A	AG	18	105	1	2	BA1652	23234	4	5	1	1	0	0	0	0	0	0	0
A	AG	18	105	1	2	BA1652	23238	5	0	0	0	0	0	0	1	0	0	0
A	AG	18	105	1	2	BA1652	23244	5	9	0	0	0	0	0	0	0	0	0
A	AG	18	105	1	2	BA1652	23254	9	10	0	0	0	0	0	0	0	0	0
A	AG	18	105	1	2	BA1652	23329	10	2	0	0	0	0	0	0	0	0	0
A	AG	18	105	1	2	BA1652	23330	2	3	0	0	0	0	0	0	0	0	0
A	AG	18	105	1	2	BA1652	23388	3	5	1	1	0	0	0	0	0	0	0
A	AG	18	105	1	2	BA1652	23398	5	4	0	0	0	0	0	0	0	0	0
A	AG	18	105	1	2	BA1652	23445	4	0	0	0	0	0	0	1	0	0	0
A	AG	18	105	1	2	BA1652	23448	4	5	1	1	0	0	0	0	0	0	0
A	AG	18	105	1	2	BA1652	23458	5	4	0	0	0	0	0	0	0	0	0
A	AG	18	105	1	2	BA1652	23464	4	0	0	0	0	0	0	1	0	0	0
A	AG	18	105	1	2	BA1652	23469	4	5	1	1	0	0	0	0	0	0	0
A	AG	18	105	1	2	BA1652	23476	5	0	0	0	0	0	0	1	0	0	0
A	AG	18	105	1	2	BA1652	23479	5	4	0	0	0	0	0	0	0	0	0
A	AG	18	105	1	2	BA1652	23522	4	5	1	1	0	0	0	0	0	0	0
A	AG	18	105	1	2	BA1652	23527	5	0	0	0	0	0	0	1	0	0	0
A	AG	18	105	1	2	BA1652	23529	5	0	0	1	0	0	0	0	0	0	0
A	AG	18	105	1	2	BA1652	23532	5	4	0	0	0	0	0	0	0	0	0
A	AG	18	105	1	2	BA1652	23549	4	0	0	0	0	0	0	1	0	0	0
A	AG	18	105	1	2	BA1652	23551	4	5	1	1	0	0	0	0	0	0	0
A	AG	18	105	1	2	BA1652	23555	5	0	0	0	0	0	0	1	0	0	0
A	AG	18	105	1	2	BA1652	23561	5	9	0	0	0	0	0	0	0	0	0
A	AG	18	105	1	2	BA1652	23570	9	0	0	1	0	0	0	0	0	0	0
A	AG	18	105	1	2	BA1652	23571	9	10	0	0	0	0	0	0	0	0	0
A	AG	18	105	1	2	BA1652	23574	10	0	0	0	0	0	0	1	0	0	0
A	AG	18	105	1	2	BA1652	23646	10	2	0	0	0	0	0	0	0	0	0
A	AG	18	105	1	2	BA1652	23647	2	6	0	0	0	0	0	0	0	0	0
A	AG	18	105	1	2	BA1652	24031	6	8	2	0	1	0	0	0	0	0	0
A	AG	18	105	1	2	BA1652	24035	8	0	0	0	0	0	0	0	1	0	0
A	AG	18	105	1	2	BA1652	24040	8	0	0	0	1	0	0	0	0	0	0
A	AG	18	105	1	2	BA1652	24041	8	7	0	0	0	0	0	0	0	0	0
A	AG	18	105	1	2	BA1652	24061	7	0	0	0	0	0	0	0	1	0	0
A	AG	18	105	1	2	BA1652	24229	7	8	2	0	1	0	0	0	0	0	0
A	AG	18	105	1	2	BA1652	24239	8	7	0	0	0	0	0	0	0	0	0
A	AG	18	105	1	2	BA1652	24250	7	0	0	0	0	0	0	0	1	0	0
A	AG	18	105	1	2	BA1652	24279	7	8	2	0	1	0	0	0	0	0	0
A	AG	18	105	1	2	BA1652	24289	8	7	0	0	0	0	0	0	0	0	0
A	AG	18	105	1	2	BA1652	24336	7	0	0	0	0	0	0	0	1	0	0
A	AG	18	105	1	2	BA1652	24342	7	8	2	0	1	0	0	0	0	0	0
A	AG	18	105	1	2	BA1652	24352	8	7	0	0	0	0	0	0	0	0	0
A	AG	18	105	1	2	BA1652	24356	7	0	0	0	0	0	0	0	1	0	0
A	AG	18	105	1	2	BA1652	24362	7	8	2	0	1	0	0	0	0	0	0
A	AG	18	105	1	2	BA1652	24372	8	7	0	0	0	0	0	0	0	0	0
A	AG	18	105	1	2	BA1652	24387	7	0	0	0	0	0	0	0	1	0	0
A	AG	18	105	1	2	BA1652	24396	7	8	2	0	1	0	0	0	0	0	0
A	AG	18	105	1	2	BA1652	24406	8	7	0	0	0	0	0	0	0	0	0
A	AG	18	105	1	2	BA1652	24409	7	0	0	0	0	0	0	0	1	0	0
A	AG	18	105	1	2	BA1652	24412	7	8	2	0	1	0	0	0	0	0	0
A	AG	18	105	1	2	BA1652	24422	8	7	0	0	0	0	0	0	0	0	0
A	AG	18	105	1	2	BA1652	24458	7	0	0	0	0	0	0	0	1	0	0
A	AG	18	105	1	2	BA1652	24532	7	8	2	0	1	0	0	0	0	0	0
A	AG	18	105	1	2	BA1652	24534	8	0	0	0	0	0	0	0	1	0	0
A	AG	18	105	1	2	BA1652	24535	8	0	0	0	1	0	0	0	0	0	0
A	AG	18	105	1	2	BA1652	24536	8	0	0	0	0	0	0	0	1	0	0
A	AG	18	105	1	2	BA1652	24539	8	0	0	0	1	0	0	0	0	0	0
A	AG	18	105	1	2	BA1652	24542	8	7	0	0	0	0	0	0	0	0	0
A	AG	18	105	1	2	BA1652	24544	7	0	0	0	0	0	0	0	1	0	0
A	AG	18	105	1	2	BA1652	24545	7	8	2	0	1	0	0	0	0	0	0
A	AG	18	105	1	2	BA1652	24547	8	0	0	0	0	0	0	0	1	0	0
A	AG	18	105	1	2	BA1652	24548	8	0	0	0	1	0	0	0	0	0	0
A	AG	18	105	1	2	BA1652	24555	8	7	0	0	0	0	0	0	0	0	0
A	AG	18	105	1	2	BA1652	24556	7	0	0	0	0	0	0	0	1	0	0
A	AG	18	105	1	2	BA1652	24563	7	8	2	0	1	0	0	0	0	0	0
A	AG	18	105	1	2	BA1652	24573	8	7	0	0	0	0	0	0	0	0	0
A	AG	18	105	1	2	BA1652	24574	7	0	0	0	0	0	0	0	1	0	0
A	AG	18	105	1	2	BA1652	24579	7	8	2	0	1	0	0	0	0	0	0
A	AG	18	105	1	2	BA1652	24587	8	0	0	0	0	0	0	0	1	0	0
A	AG	18	105	1	2	BA1652	24589	8	7	0	0	0	0	0	0	0	0	0
A	AG	18	105	1	2	BA1652	24596	7	8	2	0	1	0	0	0	0	0	0
A	AG	18	105	1	2	BA1652	24600	8	0	0	0	0	0	0	0	1	0	0
A	AG	18	105	1	2	BA1652	24606	8	7	0	0	0	0	0	0	0	0	0
A	AG	18	105	1	2	BA1652	24612	7	8	2	0	1	0	0	0	0	0	0
A	AG	18	105	1	2	BA1652	24619	8	0	0	0	0	0	0	0	1	0	0
A	AG	18	105	1	2	BA1652	24622	8	7	0	0	0	0	0	0	0	0	0
A	AG	18	105	1	2	BA1652	24635	7	8	2	0	1	0	0	0	0	0	0
A	AG	18	105	1	2	BA1652	24645	8	7	0	0	0	0	0	0	0	0	0
A	AG	18	105	1	2	BA1652	24646	7	0	0	0	0	0	0	0	1	0	0
A	AG	18	105	1	2	BA1652	24651	7	8	2	0	1	0	0	0	0	0	0
A	AG	18	105	1	2	BA1652	24661	8	7	0	0	0	0	0	0	0	0	0
A	AG	18	105	1	2	BA1652	24666	7	0	0	0	0	0	0	0	1	0	0
A	AG	18	105	1	2	BA1652	24669	7	8	2	0	1	0	0	0	0	0	0
A	AG	18	105	1	2	BA1652	24678	8	0	0	0	0	0	0	0	1	0	0
A	AG	18	105	1	2	BA1652	24679	8	7	0	0	0	0	0	0	0	0	0
A	AG	18	105	1	2	BA1652	24687	7	8	2	0	1	0	0	0	0	0	0
A	AG	18	105	1	2	BA1652	24688	8	0	0	0	0	0	0	0	1	0	0
A	AG	18	105	1	2	BA1652	24697	8	7	0	0	1	0	0	0	0	0	0
A	AG	18	105	1	2	BA1652	24784	7	0	0	0	0	0	0	0	1	0	0
A	AG	18	105	1	2	BA1652	24846	7	8	2	0	1	0	0	0	0	0	0
A	AG	18	105	1	2	BA1652	24856	8	7	0	0	0	0	0	0	0	0	0
A	AG	18	105	1	2	BA1652	24863	7	0	0	0	0	0	0	0	1	0	0
A	AG	18	105	1	2	BA1652	24864	7	8	2	0	1	0	0	0	0	0	0
A	AG	18	105	1	2	BA1652	24866	8	0	0	0	0	0	0	0	1	0	0
A	AG	18	105	1	2	BA1652	24868	8	0	0	0	1	0	0	0	0	0	0
A	AG	18	105	1	2	BA1652	24871	8	0	0	0	0	0	0	0	1	0	0
A	AG	18	105	1	2	BA1652	24874	8	7	0	0	0	0	0	0	0	0	0
A	AG	18	105	1	2	BA1652	24939	7	8	2	0	1	0	0	0	0	0	0
A	AG	18	105	1	2	BA1652	24942	8	0	0	0	0	0	0	0	1	0	0
A	AG	18	105	1	2	BA1652	24949	8	9	0	0	0	0	0	0	0	0	0
A	AG	18	105	1	2	BA1652	24959	9	10	0	0	0	0	0	0	0	0	0
A	AG	18	105	1	2	BA1652	25034	10	2	0	0	0	0	0	0	0	0	0
A	AG	18	105	1	2	BA1652	25035	2	3	0	0	0	0	0	0	0	0	0
A	AG	18	105	1	2	BA1652	25148	3	5	1	1	0	0	0	0	0	0	0
A	AG	18	105	1	2	BA1652	25153	5	0	0	0	0	0	0	1	0	0	0
A	AG	18	105	1	2	BA1652	25156	5	0	0	1	0	0	0	0	0	0	0
A	AG	18	105	1	2	BA1652	25158	5	4	0	0	0	0	0	0	0	0	0
A	AG	18	105	1	2	BA1652	25167	4	0	0	0	0	0	0	1	0	0	0
A	AG	18	105	1	2	BA1652	25170	4	5	1	1	0	0	0	0	0	0	0
A	AG	18	105	1	2	BA1652	25176	5	0	0	0	0	0	0	1	0	0	0
A	AG	18	105	1	2	BA1652	25180	5	4	0	0	0	0	0	0	0	0	0
A	AG	18	105	1	2	BA1652	25200	4	5	1	1	0	0	0	0	0	0	0
A	AG	18	105	1	2	BA1652	25206	5	0	0	0	0	0	0	1	0	0	0
A	AG	18	105	1	2	BA1652	25208	5	0	0	1	0	0	0	0	0	0	0
A	AG	18	105	1	2	BA1652	25210	5	4	0	0	0	0	0	0	0	0	0
A	AG	18	105	1	2	BA1652	25269	4	0	0	0	0	0	0	1	0	0	0
A	AG	18	105	1	2	BA1652	25336	4	5	1	1	0	0	0	0	0	0	0
A	AG	18	105	1	2	BA1652	25338	5	0	0	0	0	0	0	1	0	0	0
A	AG	18	105	1	2	BA1652	25342	5	0	0	1	0	0	0	0	0	0	0
A	AG	18	105	1	2	BA1652	25346	5	4	0	0	0	0	0	0	0	0	0
A	AG	18	105	1	2	BA1652	25385	4	0	0	0	0	0	0	1	0	0	0
A	AG	18	105	1	2	BA1652	25387	4	5	1	1	0	0	0	0	0	0	0
A	AG	18	105	1	2	BA1652	25397	5	9	0	0	0	0	0	0	0	0	0
A	AG	18	105	1	2	BA1652	25407	9	10	0	0	0	0	0	0	0	0	0
A	AG	18	105	1	2	BA1652	25408	10	0	0	0	0	0	0	1	0	0	0
A	AG	18	105	1	2	BA1652	25482	10	2	0	0	0	0	0	0	0	0	0
A	AG	18	105	1	2	BA1652	25483	2	6	0	0	0	0	0	0	0	0	0
A	AG	18	105	1	2	BA1652	25885	6	8	2	0	1	0	0	0	0	0	0
A	AG	18	105	1	2	BA1652	25895	8	7	0	0	0	0	0	0	0	0	0
A	AG	18	105	1	2	BA1652	25901	7	0	0	0	0	0	0	0	1	0	0
A	AG	18	105	1	2	BA1652	25906	7	8	2	0	1	0	0	0	0	0	0
A	AG	18	105	1	2	BA1652	25910	8	0	0	0	0	0	0	0	1	0	0
A	AG	18	105	1	2	BA1652	25916	8	7	0	0	0	0	0	0	0	0	0
A	AG	18	105	1	2	BA1652	25997	7	8	2	0	1	0	0	0	0	0	0
A	AG	18	105	1	2	BA1652	25999	8	0	0	0	0	0	0	0	1	0	0
A	AG	18	105	1	2	BA1652	26007	8	7	0	0	0	0	0	0	0	0	0
A	AG	18	105	1	2	BA1652	26062	7	8	2	0	1	0	0	0	0	0	0
A	AG	18	105	1	2	BA1652	26065	8	0	0	0	0	0	0	0	1	0	0
A	AG	18	105	1	2	BA1652	26068	8	0	0	0	1	0	0	0	0	0	0
A	AG	18	105	1	2	BA1652	26072	8	7	0	0	0	0	0	0	0	0	0
A	AG	18	105	1	2	BA1652	26092	7	0	0	0	0	0	0	0	1	0	0
A	AG	18	105	1	2	BA1652	26114	7	8	2	0	1	0	0	0	0	0	0
A	AG	18	105	1	2	BA1652	26118	8	0	0	0	0	0	0	0	1	0	0
A	AG	18	105	1	2	BA1652	26124	8	7	0	0	0	0	0	0	0	0	0
A	AG	18	105	1	2	BA1652	26135	7	8	2	0	1	0	0	0	0	0	0
A	AG	18	105	1	2	BA1652	26142	8	0	0	0	0	0	0	0	1	0	0
A	AG	18	105	1	2	BA1652	26144	8	0	0	0	1	0	0	0	0	0	0
A	AG	18	105	1	2	BA1652	26145	8	7	0	0	0	0	0	0	0	0	0
A	AG	18	105	1	2	BA1652	26146	7	0	0	0	0	0	0	0	1	0	0
A	AG	18	105	1	2	BA1652	26151	7	8	2	0	1	0	0	0	0	0	0
A	AG	18	105	1	2	BA1652	26153	8	0	0	0	0	0	0	0	1	0	0
A	AG	18	105	1	2	BA1652	26155	8	0	0	0	1	0	0	0	0	0	0
A	AG	18	105	1	2	BA1652	26161	8	7	0	0	0	0	0	0	1	0	0
A	AG	18	105	1	2	BA1652	26169	7	8	2	0	1	0	0	0	0	0	0
A	AG	18	105	1	2	BA1652	26172	8	0	0	0	0	0	0	0	1	0	0
A	AG	18	105	1	2	BA1652	26179	8	7	0	0	0	0	0	0	0	0	0
A	AG	18	105	1	2	BA1652	26253	7	8	2	0	1	0	0	0	0	0	0
A	AG	18	105	1	2	BA1652	26261	8	0	0	0	0	0	0	0	1	0	0
A	AG	18	105	1	2	BA1652	26263	8	7	0	0	0	0	0	0	0	0	0
A	AG	18	105	1	2	BA1652	26264	7	8	2	0	1	0	0	0	0	0	0
A	AG	18	105	1	2	BA1652	26274	8	7	0	0	0	0	0	0	1	0	0
A	AG	18	105	1	2	BA1652	26292	7	8	2	0	1	0	0	0	0	0	0
A	AG	18	105	1	2	BA1652	26296	8	0	0	0	0	0	0	0	1	0	0
A	AG	18	105	1	2	BA1652	26302	8	7	0	0	0	0	0	0	0	0	0
A	AG	18	105	1	2	BA1652	26305	7	8	2	0	1	0	0	0	0	0	0
A	AG	18	105	1	2	BA1652	26309	8	0	0	0	0	0	0	0	1	0	0
A	AG	18	105	1	2	BA1652	26311	8	0	0	0	1	0	0	0	0	0	0
A	AG	18	105	1	2	BA1652	26314	8	0	0	0	0	0	0	0	1	0	0
A	AG	18	105	1	2	BA1652	26315	8	7	0	0	0	0	0	0	0	0	0
A	AG	18	105	1	2	BA1652	26316	7	8	2	0	1	0	0	0	0	0	0
A	AG	18	105	1	2	BA1652	26320	8	0	0	0	0	0	0	0	1	0	0
A	AG	18	105	1	2	BA1652	26326	8	7	0	0	0	0	0	0	0	0	0
A	AG	18	105	1	2	BA1652	26329	7	8	2	0	1	0	0	0	0	0	0
A	AG	18	105	1	2	BA1652	26334	8	0	0	0	0	0	0	0	1	0	0
A	AG	18	105	1	2	BA1652	26338	8	0	0	0	1	0	0	0	0	0	0
A	AG	18	105	1	2	BA1652	26339	8	7	0	0	0	0	0	0	0	0	0
A	AG	18	105	1	2	BA1652	26349	7	0	0	0	0	0	0	0	1	0	0
A	AG	18	105	1	2	BA1652	26354	7	8	2	0	1	0	0	0	0	0	0
A	AG	18	105	1	2	BA1652	26364	8	7	0	0	0	0	0	0	0	0	0
A	AG	18	105	1	2	BA1652	26393	7	0	0	0	0	0	0	0	1	0	0
A	AG	18	105	1	2	BA1652	26409	7	8	2	0	1	0	0	0	0	0	0
A	AG	18	105	1	2	BA1652	26415	8	0	0	0	0	0	0	0	1	0	0
A	AG	18	105	1	2	BA1652	26419	8	7	0	0	0	0	0	0	0	0	0
A	AG	18	105	1	2	BA1652	26422	7	8	2	0	1	0	0	0	0	0	0
A	AG	18	105	1	2	BA1652	26432	8	7	0	0	0	0	0	0	1	0	0
A	AG	18	105	1	2	BA1652	26464	7	8	2	0	1	0	0	0	0	0	0
A	AG	18	105	1	2	BA1652	26474	8	7	0	0	0	0	0	0	0	0	0
A	AG	18	105	1	2	BA1652	26521	7	0	0	0	0	0	0	0	1	0	0
A	AG	18	105	1	2	BA1652	26524	7	8	2	0	1	0	0	0	0	0	0
A	AG	18	105	1	2	BA1652	26534	8	7	0	0	0	0	0	0	0	0	0
A	AG	18	105	1	2	BA1652	26536	7	0	0	0	0	0	0	0	1	0	0
A	AG	18	105	1	2	BA1652	26544	7	8	2	0	1	0	0	0	0	0	0
A	AG	18	105	1	2	BA1652	26554	8	9	0	0	0	0	0	0	1	0	0
A	AG	18	105	1	2	BA1652	26559	9	0	0	0	1	0	0	0	0	0	0
A	AG	18	105	1	2	BA1652	26564	9	10	0	0	0	0	0	0	0	0	0
A	AG	18	105	1	2	BA1652	26568	10	0	0	0	0	0	0	0	1	0	0
A	AG	18	105	1	2	BA1652	26639	10	2	0	0	0	0	0	0	0	0	0
A	AG	18	105	1	2	BA1652	26640	2	3	0	0	0	0	0	0	0	0	0
A	AG	18	105	1	2	BA1652	26783	3	5	1	1	0	0	0	0	0	0	0
A	AG	18	105	1	2	BA1652	26793	5	4	0	0	0	0	0	1	0	0	0
A	AG	18	105	1	2	BA1652	26797	4	5	1	1	0	0	0	0	0	0	0
A	AG	18	105	1	2	BA1652	26807	5	4	0	0	0	0	0	0	0	0	0
A	AG	18	105	1	2	BA1652	26808	4	0	0	0	0	0	0	1	0	0	0
A	AG	18	105	1	2	BA1652	26810	4	5	1	1	0	0	0	0	0	0	0
A	AG	18	105	1	2	BA1652	26820	5	4	0	0	0	0	0	0	0	0	0
A	AG	18	105	1	2	BA1652	26842	4	0	0	0	0	0	0	1	0	0	0
A	AG	18	105	1	2	BA1652	26851	4	5	1	1	0	0	0	0	0	0	0
A	AG	18	105	1	2	BA1652	26861	5	4	0	0	0	0	0	0	0	0	0
A	AG	18	105	1	2	BA1652	26876	4	0	0	0	0	0	0	1	0	0	0
A	AG	18	105	1	2	BA1652	26880	4	5	1	1	0	0	0	0	0	0	0
A	AG	18	105	1	2	BA1652	26883	5	0	0	0	0	0	0	1	0	0	0
A	AG	18	105	1	2	BA1652	26889	5	0	0	1	0	0	0	0	0	0	0
A	AG	18	105	1	2	BA1652	26890	5	9	0	0	0	0	0	0	0	0	0
A	AG	18	105	1	2	BA1652	26899	9	0	0	0	0	0	0	1	0	0	0
A	AG	18	105	1	2	BA1652	26900	9	10	0	0	0	0	0	0	0	0	0
A	AG	18	105	1	2	BA1652	26975	10	2	0	0	0	0	0	0	0	0	0
A	AG	18	105	1	2	BA1652	26976	2	6	0	0	0	0	0	0	0	0	0
A	AG	18	105	1	2	BA1652	27156	6	0	0	1	0	0	0	0	0	0	0
A	AG	18	105	1	2	BA1652	27173	6	0	0	0	0	0	0	1	0	0	0
A	AG	18	105	1	2	BA1652	27291	6	8	2	0	1	0	0	0	0	0	0
A	AG	18	105	1	2	BA1652	27295	8	0	0	0	0	0	0	0	1	0	0
A	AG	18	105	1	2	BA1652	27301	8	7	0	0	0	0	0	0	0	0	0
A	AG	18	105	1	2	BA1652	27350	7	8	2	0	1	0	0	0	0	0	0
A	AG	18	105	1	2	BA1652	27359	8	0	0	0	0	0	0	0	1	0	0
A	AG	18	105	1	2	BA1652	27360	8	7	0	0	0	0	0	0	0	0	0
A	AG	18	105	1	2	BA1652	27429	7	8	2	0	1	0	0	0	0	0	0
A	AG	18	105	1	2	BA1652	27435	8	0	0	0	0	0	0	0	1	0	0
A	AG	18	105	1	2	BA1652	27439	8	7	0	0	0	0	0	0	0	0	0
A	AG	18	105	1	2	BA1652	27449	7	8	2	0	1	0	0	0	0	0	0
A	AG	18	105	1	2	BA1652	27450	8	0	0	0	0	0	0	0	1	0	0
A	AG	18	105	1	2	BA1652	27455	8	0	0	0	1	0	0	0	0	0	0
A	AG	18	105	1	2	BA1652	27459	8	7	0	0	0	0	0	0	1	0	0
A	AG	18	105	1	2	BA1652	27464	7	8	2	0	1	0	0	0	0	0	0
A	AG	18	105	1	2	BA1652	27474	8	7	0	0	0	0	0	0	0	0	0
A	AG	18	105	1	2	BA1652	27475	7	0	0	0	0	0	0	0	1	0	0
A	AG	18	105	1	2	BA1652	27511	7	8	2	0	1	0	0	0	0	0	0
A	AG	18	105	1	2	BA1652	27512	8	0	0	0	0	0	0	0	1	0	0
A	AG	18	105	1	2	BA1652	27517	8	0	0	0	1	0	0	0	0	0	0
A	AG	18	105	1	2	BA1652	27521	8	7	0	0	0	0	0	0	0	0	0
A	AG	18	105	1	2	BA1652	27529	7	0	0	0	0	0	0	0	1	0	0
A	AG	18	105	1	2	BA1652	27533	7	8	2	0	1	0	0	0	0	0	0
A	AG	18	105	1	2	BA1652	27543	8	7	0	0	0	0	0	0	0	0	0
A	AG	18	105	1	2	BA1652	27594	7	0	0	0	0	0	0	0	1	0	0
A	AG	18	105	1	2	BA1652	27667	7	8	2	0	1	0	0	0	0	0	0
A	AG	18	105	1	2	BA1652	27677	8	7	0	0	0	0	0	0	0	0	0
A	AG	18	105	1	2	BA1652	27691	7	0	0	0	0	0	0	0	1	0	0
A	AG	18	105	1	2	BA1652	27705	7	8	2	0	1	0	0	0	0	0	0
A	AG	18	105	1	2	BA1652	27709	8	0	0	0	0	0	0	0	1	0	0
A	AG	18	105	1	2	BA1652	27715	8	7	0	0	0	0	0	0	0	0	0
A	AG	18	105	1	2	BA1652	27775	7	8	2	0	1	0	0	0	0	0	0
A	AG	18	105	1	2	BA1652	27782	8	0	0	0	0	0	0	0	1	0	0
A	AG	18	105	1	2	BA1652	27785	8	7	0	0	0	0	0	0	0	0	0
A	AG	18	105	1	2	BA1652	27807	7	8	2	0	1	0	0	0	0	0	0
A	AG	18	105	1	2	BA1652	27809	8	0	0	0	0	0	0	0	1	0	0
A	AG	18	105	1	2	BA1652	27814	8	0	0	0	1	0	0	0	0	0	0
A	AG	18	105	1	2	BA1652	27817	8	7	0	0	0	0	0	0	0	0	0
A	AG	18	105	1	2	BA1652	27855	7	0	0	0	0	0	0	0	1	0	0
A	AG	18	105	1	2	BA1652	27878	7	8	2	0	1	0	0	0	0	0	0
A	AG	18	105	1	2	BA1652	27888	8	7	0	0	0	0	0	0	0	0	0
A	AG	18	105	1	2	BA1652	27896	7	0	0	0	0	0	0	0	1	0	0
A	AG	18	105	1	2	BA1652	27910	7	8	2	0	1	0	0	0	0	0	0
A	AG	18	105	1	2	BA1652	27920	8	7	0	0	0	0	0	0	0	0	0
A	AG	18	105	1	2	BA1652	27933	7	0	0	0	0	0	0	0	1	0	0
A	AG	18	105	1	2	BA1652	27990	7	8	2	0	1	0	0	0	0	0	0
A	AG	18	105	1	2	BA1652	27994	8	0	0	0	0	0	0	0	1	0	0
A	AG	18	105	1	2	BA1652	27997	8	0	0	0	1	0	0	0	0	0	0
A	AG	18	105	1	2	BA1652	28000	8	7	0	0	0	0	0	0	0	0	0
A	AG	18	105	1	2	BA1652	28032	7	0	0	0	0	0	0	0	1	0	0
A	AG	18	105	1	2	BA1652	28036	7	8	2	0	1	0	0	0	0	0	0
A	AG	18	105	1	2	BA1652	28043	8	0	0	0	0	0	0	0	1	0	0
A	AG	18	105	1	2	BA1652	28046	8	7	0	0	0	0	0	0	0	0	0
A	AG	18	105	1	2	BA1652	28072	7	8	2	0	1	0	0	0	0	0	0
A	AG	18	105	1	2	BA1652	28082	8	7	0	0	0	0	0	0	0	0	0
A	AG	18	105	1	2	BA1652	28097	7	0	0	0	0	0	0	0	1	0	0
A	AG	18	105	1	2	BA1652	28118	7	8	2	0	1	0	0	0	0	0	0
A	AG	18	105	1	2	BA1652	28124	8	0	0	0	0	0	0	0	1	0	0
A	AG	18	105	1	2	BA1652	28128	8	7	0	0	1	0	0	0	0	0	0
A	AG	18	105	1	2	BA1652	28227	7	0	0	0	0	0	0	0	1	0	0
A	AG	18	105	1	2	BA1652	28232	7	8	2	0	1	0	0	0	0	0	0
A	AG	18	105	1	2	BA1652	28242	8	7	0	0	0	0	0	0	0	0	0
A	AG	18	105	1	2	BA1652	28263	7	0	0	0	0	0	0	0	1	0	0
A	AG	18	105	1	2	BA1652	28264	7	8	2	0	1	0	0	0	0	0	0
A	AG	18	105	1	2	BA1652	28274	8	7	0	0	0	0	0	0	0	0	0
A	AG	18	105	1	2	BA1652	28291	7	0	0	0	0	0	0	0	1	0	0
A	AG	18	105	1	2	BA1652	28319	7	8	2	0	1	0	0	0	0	0	0
A	AG	18	105	1	2	BA1652	28329	8	9	0	0	0	0	0	0	0	0	0
A	AG	18	105	1	2	BA1652	28333	9	0	0	0	0	0	0	0	1	0	0
A	AG	18	105	1	2	BA1652	28339	9	10	0	0	0	0	0	0	0	0	0
A	AG	18	105	1	2	BA1652	28414	10	2	0	0	0	0	0	0	0	0	0
A	AG	18	105	1	2	BA1652	28415	2	6	0	0	0	0	0	0	0	0	0
A	AG	18	105	1	2	BA1652	28563	6	8	2	0	1	0	0	0	0	0	0
A	AG	18	105	1	2	BA1652	28564	8	0	0	0	0	0	0	0	1	0	0
A	AG	18	105	1	2	BA1652	28573	8	7	0	0	0	0	0	0	0	0	0
A	AG	18	105	1	2	BA1652	28587	7	8	2	0	1	0	0	0	0	0	0
A	AG	18	105	1	2	BA1652	28593	8	0	0	0	0	0	0	0	1	0	0
A	AG	18	105	1	2	BA1652	28597	8	7	0	0	0	0	0	0	0	0	0
A	AG	18	105	1	2	BA1652	28598	7	8	2	0	1	0	0	0	0	0	0
A	AG	18	105	1	2	BA1652	28600	8	0	0	0	0	0	0	0	1	0	0
A	AG	18	105	1	2	BA1652	28608	8	7	0	0	0	0	0	0	0	0	0
A	AG	18	105	1	2	BA1652	28618	7	8	2	0	1	0	0	0	0	0	0
A	AG	18	105	1	2	BA1652	28622	8	0	0	0	0	0	0	0	1	0	0
A	AG	18	105	1	2	BA1652	28628	8	7	0	0	0	0	0	0	0	0	0
A	AG	18	105	1	2	BA1652	28652	7	8	2	0	1	0	0	0	0	0	0
A	AG	18	105	1	2	BA1652	28655	8	0	0	0	0	0	0	0	1	0	0
A	AG	18	105	1	2	BA1652	28662	8	7	0	0	0	0	0	0	0	0	0
A	AG	18	105	1	2	BA1652	28717	7	8	2	0	1	0	0	0	0	0	0
A	AG	18	105	1	2	BA1652	28727	8	7	0	0	0	0	0	0	0	0	0
A	AG	18	105	1	2	BA1652	28741	7	0	0	0	0	0	0	0	1	0	0
A	AG	18	105	1	2	BA1652	28756	7	8	2	0	1	0	0	0	0	0	0
A	AG	18	105	1	2	BA1652	28760	8	0	0	0	0	0	0	0	1	0	0
A	AG	18	105	1	2	BA1652	28763	8	0	0	0	1	0	0	0	0	0	0
A	AG	18	105	1	2	BA1652	28766	8	7	0	0	0	0	0	0	0	0	0
A	AG	18	105	1	2	BA1652	28788	7	0	0	0	0	0	0	0	1	0	0
A	AG	18	105	1	2	BA1652	28847	7	8	2	0	1	0	0	0	0	0	0
A	AG	18	105	1	2	BA1652	28857	8	7	0	0	0	0	0	0	0	0	0
A	AG	18	105	1	2	BA1652	28882	7	0	0	0	0	0	0	0	1	0	0
A	AG	18	105	1	2	BA1652	28886	7	8	2	0	1	0	0	0	0	0	0
A	AG	18	105	1	2	BA1652	28896	8	7	0	0	0	0	0	0	0	0	0
A	AG	18	105	1	2	BA1652	28905	7	0	0	0	0	0	0	0	1	0	0
A	AG	18	105	1	2	BA1652	28931	7	8	2	0	1	0	0	0	0	0	0
A	AG	18	105	1	2	BA1652	28935	8	0	0	0	0	0	0	0	1	0	0
A	AG	18	105	1	2	BA1652	28939	8	0	0	0	1	0	0	0	0	0	0
A	AG	18	105	1	2	BA1652	28941	8	7	0	0	0	0	0	0	0	0	0
A	AG	18	105	1	2	BA1652	28970	7	0	0	0	0	0	0	0	1	0	0
A	AG	18	105	1	2	BA1652	29040	7	8	2	0	1	0	0	0	0	0	0
A	AG	18	105	1	2	BA1652	29041	8	0	0	0	0	0	0	0	1	0	0
A	AG	18	105	1	2	BA1652	29050	8	7	0	0	0	0	0	0	0	0	0
A	AG	18	105	1	2	BA1652	29060	7	8	2	0	1	0	0	0	0	0	0
A	AG	18	105	1	2	BA1652	29070	8	7	0	0	0	0	0	0	0	0	0
A	AG	18	105	1	2	BA1652	29076	7	8	2	0	1	0	0	0	1	0	0
A	AG	18	105	1	2	BA1652	29083	8	0	0	0	0	0	0	0	1	0	0
A	AG	18	105	1	2	BA1652	29086	8	7	0	0	0	0	0	0	0	0	0
A	AG	18	105	1	2	BA1652	29087	7	8	2	0	1	0	0	0	0	0	0
A	AG	18	105	1	2	BA1652	29095	8	0	0	0	0	0	0	0	1	0	0
A	AG	18	105	1	2	BA1652	29097	8	7	0	0	0	0	0	0	0	0	0
A	AG	18	105	1	2	BA1652	29123	7	8	2	0	1	0	0	0	0	0	0
A	AG	18	105	1	2	BA1652	29131	8	0	0	0	0	0	0	0	1	0	0
A	AG	18	105	1	2	BA1652	29133	8	7	0	0	0	0	0	0	0	0	0
A	AG	18	105	1	2	BA1652	29152	7	8	2	0	1	0	0	0	0	0	0
A	AG	18	105	1	2	BA1652	29159	8	0	0	0	0	0	0	0	1	0	0
A	AG	18	105	1	2	BA1652	29161	8	0	0	0	1	0	0	0	0	0	0
A	AG	18	105	1	2	BA1652	29162	8	7	0	0	0	0	0	0	0	0	0
A	AG	18	105	1	2	BA1652	29239	7	0	0	0	0	0	0	0	1	0	0
A	AG	18	105	1	2	BA1652	29244	7	8	2	0	1	0	0	0	0	0	0
A	AG	18	105	1	2	BA1652	29252	8	0	0	0	0	0	0	0	1	0	0
A	AG	18	105	1	2	BA1652	29254	8	7	0	0	1	0	0	0	0	0	0
A	AG	18	105	1	2	BA1652	29274	7	0	0	0	0	0	0	0	1	0	0
A	AG	18	105	1	2	BA1652	29341	7	8	2	0	1	0	0	0	0	0	0
A	AG	18	105	1	2	BA1652	29351	8	7	0	0	0	0	0	0	0	0	0
A	AG	18	105	1	2	BA1652	29354	7	0	0	0	0	0	0	0	1	0	0
A	AG	18	105	1	2	BA1652	29357	7	8	2	0	1	0	0	0	0	0	0
A	AG	18	105	1	2	BA1652	29367	8	7	0	0	0	0	0	0	0	0	0
A	AG	18	105	1	2	BA1652	29376	7	0	0	0	0	0	0	0	1	0	0
A	AG	18	105	1	2	BA1652	29401	7	8	2	0	1	0	0	0	0	0	0
A	AG	18	105	1	2	BA1652	29411	8	9	0	0	0	0	0	0	0	0	0
A	AG	18	105	1	2	BA1652	29421	9	10	0	0	0	0	0	0	0	0	0
A	AG	18	105	1	2	BA1652	29426	10	0	0	0	0	0	0	0	1	0	0
A	AG	18	105	1	2	BA1652	29496	10	2	0	0	0	0	0	0	0	0	0
A	AG	18	105	1	2	BA1652	29497	2	3	0	0	0	0	0	0	0	0	0
A	AG	18	105	1	2	BA1652	29564	3	5	1	1	0	0	0	0	0	0	0
A	AG	18	105	1	2	BA1652	29571	5	0	0	0	0	0	0	1	0	0	0
A	AG	18	105	1	2	BA1652	29573	5	0	0	1	0	0	0	0	0	0	0
A	AG	18	105	1	2	BA1652	29574	5	4	0	0	0	0	0	0	0	0	0
A	AG	18	105	1	2	BA1652	29596	4	0	0	0	0	0	0	1	0	0	0
A	AG	18	105	1	2	BA1652	29605	4	5	1	1	0	0	0	0	0	0	0
A	AG	18	105	1	2	BA1652	29613	5	0	0	0	0	0	0	1	0	0	0
A	AG	18	105	1	2	BA1652	29614	5	0	0	1	0	0	0	0	0	0	0
A	AG	18	105	1	2	BA1652	29615	5	4	0	0	0	0	0	0	0	0	0
A	AG	18	105	1	2	BA1652	29616	4	0	0	0	0	0	0	1	0	0	0
A	AG	18	105	1	2	BA1652	29621	4	5	1	1	0	0	0	0	0	0	0
A	AG	18	105	1	2	BA1652	29631	5	4	0	0	0	0	0	0	0	0	0
A	AG	18	105	1	2	BA1652	29633	4	0	0	0	0	0	0	1	0	0	0
A	AG	18	105	1	2	BA1652	29635	4	5	1	1	0	0	0	0	0	0	0
A	AG	18	105	1	2	BA1652	29641	5	0	0	0	0	0	0	1	0	0	0
A	AG	18	105	1	2	BA1652	29643	5	0	0	1	0	0	0	0	0	0	0
A	AG	18	105	1	2	BA1652	29645	5	4	0	0	0	0	0	1	0	0	0
A	AG	18	105	1	2	BA1652	29678	4	5	1	1	0	0	0	0	0	0	0
A	AG	18	105	1	2	BA1652	29680	5	0	0	0	0	0	0	1	0	0	0
A	AG	18	105	1	2	BA1652	29685	5	0	0	1	0	0	0	0	0	0	0
A	AG	18	105	1	2	BA1652	29688	5	9	0	0	0	0	0	0	0	0	0
A	AG	18	105	1	2	BA1652	29698	9	10	0	0	0	0	0	1	0	0	0
A	AG	18	105	1	2	BA1652	29773	10	2	0	0	0	0	0	0	0	0	0
A	AG	18	105	1	2	BA1652	29774	2	3	0	0	0	0	0	0	0	0	0
A	AG	18	105	1	2	BA1652	29835	3	5	1	1	0	0	0	0	0	0	0
A	AG	18	105	1	2	BA1652	29845	5	4	0	0	0	0	0	0	0	0	0
A	AG	18	105	1	2	BA1652	29859	4	0	0	0	0	0	0	1	0	0	0
A	AG	18	105	1	2	BA1652	29862	4	5	1	1	0	0	0	0	0	0	0
A	AG	18	105	1	2	BA1652	29872	5	4	0	0	0	0	0	0	0	0	0
A	AG	18	105	1	2	BA1652	29891	4	0	0	0	0	0	0	1	0	0	0
A	AG	18	105	1	2	BA1652	29892	4	5	1	1	0	0	0	0	0	0	0
A	AG	18	105	1	2	BA1652	29902	5	4	0	0	0	0	0	0	0	0	0
A	AG	18	105	1	2	BA1652	29912	4	0	0	0	0	0	0	1	0	0	0
A	AG	18	105	1	2	BA1652	29915	4	5	1	1	0	0	0	0	0	0	0
A	AG	18	105	1	2	BA1652	29922	5	0	0	0	0	0	0	1	0	0	0
A	AG	18	105	1	2	BA1652	29923	5	0	0	1	0	0	0	0	0	0	0
A	AG	18	105	1	2	BA1652	29925	5	4	0	0	0	0	0	0	0	0	0
A	AG	18	105	1	2	BA1652	29964	4	0	0	0	0	0	0	1	0	0	0
A	AG	18	105	1	2	BA1652	29969	4	5	1	1	0	0	0	0	0	0	0
A	AG	18	105	1	2	BA1652	29979	5	9	0	0	0	0	0	0	0	0	0
A	AG	18	105	1	2	BA1652	29982	9	0	0	0	0	0	0	1	0	0	0
A	AG	18	105	1	2	BA1652	29989	9	10	0	0	0	0	0	0	0	0	0
A	AG	18	105	1	2	BA1652	30064	10	2	0	0	0	0	0	0	0	0	0
A	AG	18	105	1	2	BA1652	30065	2	3	0	0	0	0	0	0	0	0	0
A	AG	18	105	1	2	BA1652	30133	3	5	1	1	0	0	0	0	0	0	0
A	AG	18	105	1	2	BA1652	30143	5	4	0	0	0	0	0	0	0	0	0
A	AG	18	105	1	2	BA1652	30179	4	0	0	0	0	0	0	1	0	0	0
A	AG	18	105	1	2	BA1652	30183	4	5	1	1	0	0	0	0	0	0	0
A	AG	18	105	1	2	BA1652	30193	5	4	0	0	0	0	0	0	0	0	0
A	AG	18	105	1	2	BA1652	30226	4	0	0	0	0	0	0	1	0	0	0
A	AG	18	105	1	2	BA1652	30231	4	5	1	1	0	0	0	0	0	0	0
A	AG	18	105	1	2	BA1652	30238	5	0	0	0	0	0	0	1	0	0	0
A	AG	18	105	1	2	BA1652	30241	5	4	0	0	0	0	0	0	0	0	0
A	AG	18	105	1	2	BA1652	30278	4	5	1	1	0	0	0	0	0	0	0
A	AG	18	105	1	2	BA1652	30282	5	0	0	1	0	0	0	1	0	0	0
A	AG	18	105	1	2	BA1652	30288	5	4	0	0	0	0	0	0	0	0	0
A	AG	18	105	1	2	BA1652	30363	4	0	0	0	0	0	0	1	0	0	0
A	AG	18	105	1	2	BA1652	30402	4	5	1	1	0	0	0	0	0	0	0
A	AG	18	105	1	2	BA1652	30406	5	0	0	0	0	0	0	1	0	0	0
A	AG	18	105	1	2	BA1652	30407	5	0	0	1	0	0	0	0	0	0	0
A	AG	18	105	1	2	BA1652	30412	5	9	0	0	0	0	0	0	0	0	0
A	AG	18	105	1	2	BA1652	30420	9	0	0	0	0	0	0	1	0	0	0
A	AG	18	105	1	2	BA1652	30422	9	10	0	0	0	0	0	0	0	0	0
A	AG	18	105	1	2	BA1652	30497	10	2	0	0	0	0	0	0	0	0	0
A	AG	18	105	1	2	BA1652	30498	2	6	0	0	0	0	0	0	0	0	0
A	AG	18	105	1	2	BA1652	30986	6	8	2	0	1	0	0	0	0	0	0
A	AG	18	105	1	2	BA1652	30992	8	0	0	0	0	0	0	0	1	0	0
A	AG	18	105	1	2	BA1652	30996	8	7	0	0	0	0	0	0	0	0	0
A	AG	18	105	1	2	BA1652	31170	7	8	2	0	1	0	0	0	0	0	0
A	AG	18	105	1	2	BA1652	31178	8	0	0	0	0	0	0	0	1	0	0
A	AG	18	105	1	2	BA1652	31179	8	0	0	0	1	0	0	0	0	0	0
A	AG	18	105	1	2	BA1652	31180	8	7	0	0	0	0	0	0	0	0	0
A	AG	18	105	1	2	BA1652	31181	7	0	0	0	0	0	0	0	1	0	0
A	AG	18	105	1	2	BA1652	31182	7	8	2	0	1	0	0	0	0	0	0
A	AG	18	105	1	2	BA1652	31192	8	7	0	0	0	0	0	0	0	0	0
A	AG	18	105	1	2	BA1652	31199	7	0	0	0	0	0	0	0	1	0	0
A	AG	18	105	1	2	BA1652	31207	7	8	2	0	1	0	0	0	0	0	0
A	AG	18	105	1	2	BA1652	31217	8	7	0	0	0	0	0	0	0	0	0
A	AG	18	105	1	2	BA1652	31218	7	0	0	0	0	0	0	0	1	0	0
A	AG	18	105	1	2	BA1652	31220	7	8	2	0	1	0	0	0	0	0	0
A	AG	18	105	1	2	BA1652	31224	8	0	0	0	0	0	0	0	1	0	0
A	AG	18	105	1	2	BA1652	31230	8	7	0	0	0	0	0	0	0	0	0
A	AG	18	105	1	2	BA1652	31252	7	8	2	0	1	0	0	0	0	0	0
A	AG	18	105	1	2	BA1652	31261	8	0	0	0	0	0	0	0	1	0	0
A	AG	18	105	1	2	BA1652	31262	8	7	0	0	0	0	0	0	0	0	0
A	AG	18	105	1	2	BA1652	31268	7	8	2	0	1	0	0	0	0	0	0
A	AG	18	105	1	2	BA1652	31270	8	0	0	0	0	0	0	0	1	0	0
A	AG	18	105	1	2	BA1652	31278	8	7	0	0	0	0	0	0	0	0	0
A	AG	18	105	1	2	BA1652	31372	7	8	2	0	1	0	0	0	0	0	0
A	AG	18	105	1	2	BA1652	31382	8	7	0	0	0	0	0	0	0	0	0
A	AG	18	105	1	2	BA1652	31415	7	0	0	0	0	0	0	0	1	0	0
A	AG	18	105	1	2	BA1652	31422	7	8	2	0	1	0	0	0	0	0	0
A	AG	18	105	1	2	BA1652	31427	8	0	0	0	0	0	0	0	1	0	0
A	AG	18	105	1	2	BA1652	31431	8	0	0	0	1	0	0	0	0	0	0
A	AG	18	105	1	2	BA1652	31432	8	7	0	0	0	0	0	0	0	0	0
A	AG	18	105	1	2	BA1652	31445	7	0	0	0	0	0	0	0	1	0	0
A	AG	18	105	1	2	BA1652	31502	7	8	2	0	1	0	0	0	0	0	0
A	AG	18	105	1	2	BA1652	31508	8	0	0	0	0	0	0	0	1	0	0
A	AG	18	105	1	2	BA1652	31510	8	0	0	0	1	0	0	0	0	0	0
A	AG	18	105	1	2	BA1652	31511	8	0	0	0	0	0	0	0	1	0	0
A	AG	18	105	1	2	BA1652	31512	8	7	0	0	0	0	0	0	0	0	0
A	AG	18	105	1	2	BA1652	31515	7	8	2	0	1	0	0	0	0	0	0
A	AG	18	105	1	2	BA1652	31518	8	0	0	0	0	0	0	0	1	0	0
A	AG	18	105	1	2	BA1652	31525	8	7	0	0	0	0	0	0	0	0	0
A	AG	18	105	1	2	BA1652	31546	7	8	2	0	1	0	0	0	0	0	0
A	AG	18	105	1	2	BA1652	31553	8	0	0	0	0	0	0	0	1	0	0
A	AG	18	105	1	2	BA1652	31554	8	0	0	0	1	0	0	0	0	0	0
A	AG	18	105	1	2	BA1652	31556	8	7	0	0	0	0	0	0	0	0	0
A	AG	18	105	1	2	BA1652	31586	7	0	0	0	0	0	0	0	1	0	0
A	AG	18	105	1	2	BA1652	31592	7	8	2	0	1	0	0	0	0	0	0
A	AG	18	105	1	2	BA1652	31593	8	0	0	0	0	0	0	0	1	0	0
A	AG	18	105	1	2	BA1652	31602	8	7	0	0	0	0	0	0	0	0	0
A	AG	18	105	1	2	BA1652	31670	7	8	2	0	1	0	0	0	0	0	0
A	AG	18	105	1	2	BA1652	31680	8	7	0	0	0	0	0	0	0	0	0
A	AG	18	105	1	2	BA1652	31755	7	0	0	0	0	0	0	0	1	0	0
A	AG	18	105	1	2	BA1652	31777	7	8	2	0	1	0	0	0	0	0	0
A	AG	18	105	1	2	BA1652	31781	8	0	0	0	0	0	0	0	1	0	0
A	AG	18	105	1	2	BA1652	31787	8	7	0	0	0	0	0	0	0	0	0
A	AG	18	105	1	2	BA1652	31850	7	8	2	0	1	0	0	0	0	0	0
A	AG	18	105	1	2	BA1652	31860	8	7	0	0	0	0	0	0	0	0	0
A	AG	18	105	1	2	BA1652	31874	7	0	0	0	0	0	0	0	1	0	0
A	AG	18	105	1	2	BA1652	31878	7	8	2	0	1	0	0	0	0	0	0
A	AG	18	105	1	2	BA1652	31888	8	7	0	0	0	0	0	0	0	0	0
A	AG	18	105	1	2	BA1652	31890	7	0	0	0	0	0	0	0	1	0	0
A	AG	18	105	1	2	BA1652	31892	7	8	2	0	1	0	0	0	0	0	0
A	AG	18	105	1	2	BA1652	31902	8	7	0	0	0	0	0	0	0	0	0
A	AG	18	105	1	2	BA1652	31919	7	0	0	0	0	0	0	0	1	0	0
A	AG	18	105	1	2	BA1652	31923	7	8	2	0	1	0	0	0	0	0	0
A	AG	18	105	1	2	BA1652	31933	8	7	0	0	0	0	0	0	0	0	0
A	AG	18	105	1	2	BA1652	31947	7	0	0	0	0	0	0	0	1	0	0
A	AG	18	105	1	2	BA1652	31969	7	8	2	0	1	0	0	0	0	0	0
A	AG	18	105	1	2	BA1652	31979	8	9	0	0	0	0	0	0	0	0	0
A	AG	18	105	1	2	BA1652	31988	9	0	0	0	1	0	0	0	1	0	0
A	AG	18	105	1	2	BA1652	31989	9	10	0	0	0	0	0	0	0	0	0
A	AG	18	105	1	2	BA1652	31991	10	0	0	0	0	0	0	0	1	0	0
A	AG	18	105	1	2	BA1652	32064	10	2	0	0	0	0	0	0	0	0	0
A	AG	18	105	1	2	BA1652	32065	2	6	0	0	0	0	0	0	0	0	0
A	AG	18	105	1	2	BA1652	32345	6	8	2	0	1	0	0	0	0	0	0
A	AG	18	105	1	2	BA1652	32347	8	0	0	0	0	0	0	0	1	0	0
A	AG	18	105	1	2	BA1652	32351	8	0	0	0	1	0	0	0	0	0	0
A	AG	18	105	1	2	BA1652	32355	8	7	0	0	0	0	0	0	0	0	0
A	AG	18	105	1	2	BA1652	32361	7	0	0	0	0	0	0	0	1	0	0
A	AG	18	105	1	2	BA1652	32369	7	8	2	0	1	0	0	0	0	0	0
A	AG	18	105	1	2	BA1652	32379	8	7	0	0	0	0	0	0	0	0	0
A	AG	18	105	1	2	BA1652	32392	7	0	0	0	0	0	0	0	1	0	0
A	AG	18	105	1	2	BA1652	32429	7	8	2	0	1	0	0	0	0	0	0
A	AG	18	105	1	2	BA1652	32439	8	7	0	0	0	0	0	0	0	0	0
A	AG	18	105	1	2	BA1652	32442	7	0	0	0	0	0	0	0	1	0	0
A	AG	18	105	1	2	BA1652	32448	7	8	2	0	1	0	0	0	0	0	0
A	AG	18	105	1	2	BA1652	32451	8	0	0	0	0	0	0	0	1	0	0
A	AG	18	105	1	2	BA1652	32455	8	0	0	0	1	0	0	0	0	0	0
A	AG	18	105	1	2	BA1652	32458	8	7	0	0	0	0	0	0	0	0	0
A	AG	18	105	1	2	BA1652	32468	7	0	0	0	0	0	0	0	1	0	0
A	AG	18	105	1	2	BA1652	32516	7	8	2	0	1	0	0	0	0	0	0
A	AG	18	105	1	2	BA1652	32522	8	0	0	0	0	0	0	0	1	0	0
A	AG	18	105	1	2	BA1652	32526	8	7	0	0	0	0	0	0	0	0	0
A	AG	18	105	1	2	BA1652	32528	7	8	2	0	1	0	0	0	0	0	0
A	AG	18	105	1	2	BA1652	32538	8	7	0	0	0	0	0	0	0	0	0
A	AG	18	105	1	2	BA1652	32556	7	0	0	0	0	0	0	0	1	0	0
A	AG	18	105	1	2	BA1652	32562	7	8	2	0	1	0	0	0	0	0	0
A	AG	18	105	1	2	BA1652	32569	8	0	0	0	0	0	0	0	1	0	0
A	AG	18	105	1	2	BA1652	32572	8	7	0	0	0	0	0	0	0	0	0
A	AG	18	105	1	2	BA1652	32610	7	8	2	0	1	0	0	0	0	0	0
A	AG	18	105	1	2	BA1652	32617	8	0	0	0	0	0	0	0	1	0	0
A	AG	18	105	1	2	BA1652	32620	8	7	0	0	1	0	0	0	0	0	0
A	AG	18	105	1	2	BA1652	32632	7	0	0	0	0	0	0	0	1	0	0
A	AG	18	105	1	2	BA1652	32660	7	8	2	0	1	0	0	0	0	0	0
A	AG	18	105	1	2	BA1652	32668	8	0	0	0	0	0	0	0	1	0	0
A	AG	18	105	1	2	BA1652	32670	8	7	0	0	0	0	0	0	0	0	0
A	AG	18	105	1	2	BA1652	32731	7	8	2	0	1	0	0	0	0	0	0
A	AG	18	105	1	2	BA1652	32736	8	0	0	0	0	0	0	0	1	0	0
A	AG	18	105	1	2	BA1652	32737	8	0	0	0	1	0	0	0	0	0	0
A	AG	18	105	1	2	BA1652	32741	8	7	0	0	0	0	0	0	0	0	0
A	AG	18	105	1	2	BA1652	32765	7	0	0	0	0	0	0	0	1	0	0
A	AG	18	105	1	2	BA1652	32767	7	8	2	0	1	0	0	0	0	0	0
A	AG	18	105	1	2	BA1652	32777	8	7	0	0	0	0	0	0	0	0	0
A	AG	18	105	1	2	BA1652	32795	7	0	0	0	0	0	0	0	1	0	0
A	AG	18	105	1	2	BA1652	32817	7	8	2	0	1	0	0	0	0	0	0
A	AG	18	105	1	2	BA1652	32819	8	0	0	0	0	0	0	0	1	0	0
A	AG	18	105	1	2	BA1652	32821	8	0	0	0	1	0	0	0	0	0	0
A	AG	18	105	1	2	BA1652	32827	8	7	0	0	0	0	0	0	0	0	0
A	AG	18	105	1	2	BA1652	32833	7	0	0	0	0	0	0	0	1	0	0
A	AG	18	105	1	2	BA1652	32903	7	8	2	0	1	0	0	0	0	0	0
A	AG	18	105	1	2	BA1652	32907	8	0	0	0	0	0	0	0	1	0	0
A	AG	18	105	1	2	BA1652	32913	8	7	0	0	0	0	0	0	0	0	0
A	AG	18	105	1	2	BA1652	32950	7	8	2	0	1	0	0	0	0	0	0
A	AG	18	105	1	2	BA1652	32954	8	0	0	0	0	0	0	0	1	0	0
A	AG	18	105	1	2	BA1652	32960	8	7	0	0	0	0	0	0	0	0	0
A	AG	18	105	1	2	BA1652	33007	7	8	2	0	1	0	0	0	0	0	0
A	AG	18	105	1	2	BA1652	33013	8	0	0	0	0	0	0	0	1	0	0
A	AG	18	105	1	2	BA1652	33016	8	0	0	0	1	0	0	0	0	0	0
A	AG	18	105	1	2	BA1652	33017	8	7	0	0	0	0	0	0	0	0	0
A	AG	18	105	1	2	BA1652	33035	7	0	0	0	0	0	0	0	1	0	0
A	AG	18	105	1	2	BA1652	33042	7	8	2	0	1	0	0	0	0	0	0
A	AG	18	105	1	2	BA1652	33048	8	0	0	0	0	0	0	0	1	0	0
A	AG	18	105	1	2	BA1652	33052	8	7	0	0	0	0	0	0	0	0	0
A	AG	18	105	1	2	BA1652	33086	7	8	2	0	1	0	0	0	0	0	0
A	AG	18	105	1	2	BA1652	33096	8	7	0	0	0	0	0	0	0	0	0
A	AG	18	105	1	2	BA1652	33108	7	0	0	0	0	0	0	0	1	0	0
A	AG	18	105	1	2	BA1652	33164	7	8	2	0	1	0	0	0	0	0	0
A	AG	18	105	1	2	BA1652	33169	8	0	0	0	0	0	0	0	1	0	0
A	AG	18	105	1	2	BA1652	33173	8	0	0	0	1	0	0	0	0	0	0
A	AG	18	105	1	2	BA1652	33174	8	7	0	0	0	0	0	0	0	0	0
A	AG	18	105	1	2	BA1652	33180	7	0	0	0	0	0	0	0	1	0	0
A	AG	18	105	1	2	BA1652	33190	7	8	2	0	1	0	0	0	0	0	0
A	AG	18	105	1	2	BA1652	33200	8	7	0	0	0	0	0	0	0	0	0
A	AG	18	105	1	2	BA1652	33212	7	0	0	0	0	0	0	0	1	0	0
A	AG	18	105	1	2	BA1652	33280	7	8	2	0	1	0	0	0	0	0	0
A	AG	18	105	1	2	BA1652	33285	8	0	0	0	0	0	0	0	1	0	0
A	AG	18	105	1	2	BA1652	33289	8	0	0	0	1	0	0	0	0	0	0
A	AG	18	105	1	2	BA1652	33290	8	9	0	0	0	0	0	0	0	0	0
A	AG	18	105	1	2	BA1652	33300	9	10	0	0	0	0	0	0	0	0	0
A	AG	18	105	1	2	BA1652	33305	10	0	0	0	0	0	0	0	1	0	0
A	AG	18	105	1	2	BA1652	33375	10	2	0	0	0	0	0	0	0	0	0
A	AG	18	105	1	2	BA1652	33376	2	3	0	0	0	0	0	0	0	0	0
A	AG	18	105	1	2	BA1652	33438	3	5	1	1	0	0	0	0	0	0	0
A	AG	18	105	1	2	BA1652	33442	5	0	0	0	0	0	0	1	0	0	0
A	AG	18	105	1	2	BA1652	33448	5	4	0	0	0	0	0	0	0	0	0
A	AG	18	105	1	2	BA1652	33449	4	5	1	1	0	0	0	0	0	0	0
A	AG	18	105	1	2	BA1652	33459	5	4	0	0	0	0	0	0	0	0	0
A	AG	18	105	1	2	BA1652	33467	4	0	0	0	0	0	0	1	0	0	0
A	AG	18	105	1	2	BA1652	33472	4	5	1	1	0	0	0	0	0	0	0
A	AG	18	105	1	2	BA1652	33482	5	4	0	0	0	0	0	0	0	0	0
A	AG	18	105	1	2	BA1652	33490	4	0	0	0	0	0	0	1	0	0	0
A	AG	18	105	1	2	BA1652	33491	4	5	1	1	0	0	0	0	0	0	0
A	AG	18	105	1	2	BA1652	33501	5	4	0	0	0	0	0	0	0	0	0
A	AG	18	105	1	2	BA1652	33502	4	0	0	0	0	0	0	1	0	0	0
A	AG	18	105	1	2	BA1652	33532	4	5	1	1	0	0	0	0	0	0	0
A	AG	18	105	1	2	BA1652	33535	5	0	0	0	0	0	0	1	0	0	0
A	AG	18	105	1	2	BA1652	33536	5	0	0	1	0	0	0	0	0	0	0
A	AG	18	105	1	2	BA1652	33542	5	9	0	0	0	0	0	0	0	0	0
A	AG	18	105	1	2	BA1652	33550	9	0	0	0	0	0	0	1	0	0	0
A	AG	18	105	1	2	BA1652	33552	9	-1	0	0	0	0	0	0	0	0	0
