Project	UserID	Protocol	Session	Station	Run	Subject	Time	Current State	Transition State	Transition Event	A1 - 	A2 - 	A3 - 	A4 - 	A[1] 	A[2] 	A[3] 	A[4] 
A	EF	18	121	1	2	BA1652	0	0	1	0	0	0	0	0	0	0	0	0
A	EF	18	121	1	2	BA1652	50	1	2	0	0	0	0	0	0	0	0	0
A	EF	18	121	1	2	BA1652	51	2	3	0	0	0	0	0	0	0	0	0
A	EF	18	121	1	2	BA1652	593	3	5	1	1	0	0	0	0	0	0	0
A	EF	18	121	1	2	BA1652	603	5	4	0	0	0	0	0	0	0	0	0
A	EF	18	121	1	2	BA1652	657	4	0	0	0	0	0	0	1	0	0	0
A	EF	18	121	1	2	BA1652	662	4	5	1	1	0	0	0	0	0	0	0
A	EF	18	121	1	2	BA1652	672	5	4	0	0	0	0	0	0	0	0	0
A	EF	18	121	1	2	BA1652	697	4	0	0	0	0	0	0	1	0	0	0
A	EF	18	121	1	2	BA1652	705	4	5	1	1	0	0	0	0	0	0	0
A	EF	18	121	1	2	BA1652	715	5	4	0	0	0	0	0	0	0	0	0
A	EF	18	121	1	2	BA1652	726	4	0	0	0	0	0	0	1	0	0	0
A	EF	18	121	1	2	BA1652	767	4	5	1	1	0	0	0	0	0	0	0
A	EF	18	121	1	2	BA1652	771	5	0	0	0	0	0	0	1	0	0	0
A	EF	18	121	1	2	BA1652	773	5	0	0	1	0	0	0	0	0	0	0
A	EF	18	121	1	2	BA1652	777	5	4	0	0	0	0	0	0	0	0	0
A	EF	18	121	1	2	BA1652	791	4	0	0	0	0	0	0	1	0	0	0
A	EF	18	121	1	2	BA1652	798	4	5	1	1	0	0	0	0	0	0	0
A	EF	18	121	1	2	BA1652	804	5	0	0	0	0	0	0	1	0	0	0
A	EF	18	121	1	2	BA1652	808	5	9	0	1	0	0	0	0	0	0	0
A	EF	18	121	1	2	BA1652	817	9	0	0	0	0	0	0	1	0	0	0
A	EF	18	121	1	2	BA1652	818	9	10	0	0	0	0	0	0	0	0	0
A	EF	18	121	1	2	BA1652	893	10	2	0	0	0	0	0	0	0	0	0
A	EF	18	121	1	2	BA1652	894	2	3	0	0	0	0	0	0	0	0	0
A	EF	18	121	1	2	BA1652	948	3	5	1	1	0	0	0	0	0	0	0
A	EF	18	121	1	2	BA1652	958	5	4	0	0	0	0	0	0	0	0	0
A	EF	18	121	1	2	BA1652	966	4	0	0	0	0	0	0	1	0	0	0
A	EF	18	121	1	2	BA1652	1027	4	5	1	1	0	0	0	0	0	0	0
A	EF	18	121	1	2	BA1652	1037	5	4	0	0	0	0	0	0	0	0	0
A	EF	18	121	1	2	BA1652	1059	4	0	0	0	0	0	0	1	0	0	0
A	EF	18	121	1	2	BA1652	1060	4	5	1	1	0	0	0	0	0	0	0
A	EF	18	121	1	2	BA1652	1068	5	0	0	0	0	0	0	1	0	0	0
A	EF	18	121	1	2	BA1652	1069	5	0	0	1	0	0	0	0	0	0	0
A	EF	18	121	1	2	BA1652	1070	5	4	0	0	0	0	0	0	0	0	0
A	EF	18	121	1	2	BA1652	1091	4	0	0	0	0	0	0	1	0	0	0
A	EF	18	121	1	2	BA1652	1107	4	5	1	1	0	0	0	0	0	0	0
A	EF	18	121	1	2	BA1652	1112	5	0	0	0	0	0	0	1	0	0	0
A	EF	18	121	1	2	BA1652	1117	5	4	0	0	0	0	0	0	0	0	0
A	EF	18	121	1	2	BA1652	1118	4	5	1	1	0	0	0	0	0	0	0
A	EF	18	121	1	2	BA1652	1121	5	0	0	0	0	0	0	1	0	0	0
A	EF	18	121	1	2	BA1652	1128	5	9	0	0	0	0	0	0	0	0	0
A	EF	18	121	1	2	BA1652	1138	9	10	0	0	0	0	0	0	0	0	0
A	EF	18	121	1	2	BA1652	1213	10	2	0	0	0	0	0	0	0	0	0
A	EF	18	121	1	2	BA1652	1214	2	3	0	0	0	0	0	0	0	0	0
A	EF	18	121	1	2	BA1652	1249	3	5	1	1	0	0	0	0	0	0	0
A	EF	18	121	1	2	BA1652	1259	5	4	0	0	0	0	0	0	0	0	0
A	EF	18	121	1	2	BA1652	1285	4	0	0	0	0	0	0	1	0	0	0
A	EF	18	121	1	2	BA1652	1287	4	5	1	1	0	0	0	0	0	0	0
A	EF	18	121	1	2	BA1652	1297	5	4	0	0	0	0	0	0	0	0	0
A	EF	18	121	1	2	BA1652	1303	4	0	0	0	0	0	0	1	0	0	0
A	EF	18	121	1	2	BA1652	1316	4	5	1	1	0	0	0	0	0	0	0
A	EF	18	121	1	2	BA1652	1322	5	0	0	0	0	0	0	1	0	0	0
A	EF	18	121	1	2	BA1652	1326	5	4	0	0	0	0	0	0	0	0	0
A	EF	18	121	1	2	BA1652	1351	4	5	1	1	0	0	0	0	0	0	0
A	EF	18	121	1	2	BA1652	1361	5	4	0	0	0	0	0	0	0	0	0
A	EF	18	121	1	2	BA1652	1386	4	0	0	0	0	0	0	1	0	0	0
A	EF	18	121	1	2	BA1652	1399	4	5	1	1	0	0	0	0	0	0	0
A	EF	18	121	1	2	BA1652	1409	5	9	0	0	0	0	0	0	0	0	0
A	EF	18	121	1	2	BA1652	1414	9	0	0	0	0	0	0	1	0	0	0
A	EF	18	121	1	2	BA1652	1419	9	10	0	0	0	0	0	0	0	0	0
A	EF	18	121	1	2	BA1652	1494	10	2	0	0	0	0	0	0	0	0	0
A	EF	18	121	1	2	BA1652	1495	2	6	0	0	0	0	0	0	0	0	0
A	EF	18	121	1	2	BA1652	1941	6	8	2	0	1	0	0	0	0	0	0
A	EF	18	121	1	2	BA1652	1948	8	0	0	0	0	0	0	0	1	0	0
A	EF	18	121	1	2	BA1652	1951	8	7	0	0	0	0	0	0	0	0	0
A	EF	18	121	1	2	BA1652	1984	7	8	2	0	1	0	0	0	0	0	0
A	EF	18	121	1	2	BA1652	1994	8	7	0	0	0	0	0	0	0	0	0
A	EF	18	121	1	2	BA1652	2002	7	0	0	0	0	0	0	0	1	0	0
A	EF	18	121	1	2	BA1652	2080	7	8	2	0	1	0	0	0	0	0	0
A	EF	18	121	1	2	BA1652	2090	8	7	0	0	0	0	0	0	0	0	0
A	EF	18	121	1	2	BA1652	2247	7	0	0	0	0	0	0	0	1	0	0
A	EF	18	121	1	2	BA1652	2303	7	8	2	0	1	0	0	0	0	0	0
A	EF	18	121	1	2	BA1652	2313	8	7	0	0	0	0	0	0	0	0	0
A	EF	18	121	1	2	BA1652	2320	7	0	0	0	0	0	0	0	1	0	0
A	EF	18	121	1	2	BA1652	2324	7	8	2	0	1	0	0	0	0	0	0
A	EF	18	121	1	2	BA1652	2334	8	7	0	0	0	0	0	0	0	0	0
A	EF	18	121	1	2	BA1652	2358	7	0	0	0	0	0	0	0	1	0	0
A	EF	18	121	1	2	BA1652	2362	7	8	2	0	1	0	0	0	0	0	0
A	EF	18	121	1	2	BA1652	2372	8	7	0	0	0	0	0	0	0	0	0
A	EF	18	121	1	2	BA1652	2389	7	0	0	0	0	0	0	0	1	0	0
A	EF	18	121	1	2	BA1652	2447	7	8	2	0	1	0	0	0	0	0	0
A	EF	18	121	1	2	BA1652	2457	8	7	0	0	0	0	0	0	0	0	0
A	EF	18	121	1	2	BA1652	2460	7	0	0	0	0	0	0	0	1	0	0
A	EF	18	121	1	2	BA1652	2462	7	8	2	0	1	0	0	0	0	0	0
A	EF	18	121	1	2	BA1652	2472	8	7	0	0	0	0	0	0	0	0	0
A	EF	18	121	1	2	BA1652	2490	7	0	0	0	0	0	0	0	1	0	0
A	EF	18	121	1	2	BA1652	2507	7	8	2	0	1	0	0	0	0	0	0
A	EF	18	121	1	2	BA1652	2511	8	0	0	0	0	0	0	0	1	0	0
A	EF	18	121	1	2	BA1652	2517	8	7	0	0	0	0	0	0	0	0	0
A	EF	18	121	1	2	BA1652	2520	7	8	2	0	1	0	0	0	0	0	0
A	EF	18	121	1	2	BA1652	2530	8	7	0	0	0	0	0	0	0	0	0
A	EF	18	121	1	2	BA1652	2546	7	0	0	0	0	0	0	0	1	0	0
A	EF	18	121	1	2	BA1652	2547	7	8	2	0	1	0	0	0	0	0	0
A	EF	18	121	1	2	BA1652	2557	8	7	0	0	0	0	0	0	0	0	0
A	EF	18	121	1	2	BA1652	2568	7	0	0	0	0	0	0	0	1	0	0
A	EF	18	121	1	2	BA1652	2569	7	8	2	0	1	0	0	0	0	0	0
A	EF	18	121	1	2	BA1652	2579	8	7	0	0	0	0	0	0	0	0	0
A	EF	18	121	1	2	BA1652	2582	7	8	2	0	1	0	0	0	1	0	0
A	EF	18	121	1	2	BA1652	2592	8	7	0	0	0	0	0	0	0	0	0
A	EF	18	121	1	2	BA1652	2610	7	0	0	0	0	0	0	0	1	0	0
A	EF	18	121	1	2	BA1652	2673	7	8	2	0	1	0	0	0	0	0	0
A	EF	18	121	1	2	BA1652	2679	8	0	0	0	0	0	0	0	1	0	0
A	EF	18	121	1	2	BA1652	2683	8	7	0	0	1	0	0	0	0	0	0
A	EF	18	121	1	2	BA1652	2740	7	0	0	0	0	0	0	0	1	0	0
A	EF	18	121	1	2	BA1652	2744	7	8	2	0	1	0	0	0	0	0	0
A	EF	18	121	1	2	BA1652	2749	8	0	0	0	0	0	0	0	1	0	0
A	EF	18	121	1	2	BA1652	2751	8	0	0	0	1	0	0	0	0	0	0
A	EF	18	121	1	2	BA1652	2753	8	0	0	0	0	0	0	0	1	0	0
A	EF	18	121	1	2	BA1652	2754	8	7	0	0	0	0	0	0	0	0	0
A	EF	18	121	1	2	BA1652	2778	7	8	2	0	1	0	0	0	0	0	0
A	EF	18	121	1	2	BA1652	2779	8	0	0	0	0	0	0	0	1	0	0
A	EF	18	121	1	2	BA1652	2786	8	0	0	0	1	0	0	0	0	0	0
A	EF	18	121	1	2	BA1652	2788	8	7	0	0	0	0	0	0	0	0	0
A	EF	18	121	1	2	BA1652	2793	7	0	0	0	0	0	0	0	1	0	0
A	EF	18	121	1	2	BA1652	2797	7	8	2	0	1	0	0	0	0	0	0
A	EF	18	121	1	2	BA1652	2807	8	7	0	0	0	0	0	0	0	0	0
A	EF	18	121	1	2	BA1652	2811	7	0	0	0	0	0	0	0	1	0	0
A	EF	18	121	1	2	BA1652	2823	7	8	2	0	1	0	0	0	0	0	0
A	EF	18	121	1	2	BA1652	2833	8	7	0	0	0	0	0	0	0	0	0
A	EF	18	121	1	2	BA1652	2847	7	0	0	0	0	0	0	0	1	0	0
A	EF	18	121	1	2	BA1652	2898	7	8	2	0	1	0	0	0	0	0	0
A	EF	18	121	1	2	BA1652	2908	8	7	0	0	0	0	0	0	0	0	0
A	EF	18	121	1	2	BA1652	2919	7	0	0	0	0	0	0	0	1	0	0
A	EF	18	121	1	2	BA1652	2920	7	8	2	0	1	0	0	0	0	0	0
A	EF	18	121	1	2	BA1652	2925	8	0	0	0	0	0	0	0	1	0	0
A	EF	18	121	1	2	BA1652	2926	8	0	0	0	1	0	0	0	0	0	0
A	EF	18	121	1	2	BA1652	2928	8	0	0	0	0	0	0	0	1	0	0
A	EF	18	121	1	2	BA1652	2930	8	9	0	0	0	0	0	0	0	0	0
A	EF	18	121	1	2	BA1652	2932	9	0	0	0	1	0	0	0	0	0	0
A	EF	18	121	1	2	BA1652	2938	9	0	0	0	0	0	0	0	1	0	0
A	EF	18	121	1	2	BA1652	2940	9	10	0	0	0	0	0	0	0	0	0
A	EF	18	121	1	2	BA1652	3015	10	2	0	0	0	0	0	0	0	0	0
A	EF	18	121	1	2	BA1652	3016	2	6	0	0	0	0	0	0	0	0	0
A	EF	18	121	1	2	BA1652	3195	6	8	2	0	1	0	0	0	0	0	0
A	EF	18	121	1	2	BA1652	3197	8	0	0	0	0	0	0	0	1	0	0
A	EF	18	121	1	2	BA1652	3205	8	7	0	0	0	0	0	0	0	0	0
A	EF	18	121	1	2	BA1652	3214	7	8	2	0	1	0	0	0	0	0	0
A	EF	18	121	1	2	BA1652	3216	8	0	0	0	0	0	0	0	1	0	0
A	EF	18	121	1	2	BA1652	3224	8	7	0	0	0	0	0	0	0	0	0
A	EF	18	121	1	2	BA1652	3245	7	8	2	0	1	0	0	0	0	0	0
A	EF	18	121	1	2	BA1652	3252	8	0	0	0	0	0	0	0	1	0	0
A	EF	18	121	1	2	BA1652	3255	8	7	0	0	0	0	0	0	0	0	0
A	EF	18	121	1	2	BA1652	3256	7	8	2	0	1	0	0	0	0	0	0
A	EF	18	121	1	2	BA1652	3266	8	7	0	0	0	0	0	0	0	0	0
A	EF	18	121	1	2	BA1652	3291	7	0	0	0	0	0	0	0	1	0	0
A	EF	18	121	1	2	BA1652	3292	7	8	2	0	1	0	0	0	0	0	0
A	EF	18	121	1	2	BA1652	3297	8	0	0	0	0	0	0	0	1	0	0
A	EF	18	121	1	2	BA1652	3302	8	7	0	0	0	0	0	0	0	0	0
A	EF	18	121	1	2	BA1652	3305	7	8	2	0	1	0	0	0	0	0	0
A	EF	18	121	1	2	BA1652	3308	8	0	0	0	0	0	0	0	1	0	0
A	EF	18	121	1	2	BA1652	3315	8	7	0	0	0	0	0	0	0	0	0
A	EF	18	121	1	2	BA1652	3325	7	8	2	0	1	0	0	0	0	0	0
A	EF	18	121	1	2	BA1652	3330	8	0	0	0	0	0	0	0	1	0	0
A	EF	18	121	1	2	BA1652	3335	8	7	0	0	0	0	0	0	0	0	0
A	EF	18	121	1	2	BA1652	3384	7	8	2	0	1	0	0	0	0	0	0
A	EF	18	121	1	2	BA1652	3392	8	0	0	0	0	0	0	0	1	0	0
A	EF	18	121	1	2	BA1652	3394	8	7	0	0	0	0	0	0	0	0	0
A	EF	18	121	1	2	BA1652	3396	7	8	2	0	1	0	0	0	0	0	0
A	EF	18	121	1	2	BA1652	3406	8	7	0	0	0	0	0	0	0	0	0
A	EF	18	121	1	2	BA1652	3415	7	0	0	0	0	0	0	0	1	0	0
A	EF	18	121	1	2	BA1652	3420	7	8	2	0	1	0	0	0	0	0	0
A	EF	18	121	1	2	BA1652	3429	8	0	0	0	0	0	0	0	1	0	0
A	EF	18	121	1	2	BA1652	3430	8	7	0	0	0	0	0	0	0	0	0
A	EF	18	121	1	2	BA1652	3457	7	8	2	0	1	0	0	0	0	0	0
A	EF	18	121	1	2	BA1652	3464	8	0	0	0	0	0	0	0	1	0	0
A	EF	18	121	1	2	BA1652	3467	8	7	0	0	0	0	0	0	0	0	0
A	EF	18	121	1	2	BA1652	3472	7	8	2	0	1	0	0	0	0	0	0
A	EF	18	121	1	2	BA1652	3474	8	0	0	0	0	0	0	0	1	0	0
A	EF	18	121	1	2	BA1652	3482	8	7	0	0	1	0	0	0	0	0	0
A	EF	18	121	1	2	BA1652	3487	7	0	0	0	0	0	0	0	1	0	0
A	EF	18	121	1	2	BA1652	3496	7	8	2	0	1	0	0	0	0	0	0
A	EF	18	121	1	2	BA1652	3506	8	7	0	0	0	0	0	0	0	0	0
A	EF	18	121	1	2	BA1652	3529	7	0	0	0	0	0	0	0	1	0	0
A	EF	18	121	1	2	BA1652	3544	7	8	2	0	1	0	0	0	0	0	0
A	EF	18	121	1	2	BA1652	3548	8	0	0	0	0	0	0	0	1	0	0
A	EF	18	121	1	2	BA1652	3551	8	0	0	0	1	0	0	0	0	0	0
A	EF	18	121	1	2	BA1652	3553	8	0	0	0	0	0	0	0	1	0	0
A	EF	18	121	1	2	BA1652	3554	8	7	0	0	0	0	0	0	0	0	0
A	EF	18	121	1	2	BA1652	3559	7	8	2	0	1	0	0	0	0	0	0
A	EF	18	121	1	2	BA1652	3569	8	7	0	0	0	0	0	0	0	0	0
A	EF	18	121	1	2	BA1652	3583	7	0	0	0	0	0	0	0	1	0	0
A	EF	18	121	1	2	BA1652	3589	7	8	2	0	1	0	0	0	0	0	0
A	EF	18	121	1	2	BA1652	3599	8	7	0	0	0	0	0	0	0	0	0
A	EF	18	121	1	2	BA1652	3613	7	0	0	0	0	0	0	0	1	0	0
A	EF	18	121	1	2	BA1652	3656	7	8	2	0	1	0	0	0	0	0	0
A	EF	18	121	1	2	BA1652	3666	8	7	0	0	0	0	0	0	0	0	0
A	EF	18	121	1	2	BA1652	3669	7	0	0	0	0	0	0	0	1	0	0
A	EF	18	121	1	2	BA1652	3686	7	8	2	0	1	0	0	0	0	0	0
A	EF	18	121	1	2	BA1652	3695	8	0	0	0	0	0	0	0	1	0	0
A	EF	18	121	1	2	BA1652	3696	8	7	0	0	0	0	0	0	0	0	0
A	EF	18	121	1	2	BA1652	3713	7	8	2	0	1	0	0	0	0	0	0
A	EF	18	121	1	2	BA1652	3716	8	0	0	0	0	0	0	0	1	0	0
A	EF	18	121	1	2	BA1652	3719	8	0	0	0	1	0	0	0	0	0	0
A	EF	18	121	1	2	BA1652	3723	8	7	0	0	0	0	0	0	0	0	0
A	EF	18	121	1	2	BA1652	3724	7	0	0	0	0	0	0	0	1	0	0
A	EF	18	121	1	2	BA1652	3730	7	8	2	0	1	0	0	0	0	0	0
A	EF	18	121	1	2	BA1652	3737	8	0	0	0	0	0	0	0	1	0	0
A	EF	18	121	1	2	BA1652	3740	8	9	0	0	1	0	0	0	0	0	0
A	EF	18	121	1	2	BA1652	3750	9	10	0	0	0	0	0	0	0	0	0
A	EF	18	121	1	2	BA1652	3756	10	0	0	0	0	0	0	0	1	0	0
A	EF	18	121	1	2	BA1652	3825	10	2	0	0	0	0	0	0	0	0	0
A	EF	18	121	1	2	BA1652	3826	2	6	0	0	0	0	0	0	0	0	0
A	EF	18	121	1	2	BA1652	3969	6	8	2	0	1	0	0	0	0	0	0
A	EF	18	121	1	2	BA1652	3979	8	7	0	0	0	0	0	0	0	0	0
A	EF	18	121	1	2	BA1652	3986	7	0	0	0	0	0	0	0	1	0	0
A	EF	18	121	1	2	BA1652	3989	7	8	2	0	1	0	0	0	0	0	0
A	EF	18	121	1	2	BA1652	3999	8	7	0	0	0	0	0	0	0	0	0
A	EF	18	121	1	2	BA1652	4014	7	0	0	0	0	0	0	0	1	0	0
A	EF	18	121	1	2	BA1652	4021	7	8	2	0	1	0	0	0	0	0	0
A	EF	18	121	1	2	BA1652	4030	8	0	0	0	0	0	0	0	1	0	0
A	EF	18	121	1	2	BA1652	4031	8	7	0	0	0	0	0	0	0	0	0
A	EF	18	121	1	2	BA1652	4032	7	8	2	0	1	0	0	0	0	0	0
A	EF	18	121	1	2	BA1652	4033	8	0	0	0	0	0	0	0	1	0	0
A	EF	18	121	1	2	BA1652	4042	8	7	0	0	0	0	0	0	0	0	0
A	EF	18	121	1	2	BA1652	4046	7	8	2	0	1	0	0	0	0	0	0
A	EF	18	121	1	2	BA1652	4049	8	0	0	0	0	0	0	0	1	0	0
A	EF	18	121	1	2	BA1652	4054	8	0	0	0	1	0	0	0	0	0	0
A	EF	18	121	1	2	BA1652	4055	8	0	0	0	0	0	0	0	1	0	0
A	EF	18	121	1	2	BA1652	4056	8	7	0	0	0	0	0	0	0	0	0
A	EF	18	121	1	2	BA1652	4077	7	8	2	0	1	0	0	0	0	0	0
A	EF	18	121	1	2	BA1652	4087	8	7	0	0	0	0	0	0	0	0	0
A	EF	18	121	1	2	BA1652	4105	7	0	0	0	0	0	0	0	1	0	0
A	EF	18	121	1	2	BA1652	4109	7	8	2	0	1	0	0	0	0	0	0
A	EF	18	121	1	2	BA1652	4119	8	7	0	0	0	0	0	0	0	0	0
A	EF	18	121	1	2	BA1652	4138	7	0	0	0	0	0	0	0	1	0	0
A	EF	18	121	1	2	BA1652	4141	7	8	2	0	1	0	0	0	0	0	0
A	EF	18	121	1	2	BA1652	4151	8	7	0	0	0	0	0	0	1	0	0
A	EF	18	121	1	2	BA1652	4155	7	8	2	0	1	0	0	0	0	0	0
A	EF	18	121	1	2	BA1652	4165	8	7	0	0	0	0	0	0	0	0	0
A	EF	18	121	1	2	BA1652	4170	7	0	0	0	0	0	0	0	1	0	0
A	EF	18	121	1	2	BA1652	4172	7	8	2	0	1	0	0	0	0	0	0
A	EF	18	121	1	2	BA1652	4182	8	7	0	0	0	0	0	0	0	0	0
A	EF	18	121	1	2	BA1652	4196	7	0	0	0	0	0	0	0	1	0	0
A	EF	18	121	1	2	BA1652	4200	7	8	2	0	1	0	0	0	0	0	0
A	EF	18	121	1	2	BA1652	4210	8	7	0	0	0	0	0	0	0	0	0
A	EF	18	121	1	2	BA1652	4218	7	0	0	0	0	0	0	0	1	0	0
A	EF	18	121	1	2	BA1652	4233	7	8	2	0	1	0	0	0	0	0	0
A	EF	18	121	1	2	BA1652	4234	8	0	0	0	0	0	0	0	1	0	0
A	EF	18	121	1	2	BA1652	4243	8	7	0	0	0	0	0	0	0	0	0
A	EF	18	121	1	2	BA1652	4262	7	8	2	0	1	0	0	0	0	0	0
A	EF	18	121	1	2	BA1652	4266	8	0	0	0	0	0	0	0	1	0	0
A	EF	18	121	1	2	BA1652	4272	8	7	0	0	0	0	0	0	0	0	0
A	EF	18	121	1	2	BA1652	4275	7	8	2	0	1	0	0	0	0	0	0
A	EF	18	121	1	2	BA1652	4277	8	0	0	0	0	0	0	0	1	0	0
A	EF	18	121	1	2	BA1652	4285	8	7	0	0	0	0	0	0	0	0	0
A	EF	18	121	1	2	BA1652	4323	7	8	2	0	1	0	0	0	0	0	0
A	EF	18	121	1	2	BA1652	4331	8	0	0	0	0	0	0	0	1	0	0
A	EF	18	121	1	2	BA1652	4333	8	7	0	0	0	0	0	0	0	0	0
A	EF	18	121	1	2	BA1652	4337	7	8	2	0	1	0	0	0	0	0	0
A	EF	18	121	1	2	BA1652	4347	8	7	0	0	0	0	0	0	0	0	0
A	EF	18	121	1	2	BA1652	4353	7	0	0	0	0	0	0	0	1	0	0
A	EF	18	121	1	2	BA1652	4356	7	8	2	0	1	0	0	0	0	0	0
A	EF	18	121	1	2	BA1652	4366	8	7	0	0	0	0	0	0	0	0	0
A	EF	18	121	1	2	BA1652	4369	7	0	0	0	0	0	0	0	1	0	0
A	EF	18	121	1	2	BA1652	4372	7	8	2	0	1	0	0	0	0	0	0
A	EF	18	121	1	2	BA1652	4374	8	0	0	0	0	0	0	0	1	0	0
A	EF	18	121	1	2	BA1652	4379	8	0	0	0	1	0	0	0	0	0	0
A	EF	18	121	1	2	BA1652	4382	8	7	0	0	0	0	0	0	0	0	0
A	EF	18	121	1	2	BA1652	4391	7	0	0	0	0	0	0	0	1	0	0
A	EF	18	121	1	2	BA1652	4397	7	8	2	0	1	0	0	0	0	0	0
A	EF	18	121	1	2	BA1652	4407	8	7	0	0	0	0	0	0	0	0	0
A	EF	18	121	1	2	BA1652	4413	7	0	0	0	0	0	0	0	1	0	0
A	EF	18	121	1	2	BA1652	4415	7	8	2	0	1	0	0	0	0	0	0
A	EF	18	121	1	2	BA1652	4416	8	0	0	0	0	0	0	0	1	0	0
A	EF	18	121	1	2	BA1652	4425	8	9	0	0	0	0	0	0	0	0	0
A	EF	18	121	1	2	BA1652	4431	9	0	0	0	1	0	0	0	0	0	0
A	EF	18	121	1	2	BA1652	4434	9	0	0	0	0	0	0	0	1	0	0
A	EF	18	121	1	2	BA1652	4435	9	10	0	0	0	0	0	0	0	0	0
A	EF	18	121	1	2	BA1652	4442	10	0	0	0	1	0	0	0	0	0	0
A	EF	18	121	1	2	BA1652	4445	10	0	0	0	0	0	0	0	1	0	0
A	EF	18	121	1	2	BA1652	4510	10	2	0	0	0	0	0	0	0	0	0
A	EF	18	121	1	2	BA1652	4511	2	3	0	0	0	0	0	0	0	0	0
A	EF	18	121	1	2	BA1652	4570	3	5	1	1	0	0	0	0	0	0	0
A	EF	18	121	1	2	BA1652	4574	5	0	0	0	0	0	0	1	0	0	0
A	EF	18	121	1	2	BA1652	4579	5	0	0	1	0	0	0	0	0	0	0
A	EF	18	121	1	2	BA1652	4580	5	4	0	0	0	0	0	0	0	0	0
A	EF	18	121	1	2	BA1652	4583	4	0	0	0	0	0	0	1	0	0	0
A	EF	18	121	1	2	BA1652	4584	4	5	1	1	0	0	0	0	0	0	0
A	EF	18	121	1	2	BA1652	4594	5	4	0	0	0	0	0	0	0	0	0
A	EF	18	121	1	2	BA1652	4597	4	0	0	0	0	0	0	1	0	0	0
A	EF	18	121	1	2	BA1652	4614	4	5	1	1	0	0	0	0	0	0	0
A	EF	18	121	1	2	BA1652	4619	5	0	0	0	0	0	0	1	0	0	0
A	EF	18	121	1	2	BA1652	4623	5	0	0	1	0	0	0	0	0	0	0
A	EF	18	121	1	2	BA1652	4624	5	4	0	0	0	0	0	0	0	0	0
A	EF	18	121	1	2	BA1652	4626	4	0	0	0	0	0	0	1	0	0	0
A	EF	18	121	1	2	BA1652	4656	4	5	1	1	0	0	0	0	0	0	0
A	EF	18	121	1	2	BA1652	4658	5	0	0	0	0	0	0	1	0	0	0
A	EF	18	121	1	2	BA1652	4666	5	4	0	0	0	0	0	0	0	0	0
A	EF	18	121	1	2	BA1652	4748	4	5	1	1	0	0	0	0	0	0	0
A	EF	18	121	1	2	BA1652	4754	5	0	0	0	0	0	0	1	0	0	0
A	EF	18	121	1	2	BA1652	4758	5	9	0	1	0	0	0	0	0	0	0
A	EF	18	121	1	2	BA1652	4764	9	0	0	0	0	0	0	1	0	0	0
A	EF	18	121	1	2	BA1652	4768	9	10	0	0	0	0	0	0	0	0	0
A	EF	18	121	1	2	BA1652	4843	10	2	0	0	0	0	0	0	0	0	0
A	EF	18	121	1	2	BA1652	4844	2	3	0	0	0	0	0	0	0	0	0
A	EF	18	121	1	2	BA1652	4876	3	5	1	1	0	0	0	0	0	0	0
A	EF	18	121	1	2	BA1652	4885	5	0	0	0	0	0	0	1	0	0	0
A	EF	18	121	1	2	BA1652	4886	5	4	0	0	0	0	0	0	0	0	0
A	EF	18	121	1	2	BA1652	4891	4	5	1	1	0	0	0	0	0	0	0
A	EF	18	121	1	2	BA1652	4899	5	0	0	0	0	0	0	1	0	0	0
A	EF	18	121	1	2	BA1652	4901	5	4	0	1	0	0	0	0	0	0	0
A	EF	18	121	1	2	BA1652	4907	4	5	1	1	0	0	0	1	0	0	0
A	EF	18	121	1	2	BA1652	4913	5	0	0	0	0	0	0	1	0	0	0
A	EF	18	121	1	2	BA1652	4917	5	4	0	0	0	0	0	0	0	0	0
A	EF	18	121	1	2	BA1652	4924	4	5	1	1	0	0	0	0	0	0	0
A	EF	18	121	1	2	BA1652	4932	5	0	0	0	0	0	0	1	0	0	0
A	EF	18	121	1	2	BA1652	4934	5	4	0	0	0	0	0	0	0	0	0
A	EF	18	121	1	2	BA1652	4950	4	5	1	1	0	0	0	0	0	0	0
A	EF	18	121	1	2	BA1652	4960	5	9	0	0	0	0	0	0	0	0	0
A	EF	18	121	1	2	BA1652	4961	9	0	0	0	0	0	0	1	0	0	0
A	EF	18	121	1	2	BA1652	4970	9	10	0	0	0	0	0	0	0	0	0
A	EF	18	121	1	2	BA1652	5045	10	2	0	0	0	0	0	0	0	0	0
A	EF	18	121	1	2	BA1652	5046	2	6	0	0	0	0	0	0	0	0	0
A	EF	18	121	1	2	BA1652	5088	6	0	0	1	0	0	0	0	0	0	0
A	EF	18	121	1	2	BA1652	5181	6	0	0	0	0	0	0	1	0	0	0
A	EF	18	121	1	2	BA1652	5424	6	8	2	0	1	0	0	0	0	0	0
A	EF	18	121	1	2	BA1652	5429	8	0	0	0	0	0	0	0	1	0	0
A	EF	18	121	1	2	BA1652	5431	8	0	0	0	1	0	0	0	0	0	0
A	EF	18	121	1	2	BA1652	5432	8	0	0	0	0	0	0	0	1	0	0
A	EF	18	121	1	2	BA1652	5434	8	7	0	0	0	0	0	0	0	0	0
A	EF	18	121	1	2	BA1652	5441	7	8	2	0	1	0	0	0	0	0	0
A	EF	18	121	1	2	BA1652	5451	8	7	0	0	0	0	0	0	0	0	0
A	EF	18	121	1	2	BA1652	5453	7	0	0	0	0	0	0	0	1	0	0
A	EF	18	121	1	2	BA1652	5465	7	8	2	0	1	0	0	0	0	0	0
A	EF	18	121	1	2	BA1652	5475	8	7	0	0	0	0	0	0	0	0	0
A	EF	18	121	1	2	BA1652	5487	7	0	0	0	0	0	0	0	1	0	0
A	EF	18	121	1	2	BA1652	5490	7	8	2	0	1	0	0	0	0	0	0
A	EF	18	121	1	2	BA1652	5500	8	7	0	0	0	0	0	0	0	0	0
A	EF	18	121	1	2	BA1652	5501	7	0	0	0	0	0	0	0	1	0	0
A	EF	18	121	1	2	BA1652	5503	7	8	2	0	1	0	0	0	0	0	0
A	EF	18	121	1	2	BA1652	5506	8	0	0	0	0	0	0	0	1	0	0
A	EF	18	121	1	2	BA1652	5508	8	0	0	0	1	0	0	0	0	0	0
A	EF	18	121	1	2	BA1652	5513	8	7	0	0	0	0	0	0	0	0	0
A	EF	18	121	1	2	BA1652	5579	7	0	0	0	0	0	0	0	1	0	0
A	EF	18	121	1	2	BA1652	5582	7	8	2	0	1	0	0	0	0	0	0
A	EF	18	121	1	2	BA1652	5586	8	0	0	0	0	0	0	0	1	0	0
A	EF	18	121	1	2	BA1652	5592	8	7	0	0	1	0	0	0	0	0	0
A	EF	18	121	1	2	BA1652	5595	7	0	0	0	0	0	0	0	1	0	0
A	EF	18	121	1	2	BA1652	5602	7	8	2	0	1	0	0	0	0	0	0
A	EF	18	121	1	2	BA1652	5603	8	0	0	0	0	0	0	0	1	0	0
A	EF	18	121	1	2	BA1652	5612	8	7	0	0	0	0	0	0	0	0	0
A	EF	18	121	1	2	BA1652	5653	7	8	2	0	1	0	0	0	0	0	0
A	EF	18	121	1	2	BA1652	5659	8	0	0	0	0	0	0	0	1	0	0
A	EF	18	121	1	2	BA1652	5663	8	7	0	0	0	0	0	0	0	0	0
A	EF	18	121	1	2	BA1652	5666	7	8	2	0	1	0	0	0	0	0	0
A	EF	18	121	1	2	BA1652	5669	8	0	0	0	0	0	0	0	1	0	0
A	EF	18	121	1	2	BA1652	5676	8	7	0	0	1	0	0	0	0	0	0
A	EF	18	121	1	2	BA1652	5680	7	0	0	0	0	0	0	0	1	0	0
A	EF	18	121	1	2	BA1652	5726	7	8	2	0	1	0	0	0	0	0	0
A	EF	18	121	1	2	BA1652	5736	8	7	0	0	0	0	0	0	0	0	0
A	EF	18	121	1	2	BA1652	5751	7	0	0	0	0	0	0	0	1	0	0
A	EF	18	121	1	2	BA1652	5754	7	8	2	0	1	0	0	0	0	0	0
A	EF	18	121	1	2	BA1652	5760	8	0	0	0	0	0	0	0	1	0	0
A	EF	18	121	1	2	BA1652	5762	8	0	0	0	1	0	0	0	0	0	0
A	EF	18	121	1	2	BA1652	5764	8	7	0	0	0	0	0	0	0	0	0
A	EF	18	121	1	2	BA1652	5776	7	0	0	0	0	0	0	0	1	0	0
A	EF	18	121	1	2	BA1652	5845	7	8	2	0	1	0	0	0	0	0	0
A	EF	18	121	1	2	BA1652	5849	8	0	0	0	0	0	0	0	1	0	0
A	EF	18	121	1	2	BA1652	5852	8	0	0	0	1	0	0	0	0	0	0
A	EF	18	121	1	2	BA1652	5855	8	7	0	0	0	0	0	0	0	0	0
A	EF	18	121	1	2	BA1652	5861	7	0	0	0	0	0	0	0	1	0	0
A	EF	18	121	1	2	BA1652	5864	7	8	2	0	1	0	0	0	0	0	0
A	EF	18	121	1	2	BA1652	5874	8	7	0	0	0	0	0	0	0	0	0
A	EF	18	121	1	2	BA1652	5886	7	0	0	0	0	0	0	0	1	0	0
A	EF	18	121	1	2	BA1652	5914	7	8	2	0	1	0	0	0	0	0	0
A	EF	18	121	1	2	BA1652	5924	8	7	0	0	0	0	0	0	0	0	0
A	EF	18	121	1	2	BA1652	5926	7	0	0	0	0	0	0	0	1	0	0
A	EF	18	121	1	2	BA1652	5933	7	8	2	0	1	0	0	0	0	0	0
A	EF	18	121	1	2	BA1652	5936	8	0	0	0	0	0	0	0	1	0	0
A	EF	18	121	1	2	BA1652	5943	8	7	0	0	0	0	0	0	0	0	0
A	EF	18	121	1	2	BA1652	5954	7	8	2	0	1	0	0	0	0	0	0
A	EF	18	121	1	2	BA1652	5963	8	0	0	0	0	0	0	0	1	0	0
A	EF	18	121	1	2	BA1652	5964	8	7	0	0	0	0	0	0	0	0	0
A	EF	18	121	1	2	BA1652	5965	7	8	2	0	1	0	0	0	0	0	0
A	EF	18	121	1	2	BA1652	5971	8	0	0	0	0	0	0	0	1	0	0
A	EF	18	121	1	2	BA1652	5975	8	7	0	0	0	0	0	0	0	0	0
A	EF	18	121	1	2	BA1652	6024	7	8	2	0	1	0	0	0	0	0	0
A	EF	18	121	1	2	BA1652	6031	8	0	0	0	0	0	0	0	1	0	0
A	EF	18	121	1	2	BA1652	6034	8	7	0	0	0	0	0	0	0	0	0
A	EF	18	121	1	2	BA1652	6041	7	8	2	0	1	0	0	0	0	0	0
A	EF	18	121	1	2	BA1652	6051	8	7	0	0	0	0	0	0	0	0	0
A	EF	18	121	1	2	BA1652	6053	7	0	0	0	0	0	0	0	1	0	0
A	EF	18	121	1	2	BA1652	6054	7	8	2	0	1	0	0	0	0	0	0
A	EF	18	121	1	2	BA1652	6064	8	9	0	0	0	0	0	0	0	0	0
A	EF	18	121	1	2	BA1652	6067	9	0	0	0	0	0	0	0	1	0	0
A	EF	18	121	1	2	BA1652	6074	9	10	0	0	0	0	0	0	0	0	0
A	EF	18	121	1	2	BA1652	6076	10	0	0	0	1	0	0	0	0	0	0
A	EF	18	121	1	2	BA1652	6078	10	0	0	0	0	0	0	0	1	0	0
A	EF	18	121	1	2	BA1652	6149	10	2	0	0	0	0	0	0	0	0	0
A	EF	18	121	1	2	BA1652	6150	2	6	0	0	0	0	0	0	0	0	0
A	EF	18	121	1	2	BA1652	6257	6	8	2	0	1	0	0	0	0	0	0
A	EF	18	121	1	2	BA1652	6263	8	0	0	0	0	0	0	0	1	0	0
A	EF	18	121	1	2	BA1652	6267	8	7	0	0	0	0	0	0	0	0	0
A	EF	18	121	1	2	BA1652	6273	7	8	2	0	1	0	0	0	0	0	0
A	EF	18	121	1	2	BA1652	6277	8	0	0	0	0	0	0	0	1	0	0
A	EF	18	121	1	2	BA1652	6283	8	7	0	0	0	0	0	0	0	0	0
A	EF	18	121	1	2	BA1652	6284	7	8	2	0	1	0	0	0	0	0	0
A	EF	18	121	1	2	BA1652	6294	8	7	0	0	0	0	0	0	0	0	0
A	EF	18	121	1	2	BA1652	6296	7	0	0	0	0	0	0	0	1	0	0
A	EF	18	121	1	2	BA1652	6302	7	8	2	0	1	0	0	0	0	0	0
A	EF	18	121	1	2	BA1652	6307	8	0	0	0	0	0	0	0	1	0	0
A	EF	18	121	1	2	BA1652	6308	8	0	0	0	1	0	0	0	0	0	0
A	EF	18	121	1	2	BA1652	6312	8	7	0	0	0	0	0	0	0	0	0
A	EF	18	121	1	2	BA1652	6328	7	0	0	0	0	0	0	0	1	0	0
A	EF	18	121	1	2	BA1652	6344	7	8	2	0	1	0	0	0	0	0	0
A	EF	18	121	1	2	BA1652	6346	8	0	0	0	0	0	0	0	1	0	0
A	EF	18	121	1	2	BA1652	6349	8	0	0	0	1	0	0	0	0	0	0
A	EF	18	121	1	2	BA1652	6354	8	7	0	0	0	0	0	0	0	0	0
A	EF	18	121	1	2	BA1652	6357	7	0	0	0	0	0	0	0	1	0	0
A	EF	18	121	1	2	BA1652	6358	7	8	2	0	1	0	0	0	0	0	0
A	EF	18	121	1	2	BA1652	6366	8	0	0	0	0	0	0	0	1	0	0
A	EF	18	121	1	2	BA1652	6368	8	7	0	0	0	0	0	0	0	0	0
A	EF	18	121	1	2	BA1652	6377	7	8	2	0	1	0	0	0	0	0	0
A	EF	18	121	1	2	BA1652	6384	8	0	0	0	0	0	0	0	1	0	0
A	EF	18	121	1	2	BA1652	6387	8	7	0	0	0	0	0	0	0	0	0
A	EF	18	121	1	2	BA1652	6412	7	8	2	0	1	0	0	0	0	0	0
A	EF	18	121	1	2	BA1652	6415	8	0	0	0	0	0	0	0	1	0	0
A	EF	18	121	1	2	BA1652	6422	8	7	0	0	0	0	0	0	0	0	0
A	EF	18	121	1	2	BA1652	6423	7	8	2	0	1	0	0	0	0	0	0
A	EF	18	121	1	2	BA1652	6433	8	7	0	0	0	0	0	0	0	0	0
A	EF	18	121	1	2	BA1652	6437	7	0	0	0	0	0	0	0	1	0	0
A	EF	18	121	1	2	BA1652	6449	7	8	2	0	1	0	0	0	0	0	0
A	EF	18	121	1	2	BA1652	6459	8	7	0	0	0	0	0	0	0	0	0
A	EF	18	121	1	2	BA1652	6474	7	0	0	0	0	0	0	0	1	0	0
A	EF	18	121	1	2	BA1652	6476	7	8	2	0	1	0	0	0	0	0	0
A	EF	18	121	1	2	BA1652	6479	8	0	0	0	0	0	0	0	1	0	0
A	EF	18	121	1	2	BA1652	6486	8	7	0	0	0	0	0	0	0	0	0
A	EF	18	121	1	2	BA1652	6502	7	8	2	0	1	0	0	0	0	0	0
A	EF	18	121	1	2	BA1652	6512	8	7	0	0	0	0	0	0	1	0	0
A	EF	18	121	1	2	BA1652	6534	7	8	2	0	1	0	0	0	0	0	0
A	EF	18	121	1	2	BA1652	6544	8	7	0	0	0	0	0	0	0	0	0
A	EF	18	121	1	2	BA1652	6576	7	0	0	0	0	0	0	0	1	0	0
A	EF	18	121	1	2	BA1652	6579	7	8	2	0	1	0	0	0	0	0	0
A	EF	18	121	1	2	BA1652	6589	8	7	0	0	0	0	0	0	0	0	0
A	EF	18	121	1	2	BA1652	6591	7	0	0	0	0	0	0	0	1	0	0
A	EF	18	121	1	2	BA1652	6595	7	8	2	0	1	0	0	0	0	0	0
A	EF	18	121	1	2	BA1652	6605	8	7	0	0	0	0	0	0	0	0	0
A	EF	18	121	1	2	BA1652	6610	7	0	0	0	0	0	0	0	1	0	0
A	EF	18	121	1	2	BA1652	6615	7	8	2	0	1	0	0	0	0	0	0
A	EF	18	121	1	2	BA1652	6625	8	7	0	0	0	0	0	0	0	0	0
A	EF	18	121	1	2	BA1652	6631	7	0	0	0	0	0	0	0	1	0	0
A	EF	18	121	1	2	BA1652	6639	7	8	2	0	1	0	0	0	0	0	0
A	EF	18	121	1	2	BA1652	6649	8	7	0	0	0	0	0	0	0	0	0
A	EF	18	121	1	2	BA1652	6654	7	0	0	0	0	0	0	0	1	0	0
A	EF	18	121	1	2	BA1652	6677	7	8	2	0	1	0	0	0	0	0	0
A	EF	18	121	1	2	BA1652	6680	8	0	0	0	0	0	0	0	1	0	0
A	EF	18	121	1	2	BA1652	6685	8	0	0	0	1	0	0	0	0	0	0
A	EF	18	121	1	2	BA1652	6687	8	7	0	0	0	0	0	0	0	0	0
A	EF	18	121	1	2	BA1652	6690	7	0	0	0	0	0	0	0	1	0	0
A	EF	18	121	1	2	BA1652	6721	7	8	2	0	1	0	0	0	0	0	0
A	EF	18	121	1	2	BA1652	6731	8	7	0	0	0	0	0	0	0	0	0
A	EF	18	121	1	2	BA1652	6765	7	0	0	0	0	0	0	0	1	0	0
A	EF	18	121	1	2	BA1652	6778	7	8	2	0	1	0	0	0	0	0	0
A	EF	18	121	1	2	BA1652	6788	8	9	0	0	0	0	0	0	0	0	0
A	EF	18	121	1	2	BA1652	6796	9	0	0	0	0	0	0	0	1	0	0
A	EF	18	121	1	2	BA1652	6798	9	10	0	0	0	0	0	0	0	0	0
A	EF	18	121	1	2	BA1652	6873	10	2	0	0	0	0	0	0	0	0	0
A	EF	18	121	1	2	BA1652	6874	2	6	0	0	0	0	0	0	0	0	0
A	EF	18	121	1	2	BA1652	6991	6	8	2	0	1	0	0	0	0	0	0
A	EF	18	121	1	2	BA1652	6997	8	0	0	0	0	0	0	0	1	0	0
A	EF	18	121	1	2	BA1652	6998	8	0	0	0	1	0	0	0	0	0	0
A	EF	18	121	1	2	BA1652	7001	8	7	0	0	0	0	0	0	0	0	0
A	EF	18	121	1	2	BA1652	7003	7	0	0	0	0	0	0	0	1	0	0
A	EF	18	121	1	2	BA1652	7013	7	8	2	0	1	0	0	0	0	0	0
A	EF	18	121	1	2	BA1652	7016	8	0	0	0	0	0	0	0	1	0	0
A	EF	18	121	1	2	BA1652	7023	8	7	0	0	0	0	0	0	0	0	0
A	EF	18	121	1	2	BA1652	7037	7	8	2	0	1	0	0	0	0	0	0
A	EF	18	121	1	2	BA1652	7038	8	0	0	0	0	0	0	0	1	0	0
A	EF	18	121	1	2	BA1652	7039	8	0	0	0	1	0	0	0	0	0	0
A	EF	18	121	1	2	BA1652	7040	8	0	0	0	0	0	0	0	1	0	0
A	EF	18	121	1	2	BA1652	7047	8	7	0	0	0	0	0	0	0	0	0
A	EF	18	121	1	2	BA1652	7063	7	8	2	0	1	0	0	0	0	0	0
A	EF	18	121	1	2	BA1652	7068	8	0	0	0	0	0	0	0	1	0	0
A	EF	18	121	1	2	BA1652	7073	8	7	0	0	0	0	0	0	0	0	0
A	EF	18	121	1	2	BA1652	7101	7	8	2	0	1	0	0	0	0	0	0
A	EF	18	121	1	2	BA1652	7102	8	0	0	0	0	0	0	0	1	0	0
A	EF	18	121	1	2	BA1652	7111	8	7	0	0	0	0	0	0	0	0	0
A	EF	18	121	1	2	BA1652	7127	7	8	2	0	1	0	0	0	0	0	0
A	EF	18	121	1	2	BA1652	7137	8	7	0	0	0	0	0	0	1	0	0
A	EF	18	121	1	2	BA1652	7149	7	8	2	0	1	0	0	0	0	0	0
A	EF	18	121	1	2	BA1652	7150	8	0	0	0	0	0	0	0	1	0	0
A	EF	18	121	1	2	BA1652	7157	8	0	0	0	1	0	0	0	0	0	0
A	EF	18	121	1	2	BA1652	7159	8	7	0	0	0	0	0	0	1	0	0
A	EF	18	121	1	2	BA1652	7194	7	8	2	0	1	0	0	0	0	0	0
A	EF	18	121	1	2	BA1652	7197	8	0	0	0	0	0	0	0	1	0	0
A	EF	18	121	1	2	BA1652	7200	8	0	0	0	1	0	0	0	0	0	0
A	EF	18	121	1	2	BA1652	7204	8	7	0	0	0	0	0	0	0	0	0
A	EF	18	121	1	2	BA1652	7213	7	0	0	0	0	0	0	0	1	0	0
A	EF	18	121	1	2	BA1652	7218	7	8	2	0	1	0	0	0	0	0	0
A	EF	18	121	1	2	BA1652	7228	8	7	0	0	0	0	0	0	0	0	0
A	EF	18	121	1	2	BA1652	7229	7	0	0	0	0	0	0	0	1	0	0
A	EF	18	121	1	2	BA1652	7233	7	8	2	0	1	0	0	0	0	0	0
A	EF	18	121	1	2	BA1652	7237	8	0	0	0	0	0	0	0	1	0	0
A	EF	18	121	1	2	BA1652	7243	8	7	0	0	0	0	0	0	0	0	0
A	EF	18	121	1	2	BA1652	7249	7	8	2	0	1	0	0	0	0	0	0
A	EF	18	121	1	2	BA1652	7253	8	0	0	0	0	0	0	0	1	0	0
A	EF	18	121	1	2	BA1652	7259	8	7	0	0	0	0	0	0	0	0	0
A	EF	18	121	1	2	BA1652	7284	7	8	2	0	1	0	0	0	0	0	0
A	EF	18	121	1	2	BA1652	7294	8	7	0	0	0	0	0	0	0	0	0
A	EF	18	121	1	2	BA1652	7305	7	0	0	0	0	0	0	0	1	0	0
A	EF	18	121	1	2	BA1652	7306	7	8	2	0	1	0	0	0	0	0	0
A	EF	18	121	1	2	BA1652	7308	8	0	0	0	0	0	0	0	1	0	0
A	EF	18	121	1	2	BA1652	7312	8	0	0	0	1	0	0	0	0	0	0
A	EF	18	121	1	2	BA1652	7315	8	0	0	0	0	0	0	0	1	0	0
A	EF	18	121	1	2	BA1652	7316	8	7	0	0	0	0	0	0	0	0	0
A	EF	18	121	1	2	BA1652	7318	7	8	2	0	1	0	0	0	0	0	0
A	EF	18	121	1	2	BA1652	7327	8	0	0	0	0	0	0	0	1	0	0
A	EF	18	121	1	2	BA1652	7328	8	7	0	0	0	0	0	0	0	0	0
A	EF	18	121	1	2	BA1652	7331	7	8	2	0	1	0	0	0	0	0	0
A	EF	18	121	1	2	BA1652	7341	8	7	0	0	0	0	0	0	0	0	0
A	EF	18	121	1	2	BA1652	7347	7	0	0	0	0	0	0	0	1	0	0
A	EF	18	121	1	2	BA1652	7348	7	8	2	0	1	0	0	0	0	0	0
A	EF	18	121	1	2	BA1652	7350	8	0	0	0	0	0	0	0	1	0	0
A	EF	18	121	1	2	BA1652	7353	8	0	0	0	1	0	0	0	0	0	0
A	EF	18	121	1	2	BA1652	7357	8	0	0	0	0	0	0	0	1	0	0
A	EF	18	121	1	2	BA1652	7358	8	7	0	0	0	0	0	0	0	0	0
A	EF	18	121	1	2	BA1652	7360	7	8	2	0	1	0	0	0	0	0	0
A	EF	18	121	1	2	BA1652	7369	8	0	0	0	0	0	0	0	1	0	0
A	EF	18	121	1	2	BA1652	7370	8	7	0	0	0	0	0	0	0	0	0
A	EF	18	121	1	2	BA1652	7372	7	8	2	0	1	0	0	0	0	0	0
A	EF	18	121	1	2	BA1652	7382	8	7	0	0	0	0	0	0	0	0	0
A	EF	18	121	1	2	BA1652	7393	7	0	0	0	0	0	0	0	1	0	0
A	EF	18	121	1	2	BA1652	7397	7	8	2	0	1	0	0	0	0	0	0
A	EF	18	121	1	2	BA1652	7407	8	7	0	0	0	0	0	0	0	0	0
A	EF	18	121	1	2	BA1652	7410	7	0	0	0	0	0	0	0	1	0	0
A	EF	18	121	1	2	BA1652	7417	7	8	2	0	1	0	0	0	0	0	0
A	EF	18	121	1	2	BA1652	7427	8	9	0	0	0	0	0	0	0	0	0
A	EF	18	121	1	2	BA1652	7437	9	10	0	0	0	0	0	0	0	0	0
A	EF	18	121	1	2	BA1652	7439	10	0	0	0	0	0	0	0	1	0	0
A	EF	18	121	1	2	BA1652	7441	10	0	0	0	1	0	0	0	0	0	0
A	EF	18	121	1	2	BA1652	7444	10	0	0	0	0	0	0	0	1	0	0
A	EF	18	121	1	2	BA1652	7512	10	2	0	0	0	0	0	0	0	0	0
A	EF	18	121	1	2	BA1652	7513	2	3	0	0	0	0	0	0	0	0	0
A	EF	18	121	1	2	BA1652	7570	3	5	1	1	0	0	0	0	0	0	0
A	EF	18	121	1	2	BA1652	7574	5	0	0	0	0	0	0	1	0	0	0
A	EF	18	121	1	2	BA1652	7577	5	0	0	1	0	0	0	0	0	0	0
A	EF	18	121	1	2	BA1652	7580	5	4	0	0	0	0	0	0	0	0	0
A	EF	18	121	1	2	BA1652	7596	4	0	0	0	0	0	0	1	0	0	0
A	EF	18	121	1	2	BA1652	7601	4	5	1	1	0	0	0	0	0	0	0
A	EF	18	121	1	2	BA1652	7607	5	0	0	0	0	0	0	1	0	0	0
A	EF	18	121	1	2	BA1652	7611	5	4	0	0	0	0	0	0	0	0	0
A	EF	18	121	1	2	BA1652	7615	4	5	1	1	0	0	0	0	0	0	0
A	EF	18	121	1	2	BA1652	7617	5	0	0	0	0	0	0	1	0	0	0
A	EF	18	121	1	2	BA1652	7625	5	4	0	0	0	0	0	0	0	0	0
A	EF	18	121	1	2	BA1652	7638	4	5	1	1	0	0	0	0	0	0	0
A	EF	18	121	1	2	BA1652	7644	5	0	0	0	0	0	0	1	0	0	0
A	EF	18	121	1	2	BA1652	7648	5	4	0	0	0	0	0	0	0	0	0
A	EF	18	121	1	2	BA1652	7685	4	5	1	1	0	0	0	0	0	0	0
A	EF	18	121	1	2	BA1652	7690	5	0	0	0	0	0	0	1	0	0	0
A	EF	18	121	1	2	BA1652	7694	5	0	0	1	0	0	0	0	0	0	0
A	EF	18	121	1	2	BA1652	7695	5	9	0	0	0	0	0	0	0	0	0
A	EF	18	121	1	2	BA1652	7704	9	0	0	0	0	0	0	1	0	0	0
A	EF	18	121	1	2	BA1652	7705	9	10	0	0	0	0	0	0	0	0	0
A	EF	18	121	1	2	BA1652	7780	10	2	0	0	0	0	0	0	0	0	0
A	EF	18	121	1	2	BA1652	7781	2	3	0	0	0	0	0	0	0	0	0
A	EF	18	121	1	2	BA1652	7832	3	5	1	1	0	0	0	0	0	0	0
A	EF	18	121	1	2	BA1652	7842	5	4	0	0	0	0	0	0	0	0	0
A	EF	18	121	1	2	BA1652	7845	4	0	0	0	0	0	0	1	0	0	0
A	EF	18	121	1	2	BA1652	7847	4	5	1	1	0	0	0	0	0	0	0
A	EF	18	121	1	2	BA1652	7857	5	4	0	0	0	0	0	0	0	0	0
A	EF	18	121	1	2	BA1652	7868	4	0	0	0	0	0	0	1	0	0	0
A	EF	18	121	1	2	BA1652	7928	4	5	1	1	0	0	0	0	0	0	0
A	EF	18	121	1	2	BA1652	7931	5	0	0	0	0	0	0	1	0	0	0
A	EF	18	121	1	2	BA1652	7938	5	4	0	0	0	0	0	0	0	0	0
A	EF	18	121	1	2	BA1652	7953	4	5	1	1	0	0	0	0	0	0	0
A	EF	18	121	1	2	BA1652	7956	5	0	0	0	0	0	0	1	0	0	0
A	EF	18	121	1	2	BA1652	7963	5	4	0	0	0	0	0	0	0	0	0
A	EF	18	121	1	2	BA1652	8008	4	5	1	1	0	0	0	0	0	0	0
A	EF	18	121	1	2	BA1652	8013	5	0	0	0	0	0	0	1	0	0	0
A	EF	18	121	1	2	BA1652	8018	5	9	0	0	0	0	0	0	0	0	0
A	EF	18	121	1	2	BA1652	8028	9	10	0	0	0	0	0	0	0	0	0
A	EF	18	121	1	2	BA1652	8103	10	2	0	0	0	0	0	0	0	0	0
A	EF	18	121	1	2	BA1652	8104	2	3	0	0	0	0	0	0	0	0	0
A	EF	18	121	1	2	BA1652	8137	3	5	1	1	0	0	0	0	0	0	0
A	EF	18	121	1	2	BA1652	8147	5	4	0	0	0	0	0	0	0	0	0
A	EF	18	121	1	2	BA1652	8159	4	0	0	0	0	0	0	1	0	0	0
A	EF	18	121	1	2	BA1652	8163	4	5	1	1	0	0	0	0	0	0	0
A	EF	18	121	1	2	BA1652	8173	5	4	0	0	0	0	0	0	0	0	0
A	EF	18	121	1	2	BA1652	8180	4	0	0	0	0	0	0	1	0	0	0
A	EF	18	121	1	2	BA1652	8184	4	5	1	1	0	0	0	0	0	0	0
A	EF	18	121	1	2	BA1652	8194	5	4	0	0	0	0	0	0	0	0	0
A	EF	18	121	1	2	BA1652	8197	4	0	0	0	0	0	0	1	0	0	0
A	EF	18	121	1	2	BA1652	8203	4	5	1	1	0	0	0	0	0	0	0
A	EF	18	121	1	2	BA1652	8213	5	4	0	0	0	0	0	0	0	0	0
A	EF	18	121	1	2	BA1652	8240	4	0	0	0	0	0	0	1	0	0	0
A	EF	18	121	1	2	BA1652	8241	4	5	1	1	0	0	0	0	0	0	0
A	EF	18	121	1	2	BA1652	8251	5	9	0	0	0	0	0	0	0	0	0
A	EF	18	121	1	2	BA1652	8261	9	10	0	0	0	0	0	0	0	0	0
A	EF	18	121	1	2	BA1652	8287	10	0	0	0	0	0	0	1	0	0	0
A	EF	18	121	1	2	BA1652	8336	10	2	0	0	0	0	0	0	0	0	0
A	EF	18	121	1	2	BA1652	8337	2	6	0	0	0	0	0	0	0	0	0
A	EF	18	121	1	2	BA1652	8513	6	8	2	0	1	0	0	0	0	0	0
A	EF	18	121	1	2	BA1652	8518	8	0	0	0	0	0	0	0	1	0	0
A	EF	18	121	1	2	BA1652	8523	8	7	0	0	0	0	0	0	0	0	0
A	EF	18	121	1	2	BA1652	8589	7	8	2	0	1	0	0	0	0	0	0
A	EF	18	121	1	2	BA1652	8593	8	0	0	0	0	0	0	0	1	0	0
A	EF	18	121	1	2	BA1652	8599	8	7	0	0	0	0	0	0	0	0	0
A	EF	18	121	1	2	BA1652	8615	7	8	2	0	1	0	0	0	0	0	0
A	EF	18	121	1	2	BA1652	8625	8	7	0	0	0	0	0	0	0	0	0
A	EF	18	121	1	2	BA1652	8630	7	0	0	0	0	0	0	0	1	0	0
A	EF	18	121	1	2	BA1652	8645	7	8	2	0	1	0	0	0	0	0	0
A	EF	18	121	1	2	BA1652	8650	8	0	0	0	0	0	0	0	1	0	0
A	EF	18	121	1	2	BA1652	8655	8	7	0	0	0	0	0	0	0	0	0
A	EF	18	121	1	2	BA1652	8761	7	8	2	0	1	0	0	0	0	0	0
A	EF	18	121	1	2	BA1652	8763	8	0	0	0	1	0	0	0	1	0	0
A	EF	18	121	1	2	BA1652	8771	8	7	0	0	0	0	0	0	0	0	0
A	EF	18	121	1	2	BA1652	8783	7	0	0	0	0	0	0	0	1	0	0
A	EF	18	121	1	2	BA1652	8791	7	8	2	0	1	0	0	0	0	0	0
A	EF	18	121	1	2	BA1652	8795	8	0	0	0	0	0	0	0	1	0	0
A	EF	18	121	1	2	BA1652	8801	8	7	0	0	0	0	0	0	0	0	0
A	EF	18	121	1	2	BA1652	8822	7	8	2	0	1	0	0	0	0	0	0
A	EF	18	121	1	2	BA1652	8824	8	0	0	0	0	0	0	0	1	0	0
A	EF	18	121	1	2	BA1652	8832	8	7	0	0	0	0	0	0	0	0	0
A	EF	18	121	1	2	BA1652	8844	7	8	2	0	1	0	0	0	0	0	0
A	EF	18	121	1	2	BA1652	8847	8	0	0	0	0	0	0	0	1	0	0
A	EF	18	121	1	2	BA1652	8849	8	0	0	0	1	0	0	0	0	0	0
A	EF	18	121	1	2	BA1652	8854	8	7	0	0	0	0	0	0	0	0	0
A	EF	18	121	1	2	BA1652	8873	7	0	0	0	0	0	0	0	1	0	0
A	EF	18	121	1	2	BA1652	8918	7	8	2	0	1	0	0	0	0	0	0
A	EF	18	121	1	2	BA1652	8928	8	7	0	0	0	0	0	0	0	0	0
A	EF	18	121	1	2	BA1652	8938	7	0	0	0	0	0	0	0	1	0	0
A	EF	18	121	1	2	BA1652	8963	7	8	2	0	1	0	0	0	0	0	0
A	EF	18	121	1	2	BA1652	8973	8	7	0	0	0	0	0	0	0	0	0
A	EF	18	121	1	2	BA1652	8980	7	0	0	0	0	0	0	0	1	0	0
A	EF	18	121	1	2	BA1652	8994	7	8	2	0	1	0	0	0	0	0	0
A	EF	18	121	1	2	BA1652	8998	8	0	0	0	0	0	0	0	1	0	0
A	EF	18	121	1	2	BA1652	9001	8	0	0	0	1	0	0	0	0	0	0
A	EF	18	121	1	2	BA1652	9004	8	7	0	0	0	0	0	0	0	0	0
A	EF	18	121	1	2	BA1652	9005	7	0	0	0	0	0	0	0	1	0	0
A	EF	18	121	1	2	BA1652	9014	7	8	2	0	1	0	0	0	0	0	0
A	EF	18	121	1	2	BA1652	9015	8	0	0	0	0	0	0	0	1	0	0
A	EF	18	121	1	2	BA1652	9024	8	7	0	0	0	0	0	0	0	0	0
A	EF	18	121	1	2	BA1652	9037	7	8	2	0	1	0	0	0	0	0	0
A	EF	18	121	1	2	BA1652	9047	8	7	0	0	0	0	0	0	0	0	0
A	EF	18	121	1	2	BA1652	9063	7	0	0	0	0	0	0	0	1	0	0
A	EF	18	121	1	2	BA1652	9064	7	8	2	0	1	0	0	0	0	0	0
A	EF	18	121	1	2	BA1652	9069	8	0	0	0	0	0	0	0	1	0	0
A	EF	18	121	1	2	BA1652	9071	8	0	0	0	1	0	0	0	0	0	0
A	EF	18	121	1	2	BA1652	9074	8	7	0	0	0	0	0	0	0	0	0
A	EF	18	121	1	2	BA1652	9099	7	0	0	0	0	0	0	0	1	0	0
A	EF	18	121	1	2	BA1652	9102	7	8	2	0	1	0	0	0	0	0	0
A	EF	18	121	1	2	BA1652	9112	8	7	0	0	0	0	0	0	0	0	0
A	EF	18	121	1	2	BA1652	9131	7	0	0	0	0	0	0	0	1	0	0
A	EF	18	121	1	2	BA1652	9134	7	8	2	0	1	0	0	0	0	0	0
A	EF	18	121	1	2	BA1652	9144	8	7	0	0	0	0	0	0	0	0	0
A	EF	18	121	1	2	BA1652	9157	7	0	0	0	0	0	0	0	1	0	0
A	EF	18	121	1	2	BA1652	9179	7	8	2	0	1	0	0	0	0	0	0
A	EF	18	121	1	2	BA1652	9188	8	0	0	0	0	0	0	0	1	0	0
A	EF	18	121	1	2	BA1652	9189	8	7	0	0	0	0	0	0	0	0	0
A	EF	18	121	1	2	BA1652	9208	7	8	2	0	1	0	0	0	0	0	0
A	EF	18	121	1	2	BA1652	9216	8	0	0	0	0	0	0	0	1	0	0
A	EF	18	121	1	2	BA1652	9218	8	7	0	0	1	0	0	0	0	0	0
A	EF	18	121	1	2	BA1652	9226	7	0	0	0	0	0	0	0	1	0	0
A	EF	18	121	1	2	BA1652	9236	7	8	2	0	1	0	0	0	0	0	0
A	EF	18	121	1	2	BA1652	9238	8	0	0	0	0	0	0	0	1	0	0
A	EF	18	121	1	2	BA1652	9242	8	0	0	0	1	0	0	0	0	0	0
A	EF	18	121	1	2	BA1652	9244	8	0	0	0	0	0	0	0	1	0	0
A	EF	18	121	1	2	BA1652	9246	8	7	0	0	0	0	0	0	0	0	0
A	EF	18	121	1	2	BA1652	9248	7	8	2	0	1	0	0	0	0	0	0
A	EF	18	121	1	2	BA1652	9250	8	0	0	0	0	0	0	0	1	0	0
A	EF	18	121	1	2	BA1652	9258	8	9	0	0	0	0	0	0	0	0	0
A	EF	18	121	1	2	BA1652	9260	9	0	0	0	1	0	0	0	0	0	0
A	EF	18	121	1	2	BA1652	9264	9	0	0	0	0	0	0	0	1	0	0
A	EF	18	121	1	2	BA1652	9268	9	10	0	0	0	0	0	0	0	0	0
A	EF	18	121	1	2	BA1652	9343	10	2	0	0	0	0	0	0	0	0	0
A	EF	18	121	1	2	BA1652	9344	2	6	0	0	0	0	0	0	0	0	0
A	EF	18	121	1	2	BA1652	9492	6	8	2	0	1	0	0	0	0	0	0
A	EF	18	121	1	2	BA1652	9502	8	7	0	0	0	0	0	0	0	0	0
A	EF	18	121	1	2	BA1652	9518	7	0	0	0	0	0	0	0	1	0	0
A	EF	18	121	1	2	BA1652	9522	7	8	2	0	1	0	0	0	0	0	0
A	EF	18	121	1	2	BA1652	9532	8	7	0	0	0	0	0	0	0	0	0
A	EF	18	121	1	2	BA1652	9546	7	0	0	0	0	0	0	0	1	0	0
A	EF	18	121	1	2	BA1652	9549	7	8	2	0	1	0	0	0	0	0	0
A	EF	18	121	1	2	BA1652	9559	8	7	0	0	0	0	0	0	0	0	0
A	EF	18	121	1	2	BA1652	9598	7	0	0	0	0	0	0	0	1	0	0
A	EF	18	121	1	2	BA1652	9621	7	8	2	0	1	0	0	0	0	0	0
A	EF	18	121	1	2	BA1652	9624	8	0	0	0	0	0	0	0	1	0	0
A	EF	18	121	1	2	BA1652	9629	8	0	0	0	1	0	0	0	0	0	0
A	EF	18	121	1	2	BA1652	9631	8	7	0	0	0	0	0	0	0	0	0
A	EF	18	121	1	2	BA1652	9641	7	0	0	0	0	0	0	0	1	0	0
A	EF	18	121	1	2	BA1652	9674	7	8	2	0	1	0	0	0	0	0	0
A	EF	18	121	1	2	BA1652	9679	8	0	0	0	0	0	0	0	1	0	0
A	EF	18	121	1	2	BA1652	9684	8	7	0	0	0	0	0	0	0	0	0
A	EF	18	121	1	2	BA1652	9704	7	8	2	0	1	0	0	0	0	0	0
A	EF	18	121	1	2	BA1652	9714	8	7	0	0	0	0	0	0	0	0	0
A	EF	18	121	1	2	BA1652	9717	7	0	0	0	0	0	0	0	1	0	0
A	EF	18	121	1	2	BA1652	9724	7	8	2	0	1	0	0	0	0	0	0
A	EF	18	121	1	2	BA1652	9726	8	0	0	0	0	0	0	0	1	0	0
A	EF	18	121	1	2	BA1652	9731	8	0	0	0	1	0	0	0	0	0	0
A	EF	18	121	1	2	BA1652	9734	8	7	0	0	0	0	0	0	0	0	0
A	EF	18	121	1	2	BA1652	9741	7	0	0	0	0	0	0	0	1	0	0
A	EF	18	121	1	2	BA1652	9745	7	8	2	0	1	0	0	0	0	0	0
A	EF	18	121	1	2	BA1652	9749	8	0	0	0	0	0	0	0	1	0	0
A	EF	18	121	1	2	BA1652	9755	8	7	0	0	0	0	0	0	0	0	0
A	EF	18	121	1	2	BA1652	9794	7	8	2	0	1	0	0	0	0	0	0
A	EF	18	121	1	2	BA1652	9798	8	0	0	0	0	0	0	0	1	0	0
A	EF	18	121	1	2	BA1652	9804	8	7	0	0	0	0	0	0	0	0	0
A	EF	18	121	1	2	BA1652	9817	7	8	2	0	1	0	0	0	0	0	0
A	EF	18	121	1	2	BA1652	9819	8	0	0	0	0	0	0	0	1	0	0
A	EF	18	121	1	2	BA1652	9824	8	0	0	0	1	0	0	0	0	0	0
A	EF	18	121	1	2	BA1652	9827	8	7	0	0	0	0	0	0	0	0	0
A	EF	18	121	1	2	BA1652	9841	7	0	0	0	0	0	0	0	1	0	0
A	EF	18	121	1	2	BA1652	9871	7	8	2	0	1	0	0	0	0	0	0
A	EF	18	121	1	2	BA1652	9881	8	7	0	0	0	0	0	0	0	0	0
A	EF	18	121	1	2	BA1652	9905	7	0	0	0	0	0	0	0	1	0	0
A	EF	18	121	1	2	BA1652	9907	7	8	2	0	1	0	0	0	0	0	0
A	EF	18	121	1	2	BA1652	9917	8	7	0	0	0	0	0	0	0	0	0
A	EF	18	121	1	2	BA1652	9939	7	0	0	0	0	0	0	0	1	0	0
A	EF	18	121	1	2	BA1652	9941	7	8	2	0	1	0	0	0	0	0	0
A	EF	18	121	1	2	BA1652	9951	8	7	0	0	0	0	0	0	0	0	0
A	EF	18	121	1	2	BA1652	9968	7	0	0	0	0	0	0	0	1	0	0
A	EF	18	121	1	2	BA1652	9975	7	8	2	0	1	0	0	0	0	0	0
A	EF	18	121	1	2	BA1652	9985	8	7	0	0	0	0	0	0	0	0	0
A	EF	18	121	1	2	BA1652	9991	7	0	0	0	0	0	0	0	1	0	0
A	EF	18	121	1	2	BA1652	9992	7	8	2	0	1	0	0	0	0	0	0
A	EF	18	121	1	2	BA1652	10002	8	7	0	0	0	0	0	0	0	0	0
A	EF	18	121	1	2	BA1652	10006	7	0	0	0	0	0	0	0	1	0	0
A	EF	18	121	1	2	BA1652	10012	7	8	2	0	1	0	0	0	0	0	0
A	EF	18	121	1	2	BA1652	10016	8	0	0	0	0	0	0	0	1	0	0
A	EF	18	121	1	2	BA1652	10020	8	0	0	0	1	0	0	0	0	0	0
A	EF	18	121	1	2	BA1652	10022	8	7	0	0	0	0	0	0	0	0	0
A	EF	18	121	1	2	BA1652	10025	7	0	0	0	0	0	0	0	1	0	0
A	EF	18	121	1	2	BA1652	10033	7	8	2	0	1	0	0	0	0	0	0
A	EF	18	121	1	2	BA1652	10034	8	0	0	0	0	0	0	0	1	0	0
A	EF	18	121	1	2	BA1652	10043	8	7	0	0	0	0	0	0	0	0	0
A	EF	18	121	1	2	BA1652	10055	7	8	2	0	1	0	0	0	0	0	0
A	EF	18	121	1	2	BA1652	10059	8	0	0	0	0	0	0	0	1	0	0
A	EF	18	121	1	2	BA1652	10065	8	7	0	0	0	0	0	0	0	0	0
A	EF	18	121	1	2	BA1652	10091	7	8	2	0	1	0	0	0	0	0	0
A	EF	18	121	1	2	BA1652	10096	8	0	0	0	0	0	0	0	1	0	0
A	EF	18	121	1	2	BA1652	10101	8	7	0	0	0	0	0	0	0	0	0
A	EF	18	121	1	2	BA1652	10180	7	8	2	0	1	0	0	0	0	0	0
A	EF	18	121	1	2	BA1652	10187	8	0	0	0	0	0	0	0	1	0	0
A	EF	18	121	1	2	BA1652	10189	8	0	0	0	1	0	0	0	0	0	0
A	EF	18	121	1	2	BA1652	10190	8	9	0	0	0	0	0	0	0	0	0
A	EF	18	121	1	2	BA1652	10199	9	0	0	0	0	0	0	0	1	0	0
A	EF	18	121	1	2	BA1652	10200	9	10	0	0	0	0	0	0	0	0	0
A	EF	18	121	1	2	BA1652	10275	10	2	0	0	0	0	0	0	0	0	0
A	EF	18	121	1	2	BA1652	10276	2	6	0	0	0	0	0	0	0	0	0
A	EF	18	121	1	2	BA1652	10428	6	8	2	0	1	0	0	0	0	0	0
A	EF	18	121	1	2	BA1652	10432	8	0	0	0	0	0	0	0	1	0	0
A	EF	18	121	1	2	BA1652	10438	8	7	0	0	0	0	0	0	0	0	0
A	EF	18	121	1	2	BA1652	10509	7	8	2	0	1	0	0	0	0	0	0
A	EF	18	121	1	2	BA1652	10512	8	0	0	0	0	0	0	0	1	0	0
A	EF	18	121	1	2	BA1652	10517	8	0	0	0	1	0	0	0	0	0	0
A	EF	18	121	1	2	BA1652	10519	8	7	0	0	0	0	0	0	0	0	0
A	EF	18	121	1	2	BA1652	10524	7	0	0	0	0	0	0	0	1	0	0
A	EF	18	121	1	2	BA1652	10556	7	8	2	0	1	0	0	0	0	0	0
A	EF	18	121	1	2	BA1652	10557	8	0	0	0	0	0	0	0	1	0	0
A	EF	18	121	1	2	BA1652	10566	8	7	0	0	0	0	0	0	0	0	0
A	EF	18	121	1	2	BA1652	10640	7	8	2	0	1	0	0	0	0	0	0
A	EF	18	121	1	2	BA1652	10650	8	7	0	0	0	0	0	0	0	0	0
A	EF	18	121	1	2	BA1652	10695	7	0	0	0	0	0	0	0	1	0	0
A	EF	18	121	1	2	BA1652	10739	7	8	2	0	1	0	0	0	0	0	0
A	EF	18	121	1	2	BA1652	10744	8	0	0	0	0	0	0	0	1	0	0
A	EF	18	121	1	2	BA1652	10746	8	0	0	0	1	0	0	0	0	0	0
A	EF	18	121	1	2	BA1652	10748	8	0	0	0	0	0	0	0	1	0	0
A	EF	18	121	1	2	BA1652	10749	8	7	0	0	1	0	0	0	0	0	0
A	EF	18	121	1	2	BA1652	10751	7	0	0	0	0	0	0	0	1	0	0
A	EF	18	121	1	2	BA1652	10752	7	8	2	0	1	0	0	0	0	0	0
A	EF	18	121	1	2	BA1652	10758	8	0	0	0	0	0	0	0	1	0	0
A	EF	18	121	1	2	BA1652	10762	8	7	0	0	0	0	0	0	0	0	0
A	EF	18	121	1	2	BA1652	10772	7	8	2	0	1	0	0	0	0	0	0
A	EF	18	121	1	2	BA1652	10774	8	0	0	0	0	0	0	0	1	0	0
A	EF	18	121	1	2	BA1652	10782	8	7	0	0	0	0	0	0	0	0	0
A	EF	18	121	1	2	BA1652	10786	7	8	2	0	1	0	0	0	0	0	0
A	EF	18	121	1	2	BA1652	10795	8	0	0	0	0	0	0	0	1	0	0
A	EF	18	121	1	2	BA1652	10796	8	7	0	0	0	0	0	0	0	0	0
A	EF	18	121	1	2	BA1652	10815	7	8	2	0	1	0	0	0	0	0	0
A	EF	18	121	1	2	BA1652	10825	8	7	0	0	0	0	0	0	0	0	0
A	EF	18	121	1	2	BA1652	10840	7	0	0	0	0	0	0	0	1	0	0
A	EF	18	121	1	2	BA1652	10841	7	8	2	0	1	0	0	0	0	0	0
A	EF	18	121	1	2	BA1652	10845	8	0	0	0	0	0	0	0	1	0	0
A	EF	18	121	1	2	BA1652	10851	8	7	0	0	0	0	0	0	0	0	0
A	EF	18	121	1	2	BA1652	10922	7	8	2	0	1	0	0	0	0	0	0
A	EF	18	121	1	2	BA1652	10932	8	7	0	0	0	0	0	0	0	0	0
A	EF	18	121	1	2	BA1652	10936	7	0	0	0	0	0	0	0	1	0	0
A	EF	18	121	1	2	BA1652	10940	7	8	2	0	1	0	0	0	0	0	0
A	EF	18	121	1	2	BA1652	10950	8	7	0	0	0	0	0	0	0	0	0
A	EF	18	121	1	2	BA1652	10993	7	0	0	0	0	0	0	0	1	0	0
A	EF	18	121	1	2	BA1652	11007	7	8	2	0	1	0	0	0	0	0	0
A	EF	18	121	1	2	BA1652	11010	8	0	0	0	0	0	0	0	1	0	0
A	EF	18	121	1	2	BA1652	11012	8	0	0	0	1	0	0	0	0	0	0
A	EF	18	121	1	2	BA1652	11017	8	7	0	0	0	0	0	0	0	0	0
A	EF	18	121	1	2	BA1652	11037	7	0	0	0	0	0	0	0	1	0	0
A	EF	18	121	1	2	BA1652	11041	7	8	2	0	1	0	0	0	0	0	0
A	EF	18	121	1	2	BA1652	11051	8	7	0	0	0	0	0	0	0	0	0
A	EF	18	121	1	2	BA1652	11052	7	0	0	0	0	0	0	0	1	0	0
A	EF	18	121	1	2	BA1652	11057	7	8	2	0	1	0	0	0	0	0	0
A	EF	18	121	1	2	BA1652	11059	8	0	0	0	0	0	0	0	1	0	0
A	EF	18	121	1	2	BA1652	11067	8	7	0	0	0	0	0	0	0	0	0
A	EF	18	121	1	2	BA1652	11068	7	8	2	0	1	0	0	0	0	0	0
A	EF	18	121	1	2	BA1652	11074	8	0	0	0	0	0	0	0	1	0	0
A	EF	18	121	1	2	BA1652	11078	8	7	0	0	0	0	0	0	0	0	0
A	EF	18	121	1	2	BA1652	11127	7	8	2	0	1	0	0	0	0	0	0
A	EF	18	121	1	2	BA1652	11137	8	7	0	0	0	0	0	0	0	0	0
A	EF	18	121	1	2	BA1652	11153	7	0	0	0	0	0	0	0	1	0	0
A	EF	18	121	1	2	BA1652	11155	7	8	2	0	1	0	0	0	0	0	0
A	EF	18	121	1	2	BA1652	11165	8	7	0	0	0	0	0	0	0	0	0
A	EF	18	121	1	2	BA1652	11170	7	0	0	0	0	0	0	0	1	0	0
A	EF	18	121	1	2	BA1652	11171	7	8	2	0	1	0	0	0	0	0	0
A	EF	18	121	1	2	BA1652	11181	8	7	0	0	0	0	0	0	0	0	0
A	EF	18	121	1	2	BA1652	11226	7	0	0	0	0	0	0	0	1	0	0
A	EF	18	121	1	2	BA1652	11244	7	8	2	0	1	0	0	0	0	0	0
A	EF	18	121	1	2	BA1652	11254	8	9	0	0	0	0	0	0	0	0	0
A	EF	18	121	1	2	BA1652	11264	9	10	0	0	0	0	0	0	0	0	0
A	EF	18	121	1	2	BA1652	11265	10	0	0	0	0	0	0	0	1	0	0
A	EF	18	121	1	2	BA1652	11339	10	2	0	0	0	0	0	0	0	0	0
A	EF	18	121	1	2	BA1652	11340	2	3	0	0	0	0	0	0	0	0	0
A	EF	18	121	1	2	BA1652	11402	3	5	1	1	0	0	0	0	0	0	0
A	EF	18	121	1	2	BA1652	11409	5	0	0	0	0	0	0	1	0	0	0
A	EF	18	121	1	2	BA1652	11410	5	0	0	1	0	0	0	0	0	0	0
A	EF	18	121	1	2	BA1652	11412	5	4	0	0	0	0	0	0	0	0	0
A	EF	18	121	1	2	BA1652	11424	4	0	0	0	0	0	0	1	0	0	0
A	EF	18	121	1	2	BA1652	11425	4	5	1	1	0	0	0	0	0	0	0
A	EF	18	121	1	2	BA1652	11433	5	0	0	0	0	0	0	1	0	0	0
A	EF	18	121	1	2	BA1652	11435	5	4	0	0	0	0	0	0	0	0	0
A	EF	18	121	1	2	BA1652	11442	4	5	1	1	0	0	0	0	0	0	0
A	EF	18	121	1	2	BA1652	11444	5	0	0	0	0	0	0	1	0	0	0
A	EF	18	121	1	2	BA1652	11452	5	4	0	0	0	0	0	0	0	0	0
A	EF	18	121	1	2	BA1652	11463	4	5	1	1	0	0	0	0	0	0	0
A	EF	18	121	1	2	BA1652	11466	5	0	0	0	0	0	0	1	0	0	0
A	EF	18	121	1	2	BA1652	11473	5	4	0	1	0	0	0	0	0	0	0
A	EF	18	121	1	2	BA1652	11476	4	0	0	0	0	0	0	1	0	0	0
A	EF	18	121	1	2	BA1652	11503	4	5	1	1	0	0	0	0	0	0	0
A	EF	18	121	1	2	BA1652	11505	5	0	0	0	0	0	0	1	0	0	0
A	EF	18	121	1	2	BA1652	11506	5	0	0	1	0	0	0	0	0	0	0
A	EF	18	121	1	2	BA1652	11509	5	0	0	0	0	0	0	1	0	0	0
A	EF	18	121	1	2	BA1652	11513	5	9	0	0	0	0	0	0	0	0	0
A	EF	18	121	1	2	BA1652	11523	9	10	0	0	0	0	0	0	0	0	0
A	EF	18	121	1	2	BA1652	11598	10	2	0	0	0	0	0	0	0	0	0
A	EF	18	121	1	2	BA1652	11599	2	3	0	0	0	0	0	0	0	0	0
A	EF	18	121	1	2	BA1652	11641	3	5	1	1	0	0	0	0	0	0	0
A	EF	18	121	1	2	BA1652	11651	5	4	0	0	0	0	0	0	0	0	0
A	EF	18	121	1	2	BA1652	11657	4	5	1	1	0	0	0	1	0	0	0
A	EF	18	121	1	2	BA1652	11662	5	0	0	0	0	0	0	1	0	0	0
A	EF	18	121	1	2	BA1652	11667	5	4	0	0	0	0	0	0	0	0	0
A	EF	18	121	1	2	BA1652	11670	4	5	1	1	0	0	0	0	0	0	0
A	EF	18	121	1	2	BA1652	11672	5	0	0	0	0	0	0	1	0	0	0
A	EF	18	121	1	2	BA1652	11680	5	4	0	0	0	0	0	0	0	0	0
A	EF	18	121	1	2	BA1652	11684	4	5	1	1	0	0	0	0	0	0	0
A	EF	18	121	1	2	BA1652	11694	5	4	0	0	0	0	0	1	0	0	0
A	EF	18	121	1	2	BA1652	11729	4	5	1	1	0	0	0	0	0	0	0
A	EF	18	121	1	2	BA1652	11731	5	0	0	0	0	0	0	1	0	0	0
A	EF	18	121	1	2	BA1652	11735	5	0	0	1	0	0	0	0	0	0	0
A	EF	18	121	1	2	BA1652	11737	5	0	0	0	0	0	0	1	0	0	0
A	EF	18	121	1	2	BA1652	11739	5	9	0	0	0	0	0	0	0	0	0
A	EF	18	121	1	2	BA1652	11749	9	10	0	0	0	0	0	0	0	0	0
A	EF	18	121	1	2	BA1652	11824	10	2	0	0	0	0	0	0	0	0	0
A	EF	18	121	1	2	BA1652	11825	2	3	0	0	0	0	0	0	0	0	0
A	EF	18	121	1	2	BA1652	11895	3	5	1	1	0	0	0	0	0	0	0
A	EF	18	121	1	2	BA1652	11905	5	4	0	0	0	0	0	0	0	0	0
A	EF	18	121	1	2	BA1652	11907	4	0	0	0	0	0	0	1	0	0	0
A	EF	18	121	1	2	BA1652	11911	4	5	1	1	0	0	0	0	0	0	0
A	EF	18	121	1	2	BA1652	11915	5	0	0	0	0	0	0	1	0	0	0
A	EF	18	121	1	2	BA1652	11921	5	4	0	0	0	0	0	0	0	0	0
A	EF	18	121	1	2	BA1652	11923	4	5	1	1	0	0	0	0	0	0	0
A	EF	18	121	1	2	BA1652	11925	5	0	0	0	0	0	0	1	0	0	0
A	EF	18	121	1	2	BA1652	11928	5	0	0	1	0	0	0	0	0	0	0
A	EF	18	121	1	2	BA1652	11931	5	0	0	0	0	0	0	1	0	0	0
A	EF	18	121	1	2	BA1652	11933	5	4	0	0	0	0	0	0	0	0	0
A	EF	18	121	1	2	BA1652	11948	4	5	1	1	0	0	0	0	0	0	0
A	EF	18	121	1	2	BA1652	11953	5	0	0	0	0	0	0	1	0	0	0
A	EF	18	121	1	2	BA1652	11956	5	0	0	1	0	0	0	0	0	0	0
A	EF	18	121	1	2	BA1652	11958	5	4	0	0	0	0	0	0	0	0	0
A	EF	18	121	1	2	BA1652	11965	4	0	0	0	0	0	0	1	0	0	0
A	EF	18	121	1	2	BA1652	11971	4	5	1	1	0	0	0	0	0	0	0
A	EF	18	121	1	2	BA1652	11975	5	0	0	0	0	0	0	1	0	0	0
A	EF	18	121	1	2	BA1652	11976	5	0	0	1	0	0	0	0	0	0	0
A	EF	18	121	1	2	BA1652	11981	5	9	0	0	0	0	0	1	0	0	0
A	EF	18	121	1	2	BA1652	11991	9	10	0	0	0	0	0	0	0	0	0
A	EF	18	121	1	2	BA1652	12066	10	2	0	0	0	0	0	0	0	0	0
A	EF	18	121	1	2	BA1652	12067	2	6	0	0	0	0	0	0	0	0	0
A	EF	18	121	1	2	BA1652	12369	6	8	2	0	1	0	0	0	0	0	0
A	EF	18	121	1	2	BA1652	12379	8	7	0	0	0	0	0	0	1	0	0
A	EF	18	121	1	2	BA1652	12380	7	8	2	0	1	0	0	0	0	0	0
A	EF	18	121	1	2	BA1652	12386	8	0	0	0	0	0	0	0	1	0	0
A	EF	18	121	1	2	BA1652	12390	8	7	0	0	0	0	0	0	0	0	0
A	EF	18	121	1	2	BA1652	12464	7	8	2	0	1	0	0	0	0	0	0
A	EF	18	121	1	2	BA1652	12468	8	0	0	0	0	0	0	0	1	0	0
A	EF	18	121	1	2	BA1652	12474	8	7	0	0	0	0	0	0	0	0	0
A	EF	18	121	1	2	BA1652	12475	7	8	2	0	1	0	0	0	0	0	0
A	EF	18	121	1	2	BA1652	12478	8	0	0	0	0	0	0	0	1	0	0
A	EF	18	121	1	2	BA1652	12485	8	7	0	0	0	0	0	0	0	0	0
A	EF	18	121	1	2	BA1652	12511	7	8	2	0	1	0	0	0	0	0	0
A	EF	18	121	1	2	BA1652	12521	8	7	0	0	0	0	0	0	0	0	0
A	EF	18	121	1	2	BA1652	12535	7	0	0	0	0	0	0	0	1	0	0
A	EF	18	121	1	2	BA1652	12541	7	8	2	0	1	0	0	0	0	0	0
A	EF	18	121	1	2	BA1652	12544	8	0	0	0	0	0	0	0	1	0	0
A	EF	18	121	1	2	BA1652	12551	8	7	0	0	0	0	0	0	0	0	0
A	EF	18	121	1	2	BA1652	12572	7	8	2	0	1	0	0	0	0	0	0
A	EF	18	121	1	2	BA1652	12573	8	0	0	0	0	0	0	0	1	0	0
A	EF	18	121	1	2	BA1652	12582	8	7	0	0	0	0	0	0	0	0	0
A	EF	18	121	1	2	BA1652	12592	7	8	2	0	1	0	0	0	0	0	0
A	EF	18	121	1	2	BA1652	12602	8	7	0	0	0	0	0	0	0	0	0
A	EF	18	121	1	2	BA1652	12607	7	0	0	0	0	0	0	0	1	0	0
A	EF	18	121	1	2	BA1652	12610	7	8	2	0	1	0	0	0	0	0	0
A	EF	18	121	1	2	BA1652	12611	8	0	0	0	0	0	0	0	1	0	0
A	EF	18	121	1	2	BA1652	12620	8	7	0	0	0	0	0	0	0	0	0
A	EF	18	121	1	2	BA1652	12623	7	8	2	0	1	0	0	0	0	0	0
A	EF	18	121	1	2	BA1652	12626	8	0	0	0	0	0	0	0	1	0	0
A	EF	18	121	1	2	BA1652	12633	8	7	0	0	0	0	0	0	0	0	0
A	EF	18	121	1	2	BA1652	12653	7	8	2	0	1	0	0	0	0	0	0
A	EF	18	121	1	2	BA1652	12663	8	7	0	0	0	0	0	0	0	0	0
A	EF	18	121	1	2	BA1652	12683	7	0	0	0	0	0	0	0	1	0	0
A	EF	18	121	1	2	BA1652	12684	7	8	2	0	1	0	0	0	0	0	0
A	EF	18	121	1	2	BA1652	12694	8	7	0	0	0	0	0	0	0	0	0
A	EF	18	121	1	2	BA1652	12696	7	0	0	0	0	0	0	0	1	0	0
A	EF	18	121	1	2	BA1652	12700	7	8	2	0	1	0	0	0	0	0	0
A	EF	18	121	1	2	BA1652	12710	8	7	0	0	0	0	0	0	0	0	0
A	EF	18	121	1	2	BA1652	12716	7	0	0	0	0	0	0	0	1	0	0
A	EF	18	121	1	2	BA1652	12719	7	8	2	0	1	0	0	0	0	0	0
A	EF	18	121	1	2	BA1652	12729	8	7	0	0	0	0	0	0	0	0	0
A	EF	18	121	1	2	BA1652	12731	7	0	0	0	0	0	0	0	1	0	0
A	EF	18	121	1	2	BA1652	12735	7	8	2	0	1	0	0	0	0	0	0
A	EF	18	121	1	2	BA1652	12745	8	7	0	0	0	0	0	0	0	0	0
A	EF	18	121	1	2	BA1652	12760	7	0	0	0	0	0	0	0	1	0	0
A	EF	18	121	1	2	BA1652	12764	7	8	2	0	1	0	0	0	0	0	0
A	EF	18	121	1	2	BA1652	12774	8	7	0	0	0	0	0	0	0	0	0
A	EF	18	121	1	2	BA1652	12780	7	0	0	0	0	0	0	0	1	0	0
A	EF	18	121	1	2	BA1652	12783	7	8	2	0	1	0	0	0	0	0	0
A	EF	18	121	1	2	BA1652	12793	8	7	0	0	0	0	0	0	0	0	0
A	EF	18	121	1	2	BA1652	12798	7	0	0	0	0	0	0	0	1	0	0
A	EF	18	121	1	2	BA1652	12863	7	8	2	0	1	0	0	0	0	0	0
A	EF	18	121	1	2	BA1652	12873	8	7	0	0	0	0	0	0	0	0	0
A	EF	18	121	1	2	BA1652	12895	7	0	0	0	0	0	0	0	1	0	0
A	EF	18	121	1	2	BA1652	12898	7	8	2	0	1	0	0	0	0	0	0
A	EF	18	121	1	2	BA1652	12907	8	0	0	0	0	0	0	0	1	0	0
A	EF	18	121	1	2	BA1652	12908	8	7	0	0	1	0	0	0	0	0	0
A	EF	18	121	1	2	BA1652	12915	7	0	0	0	0	0	0	0	1	0	0
A	EF	18	121	1	2	BA1652	12917	7	8	2	0	1	0	0	0	0	0	0
A	EF	18	121	1	2	BA1652	12927	8	9	0	0	0	0	0	0	0	0	0
A	EF	18	121	1	2	BA1652	12937	9	10	0	0	0	0	0	0	0	0	0
A	EF	18	121	1	2	BA1652	12941	10	0	0	0	0	0	0	0	1	0	0
A	EF	18	121	1	2	BA1652	13012	10	2	0	0	0	0	0	0	0	0	0
A	EF	18	121	1	2	BA1652	13013	2	3	0	0	0	0	0	0	0	0	0
A	EF	18	121	1	2	BA1652	13100	3	5	1	1	0	0	0	0	0	0	0
A	EF	18	121	1	2	BA1652	13106	5	0	0	0	0	0	0	1	0	0	0
A	EF	18	121	1	2	BA1652	13109	5	0	0	1	0	0	0	0	0	0	0
A	EF	18	121	1	2	BA1652	13110	5	4	0	0	0	0	0	0	0	0	0
A	EF	18	121	1	2	BA1652	13125	4	0	0	0	0	0	0	1	0	0	0
A	EF	18	121	1	2	BA1652	13128	4	5	1	1	0	0	0	0	0	0	0
A	EF	18	121	1	2	BA1652	13134	5	0	0	0	0	0	0	1	0	0	0
A	EF	18	121	1	2	BA1652	13135	5	0	0	1	0	0	0	0	0	0	0
A	EF	18	121	1	2	BA1652	13138	5	4	0	0	0	0	0	0	0	0	0
A	EF	18	121	1	2	BA1652	13142	4	0	0	0	0	0	0	1	0	0	0
A	EF	18	121	1	2	BA1652	13148	4	5	1	1	0	0	0	0	0	0	0
A	EF	18	121	1	2	BA1652	13158	5	4	0	0	0	0	0	0	0	0	0
A	EF	18	121	1	2	BA1652	13159	4	0	0	0	0	0	0	1	0	0	0
A	EF	18	121	1	2	BA1652	13169	4	5	1	1	0	0	0	0	0	0	0
A	EF	18	121	1	2	BA1652	13177	5	0	0	0	0	0	0	1	0	0	0
A	EF	18	121	1	2	BA1652	13179	5	4	0	0	0	0	0	0	0	0	0
A	EF	18	121	1	2	BA1652	13180	4	5	1	1	0	0	0	0	0	0	0
A	EF	18	121	1	2	BA1652	13186	5	0	0	0	0	0	0	1	0	0	0
A	EF	18	121	1	2	BA1652	13190	5	9	0	0	0	0	0	0	0	0	0
A	EF	18	121	1	2	BA1652	13192	9	0	0	1	0	0	0	0	0	0	0
A	EF	18	121	1	2	BA1652	13197	9	0	0	0	0	0	0	1	0	0	0
A	EF	18	121	1	2	BA1652	13198	9	0	0	1	0	0	0	0	0	0	0
A	EF	18	121	1	2	BA1652	13200	9	10	0	0	0	0	0	0	0	0	0
A	EF	18	121	1	2	BA1652	13204	10	0	0	0	0	0	0	1	0	0	0
A	EF	18	121	1	2	BA1652	13275	10	2	0	0	0	0	0	0	0	0	0
A	EF	18	121	1	2	BA1652	13276	2	6	0	0	0	0	0	0	0	0	0
A	EF	18	121	1	2	BA1652	13448	6	8	2	0	1	0	0	0	0	0	0
A	EF	18	121	1	2	BA1652	13458	8	7	0	0	0	0	0	0	1	0	0
A	EF	18	121	1	2	BA1652	13489	7	8	2	0	1	0	0	0	0	0	0
A	EF	18	121	1	2	BA1652	13492	8	0	0	0	0	0	0	0	1	0	0
A	EF	18	121	1	2	BA1652	13499	8	7	0	0	0	0	0	0	0	0	0
A	EF	18	121	1	2	BA1652	13535	7	8	2	0	1	0	0	0	0	0	0
A	EF	18	121	1	2	BA1652	13543	8	0	0	0	0	0	0	0	1	0	0
A	EF	18	121	1	2	BA1652	13545	8	7	0	0	0	0	0	0	0	0	0
A	EF	18	121	1	2	BA1652	13572	7	8	2	0	1	0	0	0	0	0	0
A	EF	18	121	1	2	BA1652	13579	8	0	0	0	0	0	0	0	1	0	0
A	EF	18	121	1	2	BA1652	13582	8	7	0	0	0	0	0	0	0	0	0
A	EF	18	121	1	2	BA1652	13639	7	8	2	0	1	0	0	0	0	0	0
A	EF	18	121	1	2	BA1652	13645	8	0	0	0	0	0	0	0	1	0	0
A	EF	18	121	1	2	BA1652	13649	8	7	0	0	0	0	0	0	0	0	0
A	EF	18	121	1	2	BA1652	13652	7	8	2	0	1	0	0	0	0	0	0
A	EF	18	121	1	2	BA1652	13653	8	0	0	0	1	0	0	0	1	0	0
A	EF	18	121	1	2	BA1652	13658	8	0	0	0	0	0	0	0	1	0	0
A	EF	18	121	1	2	BA1652	13662	8	7	0	0	0	0	0	0	0	0	0
A	EF	18	121	1	2	BA1652	13675	7	8	2	0	1	0	0	0	0	0	0
A	EF	18	121	1	2	BA1652	13680	8	0	0	0	0	0	0	0	1	0	0
A	EF	18	121	1	2	BA1652	13685	8	7	0	0	0	0	0	0	0	0	0
A	EF	18	121	1	2	BA1652	13694	7	8	2	0	1	0	0	0	0	0	0
A	EF	18	121	1	2	BA1652	13695	8	0	0	0	0	0	0	0	1	0	0
A	EF	18	121	1	2	BA1652	13700	8	0	0	0	1	0	0	0	0	0	0
A	EF	18	121	1	2	BA1652	13704	8	7	0	0	0	0	0	0	0	0	0
A	EF	18	121	1	2	BA1652	13707	7	0	0	0	0	0	0	0	1	0	0
A	EF	18	121	1	2	BA1652	13713	7	8	2	0	1	0	0	0	0	0	0
A	EF	18	121	1	2	BA1652	13716	8	0	0	0	0	0	0	0	1	0	0
A	EF	18	121	1	2	BA1652	13720	8	0	0	0	1	0	0	0	0	0	0
A	EF	18	121	1	2	BA1652	13723	8	7	0	0	0	0	0	0	1	0	0
A	EF	18	121	1	2	BA1652	13727	7	8	2	0	1	0	0	0	0	0	0
A	EF	18	121	1	2	BA1652	13731	8	0	0	0	0	0	0	0	1	0	0
A	EF	18	121	1	2	BA1652	13732	8	0	0	0	1	0	0	0	0	0	0
A	EF	18	121	1	2	BA1652	13734	8	0	0	0	0	0	0	0	1	0	0
A	EF	18	121	1	2	BA1652	13737	8	7	0	0	0	0	0	0	0	0	0
A	EF	18	121	1	2	BA1652	13755	7	8	2	0	1	0	0	0	0	0	0
A	EF	18	121	1	2	BA1652	13765	8	7	0	0	0	0	0	0	0	0	0
A	EF	18	121	1	2	BA1652	13774	7	0	0	0	0	0	0	0	1	0	0
A	EF	18	121	1	2	BA1652	13779	7	8	2	0	1	0	0	0	0	0	0
A	EF	18	121	1	2	BA1652	13784	8	0	0	0	0	0	0	0	1	0	0
A	EF	18	121	1	2	BA1652	13789	8	7	0	0	0	0	0	0	0	0	0
A	EF	18	121	1	2	BA1652	13790	7	8	2	0	1	0	0	0	0	0	0
A	EF	18	121	1	2	BA1652	13798	8	0	0	0	0	0	0	0	1	0	0
A	EF	18	121	1	2	BA1652	13800	8	7	0	0	0	0	0	0	0	0	0
A	EF	18	121	1	2	BA1652	13822	7	8	2	0	1	0	0	0	0	0	0
A	EF	18	121	1	2	BA1652	13825	8	0	0	0	0	0	0	0	1	0	0
A	EF	18	121	1	2	BA1652	13832	8	7	0	0	0	0	0	0	0	0	0
A	EF	18	121	1	2	BA1652	13839	7	8	2	0	1	0	0	0	0	0	0
A	EF	18	121	1	2	BA1652	13849	8	7	0	0	0	0	0	0	0	0	0
A	EF	18	121	1	2	BA1652	13852	7	0	0	0	0	0	0	0	1	0	0
A	EF	18	121	1	2	BA1652	13853	7	8	2	0	1	0	0	0	0	0	0
A	EF	18	121	1	2	BA1652	13863	8	7	0	0	0	0	0	0	0	0	0
A	EF	18	121	1	2	BA1652	13874	7	0	0	0	0	0	0	0	1	0	0
A	EF	18	121	1	2	BA1652	13886	7	8	2	0	1	0	0	0	0	0	0
A	EF	18	121	1	2	BA1652	13888	8	0	0	0	0	0	0	0	1	0	0
A	EF	18	121	1	2	BA1652	13896	8	7	0	0	0	0	0	0	0	0	0
A	EF	18	121	1	2	BA1652	13965	7	8	2	0	1	0	0	0	0	0	0
A	EF	18	121	1	2	BA1652	13975	8	7	0	0	0	0	0	0	0	0	0
A	EF	18	121	1	2	BA1652	13983	7	0	0	0	0	0	0	0	1	0	0
A	EF	18	121	1	2	BA1652	13987	7	8	2	0	1	0	0	0	0	0	0
A	EF	18	121	1	2	BA1652	13992	8	0	0	0	0	0	0	0	1	0	0
A	EF	18	121	1	2	BA1652	13994	8	0	0	0	1	0	0	0	0	0	0
A	EF	18	121	1	2	BA1652	13997	8	7	0	0	0	0	0	0	0	0	0
A	EF	18	121	1	2	BA1652	14042	7	0	0	0	0	0	0	0	1	0	0
A	EF	18	121	1	2	BA1652	14057	7	8	2	0	1	0	0	0	0	0	0
A	EF	18	121	1	2	BA1652	14067	8	9	0	0	0	0	0	0	0	0	0
A	EF	18	121	1	2	BA1652	14077	9	10	0	0	0	0	0	0	0	0	0
A	EF	18	121	1	2	BA1652	14078	10	0	0	0	0	0	0	0	1	0	0
A	EF	18	121	1	2	BA1652	14152	10	2	0	0	0	0	0	0	0	0	0
A	EF	18	121	1	2	BA1652	14153	2	6	0	0	0	0	0	0	0	0	0
A	EF	18	121	1	2	BA1652	14265	6	8	2	0	1	0	0	0	0	0	0
A	EF	18	121	1	2	BA1652	14271	8	0	0	0	0	0	0	0	1	0	0
A	EF	18	121	1	2	BA1652	14275	8	7	0	0	0	0	0	0	0	0	0
A	EF	18	121	1	2	BA1652	14317	7	8	2	0	1	0	0	0	0	0	0
A	EF	18	121	1	2	BA1652	14325	8	0	0	0	0	0	0	0	1	0	0
A	EF	18	121	1	2	BA1652	14327	8	7	0	0	0	0	0	0	0	0	0
A	EF	18	121	1	2	BA1652	14342	7	8	2	0	1	0	0	0	0	0	0
A	EF	18	121	1	2	BA1652	14350	8	0	0	0	0	0	0	0	1	0	0
A	EF	18	121	1	2	BA1652	14352	8	7	0	0	0	0	0	0	0	0	0
A	EF	18	121	1	2	BA1652	14376	7	8	2	0	1	0	0	0	0	0	0
A	EF	18	121	1	2	BA1652	14386	8	7	0	0	0	0	0	0	0	0	0
A	EF	18	121	1	2	BA1652	14396	7	0	0	0	0	0	0	0	1	0	0
A	EF	18	121	1	2	BA1652	14410	7	8	2	0	1	0	0	0	0	0	0
A	EF	18	121	1	2	BA1652	14420	8	7	0	0	0	0	0	0	0	0	0
A	EF	18	121	1	2	BA1652	14423	7	0	0	0	0	0	0	0	1	0	0
A	EF	18	121	1	2	BA1652	14441	7	8	2	0	1	0	0	0	0	0	0
A	EF	18	121	1	2	BA1652	14442	8	0	0	0	0	0	0	0	1	0	0
A	EF	18	121	1	2	BA1652	14451	8	7	0	0	0	0	0	0	0	0	0
A	EF	18	121	1	2	BA1652	14463	7	8	2	0	1	0	0	0	0	0	0
A	EF	18	121	1	2	BA1652	14473	8	7	0	0	0	0	0	0	0	0	0
A	EF	18	121	1	2	BA1652	14474	7	0	0	0	0	0	0	0	1	0	0
A	EF	18	121	1	2	BA1652	14538	7	8	2	0	1	0	0	0	0	0	0
A	EF	18	121	1	2	BA1652	14548	8	7	0	0	0	0	0	0	0	0	0
A	EF	18	121	1	2	BA1652	14559	7	0	0	0	0	0	0	0	1	0	0
A	EF	18	121	1	2	BA1652	14562	7	8	2	0	1	0	0	0	0	0	0
A	EF	18	121	1	2	BA1652	14572	8	7	0	0	0	0	0	0	0	0	0
A	EF	18	121	1	2	BA1652	14587	7	0	0	0	0	0	0	0	1	0	0
A	EF	18	121	1	2	BA1652	14601	7	8	2	0	1	0	0	0	0	0	0
A	EF	18	121	1	2	BA1652	14607	8	0	0	0	0	0	0	0	1	0	0
A	EF	18	121	1	2	BA1652	14611	8	7	0	0	0	0	0	0	0	0	0
A	EF	18	121	1	2	BA1652	14621	7	8	2	0	1	0	0	0	0	0	0
A	EF	18	121	1	2	BA1652	14629	8	0	0	0	0	0	0	0	1	0	0
A	EF	18	121	1	2	BA1652	14631	8	7	0	0	0	0	0	0	0	0	0
A	EF	18	121	1	2	BA1652	14633	7	8	2	0	1	0	0	0	0	0	0
A	EF	18	121	1	2	BA1652	14643	8	7	0	0	0	0	0	0	1	0	0
A	EF	18	121	1	2	BA1652	14647	7	8	2	0	1	0	0	0	0	0	0
A	EF	18	121	1	2	BA1652	14657	8	7	0	0	0	0	0	0	0	0	0
A	EF	18	121	1	2	BA1652	14665	7	0	0	0	0	0	0	0	1	0	0
A	EF	18	121	1	2	BA1652	14674	7	8	2	0	1	0	0	0	0	0	0
A	EF	18	121	1	2	BA1652	14684	8	7	0	0	0	0	0	0	0	0	0
A	EF	18	121	1	2	BA1652	14685	7	0	0	0	0	0	0	0	1	0	0
A	EF	18	121	1	2	BA1652	14735	7	8	2	0	1	0	0	0	0	0	0
A	EF	18	121	1	2	BA1652	14744	8	0	0	0	0	0	0	0	1	0	0
A	EF	18	121	1	2	BA1652	14745	8	7	0	0	0	0	0	0	0	0	0
A	EF	18	121	1	2	BA1652	14749	7	8	2	0	1	0	0	0	0	0	0
A	EF	18	121	1	2	BA1652	14759	8	7	0	0	0	0	0	0	0	0	0
A	EF	18	121	1	2	BA1652	14760	7	0	0	0	0	0	0	0	1	0	0
A	EF	18	121	1	2	BA1652	14802	7	8	2	0	1	0	0	0	0	0	0
A	EF	18	121	1	2	BA1652	14812	8	7	0	0	0	0	0	0	0	0	0
A	EF	18	121	1	2	BA1652	14816	7	0	0	0	0	0	0	0	1	0	0
A	EF	18	121	1	2	BA1652	14817	7	8	2	0	1	0	0	0	0	0	0
A	EF	18	121	1	2	BA1652	14827	8	7	0	0	0	0	0	0	0	0	0
A	EF	18	121	1	2	BA1652	14830	7	0	0	0	0	0	0	0	1	0	0
A	EF	18	121	1	2	BA1652	14835	7	8	2	0	1	0	0	0	0	0	0
A	EF	18	121	1	2	BA1652	14840	8	0	0	0	0	0	0	0	1	0	0
A	EF	18	121	1	2	BA1652	14841	8	0	0	0	1	0	0	0	0	0	0
A	EF	18	121	1	2	BA1652	14845	8	7	0	0	0	0	0	0	0	0	0
A	EF	18	121	1	2	BA1652	14847	7	0	0	0	0	0	0	0	1	0	0
A	EF	18	121	1	2	BA1652	14878	7	8	2	0	1	0	0	0	0	0	0
A	EF	18	121	1	2	BA1652	14888	8	9	0	0	0	0	0	0	0	0	0
A	EF	18	121	1	2	BA1652	14894	9	0	0	0	0	0	0	0	1	0	0
A	EF	18	121	1	2	BA1652	14898	9	10	0	0	1	0	0	0	0	0	0
A	EF	18	121	1	2	BA1652	14902	10	0	0	0	0	0	0	0	1	0	0
A	EF	18	121	1	2	BA1652	14973	10	2	0	0	0	0	0	0	0	0	0
A	EF	18	121	1	2	BA1652	14974	2	3	0	0	0	0	0	0	0	0	0
A	EF	18	121	1	2	BA1652	15038	3	5	1	1	0	0	0	0	0	0	0
A	EF	18	121	1	2	BA1652	15048	5	4	0	0	0	0	0	0	0	0	0
A	EF	18	121	1	2	BA1652	15054	4	5	1	1	0	0	0	1	0	0	0
A	EF	18	121	1	2	BA1652	15064	5	4	0	0	0	0	0	0	0	0	0
A	EF	18	121	1	2	BA1652	15075	4	0	0	0	0	0	0	1	0	0	0
A	EF	18	121	1	2	BA1652	15114	4	5	1	1	0	0	0	0	0	0	0
A	EF	18	121	1	2	BA1652	15116	5	0	0	0	0	0	0	1	0	0	0
A	EF	18	121	1	2	BA1652	15118	5	0	0	1	0	0	0	0	0	0	0
A	EF	18	121	1	2	BA1652	15124	5	4	0	0	0	0	0	0	0	0	0
A	EF	18	121	1	2	BA1652	15128	4	0	0	0	0	0	0	1	0	0	0
A	EF	18	121	1	2	BA1652	15152	4	5	1	1	0	0	0	0	0	0	0
A	EF	18	121	1	2	BA1652	15159	5	0	0	0	0	0	0	1	0	0	0
A	EF	18	121	1	2	BA1652	15161	5	0	0	1	0	0	0	0	0	0	0
A	EF	18	121	1	2	BA1652	15162	5	4	0	0	0	0	0	0	0	0	0
A	EF	18	121	1	2	BA1652	15191	4	0	0	0	0	0	0	1	0	0	0
A	EF	18	121	1	2	BA1652	15193	4	5	1	1	0	0	0	0	0	0	0
A	EF	18	121	1	2	BA1652	15203	5	9	0	0	0	0	0	0	0	0	0
A	EF	18	121	1	2	BA1652	15209	9	0	0	0	0	0	0	1	0	0	0
A	EF	18	121	1	2	BA1652	15213	9	10	0	0	0	0	0	0	0	0	0
A	EF	18	121	1	2	BA1652	15288	10	2	0	0	0	0	0	0	0	0	0
A	EF	18	121	1	2	BA1652	15289	2	6	0	0	0	0	0	0	0	0	0
A	EF	18	121	1	2	BA1652	15531	6	8	2	0	1	0	0	0	0	0	0
A	EF	18	121	1	2	BA1652	15537	8	0	0	0	0	0	0	0	1	0	0
A	EF	18	121	1	2	BA1652	15541	8	7	0	0	0	0	0	0	0	0	0
A	EF	18	121	1	2	BA1652	15594	7	8	2	0	1	0	0	0	0	0	0
A	EF	18	121	1	2	BA1652	15597	8	0	0	0	0	0	0	0	1	0	0
A	EF	18	121	1	2	BA1652	15604	8	7	0	0	0	0	0	0	0	0	0
A	EF	18	121	1	2	BA1652	15740	7	8	2	0	1	0	0	0	0	0	0
A	EF	18	121	1	2	BA1652	15750	8	7	0	0	0	0	0	0	0	0	0
A	EF	18	121	1	2	BA1652	15756	7	0	0	0	0	0	0	0	1	0	0
A	EF	18	121	1	2	BA1652	15757	7	8	2	0	1	0	0	0	0	0	0
A	EF	18	121	1	2	BA1652	15759	8	0	0	0	0	0	0	0	1	0	0
A	EF	18	121	1	2	BA1652	15767	8	7	0	0	0	0	0	0	0	0	0
A	EF	18	121	1	2	BA1652	15792	7	8	2	0	1	0	0	0	0	0	0
A	EF	18	121	1	2	BA1652	15798	8	0	0	0	0	0	0	0	1	0	0
A	EF	18	121	1	2	BA1652	15802	8	7	0	0	0	0	0	0	0	0	0
A	EF	18	121	1	2	BA1652	15830	7	8	2	0	1	0	0	0	0	0	0
A	EF	18	121	1	2	BA1652	15833	8	0	0	0	0	0	0	0	1	0	0
A	EF	18	121	1	2	BA1652	15839	8	0	0	0	1	0	0	0	0	0	0
A	EF	18	121	1	2	BA1652	15840	8	7	0	0	0	0	0	0	0	0	0
A	EF	18	121	1	2	BA1652	15852	7	0	0	0	0	0	0	0	1	0	0
A	EF	18	121	1	2	BA1652	15856	7	8	2	0	1	0	0	0	0	0	0
A	EF	18	121	1	2	BA1652	15866	8	7	0	0	0	0	0	0	0	0	0
A	EF	18	121	1	2	BA1652	15870	7	0	0	0	0	0	0	0	1	0	0
A	EF	18	121	1	2	BA1652	15872	7	8	2	0	1	0	0	0	0	0	0
A	EF	18	121	1	2	BA1652	15874	8	0	0	0	0	0	0	0	1	0	0
A	EF	18	121	1	2	BA1652	15882	8	7	0	0	1	0	0	0	0	0	0
A	EF	18	121	1	2	BA1652	15902	7	0	0	0	0	0	0	0	1	0	0
A	EF	18	121	1	2	BA1652	15905	7	8	2	0	1	0	0	0	0	0	0
A	EF	18	121	1	2	BA1652	15915	8	7	0	0	0	0	0	0	0	0	0
A	EF	18	121	1	2	BA1652	15923	7	0	0	0	0	0	0	0	1	0	0
A	EF	18	121	1	2	BA1652	15927	7	8	2	0	1	0	0	0	0	0	0
A	EF	18	121	1	2	BA1652	15931	8	0	0	0	0	0	0	0	1	0	0
A	EF	18	121	1	2	BA1652	15935	8	0	0	0	1	0	0	0	0	0	0
A	EF	18	121	1	2	BA1652	15937	8	7	0	0	0	0	0	0	0	0	0
A	EF	18	121	1	2	BA1652	15945	7	0	0	0	0	0	0	0	1	0	0
A	EF	18	121	1	2	BA1652	15947	7	8	2	0	1	0	0	0	0	0	0
A	EF	18	121	1	2	BA1652	15949	8	0	0	0	0	0	0	0	1	0	0
A	EF	18	121	1	2	BA1652	15957	8	7	0	0	0	0	0	0	0	0	0
A	EF	18	121	1	2	BA1652	15989	7	8	2	0	1	0	0	0	0	0	0
A	EF	18	121	1	2	BA1652	15999	8	7	0	0	0	0	0	0	0	0	0
A	EF	18	121	1	2	BA1652	16005	7	0	0	0	0	0	0	0	1	0	0
A	EF	18	121	1	2	BA1652	16059	7	8	2	0	1	0	0	0	0	0	0
A	EF	18	121	1	2	BA1652	16069	8	7	0	0	0	0	0	0	0	0	0
A	EF	18	121	1	2	BA1652	16082	7	0	0	0	0	0	0	0	1	0	0
A	EF	18	121	1	2	BA1652	16085	7	8	2	0	1	0	0	0	0	0	0
A	EF	18	121	1	2	BA1652	16091	8	0	0	0	0	0	0	0	1	0	0
A	EF	18	121	1	2	BA1652	16095	8	7	0	0	1	0	0	0	0	0	0
A	EF	18	121	1	2	BA1652	16117	7	0	0	0	0	0	0	0	1	0	0
A	EF	18	121	1	2	BA1652	16129	7	8	2	0	1	0	0	0	0	0	0
A	EF	18	121	1	2	BA1652	16139	8	7	0	0	0	0	0	0	0	0	0
A	EF	18	121	1	2	BA1652	16152	7	0	0	0	0	0	0	0	1	0	0
A	EF	18	121	1	2	BA1652	16157	7	8	2	0	1	0	0	0	0	0	0
A	EF	18	121	1	2	BA1652	16161	8	0	0	0	0	0	0	0	1	0	0
A	EF	18	121	1	2	BA1652	16167	8	7	0	0	0	0	0	0	0	0	0
A	EF	18	121	1	2	BA1652	16180	7	8	2	0	1	0	0	0	0	0	0
A	EF	18	121	1	2	BA1652	16187	8	0	0	0	0	0	0	0	1	0	0
A	EF	18	121	1	2	BA1652	16190	8	7	0	0	0	0	0	0	0	0	0
A	EF	18	121	1	2	BA1652	16196	7	8	2	0	1	0	0	0	0	0	0
A	EF	18	121	1	2	BA1652	16197	8	0	0	0	0	0	0	0	1	0	0
A	EF	18	121	1	2	BA1652	16206	8	7	0	0	0	0	0	0	0	0	0
A	EF	18	121	1	2	BA1652	16214	7	8	2	0	1	0	0	0	0	0	0
A	EF	18	121	1	2	BA1652	16224	8	7	0	0	0	0	0	0	0	0	0
A	EF	18	121	1	2	BA1652	16229	7	0	0	0	0	0	0	0	1	0	0
A	EF	18	121	1	2	BA1652	16231	7	8	2	0	1	0	0	0	0	0	0
A	EF	18	121	1	2	BA1652	16241	8	9	0	0	0	0	0	0	0	0	0
A	EF	18	121	1	2	BA1652	16251	9	10	0	0	0	0	0	0	0	0	0
A	EF	18	121	1	2	BA1652	16255	10	0	0	0	0	0	0	0	1	0	0
A	EF	18	121	1	2	BA1652	16326	10	2	0	0	0	0	0	0	0	0	0
A	EF	18	121	1	2	BA1652	16327	2	6	0	0	0	0	0	0	0	0	0
A	EF	18	121	1	2	BA1652	16459	6	8	2	0	1	0	0	0	0	0	0
A	EF	18	121	1	2	BA1652	16461	8	0	0	0	0	0	0	0	1	0	0
A	EF	18	121	1	2	BA1652	16463	8	0	0	0	1	0	0	0	0	0	0
A	EF	18	121	1	2	BA1652	16469	8	7	0	0	0	0	0	0	0	0	0
A	EF	18	121	1	2	BA1652	16486	7	0	0	0	0	0	0	0	1	0	0
A	EF	18	121	1	2	BA1652	16487	7	8	2	0	1	0	0	0	0	0	0
A	EF	18	121	1	2	BA1652	16493	8	0	0	0	0	0	0	0	1	0	0
A	EF	18	121	1	2	BA1652	16497	8	7	0	0	0	0	0	0	0	0	0
A	EF	18	121	1	2	BA1652	16500	7	8	2	0	1	0	0	0	0	0	0
A	EF	18	121	1	2	BA1652	16503	8	0	0	0	0	0	0	0	1	0	0
A	EF	18	121	1	2	BA1652	16506	8	0	0	0	1	0	0	0	0	0	0
A	EF	18	121	1	2	BA1652	16510	8	7	0	0	0	0	0	0	1	0	0
A	EF	18	121	1	2	BA1652	16517	7	8	2	0	1	0	0	0	0	0	0
A	EF	18	121	1	2	BA1652	16524	8	0	0	0	0	0	0	0	1	0	0
A	EF	18	121	1	2	BA1652	16527	8	7	0	0	0	0	0	0	0	0	0
A	EF	18	121	1	2	BA1652	16545	7	8	2	0	1	0	0	0	0	0	0
A	EF	18	121	1	2	BA1652	16551	8	0	0	0	0	0	0	0	1	0	0
A	EF	18	121	1	2	BA1652	16555	8	7	0	0	0	0	0	0	0	0	0
A	EF	18	121	1	2	BA1652	16565	7	8	2	0	1	0	0	0	0	0	0
A	EF	18	121	1	2	BA1652	16572	8	0	0	0	0	0	0	0	1	0	0
A	EF	18	121	1	2	BA1652	16575	8	7	0	0	1	0	0	0	0	0	0
A	EF	18	121	1	2	BA1652	16581	7	0	0	0	0	0	0	0	1	0	0
A	EF	18	121	1	2	BA1652	16584	7	8	2	0	1	0	0	0	0	0	0
A	EF	18	121	1	2	BA1652	16587	8	0	0	0	0	0	0	0	1	0	0
A	EF	18	121	1	2	BA1652	16594	8	7	0	0	0	0	0	0	0	0	0
A	EF	18	121	1	2	BA1652	16612	7	8	2	0	1	0	0	0	0	0	0
A	EF	18	121	1	2	BA1652	16617	8	0	0	0	0	0	0	0	1	0	0
A	EF	18	121	1	2	BA1652	16618	8	0	0	0	1	0	0	0	0	0	0
A	EF	18	121	1	2	BA1652	16621	8	0	0	0	0	0	0	0	1	0	0
A	EF	18	121	1	2	BA1652	16622	8	7	0	0	0	0	0	0	0	0	0
A	EF	18	121	1	2	BA1652	16625	7	8	2	0	1	0	0	0	0	0	0
A	EF	18	121	1	2	BA1652	16635	8	7	0	0	0	0	0	0	0	0	0
A	EF	18	121	1	2	BA1652	16645	7	0	0	0	0	0	0	0	1	0	0
A	EF	18	121	1	2	BA1652	16648	7	8	2	0	1	0	0	0	0	0	0
A	EF	18	121	1	2	BA1652	16650	8	0	0	0	0	0	0	0	1	0	0
A	EF	18	121	1	2	BA1652	16658	8	7	0	0	1	0	0	0	0	0	0
A	EF	18	121	1	2	BA1652	16676	7	8	2	0	1	0	0	0	1	0	0
A	EF	18	121	1	2	BA1652	16686	8	7	0	0	0	0	0	0	1	0	0
A	EF	18	121	1	2	BA1652	16687	7	8	2	0	1	0	0	0	0	0	0
A	EF	18	121	1	2	BA1652	16697	8	7	0	0	0	0	0	0	0	0	0
A	EF	18	121	1	2	BA1652	16698	7	0	0	0	0	0	0	0	1	0	0
A	EF	18	121	1	2	BA1652	16721	7	8	2	0	1	0	0	0	0	0	0
A	EF	18	121	1	2	BA1652	16731	8	7	0	0	0	0	0	0	0	0	0
A	EF	18	121	1	2	BA1652	16747	7	0	0	0	0	0	0	0	1	0	0
A	EF	18	121	1	2	BA1652	16748	7	8	2	0	1	0	0	0	0	0	0
A	EF	18	121	1	2	BA1652	16757	8	0	0	0	0	0	0	0	1	0	0
A	EF	18	121	1	2	BA1652	16758	8	7	0	0	0	0	0	0	0	0	0
A	EF	18	121	1	2	BA1652	16762	7	8	2	0	1	0	0	0	0	0	0
A	EF	18	121	1	2	BA1652	16767	8	0	0	0	0	0	0	0	1	0	0
A	EF	18	121	1	2	BA1652	16770	8	0	0	0	1	0	0	0	0	0	0
A	EF	18	121	1	2	BA1652	16772	8	7	0	0	0	0	0	0	0	0	0
A	EF	18	121	1	2	BA1652	16789	7	0	0	0	0	0	0	0	1	0	0
A	EF	18	121	1	2	BA1652	16794	7	8	2	0	1	0	0	0	0	0	0
A	EF	18	121	1	2	BA1652	16802	8	0	0	0	0	0	0	0	1	0	0
A	EF	18	121	1	2	BA1652	16804	8	7	0	0	0	0	0	0	0	0	0
A	EF	18	121	1	2	BA1652	16806	7	8	2	0	1	0	0	0	0	0	0
A	EF	18	121	1	2	BA1652	16816	8	7	0	0	0	0	0	0	0	0	0
A	EF	18	121	1	2	BA1652	16832	7	0	0	0	0	0	0	0	1	0	0
A	EF	18	121	1	2	BA1652	16836	7	8	2	0	1	0	0	0	0	0	0
A	EF	18	121	1	2	BA1652	16846	8	7	0	0	0	0	0	0	0	0	0
A	EF	18	121	1	2	BA1652	16852	7	0	0	0	0	0	0	0	1	0	0
A	EF	18	121	1	2	BA1652	16898	7	8	2	0	1	0	0	0	0	0	0
A	EF	18	121	1	2	BA1652	16902	8	0	0	0	0	0	0	0	1	0	0
A	EF	18	121	1	2	BA1652	16906	8	0	0	0	1	0	0	0	0	0	0
A	EF	18	121	1	2	BA1652	16908	8	7	0	0	0	0	0	0	0	0	0
A	EF	18	121	1	2	BA1652	16910	7	0	0	0	0	0	0	0	1	0	0
A	EF	18	121	1	2	BA1652	16912	7	8	2	0	1	0	0	0	0	0	0
A	EF	18	121	1	2	BA1652	16922	8	9	0	0	0	0	0	0	0	0	0
A	EF	18	121	1	2	BA1652	16932	9	10	0	0	0	0	0	0	0	0	0
A	EF	18	121	1	2	BA1652	16940	10	0	0	0	0	0	0	0	1	0	0
A	EF	18	121	1	2	BA1652	17007	10	2	0	0	0	0	0	0	0	0	0
A	EF	18	121	1	2	BA1652	17008	2	3	0	0	0	0	0	0	0	0	0
A	EF	18	121	1	2	BA1652	17048	3	5	1	1	0	0	0	0	0	0	0
A	EF	18	121	1	2	BA1652	17058	5	4	0	0	0	0	0	0	0	0	0
A	EF	18	121	1	2	BA1652	17065	4	5	1	1	0	0	0	1	0	0	0
A	EF	18	121	1	2	BA1652	17075	5	4	0	0	0	0	0	0	0	0	0
A	EF	18	121	1	2	BA1652	17077	4	0	0	0	0	0	0	1	0	0	0
A	EF	18	121	1	2	BA1652	17097	4	5	1	1	0	0	0	0	0	0	0
A	EF	18	121	1	2	BA1652	17099	5	0	0	0	0	0	0	1	0	0	0
A	EF	18	121	1	2	BA1652	17107	5	4	0	1	0	0	0	0	0	0	0
A	EF	18	121	1	2	BA1652	17113	4	0	0	0	0	0	0	1	0	0	0
A	EF	18	121	1	2	BA1652	17129	4	5	1	1	0	0	0	0	0	0	0
A	EF	18	121	1	2	BA1652	17135	5	0	0	0	0	0	0	1	0	0	0
A	EF	18	121	1	2	BA1652	17136	5	0	0	1	0	0	0	0	0	0	0
A	EF	18	121	1	2	BA1652	17139	5	4	0	0	0	0	0	0	0	0	0
A	EF	18	121	1	2	BA1652	17141	4	0	0	0	0	0	0	1	0	0	0
A	EF	18	121	1	2	BA1652	17142	4	5	1	1	0	0	0	0	0	0	0
A	EF	18	121	1	2	BA1652	17151	5	0	0	0	0	0	0	1	0	0	0
A	EF	18	121	1	2	BA1652	17152	5	9	0	0	0	0	0	0	0	0	0
A	EF	18	121	1	2	BA1652	17162	9	10	0	0	0	0	0	0	0	0	0
A	EF	18	121	1	2	BA1652	17237	10	2	0	0	0	0	0	0	0	0	0
A	EF	18	121	1	2	BA1652	17238	2	3	0	0	0	0	0	0	0	0	0
A	EF	18	121	1	2	BA1652	17311	3	5	1	1	0	0	0	0	0	0	0
A	EF	18	121	1	2	BA1652	17321	5	4	0	0	0	0	0	0	0	0	0
A	EF	18	121	1	2	BA1652	17326	4	0	0	0	0	0	0	1	0	0	0
A	EF	18	121	1	2	BA1652	17329	4	5	1	1	0	0	0	0	0	0	0
A	EF	18	121	1	2	BA1652	17338	5	0	0	0	0	0	0	1	0	0	0
A	EF	18	121	1	2	BA1652	17339	5	4	0	0	0	0	0	0	0	0	0
A	EF	18	121	1	2	BA1652	17342	4	5	1	1	0	0	0	0	0	0	0
A	EF	18	121	1	2	BA1652	17346	5	0	0	0	0	0	0	1	0	0	0
A	EF	18	121	1	2	BA1652	17352	5	4	0	0	0	0	0	0	0	0	0
A	EF	18	121	1	2	BA1652	17400	4	5	1	1	0	0	0	0	0	0	0
A	EF	18	121	1	2	BA1652	17404	5	0	0	0	0	0	0	1	0	0	0
A	EF	18	121	1	2	BA1652	17410	5	4	0	0	0	0	0	0	0	0	0
A	EF	18	121	1	2	BA1652	17439	4	5	1	1	0	0	0	0	0	0	0
A	EF	18	121	1	2	BA1652	17442	5	0	0	0	0	0	0	1	0	0	0
A	EF	18	121	1	2	BA1652	17447	5	0	0	1	0	0	0	0	0	0	0
A	EF	18	121	1	2	BA1652	17449	5	9	0	0	0	0	0	0	0	0	0
A	EF	18	121	1	2	BA1652	17459	9	10	0	0	0	0	0	0	0	0	0
A	EF	18	121	1	2	BA1652	17472	10	0	0	0	0	0	0	1	0	0	0
A	EF	18	121	1	2	BA1652	17534	10	2	0	0	0	0	0	0	0	0	0
A	EF	18	121	1	2	BA1652	17535	2	6	0	0	0	0	0	0	0	0	0
A	EF	18	121	1	2	BA1652	17802	6	0	0	1	0	0	0	0	0	0	0
A	EF	18	121	1	2	BA1652	17830	6	0	0	0	0	0	0	1	0	0	0
A	EF	18	121	1	2	BA1652	17832	6	0	0	1	0	0	0	0	0	0	0
A	EF	18	121	1	2	BA1652	17877	6	0	0	0	0	0	0	1	0	0	0
A	EF	18	121	1	2	BA1652	18021	6	8	2	0	1	0	0	0	0	0	0
A	EF	18	121	1	2	BA1652	18031	8	7	0	0	0	0	0	0	0	0	0
A	EF	18	121	1	2	BA1652	18086	7	0	0	0	0	0	0	0	1	0	0
A	EF	18	121	1	2	BA1652	18101	7	8	2	0	1	0	0	0	0	0	0
A	EF	18	121	1	2	BA1652	18111	8	7	0	0	0	0	0	0	0	0	0
A	EF	18	121	1	2	BA1652	18136	7	0	0	0	0	0	0	0	1	0	0
A	EF	18	121	1	2	BA1652	18216	7	8	2	0	1	0	0	0	0	0	0
A	EF	18	121	1	2	BA1652	18226	8	7	0	0	0	0	0	0	0	0	0
A	EF	18	121	1	2	BA1652	18236	7	0	0	0	0	0	0	0	1	0	0
A	EF	18	121	1	2	BA1652	18239	7	8	2	0	1	0	0	0	0	0	0
A	EF	18	121	1	2	BA1652	18249	8	7	0	0	0	0	0	0	1	0	0
A	EF	18	121	1	2	BA1652	18255	7	8	2	0	1	0	0	0	0	0	0
A	EF	18	121	1	2	BA1652	18265	8	7	0	0	0	0	0	0	0	0	0
A	EF	18	121	1	2	BA1652	18267	7	0	0	0	0	0	0	0	1	0	0
A	EF	18	121	1	2	BA1652	18293	7	8	2	0	1	0	0	0	0	0	0
A	EF	18	121	1	2	BA1652	18303	8	7	0	0	0	0	0	0	0	0	0
A	EF	18	121	1	2	BA1652	18327	7	0	0	0	0	0	0	0	1	0	0
A	EF	18	121	1	2	BA1652	18347	7	8	2	0	1	0	0	0	0	0	0
A	EF	18	121	1	2	BA1652	18350	8	0	0	0	0	0	0	0	1	0	0
A	EF	18	121	1	2	BA1652	18357	8	7	0	0	0	0	0	0	0	0	0
A	EF	18	121	1	2	BA1652	18423	7	8	2	0	1	0	0	0	0	0	0
A	EF	18	121	1	2	BA1652	18433	8	7	0	0	0	0	0	0	0	0	0
A	EF	18	121	1	2	BA1652	18434	7	0	0	0	0	0	0	0	1	0	0
A	EF	18	121	1	2	BA1652	18439	7	8	2	0	1	0	0	0	0	0	0
A	EF	18	121	1	2	BA1652	18449	8	7	0	0	0	0	0	0	0	0	0
A	EF	18	121	1	2	BA1652	18451	7	0	0	0	0	0	0	0	1	0	0
A	EF	18	121	1	2	BA1652	18452	7	8	2	0	1	0	0	0	0	0	0
A	EF	18	121	1	2	BA1652	18453	8	0	0	0	0	0	0	0	1	0	0
A	EF	18	121	1	2	BA1652	18458	8	0	0	0	1	0	0	0	0	0	0
A	EF	18	121	1	2	BA1652	18460	8	0	0	0	0	0	0	0	1	0	0
A	EF	18	121	1	2	BA1652	18462	8	7	0	0	0	0	0	0	0	0	0
A	EF	18	121	1	2	BA1652	18476	7	8	2	0	1	0	0	0	0	0	0
A	EF	18	121	1	2	BA1652	18479	8	0	0	0	0	0	0	0	1	0	0
A	EF	18	121	1	2	BA1652	18486	8	7	0	0	0	0	0	0	0	0	0
A	EF	18	121	1	2	BA1652	18496	7	8	2	0	1	0	0	0	0	0	0
A	EF	18	121	1	2	BA1652	18497	8	0	0	0	0	0	0	0	1	0	0
A	EF	18	121	1	2	BA1652	18506	8	7	0	0	0	0	0	0	0	0	0
A	EF	18	121	1	2	BA1652	18517	7	8	2	0	1	0	0	0	0	0	0
A	EF	18	121	1	2	BA1652	18527	8	7	0	0	0	0	0	0	0	0	0
A	EF	18	121	1	2	BA1652	18541	7	0	0	0	0	0	0	0	1	0	0
A	EF	18	121	1	2	BA1652	18594	7	8	2	0	1	0	0	0	0	0	0
A	EF	18	121	1	2	BA1652	18604	8	7	0	0	0	0	0	0	1	0	0
A	EF	18	121	1	2	BA1652	18609	7	8	2	0	1	0	0	0	0	0	0
A	EF	18	121	1	2	BA1652	18612	8	0	0	0	0	0	0	0	1	0	0
A	EF	18	121	1	2	BA1652	18613	8	0	0	0	1	0	0	0	0	0	0
A	EF	18	121	1	2	BA1652	18618	8	0	0	0	0	0	0	0	1	0	0
A	EF	18	121	1	2	BA1652	18619	8	7	0	0	0	0	0	0	0	0	0
A	EF	18	121	1	2	BA1652	18622	7	8	2	0	1	0	0	0	0	0	0
A	EF	18	121	1	2	BA1652	18625	8	0	0	0	0	0	0	0	1	0	0
A	EF	18	121	1	2	BA1652	18632	8	7	0	0	0	0	0	0	0	0	0
A	EF	18	121	1	2	BA1652	18646	7	8	2	0	1	0	0	0	0	0	0
A	EF	18	121	1	2	BA1652	18656	8	7	0	0	0	0	0	0	0	0	0
A	EF	18	121	1	2	BA1652	18663	7	0	0	0	0	0	0	0	1	0	0
A	EF	18	121	1	2	BA1652	18669	7	8	2	0	1	0	0	0	0	0	0
A	EF	18	121	1	2	BA1652	18675	8	0	0	0	0	0	0	0	1	0	0
A	EF	18	121	1	2	BA1652	18676	8	0	0	0	1	0	0	0	0	0	0
A	EF	18	121	1	2	BA1652	18679	8	7	0	0	0	0	0	0	0	0	0
A	EF	18	121	1	2	BA1652	18710	7	0	0	0	0	0	0	0	1	0	0
A	EF	18	121	1	2	BA1652	18723	7	8	2	0	1	0	0	0	0	0	0
A	EF	18	121	1	2	BA1652	18726	8	0	0	0	0	0	0	0	1	0	0
A	EF	18	121	1	2	BA1652	18728	8	0	0	0	1	0	0	0	0	0	0
A	EF	18	121	1	2	BA1652	18729	8	0	0	0	0	0	0	0	1	0	0
A	EF	18	121	1	2	BA1652	18733	8	7	0	0	0	0	0	0	0	0	0
A	EF	18	121	1	2	BA1652	18766	7	8	2	0	1	0	0	0	0	0	0
A	EF	18	121	1	2	BA1652	18776	8	9	0	0	0	0	0	0	0	0	0
A	EF	18	121	1	2	BA1652	18784	9	0	0	0	0	0	0	0	1	0	0
A	EF	18	121	1	2	BA1652	18786	9	10	0	0	0	0	0	0	0	0	0
A	EF	18	121	1	2	BA1652	18861	10	2	0	0	0	0	0	0	0	0	0
A	EF	18	121	1	2	BA1652	18862	2	3	0	0	0	0	0	0	0	0	0
A	EF	18	121	1	2	BA1652	18916	3	5	1	1	0	0	0	0	0	0	0
A	EF	18	121	1	2	BA1652	18926	5	4	0	0	0	0	0	0	0	0	0
A	EF	18	121	1	2	BA1652	18944	4	0	0	0	0	0	0	1	0	0	0
A	EF	18	121	1	2	BA1652	18947	4	5	1	1	0	0	0	0	0	0	0
A	EF	18	121	1	2	BA1652	18950	5	0	0	0	0	0	0	1	0	0	0
A	EF	18	121	1	2	BA1652	18957	5	4	0	0	0	0	0	0	0	0	0
A	EF	18	121	1	2	BA1652	18967	4	5	1	1	0	0	0	0	0	0	0
A	EF	18	121	1	2	BA1652	18972	5	0	0	0	0	0	0	1	0	0	0
A	EF	18	121	1	2	BA1652	18976	5	0	0	1	0	0	0	0	0	0	0
A	EF	18	121	1	2	BA1652	18977	5	4	0	0	0	0	0	0	0	0	0
A	EF	18	121	1	2	BA1652	18980	4	0	0	0	0	0	0	1	0	0	0
A	EF	18	121	1	2	BA1652	18983	4	5	1	1	0	0	0	0	0	0	0
A	EF	18	121	1	2	BA1652	18987	5	0	0	0	0	0	0	1	0	0	0
A	EF	18	121	1	2	BA1652	18993	5	4	0	0	0	0	0	0	0	0	0
A	EF	18	121	1	2	BA1652	18994	4	5	1	1	0	0	0	0	0	0	0
A	EF	18	121	1	2	BA1652	18998	5	0	0	0	0	0	0	1	0	0	0
A	EF	18	121	1	2	BA1652	19002	5	0	0	1	0	0	0	0	0	0	0
A	EF	18	121	1	2	BA1652	19004	5	9	0	0	0	0	0	0	0	0	0
A	EF	18	121	1	2	BA1652	19014	9	10	0	0	0	0	0	0	0	0	0
A	EF	18	121	1	2	BA1652	19019	10	0	0	0	0	0	0	1	0	0	0
A	EF	18	121	1	2	BA1652	19089	10	2	0	0	0	0	0	0	0	0	0
A	EF	18	121	1	2	BA1652	19090	2	6	0	0	0	0	0	0	0	0	0
A	EF	18	121	1	2	BA1652	19328	6	8	2	0	1	0	0	0	0	0	0
A	EF	18	121	1	2	BA1652	19335	8	0	0	0	0	0	0	0	1	0	0
A	EF	18	121	1	2	BA1652	19338	8	7	0	0	0	0	0	0	0	0	0
A	EF	18	121	1	2	BA1652	19475	7	8	2	0	1	0	0	0	0	0	0
A	EF	18	121	1	2	BA1652	19485	8	7	0	0	0	0	0	0	0	0	0
A	EF	18	121	1	2	BA1652	19493	7	0	0	0	0	0	0	0	1	0	0
A	EF	18	121	1	2	BA1652	19579	7	8	2	0	1	0	0	0	0	0	0
A	EF	18	121	1	2	BA1652	19589	8	7	0	0	0	0	0	0	0	0	0
A	EF	18	121	1	2	BA1652	19614	7	0	0	0	0	0	0	0	1	0	0
A	EF	18	121	1	2	BA1652	19621	7	8	2	0	1	0	0	0	0	0	0
A	EF	18	121	1	2	BA1652	19631	8	7	0	0	0	0	0	0	0	0	0
A	EF	18	121	1	2	BA1652	19633	7	0	0	0	0	0	0	0	1	0	0
A	EF	18	121	1	2	BA1652	19637	7	8	2	0	1	0	0	0	0	0	0
A	EF	18	121	1	2	BA1652	19645	8	0	0	0	0	0	0	0	1	0	0
A	EF	18	121	1	2	BA1652	19647	8	7	0	0	0	0	0	0	0	0	0
A	EF	18	121	1	2	BA1652	19666	7	8	2	0	1	0	0	0	0	0	0
A	EF	18	121	1	2	BA1652	19676	8	7	0	0	0	0	0	0	0	0	0
A	EF	18	121	1	2	BA1652	19685	7	0	0	0	0	0	0	0	1	0	0
A	EF	18	121	1	2	BA1652	19686	7	8	2	0	1	0	0	0	0	0	0
A	EF	18	121	1	2	BA1652	19689	8	0	0	0	0	0	0	0	1	0	0
A	EF	18	121	1	2	BA1652	19696	8	7	0	0	0	0	0	0	0	0	0
A	EF	18	121	1	2	BA1652	19708	7	8	2	0	1	0	0	0	0	0	0
A	EF	18	121	1	2	BA1652	19714	8	0	0	0	0	0	0	0	1	0	0
A	EF	18	121	1	2	BA1652	19718	8	7	0	0	0	0	0	0	0	0	0
A	EF	18	121	1	2	BA1652	19733	7	8	2	0	1	0	0	0	0	0	0
A	EF	18	121	1	2	BA1652	19736	8	0	0	0	0	0	0	0	1	0	0
A	EF	18	121	1	2	BA1652	19743	8	7	0	0	0	0	0	0	0	0	0
A	EF	18	121	1	2	BA1652	19783	7	8	2	0	1	0	0	0	0	0	0
A	EF	18	121	1	2	BA1652	19790	8	0	0	0	0	0	0	0	1	0	0
A	EF	18	121	1	2	BA1652	19793	8	7	0	0	0	0	0	0	0	0	0
A	EF	18	121	1	2	BA1652	19913	7	8	2	0	1	0	0	0	0	0	0
A	EF	18	121	1	2	BA1652	19917	8	0	0	0	0	0	0	0	1	0	0
A	EF	18	121	1	2	BA1652	19919	8	0	0	0	1	0	0	0	0	0	0
A	EF	18	121	1	2	BA1652	19923	8	7	0	0	0	0	0	0	0	0	0
A	EF	18	121	1	2	BA1652	19924	7	0	0	0	0	0	0	0	1	0	0
A	EF	18	121	1	2	BA1652	19926	7	8	2	0	1	0	0	0	0	0	0
A	EF	18	121	1	2	BA1652	19936	8	7	0	0	0	0	0	0	0	0	0
A	EF	18	121	1	2	BA1652	19939	7	0	0	0	0	0	0	0	1	0	0
A	EF	18	121	1	2	BA1652	19943	7	8	2	0	1	0	0	0	0	0	0
A	EF	18	121	1	2	BA1652	19953	8	7	0	0	0	0	0	0	0	0	0
A	EF	18	121	1	2	BA1652	20000	7	0	0	0	0	0	0	0	1	0	0
A	EF	18	121	1	2	BA1652	20004	7	8	2	0	1	0	0	0	0	0	0
A	EF	18	121	1	2	BA1652	20006	8	0	0	0	0	0	0	0	1	0	0
A	EF	18	121	1	2	BA1652	20014	8	7	0	0	0	0	0	0	0	0	0
A	EF	18	121	1	2	BA1652	20048	7	8	2	0	1	0	0	0	0	0	0
A	EF	18	121	1	2	BA1652	20052	8	0	0	0	0	0	0	0	1	0	0
A	EF	18	121	1	2	BA1652	20054	8	0	0	0	1	0	0	0	0	0	0
A	EF	18	121	1	2	BA1652	20058	8	7	0	0	0	0	0	0	0	0	0
A	EF	18	121	1	2	BA1652	20059	7	0	0	0	0	0	0	0	1	0	0
A	EF	18	121	1	2	BA1652	20062	7	8	2	0	1	0	0	0	0	0	0
A	EF	18	121	1	2	BA1652	20072	8	7	0	0	0	0	0	0	0	0	0
A	EF	18	121	1	2	BA1652	20073	7	0	0	0	0	0	0	0	1	0	0
A	EF	18	121	1	2	BA1652	20076	7	8	2	0	1	0	0	0	0	0	0
A	EF	18	121	1	2	BA1652	20084	8	0	0	0	0	0	0	0	1	0	0
A	EF	18	121	1	2	BA1652	20085	8	0	0	0	1	0	0	0	0	0	0
A	EF	18	121	1	2	BA1652	20086	8	7	0	0	0	0	0	0	0	0	0
A	EF	18	121	1	2	BA1652	20122	7	0	0	0	0	0	0	0	1	0	0
A	EF	18	121	1	2	BA1652	20124	7	8	2	0	1	0	0	0	0	0	0
A	EF	18	121	1	2	BA1652	20126	8	0	0	0	0	0	0	0	1	0	0
A	EF	18	121	1	2	BA1652	20128	8	0	0	0	1	0	0	0	0	0	0
A	EF	18	121	1	2	BA1652	20130	8	0	0	0	0	0	0	0	1	0	0
A	EF	18	121	1	2	BA1652	20133	8	0	0	0	1	0	0	0	0	0	0
A	EF	18	121	1	2	BA1652	20134	8	7	0	0	0	0	0	0	0	0	0
A	EF	18	121	1	2	BA1652	20158	7	0	0	0	0	0	0	0	1	0	0
A	EF	18	121	1	2	BA1652	20261	7	8	2	0	1	0	0	0	0	0	0
A	EF	18	121	1	2	BA1652	20271	8	7	0	0	0	0	0	0	0	0	0
A	EF	18	121	1	2	BA1652	20279	7	0	0	0	0	0	0	0	1	0	0
A	EF	18	121	1	2	BA1652	20283	7	8	2	0	1	0	0	0	0	0	0
A	EF	18	121	1	2	BA1652	20290	8	0	0	0	0	0	0	0	1	0	0
A	EF	18	121	1	2	BA1652	20292	8	0	0	0	1	0	0	0	0	0	0
A	EF	18	121	1	2	BA1652	20293	8	9	0	0	0	0	0	0	0	0	0
A	EF	18	121	1	2	BA1652	20303	9	10	0	0	0	0	0	0	0	0	0
A	EF	18	121	1	2	BA1652	20312	10	0	0	0	0	0	0	0	1	0	0
A	EF	18	121	1	2	BA1652	20378	10	2	0	0	0	0	0	0	0	0	0
A	EF	18	121	1	2	BA1652	20379	2	3	0	0	0	0	0	0	0	0	0
A	EF	18	121	1	2	BA1652	20429	3	5	1	1	0	0	0	0	0	0	0
A	EF	18	121	1	2	BA1652	20439	5	4	0	0	0	0	0	0	0	0	0
A	EF	18	121	1	2	BA1652	20441	4	0	0	0	0	0	0	1	0	0	0
A	EF	18	121	1	2	BA1652	20444	4	5	1	1	0	0	0	0	0	0	0
A	EF	18	121	1	2	BA1652	20454	5	4	0	0	0	0	0	0	0	0	0
A	EF	18	121	1	2	BA1652	20464	4	0	0	0	0	0	0	1	0	0	0
A	EF	18	121	1	2	BA1652	20468	4	5	1	1	0	0	0	0	0	0	0
A	EF	18	121	1	2	BA1652	20472	5	0	0	0	0	0	0	1	0	0	0
A	EF	18	121	1	2	BA1652	20477	5	0	0	1	0	0	0	0	0	0	0
A	EF	18	121	1	2	BA1652	20478	5	4	0	0	0	0	0	0	0	0	0
A	EF	18	121	1	2	BA1652	20493	4	0	0	0	0	0	0	1	0	0	0
A	EF	18	121	1	2	BA1652	20504	4	5	1	1	0	0	0	0	0	0	0
A	EF	18	121	1	2	BA1652	20506	5	0	0	0	0	0	0	1	0	0	0
A	EF	18	121	1	2	BA1652	20510	5	0	0	1	0	0	0	0	0	0	0
A	EF	18	121	1	2	BA1652	20514	5	4	0	0	0	0	0	0	0	0	0
A	EF	18	121	1	2	BA1652	20528	4	0	0	0	0	0	0	1	0	0	0
A	EF	18	121	1	2	BA1652	20533	4	5	1	1	0	0	0	0	0	0	0
A	EF	18	121	1	2	BA1652	20538	5	0	0	0	0	0	0	1	0	0	0
A	EF	18	121	1	2	BA1652	20542	5	0	0	1	0	0	0	0	0	0	0
A	EF	18	121	1	2	BA1652	20543	5	9	0	0	0	0	0	0	0	0	0
A	EF	18	121	1	2	BA1652	20548	9	0	0	0	0	0	0	1	0	0	0
A	EF	18	121	1	2	BA1652	20551	9	0	0	1	0	0	0	0	0	0	0
A	EF	18	121	1	2	BA1652	20553	9	10	0	0	0	0	0	0	0	0	0
A	EF	18	121	1	2	BA1652	20559	10	0	0	0	0	0	0	1	0	0	0
A	EF	18	121	1	2	BA1652	20628	10	2	0	0	0	0	0	0	0	0	0
A	EF	18	121	1	2	BA1652	20629	2	6	0	0	0	0	0	0	0	0	0
A	EF	18	121	1	2	BA1652	20953	6	8	2	0	1	0	0	0	0	0	0
A	EF	18	121	1	2	BA1652	20963	8	7	0	0	0	0	0	0	0	0	0
A	EF	18	121	1	2	BA1652	20968	7	0	0	0	0	0	0	0	1	0	0
A	EF	18	121	1	2	BA1652	20977	7	8	2	0	1	0	0	0	0	0	0
A	EF	18	121	1	2	BA1652	20987	8	7	0	0	0	0	0	0	0	0	0
A	EF	18	121	1	2	BA1652	21069	7	0	0	0	0	0	0	0	1	0	0
A	EF	18	121	1	2	BA1652	21102	7	8	2	0	1	0	0	0	0	0	0
A	EF	18	121	1	2	BA1652	21106	8	0	0	0	0	0	0	0	1	0	0
A	EF	18	121	1	2	BA1652	21108	8	0	0	0	1	0	0	0	0	0	0
A	EF	18	121	1	2	BA1652	21112	8	7	0	0	0	0	0	0	0	0	0
A	EF	18	121	1	2	BA1652	21159	7	0	0	0	0	0	0	0	1	0	0
A	EF	18	121	1	2	BA1652	21165	7	8	2	0	1	0	0	0	0	0	0
A	EF	18	121	1	2	BA1652	21175	8	7	0	0	0	0	0	0	0	0	0
A	EF	18	121	1	2	BA1652	21188	7	0	0	0	0	0	0	0	1	0	0
A	EF	18	121	1	2	BA1652	21190	7	8	2	0	1	0	0	0	0	0	0
A	EF	18	121	1	2	BA1652	21194	8	0	0	0	0	0	0	0	1	0	0
A	EF	18	121	1	2	BA1652	21198	8	0	0	0	1	0	0	0	0	0	0
A	EF	18	121	1	2	BA1652	21200	8	7	0	0	0	0	0	0	0	0	0
A	EF	18	121	1	2	BA1652	21215	7	0	0	0	0	0	0	0	1	0	0
A	EF	18	121	1	2	BA1652	21302	7	8	2	0	1	0	0	0	0	0	0
A	EF	18	121	1	2	BA1652	21309	8	0	0	0	0	0	0	0	1	0	0
A	EF	18	121	1	2	BA1652	21312	8	7	0	0	0	0	0	0	0	0	0
A	EF	18	121	1	2	BA1652	21314	7	8	2	0	1	0	0	0	0	0	0
A	EF	18	121	1	2	BA1652	21324	8	7	0	0	0	0	0	0	0	0	0
A	EF	18	121	1	2	BA1652	21326	7	0	0	0	0	0	0	0	1	0	0
A	EF	18	121	1	2	BA1652	21378	7	8	2	0	1	0	0	0	0	0	0
A	EF	18	121	1	2	BA1652	21385	8	0	0	0	0	0	0	0	1	0	0
A	EF	18	121	1	2	BA1652	21388	8	7	0	0	0	0	0	0	0	0	0
A	EF	18	121	1	2	BA1652	21405	7	8	2	0	1	0	0	0	0	0	0
A	EF	18	121	1	2	BA1652	21415	8	7	0	0	0	0	0	0	0	0	0
A	EF	18	121	1	2	BA1652	21454	7	0	0	0	0	0	0	0	1	0	0
A	EF	18	121	1	2	BA1652	21460	7	8	2	0	1	0	0	0	0	0	0
A	EF	18	121	1	2	BA1652	21463	8	0	0	0	0	0	0	0	1	0	0
A	EF	18	121	1	2	BA1652	21467	8	0	0	0	1	0	0	0	0	0	0
A	EF	18	121	1	2	BA1652	21470	8	7	0	0	0	0	0	0	0	0	0
A	EF	18	121	1	2	BA1652	21476	7	0	0	0	0	0	0	0	1	0	0
A	EF	18	121	1	2	BA1652	21479	7	8	2	0	1	0	0	0	0	0	0
A	EF	18	121	1	2	BA1652	21489	8	7	0	0	0	0	0	0	0	0	0
A	EF	18	121	1	2	BA1652	21492	7	0	0	0	0	0	0	0	1	0	0
A	EF	18	121	1	2	BA1652	21493	7	8	2	0	1	0	0	0	0	0	0
A	EF	18	121	1	2	BA1652	21503	8	7	0	0	0	0	0	0	1	0	0
A	EF	18	121	1	2	BA1652	21507	7	8	2	0	1	0	0	0	0	0	0
A	EF	18	121	1	2	BA1652	21512	8	0	0	0	0	0	0	0	1	0	0
A	EF	18	121	1	2	BA1652	21516	8	0	0	0	1	0	0	0	0	0	0
A	EF	18	121	1	2	BA1652	21517	8	7	0	0	0	0	0	0	0	0	0
A	EF	18	121	1	2	BA1652	21523	7	0	0	0	0	0	0	0	1	0	0
A	EF	18	121	1	2	BA1652	21527	7	8	2	0	1	0	0	0	0	0	0
A	EF	18	121	1	2	BA1652	21537	8	7	0	0	0	0	0	0	0	0	0
A	EF	18	121	1	2	BA1652	21552	7	0	0	0	0	0	0	0	1	0	0
A	EF	18	121	1	2	BA1652	21555	7	8	2	0	1	0	0	0	0	0	0
A	EF	18	121	1	2	BA1652	21565	8	7	0	0	0	0	0	0	0	0	0
A	EF	18	121	1	2	BA1652	21585	7	0	0	0	0	0	0	0	1	0	0
A	EF	18	121	1	2	BA1652	21646	7	8	2	0	1	0	0	0	0	0	0
A	EF	18	121	1	2	BA1652	21654	8	0	0	0	0	0	0	0	1	0	0
A	EF	18	121	1	2	BA1652	21656	8	7	0	0	0	0	0	0	0	0	0
A	EF	18	121	1	2	BA1652	21661	7	8	2	0	1	0	0	0	0	0	0
A	EF	18	121	1	2	BA1652	21666	8	0	0	0	0	0	0	0	1	0	0
A	EF	18	121	1	2	BA1652	21671	8	7	0	0	0	0	0	0	0	0	0
A	EF	18	121	1	2	BA1652	21686	7	8	2	0	1	0	0	0	0	0	0
A	EF	18	121	1	2	BA1652	21696	8	7	0	0	0	0	0	0	0	0	0
A	EF	18	121	1	2	BA1652	21699	7	0	0	0	0	0	0	0	1	0	0
A	EF	18	121	1	2	BA1652	21753	7	8	2	0	1	0	0	0	0	0	0
A	EF	18	121	1	2	BA1652	21761	8	0	0	0	0	0	0	0	1	0	0
A	EF	18	121	1	2	BA1652	21763	8	7	0	0	0	0	0	0	0	0	0
A	EF	18	121	1	2	BA1652	21765	7	8	2	0	1	0	0	0	0	0	0
A	EF	18	121	1	2	BA1652	21773	8	0	0	0	0	0	0	0	1	0	0
A	EF	18	121	1	2	BA1652	21774	8	0	0	0	1	0	0	0	0	0	0
A	EF	18	121	1	2	BA1652	21775	8	9	0	0	0	0	0	0	0	0	0
A	EF	18	121	1	2	BA1652	21785	9	10	0	0	0	0	0	0	0	0	0
A	EF	18	121	1	2	BA1652	21788	10	0	0	0	0	0	0	0	1	0	0
A	EF	18	121	1	2	BA1652	21860	10	2	0	0	0	0	0	0	0	0	0
A	EF	18	121	1	2	BA1652	21861	2	6	0	0	0	0	0	0	0	0	0
A	EF	18	121	1	2	BA1652	22013	6	8	2	0	1	0	0	0	0	0	0
A	EF	18	121	1	2	BA1652	22022	8	0	0	0	0	0	0	0	1	0	0
A	EF	18	121	1	2	BA1652	22023	8	7	0	0	0	0	0	0	0	0	0
A	EF	18	121	1	2	BA1652	22028	7	8	2	0	1	0	0	0	0	0	0
A	EF	18	121	1	2	BA1652	22038	8	7	0	0	0	0	0	0	0	0	0
A	EF	18	121	1	2	BA1652	22056	7	0	0	0	0	0	0	0	1	0	0
A	EF	18	121	1	2	BA1652	22060	7	8	2	0	1	0	0	0	0	0	0
A	EF	18	121	1	2	BA1652	22070	8	7	0	0	0	0	0	0	0	0	0
A	EF	18	121	1	2	BA1652	22081	7	0	0	0	0	0	0	0	1	0	0
A	EF	18	121	1	2	BA1652	22090	7	8	2	0	1	0	0	0	0	0	0
A	EF	18	121	1	2	BA1652	22100	8	7	0	0	0	0	0	0	0	0	0
A	EF	18	121	1	2	BA1652	22136	7	0	0	0	0	0	0	0	1	0	0
A	EF	18	121	1	2	BA1652	22149	7	8	2	0	1	0	0	0	0	0	0
A	EF	18	121	1	2	BA1652	22157	8	0	0	0	0	0	0	0	1	0	0
A	EF	18	121	1	2	BA1652	22159	8	7	0	0	0	0	0	0	0	0	0
A	EF	18	121	1	2	BA1652	22171	7	8	2	0	1	0	0	0	0	0	0
A	EF	18	121	1	2	BA1652	22178	8	0	0	0	0	0	0	0	1	0	0
A	EF	18	121	1	2	BA1652	22181	8	7	0	0	0	0	0	0	0	0	0
A	EF	18	121	1	2	BA1652	22185	7	8	2	0	1	0	0	0	0	0	0
A	EF	18	121	1	2	BA1652	22195	8	7	0	0	0	0	0	0	0	0	0
A	EF	18	121	1	2	BA1652	22203	7	0	0	0	0	0	0	0	1	0	0
A	EF	18	121	1	2	BA1652	22209	7	8	2	0	1	0	0	0	0	0	0
A	EF	18	121	1	2	BA1652	22219	8	7	0	0	0	0	0	0	0	0	0
A	EF	18	121	1	2	BA1652	22239	7	0	0	0	0	0	0	0	1	0	0
A	EF	18	121	1	2	BA1652	22240	7	8	2	0	1	0	0	0	0	0	0
A	EF	18	121	1	2	BA1652	22242	8	0	0	0	0	0	0	0	1	0	0
A	EF	18	121	1	2	BA1652	22246	8	0	0	0	1	0	0	0	0	0	0
A	EF	18	121	1	2	BA1652	22249	8	0	0	0	0	0	0	0	1	0	0
A	EF	18	121	1	2	BA1652	22250	8	7	0	0	0	0	0	0	0	0	0
A	EF	18	121	1	2	BA1652	22255	7	8	2	0	1	0	0	0	0	0	0
A	EF	18	121	1	2	BA1652	22259	8	0	0	0	0	0	0	0	1	0	0
A	EF	18	121	1	2	BA1652	22265	8	7	0	0	0	0	0	0	0	0	0
A	EF	18	121	1	2	BA1652	22266	7	8	2	0	1	0	0	0	0	0	0
A	EF	18	121	1	2	BA1652	22270	8	0	0	0	0	0	0	0	1	0	0
A	EF	18	121	1	2	BA1652	22276	8	7	0	0	0	0	0	0	0	0	0
A	EF	18	121	1	2	BA1652	22308	7	8	2	0	1	0	0	0	0	0	0
A	EF	18	121	1	2	BA1652	22318	8	7	0	0	0	0	0	0	0	0	0
A	EF	18	121	1	2	BA1652	22342	7	0	0	0	0	0	0	0	1	0	0
A	EF	18	121	1	2	BA1652	22346	7	8	2	0	1	0	0	0	0	0	0
A	EF	18	121	1	2	BA1652	22349	8	0	0	0	0	0	0	0	1	0	0
A	EF	18	121	1	2	BA1652	22356	8	7	0	0	0	0	0	0	0	0	0
A	EF	18	121	1	2	BA1652	22372	7	8	2	0	1	0	0	0	0	0	0
A	EF	18	121	1	2	BA1652	22382	8	7	0	0	0	0	0	0	0	0	0
A	EF	18	121	1	2	BA1652	22405	7	0	0	0	0	0	0	0	1	0	0
A	EF	18	121	1	2	BA1652	22409	7	8	2	0	1	0	0	0	0	0	0
A	EF	18	121	1	2	BA1652	22414	8	0	0	0	0	0	0	0	1	0	0
A	EF	18	121	1	2	BA1652	22417	8	0	0	0	1	0	0	0	0	0	0
A	EF	18	121	1	2	BA1652	22419	8	7	0	0	0	0	0	0	0	0	0
A	EF	18	121	1	2	BA1652	22424	7	0	0	0	0	0	0	0	1	0	0
A	EF	18	121	1	2	BA1652	22425	7	8	2	0	1	0	0	0	0	0	0
A	EF	18	121	1	2	BA1652	22435	8	7	0	0	0	0	0	0	0	0	0
A	EF	18	121	1	2	BA1652	22436	7	0	0	0	0	0	0	0	1	0	0
A	EF	18	121	1	2	BA1652	22439	7	8	2	0	1	0	0	0	0	0	0
A	EF	18	121	1	2	BA1652	22449	8	7	0	0	0	0	0	0	0	0	0
A	EF	18	121	1	2	BA1652	22453	7	0	0	0	0	0	0	0	1	0	0
A	EF	18	121	1	2	BA1652	22454	7	8	2	0	1	0	0	0	0	0	0
A	EF	18	121	1	2	BA1652	22464	8	7	0	0	0	0	0	0	0	0	0
A	EF	18	121	1	2	BA1652	22482	7	0	0	0	0	0	0	0	1	0	0
A	EF	18	121	1	2	BA1652	22493	7	8	2	0	1	0	0	0	0	0	0
A	EF	18	121	1	2	BA1652	22500	8	0	0	0	0	0	0	0	1	0	0
A	EF	18	121	1	2	BA1652	22503	8	7	0	0	0	0	0	0	0	0	0
A	EF	18	121	1	2	BA1652	22557	7	8	2	0	1	0	0	0	0	0	0
A	EF	18	121	1	2	BA1652	22561	8	0	0	0	0	0	0	0	1	0	0
A	EF	18	121	1	2	BA1652	22564	8	0	0	0	1	0	0	0	0	0	0
A	EF	18	121	1	2	BA1652	22567	8	9	0	0	0	0	0	0	0	0	0
A	EF	18	121	1	2	BA1652	22577	9	10	0	0	0	0	0	0	0	0	0
A	EF	18	121	1	2	BA1652	22579	10	0	0	0	0	0	0	0	1	0	0
A	EF	18	121	1	2	BA1652	22652	10	2	0	0	0	0	0	0	0	0	0
A	EF	18	121	1	2	BA1652	22653	2	3	0	0	0	0	0	0	0	0	0
A	EF	18	121	1	2	BA1652	22733	3	5	1	1	0	0	0	0	0	0	0
A	EF	18	121	1	2	BA1652	22736	5	0	0	0	0	0	0	1	0	0	0
A	EF	18	121	1	2	BA1652	22740	5	0	0	1	0	0	0	0	0	0	0
A	EF	18	121	1	2	BA1652	22743	5	4	0	0	0	0	0	0	0	0	0
A	EF	18	121	1	2	BA1652	22751	4	0	0	0	0	0	0	1	0	0	0
A	EF	18	121	1	2	BA1652	22752	4	5	1	1	0	0	0	0	0	0	0
A	EF	18	121	1	2	BA1652	22760	5	0	0	0	0	0	0	1	0	0	0
A	EF	18	121	1	2	BA1652	22762	5	4	0	1	0	0	0	0	0	0	0
A	EF	18	121	1	2	BA1652	22780	4	0	0	0	0	0	0	1	0	0	0
A	EF	18	121	1	2	BA1652	22792	4	5	1	1	0	0	0	0	0	0	0
A	EF	18	121	1	2	BA1652	22797	5	0	0	0	0	0	0	1	0	0	0
A	EF	18	121	1	2	BA1652	22801	5	0	0	1	0	0	0	0	0	0	0
A	EF	18	121	1	2	BA1652	22802	5	4	0	0	0	0	0	0	0	0	0
A	EF	18	121	1	2	BA1652	22804	4	0	0	0	0	0	0	1	0	0	0
A	EF	18	121	1	2	BA1652	22810	4	5	1	1	0	0	0	0	0	0	0
A	EF	18	121	1	2	BA1652	22820	5	4	0	0	0	0	0	0	0	0	0
A	EF	18	121	1	2	BA1652	22823	4	0	0	0	0	0	0	1	0	0	0
A	EF	18	121	1	2	BA1652	22825	4	5	1	1	0	0	0	0	0	0	0
A	EF	18	121	1	2	BA1652	22835	5	9	0	0	0	0	0	0	0	0	0
A	EF	18	121	1	2	BA1652	22841	9	0	0	0	0	0	0	1	0	0	0
A	EF	18	121	1	2	BA1652	22845	9	10	0	0	0	0	0	0	0	0	0
A	EF	18	121	1	2	BA1652	22920	10	2	0	0	0	0	0	0	0	0	0
A	EF	18	121	1	2	BA1652	22921	2	3	0	0	0	0	0	0	0	0	0
A	EF	18	121	1	2	BA1652	22987	3	5	1	1	0	0	0	0	0	0	0
A	EF	18	121	1	2	BA1652	22997	5	4	0	0	0	0	0	0	0	0	0
A	EF	18	121	1	2	BA1652	23016	4	0	0	0	0	0	0	1	0	0	0
A	EF	18	121	1	2	BA1652	23028	4	5	1	1	0	0	0	0	0	0	0
A	EF	18	121	1	2	BA1652	23035	5	0	0	0	0	0	0	1	0	0	0
A	EF	18	121	1	2	BA1652	23038	5	4	0	0	0	0	0	0	0	0	0
A	EF	18	121	1	2	BA1652	23059	4	5	1	1	0	0	0	0	0	0	0
A	EF	18	121	1	2	BA1652	23063	5	0	0	0	0	0	0	1	0	0	0
A	EF	18	121	1	2	BA1652	23067	5	0	0	1	0	0	0	0	0	0	0
A	EF	18	121	1	2	BA1652	23069	5	4	0	0	0	0	0	1	0	0	0
A	EF	18	121	1	2	BA1652	23090	4	5	1	1	0	0	0	0	0	0	0
A	EF	18	121	1	2	BA1652	23095	5	0	0	1	0	0	0	1	0	0	0
A	EF	18	121	1	2	BA1652	23100	5	4	0	0	0	0	0	0	0	0	0
A	EF	18	121	1	2	BA1652	23131	4	0	0	0	0	0	0	1	0	0	0
A	EF	18	121	1	2	BA1652	23136	4	5	1	1	0	0	0	0	0	0	0
A	EF	18	121	1	2	BA1652	23141	5	0	0	0	0	0	0	1	0	0	0
A	EF	18	121	1	2	BA1652	23146	5	9	0	0	0	0	0	0	0	0	0
A	EF	18	121	1	2	BA1652	23150	9	0	0	1	0	0	0	0	0	0	0
A	EF	18	121	1	2	BA1652	23156	9	10	0	0	0	0	0	1	0	0	0
A	EF	18	121	1	2	BA1652	23231	10	2	0	0	0	0	0	0	0	0	0
A	EF	18	121	1	2	BA1652	23232	2	3	0	0	0	0	0	0	0	0	0
A	EF	18	121	1	2	BA1652	23312	3	5	1	1	0	0	0	0	0	0	0
A	EF	18	121	1	2	BA1652	23322	5	4	0	0	0	0	0	0	0	0	0
A	EF	18	121	1	2	BA1652	23328	4	0	0	0	0	0	0	1	0	0	0
A	EF	18	121	1	2	BA1652	23330	4	5	1	1	0	0	0	0	0	0	0
A	EF	18	121	1	2	BA1652	23340	5	4	0	0	0	0	0	0	0	0	0
A	EF	18	121	1	2	BA1652	23362	4	0	0	0	0	0	0	1	0	0	0
A	EF	18	121	1	2	BA1652	23367	4	5	1	1	0	0	0	0	0	0	0
A	EF	18	121	1	2	BA1652	23377	5	4	0	0	0	0	0	0	0	0	0
A	EF	18	121	1	2	BA1652	23385	4	0	0	0	0	0	0	1	0	0	0
A	EF	18	121	1	2	BA1652	23400	4	5	1	1	0	0	0	0	0	0	0
A	EF	18	121	1	2	BA1652	23410	5	4	0	0	0	0	0	0	0	0	0
A	EF	18	121	1	2	BA1652	23430	4	0	0	0	0	0	0	1	0	0	0
A	EF	18	121	1	2	BA1652	23434	4	5	1	1	0	0	0	0	0	0	0
A	EF	18	121	1	2	BA1652	23444	5	9	0	0	0	0	0	0	0	0	0
A	EF	18	121	1	2	BA1652	23452	9	0	0	0	0	0	0	1	0	0	0
A	EF	18	121	1	2	BA1652	23454	9	10	0	0	0	0	0	0	0	0	0
A	EF	18	121	1	2	BA1652	23529	10	2	0	0	0	0	0	0	0	0	0
A	EF	18	121	1	2	BA1652	23530	2	6	0	0	0	0	0	0	0	0	0
A	EF	18	121	1	2	BA1652	23864	6	8	2	0	1	0	0	0	0	0	0
A	EF	18	121	1	2	BA1652	23874	8	7	0	0	0	0	0	0	0	0	0
A	EF	18	121	1	2	BA1652	23883	7	0	0	0	0	0	0	0	1	0	0
A	EF	18	121	1	2	BA1652	23979	7	8	2	0	1	0	0	0	0	0	0
A	EF	18	121	1	2	BA1652	23982	8	0	0	0	0	0	0	0	1	0	0
A	EF	18	121	1	2	BA1652	23989	8	7	0	0	0	0	0	0	0	0	0
A	EF	18	121	1	2	BA1652	24091	7	8	2	0	1	0	0	0	0	0	0
A	EF	18	121	1	2	BA1652	24101	8	7	0	0	0	0	0	0	0	0	0
A	EF	18	121	1	2	BA1652	24111	7	0	0	0	0	0	0	0	1	0	0
A	EF	18	121	1	2	BA1652	24114	7	8	2	0	1	0	0	0	0	0	0
A	EF	18	121	1	2	BA1652	24121	8	0	0	0	0	0	0	0	1	0	0
A	EF	18	121	1	2	BA1652	24124	8	7	0	0	0	0	0	0	0	0	0
A	EF	18	121	1	2	BA1652	24171	7	8	2	0	1	0	0	0	0	0	0
A	EF	18	121	1	2	BA1652	24179	8	0	0	0	0	0	0	0	1	0	0
A	EF	18	121	1	2	BA1652	24180	8	0	0	0	1	0	0	0	0	0	0
A	EF	18	121	1	2	BA1652	24181	8	7	0	0	0	0	0	0	0	0	0
A	EF	18	121	1	2	BA1652	24189	7	0	0	0	0	0	0	0	1	0	0
A	EF	18	121	1	2	BA1652	24208	7	8	2	0	1	0	0	0	0	0	0
A	EF	18	121	1	2	BA1652	24218	8	7	0	0	0	0	0	0	0	0	0
A	EF	18	121	1	2	BA1652	24219	7	0	0	0	0	0	0	0	1	0	0
A	EF	18	121	1	2	BA1652	24240	7	8	2	0	1	0	0	0	0	0	0
A	EF	18	121	1	2	BA1652	24248	8	0	0	0	0	0	0	0	1	0	0
A	EF	18	121	1	2	BA1652	24250	8	7	0	0	0	0	0	0	0	0	0
A	EF	18	121	1	2	BA1652	24253	7	8	2	0	1	0	0	0	0	0	0
A	EF	18	121	1	2	BA1652	24259	8	0	0	0	0	0	0	0	1	0	0
A	EF	18	121	1	2	BA1652	24262	8	0	0	0	1	0	0	0	0	0	0
A	EF	18	121	1	2	BA1652	24263	8	7	0	0	0	0	0	0	0	0	0
A	EF	18	121	1	2	BA1652	24273	7	0	0	0	0	0	0	0	1	0	0
A	EF	18	121	1	2	BA1652	24276	7	8	2	0	1	0	0	0	0	0	0
A	EF	18	121	1	2	BA1652	24286	8	7	0	0	0	0	0	0	0	0	0
A	EF	18	121	1	2	BA1652	24289	7	0	0	0	0	0	0	0	1	0	0
A	EF	18	121	1	2	BA1652	24291	7	8	2	0	1	0	0	0	0	0	0
A	EF	18	121	1	2	BA1652	24301	8	7	0	0	0	0	0	0	0	0	0
A	EF	18	121	1	2	BA1652	24318	7	8	2	0	1	0	0	0	1	0	0
A	EF	18	121	1	2	BA1652	24322	8	0	0	0	0	0	0	0	1	0	0
A	EF	18	121	1	2	BA1652	24328	8	7	0	0	0	0	0	0	0	0	0
A	EF	18	121	1	2	BA1652	24352	7	8	2	0	1	0	0	0	0	0	0
A	EF	18	121	1	2	BA1652	24358	8	0	0	0	0	0	0	0	1	0	0
A	EF	18	121	1	2	BA1652	24362	8	7	0	0	0	0	0	0	0	0	0
A	EF	18	121	1	2	BA1652	24364	7	8	2	0	1	0	0	0	0	0	0
A	EF	18	121	1	2	BA1652	24374	8	7	0	0	0	0	0	0	0	0	0
A	EF	18	121	1	2	BA1652	24379	7	0	0	0	0	0	0	0	1	0	0
A	EF	18	121	1	2	BA1652	24381	7	8	2	0	1	0	0	0	0	0	0
A	EF	18	121	1	2	BA1652	24391	8	7	0	0	0	0	0	0	0	0	0
A	EF	18	121	1	2	BA1652	24393	7	0	0	0	0	0	0	0	1	0	0
A	EF	18	121	1	2	BA1652	24446	7	8	2	0	1	0	0	0	0	0	0
A	EF	18	121	1	2	BA1652	24448	8	0	0	0	0	0	0	0	1	0	0
A	EF	18	121	1	2	BA1652	24452	8	0	0	0	1	0	0	0	0	0	0
A	EF	18	121	1	2	BA1652	24456	8	7	0	0	0	0	0	0	0	0	0
A	EF	18	121	1	2	BA1652	24457	7	0	0	0	0	0	0	0	1	0	0
A	EF	18	121	1	2	BA1652	24459	7	8	2	0	1	0	0	0	0	0	0
A	EF	18	121	1	2	BA1652	24469	8	7	0	0	0	0	0	0	0	0	0
A	EF	18	121	1	2	BA1652	24479	7	0	0	0	0	0	0	0	1	0	0
A	EF	18	121	1	2	BA1652	24483	7	8	2	0	1	0	0	0	0	0	0
A	EF	18	121	1	2	BA1652	24488	8	0	0	0	0	0	0	0	1	0	0
A	EF	18	121	1	2	BA1652	24492	8	0	0	0	1	0	0	0	0	0	0
A	EF	18	121	1	2	BA1652	24493	8	7	0	0	0	0	0	0	0	0	0
A	EF	18	121	1	2	BA1652	24500	7	0	0	0	0	0	0	0	1	0	0
A	EF	18	121	1	2	BA1652	24503	7	8	2	0	1	0	0	0	0	0	0
A	EF	18	121	1	2	BA1652	24511	8	0	0	0	0	0	0	0	1	0	0
A	EF	18	121	1	2	BA1652	24513	8	7	0	0	0	0	0	0	0	0	0
A	EF	18	121	1	2	BA1652	24514	7	8	2	0	1	0	0	0	0	0	0
A	EF	18	121	1	2	BA1652	24524	8	7	0	0	0	0	0	0	0	0	0
A	EF	18	121	1	2	BA1652	24545	7	0	0	0	0	0	0	0	1	0	0
A	EF	18	121	1	2	BA1652	24552	7	8	2	0	1	0	0	0	0	0	0
A	EF	18	121	1	2	BA1652	24562	8	9	0	0	0	0	0	0	0	0	0
A	EF	18	121	1	2	BA1652	24572	9	10	0	0	0	0	0	0	0	0	0
A	EF	18	121	1	2	BA1652	24577	10	0	0	0	0	0	0	0	1	0	0
A	EF	18	121	1	2	BA1652	24580	10	0	0	0	1	0	0	0	0	0	0
A	EF	18	121	1	2	BA1652	24583	10	0	0	0	0	0	0	0	1	0	0
A	EF	18	121	1	2	BA1652	24647	10	2	0	0	0	0	0	0	0	0	0
A	EF	18	121	1	2	BA1652	24648	2	6	0	0	0	0	0	0	0	0	0
A	EF	18	121	1	2	BA1652	24835	6	8	2	0	1	0	0	0	0	0	0
A	EF	18	121	1	2	BA1652	24837	8	0	0	0	0	0	0	0	1	0	0
A	EF	18	121	1	2	BA1652	24845	8	7	0	0	0	0	0	0	0	0	0
A	EF	18	121	1	2	BA1652	24848	7	8	2	0	1	0	0	0	0	0	0
A	EF	18	121	1	2	BA1652	24851	8	0	0	0	0	0	0	0	1	0	0
A	EF	18	121	1	2	BA1652	24858	8	7	0	0	0	0	0	0	0	0	0
A	EF	18	121	1	2	BA1652	24868	7	8	2	0	1	0	0	0	0	0	0
A	EF	18	121	1	2	BA1652	24878	8	7	0	0	0	0	0	0	0	0	0
A	EF	18	121	1	2	BA1652	24882	7	0	0	0	0	0	0	0	1	0	0
A	EF	18	121	1	2	BA1652	24891	7	8	2	0	1	0	0	0	0	0	0
A	EF	18	121	1	2	BA1652	24899	8	0	0	0	0	0	0	0	1	0	0
A	EF	18	121	1	2	BA1652	24901	8	7	0	0	0	0	0	0	0	0	0
A	EF	18	121	1	2	BA1652	24958	7	8	2	0	1	0	0	0	0	0	0
A	EF	18	121	1	2	BA1652	24961	8	0	0	0	0	0	0	0	1	0	0
A	EF	18	121	1	2	BA1652	24968	8	7	0	0	0	0	0	0	0	0	0
A	EF	18	121	1	2	BA1652	24990	7	8	2	0	1	0	0	0	0	0	0
A	EF	18	121	1	2	BA1652	24993	8	0	0	0	0	0	0	0	1	0	0
A	EF	18	121	1	2	BA1652	25000	8	7	0	0	0	0	0	0	0	0	0
A	EF	18	121	1	2	BA1652	25007	7	8	2	0	1	0	0	0	0	0	0
A	EF	18	121	1	2	BA1652	25017	8	7	0	0	0	0	0	0	1	0	0
A	EF	18	121	1	2	BA1652	25044	7	8	2	0	1	0	0	0	0	0	0
A	EF	18	121	1	2	BA1652	25048	8	0	0	0	0	0	0	0	1	0	0
A	EF	18	121	1	2	BA1652	25054	8	7	0	0	0	0	0	0	0	0	0
A	EF	18	121	1	2	BA1652	25074	7	8	2	0	1	0	0	0	0	0	0
A	EF	18	121	1	2	BA1652	25078	8	0	0	0	0	0	0	0	1	0	0
A	EF	18	121	1	2	BA1652	25084	8	7	0	0	0	0	0	0	0	0	0
A	EF	18	121	1	2	BA1652	25085	7	8	2	0	1	0	0	0	0	0	0
A	EF	18	121	1	2	BA1652	25086	8	0	0	0	0	0	0	0	1	0	0
A	EF	18	121	1	2	BA1652	25095	8	7	0	0	0	0	0	0	0	0	0
A	EF	18	121	1	2	BA1652	25147	7	8	2	0	1	0	0	0	0	0	0
A	EF	18	121	1	2	BA1652	25154	8	0	0	0	0	0	0	0	1	0	0
A	EF	18	121	1	2	BA1652	25155	8	0	0	0	1	0	0	0	0	0	0
A	EF	18	121	1	2	BA1652	25157	8	7	0	0	0	0	0	0	0	0	0
A	EF	18	121	1	2	BA1652	25162	7	0	0	0	0	0	0	0	1	0	0
A	EF	18	121	1	2	BA1652	25166	7	8	2	0	1	0	0	0	0	0	0
A	EF	18	121	1	2	BA1652	25167	8	0	0	0	0	0	0	0	1	0	0
A	EF	18	121	1	2	BA1652	25173	8	0	0	0	1	0	0	0	0	0	0
A	EF	18	121	1	2	BA1652	25176	8	7	0	0	0	0	0	0	0	0	0
A	EF	18	121	1	2	BA1652	25178	7	0	0	0	0	0	0	0	1	0	0
A	EF	18	121	1	2	BA1652	25180	7	8	2	0	1	0	0	0	0	0	0
A	EF	18	121	1	2	BA1652	25182	8	0	0	0	0	0	0	0	1	0	0
A	EF	18	121	1	2	BA1652	25190	8	7	0	0	0	0	0	0	0	0	0
A	EF	18	121	1	2	BA1652	25215	7	8	2	0	1	0	0	0	0	0	0
A	EF	18	121	1	2	BA1652	25222	8	0	0	0	0	0	0	0	1	0	0
A	EF	18	121	1	2	BA1652	25225	8	7	0	0	1	0	0	0	0	0	0
A	EF	18	121	1	2	BA1652	25230	7	0	0	0	0	0	0	0	1	0	0
A	EF	18	121	1	2	BA1652	25239	7	8	2	0	1	0	0	0	0	0	0
A	EF	18	121	1	2	BA1652	25248	8	0	0	0	0	0	0	0	1	0	0
A	EF	18	121	1	2	BA1652	25249	8	7	0	0	0	0	0	0	0	0	0
A	EF	18	121	1	2	BA1652	25262	7	8	2	0	1	0	0	0	0	0	0
A	EF	18	121	1	2	BA1652	25267	8	0	0	0	0	0	0	0	1	0	0
A	EF	18	121	1	2	BA1652	25272	8	7	0	0	0	0	0	0	0	0	0
A	EF	18	121	1	2	BA1652	25273	7	8	2	0	1	0	0	0	0	0	0
A	EF	18	121	1	2	BA1652	25283	8	7	0	0	0	0	0	0	0	0	0
A	EF	18	121	1	2	BA1652	25289	7	0	0	0	0	0	0	0	1	0	0
A	EF	18	121	1	2	BA1652	25290	7	8	2	0	1	0	0	0	0	0	0
A	EF	18	121	1	2	BA1652	25299	8	0	0	0	0	0	0	0	1	0	0
A	EF	18	121	1	2	BA1652	25300	8	7	0	0	1	0	0	0	0	0	0
A	EF	18	121	1	2	BA1652	25314	7	0	0	0	0	0	0	0	1	0	0
A	EF	18	121	1	2	BA1652	25317	7	8	2	0	1	0	0	0	0	0	0
A	EF	18	121	1	2	BA1652	25322	8	0	0	0	0	0	0	0	1	0	0
A	EF	18	121	1	2	BA1652	25325	8	0	0	0	1	0	0	0	0	0	0
A	EF	18	121	1	2	BA1652	25327	8	7	0	0	0	0	0	0	0	0	0
A	EF	18	121	1	2	BA1652	25365	7	0	0	0	0	0	0	0	1	0	0
A	EF	18	121	1	2	BA1652	25407	7	8	2	0	1	0	0	0	0	0	0
A	EF	18	121	1	2	BA1652	25409	8	0	0	0	0	0	0	0	1	0	0
A	EF	18	121	1	2	BA1652	25410	8	0	0	0	1	0	0	0	0	0	0
A	EF	18	121	1	2	BA1652	25415	8	0	0	0	1	0	0	0	1	0	0
A	EF	18	121	1	2	BA1652	25417	8	9	0	0	0	0	0	0	0	0	0
A	EF	18	121	1	2	BA1652	25427	9	10	0	0	0	0	0	0	1	0	0
A	EF	18	121	1	2	BA1652	25502	10	2	0	0	0	0	0	0	0	0	0
A	EF	18	121	1	2	BA1652	25503	2	3	0	0	0	0	0	0	0	0	0
A	EF	18	121	1	2	BA1652	25588	3	5	1	1	0	0	0	0	0	0	0
A	EF	18	121	1	2	BA1652	25590	5	0	0	0	0	0	0	1	0	0	0
A	EF	18	121	1	2	BA1652	25596	5	0	0	1	0	0	0	0	0	0	0
A	EF	18	121	1	2	BA1652	25598	5	4	0	0	0	0	0	0	0	0	0
A	EF	18	121	1	2	BA1652	25622	4	0	0	0	0	0	0	1	0	0	0
A	EF	18	121	1	2	BA1652	25623	4	5	1	1	0	0	0	0	0	0	0
A	EF	18	121	1	2	BA1652	25626	5	0	0	0	0	0	0	1	0	0	0
A	EF	18	121	1	2	BA1652	25632	5	0	0	1	0	0	0	0	0	0	0
A	EF	18	121	1	2	BA1652	25633	5	4	0	0	0	0	0	0	0	0	0
A	EF	18	121	1	2	BA1652	25634	4	0	0	0	0	0	0	1	0	0	0
A	EF	18	121	1	2	BA1652	25635	4	5	1	1	0	0	0	0	0	0	0
A	EF	18	121	1	2	BA1652	25640	5	0	0	0	0	0	0	1	0	0	0
A	EF	18	121	1	2	BA1652	25645	5	4	0	0	0	0	0	0	0	0	0
A	EF	18	121	1	2	BA1652	25655	4	5	1	1	0	0	0	0	0	0	0
A	EF	18	121	1	2	BA1652	25665	5	4	0	0	0	0	0	0	0	0	0
A	EF	18	121	1	2	BA1652	25669	4	0	0	0	0	0	0	1	0	0	0
A	EF	18	121	1	2	BA1652	25673	4	5	1	1	0	0	0	0	0	0	0
A	EF	18	121	1	2	BA1652	25675	5	0	0	0	0	0	0	1	0	0	0
A	EF	18	121	1	2	BA1652	25678	5	0	0	1	0	0	0	0	0	0	0
A	EF	18	121	1	2	BA1652	25683	5	9	0	0	0	0	0	0	0	0	0
A	EF	18	121	1	2	BA1652	25684	9	0	0	0	0	0	0	1	0	0	0
A	EF	18	121	1	2	BA1652	25692	9	0	0	1	0	0	0	0	0	0	0
A	EF	18	121	1	2	BA1652	25693	9	-1	0	0	0	0	0	0	0	0	0
