Project	UserID	Protocol	Session	Station	Run	Subject	Time	Current State	Transition State	Transition Event	A1 - 	A2 - 	A3 - 	A4 - 	A[1] 	A[2] 	A[3] 	A[4] 
A	BL	7	19	1	1	BA1652	0	0	1	0	0	0	0	0	0	0	0	0
A	BL	7	19	1	1	BA1652	50	1	2	0	0	0	0	0	0	0	0	0
A	BL	7	19	1	1	BA1652	51	2	6	0	0	0	0	0	0	0	0	0
A	BL	7	19	1	1	BA1652	2274	6	8	2	0	1	0	0	0	0	0	0
A	BL	7	19	1	1	BA1652	2284	8	7	0	0	0	0	0	0	0	0	0
A	BL	7	19	1	1	BA1652	2304	7	0	0	0	0	0	0	0	1	0	0
A	BL	7	19	1	1	BA1652	2515	7	0	0	1	0	0	0	0	0	0	0
A	BL	7	19	1	1	BA1652	2528	7	0	0	0	0	0	0	1	0	0	0
A	BL	7	19	1	1	BA1652	3971	7	0	0	1	0	0	0	0	0	0	0
A	BL	7	19	1	1	BA1652	3984	7	0	0	0	0	0	0	1	0	0	0
A	BL	7	19	1	1	BA1652	4072	7	0	0	1	0	0	0	0	0	0	0
A	BL	7	19	1	1	BA1652	4075	7	0	0	0	0	0	0	1	0	0	0
A	BL	7	19	1	1	BA1652	4521	7	8	2	0	1	0	0	0	0	0	0
A	BL	7	19	1	1	BA1652	4525	8	0	0	0	0	0	0	0	1	0	0
A	BL	7	19	1	1	BA1652	4531	8	9	0	0	0	0	0	0	0	0	0
A	BL	7	19	1	1	BA1652	4541	9	10	0	0	0	0	0	0	0	0	0
A	BL	7	19	1	1	BA1652	4616	10	2	0	0	0	0	0	0	0	0	0
A	BL	7	19	1	1	BA1652	4617	2	6	0	0	0	0	0	0	0	0	0
A	BL	7	19	1	1	BA1652	5208	6	0	0	1	0	0	0	0	0	0	0
A	BL	7	19	1	1	BA1652	5224	6	0	0	0	0	0	0	1	0	0	0
A	BL	7	19	1	1	BA1652	5330	6	0	0	1	0	0	0	0	0	0	0
A	BL	7	19	1	1	BA1652	5347	6	0	0	0	0	0	0	1	0	0	0
A	BL	7	19	1	1	BA1652	5524	6	0	0	1	0	0	0	0	0	0	0
A	BL	7	19	1	1	BA1652	5541	6	0	0	0	0	0	0	1	0	0	0
A	BL	7	19	1	1	BA1652	5764	6	0	0	1	0	0	0	0	0	0	0
A	BL	7	19	1	1	BA1652	5777	6	0	0	0	0	0	0	1	0	0	0
A	BL	7	19	1	1	BA1652	5778	6	0	0	1	0	0	0	0	0	0	0
A	BL	7	19	1	1	BA1652	5803	6	0	0	0	0	0	0	1	0	0	0
A	BL	7	19	1	1	BA1652	5935	6	0	0	1	0	0	0	0	0	0	0
A	BL	7	19	1	1	BA1652	5958	6	0	0	0	0	0	0	1	0	0	0
A	BL	7	19	1	1	BA1652	6072	6	0	0	1	0	0	0	0	0	0	0
A	BL	7	19	1	1	BA1652	6089	6	0	0	0	0	0	0	1	0	0	0
A	BL	7	19	1	1	BA1652	6091	6	0	0	1	0	0	0	0	0	0	0
A	BL	7	19	1	1	BA1652	6098	6	0	0	0	0	0	0	1	0	0	0
A	BL	7	19	1	1	BA1652	6176	6	0	0	1	0	0	0	0	0	0	0
A	BL	7	19	1	1	BA1652	6210	6	0	0	0	0	0	0	1	0	0	0
A	BL	7	19	1	1	BA1652	6222	6	0	0	1	0	0	0	0	0	0	0
A	BL	7	19	1	1	BA1652	6251	6	0	0	0	0	0	0	1	0	0	0
A	BL	7	19	1	1	BA1652	6256	6	0	0	1	0	0	0	0	0	0	0
A	BL	7	19	1	1	BA1652	6264	6	0	0	0	0	0	0	1	0	0	0
A	BL	7	19	1	1	BA1652	6288	6	0	0	1	0	0	0	0	0	0	0
A	BL	7	19	1	1	BA1652	6310	6	0	0	0	0	0	0	1	0	0	0
A	BL	7	19	1	1	BA1652	6481	6	0	0	1	0	0	0	0	0	0	0
A	BL	7	19	1	1	BA1652	6496	6	0	0	0	0	0	0	1	0	0	0
A	BL	7	19	1	1	BA1652	6765	6	0	0	1	0	0	0	0	0	0	0
A	BL	7	19	1	1	BA1652	6814	6	0	0	0	0	0	0	1	0	0	0
A	BL	7	19	1	1	BA1652	6943	6	0	0	1	0	0	0	0	0	0	0
A	BL	7	19	1	1	BA1652	6959	6	0	0	0	0	0	0	1	0	0	0
A	BL	7	19	1	1	BA1652	6966	6	0	0	1	0	0	0	0	0	0	0
A	BL	7	19	1	1	BA1652	6983	6	0	0	0	0	0	0	1	0	0	0
A	BL	7	19	1	1	BA1652	7023	6	0	0	1	0	0	0	0	0	0	0
A	BL	7	19	1	1	BA1652	7075	6	0	0	0	0	0	0	1	0	0	0
A	BL	7	19	1	1	BA1652	7831	6	0	0	1	0	0	0	0	0	0	0
A	BL	7	19	1	1	BA1652	7894	6	0	0	0	0	0	0	1	0	0	0
A	BL	7	19	1	1	BA1652	7965	6	0	0	1	0	0	0	0	0	0	0
A	BL	7	19	1	1	BA1652	7988	6	0	0	1	0	0	0	1	0	0	0
A	BL	7	19	1	1	BA1652	7991	6	0	0	1	0	0	0	1	0	0	0
A	BL	7	19	1	1	BA1652	7999	6	0	0	0	0	0	0	1	0	0	0
A	BL	7	19	1	1	BA1652	8031	6	0	0	1	0	0	0	0	0	0	0
A	BL	7	19	1	1	BA1652	8041	6	0	0	0	0	0	0	1	0	0	0
A	BL	7	19	1	1	BA1652	8056	6	0	0	1	0	0	0	0	0	0	0
A	BL	7	19	1	1	BA1652	8078	6	0	0	0	0	0	0	1	0	0	0
A	BL	7	19	1	1	BA1652	8174	6	0	0	1	0	0	0	0	0	0	0
A	BL	7	19	1	1	BA1652	8182	6	0	0	0	0	0	0	1	0	0	0
A	BL	7	19	1	1	BA1652	8183	6	0	0	1	0	0	0	0	0	0	0
A	BL	7	19	1	1	BA1652	8188	6	0	0	0	0	0	0	1	0	0	0
A	BL	7	19	1	1	BA1652	8310	6	0	0	1	0	0	0	0	0	0	0
A	BL	7	19	1	1	BA1652	8327	6	0	0	0	0	0	0	1	0	0	0
A	BL	7	19	1	1	BA1652	8844	6	0	0	1	0	0	0	0	0	0	0
A	BL	7	19	1	1	BA1652	8864	6	0	0	0	0	0	0	1	0	0	0
A	BL	7	19	1	1	BA1652	8880	6	0	0	1	0	0	0	0	0	0	0
A	BL	7	19	1	1	BA1652	8887	6	0	0	0	0	0	0	1	0	0	0
A	BL	7	19	1	1	BA1652	21556	6	0	0	1	0	0	0	0	0	0	0
A	BL	7	19	1	1	BA1652	21563	6	0	0	0	0	0	0	1	0	0	0
A	BL	7	19	1	1	BA1652	28023	6	0	0	1	0	0	0	0	0	0	0
A	BL	7	19	1	1	BA1652	28044	6	0	0	0	0	0	0	1	0	0	0
A	BL	7	19	1	1	BA1652	42553	6	0	0	1	0	0	0	0	0	0	0
A	BL	7	19	1	1	BA1652	42582	6	0	0	0	0	0	0	1	0	0	0
A	BL	7	19	1	1	BA1652	43166	6	0	0	1	0	0	0	0	0	0	0
A	BL	7	19	1	1	BA1652	43186	6	0	0	0	0	0	0	1	0	0	0
A	BL	7	19	1	1	BA1652	81227	6	0	0	1	0	0	0	0	0	0	0
A	BL	7	19	1	1	BA1652	81243	6	0	0	0	0	0	0	1	0	0	0
A	BL	7	19	1	1	BA1652	82162	6	0	0	1	0	0	0	0	0	0	0
A	BL	7	19	1	1	BA1652	82173	6	0	0	0	0	0	0	1	0	0	0
A	BL	7	19	1	1	BA1652	86146	6	0	0	1	0	0	0	0	0	0	0
A	BL	7	19	1	1	BA1652	86160	6	0	0	0	0	0	0	1	0	0	0
A	BL	7	19	1	1	BA1652	90128	6	0	0	1	0	0	0	0	0	0	0
A	BL	7	19	1	1	BA1652	90138	6	0	0	0	0	0	0	1	0	0	0
A	BL	7	19	1	1	BA1652	105200	6	0	0	1	0	0	0	0	0	0	0
A	BL	7	19	1	1	BA1652	105232	6	0	0	0	0	0	0	1	0	0	0
A	BL	7	19	1	1	BA1652	105240	6	0	0	1	0	0	0	0	0	0	0
A	BL	7	19	1	1	BA1652	105262	6	0	0	0	0	0	0	1	0	0	0
A	BL	7	19	1	1	BA1652	106158	6	8	2	0	1	0	0	0	0	0	0
A	BL	7	19	1	1	BA1652	106168	8	7	0	0	0	0	0	0	0	0	0
A	BL	7	19	1	1	BA1652	106169	7	0	0	0	0	0	0	0	1	0	0
A	BL	7	19	1	1	BA1652	106378	7	8	2	0	1	0	0	0	0	0	0
A	BL	7	19	1	1	BA1652	106388	8	9	0	0	0	0	0	0	0	0	0
A	BL	7	19	1	1	BA1652	106398	9	10	0	0	0	0	0	0	0	0	0
A	BL	7	19	1	1	BA1652	106406	10	0	0	0	0	0	0	0	1	0	0
A	BL	7	19	1	1	BA1652	106407	10	0	0	0	1	0	0	0	0	0	0
A	BL	7	19	1	1	BA1652	106419	10	0	0	0	0	0	0	0	1	0	0
A	BL	7	19	1	1	BA1652	106473	10	2	0	0	0	0	0	0	0	0	0
A	BL	7	19	1	1	BA1652	106474	2	6	0	0	0	0	0	0	0	0	0
A	BL	7	19	1	1	BA1652	106554	6	0	0	1	0	0	0	0	0	0	0
A	BL	7	19	1	1	BA1652	106569	6	0	0	0	0	0	0	1	0	0	0
A	BL	7	19	1	1	BA1652	106712	6	8	2	0	1	0	0	0	0	0	0
A	BL	7	19	1	1	BA1652	106722	8	7	0	0	0	0	0	0	0	0	0
A	BL	7	19	1	1	BA1652	106773	7	0	0	0	0	0	0	0	1	0	0
A	BL	7	19	1	1	BA1652	106799	7	8	2	0	1	0	0	0	0	0	0
A	BL	7	19	1	1	BA1652	106809	8	9	0	0	0	0	0	0	0	0	0
A	BL	7	19	1	1	BA1652	106819	9	10	0	0	0	0	0	0	0	0	0
A	BL	7	19	1	1	BA1652	106822	10	0	0	0	0	0	0	0	1	0	0
A	BL	7	19	1	1	BA1652	106894	10	2	0	0	0	0	0	0	0	0	0
A	BL	7	19	1	1	BA1652	106895	2	3	0	0	0	0	0	0	0	0	0
A	BL	7	19	1	1	BA1652	106958	3	5	1	1	0	0	0	0	0	0	0
A	BL	7	19	1	1	BA1652	106968	5	4	0	0	0	0	0	0	0	0	0
A	BL	7	19	1	1	BA1652	106979	4	0	0	0	0	0	0	1	0	0	0
A	BL	7	19	1	1	BA1652	107109	4	0	0	0	1	0	0	0	0	0	0
A	BL	7	19	1	1	BA1652	107127	4	0	0	0	0	0	0	0	1	0	0
A	BL	7	19	1	1	BA1652	107131	4	0	0	0	1	0	0	0	0	0	0
A	BL	7	19	1	1	BA1652	107160	4	0	0	0	0	0	0	0	1	0	0
A	BL	7	19	1	1	BA1652	107253	4	5	1	1	0	0	0	0	0	0	0
A	BL	7	19	1	1	BA1652	107263	5	9	0	0	0	0	0	0	0	0	0
A	BL	7	19	1	1	BA1652	107272	9	0	0	0	0	0	0	1	0	0	0
A	BL	7	19	1	1	BA1652	107273	9	10	0	0	0	0	0	0	0	0	0
A	BL	7	19	1	1	BA1652	107348	10	2	0	0	0	0	0	0	0	0	0
A	BL	7	19	1	1	BA1652	107349	2	6	0	0	0	0	0	0	0	0	0
A	BL	7	19	1	1	BA1652	107618	6	8	2	0	1	0	0	0	0	0	0
A	BL	7	19	1	1	BA1652	107628	8	7	0	0	0	0	0	0	0	0	0
A	BL	7	19	1	1	BA1652	107647	7	0	0	0	0	0	0	0	1	0	0
A	BL	7	19	1	1	BA1652	107648	7	8	2	0	1	0	0	0	0	0	0
A	BL	7	19	1	1	BA1652	107653	8	0	0	0	0	0	0	0	1	0	0
A	BL	7	19	1	1	BA1652	107658	8	9	0	0	0	0	0	0	0	0	0
A	BL	7	19	1	1	BA1652	107668	9	10	0	0	0	0	0	0	0	0	0
A	BL	7	19	1	1	BA1652	107743	10	2	0	0	0	0	0	0	0	0	0
A	BL	7	19	1	1	BA1652	107744	2	6	0	0	0	0	0	0	0	0	0
A	BL	7	19	1	1	BA1652	110801	6	8	2	0	1	0	0	0	0	0	0
A	BL	7	19	1	1	BA1652	110811	8	7	0	0	0	0	0	0	0	0	0
A	BL	7	19	1	1	BA1652	110857	7	0	0	0	0	0	0	0	1	0	0
A	BL	7	19	1	1	BA1652	112278	7	8	2	0	1	0	0	0	0	0	0
A	BL	7	19	1	1	BA1652	112288	8	9	0	0	0	0	0	0	0	0	0
A	BL	7	19	1	1	BA1652	112298	9	10	0	0	0	0	0	0	0	0	0
A	BL	7	19	1	1	BA1652	112307	10	0	0	0	0	0	0	0	1	0	0
A	BL	7	19	1	1	BA1652	112373	10	2	0	0	0	0	0	0	0	0	0
A	BL	7	19	1	1	BA1652	112374	2	3	0	0	0	0	0	0	0	0	0
A	BL	7	19	1	1	BA1652	112995	3	5	1	1	0	0	0	0	0	0	0
A	BL	7	19	1	1	BA1652	113005	5	4	0	0	0	0	0	0	0	0	0
A	BL	7	19	1	1	BA1652	113013	4	0	0	0	0	0	0	1	0	0	0
A	BL	7	19	1	1	BA1652	113058	4	5	1	1	0	0	0	0	0	0	0
A	BL	7	19	1	1	BA1652	113068	5	9	0	0	0	0	0	0	0	0	0
A	BL	7	19	1	1	BA1652	113078	9	10	0	0	0	0	0	0	0	0	0
A	BL	7	19	1	1	BA1652	113080	10	0	0	0	0	0	0	1	0	0	0
A	BL	7	19	1	1	BA1652	113153	10	2	0	0	0	0	0	0	0	0	0
A	BL	7	19	1	1	BA1652	113154	2	6	0	0	0	0	0	0	0	0	0
A	BL	7	19	1	1	BA1652	113220	6	0	0	1	0	0	0	0	0	0	0
A	BL	7	19	1	1	BA1652	113245	6	0	0	0	0	0	0	1	0	0	0
A	BL	7	19	1	1	BA1652	113249	6	0	0	1	0	0	0	0	0	0	0
A	BL	7	19	1	1	BA1652	113278	6	0	0	0	0	0	0	1	0	0	0
A	BL	7	19	1	1	BA1652	113396	6	0	0	1	0	0	0	0	0	0	0
A	BL	7	19	1	1	BA1652	113412	6	0	0	0	0	0	0	1	0	0	0
A	BL	7	19	1	1	BA1652	113543	6	0	0	1	0	0	0	0	0	0	0
A	BL	7	19	1	1	BA1652	113563	6	0	0	0	0	0	0	1	0	0	0
A	BL	7	19	1	1	BA1652	113620	6	0	0	1	0	0	0	0	0	0	0
A	BL	7	19	1	1	BA1652	113648	6	0	0	0	0	0	0	1	0	0	0
A	BL	7	19	1	1	BA1652	113753	6	0	0	1	0	0	0	0	0	0	0
A	BL	7	19	1	1	BA1652	113783	6	0	0	0	0	0	0	1	0	0	0
A	BL	7	19	1	1	BA1652	113789	6	0	0	1	0	0	0	0	0	0	0
A	BL	7	19	1	1	BA1652	113809	6	0	0	0	0	0	0	1	0	0	0
A	BL	7	19	1	1	BA1652	113811	6	0	0	1	0	0	0	0	0	0	0
A	BL	7	19	1	1	BA1652	113816	6	0	0	0	0	0	0	1	0	0	0
A	BL	7	19	1	1	BA1652	114674	6	8	2	0	1	0	0	0	0	0	0
A	BL	7	19	1	1	BA1652	114684	8	7	0	0	0	0	0	0	0	0	0
A	BL	7	19	1	1	BA1652	114756	7	0	0	0	0	0	0	0	1	0	0
A	BL	7	19	1	1	BA1652	114852	7	0	0	1	0	0	0	0	0	0	0
A	BL	7	19	1	1	BA1652	114881	7	0	0	0	0	0	0	1	0	0	0
A	BL	7	19	1	1	BA1652	116119	7	0	0	1	0	0	0	0	0	0	0
A	BL	7	19	1	1	BA1652	116142	7	0	0	0	0	0	0	1	0	0	0
A	BL	7	19	1	1	BA1652	116148	7	0	0	1	0	0	0	0	0	0	0
A	BL	7	19	1	1	BA1652	116170	7	0	0	0	0	0	0	1	0	0	0
A	BL	7	19	1	1	BA1652	116600	7	8	2	0	1	0	0	0	0	0	0
A	BL	7	19	1	1	BA1652	116610	8	9	0	0	0	0	0	0	0	0	0
A	BL	7	19	1	1	BA1652	116618	9	0	0	0	0	0	0	0	1	0	0
A	BL	7	19	1	1	BA1652	116620	9	10	0	0	0	0	0	0	0	0	0
A	BL	7	19	1	1	BA1652	116695	10	2	0	0	0	0	0	0	0	0	0
A	BL	7	19	1	1	BA1652	116696	2	6	0	0	0	0	0	0	0	0	0
A	BL	7	19	1	1	BA1652	117250	6	8	2	0	1	0	0	0	0	0	0
A	BL	7	19	1	1	BA1652	117260	8	7	0	0	0	0	0	0	0	0	0
A	BL	7	19	1	1	BA1652	117263	7	0	0	0	0	0	0	0	1	0	0
A	BL	7	19	1	1	BA1652	117406	7	8	2	0	1	0	0	0	0	0	0
A	BL	7	19	1	1	BA1652	117416	8	9	0	0	0	0	0	0	0	0	0
A	BL	7	19	1	1	BA1652	117424	9	0	0	0	0	0	0	0	1	0	0
A	BL	7	19	1	1	BA1652	117426	9	10	0	0	0	0	0	0	0	0	0
A	BL	7	19	1	1	BA1652	117501	10	2	0	0	0	0	0	0	0	0	0
A	BL	7	19	1	1	BA1652	117502	2	3	0	0	0	0	0	0	0	0	0
A	BL	7	19	1	1	BA1652	117881	3	0	0	0	1	0	0	0	0	0	0
A	BL	7	19	1	1	BA1652	117937	3	0	0	0	0	0	0	0	1	0	0
A	BL	7	19	1	1	BA1652	117971	3	5	1	1	0	0	0	0	0	0	0
A	BL	7	19	1	1	BA1652	117981	5	4	0	0	0	0	0	0	0	0	0
A	BL	7	19	1	1	BA1652	117991	4	0	0	0	0	0	0	1	0	0	0
A	BL	7	19	1	1	BA1652	118010	4	5	1	1	0	0	0	0	0	0	0
A	BL	7	19	1	1	BA1652	118020	5	9	0	0	0	0	0	0	0	0	0
A	BL	7	19	1	1	BA1652	118028	9	0	0	0	0	0	0	1	0	0	0
A	BL	7	19	1	1	BA1652	118030	9	10	0	0	0	0	0	0	0	0	0
A	BL	7	19	1	1	BA1652	118105	10	2	0	0	0	0	0	0	0	0	0
A	BL	7	19	1	1	BA1652	118106	2	3	0	0	0	0	0	0	0	0	0
A	BL	7	19	1	1	BA1652	118262	3	5	1	1	0	0	0	0	0	0	0
A	BL	7	19	1	1	BA1652	118272	5	4	0	0	0	0	0	0	0	0	0
A	BL	7	19	1	1	BA1652	118275	4	0	0	0	0	0	0	1	0	0	0
A	BL	7	19	1	1	BA1652	118321	4	5	1	1	0	0	0	0	0	0	0
A	BL	7	19	1	1	BA1652	118331	5	9	0	0	0	0	0	0	0	0	0
A	BL	7	19	1	1	BA1652	118332	9	0	0	0	0	0	0	1	0	0	0
A	BL	7	19	1	1	BA1652	118335	9	0	0	1	0	0	0	0	0	0	0
A	BL	7	19	1	1	BA1652	118341	9	-1	0	0	0	0	0	0	0	0	0
A	BL	7	19	9	1	BA1653	0	0	1	0	0	0	0	0	0	0	0	0
A	BL	7	19	9	1	BA1653	50	1	2	0	0	0	0	0	0	0	0	0
A	BL	7	19	9	1	BA1653	51	2	6	0	0	0	0	0	0	0	0	0
A	BL	7	19	9	1	BA1653	5740	6	8	2	0	1	0	0	0	0	0	0
A	BL	7	19	9	1	BA1653	5743	8	0	0	0	0	0	0	0	1	0	0
A	BL	7	19	9	1	BA1653	5750	8	7	0	0	0	0	0	0	0	0	0
A	BL	7	19	9	1	BA1653	5782	7	8	2	0	1	0	0	0	0	0	0
A	BL	7	19	9	1	BA1653	5785	8	0	0	0	0	0	0	0	1	0	0
A	BL	7	19	9	1	BA1653	5792	8	9	0	0	0	0	0	0	0	0	0
A	BL	7	19	9	1	BA1653	5802	9	10	0	0	0	0	0	0	0	0	0
A	BL	7	19	9	1	BA1653	5877	10	2	0	0	0	0	0	0	0	0	0
A	BL	7	19	9	1	BA1653	5878	2	6	0	0	0	0	0	0	0	0	0
A	BL	7	19	9	1	BA1653	8258	6	8	2	0	1	0	0	0	0	0	0
A	BL	7	19	9	1	BA1653	8268	8	7	0	0	0	0	0	0	0	0	0
A	BL	7	19	9	1	BA1653	8281	7	0	0	0	0	0	0	0	1	0	0
A	BL	7	19	9	1	BA1653	8800	7	8	2	0	1	0	0	0	0	0	0
A	BL	7	19	9	1	BA1653	8810	8	9	0	0	0	0	0	0	0	0	0
A	BL	7	19	9	1	BA1653	8820	9	10	0	0	0	0	0	0	0	0	0
A	BL	7	19	9	1	BA1653	8821	10	0	0	0	0	0	0	0	1	0	0
A	BL	7	19	9	1	BA1653	8895	10	2	0	0	0	0	0	0	0	0	0
A	BL	7	19	9	1	BA1653	8896	2	6	0	0	0	0	0	0	0	0	0
A	BL	7	19	9	1	BA1653	9059	6	0	0	1	0	0	0	0	0	0	0
A	BL	7	19	9	1	BA1653	9072	6	0	0	0	0	0	0	1	0	0	0
A	BL	7	19	9	1	BA1653	9121	6	0	0	1	0	0	0	0	0	0	0
A	BL	7	19	9	1	BA1653	9138	6	0	0	0	0	0	0	1	0	0	0
A	BL	7	19	9	1	BA1653	9248	6	8	2	0	1	0	0	0	0	0	0
A	BL	7	19	9	1	BA1653	9258	8	7	0	0	0	0	0	0	0	0	0
A	BL	7	19	9	1	BA1653	9288	7	0	0	0	0	0	0	0	1	0	0
A	BL	7	19	9	1	BA1653	10939	7	8	2	0	1	0	0	0	0	0	0
A	BL	7	19	9	1	BA1653	10946	8	0	0	0	0	0	0	0	1	0	0
A	BL	7	19	9	1	BA1653	10949	8	9	0	0	0	0	0	0	0	0	0
A	BL	7	19	9	1	BA1653	10959	9	10	0	0	0	0	0	0	0	0	0
A	BL	7	19	9	1	BA1653	11034	10	2	0	0	0	0	0	0	0	0	0
A	BL	7	19	9	1	BA1653	11035	2	3	0	0	0	0	0	0	0	0	0
A	BL	7	19	9	1	BA1653	11183	3	5	1	1	0	0	0	0	0	0	0
A	BL	7	19	9	1	BA1653	11193	5	4	0	0	0	0	0	0	0	0	0
A	BL	7	19	9	1	BA1653	11213	4	0	0	0	0	0	0	1	0	0	0
A	BL	7	19	9	1	BA1653	11584	4	0	0	0	1	0	0	0	0	0	0
A	BL	7	19	9	1	BA1653	11590	4	0	0	0	0	0	0	0	1	0	0
A	BL	7	19	9	1	BA1653	11680	4	5	1	1	0	0	0	0	0	0	0
A	BL	7	19	9	1	BA1653	11690	5	9	0	0	0	0	0	0	0	0	0
A	BL	7	19	9	1	BA1653	11697	9	0	0	0	0	0	0	1	0	0	0
A	BL	7	19	9	1	BA1653	11700	9	10	0	0	0	0	0	0	0	0	0
A	BL	7	19	9	1	BA1653	11775	10	2	0	0	0	0	0	0	0	0	0
A	BL	7	19	9	1	BA1653	11776	2	6	0	0	0	0	0	0	0	0	0
A	BL	7	19	9	1	BA1653	11900	6	0	0	1	0	0	0	0	0	0	0
A	BL	7	19	9	1	BA1653	11925	6	0	0	0	0	0	0	1	0	0	0
A	BL	7	19	9	1	BA1653	11971	6	8	2	0	1	0	0	0	0	0	0
A	BL	7	19	9	1	BA1653	11981	8	7	0	0	0	0	0	0	0	0	0
A	BL	7	19	9	1	BA1653	12007	7	0	0	0	0	0	0	0	1	0	0
A	BL	7	19	9	1	BA1653	12072	7	8	2	0	1	0	0	0	0	0	0
A	BL	7	19	9	1	BA1653	12078	8	0	0	0	0	0	0	0	1	0	0
A	BL	7	19	9	1	BA1653	12080	8	0	0	0	1	0	0	0	0	0	0
A	BL	7	19	9	1	BA1653	12082	8	9	0	0	0	0	0	0	0	0	0
A	BL	7	19	9	1	BA1653	12083	9	0	0	0	0	0	0	0	1	0	0
A	BL	7	19	9	1	BA1653	12092	9	10	0	0	0	0	0	0	0	0	0
A	BL	7	19	9	1	BA1653	12167	10	2	0	0	0	0	0	0	0	0	0
A	BL	7	19	9	1	BA1653	12168	2	6	0	0	0	0	0	0	0	0	0
A	BL	7	19	9	1	BA1653	12373	6	0	0	1	0	0	0	0	0	0	0
A	BL	7	19	9	1	BA1653	12415	6	0	0	0	0	0	0	1	0	0	0
A	BL	7	19	9	1	BA1653	13366	6	0	0	1	0	0	0	0	0	0	0
A	BL	7	19	9	1	BA1653	13370	6	0	0	0	0	0	0	1	0	0	0
A	BL	7	19	9	1	BA1653	13737	6	0	0	1	0	0	0	0	0	0	0
A	BL	7	19	9	1	BA1653	13753	6	0	0	0	0	0	0	1	0	0	0
A	BL	7	19	9	1	BA1653	14087	6	8	2	0	1	0	0	0	0	0	0
A	BL	7	19	9	1	BA1653	14097	8	7	0	0	0	0	0	0	0	0	0
A	BL	7	19	9	1	BA1653	14104	7	0	0	0	0	0	0	0	1	0	0
A	BL	7	19	9	1	BA1653	14580	7	8	2	0	1	0	0	0	0	0	0
A	BL	7	19	9	1	BA1653	14584	8	0	0	0	0	0	0	0	1	0	0
A	BL	7	19	9	1	BA1653	14590	8	9	0	0	0	0	0	0	0	0	0
A	BL	7	19	9	1	BA1653	14600	9	10	0	0	0	0	0	0	0	0	0
A	BL	7	19	9	1	BA1653	14675	10	2	0	0	0	0	0	0	0	0	0
A	BL	7	19	9	1	BA1653	14676	2	3	0	0	0	0	0	0	0	0	0
A	BL	7	19	9	1	BA1653	14744	3	5	1	1	0	0	0	0	0	0	0
A	BL	7	19	9	1	BA1653	14754	5	4	0	0	0	0	0	0	0	0	0
A	BL	7	19	9	1	BA1653	14772	4	0	0	0	0	0	0	1	0	0	0
A	BL	7	19	9	1	BA1653	14916	4	5	1	1	0	0	0	0	0	0	0
A	BL	7	19	9	1	BA1653	14926	5	9	0	0	0	0	0	0	0	0	0
A	BL	7	19	9	1	BA1653	14933	9	0	0	0	0	0	0	1	0	0	0
A	BL	7	19	9	1	BA1653	14936	9	10	0	0	0	0	0	0	0	0	0
A	BL	7	19	9	1	BA1653	15011	10	2	0	0	0	0	0	0	0	0	0
A	BL	7	19	9	1	BA1653	15012	2	6	0	0	0	0	0	0	0	0	0
A	BL	7	19	9	1	BA1653	15115	6	0	0	1	0	0	0	0	0	0	0
A	BL	7	19	9	1	BA1653	15135	6	0	0	0	0	0	0	1	0	0	0
A	BL	7	19	9	1	BA1653	16202	6	8	2	0	1	0	0	0	0	0	0
A	BL	7	19	9	1	BA1653	16212	8	7	0	0	0	0	0	0	0	0	0
A	BL	7	19	9	1	BA1653	16231	7	0	0	0	0	0	0	0	1	0	0
A	BL	7	19	9	1	BA1653	16640	7	8	2	0	1	0	0	0	0	0	0
A	BL	7	19	9	1	BA1653	16650	8	9	0	0	0	0	0	0	0	0	0
A	BL	7	19	9	1	BA1653	16660	9	10	0	0	0	0	0	0	1	0	0
A	BL	7	19	9	1	BA1653	16735	10	2	0	0	0	0	0	0	0	0	0
A	BL	7	19	9	1	BA1653	16736	2	6	0	0	0	0	0	0	0	0	0
A	BL	7	19	9	1	BA1653	16810	6	0	0	1	0	0	0	0	0	0	0
A	BL	7	19	9	1	BA1653	16830	6	0	0	0	0	0	0	1	0	0	0
A	BL	7	19	9	1	BA1653	17115	6	8	2	0	1	0	0	0	0	0	0
A	BL	7	19	9	1	BA1653	17125	8	7	0	0	0	0	0	0	0	0	0
A	BL	7	19	9	1	BA1653	17137	7	0	0	0	0	0	0	0	1	0	0
A	BL	7	19	9	1	BA1653	17151	7	8	2	0	1	0	0	0	0	0	0
A	BL	7	19	9	1	BA1653	17157	8	0	0	0	0	0	0	0	1	0	0
A	BL	7	19	9	1	BA1653	17161	8	9	0	0	0	0	0	0	0	0	0
A	BL	7	19	9	1	BA1653	17171	9	10	0	0	0	0	0	0	0	0	0
A	BL	7	19	9	1	BA1653	17246	10	2	0	0	0	0	0	0	0	0	0
A	BL	7	19	9	1	BA1653	17247	2	3	0	0	0	0	0	0	0	0	0
A	BL	7	19	9	1	BA1653	17293	3	5	1	1	0	0	0	0	0	0	0
A	BL	7	19	9	1	BA1653	17303	5	4	0	0	0	0	0	0	0	0	0
A	BL	7	19	9	1	BA1653	17327	4	0	0	0	0	0	0	1	0	0	0
A	BL	7	19	9	1	BA1653	17400	4	5	1	1	0	0	0	0	0	0	0
A	BL	7	19	9	1	BA1653	17410	5	9	0	0	0	0	0	0	0	0	0
A	BL	7	19	9	1	BA1653	17419	9	0	0	0	0	0	0	1	0	0	0
A	BL	7	19	9	1	BA1653	17420	9	10	0	0	0	0	0	0	0	0	0
A	BL	7	19	9	1	BA1653	17495	10	2	0	0	0	0	0	0	0	0	0
A	BL	7	19	9	1	BA1653	17496	2	3	0	0	0	0	0	0	0	0	0
A	BL	7	19	9	1	BA1653	17556	3	5	1	1	0	0	0	0	0	0	0
A	BL	7	19	9	1	BA1653	17566	5	4	0	0	0	0	0	0	0	0	0
A	BL	7	19	9	1	BA1653	17576	4	0	0	0	0	0	0	1	0	0	0
A	BL	7	19	9	1	BA1653	17696	4	0	0	0	1	0	0	0	0	0	0
A	BL	7	19	9	1	BA1653	17716	4	0	0	0	0	0	0	0	1	0	0
A	BL	7	19	9	1	BA1653	17758	4	5	1	1	0	0	0	0	0	0	0
A	BL	7	19	9	1	BA1653	17768	5	9	0	0	0	0	0	0	0	0	0
A	BL	7	19	9	1	BA1653	17778	9	-1	0	0	0	0	0	0	0	0	0
