Project	UserID	Protocol	Session	Station	Run	Subject	Time	Current State	Transition State	Transition Event	A1 - 	A2 - 	A3 - 	A4 - 	A[1] 	A[2] 	A[3] 	A[4] 
A	AG	6	18	1	1	BA1650	0	0	1	0	0	0	0	0	0	0	0	0
A	AG	6	18	1	1	BA1650	50	1	2	0	0	0	0	0	0	0	0	0
A	AG	6	18	1	1	BA1650	51	2	6	0	0	0	0	0	0	0	0	0
A	AG	6	18	1	1	BA1650	2843	6	8	2	0	1	0	0	0	0	0	0
A	AG	6	18	1	1	BA1650	2853	8	9	0	0	0	0	0	0	0	0	0
A	AG	6	18	1	1	BA1650	2863	9	10	0	0	0	0	0	0	0	0	0
A	AG	6	18	1	1	BA1650	2865	10	0	0	0	0	0	0	0	1	0	0
A	AG	6	18	1	1	BA1650	2913	10	2	0	0	0	0	0	0	0	0	0
A	AG	6	18	1	1	BA1650	2914	2	6	0	0	0	0	0	0	0	0	0
A	AG	6	18	1	1	BA1650	3511	6	0	0	1	0	0	0	0	0	0	0
A	AG	6	18	1	1	BA1650	3522	6	0	0	0	0	0	0	1	0	0	0
A	AG	6	18	1	1	BA1650	3556	6	0	0	1	0	0	0	0	0	0	0
A	AG	6	18	1	1	BA1650	3569	6	0	0	0	0	0	0	1	0	0	0
A	AG	6	18	1	1	BA1650	3597	6	0	0	1	0	0	0	0	0	0	0
A	AG	6	18	1	1	BA1650	3601	6	0	0	0	0	0	0	1	0	0	0
A	AG	6	18	1	1	BA1650	3643	6	0	0	1	0	0	0	0	0	0	0
A	AG	6	18	1	1	BA1650	3653	6	0	0	0	0	0	0	1	0	0	0
A	AG	6	18	1	1	BA1650	3903	6	8	2	0	1	0	0	0	0	0	0
A	AG	6	18	1	1	BA1650	3913	8	9	0	0	0	0	0	0	0	0	0
A	AG	6	18	1	1	BA1650	3914	9	0	0	0	0	0	0	0	1	0	0
A	AG	6	18	1	1	BA1650	3923	9	10	0	0	1	0	0	0	0	0	0
A	AG	6	18	1	1	BA1650	3925	10	0	0	0	0	0	0	0	1	0	0
A	AG	6	18	1	1	BA1650	3973	10	2	0	0	0	0	0	0	0	0	0
A	AG	6	18	1	1	BA1650	3974	2	6	0	0	0	0	0	0	0	0	0
A	AG	6	18	1	1	BA1650	4127	6	0	0	1	0	0	0	0	0	0	0
A	AG	6	18	1	1	BA1650	4139	6	0	0	0	0	0	0	1	0	0	0
A	AG	6	18	1	1	BA1650	4252	6	8	2	0	1	0	0	0	0	0	0
A	AG	6	18	1	1	BA1650	4262	8	9	0	0	0	0	0	0	0	0	0
A	AG	6	18	1	1	BA1650	4269	9	0	0	0	0	0	0	0	1	0	0
A	AG	6	18	1	1	BA1650	4272	9	10	0	0	0	0	0	0	0	0	0
A	AG	6	18	1	1	BA1650	4322	10	2	0	0	0	0	0	0	0	0	0
A	AG	6	18	1	1	BA1650	4323	2	3	0	0	0	0	0	0	0	0	0
A	AG	6	18	1	1	BA1650	4416	3	5	1	1	0	0	0	0	0	0	0
A	AG	6	18	1	1	BA1650	4426	5	9	0	0	0	0	0	0	0	0	0
A	AG	6	18	1	1	BA1650	4433	9	0	0	0	0	0	0	1	0	0	0
A	AG	6	18	1	1	BA1650	4436	9	10	0	0	0	0	0	0	0	0	0
A	AG	6	18	1	1	BA1650	4486	10	2	0	0	0	0	0	0	0	0	0
A	AG	6	18	1	1	BA1650	4487	2	6	0	0	0	0	0	0	0	0	0
A	AG	6	18	1	1	BA1650	4791	6	8	2	0	1	0	0	0	0	0	0
A	AG	6	18	1	1	BA1650	4801	8	9	0	0	0	0	0	0	0	0	0
A	AG	6	18	1	1	BA1650	4808	9	0	0	0	0	0	0	0	1	0	0
A	AG	6	18	1	1	BA1650	4811	9	10	0	0	0	0	0	0	0	0	0
A	AG	6	18	1	1	BA1650	4861	10	2	0	0	0	0	0	0	0	0	0
A	AG	6	18	1	1	BA1650	4862	2	6	0	0	0	0	0	0	0	0	0
A	AG	6	18	1	1	BA1650	5240	6	0	0	1	0	0	0	0	0	0	0
A	AG	6	18	1	1	BA1650	5242	6	0	0	0	0	0	0	1	0	0	0
A	AG	6	18	1	1	BA1650	5414	6	8	2	0	1	0	0	0	0	0	0
A	AG	6	18	1	1	BA1650	5424	8	9	0	0	0	0	0	0	0	0	0
A	AG	6	18	1	1	BA1650	5431	9	0	0	0	0	0	0	0	1	0	0
A	AG	6	18	1	1	BA1650	5434	9	10	0	0	0	0	0	0	0	0	0
A	AG	6	18	1	1	BA1650	5484	10	2	0	0	0	0	0	0	0	0	0
A	AG	6	18	1	1	BA1650	5485	2	3	0	0	0	0	0	0	0	0	0
A	AG	6	18	1	1	BA1650	5568	3	5	1	1	0	0	0	0	0	0	0
A	AG	6	18	1	1	BA1650	5578	5	9	0	0	0	0	0	0	0	0	0
A	AG	6	18	1	1	BA1650	5586	9	0	0	0	0	0	0	1	0	0	0
A	AG	6	18	1	1	BA1650	5588	9	10	0	0	0	0	0	0	0	0	0
A	AG	6	18	1	1	BA1650	5638	10	2	0	0	0	0	0	0	0	0	0
A	AG	6	18	1	1	BA1650	5639	2	6	0	0	0	0	0	0	0	0	0
A	AG	6	18	1	1	BA1650	6195	6	0	0	1	0	0	0	0	0	0	0
A	AG	6	18	1	1	BA1650	6208	6	0	0	0	0	0	0	1	0	0	0
A	AG	6	18	1	1	BA1650	6478	6	0	0	1	0	0	0	0	0	0	0
A	AG	6	18	1	1	BA1650	6504	6	0	0	0	0	0	0	1	0	0	0
A	AG	6	18	1	1	BA1650	7016	6	0	0	1	0	0	0	0	0	0	0
A	AG	6	18	1	1	BA1650	7024	6	0	0	0	0	0	0	1	0	0	0
A	AG	6	18	1	1	BA1650	7577	6	8	2	0	1	0	0	0	0	0	0
A	AG	6	18	1	1	BA1650	7587	8	9	0	0	0	0	0	0	0	0	0
A	AG	6	18	1	1	BA1650	7589	9	0	0	0	0	0	0	0	1	0	0
A	AG	6	18	1	1	BA1650	7597	9	10	0	0	0	0	0	0	0	0	0
A	AG	6	18	1	1	BA1650	7647	10	2	0	0	0	0	0	0	0	0	0
A	AG	6	18	1	1	BA1650	7648	2	6	0	0	0	0	0	0	0	0	0
A	AG	6	18	1	1	BA1650	7760	6	0	0	1	0	0	0	0	0	0	0
A	AG	6	18	1	1	BA1650	7782	6	0	0	0	0	0	0	1	0	0	0
A	AG	6	18	1	1	BA1650	7835	6	0	0	1	0	0	0	0	0	0	0
A	AG	6	18	1	1	BA1650	7843	6	0	0	0	0	0	0	1	0	0	0
A	AG	6	18	1	1	BA1650	8009	6	8	2	0	1	0	0	0	0	0	0
A	AG	6	18	1	1	BA1650	8019	8	9	0	0	0	0	0	0	0	0	0
A	AG	6	18	1	1	BA1650	8029	9	10	0	0	0	0	0	0	1	0	0
A	AG	6	18	1	1	BA1650	8079	10	2	0	0	0	0	0	0	0	0	0
A	AG	6	18	1	1	BA1650	8080	2	3	0	0	0	0	0	0	0	0	0
A	AG	6	18	1	1	BA1650	8336	3	5	1	1	0	0	0	0	0	0	0
A	AG	6	18	1	1	BA1650	8346	5	9	0	0	0	0	0	0	0	0	0
A	AG	6	18	1	1	BA1650	8353	9	0	0	0	0	0	0	1	0	0	0
A	AG	6	18	1	1	BA1650	8356	9	10	0	0	0	0	0	0	0	0	0
A	AG	6	18	1	1	BA1650	8406	10	2	0	0	0	0	0	0	0	0	0
A	AG	6	18	1	1	BA1650	8407	2	3	0	0	0	0	0	0	0	0	0
A	AG	6	18	1	1	BA1650	8545	3	5	1	1	0	0	0	0	0	0	0
A	AG	6	18	1	1	BA1650	8555	5	9	0	0	0	0	0	0	0	0	0
A	AG	6	18	1	1	BA1650	8559	9	0	0	0	0	0	0	1	0	0	0
A	AG	6	18	1	1	BA1650	8565	9	-1	0	0	0	0	0	0	0	0	0
A	AG	6	18	9	1	BA1651	0	0	1	0	0	0	0	0	0	0	0	0
A	AG	6	18	9	1	BA1651	50	1	2	0	0	0	0	0	0	0	0	0
A	AG	6	18	9	1	BA1651	51	2	6	0	0	0	0	0	0	0	0	0
A	AG	6	18	9	1	BA1651	67	6	0	0	0	0	0	0	1	0	0	0
A	AG	6	18	9	1	BA1651	4007	6	0	0	1	0	0	0	0	0	0	0
A	AG	6	18	9	1	BA1651	4030	6	0	0	0	0	0	0	1	0	0	0
A	AG	6	18	9	1	BA1651	4097	6	0	0	1	0	0	0	0	0	0	0
A	AG	6	18	9	1	BA1651	4131	6	0	0	0	0	0	0	1	0	0	0
A	AG	6	18	9	1	BA1651	6456	6	0	0	1	0	0	0	0	0	0	0
A	AG	6	18	9	1	BA1651	6480	6	0	0	0	0	0	0	1	0	0	0
A	AG	6	18	9	1	BA1651	6569	6	0	0	1	0	0	0	0	0	0	0
A	AG	6	18	9	1	BA1651	6612	6	0	0	0	0	0	0	1	0	0	0
A	AG	6	18	9	1	BA1651	7106	6	0	0	1	0	0	0	0	0	0	0
A	AG	6	18	9	1	BA1651	7152	6	0	0	0	0	0	0	1	0	0	0
A	AG	6	18	9	1	BA1651	7184	6	0	0	1	0	0	0	0	0	0	0
A	AG	6	18	9	1	BA1651	7251	6	0	0	0	0	0	0	1	0	0	0
A	AG	6	18	9	1	BA1651	7672	6	0	0	1	0	0	0	0	0	0	0
A	AG	6	18	9	1	BA1651	7711	6	0	0	0	0	0	0	1	0	0	0
A	AG	6	18	9	1	BA1651	8114	6	0	0	1	0	0	0	0	0	0	0
A	AG	6	18	9	1	BA1651	8143	6	0	0	0	0	0	0	1	0	0	0
A	AG	6	18	9	1	BA1651	8146	6	0	0	1	0	0	0	0	0	0	0
A	AG	6	18	9	1	BA1651	8173	6	0	0	0	0	0	0	1	0	0	0
A	AG	6	18	9	1	BA1651	8280	6	0	0	1	0	0	0	0	0	0	0
A	AG	6	18	9	1	BA1651	8383	6	0	0	0	0	0	0	1	0	0	0
A	AG	6	18	9	1	BA1651	8403	6	0	0	1	0	0	0	0	0	0	0
A	AG	6	18	9	1	BA1651	8438	6	0	0	0	0	0	0	1	0	0	0
A	AG	6	18	9	1	BA1651	8456	6	0	0	1	0	0	0	0	0	0	0
A	AG	6	18	9	1	BA1651	8562	6	0	0	0	0	0	0	1	0	0	0
A	AG	6	18	9	1	BA1651	8671	6	0	0	1	0	0	0	0	0	0	0
A	AG	6	18	9	1	BA1651	8691	6	0	0	0	0	0	0	1	0	0	0
A	AG	6	18	9	1	BA1651	8738	6	0	0	1	0	0	0	0	0	0	0
A	AG	6	18	9	1	BA1651	8742	6	0	0	0	0	0	0	1	0	0	0
A	AG	6	18	9	1	BA1651	9918	6	0	0	1	0	0	0	0	0	0	0
A	AG	6	18	9	1	BA1651	9935	6	0	0	0	0	0	0	1	0	0	0
A	AG	6	18	9	1	BA1651	10727	6	0	0	1	0	0	0	0	0	0	0
A	AG	6	18	9	1	BA1651	10757	6	0	0	0	0	0	0	1	0	0	0
A	AG	6	18	9	1	BA1651	10782	6	0	0	1	0	0	0	0	0	0	0
A	AG	6	18	9	1	BA1651	10810	6	0	0	0	0	0	0	1	0	0	0
A	AG	6	18	9	1	BA1651	10902	6	0	0	1	0	0	0	0	0	0	0
A	AG	6	18	9	1	BA1651	10938	6	0	0	0	0	0	0	1	0	0	0
A	AG	6	18	9	1	BA1651	10941	6	0	0	1	0	0	0	0	0	0	0
A	AG	6	18	9	1	BA1651	10968	6	0	0	0	0	0	0	1	0	0	0
A	AG	6	18	9	1	BA1651	11157	6	0	0	1	0	0	0	0	0	0	0
A	AG	6	18	9	1	BA1651	11330	6	0	0	0	0	0	0	1	0	0	0
A	AG	6	18	9	1	BA1651	11337	6	0	0	1	0	0	0	0	0	0	0
A	AG	6	18	9	1	BA1651	11379	6	0	0	0	0	0	0	1	0	0	0
A	AG	6	18	9	1	BA1651	11399	6	0	0	1	0	0	0	0	0	0	0
A	AG	6	18	9	1	BA1651	11430	6	0	0	0	0	0	0	1	0	0	0
A	AG	6	18	9	1	BA1651	11436	6	0	0	1	0	0	0	0	0	0	0
A	AG	6	18	9	1	BA1651	11464	6	0	0	0	0	0	0	1	0	0	0
A	AG	6	18	9	1	BA1651	11593	6	0	0	1	0	0	0	0	0	0	0
A	AG	6	18	9	1	BA1651	11629	6	0	0	0	0	0	0	1	0	0	0
A	AG	6	18	9	1	BA1651	12229	6	0	0	1	0	0	0	0	0	0	0
A	AG	6	18	9	1	BA1651	12241	6	0	0	0	0	0	0	1	0	0	0
A	AG	6	18	9	1	BA1651	12244	6	0	0	1	0	0	0	0	0	0	0
A	AG	6	18	9	1	BA1651	12276	6	0	0	0	0	0	0	1	0	0	0
A	AG	6	18	9	1	BA1651	13378	6	0	0	1	0	0	0	0	0	0	0
A	AG	6	18	9	1	BA1651	13463	6	0	0	0	0	0	0	1	0	0	0
A	AG	6	18	9	1	BA1651	14260	6	0	0	1	0	0	0	0	0	0	0
A	AG	6	18	9	1	BA1651	14278	6	0	0	0	0	0	0	1	0	0	0
A	AG	6	18	9	1	BA1651	15865	6	0	0	1	0	0	0	0	0	0	0
A	AG	6	18	9	1	BA1651	15872	6	0	0	0	0	0	0	1	0	0	0
A	AG	6	18	9	1	BA1651	15879	6	0	0	1	0	0	0	0	0	0	0
A	AG	6	18	9	1	BA1651	15926	6	0	0	0	0	0	0	1	0	0	0
A	AG	6	18	9	1	BA1651	18115	6	0	0	1	0	0	0	0	0	0	0
A	AG	6	18	9	1	BA1651	18146	6	0	0	0	0	0	0	1	0	0	0
A	AG	6	18	9	1	BA1651	18449	6	0	0	1	0	0	0	0	0	0	0
A	AG	6	18	9	1	BA1651	18473	6	0	0	0	0	0	0	1	0	0	0
A	AG	6	18	9	1	BA1651	18706	6	0	0	1	0	0	0	0	0	0	0
A	AG	6	18	9	1	BA1651	18751	6	0	0	0	0	0	0	1	0	0	0
A	AG	6	18	9	1	BA1651	19495	6	0	0	1	0	0	0	0	0	0	0
A	AG	6	18	9	1	BA1651	19516	6	0	0	0	0	0	0	1	0	0	0
A	AG	6	18	9	1	BA1651	22443	6	0	0	1	0	0	0	0	0	0	0
A	AG	6	18	9	1	BA1651	22481	6	0	0	0	0	0	0	1	0	0	0
A	AG	6	18	9	1	BA1651	23139	6	0	0	1	0	0	0	0	0	0	0
A	AG	6	18	9	1	BA1651	23246	6	0	0	0	0	0	0	1	0	0	0
A	AG	6	18	9	1	BA1651	23249	6	0	0	1	0	0	0	0	0	0	0
A	AG	6	18	9	1	BA1651	23261	6	0	0	0	0	0	0	1	0	0	0
A	AG	6	18	9	1	BA1651	23306	6	0	0	1	0	0	0	0	0	0	0
A	AG	6	18	9	1	BA1651	23335	6	0	0	0	0	0	0	1	0	0	0
A	AG	6	18	9	1	BA1651	23727	6	0	0	1	0	0	0	0	0	0	0
A	AG	6	18	9	1	BA1651	23784	6	0	0	0	0	0	0	1	0	0	0
A	AG	6	18	9	1	BA1651	23932	6	0	0	1	0	0	0	0	0	0	0
A	AG	6	18	9	1	BA1651	23950	6	0	0	0	0	0	0	1	0	0	0
A	AG	6	18	9	1	BA1651	23955	6	0	0	1	0	0	0	0	0	0	0
A	AG	6	18	9	1	BA1651	24089	6	0	0	0	0	0	0	1	0	0	0
A	AG	6	18	9	1	BA1651	24244	6	0	0	1	0	0	0	0	0	0	0
A	AG	6	18	9	1	BA1651	24257	6	0	0	0	0	0	0	1	0	0	0
A	AG	6	18	9	1	BA1651	24264	6	0	0	1	0	0	0	0	0	0	0
A	AG	6	18	9	1	BA1651	24286	6	0	0	0	0	0	0	1	0	0	0
A	AG	6	18	9	1	BA1651	24376	6	0	0	1	0	0	0	0	0	0	0
A	AG	6	18	9	1	BA1651	24404	6	0	0	0	0	0	0	1	0	0	0
A	AG	6	18	9	1	BA1651	25851	6	0	0	1	0	0	0	0	0	0	0
A	AG	6	18	9	1	BA1651	25898	6	0	0	0	0	0	0	1	0	0	0
A	AG	6	18	9	1	BA1651	29113	6	0	0	1	0	0	0	0	0	0	0
A	AG	6	18	9	1	BA1651	29225	6	0	0	0	0	0	0	1	0	0	0
A	AG	6	18	9	1	BA1651	29241	6	0	0	1	0	0	0	0	0	0	0
A	AG	6	18	9	1	BA1651	29286	6	0	0	0	0	0	0	1	0	0	0
A	AG	6	18	9	1	BA1651	29397	6	0	0	1	0	0	0	0	0	0	0
A	AG	6	18	9	1	BA1651	29502	6	0	0	0	0	0	0	1	0	0	0
A	AG	6	18	9	1	BA1651	31856	6	0	0	1	0	0	0	0	0	0	0
A	AG	6	18	9	1	BA1651	31912	6	0	0	0	0	0	0	1	0	0	0
A	AG	6	18	9	1	BA1651	32002	6	0	0	1	0	0	0	0	0	0	0
A	AG	6	18	9	1	BA1651	32033	6	0	0	0	0	0	0	1	0	0	0
A	AG	6	18	9	1	BA1651	32137	6	0	0	1	0	0	0	0	0	0	0
A	AG	6	18	9	1	BA1651	32182	6	0	0	0	0	0	0	1	0	0	0
A	AG	6	18	9	1	BA1651	41799	6	0	0	1	0	0	0	0	0	0	0
A	AG	6	18	9	1	BA1651	41827	6	0	0	0	0	0	0	1	0	0	0
A	AG	6	18	9	1	BA1651	41994	6	0	0	1	0	0	0	0	0	0	0
A	AG	6	18	9	1	BA1651	42068	6	0	0	0	0	0	0	1	0	0	0
A	AG	6	18	9	1	BA1651	42169	6	0	0	1	0	0	0	0	0	0	0
A	AG	6	18	9	1	BA1651	42293	6	0	0	0	0	0	0	1	0	0	0
A	AG	6	18	9	1	BA1651	42381	6	0	0	1	0	0	0	0	0	0	0
A	AG	6	18	9	1	BA1651	42428	6	0	0	0	0	0	0	1	0	0	0
A	AG	6	18	9	1	BA1651	45486	6	0	0	1	0	0	0	0	0	0	0
A	AG	6	18	9	1	BA1651	45551	6	0	0	0	0	0	0	1	0	0	0
A	AG	6	18	9	1	BA1651	348785	6	0	0	1	0	0	0	0	0	0	0
A	AG	6	18	9	1	BA1651	348843	6	0	0	0	0	0	0	1	0	0	0
A	AG	6	18	9	1	BA1651	349035	6	0	0	1	0	0	0	0	0	0	0
A	AG	6	18	9	1	BA1651	349053	6	0	0	0	0	0	0	1	0	0	0
A	AG	6	18	9	1	BA1651	383176	6	8	2	0	1	0	0	0	0	0	0
A	AG	6	18	9	1	BA1651	383186	8	9	0	0	0	0	0	0	0	0	0
A	AG	6	18	9	1	BA1651	383190	9	0	0	0	0	0	0	0	1	0	0
A	AG	6	18	9	1	BA1651	383196	9	10	0	0	0	0	0	0	0	0	0
A	AG	6	18	9	1	BA1651	383246	10	2	0	0	0	0	0	0	0	0	0
A	AG	6	18	9	1	BA1651	383247	2	6	0	0	0	0	0	0	0	0	0
A	AG	6	18	9	1	BA1651	388167	6	8	2	0	1	0	0	0	0	0	0
A	AG	6	18	9	1	BA1651	388177	8	9	0	0	0	0	0	0	0	0	0
A	AG	6	18	9	1	BA1651	388187	9	10	0	0	0	0	0	0	0	0	0
A	AG	6	18	9	1	BA1651	388192	10	0	0	0	1	0	0	0	1	0	0
A	AG	6	18	9	1	BA1651	388195	10	0	0	0	0	0	0	0	1	0	0
A	AG	6	18	9	1	BA1651	388237	10	2	0	0	0	0	0	0	0	0	0
A	AG	6	18	9	1	BA1651	388238	2	6	0	0	0	0	0	0	0	0	0
A	AG	6	18	9	1	BA1651	388326	6	8	2	0	1	0	0	0	0	0	0
A	AG	6	18	9	1	BA1651	388336	8	9	0	0	0	0	0	0	0	0	0
A	AG	6	18	9	1	BA1651	388346	9	10	0	0	0	0	0	0	0	0	0
A	AG	6	18	9	1	BA1651	388356	10	0	0	0	0	0	0	0	1	0	0
A	AG	6	18	9	1	BA1651	388396	10	2	0	0	0	0	0	0	0	0	0
A	AG	6	18	9	1	BA1651	388397	2	3	0	0	0	0	0	0	0	0	0
A	AG	6	18	9	1	BA1651	388536	3	0	0	0	1	0	0	0	0	0	0
A	AG	6	18	9	1	BA1651	388643	3	0	0	0	0	0	0	0	1	0	0
A	AG	6	18	9	1	BA1651	389251	3	0	0	0	1	0	0	0	0	0	0
A	AG	6	18	9	1	BA1651	389268	3	0	0	0	0	0	0	0	1	0	0
A	AG	6	18	9	1	BA1651	389777	3	0	0	0	1	0	0	0	0	0	0
A	AG	6	18	9	1	BA1651	389865	3	0	0	0	0	0	0	0	1	0	0
A	AG	6	18	9	1	BA1651	390047	3	0	0	0	1	0	0	0	0	0	0
A	AG	6	18	9	1	BA1651	390057	3	0	0	0	0	0	0	0	1	0	0
A	AG	6	18	9	1	BA1651	390078	3	0	0	0	1	0	0	0	0	0	0
A	AG	6	18	9	1	BA1651	390104	3	0	0	0	0	0	0	0	1	0	0
A	AG	6	18	9	1	BA1651	390123	3	0	0	0	1	0	0	0	0	0	0
A	AG	6	18	9	1	BA1651	390154	3	0	0	0	0	0	0	0	1	0	0
A	AG	6	18	9	1	BA1651	390466	3	0	0	0	1	0	0	0	0	0	0
A	AG	6	18	9	1	BA1651	390488	3	0	0	0	0	0	0	0	1	0	0
A	AG	6	18	9	1	BA1651	391218	3	0	0	0	1	0	0	0	0	0	0
A	AG	6	18	9	1	BA1651	391281	3	0	0	0	0	0	0	0	1	0	0
A	AG	6	18	9	1	BA1651	391510	3	0	0	0	1	0	0	0	0	0	0
A	AG	6	18	9	1	BA1651	391534	3	0	0	0	0	0	0	0	1	0	0
A	AG	6	18	9	1	BA1651	391695	3	0	0	0	1	0	0	0	0	0	0
A	AG	6	18	9	1	BA1651	391727	3	0	0	0	0	0	0	0	1	0	0
A	AG	6	18	9	1	BA1651	391732	3	0	0	0	1	0	0	0	0	0	0
A	AG	6	18	9	1	BA1651	391740	3	0	0	0	0	0	0	0	1	0	0
A	AG	6	18	9	1	BA1651	391876	3	0	0	0	1	0	0	0	0	0	0
A	AG	6	18	9	1	BA1651	391887	3	0	0	0	0	0	0	0	1	0	0
A	AG	6	18	9	1	BA1651	392096	3	0	0	0	1	0	0	0	0	0	0
A	AG	6	18	9	1	BA1651	392147	3	0	0	0	0	0	0	0	1	0	0
A	AG	6	18	9	1	BA1651	392299	3	0	0	0	1	0	0	0	0	0	0
A	AG	6	18	9	1	BA1651	392382	3	0	0	0	0	0	0	0	1	0	0
A	AG	6	18	9	1	BA1651	392951	3	0	0	0	1	0	0	0	0	0	0
A	AG	6	18	9	1	BA1651	392960	3	0	0	0	0	0	0	0	1	0	0
A	AG	6	18	9	1	BA1651	393045	3	0	0	0	1	0	0	0	0	0	0
A	AG	6	18	9	1	BA1651	393059	3	0	0	0	0	0	0	0	1	0	0
A	AG	6	18	9	1	BA1651	393070	3	0	0	0	1	0	0	0	0	0	0
A	AG	6	18	9	1	BA1651	393085	3	0	0	0	0	0	0	0	1	0	0
A	AG	6	18	9	1	BA1651	393223	3	0	0	0	1	0	0	0	0	0	0
A	AG	6	18	9	1	BA1651	393251	3	0	0	0	0	0	0	0	1	0	0
A	AG	6	18	9	1	BA1651	393308	3	0	0	0	1	0	0	0	0	0	0
A	AG	6	18	9	1	BA1651	393338	3	0	0	0	0	0	0	0	1	0	0
A	AG	6	18	9	1	BA1651	393350	3	0	0	0	1	0	0	0	0	0	0
A	AG	6	18	9	1	BA1651	393364	3	0	0	0	0	0	0	0	1	0	0
A	AG	6	18	9	1	BA1651	393372	3	0	0	0	1	0	0	0	0	0	0
A	AG	6	18	9	1	BA1651	393385	3	0	0	0	0	0	0	0	1	0	0
A	AG	6	18	9	1	BA1651	393436	3	0	0	0	1	0	0	0	0	0	0
A	AG	6	18	9	1	BA1651	393439	3	0	0	0	0	0	0	0	1	0	0
A	AG	6	18	9	1	BA1651	393601	3	0	0	0	1	0	0	0	0	0	0
A	AG	6	18	9	1	BA1651	393671	3	0	0	0	0	0	0	0	1	0	0
A	AG	6	18	9	1	BA1651	393734	3	0	0	0	1	0	0	0	0	0	0
A	AG	6	18	9	1	BA1651	393764	3	0	0	0	0	0	0	0	1	0	0
A	AG	6	18	9	1	BA1651	394047	3	0	0	0	1	0	0	0	0	0	0
A	AG	6	18	9	1	BA1651	394295	3	0	0	0	0	0	0	0	1	0	0
A	AG	6	18	9	1	BA1651	394456	3	0	0	0	1	0	0	0	0	0	0
A	AG	6	18	9	1	BA1651	394469	3	0	0	0	0	0	0	0	1	0	0
A	AG	6	18	9	1	BA1651	394474	3	0	0	0	1	0	0	0	0	0	0
A	AG	6	18	9	1	BA1651	394498	3	0	0	0	0	0	0	0	1	0	0
A	AG	6	18	9	1	BA1651	394505	3	0	0	0	1	0	0	0	0	0	0
A	AG	6	18	9	1	BA1651	394531	3	0	0	0	0	0	0	0	1	0	0
A	AG	6	18	9	1	BA1651	395400	3	0	0	0	1	0	0	0	0	0	0
A	AG	6	18	9	1	BA1651	395442	3	0	0	0	0	0	0	0	1	0	0
A	AG	6	18	9	1	BA1651	397433	3	5	1	1	0	0	0	0	0	0	0
A	AG	6	18	9	1	BA1651	397443	5	9	0	0	0	0	0	0	0	0	0
A	AG	6	18	9	1	BA1651	397451	9	0	0	0	0	0	0	1	0	0	0
A	AG	6	18	9	1	BA1651	397453	9	10	0	0	0	0	0	0	0	0	0
A	AG	6	18	9	1	BA1651	397503	10	2	0	0	0	0	0	0	0	0	0
A	AG	6	18	9	1	BA1651	397504	2	6	0	0	0	0	0	0	0	0	0
A	AG	6	18	9	1	BA1651	397597	6	0	0	1	0	0	0	0	0	0	0
A	AG	6	18	9	1	BA1651	397626	6	0	0	0	0	0	0	1	0	0	0
A	AG	6	18	9	1	BA1651	399127	6	8	2	0	1	0	0	0	0	0	0
A	AG	6	18	9	1	BA1651	399137	8	9	0	0	0	0	0	0	0	0	0
A	AG	6	18	9	1	BA1651	399147	9	10	0	0	0	0	0	0	0	0	0
A	AG	6	18	9	1	BA1651	399154	10	0	0	0	0	0	0	0	1	0	0
A	AG	6	18	9	1	BA1651	399197	10	2	0	0	0	0	0	0	0	0	0
A	AG	6	18	9	1	BA1651	399198	2	6	0	0	0	0	0	0	0	0	0
A	AG	6	18	9	1	BA1651	399932	6	8	2	0	1	0	0	0	0	0	0
A	AG	6	18	9	1	BA1651	399942	8	9	0	0	0	0	0	0	0	0	0
A	AG	6	18	9	1	BA1651	399952	9	10	0	0	0	0	0	0	0	0	0
A	AG	6	18	9	1	BA1651	399957	10	0	0	0	0	0	0	0	1	0	0
A	AG	6	18	9	1	BA1651	400002	10	2	0	0	0	0	0	0	0	0	0
A	AG	6	18	9	1	BA1651	400003	2	3	0	0	0	0	0	0	0	0	0
A	AG	6	18	9	1	BA1651	400063	3	0	0	0	1	0	0	0	0	0	0
A	AG	6	18	9	1	BA1651	400133	3	0	0	0	0	0	0	0	1	0	0
A	AG	6	18	9	1	BA1651	400333	3	0	0	0	1	0	0	0	0	0	0
A	AG	6	18	9	1	BA1651	400374	3	0	0	0	0	0	0	0	1	0	0
A	AG	6	18	9	1	BA1651	400542	3	0	0	0	1	0	0	0	0	0	0
A	AG	6	18	9	1	BA1651	400768	3	0	0	0	0	0	0	0	1	0	0
A	AG	6	18	9	1	BA1651	400785	3	0	0	0	1	0	0	0	0	0	0
A	AG	6	18	9	1	BA1651	400812	3	0	0	0	0	0	0	0	1	0	0
A	AG	6	18	9	1	BA1651	400818	3	0	0	0	1	0	0	0	0	0	0
A	AG	6	18	9	1	BA1651	400825	3	0	0	0	0	0	0	0	1	0	0
A	AG	6	18	9	1	BA1651	401163	3	0	0	0	1	0	0	0	0	0	0
A	AG	6	18	9	1	BA1651	401221	3	0	0	0	0	0	0	0	1	0	0
A	AG	6	18	9	1	BA1651	401223	3	0	0	0	1	0	0	0	0	0	0
A	AG	6	18	9	1	BA1651	401254	3	0	0	0	0	0	0	0	1	0	0
A	AG	6	18	9	1	BA1651	401367	3	5	1	1	0	0	0	0	0	0	0
A	AG	6	18	9	1	BA1651	401373	5	0	0	0	0	0	0	1	0	0	0
A	AG	6	18	9	1	BA1651	401377	5	9	0	1	0	0	0	0	0	0	0
A	AG	6	18	9	1	BA1651	401387	9	10	0	0	0	0	0	0	0	0	0
A	AG	6	18	9	1	BA1651	401392	10	0	0	0	0	0	0	1	0	0	0
A	AG	6	18	9	1	BA1651	401437	10	2	0	0	0	0	0	0	0	0	0
A	AG	6	18	9	1	BA1651	401438	2	6	0	0	0	0	0	0	0	0	0
A	AG	6	18	9	1	BA1651	401515	6	0	0	1	0	0	0	0	0	0	0
A	AG	6	18	9	1	BA1651	401530	6	0	0	0	0	0	0	1	0	0	0
A	AG	6	18	9	1	BA1651	401750	6	0	0	1	0	0	0	0	0	0	0
A	AG	6	18	9	1	BA1651	401765	6	0	0	0	0	0	0	1	0	0	0
A	AG	6	18	9	1	BA1651	401985	6	8	2	0	1	0	0	0	0	0	0
A	AG	6	18	9	1	BA1651	401995	8	9	0	0	0	0	0	0	0	0	0
A	AG	6	18	9	1	BA1651	402005	9	10	0	0	0	0	0	0	1	0	0
A	AG	6	18	9	1	BA1651	402007	10	0	0	0	1	0	0	0	0	0	0
A	AG	6	18	9	1	BA1651	402019	10	0	0	0	0	0	0	0	1	0	0
A	AG	6	18	9	1	BA1651	402055	10	2	0	0	0	0	0	0	0	0	0
A	AG	6	18	9	1	BA1651	402056	2	6	0	0	0	0	0	0	0	0	0
A	AG	6	18	9	1	BA1651	402149	6	8	2	0	1	0	0	0	0	0	0
A	AG	6	18	9	1	BA1651	402159	8	9	0	0	0	0	0	0	0	0	0
A	AG	6	18	9	1	BA1651	402169	9	10	0	0	0	0	0	0	0	0	0
A	AG	6	18	9	1	BA1651	402174	10	0	0	0	0	0	0	0	1	0	0
A	AG	6	18	9	1	BA1651	402219	10	2	0	0	0	0	0	0	0	0	0
A	AG	6	18	9	1	BA1651	402220	2	3	0	0	0	0	0	0	0	0	0
A	AG	6	18	9	1	BA1651	402325	3	0	0	0	1	0	0	0	0	0	0
A	AG	6	18	9	1	BA1651	402357	3	0	0	0	0	0	0	0	1	0	0
A	AG	6	18	9	1	BA1651	402394	3	0	0	0	1	0	0	0	0	0	0
A	AG	6	18	9	1	BA1651	402422	3	0	0	0	0	0	0	0	1	0	0
A	AG	6	18	9	1	BA1651	402436	3	0	0	0	1	0	0	0	0	0	0
A	AG	6	18	9	1	BA1651	402441	3	0	0	0	0	0	0	0	1	0	0
A	AG	6	18	9	1	BA1651	402444	3	0	0	0	1	0	0	0	0	0	0
A	AG	6	18	9	1	BA1651	402446	3	0	0	0	0	0	0	0	1	0	0
A	AG	6	18	9	1	BA1651	402544	3	0	0	0	1	0	0	0	0	0	0
A	AG	6	18	9	1	BA1651	402549	3	0	0	0	0	0	0	0	1	0	0
A	AG	6	18	9	1	BA1651	402559	3	0	0	0	1	0	0	0	0	0	0
A	AG	6	18	9	1	BA1651	402596	3	0	0	0	0	0	0	0	1	0	0
A	AG	6	18	9	1	BA1651	402601	3	0	0	0	1	0	0	0	0	0	0
A	AG	6	18	9	1	BA1651	402686	3	0	0	0	0	0	0	0	1	0	0
A	AG	6	18	9	1	BA1651	402965	3	0	0	0	1	0	0	0	0	0	0
A	AG	6	18	9	1	BA1651	402967	3	0	0	0	0	0	0	0	1	0	0
A	AG	6	18	9	1	BA1651	403097	3	0	0	0	1	0	0	0	0	0	0
A	AG	6	18	9	1	BA1651	403102	3	0	0	0	0	0	0	0	1	0	0
A	AG	6	18	9	1	BA1651	403106	3	0	0	0	1	0	0	0	0	0	0
A	AG	6	18	9	1	BA1651	403108	3	0	0	0	0	0	0	0	1	0	0
A	AG	6	18	9	1	BA1651	403112	3	0	0	0	1	0	0	0	0	0	0
A	AG	6	18	9	1	BA1651	403171	3	0	0	0	0	0	0	0	1	0	0
A	AG	6	18	9	1	BA1651	403350	3	5	1	1	0	0	0	0	0	0	0
A	AG	6	18	9	1	BA1651	403360	5	9	0	0	0	0	0	0	0	0	0
A	AG	6	18	9	1	BA1651	403370	9	10	0	0	0	0	0	0	0	0	0
A	AG	6	18	9	1	BA1651	403372	10	0	0	0	0	0	0	1	0	0	0
A	AG	6	18	9	1	BA1651	403420	10	2	0	0	0	0	0	0	0	0	0
A	AG	6	18	9	1	BA1651	403421	2	3	0	0	0	0	0	0	0	0	0
A	AG	6	18	9	1	BA1651	403583	3	5	1	1	0	0	0	0	0	0	0
A	AG	6	18	9	1	BA1651	403593	5	9	0	0	0	0	0	0	0	0	0
A	AG	6	18	9	1	BA1651	403599	9	0	0	0	0	0	0	1	0	0	0
A	AG	6	18	9	1	BA1651	403603	9	-1	0	0	0	0	0	0	0	0	0
