Project	UserID	Protocol	Session	Station	Run	Subject	Time	Current State	Transition State	Transition Event	A1 - LEFT	A2 - RIGHT	A3 - 	A4 - 	A[1] LEFT	A[2] RIGHT	A[3] 	A[4] 
A	ef	3	65	1	1	BA1650	0	0	1	0	0	0	0	0	0	0	0	0
A	ef	3	65	1	1	BA1650	50	1	2	0	0	0	0	0	0	0	0	0
A	ef	3	65	1	1	BA1650	51	2	3	0	0	0	0	0	0	0	0	0
A	ef	3	65	1	1	BA1650	476	3	5	1	1	0	0	0	0	0	0	0
A	ef	3	65	1	1	BA1650	486	5	4	0	0	0	0	0	0	0	0	0
A	ef	3	65	1	1	BA1650	517	4	0	0	0	0	0	0	1	0	0	0
A	ef	3	65	1	1	BA1650	613	4	5	1	1	0	0	0	0	0	0	0
A	ef	3	65	1	1	BA1650	623	5	4	0	0	0	0	0	0	0	0	0
A	ef	3	65	1	1	BA1650	633	4	0	0	0	0	0	0	1	0	0	0
A	ef	3	65	1	1	BA1650	637	4	5	1	1	0	0	0	0	0	0	0
A	ef	3	65	1	1	BA1650	646	5	0	0	0	0	0	0	1	0	0	0
A	ef	3	65	1	1	BA1650	647	5	4	0	1	0	0	0	0	0	0	0
A	ef	3	65	1	1	BA1650	658	4	0	0	0	0	0	0	1	0	0	0
A	ef	3	65	1	1	BA1650	664	4	5	1	1	0	0	0	0	0	0	0
A	ef	3	65	1	1	BA1650	674	5	4	0	0	0	0	0	0	0	0	0
A	ef	3	65	1	1	BA1650	677	4	0	0	0	0	0	0	1	0	0	0
A	ef	3	65	1	1	BA1650	682	4	5	1	1	0	0	0	0	0	0	0
A	ef	3	65	1	1	BA1650	692	5	9	0	0	0	0	0	0	0	0	0
A	ef	3	65	1	1	BA1650	702	9	10	0	0	0	0	0	0	0	0	0
A	ef	3	65	1	1	BA1650	711	10	0	0	0	0	0	0	1	0	0	0
A	ef	3	65	1	1	BA1650	777	10	2	0	0	0	0	0	0	0	0	0
A	ef	3	65	1	1	BA1650	778	2	6	0	0	0	0	0	0	0	0	0
A	ef	3	65	1	1	BA1650	819	6	8	2	0	1	0	0	0	0	0	0
A	ef	3	65	1	1	BA1650	828	8	0	0	0	0	0	0	0	1	0	0
A	ef	3	65	1	1	BA1650	829	8	7	0	0	0	0	0	0	0	0	0
A	ef	3	65	1	1	BA1650	837	7	8	2	0	1	0	0	0	0	0	0
A	ef	3	65	1	1	BA1650	842	8	0	0	0	0	0	0	0	1	0	0
A	ef	3	65	1	1	BA1650	847	8	7	0	0	1	0	0	0	0	0	0
A	ef	3	65	1	1	BA1650	858	7	0	0	0	0	0	0	0	1	0	0
A	ef	3	65	1	1	BA1650	886	7	8	2	0	1	0	0	0	0	0	0
A	ef	3	65	1	1	BA1650	896	8	7	0	0	0	0	0	0	0	0	0
A	ef	3	65	1	1	BA1650	903	7	0	0	0	0	0	0	0	1	0	0
A	ef	3	65	1	1	BA1650	909	7	8	2	0	1	0	0	0	0	0	0
A	ef	3	65	1	1	BA1650	919	8	7	0	0	0	0	0	0	0	0	0
A	ef	3	65	1	1	BA1650	940	7	0	0	0	0	0	0	0	1	0	0
A	ef	3	65	1	1	BA1650	1034	7	8	2	0	1	0	0	0	0	0	0
A	ef	3	65	1	1	BA1650	1044	8	9	0	0	0	0	0	0	0	0	0
A	ef	3	65	1	1	BA1650	1054	9	10	0	0	0	0	0	0	0	0	0
A	ef	3	65	1	1	BA1650	1058	10	0	0	0	0	0	0	0	1	0	0
A	ef	3	65	1	1	BA1650	1129	10	2	0	0	0	0	0	0	0	0	0
A	ef	3	65	1	1	BA1650	1130	2	6	0	0	0	0	0	0	0	0	0
A	ef	3	65	1	1	BA1650	1141	6	8	2	0	1	0	0	0	0	0	0
A	ef	3	65	1	1	BA1650	1151	8	7	0	0	0	0	0	0	0	0	0
A	ef	3	65	1	1	BA1650	1154	7	0	0	0	0	0	0	0	1	0	0
A	ef	3	65	1	1	BA1650	1169	7	8	2	0	1	0	0	0	0	0	0
A	ef	3	65	1	1	BA1650	1171	8	0	0	0	0	0	0	0	1	0	0
A	ef	3	65	1	1	BA1650	1175	8	0	0	0	1	0	0	0	0	0	0
A	ef	3	65	1	1	BA1650	1178	8	0	0	0	0	0	0	0	1	0	0
A	ef	3	65	1	1	BA1650	1179	8	7	0	0	0	0	0	0	0	0	0
A	ef	3	65	1	1	BA1650	1182	7	8	2	0	1	0	0	0	0	0	0
A	ef	3	65	1	1	BA1650	1192	8	7	0	0	0	0	0	0	0	0	0
A	ef	3	65	1	1	BA1650	1205	7	0	0	0	0	0	0	0	1	0	0
A	ef	3	65	1	1	BA1650	1235	7	8	2	0	1	0	0	0	0	0	0
A	ef	3	65	1	1	BA1650	1245	8	7	0	0	0	0	0	0	0	0	0
A	ef	3	65	1	1	BA1650	1260	7	0	0	0	0	0	0	0	1	0	0
A	ef	3	65	1	1	BA1650	1267	7	8	2	0	1	0	0	0	0	0	0
A	ef	3	65	1	1	BA1650	1270	8	0	0	0	0	0	0	0	1	0	0
A	ef	3	65	1	1	BA1650	1277	8	9	0	0	0	0	0	0	0	0	0
A	ef	3	65	1	1	BA1650	1285	9	0	0	0	1	0	0	0	0	0	0
A	ef	3	65	1	1	BA1650	1287	9	10	0	0	0	0	0	0	0	0	0
A	ef	3	65	1	1	BA1650	1291	10	0	0	0	0	0	0	0	1	0	0
A	ef	3	65	1	1	BA1650	1297	10	0	0	0	1	0	0	0	0	0	0
A	ef	3	65	1	1	BA1650	1302	10	0	0	0	0	0	0	0	1	0	0
A	ef	3	65	1	1	BA1650	1362	10	2	0	0	0	0	0	0	0	0	0
A	ef	3	65	1	1	BA1650	1363	2	6	0	0	0	0	0	0	0	0	0
A	ef	3	65	1	1	BA1650	1402	6	8	2	0	1	0	0	0	0	0	0
A	ef	3	65	1	1	BA1650	1410	8	0	0	0	0	0	0	0	1	0	0
A	ef	3	65	1	1	BA1650	1412	8	7	0	0	0	0	0	0	0	0	0
A	ef	3	65	1	1	BA1650	1426	7	8	2	0	1	0	0	0	0	0	0
A	ef	3	65	1	1	BA1650	1430	8	0	0	0	0	0	0	0	1	0	0
A	ef	3	65	1	1	BA1650	1435	8	0	0	0	1	0	0	0	0	0	0
A	ef	3	65	1	1	BA1650	1436	8	7	0	0	0	0	0	0	0	0	0
A	ef	3	65	1	1	BA1650	1451	7	0	0	0	0	0	0	0	1	0	0
A	ef	3	65	1	1	BA1650	1474	7	8	2	0	1	0	0	0	0	0	0
A	ef	3	65	1	1	BA1650	1477	8	0	0	0	0	0	0	0	1	0	0
A	ef	3	65	1	1	BA1650	1480	8	0	0	0	1	0	0	0	0	0	0
A	ef	3	65	1	1	BA1650	1484	8	7	0	0	0	0	0	0	0	0	0
A	ef	3	65	1	1	BA1650	1513	7	0	0	0	0	0	0	0	1	0	0
A	ef	3	65	1	1	BA1650	1518	7	8	2	0	1	0	0	0	0	0	0
A	ef	3	65	1	1	BA1650	1528	8	7	0	0	0	0	0	0	0	0	0
A	ef	3	65	1	1	BA1650	1579	7	8	2	0	1	0	0	0	1	0	0
A	ef	3	65	1	1	BA1650	1581	8	0	0	0	0	0	0	0	1	0	0
A	ef	3	65	1	1	BA1650	1589	8	9	0	0	0	0	0	0	0	0	0
A	ef	3	65	1	1	BA1650	1592	9	0	0	0	1	0	0	0	0	0	0
A	ef	3	65	1	1	BA1650	1594	9	0	0	0	0	0	0	0	1	0	0
A	ef	3	65	1	1	BA1650	1599	9	10	0	0	0	0	0	0	0	0	0
A	ef	3	65	1	1	BA1650	1602	10	0	0	0	1	0	0	0	0	0	0
A	ef	3	65	1	1	BA1650	1604	10	0	0	0	0	0	0	0	1	0	0
A	ef	3	65	1	1	BA1650	1674	10	2	0	0	0	0	0	0	0	0	0
A	ef	3	65	1	1	BA1650	1675	2	3	0	0	0	0	0	0	0	0	0
A	ef	3	65	1	1	BA1650	1719	3	5	1	1	0	0	0	0	0	0	0
A	ef	3	65	1	1	BA1650	1729	5	4	0	0	0	0	0	0	0	0	0
A	ef	3	65	1	1	BA1650	1736	4	0	0	0	0	0	0	1	0	0	0
A	ef	3	65	1	1	BA1650	1739	4	5	1	1	0	0	0	0	0	0	0
A	ef	3	65	1	1	BA1650	1749	5	4	0	0	0	0	0	1	0	0	0
A	ef	3	65	1	1	BA1650	1755	4	5	1	1	0	0	0	0	0	0	0
A	ef	3	65	1	1	BA1650	1762	5	0	0	0	0	0	0	1	0	0	0
A	ef	3	65	1	1	BA1650	1765	5	4	0	1	0	0	0	0	0	0	0
A	ef	3	65	1	1	BA1650	1779	4	0	0	0	0	0	0	1	0	0	0
A	ef	3	65	1	1	BA1650	1797	4	5	1	1	0	0	0	0	0	0	0
A	ef	3	65	1	1	BA1650	1807	5	4	0	0	0	0	0	0	0	0	0
A	ef	3	65	1	1	BA1650	1811	4	0	0	0	0	0	0	1	0	0	0
A	ef	3	65	1	1	BA1650	1828	4	5	1	1	0	0	0	0	0	0	0
A	ef	3	65	1	1	BA1650	1838	5	9	0	0	0	0	0	0	0	0	0
A	ef	3	65	1	1	BA1650	1844	9	0	0	0	0	0	0	1	0	0	0
A	ef	3	65	1	1	BA1650	1846	9	0	0	1	0	0	0	0	0	0	0
A	ef	3	65	1	1	BA1650	1848	9	10	0	0	0	0	0	0	0	0	0
A	ef	3	65	1	1	BA1650	1853	10	0	0	0	0	0	0	1	0	0	0
A	ef	3	65	1	1	BA1650	1923	10	2	0	0	0	0	0	0	0	0	0
A	ef	3	65	1	1	BA1650	1924	2	3	0	0	0	0	0	0	0	0	0
A	ef	3	65	1	1	BA1650	1987	3	5	1	1	0	0	0	0	0	0	0
A	ef	3	65	1	1	BA1650	1997	5	4	0	0	0	0	0	0	0	0	0
A	ef	3	65	1	1	BA1650	2025	4	0	0	0	0	0	0	1	0	0	0
A	ef	3	65	1	1	BA1650	2037	4	5	1	1	0	0	0	0	0	0	0
A	ef	3	65	1	1	BA1650	2047	5	4	0	0	0	0	0	0	0	0	0
A	ef	3	65	1	1	BA1650	2065	4	0	0	0	0	0	0	1	0	0	0
A	ef	3	65	1	1	BA1650	2076	4	5	1	1	0	0	0	0	0	0	0
A	ef	3	65	1	1	BA1650	2086	5	4	0	0	0	0	0	0	0	0	0
A	ef	3	65	1	1	BA1650	2092	4	0	0	0	0	0	0	1	0	0	0
A	ef	3	65	1	1	BA1650	2096	4	5	1	1	0	0	0	0	0	0	0
A	ef	3	65	1	1	BA1650	2106	5	4	0	0	0	0	0	0	0	0	0
A	ef	3	65	1	1	BA1650	2111	4	0	0	0	0	0	0	1	0	0	0
A	ef	3	65	1	1	BA1650	2114	4	5	1	1	0	0	0	0	0	0	0
A	ef	3	65	1	1	BA1650	2124	5	9	0	0	0	0	0	0	0	0	0
A	ef	3	65	1	1	BA1650	2129	9	0	0	0	0	0	0	1	0	0	0
A	ef	3	65	1	1	BA1650	2134	9	10	0	0	0	0	0	0	0	0	0
A	ef	3	65	1	1	BA1650	2209	10	2	0	0	0	0	0	0	0	0	0
A	ef	3	65	1	1	BA1650	2210	2	6	0	0	0	0	0	0	0	0	0
A	ef	3	65	1	1	BA1650	2536	6	8	2	0	1	0	0	0	0	0	0
A	ef	3	65	1	1	BA1650	2546	8	7	0	0	0	0	0	0	0	0	0
A	ef	3	65	1	1	BA1650	2552	7	0	0	0	0	0	0	0	1	0	0
A	ef	3	65	1	1	BA1650	2557	7	8	2	0	1	0	0	0	0	0	0
A	ef	3	65	1	1	BA1650	2567	8	7	0	0	0	0	0	0	0	0	0
A	ef	3	65	1	1	BA1650	2574	7	0	0	0	0	0	0	0	1	0	0
A	ef	3	65	1	1	BA1650	2581	7	8	2	0	1	0	0	0	0	0	0
A	ef	3	65	1	1	BA1650	2588	8	0	0	0	0	0	0	0	1	0	0
A	ef	3	65	1	1	BA1650	2591	8	7	0	0	0	0	0	0	0	0	0
A	ef	3	65	1	1	BA1650	2592	7	8	2	0	1	0	0	0	0	0	0
A	ef	3	65	1	1	BA1650	2596	8	0	0	0	0	0	0	0	1	0	0
A	ef	3	65	1	1	BA1650	2602	8	7	0	0	0	0	0	0	0	0	0
A	ef	3	65	1	1	BA1650	2606	7	8	2	0	1	0	0	0	0	0	0
A	ef	3	65	1	1	BA1650	2616	8	9	0	0	0	0	0	0	0	0	0
A	ef	3	65	1	1	BA1650	2626	9	10	0	0	0	0	0	0	0	0	0
A	ef	3	65	1	1	BA1650	2627	10	0	0	0	0	0	0	0	1	0	0
A	ef	3	65	1	1	BA1650	2701	10	2	0	0	0	0	0	0	0	0	0
A	ef	3	65	1	1	BA1650	2702	2	6	0	0	0	0	0	0	0	0	0
A	ef	3	65	1	1	BA1650	2728	6	8	2	0	1	0	0	0	0	0	0
A	ef	3	65	1	1	BA1650	2738	8	7	0	0	0	0	0	0	0	0	0
A	ef	3	65	1	1	BA1650	2746	7	0	0	0	0	0	0	0	1	0	0
A	ef	3	65	1	1	BA1650	2752	7	8	2	0	1	0	0	0	0	0	0
A	ef	3	65	1	1	BA1650	2759	8	0	0	0	0	0	0	0	1	0	0
A	ef	3	65	1	1	BA1650	2762	8	7	0	0	0	0	0	0	0	0	0
A	ef	3	65	1	1	BA1650	2764	7	8	2	0	1	0	0	0	0	0	0
A	ef	3	65	1	1	BA1650	2772	8	0	0	0	0	0	0	0	1	0	0
A	ef	3	65	1	1	BA1650	2774	8	7	0	0	0	0	0	0	0	0	0
A	ef	3	65	1	1	BA1650	2776	7	8	2	0	1	0	0	0	0	0	0
A	ef	3	65	1	1	BA1650	2777	8	0	0	0	0	0	0	0	1	0	0
A	ef	3	65	1	1	BA1650	2779	8	0	0	0	1	0	0	0	0	0	0
A	ef	3	65	1	1	BA1650	2781	8	0	0	0	0	0	0	0	1	0	0
A	ef	3	65	1	1	BA1650	2786	8	7	0	0	0	0	0	0	0	0	0
A	ef	3	65	1	1	BA1650	2787	7	8	2	0	1	0	0	0	0	0	0
A	ef	3	65	1	1	BA1650	2797	8	9	0	0	0	0	0	0	0	0	0
A	ef	3	65	1	1	BA1650	2807	9	10	0	0	0	0	0	0	0	0	0
A	ef	3	65	1	1	BA1650	2811	10	0	0	0	0	0	0	0	1	0	0
A	ef	3	65	1	1	BA1650	2882	10	2	0	0	0	0	0	0	0	0	0
A	ef	3	65	1	1	BA1650	2883	2	6	0	0	0	0	0	0	0	0	0
A	ef	3	65	1	1	BA1650	2946	6	8	2	0	1	0	0	0	0	0	0
A	ef	3	65	1	1	BA1650	2956	8	7	0	0	0	0	0	0	0	0	0
A	ef	3	65	1	1	BA1650	2960	7	0	0	0	0	0	0	0	1	0	0
A	ef	3	65	1	1	BA1650	2961	7	8	2	0	1	0	0	0	0	0	0
A	ef	3	65	1	1	BA1650	2964	8	0	0	0	0	0	0	0	1	0	0
A	ef	3	65	1	1	BA1650	2968	8	0	0	0	1	0	0	0	0	0	0
A	ef	3	65	1	1	BA1650	2971	8	7	0	0	0	0	0	0	0	0	0
A	ef	3	65	1	1	BA1650	2978	7	0	0	0	0	0	0	0	1	0	0
A	ef	3	65	1	1	BA1650	2991	7	8	2	0	1	0	0	0	0	0	0
A	ef	3	65	1	1	BA1650	3001	8	7	0	0	0	0	0	0	0	0	0
A	ef	3	65	1	1	BA1650	3009	7	0	0	0	0	0	0	0	1	0	0
A	ef	3	65	1	1	BA1650	3023	7	8	2	0	1	0	0	0	0	0	0
A	ef	3	65	1	1	BA1650	3024	8	0	0	0	0	0	0	0	1	0	0
A	ef	3	65	1	1	BA1650	3033	8	7	0	0	0	0	0	0	0	0	0
A	ef	3	65	1	1	BA1650	3036	7	8	2	0	1	0	0	0	0	0	0
A	ef	3	65	1	1	BA1650	3043	8	0	0	0	0	0	0	0	1	0	0
A	ef	3	65	1	1	BA1650	3045	8	0	0	0	1	0	0	0	0	0	0
A	ef	3	65	1	1	BA1650	3046	8	9	0	0	0	0	0	0	0	0	0
A	ef	3	65	1	1	BA1650	3056	9	10	0	0	0	0	0	0	0	0	0
A	ef	3	65	1	1	BA1650	3070	10	0	0	0	0	0	0	0	1	0	0
A	ef	3	65	1	1	BA1650	3131	10	2	0	0	0	0	0	0	0	0	0
A	ef	3	65	1	1	BA1650	3132	2	3	0	0	0	0	0	0	0	0	0
A	ef	3	65	1	1	BA1650	3208	3	0	0	0	1	0	0	0	0	0	0
A	ef	3	65	1	1	BA1650	3256	3	0	0	0	0	0	0	0	1	0	0
A	ef	3	65	1	1	BA1650	3280	3	0	0	0	1	0	0	0	0	0	0
A	ef	3	65	1	1	BA1650	3290	3	0	0	0	0	0	0	0	1	0	0
A	ef	3	65	1	1	BA1650	3292	3	0	0	0	1	0	0	0	0	0	0
A	ef	3	65	1	1	BA1650	3348	3	0	0	0	0	0	0	0	1	0	0
A	ef	3	65	1	1	BA1650	3471	3	5	1	1	0	0	0	0	0	0	0
A	ef	3	65	1	1	BA1650	3481	5	4	0	0	0	0	0	0	0	0	0
A	ef	3	65	1	1	BA1650	3486	4	0	0	0	0	0	0	1	0	0	0
A	ef	3	65	1	1	BA1650	3490	4	5	1	1	0	0	0	0	0	0	0
A	ef	3	65	1	1	BA1650	3496	5	0	0	0	0	0	0	1	0	0	0
A	ef	3	65	1	1	BA1650	3498	5	0	0	1	0	0	0	0	0	0	0
A	ef	3	65	1	1	BA1650	3500	5	4	0	0	0	0	0	0	0	0	0
A	ef	3	65	1	1	BA1650	3506	4	0	0	0	0	0	0	1	0	0	0
A	ef	3	65	1	1	BA1650	3514	4	5	1	1	0	0	0	0	0	0	0
A	ef	3	65	1	1	BA1650	3516	5	0	0	0	0	0	0	1	0	0	0
A	ef	3	65	1	1	BA1650	3524	5	4	0	0	0	0	0	0	0	0	0
A	ef	3	65	1	1	BA1650	3526	4	5	1	1	0	0	0	0	0	0	0
A	ef	3	65	1	1	BA1650	3533	5	0	0	0	0	0	0	1	0	0	0
A	ef	3	65	1	1	BA1650	3536	5	4	0	0	0	0	0	0	0	0	0
A	ef	3	65	1	1	BA1650	3565	4	5	1	1	0	0	0	0	0	0	0
A	ef	3	65	1	1	BA1650	3575	5	9	0	0	0	0	0	0	0	0	0
A	ef	3	65	1	1	BA1650	3585	9	10	0	0	0	0	0	0	0	0	0
A	ef	3	65	1	1	BA1650	3600	10	0	0	0	0	0	0	1	0	0	0
A	ef	3	65	1	1	BA1650	3660	10	2	0	0	0	0	0	0	0	0	0
A	ef	3	65	1	1	BA1650	3661	2	6	0	0	0	0	0	0	0	0	0
A	ef	3	65	1	1	BA1650	3718	6	0	0	1	0	0	0	0	0	0	0
A	ef	3	65	1	1	BA1650	3759	6	0	0	0	0	0	0	1	0	0	0
A	ef	3	65	1	1	BA1650	3766	6	0	0	1	0	0	0	0	0	0	0
A	ef	3	65	1	1	BA1650	3770	6	0	0	0	0	0	0	1	0	0	0
A	ef	3	65	1	1	BA1650	3776	6	0	0	1	0	0	0	0	0	0	0
A	ef	3	65	1	1	BA1650	3780	6	0	0	0	0	0	0	1	0	0	0
A	ef	3	65	1	1	BA1650	3784	6	0	0	1	0	0	0	1	0	0	0
A	ef	3	65	1	1	BA1650	3792	6	0	0	1	0	0	0	0	0	0	0
A	ef	3	65	1	1	BA1650	3795	6	0	0	0	0	0	0	1	0	0	0
A	ef	3	65	1	1	BA1650	3798	6	0	0	1	0	0	0	0	0	0	0
A	ef	3	65	1	1	BA1650	3833	6	0	0	0	0	0	0	1	0	0	0
A	ef	3	65	1	1	BA1650	3848	6	0	0	1	0	0	0	0	0	0	0
A	ef	3	65	1	1	BA1650	3850	6	0	0	0	0	0	0	1	0	0	0
A	ef	3	65	1	1	BA1650	3855	6	0	0	1	0	0	0	0	0	0	0
A	ef	3	65	1	1	BA1650	3882	6	0	0	0	0	0	0	1	0	0	0
A	ef	3	65	1	1	BA1650	3912	6	0	0	1	0	0	0	0	0	0	0
A	ef	3	65	1	1	BA1650	3921	6	0	0	0	0	0	0	1	0	0	0
A	ef	3	65	1	1	BA1650	3924	6	0	0	1	0	0	0	0	0	0	0
A	ef	3	65	1	1	BA1650	3925	6	0	0	0	0	0	0	1	0	0	0
A	ef	3	65	1	1	BA1650	3929	6	0	0	1	0	0	0	0	0	0	0
A	ef	3	65	1	1	BA1650	3931	6	0	0	0	0	0	0	1	0	0	0
A	ef	3	65	1	1	BA1650	3933	6	0	0	1	0	0	0	0	0	0	0
A	ef	3	65	1	1	BA1650	3944	6	0	0	0	0	0	0	1	0	0	0
A	ef	3	65	1	1	BA1650	4007	6	8	2	0	1	0	0	0	0	0	0
A	ef	3	65	1	1	BA1650	4017	8	7	0	0	0	0	0	0	0	0	0
A	ef	3	65	1	1	BA1650	4021	7	0	0	0	0	0	0	0	1	0	0
A	ef	3	65	1	1	BA1650	4035	7	8	2	0	1	0	0	0	0	0	0
A	ef	3	65	1	1	BA1650	4037	8	0	0	0	0	0	0	0	1	0	0
A	ef	3	65	1	1	BA1650	4042	8	0	0	0	1	0	0	0	0	0	0
A	ef	3	65	1	1	BA1650	4044	8	0	0	0	0	0	0	0	1	0	0
A	ef	3	65	1	1	BA1650	4045	8	7	0	0	1	0	0	0	0	0	0
A	ef	3	65	1	1	BA1650	4057	7	0	0	0	0	0	0	0	1	0	0
A	ef	3	65	1	1	BA1650	4060	7	8	2	0	1	0	0	0	0	0	0
A	ef	3	65	1	1	BA1650	4070	8	7	0	0	0	0	0	0	0	0	0
A	ef	3	65	1	1	BA1650	4076	7	0	0	0	0	0	0	0	1	0	0
A	ef	3	65	1	1	BA1650	4101	7	8	2	0	1	0	0	0	0	0	0
A	ef	3	65	1	1	BA1650	4105	8	0	0	0	0	0	0	0	1	0	0
A	ef	3	65	1	1	BA1650	4108	8	0	0	0	1	0	0	0	0	0	0
A	ef	3	65	1	1	BA1650	4111	8	7	0	0	0	0	0	0	0	0	0
A	ef	3	65	1	1	BA1650	4143	7	0	0	0	0	0	0	0	1	0	0
A	ef	3	65	1	1	BA1650	4148	7	8	2	0	1	0	0	0	0	0	0
A	ef	3	65	1	1	BA1650	4158	8	9	0	0	0	0	0	0	0	0	0
A	ef	3	65	1	1	BA1650	4161	9	0	0	0	0	0	0	0	1	0	0
A	ef	3	65	1	1	BA1650	4166	9	0	0	0	1	0	0	0	0	0	0
A	ef	3	65	1	1	BA1650	4168	9	10	0	0	0	0	0	0	0	0	0
A	ef	3	65	1	1	BA1650	4174	10	0	0	0	0	0	0	0	1	0	0
A	ef	3	65	1	1	BA1650	4243	10	2	0	0	0	0	0	0	0	0	0
A	ef	3	65	1	1	BA1650	4244	2	3	0	0	0	0	0	0	0	0	0
A	ef	3	65	1	1	BA1650	4310	3	0	0	0	1	0	0	0	0	0	0
A	ef	3	65	1	1	BA1650	4325	3	0	0	0	0	0	0	0	1	0	0
A	ef	3	65	1	1	BA1650	4346	3	0	0	0	1	0	0	0	0	0	0
A	ef	3	65	1	1	BA1650	4348	3	0	0	0	0	0	0	0	1	0	0
A	ef	3	65	1	1	BA1650	4352	3	0	0	0	1	0	0	0	0	0	0
A	ef	3	65	1	1	BA1650	4365	3	0	0	0	0	0	0	0	1	0	0
A	ef	3	65	1	1	BA1650	4370	3	0	0	0	1	0	0	0	0	0	0
A	ef	3	65	1	1	BA1650	4429	3	0	0	0	0	0	0	0	1	0	0
A	ef	3	65	1	1	BA1650	4467	3	0	0	0	1	0	0	0	0	0	0
A	ef	3	65	1	1	BA1650	4499	3	0	0	0	0	0	0	0	1	0	0
A	ef	3	65	1	1	BA1650	4571	3	5	1	1	0	0	0	0	0	0	0
A	ef	3	65	1	1	BA1650	4581	5	4	0	0	0	0	0	0	0	0	0
A	ef	3	65	1	1	BA1650	4583	4	0	0	0	0	0	0	1	0	0	0
A	ef	3	65	1	1	BA1650	4587	4	5	1	1	0	0	0	0	0	0	0
A	ef	3	65	1	1	BA1650	4597	5	4	0	0	0	0	0	0	0	0	0
A	ef	3	65	1	1	BA1650	4606	4	0	0	0	0	0	0	1	0	0	0
A	ef	3	65	1	1	BA1650	4615	4	5	1	1	0	0	0	0	0	0	0
A	ef	3	65	1	1	BA1650	4625	5	4	0	0	0	0	0	1	0	0	0
A	ef	3	65	1	1	BA1650	4628	4	5	1	1	0	0	0	0	0	0	0
A	ef	3	65	1	1	BA1650	4638	5	4	0	0	0	0	0	0	0	0	0
A	ef	3	65	1	1	BA1650	4647	4	0	0	0	0	0	0	1	0	0	0
A	ef	3	65	1	1	BA1650	4652	4	5	1	1	0	0	0	0	0	0	0
A	ef	3	65	1	1	BA1650	4660	5	0	0	0	0	0	0	1	0	0	0
A	ef	3	65	1	1	BA1650	4662	5	9	0	0	0	0	0	0	0	0	0
A	ef	3	65	1	1	BA1650	4663	9	0	0	1	0	0	0	0	0	0	0
A	ef	3	65	1	1	BA1650	4672	9	10	0	0	0	0	0	0	0	0	0
A	ef	3	65	1	1	BA1650	4695	10	0	0	0	0	0	0	1	0	0	0
A	ef	3	65	1	1	BA1650	4747	10	2	0	0	0	0	0	0	0	0	0
A	ef	3	65	1	1	BA1650	4748	2	3	0	0	0	0	0	0	0	0	0
A	ef	3	65	1	1	BA1650	4780	3	5	1	1	0	0	0	0	0	0	0
A	ef	3	65	1	1	BA1650	4790	5	4	0	0	0	0	0	0	0	0	0
A	ef	3	65	1	1	BA1650	4794	4	0	0	0	0	0	0	1	0	0	0
A	ef	3	65	1	1	BA1650	4803	4	5	1	1	0	0	0	0	0	0	0
A	ef	3	65	1	1	BA1650	4813	5	4	0	0	0	0	0	0	0	0	0
A	ef	3	65	1	1	BA1650	4817	4	0	0	0	0	0	0	1	0	0	0
A	ef	3	65	1	1	BA1650	4823	4	5	1	1	0	0	0	0	0	0	0
A	ef	3	65	1	1	BA1650	4833	5	4	0	0	0	0	0	0	0	0	0
A	ef	3	65	1	1	BA1650	4842	4	0	0	0	0	0	0	1	0	0	0
A	ef	3	65	1	1	BA1650	4857	4	5	1	1	0	0	0	0	0	0	0
A	ef	3	65	1	1	BA1650	4867	5	4	0	0	0	0	0	0	0	0	0
A	ef	3	65	1	1	BA1650	4878	4	0	0	0	0	0	0	1	0	0	0
A	ef	3	65	1	1	BA1650	4880	4	5	1	1	0	0	0	0	0	0	0
A	ef	3	65	1	1	BA1650	4885	5	0	0	0	0	0	0	1	0	0	0
A	ef	3	65	1	1	BA1650	4887	5	0	0	1	0	0	0	0	0	0	0
A	ef	3	65	1	1	BA1650	4890	5	9	0	0	0	0	0	0	0	0	0
A	ef	3	65	1	1	BA1650	4900	9	10	0	0	0	0	0	0	0	0	0
A	ef	3	65	1	1	BA1650	4969	10	0	0	0	0	0	0	1	0	0	0
A	ef	3	65	1	1	BA1650	4975	10	2	0	0	0	0	0	0	0	0	0
A	ef	3	65	1	1	BA1650	4976	2	3	0	0	0	0	0	0	0	0	0
A	ef	3	65	1	1	BA1650	5070	3	5	1	1	0	0	0	0	0	0	0
A	ef	3	65	1	1	BA1650	5080	5	4	0	0	0	0	0	0	0	0	0
A	ef	3	65	1	1	BA1650	5093	4	0	0	0	0	0	0	1	0	0	0
A	ef	3	65	1	1	BA1650	5095	4	5	1	1	0	0	0	0	0	0	0
A	ef	3	65	1	1	BA1650	5105	5	4	0	0	0	0	0	0	0	0	0
A	ef	3	65	1	1	BA1650	5124	4	0	0	0	0	0	0	1	0	0	0
A	ef	3	65	1	1	BA1650	5128	4	5	1	1	0	0	0	0	0	0	0
A	ef	3	65	1	1	BA1650	5130	5	0	0	1	0	0	0	1	0	0	0
A	ef	3	65	1	1	BA1650	5138	5	4	0	0	0	0	0	0	0	0	0
A	ef	3	65	1	1	BA1650	5142	4	0	0	0	0	0	0	1	0	0	0
A	ef	3	65	1	1	BA1650	5144	4	5	1	1	0	0	0	0	0	0	0
A	ef	3	65	1	1	BA1650	5152	5	0	0	0	0	0	0	1	0	0	0
A	ef	3	65	1	1	BA1650	5153	5	0	0	1	0	0	0	0	0	0	0
A	ef	3	65	1	1	BA1650	5154	5	4	0	0	0	0	0	0	0	0	0
A	ef	3	65	1	1	BA1650	5186	4	0	0	0	0	0	0	1	0	0	0
A	ef	3	65	1	1	BA1650	5191	4	5	1	1	0	0	0	0	0	0	0
A	ef	3	65	1	1	BA1650	5201	5	9	0	0	0	0	0	0	0	0	0
A	ef	3	65	1	1	BA1650	5210	9	0	0	0	0	0	0	1	0	0	0
A	ef	3	65	1	1	BA1650	5211	9	10	0	1	0	0	0	0	0	0	0
A	ef	3	65	1	1	BA1650	5216	10	0	0	0	0	0	0	1	0	0	0
A	ef	3	65	1	1	BA1650	5286	10	2	0	0	0	0	0	0	0	0	0
A	ef	3	65	1	1	BA1650	5287	2	6	0	0	0	0	0	0	0	0	0
A	ef	3	65	1	1	BA1650	5380	6	8	2	0	1	0	0	0	0	0	0
A	ef	3	65	1	1	BA1650	5390	8	7	0	0	0	0	0	0	0	0	0
A	ef	3	65	1	1	BA1650	5416	7	0	0	0	0	0	0	0	1	0	0
A	ef	3	65	1	1	BA1650	5421	7	8	2	0	1	0	0	0	0	0	0
A	ef	3	65	1	1	BA1650	5427	8	0	0	0	0	0	0	0	1	0	0
A	ef	3	65	1	1	BA1650	5431	8	7	0	0	0	0	0	0	0	0	0
A	ef	3	65	1	1	BA1650	5434	7	8	2	0	1	0	0	0	0	0	0
A	ef	3	65	1	1	BA1650	5436	8	0	0	0	0	0	0	0	1	0	0
A	ef	3	65	1	1	BA1650	5444	8	7	0	0	0	0	0	0	0	0	0
A	ef	3	65	1	1	BA1650	5447	7	8	2	0	1	0	0	0	0	0	0
A	ef	3	65	1	1	BA1650	5457	8	7	0	0	0	0	0	0	0	0	0
A	ef	3	65	1	1	BA1650	5472	7	0	0	0	0	0	0	0	1	0	0
A	ef	3	65	1	1	BA1650	5505	7	8	2	0	1	0	0	0	0	0	0
A	ef	3	65	1	1	BA1650	5515	8	9	0	0	0	0	0	0	0	0	0
A	ef	3	65	1	1	BA1650	5525	9	10	0	0	0	0	0	0	0	0	0
A	ef	3	65	1	1	BA1650	5530	10	0	0	0	0	0	0	0	1	0	0
A	ef	3	65	1	1	BA1650	5600	10	2	0	0	0	0	0	0	0	0	0
A	ef	3	65	1	1	BA1650	5601	2	6	0	0	0	0	0	0	0	0	0
A	ef	3	65	1	1	BA1650	5811	6	8	2	0	1	0	0	0	0	0	0
A	ef	3	65	1	1	BA1650	5821	8	7	0	0	0	0	0	0	1	0	0
A	ef	3	65	1	1	BA1650	5844	7	8	2	0	1	0	0	0	0	0	0
A	ef	3	65	1	1	BA1650	5851	8	0	0	0	0	0	0	0	1	0	0
A	ef	3	65	1	1	BA1650	5854	8	7	0	0	1	0	0	0	0	0	0
A	ef	3	65	1	1	BA1650	5855	7	0	0	0	0	0	0	0	1	0	0
A	ef	3	65	1	1	BA1650	5856	7	8	2	0	1	0	0	0	0	0	0
A	ef	3	65	1	1	BA1650	5858	8	0	0	0	0	0	0	0	1	0	0
A	ef	3	65	1	1	BA1650	5861	8	0	0	0	1	0	0	0	0	0	0
A	ef	3	65	1	1	BA1650	5866	8	7	0	0	0	0	0	0	0	0	0
A	ef	3	65	1	1	BA1650	5892	7	0	0	0	0	0	0	0	1	0	0
A	ef	3	65	1	1	BA1650	5897	7	8	2	0	1	0	0	0	0	0	0
A	ef	3	65	1	1	BA1650	5907	8	7	0	0	0	0	0	0	0	0	0
A	ef	3	65	1	1	BA1650	5925	7	0	0	0	0	0	0	0	1	0	0
A	ef	3	65	1	1	BA1650	5990	7	8	2	0	1	0	0	0	0	0	0
A	ef	3	65	1	1	BA1650	6000	8	9	0	0	0	0	0	0	0	0	0
A	ef	3	65	1	1	BA1650	6008	9	0	0	0	0	0	0	0	1	0	0
A	ef	3	65	1	1	BA1650	6010	9	10	0	0	0	0	0	0	0	0	0
A	ef	3	65	1	1	BA1650	6085	10	2	0	0	0	0	0	0	0	0	0
A	ef	3	65	1	1	BA1650	6086	2	6	0	0	0	0	0	0	0	0	0
A	ef	3	65	1	1	BA1650	6159	6	8	2	0	1	0	0	0	0	0	0
A	ef	3	65	1	1	BA1650	6169	8	7	0	0	0	0	0	0	0	0	0
A	ef	3	65	1	1	BA1650	6174	7	0	0	0	0	0	0	0	1	0	0
A	ef	3	65	1	1	BA1650	6196	7	8	2	0	1	0	0	0	0	0	0
A	ef	3	65	1	1	BA1650	6201	8	0	0	0	0	0	0	0	1	0	0
A	ef	3	65	1	1	BA1650	6205	8	0	0	0	1	0	0	0	0	0	0
A	ef	3	65	1	1	BA1650	6206	8	7	0	0	0	0	0	0	0	0	0
A	ef	3	65	1	1	BA1650	6226	7	0	0	0	0	0	0	0	1	0	0
A	ef	3	65	1	1	BA1650	6263	7	8	2	0	1	0	0	0	0	0	0
A	ef	3	65	1	1	BA1650	6273	8	7	0	0	0	0	0	0	0	0	0
A	ef	3	65	1	1	BA1650	6317	7	0	0	0	0	0	0	0	1	0	0
A	ef	3	65	1	1	BA1650	6376	7	8	2	0	1	0	0	0	0	0	0
A	ef	3	65	1	1	BA1650	6386	8	7	0	0	0	0	0	0	0	0	0
A	ef	3	65	1	1	BA1650	6394	7	0	0	0	0	0	0	0	1	0	0
A	ef	3	65	1	1	BA1650	6397	7	8	2	0	1	0	0	0	0	0	0
A	ef	3	65	1	1	BA1650	6399	8	0	0	0	0	0	0	0	1	0	0
A	ef	3	65	1	1	BA1650	6407	8	9	0	0	1	0	0	0	0	0	0
A	ef	3	65	1	1	BA1650	6417	9	10	0	0	0	0	0	0	1	0	0
A	ef	3	65	1	1	BA1650	6492	10	2	0	0	0	0	0	0	0	0	0
A	ef	3	65	1	1	BA1650	6493	2	3	0	0	0	0	0	0	0	0	0
A	ef	3	65	1	1	BA1650	6625	3	5	1	1	0	0	0	0	0	0	0
A	ef	3	65	1	1	BA1650	6635	5	4	0	0	0	0	0	0	0	0	0
A	ef	3	65	1	1	BA1650	6640	4	0	0	0	0	0	0	1	0	0	0
A	ef	3	65	1	1	BA1650	6643	4	5	1	1	0	0	0	0	0	0	0
A	ef	3	65	1	1	BA1650	6647	5	0	0	0	0	0	0	1	0	0	0
A	ef	3	65	1	1	BA1650	6653	5	4	0	0	0	0	0	0	0	0	0
A	ef	3	65	1	1	BA1650	6663	4	5	1	1	0	0	0	0	0	0	0
A	ef	3	65	1	1	BA1650	6673	5	4	0	0	0	0	0	0	0	0	0
A	ef	3	65	1	1	BA1650	6684	4	0	0	0	0	0	0	1	0	0	0
A	ef	3	65	1	1	BA1650	6735	4	5	1	1	0	0	0	0	0	0	0
A	ef	3	65	1	1	BA1650	6745	5	4	0	0	0	0	0	0	0	0	0
A	ef	3	65	1	1	BA1650	6750	4	0	0	0	0	0	0	1	0	0	0
A	ef	3	65	1	1	BA1650	6755	4	5	1	1	0	0	0	0	0	0	0
A	ef	3	65	1	1	BA1650	6765	5	9	0	0	0	0	0	0	0	0	0
A	ef	3	65	1	1	BA1650	6768	9	0	0	0	0	0	0	1	0	0	0
A	ef	3	65	1	1	BA1650	6771	9	0	0	1	0	0	0	0	0	0	0
A	ef	3	65	1	1	BA1650	6773	9	0	0	0	0	0	0	1	0	0	0
A	ef	3	65	1	1	BA1650	6775	9	10	0	0	0	0	0	0	0	0	0
A	ef	3	65	1	1	BA1650	6850	10	2	0	0	0	0	0	0	0	0	0
A	ef	3	65	1	1	BA1650	6851	2	3	0	0	0	0	0	0	0	0	0
A	ef	3	65	1	1	BA1650	6901	3	5	1	1	0	0	0	0	0	0	0
A	ef	3	65	1	1	BA1650	6911	5	4	0	0	0	0	0	0	0	0	0
A	ef	3	65	1	1	BA1650	6925	4	0	0	0	0	0	0	1	0	0	0
A	ef	3	65	1	1	BA1650	6928	4	5	1	1	0	0	0	0	0	0	0
A	ef	3	65	1	1	BA1650	6938	5	4	0	0	0	0	0	0	0	0	0
A	ef	3	65	1	1	BA1650	6942	4	0	0	0	0	0	0	1	0	0	0
A	ef	3	65	1	1	BA1650	6950	4	5	1	1	0	0	0	0	0	0	0
A	ef	3	65	1	1	BA1650	6953	5	0	0	0	0	0	0	1	0	0	0
A	ef	3	65	1	1	BA1650	6960	5	4	0	0	0	0	0	0	0	0	0
A	ef	3	65	1	1	BA1650	6990	4	5	1	1	0	0	0	0	0	0	0
A	ef	3	65	1	1	BA1650	7000	5	4	0	0	0	0	0	0	0	0	0
A	ef	3	65	1	1	BA1650	7039	4	0	0	0	0	0	0	1	0	0	0
A	ef	3	65	1	1	BA1650	7043	4	5	1	1	0	0	0	0	0	0	0
A	ef	3	65	1	1	BA1650	7053	5	9	0	0	0	0	0	0	0	0	0
A	ef	3	65	1	1	BA1650	7063	9	10	0	0	0	0	0	0	0	0	0
A	ef	3	65	1	1	BA1650	7090	10	0	0	0	0	0	0	1	0	0	0
A	ef	3	65	1	1	BA1650	7138	10	2	0	0	0	0	0	0	0	0	0
A	ef	3	65	1	1	BA1650	7139	2	3	0	0	0	0	0	0	0	0	0
A	ef	3	65	1	1	BA1650	7178	3	5	1	1	0	0	0	0	0	0	0
A	ef	3	65	1	1	BA1650	7188	5	4	0	0	0	0	0	0	0	0	0
A	ef	3	65	1	1	BA1650	7210	4	0	0	0	0	0	0	1	0	0	0
A	ef	3	65	1	1	BA1650	7221	4	5	1	1	0	0	0	0	0	0	0
A	ef	3	65	1	1	BA1650	7223	5	0	0	0	0	0	0	1	0	0	0
A	ef	3	65	1	1	BA1650	7231	5	4	0	0	0	0	0	0	0	0	0
A	ef	3	65	1	1	BA1650	7264	4	5	1	1	0	0	0	0	0	0	0
A	ef	3	65	1	1	BA1650	7269	5	0	0	0	0	0	0	1	0	0	0
A	ef	3	65	1	1	BA1650	7274	5	4	0	0	0	0	0	0	0	0	0
A	ef	3	65	1	1	BA1650	7277	4	5	1	1	0	0	0	0	0	0	0
A	ef	3	65	1	1	BA1650	7287	5	4	0	0	0	0	0	0	0	0	0
A	ef	3	65	1	1	BA1650	7293	4	0	0	0	0	0	0	1	0	0	0
A	ef	3	65	1	1	BA1650	7297	4	5	1	1	0	0	0	0	0	0	0
A	ef	3	65	1	1	BA1650	7307	5	9	0	0	0	0	0	0	0	0	0
A	ef	3	65	1	1	BA1650	7317	9	10	0	0	0	0	0	0	0	0	0
A	ef	3	65	1	1	BA1650	7318	10	0	0	0	0	0	0	1	0	0	0
A	ef	3	65	1	1	BA1650	7392	10	2	0	0	0	0	0	0	0	0	0
A	ef	3	65	1	1	BA1650	7393	2	6	0	0	0	0	0	0	0	0	0
A	ef	3	65	1	1	BA1650	7528	6	8	2	0	1	0	0	0	0	0	0
A	ef	3	65	1	1	BA1650	7538	8	7	0	0	0	0	0	0	0	0	0
A	ef	3	65	1	1	BA1650	7553	7	0	0	0	0	0	0	0	1	0	0
A	ef	3	65	1	1	BA1650	7588	7	8	2	0	1	0	0	0	0	0	0
A	ef	3	65	1	1	BA1650	7598	8	7	0	0	0	0	0	0	0	0	0
A	ef	3	65	1	1	BA1650	7616	7	0	0	0	0	0	0	0	1	0	0
A	ef	3	65	1	1	BA1650	7617	7	8	2	0	1	0	0	0	0	0	0
A	ef	3	65	1	1	BA1650	7627	8	7	0	0	0	0	0	0	0	0	0
A	ef	3	65	1	1	BA1650	7645	7	0	0	0	0	0	0	0	1	0	0
A	ef	3	65	1	1	BA1650	7651	7	8	2	0	1	0	0	0	0	0	0
A	ef	3	65	1	1	BA1650	7661	8	7	0	0	0	0	0	0	0	0	0
A	ef	3	65	1	1	BA1650	7679	7	0	0	0	0	0	0	0	1	0	0
A	ef	3	65	1	1	BA1650	7684	7	8	2	0	1	0	0	0	0	0	0
A	ef	3	65	1	1	BA1650	7694	8	9	0	0	0	0	0	0	0	0	0
A	ef	3	65	1	1	BA1650	7704	9	10	0	0	0	0	0	0	0	0	0
A	ef	3	65	1	1	BA1650	7705	10	0	0	0	0	0	0	0	1	0	0
A	ef	3	65	1	1	BA1650	7779	10	2	0	0	0	0	0	0	0	0	0
A	ef	3	65	1	1	BA1650	7780	2	6	0	0	0	0	0	0	0	0	0
A	ef	3	65	1	1	BA1650	7810	6	8	2	0	1	0	0	0	0	0	0
A	ef	3	65	1	1	BA1650	7820	8	7	0	0	0	0	0	0	0	0	0
A	ef	3	65	1	1	BA1650	7846	7	0	0	0	0	0	0	0	1	0	0
A	ef	3	65	1	1	BA1650	7850	7	8	2	0	1	0	0	0	0	0	0
A	ef	3	65	1	1	BA1650	7860	8	7	0	0	0	0	0	0	0	0	0
A	ef	3	65	1	1	BA1650	7863	7	0	0	0	0	0	0	0	1	0	0
A	ef	3	65	1	1	BA1650	7865	7	8	2	0	1	0	0	0	0	0	0
A	ef	3	65	1	1	BA1650	7869	8	0	0	0	0	0	0	0	1	0	0
A	ef	3	65	1	1	BA1650	7872	8	0	0	0	1	0	0	0	0	0	0
A	ef	3	65	1	1	BA1650	7873	8	0	0	0	0	0	0	0	1	0	0
A	ef	3	65	1	1	BA1650	7875	8	7	0	0	0	0	0	0	0	0	0
A	ef	3	65	1	1	BA1650	7878	7	8	2	0	1	0	0	0	0	0	0
A	ef	3	65	1	1	BA1650	7888	8	7	0	0	0	0	0	0	0	0	0
A	ef	3	65	1	1	BA1650	7900	7	0	0	0	0	0	0	0	1	0	0
A	ef	3	65	1	1	BA1650	7903	7	8	2	0	1	0	0	0	0	0	0
A	ef	3	65	1	1	BA1650	7913	8	9	0	0	0	0	0	0	0	0	0
A	ef	3	65	1	1	BA1650	7917	9	0	0	0	0	0	0	0	1	0	0
A	ef	3	65	1	1	BA1650	7923	9	10	0	0	0	0	0	0	0	0	0
A	ef	3	65	1	1	BA1650	7998	10	2	0	0	0	0	0	0	0	0	0
A	ef	3	65	1	1	BA1650	7999	2	3	0	0	0	0	0	0	0	0	0
A	ef	3	65	1	1	BA1650	8109	3	5	1	1	0	0	0	0	0	0	0
A	ef	3	65	1	1	BA1650	8119	5	4	0	0	0	0	0	0	0	0	0
A	ef	3	65	1	1	BA1650	8123	4	5	1	1	0	0	0	1	0	0	0
A	ef	3	65	1	1	BA1650	8132	5	0	0	1	0	0	0	1	0	0	0
A	ef	3	65	1	1	BA1650	8133	5	4	0	0	0	0	0	0	0	0	0
A	ef	3	65	1	1	BA1650	8135	4	0	0	0	0	0	0	1	0	0	0
A	ef	3	65	1	1	BA1650	8153	4	5	1	1	0	0	0	0	0	0	0
A	ef	3	65	1	1	BA1650	8163	5	4	0	0	0	0	0	0	0	0	0
A	ef	3	65	1	1	BA1650	8164	4	0	0	0	0	0	0	1	0	0	0
A	ef	3	65	1	1	BA1650	8187	4	5	1	1	0	0	0	0	0	0	0
A	ef	3	65	1	1	BA1650	8197	5	4	0	0	0	0	0	0	0	0	0
A	ef	3	65	1	1	BA1650	8210	4	0	0	0	0	0	0	1	0	0	0
A	ef	3	65	1	1	BA1650	8214	4	5	1	1	0	0	0	0	0	0	0
A	ef	3	65	1	1	BA1650	8224	5	9	0	0	0	0	0	0	0	0	0
A	ef	3	65	1	1	BA1650	8231	9	0	0	0	0	0	0	1	0	0	0
A	ef	3	65	1	1	BA1650	8234	9	10	0	1	0	0	0	0	0	0	0
A	ef	3	65	1	1	BA1650	8239	10	0	0	0	0	0	0	1	0	0	0
A	ef	3	65	1	1	BA1650	8242	10	0	0	1	0	0	0	0	0	0	0
A	ef	3	65	1	1	BA1650	8261	10	0	0	0	0	0	0	1	0	0	0
A	ef	3	65	1	1	BA1650	8264	10	0	0	1	0	0	0	0	0	0	0
A	ef	3	65	1	1	BA1650	8294	10	0	0	0	0	0	0	1	0	0	0
A	ef	3	65	1	1	BA1650	8300	10	0	0	1	0	0	0	0	0	0	0
A	ef	3	65	1	1	BA1650	8309	10	2	0	0	0	0	0	0	0	0	0
A	ef	3	65	1	1	BA1650	8310	2	6	0	0	0	0	0	0	0	0	0
A	ef	3	65	1	1	BA1650	8314	6	0	0	0	0	0	0	1	0	0	0
A	ef	3	65	1	1	BA1650	8318	6	0	0	1	0	0	0	0	0	0	0
A	ef	3	65	1	1	BA1650	8358	6	0	0	0	0	0	0	1	0	0	0
A	ef	3	65	1	1	BA1650	8364	6	0	0	1	0	0	0	0	0	0	0
A	ef	3	65	1	1	BA1650	8367	6	0	0	0	0	0	0	1	0	0	0
A	ef	3	65	1	1	BA1650	8439	6	0	0	1	0	0	0	0	0	0	0
A	ef	3	65	1	1	BA1650	8441	6	0	0	0	0	0	0	1	0	0	0
A	ef	3	65	1	1	BA1650	8453	6	0	0	1	0	0	0	0	0	0	0
A	ef	3	65	1	1	BA1650	8455	6	0	0	0	0	0	0	1	0	0	0
A	ef	3	65	1	1	BA1650	8459	6	0	0	1	0	0	0	0	0	0	0
A	ef	3	65	1	1	BA1650	8461	6	0	0	0	0	0	0	1	0	0	0
A	ef	3	65	1	1	BA1650	8463	6	0	0	1	0	0	0	0	0	0	0
A	ef	3	65	1	1	BA1650	8469	6	0	0	0	0	0	0	1	0	0	0
A	ef	3	65	1	1	BA1650	8922	6	8	2	0	1	0	0	0	0	0	0
A	ef	3	65	1	1	BA1650	8930	8	0	0	0	0	0	0	0	1	0	0
A	ef	3	65	1	1	BA1650	8932	8	7	0	0	0	0	0	0	0	0	0
A	ef	3	65	1	1	BA1650	8935	7	8	2	0	1	0	0	0	0	0	0
A	ef	3	65	1	1	BA1650	8944	8	0	0	0	0	0	0	0	1	0	0
A	ef	3	65	1	1	BA1650	8945	8	7	0	0	0	0	0	0	0	0	0
A	ef	3	65	1	1	BA1650	8979	7	8	2	0	1	0	0	0	0	0	0
A	ef	3	65	1	1	BA1650	8989	8	7	0	0	0	0	0	0	0	0	0
A	ef	3	65	1	1	BA1650	8999	7	0	0	0	0	0	0	0	1	0	0
A	ef	3	65	1	1	BA1650	9032	7	8	2	0	1	0	0	0	0	0	0
A	ef	3	65	1	1	BA1650	9042	8	7	0	0	0	0	0	0	0	0	0
A	ef	3	65	1	1	BA1650	9073	7	0	0	0	0	0	0	0	1	0	0
A	ef	3	65	1	1	BA1650	9077	7	8	2	0	1	0	0	0	0	0	0
A	ef	3	65	1	1	BA1650	9087	8	9	0	0	0	0	0	0	0	0	0
A	ef	3	65	1	1	BA1650	9097	9	10	0	0	0	0	0	0	0	0	0
A	ef	3	65	1	1	BA1650	9100	10	0	0	0	0	0	0	0	1	0	0
A	ef	3	65	1	1	BA1650	9172	10	2	0	0	0	0	0	0	0	0	0
A	ef	3	65	1	1	BA1650	9173	2	3	0	0	0	0	0	0	0	0	0
A	ef	3	65	1	1	BA1650	9278	3	0	0	0	1	0	0	0	0	0	0
A	ef	3	65	1	1	BA1650	9280	3	0	0	0	0	0	0	0	1	0	0
A	ef	3	65	1	1	BA1650	9283	3	0	0	0	1	0	0	0	0	0	0
A	ef	3	65	1	1	BA1650	9302	3	0	0	0	0	0	0	0	1	0	0
A	ef	3	65	1	1	BA1650	9308	3	0	0	0	1	0	0	0	0	0	0
A	ef	3	65	1	1	BA1650	9310	3	0	0	0	0	0	0	0	1	0	0
A	ef	3	65	1	1	BA1650	9338	3	0	0	0	1	0	0	0	0	0	0
A	ef	3	65	1	1	BA1650	9365	3	0	0	0	0	0	0	0	1	0	0
A	ef	3	65	1	1	BA1650	9372	3	0	0	0	1	0	0	0	0	0	0
A	ef	3	65	1	1	BA1650	9386	3	0	0	0	0	0	0	0	1	0	0
A	ef	3	65	1	1	BA1650	9442	3	5	1	1	0	0	0	0	0	0	0
A	ef	3	65	1	1	BA1650	9449	5	0	0	0	0	0	0	1	0	0	0
A	ef	3	65	1	1	BA1650	9452	5	4	0	0	0	0	0	0	0	0	0
A	ef	3	65	1	1	BA1650	9453	4	5	1	1	0	0	0	0	0	0	0
A	ef	3	65	1	1	BA1650	9463	5	4	0	0	0	0	0	0	0	0	0
A	ef	3	65	1	1	BA1650	9469	4	0	0	0	0	0	0	1	0	0	0
A	ef	3	65	1	1	BA1650	9473	4	5	1	1	0	0	0	0	0	0	0
A	ef	3	65	1	1	BA1650	9476	5	0	0	0	0	0	0	1	0	0	0
A	ef	3	65	1	1	BA1650	9483	5	4	0	0	0	0	0	0	0	0	0
A	ef	3	65	1	1	BA1650	9499	4	5	1	1	0	0	0	0	0	0	0
A	ef	3	65	1	1	BA1650	9509	5	4	0	0	0	0	0	0	0	0	0
A	ef	3	65	1	1	BA1650	9525	4	0	0	0	0	0	0	1	0	0	0
A	ef	3	65	1	1	BA1650	9530	4	5	1	1	0	0	0	0	0	0	0
A	ef	3	65	1	1	BA1650	9540	5	9	0	0	0	0	0	0	0	0	0
A	ef	3	65	1	1	BA1650	9541	9	0	0	0	0	0	0	1	0	0	0
A	ef	3	65	1	1	BA1650	9547	9	0	0	1	0	0	0	0	0	0	0
A	ef	3	65	1	1	BA1650	9550	9	10	0	0	0	0	0	0	0	0	0
A	ef	3	65	1	1	BA1650	9560	10	0	0	0	0	0	0	1	0	0	0
A	ef	3	65	1	1	BA1650	9625	10	2	0	0	0	0	0	0	0	0	0
A	ef	3	65	1	1	BA1650	9626	2	6	0	0	0	0	0	0	0	0	0
A	ef	3	65	1	1	BA1650	9683	6	0	0	1	0	0	0	0	0	0	0
A	ef	3	65	1	1	BA1650	9697	6	0	0	0	0	0	0	1	0	0	0
A	ef	3	65	1	1	BA1650	9702	6	0	0	1	0	0	0	0	0	0	0
A	ef	3	65	1	1	BA1650	9715	6	0	0	0	0	0	0	1	0	0	0
A	ef	3	65	1	1	BA1650	9745	6	0	0	1	0	0	0	0	0	0	0
A	ef	3	65	1	1	BA1650	9817	6	0	0	1	0	0	0	1	0	0	0
A	ef	3	65	1	1	BA1650	9830	6	0	0	0	0	0	0	1	0	0	0
A	ef	3	65	1	1	BA1650	9873	6	0	0	1	0	0	0	0	0	0	0
A	ef	3	65	1	1	BA1650	9876	6	0	0	0	0	0	0	1	0	0	0
A	ef	3	65	1	1	BA1650	9879	6	0	0	1	0	0	0	0	0	0	0
A	ef	3	65	1	1	BA1650	9903	6	0	0	0	0	0	0	1	0	0	0
A	ef	3	65	1	1	BA1650	9908	6	0	0	1	0	0	0	0	0	0	0
A	ef	3	65	1	1	BA1650	9948	6	0	0	0	0	0	0	1	0	0	0
A	ef	3	65	1	1	BA1650	10108	6	8	2	0	1	0	0	0	0	0	0
A	ef	3	65	1	1	BA1650	10118	8	7	0	0	0	0	0	0	0	0	0
A	ef	3	65	1	1	BA1650	10133	7	0	0	0	0	0	0	0	1	0	0
A	ef	3	65	1	1	BA1650	10157	7	8	2	0	1	0	0	0	0	0	0
A	ef	3	65	1	1	BA1650	10167	8	7	0	0	0	0	0	0	0	0	0
A	ef	3	65	1	1	BA1650	10200	7	0	0	0	0	0	0	0	1	0	0
A	ef	3	65	1	1	BA1650	10206	7	8	2	0	1	0	0	0	0	0	0
A	ef	3	65	1	1	BA1650	10216	8	7	0	0	0	0	0	0	0	0	0
A	ef	3	65	1	1	BA1650	10223	7	0	0	0	0	0	0	0	1	0	0
A	ef	3	65	1	1	BA1650	10227	7	8	2	0	1	0	0	0	0	0	0
A	ef	3	65	1	1	BA1650	10230	8	0	0	0	0	0	0	0	1	0	0
A	ef	3	65	1	1	BA1650	10234	8	0	0	0	1	0	0	0	0	0	0
A	ef	3	65	1	1	BA1650	10237	8	7	0	0	0	0	0	0	0	0	0
A	ef	3	65	1	1	BA1650	10268	7	0	0	0	0	0	0	0	1	0	0
A	ef	3	65	1	1	BA1650	10314	7	8	2	0	1	0	0	0	0	0	0
A	ef	3	65	1	1	BA1650	10324	8	9	0	0	0	0	0	0	0	0	0
A	ef	3	65	1	1	BA1650	10334	9	10	0	0	0	0	0	0	0	0	0
A	ef	3	65	1	1	BA1650	10337	10	0	0	0	0	0	0	0	1	0	0
A	ef	3	65	1	1	BA1650	10409	10	2	0	0	0	0	0	0	0	0	0
A	ef	3	65	1	1	BA1650	10410	2	6	0	0	0	0	0	0	0	0	0
A	ef	3	65	1	1	BA1650	10490	6	8	2	0	1	0	0	0	0	0	0
A	ef	3	65	1	1	BA1650	10500	8	7	0	0	0	0	0	0	0	0	0
A	ef	3	65	1	1	BA1650	10509	7	0	0	0	0	0	0	0	1	0	0
A	ef	3	65	1	1	BA1650	10517	7	8	2	0	1	0	0	0	0	0	0
A	ef	3	65	1	1	BA1650	10523	8	0	0	0	0	0	0	0	1	0	0
A	ef	3	65	1	1	BA1650	10527	8	7	0	0	0	0	0	0	0	0	0
A	ef	3	65	1	1	BA1650	10541	7	8	2	0	1	0	0	0	0	0	0
A	ef	3	65	1	1	BA1650	10551	8	7	0	0	0	0	0	0	0	0	0
A	ef	3	65	1	1	BA1650	10597	7	0	0	0	0	0	0	0	1	0	0
A	ef	3	65	1	1	BA1650	10622	7	8	2	0	1	0	0	0	0	0	0
A	ef	3	65	1	1	BA1650	10632	8	7	0	0	0	0	0	0	0	0	0
A	ef	3	65	1	1	BA1650	10651	7	0	0	0	0	0	0	0	1	0	0
A	ef	3	65	1	1	BA1650	10654	7	8	2	0	1	0	0	0	0	0	0
A	ef	3	65	1	1	BA1650	10664	8	9	0	0	0	0	0	0	0	0	0
A	ef	3	65	1	1	BA1650	10672	9	0	0	0	0	0	0	0	1	0	0
A	ef	3	65	1	1	BA1650	10674	9	10	0	0	0	0	0	0	0	0	0
A	ef	3	65	1	1	BA1650	10749	10	2	0	0	0	0	0	0	0	0	0
A	ef	3	65	1	1	BA1650	10750	2	3	0	0	0	0	0	0	0	0	0
A	ef	3	65	1	1	BA1650	10875	3	5	1	1	0	0	0	0	0	0	0
A	ef	3	65	1	1	BA1650	10885	5	4	0	0	0	0	0	0	0	0	0
A	ef	3	65	1	1	BA1650	10886	4	0	0	0	0	0	0	1	0	0	0
A	ef	3	65	1	1	BA1650	10895	4	5	1	1	0	0	0	0	0	0	0
A	ef	3	65	1	1	BA1650	10905	5	4	0	0	0	0	0	1	0	0	0
A	ef	3	65	1	1	BA1650	10909	4	5	1	1	0	0	0	0	0	0	0
A	ef	3	65	1	1	BA1650	10919	5	4	0	0	0	0	0	0	0	0	0
A	ef	3	65	1	1	BA1650	10932	4	0	0	0	0	0	0	1	0	0	0
A	ef	3	65	1	1	BA1650	10936	4	5	1	1	0	0	0	0	0	0	0
A	ef	3	65	1	1	BA1650	10946	5	4	0	0	0	0	0	0	0	0	0
A	ef	3	65	1	1	BA1650	10951	4	0	0	0	0	0	0	1	0	0	0
A	ef	3	65	1	1	BA1650	10954	4	5	1	1	0	0	0	0	0	0	0
A	ef	3	65	1	1	BA1650	10964	5	9	0	0	0	0	0	0	0	0	0
A	ef	3	65	1	1	BA1650	10974	9	10	0	0	0	0	0	0	0	0	0
A	ef	3	65	1	1	BA1650	10978	10	0	0	0	0	0	0	1	0	0	0
A	ef	3	65	1	1	BA1650	11049	10	2	0	0	0	0	0	0	0	0	0
A	ef	3	65	1	1	BA1650	11050	2	3	0	0	0	0	0	0	0	0	0
A	ef	3	65	1	1	BA1650	11134	3	5	1	1	0	0	0	0	0	0	0
A	ef	3	65	1	1	BA1650	11144	5	4	0	0	0	0	0	0	0	0	0
A	ef	3	65	1	1	BA1650	11201	4	0	0	0	0	0	0	1	0	0	0
A	ef	3	65	1	1	BA1650	11207	4	5	1	1	0	0	0	0	0	0	0
A	ef	3	65	1	1	BA1650	11217	5	4	0	0	0	0	0	0	0	0	0
A	ef	3	65	1	1	BA1650	11254	4	0	0	0	0	0	0	1	0	0	0
A	ef	3	65	1	1	BA1650	11255	4	5	1	1	0	0	0	0	0	0	0
A	ef	3	65	1	1	BA1650	11257	5	0	0	0	0	0	0	1	0	0	0
A	ef	3	65	1	1	BA1650	11261	5	0	0	1	0	0	0	0	0	0	0
A	ef	3	65	1	1	BA1650	11265	5	4	0	0	0	0	0	0	0	0	0
A	ef	3	65	1	1	BA1650	11285	4	0	0	0	0	0	0	1	0	0	0
A	ef	3	65	1	1	BA1650	11349	4	5	1	1	0	0	0	0	0	0	0
A	ef	3	65	1	1	BA1650	11359	5	4	0	0	0	0	0	0	0	0	0
A	ef	3	65	1	1	BA1650	11379	4	0	0	0	0	0	0	1	0	0	0
A	ef	3	65	1	1	BA1650	11382	4	5	1	1	0	0	0	0	0	0	0
A	ef	3	65	1	1	BA1650	11392	5	9	0	0	0	0	0	0	0	0	0
A	ef	3	65	1	1	BA1650	11398	9	0	0	0	0	0	0	1	0	0	0
A	ef	3	65	1	1	BA1650	11402	9	10	0	0	0	0	0	0	0	0	0
A	ef	3	65	1	1	BA1650	11477	10	2	0	0	0	0	0	0	0	0	0
A	ef	3	65	1	1	BA1650	11478	2	3	0	0	0	0	0	0	0	0	0
A	ef	3	65	1	1	BA1650	11578	3	5	1	1	0	0	0	0	0	0	0
A	ef	3	65	1	1	BA1650	11588	5	4	0	0	0	0	0	0	0	0	0
A	ef	3	65	1	1	BA1650	11632	4	0	0	0	0	0	0	1	0	0	0
A	ef	3	65	1	1	BA1650	11654	4	5	1	1	0	0	0	0	0	0	0
A	ef	3	65	1	1	BA1650	11664	5	4	0	0	0	0	0	0	0	0	0
A	ef	3	65	1	1	BA1650	11673	4	0	0	0	0	0	0	1	0	0	0
A	ef	3	65	1	1	BA1650	11693	4	5	1	1	0	0	0	0	0	0	0
A	ef	3	65	1	1	BA1650	11703	5	4	0	0	0	0	0	0	0	0	0
A	ef	3	65	1	1	BA1650	11705	4	0	0	0	0	0	0	1	0	0	0
A	ef	3	65	1	1	BA1650	11724	4	5	1	1	0	0	0	0	0	0	0
A	ef	3	65	1	1	BA1650	11734	5	4	0	0	0	0	0	0	0	0	0
A	ef	3	65	1	1	BA1650	11741	4	0	0	0	0	0	0	1	0	0	0
A	ef	3	65	1	1	BA1650	11747	4	5	1	1	0	0	0	0	0	0	0
A	ef	3	65	1	1	BA1650	11757	5	9	0	0	0	0	0	0	0	0	0
A	ef	3	65	1	1	BA1650	11763	9	0	0	0	0	0	0	1	0	0	0
A	ef	3	65	1	1	BA1650	11767	9	10	0	0	0	0	0	0	0	0	0
A	ef	3	65	1	1	BA1650	11842	10	2	0	0	0	0	0	0	0	0	0
A	ef	3	65	1	1	BA1650	11843	2	6	0	0	0	0	0	0	0	0	0
A	ef	3	65	1	1	BA1650	11910	6	8	2	0	1	0	0	0	0	0	0
A	ef	3	65	1	1	BA1650	11920	8	7	0	0	0	0	0	0	0	0	0
A	ef	3	65	1	1	BA1650	11931	7	0	0	0	0	0	0	0	1	0	0
A	ef	3	65	1	1	BA1650	11973	7	8	2	0	1	0	0	0	0	0	0
A	ef	3	65	1	1	BA1650	11983	8	7	0	0	0	0	0	0	0	0	0
A	ef	3	65	1	1	BA1650	12008	7	0	0	0	0	0	0	0	1	0	0
A	ef	3	65	1	1	BA1650	12010	7	8	2	0	1	0	0	0	0	0	0
A	ef	3	65	1	1	BA1650	12013	8	0	0	0	0	0	0	0	1	0	0
A	ef	3	65	1	1	BA1650	12017	8	0	0	0	1	0	0	0	0	0	0
A	ef	3	65	1	1	BA1650	12020	8	7	0	0	0	0	0	0	0	0	0
A	ef	3	65	1	1	BA1650	12040	7	0	0	0	0	0	0	0	1	0	0
A	ef	3	65	1	1	BA1650	12044	7	8	2	0	1	0	0	0	0	0	0
A	ef	3	65	1	1	BA1650	12054	8	7	0	0	0	0	0	0	1	0	0
A	ef	3	65	1	1	BA1650	12087	7	8	2	0	1	0	0	0	0	0	0
A	ef	3	65	1	1	BA1650	12097	8	9	0	0	0	0	0	0	0	0	0
A	ef	3	65	1	1	BA1650	12101	9	0	0	0	0	0	0	0	1	0	0
A	ef	3	65	1	1	BA1650	12107	9	10	0	0	0	0	0	0	0	0	0
A	ef	3	65	1	1	BA1650	12112	10	0	0	0	1	0	0	0	0	0	0
A	ef	3	65	1	1	BA1650	12115	10	0	0	0	0	0	0	0	1	0	0
A	ef	3	65	1	1	BA1650	12182	10	2	0	0	0	0	0	0	0	0	0
A	ef	3	65	1	1	BA1650	12183	2	6	0	0	0	0	0	0	0	0	0
A	ef	3	65	1	1	BA1650	12302	6	8	2	0	1	0	0	0	0	0	0
A	ef	3	65	1	1	BA1650	12312	8	7	0	0	0	0	0	0	0	0	0
A	ef	3	65	1	1	BA1650	12322	7	0	0	0	0	0	0	0	1	0	0
A	ef	3	65	1	1	BA1650	12327	7	8	2	0	1	0	0	0	0	0	0
A	ef	3	65	1	1	BA1650	12337	8	7	0	0	0	0	0	0	0	0	0
A	ef	3	65	1	1	BA1650	12340	7	0	0	0	0	0	0	0	1	0	0
A	ef	3	65	1	1	BA1650	12359	7	8	2	0	1	0	0	0	0	0	0
A	ef	3	65	1	1	BA1650	12365	8	0	0	0	0	0	0	0	1	0	0
A	ef	3	65	1	1	BA1650	12369	8	7	0	0	0	0	0	0	0	0	0
A	ef	3	65	1	1	BA1650	12370	7	8	2	0	1	0	0	0	0	0	0
A	ef	3	65	1	1	BA1650	12380	8	7	0	0	0	0	0	0	0	0	0
A	ef	3	65	1	1	BA1650	12393	7	0	0	0	0	0	0	0	1	0	0
A	ef	3	65	1	1	BA1650	12397	7	8	2	0	1	0	0	0	0	0	0
A	ef	3	65	1	1	BA1650	12407	8	9	0	0	0	0	0	0	0	0	0
A	ef	3	65	1	1	BA1650	12417	9	10	0	0	0	0	0	0	0	0	0
A	ef	3	65	1	1	BA1650	12421	10	0	0	0	0	0	0	0	1	0	0
A	ef	3	65	1	1	BA1650	12492	10	2	0	0	0	0	0	0	0	0	0
A	ef	3	65	1	1	BA1650	12493	2	6	0	0	0	0	0	0	0	0	0
A	ef	3	65	1	1	BA1650	12543	6	8	2	0	1	0	0	0	0	0	0
A	ef	3	65	1	1	BA1650	12552	8	0	0	0	0	0	0	0	1	0	0
A	ef	3	65	1	1	BA1650	12553	8	7	0	0	0	0	0	0	0	0	0
A	ef	3	65	1	1	BA1650	12557	7	8	2	0	1	0	0	0	0	0	0
A	ef	3	65	1	1	BA1650	12567	8	7	0	0	0	0	0	0	0	0	0
A	ef	3	65	1	1	BA1650	12579	7	0	0	0	0	0	0	0	1	0	0
A	ef	3	65	1	1	BA1650	12608	7	8	2	0	1	0	0	0	0	0	0
A	ef	3	65	1	1	BA1650	12618	8	7	0	0	0	0	0	0	0	0	0
A	ef	3	65	1	1	BA1650	12635	7	0	0	0	0	0	0	0	1	0	0
A	ef	3	65	1	1	BA1650	12638	7	8	2	0	1	0	0	0	0	0	0
A	ef	3	65	1	1	BA1650	12648	8	7	0	0	0	0	0	0	0	0	0
A	ef	3	65	1	1	BA1650	12652	7	0	0	0	0	0	0	0	1	0	0
A	ef	3	65	1	1	BA1650	12655	7	8	2	0	1	0	0	0	0	0	0
A	ef	3	65	1	1	BA1650	12658	8	0	0	0	0	0	0	0	1	0	0
A	ef	3	65	1	1	BA1650	12659	8	0	0	0	1	0	0	0	0	0	0
A	ef	3	65	1	1	BA1650	12665	8	9	0	0	0	0	0	0	0	0	0
A	ef	3	65	1	1	BA1650	12670	9	0	0	0	0	0	0	0	1	0	0
A	ef	3	65	1	1	BA1650	12673	9	0	0	0	1	0	0	0	0	0	0
A	ef	3	65	1	1	BA1650	12675	9	10	0	0	0	0	0	0	0	0	0
A	ef	3	65	1	1	BA1650	12681	10	0	0	0	0	0	0	0	1	0	0
A	ef	3	65	1	1	BA1650	12684	10	0	0	0	1	0	0	0	0	0	0
A	ef	3	65	1	1	BA1650	12706	10	0	0	0	0	0	0	0	1	0	0
A	ef	3	65	1	1	BA1650	12708	10	0	0	0	1	0	0	0	0	0	0
A	ef	3	65	1	1	BA1650	12750	10	2	0	0	0	0	0	0	0	0	0
A	ef	3	65	1	1	BA1650	12751	2	3	0	0	0	0	0	0	0	0	0
A	ef	3	65	1	1	BA1650	12770	3	0	0	0	0	0	0	0	1	0	0
A	ef	3	65	1	1	BA1650	12773	3	0	0	0	1	0	0	0	0	0	0
A	ef	3	65	1	1	BA1650	12798	3	0	0	0	0	0	0	0	1	0	0
A	ef	3	65	1	1	BA1650	13058	3	5	1	1	0	0	0	0	0	0	0
A	ef	3	65	1	1	BA1650	13068	5	4	0	0	0	0	0	0	0	0	0
A	ef	3	65	1	1	BA1650	13088	4	0	0	0	0	0	0	1	0	0	0
A	ef	3	65	1	1	BA1650	13093	4	5	1	1	0	0	0	0	0	0	0
A	ef	3	65	1	1	BA1650	13099	5	0	0	0	0	0	0	1	0	0	0
A	ef	3	65	1	1	BA1650	13103	5	4	0	1	0	0	0	0	0	0	0
A	ef	3	65	1	1	BA1650	13123	4	5	1	1	0	0	0	1	0	0	0
A	ef	3	65	1	1	BA1650	13133	5	4	0	0	0	0	0	0	0	0	0
A	ef	3	65	1	1	BA1650	13145	4	0	0	0	0	0	0	1	0	0	0
A	ef	3	65	1	1	BA1650	13159	4	5	1	1	0	0	0	0	0	0	0
A	ef	3	65	1	1	BA1650	13164	5	0	0	0	0	0	0	1	0	0	0
A	ef	3	65	1	1	BA1650	13167	5	0	0	1	0	0	0	0	0	0	0
A	ef	3	65	1	1	BA1650	13169	5	4	0	0	0	0	0	0	0	0	0
A	ef	3	65	1	1	BA1650	13209	4	0	0	0	0	0	0	1	0	0	0
A	ef	3	65	1	1	BA1650	13211	4	5	1	1	0	0	0	0	0	0	0
A	ef	3	65	1	1	BA1650	13221	5	9	0	0	0	0	0	0	0	0	0
A	ef	3	65	1	1	BA1650	13231	9	10	0	0	0	0	0	0	0	0	0
A	ef	3	65	1	1	BA1650	13232	10	0	0	0	0	0	0	1	0	0	0
A	ef	3	65	1	1	BA1650	13306	10	2	0	0	0	0	0	0	0	0	0
A	ef	3	65	1	1	BA1650	13307	2	3	0	0	0	0	0	0	0	0	0
A	ef	3	65	1	1	BA1650	13354	3	5	1	1	0	0	0	0	0	0	0
A	ef	3	65	1	1	BA1650	13364	5	4	0	0	0	0	0	0	0	0	0
A	ef	3	65	1	1	BA1650	13467	4	0	0	0	0	0	0	1	0	0	0
A	ef	3	65	1	1	BA1650	13473	4	5	1	1	0	0	0	0	0	0	0
A	ef	3	65	1	1	BA1650	13477	5	0	0	0	0	0	0	1	0	0	0
A	ef	3	65	1	1	BA1650	13483	5	4	0	0	0	0	0	0	0	0	0
A	ef	3	65	1	1	BA1650	13486	4	5	1	1	0	0	0	0	0	0	0
A	ef	3	65	1	1	BA1650	13493	5	0	0	0	0	0	0	1	0	0	0
A	ef	3	65	1	1	BA1650	13496	5	4	0	1	0	0	0	0	0	0	0
A	ef	3	65	1	1	BA1650	13512	4	0	0	0	0	0	0	1	0	0	0
A	ef	3	65	1	1	BA1650	13521	4	5	1	1	0	0	0	0	0	0	0
A	ef	3	65	1	1	BA1650	13531	5	4	0	0	0	0	0	0	0	0	0
A	ef	3	65	1	1	BA1650	13541	4	0	0	0	0	0	0	1	0	0	0
A	ef	3	65	1	1	BA1650	13551	4	5	1	1	0	0	0	0	0	0	0
A	ef	3	65	1	1	BA1650	13561	5	9	0	0	0	0	0	0	0	0	0
A	ef	3	65	1	1	BA1650	13571	9	10	0	0	0	0	0	0	0	0	0
A	ef	3	65	1	1	BA1650	13577	10	0	0	0	0	0	0	1	0	0	0
A	ef	3	65	1	1	BA1650	13646	10	2	0	0	0	0	0	0	0	0	0
A	ef	3	65	1	1	BA1650	13647	2	3	0	0	0	0	0	0	0	0	0
A	ef	3	65	1	1	BA1650	13697	3	5	1	1	0	0	0	0	0	0	0
A	ef	3	65	1	1	BA1650	13707	5	4	0	0	0	0	0	0	0	0	0
A	ef	3	65	1	1	BA1650	13713	4	0	0	0	0	0	0	1	0	0	0
A	ef	3	65	1	1	BA1650	13717	4	5	1	1	0	0	0	0	0	0	0
A	ef	3	65	1	1	BA1650	13727	5	4	0	0	0	0	0	0	0	0	0
A	ef	3	65	1	1	BA1650	13747	4	0	0	0	0	0	0	1	0	0	0
A	ef	3	65	1	1	BA1650	13750	4	5	1	1	0	0	0	0	0	0	0
A	ef	3	65	1	1	BA1650	13759	5	0	0	0	0	0	0	1	0	0	0
A	ef	3	65	1	1	BA1650	13760	5	4	0	0	0	0	0	0	0	0	0
A	ef	3	65	1	1	BA1650	13772	4	5	1	1	0	0	0	0	0	0	0
A	ef	3	65	1	1	BA1650	13782	5	4	0	0	0	0	0	0	0	0	0
A	ef	3	65	1	1	BA1650	13784	4	0	0	0	0	0	0	1	0	0	0
A	ef	3	65	1	1	BA1650	13831	4	5	1	1	0	0	0	0	0	0	0
A	ef	3	65	1	1	BA1650	13841	5	9	0	0	0	0	0	0	0	0	0
A	ef	3	65	1	1	BA1650	13844	9	0	0	0	0	0	0	1	0	0	0
A	ef	3	65	1	1	BA1650	13846	9	0	0	1	0	0	0	0	0	0	0
A	ef	3	65	1	1	BA1650	13851	9	10	0	0	0	0	0	0	0	0	0
A	ef	3	65	1	1	BA1650	13856	10	0	0	0	0	0	0	1	0	0	0
A	ef	3	65	1	1	BA1650	13926	10	2	0	0	0	0	0	0	0	0	0
A	ef	3	65	1	1	BA1650	13927	2	6	0	0	0	0	0	0	0	0	0
A	ef	3	65	1	1	BA1650	14005	6	8	2	0	1	0	0	0	0	0	0
A	ef	3	65	1	1	BA1650	14015	8	7	0	0	0	0	0	0	0	0	0
A	ef	3	65	1	1	BA1650	14031	7	0	0	0	0	0	0	0	1	0	0
A	ef	3	65	1	1	BA1650	14037	7	8	2	0	1	0	0	0	0	0	0
A	ef	3	65	1	1	BA1650	14039	8	0	0	0	0	0	0	0	1	0	0
A	ef	3	65	1	1	BA1650	14047	8	7	0	0	0	0	0	0	0	0	0
A	ef	3	65	1	1	BA1650	14075	7	8	2	0	1	0	0	0	0	0	0
A	ef	3	65	1	1	BA1650	14085	8	7	0	0	0	0	0	0	0	0	0
A	ef	3	65	1	1	BA1650	14121	7	0	0	0	0	0	0	0	1	0	0
A	ef	3	65	1	1	BA1650	14128	7	8	2	0	1	0	0	0	0	0	0
A	ef	3	65	1	1	BA1650	14138	8	7	0	0	0	0	0	0	0	0	0
A	ef	3	65	1	1	BA1650	14141	7	0	0	0	0	0	0	0	1	0	0
A	ef	3	65	1	1	BA1650	14146	7	8	2	0	1	0	0	0	0	0	0
A	ef	3	65	1	1	BA1650	14153	8	0	0	0	0	0	0	0	1	0	0
A	ef	3	65	1	1	BA1650	14156	8	9	0	0	0	0	0	0	0	0	0
A	ef	3	65	1	1	BA1650	14158	9	0	0	0	1	0	0	0	0	0	0
A	ef	3	65	1	1	BA1650	14166	9	10	0	0	0	0	0	0	0	0	0
A	ef	3	65	1	1	BA1650	14169	10	0	0	0	0	0	0	0	1	0	0
A	ef	3	65	1	1	BA1650	14241	10	2	0	0	0	0	0	0	0	0	0
A	ef	3	65	1	1	BA1650	14242	2	3	0	0	0	0	0	0	0	0	0
A	ef	3	65	1	1	BA1650	14544	3	5	1	1	0	0	0	0	0	0	0
A	ef	3	65	1	1	BA1650	14554	5	4	0	0	0	0	0	0	0	0	0
A	ef	3	65	1	1	BA1650	14556	4	0	0	0	0	0	0	1	0	0	0
A	ef	3	65	1	1	BA1650	14564	4	5	1	1	0	0	0	0	0	0	0
A	ef	3	65	1	1	BA1650	14570	5	0	0	0	0	0	0	1	0	0	0
A	ef	3	65	1	1	BA1650	14574	5	4	0	1	0	0	0	0	0	0	0
A	ef	3	65	1	1	BA1650	14586	4	0	0	0	0	0	0	1	0	0	0
A	ef	3	65	1	1	BA1650	14589	4	5	1	1	0	0	0	0	0	0	0
A	ef	3	65	1	1	BA1650	14599	5	4	0	0	0	0	0	0	0	0	0
A	ef	3	65	1	1	BA1650	14600	4	0	0	0	0	0	0	1	0	0	0
A	ef	3	65	1	1	BA1650	14603	4	5	1	1	0	0	0	0	0	0	0
A	ef	3	65	1	1	BA1650	14613	5	4	0	0	0	0	0	0	0	0	0
A	ef	3	65	1	1	BA1650	14625	4	0	0	0	0	0	0	1	0	0	0
A	ef	3	65	1	1	BA1650	14629	4	5	1	1	0	0	0	0	0	0	0
A	ef	3	65	1	1	BA1650	14639	5	9	0	0	0	0	0	1	0	0	0
A	ef	3	65	1	1	BA1650	14649	9	10	0	0	0	0	0	0	0	0	0
A	ef	3	65	1	1	BA1650	14653	10	0	0	1	0	0	0	0	0	0	0
A	ef	3	65	1	1	BA1650	14656	10	0	0	0	0	0	0	1	0	0	0
A	ef	3	65	1	1	BA1650	14724	10	2	0	0	0	0	0	0	0	0	0
A	ef	3	65	1	1	BA1650	14725	2	6	0	0	0	0	0	0	0	0	0
A	ef	3	65	1	1	BA1650	14791	6	0	0	1	0	0	0	0	0	0	0
A	ef	3	65	1	1	BA1650	14804	6	0	0	0	0	0	0	1	0	0	0
A	ef	3	65	1	1	BA1650	14811	6	0	0	1	0	0	0	0	0	0	0
A	ef	3	65	1	1	BA1650	14814	6	0	0	0	0	0	0	1	0	0	0
A	ef	3	65	1	1	BA1650	14843	6	0	0	1	0	0	0	0	0	0	0
A	ef	3	65	1	1	BA1650	14847	6	0	0	0	0	0	0	1	0	0	0
A	ef	3	65	1	1	BA1650	14850	6	0	0	1	0	0	0	0	0	0	0
A	ef	3	65	1	1	BA1650	14862	6	0	0	0	0	0	0	1	0	0	0
A	ef	3	65	1	1	BA1650	15611	6	8	2	0	1	0	0	0	0	0	0
A	ef	3	65	1	1	BA1650	15616	8	0	0	0	0	0	0	0	1	0	0
A	ef	3	65	1	1	BA1650	15621	8	7	0	0	0	0	0	0	0	0	0
A	ef	3	65	1	1	BA1650	15622	7	8	2	0	1	0	0	0	0	0	0
A	ef	3	65	1	1	BA1650	15629	8	0	0	0	0	0	0	0	1	0	0
A	ef	3	65	1	1	BA1650	15632	8	7	0	0	0	0	0	0	0	0	0
A	ef	3	65	1	1	BA1650	15635	7	8	2	0	1	0	0	0	0	0	0
A	ef	3	65	1	1	BA1650	15642	8	0	0	0	0	0	0	0	1	0	0
A	ef	3	65	1	1	BA1650	15645	8	7	0	0	0	0	0	0	0	0	0
A	ef	3	65	1	1	BA1650	15648	7	8	2	0	1	0	0	0	0	0	0
A	ef	3	65	1	1	BA1650	15650	8	0	0	0	0	0	0	0	1	0	0
A	ef	3	65	1	1	BA1650	15656	8	0	0	0	1	0	0	0	0	0	0
A	ef	3	65	1	1	BA1650	15658	8	7	0	0	0	0	0	0	0	0	0
A	ef	3	65	1	1	BA1650	15669	7	0	0	0	0	0	0	0	1	0	0
A	ef	3	65	1	1	BA1650	15677	7	8	2	0	1	0	0	0	0	0	0
A	ef	3	65	1	1	BA1650	15678	8	0	0	0	0	0	0	0	1	0	0
A	ef	3	65	1	1	BA1650	15687	8	9	0	0	0	0	0	0	0	0	0
A	ef	3	65	1	1	BA1650	15695	9	0	0	0	1	0	0	0	0	0	0
A	ef	3	65	1	1	BA1650	15697	9	10	0	0	0	0	0	0	0	0	0
A	ef	3	65	1	1	BA1650	15717	10	0	0	0	0	0	0	0	1	0	0
A	ef	3	65	1	1	BA1650	15772	10	2	0	0	0	0	0	0	0	0	0
A	ef	3	65	1	1	BA1650	15773	2	3	0	0	0	0	0	0	0	0	0
A	ef	3	65	1	1	BA1650	15928	3	0	0	0	1	0	0	0	0	0	0
A	ef	3	65	1	1	BA1650	15938	3	0	0	0	0	0	0	0	1	0	0
A	ef	3	65	1	1	BA1650	15943	3	0	0	0	1	0	0	0	0	0	0
A	ef	3	65	1	1	BA1650	15948	3	0	0	0	0	0	0	0	1	0	0
A	ef	3	65	1	1	BA1650	15956	3	0	0	0	1	0	0	0	0	0	0
A	ef	3	65	1	1	BA1650	15964	3	0	0	0	0	0	0	0	1	0	0
A	ef	3	65	1	1	BA1650	15969	3	0	0	0	1	0	0	0	0	0	0
A	ef	3	65	1	1	BA1650	15971	3	0	0	0	0	0	0	0	1	0	0
A	ef	3	65	1	1	BA1650	15974	3	0	0	0	1	0	0	0	0	0	0
A	ef	3	65	1	1	BA1650	15979	3	0	0	0	0	0	0	0	1	0	0
A	ef	3	65	1	1	BA1650	15984	3	0	0	0	1	0	0	0	0	0	0
A	ef	3	65	1	1	BA1650	16002	3	0	0	0	0	0	0	0	1	0	0
A	ef	3	65	1	1	BA1650	16006	3	0	0	0	1	0	0	0	0	0	0
A	ef	3	65	1	1	BA1650	16013	3	0	0	0	0	0	0	0	1	0	0
A	ef	3	65	1	1	BA1650	16074	3	0	0	0	1	0	0	0	0	0	0
A	ef	3	65	1	1	BA1650	16087	3	0	0	0	0	0	0	0	1	0	0
A	ef	3	65	1	1	BA1650	16170	3	0	0	0	1	0	0	0	0	0	0
A	ef	3	65	1	1	BA1650	16203	3	0	0	0	0	0	0	0	1	0	0
A	ef	3	65	1	1	BA1650	16285	3	5	1	1	0	0	0	0	0	0	0
A	ef	3	65	1	1	BA1650	16294	5	0	0	0	0	0	0	1	0	0	0
A	ef	3	65	1	1	BA1650	16295	5	4	0	0	0	0	0	0	0	0	0
A	ef	3	65	1	1	BA1650	16299	4	5	1	1	0	0	0	0	0	0	0
A	ef	3	65	1	1	BA1650	16309	5	4	0	0	0	0	0	0	0	0	0
A	ef	3	65	1	1	BA1650	16312	4	0	0	0	0	0	0	1	0	0	0
A	ef	3	65	1	1	BA1650	16317	4	5	1	1	0	0	0	0	0	0	0
A	ef	3	65	1	1	BA1650	16327	5	4	0	0	0	0	0	0	0	0	0
A	ef	3	65	1	1	BA1650	16329	4	0	0	0	0	0	0	1	0	0	0
A	ef	3	65	1	1	BA1650	16349	4	5	1	1	0	0	0	0	0	0	0
A	ef	3	65	1	1	BA1650	16359	5	4	0	0	0	0	0	0	0	0	0
A	ef	3	65	1	1	BA1650	16375	4	0	0	0	0	0	0	1	0	0	0
A	ef	3	65	1	1	BA1650	16393	4	5	1	1	0	0	0	0	0	0	0
A	ef	3	65	1	1	BA1650	16403	5	9	0	0	0	0	0	1	0	0	0
A	ef	3	65	1	1	BA1650	16406	9	0	0	1	0	0	0	0	0	0	0
A	ef	3	65	1	1	BA1650	16413	9	10	0	0	0	0	0	0	0	0	0
A	ef	3	65	1	1	BA1650	16428	10	0	0	0	0	0	0	1	0	0	0
A	ef	3	65	1	1	BA1650	16488	10	2	0	0	0	0	0	0	0	0	0
A	ef	3	65	1	1	BA1650	16489	2	3	0	0	0	0	0	0	0	0	0
A	ef	3	65	1	1	BA1650	16526	3	5	1	1	0	0	0	0	0	0	0
A	ef	3	65	1	1	BA1650	16536	5	4	0	0	0	0	0	1	0	0	0
A	ef	3	65	1	1	BA1650	16539	4	5	1	1	0	0	0	0	0	0	0
A	ef	3	65	1	1	BA1650	16549	5	4	0	0	0	0	0	0	0	0	0
A	ef	3	65	1	1	BA1650	16555	4	0	0	0	0	0	0	1	0	0	0
A	ef	3	65	1	1	BA1650	16562	4	5	1	1	0	0	0	0	0	0	0
A	ef	3	65	1	1	BA1650	16564	5	0	0	0	0	0	0	1	0	0	0
A	ef	3	65	1	1	BA1650	16565	5	0	0	1	0	0	0	0	0	0	0
A	ef	3	65	1	1	BA1650	16572	5	4	0	0	0	0	0	0	0	0	0
A	ef	3	65	1	1	BA1650	16598	4	0	0	0	0	0	0	1	0	0	0
A	ef	3	65	1	1	BA1650	16603	4	5	1	1	0	0	0	0	0	0	0
A	ef	3	65	1	1	BA1650	16613	5	4	0	0	0	0	0	0	0	0	0
A	ef	3	65	1	1	BA1650	16626	4	0	0	0	0	0	0	1	0	0	0
A	ef	3	65	1	1	BA1650	16628	4	5	1	1	0	0	0	0	0	0	0
A	ef	3	65	1	1	BA1650	16638	5	9	0	0	0	0	0	0	0	0	0
A	ef	3	65	1	1	BA1650	16648	9	-1	0	0	0	0	0	0	0	0	0
