Project	UserID	Protocol	Session	Station	Run	Subject	Time	Current State	Transition State	Transition Event	A1 - LEFT	A2 - RIGHT	A3 - 	A4 - 	A[1] LEFT	A[2] RIGHT	A[3] 	A[4] 
A	EF	4	66	9	2	BA1653	0	0	1	0	0	0	0	0	0	0	0	0
A	EF	4	66	9	2	BA1653	50	1	2	0	0	0	0	0	0	0	0	0
A	EF	4	66	9	2	BA1653	51	2	3	0	0	0	0	0	0	0	0	0
A	EF	4	66	9	2	BA1653	3936	3	5	1	1	0	0	0	0	0	0	0
A	EF	4	66	9	2	BA1653	3946	5	4	0	0	0	0	0	0	0	0	0
A	EF	4	66	9	2	BA1653	3999	4	0	0	0	0	0	0	1	0	0	0
A	EF	4	66	9	2	BA1653	4858	4	5	1	1	0	0	0	0	0	0	0
A	EF	4	66	9	2	BA1653	4868	5	4	0	0	0	0	0	0	0	0	0
A	EF	4	66	9	2	BA1653	4944	4	0	0	0	0	0	0	1	0	0	0
A	EF	4	66	9	2	BA1653	5655	4	5	1	1	0	0	0	0	0	0	0
A	EF	4	66	9	2	BA1653	5665	5	4	0	0	0	0	0	0	0	0	0
A	EF	4	66	9	2	BA1653	5695	4	0	0	0	0	0	0	1	0	0	0
A	EF	4	66	9	2	BA1653	6810	4	5	1	1	0	0	0	0	0	0	0
A	EF	4	66	9	2	BA1653	6820	5	4	0	0	0	0	0	0	0	0	0
A	EF	4	66	9	2	BA1653	6848	4	0	0	0	0	0	0	1	0	0	0
A	EF	4	66	9	2	BA1653	6851	4	5	1	1	0	0	0	0	0	0	0
A	EF	4	66	9	2	BA1653	6861	5	9	0	0	0	0	0	0	0	0	0
A	EF	4	66	9	2	BA1653	6863	9	0	0	0	0	0	0	1	0	0	0
A	EF	4	66	9	2	BA1653	6871	9	10	0	0	0	0	0	0	0	0	0
A	EF	4	66	9	2	BA1653	6946	10	2	0	0	0	0	0	0	0	0	0
A	EF	4	66	9	2	BA1653	6947	2	6	0	0	0	0	0	0	0	0	0
A	EF	4	66	9	2	BA1653	8194	6	0	0	1	0	0	0	0	0	0	0
A	EF	4	66	9	2	BA1653	8228	6	0	0	0	0	0	0	1	0	0	0
A	EF	4	66	9	2	BA1653	8398	6	8	2	0	1	0	0	0	0	0	0
A	EF	4	66	9	2	BA1653	8408	8	7	0	0	0	0	0	0	0	0	0
A	EF	4	66	9	2	BA1653	8439	7	0	0	0	0	0	0	0	1	0	0
A	EF	4	66	9	2	BA1653	8442	7	8	2	0	1	0	0	0	0	0	0
A	EF	4	66	9	2	BA1653	8446	8	0	0	0	0	0	0	0	1	0	0
A	EF	4	66	9	2	BA1653	8447	8	0	0	0	1	0	0	0	0	0	0
A	EF	4	66	9	2	BA1653	8452	8	7	0	0	0	0	0	0	0	0	0
A	EF	4	66	9	2	BA1653	8482	7	0	0	0	0	0	0	0	1	0	0
A	EF	4	66	9	2	BA1653	8485	7	8	2	0	1	0	0	0	0	0	0
A	EF	4	66	9	2	BA1653	8493	8	0	0	0	0	0	0	0	1	0	0
A	EF	4	66	9	2	BA1653	8495	8	7	0	0	1	0	0	0	0	0	0
A	EF	4	66	9	2	BA1653	8524	7	0	0	0	0	0	0	0	1	0	0
A	EF	4	66	9	2	BA1653	8546	7	8	2	0	1	0	0	0	0	0	0
A	EF	4	66	9	2	BA1653	8549	8	0	0	0	0	0	0	0	1	0	0
A	EF	4	66	9	2	BA1653	8554	8	0	0	0	1	0	0	0	0	0	0
A	EF	4	66	9	2	BA1653	8556	8	7	0	0	0	0	0	0	0	0	0
A	EF	4	66	9	2	BA1653	8557	7	0	0	0	0	0	0	0	1	0	0
A	EF	4	66	9	2	BA1653	8561	7	8	2	0	1	0	0	0	0	0	0
A	EF	4	66	9	2	BA1653	8565	8	0	0	0	0	0	0	0	1	0	0
A	EF	4	66	9	2	BA1653	8571	8	9	0	0	0	0	0	0	0	0	0
A	EF	4	66	9	2	BA1653	8577	9	0	0	0	1	0	0	0	0	0	0
A	EF	4	66	9	2	BA1653	8581	9	10	0	0	0	0	0	0	0	0	0
A	EF	4	66	9	2	BA1653	8601	10	0	0	0	0	0	0	0	1	0	0
A	EF	4	66	9	2	BA1653	8656	10	2	0	0	0	0	0	0	0	0	0
A	EF	4	66	9	2	BA1653	8657	2	6	0	0	0	0	0	0	0	0	0
A	EF	4	66	9	2	BA1653	9127	6	8	2	0	1	0	0	0	0	0	0
A	EF	4	66	9	2	BA1653	9137	8	7	0	0	0	0	0	0	0	0	0
A	EF	4	66	9	2	BA1653	9146	7	0	0	0	0	0	0	0	1	0	0
A	EF	4	66	9	2	BA1653	9148	7	8	2	0	1	0	0	0	0	0	0
A	EF	4	66	9	2	BA1653	9158	8	7	0	0	0	0	0	0	0	0	0
A	EF	4	66	9	2	BA1653	9285	7	0	0	0	0	0	0	0	1	0	0
A	EF	4	66	9	2	BA1653	9324	7	8	2	0	1	0	0	0	0	0	0
A	EF	4	66	9	2	BA1653	9325	8	0	0	0	0	0	0	0	1	0	0
A	EF	4	66	9	2	BA1653	9334	8	7	0	0	0	0	0	0	0	0	0
A	EF	4	66	9	2	BA1653	9339	7	8	2	0	1	0	0	0	0	0	0
A	EF	4	66	9	2	BA1653	9349	8	7	0	0	0	0	0	0	0	0	0
A	EF	4	66	9	2	BA1653	9378	7	0	0	0	0	0	0	0	1	0	0
A	EF	4	66	9	2	BA1653	9381	7	8	2	0	1	0	0	0	0	0	0
A	EF	4	66	9	2	BA1653	9391	8	9	0	0	0	0	0	0	0	0	0
A	EF	4	66	9	2	BA1653	9401	9	10	0	0	0	0	0	0	0	0	0
A	EF	4	66	9	2	BA1653	9411	10	0	0	0	0	0	0	0	1	0	0
A	EF	4	66	9	2	BA1653	9476	10	2	0	0	0	0	0	0	0	0	0
A	EF	4	66	9	2	BA1653	9477	2	6	0	0	0	0	0	0	0	0	0
A	EF	4	66	9	2	BA1653	9993	6	8	2	0	1	0	0	0	0	0	0
A	EF	4	66	9	2	BA1653	10003	8	7	0	0	0	0	0	0	0	0	0
A	EF	4	66	9	2	BA1653	10016	7	0	0	0	0	0	0	0	1	0	0
A	EF	4	66	9	2	BA1653	10070	7	8	2	0	1	0	0	0	0	0	0
A	EF	4	66	9	2	BA1653	10074	8	0	0	0	0	0	0	0	1	0	0
A	EF	4	66	9	2	BA1653	10078	8	0	0	0	1	0	0	0	0	0	0
A	EF	4	66	9	2	BA1653	10080	8	7	0	0	0	0	0	0	0	0	0
A	EF	4	66	9	2	BA1653	10119	7	0	0	0	0	0	0	0	1	0	0
A	EF	4	66	9	2	BA1653	10156	7	8	2	0	1	0	0	0	0	0	0
A	EF	4	66	9	2	BA1653	10166	8	7	0	0	0	0	0	0	0	0	0
A	EF	4	66	9	2	BA1653	10194	7	0	0	0	0	0	0	0	1	0	0
A	EF	4	66	9	2	BA1653	10197	7	8	2	0	1	0	0	0	0	0	0
A	EF	4	66	9	2	BA1653	10207	8	7	0	0	0	0	0	0	0	0	0
A	EF	4	66	9	2	BA1653	10221	7	0	0	0	0	0	0	0	1	0	0
A	EF	4	66	9	2	BA1653	10228	7	8	2	0	1	0	0	0	0	0	0
A	EF	4	66	9	2	BA1653	10230	8	0	0	0	0	0	0	0	1	0	0
A	EF	4	66	9	2	BA1653	10232	8	0	0	0	1	0	0	0	0	0	0
A	EF	4	66	9	2	BA1653	10238	8	9	0	0	0	0	0	0	0	0	0
A	EF	4	66	9	2	BA1653	10248	9	10	0	0	0	0	0	0	0	0	0
A	EF	4	66	9	2	BA1653	10265	10	0	0	0	0	0	0	0	1	0	0
A	EF	4	66	9	2	BA1653	10323	10	2	0	0	0	0	0	0	0	0	0
A	EF	4	66	9	2	BA1653	10324	2	3	0	0	0	0	0	0	0	0	0
A	EF	4	66	9	2	BA1653	10655	3	5	1	1	0	0	0	0	0	0	0
A	EF	4	66	9	2	BA1653	10665	5	4	0	0	0	0	0	0	0	0	0
A	EF	4	66	9	2	BA1653	10676	4	0	0	0	0	0	0	1	0	0	0
A	EF	4	66	9	2	BA1653	11056	4	5	1	1	0	0	0	0	0	0	0
A	EF	4	66	9	2	BA1653	11066	5	4	0	0	0	0	0	0	0	0	0
A	EF	4	66	9	2	BA1653	11083	4	0	0	0	0	0	0	1	0	0	0
A	EF	4	66	9	2	BA1653	11154	4	5	1	1	0	0	0	0	0	0	0
A	EF	4	66	9	2	BA1653	11164	5	4	0	0	0	0	0	0	0	0	0
A	EF	4	66	9	2	BA1653	11193	4	0	0	0	0	0	0	1	0	0	0
A	EF	4	66	9	2	BA1653	11258	4	5	1	1	0	0	0	0	0	0	0
A	EF	4	66	9	2	BA1653	11268	5	4	0	0	0	0	0	0	0	0	0
A	EF	4	66	9	2	BA1653	11313	4	0	0	0	0	0	0	1	0	0	0
A	EF	4	66	9	2	BA1653	11378	4	5	1	1	0	0	0	0	0	0	0
A	EF	4	66	9	2	BA1653	11388	5	9	0	0	0	0	0	0	0	0	0
A	EF	4	66	9	2	BA1653	11397	9	0	0	0	0	0	0	1	0	0	0
A	EF	4	66	9	2	BA1653	11398	9	10	0	0	0	0	0	0	0	0	0
A	EF	4	66	9	2	BA1653	11473	10	2	0	0	0	0	0	0	0	0	0
A	EF	4	66	9	2	BA1653	11474	2	3	0	0	0	0	0	0	0	0	0
A	EF	4	66	9	2	BA1653	11823	3	5	1	1	0	0	0	0	0	0	0
A	EF	4	66	9	2	BA1653	11833	5	4	0	0	0	0	0	0	0	0	0
A	EF	4	66	9	2	BA1653	11843	4	0	0	0	0	0	0	1	0	0	0
A	EF	4	66	9	2	BA1653	11920	4	5	1	1	0	0	0	0	0	0	0
A	EF	4	66	9	2	BA1653	11930	5	4	0	0	0	0	0	0	0	0	0
A	EF	4	66	9	2	BA1653	11945	4	0	0	0	0	0	0	1	0	0	0
A	EF	4	66	9	2	BA1653	11981	4	5	1	1	0	0	0	0	0	0	0
A	EF	4	66	9	2	BA1653	11991	5	4	0	0	0	0	0	0	0	0	0
A	EF	4	66	9	2	BA1653	12017	4	0	0	0	0	0	0	1	0	0	0
A	EF	4	66	9	2	BA1653	12067	4	5	1	1	0	0	0	0	0	0	0
A	EF	4	66	9	2	BA1653	12077	5	4	0	0	0	0	0	0	0	0	0
A	EF	4	66	9	2	BA1653	12102	4	0	0	0	0	0	0	1	0	0	0
A	EF	4	66	9	2	BA1653	12203	4	5	1	1	0	0	0	0	0	0	0
A	EF	4	66	9	2	BA1653	12213	5	9	0	0	0	0	0	0	0	0	0
A	EF	4	66	9	2	BA1653	12220	9	0	0	0	0	0	0	1	0	0	0
A	EF	4	66	9	2	BA1653	12223	9	10	0	0	0	0	0	0	0	0	0
A	EF	4	66	9	2	BA1653	12298	10	2	0	0	0	0	0	0	0	0	0
A	EF	4	66	9	2	BA1653	12299	2	6	0	0	0	0	0	0	0	0	0
A	EF	4	66	9	2	BA1653	12533	6	8	2	0	1	0	0	0	0	0	0
A	EF	4	66	9	2	BA1653	12538	8	0	0	0	0	0	0	0	1	0	0
A	EF	4	66	9	2	BA1653	12543	8	7	0	0	0	0	0	0	0	0	0
A	EF	4	66	9	2	BA1653	12552	7	8	2	0	1	0	0	0	0	0	0
A	EF	4	66	9	2	BA1653	12562	8	7	0	0	0	0	0	0	0	0	0
A	EF	4	66	9	2	BA1653	12570	7	0	0	0	0	0	0	0	1	0	0
A	EF	4	66	9	2	BA1653	12585	7	8	2	0	1	0	0	0	0	0	0
A	EF	4	66	9	2	BA1653	12590	8	0	0	0	0	0	0	0	1	0	0
A	EF	4	66	9	2	BA1653	12592	8	0	0	0	1	0	0	0	0	0	0
A	EF	4	66	9	2	BA1653	12595	8	7	0	0	0	0	0	0	0	0	0
A	EF	4	66	9	2	BA1653	12606	7	0	0	0	0	0	0	0	1	0	0
A	EF	4	66	9	2	BA1653	12612	7	8	2	0	1	0	0	0	0	0	0
A	EF	4	66	9	2	BA1653	12622	8	7	0	0	0	0	0	0	0	0	0
A	EF	4	66	9	2	BA1653	12647	7	0	0	0	0	0	0	0	1	0	0
A	EF	4	66	9	2	BA1653	12680	7	8	2	0	1	0	0	0	0	0	0
A	EF	4	66	9	2	BA1653	12690	8	9	0	0	0	0	0	0	0	0	0
A	EF	4	66	9	2	BA1653	12700	9	10	0	0	0	0	0	0	0	0	0
A	EF	4	66	9	2	BA1653	12705	10	0	0	0	0	0	0	0	1	0	0
A	EF	4	66	9	2	BA1653	12775	10	2	0	0	0	0	0	0	0	0	0
A	EF	4	66	9	2	BA1653	12776	2	6	0	0	0	0	0	0	0	0	0
A	EF	4	66	9	2	BA1653	12878	6	8	2	0	1	0	0	0	0	0	0
A	EF	4	66	9	2	BA1653	12888	8	7	0	0	0	0	0	0	1	0	0
A	EF	4	66	9	2	BA1653	12928	7	8	2	0	1	0	0	0	0	0	0
A	EF	4	66	9	2	BA1653	12938	8	7	0	0	0	0	0	0	0	0	0
A	EF	4	66	9	2	BA1653	12952	7	0	0	0	0	0	0	0	1	0	0
A	EF	4	66	9	2	BA1653	12953	7	8	2	0	1	0	0	0	0	0	0
A	EF	4	66	9	2	BA1653	12959	8	0	0	0	0	0	0	0	1	0	0
A	EF	4	66	9	2	BA1653	12962	8	0	0	0	1	0	0	0	0	0	0
A	EF	4	66	9	2	BA1653	12963	8	7	0	0	0	0	0	0	0	0	0
A	EF	4	66	9	2	BA1653	12998	7	0	0	0	0	0	0	0	1	0	0
A	EF	4	66	9	2	BA1653	13020	7	8	2	0	1	0	0	0	0	0	0
A	EF	4	66	9	2	BA1653	13023	8	0	0	0	0	0	0	0	1	0	0
A	EF	4	66	9	2	BA1653	13030	8	7	0	0	0	0	0	0	0	0	0
A	EF	4	66	9	2	BA1653	13032	7	8	2	0	1	0	0	0	0	0	0
A	EF	4	66	9	2	BA1653	13034	8	0	0	0	0	0	0	0	1	0	0
A	EF	4	66	9	2	BA1653	13036	8	0	0	0	1	0	0	0	0	0	0
A	EF	4	66	9	2	BA1653	13042	8	9	0	0	0	0	0	0	0	0	0
A	EF	4	66	9	2	BA1653	13052	9	10	0	0	0	0	0	0	0	0	0
A	EF	4	66	9	2	BA1653	13068	10	0	0	0	0	0	0	0	1	0	0
A	EF	4	66	9	2	BA1653	13127	10	2	0	0	0	0	0	0	0	0	0
A	EF	4	66	9	2	BA1653	13128	2	6	0	0	0	0	0	0	0	0	0
A	EF	4	66	9	2	BA1653	13273	6	8	2	0	1	0	0	0	0	0	0
A	EF	4	66	9	2	BA1653	13275	8	0	0	0	0	0	0	0	1	0	0
A	EF	4	66	9	2	BA1653	13283	8	7	0	0	0	0	0	0	0	0	0
A	EF	4	66	9	2	BA1653	13398	7	8	2	0	1	0	0	0	0	0	0
A	EF	4	66	9	2	BA1653	13408	8	7	0	0	0	0	0	0	0	0	0
A	EF	4	66	9	2	BA1653	13431	7	0	0	0	0	0	0	0	1	0	0
A	EF	4	66	9	2	BA1653	13498	7	8	2	0	1	0	0	0	0	0	0
A	EF	4	66	9	2	BA1653	13508	8	7	0	0	0	0	0	0	0	0	0
A	EF	4	66	9	2	BA1653	13558	7	0	0	0	0	0	0	0	1	0	0
A	EF	4	66	9	2	BA1653	13574	7	8	2	0	1	0	0	0	0	0	0
A	EF	4	66	9	2	BA1653	13584	8	7	0	0	0	0	0	0	0	0	0
A	EF	4	66	9	2	BA1653	13634	7	0	0	0	0	0	0	0	1	0	0
A	EF	4	66	9	2	BA1653	13687	7	8	2	0	1	0	0	0	0	0	0
A	EF	4	66	9	2	BA1653	13697	8	9	0	0	0	0	0	0	0	0	0
A	EF	4	66	9	2	BA1653	13707	9	10	0	0	0	0	0	0	0	0	0
A	EF	4	66	9	2	BA1653	13716	10	0	0	0	0	0	0	0	1	0	0
A	EF	4	66	9	2	BA1653	13782	10	2	0	0	0	0	0	0	0	0	0
A	EF	4	66	9	2	BA1653	13783	2	3	0	0	0	0	0	0	0	0	0
A	EF	4	66	9	2	BA1653	14062	3	5	1	1	0	0	0	0	0	0	0
A	EF	4	66	9	2	BA1653	14065	5	0	0	0	0	0	0	1	0	0	0
A	EF	4	66	9	2	BA1653	14072	5	4	0	0	0	0	0	0	0	0	0
A	EF	4	66	9	2	BA1653	14199	4	5	1	1	0	0	0	0	0	0	0
A	EF	4	66	9	2	BA1653	14209	5	4	0	0	0	0	0	0	0	0	0
A	EF	4	66	9	2	BA1653	14226	4	0	0	0	0	0	0	1	0	0	0
A	EF	4	66	9	2	BA1653	14325	4	5	1	1	0	0	0	0	0	0	0
A	EF	4	66	9	2	BA1653	14335	5	4	0	0	0	0	0	0	0	0	0
A	EF	4	66	9	2	BA1653	14352	4	0	0	0	0	0	0	1	0	0	0
A	EF	4	66	9	2	BA1653	14426	4	5	1	1	0	0	0	0	0	0	0
A	EF	4	66	9	2	BA1653	14436	5	4	0	0	0	0	0	0	0	0	0
A	EF	4	66	9	2	BA1653	14470	4	0	0	0	0	0	0	1	0	0	0
A	EF	4	66	9	2	BA1653	14543	4	5	1	1	0	0	0	0	0	0	0
A	EF	4	66	9	2	BA1653	14553	5	9	0	0	0	0	0	0	0	0	0
A	EF	4	66	9	2	BA1653	14560	9	0	0	0	0	0	0	1	0	0	0
A	EF	4	66	9	2	BA1653	14563	9	10	0	0	0	0	0	0	0	0	0
A	EF	4	66	9	2	BA1653	14638	10	2	0	0	0	0	0	0	0	0	0
A	EF	4	66	9	2	BA1653	14639	2	6	0	0	0	0	0	0	0	0	0
A	EF	4	66	9	2	BA1653	14785	6	8	2	0	1	0	0	0	0	0	0
A	EF	4	66	9	2	BA1653	14795	8	7	0	0	0	0	0	0	0	0	0
A	EF	4	66	9	2	BA1653	14829	7	0	0	0	0	0	0	0	1	0	0
A	EF	4	66	9	2	BA1653	14874	7	8	2	0	1	0	0	0	0	0	0
A	EF	4	66	9	2	BA1653	14884	8	7	0	0	0	0	0	0	0	0	0
A	EF	4	66	9	2	BA1653	14900	7	0	0	0	0	0	0	0	1	0	0
A	EF	4	66	9	2	BA1653	14920	7	8	2	0	1	0	0	0	0	0	0
A	EF	4	66	9	2	BA1653	14923	8	0	0	0	0	0	0	0	1	0	0
A	EF	4	66	9	2	BA1653	14927	8	0	0	0	1	0	0	0	0	0	0
A	EF	4	66	9	2	BA1653	14930	8	7	0	0	0	0	0	0	0	0	0
A	EF	4	66	9	2	BA1653	14990	7	0	0	0	0	0	0	0	1	0	0
A	EF	4	66	9	2	BA1653	15035	7	8	2	0	1	0	0	0	0	0	0
A	EF	4	66	9	2	BA1653	15045	8	7	0	0	0	0	0	0	0	0	0
A	EF	4	66	9	2	BA1653	15146	7	0	0	0	0	0	0	0	1	0	0
A	EF	4	66	9	2	BA1653	15193	7	8	2	0	1	0	0	0	0	0	0
A	EF	4	66	9	2	BA1653	15203	8	9	0	0	0	0	0	0	0	0	0
A	EF	4	66	9	2	BA1653	15213	9	10	0	0	0	0	0	0	0	0	0
A	EF	4	66	9	2	BA1653	15214	10	0	0	0	0	0	0	0	1	0	0
A	EF	4	66	9	2	BA1653	15288	10	2	0	0	0	0	0	0	0	0	0
A	EF	4	66	9	2	BA1653	15289	2	3	0	0	0	0	0	0	0	0	0
A	EF	4	66	9	2	BA1653	15641	3	5	1	1	0	0	0	0	0	0	0
A	EF	4	66	9	2	BA1653	15651	5	4	0	0	0	0	0	0	0	0	0
A	EF	4	66	9	2	BA1653	15673	4	0	0	0	0	0	0	1	0	0	0
A	EF	4	66	9	2	BA1653	15789	4	5	1	1	0	0	0	0	0	0	0
A	EF	4	66	9	2	BA1653	15799	5	4	0	0	0	0	0	0	0	0	0
A	EF	4	66	9	2	BA1653	15808	4	0	0	0	0	0	0	1	0	0	0
A	EF	4	66	9	2	BA1653	15890	4	5	1	1	0	0	0	0	0	0	0
A	EF	4	66	9	2	BA1653	15900	5	4	0	0	0	0	0	0	0	0	0
A	EF	4	66	9	2	BA1653	15920	4	0	0	0	0	0	0	1	0	0	0
A	EF	4	66	9	2	BA1653	15956	4	5	1	1	0	0	0	0	0	0	0
A	EF	4	66	9	2	BA1653	15966	5	4	0	0	0	0	0	0	0	0	0
A	EF	4	66	9	2	BA1653	16021	4	0	0	0	0	0	0	1	0	0	0
A	EF	4	66	9	2	BA1653	16071	4	5	1	1	0	0	0	0	0	0	0
A	EF	4	66	9	2	BA1653	16081	5	9	0	0	0	0	0	0	0	0	0
A	EF	4	66	9	2	BA1653	16091	9	10	0	0	0	0	0	1	0	0	0
A	EF	4	66	9	2	BA1653	16166	10	2	0	0	0	0	0	0	0	0	0
A	EF	4	66	9	2	BA1653	16167	2	3	0	0	0	0	0	0	0	0	0
A	EF	4	66	9	2	BA1653	16364	3	5	1	1	0	0	0	0	0	0	0
A	EF	4	66	9	2	BA1653	16374	5	4	0	0	0	0	0	0	0	0	0
A	EF	4	66	9	2	BA1653	16375	4	0	0	0	0	0	0	1	0	0	0
A	EF	4	66	9	2	BA1653	16467	4	5	1	1	0	0	0	0	0	0	0
A	EF	4	66	9	2	BA1653	16477	5	4	0	0	0	0	0	0	0	0	0
A	EF	4	66	9	2	BA1653	16518	4	0	0	0	0	0	0	1	0	0	0
A	EF	4	66	9	2	BA1653	16555	4	5	1	1	0	0	0	0	0	0	0
A	EF	4	66	9	2	BA1653	16565	5	4	0	0	0	0	0	0	0	0	0
A	EF	4	66	9	2	BA1653	16606	4	0	0	0	0	0	0	1	0	0	0
A	EF	4	66	9	2	BA1653	16685	4	5	1	1	0	0	0	0	0	0	0
A	EF	4	66	9	2	BA1653	16695	5	4	0	0	0	0	0	0	0	0	0
A	EF	4	66	9	2	BA1653	16731	4	0	0	0	0	0	0	1	0	0	0
A	EF	4	66	9	2	BA1653	16814	4	5	1	1	0	0	0	0	0	0	0
A	EF	4	66	9	2	BA1653	16824	5	9	0	0	0	0	0	0	0	0	0
A	EF	4	66	9	2	BA1653	16832	9	0	0	0	0	0	0	1	0	0	0
A	EF	4	66	9	2	BA1653	16834	9	10	0	0	0	0	0	0	0	0	0
A	EF	4	66	9	2	BA1653	16909	10	2	0	0	0	0	0	0	0	0	0
A	EF	4	66	9	2	BA1653	16910	2	3	0	0	0	0	0	0	0	0	0
A	EF	4	66	9	2	BA1653	17059	3	5	1	1	0	0	0	0	0	0	0
A	EF	4	66	9	2	BA1653	17069	5	4	0	0	0	0	0	0	0	0	0
A	EF	4	66	9	2	BA1653	17112	4	0	0	0	0	0	0	1	0	0	0
A	EF	4	66	9	2	BA1653	17143	4	5	1	1	0	0	0	0	0	0	0
A	EF	4	66	9	2	BA1653	17153	5	4	0	0	0	0	0	0	0	0	0
A	EF	4	66	9	2	BA1653	17184	4	0	0	0	0	0	0	1	0	0	0
A	EF	4	66	9	2	BA1653	17235	4	5	1	1	0	0	0	0	0	0	0
A	EF	4	66	9	2	BA1653	17245	5	4	0	0	0	0	0	0	0	0	0
A	EF	4	66	9	2	BA1653	17282	4	0	0	0	0	0	0	1	0	0	0
A	EF	4	66	9	2	BA1653	17342	4	5	1	1	0	0	0	0	0	0	0
A	EF	4	66	9	2	BA1653	17352	5	4	0	0	0	0	0	0	0	0	0
A	EF	4	66	9	2	BA1653	17423	4	0	0	0	0	0	0	1	0	0	0
A	EF	4	66	9	2	BA1653	17509	4	5	1	1	0	0	0	0	0	0	0
A	EF	4	66	9	2	BA1653	17519	5	9	0	0	0	0	0	0	0	0	0
A	EF	4	66	9	2	BA1653	17527	9	0	0	0	0	0	0	1	0	0	0
A	EF	4	66	9	2	BA1653	17529	9	10	0	0	0	0	0	0	0	0	0
A	EF	4	66	9	2	BA1653	17604	10	2	0	0	0	0	0	0	0	0	0
A	EF	4	66	9	2	BA1653	17605	2	6	0	0	0	0	0	0	0	0	0
A	EF	4	66	9	2	BA1653	17792	6	8	2	0	1	0	0	0	0	0	0
A	EF	4	66	9	2	BA1653	17802	8	7	0	0	0	0	0	0	0	0	0
A	EF	4	66	9	2	BA1653	17809	7	0	0	0	0	0	0	0	1	0	0
A	EF	4	66	9	2	BA1653	17861	7	8	2	0	1	0	0	0	0	0	0
A	EF	4	66	9	2	BA1653	17865	8	0	0	0	0	0	0	0	1	0	0
A	EF	4	66	9	2	BA1653	17871	8	7	0	0	0	0	0	0	0	0	0
A	EF	4	66	9	2	BA1653	17879	7	8	2	0	1	0	0	0	0	0	0
A	EF	4	66	9	2	BA1653	17889	8	7	0	0	0	0	0	0	0	0	0
A	EF	4	66	9	2	BA1653	17900	7	0	0	0	0	0	0	0	1	0	0
A	EF	4	66	9	2	BA1653	17954	7	8	2	0	1	0	0	0	0	0	0
A	EF	4	66	9	2	BA1653	17961	8	0	0	0	0	0	0	0	1	0	0
A	EF	4	66	9	2	BA1653	17964	8	7	0	0	0	0	0	0	0	0	0
A	EF	4	66	9	2	BA1653	18023	7	8	2	0	1	0	0	0	0	0	0
A	EF	4	66	9	2	BA1653	18033	8	9	0	0	0	0	0	0	0	0	0
A	EF	4	66	9	2	BA1653	18043	9	10	0	0	0	0	0	0	0	0	0
A	EF	4	66	9	2	BA1653	18051	10	0	0	0	0	0	0	0	1	0	0
A	EF	4	66	9	2	BA1653	18118	10	2	0	0	0	0	0	0	0	0	0
A	EF	4	66	9	2	BA1653	18119	2	6	0	0	0	0	0	0	0	0	0
A	EF	4	66	9	2	BA1653	18219	6	8	2	0	1	0	0	0	0	0	0
A	EF	4	66	9	2	BA1653	18229	8	7	0	0	0	0	0	0	0	0	0
A	EF	4	66	9	2	BA1653	18231	7	0	0	0	0	0	0	0	1	0	0
A	EF	4	66	9	2	BA1653	18289	7	8	2	0	1	0	0	0	0	0	0
A	EF	4	66	9	2	BA1653	18299	8	7	0	0	0	0	0	0	0	0	0
A	EF	4	66	9	2	BA1653	18321	7	0	0	0	0	0	0	0	1	0	0
A	EF	4	66	9	2	BA1653	18368	7	8	2	0	1	0	0	0	0	0	0
A	EF	4	66	9	2	BA1653	18378	8	7	0	0	0	0	0	0	0	0	0
A	EF	4	66	9	2	BA1653	18412	7	0	0	0	0	0	0	0	1	0	0
A	EF	4	66	9	2	BA1653	18445	7	8	2	0	1	0	0	0	0	0	0
A	EF	4	66	9	2	BA1653	18455	8	7	0	0	0	0	0	0	0	0	0
A	EF	4	66	9	2	BA1653	18474	7	0	0	0	0	0	0	0	1	0	0
A	EF	4	66	9	2	BA1653	18533	7	8	2	0	1	0	0	0	0	0	0
A	EF	4	66	9	2	BA1653	18543	8	9	0	0	0	0	0	0	0	0	0
A	EF	4	66	9	2	BA1653	18553	9	10	0	0	0	0	0	0	0	0	0
A	EF	4	66	9	2	BA1653	18558	10	0	0	0	0	0	0	0	1	0	0
A	EF	4	66	9	2	BA1653	18628	10	2	0	0	0	0	0	0	0	0	0
A	EF	4	66	9	2	BA1653	18629	2	6	0	0	0	0	0	0	0	0	0
A	EF	4	66	9	2	BA1653	18869	6	8	2	0	1	0	0	0	0	0	0
A	EF	4	66	9	2	BA1653	18879	8	7	0	0	0	0	0	0	0	0	0
A	EF	4	66	9	2	BA1653	18886	7	0	0	0	0	0	0	0	1	0	0
A	EF	4	66	9	2	BA1653	18939	7	8	2	0	1	0	0	0	0	0	0
A	EF	4	66	9	2	BA1653	18949	8	7	0	0	0	0	0	0	0	0	0
A	EF	4	66	9	2	BA1653	18997	7	0	0	0	0	0	0	0	1	0	0
A	EF	4	66	9	2	BA1653	19022	7	8	2	0	1	0	0	0	0	0	0
A	EF	4	66	9	2	BA1653	19025	8	0	0	0	0	0	0	0	1	0	0
A	EF	4	66	9	2	BA1653	19027	8	0	0	0	1	0	0	0	0	0	0
A	EF	4	66	9	2	BA1653	19032	8	7	0	0	0	0	0	0	0	0	0
A	EF	4	66	9	2	BA1653	19067	7	0	0	0	0	0	0	0	1	0	0
A	EF	4	66	9	2	BA1653	19072	7	8	2	0	1	0	0	0	0	0	0
A	EF	4	66	9	2	BA1653	19075	8	0	0	0	0	0	0	0	1	0	0
A	EF	4	66	9	2	BA1653	19082	8	7	0	0	1	0	0	0	0	0	0
A	EF	4	66	9	2	BA1653	19086	7	0	0	0	0	0	0	0	1	0	0
A	EF	4	66	9	2	BA1653	19101	7	8	2	0	1	0	0	0	0	0	0
A	EF	4	66	9	2	BA1653	19111	8	9	0	0	0	0	0	0	0	0	0
A	EF	4	66	9	2	BA1653	19121	9	10	0	0	0	0	0	0	0	0	0
A	EF	4	66	9	2	BA1653	19133	10	0	0	0	0	0	0	0	1	0	0
A	EF	4	66	9	2	BA1653	19196	10	2	0	0	0	0	0	0	0	0	0
A	EF	4	66	9	2	BA1653	19197	2	3	0	0	0	0	0	0	0	0	0
A	EF	4	66	9	2	BA1653	19700	3	5	1	1	0	0	0	0	0	0	0
A	EF	4	66	9	2	BA1653	19710	5	4	0	0	0	0	0	0	0	0	0
A	EF	4	66	9	2	BA1653	19729	4	0	0	0	0	0	0	1	0	0	0
A	EF	4	66	9	2	BA1653	19792	4	5	1	1	0	0	0	0	0	0	0
A	EF	4	66	9	2	BA1653	19796	5	0	0	0	0	0	0	1	0	0	0
A	EF	4	66	9	2	BA1653	19802	5	4	0	0	0	0	0	0	0	0	0
A	EF	4	66	9	2	BA1653	19818	4	5	1	1	0	0	0	0	0	0	0
A	EF	4	66	9	2	BA1653	19828	5	4	0	0	0	0	0	0	0	0	0
A	EF	4	66	9	2	BA1653	19835	4	0	0	0	0	0	0	1	0	0	0
A	EF	4	66	9	2	BA1653	19948	4	5	1	1	0	0	0	0	0	0	0
A	EF	4	66	9	2	BA1653	19958	5	4	0	0	0	0	0	0	0	0	0
A	EF	4	66	9	2	BA1653	19971	4	0	0	0	0	0	0	1	0	0	0
A	EF	4	66	9	2	BA1653	20007	4	5	1	1	0	0	0	0	0	0	0
A	EF	4	66	9	2	BA1653	20017	5	9	0	0	0	0	0	0	0	0	0
A	EF	4	66	9	2	BA1653	20027	9	10	0	0	0	0	0	1	0	0	0
A	EF	4	66	9	2	BA1653	20102	10	2	0	0	0	0	0	0	0	0	0
A	EF	4	66	9	2	BA1653	20103	2	3	0	0	0	0	0	0	0	0	0
A	EF	4	66	9	2	BA1653	20244	3	5	1	1	0	0	0	0	0	0	0
A	EF	4	66	9	2	BA1653	20254	5	4	0	0	0	0	0	0	0	0	0
A	EF	4	66	9	2	BA1653	20277	4	0	0	0	0	0	0	1	0	0	0
A	EF	4	66	9	2	BA1653	20346	4	5	1	1	0	0	0	0	0	0	0
A	EF	4	66	9	2	BA1653	20356	5	4	0	0	0	0	0	0	0	0	0
A	EF	4	66	9	2	BA1653	20373	4	0	0	0	0	0	0	1	0	0	0
A	EF	4	66	9	2	BA1653	20382	4	5	1	1	0	0	0	0	0	0	0
A	EF	4	66	9	2	BA1653	20385	5	0	0	0	0	0	0	1	0	0	0
A	EF	4	66	9	2	BA1653	20392	5	4	0	0	0	0	0	0	0	0	0
A	EF	4	66	9	2	BA1653	20398	4	5	1	1	0	0	0	0	0	0	0
A	EF	4	66	9	2	BA1653	20408	5	4	0	0	0	0	0	0	0	0	0
A	EF	4	66	9	2	BA1653	20445	4	0	0	0	0	0	0	1	0	0	0
A	EF	4	66	9	2	BA1653	20489	4	5	1	1	0	0	0	0	0	0	0
A	EF	4	66	9	2	BA1653	20499	5	9	0	0	0	0	0	0	0	0	0
A	EF	4	66	9	2	BA1653	20509	9	10	0	0	0	0	0	0	0	0	0
A	EF	4	66	9	2	BA1653	20510	10	0	0	0	0	0	0	1	0	0	0
A	EF	4	66	9	2	BA1653	20584	10	2	0	0	0	0	0	0	0	0	0
A	EF	4	66	9	2	BA1653	20585	2	3	0	0	0	0	0	0	0	0	0
A	EF	4	66	9	2	BA1653	20757	3	5	1	1	0	0	0	0	0	0	0
A	EF	4	66	9	2	BA1653	20767	5	4	0	0	0	0	0	0	0	0	0
A	EF	4	66	9	2	BA1653	20812	4	0	0	0	0	0	0	1	0	0	0
A	EF	4	66	9	2	BA1653	20844	4	5	1	1	0	0	0	0	0	0	0
A	EF	4	66	9	2	BA1653	20854	5	4	0	0	0	0	0	0	0	0	0
A	EF	4	66	9	2	BA1653	20896	4	0	0	0	0	0	0	1	0	0	0
A	EF	4	66	9	2	BA1653	20937	4	5	1	1	0	0	0	0	0	0	0
A	EF	4	66	9	2	BA1653	20947	5	4	0	0	0	0	0	0	0	0	0
A	EF	4	66	9	2	BA1653	21121	4	0	0	0	0	0	0	1	0	0	0
A	EF	4	66	9	2	BA1653	21222	4	5	1	1	0	0	0	0	0	0	0
A	EF	4	66	9	2	BA1653	21232	5	4	0	0	0	0	0	0	0	0	0
A	EF	4	66	9	2	BA1653	21240	4	0	0	0	0	0	0	1	0	0	0
A	EF	4	66	9	2	BA1653	21280	4	5	1	1	0	0	0	0	0	0	0
A	EF	4	66	9	2	BA1653	21290	5	9	0	0	0	0	0	0	0	0	0
A	EF	4	66	9	2	BA1653	21300	9	10	0	0	0	0	0	1	0	0	0
A	EF	4	66	9	2	BA1653	21375	10	2	0	0	0	0	0	0	0	0	0
A	EF	4	66	9	2	BA1653	21376	2	6	0	0	0	0	0	0	0	0	0
A	EF	4	66	9	2	BA1653	21713	6	8	2	0	1	0	0	0	0	0	0
A	EF	4	66	9	2	BA1653	21723	8	7	0	0	0	0	0	0	0	0	0
A	EF	4	66	9	2	BA1653	21745	7	0	0	0	0	0	0	0	1	0	0
A	EF	4	66	9	2	BA1653	21751	7	8	2	0	1	0	0	0	0	0	0
A	EF	4	66	9	2	BA1653	21755	8	0	0	0	0	0	0	0	1	0	0
A	EF	4	66	9	2	BA1653	21761	8	7	0	0	0	0	0	0	0	0	0
A	EF	4	66	9	2	BA1653	21765	7	8	2	0	1	0	0	0	0	0	0
A	EF	4	66	9	2	BA1653	21769	8	0	0	0	0	0	0	0	1	0	0
A	EF	4	66	9	2	BA1653	21771	8	0	0	0	1	0	0	0	0	0	0
A	EF	4	66	9	2	BA1653	21775	8	7	0	0	0	0	0	0	0	0	0
A	EF	4	66	9	2	BA1653	21795	7	0	0	0	0	0	0	0	1	0	0
A	EF	4	66	9	2	BA1653	21829	7	8	2	0	1	0	0	0	0	0	0
A	EF	4	66	9	2	BA1653	21839	8	7	0	0	0	0	0	0	0	0	0
A	EF	4	66	9	2	BA1653	21875	7	0	0	0	0	0	0	0	1	0	0
A	EF	4	66	9	2	BA1653	21925	7	8	2	0	1	0	0	0	0	0	0
A	EF	4	66	9	2	BA1653	21935	8	9	0	0	0	0	0	0	0	0	0
A	EF	4	66	9	2	BA1653	21945	9	10	0	0	0	0	0	0	0	0	0
A	EF	4	66	9	2	BA1653	21949	10	0	0	0	0	0	0	0	1	0	0
A	EF	4	66	9	2	BA1653	22020	10	2	0	0	0	0	0	0	0	0	0
A	EF	4	66	9	2	BA1653	22021	2	6	0	0	0	0	0	0	0	0	0
A	EF	4	66	9	2	BA1653	22181	6	8	2	0	1	0	0	0	0	0	0
A	EF	4	66	9	2	BA1653	22191	8	7	0	0	0	0	0	0	0	0	0
A	EF	4	66	9	2	BA1653	22198	7	0	0	0	0	0	0	0	1	0	0
A	EF	4	66	9	2	BA1653	22219	7	8	2	0	1	0	0	0	0	0	0
A	EF	4	66	9	2	BA1653	22229	8	7	0	0	0	0	0	0	0	0	0
A	EF	4	66	9	2	BA1653	22271	7	0	0	0	0	0	0	0	1	0	0
A	EF	4	66	9	2	BA1653	22277	7	8	2	0	1	0	0	0	0	0	0
A	EF	4	66	9	2	BA1653	22279	8	0	0	0	0	0	0	0	1	0	0
A	EF	4	66	9	2	BA1653	22287	8	7	0	0	0	0	0	0	0	0	0
A	EF	4	66	9	2	BA1653	22296	7	8	2	0	1	0	0	0	0	0	0
A	EF	4	66	9	2	BA1653	22306	8	7	0	0	0	0	0	0	0	0	0
A	EF	4	66	9	2	BA1653	22353	7	0	0	0	0	0	0	0	1	0	0
A	EF	4	66	9	2	BA1653	22360	7	8	2	0	1	0	0	0	0	0	0
A	EF	4	66	9	2	BA1653	22363	8	0	0	0	0	0	0	0	1	0	0
A	EF	4	66	9	2	BA1653	22364	8	0	0	0	1	0	0	0	0	0	0
A	EF	4	66	9	2	BA1653	22368	8	0	0	0	0	0	0	0	1	0	0
A	EF	4	66	9	2	BA1653	22370	8	9	0	0	0	0	0	0	0	0	0
A	EF	4	66	9	2	BA1653	22372	9	0	0	0	1	0	0	0	0	0	0
A	EF	4	66	9	2	BA1653	22380	9	10	0	0	0	0	0	0	0	0	0
A	EF	4	66	9	2	BA1653	22385	10	0	0	0	0	0	0	0	1	0	0
A	EF	4	66	9	2	BA1653	22455	10	2	0	0	0	0	0	0	0	0	0
A	EF	4	66	9	2	BA1653	22456	2	3	0	0	0	0	0	0	0	0	0
A	EF	4	66	9	2	BA1653	22873	3	5	1	1	0	0	0	0	0	0	0
A	EF	4	66	9	2	BA1653	22883	5	4	0	0	0	0	0	0	0	0	0
A	EF	4	66	9	2	BA1653	22894	4	0	0	0	0	0	0	1	0	0	0
A	EF	4	66	9	2	BA1653	22943	4	5	1	1	0	0	0	0	0	0	0
A	EF	4	66	9	2	BA1653	22953	5	4	0	0	0	0	0	0	0	0	0
A	EF	4	66	9	2	BA1653	22988	4	0	0	0	0	0	0	1	0	0	0
A	EF	4	66	9	2	BA1653	23026	4	5	1	1	0	0	0	0	0	0	0
A	EF	4	66	9	2	BA1653	23036	5	4	0	0	0	0	0	0	0	0	0
A	EF	4	66	9	2	BA1653	23075	4	0	0	0	0	0	0	1	0	0	0
A	EF	4	66	9	2	BA1653	23123	4	5	1	1	0	0	0	0	0	0	0
A	EF	4	66	9	2	BA1653	23133	5	4	0	0	0	0	0	0	0	0	0
A	EF	4	66	9	2	BA1653	23188	4	0	0	0	0	0	0	1	0	0	0
A	EF	4	66	9	2	BA1653	23239	4	5	1	1	0	0	0	0	0	0	0
A	EF	4	66	9	2	BA1653	23249	5	9	0	0	0	0	0	0	0	0	0
A	EF	4	66	9	2	BA1653	23259	9	10	0	0	0	0	0	0	0	0	0
A	EF	4	66	9	2	BA1653	23261	10	0	0	0	0	0	0	1	0	0	0
A	EF	4	66	9	2	BA1653	23334	10	2	0	0	0	0	0	0	0	0	0
A	EF	4	66	9	2	BA1653	23335	2	6	0	0	0	0	0	0	0	0	0
A	EF	4	66	9	2	BA1653	23658	6	8	2	0	1	0	0	0	0	0	0
A	EF	4	66	9	2	BA1653	23668	8	7	0	0	0	0	0	0	0	0	0
A	EF	4	66	9	2	BA1653	23673	7	0	0	0	0	0	0	0	1	0	0
A	EF	4	66	9	2	BA1653	23733	7	8	2	0	1	0	0	0	0	0	0
A	EF	4	66	9	2	BA1653	23743	8	7	0	0	0	0	0	0	0	0	0
A	EF	4	66	9	2	BA1653	23755	7	0	0	0	0	0	0	0	1	0	0
A	EF	4	66	9	2	BA1653	23776	7	8	2	0	1	0	0	0	0	0	0
A	EF	4	66	9	2	BA1653	23786	8	7	0	0	0	0	0	0	0	0	0
A	EF	4	66	9	2	BA1653	23821	7	0	0	0	0	0	0	0	1	0	0
A	EF	4	66	9	2	BA1653	23842	7	8	2	0	1	0	0	0	0	0	0
A	EF	4	66	9	2	BA1653	23852	8	7	0	0	0	0	0	0	0	0	0
A	EF	4	66	9	2	BA1653	23887	7	0	0	0	0	0	0	0	1	0	0
A	EF	4	66	9	2	BA1653	23968	7	8	2	0	1	0	0	0	0	0	0
A	EF	4	66	9	2	BA1653	23978	8	9	0	0	0	0	0	0	0	0	0
A	EF	4	66	9	2	BA1653	23981	9	0	0	0	0	0	0	0	1	0	0
A	EF	4	66	9	2	BA1653	23988	9	10	0	0	0	0	0	0	0	0	0
A	EF	4	66	9	2	BA1653	24063	10	2	0	0	0	0	0	0	0	0	0
A	EF	4	66	9	2	BA1653	24064	2	3	0	0	0	0	0	0	0	0	0
A	EF	4	66	9	2	BA1653	24350	3	0	0	0	1	0	0	0	0	0	0
A	EF	4	66	9	2	BA1653	24396	3	0	0	0	0	0	0	0	1	0	0
A	EF	4	66	9	2	BA1653	24469	3	0	0	0	1	0	0	0	0	0	0
A	EF	4	66	9	2	BA1653	24503	3	0	0	0	0	0	0	0	1	0	0
A	EF	4	66	9	2	BA1653	24545	3	0	0	0	1	0	0	0	0	0	0
A	EF	4	66	9	2	BA1653	24592	3	0	0	0	0	0	0	0	1	0	0
A	EF	4	66	9	2	BA1653	24719	3	0	0	0	1	0	0	0	0	0	0
A	EF	4	66	9	2	BA1653	24827	3	0	0	0	0	0	0	0	1	0	0
A	EF	4	66	9	2	BA1653	24832	3	0	0	0	1	0	0	0	0	0	0
A	EF	4	66	9	2	BA1653	24859	3	0	0	0	0	0	0	0	1	0	0
A	EF	4	66	9	2	BA1653	24862	3	0	0	0	1	0	0	0	0	0	0
A	EF	4	66	9	2	BA1653	24863	3	0	0	0	0	0	0	0	1	0	0
A	EF	4	66	9	2	BA1653	24896	3	0	0	0	1	0	0	0	0	0	0
A	EF	4	66	9	2	BA1653	24905	3	0	0	0	0	0	0	0	1	0	0
A	EF	4	66	9	2	BA1653	24906	3	0	0	0	1	0	0	0	0	0	0
A	EF	4	66	9	2	BA1653	24910	3	0	0	0	0	0	0	0	1	0	0
A	EF	4	66	9	2	BA1653	24911	3	0	0	0	1	0	0	0	0	0	0
A	EF	4	66	9	2	BA1653	24973	3	0	0	0	0	0	0	0	1	0	0
A	EF	4	66	9	2	BA1653	25014	3	0	0	0	1	0	0	0	0	0	0
A	EF	4	66	9	2	BA1653	25019	3	0	0	0	0	0	0	0	1	0	0
A	EF	4	66	9	2	BA1653	25022	3	0	0	0	1	0	0	0	0	0	0
A	EF	4	66	9	2	BA1653	25080	3	0	0	0	0	0	0	0	1	0	0
A	EF	4	66	9	2	BA1653	25105	3	0	0	0	1	0	0	0	0	0	0
A	EF	4	66	9	2	BA1653	25180	3	0	0	0	0	0	0	0	1	0	0
A	EF	4	66	9	2	BA1653	25182	3	0	0	0	1	0	0	0	0	0	0
A	EF	4	66	9	2	BA1653	25202	3	0	0	0	0	0	0	0	1	0	0
A	EF	4	66	9	2	BA1653	25417	3	5	1	1	0	0	0	0	0	0	0
A	EF	4	66	9	2	BA1653	25427	5	4	0	0	0	0	0	0	0	0	0
A	EF	4	66	9	2	BA1653	25438	4	0	0	0	0	0	0	1	0	0	0
A	EF	4	66	9	2	BA1653	25699	4	5	1	1	0	0	0	0	0	0	0
A	EF	4	66	9	2	BA1653	25709	5	4	0	0	0	0	0	0	0	0	0
A	EF	4	66	9	2	BA1653	25728	4	0	0	0	0	0	0	1	0	0	0
A	EF	4	66	9	2	BA1653	25782	4	5	1	1	0	0	0	0	0	0	0
A	EF	4	66	9	2	BA1653	25792	5	4	0	0	0	0	0	0	0	0	0
A	EF	4	66	9	2	BA1653	25823	4	0	0	0	0	0	0	1	0	0	0
A	EF	4	66	9	2	BA1653	25876	4	5	1	1	0	0	0	0	0	0	0
A	EF	4	66	9	2	BA1653	25886	5	4	0	0	0	0	0	0	0	0	0
A	EF	4	66	9	2	BA1653	25940	4	0	0	0	0	0	0	1	0	0	0
A	EF	4	66	9	2	BA1653	25989	4	5	1	1	0	0	0	0	0	0	0
A	EF	4	66	9	2	BA1653	25999	5	9	0	0	0	0	0	0	0	0	0
A	EF	4	66	9	2	BA1653	26005	9	0	0	0	0	0	0	1	0	0	0
A	EF	4	66	9	2	BA1653	26009	9	10	0	0	0	0	0	0	0	0	0
A	EF	4	66	9	2	BA1653	26084	10	2	0	0	0	0	0	0	0	0	0
A	EF	4	66	9	2	BA1653	26085	2	6	0	0	0	0	0	0	0	0	0
A	EF	4	66	9	2	BA1653	26395	6	0	0	1	0	0	0	0	0	0	0
A	EF	4	66	9	2	BA1653	26401	6	0	0	0	0	0	0	1	0	0	0
A	EF	4	66	9	2	BA1653	26525	6	8	2	0	1	0	0	0	0	0	0
A	EF	4	66	9	2	BA1653	26532	8	0	0	0	0	0	0	0	1	0	0
A	EF	4	66	9	2	BA1653	26535	8	7	0	0	0	0	0	0	0	0	0
A	EF	4	66	9	2	BA1653	26580	7	8	2	0	1	0	0	0	0	0	0
A	EF	4	66	9	2	BA1653	26590	8	7	0	0	0	0	0	0	0	0	0
A	EF	4	66	9	2	BA1653	26594	7	0	0	0	0	0	0	0	1	0	0
A	EF	4	66	9	2	BA1653	26597	7	8	2	0	1	0	0	0	0	0	0
A	EF	4	66	9	2	BA1653	26607	8	7	0	0	0	0	0	0	0	0	0
A	EF	4	66	9	2	BA1653	26665	7	0	0	0	0	0	0	0	1	0	0
A	EF	4	66	9	2	BA1653	26704	7	8	2	0	1	0	0	0	0	0	0
A	EF	4	66	9	2	BA1653	26708	8	0	0	0	0	0	0	0	1	0	0
A	EF	4	66	9	2	BA1653	26714	8	7	0	0	0	0	0	0	0	0	0
A	EF	4	66	9	2	BA1653	26769	7	8	2	0	1	0	0	0	0	0	0
A	EF	4	66	9	2	BA1653	26779	8	9	0	0	0	0	0	0	0	0	0
A	EF	4	66	9	2	BA1653	26789	9	10	0	0	0	0	0	0	0	0	0
A	EF	4	66	9	2	BA1653	26798	10	0	0	0	0	0	0	0	1	0	0
A	EF	4	66	9	2	BA1653	26864	10	2	0	0	0	0	0	0	0	0	0
A	EF	4	66	9	2	BA1653	26865	2	6	0	0	0	0	0	0	0	0	0
A	EF	4	66	9	2	BA1653	28186	6	8	2	0	1	0	0	0	0	0	0
A	EF	4	66	9	2	BA1653	28196	8	7	0	0	0	0	0	0	0	0	0
A	EF	4	66	9	2	BA1653	28227	7	0	0	0	0	0	0	0	1	0	0
A	EF	4	66	9	2	BA1653	28230	7	8	2	0	1	0	0	0	0	0	0
A	EF	4	66	9	2	BA1653	28240	8	7	0	0	0	0	0	0	0	0	0
A	EF	4	66	9	2	BA1653	28242	7	0	0	0	0	0	0	0	1	0	0
A	EF	4	66	9	2	BA1653	28373	7	8	2	0	1	0	0	0	0	0	0
A	EF	4	66	9	2	BA1653	28383	8	7	0	0	0	0	0	0	0	0	0
A	EF	4	66	9	2	BA1653	28434	7	0	0	0	0	0	0	0	1	0	0
A	EF	4	66	9	2	BA1653	28463	7	8	2	0	1	0	0	0	0	0	0
A	EF	4	66	9	2	BA1653	28465	8	0	0	0	0	0	0	0	1	0	0
A	EF	4	66	9	2	BA1653	28467	8	0	0	0	1	0	0	0	0	0	0
A	EF	4	66	9	2	BA1653	28473	8	7	0	0	0	0	0	0	0	0	0
A	EF	4	66	9	2	BA1653	28491	7	0	0	0	0	0	0	0	1	0	0
A	EF	4	66	9	2	BA1653	28542	7	8	2	0	1	0	0	0	0	0	0
A	EF	4	66	9	2	BA1653	28552	8	9	0	0	0	0	0	0	0	0	0
A	EF	4	66	9	2	BA1653	28561	9	0	0	0	0	0	0	0	1	0	0
A	EF	4	66	9	2	BA1653	28562	9	10	0	0	0	0	0	0	0	0	0
A	EF	4	66	9	2	BA1653	28637	10	2	0	0	0	0	0	0	0	0	0
A	EF	4	66	9	2	BA1653	28638	2	3	0	0	0	0	0	0	0	0	0
A	EF	4	66	9	2	BA1653	29739	3	5	1	1	0	0	0	0	0	0	0
A	EF	4	66	9	2	BA1653	29749	5	4	0	0	0	0	0	0	0	0	0
A	EF	4	66	9	2	BA1653	29765	4	0	0	0	0	0	0	1	0	0	0
A	EF	4	66	9	2	BA1653	30102	4	5	1	1	0	0	0	0	0	0	0
A	EF	4	66	9	2	BA1653	30112	5	4	0	0	0	0	0	0	0	0	0
A	EF	4	66	9	2	BA1653	30139	4	0	0	0	0	0	0	1	0	0	0
A	EF	4	66	9	2	BA1653	30190	4	5	1	1	0	0	0	0	0	0	0
A	EF	4	66	9	2	BA1653	30200	5	4	0	0	0	0	0	0	0	0	0
A	EF	4	66	9	2	BA1653	30226	4	0	0	0	0	0	0	1	0	0	0
A	EF	4	66	9	2	BA1653	30307	4	5	1	1	0	0	0	0	0	0	0
A	EF	4	66	9	2	BA1653	30317	5	4	0	0	0	0	0	0	0	0	0
A	EF	4	66	9	2	BA1653	30354	4	0	0	0	0	0	0	1	0	0	0
A	EF	4	66	9	2	BA1653	30411	4	5	1	1	0	0	0	0	0	0	0
A	EF	4	66	9	2	BA1653	30421	5	9	0	0	0	0	0	0	0	0	0
A	EF	4	66	9	2	BA1653	30431	9	10	0	0	0	0	0	1	0	0	0
A	EF	4	66	9	2	BA1653	30506	10	2	0	0	0	0	0	0	0	0	0
A	EF	4	66	9	2	BA1653	30507	2	3	0	0	0	0	0	0	0	0	0
A	EF	4	66	9	2	BA1653	30745	3	5	1	1	0	0	0	0	0	0	0
A	EF	4	66	9	2	BA1653	30755	5	4	0	0	0	0	0	0	0	0	0
A	EF	4	66	9	2	BA1653	30766	4	0	0	0	0	0	0	1	0	0	0
A	EF	4	66	9	2	BA1653	30875	4	5	1	1	0	0	0	0	0	0	0
A	EF	4	66	9	2	BA1653	30885	5	4	0	0	0	0	0	0	0	0	0
A	EF	4	66	9	2	BA1653	30902	4	0	0	0	0	0	0	1	0	0	0
A	EF	4	66	9	2	BA1653	30931	4	5	1	1	0	0	0	0	0	0	0
A	EF	4	66	9	2	BA1653	30941	5	4	0	0	0	0	0	0	0	0	0
A	EF	4	66	9	2	BA1653	30970	4	0	0	0	0	0	0	1	0	0	0
A	EF	4	66	9	2	BA1653	31032	4	5	1	1	0	0	0	0	0	0	0
A	EF	4	66	9	2	BA1653	31042	5	4	0	0	0	0	0	0	0	0	0
A	EF	4	66	9	2	BA1653	31089	4	0	0	0	0	0	0	1	0	0	0
A	EF	4	66	9	2	BA1653	31128	4	5	1	1	0	0	0	0	0	0	0
A	EF	4	66	9	2	BA1653	31138	5	9	0	0	0	0	0	0	0	0	0
A	EF	4	66	9	2	BA1653	31148	9	10	0	0	0	0	0	1	0	0	0
A	EF	4	66	9	2	BA1653	31223	10	2	0	0	0	0	0	0	0	0	0
A	EF	4	66	9	2	BA1653	31224	2	3	0	0	0	0	0	0	0	0	0
A	EF	4	66	9	2	BA1653	31496	3	5	1	1	0	0	0	0	0	0	0
A	EF	4	66	9	2	BA1653	31506	5	4	0	0	0	0	0	0	0	0	0
A	EF	4	66	9	2	BA1653	31607	4	0	0	0	0	0	0	1	0	0	0
A	EF	4	66	9	2	BA1653	31655	4	5	1	1	0	0	0	0	0	0	0
A	EF	4	66	9	2	BA1653	31665	5	4	0	0	0	0	0	0	0	0	0
A	EF	4	66	9	2	BA1653	31732	4	0	0	0	0	0	0	1	0	0	0
A	EF	4	66	9	2	BA1653	31851	4	5	1	1	0	0	0	0	0	0	0
A	EF	4	66	9	2	BA1653	31861	5	4	0	0	0	0	0	0	0	0	0
A	EF	4	66	9	2	BA1653	31882	4	0	0	0	0	0	0	1	0	0	0
A	EF	4	66	9	2	BA1653	31927	4	5	1	1	0	0	0	0	0	0	0
A	EF	4	66	9	2	BA1653	31937	5	4	0	0	0	0	0	0	0	0	0
A	EF	4	66	9	2	BA1653	31973	4	0	0	0	0	0	0	1	0	0	0
A	EF	4	66	9	2	BA1653	32020	4	5	1	1	0	0	0	0	0	0	0
A	EF	4	66	9	2	BA1653	32030	5	9	0	0	0	0	0	0	0	0	0
A	EF	4	66	9	2	BA1653	32040	9	10	0	0	0	0	0	1	0	0	0
A	EF	4	66	9	2	BA1653	32115	10	2	0	0	0	0	0	0	0	0	0
A	EF	4	66	9	2	BA1653	32116	2	6	0	0	0	0	0	0	0	0	0
A	EF	4	66	9	2	BA1653	32379	6	0	0	1	0	0	0	0	0	0	0
A	EF	4	66	9	2	BA1653	32384	6	0	0	0	0	0	0	1	0	0	0
A	EF	4	66	9	2	BA1653	32607	6	8	2	0	1	0	0	0	0	0	0
A	EF	4	66	9	2	BA1653	32617	8	7	0	0	0	0	0	0	0	0	0
A	EF	4	66	9	2	BA1653	32641	7	0	0	0	0	0	0	0	1	0	0
A	EF	4	66	9	2	BA1653	32677	7	8	2	0	1	0	0	0	0	0	0
A	EF	4	66	9	2	BA1653	32687	8	7	0	0	0	0	0	0	0	0	0
A	EF	4	66	9	2	BA1653	32714	7	0	0	0	0	0	0	0	1	0	0
A	EF	4	66	9	2	BA1653	32719	7	8	2	0	1	0	0	0	0	0	0
A	EF	4	66	9	2	BA1653	32729	8	7	0	0	0	0	0	0	0	0	0
A	EF	4	66	9	2	BA1653	32736	7	0	0	0	0	0	0	0	1	0	0
A	EF	4	66	9	2	BA1653	32747	7	8	2	0	1	0	0	0	0	0	0
A	EF	4	66	9	2	BA1653	32757	8	7	0	0	0	0	0	0	1	0	0
A	EF	4	66	9	2	BA1653	32790	7	8	2	0	1	0	0	0	0	0	0
A	EF	4	66	9	2	BA1653	32800	8	9	0	0	0	0	0	0	0	0	0
A	EF	4	66	9	2	BA1653	32808	9	0	0	0	0	0	0	0	1	0	0
A	EF	4	66	9	2	BA1653	32810	9	10	0	0	0	0	0	0	0	0	0
A	EF	4	66	9	2	BA1653	32885	10	2	0	0	0	0	0	0	0	0	0
A	EF	4	66	9	2	BA1653	32886	2	6	0	0	0	0	0	0	0	0	0
A	EF	4	66	9	2	BA1653	33498	6	8	2	0	1	0	0	0	0	0	0
A	EF	4	66	9	2	BA1653	33505	8	0	0	0	0	0	0	0	1	0	0
A	EF	4	66	9	2	BA1653	33508	8	7	0	0	0	0	0	0	0	0	0
A	EF	4	66	9	2	BA1653	33599	7	8	2	0	1	0	0	0	0	0	0
A	EF	4	66	9	2	BA1653	33601	8	0	0	0	0	0	0	0	1	0	0
A	EF	4	66	9	2	BA1653	33609	8	7	0	0	0	0	0	0	0	0	0
A	EF	4	66	9	2	BA1653	33623	7	8	2	0	1	0	0	0	0	0	0
A	EF	4	66	9	2	BA1653	33627	8	0	0	0	0	0	0	0	1	0	0
A	EF	4	66	9	2	BA1653	33633	8	7	0	0	0	0	0	0	0	0	0
A	EF	4	66	9	2	BA1653	33634	7	8	2	0	1	0	0	0	0	0	0
A	EF	4	66	9	2	BA1653	33639	8	0	0	0	0	0	0	0	1	0	0
A	EF	4	66	9	2	BA1653	33642	8	0	0	0	1	0	0	0	0	0	0
A	EF	4	66	9	2	BA1653	33644	8	7	0	0	0	0	0	0	0	0	0
A	EF	4	66	9	2	BA1653	33698	7	0	0	0	0	0	0	0	1	0	0
A	EF	4	66	9	2	BA1653	33712	7	8	2	0	1	0	0	0	0	0	0
A	EF	4	66	9	2	BA1653	33716	8	0	0	0	0	0	0	0	1	0	0
A	EF	4	66	9	2	BA1653	33722	8	9	0	0	0	0	0	0	0	0	0
A	EF	4	66	9	2	BA1653	33732	9	10	0	0	0	0	0	0	0	0	0
A	EF	4	66	9	2	BA1653	33744	10	0	0	0	1	0	0	0	0	0	0
A	EF	4	66	9	2	BA1653	33747	10	0	0	0	0	0	0	0	1	0	0
A	EF	4	66	9	2	BA1653	33807	10	2	0	0	0	0	0	0	0	0	0
A	EF	4	66	9	2	BA1653	33808	2	6	0	0	0	0	0	0	0	0	0
A	EF	4	66	9	2	BA1653	34032	6	8	2	0	1	0	0	0	0	0	0
A	EF	4	66	9	2	BA1653	34036	8	0	0	0	0	0	0	0	1	0	0
A	EF	4	66	9	2	BA1653	34038	8	0	0	0	1	0	0	0	0	0	0
A	EF	4	66	9	2	BA1653	34042	8	7	0	0	0	0	0	0	0	0	0
A	EF	4	66	9	2	BA1653	34060	7	0	0	0	0	0	0	0	1	0	0
A	EF	4	66	9	2	BA1653	34061	7	8	2	0	1	0	0	0	0	0	0
A	EF	4	66	9	2	BA1653	34070	8	0	0	0	0	0	0	0	1	0	0
A	EF	4	66	9	2	BA1653	34071	8	7	0	0	0	0	0	0	0	0	0
A	EF	4	66	9	2	BA1653	34133	7	8	2	0	1	0	0	0	0	0	0
A	EF	4	66	9	2	BA1653	34143	8	7	0	0	0	0	0	0	0	0	0
A	EF	4	66	9	2	BA1653	34175	7	0	0	0	0	0	0	0	1	0	0
A	EF	4	66	9	2	BA1653	34176	7	8	2	0	1	0	0	0	0	0	0
A	EF	4	66	9	2	BA1653	34186	8	7	0	0	0	0	0	0	0	0	0
A	EF	4	66	9	2	BA1653	34200	7	0	0	0	0	0	0	0	1	0	0
A	EF	4	66	9	2	BA1653	34243	7	8	2	0	1	0	0	0	0	0	0
A	EF	4	66	9	2	BA1653	34245	8	0	0	0	0	0	0	0	1	0	0
A	EF	4	66	9	2	BA1653	34253	8	9	0	0	0	0	0	0	0	0	0
A	EF	4	66	9	2	BA1653	34256	9	0	0	0	1	0	0	0	0	0	0
A	EF	4	66	9	2	BA1653	34259	9	0	0	0	0	0	0	0	1	0	0
A	EF	4	66	9	2	BA1653	34263	9	10	0	0	0	0	0	0	0	0	0
A	EF	4	66	9	2	BA1653	34338	10	2	0	0	0	0	0	0	0	0	0
A	EF	4	66	9	2	BA1653	34339	2	3	0	0	0	0	0	0	0	0	0
A	EF	4	66	9	2	BA1653	34640	3	0	0	0	1	0	0	0	0	0	0
A	EF	4	66	9	2	BA1653	34647	3	0	0	0	0	0	0	0	1	0	0
A	EF	4	66	9	2	BA1653	34670	3	0	0	0	1	0	0	0	0	0	0
A	EF	4	66	9	2	BA1653	34672	3	0	0	0	0	0	0	0	1	0	0
A	EF	4	66	9	2	BA1653	34683	3	0	0	0	1	0	0	0	0	0	0
A	EF	4	66	9	2	BA1653	34694	3	0	0	0	0	0	0	0	1	0	0
A	EF	4	66	9	2	BA1653	34725	3	0	0	0	1	0	0	0	0	0	0
A	EF	4	66	9	2	BA1653	34785	3	0	0	0	0	0	0	0	1	0	0
A	EF	4	66	9	2	BA1653	34789	3	0	0	0	1	0	0	0	0	0	0
A	EF	4	66	9	2	BA1653	34801	3	0	0	0	0	0	0	0	1	0	0
A	EF	4	66	9	2	BA1653	34835	3	0	0	0	1	0	0	0	0	0	0
A	EF	4	66	9	2	BA1653	34841	3	0	0	0	0	0	0	0	1	0	0
A	EF	4	66	9	2	BA1653	34843	3	0	0	0	1	0	0	0	0	0	0
A	EF	4	66	9	2	BA1653	34881	3	0	0	0	0	0	0	0	1	0	0
A	EF	4	66	9	2	BA1653	34917	3	0	0	0	1	0	0	0	0	0	0
A	EF	4	66	9	2	BA1653	34944	3	0	0	0	0	0	0	0	1	0	0
A	EF	4	66	9	2	BA1653	34988	3	0	0	0	1	0	0	0	0	0	0
A	EF	4	66	9	2	BA1653	34990	3	0	0	0	0	0	0	0	1	0	0
A	EF	4	66	9	2	BA1653	34996	3	0	0	0	1	0	0	0	0	0	0
A	EF	4	66	9	2	BA1653	35024	3	0	0	0	0	0	0	0	1	0	0
A	EF	4	66	9	2	BA1653	35225	3	0	0	0	1	0	0	0	0	0	0
A	EF	4	66	9	2	BA1653	35283	3	0	0	0	0	0	0	0	1	0	0
A	EF	4	66	9	2	BA1653	35288	3	0	0	0	1	0	0	0	0	0	0
A	EF	4	66	9	2	BA1653	35291	3	0	0	0	0	0	0	0	1	0	0
A	EF	4	66	9	2	BA1653	35304	3	0	0	0	1	0	0	0	0	0	0
A	EF	4	66	9	2	BA1653	35312	3	0	0	0	0	0	0	0	1	0	0
A	EF	4	66	9	2	BA1653	35314	3	0	0	0	1	0	0	0	0	0	0
A	EF	4	66	9	2	BA1653	35431	3	0	0	0	0	0	0	0	1	0	0
A	EF	4	66	9	2	BA1653	35516	3	0	0	0	1	0	0	0	0	0	0
A	EF	4	66	9	2	BA1653	35518	3	0	0	0	0	0	0	0	1	0	0
A	EF	4	66	9	2	BA1653	35519	3	0	0	0	1	0	0	0	0	0	0
A	EF	4	66	9	2	BA1653	35573	3	0	0	0	0	0	0	0	1	0	0
A	EF	4	66	9	2	BA1653	35576	3	0	0	0	1	0	0	0	0	0	0
A	EF	4	66	9	2	BA1653	35580	3	0	0	0	0	0	0	0	1	0	0
A	EF	4	66	9	2	BA1653	35644	3	5	1	1	0	0	0	0	0	0	0
A	EF	4	66	9	2	BA1653	35650	5	0	0	0	0	0	0	1	0	0	0
A	EF	4	66	9	2	BA1653	35654	5	4	0	0	0	0	0	0	0	0	0
A	EF	4	66	9	2	BA1653	35664	4	5	1	1	0	0	0	0	0	0	0
A	EF	4	66	9	2	BA1653	35673	5	0	0	0	0	0	0	1	0	0	0
A	EF	4	66	9	2	BA1653	35674	5	4	0	0	0	0	0	0	0	0	0
A	EF	4	66	9	2	BA1653	35756	4	5	1	1	0	0	0	0	0	0	0
A	EF	4	66	9	2	BA1653	35766	5	4	0	0	0	0	0	0	0	0	0
A	EF	4	66	9	2	BA1653	35789	4	0	0	0	0	0	0	1	0	0	0
A	EF	4	66	9	2	BA1653	35860	4	5	1	1	0	0	0	0	0	0	0
A	EF	4	66	9	2	BA1653	35870	5	4	0	0	0	0	0	0	0	0	0
A	EF	4	66	9	2	BA1653	35883	4	0	0	0	0	0	0	1	0	0	0
A	EF	4	66	9	2	BA1653	35918	4	5	1	1	0	0	0	0	0	0	0
A	EF	4	66	9	2	BA1653	35928	5	9	0	0	0	0	0	0	0	0	0
A	EF	4	66	9	2	BA1653	35938	9	10	0	0	0	0	0	1	0	0	0
A	EF	4	66	9	2	BA1653	36013	10	2	0	0	0	0	0	0	0	0	0
A	EF	4	66	9	2	BA1653	36014	2	3	0	0	0	0	0	0	0	0	0
A	EF	4	66	9	2	BA1653	36272	3	5	1	1	0	0	0	0	0	0	0
A	EF	4	66	9	2	BA1653	36282	5	4	0	0	0	0	0	0	0	0	0
A	EF	4	66	9	2	BA1653	36303	4	0	0	0	0	0	0	1	0	0	0
A	EF	4	66	9	2	BA1653	36369	4	5	1	1	0	0	0	0	0	0	0
A	EF	4	66	9	2	BA1653	36379	5	4	0	0	0	0	0	0	0	0	0
A	EF	4	66	9	2	BA1653	36398	4	0	0	0	0	0	0	1	0	0	0
A	EF	4	66	9	2	BA1653	36453	4	5	1	1	0	0	0	0	0	0	0
A	EF	4	66	9	2	BA1653	36463	5	4	0	0	0	0	0	0	0	0	0
A	EF	4	66	9	2	BA1653	36492	4	0	0	0	0	0	0	1	0	0	0
A	EF	4	66	9	2	BA1653	36543	4	5	1	1	0	0	0	0	0	0	0
A	EF	4	66	9	2	BA1653	36553	5	4	0	0	0	0	0	0	0	0	0
A	EF	4	66	9	2	BA1653	36571	4	0	0	0	0	0	0	1	0	0	0
A	EF	4	66	9	2	BA1653	36640	4	5	1	1	0	0	0	0	0	0	0
A	EF	4	66	9	2	BA1653	36650	5	9	0	0	0	0	0	0	0	0	0
A	EF	4	66	9	2	BA1653	36660	9	10	0	0	0	0	0	1	0	0	0
A	EF	4	66	9	2	BA1653	36735	10	2	0	0	0	0	0	0	0	0	0
A	EF	4	66	9	2	BA1653	36736	2	3	0	0	0	0	0	0	0	0	0
A	EF	4	66	9	2	BA1653	36888	3	5	1	1	0	0	0	0	0	0	0
A	EF	4	66	9	2	BA1653	36898	5	4	0	0	0	0	0	0	0	0	0
A	EF	4	66	9	2	BA1653	36908	4	0	0	0	0	0	0	1	0	0	0
A	EF	4	66	9	2	BA1653	36985	4	5	1	1	0	0	0	0	0	0	0
A	EF	4	66	9	2	BA1653	36995	5	4	0	0	0	0	0	0	0	0	0
A	EF	4	66	9	2	BA1653	37030	4	0	0	0	0	0	0	1	0	0	0
A	EF	4	66	9	2	BA1653	37090	4	5	1	1	0	0	0	0	0	0	0
A	EF	4	66	9	2	BA1653	37100	5	4	0	0	0	0	0	0	0	0	0
A	EF	4	66	9	2	BA1653	37138	4	0	0	0	0	0	0	1	0	0	0
A	EF	4	66	9	2	BA1653	37216	4	5	1	1	0	0	0	0	0	0	0
A	EF	4	66	9	2	BA1653	37226	5	4	0	0	0	0	0	0	0	0	0
A	EF	4	66	9	2	BA1653	37262	4	0	0	0	0	0	0	1	0	0	0
A	EF	4	66	9	2	BA1653	37326	4	5	1	1	0	0	0	0	0	0	0
A	EF	4	66	9	2	BA1653	37336	5	9	0	0	0	0	0	0	0	0	0
A	EF	4	66	9	2	BA1653	37346	9	10	0	0	0	0	0	0	0	0	0
A	EF	4	66	9	2	BA1653	37347	10	0	0	0	0	0	0	1	0	0	0
A	EF	4	66	9	2	BA1653	37421	10	2	0	0	0	0	0	0	0	0	0
A	EF	4	66	9	2	BA1653	37422	2	6	0	0	0	0	0	0	0	0	0
A	EF	4	66	9	2	BA1653	37917	6	8	2	0	1	0	0	0	0	0	0
A	EF	4	66	9	2	BA1653	37927	8	7	0	0	0	0	0	0	0	0	0
A	EF	4	66	9	2	BA1653	37940	7	0	0	0	0	0	0	0	1	0	0
A	EF	4	66	9	2	BA1653	37951	7	8	2	0	1	0	0	0	0	0	0
A	EF	4	66	9	2	BA1653	37955	8	0	0	0	0	0	0	0	1	0	0
A	EF	4	66	9	2	BA1653	37956	8	0	0	0	1	0	0	0	0	0	0
A	EF	4	66	9	2	BA1653	37961	8	7	0	0	0	0	0	0	0	0	0
A	EF	4	66	9	2	BA1653	37979	7	0	0	0	0	0	0	0	1	0	0
A	EF	4	66	9	2	BA1653	37982	7	8	2	0	1	0	0	0	0	0	0
A	EF	4	66	9	2	BA1653	37984	8	0	0	0	0	0	0	0	1	0	0
A	EF	4	66	9	2	BA1653	37992	8	7	0	0	0	0	0	0	0	0	0
A	EF	4	66	9	2	BA1653	38040	7	8	2	0	1	0	0	0	0	0	0
A	EF	4	66	9	2	BA1653	38050	8	7	0	0	0	0	0	0	0	0	0
A	EF	4	66	9	2	BA1653	38080	7	0	0	0	0	0	0	0	1	0	0
A	EF	4	66	9	2	BA1653	38083	7	8	2	0	1	0	0	0	0	0	0
A	EF	4	66	9	2	BA1653	38093	8	9	0	0	0	0	0	0	0	0	0
A	EF	4	66	9	2	BA1653	38103	9	10	0	0	0	0	0	0	0	0	0
A	EF	4	66	9	2	BA1653	38108	10	0	0	0	0	0	0	0	1	0	0
A	EF	4	66	9	2	BA1653	38178	10	2	0	0	0	0	0	0	0	0	0
A	EF	4	66	9	2	BA1653	38179	2	3	0	0	0	0	0	0	0	0	0
A	EF	4	66	9	2	BA1653	38412	3	0	0	0	1	0	0	0	0	0	0
A	EF	4	66	9	2	BA1653	38435	3	0	0	0	0	0	0	0	1	0	0
A	EF	4	66	9	2	BA1653	38437	3	0	0	0	1	0	0	0	0	0	0
A	EF	4	66	9	2	BA1653	38444	3	0	0	0	0	0	0	0	1	0	0
A	EF	4	66	9	2	BA1653	38455	3	0	0	0	1	0	0	0	0	0	0
A	EF	4	66	9	2	BA1653	38487	3	0	0	0	0	0	0	0	1	0	0
A	EF	4	66	9	2	BA1653	38490	3	0	0	0	1	0	0	0	0	0	0
A	EF	4	66	9	2	BA1653	38503	3	0	0	0	0	0	0	0	1	0	0
A	EF	4	66	9	2	BA1653	38508	3	0	0	0	1	0	0	0	0	0	0
A	EF	4	66	9	2	BA1653	38517	3	0	0	0	0	0	0	0	1	0	0
A	EF	4	66	9	2	BA1653	38528	3	0	0	0	1	0	0	0	0	0	0
A	EF	4	66	9	2	BA1653	38531	3	0	0	0	0	0	0	0	1	0	0
A	EF	4	66	9	2	BA1653	38674	3	0	0	0	1	0	0	0	0	0	0
A	EF	4	66	9	2	BA1653	38678	3	0	0	0	0	0	0	0	1	0	0
A	EF	4	66	9	2	BA1653	38742	3	0	0	0	1	0	0	0	0	0	0
A	EF	4	66	9	2	BA1653	38785	3	0	0	0	0	0	0	0	1	0	0
A	EF	4	66	9	2	BA1653	38851	3	0	0	0	1	0	0	0	0	0	0
A	EF	4	66	9	2	BA1653	38892	3	0	0	0	0	0	0	0	1	0	0
A	EF	4	66	9	2	BA1653	38900	3	0	0	0	1	0	0	0	0	0	0
A	EF	4	66	9	2	BA1653	38913	3	0	0	0	0	0	0	0	1	0	0
A	EF	4	66	9	2	BA1653	38926	3	0	0	0	1	0	0	0	0	0	0
A	EF	4	66	9	2	BA1653	38951	3	0	0	0	0	0	0	0	1	0	0
A	EF	4	66	9	2	BA1653	39295	3	5	1	1	0	0	0	0	0	0	0
A	EF	4	66	9	2	BA1653	39300	5	0	0	0	0	0	0	1	0	0	0
A	EF	4	66	9	2	BA1653	39305	5	4	0	0	0	0	0	0	0	0	0
A	EF	4	66	9	2	BA1653	39367	4	5	1	1	0	0	0	0	0	0	0
A	EF	4	66	9	2	BA1653	39377	5	4	0	0	0	0	0	0	0	0	0
A	EF	4	66	9	2	BA1653	39395	4	0	0	0	0	0	0	1	0	0	0
A	EF	4	66	9	2	BA1653	39510	4	5	1	1	0	0	0	0	0	0	0
A	EF	4	66	9	2	BA1653	39520	5	4	0	0	0	0	0	0	0	0	0
A	EF	4	66	9	2	BA1653	39538	4	0	0	0	0	0	0	1	0	0	0
A	EF	4	66	9	2	BA1653	39600	4	5	1	1	0	0	0	0	0	0	0
A	EF	4	66	9	2	BA1653	39610	5	4	0	0	0	0	0	0	0	0	0
A	EF	4	66	9	2	BA1653	39672	4	0	0	0	0	0	0	1	0	0	0
A	EF	4	66	9	2	BA1653	39741	4	5	1	1	0	0	0	0	0	0	0
A	EF	4	66	9	2	BA1653	39751	5	9	0	0	0	0	0	0	0	0	0
A	EF	4	66	9	2	BA1653	39758	9	0	0	0	0	0	0	1	0	0	0
A	EF	4	66	9	2	BA1653	39761	9	10	0	0	0	0	0	0	0	0	0
A	EF	4	66	9	2	BA1653	39836	10	2	0	0	0	0	0	0	0	0	0
A	EF	4	66	9	2	BA1653	39837	2	6	0	0	0	0	0	0	0	0	0
A	EF	4	66	9	2	BA1653	40193	6	0	0	1	0	0	0	0	0	0	0
A	EF	4	66	9	2	BA1653	40232	6	0	0	0	0	0	0	1	0	0	0
A	EF	4	66	9	2	BA1653	40296	6	8	2	0	1	0	0	0	0	0	0
A	EF	4	66	9	2	BA1653	40300	8	0	0	0	0	0	0	0	1	0	0
A	EF	4	66	9	2	BA1653	40306	8	7	0	0	0	0	0	0	0	0	0
A	EF	4	66	9	2	BA1653	40333	7	8	2	0	1	0	0	0	0	0	0
A	EF	4	66	9	2	BA1653	40343	8	7	0	0	0	0	0	0	0	0	0
A	EF	4	66	9	2	BA1653	40362	7	0	0	0	0	0	0	0	1	0	0
A	EF	4	66	9	2	BA1653	40367	7	8	2	0	1	0	0	0	0	0	0
A	EF	4	66	9	2	BA1653	40377	8	7	0	0	0	0	0	0	0	0	0
A	EF	4	66	9	2	BA1653	40395	7	0	0	0	0	0	0	0	1	0	0
A	EF	4	66	9	2	BA1653	40426	7	8	2	0	1	0	0	0	0	0	0
A	EF	4	66	9	2	BA1653	40436	8	7	0	0	0	0	0	0	0	0	0
A	EF	4	66	9	2	BA1653	40502	7	0	0	0	0	0	0	0	1	0	0
A	EF	4	66	9	2	BA1653	40548	7	8	2	0	1	0	0	0	0	0	0
A	EF	4	66	9	2	BA1653	40558	8	9	0	0	0	0	0	0	0	0	0
A	EF	4	66	9	2	BA1653	40568	9	10	0	0	0	0	0	0	0	0	0
A	EF	4	66	9	2	BA1653	40575	10	0	0	0	0	0	0	0	1	0	0
A	EF	4	66	9	2	BA1653	40643	10	2	0	0	0	0	0	0	0	0	0
A	EF	4	66	9	2	BA1653	40644	2	3	0	0	0	0	0	0	0	0	0
A	EF	4	66	9	2	BA1653	41192	3	0	0	0	1	0	0	0	0	0	0
A	EF	4	66	9	2	BA1653	41194	3	0	0	0	0	0	0	0	1	0	0
A	EF	4	66	9	2	BA1653	41199	3	0	0	0	1	0	0	0	0	0	0
A	EF	4	66	9	2	BA1653	41243	3	0	0	0	0	0	0	0	1	0	0
A	EF	4	66	9	2	BA1653	41263	3	0	0	0	1	0	0	0	0	0	0
A	EF	4	66	9	2	BA1653	41267	3	0	0	0	0	0	0	0	1	0	0
A	EF	4	66	9	2	BA1653	41309	3	0	0	0	1	0	0	0	0	0	0
A	EF	4	66	9	2	BA1653	41342	3	0	0	0	0	0	0	0	1	0	0
A	EF	4	66	9	2	BA1653	41389	3	0	0	0	1	0	0	0	0	0	0
A	EF	4	66	9	2	BA1653	41390	3	0	0	0	0	0	0	0	1	0	0
A	EF	4	66	9	2	BA1653	41392	3	0	0	0	1	0	0	0	0	0	0
A	EF	4	66	9	2	BA1653	41426	3	0	0	0	0	0	0	0	1	0	0
A	EF	4	66	9	2	BA1653	41434	3	0	0	0	1	0	0	0	0	0	0
A	EF	4	66	9	2	BA1653	41465	3	0	0	0	0	0	0	0	1	0	0
A	EF	4	66	9	2	BA1653	41525	3	0	0	0	1	0	0	0	0	0	0
A	EF	4	66	9	2	BA1653	41527	3	0	0	0	0	0	0	0	1	0	0
A	EF	4	66	9	2	BA1653	41533	3	0	0	0	1	0	0	0	0	0	0
A	EF	4	66	9	2	BA1653	41602	3	0	0	0	0	0	0	0	1	0	0
A	EF	4	66	9	2	BA1653	41614	3	0	0	0	1	0	0	0	0	0	0
A	EF	4	66	9	2	BA1653	41621	3	0	0	0	0	0	0	0	1	0	0
A	EF	4	66	9	2	BA1653	41637	3	0	0	0	1	0	0	0	0	0	0
A	EF	4	66	9	2	BA1653	41652	3	0	0	0	0	0	0	0	1	0	0
A	EF	4	66	9	2	BA1653	41720	3	0	0	0	1	0	0	0	0	0	0
A	EF	4	66	9	2	BA1653	41749	3	0	0	0	0	0	0	0	1	0	0
A	EF	4	66	9	2	BA1653	41806	3	0	0	0	1	0	0	0	0	0	0
A	EF	4	66	9	2	BA1653	41845	3	0	0	0	0	0	0	0	1	0	0
A	EF	4	66	9	2	BA1653	41955	3	5	1	1	0	0	0	0	0	0	0
A	EF	4	66	9	2	BA1653	41965	5	4	0	0	0	0	0	0	0	0	0
A	EF	4	66	9	2	BA1653	41971	4	0	0	0	0	0	0	1	0	0	0
A	EF	4	66	9	2	BA1653	42201	4	5	1	1	0	0	0	0	0	0	0
A	EF	4	66	9	2	BA1653	42211	5	4	0	0	0	0	0	0	0	0	0
A	EF	4	66	9	2	BA1653	42229	4	0	0	0	0	0	0	1	0	0	0
A	EF	4	66	9	2	BA1653	42272	4	5	1	1	0	0	0	0	0	0	0
A	EF	4	66	9	2	BA1653	42277	5	0	0	0	0	0	0	1	0	0	0
A	EF	4	66	9	2	BA1653	42282	5	4	0	0	0	0	0	0	0	0	0
A	EF	4	66	9	2	BA1653	42294	4	5	1	1	0	0	0	0	0	0	0
A	EF	4	66	9	2	BA1653	42304	5	4	0	0	0	0	0	0	0	0	0
A	EF	4	66	9	2	BA1653	42315	4	0	0	0	0	0	0	1	0	0	0
A	EF	4	66	9	2	BA1653	42386	4	5	1	1	0	0	0	0	0	0	0
A	EF	4	66	9	2	BA1653	42396	5	9	0	0	0	0	0	0	0	0	0
A	EF	4	66	9	2	BA1653	42403	9	0	0	0	0	0	0	1	0	0	0
A	EF	4	66	9	2	BA1653	42406	9	10	0	0	0	0	0	0	0	0	0
A	EF	4	66	9	2	BA1653	42481	10	2	0	0	0	0	0	0	0	0	0
A	EF	4	66	9	2	BA1653	42482	2	3	0	0	0	0	0	0	0	0	0
A	EF	4	66	9	2	BA1653	42675	3	5	1	1	0	0	0	0	0	0	0
A	EF	4	66	9	2	BA1653	42685	5	4	0	0	0	0	0	0	0	0	0
A	EF	4	66	9	2	BA1653	42737	4	0	0	0	0	0	0	1	0	0	0
A	EF	4	66	9	2	BA1653	42786	4	5	1	1	0	0	0	0	0	0	0
A	EF	4	66	9	2	BA1653	42796	5	4	0	0	0	0	0	0	0	0	0
A	EF	4	66	9	2	BA1653	42848	4	0	0	0	0	0	0	1	0	0	0
A	EF	4	66	9	2	BA1653	42903	4	5	1	1	0	0	0	0	0	0	0
A	EF	4	66	9	2	BA1653	42913	5	4	0	0	0	0	0	0	0	0	0
A	EF	4	66	9	2	BA1653	43017	4	0	0	0	0	0	0	1	0	0	0
A	EF	4	66	9	2	BA1653	43075	4	5	1	1	0	0	0	0	0	0	0
A	EF	4	66	9	2	BA1653	43085	5	4	0	0	0	0	0	0	0	0	0
A	EF	4	66	9	2	BA1653	43142	4	0	0	0	0	0	0	1	0	0	0
A	EF	4	66	9	2	BA1653	43203	4	5	1	1	0	0	0	0	0	0	0
A	EF	4	66	9	2	BA1653	43213	5	9	0	0	0	0	0	0	0	0	0
A	EF	4	66	9	2	BA1653	43223	9	-1	0	0	0	0	0	0	0	0	0
