Project	UserID	Protocol	Session	Station	Run	Subject	Time	Current State	Transition State	Transition Event	A1 - LEFT	A2 - RIGHT	A3 - 	A4 - 	A[1] LEFT	A[2] RIGHT	A[3] 	A[4] 
A	BL	2	83	9	1	BA1653	0	0	1	0	0	0	0	0	0	0	0	0
A	BL	2	83	9	1	BA1653	50	1	2	0	0	0	0	0	0	0	0	0
A	BL	2	83	9	1	BA1653	51	2	6	0	0	0	0	0	0	0	0	0
A	BL	2	83	9	1	BA1653	1176	6	8	2	0	1	0	0	0	0	0	0
A	BL	2	83	9	1	BA1653	1186	8	7	0	0	0	0	0	0	0	0	0
A	BL	2	83	9	1	BA1653	1200	7	0	0	0	0	0	0	0	1	0	0
A	BL	2	83	9	1	BA1653	1247	7	8	2	0	1	0	0	0	0	0	0
A	BL	2	83	9	1	BA1653	1257	8	7	0	0	0	0	0	0	0	0	0
A	BL	2	83	9	1	BA1653	1270	7	0	0	0	0	0	0	0	1	0	0
A	BL	2	83	9	1	BA1653	1281	7	8	2	0	1	0	0	0	0	0	0
A	BL	2	83	9	1	BA1653	1285	8	0	0	0	0	0	0	0	1	0	0
A	BL	2	83	9	1	BA1653	1291	8	7	0	0	0	0	0	0	0	0	0
A	BL	2	83	9	1	BA1653	1355	7	8	2	0	1	0	0	0	0	0	0
A	BL	2	83	9	1	BA1653	1361	8	0	0	0	0	0	0	0	1	0	0
A	BL	2	83	9	1	BA1653	1363	8	0	0	0	1	0	0	0	0	0	0
A	BL	2	83	9	1	BA1653	1365	8	7	0	0	0	0	0	0	0	0	0
A	BL	2	83	9	1	BA1653	1369	7	0	0	0	0	0	0	0	1	0	0
A	BL	2	83	9	1	BA1653	1372	7	8	2	0	1	0	0	0	0	0	0
A	BL	2	83	9	1	BA1653	1375	8	0	0	0	0	0	0	0	1	0	0
A	BL	2	83	9	1	BA1653	1380	8	0	0	0	1	0	0	0	0	0	0
A	BL	2	83	9	1	BA1653	1382	8	7	0	0	0	0	0	0	0	0	0
A	BL	2	83	9	1	BA1653	1384	7	0	0	0	0	0	0	0	1	0	0
A	BL	2	83	9	1	BA1653	1430	7	8	2	0	1	0	0	0	0	0	0
A	BL	2	83	9	1	BA1653	1440	8	7	0	0	0	0	0	0	0	0	0
A	BL	2	83	9	1	BA1653	1452	7	0	0	0	0	0	0	0	1	0	0
A	BL	2	83	9	1	BA1653	1459	7	8	2	0	1	0	0	0	0	0	0
A	BL	2	83	9	1	BA1653	1460	8	0	0	0	0	0	0	0	1	0	0
A	BL	2	83	9	1	BA1653	1469	8	7	0	0	0	0	0	0	0	0	0
A	BL	2	83	9	1	BA1653	1471	7	8	2	0	1	0	0	0	0	0	0
A	BL	2	83	9	1	BA1653	1477	8	0	0	0	0	0	0	0	1	0	0
A	BL	2	83	9	1	BA1653	1481	8	7	0	0	0	0	0	0	0	0	0
A	BL	2	83	9	1	BA1653	1518	7	8	2	0	1	0	0	0	0	0	0
A	BL	2	83	9	1	BA1653	1528	8	7	0	0	0	0	0	0	0	0	0
A	BL	2	83	9	1	BA1653	1539	7	0	0	0	0	0	0	0	1	0	0
A	BL	2	83	9	1	BA1653	1586	7	8	2	0	1	0	0	0	0	0	0
A	BL	2	83	9	1	BA1653	1596	8	9	0	0	0	0	0	0	0	0	0
A	BL	2	83	9	1	BA1653	1604	9	0	0	0	0	0	0	0	1	0	0
A	BL	2	83	9	1	BA1653	1606	9	10	0	0	0	0	0	0	0	0	0
A	BL	2	83	9	1	BA1653	1681	10	2	0	0	0	0	0	0	0	0	0
A	BL	2	83	9	1	BA1653	1682	2	6	0	0	0	0	0	0	0	0	0
A	BL	2	83	9	1	BA1653	1733	6	8	2	0	1	0	0	0	0	0	0
A	BL	2	83	9	1	BA1653	1738	8	0	0	0	0	0	0	0	1	0	0
A	BL	2	83	9	1	BA1653	1743	8	7	0	0	0	0	0	0	0	0	0
A	BL	2	83	9	1	BA1653	1752	7	8	2	0	1	0	0	0	0	0	0
A	BL	2	83	9	1	BA1653	1753	8	0	0	0	0	0	0	0	1	0	0
A	BL	2	83	9	1	BA1653	1756	8	0	0	0	1	0	0	0	0	0	0
A	BL	2	83	9	1	BA1653	1762	8	7	0	0	0	0	0	0	1	0	0
A	BL	2	83	9	1	BA1653	1773	7	8	2	0	1	0	0	0	0	0	0
A	BL	2	83	9	1	BA1653	1776	8	0	0	0	0	0	0	0	1	0	0
A	BL	2	83	9	1	BA1653	1779	8	0	0	0	1	0	0	0	0	0	0
A	BL	2	83	9	1	BA1653	1783	8	7	0	0	0	0	0	0	0	0	0
A	BL	2	83	9	1	BA1653	1791	7	0	0	0	0	0	0	0	1	0	0
A	BL	2	83	9	1	BA1653	1792	7	8	2	0	1	0	0	0	0	0	0
A	BL	2	83	9	1	BA1653	1797	8	0	0	0	0	0	0	0	1	0	0
A	BL	2	83	9	1	BA1653	1801	8	0	0	0	1	0	0	0	0	0	0
A	BL	2	83	9	1	BA1653	1802	8	7	0	0	0	0	0	0	0	0	0
A	BL	2	83	9	1	BA1653	1805	7	0	0	0	0	0	0	0	1	0	0
A	BL	2	83	9	1	BA1653	1806	7	8	2	0	1	0	0	0	0	0	0
A	BL	2	83	9	1	BA1653	1816	8	7	0	0	0	0	0	0	0	0	0
A	BL	2	83	9	1	BA1653	1818	7	0	0	0	0	0	0	0	1	0	0
A	BL	2	83	9	1	BA1653	1829	7	8	2	0	1	0	0	0	0	0	0
A	BL	2	83	9	1	BA1653	1835	8	0	0	0	0	0	0	0	1	0	0
A	BL	2	83	9	1	BA1653	1837	8	0	0	0	1	0	0	0	0	0	0
A	BL	2	83	9	1	BA1653	1839	8	7	0	0	0	0	0	0	0	0	0
A	BL	2	83	9	1	BA1653	1919	7	0	0	0	0	0	0	0	1	0	0
A	BL	2	83	9	1	BA1653	2216	7	8	2	0	1	0	0	0	0	0	0
A	BL	2	83	9	1	BA1653	2226	8	7	0	0	0	0	0	0	0	0	0
A	BL	2	83	9	1	BA1653	2234	7	0	0	0	0	0	0	0	1	0	0
A	BL	2	83	9	1	BA1653	2235	7	8	2	0	1	0	0	0	0	0	0
A	BL	2	83	9	1	BA1653	2237	8	0	0	0	0	0	0	0	1	0	0
A	BL	2	83	9	1	BA1653	2245	8	7	0	0	0	0	0	0	0	0	0
A	BL	2	83	9	1	BA1653	2255	7	8	2	0	1	0	0	0	0	0	0
A	BL	2	83	9	1	BA1653	2258	8	0	0	0	0	0	0	0	1	0	0
A	BL	2	83	9	1	BA1653	2259	8	0	0	0	1	0	0	0	0	0	0
A	BL	2	83	9	1	BA1653	2265	8	7	0	0	0	0	0	0	1	0	0
A	BL	2	83	9	1	BA1653	2269	7	8	2	0	1	0	0	0	0	0	0
A	BL	2	83	9	1	BA1653	2272	8	0	0	0	0	0	0	0	1	0	0
A	BL	2	83	9	1	BA1653	2275	8	0	0	0	1	0	0	0	0	0	0
A	BL	2	83	9	1	BA1653	2277	8	0	0	0	0	0	0	0	1	0	0
A	BL	2	83	9	1	BA1653	2279	8	9	0	0	0	0	0	0	0	0	0
A	BL	2	83	9	1	BA1653	2289	9	10	0	0	0	0	0	0	0	0	0
A	BL	2	83	9	1	BA1653	2364	10	2	0	0	0	0	0	0	0	0	0
A	BL	2	83	9	1	BA1653	2365	2	6	0	0	0	0	0	0	0	0	0
A	BL	2	83	9	1	BA1653	2868	6	8	2	0	1	0	0	0	0	0	0
A	BL	2	83	9	1	BA1653	2869	8	0	0	0	0	0	0	0	1	0	0
A	BL	2	83	9	1	BA1653	2878	8	7	0	0	0	0	0	0	0	0	0
A	BL	2	83	9	1	BA1653	2951	7	8	2	0	1	0	0	0	0	0	0
A	BL	2	83	9	1	BA1653	2959	8	0	0	0	0	0	0	0	1	0	0
A	BL	2	83	9	1	BA1653	2961	8	7	0	0	0	0	0	0	0	0	0
A	BL	2	83	9	1	BA1653	2980	7	8	2	0	1	0	0	0	0	0	0
A	BL	2	83	9	1	BA1653	2990	8	7	0	0	0	0	0	0	0	0	0
A	BL	2	83	9	1	BA1653	2995	7	0	0	0	0	0	0	0	1	0	0
A	BL	2	83	9	1	BA1653	3045	7	8	2	0	1	0	0	0	0	0	0
A	BL	2	83	9	1	BA1653	3055	8	7	0	0	0	0	0	0	0	0	0
A	BL	2	83	9	1	BA1653	3072	7	0	0	0	0	0	0	0	1	0	0
A	BL	2	83	9	1	BA1653	3103	7	8	2	0	1	0	0	0	0	0	0
A	BL	2	83	9	1	BA1653	3105	8	0	0	0	0	0	0	0	1	0	0
A	BL	2	83	9	1	BA1653	3111	8	0	0	0	1	0	0	0	0	0	0
A	BL	2	83	9	1	BA1653	3113	8	7	0	0	0	0	0	0	0	0	0
A	BL	2	83	9	1	BA1653	3134	7	0	0	0	0	0	0	0	1	0	0
A	BL	2	83	9	1	BA1653	3135	7	8	2	0	1	0	0	0	0	0	0
A	BL	2	83	9	1	BA1653	3145	8	7	0	0	0	0	0	0	0	0	0
A	BL	2	83	9	1	BA1653	3163	7	0	0	0	0	0	0	0	1	0	0
A	BL	2	83	9	1	BA1653	3167	7	8	2	0	1	0	0	0	0	0	0
A	BL	2	83	9	1	BA1653	3168	8	0	0	0	0	0	0	0	1	0	0
A	BL	2	83	9	1	BA1653	3177	8	7	0	0	0	0	0	0	0	0	0
A	BL	2	83	9	1	BA1653	3185	7	8	2	0	1	0	0	0	0	0	0
A	BL	2	83	9	1	BA1653	3190	8	0	0	0	0	0	0	0	1	0	0
A	BL	2	83	9	1	BA1653	3194	8	0	0	0	1	0	0	0	0	0	0
A	BL	2	83	9	1	BA1653	3195	8	7	0	0	0	0	0	0	0	0	0
A	BL	2	83	9	1	BA1653	3241	7	0	0	0	0	0	0	0	1	0	0
A	BL	2	83	9	1	BA1653	3257	7	8	2	0	1	0	0	0	0	0	0
A	BL	2	83	9	1	BA1653	3263	8	0	0	0	0	0	0	0	1	0	0
A	BL	2	83	9	1	BA1653	3267	8	7	0	0	0	0	0	0	0	0	0
A	BL	2	83	9	1	BA1653	3268	7	8	2	0	1	0	0	0	0	0	0
A	BL	2	83	9	1	BA1653	3278	8	9	0	0	0	0	0	0	0	0	0
A	BL	2	83	9	1	BA1653	3282	9	0	0	0	0	0	0	0	1	0	0
A	BL	2	83	9	1	BA1653	3284	9	0	0	0	1	0	0	0	0	0	0
A	BL	2	83	9	1	BA1653	3288	9	10	0	0	0	0	0	0	0	0	0
A	BL	2	83	9	1	BA1653	3291	10	0	0	0	0	0	0	0	1	0	0
A	BL	2	83	9	1	BA1653	3363	10	2	0	0	0	0	0	0	0	0	0
A	BL	2	83	9	1	BA1653	3364	2	3	0	0	0	0	0	0	0	0	0
A	BL	2	83	9	1	BA1653	3513	3	5	1	1	0	0	0	0	0	0	0
A	BL	2	83	9	1	BA1653	3523	5	4	0	0	0	0	0	0	0	0	0
A	BL	2	83	9	1	BA1653	3535	4	0	0	0	0	0	0	1	0	0	0
A	BL	2	83	9	1	BA1653	3576	4	5	1	1	0	0	0	0	0	0	0
A	BL	2	83	9	1	BA1653	3586	5	4	0	0	0	0	0	0	0	0	0
A	BL	2	83	9	1	BA1653	3609	4	0	0	0	0	0	0	1	0	0	0
A	BL	2	83	9	1	BA1653	3629	4	5	1	1	0	0	0	0	0	0	0
A	BL	2	83	9	1	BA1653	3633	5	0	0	0	0	0	0	1	0	0	0
A	BL	2	83	9	1	BA1653	3639	5	4	0	0	0	0	0	0	0	0	0
A	BL	2	83	9	1	BA1653	3648	4	5	1	1	0	0	0	0	0	0	0
A	BL	2	83	9	1	BA1653	3658	5	4	0	0	0	0	0	0	0	0	0
A	BL	2	83	9	1	BA1653	3674	4	0	0	0	0	0	0	1	0	0	0
A	BL	2	83	9	1	BA1653	3722	4	5	1	1	0	0	0	0	0	0	0
A	BL	2	83	9	1	BA1653	3732	5	9	0	0	0	0	0	0	0	0	0
A	BL	2	83	9	1	BA1653	3742	9	10	0	0	0	0	0	0	0	0	0
A	BL	2	83	9	1	BA1653	3743	10	0	0	0	0	0	0	1	0	0	0
A	BL	2	83	9	1	BA1653	3817	10	2	0	0	0	0	0	0	0	0	0
A	BL	2	83	9	1	BA1653	3818	2	6	0	0	0	0	0	0	0	0	0
A	BL	2	83	9	1	BA1653	4046	6	8	2	0	1	0	0	0	0	0	0
A	BL	2	83	9	1	BA1653	4056	8	7	0	0	0	0	0	0	0	0	0
A	BL	2	83	9	1	BA1653	4059	7	0	0	0	0	0	0	0	1	0	0
A	BL	2	83	9	1	BA1653	4088	7	8	2	0	1	0	0	0	0	0	0
A	BL	2	83	9	1	BA1653	4096	8	0	0	0	0	0	0	0	1	0	0
A	BL	2	83	9	1	BA1653	4098	8	7	0	0	0	0	0	0	0	0	0
A	BL	2	83	9	1	BA1653	4100	7	8	2	0	1	0	0	0	0	0	0
A	BL	2	83	9	1	BA1653	4110	8	7	0	0	0	0	0	0	0	0	0
A	BL	2	83	9	1	BA1653	4116	7	0	0	0	0	0	0	0	1	0	0
A	BL	2	83	9	1	BA1653	4149	7	8	2	0	1	0	0	0	0	0	0
A	BL	2	83	9	1	BA1653	4152	8	0	0	0	0	0	0	0	1	0	0
A	BL	2	83	9	1	BA1653	4155	8	0	0	0	1	0	0	0	0	0	0
A	BL	2	83	9	1	BA1653	4159	8	7	0	0	0	0	0	0	0	0	0
A	BL	2	83	9	1	BA1653	4160	7	0	0	0	0	0	0	0	1	0	0
A	BL	2	83	9	1	BA1653	4162	7	8	2	0	1	0	0	0	0	0	0
A	BL	2	83	9	1	BA1653	4169	8	0	0	0	0	0	0	0	1	0	0
A	BL	2	83	9	1	BA1653	4172	8	7	0	0	1	0	0	0	0	0	0
A	BL	2	83	9	1	BA1653	4174	7	0	0	0	0	0	0	0	1	0	0
A	BL	2	83	9	1	BA1653	4177	7	8	2	0	1	0	0	0	0	0	0
A	BL	2	83	9	1	BA1653	4187	8	7	0	0	0	0	0	0	0	0	0
A	BL	2	83	9	1	BA1653	4191	7	0	0	0	0	0	0	0	1	0	0
A	BL	2	83	9	1	BA1653	4195	7	8	2	0	1	0	0	0	0	0	0
A	BL	2	83	9	1	BA1653	4205	8	7	0	0	0	0	0	0	0	0	0
A	BL	2	83	9	1	BA1653	4214	7	0	0	0	0	0	0	0	1	0	0
A	BL	2	83	9	1	BA1653	4235	7	8	2	0	1	0	0	0	0	0	0
A	BL	2	83	9	1	BA1653	4245	8	7	0	0	0	0	0	0	0	0	0
A	BL	2	83	9	1	BA1653	4253	7	0	0	0	0	0	0	0	1	0	0
A	BL	2	83	9	1	BA1653	4288	7	8	2	0	1	0	0	0	0	0	0
A	BL	2	83	9	1	BA1653	4291	8	0	0	0	0	0	0	0	1	0	0
A	BL	2	83	9	1	BA1653	4298	8	7	0	0	0	0	0	0	0	0	0
A	BL	2	83	9	1	BA1653	4374	7	8	2	0	1	0	0	0	0	0	0
A	BL	2	83	9	1	BA1653	4384	8	9	0	0	0	0	0	0	0	0	0
A	BL	2	83	9	1	BA1653	4394	9	10	0	0	0	0	0	0	0	0	0
A	BL	2	83	9	1	BA1653	4396	10	0	0	0	0	0	0	0	1	0	0
A	BL	2	83	9	1	BA1653	4469	10	2	0	0	0	0	0	0	0	0	0
A	BL	2	83	9	1	BA1653	4470	2	6	0	0	0	0	0	0	0	0	0
A	BL	2	83	9	1	BA1653	4750	6	8	2	0	1	0	0	0	0	0	0
A	BL	2	83	9	1	BA1653	4752	8	0	0	0	0	0	0	0	1	0	0
A	BL	2	83	9	1	BA1653	4760	8	7	0	0	0	0	0	0	0	0	0
A	BL	2	83	9	1	BA1653	4837	7	8	2	0	1	0	0	0	0	0	0
A	BL	2	83	9	1	BA1653	4846	8	0	0	0	0	0	0	0	1	0	0
A	BL	2	83	9	1	BA1653	4847	8	7	0	0	0	0	0	0	0	0	0
A	BL	2	83	9	1	BA1653	4848	7	8	2	0	1	0	0	0	0	0	0
A	BL	2	83	9	1	BA1653	4858	8	7	0	0	0	0	0	0	0	0	0
A	BL	2	83	9	1	BA1653	4875	7	0	0	0	0	0	0	0	1	0	0
A	BL	2	83	9	1	BA1653	4945	7	8	2	0	1	0	0	0	0	0	0
A	BL	2	83	9	1	BA1653	4955	8	7	0	0	0	0	0	0	0	0	0
A	BL	2	83	9	1	BA1653	4970	7	0	0	0	0	0	0	0	1	0	0
A	BL	2	83	9	1	BA1653	4973	7	8	2	0	1	0	0	0	0	0	0
A	BL	2	83	9	1	BA1653	4977	8	0	0	0	0	0	0	0	1	0	0
A	BL	2	83	9	1	BA1653	4978	8	0	0	0	1	0	0	0	0	0	0
A	BL	2	83	9	1	BA1653	4983	8	7	0	0	0	0	0	0	0	0	0
A	BL	2	83	9	1	BA1653	5004	7	8	2	0	1	0	0	0	1	0	0
A	BL	2	83	9	1	BA1653	5014	8	7	0	0	0	0	0	0	0	0	0
A	BL	2	83	9	1	BA1653	5034	7	0	0	0	0	0	0	0	1	0	0
A	BL	2	83	9	1	BA1653	5049	7	8	2	0	1	0	0	0	0	0	0
A	BL	2	83	9	1	BA1653	5059	8	7	0	0	0	0	0	0	0	0	0
A	BL	2	83	9	1	BA1653	5064	7	0	0	0	0	0	0	0	1	0	0
A	BL	2	83	9	1	BA1653	5070	7	8	2	0	1	0	0	0	0	0	0
A	BL	2	83	9	1	BA1653	5077	8	0	0	0	0	0	0	0	1	0	0
A	BL	2	83	9	1	BA1653	5080	8	7	0	0	0	0	0	0	0	0	0
A	BL	2	83	9	1	BA1653	5081	7	8	2	0	1	0	0	0	0	0	0
A	BL	2	83	9	1	BA1653	5091	8	7	0	0	0	0	0	0	0	0	0
A	BL	2	83	9	1	BA1653	5093	7	0	0	0	0	0	0	0	1	0	0
A	BL	2	83	9	1	BA1653	5133	7	8	2	0	1	0	0	0	0	0	0
A	BL	2	83	9	1	BA1653	5143	8	9	0	0	0	0	0	0	0	0	0
A	BL	2	83	9	1	BA1653	5153	9	10	0	0	0	0	0	0	0	0	0
A	BL	2	83	9	1	BA1653	5154	10	0	0	0	0	0	0	0	1	0	0
A	BL	2	83	9	1	BA1653	5228	10	2	0	0	0	0	0	0	0	0	0
A	BL	2	83	9	1	BA1653	5229	2	3	0	0	0	0	0	0	0	0	0
A	BL	2	83	9	1	BA1653	5332	3	5	1	1	0	0	0	0	0	0	0
A	BL	2	83	9	1	BA1653	5342	5	4	0	0	0	0	0	0	0	0	0
A	BL	2	83	9	1	BA1653	5353	4	0	0	0	0	0	0	1	0	0	0
A	BL	2	83	9	1	BA1653	5492	4	5	1	1	0	0	0	0	0	0	0
A	BL	2	83	9	1	BA1653	5502	5	4	0	0	0	0	0	0	0	0	0
A	BL	2	83	9	1	BA1653	5508	4	0	0	0	0	0	0	1	0	0	0
A	BL	2	83	9	1	BA1653	5513	4	5	1	1	0	0	0	0	0	0	0
A	BL	2	83	9	1	BA1653	5523	5	4	0	0	0	0	0	0	0	0	0
A	BL	2	83	9	1	BA1653	5538	4	0	0	0	0	0	0	1	0	0	0
A	BL	2	83	9	1	BA1653	5570	4	5	1	1	0	0	0	0	0	0	0
A	BL	2	83	9	1	BA1653	5580	5	4	0	0	0	0	0	0	0	0	0
A	BL	2	83	9	1	BA1653	5612	4	0	0	0	0	0	0	1	0	0	0
A	BL	2	83	9	1	BA1653	5667	4	5	1	1	0	0	0	0	0	0	0
A	BL	2	83	9	1	BA1653	5677	5	9	0	0	0	0	0	0	0	0	0
A	BL	2	83	9	1	BA1653	5687	9	10	0	0	0	0	0	1	0	0	0
A	BL	2	83	9	1	BA1653	5762	10	2	0	0	0	0	0	0	0	0	0
A	BL	2	83	9	1	BA1653	5763	2	6	0	0	0	0	0	0	0	0	0
A	BL	2	83	9	1	BA1653	6004	6	8	2	0	1	0	0	0	0	0	0
A	BL	2	83	9	1	BA1653	6012	8	0	0	0	0	0	0	0	1	0	0
A	BL	2	83	9	1	BA1653	6014	8	7	0	0	0	0	0	0	0	0	0
A	BL	2	83	9	1	BA1653	6022	7	8	2	0	1	0	0	0	0	0	0
A	BL	2	83	9	1	BA1653	6026	8	0	0	0	0	0	0	0	1	0	0
A	BL	2	83	9	1	BA1653	6032	8	7	0	0	0	0	0	0	0	0	0
A	BL	2	83	9	1	BA1653	6042	7	8	2	0	1	0	0	0	0	0	0
A	BL	2	83	9	1	BA1653	6047	8	0	0	0	0	0	0	0	1	0	0
A	BL	2	83	9	1	BA1653	6052	8	7	0	0	1	0	0	0	0	0	0
A	BL	2	83	9	1	BA1653	6058	7	0	0	0	0	0	0	0	1	0	0
A	BL	2	83	9	1	BA1653	6114	7	8	2	0	1	0	0	0	0	0	0
A	BL	2	83	9	1	BA1653	6124	8	7	0	0	0	0	0	0	0	0	0
A	BL	2	83	9	1	BA1653	6151	7	0	0	0	0	0	0	0	1	0	0
A	BL	2	83	9	1	BA1653	6157	7	8	2	0	1	0	0	0	0	0	0
A	BL	2	83	9	1	BA1653	6167	8	7	0	0	0	0	0	0	0	0	0
A	BL	2	83	9	1	BA1653	6174	7	0	0	0	0	0	0	0	1	0	0
A	BL	2	83	9	1	BA1653	6186	7	8	2	0	1	0	0	0	0	0	0
A	BL	2	83	9	1	BA1653	6191	8	0	0	0	1	0	0	0	1	0	0
A	BL	2	83	9	1	BA1653	6196	8	7	0	0	0	0	0	0	0	0	0
A	BL	2	83	9	1	BA1653	6205	7	0	0	0	0	0	0	0	1	0	0
A	BL	2	83	9	1	BA1653	6207	7	8	2	0	1	0	0	0	0	0	0
A	BL	2	83	9	1	BA1653	6209	8	0	0	0	0	0	0	0	1	0	0
A	BL	2	83	9	1	BA1653	6217	8	7	0	0	0	0	0	0	0	0	0
A	BL	2	83	9	1	BA1653	6233	7	8	2	0	1	0	0	0	0	0	0
A	BL	2	83	9	1	BA1653	6238	8	0	0	0	0	0	0	0	1	0	0
A	BL	2	83	9	1	BA1653	6240	8	0	0	0	1	0	0	0	0	0	0
A	BL	2	83	9	1	BA1653	6241	8	0	0	0	0	0	0	0	1	0	0
A	BL	2	83	9	1	BA1653	6243	8	7	0	0	0	0	0	0	0	0	0
A	BL	2	83	9	1	BA1653	6244	7	8	2	0	1	0	0	0	0	0	0
A	BL	2	83	9	1	BA1653	6254	8	7	0	0	0	0	0	0	0	0	0
A	BL	2	83	9	1	BA1653	6274	7	0	0	0	0	0	0	0	1	0	0
A	BL	2	83	9	1	BA1653	6322	7	8	2	0	1	0	0	0	0	0	0
A	BL	2	83	9	1	BA1653	6332	8	9	0	0	0	0	0	0	0	0	0
A	BL	2	83	9	1	BA1653	6342	9	10	0	0	0	0	0	0	0	0	0
A	BL	2	83	9	1	BA1653	6352	10	0	0	0	0	0	0	0	1	0	0
A	BL	2	83	9	1	BA1653	6417	10	2	0	0	0	0	0	0	0	0	0
A	BL	2	83	9	1	BA1653	6418	2	6	0	0	0	0	0	0	0	0	0
A	BL	2	83	9	1	BA1653	6827	6	8	2	0	1	0	0	0	0	0	0
A	BL	2	83	9	1	BA1653	6837	8	7	0	0	0	0	0	0	0	0	0
A	BL	2	83	9	1	BA1653	6842	7	0	0	0	0	0	0	0	1	0	0
A	BL	2	83	9	1	BA1653	6855	7	8	2	0	1	0	0	0	0	0	0
A	BL	2	83	9	1	BA1653	6856	8	0	0	0	0	0	0	0	1	0	0
A	BL	2	83	9	1	BA1653	6865	8	7	0	0	0	0	0	0	0	0	0
A	BL	2	83	9	1	BA1653	6882	7	8	2	0	1	0	0	0	0	0	0
A	BL	2	83	9	1	BA1653	6886	8	0	0	0	0	0	0	0	1	0	0
A	BL	2	83	9	1	BA1653	6892	8	7	0	0	0	0	0	0	0	0	0
A	BL	2	83	9	1	BA1653	6917	7	8	2	0	1	0	0	0	0	0	0
A	BL	2	83	9	1	BA1653	6925	8	0	0	0	0	0	0	0	1	0	0
A	BL	2	83	9	1	BA1653	6927	8	7	0	0	0	0	0	0	0	0	0
A	BL	2	83	9	1	BA1653	6931	7	8	2	0	1	0	0	0	0	0	0
A	BL	2	83	9	1	BA1653	6935	8	0	0	0	0	0	0	0	1	0	0
A	BL	2	83	9	1	BA1653	6941	8	7	0	0	0	0	0	0	0	0	0
A	BL	2	83	9	1	BA1653	6943	7	8	2	0	1	0	0	0	0	0	0
A	BL	2	83	9	1	BA1653	6953	8	7	0	0	0	0	0	0	0	0	0
A	BL	2	83	9	1	BA1653	6965	7	0	0	0	0	0	0	0	1	0	0
A	BL	2	83	9	1	BA1653	6968	7	8	2	0	1	0	0	0	0	0	0
A	BL	2	83	9	1	BA1653	6972	8	0	0	0	0	0	0	0	1	0	0
A	BL	2	83	9	1	BA1653	6977	8	0	0	0	1	0	0	0	0	0	0
A	BL	2	83	9	1	BA1653	6978	8	7	0	0	0	0	0	0	0	0	0
A	BL	2	83	9	1	BA1653	7005	7	0	0	0	0	0	0	0	1	0	0
A	BL	2	83	9	1	BA1653	7011	7	8	2	0	1	0	0	0	0	0	0
A	BL	2	83	9	1	BA1653	7014	8	0	0	0	0	0	0	0	1	0	0
A	BL	2	83	9	1	BA1653	7018	8	0	0	0	1	0	0	0	0	0	0
A	BL	2	83	9	1	BA1653	7021	8	7	0	0	0	0	0	0	0	0	0
A	BL	2	83	9	1	BA1653	7022	7	0	0	0	0	0	0	0	1	0	0
A	BL	2	83	9	1	BA1653	7027	7	8	2	0	1	0	0	0	0	0	0
A	BL	2	83	9	1	BA1653	7030	8	0	0	0	0	0	0	0	1	0	0
A	BL	2	83	9	1	BA1653	7037	8	7	0	0	0	0	0	0	0	0	0
A	BL	2	83	9	1	BA1653	7047	7	8	2	0	1	0	0	0	0	0	0
A	BL	2	83	9	1	BA1653	7049	8	0	0	0	0	0	0	0	1	0	0
A	BL	2	83	9	1	BA1653	7057	8	9	0	0	0	0	0	0	0	0	0
A	BL	2	83	9	1	BA1653	7058	9	0	0	0	1	0	0	0	0	0	0
A	BL	2	83	9	1	BA1653	7067	9	10	0	0	0	0	0	0	0	0	0
A	BL	2	83	9	1	BA1653	7071	10	0	0	0	0	0	0	0	1	0	0
A	BL	2	83	9	1	BA1653	7142	10	2	0	0	0	0	0	0	0	0	0
A	BL	2	83	9	1	BA1653	7143	2	3	0	0	0	0	0	0	0	0	0
A	BL	2	83	9	1	BA1653	7257	3	5	1	1	0	0	0	0	0	0	0
A	BL	2	83	9	1	BA1653	7267	5	4	0	0	0	0	0	0	0	0	0
A	BL	2	83	9	1	BA1653	7269	4	0	0	0	0	0	0	1	0	0	0
A	BL	2	83	9	1	BA1653	7289	4	5	1	1	0	0	0	0	0	0	0
A	BL	2	83	9	1	BA1653	7295	5	0	0	0	0	0	0	1	0	0	0
A	BL	2	83	9	1	BA1653	7299	5	4	0	0	0	0	0	0	0	0	0
A	BL	2	83	9	1	BA1653	7324	4	5	1	1	0	0	0	0	0	0	0
A	BL	2	83	9	1	BA1653	7329	5	0	0	0	0	0	0	1	0	0	0
A	BL	2	83	9	1	BA1653	7334	5	4	0	0	0	0	0	0	0	0	0
A	BL	2	83	9	1	BA1653	7452	4	5	1	1	0	0	0	0	0	0	0
A	BL	2	83	9	1	BA1653	7462	5	4	0	0	0	0	0	0	0	0	0
A	BL	2	83	9	1	BA1653	7485	4	0	0	0	0	0	0	1	0	0	0
A	BL	2	83	9	1	BA1653	7537	4	5	1	1	0	0	0	0	0	0	0
A	BL	2	83	9	1	BA1653	7547	5	9	0	0	0	0	0	0	0	0	0
A	BL	2	83	9	1	BA1653	7557	9	10	0	0	0	0	0	0	0	0	0
A	BL	2	83	9	1	BA1653	7560	10	0	0	0	0	0	0	1	0	0	0
A	BL	2	83	9	1	BA1653	7632	10	2	0	0	0	0	0	0	0	0	0
A	BL	2	83	9	1	BA1653	7633	2	3	0	0	0	0	0	0	0	0	0
A	BL	2	83	9	1	BA1653	7723	3	5	1	1	0	0	0	0	0	0	0
A	BL	2	83	9	1	BA1653	7733	5	4	0	0	0	0	0	0	0	0	0
A	BL	2	83	9	1	BA1653	7768	4	0	0	0	0	0	0	1	0	0	0
A	BL	2	83	9	1	BA1653	7887	4	5	1	1	0	0	0	0	0	0	0
A	BL	2	83	9	1	BA1653	7897	5	4	0	0	0	0	0	0	0	0	0
A	BL	2	83	9	1	BA1653	7904	4	0	0	0	0	0	0	1	0	0	0
A	BL	2	83	9	1	BA1653	7952	4	5	1	1	0	0	0	0	0	0	0
A	BL	2	83	9	1	BA1653	7962	5	4	0	0	0	0	0	0	0	0	0
A	BL	2	83	9	1	BA1653	8008	4	0	0	0	0	0	0	1	0	0	0
A	BL	2	83	9	1	BA1653	8044	4	5	1	1	0	0	0	0	0	0	0
A	BL	2	83	9	1	BA1653	8054	5	4	0	0	0	0	0	0	0	0	0
A	BL	2	83	9	1	BA1653	8096	4	0	0	0	0	0	0	1	0	0	0
A	BL	2	83	9	1	BA1653	8108	4	5	1	1	0	0	0	0	0	0	0
A	BL	2	83	9	1	BA1653	8118	5	9	0	0	0	0	0	0	0	0	0
A	BL	2	83	9	1	BA1653	8128	9	10	0	0	0	0	0	0	0	0	0
A	BL	2	83	9	1	BA1653	8130	10	0	0	0	0	0	0	1	0	0	0
A	BL	2	83	9	1	BA1653	8203	10	2	0	0	0	0	0	0	0	0	0
A	BL	2	83	9	1	BA1653	8204	2	6	0	0	0	0	0	0	0	0	0
A	BL	2	83	9	1	BA1653	8519	6	8	2	0	1	0	0	0	0	0	0
A	BL	2	83	9	1	BA1653	8529	8	7	0	0	0	0	0	0	0	0	0
A	BL	2	83	9	1	BA1653	8544	7	0	0	0	0	0	0	0	1	0	0
A	BL	2	83	9	1	BA1653	8554	7	8	2	0	1	0	0	0	0	0	0
A	BL	2	83	9	1	BA1653	8564	8	7	0	0	0	0	0	0	0	0	0
A	BL	2	83	9	1	BA1653	8571	7	0	0	0	0	0	0	0	1	0	0
A	BL	2	83	9	1	BA1653	8644	7	8	2	0	1	0	0	0	0	0	0
A	BL	2	83	9	1	BA1653	8649	8	0	0	0	0	0	0	0	1	0	0
A	BL	2	83	9	1	BA1653	8654	8	7	0	0	0	0	0	0	0	0	0
A	BL	2	83	9	1	BA1653	8660	7	8	2	0	1	0	0	0	0	0	0
A	BL	2	83	9	1	BA1653	8665	8	0	0	0	0	0	0	0	1	0	0
A	BL	2	83	9	1	BA1653	8670	8	7	0	0	0	0	0	0	0	0	0
A	BL	2	83	9	1	BA1653	8677	7	8	2	0	1	0	0	0	0	0	0
A	BL	2	83	9	1	BA1653	8680	8	0	0	0	0	0	0	0	1	0	0
A	BL	2	83	9	1	BA1653	8687	8	7	0	0	0	0	0	0	0	0	0
A	BL	2	83	9	1	BA1653	8689	7	8	2	0	1	0	0	0	0	0	0
A	BL	2	83	9	1	BA1653	8693	8	0	0	0	0	0	0	0	1	0	0
A	BL	2	83	9	1	BA1653	8699	8	7	0	0	0	0	0	0	0	0	0
A	BL	2	83	9	1	BA1653	8712	7	8	2	0	1	0	0	0	0	0	0
A	BL	2	83	9	1	BA1653	8722	8	7	0	0	0	0	0	0	0	0	0
A	BL	2	83	9	1	BA1653	8742	7	0	0	0	0	0	0	0	1	0	0
A	BL	2	83	9	1	BA1653	8753	7	8	2	0	1	0	0	0	0	0	0
A	BL	2	83	9	1	BA1653	8763	8	7	0	0	0	0	0	0	0	0	0
A	BL	2	83	9	1	BA1653	8779	7	0	0	0	0	0	0	0	1	0	0
A	BL	2	83	9	1	BA1653	8800	7	8	2	0	1	0	0	0	0	0	0
A	BL	2	83	9	1	BA1653	8802	8	0	0	0	0	0	0	0	1	0	0
A	BL	2	83	9	1	BA1653	8806	8	0	0	0	1	0	0	0	0	0	0
A	BL	2	83	9	1	BA1653	8810	8	7	0	0	0	0	0	0	0	0	0
A	BL	2	83	9	1	BA1653	8817	7	0	0	0	0	0	0	0	1	0	0
A	BL	2	83	9	1	BA1653	8825	7	8	2	0	1	0	0	0	0	0	0
A	BL	2	83	9	1	BA1653	8835	8	9	0	0	0	0	0	0	1	0	0
A	BL	2	83	9	1	BA1653	8845	9	10	0	0	0	0	0	0	0	0	0
A	BL	2	83	9	1	BA1653	8920	10	2	0	0	0	0	0	0	0	0	0
A	BL	2	83	9	1	BA1653	8921	2	6	0	0	0	0	0	0	0	0	0
A	BL	2	83	9	1	BA1653	9240	6	8	2	0	1	0	0	0	0	0	0
A	BL	2	83	9	1	BA1653	9245	8	0	0	0	0	0	0	0	1	0	0
A	BL	2	83	9	1	BA1653	9250	8	7	0	0	0	0	0	0	0	0	0
A	BL	2	83	9	1	BA1653	9329	7	8	2	0	1	0	0	0	0	0	0
A	BL	2	83	9	1	BA1653	9339	8	7	0	0	0	0	0	0	0	0	0
A	BL	2	83	9	1	BA1653	9345	7	0	0	0	0	0	0	0	1	0	0
A	BL	2	83	9	1	BA1653	9430	7	8	2	0	1	0	0	0	0	0	0
A	BL	2	83	9	1	BA1653	9440	8	7	0	0	0	0	0	0	0	0	0
A	BL	2	83	9	1	BA1653	9456	7	0	0	0	0	0	0	0	1	0	0
A	BL	2	83	9	1	BA1653	9460	7	8	2	0	1	0	0	0	0	0	0
A	BL	2	83	9	1	BA1653	9470	8	7	0	0	0	0	0	0	0	0	0
A	BL	2	83	9	1	BA1653	9471	7	0	0	0	0	0	0	0	1	0	0
A	BL	2	83	9	1	BA1653	9492	7	8	2	0	1	0	0	0	0	0	0
A	BL	2	83	9	1	BA1653	9495	8	0	0	0	0	0	0	0	1	0	0
A	BL	2	83	9	1	BA1653	9502	8	7	0	0	0	0	0	0	0	0	0
A	BL	2	83	9	1	BA1653	9503	7	8	2	0	1	0	0	0	0	0	0
A	BL	2	83	9	1	BA1653	9508	8	0	0	0	0	0	0	0	1	0	0
A	BL	2	83	9	1	BA1653	9513	8	7	0	0	0	0	0	0	0	0	0
A	BL	2	83	9	1	BA1653	9514	7	8	2	0	1	0	0	0	0	0	0
A	BL	2	83	9	1	BA1653	9524	8	7	0	0	0	0	0	0	0	0	0
A	BL	2	83	9	1	BA1653	9541	7	0	0	0	0	0	0	0	1	0	0
A	BL	2	83	9	1	BA1653	9603	7	8	2	0	1	0	0	0	0	0	0
A	BL	2	83	9	1	BA1653	9613	8	7	0	0	0	0	0	0	0	0	0
A	BL	2	83	9	1	BA1653	9671	7	0	0	0	0	0	0	0	1	0	0
A	BL	2	83	9	1	BA1653	9728	7	8	2	0	1	0	0	0	0	0	0
A	BL	2	83	9	1	BA1653	9738	8	7	0	0	0	0	0	0	0	0	0
A	BL	2	83	9	1	BA1653	9746	7	0	0	0	0	0	0	0	1	0	0
A	BL	2	83	9	1	BA1653	9826	7	8	2	0	1	0	0	0	0	0	0
A	BL	2	83	9	1	BA1653	9836	8	9	0	0	0	0	0	0	0	0	0
A	BL	2	83	9	1	BA1653	9846	9	10	0	0	0	0	0	0	1	0	0
A	BL	2	83	9	1	BA1653	9921	10	2	0	0	0	0	0	0	0	0	0
A	BL	2	83	9	1	BA1653	9922	2	6	0	0	0	0	0	0	0	0	0
A	BL	2	83	9	1	BA1653	10273	6	8	2	0	1	0	0	0	0	0	0
A	BL	2	83	9	1	BA1653	10274	8	0	0	0	0	0	0	0	1	0	0
A	BL	2	83	9	1	BA1653	10283	8	7	0	0	0	0	0	0	0	0	0
A	BL	2	83	9	1	BA1653	10292	7	8	2	0	1	0	0	0	0	0	0
A	BL	2	83	9	1	BA1653	10302	8	7	0	0	0	0	0	0	0	0	0
A	BL	2	83	9	1	BA1653	10325	7	0	0	0	0	0	0	0	1	0	0
A	BL	2	83	9	1	BA1653	10334	7	8	2	0	1	0	0	0	0	0	0
A	BL	2	83	9	1	BA1653	10335	8	0	0	0	0	0	0	0	1	0	0
A	BL	2	83	9	1	BA1653	10344	8	7	0	0	0	0	0	0	0	0	0
A	BL	2	83	9	1	BA1653	10374	7	8	2	0	1	0	0	0	0	0	0
A	BL	2	83	9	1	BA1653	10379	8	0	0	0	0	0	0	0	1	0	0
A	BL	2	83	9	1	BA1653	10383	8	0	0	0	1	0	0	0	0	0	0
A	BL	2	83	9	1	BA1653	10384	8	7	0	0	0	0	0	0	0	0	0
A	BL	2	83	9	1	BA1653	10428	7	0	0	0	0	0	0	0	1	0	0
A	BL	2	83	9	1	BA1653	10450	7	8	2	0	1	0	0	0	0	0	0
A	BL	2	83	9	1	BA1653	10455	8	0	0	0	0	0	0	0	1	0	0
A	BL	2	83	9	1	BA1653	10460	8	7	0	0	0	0	0	0	0	0	0
A	BL	2	83	9	1	BA1653	10490	7	8	2	0	1	0	0	0	0	0	0
A	BL	2	83	9	1	BA1653	10500	8	7	0	0	0	0	0	0	0	0	0
A	BL	2	83	9	1	BA1653	10539	7	0	0	0	0	0	0	0	1	0	0
A	BL	2	83	9	1	BA1653	10621	7	8	2	0	1	0	0	0	0	0	0
A	BL	2	83	9	1	BA1653	10625	8	0	0	0	0	0	0	0	1	0	0
A	BL	2	83	9	1	BA1653	10626	8	0	0	0	1	0	0	0	0	0	0
A	BL	2	83	9	1	BA1653	10631	8	7	0	0	0	0	0	0	0	0	0
A	BL	2	83	9	1	BA1653	10664	7	0	0	0	0	0	0	0	1	0	0
A	BL	2	83	9	1	BA1653	10709	7	8	2	0	1	0	0	0	0	0	0
A	BL	2	83	9	1	BA1653	10719	8	7	0	0	0	0	0	0	0	0	0
A	BL	2	83	9	1	BA1653	10736	7	0	0	0	0	0	0	0	1	0	0
A	BL	2	83	9	1	BA1653	10738	7	8	2	0	1	0	0	0	0	0	0
A	BL	2	83	9	1	BA1653	10748	8	7	0	0	0	0	0	0	0	0	0
A	BL	2	83	9	1	BA1653	10780	7	0	0	0	0	0	0	0	1	0	0
A	BL	2	83	9	1	BA1653	10824	7	8	2	0	1	0	0	0	0	0	0
A	BL	2	83	9	1	BA1653	10834	8	9	0	0	0	0	0	0	0	0	0
A	BL	2	83	9	1	BA1653	10844	9	10	0	0	0	0	0	0	0	0	0
A	BL	2	83	9	1	BA1653	10849	10	0	0	0	0	0	0	0	1	0	0
A	BL	2	83	9	1	BA1653	10919	10	2	0	0	0	0	0	0	0	0	0
A	BL	2	83	9	1	BA1653	10920	2	3	0	0	0	0	0	0	0	0	0
A	BL	2	83	9	1	BA1653	11076	3	5	1	1	0	0	0	0	0	0	0
A	BL	2	83	9	1	BA1653	11086	5	4	0	0	0	0	0	0	0	0	0
A	BL	2	83	9	1	BA1653	11092	4	0	0	0	0	0	0	1	0	0	0
A	BL	2	83	9	1	BA1653	11350	4	5	1	1	0	0	0	0	0	0	0
A	BL	2	83	9	1	BA1653	11351	5	0	0	0	0	0	0	1	0	0	0
A	BL	2	83	9	1	BA1653	11360	5	4	0	0	0	0	0	0	0	0	0
A	BL	2	83	9	1	BA1653	11365	4	5	1	1	0	0	0	0	0	0	0
A	BL	2	83	9	1	BA1653	11375	5	4	0	0	0	0	0	1	0	0	0
A	BL	2	83	9	1	BA1653	14083	4	5	1	1	0	0	0	0	0	0	0
A	BL	2	83	9	1	BA1653	14093	5	4	0	0	0	0	0	0	0	0	0
A	BL	2	83	9	1	BA1653	14104	4	0	0	0	0	0	0	1	0	0	0
A	BL	2	83	9	1	BA1653	14511	4	5	1	1	0	0	0	0	0	0	0
A	BL	2	83	9	1	BA1653	14513	5	0	0	0	0	0	0	1	0	0	0
A	BL	2	83	9	1	BA1653	14521	5	9	0	0	0	0	0	0	0	0	0
A	BL	2	83	9	1	BA1653	14531	9	10	0	0	0	0	0	0	0	0	0
A	BL	2	83	9	1	BA1653	14606	10	2	0	0	0	0	0	0	0	0	0
A	BL	2	83	9	1	BA1653	14607	2	3	0	0	0	0	0	0	0	0	0
A	BL	2	83	9	1	BA1653	14797	3	5	1	1	0	0	0	0	0	0	0
A	BL	2	83	9	1	BA1653	14807	5	4	0	0	0	0	0	0	0	0	0
A	BL	2	83	9	1	BA1653	14823	4	0	0	0	0	0	0	1	0	0	0
A	BL	2	83	9	1	BA1653	14899	4	5	1	1	0	0	0	0	0	0	0
A	BL	2	83	9	1	BA1653	14909	5	4	0	0	0	0	0	0	0	0	0
A	BL	2	83	9	1	BA1653	14921	4	0	0	0	0	0	0	1	0	0	0
A	BL	2	83	9	1	BA1653	14977	4	5	1	1	0	0	0	0	0	0	0
A	BL	2	83	9	1	BA1653	14987	5	4	0	0	0	0	0	0	0	0	0
A	BL	2	83	9	1	BA1653	15021	4	0	0	0	0	0	0	1	0	0	0
A	BL	2	83	9	1	BA1653	15046	4	5	1	1	0	0	0	0	0	0	0
A	BL	2	83	9	1	BA1653	15056	5	4	0	0	0	0	0	0	0	0	0
A	BL	2	83	9	1	BA1653	15078	4	0	0	0	0	0	0	1	0	0	0
A	BL	2	83	9	1	BA1653	15139	4	5	1	1	0	0	0	0	0	0	0
A	BL	2	83	9	1	BA1653	15149	5	9	0	0	0	0	0	0	0	0	0
A	BL	2	83	9	1	BA1653	15159	9	10	0	0	0	0	0	0	0	0	0
A	BL	2	83	9	1	BA1653	15162	10	0	0	0	0	0	0	1	0	0	0
A	BL	2	83	9	1	BA1653	15234	10	2	0	0	0	0	0	0	0	0	0
A	BL	2	83	9	1	BA1653	15235	2	6	0	0	0	0	0	0	0	0	0
A	BL	2	83	9	1	BA1653	15640	6	8	2	0	1	0	0	0	0	0	0
A	BL	2	83	9	1	BA1653	15650	8	7	0	0	0	0	0	0	0	0	0
A	BL	2	83	9	1	BA1653	15651	7	0	0	0	0	0	0	0	1	0	0
A	BL	2	83	9	1	BA1653	15808	7	8	2	0	1	0	0	0	0	0	0
A	BL	2	83	9	1	BA1653	15818	8	7	0	0	0	0	0	0	0	0	0
A	BL	2	83	9	1	BA1653	15833	7	0	0	0	0	0	0	0	1	0	0
A	BL	2	83	9	1	BA1653	15888	7	8	2	0	1	0	0	0	0	0	0
A	BL	2	83	9	1	BA1653	15889	8	0	0	0	0	0	0	0	1	0	0
A	BL	2	83	9	1	BA1653	15898	8	7	0	0	0	0	0	0	0	0	0
A	BL	2	83	9	1	BA1653	15917	7	8	2	0	1	0	0	0	0	0	0
A	BL	2	83	9	1	BA1653	15921	8	0	0	0	0	0	0	0	1	0	0
A	BL	2	83	9	1	BA1653	15923	8	0	0	0	1	0	0	0	0	0	0
A	BL	2	83	9	1	BA1653	15927	8	7	0	0	0	0	0	0	0	0	0
A	BL	2	83	9	1	BA1653	15929	7	0	0	0	0	0	0	0	1	0	0
A	BL	2	83	9	1	BA1653	15987	7	8	2	0	1	0	0	0	0	0	0
A	BL	2	83	9	1	BA1653	15997	8	7	0	0	0	0	0	0	0	0	0
A	BL	2	83	9	1	BA1653	16002	7	0	0	0	0	0	0	0	1	0	0
A	BL	2	83	9	1	BA1653	16110	7	8	2	0	1	0	0	0	0	0	0
A	BL	2	83	9	1	BA1653	16120	8	7	0	0	0	0	0	0	0	0	0
A	BL	2	83	9	1	BA1653	16167	7	0	0	0	0	0	0	0	1	0	0
A	BL	2	83	9	1	BA1653	16228	7	8	2	0	1	0	0	0	0	0	0
A	BL	2	83	9	1	BA1653	16238	8	7	0	0	0	0	0	0	0	0	0
A	BL	2	83	9	1	BA1653	16289	7	0	0	0	0	0	0	0	1	0	0
A	BL	2	83	9	1	BA1653	16297	7	8	2	0	1	0	0	0	0	0	0
A	BL	2	83	9	1	BA1653	16303	8	0	0	0	0	0	0	0	1	0	0
A	BL	2	83	9	1	BA1653	16304	8	0	0	0	1	0	0	0	0	0	0
A	BL	2	83	9	1	BA1653	16307	8	7	0	0	0	0	0	0	0	0	0
A	BL	2	83	9	1	BA1653	16311	7	0	0	0	0	0	0	0	1	0	0
A	BL	2	83	9	1	BA1653	16316	7	8	2	0	1	0	0	0	0	0	0
A	BL	2	83	9	1	BA1653	16326	8	7	0	0	0	0	0	0	0	0	0
A	BL	2	83	9	1	BA1653	16337	7	0	0	0	0	0	0	0	1	0	0
A	BL	2	83	9	1	BA1653	16366	7	8	2	0	1	0	0	0	0	0	0
A	BL	2	83	9	1	BA1653	16368	8	0	0	0	0	0	0	0	1	0	0
A	BL	2	83	9	1	BA1653	16376	8	9	0	0	0	0	0	0	0	0	0
A	BL	2	83	9	1	BA1653	16386	9	10	0	0	0	0	0	0	0	0	0
A	BL	2	83	9	1	BA1653	16461	10	2	0	0	0	0	0	0	0	0	0
A	BL	2	83	9	1	BA1653	16462	2	6	0	0	0	0	0	0	0	0	0
A	BL	2	83	9	1	BA1653	16961	6	8	2	0	1	0	0	0	0	0	0
A	BL	2	83	9	1	BA1653	16971	8	7	0	0	0	0	0	0	0	0	0
A	BL	2	83	9	1	BA1653	16973	7	0	0	0	0	0	0	0	1	0	0
A	BL	2	83	9	1	BA1653	16988	7	8	2	0	1	0	0	0	0	0	0
A	BL	2	83	9	1	BA1653	16993	8	0	0	0	0	0	0	0	1	0	0
A	BL	2	83	9	1	BA1653	16998	8	7	0	0	0	0	0	0	0	0	0
A	BL	2	83	9	1	BA1653	17000	7	8	2	0	1	0	0	0	0	0	0
A	BL	2	83	9	1	BA1653	17004	8	0	0	0	0	0	0	0	1	0	0
A	BL	2	83	9	1	BA1653	17010	8	7	0	0	0	0	0	0	0	0	0
A	BL	2	83	9	1	BA1653	17020	7	8	2	0	1	0	0	0	0	0	0
A	BL	2	83	9	1	BA1653	17025	8	0	0	0	0	0	0	0	1	0	0
A	BL	2	83	9	1	BA1653	17027	8	0	0	0	1	0	0	0	0	0	0
A	BL	2	83	9	1	BA1653	17030	8	7	0	0	0	0	0	0	0	0	0
A	BL	2	83	9	1	BA1653	17049	7	0	0	0	0	0	0	0	1	0	0
A	BL	2	83	9	1	BA1653	17054	7	8	2	0	1	0	0	0	0	0	0
A	BL	2	83	9	1	BA1653	17061	8	0	0	0	0	0	0	0	1	0	0
A	BL	2	83	9	1	BA1653	17064	8	7	0	0	0	0	0	0	0	0	0
A	BL	2	83	9	1	BA1653	17102	7	8	2	0	1	0	0	0	0	0	0
A	BL	2	83	9	1	BA1653	17112	8	7	0	0	0	0	0	0	0	0	0
A	BL	2	83	9	1	BA1653	17125	7	0	0	0	0	0	0	0	1	0	0
A	BL	2	83	9	1	BA1653	17126	7	8	2	0	1	0	0	0	0	0	0
A	BL	2	83	9	1	BA1653	17136	8	7	0	0	0	0	0	0	0	0	0
A	BL	2	83	9	1	BA1653	17142	7	0	0	0	0	0	0	0	1	0	0
A	BL	2	83	9	1	BA1653	17168	7	8	2	0	1	0	0	0	0	0	0
A	BL	2	83	9	1	BA1653	17173	8	0	0	0	0	0	0	0	1	0	0
A	BL	2	83	9	1	BA1653	17178	8	7	0	0	0	0	0	0	0	0	0
A	BL	2	83	9	1	BA1653	17179	7	8	2	0	1	0	0	0	0	0	0
A	BL	2	83	9	1	BA1653	17189	8	7	0	0	0	0	0	0	0	0	0
A	BL	2	83	9	1	BA1653	17192	7	0	0	0	0	0	0	0	1	0	0
A	BL	2	83	9	1	BA1653	17203	7	8	2	0	1	0	0	0	0	0	0
A	BL	2	83	9	1	BA1653	17213	8	9	0	0	0	0	0	0	0	0	0
A	BL	2	83	9	1	BA1653	17223	9	10	0	0	0	0	0	0	0	0	0
A	BL	2	83	9	1	BA1653	17225	10	0	0	0	0	0	0	0	1	0	0
A	BL	2	83	9	1	BA1653	17298	10	2	0	0	0	0	0	0	0	0	0
A	BL	2	83	9	1	BA1653	17299	2	6	0	0	0	0	0	0	0	0	0
A	BL	2	83	9	1	BA1653	17546	6	8	2	0	1	0	0	0	0	0	0
A	BL	2	83	9	1	BA1653	17556	8	7	0	0	0	0	0	0	0	0	0
A	BL	2	83	9	1	BA1653	17576	7	0	0	0	0	0	0	0	1	0	0
A	BL	2	83	9	1	BA1653	17645	7	8	2	0	1	0	0	0	0	0	0
A	BL	2	83	9	1	BA1653	17655	8	7	0	0	0	0	0	0	0	0	0
A	BL	2	83	9	1	BA1653	17660	7	0	0	0	0	0	0	0	1	0	0
A	BL	2	83	9	1	BA1653	17666	7	8	2	0	1	0	0	0	0	0	0
A	BL	2	83	9	1	BA1653	17676	8	7	0	0	0	0	0	0	0	0	0
A	BL	2	83	9	1	BA1653	17684	7	0	0	0	0	0	0	0	1	0	0
A	BL	2	83	9	1	BA1653	17687	7	8	2	0	1	0	0	0	0	0	0
A	BL	2	83	9	1	BA1653	17697	8	7	0	0	0	0	0	0	0	0	0
A	BL	2	83	9	1	BA1653	17703	7	0	0	0	0	0	0	0	1	0	0
A	BL	2	83	9	1	BA1653	17730	7	8	2	0	1	0	0	0	0	0	0
A	BL	2	83	9	1	BA1653	17740	8	7	0	0	0	0	0	0	1	0	0
A	BL	2	83	9	1	BA1653	17742	7	8	2	0	1	0	0	0	0	0	0
A	BL	2	83	9	1	BA1653	17752	8	7	0	0	0	0	0	0	0	0	0
A	BL	2	83	9	1	BA1653	17753	7	0	0	0	0	0	0	0	1	0	0
A	BL	2	83	9	1	BA1653	17765	7	8	2	0	1	0	0	0	0	0	0
A	BL	2	83	9	1	BA1653	17775	8	7	0	0	0	0	0	0	0	0	0
A	BL	2	83	9	1	BA1653	17809	7	0	0	0	0	0	0	0	1	0	0
A	BL	2	83	9	1	BA1653	17850	7	8	2	0	1	0	0	0	0	0	0
A	BL	2	83	9	1	BA1653	17860	8	7	0	0	0	0	0	0	0	0	0
A	BL	2	83	9	1	BA1653	17890	7	0	0	0	0	0	0	0	1	0	0
A	BL	2	83	9	1	BA1653	17964	7	8	2	0	1	0	0	0	0	0	0
A	BL	2	83	9	1	BA1653	17974	8	7	0	0	0	0	0	0	0	0	0
A	BL	2	83	9	1	BA1653	17999	7	0	0	0	0	0	0	0	1	0	0
A	BL	2	83	9	1	BA1653	18020	7	8	2	0	1	0	0	0	0	0	0
A	BL	2	83	9	1	BA1653	18025	8	0	0	0	0	0	0	0	1	0	0
A	BL	2	83	9	1	BA1653	18028	8	0	0	0	1	0	0	0	0	0	0
A	BL	2	83	9	1	BA1653	18030	8	9	0	0	0	0	0	0	0	0	0
A	BL	2	83	9	1	BA1653	18036	9	0	0	0	0	0	0	0	1	0	0
A	BL	2	83	9	1	BA1653	18040	9	10	0	0	0	0	0	0	0	0	0
A	BL	2	83	9	1	BA1653	18115	10	2	0	0	0	0	0	0	0	0	0
A	BL	2	83	9	1	BA1653	18116	2	3	0	0	0	0	0	0	0	0	0
A	BL	2	83	9	1	BA1653	18472	3	5	1	1	0	0	0	0	0	0	0
A	BL	2	83	9	1	BA1653	18482	5	4	0	0	0	0	0	0	0	0	0
A	BL	2	83	9	1	BA1653	18492	4	0	0	0	0	0	0	1	0	0	0
A	BL	2	83	9	1	BA1653	18616	4	5	1	1	0	0	0	0	0	0	0
A	BL	2	83	9	1	BA1653	18623	5	0	0	0	0	0	0	1	0	0	0
A	BL	2	83	9	1	BA1653	18626	5	4	0	0	0	0	0	0	0	0	0
A	BL	2	83	9	1	BA1653	18667	4	5	1	1	0	0	0	0	0	0	0
A	BL	2	83	9	1	BA1653	18677	5	4	0	0	0	0	0	0	0	0	0
A	BL	2	83	9	1	BA1653	18698	4	0	0	0	0	0	0	1	0	0	0
A	BL	2	83	9	1	BA1653	18754	4	5	1	1	0	0	0	0	0	0	0
A	BL	2	83	9	1	BA1653	18764	5	4	0	0	0	0	0	0	0	0	0
A	BL	2	83	9	1	BA1653	18784	4	0	0	0	0	0	0	1	0	0	0
A	BL	2	83	9	1	BA1653	18787	4	5	1	1	0	0	0	0	0	0	0
A	BL	2	83	9	1	BA1653	18797	5	9	0	0	0	0	0	0	0	0	0
A	BL	2	83	9	1	BA1653	18807	9	10	0	0	0	0	0	1	0	0	0
A	BL	2	83	9	1	BA1653	18882	10	2	0	0	0	0	0	0	0	0	0
A	BL	2	83	9	1	BA1653	18883	2	3	0	0	0	0	0	0	0	0	0
A	BL	2	83	9	1	BA1653	19030	3	5	1	1	0	0	0	0	0	0	0
A	BL	2	83	9	1	BA1653	19040	5	4	0	0	0	0	0	0	0	0	0
A	BL	2	83	9	1	BA1653	19051	4	0	0	0	0	0	0	1	0	0	0
A	BL	2	83	9	1	BA1653	19157	4	5	1	1	0	0	0	0	0	0	0
A	BL	2	83	9	1	BA1653	19167	5	4	0	0	0	0	0	0	0	0	0
A	BL	2	83	9	1	BA1653	19199	4	0	0	0	0	0	0	1	0	0	0
A	BL	2	83	9	1	BA1653	19262	4	5	1	1	0	0	0	0	0	0	0
A	BL	2	83	9	1	BA1653	19272	5	4	0	0	0	0	0	0	0	0	0
A	BL	2	83	9	1	BA1653	19285	4	0	0	0	0	0	0	1	0	0	0
A	BL	2	83	9	1	BA1653	19336	4	5	1	1	0	0	0	0	0	0	0
A	BL	2	83	9	1	BA1653	19346	5	4	0	0	0	0	0	0	0	0	0
A	BL	2	83	9	1	BA1653	19386	4	0	0	0	0	0	0	1	0	0	0
A	BL	2	83	9	1	BA1653	19441	4	5	1	1	0	0	0	0	0	0	0
A	BL	2	83	9	1	BA1653	19451	5	9	0	0	0	0	0	0	0	0	0
A	BL	2	83	9	1	BA1653	19461	9	10	0	0	0	0	0	0	0	0	0
A	BL	2	83	9	1	BA1653	19463	10	0	0	0	0	0	0	1	0	0	0
A	BL	2	83	9	1	BA1653	19536	10	2	0	0	0	0	0	0	0	0	0
A	BL	2	83	9	1	BA1653	19537	2	6	0	0	0	0	0	0	0	0	0
A	BL	2	83	9	1	BA1653	19960	6	8	2	0	1	0	0	0	0	0	0
A	BL	2	83	9	1	BA1653	19967	8	0	0	0	0	0	0	0	1	0	0
A	BL	2	83	9	1	BA1653	19970	8	7	0	0	0	0	0	0	0	0	0
A	BL	2	83	9	1	BA1653	20008	7	8	2	0	1	0	0	0	0	0	0
A	BL	2	83	9	1	BA1653	20011	8	0	0	0	0	0	0	0	1	0	0
A	BL	2	83	9	1	BA1653	20018	8	7	0	0	0	0	0	0	0	0	0
A	BL	2	83	9	1	BA1653	20044	7	8	2	0	1	0	0	0	0	0	0
A	BL	2	83	9	1	BA1653	20053	8	0	0	0	0	0	0	0	1	0	0
A	BL	2	83	9	1	BA1653	20054	8	7	0	0	1	0	0	0	0	0	0
A	BL	2	83	9	1	BA1653	20058	7	0	0	0	0	0	0	0	1	0	0
A	BL	2	83	9	1	BA1653	20175	7	8	2	0	1	0	0	0	0	0	0
A	BL	2	83	9	1	BA1653	20185	8	7	0	0	0	0	0	0	0	0	0
A	BL	2	83	9	1	BA1653	20191	7	0	0	0	0	0	0	0	1	0	0
A	BL	2	83	9	1	BA1653	20204	7	8	2	0	1	0	0	0	0	0	0
A	BL	2	83	9	1	BA1653	20208	8	0	0	0	0	0	0	0	1	0	0
A	BL	2	83	9	1	BA1653	20214	8	7	0	0	0	0	0	0	0	0	0
A	BL	2	83	9	1	BA1653	20275	7	8	2	0	1	0	0	0	0	0	0
A	BL	2	83	9	1	BA1653	20285	8	7	0	0	0	0	0	0	0	0	0
A	BL	2	83	9	1	BA1653	20306	7	0	0	0	0	0	0	0	1	0	0
A	BL	2	83	9	1	BA1653	20424	7	8	2	0	1	0	0	0	0	0	0
A	BL	2	83	9	1	BA1653	20426	8	0	0	0	0	0	0	0	1	0	0
A	BL	2	83	9	1	BA1653	20429	8	0	0	0	1	0	0	0	0	0	0
A	BL	2	83	9	1	BA1653	20434	8	7	0	0	0	0	0	0	0	0	0
A	BL	2	83	9	1	BA1653	20450	7	0	0	0	0	0	0	0	1	0	0
A	BL	2	83	9	1	BA1653	20534	7	8	2	0	1	0	0	0	0	0	0
A	BL	2	83	9	1	BA1653	20538	8	0	0	0	0	0	0	0	1	0	0
A	BL	2	83	9	1	BA1653	20539	8	0	0	0	1	0	0	0	0	0	0
A	BL	2	83	9	1	BA1653	20544	8	7	0	0	0	0	0	0	0	0	0
A	BL	2	83	9	1	BA1653	20556	7	0	0	0	0	0	0	0	1	0	0
A	BL	2	83	9	1	BA1653	20578	7	8	2	0	1	0	0	0	0	0	0
A	BL	2	83	9	1	BA1653	20583	8	0	0	0	0	0	0	0	1	0	0
A	BL	2	83	9	1	BA1653	20588	8	7	0	0	0	0	0	0	0	0	0
A	BL	2	83	9	1	BA1653	20604	7	8	2	0	1	0	0	0	0	0	0
A	BL	2	83	9	1	BA1653	20614	8	9	0	0	0	0	0	0	0	0	0
A	BL	2	83	9	1	BA1653	20624	9	10	0	0	0	0	0	0	0	0	0
A	BL	2	83	9	1	BA1653	20631	10	0	0	0	0	0	0	0	1	0	0
A	BL	2	83	9	1	BA1653	20699	10	2	0	0	0	0	0	0	0	0	0
A	BL	2	83	9	1	BA1653	20700	2	3	0	0	0	0	0	0	0	0	0
A	BL	2	83	9	1	BA1653	20912	3	5	1	1	0	0	0	0	0	0	0
A	BL	2	83	9	1	BA1653	20922	5	4	0	0	0	0	0	0	0	0	0
A	BL	2	83	9	1	BA1653	20946	4	0	0	0	0	0	0	1	0	0	0
A	BL	2	83	9	1	BA1653	21196	4	5	1	1	0	0	0	0	0	0	0
A	BL	2	83	9	1	BA1653	21206	5	4	0	0	0	0	0	0	0	0	0
A	BL	2	83	9	1	BA1653	21211	4	0	0	0	0	0	0	1	0	0	0
A	BL	2	83	9	1	BA1653	21256	4	5	1	1	0	0	0	0	0	0	0
A	BL	2	83	9	1	BA1653	21266	5	4	0	0	0	0	0	0	0	0	0
A	BL	2	83	9	1	BA1653	21303	4	0	0	0	0	0	0	1	0	0	0
A	BL	2	83	9	1	BA1653	21419	4	5	1	1	0	0	0	0	0	0	0
A	BL	2	83	9	1	BA1653	21429	5	4	0	0	0	0	0	0	0	0	0
A	BL	2	83	9	1	BA1653	21464	4	0	0	0	0	0	0	1	0	0	0
A	BL	2	83	9	1	BA1653	21527	4	5	1	1	0	0	0	0	0	0	0
A	BL	2	83	9	1	BA1653	21537	5	9	0	0	0	0	0	0	0	0	0
A	BL	2	83	9	1	BA1653	21547	9	10	0	0	0	0	0	0	0	0	0
A	BL	2	83	9	1	BA1653	21551	10	0	0	0	0	0	0	1	0	0	0
A	BL	2	83	9	1	BA1653	21622	10	2	0	0	0	0	0	0	0	0	0
A	BL	2	83	9	1	BA1653	21623	2	3	0	0	0	0	0	0	0	0	0
A	BL	2	83	9	1	BA1653	21918	3	5	1	1	0	0	0	0	0	0	0
A	BL	2	83	9	1	BA1653	21928	5	4	0	0	0	0	0	0	0	0	0
A	BL	2	83	9	1	BA1653	21940	4	0	0	0	0	0	0	1	0	0	0
A	BL	2	83	9	1	BA1653	22017	4	5	1	1	0	0	0	0	0	0	0
A	BL	2	83	9	1	BA1653	22027	5	4	0	0	0	0	0	0	0	0	0
A	BL	2	83	9	1	BA1653	22069	4	0	0	0	0	0	0	1	0	0	0
A	BL	2	83	9	1	BA1653	22129	4	5	1	1	0	0	0	0	0	0	0
A	BL	2	83	9	1	BA1653	22139	5	4	0	0	0	0	0	0	0	0	0
A	BL	2	83	9	1	BA1653	22239	4	0	0	0	0	0	0	1	0	0	0
A	BL	2	83	9	1	BA1653	22262	4	5	1	1	0	0	0	0	0	0	0
A	BL	2	83	9	1	BA1653	22272	5	4	0	0	0	0	0	0	0	0	0
A	BL	2	83	9	1	BA1653	22333	4	0	0	0	0	0	0	1	0	0	0
A	BL	2	83	9	1	BA1653	22403	4	5	1	1	0	0	0	0	0	0	0
A	BL	2	83	9	1	BA1653	22413	5	9	0	0	0	0	0	0	0	0	0
A	BL	2	83	9	1	BA1653	22423	9	10	0	0	0	0	0	0	0	0	0
A	BL	2	83	9	1	BA1653	22425	10	0	0	0	0	0	0	1	0	0	0
A	BL	2	83	9	1	BA1653	22498	10	2	0	0	0	0	0	0	0	0	0
A	BL	2	83	9	1	BA1653	22499	2	6	0	0	0	0	0	0	0	0	0
A	BL	2	83	9	1	BA1653	22845	6	8	2	0	1	0	0	0	0	0	0
A	BL	2	83	9	1	BA1653	22855	8	7	0	0	0	0	0	0	0	0	0
A	BL	2	83	9	1	BA1653	22929	7	0	0	0	0	0	0	0	1	0	0
A	BL	2	83	9	1	BA1653	23267	7	8	2	0	1	0	0	0	0	0	0
A	BL	2	83	9	1	BA1653	23268	8	0	0	0	0	0	0	0	1	0	0
A	BL	2	83	9	1	BA1653	23272	8	0	0	0	1	0	0	0	0	0	0
A	BL	2	83	9	1	BA1653	23275	8	0	0	0	0	0	0	0	1	0	0
A	BL	2	83	9	1	BA1653	23277	8	7	0	0	0	0	0	0	0	0	0
A	BL	2	83	9	1	BA1653	23281	7	8	2	0	1	0	0	0	0	0	0
A	BL	2	83	9	1	BA1653	23287	8	0	0	0	0	0	0	0	1	0	0
A	BL	2	83	9	1	BA1653	23291	8	7	0	0	0	0	0	0	0	0	0
A	BL	2	83	9	1	BA1653	23471	7	8	2	0	1	0	0	0	0	0	0
A	BL	2	83	9	1	BA1653	23481	8	7	0	0	0	0	0	0	1	0	0
A	BL	2	83	9	1	BA1653	23483	7	8	2	0	1	0	0	0	0	0	0
A	BL	2	83	9	1	BA1653	23493	8	7	0	0	0	0	0	0	0	0	0
A	BL	2	83	9	1	BA1653	23517	7	0	0	0	0	0	0	0	1	0	0
A	BL	2	83	9	1	BA1653	23542	7	8	2	0	1	0	0	0	0	0	0
A	BL	2	83	9	1	BA1653	23546	8	0	0	0	0	0	0	0	1	0	0
A	BL	2	83	9	1	BA1653	23552	8	7	0	0	0	0	0	0	0	0	0
A	BL	2	83	9	1	BA1653	23564	7	8	2	0	1	0	0	0	0	0	0
A	BL	2	83	9	1	BA1653	23574	8	7	0	0	0	0	0	0	0	0	0
A	BL	2	83	9	1	BA1653	23593	7	0	0	0	0	0	0	0	1	0	0
A	BL	2	83	9	1	BA1653	23599	7	8	2	0	1	0	0	0	0	0	0
A	BL	2	83	9	1	BA1653	23601	8	0	0	0	0	0	0	0	1	0	0
A	BL	2	83	9	1	BA1653	23609	8	7	0	0	0	0	0	0	0	0	0
A	BL	2	83	9	1	BA1653	23625	7	8	2	0	1	0	0	0	0	0	0
A	BL	2	83	9	1	BA1653	23635	8	7	0	0	0	0	0	0	0	0	0
A	BL	2	83	9	1	BA1653	23664	7	0	0	0	0	0	0	0	1	0	0
A	BL	2	83	9	1	BA1653	23730	7	8	2	0	1	0	0	0	0	0	0
A	BL	2	83	9	1	BA1653	23740	8	9	0	0	0	0	0	0	0	0	0
A	BL	2	83	9	1	BA1653	23750	9	10	0	0	0	0	0	0	0	0	0
A	BL	2	83	9	1	BA1653	23753	10	0	0	0	0	0	0	0	1	0	0
A	BL	2	83	9	1	BA1653	23825	10	2	0	0	0	0	0	0	0	0	0
A	BL	2	83	9	1	BA1653	23826	2	6	0	0	0	0	0	0	0	0	0
A	BL	2	83	9	1	BA1653	24259	6	8	2	0	1	0	0	0	0	0	0
A	BL	2	83	9	1	BA1653	24269	8	7	0	0	0	0	0	0	0	0	0
A	BL	2	83	9	1	BA1653	24272	7	0	0	0	0	0	0	0	1	0	0
A	BL	2	83	9	1	BA1653	24305	7	8	2	0	1	0	0	0	0	0	0
A	BL	2	83	9	1	BA1653	24310	8	0	0	0	0	0	0	0	1	0	0
A	BL	2	83	9	1	BA1653	24312	8	0	0	0	1	0	0	0	0	0	0
A	BL	2	83	9	1	BA1653	24315	8	7	0	0	0	0	0	0	0	0	0
A	BL	2	83	9	1	BA1653	24322	7	0	0	0	0	0	0	0	1	0	0
A	BL	2	83	9	1	BA1653	24407	7	8	2	0	1	0	0	0	0	0	0
A	BL	2	83	9	1	BA1653	24417	8	7	0	0	0	0	0	0	0	0	0
A	BL	2	83	9	1	BA1653	24422	7	0	0	0	0	0	0	0	1	0	0
A	BL	2	83	9	1	BA1653	24426	7	8	2	0	1	0	0	0	0	0	0
A	BL	2	83	9	1	BA1653	24436	8	7	0	0	0	0	0	0	0	0	0
A	BL	2	83	9	1	BA1653	24450	7	0	0	0	0	0	0	0	1	0	0
A	BL	2	83	9	1	BA1653	24611	7	8	2	0	1	0	0	0	0	0	0
A	BL	2	83	9	1	BA1653	24621	8	7	0	0	0	0	0	0	0	0	0
A	BL	2	83	9	1	BA1653	24657	7	0	0	0	0	0	0	0	1	0	0
A	BL	2	83	9	1	BA1653	24663	7	8	2	0	1	0	0	0	0	0	0
A	BL	2	83	9	1	BA1653	24673	8	7	0	0	0	0	0	0	0	0	0
A	BL	2	83	9	1	BA1653	24703	7	0	0	0	0	0	0	0	1	0	0
A	BL	2	83	9	1	BA1653	24725	7	8	2	0	1	0	0	0	0	0	0
A	BL	2	83	9	1	BA1653	24730	8	0	0	0	0	0	0	0	1	0	0
A	BL	2	83	9	1	BA1653	24735	8	7	0	0	0	0	0	0	0	0	0
A	BL	2	83	9	1	BA1653	24757	7	8	2	0	1	0	0	0	0	0	0
A	BL	2	83	9	1	BA1653	24767	8	7	0	0	0	0	0	0	0	0	0
A	BL	2	83	9	1	BA1653	24782	7	0	0	0	0	0	0	0	1	0	0
A	BL	2	83	9	1	BA1653	24804	7	8	2	0	1	0	0	0	0	0	0
A	BL	2	83	9	1	BA1653	24806	8	0	0	0	0	0	0	0	1	0	0
A	BL	2	83	9	1	BA1653	24814	8	7	0	0	0	0	0	0	0	0	0
A	BL	2	83	9	1	BA1653	24822	7	8	2	0	1	0	0	0	0	0	0
A	BL	2	83	9	1	BA1653	24832	8	9	0	0	0	0	0	0	0	0	0
A	BL	2	83	9	1	BA1653	24842	9	10	0	0	0	0	0	0	0	0	0
A	BL	2	83	9	1	BA1653	24844	10	0	0	0	0	0	0	0	1	0	0
A	BL	2	83	9	1	BA1653	24917	10	2	0	0	0	0	0	0	0	0	0
A	BL	2	83	9	1	BA1653	24918	2	3	0	0	0	0	0	0	0	0	0
A	BL	2	83	9	1	BA1653	25281	3	5	1	1	0	0	0	0	0	0	0
A	BL	2	83	9	1	BA1653	25289	5	0	0	0	0	0	0	1	0	0	0
A	BL	2	83	9	1	BA1653	25291	5	4	0	0	0	0	0	0	0	0	0
A	BL	2	83	9	1	BA1653	25377	4	5	1	1	0	0	0	0	0	0	0
A	BL	2	83	9	1	BA1653	25387	5	4	0	0	0	0	0	0	0	0	0
A	BL	2	83	9	1	BA1653	25416	4	0	0	0	0	0	0	1	0	0	0
A	BL	2	83	9	1	BA1653	25445	4	5	1	1	0	0	0	0	0	0	0
A	BL	2	83	9	1	BA1653	25452	5	0	0	0	0	0	0	1	0	0	0
A	BL	2	83	9	1	BA1653	25455	5	4	0	0	0	0	0	0	0	0	0
A	BL	2	83	9	1	BA1653	25466	4	5	1	1	0	0	0	0	0	0	0
A	BL	2	83	9	1	BA1653	25476	5	4	0	0	0	0	0	0	0	0	0
A	BL	2	83	9	1	BA1653	25503	4	0	0	0	0	0	0	1	0	0	0
A	BL	2	83	9	1	BA1653	25555	4	5	1	1	0	0	0	0	0	0	0
A	BL	2	83	9	1	BA1653	25565	5	9	0	0	0	0	0	0	0	0	0
A	BL	2	83	9	1	BA1653	25575	9	10	0	0	0	0	0	0	0	0	0
A	BL	2	83	9	1	BA1653	25578	10	0	0	0	0	0	0	1	0	0	0
A	BL	2	83	9	1	BA1653	25650	10	2	0	0	0	0	0	0	0	0	0
A	BL	2	83	9	1	BA1653	25651	2	3	0	0	0	0	0	0	0	0	0
A	BL	2	83	9	1	BA1653	25802	3	5	1	1	0	0	0	0	0	0	0
A	BL	2	83	9	1	BA1653	25812	5	4	0	0	0	0	0	0	0	0	0
A	BL	2	83	9	1	BA1653	25854	4	0	0	0	0	0	0	1	0	0	0
A	BL	2	83	9	1	BA1653	25921	4	5	1	1	0	0	0	0	0	0	0
A	BL	2	83	9	1	BA1653	25931	5	4	0	0	0	0	0	0	0	0	0
A	BL	2	83	9	1	BA1653	25941	4	0	0	0	0	0	0	1	0	0	0
A	BL	2	83	9	1	BA1653	25991	4	5	1	1	0	0	0	0	0	0	0
A	BL	2	83	9	1	BA1653	26001	5	4	0	0	0	0	0	0	0	0	0
A	BL	2	83	9	1	BA1653	26024	4	0	0	0	0	0	0	1	0	0	0
A	BL	2	83	9	1	BA1653	26099	4	5	1	1	0	0	0	0	0	0	0
A	BL	2	83	9	1	BA1653	26109	5	4	0	0	0	0	0	0	0	0	0
A	BL	2	83	9	1	BA1653	26148	4	0	0	0	0	0	0	1	0	0	0
A	BL	2	83	9	1	BA1653	26164	4	5	1	1	0	0	0	0	0	0	0
A	BL	2	83	9	1	BA1653	26174	5	9	0	0	0	0	0	0	0	0	0
A	BL	2	83	9	1	BA1653	26184	9	10	0	0	0	0	0	0	0	0	0
A	BL	2	83	9	1	BA1653	26186	10	0	0	0	0	0	0	1	0	0	0
A	BL	2	83	9	1	BA1653	26259	10	2	0	0	0	0	0	0	0	0	0
A	BL	2	83	9	1	BA1653	26260	2	3	0	0	0	0	0	0	0	0	0
A	BL	2	83	9	1	BA1653	26423	3	5	1	1	0	0	0	0	0	0	0
A	BL	2	83	9	1	BA1653	26433	5	4	0	0	0	0	0	0	0	0	0
A	BL	2	83	9	1	BA1653	26457	4	0	0	0	0	0	0	1	0	0	0
A	BL	2	83	9	1	BA1653	26539	4	5	1	1	0	0	0	0	0	0	0
A	BL	2	83	9	1	BA1653	26540	5	0	0	0	0	0	0	1	0	0	0
A	BL	2	83	9	1	BA1653	26549	5	4	0	0	0	0	0	0	0	0	0
A	BL	2	83	9	1	BA1653	26595	4	5	1	1	0	0	0	0	0	0	0
A	BL	2	83	9	1	BA1653	26605	5	4	0	0	0	0	0	0	0	0	0
A	BL	2	83	9	1	BA1653	26625	4	0	0	0	0	0	0	1	0	0	0
A	BL	2	83	9	1	BA1653	26659	4	5	1	1	0	0	0	0	0	0	0
A	BL	2	83	9	1	BA1653	26664	5	0	0	0	0	0	0	1	0	0	0
A	BL	2	83	9	1	BA1653	26669	5	4	0	0	0	0	0	0	0	0	0
A	BL	2	83	9	1	BA1653	26682	4	5	1	1	0	0	0	0	0	0	0
A	BL	2	83	9	1	BA1653	26692	5	9	0	0	0	0	0	0	0	0	0
A	BL	2	83	9	1	BA1653	26702	9	10	0	0	0	0	0	0	0	0	0
A	BL	2	83	9	1	BA1653	26706	10	0	0	0	0	0	0	1	0	0	0
A	BL	2	83	9	1	BA1653	26777	10	2	0	0	0	0	0	0	0	0	0
A	BL	2	83	9	1	BA1653	26778	2	6	0	0	0	0	0	0	0	0	0
A	BL	2	83	9	1	BA1653	27387	6	8	2	0	1	0	0	0	0	0	0
A	BL	2	83	9	1	BA1653	27397	8	7	0	0	0	0	0	0	0	0	0
A	BL	2	83	9	1	BA1653	27406	7	0	0	0	0	0	0	0	1	0	0
A	BL	2	83	9	1	BA1653	27428	7	8	2	0	1	0	0	0	0	0	0
A	BL	2	83	9	1	BA1653	27432	8	0	0	0	0	0	0	0	1	0	0
A	BL	2	83	9	1	BA1653	27438	8	7	0	0	0	0	0	0	0	0	0
A	BL	2	83	9	1	BA1653	27449	7	8	2	0	1	0	0	0	0	0	0
A	BL	2	83	9	1	BA1653	27459	8	7	0	0	0	0	0	0	0	0	0
A	BL	2	83	9	1	BA1653	27498	7	8	2	0	1	0	0	0	1	0	0
A	BL	2	83	9	1	BA1653	27502	8	0	0	0	0	0	0	0	1	0	0
A	BL	2	83	9	1	BA1653	27504	8	0	0	0	1	0	0	0	0	0	0
A	BL	2	83	9	1	BA1653	27508	8	7	0	0	0	0	0	0	0	0	0
A	BL	2	83	9	1	BA1653	27524	7	0	0	0	0	0	0	0	1	0	0
A	BL	2	83	9	1	BA1653	27549	7	8	2	0	1	0	0	0	1	0	0
A	BL	2	83	9	1	BA1653	27559	8	7	0	0	0	0	0	0	0	0	0
A	BL	2	83	9	1	BA1653	27574	7	8	2	0	1	0	0	0	0	0	0
A	BL	2	83	9	1	BA1653	27584	8	7	0	0	0	0	0	0	0	0	0
A	BL	2	83	9	1	BA1653	27629	7	0	0	0	0	0	0	0	1	0	0
A	BL	2	83	9	1	BA1653	27648	7	8	2	0	1	0	0	0	0	0	0
A	BL	2	83	9	1	BA1653	27655	8	0	0	0	0	0	0	0	1	0	0
A	BL	2	83	9	1	BA1653	27658	8	7	0	0	0	0	0	0	0	0	0
A	BL	2	83	9	1	BA1653	27668	7	8	2	0	1	0	0	0	0	0	0
A	BL	2	83	9	1	BA1653	27678	8	7	0	0	0	0	0	0	0	0	0
A	BL	2	83	9	1	BA1653	27771	7	0	0	0	0	0	0	0	1	0	0
A	BL	2	83	9	1	BA1653	27852	7	8	2	0	1	0	0	0	0	0	0
A	BL	2	83	9	1	BA1653	27862	8	7	0	0	0	0	0	0	0	0	0
A	BL	2	83	9	1	BA1653	27905	7	0	0	0	0	0	0	0	1	0	0
A	BL	2	83	9	1	BA1653	27923	7	8	2	0	1	0	0	0	0	0	0
A	BL	2	83	9	1	BA1653	27933	8	9	0	0	0	0	0	0	0	0	0
A	BL	2	83	9	1	BA1653	27943	9	10	0	0	0	0	0	0	0	0	0
A	BL	2	83	9	1	BA1653	27945	10	0	0	0	0	0	0	0	1	0	0
A	BL	2	83	9	1	BA1653	28018	10	2	0	0	0	0	0	0	0	0	0
A	BL	2	83	9	1	BA1653	28019	2	3	0	0	0	0	0	0	0	0	0
A	BL	2	83	9	1	BA1653	28444	3	5	1	1	0	0	0	0	0	0	0
A	BL	2	83	9	1	BA1653	28454	5	4	0	0	0	0	0	0	0	0	0
A	BL	2	83	9	1	BA1653	28552	4	0	0	0	0	0	0	1	0	0	0
A	BL	2	83	9	1	BA1653	28561	4	5	1	1	0	0	0	0	0	0	0
A	BL	2	83	9	1	BA1653	28571	5	4	0	0	0	0	0	0	0	0	0
A	BL	2	83	9	1	BA1653	28626	4	0	0	0	0	0	0	1	0	0	0
A	BL	2	83	9	1	BA1653	28721	4	5	1	1	0	0	0	0	0	0	0
A	BL	2	83	9	1	BA1653	28731	5	4	0	0	0	0	0	0	0	0	0
A	BL	2	83	9	1	BA1653	28760	4	0	0	0	0	0	0	1	0	0	0
A	BL	2	83	9	1	BA1653	28784	4	5	1	1	0	0	0	0	0	0	0
A	BL	2	83	9	1	BA1653	28794	5	4	0	0	0	0	0	0	0	0	0
A	BL	2	83	9	1	BA1653	28884	4	0	0	0	0	0	0	1	0	0	0
A	BL	2	83	9	1	BA1653	28896	4	5	1	1	0	0	0	0	0	0	0
A	BL	2	83	9	1	BA1653	28906	5	9	0	0	0	0	0	0	0	0	0
A	BL	2	83	9	1	BA1653	28916	9	10	0	0	0	0	0	0	0	0	0
A	BL	2	83	9	1	BA1653	28917	10	0	0	0	0	0	0	1	0	0	0
A	BL	2	83	9	1	BA1653	28991	10	2	0	0	0	0	0	0	0	0	0
A	BL	2	83	9	1	BA1653	28992	2	3	0	0	0	0	0	0	0	0	0
A	BL	2	83	9	1	BA1653	29220	3	5	1	1	0	0	0	0	0	0	0
A	BL	2	83	9	1	BA1653	29230	5	4	0	0	0	0	0	0	0	0	0
A	BL	2	83	9	1	BA1653	29249	4	0	0	0	0	0	0	1	0	0	0
A	BL	2	83	9	1	BA1653	29340	4	5	1	1	0	0	0	0	0	0	0
A	BL	2	83	9	1	BA1653	29350	5	4	0	0	0	0	0	0	0	0	0
A	BL	2	83	9	1	BA1653	29387	4	0	0	0	0	0	0	1	0	0	0
A	BL	2	83	9	1	BA1653	29470	4	5	1	1	0	0	0	0	0	0	0
A	BL	2	83	9	1	BA1653	29480	5	4	0	0	0	0	0	0	0	0	0
A	BL	2	83	9	1	BA1653	29543	4	0	0	0	0	0	0	1	0	0	0
A	BL	2	83	9	1	BA1653	29566	4	5	1	1	0	0	0	0	0	0	0
A	BL	2	83	9	1	BA1653	29576	5	4	0	0	0	0	0	0	0	0	0
A	BL	2	83	9	1	BA1653	29577	4	0	0	0	0	0	0	1	0	0	0
A	BL	2	83	9	1	BA1653	29588	4	5	1	1	0	0	0	0	0	0	0
A	BL	2	83	9	1	BA1653	29598	5	9	0	0	0	0	0	0	0	0	0
A	BL	2	83	9	1	BA1653	29608	9	10	0	0	0	0	0	0	0	0	0
A	BL	2	83	9	1	BA1653	29611	10	0	0	0	0	0	0	1	0	0	0
A	BL	2	83	9	1	BA1653	29683	10	2	0	0	0	0	0	0	0	0	0
A	BL	2	83	9	1	BA1653	29684	2	6	0	0	0	0	0	0	0	0	0
A	BL	2	83	9	1	BA1653	29800	6	0	0	1	0	0	0	0	0	0	0
A	BL	2	83	9	1	BA1653	29833	6	0	0	0	0	0	0	1	0	0	0
A	BL	2	83	9	1	BA1653	29964	6	0	0	1	0	0	0	0	0	0	0
A	BL	2	83	9	1	BA1653	30047	6	0	0	0	0	0	0	1	0	0	0
A	BL	2	83	9	1	BA1653	30135	6	0	0	1	0	0	0	0	0	0	0
A	BL	2	83	9	1	BA1653	30167	6	0	0	0	0	0	0	1	0	0	0
A	BL	2	83	9	1	BA1653	30252	6	0	0	1	0	0	0	0	0	0	0
A	BL	2	83	9	1	BA1653	30256	6	0	0	0	0	0	0	1	0	0	0
A	BL	2	83	9	1	BA1653	30309	6	0	0	1	0	0	0	0	0	0	0
A	BL	2	83	9	1	BA1653	30395	6	0	0	0	0	0	0	1	0	0	0
A	BL	2	83	9	1	BA1653	30494	6	0	0	1	0	0	0	0	0	0	0
A	BL	2	83	9	1	BA1653	30522	6	0	0	0	0	0	0	1	0	0	0
A	BL	2	83	9	1	BA1653	30604	6	0	0	1	0	0	0	0	0	0	0
A	BL	2	83	9	1	BA1653	30653	6	0	0	0	0	0	0	1	0	0	0
A	BL	2	83	9	1	BA1653	30861	6	0	0	1	0	0	0	0	0	0	0
A	BL	2	83	9	1	BA1653	30896	6	0	0	0	0	0	0	1	0	0	0
A	BL	2	83	9	1	BA1653	30995	6	0	0	1	0	0	0	0	0	0	0
A	BL	2	83	9	1	BA1653	31038	6	0	0	0	0	0	0	1	0	0	0
A	BL	2	83	9	1	BA1653	31082	6	0	0	1	0	0	0	0	0	0	0
A	BL	2	83	9	1	BA1653	31118	6	0	0	0	0	0	0	1	0	0	0
A	BL	2	83	9	1	BA1653	31295	6	0	0	1	0	0	0	0	0	0	0
A	BL	2	83	9	1	BA1653	31368	6	0	0	0	0	0	0	1	0	0	0
A	BL	2	83	9	1	BA1653	31586	6	8	2	0	1	0	0	0	0	0	0
A	BL	2	83	9	1	BA1653	31589	8	0	0	0	0	0	0	0	1	0	0
A	BL	2	83	9	1	BA1653	31596	8	7	0	0	0	0	0	0	0	0	0
A	BL	2	83	9	1	BA1653	31605	7	8	2	0	1	0	0	0	0	0	0
A	BL	2	83	9	1	BA1653	31615	8	7	0	0	0	0	0	0	0	0	0
A	BL	2	83	9	1	BA1653	31636	7	0	0	0	0	0	0	0	1	0	0
A	BL	2	83	9	1	BA1653	31644	7	8	2	0	1	0	0	0	0	0	0
A	BL	2	83	9	1	BA1653	31646	8	0	0	0	0	0	0	0	1	0	0
A	BL	2	83	9	1	BA1653	31654	8	7	0	0	0	0	0	0	0	0	0
A	BL	2	83	9	1	BA1653	31702	7	8	2	0	1	0	0	0	0	0	0
A	BL	2	83	9	1	BA1653	31712	8	7	0	0	0	0	0	0	0	0	0
A	BL	2	83	9	1	BA1653	31744	7	0	0	0	0	0	0	0	1	0	0
A	BL	2	83	9	1	BA1653	31766	7	8	2	0	1	0	0	0	0	0	0
A	BL	2	83	9	1	BA1653	31771	8	0	0	0	0	0	0	0	1	0	0
A	BL	2	83	9	1	BA1653	31776	8	7	0	0	0	0	0	0	0	0	0
A	BL	2	83	9	1	BA1653	31789	7	8	2	0	1	0	0	0	0	0	0
A	BL	2	83	9	1	BA1653	31790	8	0	0	0	0	0	0	0	1	0	0
A	BL	2	83	9	1	BA1653	31793	8	0	0	0	1	0	0	0	0	0	0
A	BL	2	83	9	1	BA1653	31799	8	7	0	0	0	0	0	0	0	0	0
A	BL	2	83	9	1	BA1653	31822	7	0	0	0	0	0	0	0	1	0	0
A	BL	2	83	9	1	BA1653	31838	7	8	2	0	1	0	0	0	0	0	0
A	BL	2	83	9	1	BA1653	31848	8	7	0	0	0	0	0	0	0	0	0
A	BL	2	83	9	1	BA1653	31874	7	0	0	0	0	0	0	0	1	0	0
A	BL	2	83	9	1	BA1653	31930	7	8	2	0	1	0	0	0	0	0	0
A	BL	2	83	9	1	BA1653	31940	8	7	0	0	0	0	0	0	0	0	0
A	BL	2	83	9	1	BA1653	31962	7	0	0	0	0	0	0	0	1	0	0
A	BL	2	83	9	1	BA1653	31963	7	8	2	0	1	0	0	0	0	0	0
A	BL	2	83	9	1	BA1653	31970	8	0	0	0	0	0	0	0	1	0	0
A	BL	2	83	9	1	BA1653	31971	8	0	0	0	1	0	0	0	0	0	0
A	BL	2	83	9	1	BA1653	31973	8	7	0	0	0	0	0	0	0	0	0
A	BL	2	83	9	1	BA1653	31987	7	0	0	0	0	0	0	0	1	0	0
A	BL	2	83	9	1	BA1653	32033	7	8	2	0	1	0	0	0	0	0	0
A	BL	2	83	9	1	BA1653	32043	8	9	0	0	0	0	0	0	0	0	0
A	BL	2	83	9	1	BA1653	32048	9	0	0	0	0	0	0	0	1	0	0
A	BL	2	83	9	1	BA1653	32053	9	10	0	0	0	0	0	0	0	0	0
A	BL	2	83	9	1	BA1653	32128	10	2	0	0	0	0	0	0	0	0	0
A	BL	2	83	9	1	BA1653	32129	2	3	0	0	0	0	0	0	0	0	0
A	BL	2	83	9	1	BA1653	32463	3	5	1	1	0	0	0	0	0	0	0
A	BL	2	83	9	1	BA1653	32471	5	0	0	0	0	0	0	1	0	0	0
A	BL	2	83	9	1	BA1653	32473	5	4	0	0	0	0	0	0	0	0	0
A	BL	2	83	9	1	BA1653	32528	4	5	1	1	0	0	0	0	0	0	0
A	BL	2	83	9	1	BA1653	32538	5	4	0	0	0	0	0	0	0	0	0
A	BL	2	83	9	1	BA1653	32557	4	0	0	0	0	0	0	1	0	0	0
A	BL	2	83	9	1	BA1653	32575	4	5	1	1	0	0	0	0	0	0	0
A	BL	2	83	9	1	BA1653	32581	5	0	0	0	0	0	0	1	0	0	0
A	BL	2	83	9	1	BA1653	32585	5	4	0	0	0	0	0	0	0	0	0
A	BL	2	83	9	1	BA1653	32595	4	5	1	1	0	0	0	0	0	0	0
A	BL	2	83	9	1	BA1653	32605	5	4	0	0	0	0	0	0	0	0	0
A	BL	2	83	9	1	BA1653	32637	4	0	0	0	0	0	0	1	0	0	0
A	BL	2	83	9	1	BA1653	32660	4	5	1	1	0	0	0	0	0	0	0
A	BL	2	83	9	1	BA1653	32670	5	9	0	0	0	0	0	0	0	0	0
A	BL	2	83	9	1	BA1653	32671	9	0	0	0	0	0	0	1	0	0	0
A	BL	2	83	9	1	BA1653	32680	9	10	0	0	0	0	0	0	0	0	0
A	BL	2	83	9	1	BA1653	32755	10	2	0	0	0	0	0	0	0	0	0
A	BL	2	83	9	1	BA1653	32756	2	3	0	0	0	0	0	0	0	0	0
A	BL	2	83	9	1	BA1653	32889	3	5	1	1	0	0	0	0	0	0	0
A	BL	2	83	9	1	BA1653	32899	5	4	0	0	0	0	0	0	0	0	0
A	BL	2	83	9	1	BA1653	32940	4	0	0	0	0	0	0	1	0	0	0
A	BL	2	83	9	1	BA1653	32997	4	5	1	1	0	0	0	0	0	0	0
A	BL	2	83	9	1	BA1653	33007	5	4	0	0	0	0	0	0	0	0	0
A	BL	2	83	9	1	BA1653	33013	4	0	0	0	0	0	0	1	0	0	0
A	BL	2	83	9	1	BA1653	33055	4	5	1	1	0	0	0	0	0	0	0
A	BL	2	83	9	1	BA1653	33065	5	4	0	0	0	0	0	0	0	0	0
A	BL	2	83	9	1	BA1653	33080	4	0	0	0	0	0	0	1	0	0	0
A	BL	2	83	9	1	BA1653	33135	4	5	1	1	0	0	0	0	0	0	0
A	BL	2	83	9	1	BA1653	33145	5	4	0	0	0	0	0	0	0	0	0
A	BL	2	83	9	1	BA1653	33171	4	0	0	0	0	0	0	1	0	0	0
A	BL	2	83	9	1	BA1653	33194	4	5	1	1	0	0	0	0	0	0	0
A	BL	2	83	9	1	BA1653	33204	5	9	0	0	0	0	0	0	0	0	0
A	BL	2	83	9	1	BA1653	33208	9	0	0	0	0	0	0	1	0	0	0
A	BL	2	83	9	1	BA1653	33214	9	10	0	0	0	0	0	0	0	0	0
A	BL	2	83	9	1	BA1653	33289	10	2	0	0	0	0	0	0	0	0	0
A	BL	2	83	9	1	BA1653	33290	2	3	0	0	0	0	0	0	0	0	0
A	BL	2	83	9	1	BA1653	33450	3	5	1	1	0	0	0	0	0	0	0
A	BL	2	83	9	1	BA1653	33460	5	4	0	0	0	0	0	0	0	0	0
A	BL	2	83	9	1	BA1653	33503	4	0	0	0	0	0	0	1	0	0	0
A	BL	2	83	9	1	BA1653	33556	4	5	1	1	0	0	0	0	0	0	0
A	BL	2	83	9	1	BA1653	33566	5	4	0	0	0	0	0	0	0	0	0
A	BL	2	83	9	1	BA1653	33591	4	0	0	0	0	0	0	1	0	0	0
A	BL	2	83	9	1	BA1653	33634	4	5	1	1	0	0	0	0	0	0	0
A	BL	2	83	9	1	BA1653	33644	5	4	0	0	0	0	0	0	0	0	0
A	BL	2	83	9	1	BA1653	33704	4	0	0	0	0	0	0	1	0	0	0
A	BL	2	83	9	1	BA1653	33734	4	5	1	1	0	0	0	0	0	0	0
A	BL	2	83	9	1	BA1653	33744	5	4	0	0	0	0	0	0	0	0	0
A	BL	2	83	9	1	BA1653	33779	4	0	0	0	0	0	0	1	0	0	0
A	BL	2	83	9	1	BA1653	33803	4	5	1	1	0	0	0	0	0	0	0
A	BL	2	83	9	1	BA1653	33810	5	0	0	0	0	0	0	1	0	0	0
A	BL	2	83	9	1	BA1653	33813	5	9	0	0	0	0	0	0	0	0	0
A	BL	2	83	9	1	BA1653	33823	9	10	0	0	0	0	0	0	0	0	0
A	BL	2	83	9	1	BA1653	33898	10	2	0	0	0	0	0	0	0	0	0
A	BL	2	83	9	1	BA1653	33899	2	6	0	0	0	0	0	0	0	0	0
A	BL	2	83	9	1	BA1653	34774	6	8	2	0	1	0	0	0	0	0	0
A	BL	2	83	9	1	BA1653	34777	8	0	0	0	0	0	0	0	1	0	0
A	BL	2	83	9	1	BA1653	34784	8	7	0	0	0	0	0	0	0	0	0
A	BL	2	83	9	1	BA1653	34903	7	8	2	0	1	0	0	0	0	0	0
A	BL	2	83	9	1	BA1653	34913	8	7	0	0	0	0	0	0	0	0	0
A	BL	2	83	9	1	BA1653	34929	7	0	0	0	0	0	0	0	1	0	0
A	BL	2	83	9	1	BA1653	34946	7	8	2	0	1	0	0	0	0	0	0
A	BL	2	83	9	1	BA1653	34950	8	0	0	0	0	0	0	0	1	0	0
A	BL	2	83	9	1	BA1653	34951	8	0	0	0	1	0	0	0	0	0	0
A	BL	2	83	9	1	BA1653	34956	8	7	0	0	0	0	0	0	1	0	0
A	BL	2	83	9	1	BA1653	35021	7	8	2	0	1	0	0	0	0	0	0
A	BL	2	83	9	1	BA1653	35031	8	7	0	0	0	0	0	0	0	0	0
A	BL	2	83	9	1	BA1653	35033	7	0	0	0	0	0	0	0	1	0	0
A	BL	2	83	9	1	BA1653	35126	7	8	2	0	1	0	0	0	0	0	0
A	BL	2	83	9	1	BA1653	35136	8	7	0	0	0	0	0	0	0	0	0
A	BL	2	83	9	1	BA1653	35156	7	0	0	0	0	0	0	0	1	0	0
A	BL	2	83	9	1	BA1653	35212	7	8	2	0	1	0	0	0	0	0	0
A	BL	2	83	9	1	BA1653	35222	8	7	0	0	0	0	0	0	0	0	0
A	BL	2	83	9	1	BA1653	35288	7	0	0	0	0	0	0	0	1	0	0
A	BL	2	83	9	1	BA1653	35291	7	8	2	0	1	0	0	0	0	0	0
A	BL	2	83	9	1	BA1653	35294	8	0	0	0	0	0	0	0	1	0	0
A	BL	2	83	9	1	BA1653	35301	8	7	0	0	0	0	0	0	0	0	0
A	BL	2	83	9	1	BA1653	35307	7	8	2	0	1	0	0	0	0	0	0
A	BL	2	83	9	1	BA1653	35310	8	0	0	0	0	0	0	0	1	0	0
A	BL	2	83	9	1	BA1653	35317	8	7	0	0	0	0	0	0	0	0	0
A	BL	2	83	9	1	BA1653	35325	7	8	2	0	1	0	0	0	0	0	0
A	BL	2	83	9	1	BA1653	35335	8	7	0	0	0	0	0	0	0	0	0
A	BL	2	83	9	1	BA1653	35336	7	0	0	0	0	0	0	0	1	0	0
A	BL	2	83	9	1	BA1653	35387	7	8	2	0	1	0	0	0	0	0	0
A	BL	2	83	9	1	BA1653	35397	8	9	0	0	0	0	0	0	0	0	0
A	BL	2	83	9	1	BA1653	35407	9	10	0	0	0	0	0	0	0	0	0
A	BL	2	83	9	1	BA1653	35412	10	0	0	0	0	0	0	0	1	0	0
A	BL	2	83	9	1	BA1653	35482	10	2	0	0	0	0	0	0	0	0	0
A	BL	2	83	9	1	BA1653	35483	2	3	0	0	0	0	0	0	0	0	0
A	BL	2	83	9	1	BA1653	35917	3	5	1	1	0	0	0	0	0	0	0
A	BL	2	83	9	1	BA1653	35927	5	4	0	0	0	0	0	0	0	0	0
A	BL	2	83	9	1	BA1653	35942	4	0	0	0	0	0	0	1	0	0	0
A	BL	2	83	9	1	BA1653	36088	4	5	1	1	0	0	0	0	0	0	0
A	BL	2	83	9	1	BA1653	36098	5	4	0	0	0	0	0	0	0	0	0
A	BL	2	83	9	1	BA1653	36123	4	0	0	0	0	0	0	1	0	0	0
A	BL	2	83	9	1	BA1653	36150	4	5	1	1	0	0	0	0	0	0	0
A	BL	2	83	9	1	BA1653	36160	5	4	0	0	0	0	0	0	0	0	0
A	BL	2	83	9	1	BA1653	36210	4	0	0	0	0	0	0	1	0	0	0
A	BL	2	83	9	1	BA1653	36221	4	5	1	1	0	0	0	0	0	0	0
A	BL	2	83	9	1	BA1653	36231	5	4	0	0	0	0	0	1	0	0	0
A	BL	2	83	9	1	BA1653	36250	4	5	1	1	0	0	0	0	0	0	0
A	BL	2	83	9	1	BA1653	36260	5	9	0	0	0	0	0	0	0	0	0
A	BL	2	83	9	1	BA1653	36270	9	10	0	0	0	0	0	0	0	0	0
A	BL	2	83	9	1	BA1653	36273	10	0	0	0	0	0	0	1	0	0	0
A	BL	2	83	9	1	BA1653	36345	10	2	0	0	0	0	0	0	0	0	0
A	BL	2	83	9	1	BA1653	36346	2	3	0	0	0	0	0	0	0	0	0
A	BL	2	83	9	1	BA1653	36567	3	5	1	1	0	0	0	0	0	0	0
A	BL	2	83	9	1	BA1653	36577	5	4	0	0	0	0	0	0	0	0	0
A	BL	2	83	9	1	BA1653	36604	4	0	0	0	0	0	0	1	0	0	0
A	BL	2	83	9	1	BA1653	36639	4	5	1	1	0	0	0	0	0	0	0
A	BL	2	83	9	1	BA1653	36649	5	4	0	0	0	0	0	0	0	0	0
A	BL	2	83	9	1	BA1653	36672	4	0	0	0	0	0	0	1	0	0	0
A	BL	2	83	9	1	BA1653	36690	4	5	1	1	0	0	0	0	0	0	0
A	BL	2	83	9	1	BA1653	36700	5	4	0	0	0	0	0	0	0	0	0
A	BL	2	83	9	1	BA1653	36787	4	0	0	0	0	0	0	1	0	0	0
A	BL	2	83	9	1	BA1653	36837	4	5	1	1	0	0	0	0	0	0	0
A	BL	2	83	9	1	BA1653	36847	5	4	0	0	0	0	0	0	0	0	0
A	BL	2	83	9	1	BA1653	36870	4	0	0	0	0	0	0	1	0	0	0
A	BL	2	83	9	1	BA1653	36874	4	5	1	1	0	0	0	0	0	0	0
A	BL	2	83	9	1	BA1653	36884	5	9	0	0	0	0	0	0	0	0	0
A	BL	2	83	9	1	BA1653	36894	9	10	0	0	0	0	0	0	0	0	0
A	BL	2	83	9	1	BA1653	36896	10	0	0	0	0	0	0	1	0	0	0
A	BL	2	83	9	1	BA1653	36969	10	2	0	0	0	0	0	0	0	0	0
A	BL	2	83	9	1	BA1653	36970	2	6	0	0	0	0	0	0	0	0	0
A	BL	2	83	9	1	BA1653	37172	6	0	0	1	0	0	0	0	0	0	0
A	BL	2	83	9	1	BA1653	37203	6	0	0	0	0	0	0	1	0	0	0
A	BL	2	83	9	1	BA1653	37756	6	8	2	0	1	0	0	0	0	0	0
A	BL	2	83	9	1	BA1653	37761	8	0	0	0	0	0	0	0	1	0	0
A	BL	2	83	9	1	BA1653	37765	8	0	0	0	1	0	0	0	0	0	0
A	BL	2	83	9	1	BA1653	37766	8	7	0	0	0	0	0	0	0	0	0
A	BL	2	83	9	1	BA1653	37800	7	0	0	0	0	0	0	0	1	0	0
A	BL	2	83	9	1	BA1653	37819	7	8	2	0	1	0	0	0	0	0	0
A	BL	2	83	9	1	BA1653	37822	8	0	0	0	0	0	0	0	1	0	0
A	BL	2	83	9	1	BA1653	37829	8	7	0	0	0	0	0	0	0	0	0
A	BL	2	83	9	1	BA1653	37830	7	8	2	0	1	0	0	0	0	0	0
A	BL	2	83	9	1	BA1653	37836	8	0	0	0	0	0	0	0	1	0	0
A	BL	2	83	9	1	BA1653	37840	8	7	0	0	0	0	0	0	0	0	0
A	BL	2	83	9	1	BA1653	37845	7	8	2	0	1	0	0	0	0	0	0
A	BL	2	83	9	1	BA1653	37847	8	0	0	0	0	0	0	0	1	0	0
A	BL	2	83	9	1	BA1653	37855	8	7	0	0	0	0	0	0	0	0	0
A	BL	2	83	9	1	BA1653	37905	7	8	2	0	1	0	0	0	0	0	0
A	BL	2	83	9	1	BA1653	37915	8	7	0	0	0	0	0	0	0	0	0
A	BL	2	83	9	1	BA1653	37925	7	0	0	0	0	0	0	0	1	0	0
A	BL	2	83	9	1	BA1653	37926	7	8	2	0	1	0	0	0	0	0	0
A	BL	2	83	9	1	BA1653	37928	8	0	0	0	0	0	0	0	1	0	0
A	BL	2	83	9	1	BA1653	37936	8	7	0	0	0	0	0	0	0	0	0
A	BL	2	83	9	1	BA1653	37978	7	8	2	0	1	0	0	0	0	0	0
A	BL	2	83	9	1	BA1653	37988	8	7	0	0	0	0	0	0	0	0	0
A	BL	2	83	9	1	BA1653	38022	7	0	0	0	0	0	0	0	1	0	0
A	BL	2	83	9	1	BA1653	38072	7	8	2	0	1	0	0	0	0	0	0
A	BL	2	83	9	1	BA1653	38082	8	7	0	0	0	0	0	0	0	0	0
A	BL	2	83	9	1	BA1653	38102	7	0	0	0	0	0	0	0	1	0	0
A	BL	2	83	9	1	BA1653	38104	7	8	2	0	1	0	0	0	0	0	0
A	BL	2	83	9	1	BA1653	38108	8	0	0	0	0	0	0	0	1	0	0
A	BL	2	83	9	1	BA1653	38114	8	7	0	0	1	0	0	0	0	0	0
A	BL	2	83	9	1	BA1653	38118	7	0	0	0	0	0	0	0	1	0	0
A	BL	2	83	9	1	BA1653	38120	7	8	2	0	1	0	0	0	0	0	0
A	BL	2	83	9	1	BA1653	38128	8	0	0	0	0	0	0	0	1	0	0
A	BL	2	83	9	1	BA1653	38129	8	0	0	0	1	0	0	0	0	0	0
A	BL	2	83	9	1	BA1653	38130	8	9	0	0	0	0	0	0	0	0	0
A	BL	2	83	9	1	BA1653	38140	9	10	0	0	0	0	0	0	1	0	0
A	BL	2	83	9	1	BA1653	38215	10	2	0	0	0	0	0	0	0	0	0
A	BL	2	83	9	1	BA1653	38216	2	6	0	0	0	0	0	0	0	0	0
A	BL	2	83	9	1	BA1653	38723	6	8	2	0	1	0	0	0	0	0	0
A	BL	2	83	9	1	BA1653	38729	8	0	0	0	0	0	0	0	1	0	0
A	BL	2	83	9	1	BA1653	38733	8	7	0	0	0	0	0	0	0	0	0
A	BL	2	83	9	1	BA1653	38757	7	8	2	0	1	0	0	0	0	0	0
A	BL	2	83	9	1	BA1653	38759	8	0	0	0	0	0	0	0	1	0	0
A	BL	2	83	9	1	BA1653	38767	8	7	0	0	0	0	0	0	0	0	0
A	BL	2	83	9	1	BA1653	38796	7	8	2	0	1	0	0	0	0	0	0
A	BL	2	83	9	1	BA1653	38806	8	7	0	0	0	0	0	0	1	0	0
A	BL	2	83	9	1	BA1653	38842	7	8	2	0	1	0	0	0	0	0	0
A	BL	2	83	9	1	BA1653	38844	8	0	0	0	0	0	0	0	1	0	0
A	BL	2	83	9	1	BA1653	38852	8	7	0	0	0	0	0	0	0	0	0
A	BL	2	83	9	1	BA1653	38890	7	8	2	0	1	0	0	0	0	0	0
A	BL	2	83	9	1	BA1653	38900	8	7	0	0	0	0	0	0	0	0	0
A	BL	2	83	9	1	BA1653	38925	7	0	0	0	0	0	0	0	1	0	0
A	BL	2	83	9	1	BA1653	39006	7	8	2	0	1	0	0	0	0	0	0
A	BL	2	83	9	1	BA1653	39016	8	7	0	0	0	0	0	0	0	0	0
A	BL	2	83	9	1	BA1653	39066	7	0	0	0	0	0	0	0	1	0	0
A	BL	2	83	9	1	BA1653	39134	7	8	2	0	1	0	0	0	0	0	0
A	BL	2	83	9	1	BA1653	39144	8	7	0	0	0	0	0	0	0	0	0
A	BL	2	83	9	1	BA1653	39166	7	0	0	0	0	0	0	0	1	0	0
A	BL	2	83	9	1	BA1653	39231	7	8	2	0	1	0	0	0	0	0	0
A	BL	2	83	9	1	BA1653	39241	8	7	0	0	0	0	0	0	0	0	0
A	BL	2	83	9	1	BA1653	39270	7	0	0	0	0	0	0	0	1	0	0
A	BL	2	83	9	1	BA1653	39271	7	8	2	0	1	0	0	0	0	0	0
A	BL	2	83	9	1	BA1653	39281	8	7	0	0	0	0	0	0	0	0	0
A	BL	2	83	9	1	BA1653	39320	7	0	0	0	0	0	0	0	1	0	0
A	BL	2	83	9	1	BA1653	39329	7	8	2	0	1	0	0	0	0	0	0
A	BL	2	83	9	1	BA1653	39338	8	0	0	0	0	0	0	0	1	0	0
A	BL	2	83	9	1	BA1653	39339	8	9	0	0	1	0	0	0	0	0	0
A	BL	2	83	9	1	BA1653	39347	9	0	0	0	0	0	0	0	1	0	0
A	BL	2	83	9	1	BA1653	39349	9	-1	0	0	0	0	0	0	0	0	0
