Project	UserID	Protocol	Session	Station	Run	Subject	Time	Current State	Transition State	Transition Event	A1 - LEFT	A2 - RIGH	A3 - 	A4 - 	A[1] LEFT	A[2] RIGH	A[3] 	A[4] 
A	BL	1	82	9	1	BA1651	0	0	1	0	0	0	0	0	0	0	0	0
A	BL	1	82	9	1	BA1651	50	1	2	0	0	0	0	0	0	0	0	0
A	BL	1	82	9	1	BA1651	51	2	3	0	0	0	0	0	0	0	0	0
A	BL	1	82	9	1	BA1651	595	3	5	1	1	0	0	0	0	0	0	0
A	BL	1	82	9	1	BA1651	605	5	4	0	0	0	0	0	0	0	0	0
A	BL	1	82	9	1	BA1651	615	4	0	0	0	0	0	0	1	0	0	0
A	BL	1	82	9	1	BA1651	620	4	5	1	1	0	0	0	0	0	0	0
A	BL	1	82	9	1	BA1651	630	5	4	0	0	0	0	0	0	0	0	0
A	BL	1	82	9	1	BA1651	640	4	0	0	0	0	0	0	1	0	0	0
A	BL	1	82	9	1	BA1651	643	4	5	1	1	0	0	0	0	0	0	0
A	BL	1	82	9	1	BA1651	653	5	4	0	0	0	0	0	0	0	0	0
A	BL	1	82	9	1	BA1651	683	4	0	0	0	0	0	0	1	0	0	0
A	BL	1	82	9	1	BA1651	690	4	5	1	1	0	0	0	0	0	0	0
A	BL	1	82	9	1	BA1651	700	5	4	0	0	0	0	0	0	0	0	0
A	BL	1	82	9	1	BA1651	709	4	0	0	0	0	0	0	1	0	0	0
A	BL	1	82	9	1	BA1651	742	4	5	1	1	0	0	0	0	0	0	0
A	BL	1	82	9	1	BA1651	752	5	9	0	0	0	0	0	0	0	0	0
A	BL	1	82	9	1	BA1651	762	9	10	0	0	0	0	0	0	0	0	0
A	BL	1	82	9	1	BA1651	766	10	0	0	0	0	0	0	1	0	0	0
A	BL	1	82	9	1	BA1651	837	10	2	0	0	0	0	0	0	0	0	0
A	BL	1	82	9	1	BA1651	838	2	6	0	0	0	0	0	0	0	0	0
A	BL	1	82	9	1	BA1651	1032	6	8	2	0	1	0	0	0	0	0	0
A	BL	1	82	9	1	BA1651	1042	8	7	0	0	0	0	0	0	0	0	0
A	BL	1	82	9	1	BA1651	1051	7	0	0	0	0	0	0	0	1	0	0
A	BL	1	82	9	1	BA1651	1120	7	8	2	0	1	0	0	0	0	0	0
A	BL	1	82	9	1	BA1651	1130	8	7	0	0	0	0	0	0	0	0	0
A	BL	1	82	9	1	BA1651	1138	7	0	0	0	0	0	0	0	1	0	0
A	BL	1	82	9	1	BA1651	1148	7	8	2	0	1	0	0	0	0	0	0
A	BL	1	82	9	1	BA1651	1158	8	7	0	0	0	0	0	0	0	0	0
A	BL	1	82	9	1	BA1651	1165	7	0	0	0	0	0	0	0	1	0	0
A	BL	1	82	9	1	BA1651	1179	7	8	2	0	1	0	0	0	0	0	0
A	BL	1	82	9	1	BA1651	1189	8	7	0	0	0	0	0	0	1	0	0
A	BL	1	82	9	1	BA1651	1192	7	8	2	0	1	0	0	0	0	0	0
A	BL	1	82	9	1	BA1651	1199	8	0	0	0	0	0	0	0	1	0	0
A	BL	1	82	9	1	BA1651	1201	8	0	0	0	1	0	0	0	0	0	0
A	BL	1	82	9	1	BA1651	1202	8	7	0	0	0	0	0	0	0	0	0
A	BL	1	82	9	1	BA1651	1230	7	0	0	0	0	0	0	0	1	0	0
A	BL	1	82	9	1	BA1651	1234	7	8	2	0	1	0	0	0	0	0	0
A	BL	1	82	9	1	BA1651	1241	8	0	0	0	0	0	0	0	1	0	0
A	BL	1	82	9	1	BA1651	1244	8	7	0	0	0	0	0	0	0	0	0
A	BL	1	82	9	1	BA1651	1332	7	8	2	0	1	0	0	0	0	0	0
A	BL	1	82	9	1	BA1651	1342	8	7	0	0	0	0	0	0	0	0	0
A	BL	1	82	9	1	BA1651	1347	7	0	0	0	0	0	0	0	1	0	0
A	BL	1	82	9	1	BA1651	1367	7	8	2	0	1	0	0	0	0	0	0
A	BL	1	82	9	1	BA1651	1369	8	0	0	0	0	0	0	0	1	0	0
A	BL	1	82	9	1	BA1651	1371	8	0	0	0	1	0	0	0	0	0	0
A	BL	1	82	9	1	BA1651	1377	8	7	0	0	0	0	0	0	0	0	0
A	BL	1	82	9	1	BA1651	1395	7	0	0	0	0	0	0	0	1	0	0
A	BL	1	82	9	1	BA1651	1402	7	8	2	0	1	0	0	0	0	0	0
A	BL	1	82	9	1	BA1651	1412	8	7	0	0	0	0	0	0	0	0	0
A	BL	1	82	9	1	BA1651	1426	7	0	0	0	0	0	0	0	1	0	0
A	BL	1	82	9	1	BA1651	1434	7	8	2	0	1	0	0	0	0	0	0
A	BL	1	82	9	1	BA1651	1444	8	9	0	0	0	0	0	0	0	0	0
A	BL	1	82	9	1	BA1651	1454	9	10	0	0	0	0	0	0	1	0	0
A	BL	1	82	9	1	BA1651	1529	10	2	0	0	0	0	0	0	0	0	0
A	BL	1	82	9	1	BA1651	1530	2	6	0	0	0	0	0	0	0	0	0
A	BL	1	82	9	1	BA1651	1550	6	8	2	0	1	0	0	0	0	0	0
A	BL	1	82	9	1	BA1651	1560	8	7	0	0	0	0	0	0	0	0	0
A	BL	1	82	9	1	BA1651	1561	7	0	0	0	0	0	0	0	1	0	0
A	BL	1	82	9	1	BA1651	1564	7	8	2	0	1	0	0	0	0	0	0
A	BL	1	82	9	1	BA1651	1574	8	7	0	0	0	0	0	0	0	0	0
A	BL	1	82	9	1	BA1651	1592	7	0	0	0	0	0	0	0	1	0	0
A	BL	1	82	9	1	BA1651	1599	7	8	2	0	1	0	0	0	0	0	0
A	BL	1	82	9	1	BA1651	1609	8	7	0	0	0	0	0	0	0	0	0
A	BL	1	82	9	1	BA1651	1622	7	0	0	0	0	0	0	0	1	0	0
A	BL	1	82	9	1	BA1651	1625	7	8	2	0	1	0	0	0	0	0	0
A	BL	1	82	9	1	BA1651	1635	8	7	0	0	0	0	0	0	0	0	0
A	BL	1	82	9	1	BA1651	1642	7	0	0	0	0	0	0	0	1	0	0
A	BL	1	82	9	1	BA1651	1646	7	8	2	0	1	0	0	0	0	0	0
A	BL	1	82	9	1	BA1651	1656	8	7	0	0	0	0	0	0	0	0	0
A	BL	1	82	9	1	BA1651	1665	7	0	0	0	0	0	0	0	1	0	0
A	BL	1	82	9	1	BA1651	1670	7	8	2	0	1	0	0	0	0	0	0
A	BL	1	82	9	1	BA1651	1676	8	0	0	0	0	0	0	0	1	0	0
A	BL	1	82	9	1	BA1651	1680	8	7	0	0	0	0	0	0	0	0	0
A	BL	1	82	9	1	BA1651	1699	7	8	2	0	1	0	0	0	0	0	0
A	BL	1	82	9	1	BA1651	1709	8	7	0	0	0	0	0	0	0	0	0
A	BL	1	82	9	1	BA1651	1743	7	0	0	0	0	0	0	0	1	0	0
A	BL	1	82	9	1	BA1651	1747	7	8	2	0	1	0	0	0	0	0	0
A	BL	1	82	9	1	BA1651	1757	8	7	0	0	0	0	0	0	0	0	0
A	BL	1	82	9	1	BA1651	1767	7	0	0	0	0	0	0	0	1	0	0
A	BL	1	82	9	1	BA1651	1769	7	8	2	0	1	0	0	0	0	0	0
A	BL	1	82	9	1	BA1651	1779	8	7	0	0	0	0	0	0	0	0	0
A	BL	1	82	9	1	BA1651	1804	7	0	0	0	0	0	0	0	1	0	0
A	BL	1	82	9	1	BA1651	1809	7	8	2	0	1	0	0	0	0	0	0
A	BL	1	82	9	1	BA1651	1819	8	9	0	0	0	0	0	0	0	0	0
A	BL	1	82	9	1	BA1651	1829	9	10	0	0	0	0	0	0	1	0	0
A	BL	1	82	9	1	BA1651	1904	10	2	0	0	0	0	0	0	0	0	0
A	BL	1	82	9	1	BA1651	1905	2	6	0	0	0	0	0	0	0	0	0
A	BL	1	82	9	1	BA1651	1917	6	8	2	0	1	0	0	0	0	0	0
A	BL	1	82	9	1	BA1651	1926	8	0	0	0	0	0	0	0	1	0	0
A	BL	1	82	9	1	BA1651	1927	8	7	0	0	1	0	0	0	0	0	0
A	BL	1	82	9	1	BA1651	1939	7	0	0	0	0	0	0	0	1	0	0
A	BL	1	82	9	1	BA1651	1943	7	8	2	0	1	0	0	0	0	0	0
A	BL	1	82	9	1	BA1651	1951	8	0	0	0	0	0	0	0	1	0	0
A	BL	1	82	9	1	BA1651	1953	8	7	0	0	0	0	0	0	0	0	0
A	BL	1	82	9	1	BA1651	1982	7	8	2	0	1	0	0	0	0	0	0
A	BL	1	82	9	1	BA1651	1992	8	7	0	0	0	0	0	0	0	0	0
A	BL	1	82	9	1	BA1651	2008	7	0	0	0	0	0	0	0	1	0	0
A	BL	1	82	9	1	BA1651	2016	7	8	2	0	1	0	0	0	0	0	0
A	BL	1	82	9	1	BA1651	2026	8	7	0	0	0	0	0	0	0	0	0
A	BL	1	82	9	1	BA1651	2028	7	0	0	0	0	0	0	0	1	0	0
A	BL	1	82	9	1	BA1651	2029	7	8	2	0	1	0	0	0	0	0	0
A	BL	1	82	9	1	BA1651	2039	8	7	0	0	0	0	0	0	0	0	0
A	BL	1	82	9	1	BA1651	2050	7	0	0	0	0	0	0	0	1	0	0
A	BL	1	82	9	1	BA1651	2063	7	8	2	0	1	0	0	0	0	0	0
A	BL	1	82	9	1	BA1651	2073	8	7	0	0	0	0	0	0	0	0	0
A	BL	1	82	9	1	BA1651	2086	7	0	0	0	0	0	0	0	1	0	0
A	BL	1	82	9	1	BA1651	2094	7	8	2	0	1	0	0	0	0	0	0
A	BL	1	82	9	1	BA1651	2095	8	0	0	0	0	0	0	0	1	0	0
A	BL	1	82	9	1	BA1651	2102	8	0	0	0	1	0	0	0	0	0	0
A	BL	1	82	9	1	BA1651	2104	8	7	0	0	0	0	0	0	0	0	0
A	BL	1	82	9	1	BA1651	2121	7	0	0	0	0	0	0	0	1	0	0
A	BL	1	82	9	1	BA1651	2125	7	8	2	0	1	0	0	0	0	0	0
A	BL	1	82	9	1	BA1651	2127	8	0	0	0	0	0	0	0	1	0	0
A	BL	1	82	9	1	BA1651	2129	8	0	0	0	1	0	0	0	0	0	0
A	BL	1	82	9	1	BA1651	2135	8	7	0	0	0	0	0	0	0	0	0
A	BL	1	82	9	1	BA1651	2149	7	0	0	0	0	0	0	0	1	0	0
A	BL	1	82	9	1	BA1651	2152	7	8	2	0	1	0	0	0	0	0	0
A	BL	1	82	9	1	BA1651	2162	8	7	0	0	0	0	0	0	0	0	0
A	BL	1	82	9	1	BA1651	2164	7	0	0	0	0	0	0	0	1	0	0
A	BL	1	82	9	1	BA1651	2172	7	8	2	0	1	0	0	0	0	0	0
A	BL	1	82	9	1	BA1651	2182	8	9	0	0	0	0	0	0	0	0	0
A	BL	1	82	9	1	BA1651	2188	9	0	0	0	0	0	0	0	1	0	0
A	BL	1	82	9	1	BA1651	2192	9	10	0	0	0	0	0	0	0	0	0
A	BL	1	82	9	1	BA1651	2267	10	2	0	0	0	0	0	0	0	0	0
A	BL	1	82	9	1	BA1651	2268	2	3	0	0	0	0	0	0	0	0	0
A	BL	1	82	9	1	BA1651	2402	3	5	1	1	0	0	0	0	0	0	0
A	BL	1	82	9	1	BA1651	2412	5	4	0	0	0	0	0	0	0	0	0
A	BL	1	82	9	1	BA1651	2419	4	0	0	0	0	0	0	1	0	0	0
A	BL	1	82	9	1	BA1651	2422	4	5	1	1	0	0	0	0	0	0	0
A	BL	1	82	9	1	BA1651	2432	5	4	0	0	0	0	0	0	0	0	0
A	BL	1	82	9	1	BA1651	2511	4	0	0	0	0	0	0	1	0	0	0
A	BL	1	82	9	1	BA1651	2525	4	5	1	1	0	0	0	0	0	0	0
A	BL	1	82	9	1	BA1651	2535	5	4	0	0	0	0	0	0	0	0	0
A	BL	1	82	9	1	BA1651	2563	4	0	0	0	0	0	0	1	0	0	0
A	BL	1	82	9	1	BA1651	2585	4	5	1	1	0	0	0	0	0	0	0
A	BL	1	82	9	1	BA1651	2595	5	4	0	0	0	0	0	0	0	0	0
A	BL	1	82	9	1	BA1651	2617	4	0	0	0	0	0	0	1	0	0	0
A	BL	1	82	9	1	BA1651	2619	4	5	1	1	0	0	0	0	0	0	0
A	BL	1	82	9	1	BA1651	2629	5	9	0	0	0	0	0	0	0	0	0
A	BL	1	82	9	1	BA1651	2639	9	10	0	0	0	0	0	0	0	0	0
A	BL	1	82	9	1	BA1651	2642	10	0	0	0	0	0	0	1	0	0	0
A	BL	1	82	9	1	BA1651	2714	10	2	0	0	0	0	0	0	0	0	0
A	BL	1	82	9	1	BA1651	2715	2	3	0	0	0	0	0	0	0	0	0
A	BL	1	82	9	1	BA1651	2769	3	5	1	1	0	0	0	0	0	0	0
A	BL	1	82	9	1	BA1651	2779	5	4	0	0	0	0	0	0	0	0	0
A	BL	1	82	9	1	BA1651	2784	4	0	0	0	0	0	0	1	0	0	0
A	BL	1	82	9	1	BA1651	2796	4	5	1	1	0	0	0	0	0	0	0
A	BL	1	82	9	1	BA1651	2806	5	4	0	0	0	0	0	0	0	0	0
A	BL	1	82	9	1	BA1651	2814	4	0	0	0	0	0	0	1	0	0	0
A	BL	1	82	9	1	BA1651	2816	4	5	1	1	0	0	0	0	0	0	0
A	BL	1	82	9	1	BA1651	2826	5	4	0	0	0	0	0	0	0	0	0
A	BL	1	82	9	1	BA1651	2839	4	0	0	0	0	0	0	1	0	0	0
A	BL	1	82	9	1	BA1651	2846	4	5	1	1	0	0	0	0	0	0	0
A	BL	1	82	9	1	BA1651	2856	5	4	0	0	0	0	0	0	0	0	0
A	BL	1	82	9	1	BA1651	2876	4	0	0	0	0	0	0	1	0	0	0
A	BL	1	82	9	1	BA1651	2895	4	5	1	1	0	0	0	0	0	0	0
A	BL	1	82	9	1	BA1651	2905	5	9	0	0	0	0	0	0	0	0	0
A	BL	1	82	9	1	BA1651	2915	9	10	0	0	0	0	0	0	0	0	0
A	BL	1	82	9	1	BA1651	2920	10	0	0	0	0	0	0	1	0	0	0
A	BL	1	82	9	1	BA1651	2990	10	2	0	0	0	0	0	0	0	0	0
A	BL	1	82	9	1	BA1651	2991	2	6	0	0	0	0	0	0	0	0	0
A	BL	1	82	9	1	BA1651	3037	6	0	0	1	0	0	0	0	0	0	0
A	BL	1	82	9	1	BA1651	3055	6	0	0	0	0	0	0	1	0	0	0
A	BL	1	82	9	1	BA1651	3079	6	0	0	1	0	0	0	0	0	0	0
A	BL	1	82	9	1	BA1651	3096	6	0	0	0	0	0	0	1	0	0	0
A	BL	1	82	9	1	BA1651	3129	6	8	2	0	1	0	0	0	0	0	0
A	BL	1	82	9	1	BA1651	3139	8	7	0	0	0	0	0	0	0	0	0
A	BL	1	82	9	1	BA1651	3148	7	0	0	0	0	0	0	0	1	0	0
A	BL	1	82	9	1	BA1651	3152	7	8	2	0	1	0	0	0	0	0	0
A	BL	1	82	9	1	BA1651	3155	8	0	0	0	0	0	0	0	1	0	0
A	BL	1	82	9	1	BA1651	3162	8	7	0	0	0	0	0	0	0	0	0
A	BL	1	82	9	1	BA1651	3164	7	8	2	0	1	0	0	0	0	0	0
A	BL	1	82	9	1	BA1651	3169	8	0	0	0	0	0	0	0	1	0	0
A	BL	1	82	9	1	BA1651	3172	8	0	0	0	1	0	0	0	0	0	0
A	BL	1	82	9	1	BA1651	3174	8	7	0	0	0	0	0	0	0	0	0
A	BL	1	82	9	1	BA1651	3186	7	0	0	0	0	0	0	0	1	0	0
A	BL	1	82	9	1	BA1651	3188	7	8	2	0	1	0	0	0	0	0	0
A	BL	1	82	9	1	BA1651	3198	8	7	0	0	0	0	0	0	0	0	0
A	BL	1	82	9	1	BA1651	3199	7	0	0	0	0	0	0	0	1	0	0
A	BL	1	82	9	1	BA1651	3262	7	8	2	0	1	0	0	0	0	0	0
A	BL	1	82	9	1	BA1651	3265	8	0	0	0	0	0	0	0	1	0	0
A	BL	1	82	9	1	BA1651	3272	8	7	0	0	0	0	0	0	0	0	0
A	BL	1	82	9	1	BA1651	3283	7	8	2	0	1	0	0	0	0	0	0
A	BL	1	82	9	1	BA1651	3293	8	7	0	0	0	0	0	0	0	0	0
A	BL	1	82	9	1	BA1651	3311	7	0	0	0	0	0	0	0	1	0	0
A	BL	1	82	9	1	BA1651	3343	7	8	2	0	1	0	0	0	0	0	0
A	BL	1	82	9	1	BA1651	3353	8	7	0	0	0	0	0	0	0	0	0
A	BL	1	82	9	1	BA1651	3354	7	0	0	0	0	0	0	0	1	0	0
A	BL	1	82	9	1	BA1651	3359	7	8	2	0	1	0	0	0	0	0	0
A	BL	1	82	9	1	BA1651	3363	8	0	0	0	0	0	0	0	1	0	0
A	BL	1	82	9	1	BA1651	3369	8	7	0	0	0	0	0	0	0	0	0
A	BL	1	82	9	1	BA1651	3389	7	8	2	0	1	0	0	0	0	0	0
A	BL	1	82	9	1	BA1651	3399	8	7	0	0	0	0	0	0	0	0	0
A	BL	1	82	9	1	BA1651	3423	7	0	0	0	0	0	0	0	1	0	0
A	BL	1	82	9	1	BA1651	3427	7	8	2	0	1	0	0	0	0	0	0
A	BL	1	82	9	1	BA1651	3437	8	9	0	0	0	0	0	0	0	0	0
A	BL	1	82	9	1	BA1651	3438	9	0	0	0	0	0	0	0	1	0	0
A	BL	1	82	9	1	BA1651	3447	9	10	0	0	0	0	0	0	0	0	0
A	BL	1	82	9	1	BA1651	3522	10	2	0	0	0	0	0	0	0	0	0
A	BL	1	82	9	1	BA1651	3523	2	6	0	0	0	0	0	0	0	0	0
A	BL	1	82	9	1	BA1651	3527	6	8	2	0	1	0	0	0	0	0	0
A	BL	1	82	9	1	BA1651	3533	8	0	0	0	0	0	0	0	1	0	0
A	BL	1	82	9	1	BA1651	3537	8	7	0	0	0	0	0	0	0	0	0
A	BL	1	82	9	1	BA1651	3558	7	8	2	0	1	0	0	0	0	0	0
A	BL	1	82	9	1	BA1651	3564	8	0	0	0	0	0	0	0	1	0	0
A	BL	1	82	9	1	BA1651	3568	8	7	0	0	1	0	0	0	0	0	0
A	BL	1	82	9	1	BA1651	3582	7	0	0	0	0	0	0	0	1	0	0
A	BL	1	82	9	1	BA1651	3608	7	8	2	0	1	0	0	0	0	0	0
A	BL	1	82	9	1	BA1651	3618	8	7	0	0	0	0	0	0	0	0	0
A	BL	1	82	9	1	BA1651	3626	7	0	0	0	0	0	0	0	1	0	0
A	BL	1	82	9	1	BA1651	3656	7	8	2	0	1	0	0	0	0	0	0
A	BL	1	82	9	1	BA1651	3661	8	0	0	0	0	0	0	0	1	0	0
A	BL	1	82	9	1	BA1651	3666	8	7	0	0	0	0	0	0	0	0	0
A	BL	1	82	9	1	BA1651	3669	7	8	2	0	1	0	0	0	0	0	0
A	BL	1	82	9	1	BA1651	3672	8	0	0	0	0	0	0	0	1	0	0
A	BL	1	82	9	1	BA1651	3679	8	7	0	0	0	0	0	0	0	0	0
A	BL	1	82	9	1	BA1651	3691	7	8	2	0	1	0	0	0	0	0	0
A	BL	1	82	9	1	BA1651	3701	8	7	0	0	0	0	0	0	0	0	0
A	BL	1	82	9	1	BA1651	3708	7	0	0	0	0	0	0	0	1	0	0
A	BL	1	82	9	1	BA1651	3715	7	8	2	0	1	0	0	0	0	0	0
A	BL	1	82	9	1	BA1651	3725	8	7	0	0	0	0	0	0	0	0	0
A	BL	1	82	9	1	BA1651	3729	7	0	0	0	0	0	0	0	1	0	0
A	BL	1	82	9	1	BA1651	3732	7	8	2	0	1	0	0	0	0	0	0
A	BL	1	82	9	1	BA1651	3742	8	7	0	0	0	0	0	0	0	0	0
A	BL	1	82	9	1	BA1651	3754	7	0	0	0	0	0	0	0	1	0	0
A	BL	1	82	9	1	BA1651	3761	7	8	2	0	1	0	0	0	0	0	0
A	BL	1	82	9	1	BA1651	3771	8	7	0	0	0	0	0	0	0	0	0
A	BL	1	82	9	1	BA1651	3780	7	0	0	0	0	0	0	0	1	0	0
A	BL	1	82	9	1	BA1651	3813	7	8	2	0	1	0	0	0	0	0	0
A	BL	1	82	9	1	BA1651	3822	8	0	0	0	0	0	0	0	1	0	0
A	BL	1	82	9	1	BA1651	3823	8	9	0	0	0	0	0	0	0	0	0
A	BL	1	82	9	1	BA1651	3833	9	10	0	0	0	0	0	0	0	0	0
A	BL	1	82	9	1	BA1651	3908	10	2	0	0	0	0	0	0	0	0	0
A	BL	1	82	9	1	BA1651	3909	2	6	0	0	0	0	0	0	0	0	0
A	BL	1	82	9	1	BA1651	4013	6	8	2	0	1	0	0	0	0	0	0
A	BL	1	82	9	1	BA1651	4023	8	7	0	0	0	0	0	0	0	0	0
A	BL	1	82	9	1	BA1651	4028	7	0	0	0	0	0	0	0	1	0	0
A	BL	1	82	9	1	BA1651	4195	7	8	2	0	1	0	0	0	0	0	0
A	BL	1	82	9	1	BA1651	4205	8	7	0	0	0	0	0	0	0	0	0
A	BL	1	82	9	1	BA1651	4212	7	0	0	0	0	0	0	0	1	0	0
A	BL	1	82	9	1	BA1651	4238	7	8	2	0	1	0	0	0	0	0	0
A	BL	1	82	9	1	BA1651	4248	8	7	0	0	0	0	0	0	0	0	0
A	BL	1	82	9	1	BA1651	4255	7	0	0	0	0	0	0	0	1	0	0
A	BL	1	82	9	1	BA1651	4332	7	8	2	0	1	0	0	0	0	0	0
A	BL	1	82	9	1	BA1651	4342	8	7	0	0	0	0	0	0	0	0	0
A	BL	1	82	9	1	BA1651	4343	7	0	0	0	0	0	0	0	1	0	0
A	BL	1	82	9	1	BA1651	4381	7	8	2	0	1	0	0	0	0	0	0
A	BL	1	82	9	1	BA1651	4385	8	0	0	0	0	0	0	0	1	0	0
A	BL	1	82	9	1	BA1651	4391	8	7	0	0	1	0	0	0	0	0	0
A	BL	1	82	9	1	BA1651	4396	7	0	0	0	0	0	0	0	1	0	0
A	BL	1	82	9	1	BA1651	4415	7	8	2	0	1	0	0	0	0	0	0
A	BL	1	82	9	1	BA1651	4425	8	7	0	0	0	0	0	0	0	0	0
A	BL	1	82	9	1	BA1651	4451	7	0	0	0	0	0	0	0	1	0	0
A	BL	1	82	9	1	BA1651	4460	7	8	2	0	1	0	0	0	0	0	0
A	BL	1	82	9	1	BA1651	4470	8	7	0	0	0	0	0	0	0	0	0
A	BL	1	82	9	1	BA1651	4482	7	0	0	0	0	0	0	0	1	0	0
A	BL	1	82	9	1	BA1651	4496	7	8	2	0	1	0	0	0	0	0	0
A	BL	1	82	9	1	BA1651	4506	8	7	0	0	0	0	0	0	0	0	0
A	BL	1	82	9	1	BA1651	4519	7	0	0	0	0	0	0	0	1	0	0
A	BL	1	82	9	1	BA1651	4531	7	8	2	0	1	0	0	0	0	0	0
A	BL	1	82	9	1	BA1651	4541	8	7	0	0	0	0	0	0	0	0	0
A	BL	1	82	9	1	BA1651	4581	7	0	0	0	0	0	0	0	1	0	0
A	BL	1	82	9	1	BA1651	4601	7	8	2	0	1	0	0	0	0	0	0
A	BL	1	82	9	1	BA1651	4602	8	0	0	0	0	0	0	0	1	0	0
A	BL	1	82	9	1	BA1651	4604	8	0	0	0	1	0	0	0	0	0	0
A	BL	1	82	9	1	BA1651	4611	8	9	0	0	0	0	0	0	0	0	0
A	BL	1	82	9	1	BA1651	4620	9	0	0	0	0	0	0	0	1	0	0
A	BL	1	82	9	1	BA1651	4621	9	10	0	0	0	0	0	0	0	0	0
A	BL	1	82	9	1	BA1651	4696	10	2	0	0	0	0	0	0	0	0	0
A	BL	1	82	9	1	BA1651	4697	2	3	0	0	0	0	0	0	0	0	0
A	BL	1	82	9	1	BA1651	4908	3	5	1	1	0	0	0	0	0	0	0
A	BL	1	82	9	1	BA1651	4918	5	4	0	0	0	0	0	0	0	0	0
A	BL	1	82	9	1	BA1651	4921	4	0	0	0	0	0	0	1	0	0	0
A	BL	1	82	9	1	BA1651	4942	4	5	1	1	0	0	0	0	0	0	0
A	BL	1	82	9	1	BA1651	4952	5	4	0	0	0	0	0	0	0	0	0
A	BL	1	82	9	1	BA1651	4959	4	0	0	0	0	0	0	1	0	0	0
A	BL	1	82	9	1	BA1651	4965	4	5	1	1	0	0	0	0	0	0	0
A	BL	1	82	9	1	BA1651	4975	5	4	0	0	0	0	0	0	0	0	0
A	BL	1	82	9	1	BA1651	5024	4	0	0	0	0	0	0	1	0	0	0
A	BL	1	82	9	1	BA1651	5084	4	5	1	1	0	0	0	0	0	0	0
A	BL	1	82	9	1	BA1651	5094	5	4	0	0	0	0	0	0	0	0	0
A	BL	1	82	9	1	BA1651	5107	4	0	0	0	0	0	0	1	0	0	0
A	BL	1	82	9	1	BA1651	5144	4	5	1	1	0	0	0	0	0	0	0
A	BL	1	82	9	1	BA1651	5154	5	9	0	0	0	0	0	0	0	0	0
A	BL	1	82	9	1	BA1651	5164	9	10	0	0	0	0	0	0	0	0	0
A	BL	1	82	9	1	BA1651	5169	10	0	0	0	0	0	0	1	0	0	0
A	BL	1	82	9	1	BA1651	5239	10	2	0	0	0	0	0	0	0	0	0
A	BL	1	82	9	1	BA1651	5240	2	6	0	0	0	0	0	0	0	0	0
A	BL	1	82	9	1	BA1651	5252	6	0	0	1	0	0	0	0	0	0	0
A	BL	1	82	9	1	BA1651	5268	6	0	0	0	0	0	0	1	0	0	0
A	BL	1	82	9	1	BA1651	5280	6	0	0	1	0	0	0	0	0	0	0
A	BL	1	82	9	1	BA1651	5322	6	0	0	0	0	0	0	1	0	0	0
A	BL	1	82	9	1	BA1651	5397	6	0	0	1	0	0	0	0	0	0	0
A	BL	1	82	9	1	BA1651	5447	6	0	0	0	0	0	0	1	0	0	0
A	BL	1	82	9	1	BA1651	5451	6	0	0	1	0	0	0	0	0	0	0
A	BL	1	82	9	1	BA1651	5479	6	0	0	0	0	0	0	1	0	0	0
A	BL	1	82	9	1	BA1651	5578	6	0	0	1	0	0	0	0	0	0	0
A	BL	1	82	9	1	BA1651	5610	6	0	0	0	0	0	0	1	0	0	0
A	BL	1	82	9	1	BA1651	5614	6	0	0	1	0	0	0	0	0	0	0
A	BL	1	82	9	1	BA1651	5645	6	0	0	0	0	0	0	1	0	0	0
A	BL	1	82	9	1	BA1651	5648	6	0	0	1	0	0	0	0	0	0	0
A	BL	1	82	9	1	BA1651	5732	6	0	0	0	0	0	0	1	0	0	0
A	BL	1	82	9	1	BA1651	5757	6	0	0	1	0	0	0	0	0	0	0
A	BL	1	82	9	1	BA1651	5783	6	0	0	0	0	0	0	1	0	0	0
A	BL	1	82	9	1	BA1651	5803	6	0	0	1	0	0	0	0	0	0	0
A	BL	1	82	9	1	BA1651	5836	6	0	0	0	0	0	0	1	0	0	0
A	BL	1	82	9	1	BA1651	5864	6	0	0	1	0	0	0	0	0	0	0
A	BL	1	82	9	1	BA1651	5920	6	0	0	0	0	0	0	1	0	0	0
A	BL	1	82	9	1	BA1651	6054	6	8	2	0	1	0	0	0	0	0	0
A	BL	1	82	9	1	BA1651	6060	8	0	0	0	0	0	0	0	1	0	0
A	BL	1	82	9	1	BA1651	6064	8	7	0	0	0	0	0	0	0	0	0
A	BL	1	82	9	1	BA1651	6111	7	8	2	0	1	0	0	0	0	0	0
A	BL	1	82	9	1	BA1651	6121	8	7	0	0	0	0	0	0	0	0	0
A	BL	1	82	9	1	BA1651	6124	7	0	0	0	0	0	0	0	1	0	0
A	BL	1	82	9	1	BA1651	6129	7	8	2	0	1	0	0	0	0	0	0
A	BL	1	82	9	1	BA1651	6138	8	0	0	0	0	0	0	0	1	0	0
A	BL	1	82	9	1	BA1651	6139	8	7	0	0	0	0	0	0	0	0	0
A	BL	1	82	9	1	BA1651	6145	7	8	2	0	1	0	0	0	0	0	0
A	BL	1	82	9	1	BA1651	6153	8	0	0	0	0	0	0	0	1	0	0
A	BL	1	82	9	1	BA1651	6155	8	7	0	0	0	0	0	0	0	0	0
A	BL	1	82	9	1	BA1651	6162	7	8	2	0	1	0	0	0	0	0	0
A	BL	1	82	9	1	BA1651	6163	8	0	0	0	0	0	0	0	1	0	0
A	BL	1	82	9	1	BA1651	6172	8	7	0	0	0	0	0	0	0	0	0
A	BL	1	82	9	1	BA1651	6186	7	8	2	0	1	0	0	0	0	0	0
A	BL	1	82	9	1	BA1651	6188	8	0	0	0	0	0	0	0	1	0	0
A	BL	1	82	9	1	BA1651	6196	8	7	0	0	0	0	0	0	0	0	0
A	BL	1	82	9	1	BA1651	6201	7	8	2	0	1	0	0	0	0	0	0
A	BL	1	82	9	1	BA1651	6202	8	0	0	0	0	0	0	0	1	0	0
A	BL	1	82	9	1	BA1651	6204	8	0	0	0	1	0	0	0	0	0	0
A	BL	1	82	9	1	BA1651	6211	8	7	0	0	0	0	0	0	0	0	0
A	BL	1	82	9	1	BA1651	6215	7	0	0	0	0	0	0	0	1	0	0
A	BL	1	82	9	1	BA1651	6229	7	8	2	0	1	0	0	0	0	0	0
A	BL	1	82	9	1	BA1651	6239	8	7	0	0	0	0	0	0	0	0	0
A	BL	1	82	9	1	BA1651	6246	7	0	0	0	0	0	0	0	1	0	0
A	BL	1	82	9	1	BA1651	6247	7	8	2	0	1	0	0	0	0	0	0
A	BL	1	82	9	1	BA1651	6257	8	7	0	0	0	0	0	0	0	0	0
A	BL	1	82	9	1	BA1651	6269	7	0	0	0	0	0	0	0	1	0	0
A	BL	1	82	9	1	BA1651	6274	7	8	2	0	1	0	0	0	0	0	0
A	BL	1	82	9	1	BA1651	6275	8	0	0	0	0	0	0	0	1	0	0
A	BL	1	82	9	1	BA1651	6277	8	0	0	0	1	0	0	0	0	0	0
A	BL	1	82	9	1	BA1651	6284	8	9	0	0	0	0	0	0	1	0	0
A	BL	1	82	9	1	BA1651	6286	9	0	0	0	1	0	0	0	0	0	0
A	BL	1	82	9	1	BA1651	6294	9	10	0	0	0	0	0	0	1	0	0
A	BL	1	82	9	1	BA1651	6369	10	2	0	0	0	0	0	0	0	0	0
A	BL	1	82	9	1	BA1651	6370	2	3	0	0	0	0	0	0	0	0	0
A	BL	1	82	9	1	BA1651	6540	3	5	1	1	0	0	0	0	0	0	0
A	BL	1	82	9	1	BA1651	6550	5	4	0	0	0	0	0	0	0	0	0
A	BL	1	82	9	1	BA1651	6560	4	0	0	0	0	0	0	1	0	0	0
A	BL	1	82	9	1	BA1651	6609	4	5	1	1	0	0	0	0	0	0	0
A	BL	1	82	9	1	BA1651	6617	5	0	0	0	0	0	0	1	0	0	0
A	BL	1	82	9	1	BA1651	6619	5	4	0	0	0	0	0	0	0	0	0
A	BL	1	82	9	1	BA1651	6638	4	5	1	1	0	0	0	0	0	0	0
A	BL	1	82	9	1	BA1651	6648	5	4	0	0	0	0	0	0	0	0	0
A	BL	1	82	9	1	BA1651	6649	4	0	0	0	0	0	0	1	0	0	0
A	BL	1	82	9	1	BA1651	6668	4	5	1	1	0	0	0	0	0	0	0
A	BL	1	82	9	1	BA1651	6674	5	0	0	0	0	0	0	1	0	0	0
A	BL	1	82	9	1	BA1651	6678	5	4	0	0	0	0	0	0	0	0	0
A	BL	1	82	9	1	BA1651	6682	4	5	1	1	0	0	0	0	0	0	0
A	BL	1	82	9	1	BA1651	6692	5	9	0	0	0	0	0	0	0	0	0
A	BL	1	82	9	1	BA1651	6702	9	10	0	0	0	0	0	0	0	0	0
A	BL	1	82	9	1	BA1651	6706	10	0	0	0	0	0	0	1	0	0	0
A	BL	1	82	9	1	BA1651	6777	10	2	0	0	0	0	0	0	0	0	0
A	BL	1	82	9	1	BA1651	6778	2	3	0	0	0	0	0	0	0	0	0
A	BL	1	82	9	1	BA1651	6902	3	5	1	1	0	0	0	0	0	0	0
A	BL	1	82	9	1	BA1651	6912	5	4	0	0	0	0	0	0	0	0	0
A	BL	1	82	9	1	BA1651	6914	4	0	0	0	0	0	0	1	0	0	0
A	BL	1	82	9	1	BA1651	6923	4	5	1	1	0	0	0	0	0	0	0
A	BL	1	82	9	1	BA1651	6933	5	4	0	0	0	0	0	0	0	0	0
A	BL	1	82	9	1	BA1651	7017	4	0	0	0	0	0	0	1	0	0	0
A	BL	1	82	9	1	BA1651	7057	4	5	1	1	0	0	0	0	0	0	0
A	BL	1	82	9	1	BA1651	7067	5	4	0	0	0	0	0	0	0	0	0
A	BL	1	82	9	1	BA1651	7113	4	0	0	0	0	0	0	1	0	0	0
A	BL	1	82	9	1	BA1651	7140	4	5	1	1	0	0	0	0	0	0	0
A	BL	1	82	9	1	BA1651	7150	5	4	0	0	0	0	0	0	0	0	0
A	BL	1	82	9	1	BA1651	7234	4	0	0	0	0	0	0	1	0	0	0
A	BL	1	82	9	1	BA1651	7238	4	5	1	1	0	0	0	0	0	0	0
A	BL	1	82	9	1	BA1651	7248	5	9	0	0	0	0	0	0	0	0	0
A	BL	1	82	9	1	BA1651	7258	9	10	0	0	0	0	0	0	0	0	0
A	BL	1	82	9	1	BA1651	7287	10	0	0	0	0	0	0	1	0	0	0
A	BL	1	82	9	1	BA1651	7333	10	2	0	0	0	0	0	0	0	0	0
A	BL	1	82	9	1	BA1651	7334	2	3	0	0	0	0	0	0	0	0	0
A	BL	1	82	9	1	BA1651	7429	3	5	1	1	0	0	0	0	0	0	0
A	BL	1	82	9	1	BA1651	7439	5	4	0	0	0	0	0	0	0	0	0
A	BL	1	82	9	1	BA1651	7597	4	0	0	0	0	0	0	1	0	0	0
A	BL	1	82	9	1	BA1651	7613	4	5	1	1	0	0	0	0	0	0	0
A	BL	1	82	9	1	BA1651	7623	5	4	0	0	0	0	0	0	0	0	0
A	BL	1	82	9	1	BA1651	7629	4	0	0	0	0	0	0	1	0	0	0
A	BL	1	82	9	1	BA1651	7668	4	5	1	1	0	0	0	0	0	0	0
A	BL	1	82	9	1	BA1651	7678	5	4	0	0	0	0	0	0	0	0	0
A	BL	1	82	9	1	BA1651	7685	4	0	0	0	0	0	0	1	0	0	0
A	BL	1	82	9	1	BA1651	7711	4	5	1	1	0	0	0	0	0	0	0
A	BL	1	82	9	1	BA1651	7721	5	4	0	0	0	0	0	0	0	0	0
A	BL	1	82	9	1	BA1651	7740	4	0	0	0	0	0	0	1	0	0	0
A	BL	1	82	9	1	BA1651	7744	4	5	1	1	0	0	0	0	0	0	0
A	BL	1	82	9	1	BA1651	7754	5	9	0	0	0	0	0	0	0	0	0
A	BL	1	82	9	1	BA1651	7764	9	10	0	0	0	0	0	0	0	0	0
A	BL	1	82	9	1	BA1651	7772	10	0	0	0	0	0	0	1	0	0	0
A	BL	1	82	9	1	BA1651	7839	10	2	0	0	0	0	0	0	0	0	0
A	BL	1	82	9	1	BA1651	7840	2	6	0	0	0	0	0	0	0	0	0
A	BL	1	82	9	1	BA1651	7973	6	8	2	0	1	0	0	0	0	0	0
A	BL	1	82	9	1	BA1651	7979	8	0	0	0	0	0	0	0	1	0	0
A	BL	1	82	9	1	BA1651	7983	8	7	0	0	0	0	0	0	0	0	0
A	BL	1	82	9	1	BA1651	8004	7	8	2	0	1	0	0	0	0	0	0
A	BL	1	82	9	1	BA1651	8014	8	7	0	0	0	0	0	0	0	0	0
A	BL	1	82	9	1	BA1651	8019	7	0	0	0	0	0	0	0	1	0	0
A	BL	1	82	9	1	BA1651	8033	7	8	2	0	1	0	0	0	0	0	0
A	BL	1	82	9	1	BA1651	8043	8	7	0	0	0	0	0	0	0	0	0
A	BL	1	82	9	1	BA1651	8061	7	0	0	0	0	0	0	0	1	0	0
A	BL	1	82	9	1	BA1651	8103	7	8	2	0	1	0	0	0	0	0	0
A	BL	1	82	9	1	BA1651	8113	8	7	0	0	0	0	0	0	0	0	0
A	BL	1	82	9	1	BA1651	8122	7	0	0	0	0	0	0	0	1	0	0
A	BL	1	82	9	1	BA1651	8125	7	8	2	0	1	0	0	0	0	0	0
A	BL	1	82	9	1	BA1651	8135	8	7	0	0	0	0	0	0	0	0	0
A	BL	1	82	9	1	BA1651	8160	7	0	0	0	0	0	0	0	1	0	0
A	BL	1	82	9	1	BA1651	8166	7	8	2	0	1	0	0	0	0	0	0
A	BL	1	82	9	1	BA1651	8176	8	7	0	0	0	0	0	0	0	0	0
A	BL	1	82	9	1	BA1651	8180	7	0	0	0	0	0	0	0	1	0	0
A	BL	1	82	9	1	BA1651	8183	7	8	2	0	1	0	0	0	0	0	0
A	BL	1	82	9	1	BA1651	8187	8	0	0	0	0	0	0	0	1	0	0
A	BL	1	82	9	1	BA1651	8191	8	0	0	0	1	0	0	0	0	0	0
A	BL	1	82	9	1	BA1651	8193	8	7	0	0	0	0	0	0	0	0	0
A	BL	1	82	9	1	BA1651	8209	7	0	0	0	0	0	0	0	1	0	0
A	BL	1	82	9	1	BA1651	8226	7	8	2	0	1	0	0	0	0	0	0
A	BL	1	82	9	1	BA1651	8236	8	7	0	0	0	0	0	0	1	0	0
A	BL	1	82	9	1	BA1651	8239	7	8	2	0	1	0	0	0	0	0	0
A	BL	1	82	9	1	BA1651	8249	8	7	0	0	0	0	0	0	0	0	0
A	BL	1	82	9	1	BA1651	8259	7	0	0	0	0	0	0	0	1	0	0
A	BL	1	82	9	1	BA1651	8266	7	8	2	0	1	0	0	0	0	0	0
A	BL	1	82	9	1	BA1651	8276	8	9	0	0	0	0	0	0	1	0	0
A	BL	1	82	9	1	BA1651	8277	9	0	0	0	1	0	0	0	0	0	0
A	BL	1	82	9	1	BA1651	8280	9	0	0	0	0	0	0	0	1	0	0
A	BL	1	82	9	1	BA1651	8286	9	10	0	0	0	0	0	0	0	0	0
A	BL	1	82	9	1	BA1651	8361	10	2	0	0	0	0	0	0	0	0	0
A	BL	1	82	9	1	BA1651	8362	2	6	0	0	0	0	0	0	0	0	0
A	BL	1	82	9	1	BA1651	8453	6	8	2	0	1	0	0	0	0	0	0
A	BL	1	82	9	1	BA1651	8460	8	0	0	0	0	0	0	0	1	0	0
A	BL	1	82	9	1	BA1651	8463	8	7	0	0	1	0	0	0	0	0	0
A	BL	1	82	9	1	BA1651	8475	7	0	0	0	0	0	0	0	1	0	0
A	BL	1	82	9	1	BA1651	8528	7	8	2	0	1	0	0	0	0	0	0
A	BL	1	82	9	1	BA1651	8538	8	7	0	0	0	0	0	0	0	0	0
A	BL	1	82	9	1	BA1651	8568	7	0	0	0	0	0	0	0	1	0	0
A	BL	1	82	9	1	BA1651	8605	7	8	2	0	1	0	0	0	0	0	0
A	BL	1	82	9	1	BA1651	8615	8	7	0	0	0	0	0	0	1	0	0
A	BL	1	82	9	1	BA1651	8634	7	8	2	0	1	0	0	0	0	0	0
A	BL	1	82	9	1	BA1651	8643	8	0	0	0	0	0	0	0	1	0	0
A	BL	1	82	9	1	BA1651	8644	8	7	0	0	0	0	0	0	0	0	0
A	BL	1	82	9	1	BA1651	8647	7	8	2	0	1	0	0	0	0	0	0
A	BL	1	82	9	1	BA1651	8657	8	7	0	0	0	0	0	0	0	0	0
A	BL	1	82	9	1	BA1651	8679	7	0	0	0	0	0	0	0	1	0	0
A	BL	1	82	9	1	BA1651	8697	7	8	2	0	1	0	0	0	0	0	0
A	BL	1	82	9	1	BA1651	8707	8	7	0	0	0	0	0	0	0	0	0
A	BL	1	82	9	1	BA1651	8712	7	0	0	0	0	0	0	0	1	0	0
A	BL	1	82	9	1	BA1651	8719	7	8	2	0	1	0	0	0	0	0	0
A	BL	1	82	9	1	BA1651	8725	8	0	0	0	0	0	0	0	1	0	0
A	BL	1	82	9	1	BA1651	8729	8	7	0	0	0	0	0	0	0	0	0
A	BL	1	82	9	1	BA1651	8731	7	8	2	0	1	0	0	0	0	0	0
A	BL	1	82	9	1	BA1651	8741	8	7	0	0	0	0	0	0	0	0	0
A	BL	1	82	9	1	BA1651	8770	7	0	0	0	0	0	0	0	1	0	0
A	BL	1	82	9	1	BA1651	8783	7	8	2	0	1	0	0	0	0	0	0
A	BL	1	82	9	1	BA1651	8793	8	7	0	0	0	0	0	0	0	0	0
A	BL	1	82	9	1	BA1651	8799	7	0	0	0	0	0	0	0	1	0	0
A	BL	1	82	9	1	BA1651	8811	7	8	2	0	1	0	0	0	0	0	0
A	BL	1	82	9	1	BA1651	8821	8	9	0	0	0	0	0	0	0	0	0
A	BL	1	82	9	1	BA1651	8831	9	10	0	0	0	0	0	0	0	0	0
A	BL	1	82	9	1	BA1651	8832	10	0	0	0	0	0	0	0	1	0	0
A	BL	1	82	9	1	BA1651	8906	10	2	0	0	0	0	0	0	0	0	0
A	BL	1	82	9	1	BA1651	8907	2	6	0	0	0	0	0	0	0	0	0
A	BL	1	82	9	1	BA1651	8999	6	8	2	0	1	0	0	0	0	0	0
A	BL	1	82	9	1	BA1651	9006	8	0	0	0	0	0	0	0	1	0	0
A	BL	1	82	9	1	BA1651	9008	8	0	0	0	1	0	0	0	0	0	0
A	BL	1	82	9	1	BA1651	9009	8	7	0	0	0	0	0	0	0	0	0
A	BL	1	82	9	1	BA1651	9012	7	0	0	0	0	0	0	0	1	0	0
A	BL	1	82	9	1	BA1651	9018	7	8	2	0	1	0	0	0	0	0	0
A	BL	1	82	9	1	BA1651	9020	8	0	0	0	0	0	0	0	1	0	0
A	BL	1	82	9	1	BA1651	9028	8	7	0	0	0	0	0	0	0	0	0
A	BL	1	82	9	1	BA1651	9032	7	8	2	0	1	0	0	0	0	0	0
A	BL	1	82	9	1	BA1651	9036	8	0	0	0	0	0	0	0	1	0	0
A	BL	1	82	9	1	BA1651	9037	8	0	0	0	1	0	0	0	0	0	0
A	BL	1	82	9	1	BA1651	9042	8	7	0	0	0	0	0	0	0	0	0
A	BL	1	82	9	1	BA1651	9049	7	0	0	0	0	0	0	0	1	0	0
A	BL	1	82	9	1	BA1651	9052	7	8	2	0	1	0	0	0	0	0	0
A	BL	1	82	9	1	BA1651	9060	8	0	0	0	0	0	0	0	1	0	0
A	BL	1	82	9	1	BA1651	9062	8	7	0	0	0	0	0	0	0	0	0
A	BL	1	82	9	1	BA1651	9078	7	8	2	0	1	0	0	0	0	0	0
A	BL	1	82	9	1	BA1651	9088	8	7	0	0	0	0	0	0	0	0	0
A	BL	1	82	9	1	BA1651	9097	7	0	0	0	0	0	0	0	1	0	0
A	BL	1	82	9	1	BA1651	9123	7	8	2	0	1	0	0	0	0	0	0
A	BL	1	82	9	1	BA1651	9131	8	0	0	0	0	0	0	0	1	0	0
A	BL	1	82	9	1	BA1651	9133	8	7	0	0	0	0	0	0	0	0	0
A	BL	1	82	9	1	BA1651	9139	7	8	2	0	1	0	0	0	0	0	0
A	BL	1	82	9	1	BA1651	9142	8	0	0	0	0	0	0	0	1	0	0
A	BL	1	82	9	1	BA1651	9148	8	0	0	0	1	0	0	0	0	0	0
A	BL	1	82	9	1	BA1651	9149	8	7	0	0	0	0	0	0	0	0	0
A	BL	1	82	9	1	BA1651	9163	7	0	0	0	0	0	0	0	1	0	0
A	BL	1	82	9	1	BA1651	9174	7	8	2	0	1	0	0	0	0	0	0
A	BL	1	82	9	1	BA1651	9184	8	7	0	0	0	0	0	0	0	0	0
A	BL	1	82	9	1	BA1651	9195	7	0	0	0	0	0	0	0	1	0	0
A	BL	1	82	9	1	BA1651	9203	7	8	2	0	1	0	0	0	0	0	0
A	BL	1	82	9	1	BA1651	9213	8	7	0	0	0	0	0	0	0	0	0
A	BL	1	82	9	1	BA1651	9218	7	0	0	0	0	0	0	0	1	0	0
A	BL	1	82	9	1	BA1651	9220	7	8	2	0	1	0	0	0	0	0	0
A	BL	1	82	9	1	BA1651	9230	8	9	0	0	0	0	0	0	0	0	0
A	BL	1	82	9	1	BA1651	9235	9	0	0	0	0	0	0	0	1	0	0
A	BL	1	82	9	1	BA1651	9240	9	10	0	0	0	0	0	0	0	0	0
A	BL	1	82	9	1	BA1651	9315	10	2	0	0	0	0	0	0	0	0	0
A	BL	1	82	9	1	BA1651	9316	2	3	0	0	0	0	0	0	0	0	0
A	BL	1	82	9	1	BA1651	9731	3	5	1	1	0	0	0	0	0	0	0
A	BL	1	82	9	1	BA1651	9741	5	4	0	0	0	0	0	0	0	0	0
A	BL	1	82	9	1	BA1651	9745	4	0	0	0	0	0	0	1	0	0	0
A	BL	1	82	9	1	BA1651	9759	4	5	1	1	0	0	0	0	0	0	0
A	BL	1	82	9	1	BA1651	9769	5	4	0	0	0	0	0	0	0	0	0
A	BL	1	82	9	1	BA1651	9838	4	0	0	0	0	0	0	1	0	0	0
A	BL	1	82	9	1	BA1651	9912	4	5	1	1	0	0	0	0	0	0	0
A	BL	1	82	9	1	BA1651	9922	5	4	0	0	0	0	0	0	0	0	0
A	BL	1	82	9	1	BA1651	9944	4	0	0	0	0	0	0	1	0	0	0
A	BL	1	82	9	1	BA1651	10033	4	5	1	1	0	0	0	0	0	0	0
A	BL	1	82	9	1	BA1651	10043	5	4	0	0	0	0	0	0	0	0	0
A	BL	1	82	9	1	BA1651	10104	4	0	0	0	0	0	0	1	0	0	0
A	BL	1	82	9	1	BA1651	10233	4	5	1	1	0	0	0	0	0	0	0
A	BL	1	82	9	1	BA1651	10241	5	0	0	0	0	0	0	1	0	0	0
A	BL	1	82	9	1	BA1651	10243	5	9	0	0	0	0	0	0	0	0	0
A	BL	1	82	9	1	BA1651	10253	9	10	0	0	0	0	0	0	0	0	0
A	BL	1	82	9	1	BA1651	10267	10	0	0	1	0	0	0	0	0	0	0
A	BL	1	82	9	1	BA1651	10280	10	0	0	0	0	0	0	1	0	0	0
A	BL	1	82	9	1	BA1651	10328	10	2	0	0	0	0	0	0	0	0	0
A	BL	1	82	9	1	BA1651	10329	2	3	0	0	0	0	0	0	0	0	0
A	BL	1	82	9	1	BA1651	10517	3	5	1	1	0	0	0	0	0	0	0
A	BL	1	82	9	1	BA1651	10527	5	4	0	0	0	0	0	0	0	0	0
A	BL	1	82	9	1	BA1651	10578	4	0	0	0	0	0	0	1	0	0	0
A	BL	1	82	9	1	BA1651	10585	4	5	1	1	0	0	0	0	0	0	0
A	BL	1	82	9	1	BA1651	10595	5	4	0	0	0	0	0	0	0	0	0
A	BL	1	82	9	1	BA1651	10605	4	0	0	0	0	0	0	1	0	0	0
A	BL	1	82	9	1	BA1651	10610	4	5	1	1	0	0	0	0	0	0	0
A	BL	1	82	9	1	BA1651	10620	5	4	0	0	0	0	0	0	0	0	0
A	BL	1	82	9	1	BA1651	10706	4	0	0	0	0	0	0	1	0	0	0
A	BL	1	82	9	1	BA1651	10857	4	5	1	1	0	0	0	0	0	0	0
A	BL	1	82	9	1	BA1651	10867	5	4	0	0	0	0	0	0	0	0	0
A	BL	1	82	9	1	BA1651	10927	4	0	0	0	0	0	0	1	0	0	0
A	BL	1	82	9	1	BA1651	11016	4	5	1	1	0	0	0	0	0	0	0
A	BL	1	82	9	1	BA1651	11026	5	9	0	0	0	0	0	0	0	0	0
A	BL	1	82	9	1	BA1651	11036	9	10	0	0	0	0	0	0	0	0	0
A	BL	1	82	9	1	BA1651	11041	10	0	0	0	0	0	0	1	0	0	0
A	BL	1	82	9	1	BA1651	11111	10	2	0	0	0	0	0	0	0	0	0
A	BL	1	82	9	1	BA1651	11112	2	3	0	0	0	0	0	0	0	0	0
A	BL	1	82	9	1	BA1651	11195	3	5	1	1	0	0	0	0	0	0	0
A	BL	1	82	9	1	BA1651	11205	5	4	0	0	0	0	0	0	0	0	0
A	BL	1	82	9	1	BA1651	11321	4	0	0	0	0	0	0	1	0	0	0
A	BL	1	82	9	1	BA1651	11442	4	5	1	1	0	0	0	0	0	0	0
A	BL	1	82	9	1	BA1651	11452	5	4	0	0	0	0	0	1	0	0	0
A	BL	1	82	9	1	BA1651	11477	4	5	1	1	0	0	0	0	0	0	0
A	BL	1	82	9	1	BA1651	11487	5	4	0	0	0	0	0	0	0	0	0
A	BL	1	82	9	1	BA1651	11494	4	0	0	0	0	0	0	1	0	0	0
A	BL	1	82	9	1	BA1651	11504	4	5	1	1	0	0	0	0	0	0	0
A	BL	1	82	9	1	BA1651	11514	5	4	0	0	0	0	0	0	0	0	0
A	BL	1	82	9	1	BA1651	11550	4	0	0	0	0	0	0	1	0	0	0
A	BL	1	82	9	1	BA1651	11727	4	5	1	1	0	0	0	0	0	0	0
A	BL	1	82	9	1	BA1651	11737	5	9	0	0	0	0	0	0	0	0	0
A	BL	1	82	9	1	BA1651	11747	9	10	0	0	0	0	0	0	0	0	0
A	BL	1	82	9	1	BA1651	11751	10	0	0	0	0	0	0	1	0	0	0
A	BL	1	82	9	1	BA1651	11822	10	2	0	0	0	0	0	0	0	0	0
A	BL	1	82	9	1	BA1651	11823	2	6	0	0	0	0	0	0	0	0	0
A	BL	1	82	9	1	BA1651	11952	6	8	2	0	1	0	0	0	0	0	0
A	BL	1	82	9	1	BA1651	11962	8	7	0	0	0	0	0	0	0	0	0
A	BL	1	82	9	1	BA1651	11963	7	0	0	0	0	0	0	0	1	0	0
A	BL	1	82	9	1	BA1651	11985	7	8	2	0	1	0	0	0	0	0	0
A	BL	1	82	9	1	BA1651	11991	8	0	0	0	0	0	0	0	1	0	0
A	BL	1	82	9	1	BA1651	11995	8	7	0	0	0	0	0	0	0	0	0
A	BL	1	82	9	1	BA1651	12005	7	8	2	0	1	0	0	0	0	0	0
A	BL	1	82	9	1	BA1651	12015	8	7	0	0	0	0	0	0	0	0	0
A	BL	1	82	9	1	BA1651	12017	7	0	0	0	0	0	0	0	1	0	0
A	BL	1	82	9	1	BA1651	12077	7	8	2	0	1	0	0	0	0	0	0
A	BL	1	82	9	1	BA1651	12085	8	0	0	0	0	0	0	0	1	0	0
A	BL	1	82	9	1	BA1651	12086	8	0	0	0	1	0	0	0	0	0	0
A	BL	1	82	9	1	BA1651	12087	8	7	0	0	0	0	0	0	0	0	0
A	BL	1	82	9	1	BA1651	12089	7	0	0	0	0	0	0	0	1	0	0
A	BL	1	82	9	1	BA1651	12100	7	8	2	0	1	0	0	0	0	0	0
A	BL	1	82	9	1	BA1651	12110	8	7	0	0	0	0	0	0	0	0	0
A	BL	1	82	9	1	BA1651	12140	7	0	0	0	0	0	0	0	1	0	0
A	BL	1	82	9	1	BA1651	12153	7	8	2	0	1	0	0	0	0	0	0
A	BL	1	82	9	1	BA1651	12161	8	0	0	0	0	0	0	0	1	0	0
A	BL	1	82	9	1	BA1651	12163	8	7	0	0	0	0	0	0	0	0	0
A	BL	1	82	9	1	BA1651	12164	7	8	2	0	1	0	0	0	0	0	0
A	BL	1	82	9	1	BA1651	12174	8	7	0	0	0	0	0	0	0	0	0
A	BL	1	82	9	1	BA1651	12178	7	0	0	0	0	0	0	0	1	0	0
A	BL	1	82	9	1	BA1651	12195	7	8	2	0	1	0	0	0	0	0	0
A	BL	1	82	9	1	BA1651	12205	8	7	0	0	0	0	0	0	0	0	0
A	BL	1	82	9	1	BA1651	12217	7	0	0	0	0	0	0	0	1	0	0
A	BL	1	82	9	1	BA1651	12220	7	8	2	0	1	0	0	0	0	0	0
A	BL	1	82	9	1	BA1651	12230	8	7	0	0	0	0	0	0	0	0	0
A	BL	1	82	9	1	BA1651	12268	7	0	0	0	0	0	0	0	1	0	0
A	BL	1	82	9	1	BA1651	12279	7	8	2	0	1	0	0	0	0	0	0
A	BL	1	82	9	1	BA1651	12289	8	9	0	0	0	0	0	0	0	0	0
A	BL	1	82	9	1	BA1651	12296	9	0	0	0	0	0	0	0	1	0	0
A	BL	1	82	9	1	BA1651	12299	9	10	0	0	0	0	0	0	0	0	0
A	BL	1	82	9	1	BA1651	12374	10	2	0	0	0	0	0	0	0	0	0
A	BL	1	82	9	1	BA1651	12375	2	6	0	0	0	0	0	0	0	0	0
A	BL	1	82	9	1	BA1651	12424	6	8	2	0	1	0	0	0	0	0	0
A	BL	1	82	9	1	BA1651	12434	8	7	0	0	0	0	0	0	0	0	0
A	BL	1	82	9	1	BA1651	12443	7	0	0	0	0	0	0	0	1	0	0
A	BL	1	82	9	1	BA1651	12478	7	8	2	0	1	0	0	0	0	0	0
A	BL	1	82	9	1	BA1651	12484	8	0	0	0	0	0	0	0	1	0	0
A	BL	1	82	9	1	BA1651	12488	8	7	0	0	0	0	0	0	0	0	0
A	BL	1	82	9	1	BA1651	12536	7	8	2	0	1	0	0	0	0	0	0
A	BL	1	82	9	1	BA1651	12546	8	7	0	0	0	0	0	0	0	0	0
A	BL	1	82	9	1	BA1651	12547	7	0	0	0	0	0	0	0	1	0	0
A	BL	1	82	9	1	BA1651	12553	7	8	2	0	1	0	0	0	0	0	0
A	BL	1	82	9	1	BA1651	12556	8	0	0	0	0	0	0	0	1	0	0
A	BL	1	82	9	1	BA1651	12559	8	0	0	0	1	0	0	0	0	0	0
A	BL	1	82	9	1	BA1651	12563	8	7	0	0	0	0	0	0	0	0	0
A	BL	1	82	9	1	BA1651	12566	7	0	0	0	0	0	0	0	1	0	0
A	BL	1	82	9	1	BA1651	12569	7	8	2	0	1	0	0	0	0	0	0
A	BL	1	82	9	1	BA1651	12579	8	7	0	0	0	0	0	0	0	0	0
A	BL	1	82	9	1	BA1651	12583	7	0	0	0	0	0	0	0	1	0	0
A	BL	1	82	9	1	BA1651	12585	7	8	2	0	1	0	0	0	0	0	0
A	BL	1	82	9	1	BA1651	12595	8	7	0	0	0	0	0	0	0	0	0
A	BL	1	82	9	1	BA1651	12613	7	0	0	0	0	0	0	0	1	0	0
A	BL	1	82	9	1	BA1651	12618	7	8	2	0	1	0	0	0	0	0	0
A	BL	1	82	9	1	BA1651	12628	8	7	0	0	0	0	0	0	0	0	0
A	BL	1	82	9	1	BA1651	12634	7	0	0	0	0	0	0	0	1	0	0
A	BL	1	82	9	1	BA1651	12637	7	8	2	0	1	0	0	0	0	0	0
A	BL	1	82	9	1	BA1651	12647	8	7	0	0	0	0	0	0	0	0	0
A	BL	1	82	9	1	BA1651	12660	7	0	0	0	0	0	0	0	1	0	0
A	BL	1	82	9	1	BA1651	12692	7	8	2	0	1	0	0	0	0	0	0
A	BL	1	82	9	1	BA1651	12702	8	7	0	0	0	0	0	0	0	0	0
A	BL	1	82	9	1	BA1651	12733	7	0	0	0	0	0	0	0	1	0	0
A	BL	1	82	9	1	BA1651	12741	7	8	2	0	1	0	0	0	0	0	0
A	BL	1	82	9	1	BA1651	12751	8	9	0	0	0	0	0	0	0	0	0
A	BL	1	82	9	1	BA1651	12754	9	0	0	0	0	0	0	0	1	0	0
A	BL	1	82	9	1	BA1651	12761	9	10	0	0	0	0	0	0	0	0	0
A	BL	1	82	9	1	BA1651	12836	10	2	0	0	0	0	0	0	0	0	0
A	BL	1	82	9	1	BA1651	12837	2	3	0	0	0	0	0	0	0	0	0
A	BL	1	82	9	1	BA1651	13306	3	5	1	1	0	0	0	0	0	0	0
A	BL	1	82	9	1	BA1651	13316	5	4	0	0	0	0	0	0	0	0	0
A	BL	1	82	9	1	BA1651	13339	4	0	0	0	0	0	0	1	0	0	0
A	BL	1	82	9	1	BA1651	13369	4	5	1	1	0	0	0	0	0	0	0
A	BL	1	82	9	1	BA1651	13379	5	4	0	0	0	0	0	0	0	0	0
A	BL	1	82	9	1	BA1651	13434	4	0	0	0	0	0	0	1	0	0	0
A	BL	1	82	9	1	BA1651	13438	4	5	1	1	0	0	0	0	0	0	0
A	BL	1	82	9	1	BA1651	13448	5	4	0	0	0	0	0	0	0	0	0
A	BL	1	82	9	1	BA1651	13454	4	0	0	0	0	0	0	1	0	0	0
A	BL	1	82	9	1	BA1651	13470	4	5	1	1	0	0	0	0	0	0	0
A	BL	1	82	9	1	BA1651	13480	5	4	0	0	0	0	0	0	0	0	0
A	BL	1	82	9	1	BA1651	13493	4	0	0	0	0	0	0	1	0	0	0
A	BL	1	82	9	1	BA1651	13502	4	5	1	1	0	0	0	0	0	0	0
A	BL	1	82	9	1	BA1651	13512	5	9	0	0	0	0	0	0	0	0	0
A	BL	1	82	9	1	BA1651	13522	9	10	0	0	0	0	0	0	0	0	0
A	BL	1	82	9	1	BA1651	13560	10	0	0	0	0	0	0	1	0	0	0
A	BL	1	82	9	1	BA1651	13597	10	2	0	0	0	0	0	0	0	0	0
A	BL	1	82	9	1	BA1651	13598	2	6	0	0	0	0	0	0	0	0	0
A	BL	1	82	9	1	BA1651	13694	6	0	0	1	0	0	0	0	0	0	0
A	BL	1	82	9	1	BA1651	13777	6	0	0	0	0	0	0	1	0	0	0
A	BL	1	82	9	1	BA1651	13917	6	0	0	1	0	0	0	0	0	0	0
A	BL	1	82	9	1	BA1651	13932	6	0	0	0	0	0	0	1	0	0	0
A	BL	1	82	9	1	BA1651	13973	6	0	0	1	0	0	0	0	0	0	0
A	BL	1	82	9	1	BA1651	14071	6	0	0	0	0	0	0	1	0	0	0
A	BL	1	82	9	1	BA1651	14099	6	0	0	1	0	0	0	0	0	0	0
A	BL	1	82	9	1	BA1651	14137	6	0	0	0	0	0	0	1	0	0	0
A	BL	1	82	9	1	BA1651	14266	6	0	0	1	0	0	0	0	0	0	0
A	BL	1	82	9	1	BA1651	14298	6	0	0	0	0	0	0	1	0	0	0
A	BL	1	82	9	1	BA1651	14308	6	0	0	1	0	0	0	0	0	0	0
A	BL	1	82	9	1	BA1651	14412	6	0	0	0	0	0	0	1	0	0	0
A	BL	1	82	9	1	BA1651	14437	6	0	0	1	0	0	0	0	0	0	0
A	BL	1	82	9	1	BA1651	14490	6	0	0	0	0	0	0	1	0	0	0
A	BL	1	82	9	1	BA1651	14560	6	0	0	1	0	0	0	0	0	0	0
A	BL	1	82	9	1	BA1651	14569	6	0	0	0	0	0	0	1	0	0	0
A	BL	1	82	9	1	BA1651	14572	6	0	0	1	0	0	0	0	0	0	0
A	BL	1	82	9	1	BA1651	14585	6	0	0	0	0	0	0	1	0	0	0
A	BL	1	82	9	1	BA1651	14588	6	0	0	1	0	0	0	0	0	0	0
A	BL	1	82	9	1	BA1651	14595	6	0	0	0	0	0	0	1	0	0	0
A	BL	1	82	9	1	BA1651	14607	6	0	0	1	0	0	0	0	0	0	0
A	BL	1	82	9	1	BA1651	14755	6	0	0	0	0	0	0	1	0	0	0
A	BL	1	82	9	1	BA1651	14870	6	8	2	0	1	0	0	0	0	0	0
A	BL	1	82	9	1	BA1651	14874	8	0	0	0	0	0	0	0	1	0	0
A	BL	1	82	9	1	BA1651	14880	8	7	0	0	0	0	0	0	0	0	0
A	BL	1	82	9	1	BA1651	14904	7	8	2	0	1	0	0	0	0	0	0
A	BL	1	82	9	1	BA1651	14914	8	7	0	0	0	0	0	0	0	0	0
A	BL	1	82	9	1	BA1651	14916	7	0	0	0	0	0	0	0	1	0	0
A	BL	1	82	9	1	BA1651	14927	7	8	2	0	1	0	0	0	0	0	0
A	BL	1	82	9	1	BA1651	14936	8	0	0	0	0	0	0	0	1	0	0
A	BL	1	82	9	1	BA1651	14937	8	7	0	0	0	0	0	0	0	0	0
A	BL	1	82	9	1	BA1651	14965	7	8	2	0	1	0	0	0	0	0	0
A	BL	1	82	9	1	BA1651	14975	8	7	0	0	0	0	0	0	0	0	0
A	BL	1	82	9	1	BA1651	15010	7	0	0	0	0	0	0	0	1	0	0
A	BL	1	82	9	1	BA1651	15017	7	8	2	0	1	0	0	0	0	0	0
A	BL	1	82	9	1	BA1651	15027	8	7	0	0	0	0	0	0	0	0	0
A	BL	1	82	9	1	BA1651	15045	7	0	0	0	0	0	0	0	1	0	0
A	BL	1	82	9	1	BA1651	15066	7	8	2	0	1	0	0	0	0	0	0
A	BL	1	82	9	1	BA1651	15076	8	7	0	0	0	0	0	0	0	0	0
A	BL	1	82	9	1	BA1651	15093	7	0	0	0	0	0	0	0	1	0	0
A	BL	1	82	9	1	BA1651	15098	7	8	2	0	1	0	0	0	0	0	0
A	BL	1	82	9	1	BA1651	15108	8	7	0	0	0	0	0	0	0	0	0
A	BL	1	82	9	1	BA1651	15120	7	0	0	0	0	0	0	0	1	0	0
A	BL	1	82	9	1	BA1651	15124	7	8	2	0	1	0	0	0	0	0	0
A	BL	1	82	9	1	BA1651	15134	8	7	0	0	0	0	0	0	0	0	0
A	BL	1	82	9	1	BA1651	15195	7	0	0	0	0	0	0	0	1	0	0
A	BL	1	82	9	1	BA1651	15209	7	8	2	0	1	0	0	0	0	0	0
A	BL	1	82	9	1	BA1651	15219	8	7	0	0	0	0	0	0	0	0	0
A	BL	1	82	9	1	BA1651	15236	7	0	0	0	0	0	0	0	1	0	0
A	BL	1	82	9	1	BA1651	15241	7	8	2	0	1	0	0	0	0	0	0
A	BL	1	82	9	1	BA1651	15251	8	9	0	0	0	0	0	0	0	0	0
A	BL	1	82	9	1	BA1651	15261	9	10	0	0	0	0	0	0	0	0	0
A	BL	1	82	9	1	BA1651	15262	10	0	0	0	0	0	0	0	1	0	0
A	BL	1	82	9	1	BA1651	15336	10	2	0	0	0	0	0	0	0	0	0
A	BL	1	82	9	1	BA1651	15337	2	3	0	0	0	0	0	0	0	0	0
A	BL	1	82	9	1	BA1651	15569	3	5	1	1	0	0	0	0	0	0	0
A	BL	1	82	9	1	BA1651	15579	5	4	0	0	0	0	0	0	0	0	0
A	BL	1	82	9	1	BA1651	15651	4	0	0	0	0	0	0	1	0	0	0
A	BL	1	82	9	1	BA1651	15672	4	5	1	1	0	0	0	0	0	0	0
A	BL	1	82	9	1	BA1651	15682	5	4	0	0	0	0	0	0	0	0	0
A	BL	1	82	9	1	BA1651	15731	4	0	0	0	0	0	0	1	0	0	0
A	BL	1	82	9	1	BA1651	15782	4	5	1	1	0	0	0	0	0	0	0
A	BL	1	82	9	1	BA1651	15792	5	4	0	0	0	0	0	0	0	0	0
A	BL	1	82	9	1	BA1651	15799	4	0	0	0	0	0	0	1	0	0	0
A	BL	1	82	9	1	BA1651	15826	4	5	1	1	0	0	0	0	0	0	0
A	BL	1	82	9	1	BA1651	15836	5	4	0	0	0	0	0	0	0	0	0
A	BL	1	82	9	1	BA1651	15921	4	0	0	0	0	0	0	1	0	0	0
A	BL	1	82	9	1	BA1651	15948	4	5	1	1	0	0	0	0	0	0	0
A	BL	1	82	9	1	BA1651	15958	5	9	0	0	0	0	0	0	0	0	0
A	BL	1	82	9	1	BA1651	15968	9	10	0	0	0	0	0	0	0	0	0
A	BL	1	82	9	1	BA1651	15972	10	0	0	0	0	0	0	1	0	0	0
A	BL	1	82	9	1	BA1651	16043	10	2	0	0	0	0	0	0	0	0	0
A	BL	1	82	9	1	BA1651	16044	2	6	0	0	0	0	0	0	0	0	0
A	BL	1	82	9	1	BA1651	16116	6	0	0	1	0	0	0	0	0	0	0
A	BL	1	82	9	1	BA1651	16165	6	0	0	0	0	0	0	1	0	0	0
A	BL	1	82	9	1	BA1651	16177	6	0	0	1	0	0	0	0	0	0	0
A	BL	1	82	9	1	BA1651	16200	6	0	0	0	0	0	0	1	0	0	0
A	BL	1	82	9	1	BA1651	16418	6	8	2	0	1	0	0	0	0	0	0
A	BL	1	82	9	1	BA1651	16423	8	0	0	0	0	0	0	0	1	0	0
A	BL	1	82	9	1	BA1651	16428	8	7	0	0	0	0	0	0	0	0	0
A	BL	1	82	9	1	BA1651	16494	7	8	2	0	1	0	0	0	0	0	0
A	BL	1	82	9	1	BA1651	16498	8	0	0	0	0	0	0	0	1	0	0
A	BL	1	82	9	1	BA1651	16504	8	7	0	0	0	0	0	0	0	0	0
A	BL	1	82	9	1	BA1651	16513	7	8	2	0	1	0	0	0	0	0	0
A	BL	1	82	9	1	BA1651	16521	8	0	0	0	0	0	0	0	1	0	0
A	BL	1	82	9	1	BA1651	16523	8	7	0	0	0	0	0	0	0	0	0
A	BL	1	82	9	1	BA1651	16533	7	8	2	0	1	0	0	0	0	0	0
A	BL	1	82	9	1	BA1651	16543	8	7	0	0	0	0	0	0	0	0	0
A	BL	1	82	9	1	BA1651	16554	7	0	0	0	0	0	0	0	1	0	0
A	BL	1	82	9	1	BA1651	16659	7	8	2	0	1	0	0	0	0	0	0
A	BL	1	82	9	1	BA1651	16669	8	7	0	0	0	0	0	0	0	0	0
A	BL	1	82	9	1	BA1651	16695	7	0	0	0	0	0	0	0	1	0	0
A	BL	1	82	9	1	BA1651	16702	7	8	2	0	1	0	0	0	0	0	0
A	BL	1	82	9	1	BA1651	16705	8	0	0	0	0	0	0	0	1	0	0
A	BL	1	82	9	1	BA1651	16712	8	7	0	0	0	0	0	0	0	0	0
A	BL	1	82	9	1	BA1651	16726	7	8	2	0	1	0	0	0	0	0	0
A	BL	1	82	9	1	BA1651	16736	8	7	0	0	0	0	0	0	0	0	0
A	BL	1	82	9	1	BA1651	16755	7	0	0	0	0	0	0	0	1	0	0
A	BL	1	82	9	1	BA1651	16784	7	8	2	0	1	0	0	0	0	0	0
A	BL	1	82	9	1	BA1651	16786	8	0	0	0	0	0	0	0	1	0	0
A	BL	1	82	9	1	BA1651	16794	8	7	0	0	0	0	0	0	0	0	0
A	BL	1	82	9	1	BA1651	16805	7	8	2	0	1	0	0	0	0	0	0
A	BL	1	82	9	1	BA1651	16815	8	7	0	0	0	0	0	0	0	0	0
A	BL	1	82	9	1	BA1651	16831	7	0	0	0	0	0	0	0	1	0	0
A	BL	1	82	9	1	BA1651	16847	7	8	2	0	1	0	0	0	0	0	0
A	BL	1	82	9	1	BA1651	16857	8	9	0	0	0	0	0	0	0	0	0
A	BL	1	82	9	1	BA1651	16860	9	0	0	0	0	0	0	0	1	0	0
A	BL	1	82	9	1	BA1651	16867	9	10	0	0	0	0	0	0	0	0	0
A	BL	1	82	9	1	BA1651	16942	10	2	0	0	0	0	0	0	0	0	0
A	BL	1	82	9	1	BA1651	16943	2	6	0	0	0	0	0	0	0	0	0
A	BL	1	82	9	1	BA1651	16964	6	8	2	0	1	0	0	0	0	0	0
A	BL	1	82	9	1	BA1651	16972	8	0	0	0	1	0	0	0	1	0	0
A	BL	1	82	9	1	BA1651	16974	8	7	0	0	0	0	0	0	0	0	0
A	BL	1	82	9	1	BA1651	16981	7	0	0	0	0	0	0	0	1	0	0
A	BL	1	82	9	1	BA1651	17060	7	8	2	0	1	0	0	0	0	0	0
A	BL	1	82	9	1	BA1651	17062	8	0	0	0	0	0	0	0	1	0	0
A	BL	1	82	9	1	BA1651	17063	8	0	0	0	1	0	0	0	0	0	0
A	BL	1	82	9	1	BA1651	17070	8	7	0	0	0	0	0	0	0	0	0
A	BL	1	82	9	1	BA1651	17074	7	0	0	0	0	0	0	0	1	0	0
A	BL	1	82	9	1	BA1651	17085	7	8	2	0	1	0	0	0	0	0	0
A	BL	1	82	9	1	BA1651	17095	8	7	0	0	0	0	0	0	0	0	0
A	BL	1	82	9	1	BA1651	17106	7	0	0	0	0	0	0	0	1	0	0
A	BL	1	82	9	1	BA1651	17117	7	8	2	0	1	0	0	0	0	0	0
A	BL	1	82	9	1	BA1651	17125	8	0	0	0	0	0	0	0	1	0	0
A	BL	1	82	9	1	BA1651	17127	8	7	0	0	0	0	0	0	0	0	0
A	BL	1	82	9	1	BA1651	17136	7	8	2	0	1	0	0	0	0	0	0
A	BL	1	82	9	1	BA1651	17140	8	0	0	0	0	0	0	0	1	0	0
A	BL	1	82	9	1	BA1651	17146	8	7	0	0	0	0	0	0	0	0	0
A	BL	1	82	9	1	BA1651	17150	7	8	2	0	1	0	0	0	0	0	0
A	BL	1	82	9	1	BA1651	17160	8	7	0	0	0	0	0	0	0	0	0
A	BL	1	82	9	1	BA1651	17182	7	0	0	0	0	0	0	0	1	0	0
A	BL	1	82	9	1	BA1651	17192	7	8	2	0	1	0	0	0	0	0	0
A	BL	1	82	9	1	BA1651	17202	8	7	0	0	0	0	0	0	0	0	0
A	BL	1	82	9	1	BA1651	17232	7	0	0	0	0	0	0	0	1	0	0
A	BL	1	82	9	1	BA1651	17260	7	8	2	0	1	0	0	0	0	0	0
A	BL	1	82	9	1	BA1651	17270	8	7	0	0	0	0	0	0	0	0	0
A	BL	1	82	9	1	BA1651	17287	7	0	0	0	0	0	0	0	1	0	0
A	BL	1	82	9	1	BA1651	17307	7	8	2	0	1	0	0	0	0	0	0
A	BL	1	82	9	1	BA1651	17317	8	7	0	0	0	0	0	0	0	0	0
A	BL	1	82	9	1	BA1651	17331	7	0	0	0	0	0	0	0	1	0	0
A	BL	1	82	9	1	BA1651	17335	7	8	2	0	1	0	0	0	0	0	0
A	BL	1	82	9	1	BA1651	17345	8	9	0	0	0	0	0	0	0	0	0
A	BL	1	82	9	1	BA1651	17355	9	10	0	0	0	0	0	0	1	0	0
A	BL	1	82	9	1	BA1651	17430	10	2	0	0	0	0	0	0	0	0	0
A	BL	1	82	9	1	BA1651	17431	2	3	0	0	0	0	0	0	0	0	0
A	BL	1	82	9	1	BA1651	17471	3	0	0	0	1	0	0	0	0	0	0
A	BL	1	82	9	1	BA1651	17478	3	0	0	0	0	0	0	0	1	0	0
A	BL	1	82	9	1	BA1651	17482	3	0	0	0	1	0	0	0	0	0	0
A	BL	1	82	9	1	BA1651	17486	3	0	0	0	0	0	0	0	1	0	0
A	BL	1	82	9	1	BA1651	17563	3	0	0	0	1	0	0	0	0	0	0
A	BL	1	82	9	1	BA1651	17568	3	0	0	0	0	0	0	0	1	0	0
A	BL	1	82	9	1	BA1651	18065	3	5	1	1	0	0	0	0	0	0	0
A	BL	1	82	9	1	BA1651	18069	5	0	0	0	0	0	0	1	0	0	0
A	BL	1	82	9	1	BA1651	18075	5	4	0	0	0	0	0	0	0	0	0
A	BL	1	82	9	1	BA1651	18094	4	5	1	1	0	0	0	0	0	0	0
A	BL	1	82	9	1	BA1651	18104	5	4	0	0	0	0	0	0	0	0	0
A	BL	1	82	9	1	BA1651	18119	4	0	0	0	0	0	0	1	0	0	0
A	BL	1	82	9	1	BA1651	18134	4	5	1	1	0	0	0	0	0	0	0
A	BL	1	82	9	1	BA1651	18144	5	4	0	0	0	0	0	0	0	0	0
A	BL	1	82	9	1	BA1651	18166	4	0	0	0	0	0	0	1	0	0	0
A	BL	1	82	9	1	BA1651	18199	4	5	1	1	0	0	0	0	0	0	0
A	BL	1	82	9	1	BA1651	18209	5	4	0	0	0	0	0	0	0	0	0
A	BL	1	82	9	1	BA1651	18231	4	0	0	0	0	0	0	1	0	0	0
A	BL	1	82	9	1	BA1651	18235	4	5	1	1	0	0	0	0	0	0	0
A	BL	1	82	9	1	BA1651	18245	5	9	0	0	0	0	0	0	0	0	0
A	BL	1	82	9	1	BA1651	18255	9	10	0	0	0	0	0	0	0	0	0
A	BL	1	82	9	1	BA1651	18262	10	0	0	0	0	0	0	1	0	0	0
A	BL	1	82	9	1	BA1651	18330	10	2	0	0	0	0	0	0	0	0	0
A	BL	1	82	9	1	BA1651	18331	2	3	0	0	0	0	0	0	0	0	0
A	BL	1	82	9	1	BA1651	18597	3	5	1	1	0	0	0	0	0	0	0
A	BL	1	82	9	1	BA1651	18607	5	4	0	0	0	0	0	0	0	0	0
A	BL	1	82	9	1	BA1651	18628	4	0	0	0	0	0	0	1	0	0	0
A	BL	1	82	9	1	BA1651	18641	4	5	1	1	0	0	0	0	0	0	0
A	BL	1	82	9	1	BA1651	18651	5	4	0	0	0	0	0	0	0	0	0
A	BL	1	82	9	1	BA1651	18769	4	0	0	0	0	0	0	1	0	0	0
A	BL	1	82	9	1	BA1651	18821	4	5	1	1	0	0	0	0	0	0	0
A	BL	1	82	9	1	BA1651	18831	5	4	0	0	0	0	0	0	0	0	0
A	BL	1	82	9	1	BA1651	18836	4	0	0	0	0	0	0	1	0	0	0
A	BL	1	82	9	1	BA1651	18841	4	5	1	1	0	0	0	0	0	0	0
A	BL	1	82	9	1	BA1651	18851	5	4	0	0	0	0	0	0	0	0	0
A	BL	1	82	9	1	BA1651	18858	4	0	0	0	0	0	0	1	0	0	0
A	BL	1	82	9	1	BA1651	18876	4	5	1	1	0	0	0	0	0	0	0
A	BL	1	82	9	1	BA1651	18886	5	9	0	0	0	0	0	0	0	0	0
A	BL	1	82	9	1	BA1651	18896	9	10	0	0	0	0	0	0	0	0	0
A	BL	1	82	9	1	BA1651	18900	10	0	0	0	0	0	0	1	0	0	0
A	BL	1	82	9	1	BA1651	18971	10	2	0	0	0	0	0	0	0	0	0
A	BL	1	82	9	1	BA1651	18972	2	3	0	0	0	0	0	0	0	0	0
A	BL	1	82	9	1	BA1651	19025	3	5	1	1	0	0	0	0	0	0	0
A	BL	1	82	9	1	BA1651	19035	5	4	0	0	0	0	0	0	0	0	0
A	BL	1	82	9	1	BA1651	19123	4	0	0	0	0	0	0	1	0	0	0
A	BL	1	82	9	1	BA1651	19145	4	5	1	1	0	0	0	0	0	0	0
A	BL	1	82	9	1	BA1651	19155	5	4	0	0	0	0	0	0	0	0	0
A	BL	1	82	9	1	BA1651	19196	4	0	0	0	0	0	0	1	0	0	0
A	BL	1	82	9	1	BA1651	19239	4	5	1	1	0	0	0	0	0	0	0
A	BL	1	82	9	1	BA1651	19249	5	4	0	0	0	0	0	0	0	0	0
A	BL	1	82	9	1	BA1651	19280	4	0	0	0	0	0	0	1	0	0	0
A	BL	1	82	9	1	BA1651	19298	4	5	1	1	0	0	0	0	0	0	0
A	BL	1	82	9	1	BA1651	19308	5	4	0	0	0	0	0	0	0	0	0
A	BL	1	82	9	1	BA1651	19363	4	0	0	0	0	0	0	1	0	0	0
A	BL	1	82	9	1	BA1651	19368	4	5	1	1	0	0	0	0	0	0	0
A	BL	1	82	9	1	BA1651	19378	5	9	0	0	0	0	0	0	0	0	0
A	BL	1	82	9	1	BA1651	19388	9	10	0	0	0	0	0	0	0	0	0
A	BL	1	82	9	1	BA1651	19393	10	0	0	0	0	0	0	1	0	0	0
A	BL	1	82	9	1	BA1651	19463	10	2	0	0	0	0	0	0	0	0	0
A	BL	1	82	9	1	BA1651	19464	2	6	0	0	0	0	0	0	0	0	0
A	BL	1	82	9	1	BA1651	19622	6	0	0	1	0	0	0	0	0	0	0
A	BL	1	82	9	1	BA1651	19638	6	0	0	0	0	0	0	1	0	0	0
A	BL	1	82	9	1	BA1651	19691	6	0	0	1	0	0	0	0	0	0	0
A	BL	1	82	9	1	BA1651	19754	6	0	0	0	0	0	0	1	0	0	0
A	BL	1	82	9	1	BA1651	19782	6	0	0	1	0	0	0	0	0	0	0
A	BL	1	82	9	1	BA1651	19841	6	0	0	0	0	0	0	1	0	0	0
A	BL	1	82	9	1	BA1651	19900	6	0	0	1	0	0	0	0	0	0	0
A	BL	1	82	9	1	BA1651	19919	6	0	0	0	0	0	0	1	0	0	0
A	BL	1	82	9	1	BA1651	19940	6	0	0	1	0	0	0	0	0	0	0
A	BL	1	82	9	1	BA1651	19946	6	0	0	0	0	0	0	1	0	0	0
A	BL	1	82	9	1	BA1651	19952	6	0	0	1	0	0	0	0	0	0	0
A	BL	1	82	9	1	BA1651	19991	6	0	0	0	0	0	0	1	0	0	0
A	BL	1	82	9	1	BA1651	20024	6	0	0	1	0	0	0	0	0	0	0
A	BL	1	82	9	1	BA1651	20100	6	0	0	0	0	0	0	1	0	0	0
A	BL	1	82	9	1	BA1651	20118	6	0	0	1	0	0	0	0	0	0	0
A	BL	1	82	9	1	BA1651	20254	6	0	0	0	0	0	0	1	0	0	0
A	BL	1	82	9	1	BA1651	20361	6	0	0	1	0	0	0	0	0	0	0
A	BL	1	82	9	1	BA1651	20429	6	0	0	0	0	0	0	1	0	0	0
A	BL	1	82	9	1	BA1651	20705	6	0	0	1	0	0	0	0	0	0	0
A	BL	1	82	9	1	BA1651	20740	6	0	0	0	0	0	0	1	0	0	0
A	BL	1	82	9	1	BA1651	20742	6	0	0	1	0	0	0	0	0	0	0
A	BL	1	82	9	1	BA1651	20804	6	0	0	0	0	0	0	1	0	0	0
A	BL	1	82	9	1	BA1651	20970	6	8	2	0	1	0	0	0	0	0	0
A	BL	1	82	9	1	BA1651	20976	8	0	0	0	0	0	0	0	1	0	0
A	BL	1	82	9	1	BA1651	20980	8	7	0	0	0	0	0	0	0	0	0
A	BL	1	82	9	1	BA1651	20998	7	8	2	0	1	0	0	0	0	0	0
A	BL	1	82	9	1	BA1651	21007	8	0	0	0	0	0	0	0	1	0	0
A	BL	1	82	9	1	BA1651	21008	8	7	0	0	0	0	0	0	0	0	0
A	BL	1	82	9	1	BA1651	21079	7	8	2	0	1	0	0	0	0	0	0
A	BL	1	82	9	1	BA1651	21089	8	7	0	0	0	0	0	0	0	0	0
A	BL	1	82	9	1	BA1651	21129	7	0	0	0	0	0	0	0	1	0	0
A	BL	1	82	9	1	BA1651	21137	7	8	2	0	1	0	0	0	0	0	0
A	BL	1	82	9	1	BA1651	21147	8	7	0	0	0	0	0	0	0	0	0
A	BL	1	82	9	1	BA1651	21149	7	0	0	0	0	0	0	0	1	0	0
A	BL	1	82	9	1	BA1651	21152	7	8	2	0	1	0	0	0	0	0	0
A	BL	1	82	9	1	BA1651	21162	8	7	0	0	0	0	0	0	0	0	0
A	BL	1	82	9	1	BA1651	21163	7	0	0	0	0	0	0	0	1	0	0
A	BL	1	82	9	1	BA1651	21201	7	8	2	0	1	0	0	0	0	0	0
A	BL	1	82	9	1	BA1651	21211	8	7	0	0	0	0	0	0	0	0	0
A	BL	1	82	9	1	BA1651	21219	7	0	0	0	0	0	0	0	1	0	0
A	BL	1	82	9	1	BA1651	21220	7	8	2	0	1	0	0	0	0	0	0
A	BL	1	82	9	1	BA1651	21230	8	7	0	0	0	0	0	0	0	0	0
A	BL	1	82	9	1	BA1651	21232	7	0	0	0	0	0	0	0	1	0	0
A	BL	1	82	9	1	BA1651	21243	7	8	2	0	1	0	0	0	0	0	0
A	BL	1	82	9	1	BA1651	21250	8	0	0	0	0	0	0	0	1	0	0
A	BL	1	82	9	1	BA1651	21253	8	7	0	0	0	0	0	0	0	0	0
A	BL	1	82	9	1	BA1651	21270	7	8	2	0	1	0	0	0	0	0	0
A	BL	1	82	9	1	BA1651	21280	8	7	0	0	0	0	0	0	0	0	0
A	BL	1	82	9	1	BA1651	21401	7	0	0	0	0	0	0	0	1	0	0
A	BL	1	82	9	1	BA1651	21407	7	8	2	0	1	0	0	0	0	0	0
A	BL	1	82	9	1	BA1651	21417	8	9	0	0	0	0	0	0	0	0	0
A	BL	1	82	9	1	BA1651	21427	9	10	0	0	0	0	0	0	0	0	0
A	BL	1	82	9	1	BA1651	21441	10	0	0	0	0	0	0	0	1	0	0
A	BL	1	82	9	1	BA1651	21502	10	2	0	0	0	0	0	0	0	0	0
A	BL	1	82	9	1	BA1651	21503	2	6	0	0	0	0	0	0	0	0	0
A	BL	1	82	9	1	BA1651	21533	6	8	2	0	1	0	0	0	0	0	0
A	BL	1	82	9	1	BA1651	21535	8	0	0	0	0	0	0	0	1	0	0
A	BL	1	82	9	1	BA1651	21536	8	0	0	0	1	0	0	0	0	0	0
A	BL	1	82	9	1	BA1651	21539	8	0	0	0	0	0	0	0	1	0	0
A	BL	1	82	9	1	BA1651	21542	8	0	0	0	1	0	0	0	0	0	0
A	BL	1	82	9	1	BA1651	21543	8	7	0	0	0	0	0	0	0	0	0
A	BL	1	82	9	1	BA1651	21547	7	0	0	0	0	0	0	0	1	0	0
A	BL	1	82	9	1	BA1651	21549	7	8	2	0	1	0	0	0	0	0	0
A	BL	1	82	9	1	BA1651	21559	8	7	0	0	0	0	0	0	0	0	0
A	BL	1	82	9	1	BA1651	21569	7	0	0	0	0	0	0	0	1	0	0
A	BL	1	82	9	1	BA1651	21593	7	8	2	0	1	0	0	0	0	0	0
A	BL	1	82	9	1	BA1651	21603	8	7	0	0	0	0	0	0	1	0	0
A	BL	1	82	9	1	BA1651	21633	7	8	2	0	1	0	0	0	0	0	0
A	BL	1	82	9	1	BA1651	21642	8	0	0	0	0	0	0	0	1	0	0
A	BL	1	82	9	1	BA1651	21643	8	7	0	0	0	0	0	0	0	0	0
A	BL	1	82	9	1	BA1651	21667	7	8	2	0	1	0	0	0	0	0	0
A	BL	1	82	9	1	BA1651	21677	8	7	0	0	0	0	0	0	0	0	0
A	BL	1	82	9	1	BA1651	21695	7	0	0	0	0	0	0	0	1	0	0
A	BL	1	82	9	1	BA1651	21717	7	8	2	0	1	0	0	0	0	0	0
A	BL	1	82	9	1	BA1651	21727	8	7	0	0	0	0	0	0	0	0	0
A	BL	1	82	9	1	BA1651	21740	7	0	0	0	0	0	0	0	1	0	0
A	BL	1	82	9	1	BA1651	21742	7	8	2	0	1	0	0	0	0	0	0
A	BL	1	82	9	1	BA1651	21752	8	7	0	0	0	0	0	0	0	0	0
A	BL	1	82	9	1	BA1651	21788	7	0	0	0	0	0	0	0	1	0	0
A	BL	1	82	9	1	BA1651	21796	7	8	2	0	1	0	0	0	0	0	0
A	BL	1	82	9	1	BA1651	21806	8	7	0	0	0	0	0	0	0	0	0
A	BL	1	82	9	1	BA1651	21810	7	0	0	0	0	0	0	0	1	0	0
A	BL	1	82	9	1	BA1651	21824	7	8	2	0	1	0	0	0	0	0	0
A	BL	1	82	9	1	BA1651	21834	8	7	0	0	0	0	0	0	0	0	0
A	BL	1	82	9	1	BA1651	21866	7	0	0	0	0	0	0	0	1	0	0
A	BL	1	82	9	1	BA1651	21876	7	8	2	0	1	0	0	0	0	0	0
A	BL	1	82	9	1	BA1651	21886	8	9	0	0	0	0	0	0	0	0	0
A	BL	1	82	9	1	BA1651	21896	9	10	0	0	0	0	0	0	0	0	0
A	BL	1	82	9	1	BA1651	21911	10	0	0	0	0	0	0	0	1	0	0
A	BL	1	82	9	1	BA1651	21912	10	0	0	0	1	0	0	0	0	0	0
A	BL	1	82	9	1	BA1651	21921	10	0	0	0	0	0	0	0	1	0	0
A	BL	1	82	9	1	BA1651	21971	10	2	0	0	0	0	0	0	0	0	0
A	BL	1	82	9	1	BA1651	21972	2	6	0	0	0	0	0	0	0	0	0
A	BL	1	82	9	1	BA1651	22068	6	8	2	0	1	0	0	0	0	0	0
A	BL	1	82	9	1	BA1651	22074	8	0	0	0	0	0	0	0	1	0	0
A	BL	1	82	9	1	BA1651	22078	8	7	0	0	0	0	0	0	0	0	0
A	BL	1	82	9	1	BA1651	22104	7	8	2	0	1	0	0	0	0	0	0
A	BL	1	82	9	1	BA1651	22110	8	0	0	0	0	0	0	0	1	0	0
A	BL	1	82	9	1	BA1651	22114	8	7	0	0	0	0	0	0	0	0	0
A	BL	1	82	9	1	BA1651	22150	7	8	2	0	1	0	0	0	0	0	0
A	BL	1	82	9	1	BA1651	22160	8	7	0	0	0	0	0	0	0	0	0
A	BL	1	82	9	1	BA1651	22162	7	0	0	0	0	0	0	0	1	0	0
A	BL	1	82	9	1	BA1651	22172	7	8	2	0	1	0	0	0	0	0	0
A	BL	1	82	9	1	BA1651	22182	8	7	0	0	0	0	0	0	0	0	0
A	BL	1	82	9	1	BA1651	22183	7	0	0	0	0	0	0	0	1	0	0
A	BL	1	82	9	1	BA1651	22197	7	8	2	0	1	0	0	0	0	0	0
A	BL	1	82	9	1	BA1651	22202	8	0	0	0	0	0	0	0	1	0	0
A	BL	1	82	9	1	BA1651	22204	8	0	0	0	1	0	0	0	0	0	0
A	BL	1	82	9	1	BA1651	22207	8	7	0	0	0	0	0	0	0	0	0
A	BL	1	82	9	1	BA1651	22223	7	0	0	0	0	0	0	0	1	0	0
A	BL	1	82	9	1	BA1651	22228	7	8	2	0	1	0	0	0	0	0	0
A	BL	1	82	9	1	BA1651	22238	8	7	0	0	0	0	0	0	0	0	0
A	BL	1	82	9	1	BA1651	22248	7	0	0	0	0	0	0	0	1	0	0
A	BL	1	82	9	1	BA1651	22311	7	8	2	0	1	0	0	0	0	0	0
A	BL	1	82	9	1	BA1651	22321	8	7	0	0	0	0	0	0	0	0	0
A	BL	1	82	9	1	BA1651	22373	7	0	0	0	0	0	0	0	1	0	0
A	BL	1	82	9	1	BA1651	22394	7	8	2	0	1	0	0	0	0	0	0
A	BL	1	82	9	1	BA1651	22404	8	7	0	0	0	0	0	0	0	0	0
A	BL	1	82	9	1	BA1651	22413	7	0	0	0	0	0	0	0	1	0	0
A	BL	1	82	9	1	BA1651	22418	7	8	2	0	1	0	0	0	0	0	0
A	BL	1	82	9	1	BA1651	22422	8	0	0	0	0	0	0	0	1	0	0
A	BL	1	82	9	1	BA1651	22428	8	7	0	0	0	0	0	0	0	0	0
A	BL	1	82	9	1	BA1651	22432	7	8	2	0	1	0	0	0	0	0	0
A	BL	1	82	9	1	BA1651	22442	8	9	0	0	0	0	0	0	0	0	0
A	BL	1	82	9	1	BA1651	22452	9	10	0	0	0	0	0	0	0	0	0
A	BL	1	82	9	1	BA1651	22453	10	0	0	0	0	0	0	0	1	0	0
A	BL	1	82	9	1	BA1651	22527	10	2	0	0	0	0	0	0	0	0	0
A	BL	1	82	9	1	BA1651	22528	2	3	0	0	0	0	0	0	0	0	0
A	BL	1	82	9	1	BA1651	22843	3	0	0	0	1	0	0	0	0	0	0
A	BL	1	82	9	1	BA1651	22852	3	0	0	0	0	0	0	0	1	0	0
A	BL	1	82	9	1	BA1651	22882	3	0	0	0	1	0	0	0	0	0	0
A	BL	1	82	9	1	BA1651	22899	3	0	0	0	0	0	0	0	1	0	0
A	BL	1	82	9	1	BA1651	22917	3	0	0	0	1	0	0	0	0	0	0
A	BL	1	82	9	1	BA1651	22946	3	0	0	0	0	0	0	0	1	0	0
A	BL	1	82	9	1	BA1651	22958	3	0	0	0	1	0	0	0	0	0	0
A	BL	1	82	9	1	BA1651	22982	3	0	0	0	0	0	0	0	1	0	0
A	BL	1	82	9	1	BA1651	22986	3	0	0	0	1	0	0	0	0	0	0
A	BL	1	82	9	1	BA1651	23068	3	0	0	0	0	0	0	0	1	0	0
A	BL	1	82	9	1	BA1651	23083	3	0	0	0	1	0	0	0	0	0	0
A	BL	1	82	9	1	BA1651	23103	3	0	0	0	0	0	0	0	1	0	0
A	BL	1	82	9	1	BA1651	23112	3	0	0	0	1	0	0	0	0	0	0
A	BL	1	82	9	1	BA1651	23114	3	0	0	0	0	0	0	0	1	0	0
A	BL	1	82	9	1	BA1651	23127	3	0	0	0	1	0	0	0	0	0	0
A	BL	1	82	9	1	BA1651	23174	3	0	0	0	0	0	0	0	1	0	0
A	BL	1	82	9	1	BA1651	23199	3	0	0	0	1	0	0	0	0	0	0
A	BL	1	82	9	1	BA1651	23207	3	0	0	0	0	0	0	0	1	0	0
A	BL	1	82	9	1	BA1651	23233	3	0	0	0	1	0	0	0	0	0	0
A	BL	1	82	9	1	BA1651	23273	3	0	0	0	0	0	0	0	1	0	0
A	BL	1	82	9	1	BA1651	23305	3	0	0	0	1	0	0	0	0	0	0
A	BL	1	82	9	1	BA1651	23318	3	0	0	0	0	0	0	0	1	0	0
A	BL	1	82	9	1	BA1651	23337	3	0	0	0	1	0	0	0	0	0	0
A	BL	1	82	9	1	BA1651	23353	3	0	0	0	0	0	0	0	1	0	0
A	BL	1	82	9	1	BA1651	23371	3	0	0	0	1	0	0	0	0	0	0
A	BL	1	82	9	1	BA1651	23401	3	0	0	0	0	0	0	0	1	0	0
A	BL	1	82	9	1	BA1651	23500	3	0	0	0	1	0	0	0	0	0	0
A	BL	1	82	9	1	BA1651	23548	3	0	0	0	0	0	0	0	1	0	0
A	BL	1	82	9	1	BA1651	23559	3	0	0	0	1	0	0	0	0	0	0
A	BL	1	82	9	1	BA1651	23606	3	0	0	0	0	0	0	0	1	0	0
A	BL	1	82	9	1	BA1651	23679	3	0	0	0	1	0	0	0	0	0	0
A	BL	1	82	9	1	BA1651	23681	3	0	0	0	0	0	0	0	1	0	0
A	BL	1	82	9	1	BA1651	23992	3	5	1	1	0	0	0	0	0	0	0
A	BL	1	82	9	1	BA1651	24002	5	4	0	0	0	0	0	0	0	0	0
A	BL	1	82	9	1	BA1651	24009	4	0	0	0	0	0	0	1	0	0	0
A	BL	1	82	9	1	BA1651	24033	4	5	1	1	0	0	0	0	0	0	0
A	BL	1	82	9	1	BA1651	24043	5	4	0	0	0	0	0	0	0	0	0
A	BL	1	82	9	1	BA1651	24076	4	0	0	0	0	0	0	1	0	0	0
A	BL	1	82	9	1	BA1651	24160	4	5	1	1	0	0	0	0	0	0	0
A	BL	1	82	9	1	BA1651	24170	5	4	0	0	0	0	0	0	0	0	0
A	BL	1	82	9	1	BA1651	24224	4	0	0	0	0	0	0	1	0	0	0
A	BL	1	82	9	1	BA1651	24252	4	5	1	1	0	0	0	0	0	0	0
A	BL	1	82	9	1	BA1651	24262	5	4	0	0	0	0	0	0	0	0	0
A	BL	1	82	9	1	BA1651	24295	4	0	0	0	0	0	0	1	0	0	0
A	BL	1	82	9	1	BA1651	24447	4	5	1	1	0	0	0	0	0	0	0
A	BL	1	82	9	1	BA1651	24457	5	9	0	0	0	0	0	0	0	0	0
A	BL	1	82	9	1	BA1651	24467	9	10	0	0	0	0	0	0	0	0	0
A	BL	1	82	9	1	BA1651	24469	10	0	0	0	0	0	0	1	0	0	0
A	BL	1	82	9	1	BA1651	24542	10	2	0	0	0	0	0	0	0	0	0
A	BL	1	82	9	1	BA1651	24543	2	3	0	0	0	0	0	0	0	0	0
A	BL	1	82	9	1	BA1651	24688	3	5	1	1	0	0	0	0	0	0	0
A	BL	1	82	9	1	BA1651	24698	5	4	0	0	0	0	0	0	0	0	0
A	BL	1	82	9	1	BA1651	24699	4	0	0	0	0	0	0	1	0	0	0
A	BL	1	82	9	1	BA1651	24724	4	5	1	1	0	0	0	0	0	0	0
A	BL	1	82	9	1	BA1651	24734	5	4	0	0	0	0	0	0	0	0	0
A	BL	1	82	9	1	BA1651	24827	4	0	0	0	0	0	0	1	0	0	0
A	BL	1	82	9	1	BA1651	24845	4	5	1	1	0	0	0	0	0	0	0
A	BL	1	82	9	1	BA1651	24855	5	4	0	0	0	0	0	0	0	0	0
A	BL	1	82	9	1	BA1651	24884	4	0	0	0	0	0	0	1	0	0	0
A	BL	1	82	9	1	BA1651	24898	4	5	1	1	0	0	0	0	0	0	0
A	BL	1	82	9	1	BA1651	24908	5	4	0	0	0	0	0	0	0	0	0
A	BL	1	82	9	1	BA1651	24931	4	0	0	0	0	0	0	1	0	0	0
A	BL	1	82	9	1	BA1651	24954	4	5	1	1	0	0	0	0	0	0	0
A	BL	1	82	9	1	BA1651	24964	5	9	0	0	0	0	0	0	0	0	0
A	BL	1	82	9	1	BA1651	24974	9	10	0	0	0	0	0	0	0	0	0
A	BL	1	82	9	1	BA1651	24980	10	0	0	0	0	0	0	1	0	0	0
A	BL	1	82	9	1	BA1651	25049	10	2	0	0	0	0	0	0	0	0	0
A	BL	1	82	9	1	BA1651	25050	2	3	0	0	0	0	0	0	0	0	0
A	BL	1	82	9	1	BA1651	25119	3	5	1	1	0	0	0	0	0	0	0
A	BL	1	82	9	1	BA1651	25129	5	4	0	0	0	0	0	0	0	0	0
A	BL	1	82	9	1	BA1651	25160	4	0	0	0	0	0	0	1	0	0	0
A	BL	1	82	9	1	BA1651	25193	4	5	1	1	0	0	0	0	0	0	0
A	BL	1	82	9	1	BA1651	25203	5	4	0	0	0	0	0	0	0	0	0
A	BL	1	82	9	1	BA1651	25266	4	0	0	0	0	0	0	1	0	0	0
A	BL	1	82	9	1	BA1651	25353	4	5	1	1	0	0	0	0	0	0	0
A	BL	1	82	9	1	BA1651	25363	5	4	0	0	0	0	0	0	0	0	0
A	BL	1	82	9	1	BA1651	25391	4	0	0	0	0	0	0	1	0	0	0
A	BL	1	82	9	1	BA1651	25412	4	5	1	1	0	0	0	0	0	0	0
A	BL	1	82	9	1	BA1651	25422	5	4	0	0	0	0	0	0	0	0	0
A	BL	1	82	9	1	BA1651	25440	4	0	0	0	0	0	0	1	0	0	0
A	BL	1	82	9	1	BA1651	25451	4	5	1	1	0	0	0	0	0	0	0
A	BL	1	82	9	1	BA1651	25461	5	9	0	0	0	0	0	0	0	0	0
A	BL	1	82	9	1	BA1651	25471	9	10	0	0	0	0	0	0	0	0	0
A	BL	1	82	9	1	BA1651	25480	10	0	0	0	0	0	0	1	0	0	0
A	BL	1	82	9	1	BA1651	25546	10	2	0	0	0	0	0	0	0	0	0
A	BL	1	82	9	1	BA1651	25547	2	6	0	0	0	0	0	0	0	0	0
A	BL	1	82	9	1	BA1651	25677	6	0	0	1	0	0	0	0	0	0	0
A	BL	1	82	9	1	BA1651	25781	6	0	0	0	0	0	0	1	0	0	0
A	BL	1	82	9	1	BA1651	25895	6	0	0	1	0	0	0	0	0	0	0
A	BL	1	82	9	1	BA1651	25941	6	0	0	0	0	0	0	1	0	0	0
A	BL	1	82	9	1	BA1651	25956	6	0	0	1	0	0	0	0	0	0	0
A	BL	1	82	9	1	BA1651	26004	6	0	0	0	0	0	0	1	0	0	0
A	BL	1	82	9	1	BA1651	26097	6	0	0	1	0	0	0	0	0	0	0
A	BL	1	82	9	1	BA1651	26192	6	0	0	0	0	0	0	1	0	0	0
A	BL	1	82	9	1	BA1651	26216	6	0	0	1	0	0	0	0	0	0	0
A	BL	1	82	9	1	BA1651	26273	6	0	0	0	0	0	0	1	0	0	0
A	BL	1	82	9	1	BA1651	26423	6	0	0	1	0	0	0	0	0	0	0
A	BL	1	82	9	1	BA1651	26451	6	0	0	0	0	0	0	1	0	0	0
A	BL	1	82	9	1	BA1651	26455	6	0	0	1	0	0	0	0	0	0	0
A	BL	1	82	9	1	BA1651	26524	6	0	0	0	0	0	0	1	0	0	0
A	BL	1	82	9	1	BA1651	26533	6	0	0	1	0	0	0	0	0	0	0
A	BL	1	82	9	1	BA1651	26592	6	0	0	0	0	0	0	1	0	0	0
A	BL	1	82	9	1	BA1651	26821	6	0	0	1	0	0	0	0	0	0	0
A	BL	1	82	9	1	BA1651	26846	6	0	0	0	0	0	0	1	0	0	0
A	BL	1	82	9	1	BA1651	26855	6	0	0	1	0	0	0	0	0	0	0
A	BL	1	82	9	1	BA1651	26907	6	0	0	0	0	0	0	1	0	0	0
A	BL	1	82	9	1	BA1651	26918	6	0	0	1	0	0	0	0	0	0	0
A	BL	1	82	9	1	BA1651	26969	6	0	0	0	0	0	0	1	0	0	0
A	BL	1	82	9	1	BA1651	27215	6	8	2	0	1	0	0	0	0	0	0
A	BL	1	82	9	1	BA1651	27221	8	0	0	0	0	0	0	0	1	0	0
A	BL	1	82	9	1	BA1651	27225	8	7	0	0	0	0	0	0	0	0	0
A	BL	1	82	9	1	BA1651	27264	7	8	2	0	1	0	0	0	0	0	0
A	BL	1	82	9	1	BA1651	27274	8	7	0	0	0	0	0	0	0	0	0
A	BL	1	82	9	1	BA1651	27276	7	0	0	0	0	0	0	0	1	0	0
A	BL	1	82	9	1	BA1651	27281	7	8	2	0	1	0	0	0	0	0	0
A	BL	1	82	9	1	BA1651	27291	8	7	0	0	0	0	0	0	0	0	0
A	BL	1	82	9	1	BA1651	27426	7	0	0	0	0	0	0	0	1	0	0
A	BL	1	82	9	1	BA1651	27530	7	8	2	0	1	0	0	0	0	0	0
A	BL	1	82	9	1	BA1651	27540	8	7	0	0	0	0	0	0	0	0	0
A	BL	1	82	9	1	BA1651	27577	7	0	0	0	0	0	0	0	1	0	0
A	BL	1	82	9	1	BA1651	27601	7	8	2	0	1	0	0	0	0	0	0
A	BL	1	82	9	1	BA1651	27606	8	0	0	0	0	0	0	0	1	0	0
A	BL	1	82	9	1	BA1651	27611	8	7	0	0	0	0	0	0	0	0	0
A	BL	1	82	9	1	BA1651	27661	7	8	2	0	1	0	0	0	0	0	0
A	BL	1	82	9	1	BA1651	27663	8	0	0	0	0	0	0	0	1	0	0
A	BL	1	82	9	1	BA1651	27665	8	0	0	0	1	0	0	0	0	0	0
A	BL	1	82	9	1	BA1651	27671	8	7	0	0	0	0	0	0	0	0	0
A	BL	1	82	9	1	BA1651	27681	7	0	0	0	0	0	0	0	1	0	0
A	BL	1	82	9	1	BA1651	27690	7	8	2	0	1	0	0	0	0	0	0
A	BL	1	82	9	1	BA1651	27700	8	7	0	0	0	0	0	0	0	0	0
A	BL	1	82	9	1	BA1651	27762	7	0	0	0	0	0	0	0	1	0	0
A	BL	1	82	9	1	BA1651	27787	7	8	2	0	1	0	0	0	0	0	0
A	BL	1	82	9	1	BA1651	27796	8	0	0	0	0	0	0	0	1	0	0
A	BL	1	82	9	1	BA1651	27797	8	7	0	0	0	0	0	0	0	0	0
A	BL	1	82	9	1	BA1651	27799	7	8	2	0	1	0	0	0	0	0	0
A	BL	1	82	9	1	BA1651	27803	8	0	0	0	0	0	0	0	1	0	0
A	BL	1	82	9	1	BA1651	27809	8	7	0	0	1	0	0	0	0	0	0
A	BL	1	82	9	1	BA1651	27812	7	0	0	0	0	0	0	0	1	0	0
A	BL	1	82	9	1	BA1651	27835	7	8	2	0	1	0	0	0	0	0	0
A	BL	1	82	9	1	BA1651	27845	8	9	0	0	0	0	0	0	0	0	0
A	BL	1	82	9	1	BA1651	27855	9	10	0	0	0	0	0	0	0	0	0
A	BL	1	82	9	1	BA1651	27864	10	0	0	0	0	0	0	0	1	0	0
A	BL	1	82	9	1	BA1651	27930	10	2	0	0	0	0	0	0	0	0	0
A	BL	1	82	9	1	BA1651	27931	2	3	0	0	0	0	0	0	0	0	0
A	BL	1	82	9	1	BA1651	27994	3	0	0	0	1	0	0	0	0	0	0
A	BL	1	82	9	1	BA1651	28000	3	0	0	0	0	0	0	0	1	0	0
A	BL	1	82	9	1	BA1651	28023	3	0	0	0	1	0	0	0	0	0	0
A	BL	1	82	9	1	BA1651	28028	3	0	0	0	0	0	0	0	1	0	0
A	BL	1	82	9	1	BA1651	28056	3	0	0	0	1	0	0	0	0	0	0
A	BL	1	82	9	1	BA1651	28120	3	0	0	0	0	0	0	0	1	0	0
A	BL	1	82	9	1	BA1651	28253	3	0	0	0	1	0	0	0	0	0	0
A	BL	1	82	9	1	BA1651	28287	3	0	0	0	0	0	0	0	1	0	0
A	BL	1	82	9	1	BA1651	28600	3	5	1	1	0	0	0	0	0	0	0
A	BL	1	82	9	1	BA1651	28610	5	4	0	0	0	0	0	0	0	0	0
A	BL	1	82	9	1	BA1651	28624	4	0	0	0	0	0	0	1	0	0	0
A	BL	1	82	9	1	BA1651	28642	4	5	1	1	0	0	0	0	0	0	0
A	BL	1	82	9	1	BA1651	28652	5	4	0	0	0	0	0	0	0	0	0
A	BL	1	82	9	1	BA1651	28672	4	0	0	0	0	0	0	1	0	0	0
A	BL	1	82	9	1	BA1651	28688	4	5	1	1	0	0	0	0	0	0	0
A	BL	1	82	9	1	BA1651	28698	5	4	0	0	0	0	0	0	0	0	0
A	BL	1	82	9	1	BA1651	28734	4	0	0	0	0	0	0	1	0	0	0
A	BL	1	82	9	1	BA1651	28776	4	5	1	1	0	0	0	0	0	0	0
A	BL	1	82	9	1	BA1651	28786	5	4	0	0	0	0	0	0	0	0	0
A	BL	1	82	9	1	BA1651	28802	4	0	0	0	0	0	0	1	0	0	0
A	BL	1	82	9	1	BA1651	28925	4	5	1	1	0	0	0	0	0	0	0
A	BL	1	82	9	1	BA1651	28935	5	9	0	0	0	0	0	0	0	0	0
A	BL	1	82	9	1	BA1651	28945	9	10	0	0	0	0	0	0	0	0	0
A	BL	1	82	9	1	BA1651	28948	10	0	0	0	0	0	0	1	0	0	0
A	BL	1	82	9	1	BA1651	29020	10	2	0	0	0	0	0	0	0	0	0
A	BL	1	82	9	1	BA1651	29021	2	6	0	0	0	0	0	0	0	0	0
A	BL	1	82	9	1	BA1651	29153	6	0	0	1	0	0	0	0	0	0	0
A	BL	1	82	9	1	BA1651	29184	6	0	0	0	0	0	0	1	0	0	0
A	BL	1	82	9	1	BA1651	29197	6	0	0	1	0	0	0	0	0	0	0
A	BL	1	82	9	1	BA1651	29217	6	0	0	0	0	0	0	1	0	0	0
A	BL	1	82	9	1	BA1651	29228	6	0	0	1	0	0	0	0	0	0	0
A	BL	1	82	9	1	BA1651	29277	6	0	0	0	0	0	0	1	0	0	0
A	BL	1	82	9	1	BA1651	29310	6	0	0	1	0	0	0	0	0	0	0
A	BL	1	82	9	1	BA1651	29347	6	0	0	0	0	0	0	1	0	0	0
A	BL	1	82	9	1	BA1651	29366	6	0	0	1	0	0	0	0	0	0	0
A	BL	1	82	9	1	BA1651	29397	6	0	0	0	0	0	0	1	0	0	0
A	BL	1	82	9	1	BA1651	29409	6	0	0	1	0	0	0	0	0	0	0
A	BL	1	82	9	1	BA1651	29501	6	0	0	0	0	0	0	1	0	0	0
A	BL	1	82	9	1	BA1651	29529	6	0	0	1	0	0	0	0	0	0	0
A	BL	1	82	9	1	BA1651	29558	6	0	0	0	0	0	0	1	0	0	0
A	BL	1	82	9	1	BA1651	29602	6	0	0	1	0	0	0	0	0	0	0
A	BL	1	82	9	1	BA1651	29643	6	0	0	0	0	0	0	1	0	0	0
A	BL	1	82	9	1	BA1651	29674	6	0	0	1	0	0	0	0	0	0	0
A	BL	1	82	9	1	BA1651	29735	6	0	0	0	0	0	0	1	0	0	0
A	BL	1	82	9	1	BA1651	29804	6	0	0	1	0	0	0	0	0	0	0
A	BL	1	82	9	1	BA1651	29866	6	0	0	0	0	0	0	1	0	0	0
A	BL	1	82	9	1	BA1651	30022	6	0	0	1	0	0	0	0	0	0	0
A	BL	1	82	9	1	BA1651	30079	6	0	0	0	0	0	0	1	0	0	0
A	BL	1	82	9	1	BA1651	30410	6	0	0	1	0	0	0	0	0	0	0
A	BL	1	82	9	1	BA1651	30452	6	0	0	0	0	0	0	1	0	0	0
A	BL	1	82	9	1	BA1651	30468	6	0	0	1	0	0	0	0	0	0	0
A	BL	1	82	9	1	BA1651	30554	6	0	0	0	0	0	0	1	0	0	0
A	BL	1	82	9	1	BA1651	30777	6	8	2	0	1	0	0	0	0	0	0
A	BL	1	82	9	1	BA1651	30787	8	7	0	0	0	0	0	0	0	0	0
A	BL	1	82	9	1	BA1651	30792	7	0	0	0	0	0	0	0	1	0	0
A	BL	1	82	9	1	BA1651	30813	7	8	2	0	1	0	0	0	0	0	0
A	BL	1	82	9	1	BA1651	30820	8	0	0	0	0	0	0	0	1	0	0
A	BL	1	82	9	1	BA1651	30823	8	7	0	0	0	0	0	0	0	0	0
A	BL	1	82	9	1	BA1651	30851	7	8	2	0	1	0	0	0	0	0	0
A	BL	1	82	9	1	BA1651	30861	8	7	0	0	0	0	0	0	0	0	0
A	BL	1	82	9	1	BA1651	30886	7	0	0	0	0	0	0	0	1	0	0
A	BL	1	82	9	1	BA1651	30890	7	8	2	0	1	0	0	0	0	0	0
A	BL	1	82	9	1	BA1651	30900	8	7	0	0	0	0	0	0	0	0	0
A	BL	1	82	9	1	BA1651	30941	7	0	0	0	0	0	0	0	1	0	0
A	BL	1	82	9	1	BA1651	30953	7	8	2	0	1	0	0	0	0	0	0
A	BL	1	82	9	1	BA1651	30961	8	0	0	0	0	0	0	0	1	0	0
A	BL	1	82	9	1	BA1651	30963	8	7	0	0	0	0	0	0	0	0	0
A	BL	1	82	9	1	BA1651	30991	7	8	2	0	1	0	0	0	0	0	0
A	BL	1	82	9	1	BA1651	31001	8	7	0	0	0	0	0	0	0	0	0
A	BL	1	82	9	1	BA1651	31039	7	0	0	0	0	0	0	0	1	0	0
A	BL	1	82	9	1	BA1651	31068	7	8	2	0	1	0	0	0	0	0	0
A	BL	1	82	9	1	BA1651	31078	8	7	0	0	0	0	0	0	0	0	0
A	BL	1	82	9	1	BA1651	31082	7	0	0	0	0	0	0	0	1	0	0
A	BL	1	82	9	1	BA1651	31088	7	8	2	0	1	0	0	0	0	0	0
A	BL	1	82	9	1	BA1651	31095	8	0	0	0	0	0	0	0	1	0	0
A	BL	1	82	9	1	BA1651	31098	8	7	0	0	0	0	0	0	0	0	0
A	BL	1	82	9	1	BA1651	31116	7	8	2	0	1	0	0	0	0	0	0
A	BL	1	82	9	1	BA1651	31126	8	7	0	0	0	0	0	0	0	0	0
A	BL	1	82	9	1	BA1651	31130	7	0	0	0	0	0	0	0	1	0	0
A	BL	1	82	9	1	BA1651	31134	7	8	2	0	1	0	0	0	0	0	0
A	BL	1	82	9	1	BA1651	31144	8	9	0	0	0	0	0	0	0	0	0
A	BL	1	82	9	1	BA1651	31146	9	0	0	0	0	0	0	0	1	0	0
A	BL	1	82	9	1	BA1651	31150	9	0	0	0	1	0	0	0	0	0	0
A	BL	1	82	9	1	BA1651	31153	9	0	0	0	0	0	0	0	1	0	0
A	BL	1	82	9	1	BA1651	31154	9	10	0	0	0	0	0	0	0	0	0
A	BL	1	82	9	1	BA1651	31229	10	2	0	0	0	0	0	0	0	0	0
A	BL	1	82	9	1	BA1651	31230	2	3	0	0	0	0	0	0	0	0	0
A	BL	1	82	9	1	BA1651	31403	3	0	0	0	1	0	0	0	0	0	0
A	BL	1	82	9	1	BA1651	31408	3	0	0	0	0	0	0	0	1	0	0
A	BL	1	82	9	1	BA1651	31450	3	0	0	0	1	0	0	0	0	0	0
A	BL	1	82	9	1	BA1651	31463	3	0	0	0	0	0	0	0	1	0	0
A	BL	1	82	9	1	BA1651	31507	3	0	0	0	1	0	0	0	0	0	0
A	BL	1	82	9	1	BA1651	31531	3	0	0	0	0	0	0	0	1	0	0
A	BL	1	82	9	1	BA1651	31539	3	0	0	0	1	0	0	0	0	0	0
A	BL	1	82	9	1	BA1651	31553	3	0	0	0	0	0	0	0	1	0	0
A	BL	1	82	9	1	BA1651	31582	3	0	0	0	1	0	0	0	0	0	0
A	BL	1	82	9	1	BA1651	31606	3	0	0	0	0	0	0	0	1	0	0
A	BL	1	82	9	1	BA1651	31612	3	0	0	0	1	0	0	0	0	0	0
A	BL	1	82	9	1	BA1651	31625	3	0	0	0	0	0	0	0	1	0	0
A	BL	1	82	9	1	BA1651	31653	3	0	0	0	1	0	0	0	0	0	0
A	BL	1	82	9	1	BA1651	31663	3	0	0	0	0	0	0	0	1	0	0
A	BL	1	82	9	1	BA1651	31667	3	0	0	0	1	0	0	0	0	0	0
A	BL	1	82	9	1	BA1651	31681	3	0	0	0	0	0	0	0	1	0	0
A	BL	1	82	9	1	BA1651	31697	3	0	0	0	1	0	0	0	0	0	0
A	BL	1	82	9	1	BA1651	31775	3	0	0	0	0	0	0	0	1	0	0
A	BL	1	82	9	1	BA1651	31782	3	0	0	0	1	0	0	0	0	0	0
A	BL	1	82	9	1	BA1651	31810	3	0	0	0	0	0	0	0	1	0	0
A	BL	1	82	9	1	BA1651	31818	3	0	0	0	1	0	0	0	0	0	0
A	BL	1	82	9	1	BA1651	31837	3	0	0	0	0	0	0	0	1	0	0
A	BL	1	82	9	1	BA1651	31841	3	0	0	0	1	0	0	0	0	0	0
A	BL	1	82	9	1	BA1651	31854	3	0	0	0	0	0	0	0	1	0	0
A	BL	1	82	9	1	BA1651	31867	3	0	0	0	1	0	0	0	0	0	0
A	BL	1	82	9	1	BA1651	31878	3	0	0	0	0	0	0	0	1	0	0
A	BL	1	82	9	1	BA1651	31888	3	0	0	0	1	0	0	0	0	0	0
A	BL	1	82	9	1	BA1651	32122	3	0	0	0	0	0	0	0	1	0	0
A	BL	1	82	9	1	BA1651	32126	3	0	0	0	1	0	0	0	0	0	0
A	BL	1	82	9	1	BA1651	32128	3	0	0	0	0	0	0	0	1	0	0
A	BL	1	82	9	1	BA1651	32168	3	0	0	0	1	0	0	0	0	0	0
A	BL	1	82	9	1	BA1651	32208	3	0	0	0	0	0	0	0	1	0	0
A	BL	1	82	9	1	BA1651	32236	3	0	0	0	1	0	0	0	0	0	0
A	BL	1	82	9	1	BA1651	32238	3	0	0	0	0	0	0	0	1	0	0
A	BL	1	82	9	1	BA1651	32336	3	0	0	0	1	0	0	0	0	0	0
A	BL	1	82	9	1	BA1651	32353	3	0	0	0	0	0	0	0	1	0	0
A	BL	1	82	9	1	BA1651	32356	3	0	0	0	1	0	0	0	0	0	0
A	BL	1	82	9	1	BA1651	32427	3	0	0	0	0	0	0	0	1	0	0
A	BL	1	82	9	1	BA1651	32428	3	0	0	0	1	0	0	0	0	0	0
A	BL	1	82	9	1	BA1651	32458	3	0	0	0	0	0	0	0	1	0	0
A	BL	1	82	9	1	BA1651	33066	3	5	1	1	0	0	0	0	0	0	0
A	BL	1	82	9	1	BA1651	33076	5	4	0	0	0	0	0	0	0	0	0
A	BL	1	82	9	1	BA1651	33082	4	0	0	0	0	0	0	1	0	0	0
A	BL	1	82	9	1	BA1651	33094	4	5	1	1	0	0	0	0	0	0	0
A	BL	1	82	9	1	BA1651	33104	5	4	0	0	0	0	0	0	0	0	0
A	BL	1	82	9	1	BA1651	33132	4	0	0	0	0	0	0	1	0	0	0
A	BL	1	82	9	1	BA1651	33167	4	5	1	1	0	0	0	0	0	0	0
A	BL	1	82	9	1	BA1651	33177	5	4	0	0	0	0	0	0	0	0	0
A	BL	1	82	9	1	BA1651	33193	4	0	0	0	0	0	0	1	0	0	0
A	BL	1	82	9	1	BA1651	33198	4	5	1	1	0	0	0	0	0	0	0
A	BL	1	82	9	1	BA1651	33208	5	4	0	0	0	0	0	0	0	0	0
A	BL	1	82	9	1	BA1651	33249	4	0	0	0	0	0	0	1	0	0	0
A	BL	1	82	9	1	BA1651	33287	4	5	1	1	0	0	0	0	0	0	0
A	BL	1	82	9	1	BA1651	33297	5	9	0	0	0	0	0	0	0	0	0
A	BL	1	82	9	1	BA1651	33307	9	10	0	0	0	0	0	0	0	0	0
A	BL	1	82	9	1	BA1651	33311	10	0	0	0	0	0	0	1	0	0	0
A	BL	1	82	9	1	BA1651	33382	10	2	0	0	0	0	0	0	0	0	0
A	BL	1	82	9	1	BA1651	33383	2	3	0	0	0	0	0	0	0	0	0
A	BL	1	82	9	1	BA1651	33546	3	5	1	1	0	0	0	0	0	0	0
A	BL	1	82	9	1	BA1651	33556	5	4	0	0	0	0	0	0	0	0	0
A	BL	1	82	9	1	BA1651	33576	4	0	0	0	0	0	0	1	0	0	0
A	BL	1	82	9	1	BA1651	33615	4	5	1	1	0	0	0	0	0	0	0
A	BL	1	82	9	1	BA1651	33625	5	4	0	0	0	0	0	0	0	0	0
A	BL	1	82	9	1	BA1651	33655	4	0	0	0	0	0	0	1	0	0	0
A	BL	1	82	9	1	BA1651	33672	4	5	1	1	0	0	0	0	0	0	0
A	BL	1	82	9	1	BA1651	33682	5	4	0	0	0	0	0	0	0	0	0
A	BL	1	82	9	1	BA1651	33708	4	0	0	0	0	0	0	1	0	0	0
A	BL	1	82	9	1	BA1651	33718	4	5	1	1	0	0	0	0	0	0	0
A	BL	1	82	9	1	BA1651	33722	5	0	0	0	0	0	0	1	0	0	0
A	BL	1	82	9	1	BA1651	33725	5	0	0	1	0	0	0	0	0	0	0
A	BL	1	82	9	1	BA1651	33728	5	4	0	0	0	0	0	0	0	0	0
A	BL	1	82	9	1	BA1651	33763	4	0	0	0	0	0	0	1	0	0	0
A	BL	1	82	9	1	BA1651	33798	4	5	1	1	0	0	0	0	0	0	0
A	BL	1	82	9	1	BA1651	33808	5	9	0	0	0	0	0	0	0	0	0
A	BL	1	82	9	1	BA1651	33818	9	-1	0	0	0	0	0	0	0	0	0
