Project	UserID	Protocol	Session	Station	Run	Subject	Time	Current State	Transition State	Transition Event	A1 - LEFT	A2 - RIGHT	A3 - 	A4 - 	A[1] LEFT	A[2] RIGHT	A[3] 	A[4] 
A	AB	4	72	9	1	BA1653	0	0	1	0	0	0	0	0	0	0	0	0
A	AB	4	72	9	1	BA1653	50	1	2	0	0	0	0	0	0	0	0	0
A	AB	4	72	9	1	BA1653	51	2	3	0	0	0	0	0	0	0	0	0
A	AB	4	72	9	1	BA1653	340	3	5	1	1	0	0	0	0	0	0	0
A	AB	4	72	9	1	BA1653	350	5	4	0	0	0	0	0	0	0	0	0
A	AB	4	72	9	1	BA1653	402	4	0	0	0	0	0	0	1	0	0	0
A	AB	4	72	9	1	BA1653	453	4	5	1	1	0	0	0	0	0	0	0
A	AB	4	72	9	1	BA1653	463	5	4	0	0	0	0	0	0	0	0	0
A	AB	4	72	9	1	BA1653	481	4	0	0	0	0	0	0	1	0	0	0
A	AB	4	72	9	1	BA1653	612	4	5	1	1	0	0	0	0	0	0	0
A	AB	4	72	9	1	BA1653	622	5	4	0	0	0	0	0	0	0	0	0
A	AB	4	72	9	1	BA1653	643	4	0	0	0	0	0	0	1	0	0	0
A	AB	4	72	9	1	BA1653	698	4	5	1	1	0	0	0	0	0	0	0
A	AB	4	72	9	1	BA1653	708	5	4	0	0	0	0	0	0	0	0	0
A	AB	4	72	9	1	BA1653	735	4	0	0	0	0	0	0	1	0	0	0
A	AB	4	72	9	1	BA1653	782	4	5	1	1	0	0	0	0	0	0	0
A	AB	4	72	9	1	BA1653	792	5	9	0	0	0	0	0	0	0	0	0
A	AB	4	72	9	1	BA1653	802	9	10	0	0	0	0	0	0	0	0	0
A	AB	4	72	9	1	BA1653	803	10	0	0	0	0	0	0	1	0	0	0
A	AB	4	72	9	1	BA1653	877	10	2	0	0	0	0	0	0	0	0	0
A	AB	4	72	9	1	BA1653	878	2	6	0	0	0	0	0	0	0	0	0
A	AB	4	72	9	1	BA1653	977	6	8	2	0	1	0	0	0	0	0	0
A	AB	4	72	9	1	BA1653	987	8	7	0	0	0	0	0	0	0	0	0
A	AB	4	72	9	1	BA1653	1014	7	0	0	0	0	0	0	0	1	0	0
A	AB	4	72	9	1	BA1653	1035	7	8	2	0	1	0	0	0	0	0	0
A	AB	4	72	9	1	BA1653	1040	8	0	0	0	0	0	0	0	1	0	0
A	AB	4	72	9	1	BA1653	1045	8	7	0	0	0	0	0	0	0	0	0
A	AB	4	72	9	1	BA1653	1057	7	8	2	0	1	0	0	0	0	0	0
A	AB	4	72	9	1	BA1653	1067	8	7	0	0	0	0	0	0	0	0	0
A	AB	4	72	9	1	BA1653	1081	7	0	0	0	0	0	0	0	1	0	0
A	AB	4	72	9	1	BA1653	1097	7	8	2	0	1	0	0	0	0	0	0
A	AB	4	72	9	1	BA1653	1101	8	0	0	0	0	0	0	0	1	0	0
A	AB	4	72	9	1	BA1653	1102	8	0	0	0	1	0	0	0	0	0	0
A	AB	4	72	9	1	BA1653	1107	8	7	0	0	0	0	0	0	0	0	0
A	AB	4	72	9	1	BA1653	1121	7	0	0	0	0	0	0	0	1	0	0
A	AB	4	72	9	1	BA1653	1162	7	8	2	0	1	0	0	0	0	0	0
A	AB	4	72	9	1	BA1653	1172	8	9	0	0	0	0	0	0	0	0	0
A	AB	4	72	9	1	BA1653	1182	9	10	0	0	0	0	0	0	1	0	0
A	AB	4	72	9	1	BA1653	1257	10	2	0	0	0	0	0	0	0	0	0
A	AB	4	72	9	1	BA1653	1258	2	6	0	0	0	0	0	0	0	0	0
A	AB	4	72	9	1	BA1653	1392	6	8	2	0	1	0	0	0	0	0	0
A	AB	4	72	9	1	BA1653	1402	8	7	0	0	0	0	0	0	0	0	0
A	AB	4	72	9	1	BA1653	1409	7	0	0	0	0	0	0	0	1	0	0
A	AB	4	72	9	1	BA1653	1417	7	8	2	0	1	0	0	0	0	0	0
A	AB	4	72	9	1	BA1653	1427	8	7	0	0	0	0	0	0	0	0	0
A	AB	4	72	9	1	BA1653	1432	7	0	0	0	0	0	0	0	1	0	0
A	AB	4	72	9	1	BA1653	1435	7	8	2	0	1	0	0	0	0	0	0
A	AB	4	72	9	1	BA1653	1437	8	0	0	0	0	0	0	0	1	0	0
A	AB	4	72	9	1	BA1653	1438	8	0	0	0	1	0	0	0	0	0	0
A	AB	4	72	9	1	BA1653	1445	8	7	0	0	0	0	0	0	0	0	0
A	AB	4	72	9	1	BA1653	1447	7	0	0	0	0	0	0	0	1	0	0
A	AB	4	72	9	1	BA1653	1487	7	8	2	0	1	0	0	0	0	0	0
A	AB	4	72	9	1	BA1653	1490	8	0	0	0	0	0	0	0	1	0	0
A	AB	4	72	9	1	BA1653	1492	8	0	0	0	1	0	0	0	0	0	0
A	AB	4	72	9	1	BA1653	1497	8	7	0	0	0	0	0	0	0	0	0
A	AB	4	72	9	1	BA1653	1510	7	0	0	0	0	0	0	0	1	0	0
A	AB	4	72	9	1	BA1653	1511	7	8	2	0	1	0	0	0	0	0	0
A	AB	4	72	9	1	BA1653	1520	8	0	0	0	0	0	0	0	1	0	0
A	AB	4	72	9	1	BA1653	1521	8	9	0	0	1	0	0	0	0	0	0
A	AB	4	72	9	1	BA1653	1531	9	10	0	0	0	0	0	0	1	0	0
A	AB	4	72	9	1	BA1653	1606	10	2	0	0	0	0	0	0	0	0	0
A	AB	4	72	9	1	BA1653	1607	2	6	0	0	0	0	0	0	0	0	0
A	AB	4	72	9	1	BA1653	1757	6	8	2	0	1	0	0	0	0	0	0
A	AB	4	72	9	1	BA1653	1759	8	0	0	0	0	0	0	0	1	0	0
A	AB	4	72	9	1	BA1653	1763	8	0	0	0	1	0	0	0	0	0	0
A	AB	4	72	9	1	BA1653	1767	8	7	0	0	0	0	0	0	0	0	0
A	AB	4	72	9	1	BA1653	1780	7	0	0	0	0	0	0	0	1	0	0
A	AB	4	72	9	1	BA1653	1837	7	8	2	0	1	0	0	0	0	0	0
A	AB	4	72	9	1	BA1653	1847	8	7	0	0	0	0	0	0	0	0	0
A	AB	4	72	9	1	BA1653	1865	7	8	2	0	1	0	0	0	1	0	0
A	AB	4	72	9	1	BA1653	1869	8	0	0	0	0	0	0	0	1	0	0
A	AB	4	72	9	1	BA1653	1875	8	7	0	0	1	0	0	0	0	0	0
A	AB	4	72	9	1	BA1653	1887	7	0	0	0	0	0	0	0	1	0	0
A	AB	4	72	9	1	BA1653	1941	7	8	2	0	1	0	0	0	0	0	0
A	AB	4	72	9	1	BA1653	1951	8	7	0	0	0	0	0	0	0	0	0
A	AB	4	72	9	1	BA1653	1966	7	0	0	0	0	0	0	0	1	0	0
A	AB	4	72	9	1	BA1653	1983	7	8	2	0	1	0	0	0	0	0	0
A	AB	4	72	9	1	BA1653	1993	8	9	0	0	0	0	0	0	0	0	0
A	AB	4	72	9	1	BA1653	1995	9	0	0	0	0	0	0	0	1	0	0
A	AB	4	72	9	1	BA1653	2003	9	10	0	0	0	0	0	0	0	0	0
A	AB	4	72	9	1	BA1653	2078	10	2	0	0	0	0	0	0	0	0	0
A	AB	4	72	9	1	BA1653	2079	2	3	0	0	0	0	0	0	0	0	0
A	AB	4	72	9	1	BA1653	2496	3	0	0	0	1	0	0	0	0	0	0
A	AB	4	72	9	1	BA1653	2517	3	0	0	0	0	0	0	0	1	0	0
A	AB	4	72	9	1	BA1653	2581	3	0	0	0	1	0	0	0	0	0	0
A	AB	4	72	9	1	BA1653	2605	3	0	0	0	0	0	0	0	1	0	0
A	AB	4	72	9	1	BA1653	2644	3	0	0	0	1	0	0	0	0	0	0
A	AB	4	72	9	1	BA1653	2667	3	0	0	0	0	0	0	0	1	0	0
A	AB	4	72	9	1	BA1653	2812	3	5	1	1	0	0	0	0	0	0	0
A	AB	4	72	9	1	BA1653	2822	5	4	0	0	0	0	0	0	0	0	0
A	AB	4	72	9	1	BA1653	2842	4	0	0	0	0	0	0	1	0	0	0
A	AB	4	72	9	1	BA1653	2894	4	5	1	1	0	0	0	0	0	0	0
A	AB	4	72	9	1	BA1653	2904	5	4	0	0	0	0	0	0	0	0	0
A	AB	4	72	9	1	BA1653	2916	4	0	0	0	0	0	0	1	0	0	0
A	AB	4	72	9	1	BA1653	2932	4	5	1	1	0	0	0	0	0	0	0
A	AB	4	72	9	1	BA1653	2936	5	0	0	0	0	0	0	1	0	0	0
A	AB	4	72	9	1	BA1653	2942	5	4	0	1	0	0	0	0	0	0	0
A	AB	4	72	9	1	BA1653	2999	4	0	0	0	0	0	0	1	0	0	0
A	AB	4	72	9	1	BA1653	3069	4	5	1	1	0	0	0	0	0	0	0
A	AB	4	72	9	1	BA1653	3079	5	4	0	0	0	0	0	0	0	0	0
A	AB	4	72	9	1	BA1653	3111	4	0	0	0	0	0	0	1	0	0	0
A	AB	4	72	9	1	BA1653	3156	4	5	1	1	0	0	0	0	0	0	0
A	AB	4	72	9	1	BA1653	3166	5	9	0	0	0	0	0	0	0	0	0
A	AB	4	72	9	1	BA1653	3176	9	10	0	0	0	0	0	1	0	0	0
A	AB	4	72	9	1	BA1653	3251	10	2	0	0	0	0	0	0	0	0	0
A	AB	4	72	9	1	BA1653	3252	2	3	0	0	0	0	0	0	0	0	0
A	AB	4	72	9	1	BA1653	3429	3	5	1	1	0	0	0	0	0	0	0
A	AB	4	72	9	1	BA1653	3439	5	4	0	0	0	0	0	0	0	0	0
A	AB	4	72	9	1	BA1653	3449	4	0	0	0	0	0	0	1	0	0	0
A	AB	4	72	9	1	BA1653	3502	4	5	1	1	0	0	0	0	0	0	0
A	AB	4	72	9	1	BA1653	3512	5	4	0	0	0	0	0	0	0	0	0
A	AB	4	72	9	1	BA1653	3557	4	0	0	0	0	0	0	1	0	0	0
A	AB	4	72	9	1	BA1653	3612	4	5	1	1	0	0	0	0	0	0	0
A	AB	4	72	9	1	BA1653	3622	5	4	0	0	0	0	0	0	0	0	0
A	AB	4	72	9	1	BA1653	3653	4	0	0	0	0	0	0	1	0	0	0
A	AB	4	72	9	1	BA1653	3712	4	5	1	1	0	0	0	0	0	0	0
A	AB	4	72	9	1	BA1653	3722	5	4	0	0	0	0	0	0	0	0	0
A	AB	4	72	9	1	BA1653	3743	4	0	0	0	0	0	0	1	0	0	0
A	AB	4	72	9	1	BA1653	3786	4	5	1	1	0	0	0	0	0	0	0
A	AB	4	72	9	1	BA1653	3796	5	9	0	0	0	0	0	0	0	0	0
A	AB	4	72	9	1	BA1653	3806	9	10	0	0	0	0	0	1	0	0	0
A	AB	4	72	9	1	BA1653	3881	10	2	0	0	0	0	0	0	0	0	0
A	AB	4	72	9	1	BA1653	3882	2	6	0	0	0	0	0	0	0	0	0
A	AB	4	72	9	1	BA1653	4275	6	8	2	0	1	0	0	0	0	0	0
A	AB	4	72	9	1	BA1653	4277	8	0	0	0	0	0	0	0	1	0	0
A	AB	4	72	9	1	BA1653	4285	8	7	0	0	0	0	0	0	0	0	0
A	AB	4	72	9	1	BA1653	4319	7	8	2	0	1	0	0	0	0	0	0
A	AB	4	72	9	1	BA1653	4329	8	7	0	0	0	0	0	0	0	0	0
A	AB	4	72	9	1	BA1653	4337	7	0	0	0	0	0	0	0	1	0	0
A	AB	4	72	9	1	BA1653	4347	7	8	2	0	1	0	0	0	0	0	0
A	AB	4	72	9	1	BA1653	4349	8	0	0	0	0	0	0	0	1	0	0
A	AB	4	72	9	1	BA1653	4355	8	0	0	0	1	0	0	0	0	0	0
A	AB	4	72	9	1	BA1653	4357	8	7	0	0	0	0	0	0	0	0	0
A	AB	4	72	9	1	BA1653	4368	7	0	0	0	0	0	0	0	1	0	0
A	AB	4	72	9	1	BA1653	4407	7	8	2	0	1	0	0	0	0	0	0
A	AB	4	72	9	1	BA1653	4409	8	0	0	0	0	0	0	0	1	0	0
A	AB	4	72	9	1	BA1653	4417	8	7	0	0	0	0	0	0	0	0	0
A	AB	4	72	9	1	BA1653	4418	7	8	2	0	1	0	0	0	0	0	0
A	AB	4	72	9	1	BA1653	4428	8	9	0	0	0	0	0	0	0	0	0
A	AB	4	72	9	1	BA1653	4438	9	10	0	0	0	0	0	0	0	0	0
A	AB	4	72	9	1	BA1653	4439	10	0	0	0	0	0	0	0	1	0	0
A	AB	4	72	9	1	BA1653	4513	10	2	0	0	0	0	0	0	0	0	0
A	AB	4	72	9	1	BA1653	4514	2	6	0	0	0	0	0	0	0	0	0
A	AB	4	72	9	1	BA1653	4658	6	8	2	0	1	0	0	0	0	0	0
A	AB	4	72	9	1	BA1653	4660	8	0	0	0	0	0	0	0	1	0	0
A	AB	4	72	9	1	BA1653	4666	8	0	0	0	1	0	0	0	0	0	0
A	AB	4	72	9	1	BA1653	4668	8	7	0	0	0	0	0	0	0	0	0
A	AB	4	72	9	1	BA1653	4673	7	0	0	0	0	0	0	0	1	0	0
A	AB	4	72	9	1	BA1653	4676	7	8	2	0	1	0	0	0	0	0	0
A	AB	4	72	9	1	BA1653	4678	8	0	0	0	0	0	0	0	1	0	0
A	AB	4	72	9	1	BA1653	4686	8	7	0	0	0	0	0	0	0	0	0
A	AB	4	72	9	1	BA1653	4687	7	8	2	0	1	0	0	0	0	0	0
A	AB	4	72	9	1	BA1653	4696	8	0	0	0	0	0	0	0	1	0	0
A	AB	4	72	9	1	BA1653	4697	8	7	0	0	0	0	0	0	0	0	0
A	AB	4	72	9	1	BA1653	4731	7	8	2	0	1	0	0	0	0	0	0
A	AB	4	72	9	1	BA1653	4741	8	7	0	0	0	0	0	0	0	0	0
A	AB	4	72	9	1	BA1653	4755	7	0	0	0	0	0	0	0	1	0	0
A	AB	4	72	9	1	BA1653	4759	7	8	2	0	1	0	0	0	0	0	0
A	AB	4	72	9	1	BA1653	4769	8	9	0	0	0	0	0	0	0	0	0
A	AB	4	72	9	1	BA1653	4779	9	10	0	0	0	0	0	0	0	0	0
A	AB	4	72	9	1	BA1653	4782	10	0	0	0	0	0	0	0	1	0	0
A	AB	4	72	9	1	BA1653	4854	10	2	0	0	0	0	0	0	0	0	0
A	AB	4	72	9	1	BA1653	4855	2	6	0	0	0	0	0	0	0	0	0
A	AB	4	72	9	1	BA1653	5081	6	8	2	0	1	0	0	0	0	0	0
A	AB	4	72	9	1	BA1653	5083	8	0	0	0	0	0	0	0	1	0	0
A	AB	4	72	9	1	BA1653	5091	8	7	0	0	0	0	0	0	0	0	0
A	AB	4	72	9	1	BA1653	5093	7	8	2	0	1	0	0	0	0	0	0
A	AB	4	72	9	1	BA1653	5103	8	7	0	0	0	0	0	0	0	0	0
A	AB	4	72	9	1	BA1653	5136	7	0	0	0	0	0	0	0	1	0	0
A	AB	4	72	9	1	BA1653	5163	7	8	2	0	1	0	0	0	0	0	0
A	AB	4	72	9	1	BA1653	5166	8	0	0	0	0	0	0	0	1	0	0
A	AB	4	72	9	1	BA1653	5172	8	0	0	0	1	0	0	0	0	0	0
A	AB	4	72	9	1	BA1653	5173	8	7	0	0	0	0	0	0	0	0	0
A	AB	4	72	9	1	BA1653	5190	7	0	0	0	0	0	0	0	1	0	0
A	AB	4	72	9	1	BA1653	5195	7	8	2	0	1	0	0	0	0	0	0
A	AB	4	72	9	1	BA1653	5205	8	7	0	0	0	0	0	0	0	0	0
A	AB	4	72	9	1	BA1653	5221	7	0	0	0	0	0	0	0	1	0	0
A	AB	4	72	9	1	BA1653	5222	7	8	2	0	1	0	0	0	0	0	0
A	AB	4	72	9	1	BA1653	5224	8	0	0	0	0	0	0	0	1	0	0
A	AB	4	72	9	1	BA1653	5232	8	9	0	0	1	0	0	0	0	0	0
A	AB	4	72	9	1	BA1653	5242	9	10	0	0	0	0	0	0	0	0	0
A	AB	4	72	9	1	BA1653	5247	10	0	0	0	0	0	0	0	1	0	0
A	AB	4	72	9	1	BA1653	5317	10	2	0	0	0	0	0	0	0	0	0
A	AB	4	72	9	1	BA1653	5318	2	3	0	0	0	0	0	0	0	0	0
A	AB	4	72	9	1	BA1653	5591	3	5	1	1	0	0	0	0	0	0	0
A	AB	4	72	9	1	BA1653	5600	5	0	0	0	0	0	0	1	0	0	0
A	AB	4	72	9	1	BA1653	5601	5	4	0	0	0	0	0	0	0	0	0
A	AB	4	72	9	1	BA1653	5652	4	5	1	1	0	0	0	0	0	0	0
A	AB	4	72	9	1	BA1653	5662	5	4	0	0	0	0	0	0	0	0	0
A	AB	4	72	9	1	BA1653	5669	4	0	0	0	0	0	0	1	0	0	0
A	AB	4	72	9	1	BA1653	5674	4	5	1	1	0	0	0	0	0	0	0
A	AB	4	72	9	1	BA1653	5684	5	4	0	0	0	0	0	0	0	0	0
A	AB	4	72	9	1	BA1653	5703	4	0	0	0	0	0	0	1	0	0	0
A	AB	4	72	9	1	BA1653	5759	4	5	1	1	0	0	0	0	0	0	0
A	AB	4	72	9	1	BA1653	5769	5	4	0	0	0	0	0	0	0	0	0
A	AB	4	72	9	1	BA1653	5795	4	0	0	0	0	0	0	1	0	0	0
A	AB	4	72	9	1	BA1653	5814	4	5	1	1	0	0	0	0	0	0	0
A	AB	4	72	9	1	BA1653	5824	5	9	0	0	0	0	0	0	0	0	0
A	AB	4	72	9	1	BA1653	5834	9	10	0	0	0	0	0	0	0	0	0
A	AB	4	72	9	1	BA1653	5836	10	0	0	0	0	0	0	1	0	0	0
A	AB	4	72	9	1	BA1653	5909	10	2	0	0	0	0	0	0	0	0	0
A	AB	4	72	9	1	BA1653	5910	2	6	0	0	0	0	0	0	0	0	0
A	AB	4	72	9	1	BA1653	6161	6	8	2	0	1	0	0	0	0	0	0
A	AB	4	72	9	1	BA1653	6168	8	0	0	0	0	0	0	0	1	0	0
A	AB	4	72	9	1	BA1653	6171	8	7	0	0	0	0	0	0	0	0	0
A	AB	4	72	9	1	BA1653	6174	7	8	2	0	1	0	0	0	0	0	0
A	AB	4	72	9	1	BA1653	6184	8	7	0	0	0	0	0	0	0	0	0
A	AB	4	72	9	1	BA1653	6198	7	0	0	0	0	0	0	0	1	0	0
A	AB	4	72	9	1	BA1653	6205	7	8	2	0	1	0	0	0	0	0	0
A	AB	4	72	9	1	BA1653	6215	8	7	0	0	0	0	0	0	0	0	0
A	AB	4	72	9	1	BA1653	6216	7	0	0	0	0	0	0	0	1	0	0
A	AB	4	72	9	1	BA1653	6261	7	8	2	0	1	0	0	0	0	0	0
A	AB	4	72	9	1	BA1653	6264	8	0	0	0	0	0	0	0	1	0	0
A	AB	4	72	9	1	BA1653	6266	8	0	0	0	1	0	0	0	0	0	0
A	AB	4	72	9	1	BA1653	6271	8	7	0	0	0	0	0	0	0	0	0
A	AB	4	72	9	1	BA1653	6291	7	0	0	0	0	0	0	0	1	0	0
A	AB	4	72	9	1	BA1653	6333	7	8	2	0	1	0	0	0	0	0	0
A	AB	4	72	9	1	BA1653	6343	8	9	0	0	0	0	0	0	0	0	0
A	AB	4	72	9	1	BA1653	6353	9	10	0	0	0	0	0	0	0	0	0
A	AB	4	72	9	1	BA1653	6358	10	0	0	0	0	0	0	0	1	0	0
A	AB	4	72	9	1	BA1653	6428	10	2	0	0	0	0	0	0	0	0	0
A	AB	4	72	9	1	BA1653	6429	2	3	0	0	0	0	0	0	0	0	0
A	AB	4	72	9	1	BA1653	6702	3	5	1	1	0	0	0	0	0	0	0
A	AB	4	72	9	1	BA1653	6712	5	4	0	0	0	0	0	0	0	0	0
A	AB	4	72	9	1	BA1653	6725	4	0	0	0	0	0	0	1	0	0	0
A	AB	4	72	9	1	BA1653	6810	4	5	1	1	0	0	0	0	0	0	0
A	AB	4	72	9	1	BA1653	6820	5	4	0	0	0	0	0	0	0	0	0
A	AB	4	72	9	1	BA1653	6860	4	0	0	0	0	0	0	1	0	0	0
A	AB	4	72	9	1	BA1653	6991	4	5	1	1	0	0	0	0	0	0	0
A	AB	4	72	9	1	BA1653	7001	5	4	0	0	0	0	0	0	0	0	0
A	AB	4	72	9	1	BA1653	7026	4	0	0	0	0	0	0	1	0	0	0
A	AB	4	72	9	1	BA1653	7064	4	5	1	1	0	0	0	0	0	0	0
A	AB	4	72	9	1	BA1653	7074	5	4	0	0	0	0	0	0	0	0	0
A	AB	4	72	9	1	BA1653	7114	4	0	0	0	0	0	0	1	0	0	0
A	AB	4	72	9	1	BA1653	7138	4	5	1	1	0	0	0	0	0	0	0
A	AB	4	72	9	1	BA1653	7147	5	0	0	0	0	0	0	1	0	0	0
A	AB	4	72	9	1	BA1653	7148	5	9	0	0	0	0	0	0	0	0	0
A	AB	4	72	9	1	BA1653	7158	9	10	0	0	0	0	0	0	0	0	0
A	AB	4	72	9	1	BA1653	7233	10	2	0	0	0	0	0	0	0	0	0
A	AB	4	72	9	1	BA1653	7234	2	3	0	0	0	0	0	0	0	0	0
A	AB	4	72	9	1	BA1653	7562	3	5	1	1	0	0	0	0	0	0	0
A	AB	4	72	9	1	BA1653	7572	5	4	0	0	0	0	0	0	0	0	0
A	AB	4	72	9	1	BA1653	7598	4	0	0	0	0	0	0	1	0	0	0
A	AB	4	72	9	1	BA1653	7633	4	5	1	1	0	0	0	0	0	0	0
A	AB	4	72	9	1	BA1653	7643	5	4	0	0	0	0	0	0	0	0	0
A	AB	4	72	9	1	BA1653	7667	4	0	0	0	0	0	0	1	0	0	0
A	AB	4	72	9	1	BA1653	7733	4	5	1	1	0	0	0	0	0	0	0
A	AB	4	72	9	1	BA1653	7743	5	4	0	0	0	0	0	0	0	0	0
A	AB	4	72	9	1	BA1653	7791	4	0	0	0	0	0	0	1	0	0	0
A	AB	4	72	9	1	BA1653	7804	4	5	1	1	0	0	0	0	0	0	0
A	AB	4	72	9	1	BA1653	7814	5	4	0	0	0	0	0	0	0	0	0
A	AB	4	72	9	1	BA1653	7848	4	0	0	0	0	0	0	1	0	0	0
A	AB	4	72	9	1	BA1653	7902	4	5	1	1	0	0	0	0	0	0	0
A	AB	4	72	9	1	BA1653	7912	5	9	0	0	0	0	0	0	0	0	0
A	AB	4	72	9	1	BA1653	7922	9	10	0	0	0	0	0	1	0	0	0
A	AB	4	72	9	1	BA1653	7997	10	2	0	0	0	0	0	0	0	0	0
A	AB	4	72	9	1	BA1653	7998	2	3	0	0	0	0	0	0	0	0	0
A	AB	4	72	9	1	BA1653	8249	3	5	1	1	0	0	0	0	0	0	0
A	AB	4	72	9	1	BA1653	8259	5	4	0	0	0	0	0	0	0	0	0
A	AB	4	72	9	1	BA1653	8286	4	0	0	0	0	0	0	1	0	0	0
A	AB	4	72	9	1	BA1653	8348	4	5	1	1	0	0	0	0	0	0	0
A	AB	4	72	9	1	BA1653	8358	5	4	0	0	0	0	0	0	0	0	0
A	AB	4	72	9	1	BA1653	8384	4	0	0	0	0	0	0	1	0	0	0
A	AB	4	72	9	1	BA1653	8449	4	5	1	1	0	0	0	0	0	0	0
A	AB	4	72	9	1	BA1653	8459	5	4	0	0	0	0	0	0	0	0	0
A	AB	4	72	9	1	BA1653	8500	4	0	0	0	0	0	0	1	0	0	0
A	AB	4	72	9	1	BA1653	8520	4	5	1	1	0	0	0	0	0	0	0
A	AB	4	72	9	1	BA1653	8530	5	4	0	0	0	0	0	0	0	0	0
A	AB	4	72	9	1	BA1653	8588	4	0	0	0	0	0	0	1	0	0	0
A	AB	4	72	9	1	BA1653	8640	4	5	1	1	0	0	0	0	0	0	0
A	AB	4	72	9	1	BA1653	8650	5	9	0	0	0	0	0	0	0	0	0
A	AB	4	72	9	1	BA1653	8660	9	10	0	0	0	0	0	1	0	0	0
A	AB	4	72	9	1	BA1653	8735	10	2	0	0	0	0	0	0	0	0	0
A	AB	4	72	9	1	BA1653	8736	2	6	0	0	0	0	0	0	0	0	0
A	AB	4	72	9	1	BA1653	8991	6	8	2	0	1	0	0	0	0	0	0
A	AB	4	72	9	1	BA1653	9001	8	7	0	0	0	0	0	0	0	0	0
A	AB	4	72	9	1	BA1653	9002	7	0	0	0	0	0	0	0	1	0	0
A	AB	4	72	9	1	BA1653	9147	7	8	2	0	1	0	0	0	0	0	0
A	AB	4	72	9	1	BA1653	9152	8	0	0	0	0	0	0	0	1	0	0
A	AB	4	72	9	1	BA1653	9157	8	7	0	0	0	0	0	0	0	0	0
A	AB	4	72	9	1	BA1653	9191	7	8	2	0	1	0	0	0	0	0	0
A	AB	4	72	9	1	BA1653	9193	8	0	0	0	0	0	0	0	1	0	0
A	AB	4	72	9	1	BA1653	9201	8	7	0	0	1	0	0	0	0	0	0
A	AB	4	72	9	1	BA1653	9232	7	0	0	0	0	0	0	0	1	0	0
A	AB	4	72	9	1	BA1653	9264	7	8	2	0	1	0	0	0	0	0	0
A	AB	4	72	9	1	BA1653	9274	8	7	0	0	0	0	0	0	0	0	0
A	AB	4	72	9	1	BA1653	9302	7	0	0	0	0	0	0	0	1	0	0
A	AB	4	72	9	1	BA1653	9310	7	8	2	0	1	0	0	0	0	0	0
A	AB	4	72	9	1	BA1653	9320	8	9	0	0	0	0	0	0	0	0	0
A	AB	4	72	9	1	BA1653	9327	9	0	0	0	0	0	0	0	1	0	0
A	AB	4	72	9	1	BA1653	9330	9	10	0	0	0	0	0	0	0	0	0
A	AB	4	72	9	1	BA1653	9405	10	2	0	0	0	0	0	0	0	0	0
A	AB	4	72	9	1	BA1653	9406	2	6	0	0	0	0	0	0	0	0	0
A	AB	4	72	9	1	BA1653	9545	6	8	2	0	1	0	0	0	0	0	0
A	AB	4	72	9	1	BA1653	9553	8	0	0	0	0	0	0	0	1	0	0
A	AB	4	72	9	1	BA1653	9555	8	7	0	0	0	0	0	0	0	0	0
A	AB	4	72	9	1	BA1653	9596	7	8	2	0	1	0	0	0	0	0	0
A	AB	4	72	9	1	BA1653	9600	8	0	0	0	0	0	0	0	1	0	0
A	AB	4	72	9	1	BA1653	9606	8	7	0	0	0	0	0	0	0	0	0
A	AB	4	72	9	1	BA1653	9615	7	8	2	0	1	0	0	0	0	0	0
A	AB	4	72	9	1	BA1653	9625	8	7	0	0	0	0	0	0	1	0	0
A	AB	4	72	9	1	BA1653	9631	7	8	2	0	1	0	0	0	0	0	0
A	AB	4	72	9	1	BA1653	9641	8	7	0	0	0	0	0	0	1	0	0
A	AB	4	72	9	1	BA1653	9645	7	8	2	0	1	0	0	0	0	0	0
A	AB	4	72	9	1	BA1653	9655	8	9	0	0	0	0	0	0	0	0	0
A	AB	4	72	9	1	BA1653	9665	9	10	0	0	0	0	0	0	0	0	0
A	AB	4	72	9	1	BA1653	9668	10	0	0	0	0	0	0	0	1	0	0
A	AB	4	72	9	1	BA1653	9740	10	2	0	0	0	0	0	0	0	0	0
A	AB	4	72	9	1	BA1653	9741	2	6	0	0	0	0	0	0	0	0	0
A	AB	4	72	9	1	BA1653	10056	6	8	2	0	1	0	0	0	0	0	0
A	AB	4	72	9	1	BA1653	10058	8	0	0	0	0	0	0	0	1	0	0
A	AB	4	72	9	1	BA1653	10063	8	0	0	0	1	0	0	0	0	0	0
A	AB	4	72	9	1	BA1653	10066	8	7	0	0	0	0	0	0	0	0	0
A	AB	4	72	9	1	BA1653	10088	7	0	0	0	0	0	0	0	1	0	0
A	AB	4	72	9	1	BA1653	10090	7	8	2	0	1	0	0	0	0	0	0
A	AB	4	72	9	1	BA1653	10100	8	7	0	0	0	0	0	0	0	0	0
A	AB	4	72	9	1	BA1653	10119	7	0	0	0	0	0	0	0	1	0	0
A	AB	4	72	9	1	BA1653	10135	7	8	2	0	1	0	0	0	0	0	0
A	AB	4	72	9	1	BA1653	10144	8	0	0	0	0	0	0	0	1	0	0
A	AB	4	72	9	1	BA1653	10145	8	7	0	0	0	0	0	0	0	0	0
A	AB	4	72	9	1	BA1653	10146	7	8	2	0	1	0	0	0	0	0	0
A	AB	4	72	9	1	BA1653	10156	8	7	0	0	0	0	0	0	0	0	0
A	AB	4	72	9	1	BA1653	10163	7	0	0	0	0	0	0	0	1	0	0
A	AB	4	72	9	1	BA1653	10206	7	8	2	0	1	0	0	0	0	0	0
A	AB	4	72	9	1	BA1653	10216	8	9	0	0	0	0	0	0	0	0	0
A	AB	4	72	9	1	BA1653	10225	9	0	0	0	0	0	0	0	1	0	0
A	AB	4	72	9	1	BA1653	10226	9	10	0	0	0	0	0	0	0	0	0
A	AB	4	72	9	1	BA1653	10301	10	2	0	0	0	0	0	0	0	0	0
A	AB	4	72	9	1	BA1653	10302	2	3	0	0	0	0	0	0	0	0	0
A	AB	4	72	9	1	BA1653	10755	3	5	1	1	0	0	0	0	0	0	0
A	AB	4	72	9	1	BA1653	10765	5	4	0	0	0	0	0	0	0	0	0
A	AB	4	72	9	1	BA1653	10772	4	0	0	0	0	0	0	1	0	0	0
A	AB	4	72	9	1	BA1653	10827	4	5	1	1	0	0	0	0	0	0	0
A	AB	4	72	9	1	BA1653	10837	5	4	0	0	0	0	0	0	0	0	0
A	AB	4	72	9	1	BA1653	10855	4	0	0	0	0	0	0	1	0	0	0
A	AB	4	72	9	1	BA1653	10905	4	5	1	1	0	0	0	0	0	0	0
A	AB	4	72	9	1	BA1653	10915	5	4	0	0	0	0	0	0	0	0	0
A	AB	4	72	9	1	BA1653	10933	4	0	0	0	0	0	0	1	0	0	0
A	AB	4	72	9	1	BA1653	10983	4	5	1	1	0	0	0	0	0	0	0
A	AB	4	72	9	1	BA1653	10993	5	4	0	0	0	0	0	0	0	0	0
A	AB	4	72	9	1	BA1653	11004	4	0	0	0	0	0	0	1	0	0	0
A	AB	4	72	9	1	BA1653	11060	4	5	1	1	0	0	0	0	0	0	0
A	AB	4	72	9	1	BA1653	11070	5	9	0	0	0	0	0	0	0	0	0
A	AB	4	72	9	1	BA1653	11080	9	10	0	0	0	0	0	0	0	0	0
A	AB	4	72	9	1	BA1653	11082	10	0	0	0	0	0	0	1	0	0	0
A	AB	4	72	9	1	BA1653	11155	10	2	0	0	0	0	0	0	0	0	0
A	AB	4	72	9	1	BA1653	11156	2	3	0	0	0	0	0	0	0	0	0
A	AB	4	72	9	1	BA1653	11725	3	5	1	1	0	0	0	0	0	0	0
A	AB	4	72	9	1	BA1653	11735	5	4	0	0	0	0	0	0	0	0	0
A	AB	4	72	9	1	BA1653	11745	4	0	0	0	0	0	0	1	0	0	0
A	AB	4	72	9	1	BA1653	11784	4	5	1	1	0	0	0	0	0	0	0
A	AB	4	72	9	1	BA1653	11794	5	4	0	0	0	0	0	0	0	0	0
A	AB	4	72	9	1	BA1653	11828	4	0	0	0	0	0	0	1	0	0	0
A	AB	4	72	9	1	BA1653	11879	4	5	1	1	0	0	0	0	0	0	0
A	AB	4	72	9	1	BA1653	11889	5	4	0	0	0	0	0	0	0	0	0
A	AB	4	72	9	1	BA1653	11924	4	0	0	0	0	0	0	1	0	0	0
A	AB	4	72	9	1	BA1653	11966	4	5	1	1	0	0	0	0	0	0	0
A	AB	4	72	9	1	BA1653	11976	5	4	0	0	0	0	0	0	0	0	0
A	AB	4	72	9	1	BA1653	11995	4	0	0	0	0	0	0	1	0	0	0
A	AB	4	72	9	1	BA1653	12053	4	5	1	1	0	0	0	0	0	0	0
A	AB	4	72	9	1	BA1653	12063	5	9	0	0	0	0	0	0	0	0	0
A	AB	4	72	9	1	BA1653	12073	9	10	0	0	0	0	0	0	0	0	0
A	AB	4	72	9	1	BA1653	12077	10	0	0	0	0	0	0	1	0	0	0
A	AB	4	72	9	1	BA1653	12148	10	2	0	0	0	0	0	0	0	0	0
A	AB	4	72	9	1	BA1653	12149	2	3	0	0	0	0	0	0	0	0	0
A	AB	4	72	9	1	BA1653	12706	3	0	0	0	1	0	0	0	0	0	0
A	AB	4	72	9	1	BA1653	12707	3	0	0	0	0	0	0	0	1	0	0
A	AB	4	72	9	1	BA1653	12765	3	5	1	1	0	0	0	0	0	0	0
A	AB	4	72	9	1	BA1653	12775	5	4	0	0	0	0	0	0	0	0	0
A	AB	4	72	9	1	BA1653	12845	4	0	0	0	0	0	0	1	0	0	0
A	AB	4	72	9	1	BA1653	12895	4	5	1	1	0	0	0	0	0	0	0
A	AB	4	72	9	1	BA1653	12905	5	4	0	0	0	0	0	0	0	0	0
A	AB	4	72	9	1	BA1653	12927	4	0	0	0	0	0	0	1	0	0	0
A	AB	4	72	9	1	BA1653	12999	4	5	1	1	0	0	0	0	0	0	0
A	AB	4	72	9	1	BA1653	13009	5	4	0	0	0	0	0	0	0	0	0
A	AB	4	72	9	1	BA1653	13078	4	0	0	0	0	0	0	1	0	0	0
A	AB	4	72	9	1	BA1653	13098	4	5	1	1	0	0	0	0	0	0	0
A	AB	4	72	9	1	BA1653	13108	5	4	0	0	0	0	0	0	0	0	0
A	AB	4	72	9	1	BA1653	13139	4	0	0	0	0	0	0	1	0	0	0
A	AB	4	72	9	1	BA1653	13191	4	5	1	1	0	0	0	0	0	0	0
A	AB	4	72	9	1	BA1653	13201	5	9	0	0	0	0	0	0	0	0	0
A	AB	4	72	9	1	BA1653	13211	9	10	0	0	0	0	0	0	0	0	0
A	AB	4	72	9	1	BA1653	13212	10	0	0	0	0	0	0	1	0	0	0
A	AB	4	72	9	1	BA1653	13286	10	2	0	0	0	0	0	0	0	0	0
A	AB	4	72	9	1	BA1653	13287	2	6	0	0	0	0	0	0	0	0	0
A	AB	4	72	9	1	BA1653	13492	6	8	2	0	1	0	0	0	0	0	0
A	AB	4	72	9	1	BA1653	13496	8	0	0	0	0	0	0	0	1	0	0
A	AB	4	72	9	1	BA1653	13497	8	0	0	0	1	0	0	0	0	0	0
A	AB	4	72	9	1	BA1653	13502	8	7	0	0	0	0	0	0	1	0	0
A	AB	4	72	9	1	BA1653	13504	7	8	2	0	1	0	0	0	0	0	0
A	AB	4	72	9	1	BA1653	13514	8	7	0	0	0	0	0	0	0	0	0
A	AB	4	72	9	1	BA1653	13520	7	0	0	0	0	0	0	0	1	0	0
A	AB	4	72	9	1	BA1653	13523	7	8	2	0	1	0	0	0	0	0	0
A	AB	4	72	9	1	BA1653	13524	8	0	0	0	0	0	0	0	1	0	0
A	AB	4	72	9	1	BA1653	13533	8	7	0	0	0	0	0	0	0	0	0
A	AB	4	72	9	1	BA1653	13535	7	8	2	0	1	0	0	0	0	0	0
A	AB	4	72	9	1	BA1653	13545	8	7	0	0	0	0	0	0	1	0	0
A	AB	4	72	9	1	BA1653	13569	7	8	2	0	1	0	0	0	0	0	0
A	AB	4	72	9	1	BA1653	13572	8	0	0	0	0	0	0	0	1	0	0
A	AB	4	72	9	1	BA1653	13579	8	9	0	0	0	0	0	0	0	0	0
A	AB	4	72	9	1	BA1653	13580	9	0	0	0	1	0	0	0	0	0	0
A	AB	4	72	9	1	BA1653	13589	9	10	0	0	0	0	0	0	0	0	0
A	AB	4	72	9	1	BA1653	13593	10	0	0	0	0	0	0	0	1	0	0
A	AB	4	72	9	1	BA1653	13664	10	2	0	0	0	0	0	0	0	0	0
A	AB	4	72	9	1	BA1653	13665	2	6	0	0	0	0	0	0	0	0	0
A	AB	4	72	9	1	BA1653	13791	6	8	2	0	1	0	0	0	0	0	0
A	AB	4	72	9	1	BA1653	13800	8	0	0	0	0	0	0	0	1	0	0
A	AB	4	72	9	1	BA1653	13801	8	7	0	0	0	0	0	0	0	0	0
A	AB	4	72	9	1	BA1653	13814	7	8	2	0	1	0	0	0	0	0	0
A	AB	4	72	9	1	BA1653	13820	8	0	0	0	0	0	0	0	1	0	0
A	AB	4	72	9	1	BA1653	13824	8	7	0	0	0	0	0	0	0	0	0
A	AB	4	72	9	1	BA1653	13874	7	8	2	0	1	0	0	0	0	0	0
A	AB	4	72	9	1	BA1653	13884	8	7	0	0	0	0	0	0	0	0	0
A	AB	4	72	9	1	BA1653	13933	7	0	0	0	0	0	0	0	1	0	0
A	AB	4	72	9	1	BA1653	13957	7	8	2	0	1	0	0	0	0	0	0
A	AB	4	72	9	1	BA1653	13958	8	0	0	0	0	0	0	0	1	0	0
A	AB	4	72	9	1	BA1653	13967	8	7	0	0	0	0	0	0	0	0	0
A	AB	4	72	9	1	BA1653	13971	7	8	2	0	1	0	0	0	0	0	0
A	AB	4	72	9	1	BA1653	13981	8	9	0	0	0	0	0	0	0	0	0
A	AB	4	72	9	1	BA1653	13991	9	10	0	0	0	0	0	0	0	0	0
A	AB	4	72	9	1	BA1653	13992	10	0	0	0	0	0	0	0	1	0	0
A	AB	4	72	9	1	BA1653	14066	10	2	0	0	0	0	0	0	0	0	0
A	AB	4	72	9	1	BA1653	14067	2	3	0	0	0	0	0	0	0	0	0
A	AB	4	72	9	1	BA1653	14485	3	5	1	1	0	0	0	0	0	0	0
A	AB	4	72	9	1	BA1653	14495	5	4	0	0	0	0	0	0	0	0	0
A	AB	4	72	9	1	BA1653	14514	4	0	0	0	0	0	0	1	0	0	0
A	AB	4	72	9	1	BA1653	14623	4	5	1	1	0	0	0	0	0	0	0
A	AB	4	72	9	1	BA1653	14633	5	4	0	0	0	0	0	0	0	0	0
A	AB	4	72	9	1	BA1653	14661	4	0	0	0	0	0	0	1	0	0	0
A	AB	4	72	9	1	BA1653	14728	4	5	1	1	0	0	0	0	0	0	0
A	AB	4	72	9	1	BA1653	14738	5	4	0	0	0	0	0	0	0	0	0
A	AB	4	72	9	1	BA1653	14758	4	0	0	0	0	0	0	1	0	0	0
A	AB	4	72	9	1	BA1653	14809	4	5	1	1	0	0	0	0	0	0	0
A	AB	4	72	9	1	BA1653	14819	5	4	0	0	0	0	0	0	0	0	0
A	AB	4	72	9	1	BA1653	14837	4	0	0	0	0	0	0	1	0	0	0
A	AB	4	72	9	1	BA1653	14920	4	5	1	1	0	0	0	0	0	0	0
A	AB	4	72	9	1	BA1653	14930	5	9	0	0	0	0	0	0	0	0	0
A	AB	4	72	9	1	BA1653	14940	9	10	0	0	0	0	0	0	0	0	0
A	AB	4	72	9	1	BA1653	14943	10	0	0	0	0	0	0	1	0	0	0
A	AB	4	72	9	1	BA1653	15015	10	2	0	0	0	0	0	0	0	0	0
A	AB	4	72	9	1	BA1653	15016	2	6	0	0	0	0	0	0	0	0	0
A	AB	4	72	9	1	BA1653	15255	6	8	2	0	1	0	0	0	0	0	0
A	AB	4	72	9	1	BA1653	15265	8	7	0	0	0	0	0	0	0	0	0
A	AB	4	72	9	1	BA1653	15282	7	0	0	0	0	0	0	0	1	0	0
A	AB	4	72	9	1	BA1653	15287	7	8	2	0	1	0	0	0	0	0	0
A	AB	4	72	9	1	BA1653	15297	8	7	0	0	0	0	0	0	0	0	0
A	AB	4	72	9	1	BA1653	15303	7	0	0	0	0	0	0	0	1	0	0
A	AB	4	72	9	1	BA1653	15317	7	8	2	0	1	0	0	0	0	0	0
A	AB	4	72	9	1	BA1653	15319	8	0	0	0	0	0	0	0	1	0	0
A	AB	4	72	9	1	BA1653	15324	8	0	0	0	1	0	0	0	0	0	0
A	AB	4	72	9	1	BA1653	15327	8	7	0	0	0	0	0	0	1	0	0
A	AB	4	72	9	1	BA1653	15331	7	8	2	0	1	0	0	0	0	0	0
A	AB	4	72	9	1	BA1653	15335	8	0	0	0	0	0	0	0	1	0	0
A	AB	4	72	9	1	BA1653	15341	8	7	0	0	0	0	0	0	0	0	0
A	AB	4	72	9	1	BA1653	15390	7	8	2	0	1	0	0	0	0	0	0
A	AB	4	72	9	1	BA1653	15400	8	9	0	0	0	0	0	0	0	0	0
A	AB	4	72	9	1	BA1653	15410	9	10	0	0	0	0	0	0	0	0	0
A	AB	4	72	9	1	BA1653	15413	10	0	0	0	0	0	0	0	1	0	0
A	AB	4	72	9	1	BA1653	15485	10	2	0	0	0	0	0	0	0	0	0
A	AB	4	72	9	1	BA1653	15486	2	3	0	0	0	0	0	0	0	0	0
A	AB	4	72	9	1	BA1653	15681	3	0	0	0	1	0	0	0	0	0	0
A	AB	4	72	9	1	BA1653	15686	3	0	0	0	0	0	0	0	1	0	0
A	AB	4	72	9	1	BA1653	15699	3	0	0	0	1	0	0	0	0	0	0
A	AB	4	72	9	1	BA1653	15704	3	0	0	0	0	0	0	0	1	0	0
A	AB	4	72	9	1	BA1653	15767	3	0	0	0	1	0	0	0	0	0	0
A	AB	4	72	9	1	BA1653	15785	3	0	0	0	0	0	0	0	1	0	0
A	AB	4	72	9	1	BA1653	15801	3	0	0	0	1	0	0	0	0	0	0
A	AB	4	72	9	1	BA1653	15819	3	0	0	0	0	0	0	0	1	0	0
A	AB	4	72	9	1	BA1653	15870	3	0	0	0	1	0	0	0	0	0	0
A	AB	4	72	9	1	BA1653	15924	3	0	0	0	0	0	0	0	1	0	0
A	AB	4	72	9	1	BA1653	15925	3	0	0	0	1	0	0	0	0	0	0
A	AB	4	72	9	1	BA1653	15944	3	0	0	0	0	0	0	0	1	0	0
A	AB	4	72	9	1	BA1653	15951	3	0	0	0	1	0	0	0	0	0	0
A	AB	4	72	9	1	BA1653	15982	3	0	0	0	0	0	0	0	1	0	0
A	AB	4	72	9	1	BA1653	16041	3	0	0	0	1	0	0	0	0	0	0
A	AB	4	72	9	1	BA1653	16077	3	0	0	0	0	0	0	0	1	0	0
A	AB	4	72	9	1	BA1653	16113	3	0	0	0	1	0	0	0	0	0	0
A	AB	4	72	9	1	BA1653	16144	3	0	0	0	0	0	0	0	1	0	0
A	AB	4	72	9	1	BA1653	16728	3	5	1	1	0	0	0	0	0	0	0
A	AB	4	72	9	1	BA1653	16738	5	4	0	0	0	0	0	0	0	0	0
A	AB	4	72	9	1	BA1653	16751	4	0	0	0	0	0	0	1	0	0	0
A	AB	4	72	9	1	BA1653	16754	4	5	1	1	0	0	0	0	0	0	0
A	AB	4	72	9	1	BA1653	16762	5	0	0	0	0	0	0	1	0	0	0
A	AB	4	72	9	1	BA1653	16764	5	4	0	0	0	0	0	0	0	0	0
A	AB	4	72	9	1	BA1653	16852	4	5	1	1	0	0	0	0	0	0	0
A	AB	4	72	9	1	BA1653	16862	5	4	0	0	0	0	0	0	0	0	0
A	AB	4	72	9	1	BA1653	16900	4	0	0	0	0	0	0	1	0	0	0
A	AB	4	72	9	1	BA1653	16941	4	5	1	1	0	0	0	0	0	0	0
A	AB	4	72	9	1	BA1653	16951	5	4	0	0	0	0	0	0	0	0	0
A	AB	4	72	9	1	BA1653	16983	4	0	0	0	0	0	0	1	0	0	0
A	AB	4	72	9	1	BA1653	17032	4	5	1	1	0	0	0	0	0	0	0
A	AB	4	72	9	1	BA1653	17042	5	9	0	0	0	0	0	0	0	0	0
A	AB	4	72	9	1	BA1653	17052	9	10	0	0	0	0	0	0	0	0	0
A	AB	4	72	9	1	BA1653	17053	10	0	0	0	0	0	0	1	0	0	0
A	AB	4	72	9	1	BA1653	17127	10	2	0	0	0	0	0	0	0	0	0
A	AB	4	72	9	1	BA1653	17128	2	6	0	0	0	0	0	0	0	0	0
A	AB	4	72	9	1	BA1653	17374	6	8	2	0	1	0	0	0	0	0	0
A	AB	4	72	9	1	BA1653	17384	8	7	0	0	0	0	0	0	0	0	0
A	AB	4	72	9	1	BA1653	17398	7	0	0	0	0	0	0	0	1	0	0
A	AB	4	72	9	1	BA1653	17399	7	8	2	0	1	0	0	0	0	0	0
A	AB	4	72	9	1	BA1653	17401	8	0	0	0	0	0	0	0	1	0	0
A	AB	4	72	9	1	BA1653	17408	8	0	0	0	1	0	0	0	0	0	0
A	AB	4	72	9	1	BA1653	17409	8	7	0	0	0	0	0	0	0	0	0
A	AB	4	72	9	1	BA1653	17411	7	0	0	0	0	0	0	0	1	0	0
A	AB	4	72	9	1	BA1653	17419	7	8	2	0	1	0	0	0	0	0	0
A	AB	4	72	9	1	BA1653	17422	8	0	0	0	0	0	0	0	1	0	0
A	AB	4	72	9	1	BA1653	17429	8	7	0	0	0	0	0	0	0	0	0
A	AB	4	72	9	1	BA1653	17439	7	8	2	0	1	0	0	0	0	0	0
A	AB	4	72	9	1	BA1653	17449	8	7	0	0	0	0	0	0	0	0	0
A	AB	4	72	9	1	BA1653	17452	7	0	0	0	0	0	0	0	1	0	0
A	AB	4	72	9	1	BA1653	17458	7	8	2	0	1	0	0	0	0	0	0
A	AB	4	72	9	1	BA1653	17468	8	9	0	0	0	0	0	0	0	0	0
A	AB	4	72	9	1	BA1653	17473	9	0	0	0	0	0	0	0	1	0	0
A	AB	4	72	9	1	BA1653	17474	9	0	0	0	1	0	0	0	0	0	0
A	AB	4	72	9	1	BA1653	17478	9	10	0	0	0	0	0	0	0	0	0
A	AB	4	72	9	1	BA1653	17481	10	0	0	0	0	0	0	0	1	0	0
A	AB	4	72	9	1	BA1653	17553	10	2	0	0	0	0	0	0	0	0	0
A	AB	4	72	9	1	BA1653	17554	2	6	0	0	0	0	0	0	0	0	0
A	AB	4	72	9	1	BA1653	17721	6	8	2	0	1	0	0	0	0	0	0
A	AB	4	72	9	1	BA1653	17731	8	7	0	0	0	0	0	0	0	0	0
A	AB	4	72	9	1	BA1653	17733	7	0	0	0	0	0	0	0	1	0	0
A	AB	4	72	9	1	BA1653	17736	7	8	2	0	1	0	0	0	0	0	0
A	AB	4	72	9	1	BA1653	17746	8	7	0	0	0	0	0	0	0	0	0
A	AB	4	72	9	1	BA1653	17768	7	0	0	0	0	0	0	0	1	0	0
A	AB	4	72	9	1	BA1653	17869	7	8	2	0	1	0	0	0	0	0	0
A	AB	4	72	9	1	BA1653	17878	8	0	0	0	0	0	0	0	1	0	0
A	AB	4	72	9	1	BA1653	17879	8	7	0	0	0	0	0	0	0	0	0
A	AB	4	72	9	1	BA1653	17897	7	8	2	0	1	0	0	0	0	0	0
A	AB	4	72	9	1	BA1653	17900	8	0	0	0	0	0	0	0	1	0	0
A	AB	4	72	9	1	BA1653	17907	8	7	0	0	0	0	0	0	0	0	0
A	AB	4	72	9	1	BA1653	17909	7	8	2	0	1	0	0	0	0	0	0
A	AB	4	72	9	1	BA1653	17919	8	9	0	0	0	0	0	0	0	0	0
A	AB	4	72	9	1	BA1653	17929	9	10	0	0	0	0	0	0	0	0	0
A	AB	4	72	9	1	BA1653	17935	10	0	0	0	0	0	0	0	1	0	0
A	AB	4	72	9	1	BA1653	18004	10	2	0	0	0	0	0	0	0	0	0
A	AB	4	72	9	1	BA1653	18005	2	3	0	0	0	0	0	0	0	0	0
A	AB	4	72	9	1	BA1653	18132	3	0	0	0	1	0	0	0	0	0	0
A	AB	4	72	9	1	BA1653	18166	3	0	0	0	0	0	0	0	1	0	0
A	AB	4	72	9	1	BA1653	18170	3	0	0	0	1	0	0	0	0	0	0
A	AB	4	72	9	1	BA1653	18173	3	0	0	0	0	0	0	0	1	0	0
A	AB	4	72	9	1	BA1653	21430	3	5	1	1	0	0	0	0	0	0	0
A	AB	4	72	9	1	BA1653	21440	5	4	0	0	0	0	0	0	0	0	0
A	AB	4	72	9	1	BA1653	21441	4	0	0	0	0	0	0	1	0	0	0
A	AB	4	72	9	1	BA1653	21816	4	0	0	0	1	0	0	0	0	0	0
A	AB	4	72	9	1	BA1653	21821	4	0	0	0	0	0	0	0	1	0	0
A	AB	4	72	9	1	BA1653	21823	4	0	0	0	1	0	0	0	0	0	0
A	AB	4	72	9	1	BA1653	21889	4	0	0	0	0	0	0	0	1	0	0
A	AB	4	72	9	1	BA1653	28663	4	5	1	1	0	0	0	0	0	0	0
A	AB	4	72	9	1	BA1653	28673	5	4	0	0	0	0	0	0	0	0	0
A	AB	4	72	9	1	BA1653	28695	4	0	0	0	0	0	0	1	0	0	0
A	AB	4	72	9	1	BA1653	31035	4	5	1	1	0	0	0	0	0	0	0
A	AB	4	72	9	1	BA1653	31045	5	4	0	0	0	0	0	0	0	0	0
A	AB	4	72	9	1	BA1653	31051	4	0	0	0	0	0	0	1	0	0	0
A	AB	4	72	9	1	BA1653	31108	4	5	1	1	0	0	0	0	0	0	0
A	AB	4	72	9	1	BA1653	31118	5	4	0	0	0	0	0	0	0	0	0
A	AB	4	72	9	1	BA1653	31165	4	0	0	0	0	0	0	1	0	0	0
A	AB	4	72	9	1	BA1653	31240	4	5	1	1	0	0	0	0	0	0	0
A	AB	4	72	9	1	BA1653	31250	5	9	0	0	0	0	0	0	0	0	0
A	AB	4	72	9	1	BA1653	31260	9	10	0	0	0	0	0	1	0	0	0
A	AB	4	72	9	1	BA1653	31335	10	2	0	0	0	0	0	0	0	0	0
A	AB	4	72	9	1	BA1653	31336	2	3	0	0	0	0	0	0	0	0	0
A	AB	4	72	9	1	BA1653	31560	3	5	1	1	0	0	0	0	0	0	0
A	AB	4	72	9	1	BA1653	31570	5	4	0	0	0	0	0	0	0	0	0
A	AB	4	72	9	1	BA1653	31595	4	0	0	0	0	0	0	1	0	0	0
A	AB	4	72	9	1	BA1653	31643	4	5	1	1	0	0	0	0	0	0	0
A	AB	4	72	9	1	BA1653	31653	5	4	0	0	0	0	0	0	0	0	0
A	AB	4	72	9	1	BA1653	31690	4	0	0	0	0	0	0	1	0	0	0
A	AB	4	72	9	1	BA1653	31776	4	5	1	1	0	0	0	0	0	0	0
A	AB	4	72	9	1	BA1653	31786	5	4	0	0	0	0	0	0	0	0	0
A	AB	4	72	9	1	BA1653	31818	4	0	0	0	0	0	0	1	0	0	0
A	AB	4	72	9	1	BA1653	31874	4	5	1	1	0	0	0	0	0	0	0
A	AB	4	72	9	1	BA1653	31884	5	4	0	0	0	0	0	0	0	0	0
A	AB	4	72	9	1	BA1653	31943	4	0	0	0	0	0	0	1	0	0	0
A	AB	4	72	9	1	BA1653	31963	4	5	1	1	0	0	0	0	0	0	0
A	AB	4	72	9	1	BA1653	31968	5	0	0	0	0	0	0	1	0	0	0
A	AB	4	72	9	1	BA1653	31973	5	9	0	0	0	0	0	0	0	0	0
A	AB	4	72	9	1	BA1653	31979	9	0	0	1	0	0	0	0	0	0	0
A	AB	4	72	9	1	BA1653	31983	9	10	0	0	0	0	0	1	0	0	0
A	AB	4	72	9	1	BA1653	32058	10	2	0	0	0	0	0	0	0	0	0
A	AB	4	72	9	1	BA1653	32059	2	3	0	0	0	0	0	0	0	0	0
A	AB	4	72	9	1	BA1653	32138	3	5	1	1	0	0	0	0	0	0	0
A	AB	4	72	9	1	BA1653	32148	5	4	0	0	0	0	0	0	0	0	0
A	AB	4	72	9	1	BA1653	32181	4	0	0	0	0	0	0	1	0	0	0
A	AB	4	72	9	1	BA1653	32243	4	5	1	1	0	0	0	0	0	0	0
A	AB	4	72	9	1	BA1653	32253	5	4	0	0	0	0	0	0	0	0	0
A	AB	4	72	9	1	BA1653	32265	4	0	0	0	0	0	0	1	0	0	0
A	AB	4	72	9	1	BA1653	32316	4	5	1	1	0	0	0	0	0	0	0
A	AB	4	72	9	1	BA1653	32326	5	4	0	0	0	0	0	0	0	0	0
A	AB	4	72	9	1	BA1653	32378	4	0	0	0	0	0	0	1	0	0	0
A	AB	4	72	9	1	BA1653	32430	4	5	1	1	0	0	0	0	0	0	0
A	AB	4	72	9	1	BA1653	32440	5	4	0	0	0	0	0	0	0	0	0
A	AB	4	72	9	1	BA1653	32452	4	0	0	0	0	0	0	1	0	0	0
A	AB	4	72	9	1	BA1653	32515	4	5	1	1	0	0	0	0	0	0	0
A	AB	4	72	9	1	BA1653	32525	5	9	0	0	0	0	0	0	0	0	0
A	AB	4	72	9	1	BA1653	32533	9	0	0	0	0	0	0	1	0	0	0
A	AB	4	72	9	1	BA1653	32535	9	10	0	0	0	0	0	0	0	0	0
A	AB	4	72	9	1	BA1653	32610	10	2	0	0	0	0	0	0	0	0	0
A	AB	4	72	9	1	BA1653	32611	2	6	0	0	0	0	0	0	0	0	0
A	AB	4	72	9	1	BA1653	32825	6	8	2	0	1	0	0	0	0	0	0
A	AB	4	72	9	1	BA1653	32835	8	7	0	0	0	0	0	0	0	0	0
A	AB	4	72	9	1	BA1653	32850	7	0	0	0	0	0	0	0	1	0	0
A	AB	4	72	9	1	BA1653	32859	7	8	2	0	1	0	0	0	0	0	0
A	AB	4	72	9	1	BA1653	32863	8	0	0	0	0	0	0	0	1	0	0
A	AB	4	72	9	1	BA1653	32869	8	7	0	0	0	0	0	0	0	0	0
A	AB	4	72	9	1	BA1653	32880	7	8	2	0	1	0	0	0	0	0	0
A	AB	4	72	9	1	BA1653	32890	8	7	0	0	0	0	0	0	0	0	0
A	AB	4	72	9	1	BA1653	32894	7	0	0	0	0	0	0	0	1	0	0
A	AB	4	72	9	1	BA1653	32898	7	8	2	0	1	0	0	0	0	0	0
A	AB	4	72	9	1	BA1653	32908	8	7	0	0	0	0	0	0	0	0	0
A	AB	4	72	9	1	BA1653	32957	7	0	0	0	0	0	0	0	1	0	0
A	AB	4	72	9	1	BA1653	32964	7	8	2	0	1	0	0	0	0	0	0
A	AB	4	72	9	1	BA1653	32974	8	9	0	0	0	0	0	0	0	0	0
A	AB	4	72	9	1	BA1653	32984	9	10	0	0	0	0	0	0	0	0	0
A	AB	4	72	9	1	BA1653	32986	10	0	0	0	0	0	0	0	1	0	0
A	AB	4	72	9	1	BA1653	33059	10	2	0	0	0	0	0	0	0	0	0
A	AB	4	72	9	1	BA1653	33060	2	6	0	0	0	0	0	0	0	0	0
A	AB	4	72	9	1	BA1653	33198	6	8	2	0	1	0	0	0	0	0	0
A	AB	4	72	9	1	BA1653	33208	8	7	0	0	0	0	0	0	0	0	0
A	AB	4	72	9	1	BA1653	33210	7	0	0	0	0	0	0	0	1	0	0
A	AB	4	72	9	1	BA1653	33270	7	8	2	0	1	0	0	0	0	0	0
A	AB	4	72	9	1	BA1653	33280	8	7	0	0	0	0	0	0	0	0	0
A	AB	4	72	9	1	BA1653	33302	7	0	0	0	0	0	0	0	1	0	0
A	AB	4	72	9	1	BA1653	33309	7	8	2	0	1	0	0	0	0	0	0
A	AB	4	72	9	1	BA1653	33319	8	7	0	0	0	0	0	0	0	0	0
A	AB	4	72	9	1	BA1653	33335	7	0	0	0	0	0	0	0	1	0	0
A	AB	4	72	9	1	BA1653	33336	7	8	2	0	1	0	0	0	0	0	0
A	AB	4	72	9	1	BA1653	33338	8	0	0	0	0	0	0	0	1	0	0
A	AB	4	72	9	1	BA1653	33339	8	0	0	0	1	0	0	0	0	0	0
A	AB	4	72	9	1	BA1653	33346	8	7	0	0	0	0	0	0	1	0	0
A	AB	4	72	9	1	BA1653	33348	7	8	2	0	1	0	0	0	0	0	0
A	AB	4	72	9	1	BA1653	33358	8	9	0	0	0	0	0	0	0	0	0
A	AB	4	72	9	1	BA1653	33366	9	0	0	0	0	0	0	0	1	0	0
A	AB	4	72	9	1	BA1653	33368	9	10	0	0	0	0	0	0	0	0	0
A	AB	4	72	9	1	BA1653	33443	10	2	0	0	0	0	0	0	0	0	0
A	AB	4	72	9	1	BA1653	33444	2	6	0	0	0	0	0	0	0	0	0
A	AB	4	72	9	1	BA1653	33582	6	8	2	0	1	0	0	0	0	0	0
A	AB	4	72	9	1	BA1653	33592	8	7	0	0	0	0	0	0	0	0	0
A	AB	4	72	9	1	BA1653	33600	7	0	0	0	0	0	0	0	1	0	0
A	AB	4	72	9	1	BA1653	33635	7	8	2	0	1	0	0	0	0	0	0
A	AB	4	72	9	1	BA1653	33645	8	7	0	0	0	0	0	0	0	0	0
A	AB	4	72	9	1	BA1653	33649	7	0	0	0	0	0	0	0	1	0	0
A	AB	4	72	9	1	BA1653	33657	7	8	2	0	1	0	0	0	0	0	0
A	AB	4	72	9	1	BA1653	33667	8	7	0	0	0	0	0	0	0	0	0
A	AB	4	72	9	1	BA1653	33758	7	0	0	0	0	0	0	0	1	0	0
A	AB	4	72	9	1	BA1653	33759	7	8	2	0	1	0	0	0	0	0	0
A	AB	4	72	9	1	BA1653	33761	8	0	0	0	0	0	0	0	1	0	0
A	AB	4	72	9	1	BA1653	33769	8	7	0	0	0	0	0	0	0	0	0
A	AB	4	72	9	1	BA1653	33778	7	8	2	0	1	0	0	0	0	0	0
A	AB	4	72	9	1	BA1653	33788	8	9	0	0	0	0	0	0	0	0	0
A	AB	4	72	9	1	BA1653	33798	9	10	0	0	0	0	0	0	0	0	0
A	AB	4	72	9	1	BA1653	33808	10	0	0	0	0	0	0	0	1	0	0
A	AB	4	72	9	1	BA1653	33873	10	2	0	0	0	0	0	0	0	0	0
A	AB	4	72	9	1	BA1653	33874	2	3	0	0	0	0	0	0	0	0	0
A	AB	4	72	9	1	BA1653	34246	3	5	1	1	0	0	0	0	0	0	0
A	AB	4	72	9	1	BA1653	34256	5	4	0	0	0	0	0	0	0	0	0
A	AB	4	72	9	1	BA1653	34269	4	0	0	0	0	0	0	1	0	0	0
A	AB	4	72	9	1	BA1653	34355	4	5	1	1	0	0	0	0	0	0	0
A	AB	4	72	9	1	BA1653	34365	5	4	0	0	0	0	0	0	0	0	0
A	AB	4	72	9	1	BA1653	34369	4	0	0	0	0	0	0	1	0	0	0
A	AB	4	72	9	1	BA1653	34459	4	5	1	1	0	0	0	0	0	0	0
A	AB	4	72	9	1	BA1653	34469	5	4	0	0	0	0	0	0	0	0	0
A	AB	4	72	9	1	BA1653	34582	4	0	0	0	0	0	0	1	0	0	0
A	AB	4	72	9	1	BA1653	34599	4	5	1	1	0	0	0	0	0	0	0
A	AB	4	72	9	1	BA1653	34609	5	4	0	0	0	0	0	0	0	0	0
A	AB	4	72	9	1	BA1653	34678	4	0	0	0	0	0	0	1	0	0	0
A	AB	4	72	9	1	BA1653	34742	4	5	1	1	0	0	0	0	0	0	0
A	AB	4	72	9	1	BA1653	34752	5	9	0	0	0	0	0	0	0	0	0
A	AB	4	72	9	1	BA1653	34762	9	10	0	0	0	0	0	0	0	0	0
A	AB	4	72	9	1	BA1653	34765	10	0	0	0	0	0	0	1	0	0	0
A	AB	4	72	9	1	BA1653	34837	10	2	0	0	0	0	0	0	0	0	0
A	AB	4	72	9	1	BA1653	34838	2	3	0	0	0	0	0	0	0	0	0
A	AB	4	72	9	1	BA1653	35172	3	5	1	1	0	0	0	0	0	0	0
A	AB	4	72	9	1	BA1653	35182	5	4	0	0	0	0	0	0	0	0	0
A	AB	4	72	9	1	BA1653	35207	4	0	0	0	0	0	0	1	0	0	0
A	AB	4	72	9	1	BA1653	35264	4	5	1	1	0	0	0	0	0	0	0
A	AB	4	72	9	1	BA1653	35274	5	4	0	0	0	0	0	0	0	0	0
A	AB	4	72	9	1	BA1653	35302	4	0	0	0	0	0	0	1	0	0	0
A	AB	4	72	9	1	BA1653	35361	4	5	1	1	0	0	0	0	0	0	0
A	AB	4	72	9	1	BA1653	35371	5	4	0	0	0	0	0	0	0	0	0
A	AB	4	72	9	1	BA1653	35421	4	0	0	0	0	0	0	1	0	0	0
A	AB	4	72	9	1	BA1653	35477	4	5	1	1	0	0	0	0	0	0	0
A	AB	4	72	9	1	BA1653	35487	5	4	0	0	0	0	0	0	0	0	0
A	AB	4	72	9	1	BA1653	35528	4	0	0	0	0	0	0	1	0	0	0
A	AB	4	72	9	1	BA1653	35537	4	5	1	1	0	0	0	0	0	0	0
A	AB	4	72	9	1	BA1653	35547	5	9	0	0	0	0	0	0	0	0	0
A	AB	4	72	9	1	BA1653	35555	9	0	0	0	0	0	0	1	0	0	0
A	AB	4	72	9	1	BA1653	35557	9	10	0	0	0	0	0	0	0	0	0
A	AB	4	72	9	1	BA1653	35632	10	2	0	0	0	0	0	0	0	0	0
A	AB	4	72	9	1	BA1653	35633	2	3	0	0	0	0	0	0	0	0	0
A	AB	4	72	9	1	BA1653	35869	3	0	0	0	1	0	0	0	0	0	0
A	AB	4	72	9	1	BA1653	35878	3	0	0	0	0	0	0	0	1	0	0
A	AB	4	72	9	1	BA1653	35885	3	0	0	0	1	0	0	0	0	0	0
A	AB	4	72	9	1	BA1653	35888	3	0	0	0	0	0	0	0	1	0	0
A	AB	4	72	9	1	BA1653	35903	3	0	0	0	1	0	0	0	0	0	0
A	AB	4	72	9	1	BA1653	35927	3	0	0	0	0	0	0	0	1	0	0
A	AB	4	72	9	1	BA1653	35938	3	0	0	0	1	0	0	0	0	0	0
A	AB	4	72	9	1	BA1653	35940	3	0	0	0	0	0	0	0	1	0	0
A	AB	4	72	9	1	BA1653	35953	3	0	0	0	1	0	0	0	0	0	0
A	AB	4	72	9	1	BA1653	35962	3	0	0	0	0	0	0	0	1	0	0
A	AB	4	72	9	1	BA1653	36001	3	0	0	0	1	0	0	0	0	0	0
A	AB	4	72	9	1	BA1653	36038	3	0	0	0	0	0	0	0	1	0	0
A	AB	4	72	9	1	BA1653	36073	3	0	0	0	1	0	0	0	0	0	0
A	AB	4	72	9	1	BA1653	36126	3	0	0	0	0	0	0	0	1	0	0
A	AB	4	72	9	1	BA1653	36164	3	0	0	0	1	0	0	0	0	0	0
A	AB	4	72	9	1	BA1653	36204	3	0	0	0	0	0	0	0	1	0	0
A	AB	4	72	9	1	BA1653	36276	3	0	0	0	1	0	0	0	0	0	0
A	AB	4	72	9	1	BA1653	36313	3	0	0	0	0	0	0	0	1	0	0
A	AB	4	72	9	1	BA1653	36345	3	0	0	0	1	0	0	0	0	0	0
A	AB	4	72	9	1	BA1653	36384	3	0	0	0	0	0	0	0	1	0	0
A	AB	4	72	9	1	BA1653	36387	3	0	0	0	1	0	0	0	0	0	0
A	AB	4	72	9	1	BA1653	36440	3	0	0	0	0	0	0	0	1	0	0
A	AB	4	72	9	1	BA1653	36448	3	0	0	0	1	0	0	0	0	0	0
A	AB	4	72	9	1	BA1653	36452	3	0	0	0	0	0	0	0	1	0	0
A	AB	4	72	9	1	BA1653	36494	3	0	0	0	1	0	0	0	0	0	0
A	AB	4	72	9	1	BA1653	36498	3	0	0	0	0	0	0	0	1	0	0
A	AB	4	72	9	1	BA1653	36499	3	0	0	0	1	0	0	0	0	0	0
A	AB	4	72	9	1	BA1653	36538	3	0	0	0	0	0	0	0	1	0	0
A	AB	4	72	9	1	BA1653	36621	3	0	0	0	1	0	0	0	0	0	0
A	AB	4	72	9	1	BA1653	36662	3	0	0	0	0	0	0	0	1	0	0
A	AB	4	72	9	1	BA1653	36666	3	0	0	0	1	0	0	0	0	0	0
A	AB	4	72	9	1	BA1653	36678	3	0	0	0	0	0	0	0	1	0	0
A	AB	4	72	9	1	BA1653	36695	3	0	0	0	1	0	0	0	0	0	0
A	AB	4	72	9	1	BA1653	36715	3	0	0	0	0	0	0	0	1	0	0
A	AB	4	72	9	1	BA1653	36918	3	5	1	1	0	0	0	0	0	0	0
A	AB	4	72	9	1	BA1653	36928	5	4	0	0	0	0	0	0	0	0	0
A	AB	4	72	9	1	BA1653	36946	4	0	0	0	0	0	0	1	0	0	0
A	AB	4	72	9	1	BA1653	36983	4	5	1	1	0	0	0	0	0	0	0
A	AB	4	72	9	1	BA1653	36993	5	4	0	0	0	0	0	0	0	0	0
A	AB	4	72	9	1	BA1653	37038	4	0	0	0	0	0	0	1	0	0	0
A	AB	4	72	9	1	BA1653	37102	4	5	1	1	0	0	0	0	0	0	0
A	AB	4	72	9	1	BA1653	37112	5	4	0	0	0	0	0	0	0	0	0
A	AB	4	72	9	1	BA1653	37130	4	0	0	0	0	0	0	1	0	0	0
A	AB	4	72	9	1	BA1653	37190	4	5	1	1	0	0	0	0	0	0	0
A	AB	4	72	9	1	BA1653	37200	5	4	0	0	0	0	0	0	0	0	0
A	AB	4	72	9	1	BA1653	37258	4	0	0	0	0	0	0	1	0	0	0
A	AB	4	72	9	1	BA1653	37351	4	5	1	1	0	0	0	0	0	0	0
A	AB	4	72	9	1	BA1653	37361	5	9	0	0	0	0	0	0	0	0	0
A	AB	4	72	9	1	BA1653	37371	9	10	0	0	0	0	0	0	0	0	0
A	AB	4	72	9	1	BA1653	37372	10	0	0	0	0	0	0	1	0	0	0
A	AB	4	72	9	1	BA1653	37446	10	2	0	0	0	0	0	0	0	0	0
A	AB	4	72	9	1	BA1653	37447	2	6	0	0	0	0	0	0	0	0	0
A	AB	4	72	9	1	BA1653	37808	6	0	0	1	0	0	0	0	0	0	0
A	AB	4	72	9	1	BA1653	37831	6	0	0	0	0	0	0	1	0	0	0
A	AB	4	72	9	1	BA1653	37893	6	8	2	0	1	0	0	0	0	0	0
A	AB	4	72	9	1	BA1653	37895	8	0	0	0	0	0	0	0	1	0	0
A	AB	4	72	9	1	BA1653	37897	8	0	0	0	1	0	0	0	0	0	0
A	AB	4	72	9	1	BA1653	37903	8	7	0	0	0	0	0	0	0	0	0
A	AB	4	72	9	1	BA1653	37914	7	0	0	0	0	0	0	0	1	0	0
A	AB	4	72	9	1	BA1653	37931	7	8	2	0	1	0	0	0	0	0	0
A	AB	4	72	9	1	BA1653	37936	8	0	0	0	0	0	0	0	1	0	0
A	AB	4	72	9	1	BA1653	37941	8	7	0	0	0	0	0	0	0	0	0
A	AB	4	72	9	1	BA1653	37945	7	8	2	0	1	0	0	0	0	0	0
A	AB	4	72	9	1	BA1653	37955	8	7	0	0	0	0	0	0	0	0	0
A	AB	4	72	9	1	BA1653	37962	7	0	0	0	0	0	0	0	1	0	0
A	AB	4	72	9	1	BA1653	37967	7	8	2	0	1	0	0	0	0	0	0
A	AB	4	72	9	1	BA1653	37977	8	7	0	0	0	0	0	0	0	0	0
A	AB	4	72	9	1	BA1653	37992	7	0	0	0	0	0	0	0	1	0	0
A	AB	4	72	9	1	BA1653	37995	7	8	2	0	1	0	0	0	0	0	0
A	AB	4	72	9	1	BA1653	38005	8	9	0	0	0	0	0	0	0	0	0
A	AB	4	72	9	1	BA1653	38015	9	10	0	0	0	0	0	0	0	0	0
A	AB	4	72	9	1	BA1653	38020	10	0	0	0	0	0	0	0	1	0	0
A	AB	4	72	9	1	BA1653	38090	10	2	0	0	0	0	0	0	0	0	0
A	AB	4	72	9	1	BA1653	38091	2	3	0	0	0	0	0	0	0	0	0
A	AB	4	72	9	1	BA1653	38277	3	0	0	0	1	0	0	0	0	0	0
A	AB	4	72	9	1	BA1653	38297	3	0	0	0	0	0	0	0	1	0	0
A	AB	4	72	9	1	BA1653	38300	3	0	0	0	1	0	0	0	0	0	0
A	AB	4	72	9	1	BA1653	38302	3	0	0	0	0	0	0	0	1	0	0
A	AB	4	72	9	1	BA1653	38326	3	0	0	0	1	0	0	0	0	0	0
A	AB	4	72	9	1	BA1653	38330	3	0	0	0	0	0	0	0	1	0	0
A	AB	4	72	9	1	BA1653	38349	3	0	0	0	1	0	0	0	0	0	0
A	AB	4	72	9	1	BA1653	38352	3	0	0	0	0	0	0	0	1	0	0
A	AB	4	72	9	1	BA1653	38399	3	0	0	0	1	0	0	0	0	0	0
A	AB	4	72	9	1	BA1653	38402	3	0	0	0	0	0	0	0	1	0	0
A	AB	4	72	9	1	BA1653	38405	3	0	0	0	1	0	0	0	0	0	0
A	AB	4	72	9	1	BA1653	38428	3	0	0	0	0	0	0	0	1	0	0
A	AB	4	72	9	1	BA1653	38431	3	0	0	0	1	0	0	0	0	0	0
A	AB	4	72	9	1	BA1653	38447	3	0	0	0	0	0	0	0	1	0	0
A	AB	4	72	9	1	BA1653	38453	3	0	0	0	1	0	0	0	0	0	0
A	AB	4	72	9	1	BA1653	38455	3	0	0	0	0	0	0	0	1	0	0
A	AB	4	72	9	1	BA1653	38479	3	0	0	0	1	0	0	0	0	0	0
A	AB	4	72	9	1	BA1653	38515	3	0	0	0	0	0	0	0	1	0	0
A	AB	4	72	9	1	BA1653	38591	3	0	0	0	1	0	0	0	0	0	0
A	AB	4	72	9	1	BA1653	38613	3	0	0	0	0	0	0	0	1	0	0
A	AB	4	72	9	1	BA1653	38652	3	0	0	0	1	0	0	0	0	0	0
A	AB	4	72	9	1	BA1653	38711	3	0	0	0	0	0	0	0	1	0	0
A	AB	4	72	9	1	BA1653	38863	3	5	1	1	0	0	0	0	0	0	0
A	AB	4	72	9	1	BA1653	38873	5	4	0	0	0	0	0	0	0	0	0
A	AB	4	72	9	1	BA1653	38881	4	0	0	0	0	0	0	1	0	0	0
A	AB	4	72	9	1	BA1653	38943	4	5	1	1	0	0	0	0	0	0	0
A	AB	4	72	9	1	BA1653	38953	5	4	0	0	0	0	0	0	0	0	0
A	AB	4	72	9	1	BA1653	38965	4	0	0	0	0	0	0	1	0	0	0
A	AB	4	72	9	1	BA1653	39015	4	5	1	1	0	0	0	0	0	0	0
A	AB	4	72	9	1	BA1653	39025	5	4	0	0	0	0	0	0	0	0	0
A	AB	4	72	9	1	BA1653	39055	4	0	0	0	0	0	0	1	0	0	0
A	AB	4	72	9	1	BA1653	39144	4	5	1	1	0	0	0	0	0	0	0
A	AB	4	72	9	1	BA1653	39154	5	4	0	0	0	0	0	0	0	0	0
A	AB	4	72	9	1	BA1653	39221	4	0	0	0	0	0	0	1	0	0	0
A	AB	4	72	9	1	BA1653	39256	4	5	1	1	0	0	0	0	0	0	0
A	AB	4	72	9	1	BA1653	39266	5	9	0	0	0	0	0	0	0	0	0
A	AB	4	72	9	1	BA1653	39276	9	10	0	0	0	0	0	1	0	0	0
A	AB	4	72	9	1	BA1653	39351	10	2	0	0	0	0	0	0	0	0	0
A	AB	4	72	9	1	BA1653	39352	2	6	0	0	0	0	0	0	0	0	0
A	AB	4	72	9	1	BA1653	39612	6	8	2	0	1	0	0	0	0	0	0
A	AB	4	72	9	1	BA1653	39619	8	0	0	0	0	0	0	0	1	0	0
A	AB	4	72	9	1	BA1653	39622	8	7	0	0	0	0	0	0	0	0	0
A	AB	4	72	9	1	BA1653	39652	7	8	2	0	1	0	0	0	0	0	0
A	AB	4	72	9	1	BA1653	39662	8	7	0	0	0	0	0	0	0	0	0
A	AB	4	72	9	1	BA1653	39691	7	0	0	0	0	0	0	0	1	0	0
A	AB	4	72	9	1	BA1653	39695	7	8	2	0	1	0	0	0	0	0	0
A	AB	4	72	9	1	BA1653	39705	8	7	0	0	0	0	0	0	0	0	0
A	AB	4	72	9	1	BA1653	39707	7	0	0	0	0	0	0	0	1	0	0
A	AB	4	72	9	1	BA1653	39750	7	8	2	0	1	0	0	0	0	0	0
A	AB	4	72	9	1	BA1653	39760	8	7	0	0	0	0	0	0	0	0	0
A	AB	4	72	9	1	BA1653	39789	7	0	0	0	0	0	0	0	1	0	0
A	AB	4	72	9	1	BA1653	39817	7	8	2	0	1	0	0	0	0	0	0
A	AB	4	72	9	1	BA1653	39818	8	0	0	0	0	0	0	0	1	0	0
A	AB	4	72	9	1	BA1653	39820	8	0	0	0	1	0	0	0	0	0	0
A	AB	4	72	9	1	BA1653	39827	8	9	0	0	0	0	0	0	0	0	0
A	AB	4	72	9	1	BA1653	39837	9	10	0	0	0	0	0	0	0	0	0
A	AB	4	72	9	1	BA1653	39844	10	0	0	0	0	0	0	0	1	0	0
A	AB	4	72	9	1	BA1653	39912	10	2	0	0	0	0	0	0	0	0	0
A	AB	4	72	9	1	BA1653	39913	2	3	0	0	0	0	0	0	0	0	0
A	AB	4	72	9	1	BA1653	40389	3	0	0	0	1	0	0	0	0	0	0
A	AB	4	72	9	1	BA1653	40398	3	0	0	0	0	0	0	0	1	0	0
A	AB	4	72	9	1	BA1653	40629	3	5	1	1	0	0	0	0	0	0	0
A	AB	4	72	9	1	BA1653	40639	5	4	0	0	0	0	0	0	0	0	0
A	AB	4	72	9	1	BA1653	40657	4	0	0	0	0	0	0	1	0	0	0
A	AB	4	72	9	1	BA1653	40727	4	5	1	1	0	0	0	0	0	0	0
A	AB	4	72	9	1	BA1653	40737	5	4	0	0	0	0	0	0	0	0	0
A	AB	4	72	9	1	BA1653	40936	4	0	0	0	0	0	0	1	0	0	0
A	AB	4	72	9	1	BA1653	41003	4	5	1	1	0	0	0	0	0	0	0
A	AB	4	72	9	1	BA1653	41013	5	4	0	0	0	0	0	0	0	0	0
A	AB	4	72	9	1	BA1653	41043	4	0	0	0	0	0	0	1	0	0	0
A	AB	4	72	9	1	BA1653	41075	4	5	1	1	0	0	0	0	0	0	0
A	AB	4	72	9	1	BA1653	41085	5	4	0	0	0	0	0	0	0	0	0
A	AB	4	72	9	1	BA1653	41127	4	0	0	0	0	0	0	1	0	0	0
A	AB	4	72	9	1	BA1653	41205	4	5	1	1	0	0	0	0	0	0	0
A	AB	4	72	9	1	BA1653	41215	5	9	0	0	0	0	0	0	0	0	0
A	AB	4	72	9	1	BA1653	41225	9	10	0	0	0	0	0	1	0	0	0
A	AB	4	72	9	1	BA1653	41300	10	2	0	0	0	0	0	0	0	0	0
A	AB	4	72	9	1	BA1653	41301	2	3	0	0	0	0	0	0	0	0	0
A	AB	4	72	9	1	BA1653	41448	3	5	1	1	0	0	0	0	0	0	0
A	AB	4	72	9	1	BA1653	41458	5	4	0	0	0	0	0	0	0	0	0
A	AB	4	72	9	1	BA1653	41487	4	0	0	0	0	0	0	1	0	0	0
A	AB	4	72	9	1	BA1653	41547	4	5	1	1	0	0	0	0	0	0	0
A	AB	4	72	9	1	BA1653	41557	5	4	0	0	0	0	0	0	0	0	0
A	AB	4	72	9	1	BA1653	41613	4	0	0	0	0	0	0	1	0	0	0
A	AB	4	72	9	1	BA1653	41633	4	5	1	1	0	0	0	0	0	0	0
A	AB	4	72	9	1	BA1653	41643	5	4	0	0	0	0	0	0	0	0	0
A	AB	4	72	9	1	BA1653	41706	4	0	0	0	0	0	0	1	0	0	0
A	AB	4	72	9	1	BA1653	41779	4	5	1	1	0	0	0	0	0	0	0
A	AB	4	72	9	1	BA1653	41789	5	4	0	0	0	0	0	0	0	0	0
A	AB	4	72	9	1	BA1653	41832	4	0	0	0	0	0	0	1	0	0	0
A	AB	4	72	9	1	BA1653	41847	4	5	1	1	0	0	0	0	0	0	0
A	AB	4	72	9	1	BA1653	41857	5	9	0	0	0	0	0	0	0	0	0
A	AB	4	72	9	1	BA1653	41866	9	0	0	0	0	0	0	1	0	0	0
A	AB	4	72	9	1	BA1653	41867	9	-1	0	0	0	0	0	0	0	0	0
