Project	UserID	Protocol	Session	Station	Run	Subject	Time	Current State	Transition State	Transition Event	A1 - LEFT	A2 - RIGHT	A3 - 	A4 - 	A[1] LEFT	A[2] RIGHT	A[3] 	A[4] 
A	BL	3	84	9	1	BA1651	0	0	1	0	0	0	0	0	0	0	0	0
A	BL	3	84	9	1	BA1651	50	1	2	0	0	0	0	0	0	0	0	0
A	BL	3	84	9	1	BA1651	51	2	3	0	0	0	0	0	0	0	0	0
A	BL	3	84	9	1	BA1651	1068	3	5	1	1	0	0	0	0	0	0	0
A	BL	3	84	9	1	BA1651	1078	5	4	0	0	0	0	0	0	0	0	0
A	BL	3	84	9	1	BA1651	1115	4	0	0	0	0	0	0	1	0	0	0
A	BL	3	84	9	1	BA1651	1125	4	5	1	1	0	0	0	0	0	0	0
A	BL	3	84	9	1	BA1651	1135	5	4	0	0	0	0	0	0	0	0	0
A	BL	3	84	9	1	BA1651	1188	4	0	0	0	0	0	0	1	0	0	0
A	BL	3	84	9	1	BA1651	1204	4	5	1	1	0	0	0	0	0	0	0
A	BL	3	84	9	1	BA1651	1214	5	4	0	0	0	0	0	0	0	0	0
A	BL	3	84	9	1	BA1651	1225	4	0	0	0	0	0	0	1	0	0	0
A	BL	3	84	9	1	BA1651	1232	4	5	1	1	0	0	0	0	0	0	0
A	BL	3	84	9	1	BA1651	1242	5	4	0	0	0	0	0	0	0	0	0
A	BL	3	84	9	1	BA1651	1279	4	0	0	0	0	0	0	1	0	0	0
A	BL	3	84	9	1	BA1651	1303	4	5	1	1	0	0	0	0	0	0	0
A	BL	3	84	9	1	BA1651	1313	5	9	0	0	0	0	0	0	0	0	0
A	BL	3	84	9	1	BA1651	1323	9	10	0	0	0	0	0	0	0	0	0
A	BL	3	84	9	1	BA1651	1330	10	0	0	0	0	0	0	1	0	0	0
A	BL	3	84	9	1	BA1651	1398	10	2	0	0	0	0	0	0	0	0	0
A	BL	3	84	9	1	BA1651	1399	2	6	0	0	0	0	0	0	0	0	0
A	BL	3	84	9	1	BA1651	1458	6	0	0	1	0	0	0	0	0	0	0
A	BL	3	84	9	1	BA1651	1479	6	0	0	0	0	0	0	1	0	0	0
A	BL	3	84	9	1	BA1651	1489	6	0	0	1	0	0	0	0	0	0	0
A	BL	3	84	9	1	BA1651	1524	6	0	0	1	0	0	0	1	0	0	0
A	BL	3	84	9	1	BA1651	1543	6	0	0	0	0	0	0	1	0	0	0
A	BL	3	84	9	1	BA1651	1593	6	8	2	0	1	0	0	0	0	0	0
A	BL	3	84	9	1	BA1651	1603	8	7	0	0	0	0	0	0	0	0	0
A	BL	3	84	9	1	BA1651	1608	7	0	0	0	0	0	0	0	1	0	0
A	BL	3	84	9	1	BA1651	1611	7	8	2	0	1	0	0	0	0	0	0
A	BL	3	84	9	1	BA1651	1615	8	0	0	0	0	0	0	0	1	0	0
A	BL	3	84	9	1	BA1651	1621	8	7	0	0	0	0	0	0	0	0	0
A	BL	3	84	9	1	BA1651	1630	7	8	2	0	1	0	0	0	0	0	0
A	BL	3	84	9	1	BA1651	1640	8	7	0	0	0	0	0	0	0	0	0
A	BL	3	84	9	1	BA1651	1645	7	0	0	0	0	0	0	0	1	0	0
A	BL	3	84	9	1	BA1651	1655	7	8	2	0	1	0	0	0	0	0	0
A	BL	3	84	9	1	BA1651	1663	8	0	0	0	0	0	0	0	1	0	0
A	BL	3	84	9	1	BA1651	1665	8	7	0	0	0	0	0	0	0	0	0
A	BL	3	84	9	1	BA1651	1688	7	8	2	0	1	0	0	0	0	0	0
A	BL	3	84	9	1	BA1651	1698	8	7	0	0	0	0	0	0	0	0	0
A	BL	3	84	9	1	BA1651	1702	7	0	0	0	0	0	0	0	1	0	0
A	BL	3	84	9	1	BA1651	1704	7	8	2	0	1	0	0	0	0	0	0
A	BL	3	84	9	1	BA1651	1707	8	0	0	0	0	0	0	0	1	0	0
A	BL	3	84	9	1	BA1651	1712	8	0	0	0	1	0	0	0	0	0	0
A	BL	3	84	9	1	BA1651	1714	8	7	0	0	0	0	0	0	0	0	0
A	BL	3	84	9	1	BA1651	1717	7	0	0	0	0	0	0	0	1	0	0
A	BL	3	84	9	1	BA1651	1723	7	8	2	0	1	0	0	0	0	0	0
A	BL	3	84	9	1	BA1651	1733	8	7	0	0	0	0	0	0	0	0	0
A	BL	3	84	9	1	BA1651	1755	7	0	0	0	0	0	0	0	1	0	0
A	BL	3	84	9	1	BA1651	1793	7	8	2	0	1	0	0	0	0	0	0
A	BL	3	84	9	1	BA1651	1803	8	7	0	0	0	0	0	0	0	0	0
A	BL	3	84	9	1	BA1651	1820	7	0	0	0	0	0	0	0	1	0	0
A	BL	3	84	9	1	BA1651	1835	7	8	2	0	1	0	0	0	0	0	0
A	BL	3	84	9	1	BA1651	1845	8	7	0	0	0	0	0	0	0	0	0
A	BL	3	84	9	1	BA1651	1859	7	0	0	0	0	0	0	0	1	0	0
A	BL	3	84	9	1	BA1651	1864	7	8	2	0	1	0	0	0	0	0	0
A	BL	3	84	9	1	BA1651	1874	8	7	0	0	0	0	0	0	0	0	0
A	BL	3	84	9	1	BA1651	1892	7	0	0	0	0	0	0	0	1	0	0
A	BL	3	84	9	1	BA1651	1908	7	8	2	0	1	0	0	0	0	0	0
A	BL	3	84	9	1	BA1651	1909	8	0	0	0	0	0	0	0	1	0	0
A	BL	3	84	9	1	BA1651	1912	8	0	0	0	1	0	0	0	0	0	0
A	BL	3	84	9	1	BA1651	1918	8	7	0	0	0	0	0	0	0	0	0
A	BL	3	84	9	1	BA1651	1932	7	0	0	0	0	0	0	0	1	0	0
A	BL	3	84	9	1	BA1651	1952	7	8	2	0	1	0	0	0	0	0	0
A	BL	3	84	9	1	BA1651	1962	8	7	0	0	0	0	0	0	0	0	0
A	BL	3	84	9	1	BA1651	1972	7	0	0	0	0	0	0	0	1	0	0
A	BL	3	84	9	1	BA1651	1975	7	8	2	0	1	0	0	0	0	0	0
A	BL	3	84	9	1	BA1651	1985	8	7	0	0	0	0	0	0	0	0	0
A	BL	3	84	9	1	BA1651	2009	7	0	0	0	0	0	0	0	1	0	0
A	BL	3	84	9	1	BA1651	2021	7	8	2	0	1	0	0	0	0	0	0
A	BL	3	84	9	1	BA1651	2031	8	7	0	0	0	0	0	0	0	0	0
A	BL	3	84	9	1	BA1651	2035	7	0	0	0	0	0	0	0	1	0	0
A	BL	3	84	9	1	BA1651	2048	7	8	2	0	1	0	0	0	0	0	0
A	BL	3	84	9	1	BA1651	2055	8	0	0	0	0	0	0	0	1	0	0
A	BL	3	84	9	1	BA1651	2058	8	7	0	0	0	0	0	0	0	0	0
A	BL	3	84	9	1	BA1651	2066	7	8	2	0	1	0	0	0	0	0	0
A	BL	3	84	9	1	BA1651	2068	8	0	0	0	0	0	0	0	1	0	0
A	BL	3	84	9	1	BA1651	2070	8	0	0	0	1	0	0	0	0	0	0
A	BL	3	84	9	1	BA1651	2076	8	7	0	0	0	0	0	0	0	0	0
A	BL	3	84	9	1	BA1651	2078	7	0	0	0	0	0	0	0	1	0	0
A	BL	3	84	9	1	BA1651	2079	7	8	2	0	1	0	0	0	0	0	0
A	BL	3	84	9	1	BA1651	2089	8	7	0	0	0	0	0	0	0	0	0
A	BL	3	84	9	1	BA1651	2102	7	0	0	0	0	0	0	0	1	0	0
A	BL	3	84	9	1	BA1651	2108	7	8	2	0	1	0	0	0	0	0	0
A	BL	3	84	9	1	BA1651	2115	8	0	0	0	0	0	0	0	1	0	0
A	BL	3	84	9	1	BA1651	2118	8	7	0	0	0	0	0	0	0	0	0
A	BL	3	84	9	1	BA1651	2140	7	8	2	0	1	0	0	0	0	0	0
A	BL	3	84	9	1	BA1651	2150	8	7	0	0	0	0	0	0	0	0	0
A	BL	3	84	9	1	BA1651	2177	7	0	0	0	0	0	0	0	1	0	0
A	BL	3	84	9	1	BA1651	2189	7	8	2	0	1	0	0	0	0	0	0
A	BL	3	84	9	1	BA1651	2199	8	9	0	0	0	0	0	0	0	0	0
A	BL	3	84	9	1	BA1651	2204	9	0	0	0	0	0	0	0	1	0	0
A	BL	3	84	9	1	BA1651	2209	9	10	0	0	0	0	0	0	0	0	0
A	BL	3	84	9	1	BA1651	2284	10	2	0	0	0	0	0	0	0	0	0
A	BL	3	84	9	1	BA1651	2285	2	6	0	0	0	0	0	0	0	0	0
A	BL	3	84	9	1	BA1651	2288	6	8	2	0	1	0	0	0	0	0	0
A	BL	3	84	9	1	BA1651	2298	8	7	0	0	0	0	0	0	1	0	0
A	BL	3	84	9	1	BA1651	2300	7	8	2	0	1	0	0	0	0	0	0
A	BL	3	84	9	1	BA1651	2310	8	7	0	0	0	0	0	0	0	0	0
A	BL	3	84	9	1	BA1651	2324	7	0	0	0	0	0	0	0	1	0	0
A	BL	3	84	9	1	BA1651	2332	7	8	2	0	1	0	0	0	0	0	0
A	BL	3	84	9	1	BA1651	2340	8	0	0	0	0	0	0	0	1	0	0
A	BL	3	84	9	1	BA1651	2342	8	7	0	0	0	0	0	0	0	0	0
A	BL	3	84	9	1	BA1651	2354	7	8	2	0	1	0	0	0	0	0	0
A	BL	3	84	9	1	BA1651	2355	8	0	0	0	0	0	0	0	1	0	0
A	BL	3	84	9	1	BA1651	2364	8	7	0	0	0	0	0	0	0	0	0
A	BL	3	84	9	1	BA1651	2365	7	8	2	0	1	0	0	0	0	0	0
A	BL	3	84	9	1	BA1651	2371	8	0	0	0	0	0	0	0	1	0	0
A	BL	3	84	9	1	BA1651	2375	8	7	0	0	0	0	0	0	0	0	0
A	BL	3	84	9	1	BA1651	2384	7	8	2	0	1	0	0	0	0	0	0
A	BL	3	84	9	1	BA1651	2394	8	7	0	0	0	0	0	0	0	0	0
A	BL	3	84	9	1	BA1651	2432	7	0	0	0	0	0	0	0	1	0	0
A	BL	3	84	9	1	BA1651	2433	7	8	2	0	1	0	0	0	0	0	0
A	BL	3	84	9	1	BA1651	2443	8	7	0	0	0	0	0	0	0	0	0
A	BL	3	84	9	1	BA1651	2454	7	0	0	0	0	0	0	0	1	0	0
A	BL	3	84	9	1	BA1651	2461	7	8	2	0	1	0	0	0	0	0	0
A	BL	3	84	9	1	BA1651	2468	8	0	0	0	0	0	0	0	1	0	0
A	BL	3	84	9	1	BA1651	2471	8	7	0	0	0	0	0	0	0	0	0
A	BL	3	84	9	1	BA1651	2479	7	8	2	0	1	0	0	0	0	0	0
A	BL	3	84	9	1	BA1651	2489	8	7	0	0	0	0	0	0	0	0	0
A	BL	3	84	9	1	BA1651	2495	7	0	0	0	0	0	0	0	1	0	0
A	BL	3	84	9	1	BA1651	2525	7	8	2	0	1	0	0	0	0	0	0
A	BL	3	84	9	1	BA1651	2535	8	7	0	0	0	0	0	0	0	0	0
A	BL	3	84	9	1	BA1651	2566	7	0	0	0	0	0	0	0	1	0	0
A	BL	3	84	9	1	BA1651	2575	7	8	2	0	1	0	0	0	0	0	0
A	BL	3	84	9	1	BA1651	2585	8	7	0	0	0	0	0	0	0	0	0
A	BL	3	84	9	1	BA1651	2591	7	0	0	0	0	0	0	0	1	0	0
A	BL	3	84	9	1	BA1651	2594	7	8	2	0	1	0	0	0	0	0	0
A	BL	3	84	9	1	BA1651	2604	8	7	0	0	0	0	0	0	0	0	0
A	BL	3	84	9	1	BA1651	2637	7	0	0	0	0	0	0	0	1	0	0
A	BL	3	84	9	1	BA1651	2668	7	8	2	0	1	0	0	0	0	0	0
A	BL	3	84	9	1	BA1651	2678	8	7	0	0	0	0	0	0	0	0	0
A	BL	3	84	9	1	BA1651	2692	7	0	0	0	0	0	0	0	1	0	0
A	BL	3	84	9	1	BA1651	2701	7	8	2	0	1	0	0	0	0	0	0
A	BL	3	84	9	1	BA1651	2711	8	7	0	0	0	0	0	0	0	0	0
A	BL	3	84	9	1	BA1651	2739	7	0	0	0	0	0	0	0	1	0	0
A	BL	3	84	9	1	BA1651	2748	7	8	2	0	1	0	0	0	0	0	0
A	BL	3	84	9	1	BA1651	2750	8	0	0	0	0	0	0	0	1	0	0
A	BL	3	84	9	1	BA1651	2754	8	0	0	0	1	0	0	0	0	0	0
A	BL	3	84	9	1	BA1651	2758	8	7	0	0	0	0	0	0	0	0	0
A	BL	3	84	9	1	BA1651	2799	7	0	0	0	0	0	0	0	1	0	0
A	BL	3	84	9	1	BA1651	2802	7	8	2	0	1	0	0	0	0	0	0
A	BL	3	84	9	1	BA1651	2812	8	7	0	0	0	0	0	0	0	0	0
A	BL	3	84	9	1	BA1651	2859	7	0	0	0	0	0	0	0	1	0	0
A	BL	3	84	9	1	BA1651	2863	7	8	2	0	1	0	0	0	0	0	0
A	BL	3	84	9	1	BA1651	2873	8	7	0	0	0	0	0	0	0	0	0
A	BL	3	84	9	1	BA1651	2952	7	0	0	0	0	0	0	0	1	0	0
A	BL	3	84	9	1	BA1651	2960	7	8	2	0	1	0	0	0	0	0	0
A	BL	3	84	9	1	BA1651	2970	8	7	0	0	0	0	0	0	0	0	0
A	BL	3	84	9	1	BA1651	2994	7	0	0	0	0	0	0	0	1	0	0
A	BL	3	84	9	1	BA1651	2999	7	8	2	0	1	0	0	0	0	0	0
A	BL	3	84	9	1	BA1651	3009	8	7	0	0	0	0	0	0	0	0	0
A	BL	3	84	9	1	BA1651	3031	7	0	0	0	0	0	0	0	1	0	0
A	BL	3	84	9	1	BA1651	3037	7	8	2	0	1	0	0	0	0	0	0
A	BL	3	84	9	1	BA1651	3047	8	9	0	0	0	0	0	0	0	0	0
A	BL	3	84	9	1	BA1651	3057	9	10	0	0	0	0	0	0	0	0	0
A	BL	3	84	9	1	BA1651	3070	10	0	0	0	0	0	0	0	1	0	0
A	BL	3	84	9	1	BA1651	3132	10	2	0	0	0	0	0	0	0	0	0
A	BL	3	84	9	1	BA1651	3133	2	6	0	0	0	0	0	0	0	0	0
A	BL	3	84	9	1	BA1651	3227	6	8	2	0	1	0	0	0	0	0	0
A	BL	3	84	9	1	BA1651	3233	8	0	0	0	0	0	0	0	1	0	0
A	BL	3	84	9	1	BA1651	3237	8	7	0	0	0	0	0	0	0	0	0
A	BL	3	84	9	1	BA1651	3243	7	8	2	0	1	0	0	0	0	0	0
A	BL	3	84	9	1	BA1651	3251	8	0	0	0	0	0	0	0	1	0	0
A	BL	3	84	9	1	BA1651	3252	8	0	0	0	1	0	0	0	0	0	0
A	BL	3	84	9	1	BA1651	3253	8	7	0	0	0	0	0	0	0	0	0
A	BL	3	84	9	1	BA1651	3259	7	0	0	0	0	0	0	0	1	0	0
A	BL	3	84	9	1	BA1651	3260	7	8	2	0	1	0	0	0	0	0	0
A	BL	3	84	9	1	BA1651	3270	8	7	0	0	0	0	0	0	0	0	0
A	BL	3	84	9	1	BA1651	3281	7	0	0	0	0	0	0	0	1	0	0
A	BL	3	84	9	1	BA1651	3283	7	8	2	0	1	0	0	0	0	0	0
A	BL	3	84	9	1	BA1651	3293	8	7	0	0	0	0	0	0	0	0	0
A	BL	3	84	9	1	BA1651	3294	7	0	0	0	0	0	0	0	1	0	0
A	BL	3	84	9	1	BA1651	3296	7	8	2	0	1	0	0	0	0	0	0
A	BL	3	84	9	1	BA1651	3306	8	7	0	0	0	0	0	0	0	0	0
A	BL	3	84	9	1	BA1651	3335	7	0	0	0	0	0	0	0	1	0	0
A	BL	3	84	9	1	BA1651	3415	7	8	2	0	1	0	0	0	0	0	0
A	BL	3	84	9	1	BA1651	3425	8	7	0	0	0	0	0	0	0	0	0
A	BL	3	84	9	1	BA1651	3429	7	0	0	0	0	0	0	0	1	0	0
A	BL	3	84	9	1	BA1651	3441	7	8	2	0	1	0	0	0	0	0	0
A	BL	3	84	9	1	BA1651	3451	8	7	0	0	0	0	0	0	0	0	0
A	BL	3	84	9	1	BA1651	3458	7	0	0	0	0	0	0	0	1	0	0
A	BL	3	84	9	1	BA1651	3469	7	8	2	0	1	0	0	0	0	0	0
A	BL	3	84	9	1	BA1651	3479	8	7	0	0	0	0	0	0	0	0	0
A	BL	3	84	9	1	BA1651	3484	7	0	0	0	0	0	0	0	1	0	0
A	BL	3	84	9	1	BA1651	3489	7	8	2	0	1	0	0	0	0	0	0
A	BL	3	84	9	1	BA1651	3499	8	7	0	0	0	0	0	0	0	0	0
A	BL	3	84	9	1	BA1651	3546	7	0	0	0	0	0	0	0	1	0	0
A	BL	3	84	9	1	BA1651	3556	7	8	2	0	1	0	0	0	0	0	0
A	BL	3	84	9	1	BA1651	3566	8	7	0	0	0	0	0	0	0	0	0
A	BL	3	84	9	1	BA1651	3570	7	0	0	0	0	0	0	0	1	0	0
A	BL	3	84	9	1	BA1651	3571	7	8	2	0	1	0	0	0	0	0	0
A	BL	3	84	9	1	BA1651	3575	8	0	0	0	0	0	0	0	1	0	0
A	BL	3	84	9	1	BA1651	3581	8	7	0	0	0	0	0	0	0	0	0
A	BL	3	84	9	1	BA1651	3582	7	8	2	0	1	0	0	0	0	0	0
A	BL	3	84	9	1	BA1651	3584	8	0	0	0	0	0	0	0	1	0	0
A	BL	3	84	9	1	BA1651	3591	8	0	0	0	1	0	0	0	0	0	0
A	BL	3	84	9	1	BA1651	3592	8	7	0	0	0	0	0	0	0	0	0
A	BL	3	84	9	1	BA1651	3593	7	0	0	0	0	0	0	0	1	0	0
A	BL	3	84	9	1	BA1651	3605	7	8	2	0	1	0	0	0	0	0	0
A	BL	3	84	9	1	BA1651	3612	8	0	0	0	0	0	0	0	1	0	0
A	BL	3	84	9	1	BA1651	3614	8	0	0	0	1	0	0	0	0	0	0
A	BL	3	84	9	1	BA1651	3615	8	7	0	0	0	0	0	0	0	0	0
A	BL	3	84	9	1	BA1651	3619	7	0	0	0	0	0	0	0	1	0	0
A	BL	3	84	9	1	BA1651	3626	7	8	2	0	1	0	0	0	0	0	0
A	BL	3	84	9	1	BA1651	3636	8	7	0	0	0	0	0	0	0	0	0
A	BL	3	84	9	1	BA1651	3651	7	0	0	0	0	0	0	0	1	0	0
A	BL	3	84	9	1	BA1651	3654	7	8	2	0	1	0	0	0	0	0	0
A	BL	3	84	9	1	BA1651	3663	8	0	0	0	0	0	0	0	1	0	0
A	BL	3	84	9	1	BA1651	3664	8	7	0	0	0	0	0	0	0	0	0
A	BL	3	84	9	1	BA1651	3674	7	8	2	0	1	0	0	0	0	0	0
A	BL	3	84	9	1	BA1651	3684	8	7	0	0	0	0	0	0	0	0	0
A	BL	3	84	9	1	BA1651	3702	7	0	0	0	0	0	0	0	1	0	0
A	BL	3	84	9	1	BA1651	3706	7	8	2	0	1	0	0	0	0	0	0
A	BL	3	84	9	1	BA1651	3716	8	7	0	0	0	0	0	0	0	0	0
A	BL	3	84	9	1	BA1651	3753	7	0	0	0	0	0	0	0	1	0	0
A	BL	3	84	9	1	BA1651	3769	7	8	2	0	1	0	0	0	0	0	0
A	BL	3	84	9	1	BA1651	3779	8	7	0	0	0	0	0	0	0	0	0
A	BL	3	84	9	1	BA1651	3820	7	0	0	0	0	0	0	0	1	0	0
A	BL	3	84	9	1	BA1651	3828	7	8	2	0	1	0	0	0	0	0	0
A	BL	3	84	9	1	BA1651	3838	8	7	0	0	0	0	0	0	0	0	0
A	BL	3	84	9	1	BA1651	3840	7	0	0	0	0	0	0	0	1	0	0
A	BL	3	84	9	1	BA1651	3845	7	8	2	0	1	0	0	0	0	0	0
A	BL	3	84	9	1	BA1651	3848	8	0	0	0	0	0	0	0	1	0	0
A	BL	3	84	9	1	BA1651	3851	8	0	0	0	1	0	0	0	0	0	0
A	BL	3	84	9	1	BA1651	3855	8	9	0	0	0	0	0	0	0	0	0
A	BL	3	84	9	1	BA1651	3865	9	10	0	0	0	0	0	0	0	0	0
A	BL	3	84	9	1	BA1651	3878	10	0	0	0	0	0	0	0	1	0	0
A	BL	3	84	9	1	BA1651	3940	10	2	0	0	0	0	0	0	0	0	0
A	BL	3	84	9	1	BA1651	3941	2	3	0	0	0	0	0	0	0	0	0
A	BL	3	84	9	1	BA1651	4005	3	0	0	0	1	0	0	0	0	0	0
A	BL	3	84	9	1	BA1651	4009	3	0	0	0	0	0	0	0	1	0	0
A	BL	3	84	9	1	BA1651	4095	3	5	1	1	0	0	0	0	0	0	0
A	BL	3	84	9	1	BA1651	4102	5	0	0	0	0	0	0	1	0	0	0
A	BL	3	84	9	1	BA1651	4105	5	4	0	0	0	0	0	0	0	0	0
A	BL	3	84	9	1	BA1651	4116	4	5	1	1	0	0	0	0	0	0	0
A	BL	3	84	9	1	BA1651	4126	5	4	0	0	0	0	0	0	0	0	0
A	BL	3	84	9	1	BA1651	4137	4	0	0	0	0	0	0	1	0	0	0
A	BL	3	84	9	1	BA1651	4145	4	5	1	1	0	0	0	0	0	0	0
A	BL	3	84	9	1	BA1651	4155	5	4	0	0	0	0	0	0	0	0	0
A	BL	3	84	9	1	BA1651	4163	4	0	0	0	0	0	0	1	0	0	0
A	BL	3	84	9	1	BA1651	4165	4	5	1	1	0	0	0	0	0	0	0
A	BL	3	84	9	1	BA1651	4175	5	4	0	0	0	0	0	0	0	0	0
A	BL	3	84	9	1	BA1651	4222	4	0	0	0	0	0	0	1	0	0	0
A	BL	3	84	9	1	BA1651	4228	4	5	1	1	0	0	0	0	0	0	0
A	BL	3	84	9	1	BA1651	4238	5	9	0	0	0	0	0	0	0	0	0
A	BL	3	84	9	1	BA1651	4248	9	10	0	0	0	0	0	0	0	0	0
A	BL	3	84	9	1	BA1651	4254	10	0	0	0	0	0	0	1	0	0	0
A	BL	3	84	9	1	BA1651	4323	10	2	0	0	0	0	0	0	0	0	0
A	BL	3	84	9	1	BA1651	4324	2	3	0	0	0	0	0	0	0	0	0
A	BL	3	84	9	1	BA1651	4428	3	5	1	1	0	0	0	0	0	0	0
A	BL	3	84	9	1	BA1651	4438	5	4	0	0	0	0	0	1	0	0	0
A	BL	3	84	9	1	BA1651	4509	4	5	1	1	0	0	0	0	0	0	0
A	BL	3	84	9	1	BA1651	4519	5	4	0	0	0	0	0	0	0	0	0
A	BL	3	84	9	1	BA1651	4530	4	0	0	0	0	0	0	1	0	0	0
A	BL	3	84	9	1	BA1651	4540	4	5	1	1	0	0	0	0	0	0	0
A	BL	3	84	9	1	BA1651	4550	5	4	0	0	0	0	0	0	0	0	0
A	BL	3	84	9	1	BA1651	4564	4	0	0	0	0	0	0	1	0	0	0
A	BL	3	84	9	1	BA1651	4576	4	5	1	1	0	0	0	0	0	0	0
A	BL	3	84	9	1	BA1651	4582	5	0	0	0	0	0	0	1	0	0	0
A	BL	3	84	9	1	BA1651	4585	5	0	0	1	0	0	0	0	0	0	0
A	BL	3	84	9	1	BA1651	4586	5	4	0	0	0	0	0	0	0	0	0
A	BL	3	84	9	1	BA1651	4609	4	0	0	0	0	0	0	1	0	0	0
A	BL	3	84	9	1	BA1651	4633	4	5	1	1	0	0	0	0	0	0	0
A	BL	3	84	9	1	BA1651	4643	5	9	0	0	0	0	0	0	0	0	0
A	BL	3	84	9	1	BA1651	4653	9	10	0	0	0	0	0	0	0	0	0
A	BL	3	84	9	1	BA1651	4656	10	0	0	0	0	0	0	1	0	0	0
A	BL	3	84	9	1	BA1651	4728	10	2	0	0	0	0	0	0	0	0	0
A	BL	3	84	9	1	BA1651	4729	2	6	0	0	0	0	0	0	0	0	0
A	BL	3	84	9	1	BA1651	4906	6	8	2	0	1	0	0	0	0	0	0
A	BL	3	84	9	1	BA1651	4910	8	0	0	0	0	0	0	0	1	0	0
A	BL	3	84	9	1	BA1651	4916	8	7	0	0	0	0	0	0	0	0	0
A	BL	3	84	9	1	BA1651	4918	7	8	2	0	1	0	0	0	0	0	0
A	BL	3	84	9	1	BA1651	4920	8	0	0	0	0	0	0	0	1	0	0
A	BL	3	84	9	1	BA1651	4921	8	0	0	0	1	0	0	0	0	0	0
A	BL	3	84	9	1	BA1651	4923	8	0	0	0	0	0	0	0	1	0	0
A	BL	3	84	9	1	BA1651	4926	8	0	0	0	1	0	0	0	0	0	0
A	BL	3	84	9	1	BA1651	4928	8	7	0	0	0	0	0	0	0	0	0
A	BL	3	84	9	1	BA1651	4931	7	0	0	0	0	0	0	0	1	0	0
A	BL	3	84	9	1	BA1651	4936	7	8	2	0	1	0	0	0	0	0	0
A	BL	3	84	9	1	BA1651	4945	8	0	0	0	0	0	0	0	1	0	0
A	BL	3	84	9	1	BA1651	4946	8	7	0	0	0	0	0	0	0	0	0
A	BL	3	84	9	1	BA1651	4954	7	8	2	0	1	0	0	0	0	0	0
A	BL	3	84	9	1	BA1651	4955	8	0	0	0	0	0	0	0	1	0	0
A	BL	3	84	9	1	BA1651	4964	8	7	0	0	1	0	0	0	0	0	0
A	BL	3	84	9	1	BA1651	4965	7	0	0	0	0	0	0	0	1	0	0
A	BL	3	84	9	1	BA1651	4967	7	8	2	0	1	0	0	0	0	0	0
A	BL	3	84	9	1	BA1651	4969	8	0	0	0	0	0	0	0	1	0	0
A	BL	3	84	9	1	BA1651	4977	8	7	0	0	0	0	0	0	0	0	0
A	BL	3	84	9	1	BA1651	4997	7	8	2	0	1	0	0	0	0	0	0
A	BL	3	84	9	1	BA1651	5001	8	0	0	0	0	0	0	0	1	0	0
A	BL	3	84	9	1	BA1651	5007	8	7	0	0	0	0	0	0	0	0	0
A	BL	3	84	9	1	BA1651	5014	7	8	2	0	1	0	0	0	0	0	0
A	BL	3	84	9	1	BA1651	5023	8	0	0	0	0	0	0	0	1	0	0
A	BL	3	84	9	1	BA1651	5024	8	7	0	0	0	0	0	0	0	0	0
A	BL	3	84	9	1	BA1651	5031	7	8	2	0	1	0	0	0	0	0	0
A	BL	3	84	9	1	BA1651	5032	8	0	0	0	0	0	0	0	1	0	0
A	BL	3	84	9	1	BA1651	5041	8	7	0	0	0	0	0	0	0	0	0
A	BL	3	84	9	1	BA1651	5055	7	8	2	0	1	0	0	0	0	0	0
A	BL	3	84	9	1	BA1651	5065	8	7	0	0	0	0	0	0	0	0	0
A	BL	3	84	9	1	BA1651	5076	7	0	0	0	0	0	0	0	1	0	0
A	BL	3	84	9	1	BA1651	5109	7	8	2	0	1	0	0	0	0	0	0
A	BL	3	84	9	1	BA1651	5119	8	7	0	0	0	0	0	0	0	0	0
A	BL	3	84	9	1	BA1651	5125	7	0	0	0	0	0	0	0	1	0	0
A	BL	3	84	9	1	BA1651	5154	7	8	2	0	1	0	0	0	0	0	0
A	BL	3	84	9	1	BA1651	5161	8	0	0	0	0	0	0	0	1	0	0
A	BL	3	84	9	1	BA1651	5164	8	7	0	0	0	0	0	0	0	0	0
A	BL	3	84	9	1	BA1651	5176	7	8	2	0	1	0	0	0	0	0	0
A	BL	3	84	9	1	BA1651	5186	8	7	0	0	0	0	0	0	0	0	0
A	BL	3	84	9	1	BA1651	5201	7	0	0	0	0	0	0	0	1	0	0
A	BL	3	84	9	1	BA1651	5213	7	8	2	0	1	0	0	0	0	0	0
A	BL	3	84	9	1	BA1651	5223	8	7	0	0	0	0	0	0	0	0	0
A	BL	3	84	9	1	BA1651	5241	7	0	0	0	0	0	0	0	1	0	0
A	BL	3	84	9	1	BA1651	5261	7	8	2	0	1	0	0	0	0	0	0
A	BL	3	84	9	1	BA1651	5271	8	7	0	0	0	0	0	0	0	0	0
A	BL	3	84	9	1	BA1651	5283	7	0	0	0	0	0	0	0	1	0	0
A	BL	3	84	9	1	BA1651	5312	7	8	2	0	1	0	0	0	0	0	0
A	BL	3	84	9	1	BA1651	5319	8	0	0	0	0	0	0	0	1	0	0
A	BL	3	84	9	1	BA1651	5322	8	7	0	0	0	0	0	0	0	0	0
A	BL	3	84	9	1	BA1651	5374	7	8	2	0	1	0	0	0	0	0	0
A	BL	3	84	9	1	BA1651	5381	8	0	0	0	0	0	0	0	1	0	0
A	BL	3	84	9	1	BA1651	5384	8	7	0	0	0	0	0	0	0	0	0
A	BL	3	84	9	1	BA1651	5387	7	8	2	0	1	0	0	0	0	0	0
A	BL	3	84	9	1	BA1651	5390	8	0	0	0	0	0	0	0	1	0	0
A	BL	3	84	9	1	BA1651	5397	8	7	0	0	0	0	0	0	0	0	0
A	BL	3	84	9	1	BA1651	5404	7	8	2	0	1	0	0	0	0	0	0
A	BL	3	84	9	1	BA1651	5407	8	0	0	0	0	0	0	0	1	0	0
A	BL	3	84	9	1	BA1651	5410	8	0	0	0	1	0	0	0	0	0	0
A	BL	3	84	9	1	BA1651	5414	8	7	0	0	0	0	0	0	0	0	0
A	BL	3	84	9	1	BA1651	5425	7	0	0	0	0	0	0	0	1	0	0
A	BL	3	84	9	1	BA1651	5430	7	8	2	0	1	0	0	0	0	0	0
A	BL	3	84	9	1	BA1651	5439	8	0	0	0	0	0	0	0	1	0	0
A	BL	3	84	9	1	BA1651	5440	8	7	0	0	0	0	0	0	0	0	0
A	BL	3	84	9	1	BA1651	5468	7	8	2	0	1	0	0	0	0	0	0
A	BL	3	84	9	1	BA1651	5478	8	9	0	0	0	0	0	0	0	0	0
A	BL	3	84	9	1	BA1651	5488	9	10	0	0	0	0	0	0	0	0	0
A	BL	3	84	9	1	BA1651	5494	10	0	0	0	0	0	0	0	1	0	0
A	BL	3	84	9	1	BA1651	5563	10	2	0	0	0	0	0	0	0	0	0
A	BL	3	84	9	1	BA1651	5564	2	6	0	0	0	0	0	0	0	0	0
A	BL	3	84	9	1	BA1651	5621	6	8	2	0	1	0	0	0	0	0	0
A	BL	3	84	9	1	BA1651	5624	8	0	0	0	0	0	0	0	1	0	0
A	BL	3	84	9	1	BA1651	5625	8	0	0	0	1	0	0	0	0	0	0
A	BL	3	84	9	1	BA1651	5626	8	0	0	0	0	0	0	0	1	0	0
A	BL	3	84	9	1	BA1651	5631	8	7	0	0	0	0	0	0	0	0	0
A	BL	3	84	9	1	BA1651	5658	7	8	2	0	1	0	0	0	0	0	0
A	BL	3	84	9	1	BA1651	5668	8	7	0	0	0	0	0	0	0	0	0
A	BL	3	84	9	1	BA1651	5677	7	0	0	0	0	0	0	0	1	0	0
A	BL	3	84	9	1	BA1651	5678	7	8	2	0	1	0	0	0	0	0	0
A	BL	3	84	9	1	BA1651	5681	8	0	0	0	0	0	0	0	1	0	0
A	BL	3	84	9	1	BA1651	5688	8	7	0	0	0	0	0	0	0	0	0
A	BL	3	84	9	1	BA1651	5698	7	8	2	0	1	0	0	0	0	0	0
A	BL	3	84	9	1	BA1651	5708	8	7	0	0	0	0	0	0	0	0	0
A	BL	3	84	9	1	BA1651	5716	7	0	0	0	0	0	0	0	1	0	0
A	BL	3	84	9	1	BA1651	5736	7	8	2	0	1	0	0	0	0	0	0
A	BL	3	84	9	1	BA1651	5737	8	0	0	0	0	0	0	0	1	0	0
A	BL	3	84	9	1	BA1651	5739	8	0	0	0	1	0	0	0	0	0	0
A	BL	3	84	9	1	BA1651	5746	8	7	0	0	0	0	0	0	0	0	0
A	BL	3	84	9	1	BA1651	5753	7	0	0	0	0	0	0	0	1	0	0
A	BL	3	84	9	1	BA1651	5770	7	8	2	0	1	0	0	0	0	0	0
A	BL	3	84	9	1	BA1651	5780	8	7	0	0	0	0	0	0	0	0	0
A	BL	3	84	9	1	BA1651	5783	7	0	0	0	0	0	0	0	1	0	0
A	BL	3	84	9	1	BA1651	5795	7	8	2	0	1	0	0	0	0	0	0
A	BL	3	84	9	1	BA1651	5805	8	7	0	0	0	0	0	0	0	0	0
A	BL	3	84	9	1	BA1651	5810	7	0	0	0	0	0	0	0	1	0	0
A	BL	3	84	9	1	BA1651	5816	7	8	2	0	1	0	0	0	0	0	0
A	BL	3	84	9	1	BA1651	5826	8	7	0	0	0	0	0	0	0	0	0
A	BL	3	84	9	1	BA1651	5844	7	0	0	0	0	0	0	0	1	0	0
A	BL	3	84	9	1	BA1651	5847	7	8	2	0	1	0	0	0	0	0	0
A	BL	3	84	9	1	BA1651	5857	8	7	0	0	0	0	0	0	0	0	0
A	BL	3	84	9	1	BA1651	5877	7	0	0	0	0	0	0	0	1	0	0
A	BL	3	84	9	1	BA1651	5896	7	8	2	0	1	0	0	0	0	0	0
A	BL	3	84	9	1	BA1651	5906	8	7	0	0	0	0	0	0	0	0	0
A	BL	3	84	9	1	BA1651	5916	7	0	0	0	0	0	0	0	1	0	0
A	BL	3	84	9	1	BA1651	5931	7	8	2	0	1	0	0	0	0	0	0
A	BL	3	84	9	1	BA1651	5941	8	7	0	0	0	0	0	0	0	0	0
A	BL	3	84	9	1	BA1651	5945	7	0	0	0	0	0	0	0	1	0	0
A	BL	3	84	9	1	BA1651	5959	7	8	2	0	1	0	0	0	0	0	0
A	BL	3	84	9	1	BA1651	5969	8	7	0	0	0	0	0	0	0	0	0
A	BL	3	84	9	1	BA1651	6011	7	0	0	0	0	0	0	0	1	0	0
A	BL	3	84	9	1	BA1651	6022	7	8	2	0	1	0	0	0	0	0	0
A	BL	3	84	9	1	BA1651	6032	8	7	0	0	0	0	0	0	0	0	0
A	BL	3	84	9	1	BA1651	6041	7	0	0	0	0	0	0	0	1	0	0
A	BL	3	84	9	1	BA1651	6047	7	8	2	0	1	0	0	0	0	0	0
A	BL	3	84	9	1	BA1651	6057	8	7	0	0	0	0	0	0	0	0	0
A	BL	3	84	9	1	BA1651	6093	7	0	0	0	0	0	0	0	1	0	0
A	BL	3	84	9	1	BA1651	6095	7	8	2	0	1	0	0	0	0	0	0
A	BL	3	84	9	1	BA1651	6105	8	7	0	0	0	0	0	0	0	0	0
A	BL	3	84	9	1	BA1651	6112	7	0	0	0	0	0	0	0	1	0	0
A	BL	3	84	9	1	BA1651	6117	7	8	2	0	1	0	0	0	0	0	0
A	BL	3	84	9	1	BA1651	6127	8	7	0	0	0	0	0	0	0	0	0
A	BL	3	84	9	1	BA1651	6146	7	0	0	0	0	0	0	0	1	0	0
A	BL	3	84	9	1	BA1651	6159	7	8	2	0	1	0	0	0	0	0	0
A	BL	3	84	9	1	BA1651	6169	8	7	0	0	0	0	0	0	0	0	0
A	BL	3	84	9	1	BA1651	6198	7	0	0	0	0	0	0	0	1	0	0
A	BL	3	84	9	1	BA1651	6264	7	8	2	0	1	0	0	0	0	0	0
A	BL	3	84	9	1	BA1651	6274	8	7	0	0	0	0	0	0	0	0	0
A	BL	3	84	9	1	BA1651	6286	7	0	0	0	0	0	0	0	1	0	0
A	BL	3	84	9	1	BA1651	6294	7	8	2	0	1	0	0	0	0	0	0
A	BL	3	84	9	1	BA1651	6304	8	7	0	0	0	0	0	0	0	0	0
A	BL	3	84	9	1	BA1651	6309	7	0	0	0	0	0	0	0	1	0	0
A	BL	3	84	9	1	BA1651	6333	7	8	2	0	1	0	0	0	0	0	0
A	BL	3	84	9	1	BA1651	6343	8	9	0	0	0	0	0	0	0	0	0
A	BL	3	84	9	1	BA1651	6353	9	10	0	0	0	0	0	0	0	0	0
A	BL	3	84	9	1	BA1651	6360	10	0	0	0	0	0	0	0	1	0	0
A	BL	3	84	9	1	BA1651	6428	10	2	0	0	0	0	0	0	0	0	0
A	BL	3	84	9	1	BA1651	6429	2	6	0	0	0	0	0	0	0	0	0
A	BL	3	84	9	1	BA1651	6604	6	8	2	0	1	0	0	0	0	0	0
A	BL	3	84	9	1	BA1651	6614	8	7	0	0	0	0	0	0	0	0	0
A	BL	3	84	9	1	BA1651	6615	7	0	0	0	0	0	0	0	1	0	0
A	BL	3	84	9	1	BA1651	6626	7	8	2	0	1	0	0	0	0	0	0
A	BL	3	84	9	1	BA1651	6636	8	7	0	0	0	0	0	0	0	0	0
A	BL	3	84	9	1	BA1651	6647	7	0	0	0	0	0	0	0	1	0	0
A	BL	3	84	9	1	BA1651	6675	7	8	2	0	1	0	0	0	0	0	0
A	BL	3	84	9	1	BA1651	6685	8	7	0	0	0	0	0	0	1	0	0
A	BL	3	84	9	1	BA1651	6698	7	8	2	0	1	0	0	0	0	0	0
A	BL	3	84	9	1	BA1651	6708	8	7	0	0	0	0	0	0	0	0	0
A	BL	3	84	9	1	BA1651	6730	7	0	0	0	0	0	0	0	1	0	0
A	BL	3	84	9	1	BA1651	6757	7	8	2	0	1	0	0	0	0	0	0
A	BL	3	84	9	1	BA1651	6763	8	0	0	0	0	0	0	0	1	0	0
A	BL	3	84	9	1	BA1651	6767	8	7	0	0	1	0	0	0	0	0	0
A	BL	3	84	9	1	BA1651	6782	7	0	0	0	0	0	0	0	1	0	0
A	BL	3	84	9	1	BA1651	6786	7	8	2	0	1	0	0	0	0	0	0
A	BL	3	84	9	1	BA1651	6789	8	0	0	0	0	0	0	0	1	0	0
A	BL	3	84	9	1	BA1651	6796	8	7	0	0	0	0	0	0	0	0	0
A	BL	3	84	9	1	BA1651	6801	7	8	2	0	1	0	0	0	0	0	0
A	BL	3	84	9	1	BA1651	6811	8	7	0	0	0	0	0	0	0	0	0
A	BL	3	84	9	1	BA1651	6832	7	0	0	0	0	0	0	0	1	0	0
A	BL	3	84	9	1	BA1651	6880	7	8	2	0	1	0	0	0	0	0	0
A	BL	3	84	9	1	BA1651	6890	8	7	0	0	0	0	0	0	0	0	0
A	BL	3	84	9	1	BA1651	6922	7	0	0	0	0	0	0	0	1	0	0
A	BL	3	84	9	1	BA1651	6952	7	8	2	0	1	0	0	0	0	0	0
A	BL	3	84	9	1	BA1651	6962	8	7	0	0	0	0	0	0	0	0	0
A	BL	3	84	9	1	BA1651	6970	7	0	0	0	0	0	0	0	1	0	0
A	BL	3	84	9	1	BA1651	7127	7	8	2	0	1	0	0	0	0	0	0
A	BL	3	84	9	1	BA1651	7137	8	7	0	0	0	0	0	0	0	0	0
A	BL	3	84	9	1	BA1651	7151	7	0	0	0	0	0	0	0	1	0	0
A	BL	3	84	9	1	BA1651	7166	7	8	2	0	1	0	0	0	0	0	0
A	BL	3	84	9	1	BA1651	7168	8	0	0	0	0	0	0	0	1	0	0
A	BL	3	84	9	1	BA1651	7170	8	0	0	0	1	0	0	0	0	0	0
A	BL	3	84	9	1	BA1651	7176	8	7	0	0	0	0	0	0	0	0	0
A	BL	3	84	9	1	BA1651	7183	7	0	0	0	0	0	0	0	1	0	0
A	BL	3	84	9	1	BA1651	7425	7	8	2	0	1	0	0	0	0	0	0
A	BL	3	84	9	1	BA1651	7427	8	0	0	0	0	0	0	0	1	0	0
A	BL	3	84	9	1	BA1651	7435	8	7	0	0	0	0	0	0	0	0	0
A	BL	3	84	9	1	BA1651	7437	7	8	2	0	1	0	0	0	0	0	0
A	BL	3	84	9	1	BA1651	7443	8	0	0	0	0	0	0	0	1	0	0
A	BL	3	84	9	1	BA1651	7447	8	7	0	0	0	0	0	0	0	0	0
A	BL	3	84	9	1	BA1651	7454	7	8	2	0	1	0	0	0	0	0	0
A	BL	3	84	9	1	BA1651	7464	8	7	0	0	0	0	0	0	1	0	0
A	BL	3	84	9	1	BA1651	7482	7	8	2	0	1	0	0	0	0	0	0
A	BL	3	84	9	1	BA1651	7486	8	0	0	0	0	0	0	0	1	0	0
A	BL	3	84	9	1	BA1651	7489	8	0	0	0	1	0	0	0	0	0	0
A	BL	3	84	9	1	BA1651	7492	8	7	0	0	0	0	0	0	0	0	0
A	BL	3	84	9	1	BA1651	7493	7	0	0	0	0	0	0	0	1	0	0
A	BL	3	84	9	1	BA1651	7498	7	8	2	0	1	0	0	0	0	0	0
A	BL	3	84	9	1	BA1651	7503	8	0	0	0	0	0	0	0	1	0	0
A	BL	3	84	9	1	BA1651	7508	8	7	0	0	1	0	0	0	0	0	0
A	BL	3	84	9	1	BA1651	7509	7	0	0	0	0	0	0	0	1	0	0
A	BL	3	84	9	1	BA1651	7530	7	8	2	0	1	0	0	0	0	0	0
A	BL	3	84	9	1	BA1651	7540	8	7	0	0	0	0	0	0	0	0	0
A	BL	3	84	9	1	BA1651	7543	7	0	0	0	0	0	0	0	1	0	0
A	BL	3	84	9	1	BA1651	7628	7	8	2	0	1	0	0	0	0	0	0
A	BL	3	84	9	1	BA1651	7632	8	0	0	0	0	0	0	0	1	0	0
A	BL	3	84	9	1	BA1651	7638	8	7	0	0	0	0	0	0	0	0	0
A	BL	3	84	9	1	BA1651	7680	7	8	2	0	1	0	0	0	0	0	0
A	BL	3	84	9	1	BA1651	7690	8	7	0	0	0	0	0	0	0	0	0
A	BL	3	84	9	1	BA1651	7693	7	0	0	0	0	0	0	0	1	0	0
A	BL	3	84	9	1	BA1651	7736	7	8	2	0	1	0	0	0	0	0	0
A	BL	3	84	9	1	BA1651	7746	8	9	0	0	0	0	0	0	0	0	0
A	BL	3	84	9	1	BA1651	7756	9	10	0	0	0	0	0	0	0	0	0
A	BL	3	84	9	1	BA1651	7763	10	0	0	0	0	0	0	0	1	0	0
A	BL	3	84	9	1	BA1651	7831	10	2	0	0	0	0	0	0	0	0	0
A	BL	3	84	9	1	BA1651	7832	2	3	0	0	0	0	0	0	0	0	0
A	BL	3	84	9	1	BA1651	7946	3	5	1	1	0	0	0	0	0	0	0
A	BL	3	84	9	1	BA1651	7956	5	4	0	0	0	0	0	0	0	0	0
A	BL	3	84	9	1	BA1651	7968	4	0	0	0	0	0	0	1	0	0	0
A	BL	3	84	9	1	BA1651	7986	4	5	1	1	0	0	0	0	0	0	0
A	BL	3	84	9	1	BA1651	7996	5	4	0	0	0	0	0	0	0	0	0
A	BL	3	84	9	1	BA1651	8010	4	0	0	0	0	0	0	1	0	0	0
A	BL	3	84	9	1	BA1651	8012	4	5	1	1	0	0	0	0	0	0	0
A	BL	3	84	9	1	BA1651	8022	5	4	0	0	0	0	0	0	0	0	0
A	BL	3	84	9	1	BA1651	8040	4	0	0	0	0	0	0	1	0	0	0
A	BL	3	84	9	1	BA1651	8044	4	5	1	1	0	0	0	0	0	0	0
A	BL	3	84	9	1	BA1651	8054	5	4	0	0	0	0	0	0	0	0	0
A	BL	3	84	9	1	BA1651	8104	4	0	0	0	0	0	0	1	0	0	0
A	BL	3	84	9	1	BA1651	8127	4	5	1	1	0	0	0	0	0	0	0
A	BL	3	84	9	1	BA1651	8137	5	9	0	0	0	0	0	0	0	0	0
A	BL	3	84	9	1	BA1651	8147	9	10	0	0	0	0	0	0	0	0	0
A	BL	3	84	9	1	BA1651	8151	10	0	0	0	0	0	0	1	0	0	0
A	BL	3	84	9	1	BA1651	8222	10	2	0	0	0	0	0	0	0	0	0
A	BL	3	84	9	1	BA1651	8223	2	6	0	0	0	0	0	0	0	0	0
A	BL	3	84	9	1	BA1651	8725	6	8	2	0	1	0	0	0	0	0	0
A	BL	3	84	9	1	BA1651	8735	8	7	0	0	0	0	0	0	0	0	0
A	BL	3	84	9	1	BA1651	8741	7	0	0	0	0	0	0	0	1	0	0
A	BL	3	84	9	1	BA1651	8747	7	8	2	0	1	0	0	0	0	0	0
A	BL	3	84	9	1	BA1651	8754	8	0	0	0	0	0	0	0	1	0	0
A	BL	3	84	9	1	BA1651	8757	8	7	0	0	0	0	0	0	0	0	0
A	BL	3	84	9	1	BA1651	8775	7	8	2	0	1	0	0	0	0	0	0
A	BL	3	84	9	1	BA1651	8776	8	0	0	0	0	0	0	0	1	0	0
A	BL	3	84	9	1	BA1651	8782	8	0	0	0	1	0	0	0	0	0	0
A	BL	3	84	9	1	BA1651	8784	8	0	0	0	0	0	0	0	1	0	0
A	BL	3	84	9	1	BA1651	8785	8	7	0	0	0	0	0	0	0	0	0
A	BL	3	84	9	1	BA1651	8792	7	8	2	0	1	0	0	0	0	0	0
A	BL	3	84	9	1	BA1651	8802	8	7	0	0	0	0	0	0	0	0	0
A	BL	3	84	9	1	BA1651	8804	7	0	0	0	0	0	0	0	1	0	0
A	BL	3	84	9	1	BA1651	8834	7	8	2	0	1	0	0	0	0	0	0
A	BL	3	84	9	1	BA1651	8844	8	7	0	0	0	0	0	0	0	0	0
A	BL	3	84	9	1	BA1651	8851	7	0	0	0	0	0	0	0	1	0	0
A	BL	3	84	9	1	BA1651	8856	7	8	2	0	1	0	0	0	0	0	0
A	BL	3	84	9	1	BA1651	8866	8	7	0	0	0	0	0	0	0	0	0
A	BL	3	84	9	1	BA1651	8890	7	0	0	0	0	0	0	0	1	0	0
A	BL	3	84	9	1	BA1651	8891	7	8	2	0	1	0	0	0	0	0	0
A	BL	3	84	9	1	BA1651	8901	8	7	0	0	0	0	0	0	0	0	0
A	BL	3	84	9	1	BA1651	8941	7	0	0	0	0	0	0	0	1	0	0
A	BL	3	84	9	1	BA1651	8968	7	8	2	0	1	0	0	0	0	0	0
A	BL	3	84	9	1	BA1651	8978	8	7	0	0	0	0	0	0	0	0	0
A	BL	3	84	9	1	BA1651	8994	7	0	0	0	0	0	0	0	1	0	0
A	BL	3	84	9	1	BA1651	9023	7	8	2	0	1	0	0	0	0	0	0
A	BL	3	84	9	1	BA1651	9030	8	0	0	0	0	0	0	0	1	0	0
A	BL	3	84	9	1	BA1651	9033	8	7	0	0	0	0	0	0	0	0	0
A	BL	3	84	9	1	BA1651	9116	7	8	2	0	1	0	0	0	0	0	0
A	BL	3	84	9	1	BA1651	9126	8	7	0	0	0	0	0	0	0	0	0
A	BL	3	84	9	1	BA1651	9134	7	0	0	0	0	0	0	0	1	0	0
A	BL	3	84	9	1	BA1651	9176	7	8	2	0	1	0	0	0	0	0	0
A	BL	3	84	9	1	BA1651	9186	8	7	0	0	0	0	0	0	0	0	0
A	BL	3	84	9	1	BA1651	9223	7	0	0	0	0	0	0	0	1	0	0
A	BL	3	84	9	1	BA1651	9235	7	8	2	0	1	0	0	0	0	0	0
A	BL	3	84	9	1	BA1651	9245	8	7	0	0	0	0	0	0	0	0	0
A	BL	3	84	9	1	BA1651	9261	7	0	0	0	0	0	0	0	1	0	0
A	BL	3	84	9	1	BA1651	9267	7	8	2	0	1	0	0	0	0	0	0
A	BL	3	84	9	1	BA1651	9277	8	7	0	0	0	0	0	0	0	0	0
A	BL	3	84	9	1	BA1651	9282	7	0	0	0	0	0	0	0	1	0	0
A	BL	3	84	9	1	BA1651	9287	7	8	2	0	1	0	0	0	0	0	0
A	BL	3	84	9	1	BA1651	9293	8	0	0	0	0	0	0	0	1	0	0
A	BL	3	84	9	1	BA1651	9297	8	7	0	0	0	0	0	0	0	0	0
A	BL	3	84	9	1	BA1651	9300	7	8	2	0	1	0	0	0	0	0	0
A	BL	3	84	9	1	BA1651	9304	8	0	0	0	0	0	0	0	1	0	0
A	BL	3	84	9	1	BA1651	9306	8	0	0	0	1	0	0	0	0	0	0
A	BL	3	84	9	1	BA1651	9310	8	7	0	0	0	0	0	0	0	0	0
A	BL	3	84	9	1	BA1651	9334	7	0	0	0	0	0	0	0	1	0	0
A	BL	3	84	9	1	BA1651	9338	7	8	2	0	1	0	0	0	0	0	0
A	BL	3	84	9	1	BA1651	9343	8	0	0	0	0	0	0	0	1	0	0
A	BL	3	84	9	1	BA1651	9348	8	7	0	0	0	0	0	0	0	0	0
A	BL	3	84	9	1	BA1651	9397	7	8	2	0	1	0	0	0	0	0	0
A	BL	3	84	9	1	BA1651	9407	8	7	0	0	0	0	0	0	0	0	0
A	BL	3	84	9	1	BA1651	9442	7	0	0	0	0	0	0	0	1	0	0
A	BL	3	84	9	1	BA1651	9464	7	8	2	0	1	0	0	0	0	0	0
A	BL	3	84	9	1	BA1651	9474	8	7	0	0	0	0	0	0	0	0	0
A	BL	3	84	9	1	BA1651	9483	7	0	0	0	0	0	0	0	1	0	0
A	BL	3	84	9	1	BA1651	9531	7	8	2	0	1	0	0	0	0	0	0
A	BL	3	84	9	1	BA1651	9540	8	0	0	0	0	0	0	0	1	0	0
A	BL	3	84	9	1	BA1651	9541	8	7	0	0	0	0	0	0	0	0	0
A	BL	3	84	9	1	BA1651	9545	7	8	2	0	1	0	0	0	0	0	0
A	BL	3	84	9	1	BA1651	9551	8	0	0	0	0	0	0	0	1	0	0
A	BL	3	84	9	1	BA1651	9555	8	9	0	0	0	0	0	0	0	0	0
A	BL	3	84	9	1	BA1651	9557	9	0	0	0	1	0	0	0	0	0	0
A	BL	3	84	9	1	BA1651	9565	9	10	0	0	0	0	0	0	0	0	0
A	BL	3	84	9	1	BA1651	9569	10	0	0	0	0	0	0	0	1	0	0
A	BL	3	84	9	1	BA1651	9640	10	2	0	0	0	0	0	0	0	0	0
A	BL	3	84	9	1	BA1651	9641	2	3	0	0	0	0	0	0	0	0	0
A	BL	3	84	9	1	BA1651	9913	3	5	1	1	0	0	0	0	0	0	0
A	BL	3	84	9	1	BA1651	9923	5	4	0	0	0	0	0	0	0	0	0
A	BL	3	84	9	1	BA1651	9927	4	0	0	0	0	0	0	1	0	0	0
A	BL	3	84	9	1	BA1651	9935	4	5	1	1	0	0	0	0	0	0	0
A	BL	3	84	9	1	BA1651	9945	5	4	0	0	0	0	0	0	0	0	0
A	BL	3	84	9	1	BA1651	9969	4	0	0	0	0	0	0	1	0	0	0
A	BL	3	84	9	1	BA1651	9996	4	5	1	1	0	0	0	0	0	0	0
A	BL	3	84	9	1	BA1651	10006	5	4	0	0	0	0	0	0	0	0	0
A	BL	3	84	9	1	BA1651	10029	4	0	0	0	0	0	0	1	0	0	0
A	BL	3	84	9	1	BA1651	10053	4	5	1	1	0	0	0	0	0	0	0
A	BL	3	84	9	1	BA1651	10063	5	4	0	0	0	0	0	0	0	0	0
A	BL	3	84	9	1	BA1651	10075	4	0	0	0	0	0	0	1	0	0	0
A	BL	3	84	9	1	BA1651	10093	4	5	1	1	0	0	0	0	0	0	0
A	BL	3	84	9	1	BA1651	10103	5	9	0	0	0	0	0	0	0	0	0
A	BL	3	84	9	1	BA1651	10113	9	10	0	0	0	0	0	0	0	0	0
A	BL	3	84	9	1	BA1651	10116	10	0	0	0	0	0	0	1	0	0	0
A	BL	3	84	9	1	BA1651	10188	10	2	0	0	0	0	0	0	0	0	0
A	BL	3	84	9	1	BA1651	10189	2	3	0	0	0	0	0	0	0	0	0
A	BL	3	84	9	1	BA1651	10248	3	5	1	1	0	0	0	0	0	0	0
A	BL	3	84	9	1	BA1651	10256	5	0	0	0	0	0	0	1	0	0	0
A	BL	3	84	9	1	BA1651	10258	5	4	0	0	0	0	0	0	0	0	0
A	BL	3	84	9	1	BA1651	10315	4	5	1	1	0	0	0	0	0	0	0
A	BL	3	84	9	1	BA1651	10325	5	4	0	0	0	0	0	0	0	0	0
A	BL	3	84	9	1	BA1651	10334	4	0	0	0	0	0	0	1	0	0	0
A	BL	3	84	9	1	BA1651	10356	4	5	1	1	0	0	0	0	0	0	0
A	BL	3	84	9	1	BA1651	10366	5	4	0	0	0	0	0	0	0	0	0
A	BL	3	84	9	1	BA1651	10392	4	0	0	0	0	0	0	1	0	0	0
A	BL	3	84	9	1	BA1651	10408	4	5	1	1	0	0	0	0	0	0	0
A	BL	3	84	9	1	BA1651	10418	5	4	0	0	0	0	0	0	0	0	0
A	BL	3	84	9	1	BA1651	10457	4	0	0	0	0	0	0	1	0	0	0
A	BL	3	84	9	1	BA1651	10516	4	5	1	1	0	0	0	0	0	0	0
A	BL	3	84	9	1	BA1651	10526	5	9	0	0	0	0	0	0	0	0	0
A	BL	3	84	9	1	BA1651	10536	9	10	0	0	0	0	0	0	0	0	0
A	BL	3	84	9	1	BA1651	10545	10	0	0	0	0	0	0	1	0	0	0
A	BL	3	84	9	1	BA1651	10611	10	2	0	0	0	0	0	0	0	0	0
A	BL	3	84	9	1	BA1651	10612	2	3	0	0	0	0	0	0	0	0	0
A	BL	3	84	9	1	BA1651	10699	3	5	1	1	0	0	0	0	0	0	0
A	BL	3	84	9	1	BA1651	10709	5	4	0	0	0	0	0	0	0	0	0
A	BL	3	84	9	1	BA1651	10724	4	0	0	0	0	0	0	1	0	0	0
A	BL	3	84	9	1	BA1651	10738	4	5	1	1	0	0	0	0	0	0	0
A	BL	3	84	9	1	BA1651	10743	5	0	0	0	0	0	0	1	0	0	0
A	BL	3	84	9	1	BA1651	10748	5	4	0	0	0	0	0	0	0	0	0
A	BL	3	84	9	1	BA1651	10758	4	5	1	1	0	0	0	0	0	0	0
A	BL	3	84	9	1	BA1651	10768	5	4	0	0	0	0	0	0	0	0	0
A	BL	3	84	9	1	BA1651	10793	4	0	0	0	0	0	0	1	0	0	0
A	BL	3	84	9	1	BA1651	10821	4	5	1	1	0	0	0	0	0	0	0
A	BL	3	84	9	1	BA1651	10831	5	4	0	0	0	0	0	0	0	0	0
A	BL	3	84	9	1	BA1651	10850	4	0	0	0	0	0	0	1	0	0	0
A	BL	3	84	9	1	BA1651	10854	4	5	1	1	0	0	0	0	0	0	0
A	BL	3	84	9	1	BA1651	10863	5	0	0	0	0	0	0	1	0	0	0
A	BL	3	84	9	1	BA1651	10864	5	9	0	0	0	0	0	0	0	0	0
A	BL	3	84	9	1	BA1651	10872	9	0	0	1	0	0	0	0	0	0	0
A	BL	3	84	9	1	BA1651	10874	9	10	0	0	0	0	0	0	0	0	0
A	BL	3	84	9	1	BA1651	10898	10	0	0	0	0	0	0	1	0	0	0
A	BL	3	84	9	1	BA1651	10949	10	2	0	0	0	0	0	0	0	0	0
A	BL	3	84	9	1	BA1651	10950	2	6	0	0	0	0	0	0	0	0	0
A	BL	3	84	9	1	BA1651	11227	6	8	2	0	1	0	0	0	0	0	0
A	BL	3	84	9	1	BA1651	11236	8	0	0	0	0	0	0	0	1	0	0
A	BL	3	84	9	1	BA1651	11237	8	7	0	0	0	0	0	0	0	0	0
A	BL	3	84	9	1	BA1651	11241	7	8	2	0	1	0	0	0	0	0	0
A	BL	3	84	9	1	BA1651	11245	8	0	0	0	0	0	0	0	1	0	0
A	BL	3	84	9	1	BA1651	11251	8	7	0	0	0	0	0	0	0	0	0
A	BL	3	84	9	1	BA1651	11301	7	8	2	0	1	0	0	0	0	0	0
A	BL	3	84	9	1	BA1651	11311	8	7	0	0	0	0	0	0	0	0	0
A	BL	3	84	9	1	BA1651	11322	7	0	0	0	0	0	0	0	1	0	0
A	BL	3	84	9	1	BA1651	11327	7	8	2	0	1	0	0	0	0	0	0
A	BL	3	84	9	1	BA1651	11329	8	0	0	0	0	0	0	0	1	0	0
A	BL	3	84	9	1	BA1651	11337	8	7	0	0	0	0	0	0	0	0	0
A	BL	3	84	9	1	BA1651	11365	7	8	2	0	1	0	0	0	0	0	0
A	BL	3	84	9	1	BA1651	11375	8	7	0	0	0	0	0	0	0	0	0
A	BL	3	84	9	1	BA1651	11391	7	0	0	0	0	0	0	0	1	0	0
A	BL	3	84	9	1	BA1651	11430	7	8	2	0	1	0	0	0	0	0	0
A	BL	3	84	9	1	BA1651	11440	8	7	0	0	0	0	0	0	0	0	0
A	BL	3	84	9	1	BA1651	11474	7	0	0	0	0	0	0	0	1	0	0
A	BL	3	84	9	1	BA1651	11489	7	8	2	0	1	0	0	0	0	0	0
A	BL	3	84	9	1	BA1651	11499	8	7	0	0	0	0	0	0	0	0	0
A	BL	3	84	9	1	BA1651	11522	7	0	0	0	0	0	0	0	1	0	0
A	BL	3	84	9	1	BA1651	11531	7	8	2	0	1	0	0	0	0	0	0
A	BL	3	84	9	1	BA1651	11541	8	7	0	0	0	0	0	0	0	0	0
A	BL	3	84	9	1	BA1651	11556	7	0	0	0	0	0	0	0	1	0	0
A	BL	3	84	9	1	BA1651	11557	7	8	2	0	1	0	0	0	0	0	0
A	BL	3	84	9	1	BA1651	11567	8	7	0	0	0	0	0	0	0	0	0
A	BL	3	84	9	1	BA1651	11572	7	0	0	0	0	0	0	0	1	0	0
A	BL	3	84	9	1	BA1651	11612	7	8	2	0	1	0	0	0	0	0	0
A	BL	3	84	9	1	BA1651	11622	8	7	0	0	0	0	0	0	0	0	0
A	BL	3	84	9	1	BA1651	11632	7	0	0	0	0	0	0	0	1	0	0
A	BL	3	84	9	1	BA1651	11658	7	8	2	0	1	0	0	0	0	0	0
A	BL	3	84	9	1	BA1651	11668	8	7	0	0	0	0	0	0	0	0	0
A	BL	3	84	9	1	BA1651	11677	7	0	0	0	0	0	0	0	1	0	0
A	BL	3	84	9	1	BA1651	11679	7	8	2	0	1	0	0	0	0	0	0
A	BL	3	84	9	1	BA1651	11689	8	7	0	0	0	0	0	0	0	0	0
A	BL	3	84	9	1	BA1651	11695	7	0	0	0	0	0	0	0	1	0	0
A	BL	3	84	9	1	BA1651	11698	7	8	2	0	1	0	0	0	0	0	0
A	BL	3	84	9	1	BA1651	11704	8	0	0	0	0	0	0	0	1	0	0
A	BL	3	84	9	1	BA1651	11708	8	7	0	0	0	0	0	0	0	0	0
A	BL	3	84	9	1	BA1651	11714	7	8	2	0	1	0	0	0	0	0	0
A	BL	3	84	9	1	BA1651	11724	8	7	0	0	0	0	0	0	0	0	0
A	BL	3	84	9	1	BA1651	11744	7	0	0	0	0	0	0	0	1	0	0
A	BL	3	84	9	1	BA1651	11797	7	8	2	0	1	0	0	0	0	0	0
A	BL	3	84	9	1	BA1651	11799	8	0	0	0	0	0	0	0	1	0	0
A	BL	3	84	9	1	BA1651	11807	8	7	0	0	0	0	0	0	0	0	0
A	BL	3	84	9	1	BA1651	11815	7	8	2	0	1	0	0	0	0	0	0
A	BL	3	84	9	1	BA1651	11825	8	7	0	0	0	0	0	0	0	0	0
A	BL	3	84	9	1	BA1651	11829	7	0	0	0	0	0	0	0	1	0	0
A	BL	3	84	9	1	BA1651	11846	7	8	2	0	1	0	0	0	0	0	0
A	BL	3	84	9	1	BA1651	11856	8	7	0	0	0	0	0	0	0	0	0
A	BL	3	84	9	1	BA1651	11860	7	0	0	0	0	0	0	0	1	0	0
A	BL	3	84	9	1	BA1651	11863	7	8	2	0	1	0	0	0	0	0	0
A	BL	3	84	9	1	BA1651	11873	8	7	0	0	0	0	0	0	0	0	0
A	BL	3	84	9	1	BA1651	11884	7	0	0	0	0	0	0	0	1	0	0
A	BL	3	84	9	1	BA1651	11885	7	8	2	0	1	0	0	0	0	0	0
A	BL	3	84	9	1	BA1651	11888	8	0	0	0	0	0	0	0	1	0	0
A	BL	3	84	9	1	BA1651	11895	8	7	0	0	0	0	0	0	0	0	0
A	BL	3	84	9	1	BA1651	11918	7	8	2	0	1	0	0	0	0	0	0
A	BL	3	84	9	1	BA1651	11928	8	9	0	0	0	0	0	0	0	0	0
A	BL	3	84	9	1	BA1651	11938	9	10	0	0	0	0	0	0	0	0	0
A	BL	3	84	9	1	BA1651	11939	10	0	0	0	0	0	0	0	1	0	0
A	BL	3	84	9	1	BA1651	12013	10	2	0	0	0	0	0	0	0	0	0
A	BL	3	84	9	1	BA1651	12014	2	6	0	0	0	0	0	0	0	0	0
A	BL	3	84	9	1	BA1651	12045	6	8	2	0	1	0	0	0	0	0	0
A	BL	3	84	9	1	BA1651	12055	8	7	0	0	0	0	0	0	0	0	0
A	BL	3	84	9	1	BA1651	12058	7	0	0	0	0	0	0	0	1	0	0
A	BL	3	84	9	1	BA1651	12062	7	8	2	0	1	0	0	0	0	0	0
A	BL	3	84	9	1	BA1651	12066	8	0	0	0	0	0	0	0	1	0	0
A	BL	3	84	9	1	BA1651	12072	8	7	0	0	0	0	0	0	0	0	0
A	BL	3	84	9	1	BA1651	12095	7	8	2	0	1	0	0	0	0	0	0
A	BL	3	84	9	1	BA1651	12102	8	0	0	0	0	0	0	0	1	0	0
A	BL	3	84	9	1	BA1651	12105	8	7	0	0	0	0	0	0	0	0	0
A	BL	3	84	9	1	BA1651	12117	7	8	2	0	1	0	0	0	0	0	0
A	BL	3	84	9	1	BA1651	12127	8	7	0	0	0	0	0	0	0	0	0
A	BL	3	84	9	1	BA1651	12146	7	0	0	0	0	0	0	0	1	0	0
A	BL	3	84	9	1	BA1651	12172	7	8	2	0	1	0	0	0	0	0	0
A	BL	3	84	9	1	BA1651	12177	8	0	0	0	0	0	0	0	1	0	0
A	BL	3	84	9	1	BA1651	12182	8	7	0	0	0	0	0	0	0	0	0
A	BL	3	84	9	1	BA1651	12196	7	8	2	0	1	0	0	0	0	0	0
A	BL	3	84	9	1	BA1651	12202	8	0	0	0	0	0	0	0	1	0	0
A	BL	3	84	9	1	BA1651	12206	8	7	0	0	0	0	0	0	0	0	0
A	BL	3	84	9	1	BA1651	12207	7	8	2	0	1	0	0	0	0	0	0
A	BL	3	84	9	1	BA1651	12213	8	0	0	0	0	0	0	0	1	0	0
A	BL	3	84	9	1	BA1651	12217	8	7	0	0	0	0	0	0	0	0	0
A	BL	3	84	9	1	BA1651	12363	7	8	2	0	1	0	0	0	0	0	0
A	BL	3	84	9	1	BA1651	12373	8	7	0	0	0	0	0	0	0	0	0
A	BL	3	84	9	1	BA1651	12385	7	0	0	0	0	0	0	0	1	0	0
A	BL	3	84	9	1	BA1651	12431	7	8	2	0	1	0	0	0	0	0	0
A	BL	3	84	9	1	BA1651	12441	8	7	0	0	0	0	0	0	0	0	0
A	BL	3	84	9	1	BA1651	12445	7	0	0	0	0	0	0	0	1	0	0
A	BL	3	84	9	1	BA1651	12457	7	8	2	0	1	0	0	0	0	0	0
A	BL	3	84	9	1	BA1651	12467	8	7	0	0	0	0	0	0	0	0	0
A	BL	3	84	9	1	BA1651	12471	7	0	0	0	0	0	0	0	1	0	0
A	BL	3	84	9	1	BA1651	12478	7	8	2	0	1	0	0	0	0	0	0
A	BL	3	84	9	1	BA1651	12484	8	0	0	0	0	0	0	0	1	0	0
A	BL	3	84	9	1	BA1651	12488	8	7	0	0	0	0	0	0	0	0	0
A	BL	3	84	9	1	BA1651	12492	7	8	2	0	1	0	0	0	0	0	0
A	BL	3	84	9	1	BA1651	12502	8	7	0	0	0	0	0	0	0	0	0
A	BL	3	84	9	1	BA1651	12507	7	0	0	0	0	0	0	0	1	0	0
A	BL	3	84	9	1	BA1651	12521	7	8	2	0	1	0	0	0	0	0	0
A	BL	3	84	9	1	BA1651	12523	8	0	0	0	0	0	0	0	1	0	0
A	BL	3	84	9	1	BA1651	12526	8	0	0	0	1	0	0	0	0	0	0
A	BL	3	84	9	1	BA1651	12531	8	7	0	0	0	0	0	0	0	0	0
A	BL	3	84	9	1	BA1651	12532	7	0	0	0	0	0	0	0	1	0	0
A	BL	3	84	9	1	BA1651	12569	7	8	2	0	1	0	0	0	0	0	0
A	BL	3	84	9	1	BA1651	12579	8	7	0	0	0	0	0	0	0	0	0
A	BL	3	84	9	1	BA1651	12600	7	0	0	0	0	0	0	0	1	0	0
A	BL	3	84	9	1	BA1651	12601	7	8	2	0	1	0	0	0	0	0	0
A	BL	3	84	9	1	BA1651	12604	8	0	0	0	0	0	0	0	1	0	0
A	BL	3	84	9	1	BA1651	12611	8	7	0	0	0	0	0	0	0	0	0
A	BL	3	84	9	1	BA1651	12614	7	8	2	0	1	0	0	0	0	0	0
A	BL	3	84	9	1	BA1651	12618	8	0	0	0	0	0	0	0	1	0	0
A	BL	3	84	9	1	BA1651	12621	8	0	0	0	1	0	0	0	0	0	0
A	BL	3	84	9	1	BA1651	12624	8	7	0	0	0	0	0	0	0	0	0
A	BL	3	84	9	1	BA1651	12631	7	0	0	0	0	0	0	0	1	0	0
A	BL	3	84	9	1	BA1651	12636	7	8	2	0	1	0	0	0	0	0	0
A	BL	3	84	9	1	BA1651	12645	8	0	0	0	0	0	0	0	1	0	0
A	BL	3	84	9	1	BA1651	12646	8	7	0	0	0	0	0	0	0	0	0
A	BL	3	84	9	1	BA1651	12650	7	8	2	0	1	0	0	0	0	0	0
A	BL	3	84	9	1	BA1651	12660	8	7	0	0	0	0	0	0	0	0	0
A	BL	3	84	9	1	BA1651	12668	7	0	0	0	0	0	0	0	1	0	0
A	BL	3	84	9	1	BA1651	12695	7	8	2	0	1	0	0	0	0	0	0
A	BL	3	84	9	1	BA1651	12705	8	7	0	0	0	0	0	0	0	0	0
A	BL	3	84	9	1	BA1651	12706	7	0	0	0	0	0	0	0	1	0	0
A	BL	3	84	9	1	BA1651	12708	7	8	2	0	1	0	0	0	0	0	0
A	BL	3	84	9	1	BA1651	12715	8	0	0	0	0	0	0	0	1	0	0
A	BL	3	84	9	1	BA1651	12718	8	9	0	0	0	0	0	0	0	0	0
A	BL	3	84	9	1	BA1651	12722	9	0	0	0	1	0	0	0	0	0	0
A	BL	3	84	9	1	BA1651	12728	9	10	0	0	0	0	0	0	0	0	0
A	BL	3	84	9	1	BA1651	12737	10	0	0	0	0	0	0	0	1	0	0
A	BL	3	84	9	1	BA1651	12803	10	2	0	0	0	0	0	0	0	0	0
A	BL	3	84	9	1	BA1651	12804	2	6	0	0	0	0	0	0	0	0	0
A	BL	3	84	9	1	BA1651	12908	6	8	2	0	1	0	0	0	0	0	0
A	BL	3	84	9	1	BA1651	12918	8	7	0	0	0	0	0	0	0	0	0
A	BL	3	84	9	1	BA1651	12929	7	0	0	0	0	0	0	0	1	0	0
A	BL	3	84	9	1	BA1651	12935	7	8	2	0	1	0	0	0	0	0	0
A	BL	3	84	9	1	BA1651	12939	8	0	0	0	0	0	0	0	1	0	0
A	BL	3	84	9	1	BA1651	12945	8	7	0	0	0	0	0	0	0	0	0
A	BL	3	84	9	1	BA1651	13133	7	8	2	0	1	0	0	0	0	0	0
A	BL	3	84	9	1	BA1651	13137	8	0	0	0	0	0	0	0	1	0	0
A	BL	3	84	9	1	BA1651	13139	8	0	0	0	1	0	0	0	0	0	0
A	BL	3	84	9	1	BA1651	13143	8	7	0	0	0	0	0	0	0	0	0
A	BL	3	84	9	1	BA1651	13156	7	0	0	0	0	0	0	0	1	0	0
A	BL	3	84	9	1	BA1651	13160	7	8	2	0	1	0	0	0	0	0	0
A	BL	3	84	9	1	BA1651	13170	8	7	0	0	0	0	0	0	0	0	0
A	BL	3	84	9	1	BA1651	13181	7	0	0	0	0	0	0	0	1	0	0
A	BL	3	84	9	1	BA1651	13184	7	8	2	0	1	0	0	0	0	0	0
A	BL	3	84	9	1	BA1651	13194	8	7	0	0	0	0	0	0	0	0	0
A	BL	3	84	9	1	BA1651	13201	7	0	0	0	0	0	0	0	1	0	0
A	BL	3	84	9	1	BA1651	13220	7	8	2	0	1	0	0	0	0	0	0
A	BL	3	84	9	1	BA1651	13230	8	7	0	0	0	0	0	0	0	0	0
A	BL	3	84	9	1	BA1651	13244	7	0	0	0	0	0	0	0	1	0	0
A	BL	3	84	9	1	BA1651	13252	7	8	2	0	1	0	0	0	0	0	0
A	BL	3	84	9	1	BA1651	13261	8	0	0	0	0	0	0	0	1	0	0
A	BL	3	84	9	1	BA1651	13262	8	7	0	0	0	0	0	0	0	0	0
A	BL	3	84	9	1	BA1651	13272	7	8	2	0	1	0	0	0	0	0	0
A	BL	3	84	9	1	BA1651	13282	8	7	0	0	0	0	0	0	0	0	0
A	BL	3	84	9	1	BA1651	13296	7	0	0	0	0	0	0	0	1	0	0
A	BL	3	84	9	1	BA1651	13340	7	8	2	0	1	0	0	0	0	0	0
A	BL	3	84	9	1	BA1651	13350	8	7	0	0	0	0	0	0	0	0	0
A	BL	3	84	9	1	BA1651	13367	7	0	0	0	0	0	0	0	1	0	0
A	BL	3	84	9	1	BA1651	13392	7	8	2	0	1	0	0	0	0	0	0
A	BL	3	84	9	1	BA1651	13402	8	7	0	0	0	0	0	0	0	0	0
A	BL	3	84	9	1	BA1651	13409	7	0	0	0	0	0	0	0	1	0	0
A	BL	3	84	9	1	BA1651	13428	7	8	2	0	1	0	0	0	0	0	0
A	BL	3	84	9	1	BA1651	13438	8	7	0	0	0	0	0	0	0	0	0
A	BL	3	84	9	1	BA1651	13444	7	0	0	0	0	0	0	0	1	0	0
A	BL	3	84	9	1	BA1651	13451	7	8	2	0	1	0	0	0	0	0	0
A	BL	3	84	9	1	BA1651	13452	8	0	0	0	0	0	0	0	1	0	0
A	BL	3	84	9	1	BA1651	13461	8	7	0	0	0	0	0	0	0	0	0
A	BL	3	84	9	1	BA1651	13482	7	8	2	0	1	0	0	0	0	0	0
A	BL	3	84	9	1	BA1651	13484	8	0	0	0	0	0	0	0	1	0	0
A	BL	3	84	9	1	BA1651	13492	8	7	0	0	0	0	0	0	0	0	0
A	BL	3	84	9	1	BA1651	13597	7	8	2	0	1	0	0	0	0	0	0
A	BL	3	84	9	1	BA1651	13607	8	7	0	0	0	0	0	0	0	0	0
A	BL	3	84	9	1	BA1651	13613	7	0	0	0	0	0	0	0	1	0	0
A	BL	3	84	9	1	BA1651	13823	7	8	2	0	1	0	0	0	0	0	0
A	BL	3	84	9	1	BA1651	13825	8	0	0	0	0	0	0	0	1	0	0
A	BL	3	84	9	1	BA1651	13828	8	0	0	0	1	0	0	0	0	0	0
A	BL	3	84	9	1	BA1651	13833	8	7	0	0	0	0	0	0	0	0	0
A	BL	3	84	9	1	BA1651	13839	7	0	0	0	0	0	0	0	1	0	0
A	BL	3	84	9	1	BA1651	13843	7	8	2	0	1	0	0	0	0	0	0
A	BL	3	84	9	1	BA1651	13853	8	7	0	0	0	0	0	0	0	0	0
A	BL	3	84	9	1	BA1651	13864	7	0	0	0	0	0	0	0	1	0	0
A	BL	3	84	9	1	BA1651	14087	7	0	0	1	0	0	0	0	0	0	0
A	BL	3	84	9	1	BA1651	14119	7	0	0	0	0	0	0	1	0	0	0
A	BL	3	84	9	1	BA1651	14167	7	0	0	1	0	0	0	0	0	0	0
A	BL	3	84	9	1	BA1651	14280	7	0	0	0	0	0	0	1	0	0	0
A	BL	3	84	9	1	BA1651	14310	7	0	0	1	0	0	0	0	0	0	0
A	BL	3	84	9	1	BA1651	14407	7	0	0	0	0	0	0	1	0	0	0
A	BL	3	84	9	1	BA1651	14458	7	0	0	1	0	0	0	0	0	0	0
A	BL	3	84	9	1	BA1651	14484	7	0	0	0	0	0	0	1	0	0	0
A	BL	3	84	9	1	BA1651	14488	7	0	0	1	0	0	0	0	0	0	0
A	BL	3	84	9	1	BA1651	14511	7	0	0	0	0	0	0	1	0	0	0
A	BL	3	84	9	1	BA1651	14513	7	0	0	1	0	0	0	0	0	0	0
A	BL	3	84	9	1	BA1651	14607	7	0	0	0	0	0	0	1	0	0	0
A	BL	3	84	9	1	BA1651	14794	7	0	0	1	0	0	0	0	0	0	0
A	BL	3	84	9	1	BA1651	14837	7	0	0	0	0	0	0	1	0	0	0
A	BL	3	84	9	1	BA1651	14841	7	0	0	1	0	0	0	0	0	0	0
A	BL	3	84	9	1	BA1651	14873	7	0	0	0	0	0	0	1	0	0	0
A	BL	3	84	9	1	BA1651	15055	7	0	0	1	0	0	0	0	0	0	0
A	BL	3	84	9	1	BA1651	15099	7	0	0	0	0	0	0	1	0	0	0
A	BL	3	84	9	1	BA1651	16517	7	8	2	0	1	0	0	0	0	0	0
A	BL	3	84	9	1	BA1651	16527	8	7	0	0	0	0	0	0	0	0	0
A	BL	3	84	9	1	BA1651	16536	7	0	0	0	0	0	0	0	1	0	0
A	BL	3	84	9	1	BA1651	16611	7	8	2	0	1	0	0	0	0	0	0
A	BL	3	84	9	1	BA1651	16621	8	7	0	0	0	0	0	0	0	0	0
A	BL	3	84	9	1	BA1651	16652	7	0	0	0	0	0	0	0	1	0	0
A	BL	3	84	9	1	BA1651	16655	7	8	2	0	1	0	0	0	0	0	0
A	BL	3	84	9	1	BA1651	16665	8	7	0	0	0	0	0	0	0	0	0
A	BL	3	84	9	1	BA1651	16670	7	0	0	0	0	0	0	0	1	0	0
A	BL	3	84	9	1	BA1651	16689	7	8	2	0	1	0	0	0	0	0	0
A	BL	3	84	9	1	BA1651	16699	8	9	0	0	0	0	0	0	0	0	0
A	BL	3	84	9	1	BA1651	16709	9	10	0	0	0	0	0	0	0	0	0
A	BL	3	84	9	1	BA1651	16714	10	0	0	0	0	0	0	0	1	0	0
A	BL	3	84	9	1	BA1651	16784	10	2	0	0	0	0	0	0	0	0	0
A	BL	3	84	9	1	BA1651	16785	2	3	0	0	0	0	0	0	0	0	0
A	BL	3	84	9	1	BA1651	16927	3	5	1	1	0	0	0	0	0	0	0
A	BL	3	84	9	1	BA1651	16937	5	4	0	0	0	0	0	0	0	0	0
A	BL	3	84	9	1	BA1651	16954	4	0	0	0	0	0	0	1	0	0	0
A	BL	3	84	9	1	BA1651	16986	4	5	1	1	0	0	0	0	0	0	0
A	BL	3	84	9	1	BA1651	16996	5	4	0	0	0	0	0	0	0	0	0
A	BL	3	84	9	1	BA1651	17008	4	0	0	0	0	0	0	1	0	0	0
A	BL	3	84	9	1	BA1651	17023	4	5	1	1	0	0	0	0	0	0	0
A	BL	3	84	9	1	BA1651	17033	5	4	0	0	0	0	0	0	0	0	0
A	BL	3	84	9	1	BA1651	17050	4	0	0	0	0	0	0	1	0	0	0
A	BL	3	84	9	1	BA1651	17092	4	5	1	1	0	0	0	0	0	0	0
A	BL	3	84	9	1	BA1651	17102	5	4	0	0	0	0	0	0	0	0	0
A	BL	3	84	9	1	BA1651	17130	4	0	0	0	0	0	0	1	0	0	0
A	BL	3	84	9	1	BA1651	17132	4	5	1	1	0	0	0	0	0	0	0
A	BL	3	84	9	1	BA1651	17137	5	0	0	0	0	0	0	1	0	0	0
A	BL	3	84	9	1	BA1651	17141	5	0	0	1	0	0	0	0	0	0	0
A	BL	3	84	9	1	BA1651	17142	5	9	0	0	0	0	0	0	0	0	0
A	BL	3	84	9	1	BA1651	17152	9	10	0	0	0	0	0	0	0	0	0
A	BL	3	84	9	1	BA1651	17158	10	0	0	0	0	0	0	1	0	0	0
A	BL	3	84	9	1	BA1651	17227	10	2	0	0	0	0	0	0	0	0	0
A	BL	3	84	9	1	BA1651	17228	2	3	0	0	0	0	0	0	0	0	0
A	BL	3	84	9	1	BA1651	17281	3	5	1	1	0	0	0	0	0	0	0
A	BL	3	84	9	1	BA1651	17291	5	4	0	0	0	0	0	0	0	0	0
A	BL	3	84	9	1	BA1651	17293	4	0	0	0	0	0	0	1	0	0	0
A	BL	3	84	9	1	BA1651	17307	4	5	1	1	0	0	0	0	0	0	0
A	BL	3	84	9	1	BA1651	17317	5	4	0	0	0	0	0	0	0	0	0
A	BL	3	84	9	1	BA1651	17350	4	0	0	0	0	0	0	1	0	0	0
A	BL	3	84	9	1	BA1651	17360	4	5	1	1	0	0	0	0	0	0	0
A	BL	3	84	9	1	BA1651	17370	5	4	0	0	0	0	0	0	0	0	0
A	BL	3	84	9	1	BA1651	17403	4	0	0	0	0	0	0	1	0	0	0
A	BL	3	84	9	1	BA1651	17421	4	5	1	1	0	0	0	0	0	0	0
A	BL	3	84	9	1	BA1651	17428	5	0	0	0	0	0	0	1	0	0	0
A	BL	3	84	9	1	BA1651	17431	5	4	0	0	0	0	0	0	0	0	0
A	BL	3	84	9	1	BA1651	17439	4	5	1	1	0	0	0	0	0	0	0
A	BL	3	84	9	1	BA1651	17449	5	9	0	0	0	0	0	1	0	0	0
A	BL	3	84	9	1	BA1651	17459	9	10	0	0	0	0	0	0	0	0	0
A	BL	3	84	9	1	BA1651	17534	10	2	0	0	0	0	0	0	0	0	0
A	BL	3	84	9	1	BA1651	17535	2	3	0	0	0	0	0	0	0	0	0
A	BL	3	84	9	1	BA1651	17610	3	5	1	1	0	0	0	0	0	0	0
A	BL	3	84	9	1	BA1651	17620	5	4	0	0	0	0	0	0	0	0	0
A	BL	3	84	9	1	BA1651	17632	4	0	0	0	0	0	0	1	0	0	0
A	BL	3	84	9	1	BA1651	17645	4	5	1	1	0	0	0	0	0	0	0
A	BL	3	84	9	1	BA1651	17655	5	4	0	0	0	0	0	0	0	0	0
A	BL	3	84	9	1	BA1651	17672	4	0	0	0	0	0	0	1	0	0	0
A	BL	3	84	9	1	BA1651	17679	4	5	1	1	0	0	0	0	0	0	0
A	BL	3	84	9	1	BA1651	17689	5	4	0	0	0	0	0	0	0	0	0
A	BL	3	84	9	1	BA1651	17735	4	0	0	0	0	0	0	1	0	0	0
A	BL	3	84	9	1	BA1651	17771	4	5	1	1	0	0	0	0	0	0	0
A	BL	3	84	9	1	BA1651	17781	5	4	0	0	0	0	0	0	0	0	0
A	BL	3	84	9	1	BA1651	17802	4	0	0	0	0	0	0	1	0	0	0
A	BL	3	84	9	1	BA1651	17856	4	5	1	1	0	0	0	0	0	0	0
A	BL	3	84	9	1	BA1651	17866	5	9	0	0	0	0	0	0	0	0	0
A	BL	3	84	9	1	BA1651	17876	9	10	0	0	0	0	0	0	0	0	0
A	BL	3	84	9	1	BA1651	17885	10	0	0	0	0	0	0	1	0	0	0
A	BL	3	84	9	1	BA1651	17951	10	2	0	0	0	0	0	0	0	0	0
A	BL	3	84	9	1	BA1651	17952	2	6	0	0	0	0	0	0	0	0	0
A	BL	3	84	9	1	BA1651	18023	6	0	0	1	0	0	0	0	0	0	0
A	BL	3	84	9	1	BA1651	18033	6	0	0	0	0	0	0	1	0	0	0
A	BL	3	84	9	1	BA1651	18051	6	0	0	1	0	0	0	0	0	0	0
A	BL	3	84	9	1	BA1651	18084	6	0	0	0	0	0	0	1	0	0	0
A	BL	3	84	9	1	BA1651	18168	6	8	2	0	1	0	0	0	0	0	0
A	BL	3	84	9	1	BA1651	18178	8	7	0	0	0	0	0	0	0	0	0
A	BL	3	84	9	1	BA1651	18179	7	0	0	0	0	0	0	0	1	0	0
A	BL	3	84	9	1	BA1651	18184	7	8	2	0	1	0	0	0	0	0	0
A	BL	3	84	9	1	BA1651	18192	8	0	0	0	0	0	0	0	1	0	0
A	BL	3	84	9	1	BA1651	18194	8	7	0	0	0	0	0	0	0	0	0
A	BL	3	84	9	1	BA1651	18230	7	8	2	0	1	0	0	0	0	0	0
A	BL	3	84	9	1	BA1651	18236	8	0	0	0	0	0	0	0	1	0	0
A	BL	3	84	9	1	BA1651	18240	8	7	0	0	0	0	0	0	0	0	0
A	BL	3	84	9	1	BA1651	18243	7	8	2	0	1	0	0	0	0	0	0
A	BL	3	84	9	1	BA1651	18253	8	7	0	0	0	0	0	0	0	0	0
A	BL	3	84	9	1	BA1651	18257	7	0	0	0	0	0	0	0	1	0	0
A	BL	3	84	9	1	BA1651	18261	7	8	2	0	1	0	0	0	0	0	0
A	BL	3	84	9	1	BA1651	18262	8	0	0	0	0	0	0	0	1	0	0
A	BL	3	84	9	1	BA1651	18264	8	0	0	0	1	0	0	0	0	0	0
A	BL	3	84	9	1	BA1651	18271	8	7	0	0	0	0	0	0	0	0	0
A	BL	3	84	9	1	BA1651	18276	7	0	0	0	0	0	0	0	1	0	0
A	BL	3	84	9	1	BA1651	18279	7	8	2	0	1	0	0	0	0	0	0
A	BL	3	84	9	1	BA1651	18289	8	7	0	0	0	0	0	0	0	0	0
A	BL	3	84	9	1	BA1651	18332	7	0	0	0	0	0	0	0	1	0	0
A	BL	3	84	9	1	BA1651	18336	7	8	2	0	1	0	0	0	0	0	0
A	BL	3	84	9	1	BA1651	18346	8	7	0	0	0	0	0	0	0	0	0
A	BL	3	84	9	1	BA1651	18383	7	0	0	0	0	0	0	0	1	0	0
A	BL	3	84	9	1	BA1651	18389	7	8	2	0	1	0	0	0	0	0	0
A	BL	3	84	9	1	BA1651	18399	8	7	0	0	0	0	0	0	0	0	0
A	BL	3	84	9	1	BA1651	18401	7	0	0	0	0	0	0	0	1	0	0
A	BL	3	84	9	1	BA1651	18410	7	8	2	0	1	0	0	0	0	0	0
A	BL	3	84	9	1	BA1651	18420	8	7	0	0	0	0	0	0	1	0	0
A	BL	3	84	9	1	BA1651	18431	7	8	2	0	1	0	0	0	0	0	0
A	BL	3	84	9	1	BA1651	18441	8	7	0	0	0	0	0	0	0	0	0
A	BL	3	84	9	1	BA1651	18458	7	0	0	0	0	0	0	0	1	0	0
A	BL	3	84	9	1	BA1651	18470	7	8	2	0	1	0	0	0	0	0	0
A	BL	3	84	9	1	BA1651	18480	8	7	0	0	0	0	0	0	0	0	0
A	BL	3	84	9	1	BA1651	18483	7	8	2	0	1	0	0	0	1	0	0
A	BL	3	84	9	1	BA1651	18493	8	7	0	0	0	0	0	0	0	0	0
A	BL	3	84	9	1	BA1651	18516	7	0	0	0	0	0	0	0	1	0	0
A	BL	3	84	9	1	BA1651	18521	7	8	2	0	1	0	0	0	0	0	0
A	BL	3	84	9	1	BA1651	18531	8	7	0	0	0	0	0	0	0	0	0
A	BL	3	84	9	1	BA1651	18534	7	0	0	0	0	0	0	0	1	0	0
A	BL	3	84	9	1	BA1651	18537	7	8	2	0	1	0	0	0	0	0	0
A	BL	3	84	9	1	BA1651	18547	8	7	0	0	0	0	0	0	0	0	0
A	BL	3	84	9	1	BA1651	18573	7	0	0	0	0	0	0	0	1	0	0
A	BL	3	84	9	1	BA1651	18578	7	8	2	0	1	0	0	0	0	0	0
A	BL	3	84	9	1	BA1651	18588	8	7	0	0	0	0	0	0	0	0	0
A	BL	3	84	9	1	BA1651	18602	7	0	0	0	0	0	0	0	1	0	0
A	BL	3	84	9	1	BA1651	18607	7	8	2	0	1	0	0	0	0	0	0
A	BL	3	84	9	1	BA1651	18617	8	7	0	0	0	0	0	0	0	0	0
A	BL	3	84	9	1	BA1651	18636	7	0	0	0	0	0	0	0	1	0	0
A	BL	3	84	9	1	BA1651	18643	7	8	2	0	1	0	0	0	0	0	0
A	BL	3	84	9	1	BA1651	18653	8	7	0	0	0	0	0	0	0	0	0
A	BL	3	84	9	1	BA1651	18663	7	0	0	0	0	0	0	0	1	0	0
A	BL	3	84	9	1	BA1651	18665	7	8	2	0	1	0	0	0	0	0	0
A	BL	3	84	9	1	BA1651	18675	8	7	0	0	0	0	0	0	0	0	0
A	BL	3	84	9	1	BA1651	18695	7	0	0	0	0	0	0	0	1	0	0
A	BL	3	84	9	1	BA1651	18734	7	8	2	0	1	0	0	0	0	0	0
A	BL	3	84	9	1	BA1651	18736	8	0	0	0	0	0	0	0	1	0	0
A	BL	3	84	9	1	BA1651	18744	8	7	0	0	1	0	0	0	0	0	0
A	BL	3	84	9	1	BA1651	18783	7	8	2	0	1	0	0	0	1	0	0
A	BL	3	84	9	1	BA1651	18793	8	9	0	0	0	0	0	0	0	0	0
A	BL	3	84	9	1	BA1651	18802	9	0	0	0	0	0	0	0	1	0	0
A	BL	3	84	9	1	BA1651	18803	9	10	0	0	0	0	0	0	0	0	0
A	BL	3	84	9	1	BA1651	18807	10	0	0	0	1	0	0	0	0	0	0
A	BL	3	84	9	1	BA1651	18811	10	0	0	0	0	0	0	0	1	0	0
A	BL	3	84	9	1	BA1651	18878	10	2	0	0	0	0	0	0	0	0	0
A	BL	3	84	9	1	BA1651	18879	2	6	0	0	0	0	0	0	0	0	0
A	BL	3	84	9	1	BA1651	18968	6	8	2	0	1	0	0	0	0	0	0
A	BL	3	84	9	1	BA1651	18972	8	0	0	0	0	0	0	0	1	0	0
A	BL	3	84	9	1	BA1651	18978	8	7	0	0	0	0	0	0	0	0	0
A	BL	3	84	9	1	BA1651	18994	7	8	2	0	1	0	0	0	0	0	0
A	BL	3	84	9	1	BA1651	19001	8	0	0	0	0	0	0	0	1	0	0
A	BL	3	84	9	1	BA1651	19004	8	7	0	0	0	0	0	0	0	0	0
A	BL	3	84	9	1	BA1651	19030	7	8	2	0	1	0	0	0	0	0	0
A	BL	3	84	9	1	BA1651	19040	8	7	0	0	0	0	0	0	0	0	0
A	BL	3	84	9	1	BA1651	19043	7	0	0	0	0	0	0	0	1	0	0
A	BL	3	84	9	1	BA1651	19045	7	8	2	0	1	0	0	0	0	0	0
A	BL	3	84	9	1	BA1651	19054	8	0	0	0	0	0	0	0	1	0	0
A	BL	3	84	9	1	BA1651	19055	8	7	0	0	0	0	0	0	0	0	0
A	BL	3	84	9	1	BA1651	19056	7	8	2	0	1	0	0	0	0	0	0
A	BL	3	84	9	1	BA1651	19063	8	0	0	0	0	0	0	0	1	0	0
A	BL	3	84	9	1	BA1651	19065	8	0	0	0	1	0	0	0	0	0	0
A	BL	3	84	9	1	BA1651	19066	8	7	0	0	0	0	0	0	0	0	0
A	BL	3	84	9	1	BA1651	19089	7	0	0	0	0	0	0	0	1	0	0
A	BL	3	84	9	1	BA1651	19091	7	8	2	0	1	0	0	0	0	0	0
A	BL	3	84	9	1	BA1651	19098	8	0	0	0	0	0	0	0	1	0	0
A	BL	3	84	9	1	BA1651	19101	8	7	0	0	0	0	0	0	0	0	0
A	BL	3	84	9	1	BA1651	19132	7	8	2	0	1	0	0	0	0	0	0
A	BL	3	84	9	1	BA1651	19134	8	0	0	0	0	0	0	0	1	0	0
A	BL	3	84	9	1	BA1651	19140	8	0	0	0	1	0	0	0	0	0	0
A	BL	3	84	9	1	BA1651	19142	8	7	0	0	0	0	0	0	0	0	0
A	BL	3	84	9	1	BA1651	19179	7	0	0	0	0	0	0	0	1	0	0
A	BL	3	84	9	1	BA1651	19205	7	8	2	0	1	0	0	0	0	0	0
A	BL	3	84	9	1	BA1651	19214	8	0	0	0	0	0	0	0	1	0	0
A	BL	3	84	9	1	BA1651	19215	8	7	0	0	0	0	0	0	0	0	0
A	BL	3	84	9	1	BA1651	19250	7	8	2	0	1	0	0	0	0	0	0
A	BL	3	84	9	1	BA1651	19252	8	0	0	0	0	0	0	0	1	0	0
A	BL	3	84	9	1	BA1651	19260	8	7	0	0	0	0	0	0	0	0	0
A	BL	3	84	9	1	BA1651	19516	7	8	2	0	1	0	0	0	0	0	0
A	BL	3	84	9	1	BA1651	19523	8	0	0	0	0	0	0	0	1	0	0
A	BL	3	84	9	1	BA1651	19526	8	7	0	0	0	0	0	0	0	0	0
A	BL	3	84	9	1	BA1651	19533	7	8	2	0	1	0	0	0	0	0	0
A	BL	3	84	9	1	BA1651	19543	8	7	0	0	0	0	0	0	0	0	0
A	BL	3	84	9	1	BA1651	19549	7	0	0	0	0	0	0	0	1	0	0
A	BL	3	84	9	1	BA1651	19603	7	8	2	0	1	0	0	0	0	0	0
A	BL	3	84	9	1	BA1651	19607	8	0	0	0	0	0	0	0	1	0	0
A	BL	3	84	9	1	BA1651	19613	8	7	0	0	1	0	0	0	0	0	0
A	BL	3	84	9	1	BA1651	19649	7	0	0	0	0	0	0	0	1	0	0
A	BL	3	84	9	1	BA1651	19655	7	8	2	0	1	0	0	0	0	0	0
A	BL	3	84	9	1	BA1651	19665	8	7	0	0	0	0	0	0	0	0	0
A	BL	3	84	9	1	BA1651	19679	7	0	0	0	0	0	0	0	1	0	0
A	BL	3	84	9	1	BA1651	19682	7	8	2	0	1	0	0	0	0	0	0
A	BL	3	84	9	1	BA1651	19685	8	0	0	0	0	0	0	0	1	0	0
A	BL	3	84	9	1	BA1651	19688	8	0	0	0	1	0	0	0	0	0	0
A	BL	3	84	9	1	BA1651	19692	8	7	0	0	0	0	0	0	1	0	0
A	BL	3	84	9	1	BA1651	19700	7	8	2	0	1	0	0	0	0	0	0
A	BL	3	84	9	1	BA1651	19706	8	0	0	0	0	0	0	0	1	0	0
A	BL	3	84	9	1	BA1651	19708	8	0	0	0	1	0	0	0	0	0	0
A	BL	3	84	9	1	BA1651	19710	8	7	0	0	0	0	0	0	0	0	0
A	BL	3	84	9	1	BA1651	19739	7	0	0	0	0	0	0	0	1	0	0
A	BL	3	84	9	1	BA1651	19749	7	8	2	0	1	0	0	0	0	0	0
A	BL	3	84	9	1	BA1651	19750	8	0	0	0	0	0	0	0	1	0	0
A	BL	3	84	9	1	BA1651	19754	8	0	0	0	1	0	0	0	0	0	0
A	BL	3	84	9	1	BA1651	19759	8	7	0	0	0	0	0	0	0	0	0
A	BL	3	84	9	1	BA1651	19785	7	0	0	0	0	0	0	0	1	0	0
A	BL	3	84	9	1	BA1651	19801	7	8	2	0	1	0	0	0	0	0	0
A	BL	3	84	9	1	BA1651	19811	8	7	0	0	0	0	0	0	0	0	0
A	BL	3	84	9	1	BA1651	19831	7	0	0	0	0	0	0	0	1	0	0
A	BL	3	84	9	1	BA1651	19834	7	8	2	0	1	0	0	0	0	0	0
A	BL	3	84	9	1	BA1651	19844	8	7	0	0	0	0	0	0	0	0	0
A	BL	3	84	9	1	BA1651	19851	7	0	0	0	0	0	0	0	1	0	0
A	BL	3	84	9	1	BA1651	19854	7	8	2	0	1	0	0	0	0	0	0
A	BL	3	84	9	1	BA1651	19864	8	7	0	0	0	0	0	0	0	0	0
A	BL	3	84	9	1	BA1651	19899	7	0	0	0	0	0	0	0	1	0	0
A	BL	3	84	9	1	BA1651	20004	7	8	2	0	1	0	0	0	0	0	0
A	BL	3	84	9	1	BA1651	20005	8	0	0	0	0	0	0	0	1	0	0
A	BL	3	84	9	1	BA1651	20007	8	0	0	0	1	0	0	0	0	0	0
A	BL	3	84	9	1	BA1651	20014	8	9	0	0	0	0	0	0	0	0	0
A	BL	3	84	9	1	BA1651	20024	9	10	0	0	0	0	0	0	0	0	0
A	BL	3	84	9	1	BA1651	20034	10	0	0	0	0	0	0	0	1	0	0
A	BL	3	84	9	1	BA1651	20099	10	2	0	0	0	0	0	0	0	0	0
A	BL	3	84	9	1	BA1651	20100	2	3	0	0	0	0	0	0	0	0	0
A	BL	3	84	9	1	BA1651	20164	3	0	0	0	1	0	0	0	0	0	0
A	BL	3	84	9	1	BA1651	20186	3	0	0	0	0	0	0	0	1	0	0
A	BL	3	84	9	1	BA1651	20194	3	0	0	0	1	0	0	0	0	0	0
A	BL	3	84	9	1	BA1651	20195	3	0	0	0	0	0	0	0	1	0	0
A	BL	3	84	9	1	BA1651	20198	3	0	0	0	1	0	0	0	0	0	0
A	BL	3	84	9	1	BA1651	20205	3	0	0	0	0	0	0	0	1	0	0
A	BL	3	84	9	1	BA1651	20223	3	0	0	0	1	0	0	0	0	0	0
A	BL	3	84	9	1	BA1651	20289	3	0	0	0	0	0	0	0	1	0	0
A	BL	3	84	9	1	BA1651	20440	3	5	1	1	0	0	0	0	0	0	0
A	BL	3	84	9	1	BA1651	20450	5	4	0	0	0	0	0	0	0	0	0
A	BL	3	84	9	1	BA1651	20456	4	0	0	0	0	0	0	1	0	0	0
A	BL	3	84	9	1	BA1651	20465	4	5	1	1	0	0	0	0	0	0	0
A	BL	3	84	9	1	BA1651	20475	5	4	0	0	0	0	0	0	0	0	0
A	BL	3	84	9	1	BA1651	20494	4	0	0	0	0	0	0	1	0	0	0
A	BL	3	84	9	1	BA1651	20546	4	5	1	1	0	0	0	0	0	0	0
A	BL	3	84	9	1	BA1651	20556	5	4	0	0	0	0	0	0	0	0	0
A	BL	3	84	9	1	BA1651	20582	4	0	0	0	0	0	0	1	0	0	0
A	BL	3	84	9	1	BA1651	20585	4	5	1	1	0	0	0	0	0	0	0
A	BL	3	84	9	1	BA1651	20595	5	4	0	0	0	0	0	0	0	0	0
A	BL	3	84	9	1	BA1651	20660	4	0	0	0	0	0	0	1	0	0	0
A	BL	3	84	9	1	BA1651	20695	4	5	1	1	0	0	0	0	0	0	0
A	BL	3	84	9	1	BA1651	20701	5	0	0	0	0	0	0	1	0	0	0
A	BL	3	84	9	1	BA1651	20705	5	9	0	1	0	0	0	0	0	0	0
A	BL	3	84	9	1	BA1651	20715	9	10	0	0	0	0	0	0	0	0	0
A	BL	3	84	9	1	BA1651	20719	10	0	0	0	0	0	0	1	0	0	0
A	BL	3	84	9	1	BA1651	20790	10	2	0	0	0	0	0	0	0	0	0
A	BL	3	84	9	1	BA1651	20791	2	6	0	0	0	0	0	0	0	0	0
A	BL	3	84	9	1	BA1651	20832	6	0	0	1	0	0	0	0	0	0	0
A	BL	3	84	9	1	BA1651	20863	6	0	0	0	0	0	0	1	0	0	0
A	BL	3	84	9	1	BA1651	20880	6	0	0	1	0	0	0	0	0	0	0
A	BL	3	84	9	1	BA1651	20894	6	0	0	0	0	0	0	1	0	0	0
A	BL	3	84	9	1	BA1651	20962	6	0	0	1	0	0	0	0	0	0	0
A	BL	3	84	9	1	BA1651	21042	6	0	0	0	0	0	0	1	0	0	0
A	BL	3	84	9	1	BA1651	21094	6	0	0	1	0	0	0	0	0	0	0
A	BL	3	84	9	1	BA1651	21105	6	0	0	0	0	0	0	1	0	0	0
A	BL	3	84	9	1	BA1651	21107	6	0	0	1	0	0	0	0	0	0	0
A	BL	3	84	9	1	BA1651	21277	6	0	0	0	0	0	0	1	0	0	0
A	BL	3	84	9	1	BA1651	21436	6	0	0	1	0	0	0	0	0	0	0
A	BL	3	84	9	1	BA1651	21458	6	0	0	0	0	0	0	1	0	0	0
A	BL	3	84	9	1	BA1651	21481	6	0	0	1	0	0	0	0	0	0	0
A	BL	3	84	9	1	BA1651	21514	6	0	0	0	0	0	0	1	0	0	0
A	BL	3	84	9	1	BA1651	21515	6	0	0	1	0	0	0	0	0	0	0
A	BL	3	84	9	1	BA1651	21568	6	0	0	0	0	0	0	1	0	0	0
A	BL	3	84	9	1	BA1651	21596	6	0	0	1	0	0	0	0	0	0	0
A	BL	3	84	9	1	BA1651	21627	6	0	0	0	0	0	0	1	0	0	0
A	BL	3	84	9	1	BA1651	21837	6	8	2	0	1	0	0	0	0	0	0
A	BL	3	84	9	1	BA1651	21840	8	0	0	0	0	0	0	0	1	0	0
A	BL	3	84	9	1	BA1651	21847	8	7	0	0	0	0	0	0	0	0	0
A	BL	3	84	9	1	BA1651	21893	7	8	2	0	1	0	0	0	0	0	0
A	BL	3	84	9	1	BA1651	21903	8	7	0	0	0	0	0	0	0	0	0
A	BL	3	84	9	1	BA1651	21907	7	0	0	0	0	0	0	0	1	0	0
A	BL	3	84	9	1	BA1651	21952	7	8	2	0	1	0	0	0	0	0	0
A	BL	3	84	9	1	BA1651	21962	8	7	0	0	0	0	0	0	0	0	0
A	BL	3	84	9	1	BA1651	21969	7	0	0	0	0	0	0	0	1	0	0
A	BL	3	84	9	1	BA1651	22076	7	8	2	0	1	0	0	0	0	0	0
A	BL	3	84	9	1	BA1651	22086	8	7	0	0	0	0	0	0	0	0	0
A	BL	3	84	9	1	BA1651	22126	7	0	0	0	0	0	0	0	1	0	0
A	BL	3	84	9	1	BA1651	22136	7	8	2	0	1	0	0	0	0	0	0
A	BL	3	84	9	1	BA1651	22143	8	0	0	0	0	0	0	0	1	0	0
A	BL	3	84	9	1	BA1651	22146	8	7	0	0	0	0	0	0	0	0	0
A	BL	3	84	9	1	BA1651	22148	7	8	2	0	1	0	0	0	0	0	0
A	BL	3	84	9	1	BA1651	22150	8	0	0	0	0	0	0	0	1	0	0
A	BL	3	84	9	1	BA1651	22152	8	0	0	0	1	0	0	0	0	0	0
A	BL	3	84	9	1	BA1651	22158	8	7	0	0	0	0	0	0	0	0	0
A	BL	3	84	9	1	BA1651	22179	7	0	0	0	0	0	0	0	1	0	0
A	BL	3	84	9	1	BA1651	22181	7	8	2	0	1	0	0	0	0	0	0
A	BL	3	84	9	1	BA1651	22191	8	7	0	0	0	0	0	0	0	0	0
A	BL	3	84	9	1	BA1651	22208	7	0	0	0	0	0	0	0	1	0	0
A	BL	3	84	9	1	BA1651	22211	7	8	2	0	1	0	0	0	0	0	0
A	BL	3	84	9	1	BA1651	22221	8	7	0	0	0	0	0	0	0	0	0
A	BL	3	84	9	1	BA1651	22235	7	0	0	0	0	0	0	0	1	0	0
A	BL	3	84	9	1	BA1651	22241	7	8	2	0	1	0	0	0	0	0	0
A	BL	3	84	9	1	BA1651	22250	8	0	0	0	0	0	0	0	1	0	0
A	BL	3	84	9	1	BA1651	22251	8	7	0	0	0	0	0	0	0	0	0
A	BL	3	84	9	1	BA1651	22254	7	8	2	0	1	0	0	0	0	0	0
A	BL	3	84	9	1	BA1651	22264	8	7	0	0	0	0	0	0	0	0	0
A	BL	3	84	9	1	BA1651	22339	7	0	0	0	0	0	0	0	1	0	0
A	BL	3	84	9	1	BA1651	22346	7	8	2	0	1	0	0	0	0	0	0
A	BL	3	84	9	1	BA1651	22356	8	7	0	0	0	0	0	0	1	0	0
A	BL	3	84	9	1	BA1651	22373	7	8	2	0	1	0	0	0	0	0	0
A	BL	3	84	9	1	BA1651	22383	8	7	0	0	0	0	0	0	0	0	0
A	BL	3	84	9	1	BA1651	22403	7	0	0	0	0	0	0	0	1	0	0
A	BL	3	84	9	1	BA1651	22407	7	8	2	0	1	0	0	0	0	0	0
A	BL	3	84	9	1	BA1651	22417	8	7	0	0	0	0	0	0	0	0	0
A	BL	3	84	9	1	BA1651	22458	7	0	0	0	0	0	0	0	1	0	0
A	BL	3	84	9	1	BA1651	22469	7	8	2	0	1	0	0	0	0	0	0
A	BL	3	84	9	1	BA1651	22479	8	7	0	0	0	0	0	0	0	0	0
A	BL	3	84	9	1	BA1651	22483	7	0	0	0	0	0	0	0	1	0	0
A	BL	3	84	9	1	BA1651	22490	7	8	2	0	1	0	0	0	0	0	0
A	BL	3	84	9	1	BA1651	22494	8	0	0	0	0	0	0	0	1	0	0
A	BL	3	84	9	1	BA1651	22498	8	0	0	0	1	0	0	0	0	0	0
A	BL	3	84	9	1	BA1651	22500	8	7	0	0	0	0	0	0	0	0	0
A	BL	3	84	9	1	BA1651	22532	7	0	0	0	0	0	0	0	1	0	0
A	BL	3	84	9	1	BA1651	22537	7	8	2	0	1	0	0	0	0	0	0
A	BL	3	84	9	1	BA1651	22547	8	7	0	0	0	0	0	0	0	0	0
A	BL	3	84	9	1	BA1651	22570	7	0	0	0	0	0	0	0	1	0	0
A	BL	3	84	9	1	BA1651	22575	7	8	2	0	1	0	0	0	0	0	0
A	BL	3	84	9	1	BA1651	22585	8	7	0	0	0	0	0	0	0	0	0
A	BL	3	84	9	1	BA1651	22601	7	0	0	0	0	0	0	0	1	0	0
A	BL	3	84	9	1	BA1651	22606	7	8	2	0	1	0	0	0	0	0	0
A	BL	3	84	9	1	BA1651	22616	8	7	0	0	0	0	0	0	0	0	0
A	BL	3	84	9	1	BA1651	22626	7	0	0	0	0	0	0	0	1	0	0
A	BL	3	84	9	1	BA1651	22636	7	8	2	0	1	0	0	0	0	0	0
A	BL	3	84	9	1	BA1651	22646	8	7	0	0	0	0	0	0	0	0	0
A	BL	3	84	9	1	BA1651	22699	7	0	0	0	0	0	0	0	1	0	0
A	BL	3	84	9	1	BA1651	22708	7	8	2	0	1	0	0	0	0	0	0
A	BL	3	84	9	1	BA1651	22718	8	9	0	0	0	0	0	0	0	0	0
A	BL	3	84	9	1	BA1651	22728	9	10	0	0	0	0	0	0	0	0	0
A	BL	3	84	9	1	BA1651	22741	10	0	0	0	0	0	0	0	1	0	0
A	BL	3	84	9	1	BA1651	22803	10	2	0	0	0	0	0	0	0	0	0
A	BL	3	84	9	1	BA1651	22804	2	3	0	0	0	0	0	0	0	0	0
A	BL	3	84	9	1	BA1651	22933	3	0	0	0	1	0	0	0	0	0	0
A	BL	3	84	9	1	BA1651	22936	3	0	0	0	0	0	0	0	1	0	0
A	BL	3	84	9	1	BA1651	22942	3	0	0	0	1	0	0	0	0	0	0
A	BL	3	84	9	1	BA1651	22952	3	0	0	0	0	0	0	0	1	0	0
A	BL	3	84	9	1	BA1651	22955	3	0	0	0	1	0	0	0	0	0	0
A	BL	3	84	9	1	BA1651	22966	3	0	0	0	0	0	0	0	1	0	0
A	BL	3	84	9	1	BA1651	23175	3	5	1	1	0	0	0	0	0	0	0
A	BL	3	84	9	1	BA1651	23182	5	0	0	0	0	0	0	1	0	0	0
A	BL	3	84	9	1	BA1651	23185	5	4	0	0	0	0	0	0	0	0	0
A	BL	3	84	9	1	BA1651	23232	4	5	1	1	0	0	0	0	0	0	0
A	BL	3	84	9	1	BA1651	23242	5	4	0	0	0	0	0	0	0	0	0
A	BL	3	84	9	1	BA1651	23254	4	0	0	0	0	0	0	1	0	0	0
A	BL	3	84	9	1	BA1651	23313	4	5	1	1	0	0	0	0	0	0	0
A	BL	3	84	9	1	BA1651	23323	5	4	0	0	0	0	0	0	0	0	0
A	BL	3	84	9	1	BA1651	23336	4	0	0	0	0	0	0	1	0	0	0
A	BL	3	84	9	1	BA1651	23347	4	5	1	1	0	0	0	0	0	0	0
A	BL	3	84	9	1	BA1651	23357	5	4	0	0	0	0	0	0	0	0	0
A	BL	3	84	9	1	BA1651	23371	4	0	0	0	0	0	0	1	0	0	0
A	BL	3	84	9	1	BA1651	23397	4	5	1	1	0	0	0	0	0	0	0
A	BL	3	84	9	1	BA1651	23407	5	9	0	0	0	0	0	0	0	0	0
A	BL	3	84	9	1	BA1651	23417	9	10	0	0	0	0	0	0	0	0	0
A	BL	3	84	9	1	BA1651	23422	10	0	0	0	0	0	0	1	0	0	0
A	BL	3	84	9	1	BA1651	23492	10	2	0	0	0	0	0	0	0	0	0
A	BL	3	84	9	1	BA1651	23493	2	6	0	0	0	0	0	0	0	0	0
A	BL	3	84	9	1	BA1651	23613	6	0	0	1	0	0	0	0	0	0	0
A	BL	3	84	9	1	BA1651	23652	6	0	0	0	0	0	0	1	0	0	0
A	BL	3	84	9	1	BA1651	23696	6	0	0	1	0	0	0	0	0	0	0
A	BL	3	84	9	1	BA1651	23735	6	0	0	0	0	0	0	1	0	0	0
A	BL	3	84	9	1	BA1651	23777	6	0	0	1	0	0	0	0	0	0	0
A	BL	3	84	9	1	BA1651	23803	6	0	0	0	0	0	0	1	0	0	0
A	BL	3	84	9	1	BA1651	23920	6	0	0	1	0	0	0	0	0	0	0
A	BL	3	84	9	1	BA1651	23981	6	0	0	0	0	0	0	1	0	0	0
A	BL	3	84	9	1	BA1651	23989	6	0	0	1	0	0	0	0	0	0	0
A	BL	3	84	9	1	BA1651	24005	6	0	0	0	0	0	0	1	0	0	0
A	BL	3	84	9	1	BA1651	24424	6	8	2	0	1	0	0	0	0	0	0
A	BL	3	84	9	1	BA1651	24427	8	0	0	0	0	0	0	0	1	0	0
A	BL	3	84	9	1	BA1651	24434	8	7	0	0	0	0	0	0	0	0	0
A	BL	3	84	9	1	BA1651	24634	7	8	2	0	1	0	0	0	0	0	0
A	BL	3	84	9	1	BA1651	24644	8	7	0	0	0	0	0	0	0	0	0
A	BL	3	84	9	1	BA1651	24668	7	0	0	0	0	0	0	0	1	0	0
A	BL	3	84	9	1	BA1651	24778	7	8	2	0	1	0	0	0	0	0	0
A	BL	3	84	9	1	BA1651	24788	8	7	0	0	0	0	0	0	0	0	0
A	BL	3	84	9	1	BA1651	24793	7	0	0	0	0	0	0	0	1	0	0
A	BL	3	84	9	1	BA1651	24797	7	8	2	0	1	0	0	0	0	0	0
A	BL	3	84	9	1	BA1651	24804	8	0	0	0	0	0	0	0	1	0	0
A	BL	3	84	9	1	BA1651	24807	8	7	0	0	0	0	0	0	0	0	0
A	BL	3	84	9	1	BA1651	24825	7	8	2	0	1	0	0	0	0	0	0
A	BL	3	84	9	1	BA1651	24829	8	0	0	0	0	0	0	0	1	0	0
A	BL	3	84	9	1	BA1651	24835	8	7	0	0	1	0	0	0	0	0	0
A	BL	3	84	9	1	BA1651	24843	7	0	0	0	0	0	0	0	1	0	0
A	BL	3	84	9	1	BA1651	24849	7	8	2	0	1	0	0	0	0	0	0
A	BL	3	84	9	1	BA1651	24859	8	7	0	0	0	0	0	0	0	0	0
A	BL	3	84	9	1	BA1651	24867	7	0	0	0	0	0	0	0	1	0	0
A	BL	3	84	9	1	BA1651	24927	7	8	2	0	1	0	0	0	0	0	0
A	BL	3	84	9	1	BA1651	24937	8	7	0	0	0	0	0	0	0	0	0
A	BL	3	84	9	1	BA1651	24955	7	0	0	0	0	0	0	0	1	0	0
A	BL	3	84	9	1	BA1651	24963	7	8	2	0	1	0	0	0	0	0	0
A	BL	3	84	9	1	BA1651	24973	8	7	0	0	0	0	0	0	0	0	0
A	BL	3	84	9	1	BA1651	25040	7	0	0	0	0	0	0	0	1	0	0
A	BL	3	84	9	1	BA1651	25042	7	8	2	0	1	0	0	0	0	0	0
A	BL	3	84	9	1	BA1651	25052	8	7	0	0	0	0	0	0	0	0	0
A	BL	3	84	9	1	BA1651	25089	7	0	0	0	0	0	0	0	1	0	0
A	BL	3	84	9	1	BA1651	25103	7	8	2	0	1	0	0	0	0	0	0
A	BL	3	84	9	1	BA1651	25113	8	7	0	0	0	0	0	0	0	0	0
A	BL	3	84	9	1	BA1651	25208	7	0	0	0	0	0	0	0	1	0	0
A	BL	3	84	9	1	BA1651	25371	7	8	2	0	1	0	0	0	0	0	0
A	BL	3	84	9	1	BA1651	25381	8	7	0	0	0	0	0	0	0	0	0
A	BL	3	84	9	1	BA1651	25427	7	0	0	0	0	0	0	0	1	0	0
A	BL	3	84	9	1	BA1651	25431	7	8	2	0	1	0	0	0	0	0	0
A	BL	3	84	9	1	BA1651	25433	8	0	0	0	0	0	0	0	1	0	0
A	BL	3	84	9	1	BA1651	25436	8	0	0	0	1	0	0	0	0	0	0
A	BL	3	84	9	1	BA1651	25441	8	7	0	0	0	0	0	0	0	0	0
A	BL	3	84	9	1	BA1651	25456	7	0	0	0	0	0	0	0	1	0	0
A	BL	3	84	9	1	BA1651	25468	7	8	2	0	1	0	0	0	0	0	0
A	BL	3	84	9	1	BA1651	25478	8	7	0	0	0	0	0	0	0	0	0
A	BL	3	84	9	1	BA1651	25512	7	0	0	0	0	0	0	0	1	0	0
A	BL	3	84	9	1	BA1651	25711	7	8	2	0	1	0	0	0	0	0	0
A	BL	3	84	9	1	BA1651	25721	8	7	0	0	0	0	0	0	0	0	0
A	BL	3	84	9	1	BA1651	25728	7	0	0	0	0	0	0	0	1	0	0
A	BL	3	84	9	1	BA1651	25729	7	8	2	0	1	0	0	0	0	0	0
A	BL	3	84	9	1	BA1651	25739	8	7	0	0	0	0	0	0	0	0	0
A	BL	3	84	9	1	BA1651	25760	7	0	0	0	0	0	0	0	1	0	0
A	BL	3	84	9	1	BA1651	25763	7	8	2	0	1	0	0	0	0	0	0
A	BL	3	84	9	1	BA1651	25773	8	7	0	0	0	0	0	0	0	0	0
A	BL	3	84	9	1	BA1651	25777	7	0	0	0	0	0	0	0	1	0	0
A	BL	3	84	9	1	BA1651	25780	7	8	2	0	1	0	0	0	0	0	0
A	BL	3	84	9	1	BA1651	25790	8	7	0	0	0	0	0	0	0	0	0
A	BL	3	84	9	1	BA1651	25804	7	0	0	0	0	0	0	0	1	0	0
A	BL	3	84	9	1	BA1651	25807	7	8	2	0	1	0	0	0	0	0	0
A	BL	3	84	9	1	BA1651	25817	8	7	0	0	0	0	0	0	0	0	0
A	BL	3	84	9	1	BA1651	25833	7	0	0	0	0	0	0	0	1	0	0
A	BL	3	84	9	1	BA1651	25878	7	8	2	0	1	0	0	0	0	0	0
A	BL	3	84	9	1	BA1651	25883	8	0	0	0	0	0	0	0	1	0	0
A	BL	3	84	9	1	BA1651	25888	8	7	0	0	1	0	0	0	0	0	0
A	BL	3	84	9	1	BA1651	25920	7	0	0	0	0	0	0	0	1	0	0
A	BL	3	84	9	1	BA1651	25933	7	8	2	0	1	0	0	0	0	0	0
A	BL	3	84	9	1	BA1651	25940	8	0	0	0	0	0	0	0	1	0	0
A	BL	3	84	9	1	BA1651	25942	8	0	0	0	1	0	0	0	0	0	0
A	BL	3	84	9	1	BA1651	25943	8	9	0	0	0	0	0	0	0	0	0
A	BL	3	84	9	1	BA1651	25953	9	10	0	0	0	0	0	0	0	0	0
A	BL	3	84	9	1	BA1651	25961	10	0	0	0	0	0	0	0	1	0	0
A	BL	3	84	9	1	BA1651	26028	10	2	0	0	0	0	0	0	0	0	0
A	BL	3	84	9	1	BA1651	26029	2	6	0	0	0	0	0	0	0	0	0
A	BL	3	84	9	1	BA1651	26176	6	8	2	0	1	0	0	0	0	0	0
A	BL	3	84	9	1	BA1651	26186	8	7	0	0	0	0	0	0	0	0	0
A	BL	3	84	9	1	BA1651	26190	7	0	0	0	0	0	0	0	1	0	0
A	BL	3	84	9	1	BA1651	26206	7	8	2	0	1	0	0	0	0	0	0
A	BL	3	84	9	1	BA1651	26216	8	7	0	0	0	0	0	0	0	0	0
A	BL	3	84	9	1	BA1651	26224	7	0	0	0	0	0	0	0	1	0	0
A	BL	3	84	9	1	BA1651	26242	7	8	2	0	1	0	0	0	0	0	0
A	BL	3	84	9	1	BA1651	26246	8	0	0	0	0	0	0	0	1	0	0
A	BL	3	84	9	1	BA1651	26248	8	0	0	0	1	0	0	0	0	0	0
A	BL	3	84	9	1	BA1651	26252	8	7	0	0	0	0	0	0	0	0	0
A	BL	3	84	9	1	BA1651	26274	7	0	0	0	0	0	0	0	1	0	0
A	BL	3	84	9	1	BA1651	26309	7	8	2	0	1	0	0	0	0	0	0
A	BL	3	84	9	1	BA1651	26314	8	0	0	0	0	0	0	0	1	0	0
A	BL	3	84	9	1	BA1651	26319	8	7	0	0	1	0	0	0	0	0	0
A	BL	3	84	9	1	BA1651	26349	7	0	0	0	0	0	0	0	1	0	0
A	BL	3	84	9	1	BA1651	26350	7	8	2	0	1	0	0	0	0	0	0
A	BL	3	84	9	1	BA1651	26354	8	0	0	0	0	0	0	0	1	0	0
A	BL	3	84	9	1	BA1651	26356	8	0	0	0	1	0	0	0	0	0	0
A	BL	3	84	9	1	BA1651	26360	8	7	0	0	0	0	0	0	0	0	0
A	BL	3	84	9	1	BA1651	26362	7	0	0	0	0	0	0	0	1	0	0
A	BL	3	84	9	1	BA1651	26418	7	8	2	0	1	0	0	0	0	0	0
A	BL	3	84	9	1	BA1651	26425	8	0	0	0	0	0	0	0	1	0	0
A	BL	3	84	9	1	BA1651	26428	8	7	0	0	0	0	0	0	0	0	0
A	BL	3	84	9	1	BA1651	26430	7	8	2	0	1	0	0	0	0	0	0
A	BL	3	84	9	1	BA1651	26440	8	7	0	0	0	0	0	0	0	0	0
A	BL	3	84	9	1	BA1651	26491	7	0	0	0	0	0	0	0	1	0	0
A	BL	3	84	9	1	BA1651	26514	7	8	2	0	1	0	0	0	0	0	0
A	BL	3	84	9	1	BA1651	26524	8	7	0	0	0	0	0	0	0	0	0
A	BL	3	84	9	1	BA1651	26549	7	0	0	0	0	0	0	0	1	0	0
A	BL	3	84	9	1	BA1651	26553	7	8	2	0	1	0	0	0	0	0	0
A	BL	3	84	9	1	BA1651	26563	8	7	0	0	0	0	0	0	0	0	0
A	BL	3	84	9	1	BA1651	26564	7	0	0	0	0	0	0	0	1	0	0
A	BL	3	84	9	1	BA1651	26568	7	8	2	0	1	0	0	0	0	0	0
A	BL	3	84	9	1	BA1651	26578	8	7	0	0	0	0	0	0	0	0	0
A	BL	3	84	9	1	BA1651	26584	7	0	0	0	0	0	0	0	1	0	0
A	BL	3	84	9	1	BA1651	26592	7	8	2	0	1	0	0	0	0	0	0
A	BL	3	84	9	1	BA1651	26597	8	0	0	0	0	0	0	0	1	0	0
A	BL	3	84	9	1	BA1651	26598	8	0	0	0	1	0	0	0	0	0	0
A	BL	3	84	9	1	BA1651	26602	8	7	0	0	0	0	0	0	0	0	0
A	BL	3	84	9	1	BA1651	26613	7	0	0	0	0	0	0	0	1	0	0
A	BL	3	84	9	1	BA1651	26629	7	8	2	0	1	0	0	0	0	0	0
A	BL	3	84	9	1	BA1651	26639	8	7	0	0	0	0	0	0	0	0	0
A	BL	3	84	9	1	BA1651	26652	7	0	0	0	0	0	0	0	1	0	0
A	BL	3	84	9	1	BA1651	26660	7	8	2	0	1	0	0	0	0	0	0
A	BL	3	84	9	1	BA1651	26670	8	7	0	0	0	0	0	0	1	0	0
A	BL	3	84	9	1	BA1651	26678	7	8	2	0	1	0	0	0	0	0	0
A	BL	3	84	9	1	BA1651	26683	8	0	0	0	0	0	0	0	1	0	0
A	BL	3	84	9	1	BA1651	26688	8	7	0	0	0	0	0	0	0	0	0
A	BL	3	84	9	1	BA1651	26692	7	8	2	0	1	0	0	0	0	0	0
A	BL	3	84	9	1	BA1651	26702	8	7	0	0	0	0	0	0	0	0	0
A	BL	3	84	9	1	BA1651	26720	7	0	0	0	0	0	0	0	1	0	0
A	BL	3	84	9	1	BA1651	26735	7	8	2	0	1	0	0	0	0	0	0
A	BL	3	84	9	1	BA1651	26745	8	7	0	0	0	0	0	0	0	0	0
A	BL	3	84	9	1	BA1651	26762	7	0	0	0	0	0	0	0	1	0	0
A	BL	3	84	9	1	BA1651	26912	7	8	2	0	1	0	0	0	0	0	0
A	BL	3	84	9	1	BA1651	26916	8	0	0	0	0	0	0	0	1	0	0
A	BL	3	84	9	1	BA1651	26920	8	0	0	0	1	0	0	0	0	0	0
A	BL	3	84	9	1	BA1651	26922	8	7	0	0	0	0	0	0	0	0	0
A	BL	3	84	9	1	BA1651	26929	7	0	0	0	0	0	0	0	1	0	0
A	BL	3	84	9	1	BA1651	27040	7	8	2	0	1	0	0	0	0	0	0
A	BL	3	84	9	1	BA1651	27050	8	7	0	0	0	0	0	0	0	0	0
A	BL	3	84	9	1	BA1651	27092	7	0	0	0	0	0	0	0	1	0	0
A	BL	3	84	9	1	BA1651	27104	7	8	2	0	1	0	0	0	0	0	0
A	BL	3	84	9	1	BA1651	27114	8	7	0	0	0	0	0	0	0	0	0
A	BL	3	84	9	1	BA1651	27121	7	0	0	0	0	0	0	0	1	0	0
A	BL	3	84	9	1	BA1651	27294	7	8	2	0	1	0	0	0	0	0	0
A	BL	3	84	9	1	BA1651	27304	8	9	0	0	0	0	0	0	0	0	0
A	BL	3	84	9	1	BA1651	27309	9	0	0	0	0	0	0	0	1	0	0
A	BL	3	84	9	1	BA1651	27313	9	0	0	0	1	0	0	0	0	0	0
A	BL	3	84	9	1	BA1651	27314	9	10	0	0	0	0	0	0	0	0	0
A	BL	3	84	9	1	BA1651	27322	10	0	0	0	0	0	0	0	1	0	0
A	BL	3	84	9	1	BA1651	27389	10	2	0	0	0	0	0	0	0	0	0
A	BL	3	84	9	1	BA1651	27390	2	3	0	0	0	0	0	0	0	0	0
A	BL	3	84	9	1	BA1651	27577	3	5	1	1	0	0	0	0	0	0	0
A	BL	3	84	9	1	BA1651	27587	5	4	0	0	0	0	0	0	0	0	0
A	BL	3	84	9	1	BA1651	27602	4	0	0	0	0	0	0	1	0	0	0
A	BL	3	84	9	1	BA1651	27624	4	5	1	1	0	0	0	0	0	0	0
A	BL	3	84	9	1	BA1651	27634	5	4	0	0	0	0	0	0	0	0	0
A	BL	3	84	9	1	BA1651	27655	4	0	0	0	0	0	0	1	0	0	0
A	BL	3	84	9	1	BA1651	27664	4	5	1	1	0	0	0	0	0	0	0
A	BL	3	84	9	1	BA1651	27674	5	4	0	0	0	0	0	0	0	0	0
A	BL	3	84	9	1	BA1651	27700	4	0	0	0	0	0	0	1	0	0	0
A	BL	3	84	9	1	BA1651	27734	4	5	1	1	0	0	0	0	0	0	0
A	BL	3	84	9	1	BA1651	27744	5	4	0	0	0	0	0	0	0	0	0
A	BL	3	84	9	1	BA1651	27842	4	0	0	0	0	0	0	1	0	0	0
A	BL	3	84	9	1	BA1651	27922	4	5	1	1	0	0	0	0	0	0	0
A	BL	3	84	9	1	BA1651	27932	5	9	0	0	0	0	0	0	0	0	0
A	BL	3	84	9	1	BA1651	27942	9	10	0	0	0	0	0	0	0	0	0
A	BL	3	84	9	1	BA1651	27945	10	0	0	0	0	0	0	1	0	0	0
A	BL	3	84	9	1	BA1651	28017	10	2	0	0	0	0	0	0	0	0	0
A	BL	3	84	9	1	BA1651	28018	2	3	0	0	0	0	0	0	0	0	0
A	BL	3	84	9	1	BA1651	28142	3	5	1	1	0	0	0	0	0	0	0
A	BL	3	84	9	1	BA1651	28152	5	4	0	0	0	0	0	0	0	0	0
A	BL	3	84	9	1	BA1651	28160	4	0	0	0	0	0	0	1	0	0	0
A	BL	3	84	9	1	BA1651	28184	4	5	1	1	0	0	0	0	0	0	0
A	BL	3	84	9	1	BA1651	28194	5	4	0	0	0	0	0	0	0	0	0
A	BL	3	84	9	1	BA1651	28204	4	0	0	0	0	0	0	1	0	0	0
A	BL	3	84	9	1	BA1651	28207	4	5	1	1	0	0	0	0	0	0	0
A	BL	3	84	9	1	BA1651	28217	5	4	0	0	0	0	0	0	0	0	0
A	BL	3	84	9	1	BA1651	28243	4	0	0	0	0	0	0	1	0	0	0
A	BL	3	84	9	1	BA1651	28309	4	5	1	1	0	0	0	0	0	0	0
A	BL	3	84	9	1	BA1651	28319	5	4	0	0	0	0	0	0	0	0	0
A	BL	3	84	9	1	BA1651	28449	4	0	0	0	0	0	0	1	0	0	0
A	BL	3	84	9	1	BA1651	28474	4	5	1	1	0	0	0	0	0	0	0
A	BL	3	84	9	1	BA1651	28484	5	9	0	0	0	0	0	0	0	0	0
A	BL	3	84	9	1	BA1651	28494	9	10	0	0	0	0	0	0	0	0	0
A	BL	3	84	9	1	BA1651	28498	10	0	0	0	0	0	0	1	0	0	0
A	BL	3	84	9	1	BA1651	28569	10	2	0	0	0	0	0	0	0	0	0
A	BL	3	84	9	1	BA1651	28570	2	3	0	0	0	0	0	0	0	0	0
A	BL	3	84	9	1	BA1651	28729	3	5	1	1	0	0	0	0	0	0	0
A	BL	3	84	9	1	BA1651	28739	5	4	0	0	0	0	0	0	0	0	0
A	BL	3	84	9	1	BA1651	28748	4	0	0	0	0	0	0	1	0	0	0
A	BL	3	84	9	1	BA1651	28772	4	5	1	1	0	0	0	0	0	0	0
A	BL	3	84	9	1	BA1651	28782	5	4	0	0	0	0	0	0	0	0	0
A	BL	3	84	9	1	BA1651	28831	4	0	0	0	0	0	0	1	0	0	0
A	BL	3	84	9	1	BA1651	28834	4	5	1	1	0	0	0	0	0	0	0
A	BL	3	84	9	1	BA1651	28844	5	4	0	0	0	0	0	0	0	0	0
A	BL	3	84	9	1	BA1651	28880	4	0	0	0	0	0	0	1	0	0	0
A	BL	3	84	9	1	BA1651	28914	4	5	1	1	0	0	0	0	0	0	0
A	BL	3	84	9	1	BA1651	28924	5	4	0	0	0	0	0	0	0	0	0
A	BL	3	84	9	1	BA1651	28959	4	0	0	0	0	0	0	1	0	0	0
A	BL	3	84	9	1	BA1651	28962	4	5	1	1	0	0	0	0	0	0	0
A	BL	3	84	9	1	BA1651	28972	5	9	0	0	0	0	0	0	0	0	0
A	BL	3	84	9	1	BA1651	28982	9	10	0	0	0	0	0	0	0	0	0
A	BL	3	84	9	1	BA1651	28992	10	0	0	0	0	0	0	1	0	0	0
A	BL	3	84	9	1	BA1651	29057	10	2	0	0	0	0	0	0	0	0	0
A	BL	3	84	9	1	BA1651	29058	2	6	0	0	0	0	0	0	0	0	0
A	BL	3	84	9	1	BA1651	29218	6	0	0	1	0	0	0	0	0	0	0
A	BL	3	84	9	1	BA1651	29227	6	0	0	0	0	0	0	1	0	0	0
A	BL	3	84	9	1	BA1651	29251	6	0	0	1	0	0	0	0	0	0	0
A	BL	3	84	9	1	BA1651	29273	6	0	0	0	0	0	0	1	0	0	0
A	BL	3	84	9	1	BA1651	29290	6	0	0	1	0	0	0	0	0	0	0
A	BL	3	84	9	1	BA1651	29313	6	0	0	0	0	0	0	1	0	0	0
A	BL	3	84	9	1	BA1651	29356	6	0	0	1	0	0	0	0	0	0	0
A	BL	3	84	9	1	BA1651	29383	6	0	0	0	0	0	0	1	0	0	0
A	BL	3	84	9	1	BA1651	29394	6	0	0	1	0	0	0	0	0	0	0
A	BL	3	84	9	1	BA1651	29434	6	0	0	0	0	0	0	1	0	0	0
A	BL	3	84	9	1	BA1651	29580	6	0	0	1	0	0	0	0	0	0	0
A	BL	3	84	9	1	BA1651	29586	6	0	0	0	0	0	0	1	0	0	0
A	BL	3	84	9	1	BA1651	29593	6	0	0	1	0	0	0	0	0	0	0
A	BL	3	84	9	1	BA1651	29691	6	0	0	0	0	0	0	1	0	0	0
A	BL	3	84	9	1	BA1651	30017	6	8	2	0	1	0	0	0	0	0	0
A	BL	3	84	9	1	BA1651	30027	8	7	0	0	0	0	0	0	0	0	0
A	BL	3	84	9	1	BA1651	30064	7	0	0	0	0	0	0	0	1	0	0
A	BL	3	84	9	1	BA1651	30071	7	8	2	0	1	0	0	0	0	0	0
A	BL	3	84	9	1	BA1651	30072	8	0	0	0	0	0	0	0	1	0	0
A	BL	3	84	9	1	BA1651	30073	8	0	0	0	1	0	0	0	0	0	0
A	BL	3	84	9	1	BA1651	30081	8	7	0	0	0	0	0	0	1	0	0
A	BL	3	84	9	1	BA1651	30085	7	8	2	0	1	0	0	0	0	0	0
A	BL	3	84	9	1	BA1651	30088	8	0	0	0	0	0	0	0	1	0	0
A	BL	3	84	9	1	BA1651	30093	8	0	0	0	1	0	0	0	0	0	0
A	BL	3	84	9	1	BA1651	30095	8	7	0	0	0	0	0	0	0	0	0
A	BL	3	84	9	1	BA1651	30122	7	0	0	0	0	0	0	0	1	0	0
A	BL	3	84	9	1	BA1651	30127	7	8	2	0	1	0	0	0	0	0	0
A	BL	3	84	9	1	BA1651	30137	8	7	0	0	0	0	0	0	0	0	0
A	BL	3	84	9	1	BA1651	30140	7	0	0	0	0	0	0	0	1	0	0
A	BL	3	84	9	1	BA1651	30142	7	8	2	0	1	0	0	0	0	0	0
A	BL	3	84	9	1	BA1651	30146	8	0	0	0	0	0	0	0	1	0	0
A	BL	3	84	9	1	BA1651	30152	8	7	0	0	0	0	0	0	0	0	0
A	BL	3	84	9	1	BA1651	30153	7	8	2	0	1	0	0	0	0	0	0
A	BL	3	84	9	1	BA1651	30163	8	7	0	0	0	0	0	0	0	0	0
A	BL	3	84	9	1	BA1651	30186	7	0	0	0	0	0	0	0	1	0	0
A	BL	3	84	9	1	BA1651	30193	7	8	2	0	1	0	0	0	0	0	0
A	BL	3	84	9	1	BA1651	30200	8	0	0	0	0	0	0	0	1	0	0
A	BL	3	84	9	1	BA1651	30203	8	7	0	0	0	0	0	0	0	0	0
A	BL	3	84	9	1	BA1651	30236	7	8	2	0	1	0	0	0	0	0	0
A	BL	3	84	9	1	BA1651	30241	8	0	0	0	0	0	0	0	1	0	0
A	BL	3	84	9	1	BA1651	30246	8	7	0	0	0	0	0	0	0	0	0
A	BL	3	84	9	1	BA1651	30248	7	8	2	0	1	0	0	0	0	0	0
A	BL	3	84	9	1	BA1651	30250	8	0	0	0	0	0	0	0	1	0	0
A	BL	3	84	9	1	BA1651	30254	8	0	0	0	1	0	0	0	0	0	0
A	BL	3	84	9	1	BA1651	30258	8	7	0	0	0	0	0	0	0	0	0
A	BL	3	84	9	1	BA1651	30362	7	0	0	0	0	0	0	0	1	0	0
A	BL	3	84	9	1	BA1651	30370	7	8	2	0	1	0	0	0	0	0	0
A	BL	3	84	9	1	BA1651	30375	8	0	0	0	0	0	0	0	1	0	0
A	BL	3	84	9	1	BA1651	30380	8	7	0	0	0	0	0	0	0	0	0
A	BL	3	84	9	1	BA1651	30388	7	8	2	0	1	0	0	0	0	0	0
A	BL	3	84	9	1	BA1651	30393	8	0	0	0	0	0	0	0	1	0	0
A	BL	3	84	9	1	BA1651	30398	8	7	0	0	0	0	0	0	0	0	0
A	BL	3	84	9	1	BA1651	30402	7	8	2	0	1	0	0	0	0	0	0
A	BL	3	84	9	1	BA1651	30412	8	7	0	0	0	0	0	0	0	0	0
A	BL	3	84	9	1	BA1651	30416	7	0	0	0	0	0	0	0	1	0	0
A	BL	3	84	9	1	BA1651	30426	7	8	2	0	1	0	0	0	0	0	0
A	BL	3	84	9	1	BA1651	30436	8	7	0	0	0	0	0	0	0	0	0
A	BL	3	84	9	1	BA1651	30485	7	0	0	0	0	0	0	0	1	0	0
A	BL	3	84	9	1	BA1651	30490	7	8	2	0	1	0	0	0	0	0	0
A	BL	3	84	9	1	BA1651	30497	8	0	0	0	0	0	0	0	1	0	0
A	BL	3	84	9	1	BA1651	30500	8	7	0	0	0	0	0	0	0	0	0
A	BL	3	84	9	1	BA1651	30521	7	8	2	0	1	0	0	0	0	0	0
A	BL	3	84	9	1	BA1651	30531	8	7	0	0	0	0	0	0	0	0	0
A	BL	3	84	9	1	BA1651	30541	7	0	0	0	0	0	0	0	1	0	0
A	BL	3	84	9	1	BA1651	30545	7	8	2	0	1	0	0	0	0	0	0
A	BL	3	84	9	1	BA1651	30555	8	7	0	0	0	0	0	0	0	0	0
A	BL	3	84	9	1	BA1651	30639	7	0	0	0	0	0	0	0	1	0	0
A	BL	3	84	9	1	BA1651	30644	7	8	2	0	1	0	0	0	0	0	0
A	BL	3	84	9	1	BA1651	30654	8	7	0	0	0	0	0	0	0	0	0
A	BL	3	84	9	1	BA1651	30681	7	0	0	0	0	0	0	0	1	0	0
A	BL	3	84	9	1	BA1651	30690	7	8	2	0	1	0	0	0	0	0	0
A	BL	3	84	9	1	BA1651	30700	8	7	0	0	0	0	0	0	0	0	0
A	BL	3	84	9	1	BA1651	30704	7	0	0	0	0	0	0	0	1	0	0
A	BL	3	84	9	1	BA1651	30706	7	8	2	0	1	0	0	0	0	0	0
A	BL	3	84	9	1	BA1651	30708	8	0	0	0	0	0	0	0	1	0	0
A	BL	3	84	9	1	BA1651	30710	8	0	0	0	1	0	0	0	0	0	0
A	BL	3	84	9	1	BA1651	30716	8	7	0	0	0	0	0	0	0	0	0
A	BL	3	84	9	1	BA1651	30758	7	0	0	0	0	0	0	0	1	0	0
A	BL	3	84	9	1	BA1651	30761	7	8	2	0	1	0	0	0	0	0	0
A	BL	3	84	9	1	BA1651	30771	8	9	0	0	0	0	0	0	0	0	0
A	BL	3	84	9	1	BA1651	30774	9	0	0	0	0	0	0	0	1	0	0
A	BL	3	84	9	1	BA1651	30781	9	10	0	0	1	0	0	0	0	0	0
A	BL	3	84	9	1	BA1651	30799	10	0	0	0	0	0	0	0	1	0	0
A	BL	3	84	9	1	BA1651	30856	10	2	0	0	0	0	0	0	0	0	0
A	BL	3	84	9	1	BA1651	30857	2	6	0	0	0	0	0	0	0	0	0
A	BL	3	84	9	1	BA1651	30996	6	8	2	0	1	0	0	0	0	0	0
A	BL	3	84	9	1	BA1651	31006	8	7	0	0	0	0	0	0	0	0	0
A	BL	3	84	9	1	BA1651	31013	7	0	0	0	0	0	0	0	1	0	0
A	BL	3	84	9	1	BA1651	31017	7	8	2	0	1	0	0	0	0	0	0
A	BL	3	84	9	1	BA1651	31027	8	7	0	0	0	0	0	0	0	0	0
A	BL	3	84	9	1	BA1651	31030	7	0	0	0	0	0	0	0	1	0	0
A	BL	3	84	9	1	BA1651	31056	7	8	2	0	1	0	0	0	0	0	0
A	BL	3	84	9	1	BA1651	31061	8	0	0	0	0	0	0	0	1	0	0
A	BL	3	84	9	1	BA1651	31063	8	0	0	0	1	0	0	0	0	0	0
A	BL	3	84	9	1	BA1651	31066	8	7	0	0	0	0	0	0	0	0	0
A	BL	3	84	9	1	BA1651	31067	7	0	0	0	0	0	0	0	1	0	0
A	BL	3	84	9	1	BA1651	31085	7	8	2	0	1	0	0	0	0	0	0
A	BL	3	84	9	1	BA1651	31095	8	7	0	0	0	0	0	0	0	0	0
A	BL	3	84	9	1	BA1651	31112	7	0	0	0	0	0	0	0	1	0	0
A	BL	3	84	9	1	BA1651	31115	7	8	2	0	1	0	0	0	0	0	0
A	BL	3	84	9	1	BA1651	31125	8	7	0	0	0	0	0	0	0	0	0
A	BL	3	84	9	1	BA1651	31129	7	0	0	0	0	0	0	0	1	0	0
A	BL	3	84	9	1	BA1651	31135	7	8	2	0	1	0	0	0	0	0	0
A	BL	3	84	9	1	BA1651	31145	8	7	0	0	0	0	0	0	0	0	0
A	BL	3	84	9	1	BA1651	31164	7	0	0	0	0	0	0	0	1	0	0
A	BL	3	84	9	1	BA1651	31167	7	8	2	0	1	0	0	0	0	0	0
A	BL	3	84	9	1	BA1651	31177	8	7	0	0	0	0	0	0	0	0	0
A	BL	3	84	9	1	BA1651	31261	7	0	0	0	0	0	0	0	1	0	0
A	BL	3	84	9	1	BA1651	31288	7	8	2	0	1	0	0	0	0	0	0
A	BL	3	84	9	1	BA1651	31292	8	0	0	0	0	0	0	0	1	0	0
A	BL	3	84	9	1	BA1651	31298	8	7	0	0	0	0	0	0	0	0	0
A	BL	3	84	9	1	BA1651	31305	7	8	2	0	1	0	0	0	0	0	0
A	BL	3	84	9	1	BA1651	31313	8	0	0	0	0	0	0	0	1	0	0
A	BL	3	84	9	1	BA1651	31315	8	7	0	0	0	0	0	0	0	0	0
A	BL	3	84	9	1	BA1651	31355	7	8	2	0	1	0	0	0	0	0	0
A	BL	3	84	9	1	BA1651	31356	8	0	0	0	0	0	0	0	1	0	0
A	BL	3	84	9	1	BA1651	31365	8	7	0	0	0	0	0	0	0	0	0
A	BL	3	84	9	1	BA1651	31366	7	8	2	0	1	0	0	0	0	0	0
A	BL	3	84	9	1	BA1651	31376	8	7	0	0	0	0	0	0	0	0	0
A	BL	3	84	9	1	BA1651	31382	7	0	0	0	0	0	0	0	1	0	0
A	BL	3	84	9	1	BA1651	31390	7	8	2	0	1	0	0	0	0	0	0
A	BL	3	84	9	1	BA1651	31400	8	7	0	0	0	0	0	0	0	0	0
A	BL	3	84	9	1	BA1651	31401	7	0	0	0	0	0	0	0	1	0	0
A	BL	3	84	9	1	BA1651	31445	7	8	2	0	1	0	0	0	0	0	0
A	BL	3	84	9	1	BA1651	31455	8	7	0	0	0	0	0	0	0	0	0
A	BL	3	84	9	1	BA1651	31458	7	0	0	0	0	0	0	0	1	0	0
A	BL	3	84	9	1	BA1651	31512	7	8	2	0	1	0	0	0	0	0	0
A	BL	3	84	9	1	BA1651	31518	8	0	0	0	0	0	0	0	1	0	0
A	BL	3	84	9	1	BA1651	31522	8	7	0	0	0	0	0	0	0	0	0
A	BL	3	84	9	1	BA1651	31523	7	8	2	0	1	0	0	0	0	0	0
A	BL	3	84	9	1	BA1651	31533	8	7	0	0	0	0	0	0	0	0	0
A	BL	3	84	9	1	BA1651	31565	7	0	0	0	0	0	0	0	1	0	0
A	BL	3	84	9	1	BA1651	31570	7	8	2	0	1	0	0	0	0	0	0
A	BL	3	84	9	1	BA1651	31580	8	7	0	0	0	0	0	0	0	0	0
A	BL	3	84	9	1	BA1651	31584	7	0	0	0	0	0	0	0	1	0	0
A	BL	3	84	9	1	BA1651	31590	7	8	2	0	1	0	0	0	0	0	0
A	BL	3	84	9	1	BA1651	31600	8	7	0	0	0	0	0	0	0	0	0
A	BL	3	84	9	1	BA1651	31603	7	0	0	0	0	0	0	0	1	0	0
A	BL	3	84	9	1	BA1651	31630	7	8	2	0	1	0	0	0	0	0	0
A	BL	3	84	9	1	BA1651	31640	8	7	0	0	0	0	0	0	0	0	0
A	BL	3	84	9	1	BA1651	31679	7	0	0	0	0	0	0	0	1	0	0
A	BL	3	84	9	1	BA1651	31754	7	8	2	0	1	0	0	0	0	0	0
A	BL	3	84	9	1	BA1651	31764	8	7	0	0	0	0	0	0	0	0	0
A	BL	3	84	9	1	BA1651	31788	7	0	0	0	0	0	0	0	1	0	0
A	BL	3	84	9	1	BA1651	31798	7	8	2	0	1	0	0	0	0	0	0
A	BL	3	84	9	1	BA1651	31808	8	9	0	0	0	0	0	0	0	0	0
A	BL	3	84	9	1	BA1651	31818	9	10	0	0	0	0	0	0	0	0	0
A	BL	3	84	9	1	BA1651	31821	10	0	0	0	0	0	0	0	1	0	0
A	BL	3	84	9	1	BA1651	31824	10	0	0	0	1	0	0	0	0	0	0
A	BL	3	84	9	1	BA1651	31831	10	0	0	0	0	0	0	0	1	0	0
A	BL	3	84	9	1	BA1651	31893	10	2	0	0	0	0	0	0	0	0	0
A	BL	3	84	9	1	BA1651	31894	2	6	0	0	0	0	0	0	0	0	0
A	BL	3	84	9	1	BA1651	32033	6	8	2	0	1	0	0	0	0	0	0
A	BL	3	84	9	1	BA1651	32043	8	7	0	0	0	0	0	0	0	0	0
A	BL	3	84	9	1	BA1651	32051	7	0	0	0	0	0	0	0	1	0	0
A	BL	3	84	9	1	BA1651	32060	7	8	2	0	1	0	0	0	0	0	0
A	BL	3	84	9	1	BA1651	32066	8	0	0	0	0	0	0	0	1	0	0
A	BL	3	84	9	1	BA1651	32070	8	7	0	0	0	0	0	0	0	0	0
A	BL	3	84	9	1	BA1651	32075	7	8	2	0	1	0	0	0	0	0	0
A	BL	3	84	9	1	BA1651	32080	8	0	0	0	0	0	0	0	1	0	0
A	BL	3	84	9	1	BA1651	32083	8	0	0	0	1	0	0	0	0	0	0
A	BL	3	84	9	1	BA1651	32085	8	7	0	0	0	0	0	0	0	0	0
A	BL	3	84	9	1	BA1651	32099	7	0	0	0	0	0	0	0	1	0	0
A	BL	3	84	9	1	BA1651	32196	7	8	2	0	1	0	0	0	0	0	0
A	BL	3	84	9	1	BA1651	32201	8	0	0	0	0	0	0	0	1	0	0
A	BL	3	84	9	1	BA1651	32206	8	7	0	0	0	0	0	0	0	0	0
A	BL	3	84	9	1	BA1651	32436	7	8	2	0	1	0	0	0	0	0	0
A	BL	3	84	9	1	BA1651	32446	8	7	0	0	0	0	0	0	0	0	0
A	BL	3	84	9	1	BA1651	32477	7	0	0	0	0	0	0	0	1	0	0
A	BL	3	84	9	1	BA1651	32488	7	8	2	0	1	0	0	0	0	0	0
A	BL	3	84	9	1	BA1651	32497	8	0	0	0	0	0	0	0	1	0	0
A	BL	3	84	9	1	BA1651	32498	8	7	0	0	0	0	0	0	0	0	0
A	BL	3	84	9	1	BA1651	32503	7	8	2	0	1	0	0	0	0	0	0
A	BL	3	84	9	1	BA1651	32513	8	7	0	0	0	0	0	0	1	0	0
A	BL	3	84	9	1	BA1651	32555	7	8	2	0	1	0	0	0	0	0	0
A	BL	3	84	9	1	BA1651	32561	8	0	0	0	0	0	0	0	1	0	0
A	BL	3	84	9	1	BA1651	32565	8	7	0	0	0	0	0	0	0	0	0
A	BL	3	84	9	1	BA1651	32587	7	8	2	0	1	0	0	0	0	0	0
A	BL	3	84	9	1	BA1651	32590	8	0	0	0	0	0	0	0	1	0	0
A	BL	3	84	9	1	BA1651	32597	8	7	0	0	0	0	0	0	0	0	0
A	BL	3	84	9	1	BA1651	32651	7	8	2	0	1	0	0	0	0	0	0
A	BL	3	84	9	1	BA1651	32661	8	7	0	0	0	0	0	0	0	0	0
A	BL	3	84	9	1	BA1651	32695	7	0	0	0	0	0	0	0	1	0	0
A	BL	3	84	9	1	BA1651	32705	7	8	2	0	1	0	0	0	0	0	0
A	BL	3	84	9	1	BA1651	32708	8	0	0	0	0	0	0	0	1	0	0
A	BL	3	84	9	1	BA1651	32711	8	0	0	0	1	0	0	0	0	0	0
A	BL	3	84	9	1	BA1651	32712	8	0	0	0	0	0	0	0	1	0	0
A	BL	3	84	9	1	BA1651	32713	8	0	0	0	1	0	0	0	0	0	0
A	BL	3	84	9	1	BA1651	32715	8	7	0	0	0	0	0	0	0	0	0
A	BL	3	84	9	1	BA1651	32719	7	0	0	0	0	0	0	0	1	0	0
A	BL	3	84	9	1	BA1651	32725	7	8	2	0	1	0	0	0	0	0	0
A	BL	3	84	9	1	BA1651	32735	8	7	0	0	1	0	0	0	1	0	0
A	BL	3	84	9	1	BA1651	32740	7	0	0	0	0	0	0	0	1	0	0
A	BL	3	84	9	1	BA1651	32743	7	8	2	0	1	0	0	0	0	0	0
A	BL	3	84	9	1	BA1651	32753	8	7	0	0	0	0	0	0	0	0	0
A	BL	3	84	9	1	BA1651	32765	7	0	0	0	0	0	0	0	1	0	0
A	BL	3	84	9	1	BA1651	32781	7	8	2	0	1	0	0	0	0	0	0
A	BL	3	84	9	1	BA1651	32791	8	7	0	0	0	0	0	0	0	0	0
A	BL	3	84	9	1	BA1651	32841	7	0	0	0	0	0	0	0	1	0	0
A	BL	3	84	9	1	BA1651	32860	7	8	2	0	1	0	0	0	0	0	0
A	BL	3	84	9	1	BA1651	32863	8	0	0	0	0	0	0	0	1	0	0
A	BL	3	84	9	1	BA1651	32868	8	0	0	0	1	0	0	0	0	0	0
A	BL	3	84	9	1	BA1651	32870	8	7	0	0	0	0	0	0	0	0	0
A	BL	3	84	9	1	BA1651	32873	7	0	0	0	0	0	0	0	1	0	0
A	BL	3	84	9	1	BA1651	32878	7	8	2	0	1	0	0	0	0	0	0
A	BL	3	84	9	1	BA1651	32886	8	0	0	0	0	0	0	0	1	0	0
A	BL	3	84	9	1	BA1651	32888	8	7	0	0	0	0	0	0	0	0	0
A	BL	3	84	9	1	BA1651	32892	7	8	2	0	1	0	0	0	0	0	0
A	BL	3	84	9	1	BA1651	32902	8	7	0	0	0	0	0	0	0	0	0
A	BL	3	84	9	1	BA1651	32940	7	0	0	0	0	0	0	0	1	0	0
A	BL	3	84	9	1	BA1651	32942	7	8	2	0	1	0	0	0	0	0	0
A	BL	3	84	9	1	BA1651	32952	8	7	0	0	0	0	0	0	0	0	0
A	BL	3	84	9	1	BA1651	32974	7	0	0	0	0	0	0	0	1	0	0
A	BL	3	84	9	1	BA1651	32979	7	8	2	0	1	0	0	0	0	0	0
A	BL	3	84	9	1	BA1651	32989	8	7	0	0	0	0	0	0	0	0	0
A	BL	3	84	9	1	BA1651	33009	7	0	0	0	0	0	0	0	1	0	0
A	BL	3	84	9	1	BA1651	33012	7	8	2	0	1	0	0	0	0	0	0
A	BL	3	84	9	1	BA1651	33022	8	9	0	0	0	0	0	0	0	0	0
A	BL	3	84	9	1	BA1651	33032	9	10	0	0	0	0	0	0	0	0	0
A	BL	3	84	9	1	BA1651	33045	10	0	0	0	0	0	0	0	1	0	0
A	BL	3	84	9	1	BA1651	33107	10	2	0	0	0	0	0	0	0	0	0
A	BL	3	84	9	1	BA1651	33108	2	3	0	0	0	0	0	0	0	0	0
A	BL	3	84	9	1	BA1651	33551	3	5	1	1	0	0	0	0	0	0	0
A	BL	3	84	9	1	BA1651	33561	5	4	0	0	0	0	0	0	0	0	0
A	BL	3	84	9	1	BA1651	33588	4	0	0	0	0	0	0	1	0	0	0
A	BL	3	84	9	1	BA1651	33617	4	5	1	1	0	0	0	0	0	0	0
A	BL	3	84	9	1	BA1651	33627	5	4	0	0	0	0	0	0	0	0	0
A	BL	3	84	9	1	BA1651	33639	4	0	0	0	0	0	0	1	0	0	0
A	BL	3	84	9	1	BA1651	33682	4	5	1	1	0	0	0	0	0	0	0
A	BL	3	84	9	1	BA1651	33692	5	4	0	0	0	0	0	0	0	0	0
A	BL	3	84	9	1	BA1651	33715	4	0	0	0	0	0	0	1	0	0	0
A	BL	3	84	9	1	BA1651	33721	4	5	1	1	0	0	0	0	0	0	0
A	BL	3	84	9	1	BA1651	33731	5	4	0	0	0	0	0	0	0	0	0
A	BL	3	84	9	1	BA1651	33805	4	0	0	0	0	0	0	1	0	0	0
A	BL	3	84	9	1	BA1651	33810	4	5	1	1	0	0	0	0	0	0	0
A	BL	3	84	9	1	BA1651	33820	5	9	0	0	0	0	0	0	0	0	0
A	BL	3	84	9	1	BA1651	33830	9	10	0	0	0	0	0	0	0	0	0
A	BL	3	84	9	1	BA1651	33832	10	0	0	0	0	0	0	1	0	0	0
A	BL	3	84	9	1	BA1651	33905	10	2	0	0	0	0	0	0	0	0	0
A	BL	3	84	9	1	BA1651	33906	2	3	0	0	0	0	0	0	0	0	0
A	BL	3	84	9	1	BA1651	33985	3	5	1	1	0	0	0	0	0	0	0
A	BL	3	84	9	1	BA1651	33995	5	4	0	0	0	0	0	0	0	0	0
A	BL	3	84	9	1	BA1651	34012	4	0	0	0	0	0	0	1	0	0	0
A	BL	3	84	9	1	BA1651	34038	4	5	1	1	0	0	0	0	0	0	0
A	BL	3	84	9	1	BA1651	34048	5	4	0	0	0	0	0	0	0	0	0
A	BL	3	84	9	1	BA1651	34082	4	0	0	0	0	0	0	1	0	0	0
A	BL	3	84	9	1	BA1651	34089	4	5	1	1	0	0	0	0	0	0	0
A	BL	3	84	9	1	BA1651	34099	5	4	0	0	0	0	0	0	0	0	0
A	BL	3	84	9	1	BA1651	34120	4	0	0	0	0	0	0	1	0	0	0
A	BL	3	84	9	1	BA1651	34141	4	5	1	1	0	0	0	0	0	0	0
A	BL	3	84	9	1	BA1651	34151	5	4	0	0	0	0	0	0	0	0	0
A	BL	3	84	9	1	BA1651	34182	4	0	0	0	0	0	0	1	0	0	0
A	BL	3	84	9	1	BA1651	34185	4	5	1	1	0	0	0	0	0	0	0
A	BL	3	84	9	1	BA1651	34195	5	9	0	0	0	0	0	0	0	0	0
A	BL	3	84	9	1	BA1651	34205	9	10	0	0	0	0	0	0	0	0	0
A	BL	3	84	9	1	BA1651	34212	10	0	0	0	0	0	0	1	0	0	0
A	BL	3	84	9	1	BA1651	34280	10	2	0	0	0	0	0	0	0	0	0
A	BL	3	84	9	1	BA1651	34281	2	3	0	0	0	0	0	0	0	0	0
A	BL	3	84	9	1	BA1651	34358	3	5	1	1	0	0	0	0	0	0	0
A	BL	3	84	9	1	BA1651	34368	5	4	0	0	0	0	0	0	0	0	0
A	BL	3	84	9	1	BA1651	34408	4	0	0	0	0	0	0	1	0	0	0
A	BL	3	84	9	1	BA1651	34421	4	5	1	1	0	0	0	0	0	0	0
A	BL	3	84	9	1	BA1651	34431	5	4	0	0	0	0	0	0	0	0	0
A	BL	3	84	9	1	BA1651	34446	4	0	0	0	0	0	0	1	0	0	0
A	BL	3	84	9	1	BA1651	34451	4	5	1	1	0	0	0	0	0	0	0
A	BL	3	84	9	1	BA1651	34461	5	4	0	0	0	0	0	0	0	0	0
A	BL	3	84	9	1	BA1651	34488	4	0	0	0	0	0	0	1	0	0	0
A	BL	3	84	9	1	BA1651	34536	4	5	1	1	0	0	0	0	0	0	0
A	BL	3	84	9	1	BA1651	34546	5	4	0	0	0	0	0	0	0	0	0
A	BL	3	84	9	1	BA1651	34614	4	0	0	0	0	0	0	1	0	0	0
A	BL	3	84	9	1	BA1651	34619	4	5	1	1	0	0	0	0	0	0	0
A	BL	3	84	9	1	BA1651	34629	5	9	0	0	0	0	0	0	0	0	0
A	BL	3	84	9	1	BA1651	34639	9	10	0	0	0	0	0	0	0	0	0
A	BL	3	84	9	1	BA1651	34647	10	0	0	0	0	0	0	1	0	0	0
A	BL	3	84	9	1	BA1651	34714	10	2	0	0	0	0	0	0	0	0	0
A	BL	3	84	9	1	BA1651	34715	2	6	0	0	0	0	0	0	0	0	0
A	BL	3	84	9	1	BA1651	34745	6	0	0	1	0	0	0	0	0	0	0
A	BL	3	84	9	1	BA1651	34759	6	0	0	0	0	0	0	1	0	0	0
A	BL	3	84	9	1	BA1651	34765	6	0	0	1	0	0	0	0	0	0	0
A	BL	3	84	9	1	BA1651	34811	6	0	0	0	0	0	0	1	0	0	0
A	BL	3	84	9	1	BA1651	34846	6	0	0	1	0	0	0	0	0	0	0
A	BL	3	84	9	1	BA1651	34984	6	0	0	0	0	0	0	1	0	0	0
A	BL	3	84	9	1	BA1651	35003	6	0	0	1	0	0	0	0	0	0	0
A	BL	3	84	9	1	BA1651	35033	6	0	0	0	0	0	0	1	0	0	0
A	BL	3	84	9	1	BA1651	35046	6	0	0	1	0	0	0	0	0	0	0
A	BL	3	84	9	1	BA1651	35091	6	0	0	0	0	0	0	1	0	0	0
A	BL	3	84	9	1	BA1651	35115	6	0	0	1	0	0	0	0	0	0	0
A	BL	3	84	9	1	BA1651	35166	6	0	0	0	0	0	0	1	0	0	0
A	BL	3	84	9	1	BA1651	35251	6	0	0	1	0	0	0	0	0	0	0
A	BL	3	84	9	1	BA1651	35261	6	0	0	0	0	0	0	1	0	0	0
A	BL	3	84	9	1	BA1651	35288	6	0	0	1	0	0	0	0	0	0	0
A	BL	3	84	9	1	BA1651	35330	6	0	0	0	0	0	0	1	0	0	0
A	BL	3	84	9	1	BA1651	35357	6	0	0	1	0	0	0	0	0	0	0
A	BL	3	84	9	1	BA1651	35515	6	0	0	0	0	0	0	1	0	0	0
A	BL	3	84	9	1	BA1651	35664	6	0	0	1	0	0	0	0	0	0	0
A	BL	3	84	9	1	BA1651	35718	6	0	0	0	0	0	0	1	0	0	0
A	BL	3	84	9	1	BA1651	36220	6	8	2	0	1	0	0	0	0	0	0
A	BL	3	84	9	1	BA1651	36230	8	7	0	0	0	0	0	0	0	0	0
A	BL	3	84	9	1	BA1651	36256	7	0	0	0	0	0	0	0	1	0	0
A	BL	3	84	9	1	BA1651	36268	7	8	2	0	1	0	0	0	0	0	0
A	BL	3	84	9	1	BA1651	36278	8	7	0	0	0	0	0	0	0	0	0
A	BL	3	84	9	1	BA1651	36282	7	0	0	0	0	0	0	0	1	0	0
A	BL	3	84	9	1	BA1651	36340	7	8	2	0	1	0	0	0	0	0	0
A	BL	3	84	9	1	BA1651	36348	8	0	0	0	0	0	0	0	1	0	0
A	BL	3	84	9	1	BA1651	36350	8	7	0	0	0	0	0	0	0	0	0
A	BL	3	84	9	1	BA1651	36367	7	8	2	0	1	0	0	0	0	0	0
A	BL	3	84	9	1	BA1651	36373	8	0	0	0	0	0	0	0	1	0	0
A	BL	3	84	9	1	BA1651	36377	8	7	0	0	0	0	0	0	0	0	0
A	BL	3	84	9	1	BA1651	36436	7	8	2	0	1	0	0	0	0	0	0
A	BL	3	84	9	1	BA1651	36443	8	0	0	0	0	0	0	0	1	0	0
A	BL	3	84	9	1	BA1651	36446	8	7	0	0	1	0	0	0	0	0	0
A	BL	3	84	9	1	BA1651	36457	7	0	0	0	0	0	0	0	1	0	0
A	BL	3	84	9	1	BA1651	36459	7	8	2	0	1	0	0	0	0	0	0
A	BL	3	84	9	1	BA1651	36469	8	7	0	0	0	0	0	0	0	0	0
A	BL	3	84	9	1	BA1651	36501	7	0	0	0	0	0	0	0	1	0	0
A	BL	3	84	9	1	BA1651	36502	7	8	2	0	1	0	0	0	0	0	0
A	BL	3	84	9	1	BA1651	36512	8	7	0	0	0	0	0	0	0	0	0
A	BL	3	84	9	1	BA1651	36513	7	0	0	0	0	0	0	0	1	0	0
A	BL	3	84	9	1	BA1651	36518	7	8	2	0	1	0	0	0	0	0	0
A	BL	3	84	9	1	BA1651	36528	8	7	0	0	0	0	0	0	0	0	0
A	BL	3	84	9	1	BA1651	36530	7	0	0	0	0	0	0	0	1	0	0
A	BL	3	84	9	1	BA1651	36539	7	8	2	0	1	0	0	0	0	0	0
A	BL	3	84	9	1	BA1651	36549	8	7	0	0	0	0	0	0	0	0	0
A	BL	3	84	9	1	BA1651	36590	7	0	0	0	0	0	0	0	1	0	0
A	BL	3	84	9	1	BA1651	36594	7	8	2	0	1	0	0	0	0	0	0
A	BL	3	84	9	1	BA1651	36604	8	7	0	0	0	0	0	0	0	0	0
A	BL	3	84	9	1	BA1651	36612	7	0	0	0	0	0	0	0	1	0	0
A	BL	3	84	9	1	BA1651	36616	7	8	2	0	1	0	0	0	0	0	0
A	BL	3	84	9	1	BA1651	36626	8	7	0	0	0	0	0	0	0	0	0
A	BL	3	84	9	1	BA1651	36693	7	0	0	0	0	0	0	0	1	0	0
A	BL	3	84	9	1	BA1651	36695	7	8	2	0	1	0	0	0	0	0	0
A	BL	3	84	9	1	BA1651	36703	8	0	0	0	0	0	0	0	1	0	0
A	BL	3	84	9	1	BA1651	36705	8	7	0	0	0	0	0	0	0	0	0
A	BL	3	84	9	1	BA1651	36707	7	8	2	0	1	0	0	0	0	0	0
A	BL	3	84	9	1	BA1651	36715	8	0	0	0	0	0	0	0	1	0	0
A	BL	3	84	9	1	BA1651	36717	8	7	0	0	0	0	0	0	0	0	0
A	BL	3	84	9	1	BA1651	36725	7	8	2	0	1	0	0	0	0	0	0
A	BL	3	84	9	1	BA1651	36730	8	0	0	0	0	0	0	0	1	0	0
A	BL	3	84	9	1	BA1651	36735	8	7	0	0	0	0	0	0	0	0	0
A	BL	3	84	9	1	BA1651	36748	7	8	2	0	1	0	0	0	0	0	0
A	BL	3	84	9	1	BA1651	36758	8	7	0	0	0	0	0	0	0	0	0
A	BL	3	84	9	1	BA1651	36829	7	0	0	0	0	0	0	0	1	0	0
A	BL	3	84	9	1	BA1651	36840	7	8	2	0	1	0	0	0	0	0	0
A	BL	3	84	9	1	BA1651	36850	8	7	0	0	0	0	0	0	0	0	0
A	BL	3	84	9	1	BA1651	36855	7	0	0	0	0	0	0	0	1	0	0
A	BL	3	84	9	1	BA1651	36859	7	8	2	0	1	0	0	0	0	0	0
A	BL	3	84	9	1	BA1651	36869	8	7	0	0	0	0	0	0	0	0	0
A	BL	3	84	9	1	BA1651	36889	7	0	0	0	0	0	0	0	1	0	0
A	BL	3	84	9	1	BA1651	36892	7	8	2	0	1	0	0	0	0	0	0
A	BL	3	84	9	1	BA1651	36894	8	0	0	0	0	0	0	0	1	0	0
A	BL	3	84	9	1	BA1651	36896	8	0	0	0	1	0	0	0	0	0	0
A	BL	3	84	9	1	BA1651	36902	8	7	0	0	0	0	0	0	0	0	0
A	BL	3	84	9	1	BA1651	36904	7	0	0	0	0	0	0	0	1	0	0
A	BL	3	84	9	1	BA1651	36920	7	8	2	0	1	0	0	0	0	0	0
A	BL	3	84	9	1	BA1651	36930	8	7	0	0	0	0	0	0	0	0	0
A	BL	3	84	9	1	BA1651	36969	7	0	0	0	0	0	0	0	1	0	0
A	BL	3	84	9	1	BA1651	37085	7	8	2	0	1	0	0	0	0	0	0
A	BL	3	84	9	1	BA1651	37095	8	9	0	0	0	0	0	0	0	0	0
A	BL	3	84	9	1	BA1651	37105	9	10	0	0	0	0	0	0	0	0	0
A	BL	3	84	9	1	BA1651	37108	10	0	0	0	0	0	0	0	1	0	0
A	BL	3	84	9	1	BA1651	37180	10	2	0	0	0	0	0	0	0	0	0
A	BL	3	84	9	1	BA1651	37181	2	3	0	0	0	0	0	0	0	0	0
A	BL	3	84	9	1	BA1651	37236	3	0	0	0	1	0	0	0	0	0	0
A	BL	3	84	9	1	BA1651	37243	3	0	0	0	0	0	0	0	1	0	0
A	BL	3	84	9	1	BA1651	37252	3	0	0	0	1	0	0	0	0	0	0
A	BL	3	84	9	1	BA1651	37271	3	0	0	0	0	0	0	0	1	0	0
A	BL	3	84	9	1	BA1651	37293	3	0	0	0	1	0	0	0	0	0	0
A	BL	3	84	9	1	BA1651	37313	3	0	0	0	0	0	0	0	1	0	0
A	BL	3	84	9	1	BA1651	37350	3	0	0	0	1	0	0	0	0	0	0
A	BL	3	84	9	1	BA1651	37369	3	0	0	0	0	0	0	0	1	0	0
A	BL	3	84	9	1	BA1651	37378	3	0	0	0	1	0	0	0	0	0	0
A	BL	3	84	9	1	BA1651	37384	3	0	0	0	0	0	0	0	1	0	0
A	BL	3	84	9	1	BA1651	37408	3	0	0	0	1	0	0	0	0	0	0
A	BL	3	84	9	1	BA1651	37451	3	0	0	0	0	0	0	0	1	0	0
A	BL	3	84	9	1	BA1651	37487	3	0	0	0	1	0	0	0	0	0	0
A	BL	3	84	9	1	BA1651	37499	3	0	0	0	0	0	0	0	1	0	0
A	BL	3	84	9	1	BA1651	37553	3	0	0	0	1	0	0	0	0	0	0
A	BL	3	84	9	1	BA1651	37608	3	0	0	0	0	0	0	0	1	0	0
A	BL	3	84	9	1	BA1651	37611	3	0	0	0	1	0	0	0	0	0	0
A	BL	3	84	9	1	BA1651	37622	3	0	0	0	0	0	0	0	1	0	0
A	BL	3	84	9	1	BA1651	37633	3	0	0	0	1	0	0	0	0	0	0
A	BL	3	84	9	1	BA1651	37669	3	0	0	0	0	0	0	0	1	0	0
A	BL	3	84	9	1	BA1651	37674	3	0	0	0	1	0	0	0	0	0	0
A	BL	3	84	9	1	BA1651	37691	3	0	0	0	0	0	0	0	1	0	0
A	BL	3	84	9	1	BA1651	37698	3	0	0	0	1	0	0	0	0	0	0
A	BL	3	84	9	1	BA1651	37703	3	0	0	0	0	0	0	0	1	0	0
A	BL	3	84	9	1	BA1651	37708	3	0	0	0	1	0	0	0	0	0	0
A	BL	3	84	9	1	BA1651	37720	3	0	0	0	0	0	0	0	1	0	0
A	BL	3	84	9	1	BA1651	37723	3	0	0	0	1	0	0	0	0	0	0
A	BL	3	84	9	1	BA1651	37738	3	0	0	0	0	0	0	0	1	0	0
A	BL	3	84	9	1	BA1651	37756	3	0	0	0	1	0	0	0	0	0	0
A	BL	3	84	9	1	BA1651	37763	3	0	0	0	0	0	0	0	1	0	0
A	BL	3	84	9	1	BA1651	37843	3	0	0	0	1	0	0	0	0	0	0
A	BL	3	84	9	1	BA1651	37888	3	0	0	0	0	0	0	0	1	0	0
A	BL	3	84	9	1	BA1651	37895	3	0	0	0	1	0	0	0	0	0	0
A	BL	3	84	9	1	BA1651	37908	3	0	0	0	0	0	0	0	1	0	0
A	BL	3	84	9	1	BA1651	37913	3	0	0	0	1	0	0	0	0	0	0
A	BL	3	84	9	1	BA1651	37930	3	0	0	0	0	0	0	0	1	0	0
A	BL	3	84	9	1	BA1651	37996	3	0	0	0	1	0	0	0	0	0	0
A	BL	3	84	9	1	BA1651	38001	3	0	0	0	0	0	0	0	1	0	0
A	BL	3	84	9	1	BA1651	38006	3	0	0	0	1	0	0	0	0	0	0
A	BL	3	84	9	1	BA1651	38041	3	0	0	0	0	0	0	0	1	0	0
A	BL	3	84	9	1	BA1651	38045	3	0	0	0	1	0	0	0	0	0	0
A	BL	3	84	9	1	BA1651	38054	3	0	0	0	0	0	0	0	1	0	0
A	BL	3	84	9	1	BA1651	38057	3	0	0	0	1	0	0	0	0	0	0
A	BL	3	84	9	1	BA1651	38120	3	0	0	0	0	0	0	0	1	0	0
A	BL	3	84	9	1	BA1651	38393	3	5	1	1	0	0	0	0	0	0	0
A	BL	3	84	9	1	BA1651	38403	5	4	0	0	0	0	0	0	0	0	0
A	BL	3	84	9	1	BA1651	38430	4	0	0	0	0	0	0	1	0	0	0
A	BL	3	84	9	1	BA1651	38448	4	5	1	1	0	0	0	0	0	0	0
A	BL	3	84	9	1	BA1651	38458	5	4	0	0	0	0	0	0	0	0	0
A	BL	3	84	9	1	BA1651	38480	4	0	0	0	0	0	0	1	0	0	0
A	BL	3	84	9	1	BA1651	38484	4	5	1	1	0	0	0	0	0	0	0
A	BL	3	84	9	1	BA1651	38494	5	4	0	0	0	0	0	0	0	0	0
A	BL	3	84	9	1	BA1651	38526	4	0	0	0	0	0	0	1	0	0	0
A	BL	3	84	9	1	BA1651	38529	4	5	1	1	0	0	0	0	0	0	0
A	BL	3	84	9	1	BA1651	38539	5	4	0	0	0	0	0	0	0	0	0
A	BL	3	84	9	1	BA1651	38592	4	0	0	0	0	0	0	1	0	0	0
A	BL	3	84	9	1	BA1651	38611	4	5	1	1	0	0	0	0	0	0	0
A	BL	3	84	9	1	BA1651	38621	5	9	0	0	0	0	0	0	0	0	0
A	BL	3	84	9	1	BA1651	38631	9	10	0	0	0	0	0	0	0	0	0
A	BL	3	84	9	1	BA1651	38637	10	0	0	0	0	0	0	1	0	0	0
A	BL	3	84	9	1	BA1651	38706	10	2	0	0	0	0	0	0	0	0	0
A	BL	3	84	9	1	BA1651	38707	2	6	0	0	0	0	0	0	0	0	0
A	BL	3	84	9	1	BA1651	38787	6	0	0	1	0	0	0	0	0	0	0
A	BL	3	84	9	1	BA1651	38804	6	0	0	0	0	0	0	1	0	0	0
A	BL	3	84	9	1	BA1651	38825	6	0	0	1	0	0	0	0	0	0	0
A	BL	3	84	9	1	BA1651	38857	6	0	0	0	0	0	0	1	0	0	0
A	BL	3	84	9	1	BA1651	38861	6	0	0	1	0	0	0	0	0	0	0
A	BL	3	84	9	1	BA1651	38897	6	0	0	0	0	0	0	1	0	0	0
A	BL	3	84	9	1	BA1651	38959	6	0	0	1	0	0	0	0	0	0	0
A	BL	3	84	9	1	BA1651	39001	6	0	0	0	0	0	0	1	0	0	0
A	BL	3	84	9	1	BA1651	39004	6	0	0	1	0	0	0	0	0	0	0
A	BL	3	84	9	1	BA1651	39103	6	0	0	0	0	0	0	1	0	0	0
A	BL	3	84	9	1	BA1651	39121	6	0	0	1	0	0	0	0	0	0	0
A	BL	3	84	9	1	BA1651	39179	6	0	0	0	0	0	0	1	0	0	0
A	BL	3	84	9	1	BA1651	39202	6	0	0	1	0	0	0	0	0	0	0
A	BL	3	84	9	1	BA1651	39294	6	0	0	0	0	0	0	1	0	0	0
A	BL	3	84	9	1	BA1651	39354	6	0	0	1	0	0	0	0	0	0	0
A	BL	3	84	9	1	BA1651	39358	6	0	0	0	0	0	0	1	0	0	0
A	BL	3	84	9	1	BA1651	39379	6	0	0	1	0	0	0	0	0	0	0
A	BL	3	84	9	1	BA1651	39428	6	0	0	0	0	0	0	1	0	0	0
A	BL	3	84	9	1	BA1651	39467	6	0	0	1	0	0	0	0	0	0	0
A	BL	3	84	9	1	BA1651	39482	6	0	0	0	0	0	0	1	0	0	0
A	BL	3	84	9	1	BA1651	39516	6	0	0	1	0	0	0	0	0	0	0
A	BL	3	84	9	1	BA1651	39529	6	0	0	0	0	0	0	1	0	0	0
A	BL	3	84	9	1	BA1651	39541	6	0	0	1	0	0	0	0	0	0	0
A	BL	3	84	9	1	BA1651	39563	6	0	0	0	0	0	0	1	0	0	0
A	BL	3	84	9	1	BA1651	39794	6	8	2	0	1	0	0	0	0	0	0
A	BL	3	84	9	1	BA1651	39803	8	0	0	0	0	0	0	0	1	0	0
A	BL	3	84	9	1	BA1651	39804	8	7	0	0	0	0	0	0	0	0	0
A	BL	3	84	9	1	BA1651	39811	7	8	2	0	1	0	0	0	0	0	0
A	BL	3	84	9	1	BA1651	39820	8	0	0	0	0	0	0	0	1	0	0
A	BL	3	84	9	1	BA1651	39821	8	7	0	0	0	0	0	0	0	0	0
A	BL	3	84	9	1	BA1651	39856	7	8	2	0	1	0	0	0	0	0	0
A	BL	3	84	9	1	BA1651	39866	8	7	0	0	0	0	0	0	1	0	0
A	BL	3	84	9	1	BA1651	39871	7	8	2	0	1	0	0	0	0	0	0
A	BL	3	84	9	1	BA1651	39881	8	7	0	0	0	0	0	0	1	0	0
A	BL	3	84	9	1	BA1651	39884	7	8	2	0	1	0	0	0	0	0	0
A	BL	3	84	9	1	BA1651	39893	8	0	0	0	0	0	0	0	1	0	0
A	BL	3	84	9	1	BA1651	39894	8	7	0	0	0	0	0	0	0	0	0
A	BL	3	84	9	1	BA1651	39899	7	8	2	0	1	0	0	0	0	0	0
A	BL	3	84	9	1	BA1651	39909	8	7	0	0	0	0	0	0	0	0	0
A	BL	3	84	9	1	BA1651	39924	7	0	0	0	0	0	0	0	1	0	0
A	BL	3	84	9	1	BA1651	39930	7	8	2	0	1	0	0	0	0	0	0
A	BL	3	84	9	1	BA1651	39938	8	0	0	0	0	0	0	0	1	0	0
A	BL	3	84	9	1	BA1651	39940	8	7	0	0	0	0	0	0	0	0	0
A	BL	3	84	9	1	BA1651	39966	7	8	2	0	1	0	0	0	0	0	0
A	BL	3	84	9	1	BA1651	39976	8	7	0	0	0	0	0	0	0	0	0
A	BL	3	84	9	1	BA1651	40016	7	0	0	0	0	0	0	0	1	0	0
A	BL	3	84	9	1	BA1651	40023	7	8	2	0	1	0	0	0	0	0	0
A	BL	3	84	9	1	BA1651	40030	8	0	0	0	0	0	0	0	1	0	0
A	BL	3	84	9	1	BA1651	40033	8	7	0	0	0	0	0	0	0	0	0
A	BL	3	84	9	1	BA1651	40036	7	8	2	0	1	0	0	0	0	0	0
A	BL	3	84	9	1	BA1651	40038	8	0	0	0	0	0	0	0	1	0	0
A	BL	3	84	9	1	BA1651	40046	8	7	0	0	0	0	0	0	0	0	0
A	BL	3	84	9	1	BA1651	40063	7	8	2	0	1	0	0	0	0	0	0
A	BL	3	84	9	1	BA1651	40071	8	0	0	0	0	0	0	0	1	0	0
A	BL	3	84	9	1	BA1651	40073	8	7	0	0	0	0	0	0	0	0	0
A	BL	3	84	9	1	BA1651	40089	7	8	2	0	1	0	0	0	0	0	0
A	BL	3	84	9	1	BA1651	40098	8	0	0	0	0	0	0	0	1	0	0
A	BL	3	84	9	1	BA1651	40099	8	7	0	0	0	0	0	0	0	0	0
A	BL	3	84	9	1	BA1651	40139	7	8	2	0	1	0	0	0	0	0	0
A	BL	3	84	9	1	BA1651	40145	8	0	0	0	0	0	0	0	1	0	0
A	BL	3	84	9	1	BA1651	40149	8	7	0	0	0	0	0	0	0	0	0
A	BL	3	84	9	1	BA1651	40156	7	8	2	0	1	0	0	0	0	0	0
A	BL	3	84	9	1	BA1651	40166	8	7	0	0	0	0	0	0	0	0	0
A	BL	3	84	9	1	BA1651	40345	7	0	0	0	0	0	0	0	1	0	0
A	BL	3	84	9	1	BA1651	40352	7	8	2	0	1	0	0	0	0	0	0
A	BL	3	84	9	1	BA1651	40355	8	0	0	0	0	0	0	0	1	0	0
A	BL	3	84	9	1	BA1651	40362	8	7	0	0	0	0	0	0	0	0	0
A	BL	3	84	9	1	BA1651	40365	7	8	2	0	1	0	0	0	0	0	0
A	BL	3	84	9	1	BA1651	40373	8	0	0	0	0	0	0	0	1	0	0
A	BL	3	84	9	1	BA1651	40375	8	7	0	0	0	0	0	0	0	0	0
A	BL	3	84	9	1	BA1651	40438	7	8	2	0	1	0	0	0	0	0	0
A	BL	3	84	9	1	BA1651	40448	8	7	0	0	0	0	0	0	0	0	0
A	BL	3	84	9	1	BA1651	40464	7	0	0	0	0	0	0	0	1	0	0
A	BL	3	84	9	1	BA1651	40466	7	8	2	0	1	0	0	0	0	0	0
A	BL	3	84	9	1	BA1651	40476	8	7	0	0	0	0	0	0	0	0	0
A	BL	3	84	9	1	BA1651	40478	7	0	0	0	0	0	0	0	1	0	0
A	BL	3	84	9	1	BA1651	40484	7	8	2	0	1	0	0	0	0	0	0
A	BL	3	84	9	1	BA1651	40494	8	7	0	0	0	0	0	0	0	0	0
A	BL	3	84	9	1	BA1651	40496	7	0	0	0	0	0	0	0	1	0	0
A	BL	3	84	9	1	BA1651	40503	7	8	2	0	1	0	0	0	0	0	0
A	BL	3	84	9	1	BA1651	40507	8	0	0	0	0	0	0	0	1	0	0
A	BL	3	84	9	1	BA1651	40513	8	9	0	0	1	0	0	0	0	0	0
A	BL	3	84	9	1	BA1651	40523	9	10	0	0	0	0	0	0	0	0	0
A	BL	3	84	9	1	BA1651	40530	10	0	0	0	0	0	0	0	1	0	0
A	BL	3	84	9	1	BA1651	40598	10	2	0	0	0	0	0	0	0	0	0
A	BL	3	84	9	1	BA1651	40599	2	3	0	0	0	0	0	0	0	0	0
A	BL	3	84	9	1	BA1651	40695	3	0	0	0	1	0	0	0	0	0	0
A	BL	3	84	9	1	BA1651	40705	3	0	0	0	0	0	0	0	1	0	0
A	BL	3	84	9	1	BA1651	40714	3	0	0	0	1	0	0	0	0	0	0
A	BL	3	84	9	1	BA1651	40715	3	0	0	0	0	0	0	0	1	0	0
A	BL	3	84	9	1	BA1651	40717	3	0	0	0	1	0	0	0	0	0	0
A	BL	3	84	9	1	BA1651	40726	3	0	0	0	0	0	0	0	1	0	0
A	BL	3	84	9	1	BA1651	40737	3	0	0	0	1	0	0	0	0	0	0
A	BL	3	84	9	1	BA1651	40744	3	0	0	0	0	0	0	0	1	0	0
A	BL	3	84	9	1	BA1651	40764	3	0	0	0	1	0	0	0	0	0	0
A	BL	3	84	9	1	BA1651	40775	3	0	0	0	0	0	0	0	1	0	0
A	BL	3	84	9	1	BA1651	40782	3	0	0	0	1	0	0	0	0	0	0
A	BL	3	84	9	1	BA1651	40788	3	0	0	0	0	0	0	0	1	0	0
A	BL	3	84	9	1	BA1651	40813	3	0	0	0	1	0	0	0	0	0	0
A	BL	3	84	9	1	BA1651	40814	3	0	0	0	0	0	0	0	1	0	0
A	BL	3	84	9	1	BA1651	40830	3	0	0	0	1	0	0	0	0	0	0
A	BL	3	84	9	1	BA1651	40831	3	0	0	0	0	0	0	0	1	0	0
A	BL	3	84	9	1	BA1651	40838	3	0	0	0	1	0	0	0	0	0	0
A	BL	3	84	9	1	BA1651	40868	3	0	0	0	0	0	0	0	1	0	0
A	BL	3	84	9	1	BA1651	40876	3	0	0	0	1	0	0	0	0	0	0
A	BL	3	84	9	1	BA1651	40922	3	0	0	0	0	0	0	0	1	0	0
A	BL	3	84	9	1	BA1651	40925	3	0	0	0	1	0	0	0	0	0	0
A	BL	3	84	9	1	BA1651	40995	3	0	0	0	0	0	0	0	1	0	0
A	BL	3	84	9	1	BA1651	40996	3	0	0	0	1	0	0	0	0	0	0
A	BL	3	84	9	1	BA1651	41001	3	0	0	0	0	0	0	0	1	0	0
A	BL	3	84	9	1	BA1651	41014	3	0	0	0	1	0	0	0	0	0	0
A	BL	3	84	9	1	BA1651	41075	3	0	0	0	0	0	0	0	1	0	0
A	BL	3	84	9	1	BA1651	41082	3	0	0	0	1	0	0	0	0	0	0
A	BL	3	84	9	1	BA1651	41142	3	0	0	0	0	0	0	0	1	0	0
A	BL	3	84	9	1	BA1651	41143	3	0	0	0	1	0	0	0	0	0	0
A	BL	3	84	9	1	BA1651	41149	3	0	0	0	0	0	0	0	1	0	0
A	BL	3	84	9	1	BA1651	41153	3	0	0	0	1	0	0	0	0	0	0
A	BL	3	84	9	1	BA1651	41160	3	0	0	0	0	0	0	0	1	0	0
A	BL	3	84	9	1	BA1651	41165	3	0	0	0	1	0	0	0	0	0	0
A	BL	3	84	9	1	BA1651	41212	3	0	0	0	0	0	0	0	1	0	0
A	BL	3	84	9	1	BA1651	41213	3	0	0	0	1	0	0	0	0	0	0
A	BL	3	84	9	1	BA1651	41225	3	0	0	0	0	0	0	0	1	0	0
A	BL	3	84	9	1	BA1651	41229	3	0	0	0	1	0	0	0	0	0	0
A	BL	3	84	9	1	BA1651	41232	3	0	0	0	0	0	0	0	1	0	0
A	BL	3	84	9	1	BA1651	41234	3	0	0	0	1	0	0	0	0	0	0
A	BL	3	84	9	1	BA1651	41268	3	0	0	0	0	0	0	0	1	0	0
A	BL	3	84	9	1	BA1651	41272	3	0	0	0	1	0	0	0	0	0	0
A	BL	3	84	9	1	BA1651	41293	3	0	0	0	0	0	0	0	1	0	0
A	BL	3	84	9	1	BA1651	41317	3	0	0	0	1	0	0	0	0	0	0
A	BL	3	84	9	1	BA1651	41322	3	0	0	0	0	0	0	0	1	0	0
A	BL	3	84	9	1	BA1651	41394	3	0	0	0	1	0	0	0	0	0	0
A	BL	3	84	9	1	BA1651	41402	3	0	0	0	0	0	0	0	1	0	0
A	BL	3	84	9	1	BA1651	41407	3	0	0	0	1	0	0	0	0	0	0
A	BL	3	84	9	1	BA1651	41428	3	0	0	0	0	0	0	0	1	0	0
A	BL	3	84	9	1	BA1651	41433	3	0	0	0	1	0	0	0	0	0	0
A	BL	3	84	9	1	BA1651	41437	3	0	0	0	0	0	0	0	1	0	0
A	BL	3	84	9	1	BA1651	41440	3	0	0	0	1	0	0	0	0	0	0
A	BL	3	84	9	1	BA1651	41456	3	0	0	0	0	0	0	0	1	0	0
A	BL	3	84	9	1	BA1651	41803	3	5	1	1	0	0	0	0	0	0	0
A	BL	3	84	9	1	BA1651	41813	5	4	0	0	0	0	0	0	0	0	0
A	BL	3	84	9	1	BA1651	41887	4	0	0	0	0	0	0	1	0	0	0
A	BL	3	84	9	1	BA1651	41906	4	5	1	1	0	0	0	0	0	0	0
A	BL	3	84	9	1	BA1651	41916	5	4	0	0	0	0	0	0	0	0	0
A	BL	3	84	9	1	BA1651	41968	4	0	0	0	0	0	0	1	0	0	0
A	BL	3	84	9	1	BA1651	41972	4	5	1	1	0	0	0	0	0	0	0
A	BL	3	84	9	1	BA1651	41982	5	4	0	0	0	0	0	0	0	0	0
A	BL	3	84	9	1	BA1651	42012	4	0	0	0	0	0	0	1	0	0	0
A	BL	3	84	9	1	BA1651	42026	4	5	1	1	0	0	0	0	0	0	0
A	BL	3	84	9	1	BA1651	42036	5	4	0	0	0	0	0	0	0	0	0
A	BL	3	84	9	1	BA1651	42081	4	0	0	0	0	0	0	1	0	0	0
A	BL	3	84	9	1	BA1651	42105	4	5	1	1	0	0	0	0	0	0	0
A	BL	3	84	9	1	BA1651	42115	5	9	0	0	0	0	0	0	0	0	0
A	BL	3	84	9	1	BA1651	42125	9	10	0	0	0	0	0	0	0	0	0
A	BL	3	84	9	1	BA1651	42135	10	0	0	0	0	0	0	1	0	0	0
A	BL	3	84	9	1	BA1651	42200	10	2	0	0	0	0	0	0	0	0	0
A	BL	3	84	9	1	BA1651	42201	2	3	0	0	0	0	0	0	0	0	0
A	BL	3	84	9	1	BA1651	42340	3	5	1	1	0	0	0	0	0	0	0
A	BL	3	84	9	1	BA1651	42350	5	4	0	0	0	0	0	0	0	0	0
A	BL	3	84	9	1	BA1651	42371	4	0	0	0	0	0	0	1	0	0	0
A	BL	3	84	9	1	BA1651	42399	4	5	1	1	0	0	0	0	0	0	0
A	BL	3	84	9	1	BA1651	42409	5	4	0	0	0	0	0	0	0	0	0
A	BL	3	84	9	1	BA1651	42563	4	0	0	0	0	0	0	1	0	0	0
A	BL	3	84	9	1	BA1651	42578	4	5	1	1	0	0	0	0	0	0	0
A	BL	3	84	9	1	BA1651	42588	5	4	0	0	0	0	0	0	0	0	0
A	BL	3	84	9	1	BA1651	42623	4	0	0	0	0	0	0	1	0	0	0
A	BL	3	84	9	1	BA1651	42625	4	5	1	1	0	0	0	0	0	0	0
A	BL	3	84	9	1	BA1651	42635	5	4	0	0	0	0	0	0	0	0	0
A	BL	3	84	9	1	BA1651	42656	4	0	0	0	0	0	0	1	0	0	0
A	BL	3	84	9	1	BA1651	42683	4	5	1	1	0	0	0	0	0	0	0
A	BL	3	84	9	1	BA1651	42693	5	9	0	0	0	0	0	0	0	0	0
A	BL	3	84	9	1	BA1651	42703	9	-1	0	0	0	0	0	0	0	0	0
