Project	UserID	Protocol	Session	Station	Run	Subject	Time	Current State	Transition State	Transition Event	A1 - LEFT	A2 - RIGHT	A3 - 	A4 - 	A[1] LEFT	A[2] RIGHT	A[3] 	A[4] 
A	AB	3	71	9	1	BA1651	0	0	1	0	0	0	0	0	0	0	0	0
A	AB	3	71	9	1	BA1651	50	1	2	0	0	0	0	0	0	0	0	0
A	AB	3	71	9	1	BA1651	51	2	3	0	0	0	0	0	0	0	0	0
A	AB	3	71	9	1	BA1651	156	3	5	1	1	0	0	0	0	0	0	0
A	AB	3	71	9	1	BA1651	166	5	4	0	0	0	0	0	0	0	0	0
A	AB	3	71	9	1	BA1651	185	4	0	0	0	0	0	0	1	0	0	0
A	AB	3	71	9	1	BA1651	190	4	5	1	1	0	0	0	0	0	0	0
A	AB	3	71	9	1	BA1651	200	5	4	0	0	0	0	0	0	0	0	0
A	AB	3	71	9	1	BA1651	269	4	0	0	0	0	0	0	1	0	0	0
A	AB	3	71	9	1	BA1651	275	4	5	1	1	0	0	0	0	0	0	0
A	AB	3	71	9	1	BA1651	285	5	4	0	0	0	0	0	0	0	0	0
A	AB	3	71	9	1	BA1651	365	4	0	0	0	0	0	0	1	0	0	0
A	AB	3	71	9	1	BA1651	375	4	5	1	1	0	0	0	0	0	0	0
A	AB	3	71	9	1	BA1651	382	5	0	0	0	0	0	0	1	0	0	0
A	AB	3	71	9	1	BA1651	383	5	0	0	1	0	0	0	0	0	0	0
A	AB	3	71	9	1	BA1651	385	5	4	0	0	0	0	0	0	0	0	0
A	AB	3	71	9	1	BA1651	417	4	0	0	0	0	0	0	1	0	0	0
A	AB	3	71	9	1	BA1651	455	4	5	1	1	0	0	0	0	0	0	0
A	AB	3	71	9	1	BA1651	465	5	9	0	0	0	0	0	0	0	0	0
A	AB	3	71	9	1	BA1651	471	9	0	0	0	0	0	0	1	0	0	0
A	AB	3	71	9	1	BA1651	475	9	10	0	0	0	0	0	0	0	0	0
A	AB	3	71	9	1	BA1651	484	10	0	0	1	0	0	0	0	0	0	0
A	AB	3	71	9	1	BA1651	494	10	0	0	0	0	0	0	1	0	0	0
A	AB	3	71	9	1	BA1651	550	10	2	0	0	0	0	0	0	0	0	0
A	AB	3	71	9	1	BA1651	551	2	6	0	0	0	0	0	0	0	0	0
A	AB	3	71	9	1	BA1651	579	6	8	2	0	1	0	0	0	0	0	0
A	AB	3	71	9	1	BA1651	589	8	7	0	0	0	0	0	0	0	0	0
A	AB	3	71	9	1	BA1651	596	7	0	0	0	0	0	0	0	1	0	0
A	AB	3	71	9	1	BA1651	610	7	8	2	0	1	0	0	0	0	0	0
A	AB	3	71	9	1	BA1651	620	8	7	0	0	0	0	0	0	0	0	0
A	AB	3	71	9	1	BA1651	636	7	0	0	0	0	0	0	0	1	0	0
A	AB	3	71	9	1	BA1651	647	7	8	2	0	1	0	0	0	0	0	0
A	AB	3	71	9	1	BA1651	653	8	0	0	0	0	0	0	0	1	0	0
A	AB	3	71	9	1	BA1651	657	8	7	0	0	1	0	0	0	0	0	0
A	AB	3	71	9	1	BA1651	663	7	0	0	0	0	0	0	0	1	0	0
A	AB	3	71	9	1	BA1651	696	7	8	2	0	1	0	0	0	0	0	0
A	AB	3	71	9	1	BA1651	698	8	0	0	0	0	0	0	0	1	0	0
A	AB	3	71	9	1	BA1651	700	8	0	0	0	1	0	0	0	0	0	0
A	AB	3	71	9	1	BA1651	706	8	7	0	0	0	0	0	0	0	0	0
A	AB	3	71	9	1	BA1651	737	7	0	0	0	0	0	0	0	1	0	0
A	AB	3	71	9	1	BA1651	755	7	8	2	0	1	0	0	0	0	0	0
A	AB	3	71	9	1	BA1651	764	8	0	0	0	0	0	0	0	1	0	0
A	AB	3	71	9	1	BA1651	765	8	9	0	0	0	0	0	0	0	0	0
A	AB	3	71	9	1	BA1651	768	9	0	0	0	1	0	0	0	0	0	0
A	AB	3	71	9	1	BA1651	772	9	0	0	0	0	0	0	0	1	0	0
A	AB	3	71	9	1	BA1651	775	9	10	0	0	0	0	0	0	0	0	0
A	AB	3	71	9	1	BA1651	850	10	2	0	0	0	0	0	0	0	0	0
A	AB	3	71	9	1	BA1651	851	2	6	0	0	0	0	0	0	0	0	0
A	AB	3	71	9	1	BA1651	854	6	8	2	0	1	0	0	0	0	0	0
A	AB	3	71	9	1	BA1651	864	8	7	0	0	0	0	0	0	0	0	0
A	AB	3	71	9	1	BA1651	882	7	0	0	0	0	0	0	0	1	0	0
A	AB	3	71	9	1	BA1651	885	7	8	2	0	1	0	0	0	0	0	0
A	AB	3	71	9	1	BA1651	895	8	7	0	0	0	0	0	0	0	0	0
A	AB	3	71	9	1	BA1651	909	7	0	0	0	0	0	0	0	1	0	0
A	AB	3	71	9	1	BA1651	912	7	8	2	0	1	0	0	0	0	0	0
A	AB	3	71	9	1	BA1651	914	8	0	0	0	0	0	0	0	1	0	0
A	AB	3	71	9	1	BA1651	916	8	0	0	0	1	0	0	0	0	0	0
A	AB	3	71	9	1	BA1651	922	8	7	0	0	0	0	0	0	0	0	0
A	AB	3	71	9	1	BA1651	923	7	0	0	0	0	0	0	0	1	0	0
A	AB	3	71	9	1	BA1651	926	7	8	2	0	1	0	0	0	0	0	0
A	AB	3	71	9	1	BA1651	931	8	0	0	0	0	0	0	0	1	0	0
A	AB	3	71	9	1	BA1651	936	8	7	0	0	0	0	0	0	0	0	0
A	AB	3	71	9	1	BA1651	952	7	8	2	0	1	0	0	0	0	0	0
A	AB	3	71	9	1	BA1651	954	8	0	0	0	1	0	0	0	1	0	0
A	AB	3	71	9	1	BA1651	962	8	9	0	0	0	0	0	0	0	0	0
A	AB	3	71	9	1	BA1651	972	9	10	0	0	0	0	0	0	1	0	0
A	AB	3	71	9	1	BA1651	1040	10	0	0	0	1	0	0	0	0	0	0
A	AB	3	71	9	1	BA1651	1047	10	2	0	0	0	0	0	0	0	0	0
A	AB	3	71	9	1	BA1651	1048	2	6	0	0	0	0	0	0	0	0	0
A	AB	3	71	9	1	BA1651	1051	6	0	0	0	0	0	0	0	1	0	0
A	AB	3	71	9	1	BA1651	1052	6	8	2	0	1	0	0	0	0	0	0
A	AB	3	71	9	1	BA1651	1062	8	7	0	0	0	0	0	0	0	0	0
A	AB	3	71	9	1	BA1651	1084	7	0	0	0	0	0	0	0	1	0	0
A	AB	3	71	9	1	BA1651	1104	7	8	2	0	1	0	0	0	0	0	0
A	AB	3	71	9	1	BA1651	1114	8	7	0	0	0	0	0	0	1	0	0
A	AB	3	71	9	1	BA1651	1117	7	8	2	0	1	0	0	0	0	0	0
A	AB	3	71	9	1	BA1651	1127	8	7	0	0	0	0	0	0	0	0	0
A	AB	3	71	9	1	BA1651	1150	7	0	0	0	0	0	0	0	1	0	0
A	AB	3	71	9	1	BA1651	1154	7	8	2	0	1	0	0	0	0	0	0
A	AB	3	71	9	1	BA1651	1164	8	7	0	0	0	0	0	0	0	0	0
A	AB	3	71	9	1	BA1651	1178	7	0	0	0	0	0	0	0	1	0	0
A	AB	3	71	9	1	BA1651	1180	7	8	2	0	1	0	0	0	0	0	0
A	AB	3	71	9	1	BA1651	1190	8	9	0	0	0	0	0	0	0	0	0
A	AB	3	71	9	1	BA1651	1200	9	10	0	0	0	0	0	0	0	0	0
A	AB	3	71	9	1	BA1651	1203	10	0	0	0	1	0	0	0	1	0	0
A	AB	3	71	9	1	BA1651	1209	10	0	0	0	0	0	0	0	1	0	0
A	AB	3	71	9	1	BA1651	1275	10	2	0	0	0	0	0	0	0	0	0
A	AB	3	71	9	1	BA1651	1276	2	3	0	0	0	0	0	0	0	0	0
A	AB	3	71	9	1	BA1651	1285	3	0	0	0	1	0	0	0	0	0	0
A	AB	3	71	9	1	BA1651	1305	3	0	0	0	0	0	0	0	1	0	0
A	AB	3	71	9	1	BA1651	1325	3	0	0	0	1	0	0	0	0	0	0
A	AB	3	71	9	1	BA1651	1328	3	0	0	0	0	0	0	0	1	0	0
A	AB	3	71	9	1	BA1651	1331	3	0	0	0	1	0	0	0	0	0	0
A	AB	3	71	9	1	BA1651	1344	3	0	0	0	0	0	0	0	1	0	0
A	AB	3	71	9	1	BA1651	1346	3	0	0	0	1	0	0	0	0	0	0
A	AB	3	71	9	1	BA1651	1361	3	0	0	0	0	0	0	0	1	0	0
A	AB	3	71	9	1	BA1651	1419	3	5	1	1	0	0	0	0	0	0	0
A	AB	3	71	9	1	BA1651	1429	5	4	0	0	0	0	0	0	0	0	0
A	AB	3	71	9	1	BA1651	1434	4	0	0	0	0	0	0	1	0	0	0
A	AB	3	71	9	1	BA1651	1451	4	5	1	1	0	0	0	0	0	0	0
A	AB	3	71	9	1	BA1651	1461	5	4	0	0	0	0	0	0	0	0	0
A	AB	3	71	9	1	BA1651	1484	4	0	0	0	0	0	0	1	0	0	0
A	AB	3	71	9	1	BA1651	1498	4	5	1	1	0	0	0	0	0	0	0
A	AB	3	71	9	1	BA1651	1508	5	4	0	0	0	0	0	0	0	0	0
A	AB	3	71	9	1	BA1651	1536	4	0	0	0	0	0	0	1	0	0	0
A	AB	3	71	9	1	BA1651	1561	4	5	1	1	0	0	0	0	0	0	0
A	AB	3	71	9	1	BA1651	1571	5	4	0	0	0	0	0	0	0	0	0
A	AB	3	71	9	1	BA1651	1588	4	0	0	0	0	0	0	1	0	0	0
A	AB	3	71	9	1	BA1651	1603	4	5	1	1	0	0	0	0	0	0	0
A	AB	3	71	9	1	BA1651	1613	5	9	0	0	0	0	0	0	0	0	0
A	AB	3	71	9	1	BA1651	1623	9	10	0	0	0	0	0	0	0	0	0
A	AB	3	71	9	1	BA1651	1631	10	0	0	0	0	0	0	1	0	0	0
A	AB	3	71	9	1	BA1651	1698	10	2	0	0	0	0	0	0	0	0	0
A	AB	3	71	9	1	BA1651	1699	2	3	0	0	0	0	0	0	0	0	0
A	AB	3	71	9	1	BA1651	1727	3	5	1	1	0	0	0	0	0	0	0
A	AB	3	71	9	1	BA1651	1734	5	0	0	0	0	0	0	1	0	0	0
A	AB	3	71	9	1	BA1651	1737	5	4	0	0	0	0	0	0	0	0	0
A	AB	3	71	9	1	BA1651	1746	4	5	1	1	0	0	0	0	0	0	0
A	AB	3	71	9	1	BA1651	1756	5	4	0	0	0	0	0	0	0	0	0
A	AB	3	71	9	1	BA1651	1782	4	0	0	0	0	0	0	1	0	0	0
A	AB	3	71	9	1	BA1651	1798	4	5	1	1	0	0	0	0	0	0	0
A	AB	3	71	9	1	BA1651	1808	5	4	0	0	0	0	0	0	0	0	0
A	AB	3	71	9	1	BA1651	2043	4	0	0	0	0	0	0	1	0	0	0
A	AB	3	71	9	1	BA1651	2055	4	5	1	1	0	0	0	0	0	0	0
A	AB	3	71	9	1	BA1651	2065	5	4	0	0	0	0	0	0	0	0	0
A	AB	3	71	9	1	BA1651	2175	4	0	0	0	0	0	0	1	0	0	0
A	AB	3	71	9	1	BA1651	2242	4	5	1	1	0	0	0	0	0	0	0
A	AB	3	71	9	1	BA1651	2252	5	9	0	0	0	0	0	0	0	0	0
A	AB	3	71	9	1	BA1651	2262	9	10	0	0	0	0	0	0	0	0	0
A	AB	3	71	9	1	BA1651	2268	10	0	0	0	0	0	0	1	0	0	0
A	AB	3	71	9	1	BA1651	2337	10	2	0	0	0	0	0	0	0	0	0
A	AB	3	71	9	1	BA1651	2338	2	6	0	0	0	0	0	0	0	0	0
A	AB	3	71	9	1	BA1651	2387	6	8	2	0	1	0	0	0	0	0	0
A	AB	3	71	9	1	BA1651	2397	8	7	0	0	0	0	0	0	0	0	0
A	AB	3	71	9	1	BA1651	2404	7	0	0	0	0	0	0	0	1	0	0
A	AB	3	71	9	1	BA1651	2407	7	8	2	0	1	0	0	0	0	0	0
A	AB	3	71	9	1	BA1651	2411	8	0	0	0	0	0	0	0	1	0	0
A	AB	3	71	9	1	BA1651	2412	8	0	0	0	1	0	0	0	0	0	0
A	AB	3	71	9	1	BA1651	2417	8	7	0	0	0	0	0	0	0	0	0
A	AB	3	71	9	1	BA1651	2421	7	0	0	0	0	0	0	0	1	0	0
A	AB	3	71	9	1	BA1651	2435	7	8	2	0	1	0	0	0	0	0	0
A	AB	3	71	9	1	BA1651	2444	8	0	0	0	0	0	0	0	1	0	0
A	AB	3	71	9	1	BA1651	2445	8	7	0	0	0	0	0	0	0	0	0
A	AB	3	71	9	1	BA1651	2455	7	8	2	0	1	0	0	0	0	0	0
A	AB	3	71	9	1	BA1651	2465	8	7	0	0	0	0	0	0	0	0	0
A	AB	3	71	9	1	BA1651	2469	7	0	0	0	0	0	0	0	1	0	0
A	AB	3	71	9	1	BA1651	2481	7	8	2	0	1	0	0	0	0	0	0
A	AB	3	71	9	1	BA1651	2491	8	9	0	0	0	0	0	0	1	0	0
A	AB	3	71	9	1	BA1651	2495	9	0	0	0	1	0	0	0	0	0	0
A	AB	3	71	9	1	BA1651	2498	9	0	0	0	0	0	0	0	1	0	0
A	AB	3	71	9	1	BA1651	2501	9	10	0	0	0	0	0	0	0	0	0
A	AB	3	71	9	1	BA1651	2576	10	2	0	0	0	0	0	0	0	0	0
A	AB	3	71	9	1	BA1651	2577	2	6	0	0	0	0	0	0	0	0	0
A	AB	3	71	9	1	BA1651	2604	6	8	2	0	1	0	0	0	0	0	0
A	AB	3	71	9	1	BA1651	2614	8	7	0	0	0	0	0	0	0	0	0
A	AB	3	71	9	1	BA1651	2651	7	0	0	0	0	0	0	0	1	0	0
A	AB	3	71	9	1	BA1651	2667	7	8	2	0	1	0	0	0	0	0	0
A	AB	3	71	9	1	BA1651	2677	8	7	0	0	0	0	0	0	0	0	0
A	AB	3	71	9	1	BA1651	2680	7	0	0	0	0	0	0	0	1	0	0
A	AB	3	71	9	1	BA1651	2684	7	8	2	0	1	0	0	0	0	0	0
A	AB	3	71	9	1	BA1651	2694	8	7	0	0	0	0	0	0	0	0	0
A	AB	3	71	9	1	BA1651	2703	7	0	0	0	0	0	0	0	1	0	0
A	AB	3	71	9	1	BA1651	2707	7	8	2	0	1	0	0	0	0	0	0
A	AB	3	71	9	1	BA1651	2717	8	7	0	0	0	0	0	0	0	0	0
A	AB	3	71	9	1	BA1651	2734	7	0	0	0	0	0	0	0	1	0	0
A	AB	3	71	9	1	BA1651	2747	7	8	2	0	1	0	0	0	0	0	0
A	AB	3	71	9	1	BA1651	2757	8	9	0	0	0	0	0	0	0	0	0
A	AB	3	71	9	1	BA1651	2767	9	10	0	0	0	0	0	0	0	0	0
A	AB	3	71	9	1	BA1651	2768	10	0	0	0	0	0	0	0	1	0	0
A	AB	3	71	9	1	BA1651	2842	10	2	0	0	0	0	0	0	0	0	0
A	AB	3	71	9	1	BA1651	2843	2	6	0	0	0	0	0	0	0	0	0
A	AB	3	71	9	1	BA1651	2872	6	8	2	0	1	0	0	0	0	0	0
A	AB	3	71	9	1	BA1651	2882	8	7	0	0	0	0	0	0	0	0	0
A	AB	3	71	9	1	BA1651	2891	7	0	0	0	0	0	0	0	1	0	0
A	AB	3	71	9	1	BA1651	2907	7	8	2	0	1	0	0	0	0	0	0
A	AB	3	71	9	1	BA1651	2917	8	7	0	0	0	0	0	0	0	0	0
A	AB	3	71	9	1	BA1651	2932	7	0	0	0	0	0	0	0	1	0	0
A	AB	3	71	9	1	BA1651	2954	7	8	2	0	1	0	0	0	0	0	0
A	AB	3	71	9	1	BA1651	2964	8	7	0	0	0	0	0	0	0	0	0
A	AB	3	71	9	1	BA1651	2978	7	0	0	0	0	0	0	0	1	0	0
A	AB	3	71	9	1	BA1651	2982	7	8	2	0	1	0	0	0	0	0	0
A	AB	3	71	9	1	BA1651	2992	8	7	0	0	0	0	0	0	0	0	0
A	AB	3	71	9	1	BA1651	3044	7	0	0	0	0	0	0	0	1	0	0
A	AB	3	71	9	1	BA1651	3048	7	8	2	0	1	0	0	0	0	0	0
A	AB	3	71	9	1	BA1651	3058	8	9	0	0	0	0	0	0	0	0	0
A	AB	3	71	9	1	BA1651	3063	9	0	0	0	0	0	0	0	1	0	0
A	AB	3	71	9	1	BA1651	3068	9	10	0	0	0	0	0	0	0	0	0
A	AB	3	71	9	1	BA1651	3143	10	2	0	0	0	0	0	0	0	0	0
A	AB	3	71	9	1	BA1651	3144	2	3	0	0	0	0	0	0	0	0	0
A	AB	3	71	9	1	BA1651	3145	3	0	0	0	1	0	0	0	0	0	0
A	AB	3	71	9	1	BA1651	3160	3	0	0	0	0	0	0	0	1	0	0
A	AB	3	71	9	1	BA1651	3169	3	0	0	0	1	0	0	0	0	0	0
A	AB	3	71	9	1	BA1651	3176	3	0	0	0	0	0	0	0	1	0	0
A	AB	3	71	9	1	BA1651	3194	3	0	0	0	1	0	0	0	0	0	0
A	AB	3	71	9	1	BA1651	3205	3	0	0	0	0	0	0	0	1	0	0
A	AB	3	71	9	1	BA1651	3220	3	0	0	0	1	0	0	0	0	0	0
A	AB	3	71	9	1	BA1651	3228	3	0	0	0	0	0	0	0	1	0	0
A	AB	3	71	9	1	BA1651	3250	3	0	0	0	1	0	0	0	0	0	0
A	AB	3	71	9	1	BA1651	3260	3	0	0	0	0	0	0	0	1	0	0
A	AB	3	71	9	1	BA1651	3283	3	0	0	0	1	0	0	0	0	0	0
A	AB	3	71	9	1	BA1651	3309	3	0	0	0	0	0	0	0	1	0	0
A	AB	3	71	9	1	BA1651	3402	3	5	1	1	0	0	0	0	0	0	0
A	AB	3	71	9	1	BA1651	3406	5	0	0	0	0	0	0	1	0	0	0
A	AB	3	71	9	1	BA1651	3412	5	4	0	0	0	0	0	0	0	0	0
A	AB	3	71	9	1	BA1651	3431	4	5	1	1	0	0	0	0	0	0	0
A	AB	3	71	9	1	BA1651	3441	5	4	0	0	0	0	0	0	0	0	0
A	AB	3	71	9	1	BA1651	3466	4	0	0	0	0	0	0	1	0	0	0
A	AB	3	71	9	1	BA1651	3474	4	5	1	1	0	0	0	0	0	0	0
A	AB	3	71	9	1	BA1651	3484	5	4	0	0	0	0	0	0	0	0	0
A	AB	3	71	9	1	BA1651	3512	4	0	0	0	0	0	0	1	0	0	0
A	AB	3	71	9	1	BA1651	3515	4	5	1	1	0	0	0	0	0	0	0
A	AB	3	71	9	1	BA1651	3525	5	4	0	0	0	0	0	0	0	0	0
A	AB	3	71	9	1	BA1651	3602	4	0	0	0	0	0	0	1	0	0	0
A	AB	3	71	9	1	BA1651	3608	4	5	1	1	0	0	0	0	0	0	0
A	AB	3	71	9	1	BA1651	3618	5	9	0	0	0	0	0	0	0	0	0
A	AB	3	71	9	1	BA1651	3628	9	10	0	0	0	0	0	0	0	0	0
A	AB	3	71	9	1	BA1651	3639	10	0	0	0	0	0	0	1	0	0	0
A	AB	3	71	9	1	BA1651	3703	10	2	0	0	0	0	0	0	0	0	0
A	AB	3	71	9	1	BA1651	3704	2	6	0	0	0	0	0	0	0	0	0
A	AB	3	71	9	1	BA1651	3859	6	8	2	0	1	0	0	0	0	0	0
A	AB	3	71	9	1	BA1651	3866	8	0	0	0	0	0	0	0	1	0	0
A	AB	3	71	9	1	BA1651	3869	8	7	0	0	0	0	0	0	0	0	0
A	AB	3	71	9	1	BA1651	3907	7	8	2	0	1	0	0	0	0	0	0
A	AB	3	71	9	1	BA1651	3917	8	7	0	0	0	0	0	0	0	0	0
A	AB	3	71	9	1	BA1651	3918	7	0	0	0	0	0	0	0	1	0	0
A	AB	3	71	9	1	BA1651	3922	7	8	2	0	1	0	0	0	0	0	0
A	AB	3	71	9	1	BA1651	3932	8	7	0	0	0	0	0	0	0	0	0
A	AB	3	71	9	1	BA1651	3934	7	0	0	0	0	0	0	0	1	0	0
A	AB	3	71	9	1	BA1651	3938	7	8	2	0	1	0	0	0	0	0	0
A	AB	3	71	9	1	BA1651	3940	8	0	0	0	0	0	0	0	1	0	0
A	AB	3	71	9	1	BA1651	3945	8	0	0	0	1	0	0	0	0	0	0
A	AB	3	71	9	1	BA1651	3948	8	7	0	0	0	0	0	0	0	0	0
A	AB	3	71	9	1	BA1651	3970	7	0	0	0	0	0	0	0	1	0	0
A	AB	3	71	9	1	BA1651	3986	7	8	2	0	1	0	0	0	0	0	0
A	AB	3	71	9	1	BA1651	3996	8	9	0	0	0	0	0	0	0	0	0
A	AB	3	71	9	1	BA1651	4003	9	0	0	0	0	0	0	0	1	0	0
A	AB	3	71	9	1	BA1651	4006	9	10	0	0	0	0	0	0	0	0	0
A	AB	3	71	9	1	BA1651	4081	10	2	0	0	0	0	0	0	0	0	0
A	AB	3	71	9	1	BA1651	4082	2	3	0	0	0	0	0	0	0	0	0
A	AB	3	71	9	1	BA1651	4104	3	0	0	0	1	0	0	0	0	0	0
A	AB	3	71	9	1	BA1651	4111	3	0	0	0	0	0	0	0	1	0	0
A	AB	3	71	9	1	BA1651	4112	3	0	0	0	1	0	0	0	0	0	0
A	AB	3	71	9	1	BA1651	4136	3	0	0	0	0	0	0	0	1	0	0
A	AB	3	71	9	1	BA1651	4151	3	0	0	0	1	0	0	0	0	0	0
A	AB	3	71	9	1	BA1651	4176	3	0	0	0	0	0	0	0	1	0	0
A	AB	3	71	9	1	BA1651	4302	3	5	1	1	0	0	0	0	0	0	0
A	AB	3	71	9	1	BA1651	4312	5	4	0	0	0	0	0	0	0	0	0
A	AB	3	71	9	1	BA1651	4324	4	0	0	0	0	0	0	1	0	0	0
A	AB	3	71	9	1	BA1651	4334	4	5	1	1	0	0	0	0	0	0	0
A	AB	3	71	9	1	BA1651	4344	5	4	0	0	0	0	0	0	0	0	0
A	AB	3	71	9	1	BA1651	4375	4	0	0	0	0	0	0	1	0	0	0
A	AB	3	71	9	1	BA1651	4388	4	5	1	1	0	0	0	0	0	0	0
A	AB	3	71	9	1	BA1651	4398	5	4	0	0	0	0	0	0	0	0	0
A	AB	3	71	9	1	BA1651	4467	4	0	0	0	0	0	0	1	0	0	0
A	AB	3	71	9	1	BA1651	4491	4	5	1	1	0	0	0	0	0	0	0
A	AB	3	71	9	1	BA1651	4501	5	4	0	0	0	0	0	0	0	0	0
A	AB	3	71	9	1	BA1651	4642	4	0	0	0	0	0	0	1	0	0	0
A	AB	3	71	9	1	BA1651	4658	4	5	1	1	0	0	0	0	0	0	0
A	AB	3	71	9	1	BA1651	4668	5	9	0	0	0	0	0	0	0	0	0
A	AB	3	71	9	1	BA1651	4678	9	10	0	0	0	0	0	0	0	0	0
A	AB	3	71	9	1	BA1651	4686	10	0	0	0	0	0	0	1	0	0	0
A	AB	3	71	9	1	BA1651	4753	10	2	0	0	0	0	0	0	0	0	0
A	AB	3	71	9	1	BA1651	4754	2	3	0	0	0	0	0	0	0	0	0
A	AB	3	71	9	1	BA1651	4911	3	5	1	1	0	0	0	0	0	0	0
A	AB	3	71	9	1	BA1651	4921	5	4	0	0	0	0	0	0	0	0	0
A	AB	3	71	9	1	BA1651	4945	4	0	0	0	0	0	0	1	0	0	0
A	AB	3	71	9	1	BA1651	4960	4	5	1	1	0	0	0	0	0	0	0
A	AB	3	71	9	1	BA1651	4970	5	4	0	0	0	0	0	0	0	0	0
A	AB	3	71	9	1	BA1651	5003	4	0	0	0	0	0	0	1	0	0	0
A	AB	3	71	9	1	BA1651	5005	4	5	1	1	0	0	0	0	0	0	0
A	AB	3	71	9	1	BA1651	5015	5	4	0	0	0	0	0	0	0	0	0
A	AB	3	71	9	1	BA1651	5042	4	0	0	0	0	0	0	1	0	0	0
A	AB	3	71	9	1	BA1651	5060	4	5	1	1	0	0	0	0	0	0	0
A	AB	3	71	9	1	BA1651	5070	5	4	0	0	0	0	0	0	0	0	0
A	AB	3	71	9	1	BA1651	5094	4	0	0	0	0	0	0	1	0	0	0
A	AB	3	71	9	1	BA1651	5116	4	5	1	1	0	0	0	0	0	0	0
A	AB	3	71	9	1	BA1651	5126	5	9	0	0	0	0	0	0	0	0	0
A	AB	3	71	9	1	BA1651	5136	9	10	0	0	0	0	0	0	0	0	0
A	AB	3	71	9	1	BA1651	5143	10	0	0	0	0	0	0	1	0	0	0
A	AB	3	71	9	1	BA1651	5211	10	2	0	0	0	0	0	0	0	0	0
A	AB	3	71	9	1	BA1651	5212	2	3	0	0	0	0	0	0	0	0	0
A	AB	3	71	9	1	BA1651	5274	3	5	1	1	0	0	0	1	0	0	0
A	AB	3	71	9	1	BA1651	5284	5	4	0	0	0	0	0	0	0	0	0
A	AB	3	71	9	1	BA1651	5301	4	5	1	1	0	0	0	0	0	0	0
A	AB	3	71	9	1	BA1651	5311	5	4	0	0	0	0	0	0	0	0	0
A	AB	3	71	9	1	BA1651	5367	4	0	0	0	0	0	0	1	0	0	0
A	AB	3	71	9	1	BA1651	5372	4	5	1	1	0	0	0	0	0	0	0
A	AB	3	71	9	1	BA1651	5382	5	4	0	0	0	0	0	0	0	0	0
A	AB	3	71	9	1	BA1651	5417	4	0	0	0	0	0	0	1	0	0	0
A	AB	3	71	9	1	BA1651	5443	4	5	1	1	0	0	0	0	0	0	0
A	AB	3	71	9	1	BA1651	5453	5	4	0	0	0	0	0	0	0	0	0
A	AB	3	71	9	1	BA1651	5471	4	0	0	0	0	0	0	1	0	0	0
A	AB	3	71	9	1	BA1651	5492	4	5	1	1	0	0	0	0	0	0	0
A	AB	3	71	9	1	BA1651	5502	5	9	0	0	0	0	0	0	0	0	0
A	AB	3	71	9	1	BA1651	5512	9	10	0	0	0	0	0	0	0	0	0
A	AB	3	71	9	1	BA1651	5520	10	0	0	0	0	0	0	1	0	0	0
A	AB	3	71	9	1	BA1651	5587	10	2	0	0	0	0	0	0	0	0	0
A	AB	3	71	9	1	BA1651	5588	2	6	0	0	0	0	0	0	0	0	0
A	AB	3	71	9	1	BA1651	5654	6	8	2	0	1	0	0	0	0	0	0
A	AB	3	71	9	1	BA1651	5660	8	0	0	0	0	0	0	0	1	0	0
A	AB	3	71	9	1	BA1651	5664	8	7	0	0	0	0	0	0	0	0	0
A	AB	3	71	9	1	BA1651	5674	7	8	2	0	1	0	0	0	0	0	0
A	AB	3	71	9	1	BA1651	5681	8	0	0	0	0	0	0	0	1	0	0
A	AB	3	71	9	1	BA1651	5684	8	7	0	0	0	0	0	0	0	0	0
A	AB	3	71	9	1	BA1651	5699	7	8	2	0	1	0	0	0	0	0	0
A	AB	3	71	9	1	BA1651	5709	8	7	0	0	0	0	0	0	0	0	0
A	AB	3	71	9	1	BA1651	5719	7	0	0	0	0	0	0	0	1	0	0
A	AB	3	71	9	1	BA1651	5726	7	8	2	0	1	0	0	0	0	0	0
A	AB	3	71	9	1	BA1651	5733	8	0	0	0	0	0	0	0	1	0	0
A	AB	3	71	9	1	BA1651	5736	8	7	0	0	0	0	0	0	0	0	0
A	AB	3	71	9	1	BA1651	5738	7	8	2	0	1	0	0	0	0	0	0
A	AB	3	71	9	1	BA1651	5748	8	9	0	0	0	0	0	0	0	0	0
A	AB	3	71	9	1	BA1651	5751	9	0	0	0	0	0	0	0	1	0	0
A	AB	3	71	9	1	BA1651	5758	9	10	0	0	0	0	0	0	0	0	0
A	AB	3	71	9	1	BA1651	5833	10	2	0	0	0	0	0	0	0	0	0
A	AB	3	71	9	1	BA1651	5834	2	6	0	0	0	0	0	0	0	0	0
A	AB	3	71	9	1	BA1651	5863	6	8	2	0	1	0	0	0	0	0	0
A	AB	3	71	9	1	BA1651	5873	8	7	0	0	0	0	0	0	0	0	0
A	AB	3	71	9	1	BA1651	5888	7	0	0	0	0	0	0	0	1	0	0
A	AB	3	71	9	1	BA1651	5899	7	8	2	0	1	0	0	0	0	0	0
A	AB	3	71	9	1	BA1651	5909	8	7	0	0	0	0	0	0	0	0	0
A	AB	3	71	9	1	BA1651	5915	7	0	0	0	0	0	0	0	1	0	0
A	AB	3	71	9	1	BA1651	5919	7	8	2	0	1	0	0	0	0	0	0
A	AB	3	71	9	1	BA1651	5929	8	7	0	0	0	0	0	0	0	0	0
A	AB	3	71	9	1	BA1651	5945	7	0	0	0	0	0	0	0	1	0	0
A	AB	3	71	9	1	BA1651	5959	7	8	2	0	1	0	0	0	0	0	0
A	AB	3	71	9	1	BA1651	5969	8	7	0	0	0	0	0	0	0	0	0
A	AB	3	71	9	1	BA1651	5977	7	0	0	0	0	0	0	0	1	0	0
A	AB	3	71	9	1	BA1651	5989	7	8	2	0	1	0	0	0	0	0	0
A	AB	3	71	9	1	BA1651	5991	8	0	0	0	0	0	0	0	1	0	0
A	AB	3	71	9	1	BA1651	5996	8	0	0	0	1	0	0	0	0	0	0
A	AB	3	71	9	1	BA1651	5999	8	9	0	0	0	0	0	0	0	0	0
A	AB	3	71	9	1	BA1651	6008	9	0	0	0	0	0	0	0	1	0	0
A	AB	3	71	9	1	BA1651	6009	9	10	0	0	0	0	0	0	0	0	0
A	AB	3	71	9	1	BA1651	6084	10	2	0	0	0	0	0	0	0	0	0
A	AB	3	71	9	1	BA1651	6085	2	6	0	0	0	0	0	0	0	0	0
A	AB	3	71	9	1	BA1651	6118	6	8	2	0	1	0	0	0	0	0	0
A	AB	3	71	9	1	BA1651	6124	8	0	0	0	0	0	0	0	1	0	0
A	AB	3	71	9	1	BA1651	6128	8	7	0	0	0	0	0	0	0	0	0
A	AB	3	71	9	1	BA1651	6133	7	8	2	0	1	0	0	0	0	0	0
A	AB	3	71	9	1	BA1651	6135	8	0	0	0	0	0	0	0	1	0	0
A	AB	3	71	9	1	BA1651	6139	8	0	0	0	1	0	0	0	0	0	0
A	AB	3	71	9	1	BA1651	6143	8	7	0	0	0	0	0	0	0	0	0
A	AB	3	71	9	1	BA1651	6146	7	0	0	0	0	0	0	0	1	0	0
A	AB	3	71	9	1	BA1651	6161	7	8	2	0	1	0	0	0	0	0	0
A	AB	3	71	9	1	BA1651	6170	8	0	0	0	0	0	0	0	1	0	0
A	AB	3	71	9	1	BA1651	6171	8	7	0	0	0	0	0	0	0	0	0
A	AB	3	71	9	1	BA1651	6174	7	8	2	0	1	0	0	0	0	0	0
A	AB	3	71	9	1	BA1651	6184	8	7	0	0	0	0	0	0	0	0	0
A	AB	3	71	9	1	BA1651	6210	7	0	0	0	0	0	0	0	1	0	0
A	AB	3	71	9	1	BA1651	6213	7	8	2	0	1	0	0	0	0	0	0
A	AB	3	71	9	1	BA1651	6223	8	9	0	0	0	0	0	0	0	0	0
A	AB	3	71	9	1	BA1651	6233	9	10	0	0	0	0	0	0	0	0	0
A	AB	3	71	9	1	BA1651	6240	10	0	0	0	0	0	0	0	1	0	0
A	AB	3	71	9	1	BA1651	6308	10	2	0	0	0	0	0	0	0	0	0
A	AB	3	71	9	1	BA1651	6309	2	3	0	0	0	0	0	0	0	0	0
A	AB	3	71	9	1	BA1651	6669	3	5	1	1	0	0	0	0	0	0	0
A	AB	3	71	9	1	BA1651	6679	5	4	0	0	0	0	0	0	0	0	0
A	AB	3	71	9	1	BA1651	6702	4	0	0	0	0	0	0	1	0	0	0
A	AB	3	71	9	1	BA1651	6719	4	5	1	1	0	0	0	0	0	0	0
A	AB	3	71	9	1	BA1651	6729	5	4	0	0	0	0	0	0	0	0	0
A	AB	3	71	9	1	BA1651	6791	4	0	0	0	0	0	0	1	0	0	0
A	AB	3	71	9	1	BA1651	6834	4	5	1	1	0	0	0	0	0	0	0
A	AB	3	71	9	1	BA1651	6844	5	4	0	0	0	0	0	0	0	0	0
A	AB	3	71	9	1	BA1651	6853	4	0	0	0	0	0	0	1	0	0	0
A	AB	3	71	9	1	BA1651	6858	4	5	1	1	0	0	0	0	0	0	0
A	AB	3	71	9	1	BA1651	6868	5	4	0	0	0	0	0	0	0	0	0
A	AB	3	71	9	1	BA1651	6959	4	0	0	0	0	0	0	1	0	0	0
A	AB	3	71	9	1	BA1651	7029	4	5	1	1	0	0	0	0	0	0	0
A	AB	3	71	9	1	BA1651	7039	5	9	0	0	0	0	0	0	0	0	0
A	AB	3	71	9	1	BA1651	7049	9	10	0	0	0	0	0	0	0	0	0
A	AB	3	71	9	1	BA1651	7055	10	0	0	0	0	0	0	1	0	0	0
A	AB	3	71	9	1	BA1651	7124	10	2	0	0	0	0	0	0	0	0	0
A	AB	3	71	9	1	BA1651	7125	2	3	0	0	0	0	0	0	0	0	0
A	AB	3	71	9	1	BA1651	7170	3	5	1	1	0	0	0	0	0	0	0
A	AB	3	71	9	1	BA1651	7180	5	4	0	0	0	0	0	0	0	0	0
A	AB	3	71	9	1	BA1651	7187	4	0	0	0	0	0	0	1	0	0	0
A	AB	3	71	9	1	BA1651	7198	4	5	1	1	0	0	0	0	0	0	0
A	AB	3	71	9	1	BA1651	7208	5	4	0	0	0	0	0	0	0	0	0
A	AB	3	71	9	1	BA1651	7232	4	0	0	0	0	0	0	1	0	0	0
A	AB	3	71	9	1	BA1651	7247	4	5	1	1	0	0	0	0	0	0	0
A	AB	3	71	9	1	BA1651	7257	5	4	0	0	0	0	0	0	0	0	0
A	AB	3	71	9	1	BA1651	7274	4	0	0	0	0	0	0	1	0	0	0
A	AB	3	71	9	1	BA1651	7333	4	5	1	1	0	0	0	0	0	0	0
A	AB	3	71	9	1	BA1651	7343	5	4	0	0	0	0	0	0	0	0	0
A	AB	3	71	9	1	BA1651	7354	4	0	0	0	0	0	0	1	0	0	0
A	AB	3	71	9	1	BA1651	7359	4	5	1	1	0	0	0	0	0	0	0
A	AB	3	71	9	1	BA1651	7369	5	9	0	0	0	0	0	0	0	0	0
A	AB	3	71	9	1	BA1651	7379	9	10	0	0	0	0	0	0	0	0	0
A	AB	3	71	9	1	BA1651	7388	10	0	0	0	0	0	0	1	0	0	0
A	AB	3	71	9	1	BA1651	7454	10	2	0	0	0	0	0	0	0	0	0
A	AB	3	71	9	1	BA1651	7455	2	3	0	0	0	0	0	0	0	0	0
A	AB	3	71	9	1	BA1651	7514	3	0	0	0	1	0	0	0	0	0	0
A	AB	3	71	9	1	BA1651	7525	3	0	0	0	0	0	0	0	1	0	0
A	AB	3	71	9	1	BA1651	7531	3	0	0	0	1	0	0	0	0	0	0
A	AB	3	71	9	1	BA1651	7540	3	0	0	0	0	0	0	0	1	0	0
A	AB	3	71	9	1	BA1651	7553	3	0	0	0	1	0	0	0	0	0	0
A	AB	3	71	9	1	BA1651	7577	3	0	0	0	0	0	0	0	1	0	0
A	AB	3	71	9	1	BA1651	7581	3	0	0	0	1	0	0	0	0	0	0
A	AB	3	71	9	1	BA1651	7582	3	0	0	0	0	0	0	0	1	0	0
A	AB	3	71	9	1	BA1651	7627	3	0	0	0	1	0	0	0	0	0	0
A	AB	3	71	9	1	BA1651	7645	3	0	0	0	0	0	0	0	1	0	0
A	AB	3	71	9	1	BA1651	7659	3	0	0	0	1	0	0	0	0	0	0
A	AB	3	71	9	1	BA1651	7674	3	0	0	0	0	0	0	0	1	0	0
A	AB	3	71	9	1	BA1651	7716	3	5	1	1	0	0	0	0	0	0	0
A	AB	3	71	9	1	BA1651	7726	5	4	0	0	0	0	0	0	0	0	0
A	AB	3	71	9	1	BA1651	7764	4	0	0	0	0	0	0	1	0	0	0
A	AB	3	71	9	1	BA1651	7767	4	5	1	1	0	0	0	0	0	0	0
A	AB	3	71	9	1	BA1651	7777	5	4	0	0	0	0	0	0	0	0	0
A	AB	3	71	9	1	BA1651	7784	4	0	0	0	0	0	0	1	0	0	0
A	AB	3	71	9	1	BA1651	7807	4	5	1	1	0	0	0	0	0	0	0
A	AB	3	71	9	1	BA1651	7817	5	4	0	0	0	0	0	0	0	0	0
A	AB	3	71	9	1	BA1651	7900	4	0	0	0	0	0	0	1	0	0	0
A	AB	3	71	9	1	BA1651	7937	4	5	1	1	0	0	0	0	0	0	0
A	AB	3	71	9	1	BA1651	7947	5	4	0	0	0	0	0	0	0	0	0
A	AB	3	71	9	1	BA1651	8021	4	0	0	0	0	0	0	1	0	0	0
A	AB	3	71	9	1	BA1651	8115	4	5	1	1	0	0	0	0	0	0	0
A	AB	3	71	9	1	BA1651	8125	5	9	0	0	0	0	0	0	0	0	0
A	AB	3	71	9	1	BA1651	8135	9	10	0	0	0	0	0	0	0	0	0
A	AB	3	71	9	1	BA1651	8141	10	0	0	0	0	0	0	1	0	0	0
A	AB	3	71	9	1	BA1651	8210	10	2	0	0	0	0	0	0	0	0	0
A	AB	3	71	9	1	BA1651	8211	2	6	0	0	0	0	0	0	0	0	0
A	AB	3	71	9	1	BA1651	8342	6	8	2	0	1	0	0	0	0	0	0
A	AB	3	71	9	1	BA1651	8347	8	0	0	0	0	0	0	0	1	0	0
A	AB	3	71	9	1	BA1651	8352	8	7	0	0	0	0	0	0	0	0	0
A	AB	3	71	9	1	BA1651	8382	7	8	2	0	1	0	0	0	0	0	0
A	AB	3	71	9	1	BA1651	8388	8	0	0	0	0	0	0	0	1	0	0
A	AB	3	71	9	1	BA1651	8392	8	7	0	0	0	0	0	0	0	0	0
A	AB	3	71	9	1	BA1651	8393	7	8	2	0	1	0	0	0	0	0	0
A	AB	3	71	9	1	BA1651	8403	8	7	0	0	0	0	0	0	1	0	0
A	AB	3	71	9	1	BA1651	8407	7	8	2	0	1	0	0	0	0	0	0
A	AB	3	71	9	1	BA1651	8410	8	0	0	0	0	0	0	0	1	0	0
A	AB	3	71	9	1	BA1651	8417	8	7	0	0	0	0	0	0	0	0	0
A	AB	3	71	9	1	BA1651	8420	7	8	2	0	1	0	0	0	0	0	0
A	AB	3	71	9	1	BA1651	8430	8	9	0	0	0	0	0	0	0	0	0
A	AB	3	71	9	1	BA1651	8437	9	0	0	0	0	0	0	0	1	0	0
A	AB	3	71	9	1	BA1651	8440	9	10	0	0	0	0	0	0	0	0	0
A	AB	3	71	9	1	BA1651	8515	10	2	0	0	0	0	0	0	0	0	0
A	AB	3	71	9	1	BA1651	8516	2	6	0	0	0	0	0	0	0	0	0
A	AB	3	71	9	1	BA1651	8596	6	8	2	0	1	0	0	0	0	0	0
A	AB	3	71	9	1	BA1651	8606	8	7	0	0	0	0	0	0	1	0	0
A	AB	3	71	9	1	BA1651	8630	7	8	2	0	1	0	0	0	0	0	0
A	AB	3	71	9	1	BA1651	8639	8	0	0	0	0	0	0	0	1	0	0
A	AB	3	71	9	1	BA1651	8640	8	7	0	0	0	0	0	0	0	0	0
A	AB	3	71	9	1	BA1651	8644	7	8	2	0	1	0	0	0	0	0	0
A	AB	3	71	9	1	BA1651	8651	8	0	0	0	0	0	0	0	1	0	0
A	AB	3	71	9	1	BA1651	8654	8	7	0	0	0	0	0	0	0	0	0
A	AB	3	71	9	1	BA1651	8675	7	8	2	0	1	0	0	0	0	0	0
A	AB	3	71	9	1	BA1651	8685	8	7	0	0	0	0	0	0	0	0	0
A	AB	3	71	9	1	BA1651	8698	7	0	0	0	0	0	0	0	1	0	0
A	AB	3	71	9	1	BA1651	8717	7	8	2	0	1	0	0	0	0	0	0
A	AB	3	71	9	1	BA1651	8727	8	9	0	0	0	0	0	0	0	0	0
A	AB	3	71	9	1	BA1651	8735	9	0	0	0	0	0	0	0	1	0	0
A	AB	3	71	9	1	BA1651	8737	9	10	0	0	0	0	0	0	0	0	0
A	AB	3	71	9	1	BA1651	8812	10	2	0	0	0	0	0	0	0	0	0
A	AB	3	71	9	1	BA1651	8813	2	3	0	0	0	0	0	0	0	0	0
A	AB	3	71	9	1	BA1651	8880	3	0	0	0	1	0	0	0	0	0	0
A	AB	3	71	9	1	BA1651	8905	3	0	0	0	0	0	0	0	1	0	0
A	AB	3	71	9	1	BA1651	8931	3	0	0	0	1	0	0	0	0	0	0
A	AB	3	71	9	1	BA1651	8936	3	0	0	0	0	0	0	0	1	0	0
A	AB	3	71	9	1	BA1651	9056	3	5	1	1	0	0	0	0	0	0	0
A	AB	3	71	9	1	BA1651	9066	5	4	0	0	0	0	0	0	0	0	0
A	AB	3	71	9	1	BA1651	9111	4	0	0	0	0	0	0	1	0	0	0
A	AB	3	71	9	1	BA1651	9116	4	5	1	1	0	0	0	0	0	0	0
A	AB	3	71	9	1	BA1651	9125	5	0	0	0	0	0	0	1	0	0	0
A	AB	3	71	9	1	BA1651	9126	5	4	0	0	0	0	0	0	0	0	0
A	AB	3	71	9	1	BA1651	9161	4	5	1	1	0	0	0	0	0	0	0
A	AB	3	71	9	1	BA1651	9171	5	4	0	0	0	0	0	0	0	0	0
A	AB	3	71	9	1	BA1651	9203	4	0	0	0	0	0	0	1	0	0	0
A	AB	3	71	9	1	BA1651	9206	4	5	1	1	0	0	0	0	0	0	0
A	AB	3	71	9	1	BA1651	9216	5	4	0	0	0	0	0	0	0	0	0
A	AB	3	71	9	1	BA1651	9223	4	0	0	0	0	0	0	1	0	0	0
A	AB	3	71	9	1	BA1651	9255	4	5	1	1	0	0	0	0	0	0	0
A	AB	3	71	9	1	BA1651	9265	5	9	0	0	0	0	0	0	0	0	0
A	AB	3	71	9	1	BA1651	9275	9	10	0	0	0	0	0	0	0	0	0
A	AB	3	71	9	1	BA1651	9279	10	0	0	0	0	0	0	1	0	0	0
A	AB	3	71	9	1	BA1651	9350	10	2	0	0	0	0	0	0	0	0	0
A	AB	3	71	9	1	BA1651	9351	2	6	0	0	0	0	0	0	0	0	0
A	AB	3	71	9	1	BA1651	9475	6	8	2	0	1	0	0	0	0	0	0
A	AB	3	71	9	1	BA1651	9485	8	7	0	0	0	0	0	0	0	0	0
A	AB	3	71	9	1	BA1651	9492	7	0	0	0	0	0	0	0	1	0	0
A	AB	3	71	9	1	BA1651	9495	7	8	2	0	1	0	0	0	0	0	0
A	AB	3	71	9	1	BA1651	9498	8	0	0	0	0	0	0	0	1	0	0
A	AB	3	71	9	1	BA1651	9505	8	7	0	0	1	0	0	0	0	0	0
A	AB	3	71	9	1	BA1651	9514	7	0	0	0	0	0	0	0	1	0	0
A	AB	3	71	9	1	BA1651	9516	7	8	2	0	1	0	0	0	0	0	0
A	AB	3	71	9	1	BA1651	9524	8	0	0	0	0	0	0	0	1	0	0
A	AB	3	71	9	1	BA1651	9526	8	7	0	0	0	0	0	0	0	0	0
A	AB	3	71	9	1	BA1651	9556	7	8	2	0	1	0	0	0	0	0	0
A	AB	3	71	9	1	BA1651	9566	8	7	0	0	0	0	0	0	0	0	0
A	AB	3	71	9	1	BA1651	9582	7	0	0	0	0	0	0	0	1	0	0
A	AB	3	71	9	1	BA1651	9606	7	8	2	0	1	0	0	0	0	0	0
A	AB	3	71	9	1	BA1651	9616	8	9	0	0	0	0	0	0	1	0	0
A	AB	3	71	9	1	BA1651	9618	9	0	0	0	1	0	0	0	0	0	0
A	AB	3	71	9	1	BA1651	9623	9	0	0	0	0	0	0	0	1	0	0
A	AB	3	71	9	1	BA1651	9626	9	10	0	0	0	0	0	0	0	0	0
A	AB	3	71	9	1	BA1651	9701	10	2	0	0	0	0	0	0	0	0	0
A	AB	3	71	9	1	BA1651	9702	2	3	0	0	0	0	0	0	0	0	0
A	AB	3	71	9	1	BA1651	9775	3	0	0	0	1	0	0	0	0	0	0
A	AB	3	71	9	1	BA1651	9780	3	0	0	0	0	0	0	0	1	0	0
A	AB	3	71	9	1	BA1651	9857	3	0	0	0	1	0	0	0	0	0	0
A	AB	3	71	9	1	BA1651	9858	3	0	0	0	0	0	0	0	1	0	0
A	AB	3	71	9	1	BA1651	9914	3	5	1	1	0	0	0	0	0	0	0
A	AB	3	71	9	1	BA1651	9924	5	4	0	0	0	0	0	0	0	0	0
A	AB	3	71	9	1	BA1651	9939	4	0	0	0	0	0	0	1	0	0	0
A	AB	3	71	9	1	BA1651	10126	4	5	1	1	0	0	0	0	0	0	0
A	AB	3	71	9	1	BA1651	10136	5	4	0	0	0	0	0	0	0	0	0
A	AB	3	71	9	1	BA1651	10226	4	0	0	0	0	0	0	1	0	0	0
A	AB	3	71	9	1	BA1651	10231	4	5	1	1	0	0	0	0	0	0	0
A	AB	3	71	9	1	BA1651	10241	5	4	0	0	0	0	0	0	0	0	0
A	AB	3	71	9	1	BA1651	10264	4	0	0	0	0	0	0	1	0	0	0
A	AB	3	71	9	1	BA1651	10397	4	5	1	1	0	0	0	0	0	0	0
A	AB	3	71	9	1	BA1651	10407	5	4	0	0	0	0	0	0	0	0	0
A	AB	3	71	9	1	BA1651	10411	4	0	0	0	0	0	0	1	0	0	0
A	AB	3	71	9	1	BA1651	10486	4	5	1	1	0	0	0	0	0	0	0
A	AB	3	71	9	1	BA1651	10496	5	9	0	0	0	0	0	0	0	0	0
A	AB	3	71	9	1	BA1651	10506	9	10	0	0	0	0	0	0	0	0	0
A	AB	3	71	9	1	BA1651	10514	10	0	0	0	0	0	0	1	0	0	0
A	AB	3	71	9	1	BA1651	10581	10	2	0	0	0	0	0	0	0	0	0
A	AB	3	71	9	1	BA1651	10582	2	6	0	0	0	0	0	0	0	0	0
A	AB	3	71	9	1	BA1651	10671	6	8	2	0	1	0	0	0	0	0	0
A	AB	3	71	9	1	BA1651	10681	8	7	0	0	0	0	0	0	0	0	0
A	AB	3	71	9	1	BA1651	10684	7	0	0	0	0	0	0	0	1	0	0
A	AB	3	71	9	1	BA1651	10689	7	8	2	0	1	0	0	0	0	0	0
A	AB	3	71	9	1	BA1651	10697	8	0	0	0	0	0	0	0	1	0	0
A	AB	3	71	9	1	BA1651	10699	8	7	0	0	0	0	0	0	0	0	0
A	AB	3	71	9	1	BA1651	10735	7	8	2	0	1	0	0	0	0	0	0
A	AB	3	71	9	1	BA1651	10745	8	7	0	0	0	0	0	0	0	0	0
A	AB	3	71	9	1	BA1651	10758	7	0	0	0	0	0	0	0	1	0	0
A	AB	3	71	9	1	BA1651	10774	7	8	2	0	1	0	0	0	0	0	0
A	AB	3	71	9	1	BA1651	10776	8	0	0	0	0	0	0	0	1	0	0
A	AB	3	71	9	1	BA1651	10779	8	0	0	0	1	0	0	0	0	0	0
A	AB	3	71	9	1	BA1651	10784	8	7	0	0	0	0	0	0	0	0	0
A	AB	3	71	9	1	BA1651	10795	7	0	0	0	0	0	0	0	1	0	0
A	AB	3	71	9	1	BA1651	10815	7	8	2	0	1	0	0	0	0	0	0
A	AB	3	71	9	1	BA1651	10825	8	9	0	0	0	0	0	0	0	0	0
A	AB	3	71	9	1	BA1651	10826	9	0	0	0	0	0	0	0	1	0	0
A	AB	3	71	9	1	BA1651	10835	9	10	0	0	0	0	0	0	0	0	0
A	AB	3	71	9	1	BA1651	10910	10	2	0	0	0	0	0	0	0	0	0
A	AB	3	71	9	1	BA1651	10911	2	6	0	0	0	0	0	0	0	0	0
A	AB	3	71	9	1	BA1651	10943	6	8	2	0	1	0	0	0	0	0	0
A	AB	3	71	9	1	BA1651	10953	8	7	0	0	0	0	0	0	0	0	0
A	AB	3	71	9	1	BA1651	10957	7	0	0	0	0	0	0	0	1	0	0
A	AB	3	71	9	1	BA1651	10964	7	8	2	0	1	0	0	0	0	0	0
A	AB	3	71	9	1	BA1651	10974	8	7	0	0	0	0	0	0	0	0	0
A	AB	3	71	9	1	BA1651	10979	7	0	0	0	0	0	0	0	1	0	0
A	AB	3	71	9	1	BA1651	10991	7	8	2	0	1	0	0	0	0	0	0
A	AB	3	71	9	1	BA1651	11001	8	7	0	0	0	0	0	0	0	0	0
A	AB	3	71	9	1	BA1651	11014	7	0	0	0	0	0	0	0	1	0	0
A	AB	3	71	9	1	BA1651	11035	7	8	2	0	1	0	0	0	0	0	0
A	AB	3	71	9	1	BA1651	11045	8	7	0	0	0	0	0	0	0	0	0
A	AB	3	71	9	1	BA1651	11046	7	0	0	0	0	0	0	0	1	0	0
A	AB	3	71	9	1	BA1651	11063	7	8	2	0	1	0	0	0	0	0	0
A	AB	3	71	9	1	BA1651	11073	8	9	0	0	0	0	0	0	0	0	0
A	AB	3	71	9	1	BA1651	11083	9	10	0	0	0	0	0	0	1	0	0
A	AB	3	71	9	1	BA1651	11158	10	2	0	0	0	0	0	0	0	0	0
A	AB	3	71	9	1	BA1651	11159	2	3	0	0	0	0	0	0	0	0	0
A	AB	3	71	9	1	BA1651	11201	3	0	0	0	1	0	0	0	0	0	0
A	AB	3	71	9	1	BA1651	11251	3	0	0	0	0	0	0	0	1	0	0
A	AB	3	71	9	1	BA1651	11252	3	0	0	0	1	0	0	0	0	0	0
A	AB	3	71	9	1	BA1651	11254	3	0	0	0	0	0	0	0	1	0	0
A	AB	3	71	9	1	BA1651	11396	3	5	1	1	0	0	0	0	0	0	0
A	AB	3	71	9	1	BA1651	11406	5	4	0	0	0	0	0	0	0	0	0
A	AB	3	71	9	1	BA1651	11415	4	0	0	0	0	0	0	1	0	0	0
A	AB	3	71	9	1	BA1651	11441	4	5	1	1	0	0	0	0	0	0	0
A	AB	3	71	9	1	BA1651	11451	5	4	0	0	0	0	0	0	0	0	0
A	AB	3	71	9	1	BA1651	11476	4	0	0	0	0	0	0	1	0	0	0
A	AB	3	71	9	1	BA1651	11496	4	5	1	1	0	0	0	0	0	0	0
A	AB	3	71	9	1	BA1651	11506	5	4	0	0	0	0	0	0	0	0	0
A	AB	3	71	9	1	BA1651	11539	4	0	0	0	0	0	0	1	0	0	0
A	AB	3	71	9	1	BA1651	11542	4	5	1	1	0	0	0	0	0	0	0
A	AB	3	71	9	1	BA1651	11552	5	4	0	0	0	0	0	0	0	0	0
A	AB	3	71	9	1	BA1651	11632	4	0	0	0	0	0	0	1	0	0	0
A	AB	3	71	9	1	BA1651	11777	4	5	1	1	0	0	0	0	0	0	0
A	AB	3	71	9	1	BA1651	11787	5	9	0	0	0	0	0	0	0	0	0
A	AB	3	71	9	1	BA1651	11797	9	10	0	0	0	0	0	0	0	0	0
A	AB	3	71	9	1	BA1651	11805	10	0	0	0	0	0	0	1	0	0	0
A	AB	3	71	9	1	BA1651	11872	10	2	0	0	0	0	0	0	0	0	0
A	AB	3	71	9	1	BA1651	11873	2	3	0	0	0	0	0	0	0	0	0
A	AB	3	71	9	1	BA1651	11934	3	5	1	1	0	0	0	0	0	0	0
A	AB	3	71	9	1	BA1651	11944	5	4	0	0	0	0	0	0	0	0	0
A	AB	3	71	9	1	BA1651	11981	4	0	0	0	0	0	0	1	0	0	0
A	AB	3	71	9	1	BA1651	12002	4	5	1	1	0	0	0	0	0	0	0
A	AB	3	71	9	1	BA1651	12012	5	4	0	0	0	0	0	0	0	0	0
A	AB	3	71	9	1	BA1651	12072	4	0	0	0	0	0	0	1	0	0	0
A	AB	3	71	9	1	BA1651	12122	4	5	1	1	0	0	0	0	0	0	0
A	AB	3	71	9	1	BA1651	12132	5	4	0	0	0	0	0	0	0	0	0
A	AB	3	71	9	1	BA1651	12140	4	0	0	0	0	0	0	1	0	0	0
A	AB	3	71	9	1	BA1651	12142	4	5	1	1	0	0	0	0	0	0	0
A	AB	3	71	9	1	BA1651	12152	5	4	0	0	0	0	0	0	0	0	0
A	AB	3	71	9	1	BA1651	12181	4	0	0	0	0	0	0	1	0	0	0
A	AB	3	71	9	1	BA1651	12256	4	5	1	1	0	0	0	0	0	0	0
A	AB	3	71	9	1	BA1651	12266	5	9	0	0	0	0	0	0	0	0	0
A	AB	3	71	9	1	BA1651	12276	9	10	0	0	0	0	0	0	0	0	0
A	AB	3	71	9	1	BA1651	12282	10	0	0	0	0	0	0	1	0	0	0
A	AB	3	71	9	1	BA1651	12351	10	2	0	0	0	0	0	0	0	0	0
A	AB	3	71	9	1	BA1651	12352	2	3	0	0	0	0	0	0	0	0	0
A	AB	3	71	9	1	BA1651	12447	3	5	1	1	0	0	0	0	0	0	0
A	AB	3	71	9	1	BA1651	12457	5	4	0	0	0	0	0	0	0	0	0
A	AB	3	71	9	1	BA1651	12461	4	0	0	0	0	0	0	1	0	0	0
A	AB	3	71	9	1	BA1651	12472	4	5	1	1	0	0	0	0	0	0	0
A	AB	3	71	9	1	BA1651	12482	5	4	0	0	0	0	0	0	0	0	0
A	AB	3	71	9	1	BA1651	12500	4	0	0	0	0	0	0	1	0	0	0
A	AB	3	71	9	1	BA1651	12520	4	5	1	1	0	0	0	0	0	0	0
A	AB	3	71	9	1	BA1651	12530	5	4	0	0	0	0	0	0	0	0	0
A	AB	3	71	9	1	BA1651	12554	4	0	0	0	0	0	0	1	0	0	0
A	AB	3	71	9	1	BA1651	12561	4	5	1	1	0	0	0	0	0	0	0
A	AB	3	71	9	1	BA1651	12571	5	4	0	0	0	0	0	0	0	0	0
A	AB	3	71	9	1	BA1651	12588	4	0	0	0	0	0	0	1	0	0	0
A	AB	3	71	9	1	BA1651	12654	4	5	1	1	0	0	0	0	0	0	0
A	AB	3	71	9	1	BA1651	12664	5	9	0	0	0	0	0	0	0	0	0
A	AB	3	71	9	1	BA1651	12674	9	10	0	0	0	0	0	0	0	0	0
A	AB	3	71	9	1	BA1651	12683	10	0	0	0	0	0	0	1	0	0	0
A	AB	3	71	9	1	BA1651	12749	10	2	0	0	0	0	0	0	0	0	0
A	AB	3	71	9	1	BA1651	12750	2	6	0	0	0	0	0	0	0	0	0
A	AB	3	71	9	1	BA1651	12762	6	0	0	1	0	0	0	0	0	0	0
A	AB	3	71	9	1	BA1651	12822	6	0	0	0	0	0	0	1	0	0	0
A	AB	3	71	9	1	BA1651	12905	6	0	0	1	0	0	0	0	0	0	0
A	AB	3	71	9	1	BA1651	12928	6	0	0	0	0	0	0	1	0	0	0
A	AB	3	71	9	1	BA1651	12937	6	0	0	1	0	0	0	0	0	0	0
A	AB	3	71	9	1	BA1651	12961	6	0	0	0	0	0	0	1	0	0	0
A	AB	3	71	9	1	BA1651	13120	6	8	2	0	1	0	0	0	0	0	0
A	AB	3	71	9	1	BA1651	13130	8	7	0	0	0	0	0	0	0	0	0
A	AB	3	71	9	1	BA1651	13139	7	0	0	0	0	0	0	0	1	0	0
A	AB	3	71	9	1	BA1651	13155	7	8	2	0	1	0	0	0	0	0	0
A	AB	3	71	9	1	BA1651	13165	8	7	0	0	0	0	0	0	0	0	0
A	AB	3	71	9	1	BA1651	13185	7	0	0	0	0	0	0	0	1	0	0
A	AB	3	71	9	1	BA1651	13205	7	8	2	0	1	0	0	0	0	0	0
A	AB	3	71	9	1	BA1651	13214	8	0	0	0	0	0	0	0	1	0	0
A	AB	3	71	9	1	BA1651	13215	8	7	0	0	0	0	0	0	0	0	0
A	AB	3	71	9	1	BA1651	13219	7	8	2	0	1	0	0	0	0	0	0
A	AB	3	71	9	1	BA1651	13222	8	0	0	0	0	0	0	0	1	0	0
A	AB	3	71	9	1	BA1651	13226	8	0	0	0	1	0	0	0	0	0	0
A	AB	3	71	9	1	BA1651	13229	8	7	0	0	0	0	0	0	0	0	0
A	AB	3	71	9	1	BA1651	13243	7	0	0	0	0	0	0	0	1	0	0
A	AB	3	71	9	1	BA1651	13252	7	8	2	0	1	0	0	0	0	0	0
A	AB	3	71	9	1	BA1651	13262	8	9	0	0	0	0	0	0	0	0	0
A	AB	3	71	9	1	BA1651	13272	9	10	0	0	0	0	0	0	0	0	0
A	AB	3	71	9	1	BA1651	13274	10	0	0	0	0	0	0	0	1	0	0
A	AB	3	71	9	1	BA1651	13347	10	2	0	0	0	0	0	0	0	0	0
A	AB	3	71	9	1	BA1651	13348	2	6	0	0	0	0	0	0	0	0	0
A	AB	3	71	9	1	BA1651	13379	6	8	2	0	1	0	0	0	0	0	0
A	AB	3	71	9	1	BA1651	13389	8	7	0	0	0	0	0	0	0	0	0
A	AB	3	71	9	1	BA1651	13407	7	0	0	0	0	0	0	0	1	0	0
A	AB	3	71	9	1	BA1651	13452	7	8	2	0	1	0	0	0	0	0	0
A	AB	3	71	9	1	BA1651	13454	8	0	0	0	0	0	0	0	1	0	0
A	AB	3	71	9	1	BA1651	13455	8	0	0	0	1	0	0	0	0	0	0
A	AB	3	71	9	1	BA1651	13462	8	7	0	0	0	0	0	0	1	0	0
A	AB	3	71	9	1	BA1651	13465	7	8	2	0	1	0	0	0	0	0	0
A	AB	3	71	9	1	BA1651	13467	8	0	0	0	0	0	0	0	1	0	0
A	AB	3	71	9	1	BA1651	13475	8	7	0	0	0	0	0	0	0	0	0
A	AB	3	71	9	1	BA1651	13480	7	8	2	0	1	0	0	0	0	0	0
A	AB	3	71	9	1	BA1651	13490	8	7	0	0	0	0	0	0	0	0	0
A	AB	3	71	9	1	BA1651	13495	7	0	0	0	0	0	0	0	1	0	0
A	AB	3	71	9	1	BA1651	13506	7	8	2	0	1	0	0	0	0	0	0
A	AB	3	71	9	1	BA1651	13516	8	9	0	0	0	0	0	0	0	0	0
A	AB	3	71	9	1	BA1651	13524	9	0	0	0	0	0	0	0	1	0	0
A	AB	3	71	9	1	BA1651	13526	9	10	0	0	0	0	0	0	0	0	0
A	AB	3	71	9	1	BA1651	13527	10	0	0	0	1	0	0	0	0	0	0
A	AB	3	71	9	1	BA1651	13535	10	0	0	0	0	0	0	0	1	0	0
A	AB	3	71	9	1	BA1651	13601	10	2	0	0	0	0	0	0	0	0	0
A	AB	3	71	9	1	BA1651	13602	2	6	0	0	0	0	0	0	0	0	0
A	AB	3	71	9	1	BA1651	13744	6	8	2	0	1	0	0	0	0	0	0
A	AB	3	71	9	1	BA1651	13754	8	7	0	0	0	0	0	0	0	0	0
A	AB	3	71	9	1	BA1651	13776	7	0	0	0	0	0	0	0	1	0	0
A	AB	3	71	9	1	BA1651	13787	7	8	2	0	1	0	0	0	0	0	0
A	AB	3	71	9	1	BA1651	13797	8	7	0	0	0	0	0	0	0	0	0
A	AB	3	71	9	1	BA1651	13799	7	0	0	0	0	0	0	0	1	0	0
A	AB	3	71	9	1	BA1651	13801	7	8	2	0	1	0	0	0	0	0	0
A	AB	3	71	9	1	BA1651	13811	8	7	0	0	0	0	0	0	0	0	0
A	AB	3	71	9	1	BA1651	13831	7	0	0	0	0	0	0	0	1	0	0
A	AB	3	71	9	1	BA1651	13873	7	8	2	0	1	0	0	0	0	0	0
A	AB	3	71	9	1	BA1651	13879	8	0	0	0	0	0	0	0	1	0	0
A	AB	3	71	9	1	BA1651	13883	8	7	0	0	0	0	0	0	0	0	0
A	AB	3	71	9	1	BA1651	13893	7	8	2	0	1	0	0	0	0	0	0
A	AB	3	71	9	1	BA1651	13903	8	9	0	0	0	0	0	0	0	0	0
A	AB	3	71	9	1	BA1651	13913	9	10	0	0	0	0	0	0	0	0	0
A	AB	3	71	9	1	BA1651	13916	10	0	0	0	0	0	0	0	1	0	0
A	AB	3	71	9	1	BA1651	13988	10	2	0	0	0	0	0	0	0	0	0
A	AB	3	71	9	1	BA1651	13989	2	3	0	0	0	0	0	0	0	0	0
A	AB	3	71	9	1	BA1651	14433	3	5	1	1	0	0	0	0	0	0	0
A	AB	3	71	9	1	BA1651	14443	5	4	0	0	0	0	0	0	0	0	0
A	AB	3	71	9	1	BA1651	14478	4	0	0	0	0	0	0	1	0	0	0
A	AB	3	71	9	1	BA1651	14483	4	5	1	1	0	0	0	0	0	0	0
A	AB	3	71	9	1	BA1651	14493	5	4	0	0	0	0	0	0	0	0	0
A	AB	3	71	9	1	BA1651	14530	4	0	0	0	0	0	0	1	0	0	0
A	AB	3	71	9	1	BA1651	14533	4	5	1	1	0	0	0	0	0	0	0
A	AB	3	71	9	1	BA1651	14543	5	4	0	0	0	0	0	0	0	0	0
A	AB	3	71	9	1	BA1651	14641	4	0	0	0	0	0	0	1	0	0	0
A	AB	3	71	9	1	BA1651	14646	4	5	1	1	0	0	0	0	0	0	0
A	AB	3	71	9	1	BA1651	14656	5	4	0	0	0	0	0	0	0	0	0
A	AB	3	71	9	1	BA1651	14659	4	0	0	0	0	0	0	1	0	0	0
A	AB	3	71	9	1	BA1651	14665	4	5	1	1	0	0	0	0	0	0	0
A	AB	3	71	9	1	BA1651	14675	5	9	0	0	0	0	0	0	0	0	0
A	AB	3	71	9	1	BA1651	14685	9	10	0	0	0	0	0	0	0	0	0
A	AB	3	71	9	1	BA1651	14696	10	0	0	0	0	0	0	1	0	0	0
A	AB	3	71	9	1	BA1651	14760	10	2	0	0	0	0	0	0	0	0	0
A	AB	3	71	9	1	BA1651	14761	2	3	0	0	0	0	0	0	0	0	0
A	AB	3	71	9	1	BA1651	14770	3	5	1	1	0	0	0	0	0	0	0
A	AB	3	71	9	1	BA1651	14780	5	4	0	0	0	0	0	0	0	0	0
A	AB	3	71	9	1	BA1651	14980	4	0	0	0	0	0	0	1	0	0	0
A	AB	3	71	9	1	BA1651	15048	4	5	1	1	0	0	0	0	0	0	0
A	AB	3	71	9	1	BA1651	15058	5	4	0	0	0	0	0	0	0	0	0
A	AB	3	71	9	1	BA1651	15080	4	0	0	0	0	0	0	1	0	0	0
A	AB	3	71	9	1	BA1651	15240	4	5	1	1	0	0	0	0	0	0	0
A	AB	3	71	9	1	BA1651	15250	5	4	0	0	0	0	0	0	0	0	0
A	AB	3	71	9	1	BA1651	15272	4	0	0	0	0	0	0	1	0	0	0
A	AB	3	71	9	1	BA1651	15275	4	5	1	1	0	0	0	0	0	0	0
A	AB	3	71	9	1	BA1651	15285	5	4	0	0	0	0	0	0	0	0	0
A	AB	3	71	9	1	BA1651	15381	4	0	0	0	0	0	0	1	0	0	0
A	AB	3	71	9	1	BA1651	15585	4	5	1	1	0	0	0	0	0	0	0
A	AB	3	71	9	1	BA1651	15595	5	9	0	0	0	0	0	0	0	0	0
A	AB	3	71	9	1	BA1651	15605	9	10	0	0	0	0	0	0	0	0	0
A	AB	3	71	9	1	BA1651	15611	10	0	0	0	0	0	0	1	0	0	0
A	AB	3	71	9	1	BA1651	15680	10	2	0	0	0	0	0	0	0	0	0
A	AB	3	71	9	1	BA1651	15681	2	3	0	1	0	0	0	0	0	0	0
A	AB	3	71	9	1	BA1651	15881	3	0	0	0	0	0	0	1	0	0	0
A	AB	3	71	9	1	BA1651	15900	3	5	1	1	0	0	0	0	0	0	0
A	AB	3	71	9	1	BA1651	15910	5	4	0	0	0	0	0	0	0	0	0
A	AB	3	71	9	1	BA1651	15936	4	0	0	0	0	0	0	1	0	0	0
A	AB	3	71	9	1	BA1651	15940	4	5	1	1	0	0	0	0	0	0	0
A	AB	3	71	9	1	BA1651	15950	5	4	0	0	0	0	0	0	0	0	0
A	AB	3	71	9	1	BA1651	16039	4	0	0	0	0	0	0	1	0	0	0
A	AB	3	71	9	1	BA1651	16061	4	5	1	1	0	0	0	0	0	0	0
A	AB	3	71	9	1	BA1651	16071	5	4	0	0	0	0	0	0	0	0	0
A	AB	3	71	9	1	BA1651	16086	4	0	0	0	0	0	0	1	0	0	0
A	AB	3	71	9	1	BA1651	16088	4	5	1	1	0	0	0	0	0	0	0
A	AB	3	71	9	1	BA1651	16090	5	0	0	0	0	0	0	1	0	0	0
A	AB	3	71	9	1	BA1651	16098	5	4	0	0	0	0	0	0	0	0	0
A	AB	3	71	9	1	BA1651	16229	4	5	1	1	0	0	0	0	0	0	0
A	AB	3	71	9	1	BA1651	16239	5	9	0	0	0	0	0	0	0	0	0
A	AB	3	71	9	1	BA1651	16249	9	10	0	0	0	0	0	0	0	0	0
A	AB	3	71	9	1	BA1651	16256	10	0	0	0	0	0	0	1	0	0	0
A	AB	3	71	9	1	BA1651	16324	10	2	0	0	0	0	0	0	0	0	0
A	AB	3	71	9	1	BA1651	16325	2	6	0	0	0	0	0	0	0	0	0
A	AB	3	71	9	1	BA1651	16585	6	8	2	0	1	0	0	0	0	0	0
A	AB	3	71	9	1	BA1651	16595	8	7	0	0	0	0	0	0	0	0	0
A	AB	3	71	9	1	BA1651	16641	7	0	0	0	0	0	0	0	1	0	0
A	AB	3	71	9	1	BA1651	16663	7	8	2	0	1	0	0	0	0	0	0
A	AB	3	71	9	1	BA1651	16673	8	7	0	0	0	0	0	0	0	0	0
A	AB	3	71	9	1	BA1651	16676	7	0	0	0	0	0	0	0	1	0	0
A	AB	3	71	9	1	BA1651	16692	7	8	2	0	1	0	0	0	0	0	0
A	AB	3	71	9	1	BA1651	16702	8	7	0	0	0	0	0	0	0	0	0
A	AB	3	71	9	1	BA1651	16731	7	0	0	0	0	0	0	0	1	0	0
A	AB	3	71	9	1	BA1651	16807	7	8	2	0	1	0	0	0	0	0	0
A	AB	3	71	9	1	BA1651	16817	8	7	0	0	0	0	0	0	0	0	0
A	AB	3	71	9	1	BA1651	16822	7	0	0	0	0	0	0	0	1	0	0
A	AB	3	71	9	1	BA1651	16829	7	8	2	0	1	0	0	0	0	0	0
A	AB	3	71	9	1	BA1651	16839	8	9	0	0	0	0	0	0	0	0	0
A	AB	3	71	9	1	BA1651	16849	9	10	0	0	0	0	0	0	0	0	0
A	AB	3	71	9	1	BA1651	16859	10	0	0	0	0	0	0	0	1	0	0
A	AB	3	71	9	1	BA1651	16924	10	2	0	0	0	0	0	0	0	0	0
A	AB	3	71	9	1	BA1651	16925	2	3	0	0	0	0	0	0	0	0	0
A	AB	3	71	9	1	BA1651	16990	3	0	0	0	1	0	0	0	0	0	0
A	AB	3	71	9	1	BA1651	17017	3	0	0	0	0	0	0	0	1	0	0
A	AB	3	71	9	1	BA1651	17019	3	0	0	0	1	0	0	0	0	0	0
A	AB	3	71	9	1	BA1651	17030	3	0	0	0	0	0	0	0	1	0	0
A	AB	3	71	9	1	BA1651	17084	3	0	0	0	1	0	0	0	0	0	0
A	AB	3	71	9	1	BA1651	17088	3	0	0	0	0	0	0	0	1	0	0
A	AB	3	71	9	1	BA1651	17237	3	5	1	1	0	0	0	0	0	0	0
A	AB	3	71	9	1	BA1651	17247	5	4	0	0	0	0	0	0	0	0	0
A	AB	3	71	9	1	BA1651	17280	4	0	0	0	0	0	0	1	0	0	0
A	AB	3	71	9	1	BA1651	17290	4	5	1	1	0	0	0	0	0	0	0
A	AB	3	71	9	1	BA1651	17300	5	4	0	0	0	0	0	0	0	0	0
A	AB	3	71	9	1	BA1651	17312	4	0	0	0	0	0	0	1	0	0	0
A	AB	3	71	9	1	BA1651	17329	4	5	1	1	0	0	0	0	0	0	0
A	AB	3	71	9	1	BA1651	17339	5	4	0	0	0	0	0	0	0	0	0
A	AB	3	71	9	1	BA1651	17437	4	0	0	0	0	0	0	1	0	0	0
A	AB	3	71	9	1	BA1651	17492	4	5	1	1	0	0	0	0	0	0	0
A	AB	3	71	9	1	BA1651	17502	5	4	0	0	0	0	0	0	0	0	0
A	AB	3	71	9	1	BA1651	17537	4	0	0	0	0	0	0	1	0	0	0
A	AB	3	71	9	1	BA1651	17542	4	5	1	1	0	0	0	0	0	0	0
A	AB	3	71	9	1	BA1651	17552	5	9	0	0	0	0	0	0	0	0	0
A	AB	3	71	9	1	BA1651	17562	9	10	0	0	0	0	0	0	0	0	0
A	AB	3	71	9	1	BA1651	17589	10	0	0	0	0	0	0	1	0	0	0
A	AB	3	71	9	1	BA1651	17637	10	2	0	0	0	0	0	0	0	0	0
A	AB	3	71	9	1	BA1651	17638	2	6	0	0	0	0	0	0	0	0	0
A	AB	3	71	9	1	BA1651	17712	6	8	2	0	1	0	0	0	0	0	0
A	AB	3	71	9	1	BA1651	17716	8	0	0	0	0	0	0	0	1	0	0
A	AB	3	71	9	1	BA1651	17720	8	0	0	0	1	0	0	0	0	0	0
A	AB	3	71	9	1	BA1651	17722	8	7	0	0	0	0	0	0	0	0	0
A	AB	3	71	9	1	BA1651	17728	7	0	0	0	0	0	0	0	1	0	0
A	AB	3	71	9	1	BA1651	17730	7	8	2	0	1	0	0	0	0	0	0
A	AB	3	71	9	1	BA1651	17736	8	0	0	0	0	0	0	0	1	0	0
A	AB	3	71	9	1	BA1651	17738	8	0	0	0	1	0	0	0	0	0	0
A	AB	3	71	9	1	BA1651	17740	8	7	0	0	0	0	0	0	0	0	0
A	AB	3	71	9	1	BA1651	17750	7	0	0	0	0	0	0	0	1	0	0
A	AB	3	71	9	1	BA1651	17764	7	8	2	0	1	0	0	0	0	0	0
A	AB	3	71	9	1	BA1651	17774	8	7	0	0	0	0	0	0	0	0	0
A	AB	3	71	9	1	BA1651	17776	7	0	0	0	0	0	0	0	1	0	0
A	AB	3	71	9	1	BA1651	17779	7	8	2	0	1	0	0	0	0	0	0
A	AB	3	71	9	1	BA1651	17789	8	7	0	0	0	0	0	0	0	0	0
A	AB	3	71	9	1	BA1651	17794	7	0	0	0	0	0	0	0	1	0	0
A	AB	3	71	9	1	BA1651	17809	7	8	2	0	1	0	0	0	0	0	0
A	AB	3	71	9	1	BA1651	17819	8	9	0	0	0	0	0	0	0	0	0
A	AB	3	71	9	1	BA1651	17829	9	10	0	0	0	0	0	0	0	0	0
A	AB	3	71	9	1	BA1651	17831	10	0	0	0	0	0	0	0	1	0	0
A	AB	3	71	9	1	BA1651	17904	10	2	0	0	0	0	0	0	0	0	0
A	AB	3	71	9	1	BA1651	17905	2	3	0	0	0	0	0	0	0	0	0
A	AB	3	71	9	1	BA1651	17958	3	0	0	0	1	0	0	0	0	0	0
A	AB	3	71	9	1	BA1651	17964	3	0	0	0	0	0	0	0	1	0	0
A	AB	3	71	9	1	BA1651	18127	3	5	1	1	0	0	0	0	0	0	0
A	AB	3	71	9	1	BA1651	18137	5	4	0	0	0	0	0	0	0	0	0
A	AB	3	71	9	1	BA1651	18153	4	0	0	0	0	0	0	1	0	0	0
A	AB	3	71	9	1	BA1651	18173	4	5	1	1	0	0	0	0	0	0	0
A	AB	3	71	9	1	BA1651	18183	5	4	0	0	0	0	0	0	0	0	0
A	AB	3	71	9	1	BA1651	18278	4	0	0	0	0	0	0	1	0	0	0
A	AB	3	71	9	1	BA1651	18304	4	5	1	1	0	0	0	0	0	0	0
A	AB	3	71	9	1	BA1651	18314	5	4	0	0	0	0	0	0	0	0	0
A	AB	3	71	9	1	BA1651	18345	4	0	0	0	0	0	0	1	0	0	0
A	AB	3	71	9	1	BA1651	18406	4	5	1	1	0	0	0	0	0	0	0
A	AB	3	71	9	1	BA1651	18416	5	4	0	0	0	0	0	0	0	0	0
A	AB	3	71	9	1	BA1651	18485	4	0	0	0	0	0	0	1	0	0	0
A	AB	3	71	9	1	BA1651	18508	4	5	1	1	0	0	0	0	0	0	0
A	AB	3	71	9	1	BA1651	18518	5	9	0	0	0	0	0	0	0	0	0
A	AB	3	71	9	1	BA1651	18528	9	10	0	0	0	0	0	0	0	0	0
A	AB	3	71	9	1	BA1651	18539	10	0	0	0	0	0	0	1	0	0	0
A	AB	3	71	9	1	BA1651	18603	10	2	0	0	0	0	0	0	0	0	0
A	AB	3	71	9	1	BA1651	18604	2	3	0	0	0	0	0	0	0	0	0
A	AB	3	71	9	1	BA1651	18628	3	5	1	1	0	0	0	0	0	0	0
A	AB	3	71	9	1	BA1651	18638	5	4	0	0	0	0	0	0	0	0	0
A	AB	3	71	9	1	BA1651	18744	4	0	0	0	0	0	0	1	0	0	0
A	AB	3	71	9	1	BA1651	18809	4	5	1	1	0	0	0	0	0	0	0
A	AB	3	71	9	1	BA1651	18819	5	4	0	0	0	0	0	0	0	0	0
A	AB	3	71	9	1	BA1651	18845	4	0	0	0	0	0	0	1	0	0	0
A	AB	3	71	9	1	BA1651	18851	4	5	1	1	0	0	0	0	0	0	0
A	AB	3	71	9	1	BA1651	18861	5	4	0	0	0	0	0	0	0	0	0
A	AB	3	71	9	1	BA1651	18899	4	0	0	0	0	0	0	1	0	0	0
A	AB	3	71	9	1	BA1651	18968	4	5	1	1	0	0	0	0	0	0	0
A	AB	3	71	9	1	BA1651	18978	5	4	0	0	0	0	0	0	0	0	0
A	AB	3	71	9	1	BA1651	19129	4	0	0	0	0	0	0	1	0	0	0
A	AB	3	71	9	1	BA1651	19335	4	5	1	1	0	0	0	0	0	0	0
A	AB	3	71	9	1	BA1651	19345	5	9	0	0	0	0	0	0	0	0	0
A	AB	3	71	9	1	BA1651	19355	9	-1	0	0	0	0	0	0	0	0	0
