Project	UserID	Protocol	Session	Station	Run	Subject	Time	Current State	Transition State	Transition Event	A1 - LEFT	A2 - RIGH	A3 - 	A4 - 	A[1] LEFT	A[2] RIGH	A[3] 	A[4] 
A	EF	9	101	1	1	BA1652	0	0	1	0	0	0	0	0	0	0	0	0
A	EF	9	101	1	1	BA1652	50	1	2	0	0	0	0	0	0	0	0	0
A	EF	9	101	1	1	BA1652	51	2	3	0	0	0	0	0	0	0	0	0
A	EF	9	101	1	1	BA1652	288	3	5	1	1	0	0	0	0	0	0	0
A	EF	9	101	1	1	BA1652	298	5	4	0	0	0	0	0	0	0	0	0
A	EF	9	101	1	1	BA1652	339	4	0	0	0	0	0	0	1	0	0	0
A	EF	9	101	1	1	BA1652	375	4	5	1	1	0	0	0	0	0	0	0
A	EF	9	101	1	1	BA1652	385	5	4	0	0	0	0	0	0	0	0	0
A	EF	9	101	1	1	BA1652	393	4	0	0	0	0	0	0	1	0	0	0
A	EF	9	101	1	1	BA1652	403	4	5	1	1	0	0	0	0	0	0	0
A	EF	9	101	1	1	BA1652	405	5	0	0	0	0	0	0	1	0	0	0
A	EF	9	101	1	1	BA1652	413	5	4	0	0	0	0	0	0	0	0	0
A	EF	9	101	1	1	BA1652	417	4	5	1	1	0	0	0	0	0	0	0
A	EF	9	101	1	1	BA1652	427	5	4	0	0	0	0	0	0	0	0	0
A	EF	9	101	1	1	BA1652	461	4	0	0	0	0	0	0	1	0	0	0
A	EF	9	101	1	1	BA1652	487	4	5	1	1	0	0	0	0	0	0	0
A	EF	9	101	1	1	BA1652	494	5	0	0	0	0	0	0	1	0	0	0
A	EF	9	101	1	1	BA1652	497	5	9	0	0	0	0	0	0	0	0	0
A	EF	9	101	1	1	BA1652	507	9	10	0	0	0	0	0	0	0	0	0
A	EF	9	101	1	1	BA1652	582	10	2	0	0	0	0	0	0	0	0	0
A	EF	9	101	1	1	BA1652	583	2	3	0	0	0	0	0	0	0	0	0
A	EF	9	101	1	1	BA1652	612	3	5	1	1	0	0	0	0	0	0	0
A	EF	9	101	1	1	BA1652	622	5	4	0	0	0	0	0	0	0	0	0
A	EF	9	101	1	1	BA1652	632	4	0	0	0	0	0	0	1	0	0	0
A	EF	9	101	1	1	BA1652	634	4	5	1	1	0	0	0	0	0	0	0
A	EF	9	101	1	1	BA1652	644	5	4	0	1	0	0	0	1	0	0	0
A	EF	9	101	1	1	BA1652	646	4	0	0	0	0	0	0	1	0	0	0
A	EF	9	101	1	1	BA1652	650	4	5	1	1	0	0	0	0	0	0	0
A	EF	9	101	1	1	BA1652	658	5	0	0	0	0	0	0	1	0	0	0
A	EF	9	101	1	1	BA1652	660	5	4	0	0	0	0	0	0	0	0	0
A	EF	9	101	1	1	BA1652	664	4	5	1	1	0	0	0	0	0	0	0
A	EF	9	101	1	1	BA1652	668	5	0	0	0	0	0	0	1	0	0	0
A	EF	9	101	1	1	BA1652	674	5	4	0	0	0	0	0	0	0	0	0
A	EF	9	101	1	1	BA1652	696	4	5	1	1	0	0	0	0	0	0	0
A	EF	9	101	1	1	BA1652	698	5	0	0	0	0	0	0	1	0	0	0
A	EF	9	101	1	1	BA1652	706	5	9	0	0	0	0	0	0	0	0	0
A	EF	9	101	1	1	BA1652	716	9	10	0	0	0	0	0	0	0	0	0
A	EF	9	101	1	1	BA1652	791	10	2	0	0	0	0	0	0	0	0	0
A	EF	9	101	1	1	BA1652	792	2	3	0	0	0	0	0	0	0	0	0
A	EF	9	101	1	1	BA1652	900	3	5	1	1	0	0	0	0	0	0	0
A	EF	9	101	1	1	BA1652	906	5	0	0	1	0	0	0	1	0	0	0
A	EF	9	101	1	1	BA1652	910	5	4	0	0	0	0	0	0	0	0	0
A	EF	9	101	1	1	BA1652	927	4	0	0	0	0	0	0	1	0	0	0
A	EF	9	101	1	1	BA1652	981	4	5	1	1	0	0	0	0	0	0	0
A	EF	9	101	1	1	BA1652	983	5	0	0	0	0	0	0	1	0	0	0
A	EF	9	101	1	1	BA1652	991	5	4	0	0	0	0	0	0	0	0	0
A	EF	9	101	1	1	BA1652	1006	4	5	1	1	0	0	0	0	0	0	0
A	EF	9	101	1	1	BA1652	1009	5	0	0	0	0	0	0	1	0	0	0
A	EF	9	101	1	1	BA1652	1011	5	0	0	1	0	0	0	0	0	0	0
A	EF	9	101	1	1	BA1652	1016	5	4	0	0	0	0	0	1	0	0	0
A	EF	9	101	1	1	BA1652	1052	4	5	1	1	0	0	0	0	0	0	0
A	EF	9	101	1	1	BA1652	1054	5	0	0	0	0	0	0	1	0	0	0
A	EF	9	101	1	1	BA1652	1062	5	4	0	1	0	0	0	0	0	0	0
A	EF	9	101	1	1	BA1652	1068	4	0	0	0	0	0	0	1	0	0	0
A	EF	9	101	1	1	BA1652	1140	4	5	1	1	0	0	0	0	0	0	0
A	EF	9	101	1	1	BA1652	1149	5	0	0	0	0	0	0	1	0	0	0
A	EF	9	101	1	1	BA1652	1150	5	9	0	0	0	0	0	0	0	0	0
A	EF	9	101	1	1	BA1652	1160	9	10	0	0	0	0	0	0	0	0	0
A	EF	9	101	1	1	BA1652	1163	10	0	0	1	0	0	0	0	0	0	0
A	EF	9	101	1	1	BA1652	1165	10	0	0	0	0	0	0	1	0	0	0
A	EF	9	101	1	1	BA1652	1235	10	2	0	0	0	0	0	0	0	0	0
A	EF	9	101	1	1	BA1652	1236	2	6	0	0	0	0	0	0	0	0	0
A	EF	9	101	1	1	BA1652	5174	6	8	2	0	1	0	0	0	0	0	0
A	EF	9	101	1	1	BA1652	5181	8	0	0	0	0	0	0	0	1	0	0
A	EF	9	101	1	1	BA1652	5184	8	7	0	0	1	0	0	0	0	0	0
A	EF	9	101	1	1	BA1652	5194	7	0	0	0	0	0	0	0	1	0	0
A	EF	9	101	1	1	BA1652	5195	7	8	2	0	1	0	0	0	0	0	0
A	EF	9	101	1	1	BA1652	5197	8	0	0	0	0	0	0	0	1	0	0
A	EF	9	101	1	1	BA1652	5203	8	0	0	0	1	0	0	0	0	0	0
A	EF	9	101	1	1	BA1652	5205	8	7	0	0	0	0	0	0	0	0	0
A	EF	9	101	1	1	BA1652	5208	7	0	0	0	0	0	0	0	1	0	0
A	EF	9	101	1	1	BA1652	5213	7	8	2	0	1	0	0	0	0	0	0
A	EF	9	101	1	1	BA1652	5217	8	0	0	0	0	0	0	0	1	0	0
A	EF	9	101	1	1	BA1652	5223	8	7	0	0	0	0	0	0	0	0	0
A	EF	9	101	1	1	BA1652	5250	7	8	2	0	1	0	0	0	0	0	0
A	EF	9	101	1	1	BA1652	5256	8	0	0	0	0	0	0	0	1	0	0
A	EF	9	101	1	1	BA1652	5260	8	7	0	0	0	0	0	0	0	0	0
A	EF	9	101	1	1	BA1652	5265	7	8	2	0	1	0	0	0	0	0	0
A	EF	9	101	1	1	BA1652	5275	8	7	0	0	0	0	0	0	0	0	0
A	EF	9	101	1	1	BA1652	5301	7	0	0	0	0	0	0	0	1	0	0
A	EF	9	101	1	1	BA1652	5302	7	8	2	0	1	0	0	0	0	0	0
A	EF	9	101	1	1	BA1652	5312	8	7	0	0	0	0	0	0	0	0	0
A	EF	9	101	1	1	BA1652	5320	7	0	0	0	0	0	0	0	1	0	0
A	EF	9	101	1	1	BA1652	5331	7	8	2	0	1	0	0	0	0	0	0
A	EF	9	101	1	1	BA1652	5337	8	0	0	0	0	0	0	0	1	0	0
A	EF	9	101	1	1	BA1652	5340	8	0	0	0	1	0	0	0	0	0	0
A	EF	9	101	1	1	BA1652	5341	8	7	0	0	0	0	0	0	1	0	0
A	EF	9	101	1	1	BA1652	5388	7	8	2	0	1	0	0	0	0	0	0
A	EF	9	101	1	1	BA1652	5398	8	7	0	0	0	0	0	0	0	0	0
A	EF	9	101	1	1	BA1652	5444	7	0	0	0	0	0	0	0	1	0	0
A	EF	9	101	1	1	BA1652	5528	7	8	2	0	1	0	0	0	0	0	0
A	EF	9	101	1	1	BA1652	5529	8	0	0	0	0	0	0	0	1	0	0
A	EF	9	101	1	1	BA1652	5530	8	0	0	0	1	0	0	0	0	0	0
A	EF	9	101	1	1	BA1652	5538	8	7	0	0	0	0	0	0	0	0	0
A	EF	9	101	1	1	BA1652	5541	7	0	0	0	0	0	0	0	1	0	0
A	EF	9	101	1	1	BA1652	5545	7	8	2	0	1	0	0	0	0	0	0
A	EF	9	101	1	1	BA1652	5550	8	0	0	0	0	0	0	0	1	0	0
A	EF	9	101	1	1	BA1652	5555	8	7	0	0	0	0	0	0	0	0	0
A	EF	9	101	1	1	BA1652	5633	7	8	2	0	1	0	0	0	0	0	0
A	EF	9	101	1	1	BA1652	5643	8	7	0	0	0	0	0	0	0	0	0
A	EF	9	101	1	1	BA1652	5664	7	0	0	0	0	0	0	0	1	0	0
A	EF	9	101	1	1	BA1652	5668	7	8	2	0	1	0	0	0	0	0	0
A	EF	9	101	1	1	BA1652	5670	8	0	0	0	0	0	0	0	1	0	0
A	EF	9	101	1	1	BA1652	5678	8	7	0	0	0	0	0	0	0	0	0
A	EF	9	101	1	1	BA1652	5704	7	8	2	0	1	0	0	0	0	0	0
A	EF	9	101	1	1	BA1652	5711	8	0	0	0	0	0	0	0	1	0	0
A	EF	9	101	1	1	BA1652	5714	8	7	0	0	0	0	0	0	0	0	0
A	EF	9	101	1	1	BA1652	5786	7	8	2	0	1	0	0	0	0	0	0
A	EF	9	101	1	1	BA1652	5796	8	7	0	0	0	0	0	0	0	0	0
A	EF	9	101	1	1	BA1652	5818	7	0	0	0	0	0	0	0	1	0	0
A	EF	9	101	1	1	BA1652	5864	7	8	2	0	1	0	0	0	0	0	0
A	EF	9	101	1	1	BA1652	5874	8	7	0	0	0	0	0	0	0	0	0
A	EF	9	101	1	1	BA1652	5875	7	0	0	0	0	0	0	0	1	0	0
A	EF	9	101	1	1	BA1652	5879	7	8	2	0	1	0	0	0	0	0	0
A	EF	9	101	1	1	BA1652	5880	8	0	0	0	0	0	0	0	1	0	0
A	EF	9	101	1	1	BA1652	5882	8	0	0	0	1	0	0	0	0	0	0
A	EF	9	101	1	1	BA1652	5889	8	7	0	0	0	0	0	0	0	0	0
A	EF	9	101	1	1	BA1652	5894	7	0	0	0	0	0	0	0	1	0	0
A	EF	9	101	1	1	BA1652	5901	7	8	2	0	1	0	0	0	0	0	0
A	EF	9	101	1	1	BA1652	5911	8	7	0	0	0	0	0	0	0	0	0
A	EF	9	101	1	1	BA1652	5913	7	0	0	0	0	0	0	0	1	0	0
A	EF	9	101	1	1	BA1652	5915	7	8	2	0	1	0	0	0	0	0	0
A	EF	9	101	1	1	BA1652	5923	8	0	0	0	0	0	0	0	1	0	0
A	EF	9	101	1	1	BA1652	5925	8	7	0	0	0	0	0	0	0	0	0
A	EF	9	101	1	1	BA1652	5983	7	8	2	0	1	0	0	0	0	0	0
A	EF	9	101	1	1	BA1652	5990	8	0	0	0	0	0	0	0	1	0	0
A	EF	9	101	1	1	BA1652	5993	8	7	0	0	0	0	0	0	0	0	0
A	EF	9	101	1	1	BA1652	5995	7	8	2	0	1	0	0	0	0	0	0
A	EF	9	101	1	1	BA1652	6001	8	0	0	0	0	0	0	0	1	0	0
A	EF	9	101	1	1	BA1652	6005	8	9	0	0	0	0	0	0	0	0	0
A	EF	9	101	1	1	BA1652	6007	9	0	0	0	1	0	0	0	0	0	0
A	EF	9	101	1	1	BA1652	6014	9	0	0	0	0	0	0	0	1	0	0
A	EF	9	101	1	1	BA1652	6015	9	10	0	0	0	0	0	0	0	0	0
A	EF	9	101	1	1	BA1652	6090	10	2	0	0	0	0	0	0	0	0	0
A	EF	9	101	1	1	BA1652	6091	2	6	0	0	0	0	0	0	0	0	0
A	EF	9	101	1	1	BA1652	6288	6	0	0	1	0	0	0	0	0	0	0
A	EF	9	101	1	1	BA1652	6301	6	0	0	0	0	0	0	1	0	0	0
A	EF	9	101	1	1	BA1652	6393	6	8	2	0	1	0	0	0	0	0	0
A	EF	9	101	1	1	BA1652	6401	8	0	0	0	0	0	0	0	1	0	0
A	EF	9	101	1	1	BA1652	6403	8	7	0	0	0	0	0	0	0	0	0
A	EF	9	101	1	1	BA1652	6435	7	8	2	0	1	0	0	0	0	0	0
A	EF	9	101	1	1	BA1652	6437	8	0	0	0	0	0	0	0	1	0	0
A	EF	9	101	1	1	BA1652	6444	8	0	0	0	1	0	0	0	0	0	0
A	EF	9	101	1	1	BA1652	6445	8	7	0	0	0	0	0	0	0	0	0
A	EF	9	101	1	1	BA1652	6450	7	0	0	0	0	0	0	0	1	0	0
A	EF	9	101	1	1	BA1652	6583	7	8	2	0	1	0	0	0	0	0	0
A	EF	9	101	1	1	BA1652	6593	8	7	0	0	0	0	0	0	0	0	0
A	EF	9	101	1	1	BA1652	6605	7	0	0	0	0	0	0	0	1	0	0
A	EF	9	101	1	1	BA1652	6606	7	8	2	0	1	0	0	0	0	0	0
A	EF	9	101	1	1	BA1652	6616	8	7	0	0	0	0	0	0	0	0	0
A	EF	9	101	1	1	BA1652	6622	7	0	0	0	0	0	0	0	1	0	0
A	EF	9	101	1	1	BA1652	6625	7	8	2	0	1	0	0	0	0	0	0
A	EF	9	101	1	1	BA1652	6635	8	7	0	0	0	0	0	0	0	0	0
A	EF	9	101	1	1	BA1652	6636	7	0	0	0	0	0	0	0	1	0	0
A	EF	9	101	1	1	BA1652	6639	7	8	2	0	1	0	0	0	0	0	0
A	EF	9	101	1	1	BA1652	6641	8	0	0	0	0	0	0	0	1	0	0
A	EF	9	101	1	1	BA1652	6649	8	7	0	0	0	0	0	0	0	0	0
A	EF	9	101	1	1	BA1652	6705	7	8	2	0	1	0	0	0	0	0	0
A	EF	9	101	1	1	BA1652	6706	8	0	0	0	0	0	0	0	1	0	0
A	EF	9	101	1	1	BA1652	6715	8	7	0	0	0	0	0	0	0	0	0
A	EF	9	101	1	1	BA1652	6718	7	8	2	0	1	0	0	0	0	0	0
A	EF	9	101	1	1	BA1652	6725	8	0	0	0	0	0	0	0	1	0	0
A	EF	9	101	1	1	BA1652	6728	8	7	0	0	0	0	0	0	0	0	0
A	EF	9	101	1	1	BA1652	6732	7	8	2	0	1	0	0	0	0	0	0
A	EF	9	101	1	1	BA1652	6733	8	0	0	0	0	0	0	0	1	0	0
A	EF	9	101	1	1	BA1652	6742	8	7	0	0	0	0	0	0	0	0	0
A	EF	9	101	1	1	BA1652	6745	7	8	2	0	1	0	0	0	0	0	0
A	EF	9	101	1	1	BA1652	6747	8	0	0	0	0	0	0	0	1	0	0
A	EF	9	101	1	1	BA1652	6755	8	7	0	0	0	0	0	0	0	0	0
A	EF	9	101	1	1	BA1652	6761	7	8	2	0	1	0	0	0	0	0	0
A	EF	9	101	1	1	BA1652	6763	8	0	0	0	0	0	0	0	1	0	0
A	EF	9	101	1	1	BA1652	6771	8	7	0	0	0	0	0	0	0	0	0
A	EF	9	101	1	1	BA1652	6793	7	8	2	0	1	0	0	0	0	0	0
A	EF	9	101	1	1	BA1652	6795	8	0	0	0	0	0	0	0	1	0	0
A	EF	9	101	1	1	BA1652	6801	8	0	0	0	1	0	0	0	0	0	0
A	EF	9	101	1	1	BA1652	6803	8	7	0	0	0	0	0	0	0	0	0
A	EF	9	101	1	1	BA1652	6805	7	0	0	0	0	0	0	0	1	0	0
A	EF	9	101	1	1	BA1652	6810	7	8	2	0	1	0	0	0	0	0	0
A	EF	9	101	1	1	BA1652	6820	8	7	0	0	0	0	0	0	0	0	0
A	EF	9	101	1	1	BA1652	6837	7	0	0	0	0	0	0	0	1	0	0
A	EF	9	101	1	1	BA1652	6841	7	8	2	0	1	0	0	0	0	0	0
A	EF	9	101	1	1	BA1652	6849	8	0	0	0	0	0	0	0	1	0	0
A	EF	9	101	1	1	BA1652	6851	8	7	0	0	0	0	0	0	0	0	0
A	EF	9	101	1	1	BA1652	6854	7	8	2	0	1	0	0	0	0	0	0
A	EF	9	101	1	1	BA1652	6856	8	0	0	0	0	0	0	0	1	0	0
A	EF	9	101	1	1	BA1652	6864	8	7	0	0	0	0	0	0	0	0	0
A	EF	9	101	1	1	BA1652	6929	7	8	2	0	1	0	0	0	0	0	0
A	EF	9	101	1	1	BA1652	6931	8	0	0	0	0	0	0	0	1	0	0
A	EF	9	101	1	1	BA1652	6932	8	0	0	0	1	0	0	0	0	0	0
A	EF	9	101	1	1	BA1652	6936	8	0	0	0	0	0	0	0	1	0	0
A	EF	9	101	1	1	BA1652	6938	8	0	0	0	1	0	0	0	0	0	0
A	EF	9	101	1	1	BA1652	6939	8	7	0	0	0	0	0	0	0	0	0
A	EF	9	101	1	1	BA1652	6978	7	0	0	0	0	0	0	0	1	0	0
A	EF	9	101	1	1	BA1652	7011	7	8	2	0	1	0	0	0	0	0	0
A	EF	9	101	1	1	BA1652	7012	8	0	0	0	0	0	0	0	1	0	0
A	EF	9	101	1	1	BA1652	7020	8	0	0	0	1	0	0	0	0	0	0
A	EF	9	101	1	1	BA1652	7021	8	7	0	0	0	0	0	0	0	0	0
A	EF	9	101	1	1	BA1652	7022	7	0	0	0	0	0	0	0	1	0	0
A	EF	9	101	1	1	BA1652	7028	7	8	2	0	1	0	0	0	0	0	0
A	EF	9	101	1	1	BA1652	7030	8	0	0	0	0	0	0	0	1	0	0
A	EF	9	101	1	1	BA1652	7038	8	7	0	0	0	0	0	0	0	0	0
A	EF	9	101	1	1	BA1652	7052	7	8	2	0	1	0	0	0	0	0	0
A	EF	9	101	1	1	BA1652	7054	8	0	0	0	0	0	0	0	1	0	0
A	EF	9	101	1	1	BA1652	7059	8	0	0	0	1	0	0	0	0	0	0
A	EF	9	101	1	1	BA1652	7062	8	7	0	0	0	0	0	0	1	0	0
A	EF	9	101	1	1	BA1652	7068	7	8	2	0	1	0	0	0	0	0	0
A	EF	9	101	1	1	BA1652	7075	8	0	0	0	0	0	0	0	1	0	0
A	EF	9	101	1	1	BA1652	7078	8	9	0	0	0	0	0	0	0	0	0
A	EF	9	101	1	1	BA1652	7088	9	10	0	0	0	0	0	0	0	0	0
A	EF	9	101	1	1	BA1652	7163	10	2	0	0	0	0	0	0	0	0	0
A	EF	9	101	1	1	BA1652	7164	2	6	0	0	0	0	0	0	0	0	0
A	EF	9	101	1	1	BA1652	7374	6	8	2	0	1	0	0	0	0	0	0
A	EF	9	101	1	1	BA1652	7376	8	0	0	0	0	0	0	0	1	0	0
A	EF	9	101	1	1	BA1652	7384	8	7	0	0	0	0	0	0	0	0	0
A	EF	9	101	1	1	BA1652	7395	7	8	2	0	1	0	0	0	0	0	0
A	EF	9	101	1	1	BA1652	7405	8	7	0	0	0	0	0	0	0	0	0
A	EF	9	101	1	1	BA1652	7406	7	0	0	0	0	0	0	0	1	0	0
A	EF	9	101	1	1	BA1652	7411	7	8	2	0	1	0	0	0	0	0	0
A	EF	9	101	1	1	BA1652	7417	8	0	0	0	0	0	0	0	1	0	0
A	EF	9	101	1	1	BA1652	7419	8	0	0	0	1	0	0	0	0	0	0
A	EF	9	101	1	1	BA1652	7421	8	7	0	0	0	0	0	0	0	0	0
A	EF	9	101	1	1	BA1652	7439	7	0	0	0	0	0	0	0	1	0	0
A	EF	9	101	1	1	BA1652	7448	7	8	2	0	1	0	0	0	0	0	0
A	EF	9	101	1	1	BA1652	7450	8	0	0	0	0	0	0	0	1	0	0
A	EF	9	101	1	1	BA1652	7458	8	7	0	0	0	0	0	0	0	0	0
A	EF	9	101	1	1	BA1652	7500	7	8	2	0	1	0	0	0	0	0	0
A	EF	9	101	1	1	BA1652	7502	8	0	0	0	0	0	0	0	1	0	0
A	EF	9	101	1	1	BA1652	7510	8	7	0	0	0	0	0	0	0	0	0
A	EF	9	101	1	1	BA1652	7545	7	8	2	0	1	0	0	0	0	0	0
A	EF	9	101	1	1	BA1652	7548	8	0	0	0	0	0	0	0	1	0	0
A	EF	9	101	1	1	BA1652	7550	8	0	0	0	1	0	0	0	0	0	0
A	EF	9	101	1	1	BA1652	7554	8	0	0	0	0	0	0	0	1	0	0
A	EF	9	101	1	1	BA1652	7555	8	7	0	0	0	0	0	0	0	0	0
A	EF	9	101	1	1	BA1652	7632	7	8	2	0	1	0	0	0	0	0	0
A	EF	9	101	1	1	BA1652	7636	8	0	0	0	0	0	0	0	1	0	0
A	EF	9	101	1	1	BA1652	7638	8	0	0	0	1	0	0	0	0	0	0
A	EF	9	101	1	1	BA1652	7642	8	7	0	0	0	0	0	0	0	0	0
A	EF	9	101	1	1	BA1652	7653	7	0	0	0	0	0	0	0	1	0	0
A	EF	9	101	1	1	BA1652	7655	7	8	2	0	1	0	0	0	0	0	0
A	EF	9	101	1	1	BA1652	7662	8	0	0	0	0	0	0	0	1	0	0
A	EF	9	101	1	1	BA1652	7663	8	0	0	0	1	0	0	0	0	0	0
A	EF	9	101	1	1	BA1652	7665	8	7	0	0	0	0	0	0	0	0	0
A	EF	9	101	1	1	BA1652	7687	7	0	0	0	0	0	0	0	1	0	0
A	EF	9	101	1	1	BA1652	7719	7	8	2	0	1	0	0	0	0	0	0
A	EF	9	101	1	1	BA1652	7729	8	7	0	0	0	0	0	0	1	0	0
A	EF	9	101	1	1	BA1652	7730	7	8	2	0	1	0	0	0	0	0	0
A	EF	9	101	1	1	BA1652	7740	8	7	0	0	0	0	0	0	0	0	0
A	EF	9	101	1	1	BA1652	7769	7	0	0	0	0	0	0	0	1	0	0
A	EF	9	101	1	1	BA1652	7778	7	8	2	0	1	0	0	0	0	0	0
A	EF	9	101	1	1	BA1652	7781	8	0	0	0	0	0	0	0	1	0	0
A	EF	9	101	1	1	BA1652	7788	8	7	0	0	0	0	0	0	0	0	0
A	EF	9	101	1	1	BA1652	7829	7	8	2	0	1	0	0	0	0	0	0
A	EF	9	101	1	1	BA1652	7839	8	7	0	0	0	0	0	0	0	0	0
A	EF	9	101	1	1	BA1652	7850	7	8	2	0	1	0	0	0	1	0	0
A	EF	9	101	1	1	BA1652	7860	8	7	0	0	0	0	0	0	0	0	0
A	EF	9	101	1	1	BA1652	7862	7	0	0	0	0	0	0	0	1	0	0
A	EF	9	101	1	1	BA1652	7892	7	8	2	0	1	0	0	0	0	0	0
A	EF	9	101	1	1	BA1652	7894	8	0	0	0	0	0	0	0	1	0	0
A	EF	9	101	1	1	BA1652	7902	8	7	0	0	0	0	0	0	0	0	0
A	EF	9	101	1	1	BA1652	7906	7	8	2	0	1	0	0	0	0	0	0
A	EF	9	101	1	1	BA1652	7909	8	0	0	0	0	0	0	0	1	0	0
A	EF	9	101	1	1	BA1652	7916	8	7	0	0	0	0	0	0	0	0	0
A	EF	9	101	1	1	BA1652	7976	7	8	2	0	1	0	0	0	0	0	0
A	EF	9	101	1	1	BA1652	7977	8	0	0	0	0	0	0	0	1	0	0
A	EF	9	101	1	1	BA1652	7981	8	0	0	0	1	0	0	0	0	0	0
A	EF	9	101	1	1	BA1652	7986	8	7	0	0	0	0	0	0	0	0	0
A	EF	9	101	1	1	BA1652	7989	7	0	0	0	0	0	0	0	1	0	0
A	EF	9	101	1	1	BA1652	7992	7	8	2	0	1	0	0	0	0	0	0
A	EF	9	101	1	1	BA1652	7998	8	0	0	0	0	0	0	0	1	0	0
A	EF	9	101	1	1	BA1652	8002	8	7	0	0	0	0	0	0	0	0	0
A	EF	9	101	1	1	BA1652	8033	7	8	2	0	1	0	0	0	0	0	0
A	EF	9	101	1	1	BA1652	8036	8	0	0	0	0	0	0	0	1	0	0
A	EF	9	101	1	1	BA1652	8043	8	7	0	0	0	0	0	0	0	0	0
A	EF	9	101	1	1	BA1652	8120	7	8	2	0	1	0	0	0	0	0	0
A	EF	9	101	1	1	BA1652	8129	8	0	0	0	0	0	0	0	1	0	0
A	EF	9	101	1	1	BA1652	8130	8	7	0	0	0	0	0	0	0	0	0
A	EF	9	101	1	1	BA1652	8199	7	8	2	0	1	0	0	0	0	0	0
A	EF	9	101	1	1	BA1652	8205	8	0	0	0	0	0	0	0	1	0	0
A	EF	9	101	1	1	BA1652	8209	8	9	0	0	0	0	0	0	0	0	0
A	EF	9	101	1	1	BA1652	8219	9	10	0	0	0	0	0	0	0	0	0
A	EF	9	101	1	1	BA1652	8294	10	2	0	0	0	0	0	0	0	0	0
A	EF	9	101	1	1	BA1652	8295	2	3	0	0	0	0	0	0	0	0	0
A	EF	9	101	1	1	BA1652	8400	3	5	1	1	0	0	0	0	0	0	0
A	EF	9	101	1	1	BA1652	8402	5	0	0	0	0	0	0	1	0	0	0
A	EF	9	101	1	1	BA1652	8406	5	0	0	1	0	0	0	0	0	0	0
A	EF	9	101	1	1	BA1652	8409	5	0	0	0	0	0	0	1	0	0	0
A	EF	9	101	1	1	BA1652	8410	5	4	0	0	0	0	0	0	0	0	0
A	EF	9	101	1	1	BA1652	8424	4	5	1	1	0	0	0	0	0	0	0
A	EF	9	101	1	1	BA1652	8434	5	4	0	0	0	0	0	0	0	0	0
A	EF	9	101	1	1	BA1652	8435	4	0	0	0	0	0	0	1	0	0	0
A	EF	9	101	1	1	BA1652	8458	4	5	1	1	0	0	0	0	0	0	0
A	EF	9	101	1	1	BA1652	8468	5	4	0	0	0	0	0	0	0	0	0
A	EF	9	101	1	1	BA1652	8470	4	0	0	0	0	0	0	1	0	0	0
A	EF	9	101	1	1	BA1652	8475	4	5	1	1	0	0	0	0	0	0	0
A	EF	9	101	1	1	BA1652	8482	5	0	0	0	0	0	0	1	0	0	0
A	EF	9	101	1	1	BA1652	8485	5	4	0	0	0	0	0	0	0	0	0
A	EF	9	101	1	1	BA1652	8492	4	5	1	1	0	0	0	0	0	0	0
A	EF	9	101	1	1	BA1652	8502	5	9	0	0	0	0	0	0	0	0	0
A	EF	9	101	1	1	BA1652	8509	9	0	0	0	0	0	0	1	0	0	0
A	EF	9	101	1	1	BA1652	8511	9	0	0	1	0	0	0	0	0	0	0
A	EF	9	101	1	1	BA1652	8512	9	10	0	0	0	0	0	0	0	0	0
A	EF	9	101	1	1	BA1652	8515	10	0	0	0	0	0	0	1	0	0	0
A	EF	9	101	1	1	BA1652	8587	10	2	0	0	0	0	0	0	0	0	0
A	EF	9	101	1	1	BA1652	8588	2	3	0	0	0	0	0	0	0	0	0
A	EF	9	101	1	1	BA1652	8665	3	5	1	1	0	0	0	0	0	0	0
A	EF	9	101	1	1	BA1652	8675	5	4	0	0	0	0	0	1	0	0	0
A	EF	9	101	1	1	BA1652	8756	4	5	1	1	0	0	0	0	0	0	0
A	EF	9	101	1	1	BA1652	8761	5	0	0	0	0	0	0	1	0	0	0
A	EF	9	101	1	1	BA1652	8766	5	4	0	0	0	0	0	0	0	0	0
A	EF	9	101	1	1	BA1652	8794	4	5	1	1	0	0	0	0	0	0	0
A	EF	9	101	1	1	BA1652	8798	5	0	0	0	0	0	0	1	0	0	0
A	EF	9	101	1	1	BA1652	8804	5	4	0	0	0	0	0	0	0	0	0
A	EF	9	101	1	1	BA1652	8846	4	5	1	1	0	0	0	0	0	0	0
A	EF	9	101	1	1	BA1652	8854	5	0	0	0	0	0	0	1	0	0	0
A	EF	9	101	1	1	BA1652	8856	5	4	0	0	0	0	0	0	0	0	0
A	EF	9	101	1	1	BA1652	8862	4	5	1	1	0	0	0	0	0	0	0
A	EF	9	101	1	1	BA1652	8868	5	0	0	0	0	0	0	1	0	0	0
A	EF	9	101	1	1	BA1652	8872	5	9	0	0	0	0	0	0	0	0	0
A	EF	9	101	1	1	BA1652	8880	9	0	0	1	0	0	0	0	0	0	0
A	EF	9	101	1	1	BA1652	8882	9	10	0	0	0	0	0	0	0	0	0
A	EF	9	101	1	1	BA1652	8891	10	0	0	0	0	0	0	1	0	0	0
A	EF	9	101	1	1	BA1652	8957	10	2	0	0	0	0	0	0	0	0	0
A	EF	9	101	1	1	BA1652	8958	2	6	0	0	0	0	0	0	0	0	0
A	EF	9	101	1	1	BA1652	11477	6	0	0	1	0	0	0	0	0	0	0
A	EF	9	101	1	1	BA1652	11486	6	0	0	0	0	0	0	1	0	0	0
A	EF	9	101	1	1	BA1652	11620	6	8	2	0	1	0	0	0	0	0	0
A	EF	9	101	1	1	BA1652	11628	8	0	0	0	0	0	0	0	1	0	0
A	EF	9	101	1	1	BA1652	11630	8	7	0	0	0	0	0	0	0	0	0
A	EF	9	101	1	1	BA1652	11660	7	8	2	0	1	0	0	0	0	0	0
A	EF	9	101	1	1	BA1652	11668	8	0	0	0	0	0	0	0	1	0	0
A	EF	9	101	1	1	BA1652	11670	8	7	0	0	0	0	0	0	0	0	0
A	EF	9	101	1	1	BA1652	11685	7	8	2	0	1	0	0	0	0	0	0
A	EF	9	101	1	1	BA1652	11690	8	0	0	0	0	0	0	0	1	0	0
A	EF	9	101	1	1	BA1652	11695	8	7	0	0	0	0	0	0	0	0	0
A	EF	9	101	1	1	BA1652	11785	7	8	2	0	1	0	0	0	0	0	0
A	EF	9	101	1	1	BA1652	11786	8	0	0	0	0	0	0	0	1	0	0
A	EF	9	101	1	1	BA1652	11795	8	7	0	0	0	0	0	0	0	0	0
A	EF	9	101	1	1	BA1652	11811	7	8	2	0	1	0	0	0	0	0	0
A	EF	9	101	1	1	BA1652	11818	8	0	0	0	0	0	0	0	1	0	0
A	EF	9	101	1	1	BA1652	11821	8	7	0	0	0	0	0	0	0	0	0
A	EF	9	101	1	1	BA1652	11850	7	8	2	0	1	0	0	0	0	0	0
A	EF	9	101	1	1	BA1652	11851	8	0	0	0	0	0	0	0	1	0	0
A	EF	9	101	1	1	BA1652	11852	8	0	0	0	1	0	0	0	0	0	0
A	EF	9	101	1	1	BA1652	11860	8	7	0	0	0	0	0	0	0	0	0
A	EF	9	101	1	1	BA1652	11863	7	0	0	0	0	0	0	0	1	0	0
A	EF	9	101	1	1	BA1652	11864	7	8	2	0	1	0	0	0	0	0	0
A	EF	9	101	1	1	BA1652	11866	8	0	0	0	0	0	0	0	1	0	0
A	EF	9	101	1	1	BA1652	11868	8	0	0	0	1	0	0	0	0	0	0
A	EF	9	101	1	1	BA1652	11874	8	7	0	0	0	0	0	0	0	0	0
A	EF	9	101	1	1	BA1652	11881	7	0	0	0	0	0	0	0	1	0	0
A	EF	9	101	1	1	BA1652	11885	7	8	2	0	1	0	0	0	0	0	0
A	EF	9	101	1	1	BA1652	11889	8	0	0	0	0	0	0	0	1	0	0
A	EF	9	101	1	1	BA1652	11895	8	7	0	0	0	0	0	0	0	0	0
A	EF	9	101	1	1	BA1652	11897	7	8	2	0	1	0	0	0	0	0	0
A	EF	9	101	1	1	BA1652	11903	8	0	0	0	0	0	0	0	1	0	0
A	EF	9	101	1	1	BA1652	11907	8	7	0	0	0	0	0	0	0	0	0
A	EF	9	101	1	1	BA1652	11909	7	8	2	0	1	0	0	0	0	0	0
A	EF	9	101	1	1	BA1652	11912	8	0	0	0	0	0	0	0	1	0	0
A	EF	9	101	1	1	BA1652	11913	8	0	0	0	1	0	0	0	0	0	0
A	EF	9	101	1	1	BA1652	11919	8	7	0	0	0	0	0	0	0	0	0
A	EF	9	101	1	1	BA1652	11920	7	0	0	0	0	0	0	0	1	0	0
A	EF	9	101	1	1	BA1652	11967	7	8	2	0	1	0	0	0	0	0	0
A	EF	9	101	1	1	BA1652	11977	8	7	0	0	0	0	0	0	0	0	0
A	EF	9	101	1	1	BA1652	11990	7	0	0	0	0	0	0	0	1	0	0
A	EF	9	101	1	1	BA1652	11994	7	8	2	0	1	0	0	0	0	0	0
A	EF	9	101	1	1	BA1652	11997	8	0	0	0	0	0	0	0	1	0	0
A	EF	9	101	1	1	BA1652	12004	8	7	0	0	0	0	0	0	0	0	0
A	EF	9	101	1	1	BA1652	12006	7	8	2	0	1	0	0	0	0	0	0
A	EF	9	101	1	1	BA1652	12016	8	7	0	0	0	0	0	0	1	0	0
A	EF	9	101	1	1	BA1652	12040	7	8	2	0	1	0	0	0	0	0	0
A	EF	9	101	1	1	BA1652	12042	8	0	0	0	0	0	0	0	1	0	0
A	EF	9	101	1	1	BA1652	12050	8	7	0	0	0	0	0	0	0	0	0
A	EF	9	101	1	1	BA1652	12058	7	8	2	0	1	0	0	0	0	0	0
A	EF	9	101	1	1	BA1652	12060	8	0	0	0	0	0	0	0	1	0	0
A	EF	9	101	1	1	BA1652	12067	8	0	0	0	1	0	0	0	0	0	0
A	EF	9	101	1	1	BA1652	12068	8	7	0	0	0	0	0	0	0	0	0
A	EF	9	101	1	1	BA1652	12074	7	0	0	0	0	0	0	0	1	0	0
A	EF	9	101	1	1	BA1652	12075	7	8	2	0	1	0	0	0	0	0	0
A	EF	9	101	1	1	BA1652	12084	8	0	0	0	0	0	0	0	1	0	0
A	EF	9	101	1	1	BA1652	12085	8	7	0	0	0	0	0	0	0	0	0
A	EF	9	101	1	1	BA1652	12093	7	8	2	0	1	0	0	0	0	0	0
A	EF	9	101	1	1	BA1652	12103	8	7	0	0	0	0	0	0	0	0	0
A	EF	9	101	1	1	BA1652	12107	7	0	0	0	0	0	0	0	1	0	0
A	EF	9	101	1	1	BA1652	12109	7	8	2	0	1	0	0	0	0	0	0
A	EF	9	101	1	1	BA1652	12114	8	0	0	0	0	0	0	0	1	0	0
A	EF	9	101	1	1	BA1652	12119	8	7	0	0	0	0	0	0	0	0	0
A	EF	9	101	1	1	BA1652	12129	7	8	2	0	1	0	0	0	0	0	0
A	EF	9	101	1	1	BA1652	12132	8	0	0	0	0	0	0	0	1	0	0
A	EF	9	101	1	1	BA1652	12139	8	7	0	0	0	0	0	0	0	0	0
A	EF	9	101	1	1	BA1652	12278	7	8	2	0	1	0	0	0	0	0	0
A	EF	9	101	1	1	BA1652	12288	8	9	0	0	0	0	0	0	0	0	0
A	EF	9	101	1	1	BA1652	12298	9	10	0	0	0	0	0	0	1	0	0
A	EF	9	101	1	1	BA1652	12373	10	2	0	0	0	0	0	0	0	0	0
A	EF	9	101	1	1	BA1652	12374	2	6	0	0	0	0	0	0	0	0	0
A	EF	9	101	1	1	BA1652	12538	6	8	2	0	1	0	0	0	0	0	0
A	EF	9	101	1	1	BA1652	12545	8	0	0	0	0	0	0	0	1	0	0
A	EF	9	101	1	1	BA1652	12548	8	7	0	0	0	0	0	0	0	0	0
A	EF	9	101	1	1	BA1652	12604	7	8	2	0	1	0	0	0	0	0	0
A	EF	9	101	1	1	BA1652	12607	8	0	0	0	0	0	0	0	1	0	0
A	EF	9	101	1	1	BA1652	12614	8	7	0	0	0	0	0	0	0	0	0
A	EF	9	101	1	1	BA1652	12621	7	8	2	0	1	0	0	0	0	0	0
A	EF	9	101	1	1	BA1652	12623	8	0	0	0	0	0	0	0	1	0	0
A	EF	9	101	1	1	BA1652	12629	8	0	0	0	1	0	0	0	0	0	0
A	EF	9	101	1	1	BA1652	12630	8	0	0	0	0	0	0	0	1	0	0
A	EF	9	101	1	1	BA1652	12631	8	7	0	0	0	0	0	0	0	0	0
A	EF	9	101	1	1	BA1652	12637	7	8	2	0	1	0	0	0	1	0	0
A	EF	9	101	1	1	BA1652	12647	8	7	0	0	0	0	0	0	0	0	0
A	EF	9	101	1	1	BA1652	12714	7	8	2	0	1	0	0	0	0	0	0
A	EF	9	101	1	1	BA1652	12715	8	0	0	0	0	0	0	0	1	0	0
A	EF	9	101	1	1	BA1652	12724	8	7	0	0	0	0	0	0	0	0	0
A	EF	9	101	1	1	BA1652	12769	7	8	2	0	1	0	0	0	0	0	0
A	EF	9	101	1	1	BA1652	12779	8	7	0	0	0	0	0	0	0	0	0
A	EF	9	101	1	1	BA1652	12823	7	0	0	0	0	0	0	0	1	0	0
A	EF	9	101	1	1	BA1652	12828	7	8	2	0	1	0	0	0	0	0	0
A	EF	9	101	1	1	BA1652	12829	8	0	0	0	0	0	0	0	1	0	0
A	EF	9	101	1	1	BA1652	12838	8	7	0	0	0	0	0	0	0	0	0
A	EF	9	101	1	1	BA1652	12845	7	8	2	0	1	0	0	0	0	0	0
A	EF	9	101	1	1	BA1652	12850	8	0	0	0	0	0	0	0	1	0	0
A	EF	9	101	1	1	BA1652	12853	8	0	0	0	1	0	0	0	0	0	0
A	EF	9	101	1	1	BA1652	12855	8	7	0	0	0	0	0	0	0	0	0
A	EF	9	101	1	1	BA1652	12857	7	0	0	0	0	0	0	0	1	0	0
A	EF	9	101	1	1	BA1652	12969	7	8	2	0	1	0	0	0	0	0	0
A	EF	9	101	1	1	BA1652	12972	8	0	0	0	0	0	0	0	1	0	0
A	EF	9	101	1	1	BA1652	12979	8	7	0	0	0	0	0	0	0	0	0
A	EF	9	101	1	1	BA1652	13061	7	8	2	0	1	0	0	0	0	0	0
A	EF	9	101	1	1	BA1652	13064	8	0	0	0	0	0	0	0	1	0	0
A	EF	9	101	1	1	BA1652	13071	8	7	0	0	1	0	0	0	0	0	0
A	EF	9	101	1	1	BA1652	13072	7	0	0	0	0	0	0	0	1	0	0
A	EF	9	101	1	1	BA1652	13076	7	8	2	0	1	0	0	0	0	0	0
A	EF	9	101	1	1	BA1652	13080	8	0	0	0	0	0	0	0	1	0	0
A	EF	9	101	1	1	BA1652	13086	8	7	0	0	0	0	0	0	0	0	0
A	EF	9	101	1	1	BA1652	13119	7	8	2	0	1	0	0	0	0	0	0
A	EF	9	101	1	1	BA1652	13120	8	0	0	0	0	0	0	0	1	0	0
A	EF	9	101	1	1	BA1652	13129	8	7	0	0	0	0	0	0	0	0	0
A	EF	9	101	1	1	BA1652	13146	7	8	2	0	1	0	0	0	0	0	0
A	EF	9	101	1	1	BA1652	13150	8	0	0	0	0	0	0	0	1	0	0
A	EF	9	101	1	1	BA1652	13156	8	7	0	0	0	0	0	0	0	0	0
A	EF	9	101	1	1	BA1652	13241	7	8	2	0	1	0	0	0	0	0	0
A	EF	9	101	1	1	BA1652	13248	8	0	0	0	0	0	0	0	1	0	0
A	EF	9	101	1	1	BA1652	13251	8	7	0	0	0	0	0	0	0	0	0
A	EF	9	101	1	1	BA1652	13261	7	8	2	0	1	0	0	0	0	0	0
A	EF	9	101	1	1	BA1652	13264	8	0	0	0	0	0	0	0	1	0	0
A	EF	9	101	1	1	BA1652	13271	8	7	0	0	0	0	0	0	0	0	0
A	EF	9	101	1	1	BA1652	13396	7	8	2	0	1	0	0	0	0	0	0
A	EF	9	101	1	1	BA1652	13403	8	0	0	0	1	0	0	0	1	0	0
A	EF	9	101	1	1	BA1652	13406	8	7	0	0	0	0	0	0	0	0	0
A	EF	9	101	1	1	BA1652	13435	7	0	0	0	0	0	0	0	1	0	0
A	EF	9	101	1	1	BA1652	13442	7	8	2	0	1	0	0	0	0	0	0
A	EF	9	101	1	1	BA1652	13452	8	7	0	0	0	0	0	0	0	0	0
A	EF	9	101	1	1	BA1652	13476	7	0	0	0	0	0	0	0	1	0	0
A	EF	9	101	1	1	BA1652	13503	7	8	2	0	1	0	0	0	0	0	0
A	EF	9	101	1	1	BA1652	13507	8	0	0	0	0	0	0	0	1	0	0
A	EF	9	101	1	1	BA1652	13513	8	7	0	0	0	0	0	0	0	0	0
A	EF	9	101	1	1	BA1652	13521	7	8	2	0	1	0	0	0	0	0	0
A	EF	9	101	1	1	BA1652	13524	8	0	0	0	0	0	0	0	1	0	0
A	EF	9	101	1	1	BA1652	13531	8	7	0	0	0	0	0	0	0	0	0
A	EF	9	101	1	1	BA1652	13539	7	8	2	0	1	0	0	0	0	0	0
A	EF	9	101	1	1	BA1652	13549	8	9	0	0	0	0	0	0	0	0	0
A	EF	9	101	1	1	BA1652	13550	9	0	0	0	0	0	0	0	1	0	0
A	EF	9	101	1	1	BA1652	13559	9	10	0	0	0	0	0	0	0	0	0
A	EF	9	101	1	1	BA1652	13634	10	2	0	0	0	0	0	0	0	0	0
A	EF	9	101	1	1	BA1652	13635	2	6	0	0	0	0	0	0	0	0	0
A	EF	9	101	1	1	BA1652	13799	6	8	2	0	1	0	0	0	0	0	0
A	EF	9	101	1	1	BA1652	13806	8	0	0	0	0	0	0	0	1	0	0
A	EF	9	101	1	1	BA1652	13809	8	7	0	0	0	0	0	0	0	0	0
A	EF	9	101	1	1	BA1652	13906	7	8	2	0	1	0	0	0	0	0	0
A	EF	9	101	1	1	BA1652	13916	8	7	0	0	0	0	0	0	1	0	0
A	EF	9	101	1	1	BA1652	13921	7	8	2	0	1	0	0	0	0	0	0
A	EF	9	101	1	1	BA1652	13924	8	0	0	0	0	0	0	0	1	0	0
A	EF	9	101	1	1	BA1652	13928	8	0	0	0	1	0	0	0	0	0	0
A	EF	9	101	1	1	BA1652	13931	8	7	0	0	0	0	0	0	0	0	0
A	EF	9	101	1	1	BA1652	13938	7	0	0	0	0	0	0	0	1	0	0
A	EF	9	101	1	1	BA1652	13942	7	8	2	0	1	0	0	0	0	0	0
A	EF	9	101	1	1	BA1652	13949	8	0	0	0	0	0	0	0	1	0	0
A	EF	9	101	1	1	BA1652	13950	8	0	0	0	1	0	0	0	0	0	0
A	EF	9	101	1	1	BA1652	13951	8	0	0	0	0	0	0	0	1	0	0
A	EF	9	101	1	1	BA1652	13952	8	7	0	0	0	0	0	0	0	0	0
A	EF	9	101	1	1	BA1652	13967	7	8	2	0	1	0	0	0	0	0	0
A	EF	9	101	1	1	BA1652	13975	8	0	0	0	0	0	0	0	1	0	0
A	EF	9	101	1	1	BA1652	13977	8	7	0	0	0	0	0	0	0	0	0
A	EF	9	101	1	1	BA1652	14006	7	8	2	0	1	0	0	0	0	0	0
A	EF	9	101	1	1	BA1652	14016	8	7	0	0	0	0	0	0	0	0	0
A	EF	9	101	1	1	BA1652	14040	7	0	0	0	0	0	0	0	1	0	0
A	EF	9	101	1	1	BA1652	14066	7	8	2	0	1	0	0	0	0	0	0
A	EF	9	101	1	1	BA1652	14074	8	0	0	0	0	0	0	0	1	0	0
A	EF	9	101	1	1	BA1652	14075	8	0	0	0	1	0	0	0	0	0	0
A	EF	9	101	1	1	BA1652	14076	8	7	0	0	0	0	0	0	1	0	0
A	EF	9	101	1	1	BA1652	14102	7	8	2	0	1	0	0	0	0	0	0
A	EF	9	101	1	1	BA1652	14112	8	7	0	0	0	0	0	0	1	0	0
A	EF	9	101	1	1	BA1652	14140	7	8	2	0	1	0	0	0	0	0	0
A	EF	9	101	1	1	BA1652	14150	8	7	0	0	0	0	0	0	1	0	0
A	EF	9	101	1	1	BA1652	14164	7	8	2	0	1	0	0	0	0	0	0
A	EF	9	101	1	1	BA1652	14169	8	0	0	0	0	0	0	0	1	0	0
A	EF	9	101	1	1	BA1652	14174	8	7	0	0	0	0	0	0	0	0	0
A	EF	9	101	1	1	BA1652	14388	7	8	2	0	1	0	0	0	0	0	0
A	EF	9	101	1	1	BA1652	14398	8	7	0	0	0	0	0	0	0	0	0
A	EF	9	101	1	1	BA1652	14405	7	0	0	0	0	0	0	0	1	0	0
A	EF	9	101	1	1	BA1652	14409	7	8	2	0	1	0	0	0	0	0	0
A	EF	9	101	1	1	BA1652	14419	8	7	0	0	0	0	0	0	0	0	0
A	EF	9	101	1	1	BA1652	14426	7	0	0	0	0	0	0	0	1	0	0
A	EF	9	101	1	1	BA1652	14439	7	8	2	0	1	0	0	0	0	0	0
A	EF	9	101	1	1	BA1652	14442	8	0	0	0	0	0	0	0	1	0	0
A	EF	9	101	1	1	BA1652	14449	8	7	0	0	0	0	0	0	0	0	0
A	EF	9	101	1	1	BA1652	14503	7	8	2	0	1	0	0	0	0	0	0
A	EF	9	101	1	1	BA1652	14509	8	0	0	0	0	0	0	0	1	0	0
A	EF	9	101	1	1	BA1652	14513	8	7	0	0	0	0	0	0	0	0	0
A	EF	9	101	1	1	BA1652	14589	7	8	2	0	1	0	0	0	0	0	0
A	EF	9	101	1	1	BA1652	14599	8	7	0	0	0	0	0	0	0	0	0
A	EF	9	101	1	1	BA1652	14652	7	0	0	0	0	0	0	0	1	0	0
A	EF	9	101	1	1	BA1652	14672	7	8	2	0	1	0	0	0	0	0	0
A	EF	9	101	1	1	BA1652	14677	8	0	0	0	0	0	0	0	1	0	0
A	EF	9	101	1	1	BA1652	14682	8	7	0	0	0	0	0	0	0	0	0
A	EF	9	101	1	1	BA1652	14697	7	8	2	0	1	0	0	0	0	0	0
A	EF	9	101	1	1	BA1652	14698	8	0	0	0	0	0	0	0	1	0	0
A	EF	9	101	1	1	BA1652	14707	8	7	0	0	0	0	0	0	0	0	0
A	EF	9	101	1	1	BA1652	14724	7	8	2	0	1	0	0	0	0	0	0
A	EF	9	101	1	1	BA1652	14725	8	0	0	0	0	0	0	0	1	0	0
A	EF	9	101	1	1	BA1652	14734	8	7	0	0	0	0	0	0	0	0	0
A	EF	9	101	1	1	BA1652	14798	7	8	2	0	1	0	0	0	0	0	0
A	EF	9	101	1	1	BA1652	14805	8	0	0	0	0	0	0	0	1	0	0
A	EF	9	101	1	1	BA1652	14808	8	7	0	0	0	0	0	0	0	0	0
A	EF	9	101	1	1	BA1652	14810	7	8	2	0	1	0	0	0	0	0	0
A	EF	9	101	1	1	BA1652	14820	8	9	0	0	0	0	0	0	0	0	0
A	EF	9	101	1	1	BA1652	14829	9	0	0	0	0	0	0	0	1	0	0
A	EF	9	101	1	1	BA1652	14830	9	10	0	0	0	0	0	0	0	0	0
A	EF	9	101	1	1	BA1652	14905	10	2	0	0	0	0	0	0	0	0	0
A	EF	9	101	1	1	BA1652	14906	2	3	0	0	0	0	0	0	0	0	0
A	EF	9	101	1	1	BA1652	14940	3	5	1	1	0	0	0	0	0	0	0
A	EF	9	101	1	1	BA1652	14942	5	0	0	0	0	0	0	1	0	0	0
A	EF	9	101	1	1	BA1652	14949	5	0	0	1	0	0	0	0	0	0	0
A	EF	9	101	1	1	BA1652	14950	5	4	0	0	0	0	0	0	0	0	0
A	EF	9	101	1	1	BA1652	14965	4	0	0	0	0	0	0	1	0	0	0
A	EF	9	101	1	1	BA1652	14968	4	5	1	1	0	0	0	0	0	0	0
A	EF	9	101	1	1	BA1652	14973	5	0	0	0	0	0	0	1	0	0	0
A	EF	9	101	1	1	BA1652	14974	5	0	0	1	0	0	0	0	0	0	0
A	EF	9	101	1	1	BA1652	14978	5	4	0	0	0	0	0	0	0	0	0
A	EF	9	101	1	1	BA1652	14979	4	0	0	0	0	0	0	1	0	0	0
A	EF	9	101	1	1	BA1652	14992	4	5	1	1	0	0	0	0	0	0	0
A	EF	9	101	1	1	BA1652	14997	5	0	0	0	0	0	0	1	0	0	0
A	EF	9	101	1	1	BA1652	15002	5	4	0	0	0	0	0	0	0	0	0
A	EF	9	101	1	1	BA1652	15018	4	5	1	1	0	0	0	0	0	0	0
A	EF	9	101	1	1	BA1652	15028	5	4	0	0	0	0	0	1	0	0	0
A	EF	9	101	1	1	BA1652	15039	4	5	1	1	0	0	0	0	0	0	0
A	EF	9	101	1	1	BA1652	15042	5	0	0	0	0	0	0	1	0	0	0
A	EF	9	101	1	1	BA1652	15049	5	9	0	0	0	0	0	0	0	0	0
A	EF	9	101	1	1	BA1652	15059	9	10	0	0	0	0	0	0	0	0	0
A	EF	9	101	1	1	BA1652	15134	10	2	0	0	0	0	0	0	0	0	0
A	EF	9	101	1	1	BA1652	15135	2	3	0	0	0	0	0	0	0	0	0
A	EF	9	101	1	1	BA1652	15260	3	5	1	1	0	0	0	0	0	0	0
A	EF	9	101	1	1	BA1652	15269	5	0	0	1	0	0	0	1	0	0	0
A	EF	9	101	1	1	BA1652	15270	5	4	0	0	0	0	0	0	0	0	0
A	EF	9	101	1	1	BA1652	15271	4	0	0	0	0	0	0	1	0	0	0
A	EF	9	101	1	1	BA1652	15272	4	5	1	1	0	0	0	0	0	0	0
A	EF	9	101	1	1	BA1652	15276	5	0	0	0	0	0	0	1	0	0	0
A	EF	9	101	1	1	BA1652	15277	5	0	0	1	0	0	0	0	0	0	0
A	EF	9	101	1	1	BA1652	15282	5	4	0	0	0	0	0	0	0	0	0
A	EF	9	101	1	1	BA1652	15283	4	0	0	0	0	0	0	1	0	0	0
A	EF	9	101	1	1	BA1652	15342	4	5	1	1	0	0	0	0	0	0	0
A	EF	9	101	1	1	BA1652	15344	5	0	0	0	0	0	0	1	0	0	0
A	EF	9	101	1	1	BA1652	15347	5	0	0	1	0	0	0	0	0	0	0
A	EF	9	101	1	1	BA1652	15352	5	4	0	0	0	0	0	0	0	0	0
A	EF	9	101	1	1	BA1652	15371	4	0	0	0	0	0	0	1	0	0	0
A	EF	9	101	1	1	BA1652	15383	4	5	1	1	0	0	0	0	0	0	0
A	EF	9	101	1	1	BA1652	15388	5	0	0	0	0	0	0	1	0	0	0
A	EF	9	101	1	1	BA1652	15393	5	4	0	0	0	0	0	0	0	0	0
A	EF	9	101	1	1	BA1652	15425	4	5	1	1	0	0	0	0	0	0	0
A	EF	9	101	1	1	BA1652	15432	5	0	0	0	0	0	0	1	0	0	0
A	EF	9	101	1	1	BA1652	15435	5	9	0	0	0	0	0	0	0	0	0
A	EF	9	101	1	1	BA1652	15445	9	10	0	0	0	0	0	0	0	0	0
A	EF	9	101	1	1	BA1652	15520	10	2	0	0	0	0	0	0	0	0	0
A	EF	9	101	1	1	BA1652	15521	2	3	0	0	0	0	0	0	0	0	0
A	EF	9	101	1	1	BA1652	15625	3	5	1	1	0	0	0	0	0	0	0
A	EF	9	101	1	1	BA1652	15635	5	4	0	0	0	0	0	0	0	0	0
A	EF	9	101	1	1	BA1652	15640	4	0	0	0	0	0	0	1	0	0	0
A	EF	9	101	1	1	BA1652	15733	4	5	1	1	0	0	0	0	0	0	0
A	EF	9	101	1	1	BA1652	15739	5	0	0	0	0	0	0	1	0	0	0
A	EF	9	101	1	1	BA1652	15743	5	4	0	0	0	0	0	0	0	0	0
A	EF	9	101	1	1	BA1652	15805	4	5	1	1	0	0	0	0	0	0	0
A	EF	9	101	1	1	BA1652	15815	5	4	0	0	0	0	0	0	0	0	0
A	EF	9	101	1	1	BA1652	15820	4	0	0	0	0	0	0	1	0	0	0
A	EF	9	101	1	1	BA1652	15825	4	5	1	1	0	0	0	0	0	0	0
A	EF	9	101	1	1	BA1652	15835	5	4	0	0	0	0	0	1	0	0	0
A	EF	9	101	1	1	BA1652	15837	4	5	1	1	0	0	0	0	0	0	0
A	EF	9	101	1	1	BA1652	15841	5	0	0	0	0	0	0	1	0	0	0
A	EF	9	101	1	1	BA1652	15847	5	9	0	0	0	0	0	0	0	0	0
A	EF	9	101	1	1	BA1652	15857	9	10	0	0	0	0	0	0	0	0	0
A	EF	9	101	1	1	BA1652	15932	10	2	0	0	0	0	0	0	0	0	0
A	EF	9	101	1	1	BA1652	15933	2	6	0	0	0	0	0	0	0	0	0
A	EF	9	101	1	1	BA1652	16565	6	0	0	1	0	0	0	0	0	0	0
A	EF	9	101	1	1	BA1652	16596	6	0	0	0	0	0	0	1	0	0	0
A	EF	9	101	1	1	BA1652	19770	6	8	2	0	1	0	0	0	0	0	0
A	EF	9	101	1	1	BA1652	19780	8	7	0	0	0	0	0	0	0	0	0
A	EF	9	101	1	1	BA1652	19781	7	0	0	0	0	0	0	0	1	0	0
A	EF	9	101	1	1	BA1652	19916	7	8	2	0	1	0	0	0	0	0	0
A	EF	9	101	1	1	BA1652	19922	8	0	0	0	0	0	0	0	1	0	0
A	EF	9	101	1	1	BA1652	19926	8	7	0	0	0	0	0	0	0	0	0
A	EF	9	101	1	1	BA1652	19950	7	8	2	0	1	0	0	0	0	0	0
A	EF	9	101	1	1	BA1652	19954	8	0	0	0	0	0	0	0	1	0	0
A	EF	9	101	1	1	BA1652	19957	8	0	0	0	1	0	0	0	0	0	0
A	EF	9	101	1	1	BA1652	19960	8	7	0	0	0	0	0	0	0	0	0
A	EF	9	101	1	1	BA1652	19968	7	0	0	0	0	0	0	0	1	0	0
A	EF	9	101	1	1	BA1652	19975	7	8	2	0	1	0	0	0	0	0	0
A	EF	9	101	1	1	BA1652	19978	8	0	0	0	0	0	0	0	1	0	0
A	EF	9	101	1	1	BA1652	19985	8	7	0	0	0	0	0	0	0	0	0
A	EF	9	101	1	1	BA1652	20100	7	8	2	0	1	0	0	0	0	0	0
A	EF	9	101	1	1	BA1652	20110	8	7	0	0	0	0	0	0	0	0	0
A	EF	9	101	1	1	BA1652	20113	7	0	0	0	0	0	0	0	1	0	0
A	EF	9	101	1	1	BA1652	20116	7	8	2	0	1	0	0	0	0	0	0
A	EF	9	101	1	1	BA1652	20123	8	0	0	0	0	0	0	0	1	0	0
A	EF	9	101	1	1	BA1652	20126	8	7	0	0	0	0	0	0	0	0	0
A	EF	9	101	1	1	BA1652	20129	7	8	2	0	1	0	0	0	0	0	0
A	EF	9	101	1	1	BA1652	20139	8	7	0	0	0	0	0	0	0	0	0
A	EF	9	101	1	1	BA1652	20162	7	0	0	0	0	0	0	0	1	0	0
A	EF	9	101	1	1	BA1652	20248	7	8	2	0	1	0	0	0	0	0	0
A	EF	9	101	1	1	BA1652	20249	8	0	0	0	0	0	0	0	1	0	0
A	EF	9	101	1	1	BA1652	20258	8	7	0	0	0	0	0	0	0	0	0
A	EF	9	101	1	1	BA1652	20261	7	8	2	0	1	0	0	0	0	0	0
A	EF	9	101	1	1	BA1652	20271	8	7	0	0	0	0	0	0	0	0	0
A	EF	9	101	1	1	BA1652	20290	7	0	0	0	0	0	0	0	1	0	0
A	EF	9	101	1	1	BA1652	20295	7	8	2	0	1	0	0	0	0	0	0
A	EF	9	101	1	1	BA1652	20299	8	0	0	0	0	0	0	0	1	0	0
A	EF	9	101	1	1	BA1652	20304	8	0	0	0	1	0	0	0	0	0	0
A	EF	9	101	1	1	BA1652	20305	8	7	0	0	0	0	0	0	0	0	0
A	EF	9	101	1	1	BA1652	20312	7	0	0	0	0	0	0	0	1	0	0
A	EF	9	101	1	1	BA1652	20425	7	8	2	0	1	0	0	0	0	0	0
A	EF	9	101	1	1	BA1652	20435	8	7	0	0	0	0	0	0	0	0	0
A	EF	9	101	1	1	BA1652	20450	7	0	0	0	0	0	0	0	1	0	0
A	EF	9	101	1	1	BA1652	20454	7	8	2	0	1	0	0	0	0	0	0
A	EF	9	101	1	1	BA1652	20458	8	0	0	0	0	0	0	0	1	0	0
A	EF	9	101	1	1	BA1652	20464	8	7	0	0	0	0	0	0	0	0	0
A	EF	9	101	1	1	BA1652	20465	7	8	2	0	1	0	0	0	0	0	0
A	EF	9	101	1	1	BA1652	20475	8	7	0	0	0	0	0	0	0	0	0
A	EF	9	101	1	1	BA1652	20476	7	0	0	0	0	0	0	0	1	0	0
A	EF	9	101	1	1	BA1652	20492	7	8	2	0	1	0	0	0	0	0	0
A	EF	9	101	1	1	BA1652	20495	8	0	0	0	0	0	0	0	1	0	0
A	EF	9	101	1	1	BA1652	20502	8	7	0	0	0	0	0	0	0	0	0
A	EF	9	101	1	1	BA1652	20535	7	8	2	0	1	0	0	0	0	0	0
A	EF	9	101	1	1	BA1652	20542	8	0	0	0	0	0	0	0	1	0	0
A	EF	9	101	1	1	BA1652	20545	8	7	0	0	0	0	0	0	0	0	0
A	EF	9	101	1	1	BA1652	20546	7	8	2	0	1	0	0	0	0	0	0
A	EF	9	101	1	1	BA1652	20556	8	7	0	0	0	0	0	0	0	0	0
A	EF	9	101	1	1	BA1652	20585	7	0	0	0	0	0	0	0	1	0	0
A	EF	9	101	1	1	BA1652	20592	7	8	2	0	1	0	0	0	0	0	0
A	EF	9	101	1	1	BA1652	20596	8	0	0	0	0	0	0	0	1	0	0
A	EF	9	101	1	1	BA1652	20600	8	0	0	0	1	0	0	0	0	0	0
A	EF	9	101	1	1	BA1652	20602	8	7	0	0	0	0	0	0	0	0	0
A	EF	9	101	1	1	BA1652	20607	7	0	0	0	0	0	0	0	1	0	0
A	EF	9	101	1	1	BA1652	20608	7	8	2	0	1	0	0	0	0	0	0
A	EF	9	101	1	1	BA1652	20611	8	0	0	0	0	0	0	0	1	0	0
A	EF	9	101	1	1	BA1652	20614	8	0	0	0	1	0	0	0	0	0	0
A	EF	9	101	1	1	BA1652	20618	8	7	0	0	0	0	0	0	0	0	0
A	EF	9	101	1	1	BA1652	20626	7	0	0	0	0	0	0	0	1	0	0
A	EF	9	101	1	1	BA1652	20627	7	8	2	0	1	0	0	0	0	0	0
A	EF	9	101	1	1	BA1652	20631	8	0	0	0	0	0	0	0	1	0	0
A	EF	9	101	1	1	BA1652	20637	8	7	0	0	0	0	0	0	0	0	0
A	EF	9	101	1	1	BA1652	20663	7	8	2	0	1	0	0	0	0	0	0
A	EF	9	101	1	1	BA1652	20668	8	0	0	0	0	0	0	0	1	0	0
A	EF	9	101	1	1	BA1652	20673	8	9	0	0	0	0	0	0	0	0	0
A	EF	9	101	1	1	BA1652	20683	9	10	0	0	0	0	0	0	0	0	0
A	EF	9	101	1	1	BA1652	20758	10	2	0	0	0	0	0	0	0	0	0
A	EF	9	101	1	1	BA1652	20759	2	6	0	0	0	0	0	0	0	0	0
A	EF	9	101	1	1	BA1652	21160	6	8	2	0	1	0	0	0	0	0	0
A	EF	9	101	1	1	BA1652	21165	8	0	0	0	0	0	0	0	1	0	0
A	EF	9	101	1	1	BA1652	21170	8	7	0	0	1	0	0	0	0	0	0
A	EF	9	101	1	1	BA1652	21173	7	0	0	0	0	0	0	0	1	0	0
A	EF	9	101	1	1	BA1652	21217	7	8	2	0	1	0	0	0	0	0	0
A	EF	9	101	1	1	BA1652	21227	8	7	0	0	0	0	0	0	0	0	0
A	EF	9	101	1	1	BA1652	21233	7	0	0	0	0	0	0	0	1	0	0
A	EF	9	101	1	1	BA1652	21250	7	8	2	0	1	0	0	0	0	0	0
A	EF	9	101	1	1	BA1652	21254	8	0	0	0	0	0	0	0	1	0	0
A	EF	9	101	1	1	BA1652	21260	8	7	0	0	0	0	0	0	0	0	0
A	EF	9	101	1	1	BA1652	21268	7	8	2	0	1	0	0	0	0	0	0
A	EF	9	101	1	1	BA1652	21278	8	7	0	0	0	0	0	0	0	0	0
A	EF	9	101	1	1	BA1652	21279	7	0	0	0	0	0	0	0	1	0	0
A	EF	9	101	1	1	BA1652	21313	7	8	2	0	1	0	0	0	0	0	0
A	EF	9	101	1	1	BA1652	21323	8	7	0	0	0	0	0	0	0	0	0
A	EF	9	101	1	1	BA1652	21324	7	0	0	0	0	0	0	0	1	0	0
A	EF	9	101	1	1	BA1652	21329	7	8	2	0	1	0	0	0	0	0	0
A	EF	9	101	1	1	BA1652	21334	8	0	0	0	0	0	0	0	1	0	0
A	EF	9	101	1	1	BA1652	21339	8	7	0	0	0	0	0	0	0	0	0
A	EF	9	101	1	1	BA1652	21371	7	8	2	0	1	0	0	0	0	0	0
A	EF	9	101	1	1	BA1652	21376	8	0	0	0	0	0	0	0	1	0	0
A	EF	9	101	1	1	BA1652	21377	8	0	0	0	1	0	0	0	0	0	0
A	EF	9	101	1	1	BA1652	21381	8	7	0	0	0	0	0	0	0	0	0
A	EF	9	101	1	1	BA1652	21396	7	0	0	0	0	0	0	0	1	0	0
A	EF	9	101	1	1	BA1652	21405	7	8	2	0	1	0	0	0	0	0	0
A	EF	9	101	1	1	BA1652	21409	8	0	0	0	0	0	0	0	1	0	0
A	EF	9	101	1	1	BA1652	21415	8	7	0	0	0	0	0	0	0	0	0
A	EF	9	101	1	1	BA1652	21515	7	8	2	0	1	0	0	0	0	0	0
A	EF	9	101	1	1	BA1652	21519	8	0	0	0	0	0	0	0	1	0	0
A	EF	9	101	1	1	BA1652	21525	8	7	0	0	0	0	0	0	0	0	0
A	EF	9	101	1	1	BA1652	21560	7	8	2	0	1	0	0	0	0	0	0
A	EF	9	101	1	1	BA1652	21567	8	0	0	0	0	0	0	0	1	0	0
A	EF	9	101	1	1	BA1652	21570	8	7	0	0	0	0	0	0	0	0	0
A	EF	9	101	1	1	BA1652	21601	7	8	2	0	1	0	0	0	0	0	0
A	EF	9	101	1	1	BA1652	21603	8	0	0	0	0	0	0	0	1	0	0
A	EF	9	101	1	1	BA1652	21611	8	7	0	0	0	0	0	0	0	0	0
A	EF	9	101	1	1	BA1652	21617	7	8	2	0	1	0	0	0	0	0	0
A	EF	9	101	1	1	BA1652	21619	8	0	0	0	0	0	0	0	1	0	0
A	EF	9	101	1	1	BA1652	21625	8	0	0	0	1	0	0	0	0	0	0
A	EF	9	101	1	1	BA1652	21627	8	7	0	0	0	0	0	0	1	0	0
A	EF	9	101	1	1	BA1652	21773	7	8	2	0	1	0	0	0	0	0	0
A	EF	9	101	1	1	BA1652	21783	8	7	0	0	0	0	0	0	0	0	0
A	EF	9	101	1	1	BA1652	21785	7	0	0	0	0	0	0	0	1	0	0
A	EF	9	101	1	1	BA1652	21812	7	8	2	0	1	0	0	0	0	0	0
A	EF	9	101	1	1	BA1652	21822	8	7	0	0	0	0	0	0	0	0	0
A	EF	9	101	1	1	BA1652	21859	7	0	0	0	0	0	0	0	1	0	0
A	EF	9	101	1	1	BA1652	21864	7	8	2	0	1	0	0	0	0	0	0
A	EF	9	101	1	1	BA1652	21874	8	7	0	0	0	0	0	0	0	0	0
A	EF	9	101	1	1	BA1652	21882	7	0	0	0	0	0	0	0	1	0	0
A	EF	9	101	1	1	BA1652	21900	7	8	2	0	1	0	0	0	0	0	0
A	EF	9	101	1	1	BA1652	21905	8	0	0	0	0	0	0	0	1	0	0
A	EF	9	101	1	1	BA1652	21910	8	7	0	0	0	0	0	0	0	0	0
A	EF	9	101	1	1	BA1652	21917	7	8	2	0	1	0	0	0	0	0	0
A	EF	9	101	1	1	BA1652	21920	8	0	0	0	0	0	0	0	1	0	0
A	EF	9	101	1	1	BA1652	21925	8	0	0	0	1	0	0	0	0	0	0
A	EF	9	101	1	1	BA1652	21927	8	7	0	0	0	0	0	0	0	0	0
A	EF	9	101	1	1	BA1652	21930	7	0	0	0	0	0	0	0	1	0	0
A	EF	9	101	1	1	BA1652	21939	7	8	2	0	1	0	0	0	0	0	0
A	EF	9	101	1	1	BA1652	21946	8	0	0	0	0	0	0	0	1	0	0
A	EF	9	101	1	1	BA1652	21949	8	7	0	0	1	0	0	0	0	0	0
A	EF	9	101	1	1	BA1652	21971	7	0	0	0	0	0	0	0	1	0	0
A	EF	9	101	1	1	BA1652	21991	7	8	2	0	1	0	0	0	0	0	0
A	EF	9	101	1	1	BA1652	21999	8	0	0	0	0	0	0	0	1	0	0
A	EF	9	101	1	1	BA1652	22001	8	7	0	0	0	0	0	0	0	0	0
A	EF	9	101	1	1	BA1652	22003	7	8	2	0	1	0	0	0	0	0	0
A	EF	9	101	1	1	BA1652	22013	8	9	0	0	0	0	0	0	0	0	0
A	EF	9	101	1	1	BA1652	22023	9	10	0	0	0	0	0	0	0	0	0
A	EF	9	101	1	1	BA1652	22032	10	0	0	0	0	0	0	0	1	0	0
A	EF	9	101	1	1	BA1652	22098	10	2	0	0	0	0	0	0	0	0	0
A	EF	9	101	1	1	BA1652	22099	2	6	0	0	0	0	0	0	0	0	0
A	EF	9	101	1	1	BA1652	22381	6	8	2	0	1	0	0	0	0	0	0
A	EF	9	101	1	1	BA1652	22384	8	0	0	0	0	0	0	0	1	0	0
A	EF	9	101	1	1	BA1652	22391	8	7	0	0	0	0	0	0	0	0	0
A	EF	9	101	1	1	BA1652	22412	7	8	2	0	1	0	0	0	0	0	0
A	EF	9	101	1	1	BA1652	22416	8	0	0	0	0	0	0	0	1	0	0
A	EF	9	101	1	1	BA1652	22422	8	7	0	0	0	0	0	0	0	0	0
A	EF	9	101	1	1	BA1652	22468	7	8	2	0	1	0	0	0	0	0	0
A	EF	9	101	1	1	BA1652	22473	8	0	0	0	0	0	0	0	1	0	0
A	EF	9	101	1	1	BA1652	22478	8	7	0	0	0	0	0	0	0	0	0
A	EF	9	101	1	1	BA1652	22532	7	8	2	0	1	0	0	0	0	0	0
A	EF	9	101	1	1	BA1652	22539	8	0	0	0	0	0	0	0	1	0	0
A	EF	9	101	1	1	BA1652	22542	8	7	0	0	0	0	0	0	0	0	0
A	EF	9	101	1	1	BA1652	22546	7	8	2	0	1	0	0	0	0	0	0
A	EF	9	101	1	1	BA1652	22556	8	7	0	0	0	0	0	0	0	0	0
A	EF	9	101	1	1	BA1652	22572	7	0	0	0	0	0	0	0	1	0	0
A	EF	9	101	1	1	BA1652	22591	7	8	2	0	1	0	0	0	0	0	0
A	EF	9	101	1	1	BA1652	22592	8	0	0	0	0	0	0	0	1	0	0
A	EF	9	101	1	1	BA1652	22601	8	7	0	0	0	0	0	0	0	0	0
A	EF	9	101	1	1	BA1652	22602	7	8	2	0	1	0	0	0	0	0	0
A	EF	9	101	1	1	BA1652	22612	8	7	0	0	0	0	0	0	0	0	0
A	EF	9	101	1	1	BA1652	22619	7	0	0	0	0	0	0	0	1	0	0
A	EF	9	101	1	1	BA1652	22624	7	8	2	0	1	0	0	0	0	0	0
A	EF	9	101	1	1	BA1652	22634	8	7	0	0	0	0	0	0	0	0	0
A	EF	9	101	1	1	BA1652	22638	7	0	0	0	0	0	0	0	1	0	0
A	EF	9	101	1	1	BA1652	22644	7	8	2	0	1	0	0	0	0	0	0
A	EF	9	101	1	1	BA1652	22651	8	0	0	0	0	0	0	0	1	0	0
A	EF	9	101	1	1	BA1652	22654	8	7	0	0	1	0	0	0	0	0	0
A	EF	9	101	1	1	BA1652	22660	7	0	0	0	0	0	0	0	1	0	0
A	EF	9	101	1	1	BA1652	22665	7	8	2	0	1	0	0	0	0	0	0
A	EF	9	101	1	1	BA1652	22673	8	0	0	0	0	0	0	0	1	0	0
A	EF	9	101	1	1	BA1652	22675	8	7	0	0	0	0	0	0	0	0	0
A	EF	9	101	1	1	BA1652	22733	7	8	2	0	1	0	0	0	0	0	0
A	EF	9	101	1	1	BA1652	22736	8	0	0	0	0	0	0	0	1	0	0
A	EF	9	101	1	1	BA1652	22737	8	0	0	0	1	0	0	0	0	0	0
A	EF	9	101	1	1	BA1652	22741	8	0	0	0	0	0	0	0	1	0	0
A	EF	9	101	1	1	BA1652	22743	8	7	0	0	0	0	0	0	0	0	0
A	EF	9	101	1	1	BA1652	22744	7	8	2	0	1	0	0	0	0	0	0
A	EF	9	101	1	1	BA1652	22754	8	7	0	0	0	0	0	0	0	0	0
A	EF	9	101	1	1	BA1652	22755	7	0	0	0	0	0	0	0	1	0	0
A	EF	9	101	1	1	BA1652	22824	7	8	2	0	1	0	0	0	0	0	0
A	EF	9	101	1	1	BA1652	22834	8	7	0	0	0	0	0	0	0	0	0
A	EF	9	101	1	1	BA1652	22890	7	0	0	0	0	0	0	0	1	0	0
A	EF	9	101	1	1	BA1652	22953	7	8	2	0	1	0	0	0	0	0	0
A	EF	9	101	1	1	BA1652	22955	8	0	0	0	0	0	0	0	1	0	0
A	EF	9	101	1	1	BA1652	22959	8	0	0	0	1	0	0	0	0	0	0
A	EF	9	101	1	1	BA1652	22960	8	0	0	0	0	0	0	0	1	0	0
A	EF	9	101	1	1	BA1652	22963	8	7	0	0	0	0	0	0	0	0	0
A	EF	9	101	1	1	BA1652	22965	7	8	2	0	1	0	0	0	0	0	0
A	EF	9	101	1	1	BA1652	22968	8	0	0	0	0	0	0	0	1	0	0
A	EF	9	101	1	1	BA1652	22975	8	7	0	0	0	0	0	0	0	0	0
A	EF	9	101	1	1	BA1652	22981	7	8	2	0	1	0	0	0	0	0	0
A	EF	9	101	1	1	BA1652	22983	8	0	0	0	0	0	0	0	1	0	0
A	EF	9	101	1	1	BA1652	22991	8	7	0	0	0	0	0	0	0	0	0
A	EF	9	101	1	1	BA1652	23003	7	8	2	0	1	0	0	0	0	0	0
A	EF	9	101	1	1	BA1652	23009	8	0	0	0	0	0	0	0	1	0	0
A	EF	9	101	1	1	BA1652	23013	8	7	0	0	1	0	0	0	0	0	0
A	EF	9	101	1	1	BA1652	23017	7	0	0	0	0	0	0	0	1	0	0
A	EF	9	101	1	1	BA1652	23111	7	8	2	0	1	0	0	0	0	0	0
A	EF	9	101	1	1	BA1652	23115	8	0	0	0	0	0	0	0	1	0	0
A	EF	9	101	1	1	BA1652	23119	8	0	0	0	1	0	0	0	0	0	0
A	EF	9	101	1	1	BA1652	23121	8	7	0	0	0	0	0	0	0	0	0
A	EF	9	101	1	1	BA1652	23125	7	0	0	0	0	0	0	0	1	0	0
A	EF	9	101	1	1	BA1652	23126	7	8	2	0	1	0	0	0	0	0	0
A	EF	9	101	1	1	BA1652	23136	8	7	0	0	0	0	0	0	0	0	0
A	EF	9	101	1	1	BA1652	23139	7	0	0	0	0	0	0	0	1	0	0
A	EF	9	101	1	1	BA1652	23144	7	8	2	0	1	0	0	0	0	0	0
A	EF	9	101	1	1	BA1652	23154	8	9	0	0	0	0	0	0	1	0	0
A	EF	9	101	1	1	BA1652	23164	9	10	0	0	0	0	0	0	0	0	0
A	EF	9	101	1	1	BA1652	23239	10	2	0	0	0	0	0	0	0	0	0
A	EF	9	101	1	1	BA1652	23240	2	3	0	0	0	0	0	0	0	0	0
A	EF	9	101	1	1	BA1652	23336	3	5	1	1	0	0	0	0	0	0	0
A	EF	9	101	1	1	BA1652	23341	5	0	0	0	0	0	0	1	0	0	0
A	EF	9	101	1	1	BA1652	23346	5	4	0	1	0	0	0	0	0	0	0
A	EF	9	101	1	1	BA1652	23351	4	0	0	0	0	0	0	1	0	0	0
A	EF	9	101	1	1	BA1652	23360	4	5	1	1	0	0	0	0	0	0	0
A	EF	9	101	1	1	BA1652	23365	5	0	0	0	0	0	0	1	0	0	0
A	EF	9	101	1	1	BA1652	23367	5	0	0	1	0	0	0	0	0	0	0
A	EF	9	101	1	1	BA1652	23369	5	0	0	0	0	0	0	1	0	0	0
A	EF	9	101	1	1	BA1652	23370	5	4	0	0	0	0	0	0	0	0	0
A	EF	9	101	1	1	BA1652	23414	4	5	1	1	0	0	0	0	0	0	0
A	EF	9	101	1	1	BA1652	23423	5	0	0	0	0	0	0	1	0	0	0
A	EF	9	101	1	1	BA1652	23424	5	4	0	0	0	0	0	0	0	0	0
A	EF	9	101	1	1	BA1652	23427	4	5	1	1	0	0	0	0	0	0	0
A	EF	9	101	1	1	BA1652	23437	5	4	0	0	0	0	0	0	0	0	0
A	EF	9	101	1	1	BA1652	23440	4	0	0	0	0	0	0	1	0	0	0
A	EF	9	101	1	1	BA1652	23450	4	5	1	1	0	0	0	0	0	0	0
A	EF	9	101	1	1	BA1652	23459	5	0	0	0	0	0	0	1	0	0	0
A	EF	9	101	1	1	BA1652	23460	5	9	0	0	0	0	0	0	0	0	0
A	EF	9	101	1	1	BA1652	23468	9	0	0	1	0	0	0	0	0	0	0
A	EF	9	101	1	1	BA1652	23469	9	0	0	0	0	0	0	1	0	0	0
A	EF	9	101	1	1	BA1652	23470	9	10	0	0	0	0	0	0	0	0	0
A	EF	9	101	1	1	BA1652	23545	10	2	0	0	0	0	0	0	0	0	0
A	EF	9	101	1	1	BA1652	23546	2	3	0	0	0	0	0	0	0	0	0
A	EF	9	101	1	1	BA1652	23652	3	5	1	1	0	0	0	0	0	0	0
A	EF	9	101	1	1	BA1652	23662	5	4	0	0	0	0	0	0	0	0	0
A	EF	9	101	1	1	BA1652	23666	4	0	0	0	0	0	0	1	0	0	0
A	EF	9	101	1	1	BA1652	23675	4	5	1	1	0	0	0	0	0	0	0
A	EF	9	101	1	1	BA1652	23677	5	0	0	0	0	0	0	1	0	0	0
A	EF	9	101	1	1	BA1652	23685	5	4	0	0	0	0	0	0	0	0	0
A	EF	9	101	1	1	BA1652	23812	4	5	1	1	0	0	0	0	0	0	0
A	EF	9	101	1	1	BA1652	23819	5	0	0	0	0	0	0	1	0	0	0
A	EF	9	101	1	1	BA1652	23822	5	4	0	0	0	0	0	0	0	0	0
A	EF	9	101	1	1	BA1652	23841	4	5	1	1	0	0	0	0	0	0	0
A	EF	9	101	1	1	BA1652	23851	5	4	0	0	0	0	0	0	0	0	0
A	EF	9	101	1	1	BA1652	23869	4	0	0	0	0	0	0	1	0	0	0
A	EF	9	101	1	1	BA1652	23916	4	5	1	1	0	0	0	0	0	0	0
A	EF	9	101	1	1	BA1652	23922	5	0	0	0	0	0	0	1	0	0	0
A	EF	9	101	1	1	BA1652	23926	5	9	0	0	0	0	0	0	0	0	0
A	EF	9	101	1	1	BA1652	23936	9	10	0	0	0	0	0	0	0	0	0
A	EF	9	101	1	1	BA1652	24011	10	2	0	0	0	0	0	0	0	0	0
A	EF	9	101	1	1	BA1652	24012	2	3	0	0	0	0	0	0	0	0	0
A	EF	9	101	1	1	BA1652	24156	3	5	1	1	0	0	0	0	0	0	0
A	EF	9	101	1	1	BA1652	24158	5	0	0	0	0	0	0	1	0	0	0
A	EF	9	101	1	1	BA1652	24161	5	0	0	1	0	0	0	0	0	0	0
A	EF	9	101	1	1	BA1652	24166	5	4	0	0	0	0	0	0	0	0	0
A	EF	9	101	1	1	BA1652	24177	4	0	0	0	0	0	0	1	0	0	0
A	EF	9	101	1	1	BA1652	24219	4	5	1	1	0	0	0	0	0	0	0
A	EF	9	101	1	1	BA1652	24222	5	0	0	0	0	0	0	1	0	0	0
A	EF	9	101	1	1	BA1652	24227	5	0	0	1	0	0	0	0	0	0	0
A	EF	9	101	1	1	BA1652	24229	5	4	0	0	0	0	0	0	0	0	0
A	EF	9	101	1	1	BA1652	24243	4	0	0	0	0	0	0	1	0	0	0
A	EF	9	101	1	1	BA1652	24277	4	5	1	1	0	0	0	0	0	0	0
A	EF	9	101	1	1	BA1652	24281	5	0	0	0	0	0	0	1	0	0	0
A	EF	9	101	1	1	BA1652	24287	5	4	0	0	0	0	0	0	0	0	0
A	EF	9	101	1	1	BA1652	24346	4	5	1	1	0	0	0	0	0	0	0
A	EF	9	101	1	1	BA1652	24356	5	4	0	0	0	0	0	0	0	0	0
A	EF	9	101	1	1	BA1652	24365	4	0	0	0	0	0	0	1	0	0	0
A	EF	9	101	1	1	BA1652	24370	4	5	1	1	0	0	0	0	0	0	0
A	EF	9	101	1	1	BA1652	24380	5	9	0	0	0	0	0	0	0	0	0
A	EF	9	101	1	1	BA1652	24381	9	0	0	0	0	0	0	1	0	0	0
A	EF	9	101	1	1	BA1652	24390	9	10	0	0	0	0	0	0	0	0	0
A	EF	9	101	1	1	BA1652	24393	10	0	0	1	0	0	0	0	0	0	0
A	EF	9	101	1	1	BA1652	24397	10	0	0	0	0	0	0	1	0	0	0
A	EF	9	101	1	1	BA1652	24465	10	2	0	0	0	0	0	0	0	0	0
A	EF	9	101	1	1	BA1652	24466	2	6	0	0	0	0	0	0	0	0	0
A	EF	9	101	1	1	BA1652	25630	6	8	2	0	1	0	0	0	0	0	0
A	EF	9	101	1	1	BA1652	25633	8	0	0	0	0	0	0	0	1	0	0
A	EF	9	101	1	1	BA1652	25640	8	7	0	0	0	0	0	0	0	0	0
A	EF	9	101	1	1	BA1652	25719	7	8	2	0	1	0	0	0	0	0	0
A	EF	9	101	1	1	BA1652	25721	8	0	0	0	0	0	0	0	1	0	0
A	EF	9	101	1	1	BA1652	25726	8	0	0	0	1	0	0	0	0	0	0
A	EF	9	101	1	1	BA1652	25729	8	7	0	0	0	0	0	0	0	0	0
A	EF	9	101	1	1	BA1652	25737	7	0	0	0	0	0	0	0	1	0	0
A	EF	9	101	1	1	BA1652	25794	7	8	2	0	1	0	0	0	0	0	0
A	EF	9	101	1	1	BA1652	25804	8	7	0	0	0	0	0	0	0	0	0
A	EF	9	101	1	1	BA1652	25823	7	0	0	0	0	0	0	0	1	0	0
A	EF	9	101	1	1	BA1652	25833	7	8	2	0	1	0	0	0	0	0	0
A	EF	9	101	1	1	BA1652	25835	8	0	0	0	0	0	0	0	1	0	0
A	EF	9	101	1	1	BA1652	25843	8	7	0	0	0	0	0	0	0	0	0
A	EF	9	101	1	1	BA1652	25868	7	8	2	0	1	0	0	0	0	0	0
A	EF	9	101	1	1	BA1652	25873	8	0	0	0	0	0	0	0	1	0	0
A	EF	9	101	1	1	BA1652	25878	8	7	0	0	0	0	0	0	0	0	0
A	EF	9	101	1	1	BA1652	25913	7	8	2	0	1	0	0	0	0	0	0
A	EF	9	101	1	1	BA1652	25923	8	7	0	0	0	0	0	0	0	0	0
A	EF	9	101	1	1	BA1652	25925	7	0	0	0	0	0	0	0	1	0	0
A	EF	9	101	1	1	BA1652	25935	7	8	2	0	1	0	0	0	0	0	0
A	EF	9	101	1	1	BA1652	25940	8	0	0	0	0	0	0	0	1	0	0
A	EF	9	101	1	1	BA1652	25945	8	7	0	0	0	0	0	0	0	0	0
A	EF	9	101	1	1	BA1652	25970	7	8	2	0	1	0	0	0	0	0	0
A	EF	9	101	1	1	BA1652	25980	8	7	0	0	0	0	0	0	0	0	0
A	EF	9	101	1	1	BA1652	25988	7	0	0	0	0	0	0	0	1	0	0
A	EF	9	101	1	1	BA1652	25993	7	8	2	0	1	0	0	0	0	0	0
A	EF	9	101	1	1	BA1652	26003	8	7	0	0	0	0	0	0	0	0	0
A	EF	9	101	1	1	BA1652	26018	7	0	0	0	0	0	0	0	1	0	0
A	EF	9	101	1	1	BA1652	26104	7	8	2	0	1	0	0	0	0	0	0
A	EF	9	101	1	1	BA1652	26106	8	0	0	0	0	0	0	0	1	0	0
A	EF	9	101	1	1	BA1652	26110	8	0	0	0	1	0	0	0	0	0	0
A	EF	9	101	1	1	BA1652	26114	8	7	0	0	0	0	0	0	0	0	0
A	EF	9	101	1	1	BA1652	26131	7	0	0	0	0	0	0	0	1	0	0
A	EF	9	101	1	1	BA1652	26248	7	8	2	0	1	0	0	0	0	0	0
A	EF	9	101	1	1	BA1652	26258	8	7	0	0	0	0	0	0	0	0	0
A	EF	9	101	1	1	BA1652	26275	7	0	0	0	0	0	0	0	1	0	0
A	EF	9	101	1	1	BA1652	26327	7	8	2	0	1	0	0	0	0	0	0
A	EF	9	101	1	1	BA1652	26337	8	7	0	0	0	0	0	0	0	0	0
A	EF	9	101	1	1	BA1652	26378	7	0	0	0	0	0	0	0	1	0	0
A	EF	9	101	1	1	BA1652	26380	7	8	2	0	1	0	0	0	0	0	0
A	EF	9	101	1	1	BA1652	26390	8	7	0	0	0	0	0	0	0	0	0
A	EF	9	101	1	1	BA1652	26391	7	0	0	0	0	0	0	0	1	0	0
A	EF	9	101	1	1	BA1652	26405	7	8	2	0	1	0	0	0	0	0	0
A	EF	9	101	1	1	BA1652	26408	8	0	0	0	0	0	0	0	1	0	0
A	EF	9	101	1	1	BA1652	26415	8	7	0	0	0	0	0	0	0	0	0
A	EF	9	101	1	1	BA1652	26430	7	8	2	0	1	0	0	0	0	0	0
A	EF	9	101	1	1	BA1652	26436	8	0	0	0	0	0	0	0	1	0	0
A	EF	9	101	1	1	BA1652	26440	8	7	0	0	0	0	0	0	0	0	0
A	EF	9	101	1	1	BA1652	26441	7	8	2	0	1	0	0	0	0	0	0
A	EF	9	101	1	1	BA1652	26447	8	0	0	0	0	0	0	0	1	0	0
A	EF	9	101	1	1	BA1652	26450	8	0	0	0	1	0	0	0	0	0	0
A	EF	9	101	1	1	BA1652	26451	8	7	0	0	0	0	0	0	0	0	0
A	EF	9	101	1	1	BA1652	26471	7	0	0	0	0	0	0	0	1	0	0
A	EF	9	101	1	1	BA1652	26544	7	8	2	0	1	0	0	0	0	0	0
A	EF	9	101	1	1	BA1652	26554	8	7	0	0	0	0	0	0	0	0	0
A	EF	9	101	1	1	BA1652	26608	7	0	0	0	0	0	0	0	1	0	0
A	EF	9	101	1	1	BA1652	26622	7	8	2	0	1	0	0	0	0	0	0
A	EF	9	101	1	1	BA1652	26628	8	0	0	0	0	0	0	0	1	0	0
A	EF	9	101	1	1	BA1652	26631	8	0	0	0	1	0	0	0	0	0	0
A	EF	9	101	1	1	BA1652	26632	8	7	0	0	0	0	0	0	0	0	0
A	EF	9	101	1	1	BA1652	26635	7	0	0	0	0	0	0	0	1	0	0
A	EF	9	101	1	1	BA1652	26683	7	8	2	0	1	0	0	0	0	0	0
A	EF	9	101	1	1	BA1652	26687	8	0	0	0	0	0	0	0	1	0	0
A	EF	9	101	1	1	BA1652	26693	8	7	0	0	0	0	0	0	0	0	0
A	EF	9	101	1	1	BA1652	26767	7	8	2	0	1	0	0	0	0	0	0
A	EF	9	101	1	1	BA1652	26777	8	9	0	0	0	0	0	0	0	0	0
A	EF	9	101	1	1	BA1652	26787	9	10	0	0	0	0	0	0	0	0	0
A	EF	9	101	1	1	BA1652	26789	10	0	0	0	0	0	0	0	1	0	0
A	EF	9	101	1	1	BA1652	26862	10	2	0	0	0	0	0	0	0	0	0
A	EF	9	101	1	1	BA1652	26863	2	3	0	0	0	0	0	0	0	0	0
A	EF	9	101	1	1	BA1652	26939	3	5	1	1	0	0	0	0	0	0	0
A	EF	9	101	1	1	BA1652	26943	5	0	0	0	0	0	0	1	0	0	0
A	EF	9	101	1	1	BA1652	26947	5	0	0	1	0	0	0	0	0	0	0
A	EF	9	101	1	1	BA1652	26949	5	4	0	0	0	0	0	0	0	0	0
A	EF	9	101	1	1	BA1652	26953	4	0	0	0	0	0	0	1	0	0	0
A	EF	9	101	1	1	BA1652	27016	4	5	1	1	0	0	0	0	0	0	0
A	EF	9	101	1	1	BA1652	27021	5	0	0	0	0	0	0	1	0	0	0
A	EF	9	101	1	1	BA1652	27026	5	4	0	0	0	0	0	0	0	0	0
A	EF	9	101	1	1	BA1652	27053	4	5	1	1	0	0	0	0	0	0	0
A	EF	9	101	1	1	BA1652	27056	5	0	0	0	0	0	0	1	0	0	0
A	EF	9	101	1	1	BA1652	27063	5	4	0	0	0	0	0	0	0	0	0
A	EF	9	101	1	1	BA1652	27125	4	5	1	1	0	0	0	0	0	0	0
A	EF	9	101	1	1	BA1652	27131	5	0	0	0	0	0	0	1	0	0	0
A	EF	9	101	1	1	BA1652	27135	5	4	0	0	0	0	0	0	0	0	0
A	EF	9	101	1	1	BA1652	27162	4	5	1	1	0	0	0	0	0	0	0
A	EF	9	101	1	1	BA1652	27164	5	0	0	0	0	0	0	1	0	0	0
A	EF	9	101	1	1	BA1652	27165	5	0	0	1	0	0	0	0	0	0	0
A	EF	9	101	1	1	BA1652	27172	5	9	0	0	0	0	0	1	0	0	0
A	EF	9	101	1	1	BA1652	27182	9	10	0	0	0	0	0	0	0	0	0
A	EF	9	101	1	1	BA1652	27257	10	2	0	0	0	0	0	0	0	0	0
A	EF	9	101	1	1	BA1652	27258	2	6	0	0	0	0	0	0	0	0	0
A	EF	9	101	1	1	BA1652	27448	6	0	0	1	0	0	0	0	0	0	0
A	EF	9	101	1	1	BA1652	27484	6	0	0	0	0	0	0	1	0	0	0
A	EF	9	101	1	1	BA1652	27741	6	8	2	0	1	0	0	0	0	0	0
A	EF	9	101	1	1	BA1652	27748	8	0	0	0	0	0	0	0	1	0	0
A	EF	9	101	1	1	BA1652	27751	8	7	0	0	0	0	0	0	0	0	0
A	EF	9	101	1	1	BA1652	27815	7	8	2	0	1	0	0	0	0	0	0
A	EF	9	101	1	1	BA1652	27823	8	0	0	0	0	0	0	0	1	0	0
A	EF	9	101	1	1	BA1652	27825	8	7	0	0	0	0	0	0	0	0	0
A	EF	9	101	1	1	BA1652	27826	7	8	2	0	1	0	0	0	0	0	0
A	EF	9	101	1	1	BA1652	27835	8	0	0	0	0	0	0	0	1	0	0
A	EF	9	101	1	1	BA1652	27836	8	7	0	0	0	0	0	0	0	0	0
A	EF	9	101	1	1	BA1652	27887	7	8	2	0	1	0	0	0	0	0	0
A	EF	9	101	1	1	BA1652	27890	8	0	0	0	0	0	0	0	1	0	0
A	EF	9	101	1	1	BA1652	27897	8	7	0	0	0	0	0	0	0	0	0
A	EF	9	101	1	1	BA1652	27920	7	8	2	0	1	0	0	0	0	0	0
A	EF	9	101	1	1	BA1652	27930	8	7	0	0	0	0	0	0	0	0	0
A	EF	9	101	1	1	BA1652	27949	7	0	0	0	0	0	0	0	1	0	0
A	EF	9	101	1	1	BA1652	28008	7	8	2	0	1	0	0	0	0	0	0
A	EF	9	101	1	1	BA1652	28013	8	0	0	0	0	0	0	0	1	0	0
A	EF	9	101	1	1	BA1652	28015	8	0	0	0	1	0	0	0	0	0	0
A	EF	9	101	1	1	BA1652	28018	8	7	0	0	0	0	0	0	0	0	0
A	EF	9	101	1	1	BA1652	28026	7	0	0	0	0	0	0	0	1	0	0
A	EF	9	101	1	1	BA1652	28029	7	8	2	0	1	0	0	0	0	0	0
A	EF	9	101	1	1	BA1652	28036	8	0	0	0	0	0	0	0	1	0	0
A	EF	9	101	1	1	BA1652	28039	8	7	0	0	0	0	0	0	0	0	0
A	EF	9	101	1	1	BA1652	28046	7	8	2	0	1	0	0	0	0	0	0
A	EF	9	101	1	1	BA1652	28048	8	0	0	0	0	0	0	0	1	0	0
A	EF	9	101	1	1	BA1652	28056	8	7	0	0	0	0	0	0	0	0	0
A	EF	9	101	1	1	BA1652	28082	7	8	2	0	1	0	0	0	0	0	0
A	EF	9	101	1	1	BA1652	28085	8	0	0	0	0	0	0	0	1	0	0
A	EF	9	101	1	1	BA1652	28092	8	7	0	0	0	0	0	0	0	0	0
A	EF	9	101	1	1	BA1652	28107	7	8	2	0	1	0	0	0	0	0	0
A	EF	9	101	1	1	BA1652	28110	8	0	0	0	0	0	0	0	1	0	0
A	EF	9	101	1	1	BA1652	28117	8	7	0	0	0	0	0	0	0	0	0
A	EF	9	101	1	1	BA1652	28119	7	8	2	0	1	0	0	0	0	0	0
A	EF	9	101	1	1	BA1652	28129	8	7	0	0	0	0	0	0	0	0	0
A	EF	9	101	1	1	BA1652	28135	7	0	0	0	0	0	0	0	1	0	0
A	EF	9	101	1	1	BA1652	28141	7	8	2	0	1	0	0	0	0	0	0
A	EF	9	101	1	1	BA1652	28151	8	7	0	0	0	0	0	0	0	0	0
A	EF	9	101	1	1	BA1652	28173	7	0	0	0	0	0	0	0	1	0	0
A	EF	9	101	1	1	BA1652	28206	7	8	2	0	1	0	0	0	0	0	0
A	EF	9	101	1	1	BA1652	28216	8	7	0	0	0	0	0	0	0	0	0
A	EF	9	101	1	1	BA1652	28226	7	0	0	0	0	0	0	0	1	0	0
A	EF	9	101	1	1	BA1652	28248	7	8	2	0	1	0	0	0	0	0	0
A	EF	9	101	1	1	BA1652	28253	8	0	0	0	0	0	0	0	1	0	0
A	EF	9	101	1	1	BA1652	28257	8	0	0	0	1	0	0	0	0	0	0
A	EF	9	101	1	1	BA1652	28258	8	7	0	0	0	0	0	0	0	0	0
A	EF	9	101	1	1	BA1652	28260	7	0	0	0	0	0	0	0	1	0	0
A	EF	9	101	1	1	BA1652	28271	7	8	2	0	1	0	0	0	0	0	0
A	EF	9	101	1	1	BA1652	28273	8	0	0	0	0	0	0	0	1	0	0
A	EF	9	101	1	1	BA1652	28281	8	7	0	0	1	0	0	0	0	0	0
A	EF	9	101	1	1	BA1652	28313	7	0	0	0	0	0	0	0	1	0	0
A	EF	9	101	1	1	BA1652	28330	7	8	2	0	1	0	0	0	0	0	0
A	EF	9	101	1	1	BA1652	28340	8	7	0	0	0	0	0	0	0	0	0
A	EF	9	101	1	1	BA1652	28359	7	0	0	0	0	0	0	0	1	0	0
A	EF	9	101	1	1	BA1652	28365	7	8	2	0	1	0	0	0	0	0	0
A	EF	9	101	1	1	BA1652	28375	8	7	0	0	0	0	0	0	0	0	0
A	EF	9	101	1	1	BA1652	28420	7	0	0	0	0	0	0	0	1	0	0
A	EF	9	101	1	1	BA1652	28429	7	8	2	0	1	0	0	0	0	0	0
A	EF	9	101	1	1	BA1652	28432	8	0	0	0	0	0	0	0	1	0	0
A	EF	9	101	1	1	BA1652	28439	8	7	0	0	0	0	0	0	0	0	0
A	EF	9	101	1	1	BA1652	28443	7	8	2	0	1	0	0	0	0	0	0
A	EF	9	101	1	1	BA1652	28452	8	0	0	0	0	0	0	0	1	0	0
A	EF	9	101	1	1	BA1652	28453	8	7	0	0	0	0	0	0	0	0	0
A	EF	9	101	1	1	BA1652	28454	7	8	2	0	1	0	0	0	0	0	0
A	EF	9	101	1	1	BA1652	28464	8	9	0	0	0	0	0	0	0	0	0
A	EF	9	101	1	1	BA1652	28465	9	0	0	0	0	0	0	0	1	0	0
A	EF	9	101	1	1	BA1652	28474	9	10	0	0	0	0	0	0	0	0	0
A	EF	9	101	1	1	BA1652	28549	10	2	0	0	0	0	0	0	0	0	0
A	EF	9	101	1	1	BA1652	28550	2	6	0	0	0	0	0	0	0	0	0
A	EF	9	101	1	1	BA1652	28702	6	8	2	0	1	0	0	0	0	0	0
A	EF	9	101	1	1	BA1652	28708	8	0	0	0	0	0	0	0	1	0	0
A	EF	9	101	1	1	BA1652	28712	8	7	0	0	0	0	0	0	0	0	0
A	EF	9	101	1	1	BA1652	28864	7	8	2	0	1	0	0	0	0	0	0
A	EF	9	101	1	1	BA1652	28865	8	0	0	0	1	0	0	0	1	0	0
A	EF	9	101	1	1	BA1652	28874	8	7	0	0	0	0	0	0	0	0	0
A	EF	9	101	1	1	BA1652	28983	7	8	2	0	1	0	0	0	0	0	0
A	EF	9	101	1	1	BA1652	28985	8	0	0	0	0	0	0	0	1	0	0
A	EF	9	101	1	1	BA1652	28990	8	0	0	0	1	0	0	0	0	0	0
A	EF	9	101	1	1	BA1652	28993	8	7	0	0	0	0	0	0	0	0	0
A	EF	9	101	1	1	BA1652	28996	7	0	0	0	0	0	0	0	1	0	0
A	EF	9	101	1	1	BA1652	29001	7	8	2	0	1	0	0	0	0	0	0
A	EF	9	101	1	1	BA1652	29011	8	7	0	0	0	0	0	0	0	0	0
A	EF	9	101	1	1	BA1652	29015	7	0	0	0	0	0	0	0	1	0	0
A	EF	9	101	1	1	BA1652	29021	7	8	2	0	1	0	0	0	0	0	0
A	EF	9	101	1	1	BA1652	29023	8	0	0	0	0	0	0	0	1	0	0
A	EF	9	101	1	1	BA1652	29031	8	7	0	0	0	0	0	0	0	0	0
A	EF	9	101	1	1	BA1652	29036	7	8	2	0	1	0	0	0	0	0	0
A	EF	9	101	1	1	BA1652	29041	8	0	0	0	0	0	0	0	1	0	0
A	EF	9	101	1	1	BA1652	29046	8	7	0	0	1	0	0	0	0	0	0
A	EF	9	101	1	1	BA1652	29058	7	0	0	0	0	0	0	0	1	0	0
A	EF	9	101	1	1	BA1652	29105	7	8	2	0	1	0	0	0	0	0	0
A	EF	9	101	1	1	BA1652	29107	8	0	0	0	0	0	0	0	1	0	0
A	EF	9	101	1	1	BA1652	29109	8	0	0	0	1	0	0	0	0	0	0
A	EF	9	101	1	1	BA1652	29115	8	7	0	0	0	0	0	0	0	0	0
A	EF	9	101	1	1	BA1652	29139	7	0	0	0	0	0	0	0	1	0	0
A	EF	9	101	1	1	BA1652	29164	7	8	2	0	1	0	0	0	0	0	0
A	EF	9	101	1	1	BA1652	29168	8	0	0	0	0	0	0	0	1	0	0
A	EF	9	101	1	1	BA1652	29174	8	7	0	0	0	0	0	0	0	0	0
A	EF	9	101	1	1	BA1652	29184	7	8	2	0	1	0	0	0	0	0	0
A	EF	9	101	1	1	BA1652	29190	8	0	0	0	0	0	0	0	1	0	0
A	EF	9	101	1	1	BA1652	29194	8	7	0	0	1	0	0	0	0	0	0
A	EF	9	101	1	1	BA1652	29206	7	0	0	0	0	0	0	0	1	0	0
A	EF	9	101	1	1	BA1652	29254	7	8	2	0	1	0	0	0	0	0	0
A	EF	9	101	1	1	BA1652	29264	8	7	0	0	0	0	0	0	0	0	0
A	EF	9	101	1	1	BA1652	29267	7	0	0	0	0	0	0	0	1	0	0
A	EF	9	101	1	1	BA1652	29268	7	8	2	0	1	0	0	0	0	0	0
A	EF	9	101	1	1	BA1652	29278	8	7	0	0	0	0	0	0	0	0	0
A	EF	9	101	1	1	BA1652	29280	7	0	0	0	0	0	0	0	1	0	0
A	EF	9	101	1	1	BA1652	29346	7	8	2	0	1	0	0	0	0	0	0
A	EF	9	101	1	1	BA1652	29356	8	7	0	0	0	0	0	0	0	0	0
A	EF	9	101	1	1	BA1652	29368	7	0	0	0	0	0	0	0	1	0	0
A	EF	9	101	1	1	BA1652	29389	7	8	2	0	1	0	0	0	0	0	0
A	EF	9	101	1	1	BA1652	29397	8	0	0	0	0	0	0	0	1	0	0
A	EF	9	101	1	1	BA1652	29399	8	7	0	0	0	0	0	0	0	0	0
A	EF	9	101	1	1	BA1652	29407	7	8	2	0	1	0	0	0	0	0	0
A	EF	9	101	1	1	BA1652	29411	8	0	0	0	0	0	0	0	1	0	0
A	EF	9	101	1	1	BA1652	29417	8	7	0	0	0	0	0	0	0	0	0
A	EF	9	101	1	1	BA1652	29423	7	8	2	0	1	0	0	0	0	0	0
A	EF	9	101	1	1	BA1652	29432	8	0	0	0	0	0	0	0	1	0	0
A	EF	9	101	1	1	BA1652	29433	8	7	0	0	1	0	0	0	0	0	0
A	EF	9	101	1	1	BA1652	29440	7	0	0	0	0	0	0	0	1	0	0
A	EF	9	101	1	1	BA1652	29542	7	8	2	0	1	0	0	0	0	0	0
A	EF	9	101	1	1	BA1652	29552	8	7	0	0	0	0	0	0	0	0	0
A	EF	9	101	1	1	BA1652	29575	7	0	0	0	0	0	0	0	1	0	0
A	EF	9	101	1	1	BA1652	29577	7	8	2	0	1	0	0	0	0	0	0
A	EF	9	101	1	1	BA1652	29587	8	7	0	0	0	0	0	0	0	0	0
A	EF	9	101	1	1	BA1652	29590	7	0	0	0	0	0	0	0	1	0	0
A	EF	9	101	1	1	BA1652	29661	7	8	2	0	1	0	0	0	0	0	0
A	EF	9	101	1	1	BA1652	29666	8	0	0	0	0	0	0	0	1	0	0
A	EF	9	101	1	1	BA1652	29671	8	7	0	0	0	0	0	0	0	0	0
A	EF	9	101	1	1	BA1652	29683	7	8	2	0	1	0	0	0	0	0	0
A	EF	9	101	1	1	BA1652	29693	8	7	0	0	0	0	0	0	0	0	0
A	EF	9	101	1	1	BA1652	29724	7	0	0	0	0	0	0	0	1	0	0
A	EF	9	101	1	1	BA1652	29728	7	8	2	0	1	0	0	0	0	0	0
A	EF	9	101	1	1	BA1652	29732	8	0	0	0	0	0	0	0	1	0	0
A	EF	9	101	1	1	BA1652	29738	8	9	0	0	0	0	0	0	0	0	0
A	EF	9	101	1	1	BA1652	29748	9	10	0	0	1	0	0	0	0	0	0
A	EF	9	101	1	1	BA1652	29757	10	0	0	0	0	0	0	0	1	0	0
A	EF	9	101	1	1	BA1652	29823	10	2	0	0	0	0	0	0	0	0	0
A	EF	9	101	1	1	BA1652	29824	2	3	0	0	0	0	0	0	0	0	0
A	EF	9	101	1	1	BA1652	29874	3	5	1	1	0	0	0	0	0	0	0
A	EF	9	101	1	1	BA1652	29884	5	4	0	0	0	0	0	0	0	0	0
A	EF	9	101	1	1	BA1652	29898	4	0	0	0	0	0	0	1	0	0	0
A	EF	9	101	1	1	BA1652	29929	4	5	1	1	0	0	0	0	0	0	0
A	EF	9	101	1	1	BA1652	29931	5	0	0	0	0	0	0	1	0	0	0
A	EF	9	101	1	1	BA1652	29939	5	4	0	0	0	0	0	0	0	0	0
A	EF	9	101	1	1	BA1652	29982	4	5	1	1	0	0	0	0	0	0	0
A	EF	9	101	1	1	BA1652	29992	5	4	0	0	0	0	0	0	0	0	0
A	EF	9	101	1	1	BA1652	30004	4	0	0	0	0	0	0	1	0	0	0
A	EF	9	101	1	1	BA1652	30007	4	5	1	1	0	0	0	0	0	0	0
A	EF	9	101	1	1	BA1652	30011	5	0	0	0	0	0	0	1	0	0	0
A	EF	9	101	1	1	BA1652	30017	5	4	0	0	0	0	0	0	0	0	0
A	EF	9	101	1	1	BA1652	30049	4	5	1	1	0	0	0	0	0	0	0
A	EF	9	101	1	1	BA1652	30058	5	0	0	0	0	0	0	1	0	0	0
A	EF	9	101	1	1	BA1652	30059	5	9	0	1	0	0	0	0	0	0	0
A	EF	9	101	1	1	BA1652	30061	9	0	0	0	0	0	0	1	0	0	0
A	EF	9	101	1	1	BA1652	30064	9	0	0	1	0	0	0	0	0	0	0
A	EF	9	101	1	1	BA1652	30068	9	0	0	0	0	0	0	1	0	0	0
A	EF	9	101	1	1	BA1652	30069	9	10	0	0	0	0	0	0	0	0	0
A	EF	9	101	1	1	BA1652	30144	10	2	0	0	0	0	0	0	0	0	0
A	EF	9	101	1	1	BA1652	30145	2	6	0	0	0	0	0	0	0	0	0
A	EF	9	101	1	1	BA1652	30802	6	8	2	0	1	0	0	0	0	0	0
A	EF	9	101	1	1	BA1652	30812	8	7	0	0	0	0	0	0	0	0	0
A	EF	9	101	1	1	BA1652	30815	7	0	0	0	0	0	0	0	1	0	0
A	EF	9	101	1	1	BA1652	30824	7	8	2	0	1	0	0	0	0	0	0
A	EF	9	101	1	1	BA1652	30827	8	0	0	0	0	0	0	0	1	0	0
A	EF	9	101	1	1	BA1652	30834	8	7	0	0	0	0	0	0	0	0	0
A	EF	9	101	1	1	BA1652	30908	7	8	2	0	1	0	0	0	0	0	0
A	EF	9	101	1	1	BA1652	30912	8	0	0	0	0	0	0	0	1	0	0
A	EF	9	101	1	1	BA1652	30918	8	7	0	0	1	0	0	0	0	0	0
A	EF	9	101	1	1	BA1652	30934	7	0	0	0	0	0	0	0	1	0	0
A	EF	9	101	1	1	BA1652	30993	7	8	2	0	1	0	0	0	0	0	0
A	EF	9	101	1	1	BA1652	31003	8	7	0	0	0	0	0	0	0	0	0
A	EF	9	101	1	1	BA1652	31017	7	0	0	0	0	0	0	0	1	0	0
A	EF	9	101	1	1	BA1652	31093	7	8	2	0	1	0	0	0	0	0	0
A	EF	9	101	1	1	BA1652	31098	8	0	0	0	0	0	0	0	1	0	0
A	EF	9	101	1	1	BA1652	31103	8	7	0	0	0	0	0	0	0	0	0
A	EF	9	101	1	1	BA1652	31136	7	8	2	0	1	0	0	0	0	0	0
A	EF	9	101	1	1	BA1652	31140	8	0	0	0	0	0	0	0	1	0	0
A	EF	9	101	1	1	BA1652	31142	8	0	0	0	1	0	0	0	0	0	0
A	EF	9	101	1	1	BA1652	31146	8	7	0	0	0	0	0	0	0	0	0
A	EF	9	101	1	1	BA1652	31166	7	0	0	0	0	0	0	0	1	0	0
A	EF	9	101	1	1	BA1652	31224	7	8	2	0	1	0	0	0	0	0	0
A	EF	9	101	1	1	BA1652	31233	8	0	0	0	0	0	0	0	1	0	0
A	EF	9	101	1	1	BA1652	31234	8	7	0	0	0	0	0	0	0	0	0
A	EF	9	101	1	1	BA1652	31252	7	8	2	0	1	0	0	0	0	0	0
A	EF	9	101	1	1	BA1652	31262	8	7	0	0	0	0	0	0	0	0	0
A	EF	9	101	1	1	BA1652	31263	7	0	0	0	0	0	0	0	1	0	0
A	EF	9	101	1	1	BA1652	31264	7	8	2	0	1	0	0	0	0	0	0
A	EF	9	101	1	1	BA1652	31273	8	0	0	0	0	0	0	0	1	0	0
A	EF	9	101	1	1	BA1652	31274	8	7	0	0	0	0	0	0	0	0	0
A	EF	9	101	1	1	BA1652	31308	7	8	2	0	1	0	0	0	0	0	0
A	EF	9	101	1	1	BA1652	31313	8	0	0	0	0	0	0	0	1	0	0
A	EF	9	101	1	1	BA1652	31318	8	7	0	0	0	0	0	0	0	0	0
A	EF	9	101	1	1	BA1652	31320	7	8	2	0	1	0	0	0	0	0	0
A	EF	9	101	1	1	BA1652	31330	8	7	0	0	0	0	0	0	0	0	0
A	EF	9	101	1	1	BA1652	31334	7	0	0	0	0	0	0	0	1	0	0
A	EF	9	101	1	1	BA1652	31347	7	8	2	0	1	0	0	0	0	0	0
A	EF	9	101	1	1	BA1652	31352	8	0	0	0	0	0	0	0	1	0	0
A	EF	9	101	1	1	BA1652	31357	8	7	0	0	0	0	0	0	0	0	0
A	EF	9	101	1	1	BA1652	31366	7	8	2	0	1	0	0	0	0	0	0
A	EF	9	101	1	1	BA1652	31376	8	7	0	0	0	0	0	0	0	0	0
A	EF	9	101	1	1	BA1652	31392	7	0	0	0	0	0	0	0	1	0	0
A	EF	9	101	1	1	BA1652	31393	7	8	2	0	1	0	0	0	0	0	0
A	EF	9	101	1	1	BA1652	31403	8	7	0	0	0	0	0	0	0	0	0
A	EF	9	101	1	1	BA1652	31405	7	0	0	0	0	0	0	0	1	0	0
A	EF	9	101	1	1	BA1652	31420	7	8	2	0	1	0	0	0	0	0	0
A	EF	9	101	1	1	BA1652	31425	8	0	0	0	0	0	0	0	1	0	0
A	EF	9	101	1	1	BA1652	31430	8	7	0	0	0	0	0	0	0	0	0
A	EF	9	101	1	1	BA1652	31479	7	8	2	0	1	0	0	0	0	0	0
A	EF	9	101	1	1	BA1652	31489	8	7	0	0	0	0	0	0	0	0	0
A	EF	9	101	1	1	BA1652	31502	7	0	0	0	0	0	0	0	1	0	0
A	EF	9	101	1	1	BA1652	31519	7	8	2	0	1	0	0	0	0	0	0
A	EF	9	101	1	1	BA1652	31526	8	0	0	0	0	0	0	0	1	0	0
A	EF	9	101	1	1	BA1652	31529	8	7	0	0	0	0	0	0	0	0	0
A	EF	9	101	1	1	BA1652	31607	7	8	2	0	1	0	0	0	0	0	0
A	EF	9	101	1	1	BA1652	31617	8	7	0	0	0	0	0	0	0	0	0
A	EF	9	101	1	1	BA1652	31639	7	0	0	0	0	0	0	0	1	0	0
A	EF	9	101	1	1	BA1652	31645	7	8	2	0	1	0	0	0	0	0	0
A	EF	9	101	1	1	BA1652	31654	8	0	0	0	0	0	0	0	1	0	0
A	EF	9	101	1	1	BA1652	31655	8	7	0	0	0	0	0	0	0	0	0
A	EF	9	101	1	1	BA1652	31660	7	8	2	0	1	0	0	0	0	0	0
A	EF	9	101	1	1	BA1652	31670	8	9	0	0	0	0	0	0	0	0	0
A	EF	9	101	1	1	BA1652	31680	9	10	0	0	0	0	0	0	0	0	0
A	EF	9	101	1	1	BA1652	31681	10	0	0	0	0	0	0	0	1	0	0
A	EF	9	101	1	1	BA1652	31755	10	2	0	0	0	0	0	0	0	0	0
A	EF	9	101	1	1	BA1652	31756	2	6	0	0	0	0	0	0	0	0	0
A	EF	9	101	1	1	BA1652	32075	6	8	2	0	1	0	0	0	0	0	0
A	EF	9	101	1	1	BA1652	32077	8	0	0	0	0	0	0	0	1	0	0
A	EF	9	101	1	1	BA1652	32085	8	7	0	0	0	0	0	0	0	0	0
A	EF	9	101	1	1	BA1652	32106	7	8	2	0	1	0	0	0	0	0	0
A	EF	9	101	1	1	BA1652	32110	8	0	0	0	0	0	0	0	1	0	0
A	EF	9	101	1	1	BA1652	32116	8	7	0	0	0	0	0	0	0	0	0
A	EF	9	101	1	1	BA1652	32232	7	8	2	0	1	0	0	0	0	0	0
A	EF	9	101	1	1	BA1652	32242	8	7	0	0	0	0	0	0	0	0	0
A	EF	9	101	1	1	BA1652	32262	7	0	0	0	0	0	0	0	1	0	0
A	EF	9	101	1	1	BA1652	32326	7	8	2	0	1	0	0	0	0	0	0
A	EF	9	101	1	1	BA1652	32330	8	0	0	0	0	0	0	0	1	0	0
A	EF	9	101	1	1	BA1652	32331	8	0	0	0	1	0	0	0	0	0	0
A	EF	9	101	1	1	BA1652	32336	8	7	0	0	0	0	0	0	0	0	0
A	EF	9	101	1	1	BA1652	32343	7	0	0	0	0	0	0	0	1	0	0
A	EF	9	101	1	1	BA1652	32345	7	8	2	0	1	0	0	0	0	0	0
A	EF	9	101	1	1	BA1652	32355	8	7	0	0	0	0	0	0	0	0	0
A	EF	9	101	1	1	BA1652	32365	7	0	0	0	0	0	0	0	1	0	0
A	EF	9	101	1	1	BA1652	32366	7	8	2	0	1	0	0	0	0	0	0
A	EF	9	101	1	1	BA1652	32376	8	7	0	0	0	0	0	0	0	0	0
A	EF	9	101	1	1	BA1652	32379	7	0	0	0	0	0	0	0	1	0	0
A	EF	9	101	1	1	BA1652	32393	7	8	2	0	1	0	0	0	0	0	0
A	EF	9	101	1	1	BA1652	32397	8	0	0	0	0	0	0	0	1	0	0
A	EF	9	101	1	1	BA1652	32401	8	0	0	0	1	0	0	0	0	0	0
A	EF	9	101	1	1	BA1652	32403	8	7	0	0	0	0	0	0	0	0	0
A	EF	9	101	1	1	BA1652	32405	7	0	0	0	0	0	0	0	1	0	0
A	EF	9	101	1	1	BA1652	32411	7	8	2	0	1	0	0	0	0	0	0
A	EF	9	101	1	1	BA1652	32420	8	0	0	0	0	0	0	0	1	0	0
A	EF	9	101	1	1	BA1652	32421	8	7	0	0	0	0	0	0	0	0	0
A	EF	9	101	1	1	BA1652	32423	7	8	2	0	1	0	0	0	0	0	0
A	EF	9	101	1	1	BA1652	32430	8	0	0	0	0	0	0	0	1	0	0
A	EF	9	101	1	1	BA1652	32433	8	7	0	0	0	0	0	0	0	0	0
A	EF	9	101	1	1	BA1652	32459	7	8	2	0	1	0	0	0	0	0	0
A	EF	9	101	1	1	BA1652	32466	8	0	0	0	0	0	0	0	1	0	0
A	EF	9	101	1	1	BA1652	32469	8	7	0	0	0	0	0	0	0	0	0
A	EF	9	101	1	1	BA1652	32477	7	8	2	0	1	0	0	0	0	0	0
A	EF	9	101	1	1	BA1652	32483	8	0	0	0	0	0	0	0	1	0	0
A	EF	9	101	1	1	BA1652	32487	8	7	0	0	0	0	0	0	0	0	0
A	EF	9	101	1	1	BA1652	32489	7	8	2	0	1	0	0	0	0	0	0
A	EF	9	101	1	1	BA1652	32499	8	7	0	0	0	0	0	0	0	0	0
A	EF	9	101	1	1	BA1652	32509	7	0	0	0	0	0	0	0	1	0	0
A	EF	9	101	1	1	BA1652	32524	7	8	2	0	1	0	0	0	0	0	0
A	EF	9	101	1	1	BA1652	32525	8	0	0	0	0	0	0	0	1	0	0
A	EF	9	101	1	1	BA1652	32534	8	7	0	0	0	0	0	0	0	0	0
A	EF	9	101	1	1	BA1652	32590	7	8	2	0	1	0	0	0	0	0	0
A	EF	9	101	1	1	BA1652	32600	8	7	0	0	0	0	0	0	0	0	0
A	EF	9	101	1	1	BA1652	32634	7	0	0	0	0	0	0	0	1	0	0
A	EF	9	101	1	1	BA1652	32635	7	8	2	0	1	0	0	0	0	0	0
A	EF	9	101	1	1	BA1652	32645	8	7	0	0	0	0	0	0	0	0	0
A	EF	9	101	1	1	BA1652	32648	7	0	0	0	0	0	0	0	1	0	0
A	EF	9	101	1	1	BA1652	32651	7	8	2	0	1	0	0	0	0	0	0
A	EF	9	101	1	1	BA1652	32661	8	7	0	0	0	0	0	0	0	0	0
A	EF	9	101	1	1	BA1652	32666	7	0	0	0	0	0	0	0	1	0	0
A	EF	9	101	1	1	BA1652	32681	7	8	2	0	1	0	0	0	0	0	0
A	EF	9	101	1	1	BA1652	32683	8	0	0	0	0	0	0	0	1	0	0
A	EF	9	101	1	1	BA1652	32685	8	0	0	0	1	0	0	0	0	0	0
A	EF	9	101	1	1	BA1652	32686	8	0	0	0	0	0	0	0	1	0	0
A	EF	9	101	1	1	BA1652	32691	8	7	0	0	0	0	0	0	0	0	0
A	EF	9	101	1	1	BA1652	32764	7	8	2	0	1	0	0	0	0	0	0
A	EF	9	101	1	1	BA1652	32774	8	7	0	0	0	0	0	0	0	0	0
A	EF	9	101	1	1	BA1652	32814	7	0	0	0	0	0	0	0	1	0	0
A	EF	9	101	1	1	BA1652	32820	7	8	2	0	1	0	0	0	0	0	0
A	EF	9	101	1	1	BA1652	32830	8	7	0	0	0	0	0	0	0	0	0
A	EF	9	101	1	1	BA1652	32832	7	0	0	0	0	0	0	0	1	0	0
A	EF	9	101	1	1	BA1652	32836	7	8	2	0	1	0	0	0	0	0	0
A	EF	9	101	1	1	BA1652	32846	8	9	0	0	0	0	0	0	0	0	0
A	EF	9	101	1	1	BA1652	32856	9	10	0	0	0	0	0	0	0	0	0
A	EF	9	101	1	1	BA1652	32858	10	0	0	0	0	0	0	0	1	0	0
A	EF	9	101	1	1	BA1652	32931	10	2	0	0	0	0	0	0	0	0	0
A	EF	9	101	1	1	BA1652	32932	2	3	0	0	0	0	0	0	0	0	0
A	EF	9	101	1	1	BA1652	32980	3	5	1	1	0	0	0	0	0	0	0
A	EF	9	101	1	1	BA1652	32987	5	0	0	0	0	0	0	1	0	0	0
A	EF	9	101	1	1	BA1652	32990	5	4	0	1	0	0	0	0	0	0	0
A	EF	9	101	1	1	BA1652	32996	4	0	0	0	0	0	0	1	0	0	0
A	EF	9	101	1	1	BA1652	33003	4	5	1	1	0	0	0	0	0	0	0
A	EF	9	101	1	1	BA1652	33008	5	0	0	0	0	0	0	1	0	0	0
A	EF	9	101	1	1	BA1652	33013	5	4	0	0	0	0	0	0	0	0	0
A	EF	9	101	1	1	BA1652	33024	4	5	1	1	0	0	0	0	0	0	0
A	EF	9	101	1	1	BA1652	33033	5	0	0	0	0	0	0	1	0	0	0
A	EF	9	101	1	1	BA1652	33034	5	4	0	0	0	0	0	0	0	0	0
A	EF	9	101	1	1	BA1652	33037	4	5	1	1	0	0	0	0	0	0	0
A	EF	9	101	1	1	BA1652	33042	5	0	0	0	0	0	0	1	0	0	0
A	EF	9	101	1	1	BA1652	33047	5	4	0	0	0	0	0	0	0	0	0
A	EF	9	101	1	1	BA1652	33066	4	5	1	1	0	0	0	0	0	0	0
A	EF	9	101	1	1	BA1652	33076	5	9	0	0	0	0	0	0	0	0	0
A	EF	9	101	1	1	BA1652	33081	9	0	0	0	0	0	0	1	0	0	0
A	EF	9	101	1	1	BA1652	33086	9	10	0	0	0	0	0	0	0	0	0
A	EF	9	101	1	1	BA1652	33161	10	2	0	0	0	0	0	0	0	0	0
A	EF	9	101	1	1	BA1652	33162	2	3	0	0	0	0	0	0	0	0	0
A	EF	9	101	1	1	BA1652	33231	3	5	1	1	0	0	0	0	0	0	0
A	EF	9	101	1	1	BA1652	33241	5	4	0	0	0	0	0	0	0	0	0
A	EF	9	101	1	1	BA1652	33244	4	0	0	0	0	0	0	1	0	0	0
A	EF	9	101	1	1	BA1652	33246	4	5	1	1	0	0	0	0	0	0	0
A	EF	9	101	1	1	BA1652	33250	5	0	0	1	0	0	0	1	0	0	0
A	EF	9	101	1	1	BA1652	33255	5	0	0	0	0	0	0	1	0	0	0
A	EF	9	101	1	1	BA1652	33256	5	4	0	1	0	0	0	0	0	0	0
A	EF	9	101	1	1	BA1652	33262	4	0	0	0	0	0	0	1	0	0	0
A	EF	9	101	1	1	BA1652	33263	4	5	1	1	0	0	0	0	0	0	0
A	EF	9	101	1	1	BA1652	33265	5	0	0	0	0	0	0	1	0	0	0
A	EF	9	101	1	1	BA1652	33273	5	4	0	0	0	0	0	0	0	0	0
A	EF	9	101	1	1	BA1652	33278	4	5	1	1	0	0	0	0	0	0	0
A	EF	9	101	1	1	BA1652	33288	5	4	0	0	0	0	0	0	0	0	0
A	EF	9	101	1	1	BA1652	33311	4	0	0	0	0	0	0	1	0	0	0
A	EF	9	101	1	1	BA1652	33322	4	5	1	1	0	0	0	0	0	0	0
A	EF	9	101	1	1	BA1652	33325	5	0	0	0	0	0	0	1	0	0	0
A	EF	9	101	1	1	BA1652	33332	5	9	0	0	0	0	0	0	0	0	0
A	EF	9	101	1	1	BA1652	33342	9	10	0	0	0	0	0	0	0	0	0
A	EF	9	101	1	1	BA1652	33417	10	2	0	0	0	0	0	0	0	0	0
A	EF	9	101	1	1	BA1652	33418	2	6	0	0	0	0	0	0	0	0	0
A	EF	9	101	1	1	BA1652	33821	6	8	2	0	1	0	0	0	0	0	0
A	EF	9	101	1	1	BA1652	33831	8	7	0	0	0	0	0	0	0	0	0
A	EF	9	101	1	1	BA1652	33836	7	0	0	0	0	0	0	0	1	0	0
A	EF	9	101	1	1	BA1652	33918	7	8	2	0	1	0	0	0	0	0	0
A	EF	9	101	1	1	BA1652	33920	8	0	0	0	0	0	0	0	1	0	0
A	EF	9	101	1	1	BA1652	33921	8	0	0	0	1	0	0	0	0	0	0
A	EF	9	101	1	1	BA1652	33928	8	7	0	0	0	0	0	0	0	0	0
A	EF	9	101	1	1	BA1652	33953	7	0	0	0	0	0	0	0	1	0	0
A	EF	9	101	1	1	BA1652	34196	7	8	2	0	1	0	0	0	0	0	0
A	EF	9	101	1	1	BA1652	34205	8	0	0	0	0	0	0	0	1	0	0
A	EF	9	101	1	1	BA1652	34206	8	7	0	0	0	0	0	0	0	0	0
A	EF	9	101	1	1	BA1652	34274	7	8	2	0	1	0	0	0	0	0	0
A	EF	9	101	1	1	BA1652	34284	8	7	0	0	0	0	0	0	0	0	0
A	EF	9	101	1	1	BA1652	34295	7	0	0	0	0	0	0	0	1	0	0
A	EF	9	101	1	1	BA1652	34299	7	8	2	0	1	0	0	0	0	0	0
A	EF	9	101	1	1	BA1652	34305	8	0	0	0	0	0	0	0	1	0	0
A	EF	9	101	1	1	BA1652	34309	8	7	0	0	0	0	0	0	0	0	0
A	EF	9	101	1	1	BA1652	34310	7	8	2	0	1	0	0	0	0	0	0
A	EF	9	101	1	1	BA1652	34320	8	7	0	0	0	0	0	0	0	0	0
A	EF	9	101	1	1	BA1652	34334	7	0	0	0	0	0	0	0	1	0	0
A	EF	9	101	1	1	BA1652	34336	7	8	2	0	1	0	0	0	0	0	0
A	EF	9	101	1	1	BA1652	34346	8	7	0	0	0	0	0	0	0	0	0
A	EF	9	101	1	1	BA1652	34361	7	0	0	0	0	0	0	0	1	0	0
A	EF	9	101	1	1	BA1652	34397	7	8	2	0	1	0	0	0	0	0	0
A	EF	9	101	1	1	BA1652	34400	8	0	0	0	0	0	0	0	1	0	0
A	EF	9	101	1	1	BA1652	34401	8	0	0	0	1	0	0	0	0	0	0
A	EF	9	101	1	1	BA1652	34407	8	7	0	0	0	0	0	0	0	0	0
A	EF	9	101	1	1	BA1652	34419	7	0	0	0	0	0	0	0	1	0	0
A	EF	9	101	1	1	BA1652	34423	7	8	2	0	1	0	0	0	0	0	0
A	EF	9	101	1	1	BA1652	34433	8	7	0	0	0	0	0	0	0	0	0
A	EF	9	101	1	1	BA1652	34437	7	0	0	0	0	0	0	0	1	0	0
A	EF	9	101	1	1	BA1652	34451	7	8	2	0	1	0	0	0	0	0	0
A	EF	9	101	1	1	BA1652	34461	8	7	0	0	0	0	0	0	0	0	0
A	EF	9	101	1	1	BA1652	34462	7	0	0	0	0	0	0	0	1	0	0
A	EF	9	101	1	1	BA1652	34547	7	8	2	0	1	0	0	0	0	0	0
A	EF	9	101	1	1	BA1652	34557	8	7	0	0	0	0	0	0	0	0	0
A	EF	9	101	1	1	BA1652	34577	7	0	0	0	0	0	0	0	1	0	0
A	EF	9	101	1	1	BA1652	34587	7	8	2	0	1	0	0	0	0	0	0
A	EF	9	101	1	1	BA1652	34591	8	0	0	0	0	0	0	0	1	0	0
A	EF	9	101	1	1	BA1652	34596	8	0	0	0	1	0	0	0	0	0	0
A	EF	9	101	1	1	BA1652	34597	8	7	0	0	0	0	0	0	0	0	0
A	EF	9	101	1	1	BA1652	34628	7	0	0	0	0	0	0	0	1	0	0
A	EF	9	101	1	1	BA1652	34635	7	8	2	0	1	0	0	0	0	0	0
A	EF	9	101	1	1	BA1652	34645	8	7	0	0	0	0	0	0	0	0	0
A	EF	9	101	1	1	BA1652	34663	7	0	0	0	0	0	0	0	1	0	0
A	EF	9	101	1	1	BA1652	34681	7	8	2	0	1	0	0	0	0	0	0
A	EF	9	101	1	1	BA1652	34691	8	7	0	0	0	0	0	0	0	0	0
A	EF	9	101	1	1	BA1652	34788	7	0	0	0	0	0	0	0	1	0	0
A	EF	9	101	1	1	BA1652	34797	7	8	2	0	1	0	0	0	0	0	0
A	EF	9	101	1	1	BA1652	34807	8	7	0	0	0	0	0	0	0	0	0
A	EF	9	101	1	1	BA1652	34833	7	0	0	0	0	0	0	0	1	0	0
A	EF	9	101	1	1	BA1652	34835	7	8	2	0	1	0	0	0	0	0	0
A	EF	9	101	1	1	BA1652	34845	8	7	0	0	0	0	0	0	0	0	0
A	EF	9	101	1	1	BA1652	34865	7	0	0	0	0	0	0	0	1	0	0
A	EF	9	101	1	1	BA1652	34869	7	8	2	0	1	0	0	0	0	0	0
A	EF	9	101	1	1	BA1652	34879	8	7	0	0	0	0	0	0	0	0	0
A	EF	9	101	1	1	BA1652	34899	7	0	0	0	0	0	0	0	1	0	0
A	EF	9	101	1	1	BA1652	34998	7	8	2	0	1	0	0	0	0	0	0
A	EF	9	101	1	1	BA1652	35008	8	7	0	0	0	0	0	0	0	0	0
A	EF	9	101	1	1	BA1652	35011	7	0	0	0	0	0	0	0	1	0	0
A	EF	9	101	1	1	BA1652	35012	7	8	2	0	1	0	0	0	0	0	0
A	EF	9	101	1	1	BA1652	35022	8	7	0	0	0	0	0	0	0	0	0
A	EF	9	101	1	1	BA1652	35024	7	0	0	0	0	0	0	0	1	0	0
A	EF	9	101	1	1	BA1652	35058	7	8	2	0	1	0	0	0	0	0	0
A	EF	9	101	1	1	BA1652	35068	8	9	0	0	0	0	0	0	0	0	0
A	EF	9	101	1	1	BA1652	35077	9	0	0	0	0	0	0	0	1	0	0
A	EF	9	101	1	1	BA1652	35078	9	10	0	0	0	0	0	0	0	0	0
A	EF	9	101	1	1	BA1652	35153	10	2	0	0	0	0	0	0	0	0	0
A	EF	9	101	1	1	BA1652	35154	2	3	0	0	0	0	0	0	0	0	0
A	EF	9	101	1	1	BA1652	35190	3	5	1	1	0	0	0	0	0	0	0
A	EF	9	101	1	1	BA1652	35197	5	0	0	0	0	0	0	1	0	0	0
A	EF	9	101	1	1	BA1652	35199	5	0	0	1	0	0	0	0	0	0	0
A	EF	9	101	1	1	BA1652	35200	5	4	0	0	0	0	0	0	0	0	0
A	EF	9	101	1	1	BA1652	35211	4	0	0	0	0	0	0	1	0	0	0
A	EF	9	101	1	1	BA1652	35215	4	5	1	1	0	0	0	0	0	0	0
A	EF	9	101	1	1	BA1652	35224	5	0	0	0	0	0	0	1	0	0	0
A	EF	9	101	1	1	BA1652	35225	5	4	0	0	0	0	0	0	0	0	0
A	EF	9	101	1	1	BA1652	35244	4	5	1	1	0	0	0	0	0	0	0
A	EF	9	101	1	1	BA1652	35254	5	4	0	0	0	0	0	0	0	0	0
A	EF	9	101	1	1	BA1652	35258	4	0	0	0	0	0	0	1	0	0	0
A	EF	9	101	1	1	BA1652	35288	4	5	1	1	0	0	0	0	0	0	0
A	EF	9	101	1	1	BA1652	35298	5	4	0	0	0	0	0	0	0	0	0
A	EF	9	101	1	1	BA1652	35304	4	0	0	0	0	0	0	1	0	0	0
A	EF	9	101	1	1	BA1652	35352	4	5	1	1	0	0	0	0	0	0	0
A	EF	9	101	1	1	BA1652	35362	5	9	0	0	0	0	0	0	0	0	0
A	EF	9	101	1	1	BA1652	35372	9	10	0	0	0	0	0	1	0	0	0
A	EF	9	101	1	1	BA1652	35447	10	2	0	0	0	0	0	0	0	0	0
A	EF	9	101	1	1	BA1652	35448	2	6	0	0	0	0	0	0	0	0	0
A	EF	9	101	1	1	BA1652	35776	6	8	2	0	1	0	0	0	0	0	0
A	EF	9	101	1	1	BA1652	35785	8	0	0	0	0	0	0	0	1	0	0
A	EF	9	101	1	1	BA1652	35786	8	7	0	0	0	0	0	0	0	0	0
A	EF	9	101	1	1	BA1652	35848	7	8	2	0	1	0	0	0	0	0	0
A	EF	9	101	1	1	BA1652	35858	8	7	0	0	0	0	0	0	0	0	0
A	EF	9	101	1	1	BA1652	35866	7	0	0	0	0	0	0	0	1	0	0
A	EF	9	101	1	1	BA1652	35874	7	8	2	0	1	0	0	0	0	0	0
A	EF	9	101	1	1	BA1652	35880	8	0	0	0	0	0	0	0	1	0	0
A	EF	9	101	1	1	BA1652	35883	8	0	0	0	1	0	0	0	0	0	0
A	EF	9	101	1	1	BA1652	35884	8	7	0	0	0	0	0	0	0	0	0
A	EF	9	101	1	1	BA1652	35912	7	0	0	0	0	0	0	0	1	0	0
A	EF	9	101	1	1	BA1652	35927	7	8	2	0	1	0	0	0	0	0	0
A	EF	9	101	1	1	BA1652	35937	8	7	0	0	0	0	0	0	0	0	0
A	EF	9	101	1	1	BA1652	35952	7	0	0	0	0	0	0	0	1	0	0
A	EF	9	101	1	1	BA1652	35973	7	8	2	0	1	0	0	0	0	0	0
A	EF	9	101	1	1	BA1652	35977	8	0	0	0	0	0	0	0	1	0	0
A	EF	9	101	1	1	BA1652	35979	8	0	0	0	1	0	0	0	0	0	0
A	EF	9	101	1	1	BA1652	35983	8	7	0	0	0	0	0	0	0	0	0
A	EF	9	101	1	1	BA1652	35985	7	0	0	0	0	0	0	0	1	0	0
A	EF	9	101	1	1	BA1652	35990	7	8	2	0	1	0	0	0	0	0	0
A	EF	9	101	1	1	BA1652	35996	8	0	0	0	0	0	0	0	1	0	0
A	EF	9	101	1	1	BA1652	36000	8	7	0	0	0	0	0	0	0	0	0
A	EF	9	101	1	1	BA1652	36015	7	8	2	0	1	0	0	0	0	0	0
A	EF	9	101	1	1	BA1652	36016	8	0	0	0	0	0	0	0	1	0	0
A	EF	9	101	1	1	BA1652	36025	8	7	0	0	0	0	0	0	0	0	0
A	EF	9	101	1	1	BA1652	36038	7	8	2	0	1	0	0	0	0	0	0
A	EF	9	101	1	1	BA1652	36044	8	0	0	0	1	0	0	0	1	0	0
A	EF	9	101	1	1	BA1652	36048	8	7	0	0	0	0	0	0	0	0	0
A	EF	9	101	1	1	BA1652	36057	7	0	0	0	0	0	0	0	1	0	0
A	EF	9	101	1	1	BA1652	36063	7	8	2	0	1	0	0	0	0	0	0
A	EF	9	101	1	1	BA1652	36070	8	0	0	0	0	0	0	0	1	0	0
A	EF	9	101	1	1	BA1652	36073	8	7	0	0	0	0	0	0	0	0	0
A	EF	9	101	1	1	BA1652	36080	7	8	2	0	1	0	0	0	0	0	0
A	EF	9	101	1	1	BA1652	36085	8	0	0	0	0	0	0	0	1	0	0
A	EF	9	101	1	1	BA1652	36090	8	7	0	0	1	0	0	0	0	0	0
A	EF	9	101	1	1	BA1652	36109	7	0	0	0	0	0	0	0	1	0	0
A	EF	9	101	1	1	BA1652	36162	7	8	2	0	1	0	0	0	0	0	0
A	EF	9	101	1	1	BA1652	36168	8	0	0	0	0	0	0	0	1	0	0
A	EF	9	101	1	1	BA1652	36170	8	0	0	0	1	0	0	0	0	0	0
A	EF	9	101	1	1	BA1652	36172	8	7	0	0	0	0	0	0	0	0	0
A	EF	9	101	1	1	BA1652	36196	7	0	0	0	0	0	0	0	1	0	0
A	EF	9	101	1	1	BA1652	36197	7	8	2	0	1	0	0	0	0	0	0
A	EF	9	101	1	1	BA1652	36207	8	7	0	0	0	0	0	0	0	0	0
A	EF	9	101	1	1	BA1652	36216	7	0	0	0	0	0	0	0	1	0	0
A	EF	9	101	1	1	BA1652	36245	7	8	2	0	1	0	0	0	0	0	0
A	EF	9	101	1	1	BA1652	36255	8	7	0	0	0	0	0	0	0	0	0
A	EF	9	101	1	1	BA1652	36280	7	0	0	0	0	0	0	0	1	0	0
A	EF	9	101	1	1	BA1652	36529	7	8	2	0	1	0	0	0	0	0	0
A	EF	9	101	1	1	BA1652	36532	8	0	0	0	0	0	0	0	1	0	0
A	EF	9	101	1	1	BA1652	36539	8	7	0	0	0	0	0	0	0	0	0
A	EF	9	101	1	1	BA1652	36611	7	8	2	0	1	0	0	0	0	0	0
A	EF	9	101	1	1	BA1652	36618	8	0	0	0	0	0	0	0	1	0	0
A	EF	9	101	1	1	BA1652	36621	8	7	0	0	0	0	0	0	0	0	0
A	EF	9	101	1	1	BA1652	36622	7	8	2	0	1	0	0	0	0	0	0
A	EF	9	101	1	1	BA1652	36624	8	0	0	0	0	0	0	0	1	0	0
A	EF	9	101	1	1	BA1652	36626	8	0	0	0	1	0	0	0	0	0	0
A	EF	9	101	1	1	BA1652	36632	8	7	0	0	0	0	0	0	0	0	0
A	EF	9	101	1	1	BA1652	36635	7	0	0	0	0	0	0	0	1	0	0
A	EF	9	101	1	1	BA1652	36672	7	8	2	0	1	0	0	0	0	0	0
A	EF	9	101	1	1	BA1652	36682	8	7	0	0	0	0	0	0	0	0	0
A	EF	9	101	1	1	BA1652	36685	7	0	0	0	0	0	0	0	1	0	0
A	EF	9	101	1	1	BA1652	36707	7	8	2	0	1	0	0	0	0	0	0
A	EF	9	101	1	1	BA1652	36717	8	7	0	0	0	0	0	0	0	0	0
A	EF	9	101	1	1	BA1652	36726	7	0	0	0	0	0	0	0	1	0	0
A	EF	9	101	1	1	BA1652	36810	7	8	2	0	1	0	0	0	0	0	0
A	EF	9	101	1	1	BA1652	36820	8	7	0	0	0	0	0	0	0	0	0
A	EF	9	101	1	1	BA1652	36826	7	0	0	0	0	0	0	0	1	0	0
A	EF	9	101	1	1	BA1652	36830	7	8	2	0	1	0	0	0	0	0	0
A	EF	9	101	1	1	BA1652	36840	8	9	0	0	0	0	0	0	0	0	0
A	EF	9	101	1	1	BA1652	36850	9	10	0	0	0	0	0	0	0	0	0
A	EF	9	101	1	1	BA1652	36876	10	0	0	0	0	0	0	0	1	0	0
A	EF	9	101	1	1	BA1652	36925	10	2	0	0	0	0	0	0	0	0	0
A	EF	9	101	1	1	BA1652	36926	2	3	0	0	0	0	0	0	0	0	0
A	EF	9	101	1	1	BA1652	37035	3	5	1	1	0	0	0	0	0	0	0
A	EF	9	101	1	1	BA1652	37045	5	4	0	0	0	0	0	0	0	0	0
A	EF	9	101	1	1	BA1652	37053	4	0	0	0	0	0	0	1	0	0	0
A	EF	9	101	1	1	BA1652	37058	4	5	1	1	0	0	0	0	0	0	0
A	EF	9	101	1	1	BA1652	37061	5	0	0	0	0	0	0	1	0	0	0
A	EF	9	101	1	1	BA1652	37062	5	0	0	1	0	0	0	0	0	0	0
A	EF	9	101	1	1	BA1652	37068	5	4	0	0	0	0	0	0	0	0	0
A	EF	9	101	1	1	BA1652	37083	4	0	0	0	0	0	0	1	0	0	0
A	EF	9	101	1	1	BA1652	37140	4	5	1	1	0	0	0	0	0	0	0
A	EF	9	101	1	1	BA1652	37144	5	0	0	0	0	0	0	1	0	0	0
A	EF	9	101	1	1	BA1652	37148	5	0	0	1	0	0	0	0	0	0	0
A	EF	9	101	1	1	BA1652	37150	5	4	0	0	0	0	0	0	0	0	0
A	EF	9	101	1	1	BA1652	37165	4	0	0	0	0	0	0	1	0	0	0
A	EF	9	101	1	1	BA1652	37194	4	5	1	1	0	0	0	0	0	0	0
A	EF	9	101	1	1	BA1652	37198	5	0	0	0	0	0	0	1	0	0	0
A	EF	9	101	1	1	BA1652	37199	5	0	0	1	0	0	0	0	0	0	0
A	EF	9	101	1	1	BA1652	37201	5	0	0	0	0	0	0	1	0	0	0
A	EF	9	101	1	1	BA1652	37204	5	4	0	0	0	0	0	0	0	0	0
A	EF	9	101	1	1	BA1652	37207	4	5	1	1	0	0	0	0	0	0	0
A	EF	9	101	1	1	BA1652	37217	5	9	0	0	0	0	0	0	0	0	0
A	EF	9	101	1	1	BA1652	37227	9	10	0	0	0	0	0	0	0	0	0
A	EF	9	101	1	1	BA1652	37231	10	0	0	0	0	0	0	1	0	0	0
A	EF	9	101	1	1	BA1652	37302	10	2	0	0	0	0	0	0	0	0	0
A	EF	9	101	1	1	BA1652	37303	2	6	0	0	0	0	0	0	0	0	0
A	EF	9	101	1	1	BA1652	38971	6	8	2	0	1	0	0	0	0	0	0
A	EF	9	101	1	1	BA1652	38981	8	7	0	0	0	0	0	0	0	0	0
A	EF	9	101	1	1	BA1652	38998	7	0	0	0	0	0	0	0	1	0	0
A	EF	9	101	1	1	BA1652	39028	7	8	2	0	1	0	0	0	0	0	0
A	EF	9	101	1	1	BA1652	39038	8	7	0	0	0	0	0	0	0	0	0
A	EF	9	101	1	1	BA1652	39046	7	0	0	0	0	0	0	0	1	0	0
A	EF	9	101	1	1	BA1652	39055	7	8	2	0	1	0	0	0	0	0	0
A	EF	9	101	1	1	BA1652	39059	8	0	0	0	0	0	0	0	1	0	0
A	EF	9	101	1	1	BA1652	39065	8	7	0	0	0	0	0	0	0	0	0
A	EF	9	101	1	1	BA1652	39095	7	8	2	0	1	0	0	0	0	0	0
A	EF	9	101	1	1	BA1652	39105	8	7	0	0	0	0	0	0	0	0	0
A	EF	9	101	1	1	BA1652	39106	7	0	0	0	0	0	0	0	1	0	0
A	EF	9	101	1	1	BA1652	39114	7	8	2	0	1	0	0	0	0	0	0
A	EF	9	101	1	1	BA1652	39117	8	0	0	0	0	0	0	0	1	0	0
A	EF	9	101	1	1	BA1652	39124	8	7	0	0	0	0	0	0	0	0	0
A	EF	9	101	1	1	BA1652	39134	7	8	2	0	1	0	0	0	0	0	0
A	EF	9	101	1	1	BA1652	39144	8	7	0	0	0	0	0	0	0	0	0
A	EF	9	101	1	1	BA1652	39151	7	0	0	0	0	0	0	0	1	0	0
A	EF	9	101	1	1	BA1652	39209	7	8	2	0	1	0	0	0	0	0	0
A	EF	9	101	1	1	BA1652	39212	8	0	0	0	0	0	0	0	1	0	0
A	EF	9	101	1	1	BA1652	39213	8	0	0	0	1	0	0	0	0	0	0
A	EF	9	101	1	1	BA1652	39219	8	7	0	0	0	0	0	0	0	0	0
A	EF	9	101	1	1	BA1652	39237	7	0	0	0	0	0	0	0	1	0	0
A	EF	9	101	1	1	BA1652	39262	7	8	2	0	1	0	0	0	0	0	0
A	EF	9	101	1	1	BA1652	39266	8	0	0	0	0	0	0	0	1	0	0
A	EF	9	101	1	1	BA1652	39272	8	7	0	0	0	0	0	0	0	0	0
A	EF	9	101	1	1	BA1652	39273	7	8	2	0	1	0	0	0	0	0	0
A	EF	9	101	1	1	BA1652	39283	8	7	0	0	0	0	0	0	0	0	0
A	EF	9	101	1	1	BA1652	39294	7	0	0	0	0	0	0	0	1	0	0
A	EF	9	101	1	1	BA1652	39299	7	8	2	0	1	0	0	0	0	0	0
A	EF	9	101	1	1	BA1652	39309	8	7	0	0	0	0	0	0	0	0	0
A	EF	9	101	1	1	BA1652	39311	7	0	0	0	0	0	0	0	1	0	0
A	EF	9	101	1	1	BA1652	39316	7	8	2	0	1	0	0	0	0	0	0
A	EF	9	101	1	1	BA1652	39326	8	7	0	0	0	0	0	0	0	0	0
A	EF	9	101	1	1	BA1652	39338	7	0	0	0	0	0	0	0	1	0	0
A	EF	9	101	1	1	BA1652	39349	7	8	2	0	1	0	0	0	0	0	0
A	EF	9	101	1	1	BA1652	39359	8	7	0	0	0	0	0	0	0	0	0
A	EF	9	101	1	1	BA1652	39380	7	0	0	0	0	0	0	0	1	0	0
A	EF	9	101	1	1	BA1652	39429	7	8	2	0	1	0	0	0	0	0	0
A	EF	9	101	1	1	BA1652	39439	8	7	0	0	0	0	0	0	0	0	0
A	EF	9	101	1	1	BA1652	39464	7	0	0	0	0	0	0	0	1	0	0
A	EF	9	101	1	1	BA1652	39467	7	8	2	0	1	0	0	0	0	0	0
A	EF	9	101	1	1	BA1652	39477	8	7	0	0	0	0	0	0	1	0	0
A	EF	9	101	1	1	BA1652	39490	7	8	2	0	1	0	0	0	0	0	0
A	EF	9	101	1	1	BA1652	39500	8	7	0	0	0	0	0	0	0	0	0
A	EF	9	101	1	1	BA1652	39509	7	0	0	0	0	0	0	0	1	0	0
A	EF	9	101	1	1	BA1652	39514	7	8	2	0	1	0	0	0	0	0	0
A	EF	9	101	1	1	BA1652	39522	8	0	0	0	0	0	0	0	1	0	0
A	EF	9	101	1	1	BA1652	39524	8	7	0	0	0	0	0	0	0	0	0
A	EF	9	101	1	1	BA1652	39527	7	8	2	0	1	0	0	0	0	0	0
A	EF	9	101	1	1	BA1652	39531	8	0	0	0	0	0	0	0	1	0	0
A	EF	9	101	1	1	BA1652	39537	8	7	0	0	0	0	0	0	0	0	0
A	EF	9	101	1	1	BA1652	39538	7	8	2	0	1	0	0	0	0	0	0
A	EF	9	101	1	1	BA1652	39548	8	7	0	0	0	0	0	0	0	0	0
A	EF	9	101	1	1	BA1652	39552	7	0	0	0	0	0	0	0	1	0	0
A	EF	9	101	1	1	BA1652	39563	7	8	2	0	1	0	0	0	0	0	0
A	EF	9	101	1	1	BA1652	39565	8	0	0	0	0	0	0	0	1	0	0
A	EF	9	101	1	1	BA1652	39570	8	0	0	0	1	0	0	0	0	0	0
A	EF	9	101	1	1	BA1652	39573	8	7	0	0	0	0	0	0	0	0	0
A	EF	9	101	1	1	BA1652	39604	7	0	0	0	0	0	0	0	1	0	0
A	EF	9	101	1	1	BA1652	39663	7	8	2	0	1	0	0	0	0	0	0
A	EF	9	101	1	1	BA1652	39672	8	0	0	0	0	0	0	0	1	0	0
A	EF	9	101	1	1	BA1652	39673	8	9	0	0	0	0	0	0	0	0	0
A	EF	9	101	1	1	BA1652	39676	9	0	0	0	1	0	0	0	0	0	0
A	EF	9	101	1	1	BA1652	39683	9	10	0	0	0	0	0	0	0	0	0
A	EF	9	101	1	1	BA1652	39686	10	0	0	0	0	0	0	0	1	0	0
A	EF	9	101	1	1	BA1652	39758	10	2	0	0	0	0	0	0	0	0	0
A	EF	9	101	1	1	BA1652	39759	2	6	0	0	0	0	0	0	0	0	0
A	EF	9	101	1	1	BA1652	39920	6	8	2	0	1	0	0	0	0	0	0
A	EF	9	101	1	1	BA1652	39930	8	7	0	0	0	0	0	0	0	0	0
A	EF	9	101	1	1	BA1652	39934	7	0	0	0	0	0	0	0	1	0	0
A	EF	9	101	1	1	BA1652	39941	7	8	2	0	1	0	0	0	0	0	0
A	EF	9	101	1	1	BA1652	39951	8	7	0	0	0	0	0	0	1	0	0
A	EF	9	101	1	1	BA1652	39988	7	8	2	0	1	0	0	0	0	0	0
A	EF	9	101	1	1	BA1652	39989	8	0	0	0	0	0	0	0	1	0	0
A	EF	9	101	1	1	BA1652	39994	8	0	0	0	1	0	0	0	0	0	0
A	EF	9	101	1	1	BA1652	39998	8	7	0	0	0	0	0	0	0	0	0
A	EF	9	101	1	1	BA1652	40008	7	0	0	0	0	0	0	0	1	0	0
A	EF	9	101	1	1	BA1652	40013	7	8	2	0	1	0	0	0	0	0	0
A	EF	9	101	1	1	BA1652	40023	8	7	0	0	0	0	0	0	0	0	0
A	EF	9	101	1	1	BA1652	40024	7	0	0	0	0	0	0	0	1	0	0
A	EF	9	101	1	1	BA1652	40051	7	8	2	0	1	0	0	0	0	0	0
A	EF	9	101	1	1	BA1652	40058	8	0	0	0	0	0	0	0	1	0	0
A	EF	9	101	1	1	BA1652	40061	8	7	0	0	0	0	0	0	0	0	0
A	EF	9	101	1	1	BA1652	40063	7	8	2	0	1	0	0	0	0	0	0
A	EF	9	101	1	1	BA1652	40073	8	7	0	0	0	0	0	0	0	0	0
A	EF	9	101	1	1	BA1652	40115	7	0	0	0	0	0	0	0	1	0	0
A	EF	9	101	1	1	BA1652	40124	7	8	2	0	1	0	0	0	0	0	0
A	EF	9	101	1	1	BA1652	40134	8	7	0	0	0	0	0	0	0	0	0
A	EF	9	101	1	1	BA1652	40173	7	0	0	0	0	0	0	0	1	0	0
A	EF	9	101	1	1	BA1652	40211	7	8	2	0	1	0	0	0	0	0	0
A	EF	9	101	1	1	BA1652	40221	8	7	0	0	0	0	0	0	0	0	0
A	EF	9	101	1	1	BA1652	40279	7	0	0	0	0	0	0	0	1	0	0
A	EF	9	101	1	1	BA1652	40305	7	8	2	0	1	0	0	0	0	0	0
A	EF	9	101	1	1	BA1652	40306	8	0	0	0	0	0	0	0	1	0	0
A	EF	9	101	1	1	BA1652	40309	8	0	0	0	1	0	0	0	0	0	0
A	EF	9	101	1	1	BA1652	40315	8	7	0	0	0	0	0	0	0	0	0
A	EF	9	101	1	1	BA1652	40330	7	0	0	0	0	0	0	0	1	0	0
A	EF	9	101	1	1	BA1652	40334	7	8	2	0	1	0	0	0	0	0	0
A	EF	9	101	1	1	BA1652	40344	8	7	0	0	0	0	0	0	0	0	0
A	EF	9	101	1	1	BA1652	40363	7	0	0	0	0	0	0	0	1	0	0
A	EF	9	101	1	1	BA1652	40368	7	8	2	0	1	0	0	0	0	0	0
A	EF	9	101	1	1	BA1652	40378	8	7	0	0	0	0	0	0	0	0	0
A	EF	9	101	1	1	BA1652	40404	7	0	0	0	0	0	0	0	1	0	0
A	EF	9	101	1	1	BA1652	40409	7	8	2	0	1	0	0	0	0	0	0
A	EF	9	101	1	1	BA1652	40419	8	7	0	0	0	0	0	0	0	0	0
A	EF	9	101	1	1	BA1652	40459	7	0	0	0	0	0	0	0	1	0	0
A	EF	9	101	1	1	BA1652	40463	7	8	2	0	1	0	0	0	0	0	0
A	EF	9	101	1	1	BA1652	40465	8	0	0	0	0	0	0	0	1	0	0
A	EF	9	101	1	1	BA1652	40473	8	7	0	0	0	0	0	0	0	0	0
A	EF	9	101	1	1	BA1652	40589	7	8	2	0	1	0	0	0	0	0	0
A	EF	9	101	1	1	BA1652	40599	8	7	0	0	0	0	0	0	0	0	0
A	EF	9	101	1	1	BA1652	40614	7	0	0	0	0	0	0	0	1	0	0
A	EF	9	101	1	1	BA1652	40618	7	8	2	0	1	0	0	0	0	0	0
A	EF	9	101	1	1	BA1652	40622	8	0	0	0	0	0	0	0	1	0	0
A	EF	9	101	1	1	BA1652	40628	8	7	0	0	0	0	0	0	0	0	0
A	EF	9	101	1	1	BA1652	40640	7	8	2	0	1	0	0	0	0	0	0
A	EF	9	101	1	1	BA1652	40649	8	0	0	0	0	0	0	0	1	0	0
A	EF	9	101	1	1	BA1652	40650	8	7	0	0	0	0	0	0	0	0	0
A	EF	9	101	1	1	BA1652	40653	7	8	2	0	1	0	0	0	0	0	0
A	EF	9	101	1	1	BA1652	40654	8	0	0	0	0	0	0	0	1	0	0
A	EF	9	101	1	1	BA1652	40657	8	0	0	0	1	0	0	0	0	0	0
A	EF	9	101	1	1	BA1652	40660	8	0	0	0	0	0	0	0	1	0	0
A	EF	9	101	1	1	BA1652	40663	8	7	0	0	0	0	0	0	0	0	0
A	EF	9	101	1	1	BA1652	40688	7	8	2	0	1	0	0	0	0	0	0
A	EF	9	101	1	1	BA1652	40698	8	7	0	0	0	0	0	0	0	0	0
A	EF	9	101	1	1	BA1652	40706	7	0	0	0	0	0	0	0	1	0	0
A	EF	9	101	1	1	BA1652	40709	7	8	2	0	1	0	0	0	0	0	0
A	EF	9	101	1	1	BA1652	40719	8	7	0	0	0	0	0	0	0	0	0
A	EF	9	101	1	1	BA1652	40742	7	0	0	0	0	0	0	0	1	0	0
A	EF	9	101	1	1	BA1652	40748	7	8	2	0	1	0	0	0	0	0	0
A	EF	9	101	1	1	BA1652	40752	8	0	0	0	0	0	0	0	1	0	0
A	EF	9	101	1	1	BA1652	40756	8	0	0	0	1	0	0	0	0	0	0
A	EF	9	101	1	1	BA1652	40758	8	9	0	0	0	0	0	0	0	0	0
A	EF	9	101	1	1	BA1652	40760	9	0	0	0	0	0	0	0	1	0	0
A	EF	9	101	1	1	BA1652	40764	9	0	0	0	1	0	0	0	0	0	0
A	EF	9	101	1	1	BA1652	40768	9	10	0	0	0	0	0	0	0	0	0
A	EF	9	101	1	1	BA1652	40769	10	0	0	0	0	0	0	0	1	0	0
A	EF	9	101	1	1	BA1652	40843	10	2	0	0	0	0	0	0	0	0	0
A	EF	9	101	1	1	BA1652	40844	2	3	0	0	0	0	0	0	0	0	0
A	EF	9	101	1	1	BA1652	40906	3	5	1	1	0	0	0	0	0	0	0
A	EF	9	101	1	1	BA1652	40909	5	0	0	0	0	0	0	1	0	0	0
A	EF	9	101	1	1	BA1652	40915	5	0	0	1	0	0	0	0	0	0	0
A	EF	9	101	1	1	BA1652	40916	5	4	0	0	0	0	0	0	0	0	0
A	EF	9	101	1	1	BA1652	40925	4	0	0	0	0	0	0	1	0	0	0
A	EF	9	101	1	1	BA1652	40926	4	5	1	1	0	0	0	0	0	0	0
A	EF	9	101	1	1	BA1652	40931	5	0	0	0	0	0	0	1	0	0	0
A	EF	9	101	1	1	BA1652	40936	5	4	0	0	0	0	0	0	0	0	0
A	EF	9	101	1	1	BA1652	40946	4	5	1	1	0	0	0	0	0	0	0
A	EF	9	101	1	1	BA1652	40952	5	0	0	0	0	0	0	1	0	0	0
A	EF	9	101	1	1	BA1652	40954	5	0	0	1	0	0	0	0	0	0	0
A	EF	9	101	1	1	BA1652	40956	5	4	0	0	0	0	0	0	0	0	0
A	EF	9	101	1	1	BA1652	40968	4	0	0	0	0	0	0	1	0	0	0
A	EF	9	101	1	1	BA1652	40972	4	5	1	1	0	0	0	0	0	0	0
A	EF	9	101	1	1	BA1652	40982	5	4	0	0	0	0	0	0	0	0	0
A	EF	9	101	1	1	BA1652	41025	4	0	0	0	0	0	0	1	0	0	0
A	EF	9	101	1	1	BA1652	41073	4	5	1	1	0	0	0	0	0	0	0
A	EF	9	101	1	1	BA1652	41082	5	0	0	1	0	0	0	1	0	0	0
A	EF	9	101	1	1	BA1652	41083	5	9	0	0	0	0	0	0	0	0	0
A	EF	9	101	1	1	BA1652	41091	9	0	0	0	0	0	0	1	0	0	0
A	EF	9	101	1	1	BA1652	41092	9	0	0	1	0	0	0	0	0	0	0
A	EF	9	101	1	1	BA1652	41093	9	10	0	0	0	0	0	0	0	0	0
A	EF	9	101	1	1	BA1652	41097	10	0	0	0	0	0	0	1	0	0	0
A	EF	9	101	1	1	BA1652	41168	10	2	0	0	0	0	0	0	0	0	0
A	EF	9	101	1	1	BA1652	41169	2	3	0	0	0	0	0	0	0	0	0
A	EF	9	101	1	1	BA1652	41266	3	5	1	1	0	0	0	0	0	0	0
A	EF	9	101	1	1	BA1652	41276	5	4	0	0	0	0	0	0	0	0	0
A	EF	9	101	1	1	BA1652	41288	4	0	0	0	0	0	0	1	0	0	0
A	EF	9	101	1	1	BA1652	41290	4	5	1	1	0	0	0	0	0	0	0
A	EF	9	101	1	1	BA1652	41293	5	0	0	0	0	0	0	1	0	0	0
A	EF	9	101	1	1	BA1652	41298	5	0	0	1	0	0	0	0	0	0	0
A	EF	9	101	1	1	BA1652	41300	5	4	0	0	0	0	0	0	0	0	0
A	EF	9	101	1	1	BA1652	41307	4	0	0	0	0	0	0	1	0	0	0
A	EF	9	101	1	1	BA1652	41309	4	5	1	1	0	0	0	0	0	0	0
A	EF	9	101	1	1	BA1652	41319	5	4	0	0	0	0	0	0	0	0	0
A	EF	9	101	1	1	BA1652	41334	4	0	0	0	0	0	0	1	0	0	0
A	EF	9	101	1	1	BA1652	41339	4	5	1	1	0	0	0	0	0	0	0
A	EF	9	101	1	1	BA1652	41347	5	0	0	0	0	0	0	1	0	0	0
A	EF	9	101	1	1	BA1652	41349	5	4	0	0	0	0	0	0	0	0	0
A	EF	9	101	1	1	BA1652	41390	4	5	1	1	0	0	0	0	0	0	0
A	EF	9	101	1	1	BA1652	41396	5	0	0	0	0	0	0	1	0	0	0
A	EF	9	101	1	1	BA1652	41400	5	9	0	0	0	0	0	0	0	0	0
A	EF	9	101	1	1	BA1652	41402	9	0	0	1	0	0	0	0	0	0	0
A	EF	9	101	1	1	BA1652	41410	9	10	0	0	0	0	0	1	0	0	0
A	EF	9	101	1	1	BA1652	41485	10	2	0	0	0	0	0	0	0	0	0
A	EF	9	101	1	1	BA1652	41486	2	3	0	0	0	0	0	0	0	0	0
A	EF	9	101	1	1	BA1652	41614	3	5	1	1	0	0	0	0	0	0	0
A	EF	9	101	1	1	BA1652	41624	5	4	0	0	0	0	0	0	0	0	0
A	EF	9	101	1	1	BA1652	41640	4	0	0	0	0	0	0	1	0	0	0
A	EF	9	101	1	1	BA1652	41644	4	5	1	1	0	0	0	0	0	0	0
A	EF	9	101	1	1	BA1652	41648	5	0	0	0	0	0	0	1	0	0	0
A	EF	9	101	1	1	BA1652	41654	5	4	0	0	0	0	0	0	0	0	0
A	EF	9	101	1	1	BA1652	41667	4	5	1	1	0	0	0	0	0	0	0
A	EF	9	101	1	1	BA1652	41675	5	0	0	0	0	0	0	1	0	0	0
A	EF	9	101	1	1	BA1652	41677	5	4	0	0	0	0	0	0	0	0	0
A	EF	9	101	1	1	BA1652	41703	4	5	1	1	0	0	0	0	0	0	0
A	EF	9	101	1	1	BA1652	41707	5	0	0	0	0	0	0	1	0	0	0
A	EF	9	101	1	1	BA1652	41713	5	4	0	0	0	0	0	0	0	0	0
A	EF	9	101	1	1	BA1652	41715	4	5	1	1	0	0	0	0	0	0	0
A	EF	9	101	1	1	BA1652	41720	5	0	0	0	0	0	0	1	0	0	0
A	EF	9	101	1	1	BA1652	41725	5	9	0	0	0	0	0	0	0	0	0
A	EF	9	101	1	1	BA1652	41735	9	10	0	0	0	0	0	0	0	0	0
A	EF	9	101	1	1	BA1652	41810	10	2	0	0	0	0	0	0	0	0	0
A	EF	9	101	1	1	BA1652	41811	2	6	0	0	0	0	0	0	0	0	0
A	EF	9	101	1	1	BA1652	43646	6	8	2	0	1	0	0	0	0	0	0
A	EF	9	101	1	1	BA1652	43652	8	0	0	0	0	0	0	0	1	0	0
A	EF	9	101	1	1	BA1652	43656	8	7	0	0	0	0	0	0	0	0	0
A	EF	9	101	1	1	BA1652	43661	7	8	2	0	1	0	0	0	0	0	0
A	EF	9	101	1	1	BA1652	43666	8	0	0	0	0	0	0	0	1	0	0
A	EF	9	101	1	1	BA1652	43671	8	7	0	0	0	0	0	0	0	0	0
A	EF	9	101	1	1	BA1652	43804	7	8	2	0	1	0	0	0	0	0	0
A	EF	9	101	1	1	BA1652	43806	8	0	0	0	0	0	0	0	1	0	0
A	EF	9	101	1	1	BA1652	43809	8	0	0	0	1	0	0	0	0	0	0
A	EF	9	101	1	1	BA1652	43814	8	7	0	0	0	0	0	0	0	0	0
A	EF	9	101	1	1	BA1652	43835	7	0	0	0	0	0	0	0	1	0	0
A	EF	9	101	1	1	BA1652	43839	7	8	2	0	1	0	0	0	0	0	0
A	EF	9	101	1	1	BA1652	43849	8	7	0	0	0	0	0	0	0	0	0
A	EF	9	101	1	1	BA1652	43853	7	0	0	0	0	0	0	0	1	0	0
A	EF	9	101	1	1	BA1652	43854	7	8	2	0	1	0	0	0	0	0	0
A	EF	9	101	1	1	BA1652	43857	8	0	0	0	0	0	0	0	1	0	0
A	EF	9	101	1	1	BA1652	43864	8	7	0	0	0	0	0	0	0	0	0
A	EF	9	101	1	1	BA1652	43885	7	8	2	0	1	0	0	0	0	0	0
A	EF	9	101	1	1	BA1652	43895	8	7	0	0	0	0	0	0	0	0	0
A	EF	9	101	1	1	BA1652	43899	7	0	0	0	0	0	0	0	1	0	0
A	EF	9	101	1	1	BA1652	43902	7	8	2	0	1	0	0	0	0	0	0
A	EF	9	101	1	1	BA1652	43904	8	0	0	0	0	0	0	0	1	0	0
A	EF	9	101	1	1	BA1652	43907	8	0	0	0	1	0	0	0	0	0	0
A	EF	9	101	1	1	BA1652	43912	8	7	0	0	0	0	0	0	0	0	0
A	EF	9	101	1	1	BA1652	43913	7	0	0	0	0	0	0	0	1	0	0
A	EF	9	101	1	1	BA1652	44005	7	8	2	0	1	0	0	0	0	0	0
A	EF	9	101	1	1	BA1652	44015	8	7	0	0	0	0	0	0	0	0	0
A	EF	9	101	1	1	BA1652	44018	7	0	0	0	0	0	0	0	1	0	0
A	EF	9	101	1	1	BA1652	44022	7	8	2	0	1	0	0	0	0	0	0
A	EF	9	101	1	1	BA1652	44031	8	0	0	0	0	0	0	0	1	0	0
A	EF	9	101	1	1	BA1652	44032	8	7	0	0	0	0	0	0	0	0	0
A	EF	9	101	1	1	BA1652	44077	7	8	2	0	1	0	0	0	0	0	0
A	EF	9	101	1	1	BA1652	44087	8	7	0	0	0	0	0	0	0	0	0
A	EF	9	101	1	1	BA1652	44093	7	0	0	0	0	0	0	0	1	0	0
A	EF	9	101	1	1	BA1652	44106	7	8	2	0	1	0	0	0	0	0	0
A	EF	9	101	1	1	BA1652	44107	8	0	0	0	0	0	0	0	1	0	0
A	EF	9	101	1	1	BA1652	44116	8	7	0	0	0	0	0	0	0	0	0
A	EF	9	101	1	1	BA1652	44353	7	8	2	0	1	0	0	0	0	0	0
A	EF	9	101	1	1	BA1652	44355	8	0	0	0	0	0	0	0	1	0	0
A	EF	9	101	1	1	BA1652	44363	8	7	0	0	0	0	0	0	0	0	0
A	EF	9	101	1	1	BA1652	44444	7	8	2	0	1	0	0	0	0	0	0
A	EF	9	101	1	1	BA1652	44454	8	7	0	0	0	0	0	0	0	0	0
A	EF	9	101	1	1	BA1652	44468	7	0	0	0	0	0	0	0	1	0	0
A	EF	9	101	1	1	BA1652	44481	7	8	2	0	1	0	0	0	0	0	0
A	EF	9	101	1	1	BA1652	44491	8	7	0	0	0	0	0	0	0	0	0
A	EF	9	101	1	1	BA1652	44516	7	0	0	0	0	0	0	0	1	0	0
A	EF	9	101	1	1	BA1652	44542	7	8	2	0	1	0	0	0	0	0	0
A	EF	9	101	1	1	BA1652	44552	8	7	0	0	0	0	0	0	0	0	0
A	EF	9	101	1	1	BA1652	44575	7	0	0	0	0	0	0	0	1	0	0
A	EF	9	101	1	1	BA1652	44580	7	8	2	0	1	0	0	0	0	0	0
A	EF	9	101	1	1	BA1652	44583	8	0	0	0	0	0	0	0	1	0	0
A	EF	9	101	1	1	BA1652	44587	8	0	0	0	1	0	0	0	0	0	0
A	EF	9	101	1	1	BA1652	44590	8	7	0	0	0	0	0	0	0	0	0
A	EF	9	101	1	1	BA1652	44599	7	0	0	0	0	0	0	0	1	0	0
A	EF	9	101	1	1	BA1652	44601	7	8	2	0	1	0	0	0	0	0	0
A	EF	9	101	1	1	BA1652	44603	8	0	0	0	0	0	0	0	1	0	0
A	EF	9	101	1	1	BA1652	44611	8	7	0	0	0	0	0	0	0	0	0
A	EF	9	101	1	1	BA1652	44617	7	8	2	0	1	0	0	0	0	0	0
A	EF	9	101	1	1	BA1652	44620	8	0	0	0	0	0	0	0	1	0	0
A	EF	9	101	1	1	BA1652	44627	8	7	0	0	0	0	0	0	0	0	0
A	EF	9	101	1	1	BA1652	44689	7	8	2	0	1	0	0	0	0	0	0
A	EF	9	101	1	1	BA1652	44699	8	7	0	0	0	0	0	0	0	0	0
A	EF	9	101	1	1	BA1652	44710	7	0	0	0	0	0	0	0	1	0	0
A	EF	9	101	1	1	BA1652	44712	7	8	2	0	1	0	0	0	0	0	0
A	EF	9	101	1	1	BA1652	44722	8	9	0	0	0	0	0	0	1	0	0
A	EF	9	101	1	1	BA1652	44729	9	0	0	0	1	0	0	0	0	0	0
A	EF	9	101	1	1	BA1652	44730	9	0	0	0	0	0	0	0	1	0	0
A	EF	9	101	1	1	BA1652	44732	9	10	0	0	0	0	0	0	0	0	0
A	EF	9	101	1	1	BA1652	44807	10	2	0	0	0	0	0	0	0	0	0
A	EF	9	101	1	1	BA1652	44808	2	6	0	0	0	0	0	0	0	0	0
A	EF	9	101	1	1	BA1652	45163	6	8	2	0	1	0	0	0	0	0	0
A	EF	9	101	1	1	BA1652	45168	8	0	0	0	0	0	0	0	1	0	0
A	EF	9	101	1	1	BA1652	45169	8	0	0	0	1	0	0	0	0	0	0
A	EF	9	101	1	1	BA1652	45173	8	7	0	0	0	0	0	0	0	0	0
A	EF	9	101	1	1	BA1652	45188	7	0	0	0	0	0	0	0	1	0	0
A	EF	9	101	1	1	BA1652	45196	7	8	2	0	1	0	0	0	0	0	0
A	EF	9	101	1	1	BA1652	45204	8	0	0	0	0	0	0	0	1	0	0
A	EF	9	101	1	1	BA1652	45206	8	7	0	0	0	0	0	0	0	0	0
A	EF	9	101	1	1	BA1652	45208	7	8	2	0	1	0	0	0	0	0	0
A	EF	9	101	1	1	BA1652	45217	8	0	0	0	0	0	0	0	1	0	0
A	EF	9	101	1	1	BA1652	45218	8	7	0	0	0	0	0	0	0	0	0
A	EF	9	101	1	1	BA1652	45222	7	8	2	0	1	0	0	0	0	0	0
A	EF	9	101	1	1	BA1652	45232	8	7	0	0	0	0	0	0	0	0	0
A	EF	9	101	1	1	BA1652	45234	7	0	0	0	0	0	0	0	1	0	0
A	EF	9	101	1	1	BA1652	45237	7	8	2	0	1	0	0	0	0	0	0
A	EF	9	101	1	1	BA1652	45239	8	0	0	0	0	0	0	0	1	0	0
A	EF	9	101	1	1	BA1652	45240	8	0	0	0	1	0	0	0	0	0	0
A	EF	9	101	1	1	BA1652	45247	8	7	0	0	0	0	0	0	0	0	0
A	EF	9	101	1	1	BA1652	45276	7	0	0	0	0	0	0	0	1	0	0
A	EF	9	101	1	1	BA1652	45334	7	8	2	0	1	0	0	0	0	0	0
A	EF	9	101	1	1	BA1652	45342	8	0	0	0	0	0	0	0	1	0	0
A	EF	9	101	1	1	BA1652	45344	8	7	0	0	0	0	0	0	0	0	0
A	EF	9	101	1	1	BA1652	45346	7	8	2	0	1	0	0	0	0	0	0
A	EF	9	101	1	1	BA1652	45356	8	7	0	0	0	0	0	0	1	0	0
A	EF	9	101	1	1	BA1652	45361	7	8	2	0	1	0	0	0	0	0	0
A	EF	9	101	1	1	BA1652	45371	8	7	0	0	0	0	0	0	0	0	0
A	EF	9	101	1	1	BA1652	45399	7	0	0	0	0	0	0	0	1	0	0
A	EF	9	101	1	1	BA1652	45451	7	8	2	0	1	0	0	0	0	0	0
A	EF	9	101	1	1	BA1652	45461	8	7	0	0	0	0	0	0	1	0	0
A	EF	9	101	1	1	BA1652	45465	7	8	2	0	1	0	0	0	0	0	0
A	EF	9	101	1	1	BA1652	45475	8	7	0	0	0	0	0	0	0	0	0
A	EF	9	101	1	1	BA1652	45520	7	0	0	0	0	0	0	0	1	0	0
A	EF	9	101	1	1	BA1652	106833	7	0	0	1	0	0	0	0	0	0	0
A	EF	9	101	1	1	BA1652	106844	7	0	0	0	0	0	0	1	0	0	0
A	EF	9	101	1	1	BA1652	110919	7	8	2	0	1	0	0	0	0	0	0
A	EF	9	101	1	1	BA1652	110929	8	7	0	0	0	0	0	0	0	0	0
A	EF	9	101	1	1	BA1652	110959	7	0	0	0	0	0	0	0	1	0	0
A	EF	9	101	1	1	BA1652	111044	7	8	2	0	1	0	0	0	0	0	0
A	EF	9	101	1	1	BA1652	111054	8	7	0	0	0	0	0	0	0	0	0
A	EF	9	101	1	1	BA1652	111058	7	0	0	0	0	0	0	0	1	0	0
A	EF	9	101	1	1	BA1652	111214	7	8	2	0	1	0	0	0	0	0	0
A	EF	9	101	1	1	BA1652	111216	8	0	0	0	0	0	0	0	1	0	0
A	EF	9	101	1	1	BA1652	111224	8	7	0	0	0	0	0	0	0	0	0
A	EF	9	101	1	1	BA1652	111232	7	8	2	0	1	0	0	0	0	0	0
A	EF	9	101	1	1	BA1652	111235	8	0	0	0	0	0	0	0	1	0	0
A	EF	9	101	1	1	BA1652	111242	8	7	0	0	0	0	0	0	0	0	0
A	EF	9	101	1	1	BA1652	111247	7	8	2	0	1	0	0	0	0	0	0
A	EF	9	101	1	1	BA1652	111257	8	7	0	0	0	0	0	0	0	0	0
A	EF	9	101	1	1	BA1652	111259	7	0	0	0	0	0	0	0	1	0	0
A	EF	9	101	1	1	BA1652	111273	7	8	2	0	1	0	0	0	0	0	0
A	EF	9	101	1	1	BA1652	111276	8	0	0	0	0	0	0	0	1	0	0
A	EF	9	101	1	1	BA1652	111283	8	7	0	0	0	0	0	0	0	0	0
A	EF	9	101	1	1	BA1652	111312	7	8	2	0	1	0	0	0	0	0	0
A	EF	9	101	1	1	BA1652	111322	8	7	0	0	0	0	0	0	0	0	0
A	EF	9	101	1	1	BA1652	111337	7	0	0	0	0	0	0	0	1	0	0
A	EF	9	101	1	1	BA1652	111339	7	8	2	0	1	0	0	0	0	0	0
A	EF	9	101	1	1	BA1652	111346	8	0	0	0	0	0	0	0	1	0	0
A	EF	9	101	1	1	BA1652	111348	8	0	0	0	1	0	0	0	0	0	0
A	EF	9	101	1	1	BA1652	111349	8	7	0	0	0	0	0	0	0	0	0
A	EF	9	101	1	1	BA1652	111363	7	0	0	0	0	0	0	0	1	0	0
A	EF	9	101	1	1	BA1652	111388	7	8	2	0	1	0	0	0	0	0	0
A	EF	9	101	1	1	BA1652	111398	8	7	0	0	0	0	0	0	0	0	0
A	EF	9	101	1	1	BA1652	111427	7	0	0	0	0	0	0	0	1	0	0
A	EF	9	101	1	1	BA1652	111480	7	8	2	0	1	0	0	0	0	0	0
A	EF	9	101	1	1	BA1652	111490	8	9	0	0	0	0	0	0	0	0	0
A	EF	9	101	1	1	BA1652	111499	9	0	0	0	0	0	0	0	1	0	0
A	EF	9	101	1	1	BA1652	111500	9	10	0	0	0	0	0	0	0	0	0
A	EF	9	101	1	1	BA1652	111575	10	2	0	0	0	0	0	0	0	0	0
A	EF	9	101	1	1	BA1652	111576	2	3	0	0	0	0	0	0	0	0	0
A	EF	9	101	1	1	BA1652	111756	3	5	1	1	0	0	0	0	0	0	0
A	EF	9	101	1	1	BA1652	111760	5	0	0	0	0	0	0	1	0	0	0
A	EF	9	101	1	1	BA1652	111766	5	4	0	0	0	0	0	0	0	0	0
A	EF	9	101	1	1	BA1652	111773	4	5	1	1	0	0	0	0	0	0	0
A	EF	9	101	1	1	BA1652	111783	5	4	0	0	0	0	0	0	0	0	0
A	EF	9	101	1	1	BA1652	111799	4	0	0	0	0	0	0	1	0	0	0
A	EF	9	101	1	1	BA1652	111803	4	5	1	1	0	0	0	0	0	0	0
A	EF	9	101	1	1	BA1652	111809	5	0	0	0	0	0	0	1	0	0	0
A	EF	9	101	1	1	BA1652	111813	5	4	0	1	0	0	0	0	0	0	0
A	EF	9	101	1	1	BA1652	111824	4	0	0	0	0	0	0	1	0	0	0
A	EF	9	101	1	1	BA1652	111826	4	5	1	1	0	0	0	0	0	0	0
A	EF	9	101	1	1	BA1652	111832	5	0	0	0	0	0	0	1	0	0	0
A	EF	9	101	1	1	BA1652	111834	5	0	0	1	0	0	0	0	0	0	0
A	EF	9	101	1	1	BA1652	111836	5	4	0	0	0	0	0	0	0	0	0
A	EF	9	101	1	1	BA1652	111863	4	0	0	0	0	0	0	1	0	0	0
A	EF	9	101	1	1	BA1652	111865	4	5	1	1	0	0	0	0	0	0	0
A	EF	9	101	1	1	BA1652	111873	5	0	0	0	0	0	0	1	0	0	0
A	EF	9	101	1	1	BA1652	111875	5	9	0	0	0	0	0	0	0	0	0
A	EF	9	101	1	1	BA1652	111885	9	-1	0	0	0	0	0	0	0	0	0
