Project	UserID	Protocol	Session	Station	Run	Subject	Time	Current State	Transition State	Transition Event	A1 - LEFT	A2 - RIGHT	A3 - 	A4 - 	A[1] LEFT	A[2] RIGHT	A[3] 	A[4] 
A	EF	4	69	9	1	BA1653	0	0	1	0	0	0	0	0	0	0	0	0
A	EF	4	69	9	1	BA1653	50	1	2	0	0	0	0	0	0	0	0	0
A	EF	4	69	9	1	BA1653	51	2	3	0	0	0	0	0	0	0	0	0
A	EF	4	69	9	1	BA1653	401	3	5	1	1	0	0	0	0	0	0	0
A	EF	4	69	9	1	BA1653	411	5	4	0	0	0	0	0	1	0	0	0
A	EF	4	69	9	1	BA1653	693	4	5	1	1	0	0	0	0	0	0	0
A	EF	4	69	9	1	BA1653	703	5	4	0	0	0	0	0	0	0	0	0
A	EF	4	69	9	1	BA1653	715	4	0	0	0	0	0	0	1	0	0	0
A	EF	4	69	9	1	BA1653	776	4	5	1	1	0	0	0	0	0	0	0
A	EF	4	69	9	1	BA1653	786	5	4	0	0	0	0	0	0	0	0	0
A	EF	4	69	9	1	BA1653	823	4	0	0	0	0	0	0	1	0	0	0
A	EF	4	69	9	1	BA1653	901	4	5	1	1	0	0	0	0	0	0	0
A	EF	4	69	9	1	BA1653	911	5	4	0	0	0	0	0	0	0	0	0
A	EF	4	69	9	1	BA1653	950	4	0	0	0	0	0	0	1	0	0	0
A	EF	4	69	9	1	BA1653	983	4	5	1	1	0	0	0	0	0	0	0
A	EF	4	69	9	1	BA1653	993	5	9	0	0	0	0	0	0	0	0	0
A	EF	4	69	9	1	BA1653	1003	9	10	0	0	0	0	0	0	0	0	0
A	EF	4	69	9	1	BA1653	1005	10	0	0	0	0	0	0	1	0	0	0
A	EF	4	69	9	1	BA1653	1078	10	2	0	0	0	0	0	0	0	0	0
A	EF	4	69	9	1	BA1653	1079	2	6	0	0	0	0	0	0	0	0	0
A	EF	4	69	9	1	BA1653	1238	6	8	2	0	1	0	0	0	0	0	0
A	EF	4	69	9	1	BA1653	1247	8	0	0	0	0	0	0	0	1	0	0
A	EF	4	69	9	1	BA1653	1248	8	7	0	0	0	0	0	0	0	0	0
A	EF	4	69	9	1	BA1653	1251	7	8	2	0	1	0	0	0	0	0	0
A	EF	4	69	9	1	BA1653	1259	8	0	0	0	0	0	0	0	1	0	0
A	EF	4	69	9	1	BA1653	1261	8	7	0	0	1	0	0	0	0	0	0
A	EF	4	69	9	1	BA1653	1264	7	0	0	0	0	0	0	0	1	0	0
A	EF	4	69	9	1	BA1653	1268	7	8	2	0	1	0	0	0	0	0	0
A	EF	4	69	9	1	BA1653	1271	8	0	0	0	0	0	0	0	1	0	0
A	EF	4	69	9	1	BA1653	1276	8	0	0	0	1	0	0	0	0	0	0
A	EF	4	69	9	1	BA1653	1278	8	7	0	0	0	0	0	0	0	0	0
A	EF	4	69	9	1	BA1653	1279	7	0	0	0	0	0	0	0	1	0	0
A	EF	4	69	9	1	BA1653	1282	7	8	2	0	1	0	0	0	0	0	0
A	EF	4	69	9	1	BA1653	1287	8	0	0	0	0	0	0	0	1	0	0
A	EF	4	69	9	1	BA1653	1291	8	0	0	0	1	0	0	0	0	0	0
A	EF	4	69	9	1	BA1653	1292	8	7	0	0	0	0	0	0	0	0	0
A	EF	4	69	9	1	BA1653	1297	7	0	0	0	0	0	0	0	1	0	0
A	EF	4	69	9	1	BA1653	1299	7	8	2	0	1	0	0	0	0	0	0
A	EF	4	69	9	1	BA1653	1301	8	0	0	0	0	0	0	0	1	0	0
A	EF	4	69	9	1	BA1653	1309	8	9	0	0	0	0	0	0	0	0	0
A	EF	4	69	9	1	BA1653	1315	9	0	0	0	1	0	0	0	0	0	0
A	EF	4	69	9	1	BA1653	1316	9	0	0	0	0	0	0	0	1	0	0
A	EF	4	69	9	1	BA1653	1319	9	10	0	0	0	0	0	0	0	0	0
A	EF	4	69	9	1	BA1653	1394	10	2	0	0	0	0	0	0	0	0	0
A	EF	4	69	9	1	BA1653	1395	2	6	0	0	0	0	0	0	0	0	0
A	EF	4	69	9	1	BA1653	1434	6	8	2	0	1	0	0	0	0	0	0
A	EF	4	69	9	1	BA1653	1444	8	7	0	0	0	0	0	0	0	0	0
A	EF	4	69	9	1	BA1653	1474	7	0	0	0	0	0	0	0	1	0	0
A	EF	4	69	9	1	BA1653	1487	7	8	2	0	1	0	0	0	0	0	0
A	EF	4	69	9	1	BA1653	1490	8	0	0	0	0	0	0	0	1	0	0
A	EF	4	69	9	1	BA1653	1497	8	7	0	0	0	0	0	0	0	0	0
A	EF	4	69	9	1	BA1653	1509	7	8	2	0	1	0	0	0	0	0	0
A	EF	4	69	9	1	BA1653	1519	8	7	0	0	0	0	0	0	0	0	0
A	EF	4	69	9	1	BA1653	1528	7	0	0	0	0	0	0	0	1	0	0
A	EF	4	69	9	1	BA1653	1530	7	8	2	0	1	0	0	0	0	0	0
A	EF	4	69	9	1	BA1653	1540	8	7	0	0	0	0	0	0	0	0	0
A	EF	4	69	9	1	BA1653	1547	7	0	0	0	0	0	0	0	1	0	0
A	EF	4	69	9	1	BA1653	1603	7	8	2	0	1	0	0	0	0	0	0
A	EF	4	69	9	1	BA1653	1613	8	9	0	0	0	0	0	0	0	0	0
A	EF	4	69	9	1	BA1653	1617	9	0	0	0	0	0	0	0	1	0	0
A	EF	4	69	9	1	BA1653	1623	9	10	0	0	0	0	0	0	0	0	0
A	EF	4	69	9	1	BA1653	1698	10	2	0	0	0	0	0	0	0	0	0
A	EF	4	69	9	1	BA1653	1699	2	6	0	0	0	0	0	0	0	0	0
A	EF	4	69	9	1	BA1653	1800	6	8	2	0	1	0	0	0	0	0	0
A	EF	4	69	9	1	BA1653	1804	8	0	0	0	0	0	0	0	1	0	0
A	EF	4	69	9	1	BA1653	1810	8	7	0	0	0	0	0	0	0	0	0
A	EF	4	69	9	1	BA1653	1891	7	8	2	0	1	0	0	0	0	0	0
A	EF	4	69	9	1	BA1653	1893	8	0	0	0	0	0	0	0	1	0	0
A	EF	4	69	9	1	BA1653	1898	8	0	0	0	1	0	0	0	0	0	0
A	EF	4	69	9	1	BA1653	1899	8	0	0	0	0	0	0	0	1	0	0
A	EF	4	69	9	1	BA1653	1900	8	0	0	0	1	0	0	0	0	0	0
A	EF	4	69	9	1	BA1653	1901	8	7	0	0	0	0	0	0	0	0	0
A	EF	4	69	9	1	BA1653	1927	7	0	0	0	0	0	0	0	1	0	0
A	EF	4	69	9	1	BA1653	1976	7	8	2	0	1	0	0	0	0	0	0
A	EF	4	69	9	1	BA1653	1978	8	0	0	0	0	0	0	0	1	0	0
A	EF	4	69	9	1	BA1653	1981	8	0	0	0	1	0	0	0	0	0	0
A	EF	4	69	9	1	BA1653	1986	8	7	0	0	0	0	0	0	0	0	0
A	EF	4	69	9	1	BA1653	1992	7	0	0	0	0	0	0	0	1	0	0
A	EF	4	69	9	1	BA1653	2042	7	8	2	0	1	0	0	0	0	0	0
A	EF	4	69	9	1	BA1653	2052	8	7	0	0	0	0	0	0	0	0	0
A	EF	4	69	9	1	BA1653	2085	7	0	0	0	0	0	0	0	1	0	0
A	EF	4	69	9	1	BA1653	2135	7	8	2	0	1	0	0	0	0	0	0
A	EF	4	69	9	1	BA1653	2145	8	9	0	0	0	0	0	0	0	0	0
A	EF	4	69	9	1	BA1653	2155	9	10	0	0	0	0	0	0	0	0	0
A	EF	4	69	9	1	BA1653	2169	10	0	0	0	0	0	0	0	1	0	0
A	EF	4	69	9	1	BA1653	2230	10	2	0	0	0	0	0	0	0	0	0
A	EF	4	69	9	1	BA1653	2231	2	3	0	0	0	0	0	0	0	0	0
A	EF	4	69	9	1	BA1653	2401	3	5	1	1	0	0	0	0	0	0	0
A	EF	4	69	9	1	BA1653	2411	5	4	0	0	0	0	0	0	0	0	0
A	EF	4	69	9	1	BA1653	2417	4	0	0	0	0	0	0	1	0	0	0
A	EF	4	69	9	1	BA1653	2583	4	5	1	1	0	0	0	0	0	0	0
A	EF	4	69	9	1	BA1653	2593	5	4	0	0	0	0	0	0	0	0	0
A	EF	4	69	9	1	BA1653	2609	4	0	0	0	0	0	0	1	0	0	0
A	EF	4	69	9	1	BA1653	2659	4	5	1	1	0	0	0	0	0	0	0
A	EF	4	69	9	1	BA1653	2669	5	4	0	0	0	0	0	0	0	0	0
A	EF	4	69	9	1	BA1653	2679	4	0	0	0	0	0	0	1	0	0	0
A	EF	4	69	9	1	BA1653	2736	4	5	1	1	0	0	0	0	0	0	0
A	EF	4	69	9	1	BA1653	2746	5	4	0	0	0	0	0	0	0	0	0
A	EF	4	69	9	1	BA1653	2776	4	0	0	0	0	0	0	1	0	0	0
A	EF	4	69	9	1	BA1653	2909	4	5	1	1	0	0	0	0	0	0	0
A	EF	4	69	9	1	BA1653	2919	5	9	0	0	0	0	0	0	0	0	0
A	EF	4	69	9	1	BA1653	2929	9	10	0	0	0	0	0	0	0	0	0
A	EF	4	69	9	1	BA1653	2930	10	0	0	0	0	0	0	1	0	0	0
A	EF	4	69	9	1	BA1653	3004	10	2	0	0	0	0	0	0	0	0	0
A	EF	4	69	9	1	BA1653	3005	2	3	0	0	0	0	0	0	0	0	0
A	EF	4	69	9	1	BA1653	3051	3	5	1	1	0	0	0	0	0	0	0
A	EF	4	69	9	1	BA1653	3061	5	4	0	0	0	0	0	0	0	0	0
A	EF	4	69	9	1	BA1653	3073	4	0	0	0	0	0	0	1	0	0	0
A	EF	4	69	9	1	BA1653	3187	4	5	1	1	0	0	0	0	0	0	0
A	EF	4	69	9	1	BA1653	3197	5	4	0	0	0	0	0	0	0	0	0
A	EF	4	69	9	1	BA1653	3246	4	0	0	0	0	0	0	1	0	0	0
A	EF	4	69	9	1	BA1653	3325	4	5	1	1	0	0	0	0	0	0	0
A	EF	4	69	9	1	BA1653	3335	5	4	0	0	0	0	0	0	0	0	0
A	EF	4	69	9	1	BA1653	3386	4	0	0	0	0	0	0	1	0	0	0
A	EF	4	69	9	1	BA1653	3433	4	5	1	1	0	0	0	0	0	0	0
A	EF	4	69	9	1	BA1653	3443	5	4	0	0	0	0	0	0	0	0	0
A	EF	4	69	9	1	BA1653	3474	4	0	0	0	0	0	0	1	0	0	0
A	EF	4	69	9	1	BA1653	3521	4	5	1	1	0	0	0	0	0	0	0
A	EF	4	69	9	1	BA1653	3531	5	9	0	0	0	0	0	0	0	0	0
A	EF	4	69	9	1	BA1653	3541	9	10	0	0	0	0	0	0	0	0	0
A	EF	4	69	9	1	BA1653	3542	10	0	0	0	0	0	0	1	0	0	0
A	EF	4	69	9	1	BA1653	3616	10	2	0	0	0	0	0	0	0	0	0
A	EF	4	69	9	1	BA1653	3617	2	6	0	0	0	0	0	0	0	0	0
A	EF	4	69	9	1	BA1653	3900	6	8	2	0	1	0	0	0	0	0	0
A	EF	4	69	9	1	BA1653	3910	8	7	0	0	0	0	0	0	0	0	0
A	EF	4	69	9	1	BA1653	3912	7	0	0	0	0	0	0	0	1	0	0
A	EF	4	69	9	1	BA1653	3933	7	8	2	0	1	0	0	0	0	0	0
A	EF	4	69	9	1	BA1653	3943	8	7	0	0	0	0	0	0	1	0	0
A	EF	4	69	9	1	BA1653	3988	7	8	2	0	1	0	0	0	0	0	0
A	EF	4	69	9	1	BA1653	3998	8	7	0	0	0	0	0	0	0	0	0
A	EF	4	69	9	1	BA1653	4022	7	0	0	0	0	0	0	0	1	0	0
A	EF	4	69	9	1	BA1653	4111	7	8	2	0	1	0	0	0	0	0	0
A	EF	4	69	9	1	BA1653	4118	8	0	0	0	0	0	0	0	1	0	0
A	EF	4	69	9	1	BA1653	4121	8	7	0	0	0	0	0	0	0	0	0
A	EF	4	69	9	1	BA1653	4146	7	8	2	0	1	0	0	0	0	0	0
A	EF	4	69	9	1	BA1653	4156	8	9	0	0	0	0	0	0	0	0	0
A	EF	4	69	9	1	BA1653	4166	9	10	0	0	0	0	0	0	0	0	0
A	EF	4	69	9	1	BA1653	4170	10	0	0	0	0	0	0	0	1	0	0
A	EF	4	69	9	1	BA1653	4241	10	2	0	0	0	0	0	0	0	0	0
A	EF	4	69	9	1	BA1653	4242	2	6	0	0	0	0	0	0	0	0	0
A	EF	4	69	9	1	BA1653	4344	6	8	2	0	1	0	0	0	0	0	0
A	EF	4	69	9	1	BA1653	4354	8	7	0	0	0	0	0	0	0	0	0
A	EF	4	69	9	1	BA1653	4357	7	0	0	0	0	0	0	0	1	0	0
A	EF	4	69	9	1	BA1653	4362	7	8	2	0	1	0	0	0	0	0	0
A	EF	4	69	9	1	BA1653	4372	8	7	0	0	0	0	0	0	0	0	0
A	EF	4	69	9	1	BA1653	4382	7	0	0	0	0	0	0	0	1	0	0
A	EF	4	69	9	1	BA1653	4397	7	8	2	0	1	0	0	0	0	0	0
A	EF	4	69	9	1	BA1653	4407	8	7	0	0	0	0	0	0	1	0	0
A	EF	4	69	9	1	BA1653	4438	7	8	2	0	1	0	0	0	0	0	0
A	EF	4	69	9	1	BA1653	4445	8	0	0	0	0	0	0	0	1	0	0
A	EF	4	69	9	1	BA1653	4448	8	7	0	0	0	0	0	0	0	0	0
A	EF	4	69	9	1	BA1653	4452	7	8	2	0	1	0	0	0	0	0	0
A	EF	4	69	9	1	BA1653	4462	8	9	0	0	0	0	0	0	0	0	0
A	EF	4	69	9	1	BA1653	4472	9	10	0	0	0	0	0	0	0	0	0
A	EF	4	69	9	1	BA1653	4477	10	0	0	0	0	0	0	0	1	0	0
A	EF	4	69	9	1	BA1653	4547	10	2	0	0	0	0	0	0	0	0	0
A	EF	4	69	9	1	BA1653	4548	2	6	0	0	0	0	0	0	0	0	0
A	EF	4	69	9	1	BA1653	4612	6	8	2	0	1	0	0	0	0	0	0
A	EF	4	69	9	1	BA1653	4613	8	0	0	0	0	0	0	0	1	0	0
A	EF	4	69	9	1	BA1653	4622	8	7	0	0	0	0	0	0	0	0	0
A	EF	4	69	9	1	BA1653	4649	7	8	2	0	1	0	0	0	0	0	0
A	EF	4	69	9	1	BA1653	4659	8	7	0	0	0	0	0	0	0	0	0
A	EF	4	69	9	1	BA1653	4664	7	0	0	0	0	0	0	0	1	0	0
A	EF	4	69	9	1	BA1653	4677	7	8	2	0	1	0	0	0	0	0	0
A	EF	4	69	9	1	BA1653	4684	8	0	0	0	0	0	0	0	1	0	0
A	EF	4	69	9	1	BA1653	4687	8	7	0	0	0	0	0	0	0	0	0
A	EF	4	69	9	1	BA1653	4695	7	8	2	0	1	0	0	0	0	0	0
A	EF	4	69	9	1	BA1653	4705	8	7	0	0	0	0	0	0	0	0	0
A	EF	4	69	9	1	BA1653	4737	7	0	0	0	0	0	0	0	1	0	0
A	EF	4	69	9	1	BA1653	4748	7	8	2	0	1	0	0	0	0	0	0
A	EF	4	69	9	1	BA1653	4757	8	0	0	0	0	0	0	0	1	0	0
A	EF	4	69	9	1	BA1653	4758	8	9	0	0	0	0	0	0	0	0	0
A	EF	4	69	9	1	BA1653	4768	9	10	0	0	0	0	0	0	0	0	0
A	EF	4	69	9	1	BA1653	4843	10	2	0	0	0	0	0	0	0	0	0
A	EF	4	69	9	1	BA1653	4844	2	3	0	0	0	0	0	0	0	0	0
A	EF	4	69	9	1	BA1653	5092	3	5	1	1	0	0	0	0	0	0	0
A	EF	4	69	9	1	BA1653	5099	5	0	0	0	0	0	0	1	0	0	0
A	EF	4	69	9	1	BA1653	5102	5	4	0	0	0	0	0	0	0	0	0
A	EF	4	69	9	1	BA1653	5168	4	5	1	1	0	0	0	0	0	0	0
A	EF	4	69	9	1	BA1653	5178	5	4	0	0	0	0	0	0	0	0	0
A	EF	4	69	9	1	BA1653	5198	4	0	0	0	0	0	0	1	0	0	0
A	EF	4	69	9	1	BA1653	5273	4	5	1	1	0	0	0	0	0	0	0
A	EF	4	69	9	1	BA1653	5283	5	4	0	0	0	0	0	0	0	0	0
A	EF	4	69	9	1	BA1653	5298	4	0	0	0	0	0	0	1	0	0	0
A	EF	4	69	9	1	BA1653	5344	4	5	1	1	0	0	0	0	0	0	0
A	EF	4	69	9	1	BA1653	5354	5	4	0	0	0	0	0	0	0	0	0
A	EF	4	69	9	1	BA1653	5392	4	0	0	0	0	0	0	1	0	0	0
A	EF	4	69	9	1	BA1653	5447	4	5	1	1	0	0	0	0	0	0	0
A	EF	4	69	9	1	BA1653	5457	5	9	0	0	0	0	0	0	0	0	0
A	EF	4	69	9	1	BA1653	5467	9	10	0	0	0	0	0	0	0	0	0
A	EF	4	69	9	1	BA1653	5471	10	0	0	0	0	0	0	1	0	0	0
A	EF	4	69	9	1	BA1653	5542	10	2	0	0	0	0	0	0	0	0	0
A	EF	4	69	9	1	BA1653	5543	2	6	0	0	0	0	0	0	0	0	0
A	EF	4	69	9	1	BA1653	6134	6	8	2	0	1	0	0	0	0	0	0
A	EF	4	69	9	1	BA1653	6139	8	0	0	0	0	0	0	0	1	0	0
A	EF	4	69	9	1	BA1653	6144	8	7	0	0	0	0	0	0	0	0	0
A	EF	4	69	9	1	BA1653	6155	7	8	2	0	1	0	0	0	0	0	0
A	EF	4	69	9	1	BA1653	6162	8	0	0	0	0	0	0	0	1	0	0
A	EF	4	69	9	1	BA1653	6165	8	7	0	0	0	0	0	0	0	0	0
A	EF	4	69	9	1	BA1653	6168	7	8	2	0	1	0	0	0	0	0	0
A	EF	4	69	9	1	BA1653	6178	8	7	0	0	0	0	0	0	0	0	0
A	EF	4	69	9	1	BA1653	6220	7	0	0	0	0	0	0	0	1	0	0
A	EF	4	69	9	1	BA1653	6272	7	8	2	0	1	0	0	0	0	0	0
A	EF	4	69	9	1	BA1653	6282	8	7	0	0	0	0	0	0	0	0	0
A	EF	4	69	9	1	BA1653	6304	7	0	0	0	0	0	0	0	1	0	0
A	EF	4	69	9	1	BA1653	6317	7	8	2	0	1	0	0	0	0	0	0
A	EF	4	69	9	1	BA1653	6327	8	9	0	0	0	0	0	0	0	0	0
A	EF	4	69	9	1	BA1653	6337	9	10	0	0	0	0	0	0	0	0	0
A	EF	4	69	9	1	BA1653	6338	10	0	0	0	0	0	0	0	1	0	0
A	EF	4	69	9	1	BA1653	6412	10	2	0	0	0	0	0	0	0	0	0
A	EF	4	69	9	1	BA1653	6413	2	3	0	0	0	0	0	0	0	0	0
A	EF	4	69	9	1	BA1653	6549	3	0	0	0	1	0	0	0	0	0	0
A	EF	4	69	9	1	BA1653	6558	3	0	0	0	0	0	0	0	1	0	0
A	EF	4	69	9	1	BA1653	6587	3	0	0	0	1	0	0	0	0	0	0
A	EF	4	69	9	1	BA1653	6594	3	0	0	0	0	0	0	0	1	0	0
A	EF	4	69	9	1	BA1653	6608	3	0	0	0	1	0	0	0	0	0	0
A	EF	4	69	9	1	BA1653	6649	3	0	0	0	0	0	0	0	1	0	0
A	EF	4	69	9	1	BA1653	6778	3	0	0	0	1	0	0	0	0	0	0
A	EF	4	69	9	1	BA1653	6810	3	0	0	0	0	0	0	0	1	0	0
A	EF	4	69	9	1	BA1653	6851	3	0	0	0	1	0	0	0	0	0	0
A	EF	4	69	9	1	BA1653	6904	3	0	0	0	0	0	0	0	1	0	0
A	EF	4	69	9	1	BA1653	6908	3	0	0	0	1	0	0	0	0	0	0
A	EF	4	69	9	1	BA1653	6939	3	0	0	0	0	0	0	0	1	0	0
A	EF	4	69	9	1	BA1653	6940	3	0	0	0	1	0	0	0	0	0	0
A	EF	4	69	9	1	BA1653	6952	3	0	0	0	0	0	0	0	1	0	0
A	EF	4	69	9	1	BA1653	6972	3	0	0	0	1	0	0	0	0	0	0
A	EF	4	69	9	1	BA1653	6979	3	0	0	0	0	0	0	0	1	0	0
A	EF	4	69	9	1	BA1653	7227	3	5	1	1	0	0	0	0	0	0	0
A	EF	4	69	9	1	BA1653	7237	5	4	0	0	0	0	0	0	0	0	0
A	EF	4	69	9	1	BA1653	7251	4	0	0	0	0	0	0	1	0	0	0
A	EF	4	69	9	1	BA1653	7283	4	5	1	1	0	0	0	0	0	0	0
A	EF	4	69	9	1	BA1653	7293	5	4	0	0	0	0	0	0	0	0	0
A	EF	4	69	9	1	BA1653	7321	4	0	0	0	0	0	0	1	0	0	0
A	EF	4	69	9	1	BA1653	7390	4	5	1	1	0	0	0	0	0	0	0
A	EF	4	69	9	1	BA1653	7400	5	4	0	0	0	0	0	0	0	0	0
A	EF	4	69	9	1	BA1653	7434	4	0	0	0	0	0	0	1	0	0	0
A	EF	4	69	9	1	BA1653	7501	4	5	1	1	0	0	0	0	0	0	0
A	EF	4	69	9	1	BA1653	7511	5	4	0	0	0	0	0	0	0	0	0
A	EF	4	69	9	1	BA1653	7532	4	0	0	0	0	0	0	1	0	0	0
A	EF	4	69	9	1	BA1653	7584	4	5	1	1	0	0	0	0	0	0	0
A	EF	4	69	9	1	BA1653	7594	5	9	0	0	0	0	0	0	0	0	0
A	EF	4	69	9	1	BA1653	7604	9	10	0	0	0	0	0	0	0	0	0
A	EF	4	69	9	1	BA1653	7606	10	0	0	0	0	0	0	1	0	0	0
A	EF	4	69	9	1	BA1653	7679	10	2	0	0	0	0	0	0	0	0	0
A	EF	4	69	9	1	BA1653	7680	2	3	0	0	0	0	0	0	0	0	0
A	EF	4	69	9	1	BA1653	9401	3	0	0	0	1	0	0	0	0	0	0
A	EF	4	69	9	1	BA1653	9417	3	0	0	0	0	0	0	0	1	0	0
A	EF	4	69	9	1	BA1653	9478	3	5	1	1	0	0	0	0	0	0	0
A	EF	4	69	9	1	BA1653	9484	5	0	0	0	0	0	0	1	0	0	0
A	EF	4	69	9	1	BA1653	9488	5	4	0	0	0	0	0	0	0	0	0
A	EF	4	69	9	1	BA1653	9601	4	5	1	1	0	0	0	0	0	0	0
A	EF	4	69	9	1	BA1653	9611	5	4	0	0	0	0	0	0	0	0	0
A	EF	4	69	9	1	BA1653	9656	4	0	0	0	0	0	0	1	0	0	0
A	EF	4	69	9	1	BA1653	9713	4	5	1	1	0	0	0	0	0	0	0
A	EF	4	69	9	1	BA1653	9723	5	4	0	0	0	0	0	0	0	0	0
A	EF	4	69	9	1	BA1653	9784	4	0	0	0	0	0	0	1	0	0	0
A	EF	4	69	9	1	BA1653	9846	4	5	1	1	0	0	0	0	0	0	0
A	EF	4	69	9	1	BA1653	9856	5	4	0	0	0	0	0	0	0	0	0
A	EF	4	69	9	1	BA1653	9866	4	0	0	0	0	0	0	1	0	0	0
A	EF	4	69	9	1	BA1653	9946	4	5	1	1	0	0	0	0	0	0	0
A	EF	4	69	9	1	BA1653	9956	5	9	0	0	0	0	0	0	0	0	0
A	EF	4	69	9	1	BA1653	9966	9	10	0	0	0	0	0	1	0	0	0
A	EF	4	69	9	1	BA1653	10041	10	2	0	0	0	0	0	0	0	0	0
A	EF	4	69	9	1	BA1653	10042	2	3	0	0	0	0	0	0	0	0	0
A	EF	4	69	9	1	BA1653	10141	3	5	1	1	0	0	0	0	0	0	0
A	EF	4	69	9	1	BA1653	10151	5	4	0	0	0	0	0	0	0	0	0
A	EF	4	69	9	1	BA1653	10164	4	0	0	0	0	0	0	1	0	0	0
A	EF	4	69	9	1	BA1653	10201	4	5	1	1	0	0	0	0	0	0	0
A	EF	4	69	9	1	BA1653	10211	5	4	0	0	0	0	0	0	0	0	0
A	EF	4	69	9	1	BA1653	10220	4	0	0	0	0	0	0	1	0	0	0
A	EF	4	69	9	1	BA1653	10295	4	5	1	1	0	0	0	0	0	0	0
A	EF	4	69	9	1	BA1653	10305	5	4	0	0	0	0	0	0	0	0	0
A	EF	4	69	9	1	BA1653	10329	4	0	0	0	0	0	0	1	0	0	0
A	EF	4	69	9	1	BA1653	10382	4	5	1	1	0	0	0	0	0	0	0
A	EF	4	69	9	1	BA1653	10392	5	4	0	0	0	0	0	0	0	0	0
A	EF	4	69	9	1	BA1653	10427	4	0	0	0	0	0	0	1	0	0	0
A	EF	4	69	9	1	BA1653	10433	4	5	1	1	0	0	0	0	0	0	0
A	EF	4	69	9	1	BA1653	10443	5	9	0	0	0	0	0	0	0	0	0
A	EF	4	69	9	1	BA1653	10453	9	10	0	0	0	0	0	0	0	0	0
A	EF	4	69	9	1	BA1653	10455	10	0	0	0	0	0	0	1	0	0	0
A	EF	4	69	9	1	BA1653	10528	10	2	0	0	0	0	0	0	0	0	0
A	EF	4	69	9	1	BA1653	10529	2	6	0	0	0	0	0	0	0	0	0
A	EF	4	69	9	1	BA1653	10801	6	8	2	0	1	0	0	0	0	0	0
A	EF	4	69	9	1	BA1653	10806	8	0	0	0	0	0	0	0	1	0	0
A	EF	4	69	9	1	BA1653	10811	8	7	0	0	0	0	0	0	0	0	0
A	EF	4	69	9	1	BA1653	10892	7	8	2	0	1	0	0	0	0	0	0
A	EF	4	69	9	1	BA1653	10902	8	7	0	0	0	0	0	0	0	0	0
A	EF	4	69	9	1	BA1653	10926	7	0	0	0	0	0	0	0	1	0	0
A	EF	4	69	9	1	BA1653	10942	7	8	2	0	1	0	0	0	0	0	0
A	EF	4	69	9	1	BA1653	10946	8	0	0	0	0	0	0	0	1	0	0
A	EF	4	69	9	1	BA1653	10949	8	0	0	0	1	0	0	0	0	0	0
A	EF	4	69	9	1	BA1653	10952	8	7	0	0	0	0	0	0	0	0	0
A	EF	4	69	9	1	BA1653	10966	7	0	0	0	0	0	0	0	1	0	0
A	EF	4	69	9	1	BA1653	11019	7	8	2	0	1	0	0	0	0	0	0
A	EF	4	69	9	1	BA1653	11029	8	7	0	0	0	0	0	0	0	0	0
A	EF	4	69	9	1	BA1653	11046	7	0	0	0	0	0	0	0	1	0	0
A	EF	4	69	9	1	BA1653	11071	7	8	2	0	1	0	0	0	0	0	0
A	EF	4	69	9	1	BA1653	11076	8	0	0	0	0	0	0	0	1	0	0
A	EF	4	69	9	1	BA1653	11081	8	9	0	0	0	0	0	0	0	0	0
A	EF	4	69	9	1	BA1653	11088	9	0	0	0	1	0	0	0	0	0	0
A	EF	4	69	9	1	BA1653	11091	9	10	0	0	0	0	0	0	0	0	0
A	EF	4	69	9	1	BA1653	11097	10	0	0	0	0	0	0	0	1	0	0
A	EF	4	69	9	1	BA1653	11166	10	2	0	0	0	0	0	0	0	0	0
A	EF	4	69	9	1	BA1653	11167	2	6	0	0	0	0	0	0	0	0	0
A	EF	4	69	9	1	BA1653	11445	6	8	2	0	1	0	0	0	0	0	0
A	EF	4	69	9	1	BA1653	11455	8	7	0	0	0	0	0	0	0	0	0
A	EF	4	69	9	1	BA1653	11469	7	0	0	0	0	0	0	0	1	0	0
A	EF	4	69	9	1	BA1653	11512	7	8	2	0	1	0	0	0	0	0	0
A	EF	4	69	9	1	BA1653	11522	8	7	0	0	0	0	0	0	0	0	0
A	EF	4	69	9	1	BA1653	11533	7	0	0	0	0	0	0	0	1	0	0
A	EF	4	69	9	1	BA1653	11546	7	8	2	0	1	0	0	0	0	0	0
A	EF	4	69	9	1	BA1653	11554	8	0	0	0	0	0	0	0	1	0	0
A	EF	4	69	9	1	BA1653	11556	8	7	0	0	0	0	0	0	0	0	0
A	EF	4	69	9	1	BA1653	11644	7	8	2	0	1	0	0	0	0	0	0
A	EF	4	69	9	1	BA1653	11654	8	7	0	0	0	0	0	0	0	0	0
A	EF	4	69	9	1	BA1653	11692	7	0	0	0	0	0	0	0	1	0	0
A	EF	4	69	9	1	BA1653	11732	7	8	2	0	1	0	0	0	0	0	0
A	EF	4	69	9	1	BA1653	11738	8	0	0	0	0	0	0	0	1	0	0
A	EF	4	69	9	1	BA1653	11742	8	9	0	0	0	0	0	0	0	0	0
A	EF	4	69	9	1	BA1653	11743	9	0	0	0	1	0	0	0	0	0	0
A	EF	4	69	9	1	BA1653	11752	9	10	0	0	0	0	0	0	0	0	0
A	EF	4	69	9	1	BA1653	11759	10	0	0	0	0	0	0	0	1	0	0
A	EF	4	69	9	1	BA1653	11827	10	2	0	0	0	0	0	0	0	0	0
A	EF	4	69	9	1	BA1653	11828	2	6	0	0	0	0	0	0	0	0	0
A	EF	4	69	9	1	BA1653	11951	6	8	2	0	1	0	0	0	0	0	0
A	EF	4	69	9	1	BA1653	11957	8	0	0	0	0	0	0	0	1	0	0
A	EF	4	69	9	1	BA1653	11961	8	7	0	0	0	0	0	0	0	0	0
A	EF	4	69	9	1	BA1653	12015	7	8	2	0	1	0	0	0	0	0	0
A	EF	4	69	9	1	BA1653	12025	8	7	0	0	0	0	0	0	0	0	0
A	EF	4	69	9	1	BA1653	12045	7	0	0	0	0	0	0	0	1	0	0
A	EF	4	69	9	1	BA1653	12073	7	8	2	0	1	0	0	0	0	0	0
A	EF	4	69	9	1	BA1653	12077	8	0	0	0	0	0	0	0	1	0	0
A	EF	4	69	9	1	BA1653	12083	8	7	0	0	0	0	0	0	0	0	0
A	EF	4	69	9	1	BA1653	12087	7	8	2	0	1	0	0	0	0	0	0
A	EF	4	69	9	1	BA1653	12097	8	7	0	0	0	0	0	0	0	0	0
A	EF	4	69	9	1	BA1653	12111	7	0	0	0	0	0	0	0	1	0	0
A	EF	4	69	9	1	BA1653	12115	7	8	2	0	1	0	0	0	0	0	0
A	EF	4	69	9	1	BA1653	12125	8	9	0	0	0	0	0	0	0	0	0
A	EF	4	69	9	1	BA1653	12135	9	10	0	0	0	0	0	0	0	0	0
A	EF	4	69	9	1	BA1653	12141	10	0	0	0	0	0	0	0	1	0	0
A	EF	4	69	9	1	BA1653	12210	10	2	0	0	0	0	0	0	0	0	0
A	EF	4	69	9	1	BA1653	12211	2	3	0	0	0	0	0	0	0	0	0
A	EF	4	69	9	1	BA1653	12393	3	0	0	0	1	0	0	0	0	0	0
A	EF	4	69	9	1	BA1653	12396	3	0	0	0	0	0	0	0	1	0	0
A	EF	4	69	9	1	BA1653	12430	3	0	0	0	1	0	0	0	0	0	0
A	EF	4	69	9	1	BA1653	12461	3	0	0	0	0	0	0	0	1	0	0
A	EF	4	69	9	1	BA1653	12468	3	0	0	0	1	0	0	0	0	0	0
A	EF	4	69	9	1	BA1653	12532	3	0	0	0	0	0	0	0	1	0	0
A	EF	4	69	9	1	BA1653	12555	3	0	0	0	1	0	0	0	0	0	0
A	EF	4	69	9	1	BA1653	12566	3	0	0	0	0	0	0	0	1	0	0
A	EF	4	69	9	1	BA1653	12567	3	0	0	0	1	0	0	0	0	0	0
A	EF	4	69	9	1	BA1653	12775	3	0	0	0	0	0	0	0	1	0	0
A	EF	4	69	9	1	BA1653	12874	3	0	0	0	1	0	0	0	0	0	0
A	EF	4	69	9	1	BA1653	12876	3	0	0	0	0	0	0	0	1	0	0
A	EF	4	69	9	1	BA1653	12879	3	0	0	0	1	0	0	0	0	0	0
A	EF	4	69	9	1	BA1653	12901	3	0	0	0	0	0	0	0	1	0	0
A	EF	4	69	9	1	BA1653	12906	3	0	0	0	1	0	0	0	0	0	0
A	EF	4	69	9	1	BA1653	12933	3	0	0	0	0	0	0	0	1	0	0
A	EF	4	69	9	1	BA1653	12985	3	0	0	0	1	0	0	0	0	0	0
A	EF	4	69	9	1	BA1653	13030	3	0	0	0	0	0	0	0	1	0	0
A	EF	4	69	9	1	BA1653	13067	3	0	0	0	1	0	0	0	0	0	0
A	EF	4	69	9	1	BA1653	13068	3	0	0	0	0	0	0	0	1	0	0
A	EF	4	69	9	1	BA1653	13080	3	0	0	0	1	0	0	0	0	0	0
A	EF	4	69	9	1	BA1653	13082	3	0	0	0	0	0	0	0	1	0	0
A	EF	4	69	9	1	BA1653	13085	3	0	0	0	1	0	0	0	0	0	0
A	EF	4	69	9	1	BA1653	13124	3	0	0	0	0	0	0	0	1	0	0
A	EF	4	69	9	1	BA1653	13175	3	0	0	0	1	0	0	0	0	0	0
A	EF	4	69	9	1	BA1653	13184	3	0	0	0	0	0	0	0	1	0	0
A	EF	4	69	9	1	BA1653	13220	3	0	0	0	1	0	0	0	0	0	0
A	EF	4	69	9	1	BA1653	13221	3	0	0	0	0	0	0	0	1	0	0
A	EF	4	69	9	1	BA1653	13244	3	0	0	0	1	0	0	0	0	0	0
A	EF	4	69	9	1	BA1653	13249	3	0	0	0	0	0	0	0	1	0	0
A	EF	4	69	9	1	BA1653	13254	3	0	0	0	1	0	0	0	0	0	0
A	EF	4	69	9	1	BA1653	13269	3	0	0	0	0	0	0	0	1	0	0
A	EF	4	69	9	1	BA1653	13275	3	0	0	0	1	0	0	0	0	0	0
A	EF	4	69	9	1	BA1653	13302	3	0	0	0	0	0	0	0	1	0	0
A	EF	4	69	9	1	BA1653	13467	3	5	1	1	0	0	0	0	0	0	0
A	EF	4	69	9	1	BA1653	13472	5	0	0	0	0	0	0	1	0	0	0
A	EF	4	69	9	1	BA1653	13477	5	4	0	0	0	0	0	0	0	0	0
A	EF	4	69	9	1	BA1653	13643	4	5	1	1	0	0	0	0	0	0	0
A	EF	4	69	9	1	BA1653	13653	5	4	0	0	0	0	0	0	0	0	0
A	EF	4	69	9	1	BA1653	13668	4	0	0	0	0	0	0	1	0	0	0
A	EF	4	69	9	1	BA1653	13710	4	5	1	1	0	0	0	0	0	0	0
A	EF	4	69	9	1	BA1653	13720	5	4	0	0	0	0	0	0	0	0	0
A	EF	4	69	9	1	BA1653	13745	4	0	0	0	0	0	0	1	0	0	0
A	EF	4	69	9	1	BA1653	13815	4	5	1	1	0	0	0	0	0	0	0
A	EF	4	69	9	1	BA1653	13825	5	4	0	0	0	0	0	0	0	0	0
A	EF	4	69	9	1	BA1653	13843	4	0	0	0	0	0	0	1	0	0	0
A	EF	4	69	9	1	BA1653	13890	4	5	1	1	0	0	0	0	0	0	0
A	EF	4	69	9	1	BA1653	13900	5	9	0	0	0	0	0	0	0	0	0
A	EF	4	69	9	1	BA1653	13910	9	10	0	0	0	0	0	0	0	0	0
A	EF	4	69	9	1	BA1653	13911	10	0	0	0	0	0	0	1	0	0	0
A	EF	4	69	9	1	BA1653	13985	10	2	0	0	0	0	0	0	0	0	0
A	EF	4	69	9	1	BA1653	13986	2	3	0	0	0	0	0	0	0	0	0
A	EF	4	69	9	1	BA1653	14086	3	5	1	1	0	0	0	0	0	0	0
A	EF	4	69	9	1	BA1653	14096	5	4	0	0	0	0	0	0	0	0	0
A	EF	4	69	9	1	BA1653	14099	4	0	0	0	0	0	0	1	0	0	0
A	EF	4	69	9	1	BA1653	14171	4	5	1	1	0	0	0	0	0	0	0
A	EF	4	69	9	1	BA1653	14181	5	4	0	0	0	0	0	0	0	0	0
A	EF	4	69	9	1	BA1653	14203	4	0	0	0	0	0	0	1	0	0	0
A	EF	4	69	9	1	BA1653	14262	4	5	1	1	0	0	0	0	0	0	0
A	EF	4	69	9	1	BA1653	14272	5	4	0	0	0	0	0	0	0	0	0
A	EF	4	69	9	1	BA1653	14304	4	0	0	0	0	0	0	1	0	0	0
A	EF	4	69	9	1	BA1653	14364	4	5	1	1	0	0	0	0	0	0	0
A	EF	4	69	9	1	BA1653	14374	5	4	0	0	0	0	0	0	0	0	0
A	EF	4	69	9	1	BA1653	14409	4	0	0	0	0	0	0	1	0	0	0
A	EF	4	69	9	1	BA1653	14479	4	5	1	1	0	0	0	0	0	0	0
A	EF	4	69	9	1	BA1653	14489	5	9	0	0	0	0	0	0	0	0	0
A	EF	4	69	9	1	BA1653	14499	9	10	0	0	0	0	0	0	0	0	0
A	EF	4	69	9	1	BA1653	14500	10	0	0	0	0	0	0	1	0	0	0
A	EF	4	69	9	1	BA1653	14574	10	2	0	0	0	0	0	0	0	0	0
A	EF	4	69	9	1	BA1653	14575	2	3	0	0	0	0	0	0	0	0	0
A	EF	4	69	9	1	BA1653	14887	3	5	1	1	0	0	0	0	0	0	0
A	EF	4	69	9	1	BA1653	14897	5	4	0	0	0	0	0	1	0	0	0
A	EF	4	69	9	1	BA1653	14996	4	5	1	1	0	0	0	0	0	0	0
A	EF	4	69	9	1	BA1653	15006	5	4	0	0	0	0	0	0	0	0	0
A	EF	4	69	9	1	BA1653	15026	4	0	0	0	0	0	0	1	0	0	0
A	EF	4	69	9	1	BA1653	15084	4	5	1	1	0	0	0	0	0	0	0
A	EF	4	69	9	1	BA1653	15094	5	4	0	0	0	0	0	0	0	0	0
A	EF	4	69	9	1	BA1653	15149	4	0	0	0	0	0	0	1	0	0	0
A	EF	4	69	9	1	BA1653	15164	4	5	1	1	0	0	0	0	0	0	0
A	EF	4	69	9	1	BA1653	15174	5	4	0	0	0	0	0	0	0	0	0
A	EF	4	69	9	1	BA1653	15201	4	0	0	0	0	0	0	1	0	0	0
A	EF	4	69	9	1	BA1653	15204	4	5	1	1	0	0	0	0	0	0	0
A	EF	4	69	9	1	BA1653	15214	5	9	0	0	0	0	0	0	0	0	0
A	EF	4	69	9	1	BA1653	15224	9	10	0	0	0	0	0	0	0	0	0
A	EF	4	69	9	1	BA1653	15232	10	0	0	0	0	0	0	1	0	0	0
A	EF	4	69	9	1	BA1653	15299	10	2	0	0	0	0	0	0	0	0	0
A	EF	4	69	9	1	BA1653	15300	2	6	0	0	0	0	0	0	0	0	0
A	EF	4	69	9	1	BA1653	16124	6	8	2	0	1	0	0	0	0	0	0
A	EF	4	69	9	1	BA1653	16134	8	7	0	0	0	0	0	0	0	0	0
A	EF	4	69	9	1	BA1653	16147	7	0	0	0	0	0	0	0	1	0	0
A	EF	4	69	9	1	BA1653	16155	7	8	2	0	1	0	0	0	0	0	0
A	EF	4	69	9	1	BA1653	16165	8	7	0	0	0	0	0	0	0	0	0
A	EF	4	69	9	1	BA1653	16168	7	0	0	0	0	0	0	0	1	0	0
A	EF	4	69	9	1	BA1653	16222	7	8	2	0	1	0	0	0	0	0	0
A	EF	4	69	9	1	BA1653	16232	8	7	0	0	0	0	0	0	0	0	0
A	EF	4	69	9	1	BA1653	16242	7	0	0	0	0	0	0	0	1	0	0
A	EF	4	69	9	1	BA1653	16248	7	8	2	0	1	0	0	0	0	0	0
A	EF	4	69	9	1	BA1653	16258	8	7	0	0	0	0	0	0	0	0	0
A	EF	4	69	9	1	BA1653	16275	7	0	0	0	0	0	0	0	1	0	0
A	EF	4	69	9	1	BA1653	16302	7	8	2	0	1	0	0	0	0	0	0
A	EF	4	69	9	1	BA1653	16303	8	0	0	0	0	0	0	0	1	0	0
A	EF	4	69	9	1	BA1653	16312	8	9	0	0	1	0	0	0	0	0	0
A	EF	4	69	9	1	BA1653	16315	9	0	0	0	0	0	0	0	1	0	0
A	EF	4	69	9	1	BA1653	16318	9	0	0	0	1	0	0	0	0	0	0
A	EF	4	69	9	1	BA1653	16322	9	10	0	0	0	0	0	0	0	0	0
A	EF	4	69	9	1	BA1653	16327	10	0	0	0	0	0	0	0	1	0	0
A	EF	4	69	9	1	BA1653	16397	10	2	0	0	0	0	0	0	0	0	0
A	EF	4	69	9	1	BA1653	16398	2	6	0	0	0	0	0	0	0	0	0
A	EF	4	69	9	1	BA1653	16635	6	8	2	0	1	0	0	0	0	0	0
A	EF	4	69	9	1	BA1653	16645	8	7	0	0	0	0	0	0	0	0	0
A	EF	4	69	9	1	BA1653	16649	7	0	0	0	0	0	0	0	1	0	0
A	EF	4	69	9	1	BA1653	16667	7	8	2	0	1	0	0	0	0	0	0
A	EF	4	69	9	1	BA1653	16671	8	0	0	0	0	0	0	0	1	0	0
A	EF	4	69	9	1	BA1653	16675	8	0	0	0	1	0	0	0	0	0	0
A	EF	4	69	9	1	BA1653	16677	8	7	0	0	0	0	0	0	0	0	0
A	EF	4	69	9	1	BA1653	16692	7	0	0	0	0	0	0	0	1	0	0
A	EF	4	69	9	1	BA1653	16696	7	8	2	0	1	0	0	0	0	0	0
A	EF	4	69	9	1	BA1653	16706	8	7	0	0	0	0	0	0	0	0	0
A	EF	4	69	9	1	BA1653	16714	7	0	0	0	0	0	0	0	1	0	0
A	EF	4	69	9	1	BA1653	16721	7	8	2	0	1	0	0	0	0	0	0
A	EF	4	69	9	1	BA1653	16731	8	7	0	0	0	0	0	0	0	0	0
A	EF	4	69	9	1	BA1653	16735	7	0	0	0	0	0	0	0	1	0	0
A	EF	4	69	9	1	BA1653	16770	7	8	2	0	1	0	0	0	0	0	0
A	EF	4	69	9	1	BA1653	16780	8	9	0	0	0	0	0	0	0	0	0
A	EF	4	69	9	1	BA1653	16788	9	0	0	0	0	0	0	0	1	0	0
A	EF	4	69	9	1	BA1653	16790	9	10	0	0	0	0	0	0	0	0	0
A	EF	4	69	9	1	BA1653	16865	10	2	0	0	0	0	0	0	0	0	0
A	EF	4	69	9	1	BA1653	16866	2	3	0	0	0	0	0	0	0	0	0
A	EF	4	69	9	1	BA1653	17053	3	0	0	0	1	0	0	0	0	0	0
A	EF	4	69	9	1	BA1653	17063	3	0	0	0	0	0	0	0	1	0	0
A	EF	4	69	9	1	BA1653	17073	3	0	0	0	1	0	0	0	0	0	0
A	EF	4	69	9	1	BA1653	17095	3	0	0	0	0	0	0	0	1	0	0
A	EF	4	69	9	1	BA1653	17143	3	0	0	0	1	0	0	0	0	0	0
A	EF	4	69	9	1	BA1653	17161	3	0	0	0	0	0	0	0	1	0	0
A	EF	4	69	9	1	BA1653	17164	3	0	0	0	1	0	0	0	0	0	0
A	EF	4	69	9	1	BA1653	17185	3	0	0	0	0	0	0	0	1	0	0
A	EF	4	69	9	1	BA1653	17238	3	0	0	0	1	0	0	0	0	0	0
A	EF	4	69	9	1	BA1653	17240	3	0	0	0	0	0	0	0	1	0	0
A	EF	4	69	9	1	BA1653	17242	3	0	0	0	1	0	0	0	0	0	0
A	EF	4	69	9	1	BA1653	17275	3	0	0	0	0	0	0	0	1	0	0
A	EF	4	69	9	1	BA1653	17485	3	0	0	0	1	0	0	0	0	0	0
A	EF	4	69	9	1	BA1653	17493	3	0	0	0	0	0	0	0	1	0	0
A	EF	4	69	9	1	BA1653	17497	3	0	0	0	1	0	0	0	0	0	0
A	EF	4	69	9	1	BA1653	17499	3	0	0	0	0	0	0	0	1	0	0
A	EF	4	69	9	1	BA1653	17502	3	0	0	0	1	0	0	0	0	0	0
A	EF	4	69	9	1	BA1653	17518	3	0	0	0	0	0	0	0	1	0	0
A	EF	4	69	9	1	BA1653	17717	3	5	1	1	0	0	0	0	0	0	0
A	EF	4	69	9	1	BA1653	17727	5	4	0	0	0	0	0	0	0	0	0
A	EF	4	69	9	1	BA1653	17728	4	0	0	0	0	0	0	1	0	0	0
A	EF	4	69	9	1	BA1653	17852	4	5	1	1	0	0	0	0	0	0	0
A	EF	4	69	9	1	BA1653	17858	5	0	0	0	0	0	0	1	0	0	0
A	EF	4	69	9	1	BA1653	17862	5	4	0	0	0	0	0	0	0	0	0
A	EF	4	69	9	1	BA1653	17891	4	5	1	1	0	0	0	0	0	0	0
A	EF	4	69	9	1	BA1653	17901	5	4	0	0	0	0	0	0	0	0	0
A	EF	4	69	9	1	BA1653	17914	4	0	0	0	0	0	0	1	0	0	0
A	EF	4	69	9	1	BA1653	17967	4	5	1	1	0	0	0	0	0	0	0
A	EF	4	69	9	1	BA1653	17977	5	4	0	0	0	0	0	0	0	0	0
A	EF	4	69	9	1	BA1653	17990	4	0	0	0	0	0	0	1	0	0	0
A	EF	4	69	9	1	BA1653	18104	4	5	1	1	0	0	0	0	0	0	0
A	EF	4	69	9	1	BA1653	18114	5	9	0	0	0	0	0	0	0	0	0
A	EF	4	69	9	1	BA1653	18123	9	0	0	0	0	0	0	1	0	0	0
A	EF	4	69	9	1	BA1653	18124	9	10	0	1	0	0	0	0	0	0	0
A	EF	4	69	9	1	BA1653	18129	10	0	0	0	0	0	0	1	0	0	0
A	EF	4	69	9	1	BA1653	18199	10	2	0	0	0	0	0	0	0	0	0
A	EF	4	69	9	1	BA1653	18200	2	6	0	0	0	0	0	0	0	0	0
A	EF	4	69	9	1	BA1653	18488	6	8	2	0	1	0	0	0	0	0	0
A	EF	4	69	9	1	BA1653	18494	8	0	0	0	0	0	0	0	1	0	0
A	EF	4	69	9	1	BA1653	18498	8	7	0	0	0	0	0	0	0	0	0
A	EF	4	69	9	1	BA1653	18546	7	8	2	0	1	0	0	0	0	0	0
A	EF	4	69	9	1	BA1653	18556	8	7	0	0	0	0	0	0	0	0	0
A	EF	4	69	9	1	BA1653	18572	7	0	0	0	0	0	0	0	1	0	0
A	EF	4	69	9	1	BA1653	18592	7	8	2	0	1	0	0	0	0	0	0
A	EF	4	69	9	1	BA1653	18597	8	0	0	0	0	0	0	0	1	0	0
A	EF	4	69	9	1	BA1653	18602	8	7	0	0	0	0	0	0	0	0	0
A	EF	4	69	9	1	BA1653	18607	7	8	2	0	1	0	0	0	0	0	0
A	EF	4	69	9	1	BA1653	18617	8	7	0	0	0	0	0	0	0	0	0
A	EF	4	69	9	1	BA1653	18622	7	0	0	0	0	0	0	0	1	0	0
A	EF	4	69	9	1	BA1653	18624	7	8	2	0	1	0	0	0	0	0	0
A	EF	4	69	9	1	BA1653	18634	8	9	0	0	0	0	0	0	0	0	0
A	EF	4	69	9	1	BA1653	18644	9	10	0	0	0	0	0	0	0	0	0
A	EF	4	69	9	1	BA1653	18648	10	0	0	0	0	0	0	0	1	0	0
A	EF	4	69	9	1	BA1653	18719	10	2	0	0	0	0	0	0	0	0	0
A	EF	4	69	9	1	BA1653	18720	2	3	0	0	0	0	0	0	0	0	0
A	EF	4	69	9	1	BA1653	18882	3	0	0	0	1	0	0	0	0	0	0
A	EF	4	69	9	1	BA1653	18889	3	0	0	0	0	0	0	0	1	0	0
A	EF	4	69	9	1	BA1653	18898	3	0	0	0	1	0	0	0	0	0	0
A	EF	4	69	9	1	BA1653	18929	3	0	0	0	0	0	0	0	1	0	0
A	EF	4	69	9	1	BA1653	18966	3	0	0	0	1	0	0	0	0	0	0
A	EF	4	69	9	1	BA1653	18993	3	0	0	0	0	0	0	0	1	0	0
A	EF	4	69	9	1	BA1653	19033	3	0	0	0	1	0	0	0	0	0	0
A	EF	4	69	9	1	BA1653	19094	3	0	0	0	0	0	0	0	1	0	0
A	EF	4	69	9	1	BA1653	19152	3	0	0	0	1	0	0	0	0	0	0
A	EF	4	69	9	1	BA1653	19153	3	0	0	0	0	0	0	0	1	0	0
A	EF	4	69	9	1	BA1653	19156	3	0	0	0	1	0	0	0	0	0	0
A	EF	4	69	9	1	BA1653	19186	3	0	0	0	0	0	0	0	1	0	0
A	EF	4	69	9	1	BA1653	19193	3	0	0	0	1	0	0	0	0	0	0
A	EF	4	69	9	1	BA1653	19196	3	0	0	0	0	0	0	0	1	0	0
A	EF	4	69	9	1	BA1653	19208	3	0	0	0	1	0	0	0	0	0	0
A	EF	4	69	9	1	BA1653	19222	3	0	0	0	0	0	0	0	1	0	0
A	EF	4	69	9	1	BA1653	19226	3	0	0	0	1	0	0	0	0	0	0
A	EF	4	69	9	1	BA1653	19237	3	0	0	0	0	0	0	0	1	0	0
A	EF	4	69	9	1	BA1653	19240	3	0	0	0	1	0	0	0	0	0	0
A	EF	4	69	9	1	BA1653	19263	3	0	0	0	0	0	0	0	1	0	0
A	EF	4	69	9	1	BA1653	19303	3	0	0	0	1	0	0	0	0	0	0
A	EF	4	69	9	1	BA1653	19309	3	0	0	0	0	0	0	0	1	0	0
A	EF	4	69	9	1	BA1653	19311	3	0	0	0	1	0	0	0	0	0	0
A	EF	4	69	9	1	BA1653	19313	3	0	0	0	0	0	0	0	1	0	0
A	EF	4	69	9	1	BA1653	19317	3	0	0	0	1	0	0	0	0	0	0
A	EF	4	69	9	1	BA1653	19321	3	0	0	0	0	0	0	0	1	0	0
A	EF	4	69	9	1	BA1653	19322	3	0	0	0	1	0	0	0	0	0	0
A	EF	4	69	9	1	BA1653	19346	3	0	0	0	0	0	0	0	1	0	0
A	EF	4	69	9	1	BA1653	19348	3	0	0	0	1	0	0	0	0	0	0
A	EF	4	69	9	1	BA1653	19381	3	0	0	0	0	0	0	0	1	0	0
A	EF	4	69	9	1	BA1653	19384	3	0	0	0	1	0	0	0	0	0	0
A	EF	4	69	9	1	BA1653	19396	3	0	0	0	0	0	0	0	1	0	0
A	EF	4	69	9	1	BA1653	19400	3	0	0	0	1	0	0	0	0	0	0
A	EF	4	69	9	1	BA1653	19422	3	0	0	0	0	0	0	0	1	0	0
A	EF	4	69	9	1	BA1653	19488	3	0	0	0	1	0	0	0	0	0	0
A	EF	4	69	9	1	BA1653	19489	3	0	0	0	0	0	0	0	1	0	0
A	EF	4	69	9	1	BA1653	19493	3	0	0	0	1	0	0	0	0	0	0
A	EF	4	69	9	1	BA1653	19517	3	0	0	0	0	0	0	0	1	0	0
A	EF	4	69	9	1	BA1653	19639	3	0	0	0	1	0	0	0	0	0	0
A	EF	4	69	9	1	BA1653	19652	3	0	0	0	0	0	0	0	1	0	0
A	EF	4	69	9	1	BA1653	19668	3	0	0	0	1	0	0	0	0	0	0
A	EF	4	69	9	1	BA1653	19671	3	0	0	0	0	0	0	0	1	0	0
A	EF	4	69	9	1	BA1653	19691	3	0	0	0	1	0	0	0	0	0	0
A	EF	4	69	9	1	BA1653	19693	3	0	0	0	0	0	0	0	1	0	0
A	EF	4	69	9	1	BA1653	19704	3	0	0	0	1	0	0	0	0	0	0
A	EF	4	69	9	1	BA1653	19735	3	0	0	0	0	0	0	0	1	0	0
A	EF	4	69	9	1	BA1653	19816	3	5	1	1	0	0	0	0	0	0	0
A	EF	4	69	9	1	BA1653	19826	5	4	0	0	0	0	0	0	0	0	0
A	EF	4	69	9	1	BA1653	19828	4	0	0	0	0	0	0	1	0	0	0
A	EF	4	69	9	1	BA1653	19929	4	5	1	1	0	0	0	0	0	0	0
A	EF	4	69	9	1	BA1653	19939	5	4	0	0	0	0	0	0	0	0	0
A	EF	4	69	9	1	BA1653	19949	4	0	0	0	0	0	0	1	0	0	0
A	EF	4	69	9	1	BA1653	20016	4	5	1	1	0	0	0	0	0	0	0
A	EF	4	69	9	1	BA1653	20026	5	4	0	0	0	0	0	0	0	0	0
A	EF	4	69	9	1	BA1653	20029	4	0	0	0	0	0	0	1	0	0	0
A	EF	4	69	9	1	BA1653	20049	4	5	1	1	0	0	0	0	0	0	0
A	EF	4	69	9	1	BA1653	20057	5	0	0	0	0	0	0	1	0	0	0
A	EF	4	69	9	1	BA1653	20059	5	4	0	0	0	0	0	0	0	0	0
A	EF	4	69	9	1	BA1653	20066	4	5	1	1	0	0	0	0	0	0	0
A	EF	4	69	9	1	BA1653	20076	5	9	0	0	0	0	0	0	0	0	0
A	EF	4	69	9	1	BA1653	20086	9	10	0	0	0	0	0	0	0	0	0
A	EF	4	69	9	1	BA1653	20087	10	0	0	0	0	0	0	1	0	0	0
A	EF	4	69	9	1	BA1653	20161	10	2	0	0	0	0	0	0	0	0	0
A	EF	4	69	9	1	BA1653	20162	2	6	0	0	0	0	0	0	0	0	0
A	EF	4	69	9	1	BA1653	20617	6	0	0	1	0	0	0	0	0	0	0
A	EF	4	69	9	1	BA1653	20678	6	0	0	0	0	0	0	1	0	0	0
A	EF	4	69	9	1	BA1653	20717	6	0	0	1	0	0	0	0	0	0	0
A	EF	4	69	9	1	BA1653	20746	6	0	0	0	0	0	0	1	0	0	0
A	EF	4	69	9	1	BA1653	20808	6	0	0	1	0	0	0	0	0	0	0
A	EF	4	69	9	1	BA1653	20842	6	0	0	0	0	0	0	1	0	0	0
A	EF	4	69	9	1	BA1653	20868	6	0	0	1	0	0	0	0	0	0	0
A	EF	4	69	9	1	BA1653	20920	6	0	0	0	0	0	0	1	0	0	0
A	EF	4	69	9	1	BA1653	21000	6	0	0	1	0	0	0	0	0	0	0
A	EF	4	69	9	1	BA1653	21035	6	0	0	0	0	0	0	1	0	0	0
A	EF	4	69	9	1	BA1653	21038	6	0	0	1	0	0	0	0	0	0	0
A	EF	4	69	9	1	BA1653	21101	6	0	0	0	0	0	0	1	0	0	0
A	EF	4	69	9	1	BA1653	21156	6	0	0	1	0	0	0	0	0	0	0
A	EF	4	69	9	1	BA1653	21191	6	0	0	0	0	0	0	1	0	0	0
A	EF	4	69	9	1	BA1653	21259	6	0	0	1	0	0	0	0	0	0	0
A	EF	4	69	9	1	BA1653	21290	6	0	0	0	0	0	0	1	0	0	0
A	EF	4	69	9	1	BA1653	21412	6	8	2	0	1	0	0	0	0	0	0
A	EF	4	69	9	1	BA1653	21415	8	0	0	0	0	0	0	0	1	0	0
A	EF	4	69	9	1	BA1653	21422	8	7	0	0	0	0	0	0	0	0	0
A	EF	4	69	9	1	BA1653	21426	7	8	2	0	1	0	0	0	0	0	0
A	EF	4	69	9	1	BA1653	21427	8	0	0	0	0	0	0	0	1	0	0
A	EF	4	69	9	1	BA1653	21428	8	0	0	0	1	0	0	0	0	0	0
A	EF	4	69	9	1	BA1653	21436	8	7	0	0	0	0	0	0	0	0	0
A	EF	4	69	9	1	BA1653	21440	7	0	0	0	0	0	0	0	1	0	0
A	EF	4	69	9	1	BA1653	21464	7	8	2	0	1	0	0	0	0	0	0
A	EF	4	69	9	1	BA1653	21467	8	0	0	0	0	0	0	0	1	0	0
A	EF	4	69	9	1	BA1653	21474	8	7	0	0	0	0	0	0	0	0	0
A	EF	4	69	9	1	BA1653	21477	7	8	2	0	1	0	0	0	0	0	0
A	EF	4	69	9	1	BA1653	21487	8	7	0	0	0	0	0	0	0	0	0
A	EF	4	69	9	1	BA1653	21508	7	0	0	0	0	0	0	0	1	0	0
A	EF	4	69	9	1	BA1653	21633	7	8	2	0	1	0	0	0	0	0	0
A	EF	4	69	9	1	BA1653	21643	8	9	0	0	0	0	0	0	0	0	0
A	EF	4	69	9	1	BA1653	21653	9	10	0	0	0	0	0	0	1	0	0
A	EF	4	69	9	1	BA1653	21728	10	2	0	0	0	0	0	0	0	0	0
A	EF	4	69	9	1	BA1653	21729	2	6	0	0	0	0	0	0	0	0	0
A	EF	4	69	9	1	BA1653	21904	6	8	2	0	1	0	0	0	0	0	0
A	EF	4	69	9	1	BA1653	21906	8	0	0	0	0	0	0	0	1	0	0
A	EF	4	69	9	1	BA1653	21914	8	7	0	0	1	0	0	0	0	0	0
A	EF	4	69	9	1	BA1653	21934	7	0	0	0	0	0	0	0	1	0	0
A	EF	4	69	9	1	BA1653	21961	7	8	2	0	1	0	0	0	0	0	0
A	EF	4	69	9	1	BA1653	21971	8	7	0	0	0	0	0	0	0	0	0
A	EF	4	69	9	1	BA1653	22002	7	0	0	0	0	0	0	0	1	0	0
A	EF	4	69	9	1	BA1653	22041	7	8	2	0	1	0	0	0	0	0	0
A	EF	4	69	9	1	BA1653	22051	8	7	0	0	0	0	0	0	0	0	0
A	EF	4	69	9	1	BA1653	22068	7	0	0	0	0	0	0	0	1	0	0
A	EF	4	69	9	1	BA1653	22075	7	8	2	0	1	0	0	0	0	0	0
A	EF	4	69	9	1	BA1653	22085	8	7	0	0	0	0	0	0	0	0	0
A	EF	4	69	9	1	BA1653	22103	7	0	0	0	0	0	0	0	1	0	0
A	EF	4	69	9	1	BA1653	22143	7	8	2	0	1	0	0	0	0	0	0
A	EF	4	69	9	1	BA1653	22153	8	9	0	0	0	0	0	0	0	0	0
A	EF	4	69	9	1	BA1653	22163	9	10	0	0	0	0	0	0	0	0	0
A	EF	4	69	9	1	BA1653	22171	10	0	0	0	0	0	0	0	1	0	0
A	EF	4	69	9	1	BA1653	22238	10	2	0	0	0	0	0	0	0	0	0
A	EF	4	69	9	1	BA1653	22239	2	3	0	0	0	0	0	0	0	0	0
A	EF	4	69	9	1	BA1653	22466	3	0	0	0	1	0	0	0	0	0	0
A	EF	4	69	9	1	BA1653	22475	3	0	0	0	0	0	0	0	1	0	0
A	EF	4	69	9	1	BA1653	22518	3	0	0	0	1	0	0	0	0	0	0
A	EF	4	69	9	1	BA1653	22543	3	0	0	0	0	0	0	0	1	0	0
A	EF	4	69	9	1	BA1653	22632	3	0	0	0	1	0	0	0	0	0	0
A	EF	4	69	9	1	BA1653	22653	3	0	0	0	0	0	0	0	1	0	0
A	EF	4	69	9	1	BA1653	22717	3	0	0	0	1	0	0	0	0	0	0
A	EF	4	69	9	1	BA1653	22758	3	0	0	0	0	0	0	0	1	0	0
A	EF	4	69	9	1	BA1653	22819	3	0	0	0	1	0	0	0	0	0	0
A	EF	4	69	9	1	BA1653	22837	3	0	0	0	0	0	0	0	1	0	0
A	EF	4	69	9	1	BA1653	22879	3	0	0	0	1	0	0	0	0	0	0
A	EF	4	69	9	1	BA1653	22883	3	0	0	0	0	0	0	0	1	0	0
A	EF	4	69	9	1	BA1653	22885	3	0	0	0	1	0	0	0	0	0	0
A	EF	4	69	9	1	BA1653	22921	3	0	0	0	0	0	0	0	1	0	0
A	EF	4	69	9	1	BA1653	22987	3	0	0	0	1	0	0	0	0	0	0
A	EF	4	69	9	1	BA1653	23034	3	0	0	0	0	0	0	0	1	0	0
A	EF	4	69	9	1	BA1653	23068	3	0	0	0	1	0	0	0	0	0	0
A	EF	4	69	9	1	BA1653	23096	3	0	0	0	0	0	0	0	1	0	0
A	EF	4	69	9	1	BA1653	23163	3	0	0	0	1	0	0	0	0	0	0
A	EF	4	69	9	1	BA1653	23168	3	0	0	0	0	0	0	0	1	0	0
A	EF	4	69	9	1	BA1653	23171	3	0	0	0	1	0	0	0	0	0	0
A	EF	4	69	9	1	BA1653	23192	3	0	0	0	0	0	0	0	1	0	0
A	EF	4	69	9	1	BA1653	23199	3	0	0	0	1	0	0	0	0	0	0
A	EF	4	69	9	1	BA1653	23212	3	0	0	0	0	0	0	0	1	0	0
A	EF	4	69	9	1	BA1653	23734	3	5	1	1	0	0	0	0	0	0	0
A	EF	4	69	9	1	BA1653	23744	5	4	0	0	0	0	0	0	0	0	0
A	EF	4	69	9	1	BA1653	23756	4	0	0	0	0	0	0	1	0	0	0
A	EF	4	69	9	1	BA1653	23852	4	5	1	1	0	0	0	0	0	0	0
A	EF	4	69	9	1	BA1653	23862	5	4	0	0	0	0	0	0	0	0	0
A	EF	4	69	9	1	BA1653	23875	4	0	0	0	0	0	0	1	0	0	0
A	EF	4	69	9	1	BA1653	23976	4	5	1	1	0	0	0	0	0	0	0
A	EF	4	69	9	1	BA1653	23986	5	4	0	0	0	0	0	0	0	0	0
A	EF	4	69	9	1	BA1653	24013	4	0	0	0	0	0	0	1	0	0	0
A	EF	4	69	9	1	BA1653	24082	4	5	1	1	0	0	0	0	0	0	0
A	EF	4	69	9	1	BA1653	24092	5	4	0	0	0	0	0	0	0	0	0
A	EF	4	69	9	1	BA1653	24111	4	0	0	0	0	0	0	1	0	0	0
A	EF	4	69	9	1	BA1653	24246	4	5	1	1	0	0	0	0	0	0	0
A	EF	4	69	9	1	BA1653	24256	5	9	0	0	0	0	0	0	0	0	0
A	EF	4	69	9	1	BA1653	24266	9	10	0	0	0	0	0	0	0	0	0
A	EF	4	69	9	1	BA1653	24267	10	0	0	0	0	0	0	1	0	0	0
A	EF	4	69	9	1	BA1653	24341	10	2	0	0	0	0	0	0	0	0	0
A	EF	4	69	9	1	BA1653	24342	2	3	0	0	0	0	0	0	0	0	0
A	EF	4	69	9	1	BA1653	24498	3	5	1	1	0	0	0	0	0	0	0
A	EF	4	69	9	1	BA1653	24508	5	4	0	0	0	0	0	0	0	0	0
A	EF	4	69	9	1	BA1653	24524	4	0	0	0	0	0	0	1	0	0	0
A	EF	4	69	9	1	BA1653	24616	4	5	1	1	0	0	0	0	0	0	0
A	EF	4	69	9	1	BA1653	24626	5	4	0	0	0	0	0	0	0	0	0
A	EF	4	69	9	1	BA1653	24648	4	0	0	0	0	0	0	1	0	0	0
A	EF	4	69	9	1	BA1653	24686	4	5	1	1	0	0	0	0	0	0	0
A	EF	4	69	9	1	BA1653	24696	5	4	0	0	0	0	0	0	0	0	0
A	EF	4	69	9	1	BA1653	24711	4	0	0	0	0	0	0	1	0	0	0
A	EF	4	69	9	1	BA1653	24765	4	5	1	1	0	0	0	0	0	0	0
A	EF	4	69	9	1	BA1653	24775	5	4	0	0	0	0	0	0	0	0	0
A	EF	4	69	9	1	BA1653	24832	4	0	0	0	0	0	0	1	0	0	0
A	EF	4	69	9	1	BA1653	24905	4	5	1	1	0	0	0	0	0	0	0
A	EF	4	69	9	1	BA1653	24915	5	9	0	0	0	0	0	0	0	0	0
A	EF	4	69	9	1	BA1653	24925	9	10	0	0	0	0	0	0	0	0	0
A	EF	4	69	9	1	BA1653	24927	10	0	0	0	0	0	0	1	0	0	0
A	EF	4	69	9	1	BA1653	25000	10	2	0	0	0	0	0	0	0	0	0
A	EF	4	69	9	1	BA1653	25001	2	3	0	0	0	0	0	0	0	0	0
A	EF	4	69	9	1	BA1653	25104	3	5	1	1	0	0	0	0	0	0	0
A	EF	4	69	9	1	BA1653	25114	5	4	0	0	0	0	0	0	0	0	0
A	EF	4	69	9	1	BA1653	25118	4	0	0	0	0	0	0	1	0	0	0
A	EF	4	69	9	1	BA1653	25179	4	5	1	1	0	0	0	0	0	0	0
A	EF	4	69	9	1	BA1653	25189	5	4	0	0	0	0	0	0	0	0	0
A	EF	4	69	9	1	BA1653	25195	4	0	0	0	0	0	0	1	0	0	0
A	EF	4	69	9	1	BA1653	25264	4	5	1	1	0	0	0	0	0	0	0
A	EF	4	69	9	1	BA1653	25274	5	4	0	0	0	0	0	0	0	0	0
A	EF	4	69	9	1	BA1653	25283	4	0	0	0	0	0	0	1	0	0	0
A	EF	4	69	9	1	BA1653	25329	4	5	1	1	0	0	0	0	0	0	0
A	EF	4	69	9	1	BA1653	25339	5	4	0	0	0	0	0	0	0	0	0
A	EF	4	69	9	1	BA1653	25388	4	0	0	0	0	0	0	1	0	0	0
A	EF	4	69	9	1	BA1653	25441	4	5	1	1	0	0	0	0	0	0	0
A	EF	4	69	9	1	BA1653	25451	5	9	0	0	0	0	0	0	0	0	0
A	EF	4	69	9	1	BA1653	25461	9	10	0	0	0	0	0	0	0	0	0
A	EF	4	69	9	1	BA1653	25465	10	0	0	0	0	0	0	1	0	0	0
A	EF	4	69	9	1	BA1653	25536	10	2	0	0	0	0	0	0	0	0	0
A	EF	4	69	9	1	BA1653	25537	2	6	0	0	0	0	0	0	0	0	0
A	EF	4	69	9	1	BA1653	25899	6	8	2	0	1	0	0	0	0	0	0
A	EF	4	69	9	1	BA1653	25906	8	0	0	0	1	0	0	0	1	0	0
A	EF	4	69	9	1	BA1653	25909	8	7	0	0	0	0	0	0	1	0	0
A	EF	4	69	9	1	BA1653	25912	7	8	2	0	1	0	0	0	0	0	0
A	EF	4	69	9	1	BA1653	25915	8	0	0	0	0	0	0	0	1	0	0
A	EF	4	69	9	1	BA1653	25921	8	0	0	0	1	0	0	0	0	0	0
A	EF	4	69	9	1	BA1653	25922	8	7	0	0	0	0	0	0	0	0	0
A	EF	4	69	9	1	BA1653	25924	7	0	0	0	0	0	0	0	1	0	0
A	EF	4	69	9	1	BA1653	25950	7	8	2	0	1	0	0	0	0	0	0
A	EF	4	69	9	1	BA1653	25960	8	7	0	0	0	0	0	0	0	0	0
A	EF	4	69	9	1	BA1653	25977	7	0	0	0	0	0	0	0	1	0	0
A	EF	4	69	9	1	BA1653	25980	7	8	2	0	1	0	0	0	0	0	0
A	EF	4	69	9	1	BA1653	25982	8	0	0	0	0	0	0	0	1	0	0
A	EF	4	69	9	1	BA1653	25985	8	0	0	0	1	0	0	0	0	0	0
A	EF	4	69	9	1	BA1653	25990	8	7	0	0	0	0	0	0	0	0	0
A	EF	4	69	9	1	BA1653	26003	7	0	0	0	0	0	0	0	1	0	0
A	EF	4	69	9	1	BA1653	26010	7	8	2	0	1	0	0	0	0	0	0
A	EF	4	69	9	1	BA1653	26012	8	0	0	0	0	0	0	0	1	0	0
A	EF	4	69	9	1	BA1653	26013	8	0	0	0	1	0	0	0	0	0	0
A	EF	4	69	9	1	BA1653	26019	8	0	0	0	0	0	0	0	1	0	0
A	EF	4	69	9	1	BA1653	26020	8	9	0	0	0	0	0	0	0	0	0
A	EF	4	69	9	1	BA1653	26030	9	10	0	0	0	0	0	0	0	0	0
A	EF	4	69	9	1	BA1653	26105	10	2	0	0	0	0	0	0	0	0	0
A	EF	4	69	9	1	BA1653	26106	2	6	0	0	0	0	0	0	0	0	0
A	EF	4	69	9	1	BA1653	26281	6	8	2	0	1	0	0	0	0	0	0
A	EF	4	69	9	1	BA1653	26291	8	7	0	0	0	0	0	0	0	0	0
A	EF	4	69	9	1	BA1653	26300	7	0	0	0	0	0	0	0	1	0	0
A	EF	4	69	9	1	BA1653	26310	7	8	2	0	1	0	0	0	0	0	0
A	EF	4	69	9	1	BA1653	26313	8	0	0	0	0	0	0	0	1	0	0
A	EF	4	69	9	1	BA1653	26320	8	7	0	0	0	0	0	0	0	0	0
A	EF	4	69	9	1	BA1653	26348	7	8	2	0	1	0	0	0	0	0	0
A	EF	4	69	9	1	BA1653	26358	8	7	0	0	0	0	0	0	0	0	0
A	EF	4	69	9	1	BA1653	26362	7	0	0	0	0	0	0	0	1	0	0
A	EF	4	69	9	1	BA1653	26403	7	8	2	0	1	0	0	0	0	0	0
A	EF	4	69	9	1	BA1653	26413	8	7	0	0	0	0	0	0	0	0	0
A	EF	4	69	9	1	BA1653	26433	7	0	0	0	0	0	0	0	1	0	0
A	EF	4	69	9	1	BA1653	26463	7	8	2	0	1	0	0	0	0	0	0
A	EF	4	69	9	1	BA1653	26468	8	0	0	0	0	0	0	0	1	0	0
A	EF	4	69	9	1	BA1653	26473	8	9	0	0	0	0	0	0	0	0	0
A	EF	4	69	9	1	BA1653	26483	9	10	0	0	0	0	0	0	0	0	0
A	EF	4	69	9	1	BA1653	26487	10	0	0	0	1	0	0	0	0	0	0
A	EF	4	69	9	1	BA1653	26489	10	0	0	0	0	0	0	0	1	0	0
A	EF	4	69	9	1	BA1653	26558	10	2	0	0	0	0	0	0	0	0	0
A	EF	4	69	9	1	BA1653	26559	2	6	0	0	0	0	0	0	0	0	0
A	EF	4	69	9	1	BA1653	26809	6	8	2	0	1	0	0	0	0	0	0
A	EF	4	69	9	1	BA1653	26814	8	0	0	0	0	0	0	0	1	0	0
A	EF	4	69	9	1	BA1653	26819	8	7	0	0	0	0	0	0	0	0	0
A	EF	4	69	9	1	BA1653	26835	7	8	2	0	1	0	0	0	0	0	0
A	EF	4	69	9	1	BA1653	26841	8	0	0	0	1	0	0	0	1	0	0
A	EF	4	69	9	1	BA1653	26845	8	7	0	0	0	0	0	0	0	0	0
A	EF	4	69	9	1	BA1653	26860	7	0	0	0	0	0	0	0	1	0	0
A	EF	4	69	9	1	BA1653	26868	7	8	2	0	1	0	0	0	0	0	0
A	EF	4	69	9	1	BA1653	26869	8	0	0	0	0	0	0	0	1	0	0
A	EF	4	69	9	1	BA1653	26878	8	7	0	0	0	0	0	0	0	0	0
A	EF	4	69	9	1	BA1653	26920	7	8	2	0	1	0	0	0	0	0	0
A	EF	4	69	9	1	BA1653	26930	8	7	0	0	0	0	0	0	0	0	0
A	EF	4	69	9	1	BA1653	26941	7	0	0	0	0	0	0	0	1	0	0
A	EF	4	69	9	1	BA1653	26948	7	8	2	0	1	0	0	0	0	0	0
A	EF	4	69	9	1	BA1653	26954	8	0	0	0	0	0	0	0	1	0	0
A	EF	4	69	9	1	BA1653	26958	8	9	0	0	0	0	0	0	0	0	0
A	EF	4	69	9	1	BA1653	26963	9	0	0	0	1	0	0	0	0	0	0
A	EF	4	69	9	1	BA1653	26968	9	10	0	0	0	0	0	0	0	0	0
A	EF	4	69	9	1	BA1653	26974	10	0	0	0	0	0	0	0	1	0	0
A	EF	4	69	9	1	BA1653	27043	10	2	0	0	0	0	0	0	0	0	0
A	EF	4	69	9	1	BA1653	27044	2	3	0	0	0	0	0	0	0	0	0
A	EF	4	69	9	1	BA1653	27182	3	0	0	0	1	0	0	0	0	0	0
A	EF	4	69	9	1	BA1653	27185	3	0	0	0	0	0	0	0	1	0	0
A	EF	4	69	9	1	BA1653	27214	3	0	0	0	1	0	0	0	0	0	0
A	EF	4	69	9	1	BA1653	27223	3	0	0	0	0	0	0	0	1	0	0
A	EF	4	69	9	1	BA1653	27264	3	0	0	0	1	0	0	0	0	0	0
A	EF	4	69	9	1	BA1653	27285	3	0	0	0	0	0	0	0	1	0	0
A	EF	4	69	9	1	BA1653	27376	3	0	0	0	1	0	0	0	0	0	0
A	EF	4	69	9	1	BA1653	27416	3	0	0	0	0	0	0	0	1	0	0
A	EF	4	69	9	1	BA1653	27421	3	0	0	0	1	0	0	0	0	0	0
A	EF	4	69	9	1	BA1653	27425	3	0	0	0	0	0	0	0	1	0	0
A	EF	4	69	9	1	BA1653	27570	3	0	0	0	1	0	0	0	0	0	0
A	EF	4	69	9	1	BA1653	27572	3	0	0	0	0	0	0	0	1	0	0
A	EF	4	69	9	1	BA1653	27574	3	0	0	0	1	0	0	0	0	0	0
A	EF	4	69	9	1	BA1653	27577	3	0	0	0	0	0	0	0	1	0	0
A	EF	4	69	9	1	BA1653	27581	3	0	0	0	1	0	0	0	0	0	0
A	EF	4	69	9	1	BA1653	27600	3	0	0	0	0	0	0	0	1	0	0
A	EF	4	69	9	1	BA1653	27733	3	5	1	1	0	0	0	0	0	0	0
A	EF	4	69	9	1	BA1653	27743	5	4	0	0	0	0	0	0	0	0	0
A	EF	4	69	9	1	BA1653	27754	4	0	0	0	0	0	0	1	0	0	0
A	EF	4	69	9	1	BA1653	27806	4	5	1	1	0	0	0	0	0	0	0
A	EF	4	69	9	1	BA1653	27816	5	4	0	0	0	0	0	0	0	0	0
A	EF	4	69	9	1	BA1653	27840	4	0	0	0	0	0	0	1	0	0	0
A	EF	4	69	9	1	BA1653	27889	4	5	1	1	0	0	0	0	0	0	0
A	EF	4	69	9	1	BA1653	27899	5	4	0	0	0	0	0	0	0	0	0
A	EF	4	69	9	1	BA1653	27937	4	0	0	0	0	0	0	1	0	0	0
A	EF	4	69	9	1	BA1653	27985	4	5	1	1	0	0	0	0	0	0	0
A	EF	4	69	9	1	BA1653	27995	5	4	0	0	0	0	0	0	0	0	0
A	EF	4	69	9	1	BA1653	28015	4	0	0	0	0	0	0	1	0	0	0
A	EF	4	69	9	1	BA1653	28068	4	5	1	1	0	0	0	0	0	0	0
A	EF	4	69	9	1	BA1653	28078	5	9	0	0	0	0	0	0	0	0	0
A	EF	4	69	9	1	BA1653	28088	9	10	0	0	0	0	0	0	0	0	0
A	EF	4	69	9	1	BA1653	28091	10	0	0	0	0	0	0	1	0	0	0
A	EF	4	69	9	1	BA1653	28163	10	2	0	0	0	0	0	0	0	0	0
A	EF	4	69	9	1	BA1653	28164	2	3	0	0	0	0	0	0	0	0	0
A	EF	4	69	9	1	BA1653	28260	3	5	1	1	0	0	0	0	0	0	0
A	EF	4	69	9	1	BA1653	28270	5	4	0	0	0	0	0	0	0	0	0
A	EF	4	69	9	1	BA1653	28277	4	0	0	0	0	0	0	1	0	0	0
A	EF	4	69	9	1	BA1653	28356	4	5	1	1	0	0	0	0	0	0	0
A	EF	4	69	9	1	BA1653	28366	5	4	0	0	0	0	0	0	0	0	0
A	EF	4	69	9	1	BA1653	28408	4	0	0	0	0	0	0	1	0	0	0
A	EF	4	69	9	1	BA1653	28458	4	5	1	1	0	0	0	0	0	0	0
A	EF	4	69	9	1	BA1653	28468	5	4	0	0	0	0	0	0	0	0	0
A	EF	4	69	9	1	BA1653	28500	4	0	0	0	0	0	0	1	0	0	0
A	EF	4	69	9	1	BA1653	28518	4	5	1	1	0	0	0	0	0	0	0
A	EF	4	69	9	1	BA1653	28528	5	4	0	0	0	0	0	0	0	0	0
A	EF	4	69	9	1	BA1653	28581	4	0	0	0	0	0	0	1	0	0	0
A	EF	4	69	9	1	BA1653	28655	4	5	1	1	0	0	0	0	0	0	0
A	EF	4	69	9	1	BA1653	28665	5	9	0	0	0	0	0	0	0	0	0
A	EF	4	69	9	1	BA1653	28675	9	10	0	0	0	0	0	0	0	0	0
A	EF	4	69	9	1	BA1653	28676	10	0	0	0	0	0	0	1	0	0	0
A	EF	4	69	9	1	BA1653	28750	10	2	0	0	0	0	0	0	0	0	0
A	EF	4	69	9	1	BA1653	28751	2	3	0	0	0	0	0	0	0	0	0
A	EF	4	69	9	1	BA1653	28830	3	5	1	1	0	0	0	0	0	0	0
A	EF	4	69	9	1	BA1653	28840	5	4	0	0	0	0	0	0	0	0	0
A	EF	4	69	9	1	BA1653	28851	4	0	0	0	0	0	0	1	0	0	0
A	EF	4	69	9	1	BA1653	28915	4	5	1	1	0	0	0	0	0	0	0
A	EF	4	69	9	1	BA1653	28925	5	4	0	0	0	0	0	0	0	0	0
A	EF	4	69	9	1	BA1653	28943	4	0	0	0	0	0	0	1	0	0	0
A	EF	4	69	9	1	BA1653	28996	4	5	1	1	0	0	0	0	0	0	0
A	EF	4	69	9	1	BA1653	29006	5	4	0	0	0	0	0	0	0	0	0
A	EF	4	69	9	1	BA1653	29039	4	0	0	0	0	0	0	1	0	0	0
A	EF	4	69	9	1	BA1653	29125	4	5	1	1	0	0	0	0	0	0	0
A	EF	4	69	9	1	BA1653	29135	5	4	0	0	0	0	0	0	0	0	0
A	EF	4	69	9	1	BA1653	29176	4	0	0	0	0	0	0	1	0	0	0
A	EF	4	69	9	1	BA1653	29233	4	5	1	1	0	0	0	0	0	0	0
A	EF	4	69	9	1	BA1653	29243	5	9	0	0	0	0	0	0	0	0	0
A	EF	4	69	9	1	BA1653	29250	9	0	0	0	0	0	0	1	0	0	0
A	EF	4	69	9	1	BA1653	29253	9	10	0	0	0	0	0	0	0	0	0
A	EF	4	69	9	1	BA1653	29328	10	2	0	0	0	0	0	0	0	0	0
A	EF	4	69	9	1	BA1653	29329	2	6	0	0	0	0	0	0	0	0	0
A	EF	4	69	9	1	BA1653	29551	6	0	0	1	0	0	0	0	0	0	0
A	EF	4	69	9	1	BA1653	29591	6	0	0	0	0	0	0	1	0	0	0
A	EF	4	69	9	1	BA1653	29653	6	8	2	0	1	0	0	0	0	0	0
A	EF	4	69	9	1	BA1653	29663	8	7	0	0	0	0	0	0	0	0	0
A	EF	4	69	9	1	BA1653	29682	7	0	0	0	0	0	0	0	1	0	0
A	EF	4	69	9	1	BA1653	29699	7	8	2	0	1	0	0	0	0	0	0
A	EF	4	69	9	1	BA1653	29700	8	0	0	0	0	0	0	0	1	0	0
A	EF	4	69	9	1	BA1653	29709	8	7	0	0	0	0	0	0	0	0	0
A	EF	4	69	9	1	BA1653	29714	7	8	2	0	1	0	0	0	0	0	0
A	EF	4	69	9	1	BA1653	29720	8	0	0	0	0	0	0	0	1	0	0
A	EF	4	69	9	1	BA1653	29724	8	7	0	0	0	0	0	0	0	0	0
A	EF	4	69	9	1	BA1653	29728	7	8	2	0	1	0	0	0	0	0	0
A	EF	4	69	9	1	BA1653	29738	8	7	0	0	0	0	0	0	0	0	0
A	EF	4	69	9	1	BA1653	29768	7	0	0	0	0	0	0	0	1	0	0
A	EF	4	69	9	1	BA1653	29825	7	8	2	0	1	0	0	0	0	0	0
A	EF	4	69	9	1	BA1653	29835	8	9	0	0	0	0	0	0	0	0	0
A	EF	4	69	9	1	BA1653	29845	9	10	0	0	0	0	0	0	0	0	0
A	EF	4	69	9	1	BA1653	29851	10	0	0	0	0	0	0	0	1	0	0
A	EF	4	69	9	1	BA1653	29920	10	2	0	0	0	0	0	0	0	0	0
A	EF	4	69	9	1	BA1653	29921	2	3	0	0	0	0	0	0	0	0	0
A	EF	4	69	9	1	BA1653	30147	3	0	0	0	1	0	0	0	0	0	0
A	EF	4	69	9	1	BA1653	30150	3	0	0	0	0	0	0	0	1	0	0
A	EF	4	69	9	1	BA1653	30153	3	0	0	0	1	0	0	0	0	0	0
A	EF	4	69	9	1	BA1653	30155	3	0	0	0	0	0	0	0	1	0	0
A	EF	4	69	9	1	BA1653	30161	3	0	0	0	1	0	0	0	0	0	0
A	EF	4	69	9	1	BA1653	30175	3	0	0	0	0	0	0	0	1	0	0
A	EF	4	69	9	1	BA1653	30199	3	0	0	0	1	0	0	0	0	0	0
A	EF	4	69	9	1	BA1653	30239	3	0	0	0	0	0	0	0	1	0	0
A	EF	4	69	9	1	BA1653	30299	3	0	0	0	1	0	0	0	0	0	0
A	EF	4	69	9	1	BA1653	30346	3	0	0	0	0	0	0	0	1	0	0
A	EF	4	69	9	1	BA1653	30373	3	0	0	0	1	0	0	0	0	0	0
A	EF	4	69	9	1	BA1653	30377	3	0	0	0	0	0	0	0	1	0	0
A	EF	4	69	9	1	BA1653	30404	3	0	0	0	1	0	0	0	0	0	0
A	EF	4	69	9	1	BA1653	30441	3	0	0	0	0	0	0	0	1	0	0
A	EF	4	69	9	1	BA1653	30560	3	5	1	1	0	0	0	0	0	0	0
A	EF	4	69	9	1	BA1653	30570	5	4	0	0	0	0	0	0	0	0	0
A	EF	4	69	9	1	BA1653	30571	4	0	0	0	0	0	0	1	0	0	0
A	EF	4	69	9	1	BA1653	30642	4	5	1	1	0	0	0	0	0	0	0
A	EF	4	69	9	1	BA1653	30652	5	4	0	0	0	0	0	0	0	0	0
A	EF	4	69	9	1	BA1653	30671	4	0	0	0	0	0	0	1	0	0	0
A	EF	4	69	9	1	BA1653	30727	4	5	1	1	0	0	0	0	0	0	0
A	EF	4	69	9	1	BA1653	30737	5	4	0	0	0	0	0	0	0	0	0
A	EF	4	69	9	1	BA1653	30753	4	0	0	0	0	0	0	1	0	0	0
A	EF	4	69	9	1	BA1653	30803	4	5	1	1	0	0	0	0	0	0	0
A	EF	4	69	9	1	BA1653	30813	5	4	0	0	0	0	0	0	0	0	0
A	EF	4	69	9	1	BA1653	30832	4	0	0	0	0	0	0	1	0	0	0
A	EF	4	69	9	1	BA1653	30903	4	5	1	1	0	0	0	0	0	0	0
A	EF	4	69	9	1	BA1653	30913	5	9	0	0	0	0	0	0	0	0	0
A	EF	4	69	9	1	BA1653	30923	9	10	0	0	0	0	0	0	0	0	0
A	EF	4	69	9	1	BA1653	30928	10	0	0	0	0	0	0	1	0	0	0
A	EF	4	69	9	1	BA1653	30998	10	2	0	0	0	0	0	0	0	0	0
A	EF	4	69	9	1	BA1653	30999	2	6	0	0	0	0	0	0	0	0	0
A	EF	4	69	9	1	BA1653	31125	6	0	0	1	0	0	0	0	0	0	0
A	EF	4	69	9	1	BA1653	31175	6	0	0	0	0	0	0	1	0	0	0
A	EF	4	69	9	1	BA1653	31246	6	8	2	0	1	0	0	0	0	0	0
A	EF	4	69	9	1	BA1653	31256	8	7	0	0	0	0	0	0	0	0	0
A	EF	4	69	9	1	BA1653	31263	7	0	0	0	0	0	0	0	1	0	0
A	EF	4	69	9	1	BA1653	31275	7	8	2	0	1	0	0	0	0	0	0
A	EF	4	69	9	1	BA1653	31281	8	0	0	0	0	0	0	0	1	0	0
A	EF	4	69	9	1	BA1653	31285	8	7	0	0	0	0	0	0	0	0	0
A	EF	4	69	9	1	BA1653	31289	7	8	2	0	1	0	0	0	0	0	0
A	EF	4	69	9	1	BA1653	31292	8	0	0	0	0	0	0	0	1	0	0
A	EF	4	69	9	1	BA1653	31299	8	7	0	0	0	0	0	0	0	0	0
A	EF	4	69	9	1	BA1653	31308	7	8	2	0	1	0	0	0	0	0	0
A	EF	4	69	9	1	BA1653	31311	8	0	0	0	0	0	0	0	1	0	0
A	EF	4	69	9	1	BA1653	31318	8	7	0	0	0	0	0	0	0	0	0
A	EF	4	69	9	1	BA1653	31335	7	8	2	0	1	0	0	0	0	0	0
A	EF	4	69	9	1	BA1653	31340	8	0	0	0	0	0	0	0	1	0	0
A	EF	4	69	9	1	BA1653	31342	8	0	0	0	1	0	0	0	0	0	0
A	EF	4	69	9	1	BA1653	31344	8	0	0	0	0	0	0	0	1	0	0
A	EF	4	69	9	1	BA1653	31345	8	9	0	0	0	0	0	0	0	0	0
A	EF	4	69	9	1	BA1653	31353	9	0	0	0	1	0	0	0	0	0	0
A	EF	4	69	9	1	BA1653	31355	9	10	0	0	0	0	0	0	0	0	0
A	EF	4	69	9	1	BA1653	31358	10	0	0	0	0	0	0	0	1	0	0
A	EF	4	69	9	1	BA1653	31430	10	2	0	0	0	0	0	0	0	0	0
A	EF	4	69	9	1	BA1653	31431	2	3	0	0	0	0	0	0	0	0	0
A	EF	4	69	9	1	BA1653	31701	3	0	0	0	1	0	0	0	0	0	0
A	EF	4	69	9	1	BA1653	31723	3	0	0	0	0	0	0	0	1	0	0
A	EF	4	69	9	1	BA1653	31782	3	0	0	0	1	0	0	0	0	0	0
A	EF	4	69	9	1	BA1653	31803	3	0	0	0	0	0	0	0	1	0	0
A	EF	4	69	9	1	BA1653	31806	3	0	0	0	1	0	0	0	0	0	0
A	EF	4	69	9	1	BA1653	31823	3	0	0	0	0	0	0	0	1	0	0
A	EF	4	69	9	1	BA1653	31961	3	5	1	1	0	0	0	0	0	0	0
A	EF	4	69	9	1	BA1653	31971	5	4	0	0	0	0	0	0	0	0	0
A	EF	4	69	9	1	BA1653	31976	4	0	0	0	0	0	0	1	0	0	0
A	EF	4	69	9	1	BA1653	32037	4	5	1	1	0	0	0	0	0	0	0
A	EF	4	69	9	1	BA1653	32047	5	4	0	0	0	0	0	0	0	0	0
A	EF	4	69	9	1	BA1653	32083	4	0	0	0	0	0	0	1	0	0	0
A	EF	4	69	9	1	BA1653	32108	4	5	1	1	0	0	0	0	0	0	0
A	EF	4	69	9	1	BA1653	32116	5	0	0	0	0	0	0	1	0	0	0
A	EF	4	69	9	1	BA1653	32118	5	4	0	0	0	0	0	0	0	0	0
A	EF	4	69	9	1	BA1653	32133	4	5	1	1	0	0	0	0	0	0	0
A	EF	4	69	9	1	BA1653	32143	5	4	0	0	0	0	0	0	0	0	0
A	EF	4	69	9	1	BA1653	32186	4	0	0	0	0	0	0	1	0	0	0
A	EF	4	69	9	1	BA1653	32236	4	5	1	1	0	0	0	0	0	0	0
A	EF	4	69	9	1	BA1653	32246	5	9	0	0	0	0	0	0	0	0	0
A	EF	4	69	9	1	BA1653	32256	9	10	0	0	0	0	0	0	0	0	0
A	EF	4	69	9	1	BA1653	32258	10	0	0	0	0	0	0	1	0	0	0
A	EF	4	69	9	1	BA1653	32331	10	2	0	0	0	0	0	0	0	0	0
A	EF	4	69	9	1	BA1653	32332	2	3	0	0	0	0	0	0	0	0	0
A	EF	4	69	9	1	BA1653	32419	3	5	1	1	0	0	0	0	0	0	0
A	EF	4	69	9	1	BA1653	32429	5	4	0	0	0	0	0	0	0	0	0
A	EF	4	69	9	1	BA1653	32436	4	0	0	0	0	0	0	1	0	0	0
A	EF	4	69	9	1	BA1653	32516	4	5	1	1	0	0	0	0	0	0	0
A	EF	4	69	9	1	BA1653	32526	5	4	0	0	0	0	0	0	0	0	0
A	EF	4	69	9	1	BA1653	32667	4	0	0	0	0	0	0	1	0	0	0
A	EF	4	69	9	1	BA1653	32671	4	5	1	1	0	0	0	0	0	0	0
A	EF	4	69	9	1	BA1653	32681	5	4	0	0	0	0	0	0	0	0	0
A	EF	4	69	9	1	BA1653	32919	4	0	0	0	0	0	0	1	0	0	0
A	EF	4	69	9	1	BA1653	32955	4	5	1	1	0	0	0	0	0	0	0
A	EF	4	69	9	1	BA1653	32965	5	4	0	0	0	0	0	0	0	0	0
A	EF	4	69	9	1	BA1653	33000	4	0	0	0	0	0	0	1	0	0	0
A	EF	4	69	9	1	BA1653	33061	4	5	1	1	0	0	0	0	0	0	0
A	EF	4	69	9	1	BA1653	33071	5	9	0	0	0	0	0	0	0	0	0
A	EF	4	69	9	1	BA1653	33081	9	-1	0	0	0	0	0	0	0	0	0
