Project	UserID	Protocol	Session	Station	Run	Subject	Time	Current State	Transition State	Transition Event	A1 - LEFT	A2 - RIGH	A3 - 	A4 - 	A[1] LEFT	A[2] RIGH	A[3] 	A[4] 
A	BL	1	80	1	1	BA1650	0	0	1	0	0	0	0	0	0	0	0	0
A	BL	1	80	1	1	BA1650	50	1	2	0	0	0	0	0	0	0	0	0
A	BL	1	80	1	1	BA1650	51	2	3	0	0	0	0	0	0	0	0	0
A	BL	1	80	1	1	BA1650	268	3	5	1	1	0	0	0	0	0	0	0
A	BL	1	80	1	1	BA1650	278	5	4	0	0	0	0	0	0	0	0	0
A	BL	1	80	1	1	BA1650	283	4	0	0	0	0	0	0	1	0	0	0
A	BL	1	80	1	1	BA1650	367	4	5	1	1	0	0	0	0	0	0	0
A	BL	1	80	1	1	BA1650	369	5	0	0	0	0	0	0	1	0	0	0
A	BL	1	80	1	1	BA1650	377	5	4	0	0	0	0	0	0	0	0	0
A	BL	1	80	1	1	BA1650	561	4	5	1	1	0	0	0	0	0	0	0
A	BL	1	80	1	1	BA1650	571	5	4	0	0	0	0	0	1	0	0	0
A	BL	1	80	1	1	BA1650	580	4	5	1	1	0	0	0	0	0	0	0
A	BL	1	80	1	1	BA1650	584	5	0	0	0	0	0	0	1	0	0	0
A	BL	1	80	1	1	BA1650	590	5	4	0	0	0	0	0	0	0	0	0
A	BL	1	80	1	1	BA1650	597	4	5	1	1	0	0	0	0	0	0	0
A	BL	1	80	1	1	BA1650	602	5	0	0	0	0	0	0	1	0	0	0
A	BL	1	80	1	1	BA1650	607	5	9	0	0	0	0	0	0	0	0	0
A	BL	1	80	1	1	BA1650	617	9	10	0	0	0	0	0	0	0	0	0
A	BL	1	80	1	1	BA1650	692	10	2	0	0	0	0	0	0	0	0	0
A	BL	1	80	1	1	BA1650	693	2	6	0	0	0	0	0	0	0	0	0
A	BL	1	80	1	1	BA1650	737	6	8	2	0	1	0	0	0	0	0	0
A	BL	1	80	1	1	BA1650	747	8	7	0	0	0	0	0	0	0	0	0
A	BL	1	80	1	1	BA1650	762	7	0	0	0	0	0	0	0	1	0	0
A	BL	1	80	1	1	BA1650	768	7	8	2	0	1	0	0	0	0	0	0
A	BL	1	80	1	1	BA1650	778	8	7	0	0	0	0	0	0	0	0	0
A	BL	1	80	1	1	BA1650	779	7	0	0	0	0	0	0	0	1	0	0
A	BL	1	80	1	1	BA1650	797	7	8	2	0	1	0	0	0	0	0	0
A	BL	1	80	1	1	BA1650	807	8	7	0	0	0	0	0	0	0	0	0
A	BL	1	80	1	1	BA1650	810	7	0	0	0	0	0	0	0	1	0	0
A	BL	1	80	1	1	BA1650	830	7	8	2	0	1	0	0	0	0	0	0
A	BL	1	80	1	1	BA1650	840	8	7	0	0	0	0	0	0	0	0	0
A	BL	1	80	1	1	BA1650	852	7	0	0	0	0	0	0	0	1	0	0
A	BL	1	80	1	1	BA1650	857	7	8	2	0	1	0	0	0	0	0	0
A	BL	1	80	1	1	BA1650	863	8	0	0	0	0	0	0	0	1	0	0
A	BL	1	80	1	1	BA1650	864	8	0	0	0	1	0	0	0	0	0	0
A	BL	1	80	1	1	BA1650	867	8	7	0	0	0	0	0	0	0	0	0
A	BL	1	80	1	1	BA1650	885	7	0	0	0	0	0	0	0	1	0	0
A	BL	1	80	1	1	BA1650	889	7	8	2	0	1	0	0	0	0	0	0
A	BL	1	80	1	1	BA1650	895	8	0	0	0	0	0	0	0	1	0	0
A	BL	1	80	1	1	BA1650	899	8	7	0	0	0	0	0	0	0	0	0
A	BL	1	80	1	1	BA1650	900	7	8	2	0	1	0	0	0	0	0	0
A	BL	1	80	1	1	BA1650	907	8	0	0	0	0	0	0	0	1	0	0
A	BL	1	80	1	1	BA1650	908	8	0	0	0	1	0	0	0	0	0	0
A	BL	1	80	1	1	BA1650	909	8	0	0	0	0	0	0	0	1	0	0
A	BL	1	80	1	1	BA1650	910	8	7	0	0	0	0	0	0	0	0	0
A	BL	1	80	1	1	BA1650	914	7	8	2	0	1	0	0	0	0	0	0
A	BL	1	80	1	1	BA1650	924	8	7	0	0	0	0	0	0	0	0	0
A	BL	1	80	1	1	BA1650	927	7	0	0	0	0	0	0	0	1	0	0
A	BL	1	80	1	1	BA1650	931	7	8	2	0	1	0	0	0	0	0	0
A	BL	1	80	1	1	BA1650	941	8	7	0	0	0	0	0	0	0	0	0
A	BL	1	80	1	1	BA1650	954	7	0	0	0	0	0	0	0	1	0	0
A	BL	1	80	1	1	BA1650	959	7	8	2	0	1	0	0	0	0	0	0
A	BL	1	80	1	1	BA1650	969	8	9	0	0	0	0	0	0	0	0	0
A	BL	1	80	1	1	BA1650	977	9	0	0	0	0	0	0	0	1	0	0
A	BL	1	80	1	1	BA1650	979	9	10	0	0	0	0	0	0	0	0	0
A	BL	1	80	1	1	BA1650	1054	10	2	0	0	0	0	0	0	0	0	0
A	BL	1	80	1	1	BA1650	1055	2	6	0	0	0	0	0	0	0	0	0
A	BL	1	80	1	1	BA1650	1136	6	8	2	0	1	0	0	0	0	0	0
A	BL	1	80	1	1	BA1650	1140	8	0	0	0	0	0	0	0	1	0	0
A	BL	1	80	1	1	BA1650	1144	8	0	0	0	1	0	0	0	0	0	0
A	BL	1	80	1	1	BA1650	1145	8	0	0	0	0	0	0	0	1	0	0
A	BL	1	80	1	1	BA1650	1146	8	7	0	0	1	0	0	0	0	0	0
A	BL	1	80	1	1	BA1650	1147	7	0	0	0	0	0	0	0	1	0	0
A	BL	1	80	1	1	BA1650	1201	7	8	2	0	1	0	0	0	0	0	0
A	BL	1	80	1	1	BA1650	1207	8	0	0	0	0	0	0	0	1	0	0
A	BL	1	80	1	1	BA1650	1210	8	0	0	0	1	0	0	0	0	0	0
A	BL	1	80	1	1	BA1650	1211	8	7	0	0	0	0	0	0	0	0	0
A	BL	1	80	1	1	BA1650	1220	7	0	0	0	0	0	0	0	1	0	0
A	BL	1	80	1	1	BA1650	1223	7	8	2	0	1	0	0	0	0	0	0
A	BL	1	80	1	1	BA1650	1233	8	7	0	0	0	0	0	0	1	0	0
A	BL	1	80	1	1	BA1650	1253	7	8	2	0	1	0	0	0	0	0	0
A	BL	1	80	1	1	BA1650	1256	8	0	0	0	0	0	0	0	1	0	0
A	BL	1	80	1	1	BA1650	1259	8	0	0	0	1	0	0	0	0	0	0
A	BL	1	80	1	1	BA1650	1263	8	7	0	0	0	0	0	0	0	0	0
A	BL	1	80	1	1	BA1650	1279	7	0	0	0	0	0	0	0	1	0	0
A	BL	1	80	1	1	BA1650	1283	7	8	2	0	1	0	0	0	0	0	0
A	BL	1	80	1	1	BA1650	1293	8	7	0	0	0	0	0	0	0	0	0
A	BL	1	80	1	1	BA1650	1294	7	0	0	0	0	0	0	0	1	0	0
A	BL	1	80	1	1	BA1650	1359	7	8	2	0	1	0	0	0	0	0	0
A	BL	1	80	1	1	BA1650	1369	8	7	0	0	0	0	0	0	0	0	0
A	BL	1	80	1	1	BA1650	1391	7	0	0	0	0	0	0	0	1	0	0
A	BL	1	80	1	1	BA1650	1395	7	8	2	0	1	0	0	0	0	0	0
A	BL	1	80	1	1	BA1650	1403	8	0	0	0	0	0	0	0	1	0	0
A	BL	1	80	1	1	BA1650	1405	8	7	0	0	0	0	0	0	0	0	0
A	BL	1	80	1	1	BA1650	1407	7	8	2	0	1	0	0	0	0	0	0
A	BL	1	80	1	1	BA1650	1417	8	7	0	0	0	0	0	0	0	0	0
A	BL	1	80	1	1	BA1650	1422	7	0	0	0	0	0	0	0	1	0	0
A	BL	1	80	1	1	BA1650	1449	7	8	2	0	1	0	0	0	0	0	0
A	BL	1	80	1	1	BA1650	1459	8	7	0	0	0	0	0	0	0	0	0
A	BL	1	80	1	1	BA1650	1460	7	0	0	0	0	0	0	0	1	0	0
A	BL	1	80	1	1	BA1650	1463	7	8	2	0	1	0	0	0	0	0	0
A	BL	1	80	1	1	BA1650	1473	8	9	0	0	0	0	0	0	1	0	0
A	BL	1	80	1	1	BA1650	1477	9	0	0	0	1	0	0	0	0	0	0
A	BL	1	80	1	1	BA1650	1483	9	10	0	0	0	0	0	0	0	0	0
A	BL	1	80	1	1	BA1650	1491	10	0	0	0	0	0	0	0	1	0	0
A	BL	1	80	1	1	BA1650	1558	10	2	0	0	0	0	0	0	0	0	0
A	BL	1	80	1	1	BA1650	1559	2	6	0	0	0	0	0	0	0	0	0
A	BL	1	80	1	1	BA1650	1687	6	8	2	0	1	0	0	0	0	0	0
A	BL	1	80	1	1	BA1650	1693	8	0	0	0	0	0	0	0	1	0	0
A	BL	1	80	1	1	BA1650	1697	8	7	0	0	0	0	0	0	0	0	0
A	BL	1	80	1	1	BA1650	1740	7	8	2	0	1	0	0	0	0	0	0
A	BL	1	80	1	1	BA1650	1743	8	0	0	0	0	0	0	0	1	0	0
A	BL	1	80	1	1	BA1650	1750	8	7	0	0	0	0	0	0	0	0	0
A	BL	1	80	1	1	BA1650	1828	7	8	2	0	1	0	0	0	0	0	0
A	BL	1	80	1	1	BA1650	1838	8	7	0	0	0	0	0	0	0	0	0
A	BL	1	80	1	1	BA1650	1843	7	0	0	0	0	0	0	0	1	0	0
A	BL	1	80	1	1	BA1650	1846	7	8	2	0	1	0	0	0	0	0	0
A	BL	1	80	1	1	BA1650	1856	8	7	0	0	0	0	0	0	0	0	0
A	BL	1	80	1	1	BA1650	1858	7	0	0	0	0	0	0	0	1	0	0
A	BL	1	80	1	1	BA1650	1861	7	8	2	0	1	0	0	0	0	0	0
A	BL	1	80	1	1	BA1650	1871	8	7	0	0	0	0	0	0	0	0	0
A	BL	1	80	1	1	BA1650	1901	7	0	0	0	0	0	0	0	1	0	0
A	BL	1	80	1	1	BA1650	1909	7	8	2	0	1	0	0	0	0	0	0
A	BL	1	80	1	1	BA1650	1912	8	0	0	0	0	0	0	0	1	0	0
A	BL	1	80	1	1	BA1650	1919	8	7	0	0	0	0	0	0	0	0	0
A	BL	1	80	1	1	BA1650	1941	7	8	2	0	1	0	0	0	0	0	0
A	BL	1	80	1	1	BA1650	1943	8	0	0	0	0	0	0	0	1	0	0
A	BL	1	80	1	1	BA1650	1945	8	0	0	0	1	0	0	0	0	0	0
A	BL	1	80	1	1	BA1650	1951	8	7	0	0	0	0	0	0	0	0	0
A	BL	1	80	1	1	BA1650	1975	7	0	0	0	0	0	0	0	1	0	0
A	BL	1	80	1	1	BA1650	2011	7	8	2	0	1	0	0	0	0	0	0
A	BL	1	80	1	1	BA1650	2021	8	7	0	0	0	0	0	0	0	0	0
A	BL	1	80	1	1	BA1650	2025	7	0	0	0	0	0	0	0	1	0	0
A	BL	1	80	1	1	BA1650	2028	7	8	2	0	1	0	0	0	0	0	0
A	BL	1	80	1	1	BA1650	2038	8	7	0	0	0	0	0	0	0	0	0
A	BL	1	80	1	1	BA1650	2041	7	0	0	0	0	0	0	0	1	0	0
A	BL	1	80	1	1	BA1650	2099	7	8	2	0	1	0	0	0	0	0	0
A	BL	1	80	1	1	BA1650	2109	8	9	0	0	0	0	0	0	0	0	0
A	BL	1	80	1	1	BA1650	2114	9	0	0	0	0	0	0	0	1	0	0
A	BL	1	80	1	1	BA1650	2117	9	0	0	0	1	0	0	0	0	0	0
A	BL	1	80	1	1	BA1650	2119	9	10	0	0	0	0	0	0	0	0	0
A	BL	1	80	1	1	BA1650	2123	10	0	0	0	0	0	0	0	1	0	0
A	BL	1	80	1	1	BA1650	2194	10	2	0	0	0	0	0	0	0	0	0
A	BL	1	80	1	1	BA1650	2195	2	3	0	0	0	0	0	0	0	0	0
A	BL	1	80	1	1	BA1650	2520	3	5	1	1	0	0	0	0	0	0	0
A	BL	1	80	1	1	BA1650	2530	5	4	0	0	0	0	0	0	0	0	0
A	BL	1	80	1	1	BA1650	2539	4	0	0	0	0	0	0	1	0	0	0
A	BL	1	80	1	1	BA1650	2571	4	5	1	1	0	0	0	0	0	0	0
A	BL	1	80	1	1	BA1650	2581	5	4	0	0	0	0	0	0	0	0	0
A	BL	1	80	1	1	BA1650	2587	4	0	0	0	0	0	0	1	0	0	0
A	BL	1	80	1	1	BA1650	2596	4	5	1	1	0	0	0	0	0	0	0
A	BL	1	80	1	1	BA1650	2600	5	0	0	0	0	0	0	1	0	0	0
A	BL	1	80	1	1	BA1650	2606	5	4	0	0	0	0	0	0	0	0	0
A	BL	1	80	1	1	BA1650	2618	4	5	1	1	0	0	0	0	0	0	0
A	BL	1	80	1	1	BA1650	2624	5	0	0	0	0	0	0	1	0	0	0
A	BL	1	80	1	1	BA1650	2628	5	4	0	1	0	0	0	0	0	0	0
A	BL	1	80	1	1	BA1650	2646	4	0	0	0	0	0	0	1	0	0	0
A	BL	1	80	1	1	BA1650	2647	4	5	1	1	0	0	0	0	0	0	0
A	BL	1	80	1	1	BA1650	2657	5	9	0	0	0	0	0	0	0	0	0
A	BL	1	80	1	1	BA1650	2663	9	0	0	0	0	0	0	1	0	0	0
A	BL	1	80	1	1	BA1650	2665	9	0	0	1	0	0	0	0	0	0	0
A	BL	1	80	1	1	BA1650	2667	9	10	0	0	0	0	0	1	0	0	0
A	BL	1	80	1	1	BA1650	2742	10	2	0	0	0	0	0	0	0	0	0
A	BL	1	80	1	1	BA1650	2743	2	3	0	0	0	0	0	0	0	0	0
A	BL	1	80	1	1	BA1650	2802	3	5	1	1	0	0	0	0	0	0	0
A	BL	1	80	1	1	BA1650	2812	5	4	0	0	0	0	0	0	0	0	0
A	BL	1	80	1	1	BA1650	2814	4	0	0	0	0	0	0	1	0	0	0
A	BL	1	80	1	1	BA1650	2823	4	5	1	1	0	0	0	0	0	0	0
A	BL	1	80	1	1	BA1650	2831	5	0	0	0	0	0	0	1	0	0	0
A	BL	1	80	1	1	BA1650	2833	5	4	0	0	0	0	0	0	0	0	0
A	BL	1	80	1	1	BA1650	2877	4	5	1	1	0	0	0	0	0	0	0
A	BL	1	80	1	1	BA1650	2879	5	0	0	0	0	0	0	1	0	0	0
A	BL	1	80	1	1	BA1650	2884	5	0	0	1	0	0	0	0	0	0	0
A	BL	1	80	1	1	BA1650	2887	5	4	0	0	0	0	0	0	0	0	0
A	BL	1	80	1	1	BA1650	2893	4	0	0	0	0	0	0	1	0	0	0
A	BL	1	80	1	1	BA1650	2896	4	5	1	1	0	0	0	0	0	0	0
A	BL	1	80	1	1	BA1650	2906	5	4	0	0	0	0	0	0	0	0	0
A	BL	1	80	1	1	BA1650	2959	4	0	0	0	0	0	0	1	0	0	0
A	BL	1	80	1	1	BA1650	2996	4	5	1	1	0	0	0	0	0	0	0
A	BL	1	80	1	1	BA1650	3004	5	0	0	0	0	0	0	1	0	0	0
A	BL	1	80	1	1	BA1650	3006	5	9	0	0	0	0	0	0	0	0	0
A	BL	1	80	1	1	BA1650	3008	9	0	0	1	0	0	0	0	0	0	0
A	BL	1	80	1	1	BA1650	3016	9	10	0	0	0	0	0	0	0	0	0
A	BL	1	80	1	1	BA1650	3020	10	0	0	0	0	0	0	1	0	0	0
A	BL	1	80	1	1	BA1650	3091	10	2	0	0	0	0	0	0	0	0	0
A	BL	1	80	1	1	BA1650	3092	2	6	0	0	0	0	0	0	0	0	0
A	BL	1	80	1	1	BA1650	3349	6	8	2	0	1	0	0	0	0	0	0
A	BL	1	80	1	1	BA1650	3353	8	0	0	0	0	0	0	0	1	0	0
A	BL	1	80	1	1	BA1650	3357	8	0	0	0	1	0	0	0	0	0	0
A	BL	1	80	1	1	BA1650	3359	8	7	0	0	0	0	0	0	0	0	0
A	BL	1	80	1	1	BA1650	3368	7	0	0	0	0	0	0	0	1	0	0
A	BL	1	80	1	1	BA1650	3401	7	8	2	0	1	0	0	0	0	0	0
A	BL	1	80	1	1	BA1650	3411	8	7	0	0	0	0	0	0	0	0	0
A	BL	1	80	1	1	BA1650	3414	7	0	0	0	0	0	0	0	1	0	0
A	BL	1	80	1	1	BA1650	3417	7	8	2	0	1	0	0	0	0	0	0
A	BL	1	80	1	1	BA1650	3422	8	0	0	0	0	0	0	0	1	0	0
A	BL	1	80	1	1	BA1650	3427	8	7	0	0	0	0	0	0	0	0	0
A	BL	1	80	1	1	BA1650	3428	7	8	2	0	1	0	0	0	0	0	0
A	BL	1	80	1	1	BA1650	3438	8	7	0	0	0	0	0	0	0	0	0
A	BL	1	80	1	1	BA1650	3448	7	0	0	0	0	0	0	0	1	0	0
A	BL	1	80	1	1	BA1650	3461	7	8	2	0	1	0	0	0	0	0	0
A	BL	1	80	1	1	BA1650	3467	8	0	0	0	0	0	0	0	1	0	0
A	BL	1	80	1	1	BA1650	3468	8	0	0	0	1	0	0	0	0	0	0
A	BL	1	80	1	1	BA1650	3471	8	7	0	0	0	0	0	0	0	0	0
A	BL	1	80	1	1	BA1650	3489	7	8	2	0	1	0	0	0	1	0	0
A	BL	1	80	1	1	BA1650	3499	8	7	0	0	0	0	0	0	0	0	0
A	BL	1	80	1	1	BA1650	3507	7	0	0	0	0	0	0	0	1	0	0
A	BL	1	80	1	1	BA1650	3536	7	8	2	0	1	0	0	0	0	0	0
A	BL	1	80	1	1	BA1650	3546	8	7	0	0	0	0	0	0	0	0	0
A	BL	1	80	1	1	BA1650	3575	7	0	0	0	0	0	0	0	1	0	0
A	BL	1	80	1	1	BA1650	3577	7	8	2	0	1	0	0	0	0	0	0
A	BL	1	80	1	1	BA1650	3585	8	0	0	0	0	0	0	0	1	0	0
A	BL	1	80	1	1	BA1650	3587	8	7	0	0	0	0	0	0	0	0	0
A	BL	1	80	1	1	BA1650	3590	7	8	2	0	1	0	0	0	0	0	0
A	BL	1	80	1	1	BA1650	3600	8	7	0	0	0	0	0	0	0	0	0
A	BL	1	80	1	1	BA1650	3619	7	0	0	0	0	0	0	0	1	0	0
A	BL	1	80	1	1	BA1650	3625	7	8	2	0	1	0	0	0	0	0	0
A	BL	1	80	1	1	BA1650	3635	8	9	0	0	0	0	0	0	0	0	0
A	BL	1	80	1	1	BA1650	3636	9	0	0	0	0	0	0	0	1	0	0
A	BL	1	80	1	1	BA1650	3639	9	0	0	0	1	0	0	0	0	0	0
A	BL	1	80	1	1	BA1650	3644	9	0	0	0	0	0	0	0	1	0	0
A	BL	1	80	1	1	BA1650	3645	9	10	0	0	0	0	0	0	0	0	0
A	BL	1	80	1	1	BA1650	3647	10	0	0	0	1	0	0	0	0	0	0
A	BL	1	80	1	1	BA1650	3668	10	0	0	0	0	0	0	0	1	0	0
A	BL	1	80	1	1	BA1650	3720	10	2	0	0	0	0	0	0	0	0	0
A	BL	1	80	1	1	BA1650	3721	2	6	0	0	0	0	0	0	0	0	0
A	BL	1	80	1	1	BA1650	3820	6	8	2	0	1	0	0	0	0	0	0
A	BL	1	80	1	1	BA1650	3825	8	0	0	0	0	0	0	0	1	0	0
A	BL	1	80	1	1	BA1650	3830	8	7	0	0	0	0	0	0	0	0	0
A	BL	1	80	1	1	BA1650	3834	7	8	2	0	1	0	0	0	0	0	0
A	BL	1	80	1	1	BA1650	3836	8	0	0	0	0	0	0	0	1	0	0
A	BL	1	80	1	1	BA1650	3840	8	0	0	0	1	0	0	0	0	0	0
A	BL	1	80	1	1	BA1650	3844	8	7	0	0	0	0	0	0	0	0	0
A	BL	1	80	1	1	BA1650	3864	7	0	0	0	0	0	0	0	1	0	0
A	BL	1	80	1	1	BA1650	3882	7	8	2	0	1	0	0	0	0	0	0
A	BL	1	80	1	1	BA1650	3885	8	0	0	0	0	0	0	0	1	0	0
A	BL	1	80	1	1	BA1650	3890	8	0	0	0	1	0	0	0	0	0	0
A	BL	1	80	1	1	BA1650	3892	8	7	0	0	0	0	0	0	0	0	0
A	BL	1	80	1	1	BA1650	3893	7	0	0	0	0	0	0	0	1	0	0
A	BL	1	80	1	1	BA1650	3896	7	8	2	0	1	0	0	0	0	0	0
A	BL	1	80	1	1	BA1650	3906	8	7	0	0	0	0	0	0	0	0	0
A	BL	1	80	1	1	BA1650	3956	7	0	0	0	0	0	0	0	1	0	0
A	BL	1	80	1	1	BA1650	3964	7	8	2	0	1	0	0	0	0	0	0
A	BL	1	80	1	1	BA1650	3970	8	0	0	0	0	0	0	0	1	0	0
A	BL	1	80	1	1	BA1650	3974	8	7	0	0	0	0	0	0	0	0	0
A	BL	1	80	1	1	BA1650	3992	7	8	2	0	1	0	0	0	0	0	0
A	BL	1	80	1	1	BA1650	4002	8	7	0	0	0	0	0	0	0	0	0
A	BL	1	80	1	1	BA1650	4011	7	8	2	0	1	0	0	0	1	0	0
A	BL	1	80	1	1	BA1650	4014	8	0	0	0	0	0	0	0	1	0	0
A	BL	1	80	1	1	BA1650	4021	8	7	0	0	0	0	0	0	0	0	0
A	BL	1	80	1	1	BA1650	4047	7	8	2	0	1	0	0	0	0	0	0
A	BL	1	80	1	1	BA1650	4055	8	0	0	0	0	0	0	0	1	0	0
A	BL	1	80	1	1	BA1650	4057	8	7	0	0	0	0	0	0	0	0	0
A	BL	1	80	1	1	BA1650	4072	7	8	2	0	1	0	0	0	0	0	0
A	BL	1	80	1	1	BA1650	4076	8	0	0	0	0	0	0	0	1	0	0
A	BL	1	80	1	1	BA1650	4079	8	0	0	0	1	0	0	0	0	0	0
A	BL	1	80	1	1	BA1650	4082	8	7	0	0	0	0	0	0	0	0	0
A	BL	1	80	1	1	BA1650	4085	7	0	0	0	0	0	0	0	1	0	0
A	BL	1	80	1	1	BA1650	4112	7	8	2	0	1	0	0	0	0	0	0
A	BL	1	80	1	1	BA1650	4122	8	9	0	0	0	0	0	0	1	0	0
A	BL	1	80	1	1	BA1650	4132	9	10	0	0	0	0	0	0	0	0	0
A	BL	1	80	1	1	BA1650	4207	10	2	0	0	0	0	0	0	0	0	0
A	BL	1	80	1	1	BA1650	4208	2	6	0	0	0	0	0	0	0	0	0
A	BL	1	80	1	1	BA1650	4372	6	8	2	0	1	0	0	0	0	0	0
A	BL	1	80	1	1	BA1650	4381	8	0	0	0	0	0	0	0	1	0	0
A	BL	1	80	1	1	BA1650	4382	8	7	0	0	0	0	0	0	0	0	0
A	BL	1	80	1	1	BA1650	4386	7	8	2	0	1	0	0	0	0	0	0
A	BL	1	80	1	1	BA1650	4396	8	7	0	0	0	0	0	0	0	0	0
A	BL	1	80	1	1	BA1650	4422	7	0	0	0	0	0	0	0	1	0	0
A	BL	1	80	1	1	BA1650	4428	7	8	2	0	1	0	0	0	0	0	0
A	BL	1	80	1	1	BA1650	4437	8	0	0	0	0	0	0	0	1	0	0
A	BL	1	80	1	1	BA1650	4438	8	7	0	0	0	0	0	0	0	0	0
A	BL	1	80	1	1	BA1650	4475	7	8	2	0	1	0	0	0	0	0	0
A	BL	1	80	1	1	BA1650	4485	8	7	0	0	0	0	0	0	0	0	0
A	BL	1	80	1	1	BA1650	4522	7	0	0	0	0	0	0	0	1	0	0
A	BL	1	80	1	1	BA1650	4552	7	8	2	0	1	0	0	0	0	0	0
A	BL	1	80	1	1	BA1650	4562	8	7	0	0	0	0	0	0	0	0	0
A	BL	1	80	1	1	BA1650	4579	7	0	0	0	0	0	0	0	1	0	0
A	BL	1	80	1	1	BA1650	4619	7	8	2	0	1	0	0	0	0	0	0
A	BL	1	80	1	1	BA1650	4629	8	7	0	0	0	0	0	0	0	0	0
A	BL	1	80	1	1	BA1650	4671	7	0	0	0	0	0	0	0	1	0	0
A	BL	1	80	1	1	BA1650	4673	7	8	2	0	1	0	0	0	0	0	0
A	BL	1	80	1	1	BA1650	4683	8	7	0	0	0	0	0	0	1	0	0
A	BL	1	80	1	1	BA1650	4695	7	8	2	0	1	0	0	0	0	0	0
A	BL	1	80	1	1	BA1650	4701	8	0	0	0	0	0	0	0	1	0	0
A	BL	1	80	1	1	BA1650	4703	8	0	0	0	1	0	0	0	0	0	0
A	BL	1	80	1	1	BA1650	4705	8	7	0	0	0	0	0	0	0	0	0
A	BL	1	80	1	1	BA1650	4709	7	0	0	0	0	0	0	0	1	0	0
A	BL	1	80	1	1	BA1650	4948	7	8	2	0	1	0	0	0	0	0	0
A	BL	1	80	1	1	BA1650	4958	8	7	0	0	0	0	0	0	0	0	0
A	BL	1	80	1	1	BA1650	4969	7	0	0	0	0	0	0	0	1	0	0
A	BL	1	80	1	1	BA1650	4971	7	8	2	0	1	0	0	0	0	0	0
A	BL	1	80	1	1	BA1650	4981	8	9	0	0	0	0	0	0	0	0	0
A	BL	1	80	1	1	BA1650	4985	9	0	0	0	0	0	0	0	1	0	0
A	BL	1	80	1	1	BA1650	4991	9	10	0	0	0	0	0	0	0	0	0
A	BL	1	80	1	1	BA1650	5066	10	2	0	0	0	0	0	0	0	0	0
A	BL	1	80	1	1	BA1650	5067	2	3	0	0	0	0	0	0	0	0	0
A	BL	1	80	1	1	BA1650	5139	3	5	1	1	0	0	0	0	0	0	0
A	BL	1	80	1	1	BA1650	5141	5	0	0	0	0	0	0	1	0	0	0
A	BL	1	80	1	1	BA1650	5143	5	0	0	1	0	0	0	0	0	0	0
A	BL	1	80	1	1	BA1650	5149	5	4	0	0	0	0	0	0	0	0	0
A	BL	1	80	1	1	BA1650	5155	4	0	0	0	0	0	0	1	0	0	0
A	BL	1	80	1	1	BA1650	5160	4	5	1	1	0	0	0	0	0	0	0
A	BL	1	80	1	1	BA1650	5168	5	0	0	0	0	0	0	1	0	0	0
A	BL	1	80	1	1	BA1650	5170	5	4	0	0	0	0	0	0	0	0	0
A	BL	1	80	1	1	BA1650	5173	4	5	1	1	0	0	0	0	0	0	0
A	BL	1	80	1	1	BA1650	5178	5	0	0	0	0	0	0	1	0	0	0
A	BL	1	80	1	1	BA1650	5183	5	4	0	0	0	0	0	0	0	0	0
A	BL	1	80	1	1	BA1650	5187	4	5	1	1	0	0	0	0	0	0	0
A	BL	1	80	1	1	BA1650	5197	5	4	0	0	0	0	0	0	0	0	0
A	BL	1	80	1	1	BA1650	5208	4	0	0	0	0	0	0	1	0	0	0
A	BL	1	80	1	1	BA1650	5217	4	5	1	1	0	0	0	0	0	0	0
A	BL	1	80	1	1	BA1650	5224	5	0	0	0	0	0	0	1	0	0	0
A	BL	1	80	1	1	BA1650	5226	5	0	0	1	0	0	0	0	0	0	0
A	BL	1	80	1	1	BA1650	5227	5	9	0	0	0	0	0	0	0	0	0
A	BL	1	80	1	1	BA1650	5237	9	10	0	0	0	0	0	0	0	0	0
A	BL	1	80	1	1	BA1650	5238	10	0	0	0	0	0	0	1	0	0	0
A	BL	1	80	1	1	BA1650	5312	10	2	0	0	0	0	0	0	0	0	0
A	BL	1	80	1	1	BA1650	5313	2	6	0	0	0	0	0	0	0	0	0
A	BL	1	80	1	1	BA1650	5367	6	0	0	1	0	0	0	0	0	0	0
A	BL	1	80	1	1	BA1650	5441	6	0	0	0	0	0	0	1	0	0	0
A	BL	1	80	1	1	BA1650	5717	6	8	2	0	1	0	0	0	0	0	0
A	BL	1	80	1	1	BA1650	5727	8	7	0	0	0	0	0	0	0	0	0
A	BL	1	80	1	1	BA1650	5732	7	0	0	0	0	0	0	0	1	0	0
A	BL	1	80	1	1	BA1650	5768	7	8	2	0	1	0	0	0	0	0	0
A	BL	1	80	1	1	BA1650	5778	8	7	0	0	0	0	0	0	0	0	0
A	BL	1	80	1	1	BA1650	5786	7	0	0	0	0	0	0	0	1	0	0
A	BL	1	80	1	1	BA1650	5792	7	8	2	0	1	0	0	0	0	0	0
A	BL	1	80	1	1	BA1650	5802	8	7	0	0	0	0	0	0	0	0	0
A	BL	1	80	1	1	BA1650	5827	7	0	0	0	0	0	0	0	1	0	0
A	BL	1	80	1	1	BA1650	5848	7	8	2	0	1	0	0	0	0	0	0
A	BL	1	80	1	1	BA1650	5850	8	0	0	0	0	0	0	0	1	0	0
A	BL	1	80	1	1	BA1650	5852	8	0	0	0	1	0	0	0	0	0	0
A	BL	1	80	1	1	BA1650	5858	8	7	0	0	0	0	0	0	0	0	0
A	BL	1	80	1	1	BA1650	5865	7	0	0	0	0	0	0	0	1	0	0
A	BL	1	80	1	1	BA1650	5868	7	8	2	0	1	0	0	0	0	0	0
A	BL	1	80	1	1	BA1650	5878	8	7	0	0	0	0	0	0	1	0	0
A	BL	1	80	1	1	BA1650	5881	7	8	2	0	1	0	0	0	0	0	0
A	BL	1	80	1	1	BA1650	5890	8	0	0	0	0	0	0	0	1	0	0
A	BL	1	80	1	1	BA1650	5891	8	7	0	0	0	0	0	0	0	0	0
A	BL	1	80	1	1	BA1650	5903	7	8	2	0	1	0	0	0	0	0	0
A	BL	1	80	1	1	BA1650	5905	8	0	0	0	0	0	0	0	1	0	0
A	BL	1	80	1	1	BA1650	5913	8	7	0	0	0	0	0	0	0	0	0
A	BL	1	80	1	1	BA1650	5917	7	8	2	0	1	0	0	0	0	0	0
A	BL	1	80	1	1	BA1650	5924	8	0	0	0	0	0	0	0	1	0	0
A	BL	1	80	1	1	BA1650	5926	8	0	0	0	1	0	0	0	0	0	0
A	BL	1	80	1	1	BA1650	5927	8	7	0	0	0	0	0	0	0	0	0
A	BL	1	80	1	1	BA1650	5949	7	0	0	0	0	0	0	0	1	0	0
A	BL	1	80	1	1	BA1650	5954	7	8	2	0	1	0	0	0	0	0	0
A	BL	1	80	1	1	BA1650	5964	8	7	0	0	0	0	0	0	0	0	0
A	BL	1	80	1	1	BA1650	5976	7	0	0	0	0	0	0	0	1	0	0
A	BL	1	80	1	1	BA1650	5980	7	8	2	0	1	0	0	0	0	0	0
A	BL	1	80	1	1	BA1650	5982	8	0	0	0	0	0	0	0	1	0	0
A	BL	1	80	1	1	BA1650	5990	8	9	0	0	0	0	0	0	0	0	0
A	BL	1	80	1	1	BA1650	5992	9	0	0	0	1	0	0	0	0	0	0
A	BL	1	80	1	1	BA1650	5994	9	0	0	0	0	0	0	0	1	0	0
A	BL	1	80	1	1	BA1650	5996	9	0	0	0	1	0	0	0	0	0	0
A	BL	1	80	1	1	BA1650	6000	9	10	0	0	0	0	0	0	0	0	0
A	BL	1	80	1	1	BA1650	6001	10	0	0	0	0	0	0	0	1	0	0
A	BL	1	80	1	1	BA1650	6075	10	2	0	0	0	0	0	0	0	0	0
A	BL	1	80	1	1	BA1650	6076	2	3	0	0	0	0	0	0	0	0	0
A	BL	1	80	1	1	BA1650	6137	3	5	1	1	0	0	0	0	0	0	0
A	BL	1	80	1	1	BA1650	6143	5	0	0	0	0	0	0	1	0	0	0
A	BL	1	80	1	1	BA1650	6147	5	4	0	0	0	0	0	0	0	0	0
A	BL	1	80	1	1	BA1650	6148	4	5	1	1	0	0	0	0	0	0	0
A	BL	1	80	1	1	BA1650	6158	5	4	0	0	0	0	0	1	0	0	0
A	BL	1	80	1	1	BA1650	6162	4	5	1	1	0	0	0	0	0	0	0
A	BL	1	80	1	1	BA1650	6172	5	4	0	0	0	0	0	0	0	0	0
A	BL	1	80	1	1	BA1650	6179	4	0	0	0	0	0	0	1	0	0	0
A	BL	1	80	1	1	BA1650	6186	4	5	1	1	0	0	0	0	0	0	0
A	BL	1	80	1	1	BA1650	6188	5	0	0	0	0	0	0	1	0	0	0
A	BL	1	80	1	1	BA1650	6196	5	4	0	0	0	0	0	0	0	0	0
A	BL	1	80	1	1	BA1650	6250	4	5	1	1	0	0	0	0	0	0	0
A	BL	1	80	1	1	BA1650	6256	5	0	0	0	0	0	0	1	0	0	0
A	BL	1	80	1	1	BA1650	6258	5	0	0	1	0	0	0	0	0	0	0
A	BL	1	80	1	1	BA1650	6260	5	9	0	0	0	0	0	0	0	0	0
A	BL	1	80	1	1	BA1650	6265	9	0	0	0	0	0	0	1	0	0	0
A	BL	1	80	1	1	BA1650	6269	9	0	0	1	0	0	0	0	0	0	0
A	BL	1	80	1	1	BA1650	6270	9	10	0	0	0	0	0	0	0	0	0
A	BL	1	80	1	1	BA1650	6272	10	0	0	0	0	0	0	1	0	0	0
A	BL	1	80	1	1	BA1650	6345	10	2	0	0	0	0	0	0	0	0	0
A	BL	1	80	1	1	BA1650	6346	2	3	0	0	0	0	0	0	0	0	0
A	BL	1	80	1	1	BA1650	6497	3	5	1	1	0	0	0	0	0	0	0
A	BL	1	80	1	1	BA1650	6507	5	4	0	0	0	0	0	0	0	0	0
A	BL	1	80	1	1	BA1650	6527	4	0	0	0	0	0	0	1	0	0	0
A	BL	1	80	1	1	BA1650	6530	4	5	1	1	0	0	0	0	0	0	0
A	BL	1	80	1	1	BA1650	6539	5	0	0	0	0	0	0	1	0	0	0
A	BL	1	80	1	1	BA1650	6540	5	4	0	0	0	0	0	0	0	0	0
A	BL	1	80	1	1	BA1650	6541	4	5	1	1	0	0	0	0	0	0	0
A	BL	1	80	1	1	BA1650	6543	5	0	0	0	0	0	0	1	0	0	0
A	BL	1	80	1	1	BA1650	6551	5	4	0	0	0	0	0	0	0	0	0
A	BL	1	80	1	1	BA1650	6568	4	5	1	1	0	0	0	0	0	0	0
A	BL	1	80	1	1	BA1650	6570	5	0	0	0	0	0	0	1	0	0	0
A	BL	1	80	1	1	BA1650	6576	5	0	0	1	0	0	0	0	0	0	0
A	BL	1	80	1	1	BA1650	6578	5	4	0	0	0	0	0	0	0	0	0
A	BL	1	80	1	1	BA1650	6584	4	0	0	0	0	0	0	1	0	0	0
A	BL	1	80	1	1	BA1650	6588	4	5	1	1	0	0	0	0	0	0	0
A	BL	1	80	1	1	BA1650	6597	5	0	0	0	0	0	0	1	0	0	0
A	BL	1	80	1	1	BA1650	6598	5	9	0	0	0	0	0	0	0	0	0
A	BL	1	80	1	1	BA1650	6608	9	10	0	0	0	0	0	0	0	0	0
A	BL	1	80	1	1	BA1650	6683	10	2	0	0	0	0	0	0	0	0	0
A	BL	1	80	1	1	BA1650	6684	2	3	0	0	0	0	0	0	0	0	0
A	BL	1	80	1	1	BA1650	6732	3	5	1	1	0	0	0	0	0	0	0
A	BL	1	80	1	1	BA1650	6739	5	0	0	0	0	0	0	1	0	0	0
A	BL	1	80	1	1	BA1650	6742	5	4	0	0	0	0	0	0	0	0	0
A	BL	1	80	1	1	BA1650	6744	4	5	1	1	0	0	0	0	0	0	0
A	BL	1	80	1	1	BA1650	6749	5	0	0	0	0	0	0	1	0	0	0
A	BL	1	80	1	1	BA1650	6754	5	4	0	0	0	0	0	0	0	0	0
A	BL	1	80	1	1	BA1650	6760	4	5	1	1	0	0	0	0	0	0	0
A	BL	1	80	1	1	BA1650	6770	5	4	0	0	0	0	0	0	0	0	0
A	BL	1	80	1	1	BA1650	6781	4	0	0	0	0	0	0	1	0	0	0
A	BL	1	80	1	1	BA1650	6829	4	5	1	1	0	0	0	0	0	0	0
A	BL	1	80	1	1	BA1650	6834	5	0	0	0	0	0	0	1	0	0	0
A	BL	1	80	1	1	BA1650	6836	5	0	0	1	0	0	0	0	0	0	0
A	BL	1	80	1	1	BA1650	6839	5	4	0	0	0	0	0	0	0	0	0
A	BL	1	80	1	1	BA1650	6850	4	0	0	0	0	0	0	1	0	0	0
A	BL	1	80	1	1	BA1650	6853	4	5	1	1	0	0	0	0	0	0	0
A	BL	1	80	1	1	BA1650	6863	5	9	0	0	0	0	0	0	0	0	0
A	BL	1	80	1	1	BA1650	6864	9	0	0	0	0	0	0	1	0	0	0
A	BL	1	80	1	1	BA1650	6869	9	0	0	1	0	0	0	0	0	0	0
A	BL	1	80	1	1	BA1650	6870	9	0	0	0	0	0	0	1	0	0	0
A	BL	1	80	1	1	BA1650	6873	9	10	0	0	0	0	0	0	0	0	0
A	BL	1	80	1	1	BA1650	6948	10	2	0	0	0	0	0	0	0	0	0
A	BL	1	80	1	1	BA1650	6949	2	6	0	0	0	0	0	0	0	0	0
A	BL	1	80	1	1	BA1650	7235	6	8	2	0	1	0	0	0	0	0	0
A	BL	1	80	1	1	BA1650	7245	8	7	0	0	0	0	0	0	1	0	0
A	BL	1	80	1	1	BA1650	7255	7	8	2	0	1	0	0	0	0	0	0
A	BL	1	80	1	1	BA1650	7265	8	7	0	0	0	0	0	0	0	0	0
A	BL	1	80	1	1	BA1650	7266	7	0	0	0	0	0	0	0	1	0	0
A	BL	1	80	1	1	BA1650	7272	7	8	2	0	1	0	0	0	0	0	0
A	BL	1	80	1	1	BA1650	7282	8	7	0	0	0	0	0	0	0	0	0
A	BL	1	80	1	1	BA1650	7284	7	0	0	0	0	0	0	0	1	0	0
A	BL	1	80	1	1	BA1650	7300	7	8	2	0	1	0	0	0	0	0	0
A	BL	1	80	1	1	BA1650	7310	8	7	0	0	0	0	0	0	0	0	0
A	BL	1	80	1	1	BA1650	7362	7	0	0	0	0	0	0	0	1	0	0
A	BL	1	80	1	1	BA1650	7378	7	8	2	0	1	0	0	0	0	0	0
A	BL	1	80	1	1	BA1650	7387	8	0	0	0	0	0	0	0	1	0	0
A	BL	1	80	1	1	BA1650	7388	8	7	0	0	0	0	0	0	0	0	0
A	BL	1	80	1	1	BA1650	7404	7	8	2	0	1	0	0	0	0	0	0
A	BL	1	80	1	1	BA1650	7409	8	0	0	0	0	0	0	0	1	0	0
A	BL	1	80	1	1	BA1650	7414	8	7	0	0	0	0	0	0	0	0	0
A	BL	1	80	1	1	BA1650	7438	7	8	2	0	1	0	0	0	0	0	0
A	BL	1	80	1	1	BA1650	7441	8	0	0	0	0	0	0	0	1	0	0
A	BL	1	80	1	1	BA1650	7445	8	0	0	0	1	0	0	0	0	0	0
A	BL	1	80	1	1	BA1650	7448	8	7	0	0	0	0	0	0	0	0	0
A	BL	1	80	1	1	BA1650	7462	7	8	2	0	1	0	0	0	1	0	0
A	BL	1	80	1	1	BA1650	7472	8	7	0	0	0	0	0	0	0	0	0
A	BL	1	80	1	1	BA1650	7476	7	0	0	0	0	0	0	0	1	0	0
A	BL	1	80	1	1	BA1650	7518	7	8	2	0	1	0	0	0	0	0	0
A	BL	1	80	1	1	BA1650	7528	8	7	0	0	0	0	0	0	0	0	0
A	BL	1	80	1	1	BA1650	7576	7	0	0	0	0	0	0	0	1	0	0
A	BL	1	80	1	1	BA1650	7578	7	8	2	0	1	0	0	0	0	0	0
A	BL	1	80	1	1	BA1650	7587	8	0	0	0	0	0	0	0	1	0	0
A	BL	1	80	1	1	BA1650	7588	8	9	0	0	0	0	0	0	0	0	0
A	BL	1	80	1	1	BA1650	7591	9	0	0	0	1	0	0	0	0	0	0
A	BL	1	80	1	1	BA1650	7598	9	10	0	0	0	0	0	0	0	0	0
A	BL	1	80	1	1	BA1650	7606	10	0	0	0	0	0	0	0	1	0	0
A	BL	1	80	1	1	BA1650	7673	10	2	0	0	0	0	0	0	0	0	0
A	BL	1	80	1	1	BA1650	7674	2	6	0	0	0	0	0	0	0	0	0
A	BL	1	80	1	1	BA1650	7825	6	8	2	0	1	0	0	0	0	0	0
A	BL	1	80	1	1	BA1650	7835	8	7	0	0	0	0	0	0	0	0	0
A	BL	1	80	1	1	BA1650	7853	7	0	0	0	0	0	0	0	1	0	0
A	BL	1	80	1	1	BA1650	7894	7	8	2	0	1	0	0	0	0	0	0
A	BL	1	80	1	1	BA1650	7896	8	0	0	0	0	0	0	0	1	0	0
A	BL	1	80	1	1	BA1650	7904	8	7	0	0	1	0	0	0	0	0	0
A	BL	1	80	1	1	BA1650	7911	7	0	0	0	0	0	0	0	1	0	0
A	BL	1	80	1	1	BA1650	7928	7	8	2	0	1	0	0	0	0	0	0
A	BL	1	80	1	1	BA1650	7930	8	0	0	0	0	0	0	0	1	0	0
A	BL	1	80	1	1	BA1650	7938	8	7	0	0	0	0	0	0	0	0	0
A	BL	1	80	1	1	BA1650	7965	7	8	2	0	1	0	0	0	0	0	0
A	BL	1	80	1	1	BA1650	7968	8	0	0	0	0	0	0	0	1	0	0
A	BL	1	80	1	1	BA1650	7972	8	0	0	0	1	0	0	0	0	0	0
A	BL	1	80	1	1	BA1650	7975	8	7	0	0	0	0	0	0	0	0	0
A	BL	1	80	1	1	BA1650	7986	7	0	0	0	0	0	0	0	1	0	0
A	BL	1	80	1	1	BA1650	7990	7	8	2	0	1	0	0	0	0	0	0
A	BL	1	80	1	1	BA1650	8000	8	7	0	0	0	0	0	0	1	0	0
A	BL	1	80	1	1	BA1650	8010	7	8	2	0	1	0	0	0	0	0	0
A	BL	1	80	1	1	BA1650	8013	8	0	0	0	0	0	0	0	1	0	0
A	BL	1	80	1	1	BA1650	8020	8	7	0	0	0	0	0	0	0	0	0
A	BL	1	80	1	1	BA1650	8040	7	8	2	0	1	0	0	0	0	0	0
A	BL	1	80	1	1	BA1650	8044	8	0	0	0	0	0	0	0	1	0	0
A	BL	1	80	1	1	BA1650	8048	8	0	0	0	1	0	0	0	0	0	0
A	BL	1	80	1	1	BA1650	8050	8	7	0	0	0	0	0	0	0	0	0
A	BL	1	80	1	1	BA1650	8058	7	0	0	0	0	0	0	0	1	0	0
A	BL	1	80	1	1	BA1650	8061	7	8	2	0	1	0	0	0	0	0	0
A	BL	1	80	1	1	BA1650	8071	8	7	0	0	0	0	0	0	0	0	0
A	BL	1	80	1	1	BA1650	8080	7	0	0	0	0	0	0	0	1	0	0
A	BL	1	80	1	1	BA1650	8090	7	8	2	0	1	0	0	0	0	0	0
A	BL	1	80	1	1	BA1650	8092	8	0	0	0	0	0	0	0	1	0	0
A	BL	1	80	1	1	BA1650	8096	8	0	0	0	1	0	0	0	0	0	0
A	BL	1	80	1	1	BA1650	8100	8	7	0	0	0	0	0	0	0	0	0
A	BL	1	80	1	1	BA1650	8110	7	0	0	0	0	0	0	0	1	0	0
A	BL	1	80	1	1	BA1650	8115	7	8	2	0	1	0	0	0	0	0	0
A	BL	1	80	1	1	BA1650	8125	8	9	0	0	0	0	0	0	0	0	0
A	BL	1	80	1	1	BA1650	8128	9	0	0	0	0	0	0	0	1	0	0
A	BL	1	80	1	1	BA1650	8135	9	10	0	0	0	0	0	0	0	0	0
A	BL	1	80	1	1	BA1650	8136	10	0	0	0	1	0	0	0	0	0	0
A	BL	1	80	1	1	BA1650	8141	10	0	0	0	0	0	0	0	1	0	0
A	BL	1	80	1	1	BA1650	8210	10	2	0	0	0	0	0	0	0	0	0
A	BL	1	80	1	1	BA1650	8211	2	6	0	0	0	0	0	0	0	0	0
A	BL	1	80	1	1	BA1650	8417	6	8	2	0	1	0	0	0	0	0	0
A	BL	1	80	1	1	BA1650	8427	8	7	0	0	0	0	0	0	0	0	0
A	BL	1	80	1	1	BA1650	8444	7	0	0	0	0	0	0	0	1	0	0
A	BL	1	80	1	1	BA1650	8478	7	8	2	0	1	0	0	0	0	0	0
A	BL	1	80	1	1	BA1650	8487	8	0	0	0	0	0	0	0	1	0	0
A	BL	1	80	1	1	BA1650	8488	8	7	0	0	0	0	0	0	0	0	0
A	BL	1	80	1	1	BA1650	8495	7	8	2	0	1	0	0	0	0	0	0
A	BL	1	80	1	1	BA1650	8501	8	0	0	0	0	0	0	0	1	0	0
A	BL	1	80	1	1	BA1650	8505	8	7	0	0	1	0	0	0	0	0	0
A	BL	1	80	1	1	BA1650	8520	7	0	0	0	0	0	0	0	1	0	0
A	BL	1	80	1	1	BA1650	8529	7	8	2	0	1	0	0	0	0	0	0
A	BL	1	80	1	1	BA1650	8539	8	7	0	0	0	0	0	0	0	0	0
A	BL	1	80	1	1	BA1650	8568	7	0	0	0	0	0	0	0	1	0	0
A	BL	1	80	1	1	BA1650	8574	7	8	2	0	1	0	0	0	0	0	0
A	BL	1	80	1	1	BA1650	8580	8	0	0	0	0	0	0	0	1	0	0
A	BL	1	80	1	1	BA1650	8584	8	7	0	0	0	0	0	0	0	0	0
A	BL	1	80	1	1	BA1650	8585	7	8	2	0	1	0	0	0	0	0	0
A	BL	1	80	1	1	BA1650	8588	8	0	0	0	0	0	0	0	1	0	0
A	BL	1	80	1	1	BA1650	8590	8	0	0	0	1	0	0	0	0	0	0
A	BL	1	80	1	1	BA1650	8595	8	7	0	0	0	0	0	0	0	0	0
A	BL	1	80	1	1	BA1650	8617	7	0	0	0	0	0	0	0	1	0	0
A	BL	1	80	1	1	BA1650	8651	7	8	2	0	1	0	0	0	0	0	0
A	BL	1	80	1	1	BA1650	8661	8	7	0	0	0	0	0	0	0	0	0
A	BL	1	80	1	1	BA1650	8669	7	0	0	0	0	0	0	0	1	0	0
A	BL	1	80	1	1	BA1650	8673	7	8	2	0	1	0	0	0	0	0	0
A	BL	1	80	1	1	BA1650	8683	8	7	0	0	0	0	0	0	0	0	0
A	BL	1	80	1	1	BA1650	8687	7	0	0	0	0	0	0	0	1	0	0
A	BL	1	80	1	1	BA1650	8691	7	8	2	0	1	0	0	0	0	0	0
A	BL	1	80	1	1	BA1650	8693	8	0	0	0	0	0	0	0	1	0	0
A	BL	1	80	1	1	BA1650	8698	8	0	0	0	1	0	0	0	0	0	0
A	BL	1	80	1	1	BA1650	8701	8	7	0	0	0	0	0	0	0	0	0
A	BL	1	80	1	1	BA1650	8719	7	0	0	0	0	0	0	0	1	0	0
A	BL	1	80	1	1	BA1650	8730	7	8	2	0	1	0	0	0	0	0	0
A	BL	1	80	1	1	BA1650	8731	8	0	0	0	0	0	0	0	1	0	0
A	BL	1	80	1	1	BA1650	8739	8	0	0	0	1	0	0	0	0	0	0
A	BL	1	80	1	1	BA1650	8740	8	9	0	0	0	0	0	0	0	0	0
A	BL	1	80	1	1	BA1650	8742	9	0	0	0	0	0	0	0	1	0	0
A	BL	1	80	1	1	BA1650	8745	9	0	0	0	1	0	0	0	0	0	0
A	BL	1	80	1	1	BA1650	8750	9	10	0	0	0	0	0	0	1	0	0
A	BL	1	80	1	1	BA1650	8753	10	0	0	0	1	0	0	0	0	0	0
A	BL	1	80	1	1	BA1650	8776	10	0	0	0	0	0	0	0	1	0	0
A	BL	1	80	1	1	BA1650	8825	10	2	0	0	0	0	0	0	0	0	0
A	BL	1	80	1	1	BA1650	8826	2	3	0	0	0	0	0	0	0	0	0
A	BL	1	80	1	1	BA1650	8924	3	5	1	1	0	0	0	0	0	0	0
A	BL	1	80	1	1	BA1650	8934	5	4	0	0	0	0	0	0	0	0	0
A	BL	1	80	1	1	BA1650	8935	4	0	0	0	0	0	0	1	0	0	0
A	BL	1	80	1	1	BA1650	8944	4	5	1	1	0	0	0	0	0	0	0
A	BL	1	80	1	1	BA1650	8948	5	0	0	0	0	0	0	1	0	0	0
A	BL	1	80	1	1	BA1650	8954	5	4	0	0	0	0	0	0	0	0	0
A	BL	1	80	1	1	BA1650	8956	4	5	1	1	0	0	0	0	0	0	0
A	BL	1	80	1	1	BA1650	8966	5	4	0	0	0	0	0	1	0	0	0
A	BL	1	80	1	1	BA1650	8970	4	5	1	1	0	0	0	0	0	0	0
A	BL	1	80	1	1	BA1650	8979	5	0	0	0	0	0	0	1	0	0	0
A	BL	1	80	1	1	BA1650	8980	5	4	0	0	0	0	0	0	0	0	0
A	BL	1	80	1	1	BA1650	8983	4	5	1	1	0	0	0	0	0	0	0
A	BL	1	80	1	1	BA1650	8991	5	0	0	0	0	0	0	1	0	0	0
A	BL	1	80	1	1	BA1650	8993	5	9	0	0	0	0	0	0	0	0	0
A	BL	1	80	1	1	BA1650	8994	9	0	0	1	0	0	0	0	0	0	0
A	BL	1	80	1	1	BA1650	9003	9	10	0	0	0	0	0	0	0	0	0
A	BL	1	80	1	1	BA1650	9016	10	0	0	0	0	0	0	1	0	0	0
A	BL	1	80	1	1	BA1650	9078	10	2	0	0	0	0	0	0	0	0	0
A	BL	1	80	1	1	BA1650	9079	2	3	0	0	0	0	0	0	0	0	0
A	BL	1	80	1	1	BA1650	9123	3	5	1	1	0	0	0	0	0	0	0
A	BL	1	80	1	1	BA1650	9133	5	4	0	0	0	0	0	0	0	0	0
A	BL	1	80	1	1	BA1650	9135	4	0	0	0	0	0	0	1	0	0	0
A	BL	1	80	1	1	BA1650	9142	4	5	1	1	0	0	0	0	0	0	0
A	BL	1	80	1	1	BA1650	9152	5	4	0	0	0	0	0	0	0	0	0
A	BL	1	80	1	1	BA1650	9153	4	0	0	0	0	0	0	1	0	0	0
A	BL	1	80	1	1	BA1650	9158	4	5	1	1	0	0	0	0	0	0	0
A	BL	1	80	1	1	BA1650	9168	5	4	0	0	0	0	0	0	0	0	0
A	BL	1	80	1	1	BA1650	9177	4	0	0	0	0	0	0	1	0	0	0
A	BL	1	80	1	1	BA1650	9179	4	5	1	1	0	0	0	0	0	0	0
A	BL	1	80	1	1	BA1650	9189	5	4	0	0	0	0	0	0	0	0	0
A	BL	1	80	1	1	BA1650	9219	4	0	0	0	0	0	0	1	0	0	0
A	BL	1	80	1	1	BA1650	9253	4	5	1	1	0	0	0	0	0	0	0
A	BL	1	80	1	1	BA1650	9263	5	9	0	0	0	0	0	0	0	0	0
A	BL	1	80	1	1	BA1650	9265	9	0	0	0	0	0	0	1	0	0	0
A	BL	1	80	1	1	BA1650	9268	9	0	0	1	0	0	0	0	0	0	0
A	BL	1	80	1	1	BA1650	9273	9	10	0	0	0	0	0	0	0	0	0
A	BL	1	80	1	1	BA1650	9299	10	0	0	0	0	0	0	1	0	0	0
A	BL	1	80	1	1	BA1650	9348	10	2	0	0	0	0	0	0	0	0	0
A	BL	1	80	1	1	BA1650	9349	2	3	0	0	0	0	0	0	0	0	0
A	BL	1	80	1	1	BA1650	9475	3	5	1	1	0	0	0	0	0	0	0
A	BL	1	80	1	1	BA1650	9484	5	0	0	0	0	0	0	1	0	0	0
A	BL	1	80	1	1	BA1650	9485	5	4	0	0	0	0	0	0	0	0	0
A	BL	1	80	1	1	BA1650	9489	4	5	1	1	0	0	0	0	0	0	0
A	BL	1	80	1	1	BA1650	9499	5	4	0	0	0	0	0	1	0	0	0
A	BL	1	80	1	1	BA1650	9502	4	5	1	1	0	0	0	0	0	0	0
A	BL	1	80	1	1	BA1650	9512	5	4	0	0	0	0	0	0	0	0	0
A	BL	1	80	1	1	BA1650	9519	4	0	0	0	0	0	0	1	0	0	0
A	BL	1	80	1	1	BA1650	9528	4	5	1	1	0	0	0	0	0	0	0
A	BL	1	80	1	1	BA1650	9538	5	4	0	0	0	0	0	0	0	0	0
A	BL	1	80	1	1	BA1650	9540	4	0	0	0	0	0	0	1	0	0	0
A	BL	1	80	1	1	BA1650	9548	4	5	1	1	0	0	0	0	0	0	0
A	BL	1	80	1	1	BA1650	9558	5	9	0	0	0	0	0	0	0	0	0
A	BL	1	80	1	1	BA1650	9559	9	0	0	0	0	0	0	1	0	0	0
A	BL	1	80	1	1	BA1650	9565	9	0	0	1	0	0	0	0	0	0	0
A	BL	1	80	1	1	BA1650	9568	9	10	0	0	0	0	0	0	0	0	0
A	BL	1	80	1	1	BA1650	9574	10	0	0	0	0	0	0	1	0	0	0
A	BL	1	80	1	1	BA1650	9578	10	0	0	1	0	0	0	0	0	0	0
A	BL	1	80	1	1	BA1650	9586	10	0	0	0	0	0	0	1	0	0	0
A	BL	1	80	1	1	BA1650	9598	10	0	0	1	0	0	0	0	0	0	0
A	BL	1	80	1	1	BA1650	9605	10	0	0	0	0	0	0	1	0	0	0
A	BL	1	80	1	1	BA1650	9614	10	0	0	1	0	0	0	0	0	0	0
A	BL	1	80	1	1	BA1650	9637	10	0	0	0	0	0	0	1	0	0	0
A	BL	1	80	1	1	BA1650	9639	10	0	0	1	0	0	0	0	0	0	0
A	BL	1	80	1	1	BA1650	9642	10	0	0	0	0	0	0	1	0	0	0
A	BL	1	80	1	1	BA1650	9643	10	2	0	0	0	0	0	0	0	0	0
A	BL	1	80	1	1	BA1650	9644	2	6	0	0	0	0	0	0	0	0	0
A	BL	1	80	1	1	BA1650	10378	6	8	2	0	1	0	0	0	0	0	0
A	BL	1	80	1	1	BA1650	10385	8	0	0	0	0	0	0	0	1	0	0
A	BL	1	80	1	1	BA1650	10388	8	7	0	0	0	0	0	0	0	0	0
A	BL	1	80	1	1	BA1650	10440	7	8	2	0	1	0	0	0	0	0	0
A	BL	1	80	1	1	BA1650	10450	8	7	0	0	0	0	0	0	1	0	0
A	BL	1	80	1	1	BA1650	10464	7	8	2	0	1	0	0	0	0	0	0
A	BL	1	80	1	1	BA1650	10474	8	7	0	0	0	0	0	0	0	0	0
A	BL	1	80	1	1	BA1650	10971	7	0	0	0	0	0	0	0	1	0	0
A	BL	1	80	1	1	BA1650	11237	7	8	2	0	1	0	0	0	0	0	0
A	BL	1	80	1	1	BA1650	11247	8	7	0	0	0	0	0	0	0	0	0
A	BL	1	80	1	1	BA1650	11268	7	0	0	0	0	0	0	0	1	0	0
A	BL	1	80	1	1	BA1650	11277	7	8	2	0	1	0	0	0	0	0	0
A	BL	1	80	1	1	BA1650	11287	8	7	0	0	0	0	0	0	0	0	0
A	BL	1	80	1	1	BA1650	11340	7	0	0	0	0	0	0	0	1	0	0
A	BL	1	80	1	1	BA1650	11344	7	8	2	0	1	0	0	0	0	0	0
A	BL	1	80	1	1	BA1650	11354	8	7	0	0	0	0	0	0	0	0	0
A	BL	1	80	1	1	BA1650	11360	7	0	0	0	0	0	0	0	1	0	0
A	BL	1	80	1	1	BA1650	11369	7	8	2	0	1	0	0	0	0	0	0
A	BL	1	80	1	1	BA1650	11378	8	0	0	0	0	0	0	0	1	0	0
A	BL	1	80	1	1	BA1650	11379	8	7	0	0	0	0	0	0	0	0	0
A	BL	1	80	1	1	BA1650	11380	7	8	2	0	1	0	0	0	0	0	0
A	BL	1	80	1	1	BA1650	11383	8	0	0	0	0	0	0	0	1	0	0
A	BL	1	80	1	1	BA1650	11385	8	0	0	0	1	0	0	0	0	0	0
A	BL	1	80	1	1	BA1650	11390	8	7	0	0	0	0	0	0	0	0	0
A	BL	1	80	1	1	BA1650	11396	7	0	0	0	0	0	0	0	1	0	0
A	BL	1	80	1	1	BA1650	11401	7	8	2	0	1	0	0	0	0	0	0
A	BL	1	80	1	1	BA1650	11411	8	7	0	0	0	0	0	0	0	0	0
A	BL	1	80	1	1	BA1650	11427	7	0	0	0	0	0	0	0	1	0	0
A	BL	1	80	1	1	BA1650	11428	7	8	2	0	1	0	0	0	0	0	0
A	BL	1	80	1	1	BA1650	11438	8	9	0	0	0	0	0	0	0	0	0
A	BL	1	80	1	1	BA1650	11448	9	10	0	0	0	0	0	0	0	0	0
A	BL	1	80	1	1	BA1650	11451	10	0	0	0	0	0	0	0	1	0	0
A	BL	1	80	1	1	BA1650	11523	10	2	0	0	0	0	0	0	0	0	0
A	BL	1	80	1	1	BA1650	11524	2	6	0	0	0	0	0	0	0	0	0
A	BL	1	80	1	1	BA1650	11737	6	8	2	0	1	0	0	0	0	0	0
A	BL	1	80	1	1	BA1650	11747	8	7	0	0	0	0	0	0	0	0	0
A	BL	1	80	1	1	BA1650	11759	7	0	0	0	0	0	0	0	1	0	0
A	BL	1	80	1	1	BA1650	11763	7	8	2	0	1	0	0	0	0	0	0
A	BL	1	80	1	1	BA1650	11770	8	0	0	0	0	0	0	0	1	0	0
A	BL	1	80	1	1	BA1650	11773	8	7	0	0	0	0	0	0	0	0	0
A	BL	1	80	1	1	BA1650	11777	7	8	2	0	1	0	0	0	0	0	0
A	BL	1	80	1	1	BA1650	11787	8	7	0	0	0	0	0	0	0	0	0
A	BL	1	80	1	1	BA1650	11789	7	0	0	0	0	0	0	0	1	0	0
A	BL	1	80	1	1	BA1650	11796	7	8	2	0	1	0	0	0	0	0	0
A	BL	1	80	1	1	BA1650	11799	8	0	0	0	0	0	0	0	1	0	0
A	BL	1	80	1	1	BA1650	11806	8	7	0	0	0	0	0	0	0	0	0
A	BL	1	80	1	1	BA1650	11823	7	8	2	0	1	0	0	0	0	0	0
A	BL	1	80	1	1	BA1650	11833	8	7	0	0	0	0	0	0	0	0	0
A	BL	1	80	1	1	BA1650	11841	7	0	0	0	0	0	0	0	1	0	0
A	BL	1	80	1	1	BA1650	11844	7	8	2	0	1	0	0	0	0	0	0
A	BL	1	80	1	1	BA1650	11854	8	7	0	0	0	0	0	0	0	0	0
A	BL	1	80	1	1	BA1650	11874	7	0	0	0	0	0	0	0	1	0	0
A	BL	1	80	1	1	BA1650	11883	7	8	2	0	1	0	0	0	0	0	0
A	BL	1	80	1	1	BA1650	11884	8	0	0	0	0	0	0	0	1	0	0
A	BL	1	80	1	1	BA1650	11892	8	0	0	0	1	0	0	0	0	0	0
A	BL	1	80	1	1	BA1650	11893	8	7	0	0	0	0	0	0	1	0	0
A	BL	1	80	1	1	BA1650	11915	7	8	2	0	1	0	0	0	0	0	0
A	BL	1	80	1	1	BA1650	11922	8	0	0	0	0	0	0	0	1	0	0
A	BL	1	80	1	1	BA1650	11925	8	7	0	0	0	0	0	0	0	0	0
A	BL	1	80	1	1	BA1650	11961	7	8	2	0	1	0	0	0	0	0	0
A	BL	1	80	1	1	BA1650	11971	8	7	0	0	0	0	0	0	0	0	0
A	BL	1	80	1	1	BA1650	11973	7	0	0	0	0	0	0	0	1	0	0
A	BL	1	80	1	1	BA1650	11976	7	8	2	0	1	0	0	0	0	0	0
A	BL	1	80	1	1	BA1650	11986	8	9	0	0	0	0	0	0	0	0	0
A	BL	1	80	1	1	BA1650	11996	9	10	0	0	0	0	0	0	0	0	0
A	BL	1	80	1	1	BA1650	11999	10	0	0	0	0	0	0	0	1	0	0
A	BL	1	80	1	1	BA1650	12071	10	2	0	0	0	0	0	0	0	0	0
A	BL	1	80	1	1	BA1650	12072	2	3	0	0	0	0	0	0	0	0	0
A	BL	1	80	1	1	BA1650	12134	3	5	1	1	0	0	0	0	0	0	0
A	BL	1	80	1	1	BA1650	12144	5	4	0	0	0	0	0	0	0	0	0
A	BL	1	80	1	1	BA1650	12156	4	0	0	0	0	0	0	1	0	0	0
A	BL	1	80	1	1	BA1650	12157	4	5	1	1	0	0	0	1	0	0	0
A	BL	1	80	1	1	BA1650	12159	5	0	0	1	0	0	0	0	0	0	0
A	BL	1	80	1	1	BA1650	12167	5	4	0	0	0	0	0	0	0	0	0
A	BL	1	80	1	1	BA1650	12184	4	0	0	0	0	0	0	1	0	0	0
A	BL	1	80	1	1	BA1650	12186	4	5	1	1	0	0	0	0	0	0	0
A	BL	1	80	1	1	BA1650	12196	5	4	0	0	0	0	0	0	0	0	0
A	BL	1	80	1	1	BA1650	12202	4	0	0	0	0	0	0	1	0	0	0
A	BL	1	80	1	1	BA1650	12230	4	5	1	1	0	0	0	0	0	0	0
A	BL	1	80	1	1	BA1650	12240	5	4	0	0	0	0	0	0	0	0	0
A	BL	1	80	1	1	BA1650	12242	4	0	0	0	0	0	0	1	0	0	0
A	BL	1	80	1	1	BA1650	12282	4	5	1	1	0	0	0	0	0	0	0
A	BL	1	80	1	1	BA1650	12292	5	9	0	0	0	0	0	0	0	0	0
A	BL	1	80	1	1	BA1650	12302	9	10	0	0	0	0	0	0	0	0	0
A	BL	1	80	1	1	BA1650	12303	10	0	0	0	0	0	0	1	0	0	0
A	BL	1	80	1	1	BA1650	12377	10	2	0	0	0	0	0	0	0	0	0
A	BL	1	80	1	1	BA1650	12378	2	6	0	0	0	0	0	0	0	0	0
A	BL	1	80	1	1	BA1650	12447	6	0	0	1	0	0	0	0	0	0	0
A	BL	1	80	1	1	BA1650	12449	6	0	0	0	0	0	0	1	0	0	0
A	BL	1	80	1	1	BA1650	12520	6	0	0	1	0	0	0	0	0	0	0
A	BL	1	80	1	1	BA1650	12543	6	0	0	0	0	0	0	1	0	0	0
A	BL	1	80	1	1	BA1650	12550	6	0	0	1	0	0	0	0	0	0	0
A	BL	1	80	1	1	BA1650	12553	6	0	0	0	0	0	0	1	0	0	0
A	BL	1	80	1	1	BA1650	12595	6	0	0	1	0	0	0	0	0	0	0
A	BL	1	80	1	1	BA1650	12606	6	0	0	0	0	0	0	1	0	0	0
A	BL	1	80	1	1	BA1650	12609	6	0	0	1	0	0	0	0	0	0	0
A	BL	1	80	1	1	BA1650	12630	6	0	0	0	0	0	0	1	0	0	0
A	BL	1	80	1	1	BA1650	12838	6	8	2	0	1	0	0	0	0	0	0
A	BL	1	80	1	1	BA1650	12848	8	7	0	0	0	0	0	0	0	0	0
A	BL	1	80	1	1	BA1650	12849	7	0	0	0	0	0	0	0	1	0	0
A	BL	1	80	1	1	BA1650	12852	7	8	2	0	1	0	0	0	0	0	0
A	BL	1	80	1	1	BA1650	12862	8	7	0	0	0	0	0	0	0	0	0
A	BL	1	80	1	1	BA1650	12867	7	0	0	0	0	0	0	0	1	0	0
A	BL	1	80	1	1	BA1650	12876	7	8	2	0	1	0	0	0	0	0	0
A	BL	1	80	1	1	BA1650	12886	8	7	0	0	0	0	0	0	0	0	0
A	BL	1	80	1	1	BA1650	12897	7	0	0	0	0	0	0	0	1	0	0
A	BL	1	80	1	1	BA1650	12900	7	8	2	0	1	0	0	0	0	0	0
A	BL	1	80	1	1	BA1650	12909	8	0	0	0	0	0	0	0	1	0	0
A	BL	1	80	1	1	BA1650	12910	8	7	0	0	0	0	0	0	0	0	0
A	BL	1	80	1	1	BA1650	12915	7	8	2	0	1	0	0	0	0	0	0
A	BL	1	80	1	1	BA1650	12924	8	0	0	0	0	0	0	0	1	0	0
A	BL	1	80	1	1	BA1650	12925	8	7	0	0	0	0	0	0	0	0	0
A	BL	1	80	1	1	BA1650	12930	7	8	2	0	1	0	0	0	0	0	0
A	BL	1	80	1	1	BA1650	12938	8	0	0	0	0	0	0	0	1	0	0
A	BL	1	80	1	1	BA1650	12940	8	7	0	0	0	0	0	0	0	0	0
A	BL	1	80	1	1	BA1650	12941	7	8	2	0	1	0	0	0	0	0	0
A	BL	1	80	1	1	BA1650	12951	8	7	0	0	0	0	0	0	0	0	0
A	BL	1	80	1	1	BA1650	12961	7	0	0	0	0	0	0	0	1	0	0
A	BL	1	80	1	1	BA1650	12962	7	8	2	0	1	0	0	0	0	0	0
A	BL	1	80	1	1	BA1650	12972	8	7	0	0	0	0	0	0	0	0	0
A	BL	1	80	1	1	BA1650	12980	7	0	0	0	0	0	0	0	1	0	0
A	BL	1	80	1	1	BA1650	13011	7	8	2	0	1	0	0	0	0	0	0
A	BL	1	80	1	1	BA1650	13019	8	0	0	0	0	0	0	0	1	0	0
A	BL	1	80	1	1	BA1650	13021	8	7	0	0	0	0	0	0	0	0	0
A	BL	1	80	1	1	BA1650	13023	7	8	2	0	1	0	0	0	0	0	0
A	BL	1	80	1	1	BA1650	13033	8	9	0	0	0	0	0	0	0	0	0
A	BL	1	80	1	1	BA1650	13043	9	10	0	0	0	0	0	0	0	0	0
A	BL	1	80	1	1	BA1650	13047	10	0	0	0	0	0	0	0	1	0	0
A	BL	1	80	1	1	BA1650	13118	10	2	0	0	0	0	0	0	0	0	0
A	BL	1	80	1	1	BA1650	13119	2	3	0	0	0	0	0	0	0	0	0
A	BL	1	80	1	1	BA1650	13170	3	5	1	1	0	0	0	0	0	0	0
A	BL	1	80	1	1	BA1650	13175	5	0	0	0	0	0	0	1	0	0	0
A	BL	1	80	1	1	BA1650	13180	5	4	0	0	0	0	0	0	0	0	0
A	BL	1	80	1	1	BA1650	13245	4	5	1	1	0	0	0	0	0	0	0
A	BL	1	80	1	1	BA1650	13253	5	0	0	0	0	0	0	1	0	0	0
A	BL	1	80	1	1	BA1650	13255	5	4	0	0	0	0	0	0	0	0	0
A	BL	1	80	1	1	BA1650	13257	4	5	1	1	0	0	0	0	0	0	0
A	BL	1	80	1	1	BA1650	13266	5	0	0	0	0	0	0	1	0	0	0
A	BL	1	80	1	1	BA1650	13267	5	4	0	0	0	0	0	0	0	0	0
A	BL	1	80	1	1	BA1650	13270	4	5	1	1	0	0	0	0	0	0	0
A	BL	1	80	1	1	BA1650	13280	5	4	0	0	0	0	0	0	0	0	0
A	BL	1	80	1	1	BA1650	13283	4	0	0	0	0	0	0	1	0	0	0
A	BL	1	80	1	1	BA1650	13286	4	5	1	1	0	0	0	0	0	0	0
A	BL	1	80	1	1	BA1650	13296	5	9	0	0	0	0	0	1	0	0	0
A	BL	1	80	1	1	BA1650	13306	9	10	0	0	0	0	0	0	0	0	0
A	BL	1	80	1	1	BA1650	13381	10	2	0	0	0	0	0	0	0	0	0
A	BL	1	80	1	1	BA1650	13382	2	6	0	0	0	0	0	0	0	0	0
A	BL	1	80	1	1	BA1650	13654	6	8	2	0	1	0	0	0	0	0	0
A	BL	1	80	1	1	BA1650	13659	8	0	0	0	0	0	0	0	1	0	0
A	BL	1	80	1	1	BA1650	13663	8	0	0	0	1	0	0	0	0	0	0
A	BL	1	80	1	1	BA1650	13664	8	7	0	0	0	0	0	0	0	0	0
A	BL	1	80	1	1	BA1650	13674	7	0	0	0	0	0	0	0	1	0	0
A	BL	1	80	1	1	BA1650	13677	7	8	2	0	1	0	0	0	0	0	0
A	BL	1	80	1	1	BA1650	13684	8	0	0	0	0	0	0	0	1	0	0
A	BL	1	80	1	1	BA1650	13687	8	7	0	0	0	0	0	0	0	0	0
A	BL	1	80	1	1	BA1650	13688	7	8	2	0	1	0	0	0	0	0	0
A	BL	1	80	1	1	BA1650	13692	8	0	0	0	0	0	0	0	1	0	0
A	BL	1	80	1	1	BA1650	13698	8	7	0	0	0	0	0	0	0	0	0
A	BL	1	80	1	1	BA1650	13702	7	8	2	0	1	0	0	0	0	0	0
A	BL	1	80	1	1	BA1650	13706	8	0	0	0	0	0	0	0	1	0	0
A	BL	1	80	1	1	BA1650	13712	8	7	0	0	0	0	0	0	0	0	0
A	BL	1	80	1	1	BA1650	13713	7	8	2	0	1	0	0	0	0	0	0
A	BL	1	80	1	1	BA1650	13719	8	0	0	0	0	0	0	0	1	0	0
A	BL	1	80	1	1	BA1650	13723	8	7	0	0	0	0	0	0	0	0	0
A	BL	1	80	1	1	BA1650	13728	7	8	2	0	1	0	0	0	0	0	0
A	BL	1	80	1	1	BA1650	13732	8	0	0	0	0	0	0	0	1	0	0
A	BL	1	80	1	1	BA1650	13736	8	0	0	0	1	0	0	0	1	0	0
A	BL	1	80	1	1	BA1650	13738	8	7	0	0	1	0	0	0	0	0	0
A	BL	1	80	1	1	BA1650	13788	7	0	0	0	0	0	0	0	1	0	0
A	BL	1	80	1	1	BA1650	13795	7	8	2	0	1	0	0	0	0	0	0
A	BL	1	80	1	1	BA1650	13805	8	7	0	0	0	0	0	0	0	0	0
A	BL	1	80	1	1	BA1650	13807	7	0	0	0	0	0	0	0	1	0	0
A	BL	1	80	1	1	BA1650	13809	7	8	2	0	1	0	0	0	0	0	0
A	BL	1	80	1	1	BA1650	13815	8	0	0	0	0	0	0	0	1	0	0
A	BL	1	80	1	1	BA1650	13818	8	0	0	0	1	0	0	0	0	0	0
A	BL	1	80	1	1	BA1650	13819	8	7	0	0	0	0	0	0	0	0	0
A	BL	1	80	1	1	BA1650	13849	7	0	0	0	0	0	0	0	1	0	0
A	BL	1	80	1	1	BA1650	13855	7	8	2	0	1	0	0	0	0	0	0
A	BL	1	80	1	1	BA1650	13865	8	7	0	0	0	0	0	0	0	0	0
A	BL	1	80	1	1	BA1650	13867	7	0	0	0	0	0	0	0	1	0	0
A	BL	1	80	1	1	BA1650	13874	7	8	2	0	1	0	0	0	0	0	0
A	BL	1	80	1	1	BA1650	13880	8	0	0	0	0	0	0	0	1	0	0
A	BL	1	80	1	1	BA1650	13882	8	0	0	0	1	0	0	0	0	0	0
A	BL	1	80	1	1	BA1650	13884	8	9	0	0	0	0	0	0	0	0	0
A	BL	1	80	1	1	BA1650	13893	9	0	0	0	0	0	0	0	1	0	0
A	BL	1	80	1	1	BA1650	13894	9	10	0	0	0	0	0	0	0	0	0
A	BL	1	80	1	1	BA1650	13969	10	2	0	0	0	0	0	0	0	0	0
A	BL	1	80	1	1	BA1650	13970	2	6	0	0	0	0	0	0	0	0	0
A	BL	1	80	1	1	BA1650	14071	6	8	2	0	1	0	0	0	0	0	0
A	BL	1	80	1	1	BA1650	14081	8	7	0	0	0	0	0	0	1	0	0
A	BL	1	80	1	1	BA1650	14086	7	8	2	0	1	0	0	0	0	0	0
A	BL	1	80	1	1	BA1650	14093	8	0	0	0	0	0	0	0	1	0	0
A	BL	1	80	1	1	BA1650	14096	8	7	0	0	0	0	0	0	0	0	0
A	BL	1	80	1	1	BA1650	14124	7	8	2	0	1	0	0	0	0	0	0
A	BL	1	80	1	1	BA1650	14125	8	0	0	0	0	0	0	0	1	0	0
A	BL	1	80	1	1	BA1650	14134	8	7	0	0	0	0	0	0	0	0	0
A	BL	1	80	1	1	BA1650	14137	7	8	2	0	1	0	0	0	0	0	0
A	BL	1	80	1	1	BA1650	14140	8	0	0	0	0	0	0	0	1	0	0
A	BL	1	80	1	1	BA1650	14144	8	0	0	0	1	0	0	0	0	0	0
A	BL	1	80	1	1	BA1650	14147	8	7	0	0	0	0	0	0	0	0	0
A	BL	1	80	1	1	BA1650	14154	7	0	0	0	0	0	0	0	1	0	0
A	BL	1	80	1	1	BA1650	14174	7	8	2	0	1	0	0	0	0	0	0
A	BL	1	80	1	1	BA1650	14182	8	0	0	0	0	0	0	0	1	0	0
A	BL	1	80	1	1	BA1650	14184	8	7	0	0	0	0	0	0	0	0	0
A	BL	1	80	1	1	BA1650	14218	7	8	2	0	1	0	0	0	0	0	0
A	BL	1	80	1	1	BA1650	14221	8	0	0	0	0	0	0	0	1	0	0
A	BL	1	80	1	1	BA1650	14225	8	0	0	0	1	0	0	0	0	0	0
A	BL	1	80	1	1	BA1650	14228	8	7	0	0	0	0	0	0	0	0	0
A	BL	1	80	1	1	BA1650	14260	7	0	0	0	0	0	0	0	1	0	0
A	BL	1	80	1	1	BA1650	14290	7	8	2	0	1	0	0	0	0	0	0
A	BL	1	80	1	1	BA1650	14292	8	0	0	0	0	0	0	0	1	0	0
A	BL	1	80	1	1	BA1650	14298	8	0	0	0	1	0	0	0	0	0	0
A	BL	1	80	1	1	BA1650	14300	8	7	0	0	0	0	0	0	1	0	0
A	BL	1	80	1	1	BA1650	14304	7	8	2	0	1	0	0	0	0	0	0
A	BL	1	80	1	1	BA1650	14314	8	7	0	0	0	0	0	0	0	0	0
A	BL	1	80	1	1	BA1650	14376	7	0	0	0	0	0	0	0	1	0	0
A	BL	1	80	1	1	BA1650	14388	7	8	2	0	1	0	0	0	0	0	0
A	BL	1	80	1	1	BA1650	14390	8	0	0	0	0	0	0	0	1	0	0
A	BL	1	80	1	1	BA1650	14398	8	7	0	0	0	0	0	0	0	0	0
A	BL	1	80	1	1	BA1650	14399	7	8	2	0	1	0	0	0	0	0	0
A	BL	1	80	1	1	BA1650	14409	8	9	0	0	0	0	0	0	0	0	0
A	BL	1	80	1	1	BA1650	14410	9	0	0	0	0	0	0	0	1	0	0
A	BL	1	80	1	1	BA1650	14417	9	0	0	0	1	0	0	0	0	0	0
A	BL	1	80	1	1	BA1650	14419	9	10	0	0	0	0	0	0	0	0	0
A	BL	1	80	1	1	BA1650	14421	10	0	0	0	0	0	0	0	1	0	0
A	BL	1	80	1	1	BA1650	14494	10	2	0	0	0	0	0	0	0	0	0
A	BL	1	80	1	1	BA1650	14495	2	3	0	0	0	0	0	0	0	0	0
A	BL	1	80	1	1	BA1650	14554	3	5	1	1	0	0	0	0	0	0	0
A	BL	1	80	1	1	BA1650	14564	5	4	0	0	0	0	0	0	0	0	0
A	BL	1	80	1	1	BA1650	14580	4	0	0	0	0	0	0	1	0	0	0
A	BL	1	80	1	1	BA1650	14585	4	5	1	1	0	0	0	0	0	0	0
A	BL	1	80	1	1	BA1650	14595	5	4	0	0	0	0	0	0	0	0	0
A	BL	1	80	1	1	BA1650	14604	4	0	0	0	0	0	0	1	0	0	0
A	BL	1	80	1	1	BA1650	14608	4	5	1	1	0	0	0	0	0	0	0
A	BL	1	80	1	1	BA1650	14618	5	4	0	0	0	0	0	0	0	0	0
A	BL	1	80	1	1	BA1650	14623	4	0	0	0	0	0	0	1	0	0	0
A	BL	1	80	1	1	BA1650	14629	4	5	1	1	0	0	0	0	0	0	0
A	BL	1	80	1	1	BA1650	14639	5	4	0	0	0	0	0	1	0	0	0
A	BL	1	80	1	1	BA1650	14661	4	5	1	1	0	0	0	0	0	0	0
A	BL	1	80	1	1	BA1650	14671	5	9	0	0	0	0	0	0	0	0	0
A	BL	1	80	1	1	BA1650	14678	9	0	0	0	0	0	0	1	0	0	0
A	BL	1	80	1	1	BA1650	14681	9	10	0	0	0	0	0	0	0	0	0
A	BL	1	80	1	1	BA1650	14756	10	2	0	0	0	0	0	0	0	0	0
A	BL	1	80	1	1	BA1650	14757	2	3	0	0	0	0	0	0	0	0	0
A	BL	1	80	1	1	BA1650	14838	3	5	1	1	0	0	0	0	0	0	0
A	BL	1	80	1	1	BA1650	14844	5	0	0	0	0	0	0	1	0	0	0
A	BL	1	80	1	1	BA1650	14848	5	4	0	0	0	0	0	0	0	0	0
A	BL	1	80	1	1	BA1650	14864	4	5	1	1	0	0	0	0	0	0	0
A	BL	1	80	1	1	BA1650	14874	5	4	0	0	0	0	0	0	0	0	0
A	BL	1	80	1	1	BA1650	14875	4	0	0	0	0	0	0	1	0	0	0
A	BL	1	80	1	1	BA1650	14940	4	5	1	1	0	0	0	0	0	0	0
A	BL	1	80	1	1	BA1650	14942	5	0	0	0	0	0	0	1	0	0	0
A	BL	1	80	1	1	BA1650	14946	5	0	0	1	0	0	0	0	0	0	0
A	BL	1	80	1	1	BA1650	14950	5	4	0	0	0	0	0	0	0	0	0
A	BL	1	80	1	1	BA1650	14958	4	0	0	0	0	0	0	1	0	0	0
A	BL	1	80	1	1	BA1650	14961	4	5	1	1	0	0	0	0	0	0	0
A	BL	1	80	1	1	BA1650	14971	5	4	0	0	0	0	0	0	0	0	0
A	BL	1	80	1	1	BA1650	14972	4	0	0	0	0	0	0	1	0	0	0
A	BL	1	80	1	1	BA1650	15018	4	5	1	1	0	0	0	0	0	0	0
A	BL	1	80	1	1	BA1650	15027	5	0	0	0	0	0	0	1	0	0	0
A	BL	1	80	1	1	BA1650	15028	5	9	0	0	0	0	0	0	0	0	0
A	BL	1	80	1	1	BA1650	15031	9	0	0	1	0	0	0	0	0	0	0
A	BL	1	80	1	1	BA1650	15038	9	10	0	0	0	0	0	0	0	0	0
A	BL	1	80	1	1	BA1650	15048	10	0	0	0	0	0	0	1	0	0	0
A	BL	1	80	1	1	BA1650	15113	10	2	0	0	0	0	0	0	0	0	0
A	BL	1	80	1	1	BA1650	15114	2	3	0	0	0	0	0	0	0	0	0
A	BL	1	80	1	1	BA1650	15288	3	5	1	1	0	0	0	0	0	0	0
A	BL	1	80	1	1	BA1650	15290	5	0	0	0	0	0	0	1	0	0	0
A	BL	1	80	1	1	BA1650	15298	5	4	0	0	0	0	0	0	0	0	0
A	BL	1	80	1	1	BA1650	15329	4	5	1	1	0	0	0	0	0	0	0
A	BL	1	80	1	1	BA1650	15338	5	0	0	0	0	0	0	1	0	0	0
A	BL	1	80	1	1	BA1650	15339	5	4	0	0	0	0	0	0	0	0	0
A	BL	1	80	1	1	BA1650	15343	4	5	1	1	0	0	0	0	0	0	0
A	BL	1	80	1	1	BA1650	15353	5	4	0	0	0	0	0	0	0	0	0
A	BL	1	80	1	1	BA1650	15355	4	0	0	0	0	0	0	1	0	0	0
A	BL	1	80	1	1	BA1650	15357	4	5	1	1	0	0	0	0	0	0	0
A	BL	1	80	1	1	BA1650	15366	5	0	0	0	0	0	0	1	0	0	0
A	BL	1	80	1	1	BA1650	15367	5	4	0	0	0	0	0	0	0	0	0
A	BL	1	80	1	1	BA1650	15381	4	5	1	1	0	0	0	0	0	0	0
A	BL	1	80	1	1	BA1650	15391	5	9	0	0	0	0	0	0	0	0	0
A	BL	1	80	1	1	BA1650	15394	9	0	0	0	0	0	0	1	0	0	0
A	BL	1	80	1	1	BA1650	15401	9	10	0	0	0	0	0	0	0	0	0
A	BL	1	80	1	1	BA1650	15476	10	2	0	0	0	0	0	0	0	0	0
A	BL	1	80	1	1	BA1650	15477	2	6	0	0	0	0	0	0	0	0	0
A	BL	1	80	1	1	BA1650	15773	6	8	2	0	1	0	0	0	0	0	0
A	BL	1	80	1	1	BA1650	15783	8	7	0	0	0	0	0	0	0	0	0
A	BL	1	80	1	1	BA1650	15807	7	0	0	0	0	0	0	0	1	0	0
A	BL	1	80	1	1	BA1650	15834	7	8	2	0	1	0	0	0	0	0	0
A	BL	1	80	1	1	BA1650	15844	8	7	0	0	0	0	0	0	0	0	0
A	BL	1	80	1	1	BA1650	15849	7	0	0	0	0	0	0	0	1	0	0
A	BL	1	80	1	1	BA1650	15922	7	8	2	0	1	0	0	0	0	0	0
A	BL	1	80	1	1	BA1650	15932	8	7	0	0	0	0	0	0	0	0	0
A	BL	1	80	1	1	BA1650	15946	7	0	0	0	0	0	0	0	1	0	0
A	BL	1	80	1	1	BA1650	15948	7	8	2	0	1	0	0	0	0	0	0
A	BL	1	80	1	1	BA1650	15958	8	7	0	0	0	0	0	0	0	0	0
A	BL	1	80	1	1	BA1650	15964	7	0	0	0	0	0	0	0	1	0	0
A	BL	1	80	1	1	BA1650	15968	7	8	2	0	1	0	0	0	0	0	0
A	BL	1	80	1	1	BA1650	15978	8	7	0	0	0	0	0	0	1	0	0
A	BL	1	80	1	1	BA1650	15989	7	8	2	0	1	0	0	0	0	0	0
A	BL	1	80	1	1	BA1650	15992	8	0	0	0	0	0	0	0	1	0	0
A	BL	1	80	1	1	BA1650	15999	8	7	0	0	0	0	0	0	0	0	0
A	BL	1	80	1	1	BA1650	16000	7	8	2	0	1	0	0	0	0	0	0
A	BL	1	80	1	1	BA1650	16005	8	0	0	0	0	0	0	0	1	0	0
A	BL	1	80	1	1	BA1650	16009	8	0	0	0	1	0	0	0	0	0	0
A	BL	1	80	1	1	BA1650	16010	8	7	0	0	0	0	0	0	0	0	0
A	BL	1	80	1	1	BA1650	16025	7	0	0	0	0	0	0	0	1	0	0
A	BL	1	80	1	1	BA1650	16027	7	8	2	0	1	0	0	0	0	0	0
A	BL	1	80	1	1	BA1650	16037	8	7	0	0	0	0	0	0	0	0	0
A	BL	1	80	1	1	BA1650	16041	7	0	0	0	0	0	0	0	1	0	0
A	BL	1	80	1	1	BA1650	16042	7	8	2	0	1	0	0	0	0	0	0
A	BL	1	80	1	1	BA1650	16052	8	7	0	0	0	0	0	0	0	0	0
A	BL	1	80	1	1	BA1650	16053	7	0	0	0	0	0	0	0	1	0	0
A	BL	1	80	1	1	BA1650	16079	7	8	2	0	1	0	0	0	0	0	0
A	BL	1	80	1	1	BA1650	16082	8	0	0	0	0	0	0	0	1	0	0
A	BL	1	80	1	1	BA1650	16086	8	0	0	0	1	0	0	0	0	0	0
A	BL	1	80	1	1	BA1650	16089	8	9	0	0	0	0	0	0	0	0	0
A	BL	1	80	1	1	BA1650	16092	9	0	0	0	0	0	0	0	1	0	0
A	BL	1	80	1	1	BA1650	16095	9	0	0	0	1	0	0	0	0	0	0
A	BL	1	80	1	1	BA1650	16099	9	10	0	0	0	0	0	0	0	0	0
A	BL	1	80	1	1	BA1650	16120	10	0	0	0	0	0	0	0	1	0	0
A	BL	1	80	1	1	BA1650	16174	10	2	0	0	0	0	0	0	0	0	0
A	BL	1	80	1	1	BA1650	16175	2	6	0	0	0	0	0	0	0	0	0
A	BL	1	80	1	1	BA1650	16429	6	8	2	0	1	0	0	0	0	0	0
A	BL	1	80	1	1	BA1650	16434	8	0	0	0	0	0	0	0	1	0	0
A	BL	1	80	1	1	BA1650	16439	8	7	0	0	0	0	0	0	0	0	0
A	BL	1	80	1	1	BA1650	16441	7	8	2	0	1	0	0	0	0	0	0
A	BL	1	80	1	1	BA1650	16451	8	7	0	0	0	0	0	0	0	0	0
A	BL	1	80	1	1	BA1650	16457	7	0	0	0	0	0	0	0	1	0	0
A	BL	1	80	1	1	BA1650	16500	7	8	2	0	1	0	0	0	0	0	0
A	BL	1	80	1	1	BA1650	16509	8	0	0	0	0	0	0	0	1	0	0
A	BL	1	80	1	1	BA1650	16510	8	7	0	0	0	0	0	0	0	0	0
A	BL	1	80	1	1	BA1650	16522	7	8	2	0	1	0	0	0	0	0	0
A	BL	1	80	1	1	BA1650	16531	8	0	0	0	0	0	0	0	1	0	0
A	BL	1	80	1	1	BA1650	16532	8	7	0	0	0	0	0	0	0	0	0
A	BL	1	80	1	1	BA1650	16541	7	8	2	0	1	0	0	0	0	0	0
A	BL	1	80	1	1	BA1650	16544	8	0	0	0	0	0	0	0	1	0	0
A	BL	1	80	1	1	BA1650	16551	8	7	0	0	0	0	0	0	0	0	0
A	BL	1	80	1	1	BA1650	16552	7	8	2	0	1	0	0	0	0	0	0
A	BL	1	80	1	1	BA1650	16557	8	0	0	0	0	0	0	0	1	0	0
A	BL	1	80	1	1	BA1650	16560	8	0	0	0	1	0	0	0	0	0	0
A	BL	1	80	1	1	BA1650	16562	8	7	0	0	0	0	0	0	0	0	0
A	BL	1	80	1	1	BA1650	16573	7	0	0	0	0	0	0	0	1	0	0
A	BL	1	80	1	1	BA1650	16576	7	8	2	0	1	0	0	0	0	0	0
A	BL	1	80	1	1	BA1650	16586	8	7	0	0	0	0	0	0	0	0	0
A	BL	1	80	1	1	BA1650	16592	7	0	0	0	0	0	0	0	1	0	0
A	BL	1	80	1	1	BA1650	16608	7	8	2	0	1	0	0	0	0	0	0
A	BL	1	80	1	1	BA1650	16614	8	0	0	0	0	0	0	0	1	0	0
A	BL	1	80	1	1	BA1650	16618	8	7	0	0	0	0	0	0	0	0	0
A	BL	1	80	1	1	BA1650	16640	7	8	2	0	1	0	0	0	0	0	0
A	BL	1	80	1	1	BA1650	16644	8	0	0	0	0	0	0	0	1	0	0
A	BL	1	80	1	1	BA1650	16647	8	0	0	0	1	0	0	0	0	0	0
A	BL	1	80	1	1	BA1650	16650	8	7	0	0	0	0	0	0	0	0	0
A	BL	1	80	1	1	BA1650	16655	7	0	0	0	0	0	0	0	1	0	0
A	BL	1	80	1	1	BA1650	16659	7	8	2	0	1	0	0	0	0	0	0
A	BL	1	80	1	1	BA1650	16669	8	9	0	0	0	0	0	0	0	0	0
A	BL	1	80	1	1	BA1650	16679	9	10	0	0	0	0	0	0	0	0	0
A	BL	1	80	1	1	BA1650	16685	10	0	0	0	0	0	0	0	1	0	0
A	BL	1	80	1	1	BA1650	16754	10	2	0	0	0	0	0	0	0	0	0
A	BL	1	80	1	1	BA1650	16755	2	6	0	0	0	0	0	0	0	0	0
A	BL	1	80	1	1	BA1650	16896	6	8	2	0	1	0	0	0	0	0	0
A	BL	1	80	1	1	BA1650	16901	8	0	0	0	0	0	0	0	1	0	0
A	BL	1	80	1	1	BA1650	16906	8	7	0	0	0	0	0	0	0	0	0
A	BL	1	80	1	1	BA1650	17002	7	8	2	0	1	0	0	0	0	0	0
A	BL	1	80	1	1	BA1650	17008	8	0	0	0	0	0	0	0	1	0	0
A	BL	1	80	1	1	BA1650	17011	8	0	0	0	1	0	0	0	0	0	0
A	BL	1	80	1	1	BA1650	17012	8	7	0	0	0	0	0	0	0	0	0
A	BL	1	80	1	1	BA1650	17034	7	0	0	0	0	0	0	0	1	0	0
A	BL	1	80	1	1	BA1650	17065	7	8	2	0	1	0	0	0	0	0	0
A	BL	1	80	1	1	BA1650	17067	8	0	0	0	0	0	0	0	1	0	0
A	BL	1	80	1	1	BA1650	17070	8	0	0	0	1	0	0	0	0	0	0
A	BL	1	80	1	1	BA1650	17075	8	7	0	0	0	0	0	0	0	0	0
A	BL	1	80	1	1	BA1650	17082	7	0	0	0	0	0	0	0	1	0	0
A	BL	1	80	1	1	BA1650	17089	7	8	2	0	1	0	0	0	0	0	0
A	BL	1	80	1	1	BA1650	17099	8	7	0	0	0	0	0	0	0	0	0
A	BL	1	80	1	1	BA1650	17100	7	0	0	0	0	0	0	0	1	0	0
A	BL	1	80	1	1	BA1650	17108	7	8	2	0	1	0	0	0	0	0	0
A	BL	1	80	1	1	BA1650	17118	8	7	0	0	0	0	0	0	0	0	0
A	BL	1	80	1	1	BA1650	17121	7	0	0	0	0	0	0	0	1	0	0
A	BL	1	80	1	1	BA1650	17156	7	8	2	0	1	0	0	0	0	0	0
A	BL	1	80	1	1	BA1650	17158	8	0	0	0	0	0	0	0	1	0	0
A	BL	1	80	1	1	BA1650	17163	8	0	0	0	1	0	0	0	0	0	0
A	BL	1	80	1	1	BA1650	17166	8	7	0	0	0	0	0	0	0	0	0
A	BL	1	80	1	1	BA1650	17224	7	0	0	0	0	0	0	0	1	0	0
A	BL	1	80	1	1	BA1650	17234	7	8	2	0	1	0	0	0	0	0	0
A	BL	1	80	1	1	BA1650	17239	8	0	0	0	0	0	0	0	1	0	0
A	BL	1	80	1	1	BA1650	17244	8	7	0	0	0	0	0	0	0	0	0
A	BL	1	80	1	1	BA1650	17269	7	8	2	0	1	0	0	0	0	0	0
A	BL	1	80	1	1	BA1650	17275	8	0	0	0	0	0	0	0	1	0	0
A	BL	1	80	1	1	BA1650	17279	8	7	0	0	0	0	0	0	0	0	0
A	BL	1	80	1	1	BA1650	17285	7	8	2	0	1	0	0	0	0	0	0
A	BL	1	80	1	1	BA1650	17287	8	0	0	0	0	0	0	0	1	0	0
A	BL	1	80	1	1	BA1650	17288	8	0	0	0	1	0	0	0	0	0	0
A	BL	1	80	1	1	BA1650	17294	8	0	0	0	0	0	0	0	1	0	0
A	BL	1	80	1	1	BA1650	17295	8	7	0	0	0	0	0	0	0	0	0
A	BL	1	80	1	1	BA1650	17314	7	8	2	0	1	0	0	0	0	0	0
A	BL	1	80	1	1	BA1650	17317	8	0	0	0	0	0	0	0	1	0	0
A	BL	1	80	1	1	BA1650	17318	8	0	0	0	1	0	0	0	0	0	0
A	BL	1	80	1	1	BA1650	17324	8	9	0	0	0	0	0	0	0	0	0
A	BL	1	80	1	1	BA1650	17325	9	0	0	0	0	0	0	0	1	0	0
A	BL	1	80	1	1	BA1650	17334	9	10	0	0	0	0	0	0	0	0	0
A	BL	1	80	1	1	BA1650	17409	10	2	0	0	0	0	0	0	0	0	0
A	BL	1	80	1	1	BA1650	17410	2	3	0	0	0	0	0	0	0	0	0
A	BL	1	80	1	1	BA1650	17513	3	5	1	1	0	0	0	0	0	0	0
A	BL	1	80	1	1	BA1650	17519	5	0	0	1	0	0	0	1	0	0	0
A	BL	1	80	1	1	BA1650	17523	5	4	0	0	0	0	0	0	0	0	0
A	BL	1	80	1	1	BA1650	17525	4	0	0	0	0	0	0	1	0	0	0
A	BL	1	80	1	1	BA1650	17535	4	5	1	1	0	0	0	0	0	0	0
A	BL	1	80	1	1	BA1650	17537	5	0	0	0	0	0	0	1	0	0	0
A	BL	1	80	1	1	BA1650	17544	5	0	0	1	0	0	0	0	0	0	0
A	BL	1	80	1	1	BA1650	17545	5	4	0	0	0	0	0	0	0	0	0
A	BL	1	80	1	1	BA1650	17566	4	0	0	0	0	0	0	1	0	0	0
A	BL	1	80	1	1	BA1650	17578	4	5	1	1	0	0	0	0	0	0	0
A	BL	1	80	1	1	BA1650	17585	5	0	0	0	0	0	0	1	0	0	0
A	BL	1	80	1	1	BA1650	17588	5	4	0	0	0	0	0	0	0	0	0
A	BL	1	80	1	1	BA1650	17589	4	5	1	1	0	0	0	0	0	0	0
A	BL	1	80	1	1	BA1650	17597	5	0	0	0	0	0	0	1	0	0	0
A	BL	1	80	1	1	BA1650	17599	5	4	0	0	0	0	0	0	0	0	0
A	BL	1	80	1	1	BA1650	17601	4	5	1	1	0	0	0	0	0	0	0
A	BL	1	80	1	1	BA1650	17604	5	0	0	0	0	0	0	1	0	0	0
A	BL	1	80	1	1	BA1650	17606	5	0	0	1	0	0	0	0	0	0	0
A	BL	1	80	1	1	BA1650	17611	5	9	0	0	0	0	0	0	0	0	0
A	BL	1	80	1	1	BA1650	17617	9	0	0	0	0	0	0	1	0	0	0
A	BL	1	80	1	1	BA1650	17621	9	10	0	0	0	0	0	0	0	0	0
A	BL	1	80	1	1	BA1650	17696	10	2	0	0	0	0	0	0	0	0	0
A	BL	1	80	1	1	BA1650	17697	2	3	0	0	0	0	0	0	0	0	0
A	BL	1	80	1	1	BA1650	18018	3	5	1	1	0	0	0	0	0	0	0
A	BL	1	80	1	1	BA1650	18028	5	4	0	0	0	0	0	0	0	0	0
A	BL	1	80	1	1	BA1650	18034	4	0	0	0	0	0	0	1	0	0	0
A	BL	1	80	1	1	BA1650	18101	4	5	1	1	0	0	0	0	0	0	0
A	BL	1	80	1	1	BA1650	18109	5	0	0	0	0	0	0	1	0	0	0
A	BL	1	80	1	1	BA1650	18111	5	4	0	0	0	0	0	0	0	0	0
A	BL	1	80	1	1	BA1650	18116	4	5	1	1	0	0	0	0	0	0	0
A	BL	1	80	1	1	BA1650	18120	5	0	0	1	0	0	0	1	0	0	0
A	BL	1	80	1	1	BA1650	18126	5	4	0	0	0	0	0	0	0	0	0
A	BL	1	80	1	1	BA1650	18128	4	0	0	0	0	0	0	1	0	0	0
A	BL	1	80	1	1	BA1650	18135	4	5	1	1	0	0	0	0	0	0	0
A	BL	1	80	1	1	BA1650	18145	5	4	0	0	0	0	0	1	0	0	0
A	BL	1	80	1	1	BA1650	18175	4	5	1	1	0	0	0	0	0	0	0
A	BL	1	80	1	1	BA1650	18185	5	9	0	0	0	0	0	0	0	0	0
A	BL	1	80	1	1	BA1650	18195	9	10	0	0	0	0	0	0	0	0	0
A	BL	1	80	1	1	BA1650	18196	10	0	0	0	0	0	0	1	0	0	0
A	BL	1	80	1	1	BA1650	18230	10	0	0	1	0	0	0	0	0	0	0
A	BL	1	80	1	1	BA1650	18238	10	0	0	0	0	0	0	1	0	0	0
A	BL	1	80	1	1	BA1650	18270	10	2	0	0	0	0	0	0	0	0	0
A	BL	1	80	1	1	BA1650	18271	2	3	0	0	0	0	0	0	0	0	0
A	BL	1	80	1	1	BA1650	18391	3	5	1	1	0	0	0	0	0	0	0
A	BL	1	80	1	1	BA1650	18401	5	4	0	0	0	0	0	0	0	0	0
A	BL	1	80	1	1	BA1650	18413	4	0	0	0	0	0	0	1	0	0	0
A	BL	1	80	1	1	BA1650	18419	4	5	1	1	0	0	0	0	0	0	0
A	BL	1	80	1	1	BA1650	18423	5	0	0	0	0	0	0	1	0	0	0
A	BL	1	80	1	1	BA1650	18428	5	0	0	1	0	0	0	0	0	0	0
A	BL	1	80	1	1	BA1650	18429	5	4	0	0	0	0	0	0	0	0	0
A	BL	1	80	1	1	BA1650	18436	4	0	0	0	0	0	0	1	0	0	0
A	BL	1	80	1	1	BA1650	18460	4	5	1	1	0	0	0	0	0	0	0
A	BL	1	80	1	1	BA1650	18463	5	0	0	0	0	0	0	1	0	0	0
A	BL	1	80	1	1	BA1650	18470	5	4	0	0	0	0	0	0	0	0	0
A	BL	1	80	1	1	BA1650	18496	4	5	1	1	0	0	0	0	0	0	0
A	BL	1	80	1	1	BA1650	18505	5	0	0	0	0	0	0	1	0	0	0
A	BL	1	80	1	1	BA1650	18506	5	4	0	0	0	0	0	0	0	0	0
A	BL	1	80	1	1	BA1650	18509	4	5	1	1	0	0	0	0	0	0	0
A	BL	1	80	1	1	BA1650	18519	5	9	0	0	0	0	0	0	0	0	0
A	BL	1	80	1	1	BA1650	18523	9	0	0	0	0	0	0	1	0	0	0
A	BL	1	80	1	1	BA1650	18528	9	0	0	1	0	0	0	0	0	0	0
A	BL	1	80	1	1	BA1650	18529	9	10	0	0	0	0	0	0	0	0	0
A	BL	1	80	1	1	BA1650	18540	10	0	0	0	0	0	0	1	0	0	0
A	BL	1	80	1	1	BA1650	18604	10	2	0	0	0	0	0	0	0	0	0
A	BL	1	80	1	1	BA1650	18605	2	6	0	0	0	0	0	0	0	0	0
A	BL	1	80	1	1	BA1650	18718	6	0	0	1	0	0	0	0	0	0	0
A	BL	1	80	1	1	BA1650	18722	6	0	0	0	0	0	0	1	0	0	0
A	BL	1	80	1	1	BA1650	18729	6	0	0	1	0	0	0	0	0	0	0
A	BL	1	80	1	1	BA1650	18745	6	0	0	0	0	0	0	1	0	0	0
A	BL	1	80	1	1	BA1650	18749	6	0	0	1	0	0	0	0	0	0	0
A	BL	1	80	1	1	BA1650	18756	6	0	0	0	0	0	0	1	0	0	0
A	BL	1	80	1	1	BA1650	18770	6	0	0	1	0	0	0	0	0	0	0
A	BL	1	80	1	1	BA1650	18778	6	0	0	0	0	0	0	1	0	0	0
A	BL	1	80	1	1	BA1650	18797	6	0	0	1	0	0	0	0	0	0	0
A	BL	1	80	1	1	BA1650	18800	6	0	0	0	0	0	0	1	0	0	0
A	BL	1	80	1	1	BA1650	18803	6	0	0	1	0	0	0	0	0	0	0
A	BL	1	80	1	1	BA1650	18816	6	0	0	0	0	0	0	1	0	0	0
A	BL	1	80	1	1	BA1650	18819	6	0	0	1	0	0	0	0	0	0	0
A	BL	1	80	1	1	BA1650	18845	6	0	0	0	0	0	0	1	0	0	0
A	BL	1	80	1	1	BA1650	18849	6	0	0	1	0	0	0	0	0	0	0
A	BL	1	80	1	1	BA1650	18851	6	0	0	0	0	0	0	1	0	0	0
A	BL	1	80	1	1	BA1650	18859	6	0	0	1	0	0	0	0	0	0	0
A	BL	1	80	1	1	BA1650	18865	6	0	0	0	0	0	0	1	0	0	0
A	BL	1	80	1	1	BA1650	18874	6	0	0	1	0	0	0	0	0	0	0
A	BL	1	80	1	1	BA1650	18897	6	0	0	0	0	0	0	1	0	0	0
A	BL	1	80	1	1	BA1650	18921	6	0	0	1	0	0	0	0	0	0	0
A	BL	1	80	1	1	BA1650	18925	6	0	0	0	0	0	0	1	0	0	0
A	BL	1	80	1	1	BA1650	18948	6	0	0	1	0	0	0	0	0	0	0
A	BL	1	80	1	1	BA1650	18964	6	0	0	0	0	0	0	1	0	0	0
A	BL	1	80	1	1	BA1650	19403	6	8	2	0	1	0	0	0	0	0	0
A	BL	1	80	1	1	BA1650	19406	8	0	0	0	0	0	0	0	1	0	0
A	BL	1	80	1	1	BA1650	19410	8	0	0	0	1	0	0	0	0	0	0
A	BL	1	80	1	1	BA1650	19413	8	7	0	0	0	0	0	0	0	0	0
A	BL	1	80	1	1	BA1650	19423	7	0	0	0	0	0	0	0	1	0	0
A	BL	1	80	1	1	BA1650	19462	7	8	2	0	1	0	0	0	0	0	0
A	BL	1	80	1	1	BA1650	19465	8	0	0	0	0	0	0	0	1	0	0
A	BL	1	80	1	1	BA1650	19469	8	0	0	0	1	0	0	0	0	0	0
A	BL	1	80	1	1	BA1650	19472	8	7	0	0	0	0	0	0	0	0	0
A	BL	1	80	1	1	BA1650	19481	7	0	0	0	0	0	0	0	1	0	0
A	BL	1	80	1	1	BA1650	19484	7	8	2	0	1	0	0	0	0	0	0
A	BL	1	80	1	1	BA1650	19494	8	7	0	0	0	0	0	0	0	0	0
A	BL	1	80	1	1	BA1650	19500	7	0	0	0	0	0	0	0	1	0	0
A	BL	1	80	1	1	BA1650	19509	7	8	2	0	1	0	0	0	0	0	0
A	BL	1	80	1	1	BA1650	19512	8	0	0	0	0	0	0	0	1	0	0
A	BL	1	80	1	1	BA1650	19519	8	7	0	0	0	0	0	0	0	0	0
A	BL	1	80	1	1	BA1650	19533	7	8	2	0	1	0	0	0	0	0	0
A	BL	1	80	1	1	BA1650	19540	8	0	0	0	0	0	0	0	1	0	0
A	BL	1	80	1	1	BA1650	19543	8	7	0	0	0	0	0	0	0	0	0
A	BL	1	80	1	1	BA1650	19544	7	8	2	0	1	0	0	0	0	0	0
A	BL	1	80	1	1	BA1650	19554	8	7	0	0	0	0	0	0	0	0	0
A	BL	1	80	1	1	BA1650	19558	7	0	0	0	0	0	0	0	1	0	0
A	BL	1	80	1	1	BA1650	19561	7	8	2	0	1	0	0	0	0	0	0
A	BL	1	80	1	1	BA1650	19566	8	0	0	0	0	0	0	0	1	0	0
A	BL	1	80	1	1	BA1650	19571	8	7	0	0	0	0	0	0	0	0	0
A	BL	1	80	1	1	BA1650	19576	7	8	2	0	1	0	0	0	0	0	0
A	BL	1	80	1	1	BA1650	19577	8	0	0	0	0	0	0	0	1	0	0
A	BL	1	80	1	1	BA1650	19584	8	0	0	0	1	0	0	0	0	0	0
A	BL	1	80	1	1	BA1650	19586	8	7	0	0	0	0	0	0	0	0	0
A	BL	1	80	1	1	BA1650	19603	7	0	0	0	0	0	0	0	1	0	0
A	BL	1	80	1	1	BA1650	19607	7	8	2	0	1	0	0	0	0	0	0
A	BL	1	80	1	1	BA1650	19615	8	0	0	0	0	0	0	0	1	0	0
A	BL	1	80	1	1	BA1650	19617	8	7	0	0	0	0	0	0	0	0	0
A	BL	1	80	1	1	BA1650	19622	7	8	2	0	1	0	0	0	0	0	0
A	BL	1	80	1	1	BA1650	19627	8	0	0	0	0	0	0	0	1	0	0
A	BL	1	80	1	1	BA1650	19632	8	9	0	0	0	0	0	0	0	0	0
A	BL	1	80	1	1	BA1650	19642	9	10	0	0	0	0	0	0	0	0	0
A	BL	1	80	1	1	BA1650	19717	10	2	0	0	0	0	0	0	0	0	0
A	BL	1	80	1	1	BA1650	19718	2	3	0	0	0	0	0	0	0	0	0
A	BL	1	80	1	1	BA1650	19815	3	5	1	1	0	0	0	0	0	0	0
A	BL	1	80	1	1	BA1650	19817	5	0	0	1	0	0	0	1	0	0	0
A	BL	1	80	1	1	BA1650	19819	5	0	0	0	0	0	0	1	0	0	0
A	BL	1	80	1	1	BA1650	19822	5	0	0	1	0	0	0	0	0	0	0
A	BL	1	80	1	1	BA1650	19825	5	4	0	0	0	0	0	0	0	0	0
A	BL	1	80	1	1	BA1650	19829	4	0	0	0	0	0	0	1	0	0	0
A	BL	1	80	1	1	BA1650	19848	4	5	1	1	0	0	0	0	0	0	0
A	BL	1	80	1	1	BA1650	19852	5	0	0	0	0	0	0	1	0	0	0
A	BL	1	80	1	1	BA1650	19858	5	4	0	0	0	0	0	0	0	0	0
A	BL	1	80	1	1	BA1650	19886	4	5	1	1	0	0	0	0	0	0	0
A	BL	1	80	1	1	BA1650	19892	5	0	0	0	0	0	0	1	0	0	0
A	BL	1	80	1	1	BA1650	19896	5	4	0	0	0	0	0	0	0	0	0
A	BL	1	80	1	1	BA1650	19903	4	5	1	1	0	0	0	0	0	0	0
A	BL	1	80	1	1	BA1650	19910	5	0	0	0	0	0	0	1	0	0	0
A	BL	1	80	1	1	BA1650	19913	5	4	0	0	0	0	0	0	0	0	0
A	BL	1	80	1	1	BA1650	19921	4	5	1	1	0	0	0	0	0	0	0
A	BL	1	80	1	1	BA1650	19924	5	0	0	0	0	0	0	1	0	0	0
A	BL	1	80	1	1	BA1650	19931	5	9	0	0	0	0	0	0	0	0	0
A	BL	1	80	1	1	BA1650	19932	9	0	0	1	0	0	0	0	0	0	0
A	BL	1	80	1	1	BA1650	19935	9	0	0	0	0	0	0	1	0	0	0
A	BL	1	80	1	1	BA1650	19941	9	10	0	0	0	0	0	0	0	0	0
A	BL	1	80	1	1	BA1650	20016	10	2	0	0	0	0	0	0	0	0	0
A	BL	1	80	1	1	BA1650	20017	2	6	0	0	0	0	0	0	0	0	0
A	BL	1	80	1	1	BA1650	20203	6	0	0	1	0	0	0	0	0	0	0
A	BL	1	80	1	1	BA1650	20212	6	0	0	0	0	0	0	1	0	0	0
A	BL	1	80	1	1	BA1650	20225	6	0	0	1	0	0	0	0	0	0	0
A	BL	1	80	1	1	BA1650	20234	6	0	0	0	0	0	0	1	0	0	0
A	BL	1	80	1	1	BA1650	20236	6	0	0	1	0	0	0	0	0	0	0
A	BL	1	80	1	1	BA1650	20252	6	0	0	0	0	0	0	1	0	0	0
A	BL	1	80	1	1	BA1650	20269	6	0	0	1	0	0	0	0	0	0	0
A	BL	1	80	1	1	BA1650	20271	6	0	0	0	0	0	0	1	0	0	0
A	BL	1	80	1	1	BA1650	20288	6	0	0	1	0	0	0	0	0	0	0
A	BL	1	80	1	1	BA1650	20298	6	0	0	0	0	0	0	1	0	0	0
A	BL	1	80	1	1	BA1650	20307	6	0	0	1	0	0	0	0	0	0	0
A	BL	1	80	1	1	BA1650	20318	6	0	0	0	0	0	0	1	0	0	0
A	BL	1	80	1	1	BA1650	20402	6	0	0	1	0	0	0	0	0	0	0
A	BL	1	80	1	1	BA1650	20405	6	0	0	0	0	0	0	1	0	0	0
A	BL	1	80	1	1	BA1650	20409	6	0	0	1	0	0	0	0	0	0	0
A	BL	1	80	1	1	BA1650	20416	6	0	0	0	0	0	0	1	0	0	0
A	BL	1	80	1	1	BA1650	20427	6	0	0	1	0	0	0	0	0	0	0
A	BL	1	80	1	1	BA1650	20434	6	0	0	0	0	0	0	1	0	0	0
A	BL	1	80	1	1	BA1650	20620	6	8	2	0	1	0	0	0	0	0	0
A	BL	1	80	1	1	BA1650	20630	8	7	0	0	0	0	0	0	0	0	0
A	BL	1	80	1	1	BA1650	20656	7	0	0	0	0	0	0	0	1	0	0
A	BL	1	80	1	1	BA1650	20667	7	8	2	0	1	0	0	0	0	0	0
A	BL	1	80	1	1	BA1650	20677	8	7	0	0	0	0	0	0	0	0	0
A	BL	1	80	1	1	BA1650	20687	7	0	0	0	0	0	0	0	1	0	0
A	BL	1	80	1	1	BA1650	20694	7	8	2	0	1	0	0	0	0	0	0
A	BL	1	80	1	1	BA1650	20704	8	7	0	0	0	0	0	0	0	0	0
A	BL	1	80	1	1	BA1650	20706	7	0	0	0	0	0	0	0	1	0	0
A	BL	1	80	1	1	BA1650	20712	7	8	2	0	1	0	0	0	0	0	0
A	BL	1	80	1	1	BA1650	20722	8	7	0	0	0	0	0	0	0	0	0
A	BL	1	80	1	1	BA1650	20724	7	0	0	0	0	0	0	0	1	0	0
A	BL	1	80	1	1	BA1650	20729	7	8	2	0	1	0	0	0	0	0	0
A	BL	1	80	1	1	BA1650	20739	8	7	0	0	0	0	0	0	0	0	0
A	BL	1	80	1	1	BA1650	20743	7	0	0	0	0	0	0	0	1	0	0
A	BL	1	80	1	1	BA1650	20754	7	8	2	0	1	0	0	0	0	0	0
A	BL	1	80	1	1	BA1650	20764	8	7	0	0	0	0	0	0	0	0	0
A	BL	1	80	1	1	BA1650	20770	7	0	0	0	0	0	0	0	1	0	0
A	BL	1	80	1	1	BA1650	20774	7	8	2	0	1	0	0	0	0	0	0
A	BL	1	80	1	1	BA1650	20784	8	7	0	0	0	0	0	0	0	0	0
A	BL	1	80	1	1	BA1650	20785	7	0	0	0	0	0	0	0	1	0	0
A	BL	1	80	1	1	BA1650	20796	7	8	2	0	1	0	0	0	0	0	0
A	BL	1	80	1	1	BA1650	20798	8	0	0	0	0	0	0	0	1	0	0
A	BL	1	80	1	1	BA1650	20806	8	7	0	0	0	0	0	0	0	0	0
A	BL	1	80	1	1	BA1650	20808	7	8	2	0	1	0	0	0	0	0	0
A	BL	1	80	1	1	BA1650	20815	8	0	0	0	0	0	0	0	1	0	0
A	BL	1	80	1	1	BA1650	20818	8	7	0	0	0	0	0	0	0	0	0
A	BL	1	80	1	1	BA1650	20820	7	8	2	0	1	0	0	0	0	0	0
A	BL	1	80	1	1	BA1650	20827	8	0	0	0	0	0	0	0	1	0	0
A	BL	1	80	1	1	BA1650	20830	8	9	0	0	0	0	0	0	0	0	0
A	BL	1	80	1	1	BA1650	20832	9	0	0	0	1	0	0	0	0	0	0
A	BL	1	80	1	1	BA1650	20840	9	10	0	0	0	0	0	0	0	0	0
A	BL	1	80	1	1	BA1650	20847	10	0	0	0	0	0	0	0	1	0	0
A	BL	1	80	1	1	BA1650	20915	10	2	0	0	0	0	0	0	0	0	0
A	BL	1	80	1	1	BA1650	20916	2	3	0	0	0	0	0	0	0	0	0
A	BL	1	80	1	1	BA1650	21054	3	5	1	1	0	0	0	0	0	0	0
A	BL	1	80	1	1	BA1650	21064	5	4	0	0	0	0	0	1	0	0	0
A	BL	1	80	1	1	BA1650	21107	4	5	1	1	0	0	0	0	0	0	0
A	BL	1	80	1	1	BA1650	21111	5	0	0	0	0	0	0	1	0	0	0
A	BL	1	80	1	1	BA1650	21117	5	4	0	0	0	0	0	0	0	0	0
A	BL	1	80	1	1	BA1650	21118	4	5	1	1	0	0	0	0	0	0	0
A	BL	1	80	1	1	BA1650	21128	5	4	0	0	0	0	0	0	0	0	0
A	BL	1	80	1	1	BA1650	21137	4	0	0	0	0	0	0	1	0	0	0
A	BL	1	80	1	1	BA1650	21175	4	5	1	1	0	0	0	0	0	0	0
A	BL	1	80	1	1	BA1650	21185	5	4	0	0	0	0	0	1	0	0	0
A	BL	1	80	1	1	BA1650	21187	4	5	1	1	0	0	0	0	0	0	0
A	BL	1	80	1	1	BA1650	21197	5	9	0	0	0	0	0	0	0	0	0
A	BL	1	80	1	1	BA1650	21207	9	10	0	0	0	0	0	0	0	0	0
A	BL	1	80	1	1	BA1650	21220	10	0	0	0	0	0	0	1	0	0	0
A	BL	1	80	1	1	BA1650	21282	10	2	0	0	0	0	0	0	0	0	0
A	BL	1	80	1	1	BA1650	21283	2	3	0	0	0	0	0	0	0	0	0
A	BL	1	80	1	1	BA1650	21510	3	5	1	1	0	0	0	0	0	0	0
A	BL	1	80	1	1	BA1650	21519	5	0	0	0	0	0	0	1	0	0	0
A	BL	1	80	1	1	BA1650	21520	5	4	0	0	0	0	0	0	0	0	0
A	BL	1	80	1	1	BA1650	21559	4	5	1	1	0	0	0	0	0	0	0
A	BL	1	80	1	1	BA1650	21567	5	0	0	0	0	0	0	1	0	0	0
A	BL	1	80	1	1	BA1650	21569	5	4	0	0	0	0	0	0	0	0	0
A	BL	1	80	1	1	BA1650	21572	4	5	1	1	0	0	0	0	0	0	0
A	BL	1	80	1	1	BA1650	21582	5	4	0	0	0	0	0	0	0	0	0
A	BL	1	80	1	1	BA1650	21583	4	0	0	0	0	0	0	1	0	0	0
A	BL	1	80	1	1	BA1650	21595	4	5	1	1	0	0	0	0	0	0	0
A	BL	1	80	1	1	BA1650	21602	5	0	0	0	0	0	0	1	0	0	0
A	BL	1	80	1	1	BA1650	21605	5	4	0	0	0	0	0	0	0	0	0
A	BL	1	80	1	1	BA1650	21749	4	5	1	1	0	0	0	0	0	0	0
A	BL	1	80	1	1	BA1650	21759	5	9	0	0	0	0	0	0	0	0	0
A	BL	1	80	1	1	BA1650	21762	9	0	0	0	0	0	0	1	0	0	0
A	BL	1	80	1	1	BA1650	21769	9	-1	0	0	0	0	0	0	0	0	0
