Project	UserID	Protocol	Session	Station	Run	Subject	Time	Current State	Transition State	Transition Event	A1 - LEFT	A2 - RIGH	A3 - 	A4 - 	A[1] LEFT	A[2] RIGH	A[3] 	A[4] 
A	BL	1	78	9	1	BA1651	0	0	1	0	0	0	0	0	0	0	0	0
A	BL	1	78	9	1	BA1651	50	1	2	0	0	0	0	0	0	0	0	0
A	BL	1	78	9	1	BA1651	51	2	3	0	0	0	0	0	0	0	0	0
A	BL	1	78	9	1	BA1651	318	3	5	1	1	0	0	0	0	0	0	0
A	BL	1	78	9	1	BA1651	328	5	4	0	0	0	0	0	0	0	0	0
A	BL	1	78	9	1	BA1651	336	4	0	0	0	0	0	0	1	0	0	0
A	BL	1	78	9	1	BA1651	342	4	5	1	1	0	0	0	0	0	0	0
A	BL	1	78	9	1	BA1651	352	5	4	0	0	0	0	0	0	0	0	0
A	BL	1	78	9	1	BA1651	368	4	0	0	0	0	0	0	1	0	0	0
A	BL	1	78	9	1	BA1651	372	4	5	1	1	0	0	0	0	0	0	0
A	BL	1	78	9	1	BA1651	382	5	4	0	0	0	0	0	0	0	0	0
A	BL	1	78	9	1	BA1651	412	4	0	0	0	0	0	0	1	0	0	0
A	BL	1	78	9	1	BA1651	421	4	5	1	1	0	0	0	0	0	0	0
A	BL	1	78	9	1	BA1651	422	5	0	0	0	0	0	0	1	0	0	0
A	BL	1	78	9	1	BA1651	424	5	0	0	1	0	0	0	0	0	0	0
A	BL	1	78	9	1	BA1651	431	5	4	0	0	0	0	0	0	0	0	0
A	BL	1	78	9	1	BA1651	477	4	0	0	0	0	0	0	1	0	0	0
A	BL	1	78	9	1	BA1651	482	4	5	1	1	0	0	0	0	0	0	0
A	BL	1	78	9	1	BA1651	492	5	9	0	0	0	0	0	0	0	0	0
A	BL	1	78	9	1	BA1651	502	9	10	0	0	0	0	0	0	0	0	0
A	BL	1	78	9	1	BA1651	510	10	0	0	0	0	0	0	1	0	0	0
A	BL	1	78	9	1	BA1651	577	10	2	0	0	0	0	0	0	0	0	0
A	BL	1	78	9	1	BA1651	578	2	6	0	0	0	0	0	0	0	0	0
A	BL	1	78	9	1	BA1651	626	6	8	2	0	1	0	0	0	0	0	0
A	BL	1	78	9	1	BA1651	633	8	0	0	0	0	0	0	0	1	0	0
A	BL	1	78	9	1	BA1651	635	8	0	0	0	1	0	0	0	0	0	0
A	BL	1	78	9	1	BA1651	636	8	7	0	0	0	0	0	0	0	0	0
A	BL	1	78	9	1	BA1651	643	7	0	0	0	0	0	0	0	1	0	0
A	BL	1	78	9	1	BA1651	663	7	8	2	0	1	0	0	0	0	0	0
A	BL	1	78	9	1	BA1651	671	8	0	0	0	0	0	0	0	1	0	0
A	BL	1	78	9	1	BA1651	673	8	7	0	0	0	0	0	0	0	0	0
A	BL	1	78	9	1	BA1651	693	7	8	2	0	1	0	0	0	0	0	0
A	BL	1	78	9	1	BA1651	703	8	7	0	0	0	0	0	0	0	0	0
A	BL	1	78	9	1	BA1651	709	7	0	0	0	0	0	0	0	1	0	0
A	BL	1	78	9	1	BA1651	743	7	8	2	0	1	0	0	0	0	0	0
A	BL	1	78	9	1	BA1651	753	8	7	0	0	0	0	0	0	0	0	0
A	BL	1	78	9	1	BA1651	756	7	0	0	0	0	0	0	0	1	0	0
A	BL	1	78	9	1	BA1651	836	7	8	2	0	1	0	0	0	0	0	0
A	BL	1	78	9	1	BA1651	846	8	7	0	0	0	0	0	0	0	0	0
A	BL	1	78	9	1	BA1651	866	7	0	0	0	0	0	0	0	1	0	0
A	BL	1	78	9	1	BA1651	880	7	8	2	0	1	0	0	0	0	0	0
A	BL	1	78	9	1	BA1651	885	8	0	0	0	0	0	0	0	1	0	0
A	BL	1	78	9	1	BA1651	890	8	7	0	0	0	0	0	0	0	0	0
A	BL	1	78	9	1	BA1651	901	7	8	2	0	1	0	0	0	0	0	0
A	BL	1	78	9	1	BA1651	911	8	7	0	0	0	0	0	0	0	0	0
A	BL	1	78	9	1	BA1651	924	7	0	0	0	0	0	0	0	1	0	0
A	BL	1	78	9	1	BA1651	943	7	8	2	0	1	0	0	0	0	0	0
A	BL	1	78	9	1	BA1651	953	8	7	0	0	0	0	0	0	0	0	0
A	BL	1	78	9	1	BA1651	986	7	0	0	0	0	0	0	0	1	0	0
A	BL	1	78	9	1	BA1651	1001	7	8	2	0	1	0	0	0	0	0	0
A	BL	1	78	9	1	BA1651	1011	8	7	0	0	0	0	0	0	0	0	0
A	BL	1	78	9	1	BA1651	1019	7	0	0	0	0	0	0	0	1	0	0
A	BL	1	78	9	1	BA1651	1025	7	8	2	0	1	0	0	0	0	0	0
A	BL	1	78	9	1	BA1651	1027	8	0	0	0	0	0	0	0	1	0	0
A	BL	1	78	9	1	BA1651	1035	8	9	0	0	0	0	0	0	0	0	0
A	BL	1	78	9	1	BA1651	1045	9	10	0	0	0	0	0	0	0	0	0
A	BL	1	78	9	1	BA1651	1120	10	2	0	0	0	0	0	0	0	0	0
A	BL	1	78	9	1	BA1651	1121	2	6	0	0	0	0	0	0	0	0	0
A	BL	1	78	9	1	BA1651	1151	6	8	2	0	1	0	0	0	0	0	0
A	BL	1	78	9	1	BA1651	1161	8	7	0	0	0	0	0	0	0	0	0
A	BL	1	78	9	1	BA1651	1168	7	0	0	0	0	0	0	0	1	0	0
A	BL	1	78	9	1	BA1651	1183	7	8	2	0	1	0	0	0	0	0	0
A	BL	1	78	9	1	BA1651	1193	8	7	0	0	0	0	0	0	0	0	0
A	BL	1	78	9	1	BA1651	1195	7	0	0	0	0	0	0	0	1	0	0
A	BL	1	78	9	1	BA1651	1210	7	8	2	0	1	0	0	0	0	0	0
A	BL	1	78	9	1	BA1651	1212	8	0	0	0	0	0	0	0	1	0	0
A	BL	1	78	9	1	BA1651	1214	8	0	0	0	1	0	0	0	0	0	0
A	BL	1	78	9	1	BA1651	1220	8	7	0	0	0	0	0	0	0	0	0
A	BL	1	78	9	1	BA1651	1232	7	0	0	0	0	0	0	0	1	0	0
A	BL	1	78	9	1	BA1651	1246	7	8	2	0	1	0	0	0	0	0	0
A	BL	1	78	9	1	BA1651	1256	8	7	0	0	0	0	0	0	0	0	0
A	BL	1	78	9	1	BA1651	1260	7	0	0	0	0	0	0	0	1	0	0
A	BL	1	78	9	1	BA1651	1265	7	8	2	0	1	0	0	0	0	0	0
A	BL	1	78	9	1	BA1651	1268	8	0	0	0	0	0	0	0	1	0	0
A	BL	1	78	9	1	BA1651	1275	8	7	0	0	0	0	0	0	0	0	0
A	BL	1	78	9	1	BA1651	1286	7	8	2	0	1	0	0	0	0	0	0
A	BL	1	78	9	1	BA1651	1296	8	7	0	0	0	0	0	0	0	0	0
A	BL	1	78	9	1	BA1651	1308	7	0	0	0	0	0	0	0	1	0	0
A	BL	1	78	9	1	BA1651	1339	7	8	2	0	1	0	0	0	0	0	0
A	BL	1	78	9	1	BA1651	1349	8	7	0	0	0	0	0	0	0	0	0
A	BL	1	78	9	1	BA1651	1357	7	0	0	0	0	0	0	0	1	0	0
A	BL	1	78	9	1	BA1651	1368	7	8	2	0	1	0	0	0	0	0	0
A	BL	1	78	9	1	BA1651	1378	8	7	0	0	0	0	0	0	0	0	0
A	BL	1	78	9	1	BA1651	1426	7	0	0	0	0	0	0	0	1	0	0
A	BL	1	78	9	1	BA1651	1438	7	8	2	0	1	0	0	0	0	0	0
A	BL	1	78	9	1	BA1651	1448	8	7	0	0	0	0	0	0	0	0	0
A	BL	1	78	9	1	BA1651	1449	7	0	0	0	0	0	0	0	1	0	0
A	BL	1	78	9	1	BA1651	1467	7	8	2	0	1	0	0	0	0	0	0
A	BL	1	78	9	1	BA1651	1476	8	0	0	0	0	0	0	0	1	0	0
A	BL	1	78	9	1	BA1651	1477	8	9	0	0	0	0	0	0	0	0	0
A	BL	1	78	9	1	BA1651	1484	9	0	0	0	1	0	0	0	0	0	0
A	BL	1	78	9	1	BA1651	1487	9	10	0	0	0	0	0	0	1	0	0
A	BL	1	78	9	1	BA1651	1558	10	0	0	0	1	0	0	0	0	0	0
A	BL	1	78	9	1	BA1651	1562	10	2	0	0	0	0	0	0	0	0	0
A	BL	1	78	9	1	BA1651	1563	2	6	0	0	0	0	0	0	0	0	0
A	BL	1	78	9	1	BA1651	1568	6	0	0	0	0	0	0	0	1	0	0
A	BL	1	78	9	1	BA1651	1571	6	8	2	0	1	0	0	0	0	0	0
A	BL	1	78	9	1	BA1651	1581	8	7	0	0	0	0	0	0	0	0	0
A	BL	1	78	9	1	BA1651	1625	7	0	0	0	0	0	0	0	1	0	0
A	BL	1	78	9	1	BA1651	1630	7	8	2	0	1	0	0	0	0	0	0
A	BL	1	78	9	1	BA1651	1633	8	0	0	0	0	0	0	0	1	0	0
A	BL	1	78	9	1	BA1651	1634	8	0	0	0	1	0	0	0	0	0	0
A	BL	1	78	9	1	BA1651	1640	8	7	0	0	0	0	0	0	0	0	0
A	BL	1	78	9	1	BA1651	1646	7	0	0	0	0	0	0	0	1	0	0
A	BL	1	78	9	1	BA1651	1660	7	8	2	0	1	0	0	0	0	0	0
A	BL	1	78	9	1	BA1651	1662	8	0	0	0	0	0	0	0	1	0	0
A	BL	1	78	9	1	BA1651	1665	8	0	0	0	1	0	0	0	0	0	0
A	BL	1	78	9	1	BA1651	1670	8	7	0	0	0	0	0	0	0	0	0
A	BL	1	78	9	1	BA1651	1677	7	0	0	0	0	0	0	0	1	0	0
A	BL	1	78	9	1	BA1651	1680	7	8	2	0	1	0	0	0	0	0	0
A	BL	1	78	9	1	BA1651	1683	8	0	0	0	0	0	0	0	1	0	0
A	BL	1	78	9	1	BA1651	1690	8	7	0	0	0	0	0	0	0	0	0
A	BL	1	78	9	1	BA1651	1691	7	8	2	0	1	0	0	0	0	0	0
A	BL	1	78	9	1	BA1651	1694	8	0	0	0	0	0	0	0	1	0	0
A	BL	1	78	9	1	BA1651	1701	8	7	0	0	0	0	0	0	0	0	0
A	BL	1	78	9	1	BA1651	1737	7	8	2	0	1	0	0	0	0	0	0
A	BL	1	78	9	1	BA1651	1741	8	0	0	0	0	0	0	0	1	0	0
A	BL	1	78	9	1	BA1651	1747	8	7	0	0	0	0	0	0	0	0	0
A	BL	1	78	9	1	BA1651	1762	7	8	2	0	1	0	0	0	0	0	0
A	BL	1	78	9	1	BA1651	1772	8	7	0	0	0	0	0	0	0	0	0
A	BL	1	78	9	1	BA1651	1819	7	0	0	0	0	0	0	0	1	0	0
A	BL	1	78	9	1	BA1651	1832	7	8	2	0	1	0	0	0	0	0	0
A	BL	1	78	9	1	BA1651	1842	8	7	0	0	0	0	0	0	0	0	0
A	BL	1	78	9	1	BA1651	1851	7	0	0	0	0	0	0	0	1	0	0
A	BL	1	78	9	1	BA1651	1946	7	8	2	0	1	0	0	0	0	0	0
A	BL	1	78	9	1	BA1651	1956	8	7	0	0	0	0	0	0	0	0	0
A	BL	1	78	9	1	BA1651	1984	7	0	0	0	0	0	0	0	1	0	0
A	BL	1	78	9	1	BA1651	2006	7	8	2	0	1	0	0	0	0	0	0
A	BL	1	78	9	1	BA1651	2016	8	9	0	0	0	0	0	0	0	0	0
A	BL	1	78	9	1	BA1651	2026	9	10	0	0	0	0	0	0	0	0	0
A	BL	1	78	9	1	BA1651	2040	10	0	0	0	0	0	0	0	1	0	0
A	BL	1	78	9	1	BA1651	2101	10	2	0	0	0	0	0	0	0	0	0
A	BL	1	78	9	1	BA1651	2102	2	3	0	0	0	0	0	0	0	0	0
A	BL	1	78	9	1	BA1651	2283	3	5	1	1	0	0	0	0	0	0	0
A	BL	1	78	9	1	BA1651	2293	5	4	0	0	0	0	0	0	0	0	0
A	BL	1	78	9	1	BA1651	2304	4	0	0	0	0	0	0	1	0	0	0
A	BL	1	78	9	1	BA1651	2311	4	5	1	1	0	0	0	0	0	0	0
A	BL	1	78	9	1	BA1651	2321	5	4	0	0	0	0	0	0	0	0	0
A	BL	1	78	9	1	BA1651	2329	4	0	0	0	0	0	0	1	0	0	0
A	BL	1	78	9	1	BA1651	2344	4	5	1	1	0	0	0	0	0	0	0
A	BL	1	78	9	1	BA1651	2354	5	4	0	0	0	0	0	0	0	0	0
A	BL	1	78	9	1	BA1651	2369	4	0	0	0	0	0	0	1	0	0	0
A	BL	1	78	9	1	BA1651	2382	4	5	1	1	0	0	0	0	0	0	0
A	BL	1	78	9	1	BA1651	2392	5	4	0	0	0	0	0	0	0	0	0
A	BL	1	78	9	1	BA1651	2418	4	0	0	0	0	0	0	1	0	0	0
A	BL	1	78	9	1	BA1651	2451	4	5	1	1	0	0	0	0	0	0	0
A	BL	1	78	9	1	BA1651	2461	5	9	0	0	0	0	0	0	0	0	0
A	BL	1	78	9	1	BA1651	2471	9	10	0	0	0	0	0	0	0	0	0
A	BL	1	78	9	1	BA1651	2477	10	0	0	0	0	0	0	1	0	0	0
A	BL	1	78	9	1	BA1651	2546	10	2	0	0	0	0	0	0	0	0	0
A	BL	1	78	9	1	BA1651	2547	2	3	0	0	0	0	0	0	0	0	0
A	BL	1	78	9	1	BA1651	2848	3	5	1	1	0	0	0	0	0	0	0
A	BL	1	78	9	1	BA1651	2858	5	4	0	0	0	0	0	0	0	0	0
A	BL	1	78	9	1	BA1651	2869	4	0	0	0	0	0	0	1	0	0	0
A	BL	1	78	9	1	BA1651	2878	4	5	1	1	0	0	0	0	0	0	0
A	BL	1	78	9	1	BA1651	2888	5	4	0	0	0	0	0	0	0	0	0
A	BL	1	78	9	1	BA1651	2916	4	0	0	0	0	0	0	1	0	0	0
A	BL	1	78	9	1	BA1651	2935	4	5	1	1	0	0	0	0	0	0	0
A	BL	1	78	9	1	BA1651	2945	5	4	0	0	0	0	0	0	0	0	0
A	BL	1	78	9	1	BA1651	2957	4	0	0	0	0	0	0	1	0	0	0
A	BL	1	78	9	1	BA1651	2969	4	5	1	1	0	0	0	0	0	0	0
A	BL	1	78	9	1	BA1651	2979	5	4	0	0	0	0	0	0	0	0	0
A	BL	1	78	9	1	BA1651	3002	4	0	0	0	0	0	0	1	0	0	0
A	BL	1	78	9	1	BA1651	3011	4	5	1	1	0	0	0	0	0	0	0
A	BL	1	78	9	1	BA1651	3021	5	9	0	0	0	0	0	0	0	0	0
A	BL	1	78	9	1	BA1651	3031	9	10	0	0	0	0	0	0	0	0	0
A	BL	1	78	9	1	BA1651	3037	10	0	0	0	0	0	0	1	0	0	0
A	BL	1	78	9	1	BA1651	3106	10	2	0	0	0	0	0	0	0	0	0
A	BL	1	78	9	1	BA1651	3107	2	6	0	0	0	0	0	0	0	0	0
A	BL	1	78	9	1	BA1651	3142	6	8	2	0	1	0	0	0	0	0	0
A	BL	1	78	9	1	BA1651	3152	8	7	0	0	0	0	0	0	0	0	0
A	BL	1	78	9	1	BA1651	3160	7	0	0	0	0	0	0	0	1	0	0
A	BL	1	78	9	1	BA1651	3179	7	8	2	0	1	0	0	0	0	0	0
A	BL	1	78	9	1	BA1651	3185	8	0	0	0	0	0	0	0	1	0	0
A	BL	1	78	9	1	BA1651	3189	8	7	0	0	0	0	0	0	0	0	0
A	BL	1	78	9	1	BA1651	3205	7	8	2	0	1	0	0	0	0	0	0
A	BL	1	78	9	1	BA1651	3207	8	0	0	0	0	0	0	0	1	0	0
A	BL	1	78	9	1	BA1651	3208	8	0	0	0	1	0	0	0	0	0	0
A	BL	1	78	9	1	BA1651	3215	8	7	0	0	0	0	0	0	0	0	0
A	BL	1	78	9	1	BA1651	3222	7	0	0	0	0	0	0	0	1	0	0
A	BL	1	78	9	1	BA1651	3229	7	8	2	0	1	0	0	0	0	0	0
A	BL	1	78	9	1	BA1651	3239	8	7	0	0	0	0	0	0	0	0	0
A	BL	1	78	9	1	BA1651	3251	7	0	0	0	0	0	0	0	1	0	0
A	BL	1	78	9	1	BA1651	3305	7	8	2	0	1	0	0	0	0	0	0
A	BL	1	78	9	1	BA1651	3315	8	7	0	0	0	0	0	0	0	0	0
A	BL	1	78	9	1	BA1651	3333	7	0	0	0	0	0	0	0	1	0	0
A	BL	1	78	9	1	BA1651	3350	7	8	2	0	1	0	0	0	0	0	0
A	BL	1	78	9	1	BA1651	3360	8	7	0	0	0	0	0	0	0	0	0
A	BL	1	78	9	1	BA1651	3379	7	0	0	0	0	0	0	0	1	0	0
A	BL	1	78	9	1	BA1651	3388	7	8	2	0	1	0	0	0	0	0	0
A	BL	1	78	9	1	BA1651	3398	8	7	0	0	0	0	0	0	0	0	0
A	BL	1	78	9	1	BA1651	3407	7	0	0	0	0	0	0	0	1	0	0
A	BL	1	78	9	1	BA1651	3413	7	8	2	0	1	0	0	0	0	0	0
A	BL	1	78	9	1	BA1651	3423	8	7	0	0	0	0	0	0	0	0	0
A	BL	1	78	9	1	BA1651	3437	7	0	0	0	0	0	0	0	1	0	0
A	BL	1	78	9	1	BA1651	3442	7	8	2	0	1	0	0	0	0	0	0
A	BL	1	78	9	1	BA1651	3446	8	0	0	0	0	0	0	0	1	0	0
A	BL	1	78	9	1	BA1651	3452	8	7	0	0	0	0	0	0	0	0	0
A	BL	1	78	9	1	BA1651	3457	7	8	2	0	1	0	0	0	0	0	0
A	BL	1	78	9	1	BA1651	3467	8	9	0	0	0	0	0	0	0	0	0
A	BL	1	78	9	1	BA1651	3477	9	10	0	0	0	0	0	0	0	0	0
A	BL	1	78	9	1	BA1651	3478	10	0	0	0	0	0	0	0	1	0	0
A	BL	1	78	9	1	BA1651	3552	10	2	0	0	0	0	0	0	0	0	0
A	BL	1	78	9	1	BA1651	3553	2	6	0	0	0	0	0	0	0	0	0
A	BL	1	78	9	1	BA1651	3572	6	8	2	0	1	0	0	0	0	0	0
A	BL	1	78	9	1	BA1651	3574	8	0	0	0	0	0	0	0	1	0	0
A	BL	1	78	9	1	BA1651	3576	8	0	0	0	1	0	0	0	0	0	0
A	BL	1	78	9	1	BA1651	3582	8	7	0	0	0	0	0	0	0	0	0
A	BL	1	78	9	1	BA1651	3592	7	0	0	0	0	0	0	0	1	0	0
A	BL	1	78	9	1	BA1651	3598	7	8	2	0	1	0	0	0	0	0	0
A	BL	1	78	9	1	BA1651	3608	8	7	0	0	0	0	0	0	0	0	0
A	BL	1	78	9	1	BA1651	3613	7	0	0	0	0	0	0	0	1	0	0
A	BL	1	78	9	1	BA1651	3621	7	8	2	0	1	0	0	0	0	0	0
A	BL	1	78	9	1	BA1651	3623	8	0	0	0	0	0	0	0	1	0	0
A	BL	1	78	9	1	BA1651	3631	8	7	0	0	0	0	0	0	0	0	0
A	BL	1	78	9	1	BA1651	3641	7	8	2	0	1	0	0	0	0	0	0
A	BL	1	78	9	1	BA1651	3651	8	7	0	0	0	0	0	0	0	0	0
A	BL	1	78	9	1	BA1651	3680	7	0	0	0	0	0	0	0	1	0	0
A	BL	1	78	9	1	BA1651	3700	7	8	2	0	1	0	0	0	0	0	0
A	BL	1	78	9	1	BA1651	3710	8	7	0	0	0	0	0	0	0	0	0
A	BL	1	78	9	1	BA1651	3723	7	0	0	0	0	0	0	0	1	0	0
A	BL	1	78	9	1	BA1651	3734	7	8	2	0	1	0	0	0	0	0	0
A	BL	1	78	9	1	BA1651	3743	8	0	0	0	0	0	0	0	1	0	0
A	BL	1	78	9	1	BA1651	3744	8	7	0	0	0	0	0	0	0	0	0
A	BL	1	78	9	1	BA1651	3778	7	8	2	0	1	0	0	0	0	0	0
A	BL	1	78	9	1	BA1651	3782	8	0	0	0	0	0	0	0	1	0	0
A	BL	1	78	9	1	BA1651	3788	8	7	0	0	0	0	0	0	0	0	0
A	BL	1	78	9	1	BA1651	3854	7	8	2	0	1	0	0	0	0	0	0
A	BL	1	78	9	1	BA1651	3864	8	7	0	0	0	0	0	0	0	0	0
A	BL	1	78	9	1	BA1651	3888	7	0	0	0	0	0	0	0	1	0	0
A	BL	1	78	9	1	BA1651	3894	7	8	2	0	1	0	0	0	0	0	0
A	BL	1	78	9	1	BA1651	3903	8	0	0	0	0	0	0	0	1	0	0
A	BL	1	78	9	1	BA1651	3904	8	7	0	0	0	0	0	0	0	0	0
A	BL	1	78	9	1	BA1651	3918	7	8	2	0	1	0	0	0	0	0	0
A	BL	1	78	9	1	BA1651	3928	8	9	0	0	0	0	0	0	0	0	0
A	BL	1	78	9	1	BA1651	3938	9	10	0	0	0	0	0	0	1	0	0
A	BL	1	78	9	1	BA1651	4013	10	2	0	0	0	0	0	0	0	0	0
A	BL	1	78	9	1	BA1651	4014	2	6	0	0	0	0	0	0	0	0	0
A	BL	1	78	9	1	BA1651	4182	6	8	2	0	1	0	0	0	0	0	0
A	BL	1	78	9	1	BA1651	4185	8	0	0	0	0	0	0	0	1	0	0
A	BL	1	78	9	1	BA1651	4187	8	0	0	0	1	0	0	0	0	0	0
A	BL	1	78	9	1	BA1651	4192	8	7	0	0	0	0	0	0	0	0	0
A	BL	1	78	9	1	BA1651	4199	7	0	0	0	0	0	0	0	1	0	0
A	BL	1	78	9	1	BA1651	4215	7	8	2	0	1	0	0	0	0	0	0
A	BL	1	78	9	1	BA1651	4225	8	7	0	0	0	0	0	0	0	0	0
A	BL	1	78	9	1	BA1651	4227	7	0	0	0	0	0	0	0	1	0	0
A	BL	1	78	9	1	BA1651	4241	7	8	2	0	1	0	0	0	0	0	0
A	BL	1	78	9	1	BA1651	4251	8	7	0	0	0	0	0	0	0	0	0
A	BL	1	78	9	1	BA1651	4257	7	0	0	0	0	0	0	0	1	0	0
A	BL	1	78	9	1	BA1651	4278	7	8	2	0	1	0	0	0	0	0	0
A	BL	1	78	9	1	BA1651	4288	8	7	0	0	0	0	0	0	0	0	0
A	BL	1	78	9	1	BA1651	4311	7	0	0	0	0	0	0	0	1	0	0
A	BL	1	78	9	1	BA1651	4320	7	8	2	0	1	0	0	0	0	0	0
A	BL	1	78	9	1	BA1651	4330	8	7	0	0	0	0	0	0	0	0	0
A	BL	1	78	9	1	BA1651	4367	7	0	0	0	0	0	0	0	1	0	0
A	BL	1	78	9	1	BA1651	4374	7	8	2	0	1	0	0	0	0	0	0
A	BL	1	78	9	1	BA1651	4384	8	7	0	0	0	0	0	0	0	0	0
A	BL	1	78	9	1	BA1651	4393	7	0	0	0	0	0	0	0	1	0	0
A	BL	1	78	9	1	BA1651	4398	7	8	2	0	1	0	0	0	0	0	0
A	BL	1	78	9	1	BA1651	4408	8	7	0	0	0	0	0	0	0	0	0
A	BL	1	78	9	1	BA1651	4427	7	0	0	0	0	0	0	0	1	0	0
A	BL	1	78	9	1	BA1651	4441	7	8	2	0	1	0	0	0	0	0	0
A	BL	1	78	9	1	BA1651	4451	8	7	0	0	0	0	0	0	0	0	0
A	BL	1	78	9	1	BA1651	4465	7	0	0	0	0	0	0	0	1	0	0
A	BL	1	78	9	1	BA1651	4481	7	8	2	0	1	0	0	0	0	0	0
A	BL	1	78	9	1	BA1651	4491	8	7	0	0	0	0	0	0	0	0	0
A	BL	1	78	9	1	BA1651	4504	7	0	0	0	0	0	0	0	1	0	0
A	BL	1	78	9	1	BA1651	4517	7	8	2	0	1	0	0	0	0	0	0
A	BL	1	78	9	1	BA1651	4527	8	9	0	0	0	0	0	0	0	0	0
A	BL	1	78	9	1	BA1651	4537	9	10	0	0	0	0	0	0	0	0	0
A	BL	1	78	9	1	BA1651	4538	10	0	0	0	0	0	0	0	1	0	0
A	BL	1	78	9	1	BA1651	4612	10	2	0	0	0	0	0	0	0	0	0
A	BL	1	78	9	1	BA1651	4613	2	3	0	0	0	0	0	0	0	0	0
A	BL	1	78	9	1	BA1651	4801	3	5	1	1	0	0	0	0	0	0	0
A	BL	1	78	9	1	BA1651	4811	5	4	0	0	0	0	0	0	0	0	0
A	BL	1	78	9	1	BA1651	4822	4	0	0	0	0	0	0	1	0	0	0
A	BL	1	78	9	1	BA1651	4826	4	5	1	1	0	0	0	0	0	0	0
A	BL	1	78	9	1	BA1651	4836	5	4	0	0	0	0	0	0	0	0	0
A	BL	1	78	9	1	BA1651	4850	4	0	0	0	0	0	0	1	0	0	0
A	BL	1	78	9	1	BA1651	4885	4	5	1	1	0	0	0	0	0	0	0
A	BL	1	78	9	1	BA1651	4895	5	4	0	0	0	0	0	0	0	0	0
A	BL	1	78	9	1	BA1651	4911	4	0	0	0	0	0	0	1	0	0	0
A	BL	1	78	9	1	BA1651	4914	4	5	1	1	0	0	0	0	0	0	0
A	BL	1	78	9	1	BA1651	4924	5	4	0	0	0	0	0	0	0	0	0
A	BL	1	78	9	1	BA1651	4949	4	0	0	0	0	0	0	1	0	0	0
A	BL	1	78	9	1	BA1651	4961	4	5	1	1	0	0	0	0	0	0	0
A	BL	1	78	9	1	BA1651	4971	5	9	0	0	0	0	0	0	0	0	0
A	BL	1	78	9	1	BA1651	4981	9	10	0	0	0	0	0	0	0	0	0
A	BL	1	78	9	1	BA1651	4988	10	0	0	0	0	0	0	1	0	0	0
A	BL	1	78	9	1	BA1651	5056	10	2	0	0	0	0	0	0	0	0	0
A	BL	1	78	9	1	BA1651	5057	2	6	0	0	0	0	0	0	0	0	0
A	BL	1	78	9	1	BA1651	5159	6	8	2	0	1	0	0	0	0	0	0
A	BL	1	78	9	1	BA1651	5169	8	7	0	0	0	0	0	0	0	0	0
A	BL	1	78	9	1	BA1651	5172	7	0	0	0	0	0	0	0	1	0	0
A	BL	1	78	9	1	BA1651	5187	7	8	2	0	1	0	0	0	0	0	0
A	BL	1	78	9	1	BA1651	5197	8	7	0	0	0	0	0	0	0	0	0
A	BL	1	78	9	1	BA1651	5199	7	0	0	0	0	0	0	0	1	0	0
A	BL	1	78	9	1	BA1651	5206	7	8	2	0	1	0	0	0	0	0	0
A	BL	1	78	9	1	BA1651	5213	8	0	0	0	0	0	0	0	1	0	0
A	BL	1	78	9	1	BA1651	5216	8	7	0	0	0	0	0	0	0	0	0
A	BL	1	78	9	1	BA1651	5219	7	8	2	0	1	0	0	0	0	0	0
A	BL	1	78	9	1	BA1651	5229	8	7	0	0	0	0	0	0	0	0	0
A	BL	1	78	9	1	BA1651	5241	7	0	0	0	0	0	0	0	1	0	0
A	BL	1	78	9	1	BA1651	5258	7	8	2	0	1	0	0	0	0	0	0
A	BL	1	78	9	1	BA1651	5264	8	0	0	0	0	0	0	0	1	0	0
A	BL	1	78	9	1	BA1651	5268	8	7	0	0	0	0	0	0	0	0	0
A	BL	1	78	9	1	BA1651	5296	7	8	2	0	1	0	0	0	0	0	0
A	BL	1	78	9	1	BA1651	5306	8	7	0	0	0	0	0	0	0	0	0
A	BL	1	78	9	1	BA1651	5323	7	0	0	0	0	0	0	0	1	0	0
A	BL	1	78	9	1	BA1651	5337	7	8	2	0	1	0	0	0	0	0	0
A	BL	1	78	9	1	BA1651	5339	8	0	0	0	0	0	0	0	1	0	0
A	BL	1	78	9	1	BA1651	5347	8	7	0	0	0	0	0	0	0	0	0
A	BL	1	78	9	1	BA1651	5363	7	8	2	0	1	0	0	0	0	0	0
A	BL	1	78	9	1	BA1651	5373	8	7	0	0	0	0	0	0	0	0	0
A	BL	1	78	9	1	BA1651	5375	7	0	0	0	0	0	0	0	1	0	0
A	BL	1	78	9	1	BA1651	5387	7	8	2	0	1	0	0	0	0	0	0
A	BL	1	78	9	1	BA1651	5397	8	7	0	0	0	0	0	0	0	0	0
A	BL	1	78	9	1	BA1651	5435	7	0	0	0	0	0	0	0	1	0	0
A	BL	1	78	9	1	BA1651	5439	7	8	2	0	1	0	0	0	0	0	0
A	BL	1	78	9	1	BA1651	5449	8	9	0	0	0	0	0	0	0	0	0
A	BL	1	78	9	1	BA1651	5459	9	10	0	0	0	0	0	0	0	0	0
A	BL	1	78	9	1	BA1651	5460	10	0	0	0	0	0	0	0	1	0	0
A	BL	1	78	9	1	BA1651	5534	10	2	0	0	0	0	0	0	0	0	0
A	BL	1	78	9	1	BA1651	5535	2	3	0	0	0	0	0	0	0	0	0
A	BL	1	78	9	1	BA1651	5633	3	5	1	1	0	0	0	0	0	0	0
A	BL	1	78	9	1	BA1651	5638	5	0	0	0	0	0	0	1	0	0	0
A	BL	1	78	9	1	BA1651	5643	5	4	0	0	0	0	0	0	0	0	0
A	BL	1	78	9	1	BA1651	5659	4	5	1	1	0	0	0	0	0	0	0
A	BL	1	78	9	1	BA1651	5669	5	4	0	0	0	0	0	0	0	0	0
A	BL	1	78	9	1	BA1651	5680	4	0	0	0	0	0	0	1	0	0	0
A	BL	1	78	9	1	BA1651	5684	4	5	1	1	0	0	0	0	0	0	0
A	BL	1	78	9	1	BA1651	5694	5	4	0	0	0	0	0	0	0	0	0
A	BL	1	78	9	1	BA1651	5707	4	0	0	0	0	0	0	1	0	0	0
A	BL	1	78	9	1	BA1651	5723	4	5	1	1	0	0	0	0	0	0	0
A	BL	1	78	9	1	BA1651	5733	5	4	0	0	0	0	0	0	0	0	0
A	BL	1	78	9	1	BA1651	5778	4	0	0	0	0	0	0	1	0	0	0
A	BL	1	78	9	1	BA1651	5781	4	5	1	1	0	0	0	0	0	0	0
A	BL	1	78	9	1	BA1651	5791	5	9	0	0	0	0	0	0	0	0	0
A	BL	1	78	9	1	BA1651	5801	9	10	0	0	0	0	0	0	0	0	0
A	BL	1	78	9	1	BA1651	5811	10	0	0	0	0	0	0	1	0	0	0
A	BL	1	78	9	1	BA1651	5876	10	2	0	0	0	0	0	0	0	0	0
A	BL	1	78	9	1	BA1651	5877	2	3	0	0	0	0	0	0	0	0	0
A	BL	1	78	9	1	BA1651	5980	3	5	1	1	0	0	0	0	0	0	0
A	BL	1	78	9	1	BA1651	5990	5	4	0	0	0	0	0	0	0	0	0
A	BL	1	78	9	1	BA1651	5999	4	0	0	0	0	0	0	1	0	0	0
A	BL	1	78	9	1	BA1651	6005	4	5	1	1	0	0	0	0	0	0	0
A	BL	1	78	9	1	BA1651	6015	5	4	0	0	0	0	0	0	0	0	0
A	BL	1	78	9	1	BA1651	6104	4	0	0	0	0	0	0	1	0	0	0
A	BL	1	78	9	1	BA1651	6168	4	5	1	1	0	0	0	0	0	0	0
A	BL	1	78	9	1	BA1651	6178	5	4	0	0	0	0	0	0	0	0	0
A	BL	1	78	9	1	BA1651	6199	4	0	0	0	0	0	0	1	0	0	0
A	BL	1	78	9	1	BA1651	6236	4	5	1	1	0	0	0	0	0	0	0
A	BL	1	78	9	1	BA1651	6246	5	4	0	0	0	0	0	0	0	0	0
A	BL	1	78	9	1	BA1651	6257	4	0	0	0	0	0	0	1	0	0	0
A	BL	1	78	9	1	BA1651	6262	4	5	1	1	0	0	0	0	0	0	0
A	BL	1	78	9	1	BA1651	6272	5	9	0	0	0	0	0	0	0	0	0
A	BL	1	78	9	1	BA1651	6282	9	10	0	0	0	0	0	0	0	0	0
A	BL	1	78	9	1	BA1651	6330	10	0	0	0	0	0	0	1	0	0	0
A	BL	1	78	9	1	BA1651	6357	10	2	0	0	0	0	0	0	0	0	0
A	BL	1	78	9	1	BA1651	6358	2	3	0	0	0	0	0	0	0	0	0
A	BL	1	78	9	1	BA1651	6471	3	5	1	1	0	0	0	0	0	0	0
A	BL	1	78	9	1	BA1651	6481	5	4	0	0	0	0	0	0	0	0	0
A	BL	1	78	9	1	BA1651	6483	4	0	0	0	0	0	0	1	0	0	0
A	BL	1	78	9	1	BA1651	6510	4	5	1	1	0	0	0	0	0	0	0
A	BL	1	78	9	1	BA1651	6520	5	4	0	0	0	0	0	0	0	0	0
A	BL	1	78	9	1	BA1651	6568	4	0	0	0	0	0	0	1	0	0	0
A	BL	1	78	9	1	BA1651	6573	4	5	1	1	0	0	0	0	0	0	0
A	BL	1	78	9	1	BA1651	6583	5	4	0	0	0	0	0	0	0	0	0
A	BL	1	78	9	1	BA1651	6633	4	0	0	0	0	0	0	1	0	0	0
A	BL	1	78	9	1	BA1651	6636	4	5	1	1	0	0	0	0	0	0	0
A	BL	1	78	9	1	BA1651	6646	5	4	0	0	0	0	0	0	0	0	0
A	BL	1	78	9	1	BA1651	6712	4	0	0	0	0	0	0	1	0	0	0
A	BL	1	78	9	1	BA1651	6794	4	5	1	1	0	0	0	0	0	0	0
A	BL	1	78	9	1	BA1651	6804	5	9	0	0	0	0	0	0	0	0	0
A	BL	1	78	9	1	BA1651	6814	9	10	0	0	0	0	0	0	0	0	0
A	BL	1	78	9	1	BA1651	6825	10	0	0	0	0	0	0	1	0	0	0
A	BL	1	78	9	1	BA1651	6889	10	2	0	0	0	0	0	0	0	0	0
A	BL	1	78	9	1	BA1651	6890	2	6	0	0	0	0	0	0	0	0	0
A	BL	1	78	9	1	BA1651	6939	6	8	2	0	1	0	0	0	0	0	0
A	BL	1	78	9	1	BA1651	6942	8	0	0	0	0	0	0	0	1	0	0
A	BL	1	78	9	1	BA1651	6949	8	7	0	0	0	0	0	0	0	0	0
A	BL	1	78	9	1	BA1651	6981	7	8	2	0	1	0	0	0	0	0	0
A	BL	1	78	9	1	BA1651	6984	8	0	0	0	0	0	0	0	1	0	0
A	BL	1	78	9	1	BA1651	6991	8	7	0	0	0	0	0	0	0	0	0
A	BL	1	78	9	1	BA1651	6998	7	8	2	0	1	0	0	0	0	0	0
A	BL	1	78	9	1	BA1651	7008	8	7	0	0	0	0	0	0	0	0	0
A	BL	1	78	9	1	BA1651	7016	7	0	0	0	0	0	0	0	1	0	0
A	BL	1	78	9	1	BA1651	7033	7	8	2	0	1	0	0	0	0	0	0
A	BL	1	78	9	1	BA1651	7043	8	7	0	0	0	0	0	0	0	0	0
A	BL	1	78	9	1	BA1651	7045	7	0	0	0	0	0	0	0	1	0	0
A	BL	1	78	9	1	BA1651	7054	7	8	2	0	1	0	0	0	0	0	0
A	BL	1	78	9	1	BA1651	7064	8	7	0	0	0	0	0	0	0	0	0
A	BL	1	78	9	1	BA1651	7099	7	0	0	0	0	0	0	0	1	0	0
A	BL	1	78	9	1	BA1651	7115	7	8	2	0	1	0	0	0	0	0	0
A	BL	1	78	9	1	BA1651	7125	8	7	0	0	0	0	0	0	0	0	0
A	BL	1	78	9	1	BA1651	7130	7	0	0	0	0	0	0	0	1	0	0
A	BL	1	78	9	1	BA1651	7143	7	8	2	0	1	0	0	0	0	0	0
A	BL	1	78	9	1	BA1651	7149	8	0	0	0	0	0	0	0	1	0	0
A	BL	1	78	9	1	BA1651	7153	8	7	0	0	0	0	0	0	0	0	0
A	BL	1	78	9	1	BA1651	7190	7	8	2	0	1	0	0	0	0	0	0
A	BL	1	78	9	1	BA1651	7195	8	0	0	0	0	0	0	0	1	0	0
A	BL	1	78	9	1	BA1651	7200	8	7	0	0	0	0	0	0	0	0	0
A	BL	1	78	9	1	BA1651	7597	7	8	2	0	1	0	0	0	0	0	0
A	BL	1	78	9	1	BA1651	7607	8	7	0	0	0	0	0	0	0	0	0
A	BL	1	78	9	1	BA1651	7624	7	0	0	0	0	0	0	0	1	0	0
A	BL	1	78	9	1	BA1651	7652	7	8	2	0	1	0	0	0	0	0	0
A	BL	1	78	9	1	BA1651	7662	8	9	0	0	0	0	0	0	0	0	0
A	BL	1	78	9	1	BA1651	7669	9	0	0	0	0	0	0	0	1	0	0
A	BL	1	78	9	1	BA1651	7672	9	10	0	0	0	0	0	0	0	0	0
A	BL	1	78	9	1	BA1651	7747	10	2	0	0	0	0	0	0	0	0	0
A	BL	1	78	9	1	BA1651	7748	2	6	0	0	0	0	0	0	0	0	0
A	BL	1	78	9	1	BA1651	7851	6	8	2	0	1	0	0	0	0	0	0
A	BL	1	78	9	1	BA1651	7861	8	7	0	0	0	0	0	0	0	0	0
A	BL	1	78	9	1	BA1651	7867	7	0	0	0	0	0	0	0	1	0	0
A	BL	1	78	9	1	BA1651	7886	7	8	2	0	1	0	0	0	0	0	0
A	BL	1	78	9	1	BA1651	7888	8	0	0	0	0	0	0	0	1	0	0
A	BL	1	78	9	1	BA1651	7889	8	0	0	0	1	0	0	0	0	0	0
A	BL	1	78	9	1	BA1651	7896	8	7	0	0	0	0	0	0	0	0	0
A	BL	1	78	9	1	BA1651	7924	7	0	0	0	0	0	0	0	1	0	0
A	BL	1	78	9	1	BA1651	7979	7	8	2	0	1	0	0	0	0	0	0
A	BL	1	78	9	1	BA1651	7989	8	7	0	0	0	0	0	0	0	0	0
A	BL	1	78	9	1	BA1651	8030	7	0	0	0	0	0	0	0	1	0	0
A	BL	1	78	9	1	BA1651	8040	7	8	2	0	1	0	0	0	0	0	0
A	BL	1	78	9	1	BA1651	8050	8	7	0	0	0	0	0	0	0	0	0
A	BL	1	78	9	1	BA1651	8059	7	0	0	0	0	0	0	0	1	0	0
A	BL	1	78	9	1	BA1651	8068	7	8	2	0	1	0	0	0	0	0	0
A	BL	1	78	9	1	BA1651	8078	8	7	0	0	0	0	0	0	0	0	0
A	BL	1	78	9	1	BA1651	8081	7	0	0	0	0	0	0	0	1	0	0
A	BL	1	78	9	1	BA1651	8086	7	8	2	0	1	0	0	0	0	0	0
A	BL	1	78	9	1	BA1651	8093	8	0	0	0	0	0	0	0	1	0	0
A	BL	1	78	9	1	BA1651	8096	8	7	0	0	0	0	0	0	0	0	0
A	BL	1	78	9	1	BA1651	8101	7	8	2	0	1	0	0	0	0	0	0
A	BL	1	78	9	1	BA1651	8111	8	7	0	0	0	0	0	0	0	0	0
A	BL	1	78	9	1	BA1651	8161	7	0	0	0	0	0	0	0	1	0	0
A	BL	1	78	9	1	BA1651	8189	7	8	2	0	1	0	0	0	0	0	0
A	BL	1	78	9	1	BA1651	8199	8	7	0	0	0	0	0	0	0	0	0
A	BL	1	78	9	1	BA1651	8205	7	0	0	0	0	0	0	0	1	0	0
A	BL	1	78	9	1	BA1651	8249	7	8	2	0	1	0	0	0	0	0	0
A	BL	1	78	9	1	BA1651	8259	8	7	0	0	0	0	0	0	0	0	0
A	BL	1	78	9	1	BA1651	8277	7	0	0	0	0	0	0	0	1	0	0
A	BL	1	78	9	1	BA1651	8509	7	8	2	0	1	0	0	0	0	0	0
A	BL	1	78	9	1	BA1651	8519	8	9	0	0	0	0	0	0	0	0	0
A	BL	1	78	9	1	BA1651	8529	9	10	0	0	0	0	0	0	0	0	0
A	BL	1	78	9	1	BA1651	8530	10	0	0	0	0	0	0	0	1	0	0
A	BL	1	78	9	1	BA1651	8604	10	2	0	0	0	0	0	0	0	0	0
A	BL	1	78	9	1	BA1651	8605	2	6	0	0	0	0	0	0	0	0	0
A	BL	1	78	9	1	BA1651	8668	6	8	2	0	1	0	0	0	0	0	0
A	BL	1	78	9	1	BA1651	8672	8	0	0	0	0	0	0	0	1	0	0
A	BL	1	78	9	1	BA1651	8678	8	7	0	0	0	0	0	0	0	0	0
A	BL	1	78	9	1	BA1651	8681	7	8	2	0	1	0	0	0	0	0	0
A	BL	1	78	9	1	BA1651	8691	8	7	0	0	0	0	0	0	0	0	0
A	BL	1	78	9	1	BA1651	8710	7	0	0	0	0	0	0	0	1	0	0
A	BL	1	78	9	1	BA1651	8719	7	8	2	0	1	0	0	0	0	0	0
A	BL	1	78	9	1	BA1651	8729	8	7	0	0	0	0	0	0	0	0	0
A	BL	1	78	9	1	BA1651	8755	7	0	0	0	0	0	0	0	1	0	0
A	BL	1	78	9	1	BA1651	8768	7	8	2	0	1	0	0	0	0	0	0
A	BL	1	78	9	1	BA1651	8778	8	7	0	0	0	0	0	0	0	0	0
A	BL	1	78	9	1	BA1651	8779	7	0	0	0	0	0	0	0	1	0	0
A	BL	1	78	9	1	BA1651	8783	7	8	2	0	1	0	0	0	0	0	0
A	BL	1	78	9	1	BA1651	8793	8	7	0	0	0	0	0	0	0	0	0
A	BL	1	78	9	1	BA1651	8805	7	0	0	0	0	0	0	0	1	0	0
A	BL	1	78	9	1	BA1651	8818	7	8	2	0	1	0	0	0	0	0	0
A	BL	1	78	9	1	BA1651	8828	8	7	0	0	0	0	0	0	0	0	0
A	BL	1	78	9	1	BA1651	8834	7	0	0	0	0	0	0	0	1	0	0
A	BL	1	78	9	1	BA1651	8860	7	8	2	0	1	0	0	0	0	0	0
A	BL	1	78	9	1	BA1651	8870	8	7	0	0	0	0	0	0	0	0	0
A	BL	1	78	9	1	BA1651	8871	7	0	0	0	0	0	0	0	1	0	0
A	BL	1	78	9	1	BA1651	8884	7	8	2	0	1	0	0	0	0	0	0
A	BL	1	78	9	1	BA1651	8894	8	7	0	0	0	0	0	0	0	0	0
A	BL	1	78	9	1	BA1651	8900	7	0	0	0	0	0	0	0	1	0	0
A	BL	1	78	9	1	BA1651	8910	7	8	2	0	1	0	0	0	0	0	0
A	BL	1	78	9	1	BA1651	8920	8	7	0	0	0	0	0	0	0	0	0
A	BL	1	78	9	1	BA1651	8929	7	0	0	0	0	0	0	0	1	0	0
A	BL	1	78	9	1	BA1651	8944	7	8	2	0	1	0	0	0	0	0	0
A	BL	1	78	9	1	BA1651	8954	8	9	0	0	0	0	0	0	0	0	0
A	BL	1	78	9	1	BA1651	8964	9	10	0	0	0	0	0	0	0	0	0
A	BL	1	78	9	1	BA1651	8971	10	0	0	0	0	0	0	0	1	0	0
A	BL	1	78	9	1	BA1651	9039	10	2	0	0	0	0	0	0	0	0	0
A	BL	1	78	9	1	BA1651	9040	2	3	0	0	0	0	0	0	0	0	0
A	BL	1	78	9	1	BA1651	9163	3	5	1	1	0	0	0	0	0	0	0
A	BL	1	78	9	1	BA1651	9168	5	0	0	0	0	0	0	1	0	0	0
A	BL	1	78	9	1	BA1651	9173	5	4	0	0	0	0	0	0	0	0	0
A	BL	1	78	9	1	BA1651	9213	4	5	1	1	0	0	0	0	0	0	0
A	BL	1	78	9	1	BA1651	9223	5	4	0	0	0	0	0	0	0	0	0
A	BL	1	78	9	1	BA1651	9249	4	0	0	0	0	0	0	1	0	0	0
A	BL	1	78	9	1	BA1651	9268	4	5	1	1	0	0	0	0	0	0	0
A	BL	1	78	9	1	BA1651	9278	5	4	0	0	0	0	0	0	0	0	0
A	BL	1	78	9	1	BA1651	9295	4	0	0	0	0	0	0	1	0	0	0
A	BL	1	78	9	1	BA1651	9299	4	5	1	1	0	0	0	0	0	0	0
A	BL	1	78	9	1	BA1651	9309	5	4	0	0	0	0	0	0	0	0	0
A	BL	1	78	9	1	BA1651	9326	4	0	0	0	0	0	0	1	0	0	0
A	BL	1	78	9	1	BA1651	9347	4	5	1	1	0	0	0	0	0	0	0
A	BL	1	78	9	1	BA1651	9357	5	9	0	0	0	0	0	0	0	0	0
A	BL	1	78	9	1	BA1651	9367	9	10	0	0	0	0	0	0	0	0	0
A	BL	1	78	9	1	BA1651	9406	10	0	0	0	0	0	0	1	0	0	0
A	BL	1	78	9	1	BA1651	9442	10	2	0	0	0	0	0	0	0	0	0
A	BL	1	78	9	1	BA1651	9443	2	3	0	0	0	0	0	0	0	0	0
A	BL	1	78	9	1	BA1651	9478	3	5	1	1	0	0	0	0	0	0	0
A	BL	1	78	9	1	BA1651	9488	5	4	0	0	0	0	0	0	0	0	0
A	BL	1	78	9	1	BA1651	9502	4	0	0	0	0	0	0	1	0	0	0
A	BL	1	78	9	1	BA1651	9515	4	5	1	1	0	0	0	0	0	0	0
A	BL	1	78	9	1	BA1651	9525	5	4	0	0	0	0	0	0	0	0	0
A	BL	1	78	9	1	BA1651	9560	4	0	0	0	0	0	0	1	0	0	0
A	BL	1	78	9	1	BA1651	9685	4	5	1	1	0	0	0	0	0	0	0
A	BL	1	78	9	1	BA1651	9695	5	4	0	0	0	0	0	0	0	0	0
A	BL	1	78	9	1	BA1651	9749	4	0	0	0	0	0	0	1	0	0	0
A	BL	1	78	9	1	BA1651	9767	4	5	1	1	0	0	0	0	0	0	0
A	BL	1	78	9	1	BA1651	9777	5	4	0	0	0	0	0	0	0	0	0
A	BL	1	78	9	1	BA1651	9801	4	0	0	0	0	0	0	1	0	0	0
A	BL	1	78	9	1	BA1651	9837	4	5	1	1	0	0	0	0	0	0	0
A	BL	1	78	9	1	BA1651	9847	5	9	0	0	0	0	0	0	0	0	0
A	BL	1	78	9	1	BA1651	9857	9	10	0	0	0	0	0	0	0	0	0
A	BL	1	78	9	1	BA1651	9862	10	0	0	0	0	0	0	1	0	0	0
A	BL	1	78	9	1	BA1651	9932	10	2	0	0	0	0	0	0	0	0	0
A	BL	1	78	9	1	BA1651	9933	2	3	0	0	0	0	0	0	0	0	0
A	BL	1	78	9	1	BA1651	10256	3	5	1	1	0	0	0	0	0	0	0
A	BL	1	78	9	1	BA1651	10266	5	4	0	0	0	0	0	0	0	0	0
A	BL	1	78	9	1	BA1651	10277	4	0	0	0	0	0	0	1	0	0	0
A	BL	1	78	9	1	BA1651	10280	4	5	1	1	0	0	0	0	0	0	0
A	BL	1	78	9	1	BA1651	10290	5	4	0	0	0	0	0	0	0	0	0
A	BL	1	78	9	1	BA1651	10314	4	0	0	0	0	0	0	1	0	0	0
A	BL	1	78	9	1	BA1651	10341	4	5	1	1	0	0	0	0	0	0	0
A	BL	1	78	9	1	BA1651	10351	5	4	0	0	0	0	0	0	0	0	0
A	BL	1	78	9	1	BA1651	10360	4	0	0	0	0	0	0	1	0	0	0
A	BL	1	78	9	1	BA1651	10370	4	5	1	1	0	0	0	0	0	0	0
A	BL	1	78	9	1	BA1651	10380	5	4	0	0	0	0	0	0	0	0	0
A	BL	1	78	9	1	BA1651	10464	4	0	0	0	0	0	0	1	0	0	0
A	BL	1	78	9	1	BA1651	10482	4	5	1	1	0	0	0	0	0	0	0
A	BL	1	78	9	1	BA1651	10492	5	9	0	0	0	0	0	0	0	0	0
A	BL	1	78	9	1	BA1651	10502	9	10	0	0	0	0	0	0	0	0	0
A	BL	1	78	9	1	BA1651	10509	10	0	0	0	0	0	0	1	0	0	0
A	BL	1	78	9	1	BA1651	10577	10	2	0	0	0	0	0	0	0	0	0
A	BL	1	78	9	1	BA1651	10578	2	6	0	0	0	0	0	0	0	0	0
A	BL	1	78	9	1	BA1651	10713	6	8	2	0	1	0	0	0	0	0	0
A	BL	1	78	9	1	BA1651	10723	8	7	0	0	0	0	0	0	0	0	0
A	BL	1	78	9	1	BA1651	10724	7	0	0	0	0	0	0	0	1	0	0
A	BL	1	78	9	1	BA1651	10737	7	8	2	0	1	0	0	0	0	0	0
A	BL	1	78	9	1	BA1651	10747	8	7	0	0	0	0	0	0	1	0	0
A	BL	1	78	9	1	BA1651	10769	7	8	2	0	1	0	0	0	0	0	0
A	BL	1	78	9	1	BA1651	10778	8	0	0	0	0	0	0	0	1	0	0
A	BL	1	78	9	1	BA1651	10779	8	7	0	0	0	0	0	0	0	0	0
A	BL	1	78	9	1	BA1651	10781	7	8	2	0	1	0	0	0	0	0	0
A	BL	1	78	9	1	BA1651	10791	8	7	0	0	0	0	0	0	0	0	0
A	BL	1	78	9	1	BA1651	10792	7	0	0	0	0	0	0	0	1	0	0
A	BL	1	78	9	1	BA1651	10798	7	8	2	0	1	0	0	0	0	0	0
A	BL	1	78	9	1	BA1651	10808	8	7	0	0	0	0	0	0	0	0	0
A	BL	1	78	9	1	BA1651	10823	7	0	0	0	0	0	0	0	1	0	0
A	BL	1	78	9	1	BA1651	10829	7	8	2	0	1	0	0	0	0	0	0
A	BL	1	78	9	1	BA1651	10839	8	7	0	0	0	0	0	0	0	0	0
A	BL	1	78	9	1	BA1651	10846	7	0	0	0	0	0	0	0	1	0	0
A	BL	1	78	9	1	BA1651	10868	7	8	2	0	1	0	0	0	0	0	0
A	BL	1	78	9	1	BA1651	10878	8	7	0	0	0	0	0	0	0	0	0
A	BL	1	78	9	1	BA1651	10894	7	0	0	0	0	0	0	0	1	0	0
A	BL	1	78	9	1	BA1651	10903	7	8	2	0	1	0	0	0	0	0	0
A	BL	1	78	9	1	BA1651	10913	8	7	0	0	0	0	0	0	0	0	0
A	BL	1	78	9	1	BA1651	10926	7	0	0	0	0	0	0	0	1	0	0
A	BL	1	78	9	1	BA1651	10934	7	8	2	0	1	0	0	0	0	0	0
A	BL	1	78	9	1	BA1651	10944	8	7	0	0	0	0	0	0	0	0	0
A	BL	1	78	9	1	BA1651	10990	7	0	0	0	0	0	0	0	1	0	0
A	BL	1	78	9	1	BA1651	11000	7	8	2	0	1	0	0	0	0	0	0
A	BL	1	78	9	1	BA1651	11010	8	9	0	0	0	0	0	0	0	0	0
A	BL	1	78	9	1	BA1651	11020	9	10	0	0	0	0	0	0	0	0	0
A	BL	1	78	9	1	BA1651	11031	10	0	0	0	0	0	0	0	1	0	0
A	BL	1	78	9	1	BA1651	11095	10	2	0	0	0	0	0	0	0	0	0
A	BL	1	78	9	1	BA1651	11096	2	6	0	0	0	0	0	0	0	0	0
A	BL	1	78	9	1	BA1651	11140	6	8	2	0	1	0	0	0	0	0	0
A	BL	1	78	9	1	BA1651	11141	8	0	0	0	0	0	0	0	1	0	0
A	BL	1	78	9	1	BA1651	11143	8	0	0	0	1	0	0	0	0	0	0
A	BL	1	78	9	1	BA1651	11149	8	0	0	0	0	0	0	0	1	0	0
A	BL	1	78	9	1	BA1651	11150	8	7	0	0	0	0	0	0	0	0	0
A	BL	1	78	9	1	BA1651	11152	7	8	2	0	1	0	0	0	0	0	0
A	BL	1	78	9	1	BA1651	11162	8	7	0	0	0	0	0	0	0	0	0
A	BL	1	78	9	1	BA1651	11181	7	0	0	0	0	0	0	0	1	0	0
A	BL	1	78	9	1	BA1651	11193	7	8	2	0	1	0	0	0	0	0	0
A	BL	1	78	9	1	BA1651	11201	8	0	0	0	0	0	0	0	1	0	0
A	BL	1	78	9	1	BA1651	11203	8	7	0	0	0	0	0	0	0	0	0
A	BL	1	78	9	1	BA1651	11222	7	8	2	0	1	0	0	0	0	0	0
A	BL	1	78	9	1	BA1651	11232	8	7	0	0	0	0	0	0	0	0	0
A	BL	1	78	9	1	BA1651	11330	7	0	0	0	0	0	0	0	1	0	0
A	BL	1	78	9	1	BA1651	11337	7	8	2	0	1	0	0	0	0	0	0
A	BL	1	78	9	1	BA1651	11347	8	7	0	0	0	0	0	0	0	0	0
A	BL	1	78	9	1	BA1651	11359	7	0	0	0	0	0	0	0	1	0	0
A	BL	1	78	9	1	BA1651	11361	7	8	2	0	1	0	0	0	0	0	0
A	BL	1	78	9	1	BA1651	11371	8	7	0	0	0	0	0	0	0	0	0
A	BL	1	78	9	1	BA1651	11392	7	0	0	0	0	0	0	0	1	0	0
A	BL	1	78	9	1	BA1651	11398	7	8	2	0	1	0	0	0	0	0	0
A	BL	1	78	9	1	BA1651	11406	8	0	0	0	0	0	0	0	1	0	0
A	BL	1	78	9	1	BA1651	11408	8	7	0	0	0	0	0	0	0	0	0
A	BL	1	78	9	1	BA1651	11413	7	8	2	0	1	0	0	0	0	0	0
A	BL	1	78	9	1	BA1651	11423	8	7	0	0	0	0	0	0	0	0	0
A	BL	1	78	9	1	BA1651	11459	7	0	0	0	0	0	0	0	1	0	0
A	BL	1	78	9	1	BA1651	11482	7	8	2	0	1	0	0	0	0	0	0
A	BL	1	78	9	1	BA1651	11492	8	7	0	0	0	0	0	0	0	0	0
A	BL	1	78	9	1	BA1651	11518	7	0	0	0	0	0	0	0	1	0	0
A	BL	1	78	9	1	BA1651	11535	7	8	2	0	1	0	0	0	0	0	0
A	BL	1	78	9	1	BA1651	11539	8	0	0	0	0	0	0	0	1	0	0
A	BL	1	78	9	1	BA1651	11545	8	9	0	0	0	0	0	0	0	0	0
A	BL	1	78	9	1	BA1651	11555	9	10	0	0	0	0	0	0	0	0	0
A	BL	1	78	9	1	BA1651	11630	10	2	0	0	0	0	0	0	0	0	0
A	BL	1	78	9	1	BA1651	11631	2	3	0	0	0	0	0	0	0	0	0
A	BL	1	78	9	1	BA1651	11715	3	5	1	1	0	0	0	0	0	0	0
A	BL	1	78	9	1	BA1651	11725	5	4	0	0	0	0	0	1	0	0	0
A	BL	1	78	9	1	BA1651	11765	4	5	1	1	0	0	0	0	0	0	0
A	BL	1	78	9	1	BA1651	11775	5	4	0	0	0	0	0	0	0	0	0
A	BL	1	78	9	1	BA1651	11801	4	0	0	0	0	0	0	1	0	0	0
A	BL	1	78	9	1	BA1651	11891	4	5	1	1	0	0	0	0	0	0	0
A	BL	1	78	9	1	BA1651	11901	5	4	0	0	0	0	0	0	0	0	0
A	BL	1	78	9	1	BA1651	11928	4	0	0	0	0	0	0	1	0	0	0
A	BL	1	78	9	1	BA1651	12032	4	5	1	1	0	0	0	0	0	0	0
A	BL	1	78	9	1	BA1651	12042	5	4	0	0	0	0	0	0	0	0	0
A	BL	1	78	9	1	BA1651	12074	4	0	0	0	0	0	0	1	0	0	0
A	BL	1	78	9	1	BA1651	12150	4	5	1	1	0	0	0	0	0	0	0
A	BL	1	78	9	1	BA1651	12160	5	9	0	0	0	0	0	0	0	0	0
A	BL	1	78	9	1	BA1651	12170	9	10	0	0	0	0	0	0	0	0	0
A	BL	1	78	9	1	BA1651	12174	10	0	0	0	0	0	0	1	0	0	0
A	BL	1	78	9	1	BA1651	12245	10	2	0	0	0	0	0	0	0	0	0
A	BL	1	78	9	1	BA1651	12246	2	6	0	0	0	0	0	0	0	0	0
A	BL	1	78	9	1	BA1651	12334	6	0	0	1	0	0	0	0	0	0	0
A	BL	1	78	9	1	BA1651	12426	6	0	0	0	0	0	0	1	0	0	0
A	BL	1	78	9	1	BA1651	12724	6	8	2	0	1	0	0	0	0	0	0
A	BL	1	78	9	1	BA1651	12734	8	7	0	0	0	0	0	0	0	0	0
A	BL	1	78	9	1	BA1651	12751	7	0	0	0	0	0	0	0	1	0	0
A	BL	1	78	9	1	BA1651	12902	7	8	2	0	1	0	0	0	0	0	0
A	BL	1	78	9	1	BA1651	12912	8	7	0	0	0	0	0	0	0	0	0
A	BL	1	78	9	1	BA1651	12952	7	0	0	0	0	0	0	0	1	0	0
A	BL	1	78	9	1	BA1651	13010	7	8	2	0	1	0	0	0	0	0	0
A	BL	1	78	9	1	BA1651	13020	8	7	0	0	0	0	0	0	0	0	0
A	BL	1	78	9	1	BA1651	13046	7	0	0	0	0	0	0	0	1	0	0
A	BL	1	78	9	1	BA1651	13052	7	8	2	0	1	0	0	0	0	0	0
A	BL	1	78	9	1	BA1651	13062	8	7	0	0	0	0	0	0	0	0	0
A	BL	1	78	9	1	BA1651	13092	7	0	0	0	0	0	0	0	1	0	0
A	BL	1	78	9	1	BA1651	13107	7	8	2	0	1	0	0	0	0	0	0
A	BL	1	78	9	1	BA1651	13117	8	7	0	0	0	0	0	0	0	0	0
A	BL	1	78	9	1	BA1651	13138	7	0	0	0	0	0	0	0	1	0	0
A	BL	1	78	9	1	BA1651	13152	7	8	2	0	1	0	0	0	0	0	0
A	BL	1	78	9	1	BA1651	13162	8	7	0	0	0	0	0	0	0	0	0
A	BL	1	78	9	1	BA1651	13172	7	0	0	0	0	0	0	0	1	0	0
A	BL	1	78	9	1	BA1651	13187	7	8	2	0	1	0	0	0	0	0	0
A	BL	1	78	9	1	BA1651	13190	8	0	0	0	0	0	0	0	1	0	0
A	BL	1	78	9	1	BA1651	13197	8	7	0	0	0	0	0	0	0	0	0
A	BL	1	78	9	1	BA1651	13251	7	8	2	0	1	0	0	0	0	0	0
A	BL	1	78	9	1	BA1651	13255	8	0	0	0	0	0	0	0	1	0	0
A	BL	1	78	9	1	BA1651	13258	8	0	0	0	1	0	0	0	0	0	0
A	BL	1	78	9	1	BA1651	13261	8	7	0	0	0	0	0	0	0	0	0
A	BL	1	78	9	1	BA1651	13322	7	0	0	0	0	0	0	0	1	0	0
A	BL	1	78	9	1	BA1651	13328	7	8	2	0	1	0	0	0	0	0	0
A	BL	1	78	9	1	BA1651	13329	8	0	0	0	0	0	0	0	1	0	0
A	BL	1	78	9	1	BA1651	13332	8	0	0	0	1	0	0	0	0	0	0
A	BL	1	78	9	1	BA1651	13338	8	7	0	0	0	0	0	0	0	0	0
A	BL	1	78	9	1	BA1651	13419	7	0	0	0	0	0	0	0	1	0	0
A	BL	1	78	9	1	BA1651	13424	7	8	2	0	1	0	0	0	0	0	0
A	BL	1	78	9	1	BA1651	13434	8	9	0	0	0	0	0	0	0	0	0
A	BL	1	78	9	1	BA1651	13444	9	10	0	0	0	0	0	0	0	0	0
A	BL	1	78	9	1	BA1651	13448	10	0	0	0	0	0	0	0	1	0	0
A	BL	1	78	9	1	BA1651	13519	10	2	0	0	0	0	0	0	0	0	0
A	BL	1	78	9	1	BA1651	13520	2	3	0	0	0	0	0	0	0	0	0
A	BL	1	78	9	1	BA1651	13708	3	5	1	1	0	0	0	0	0	0	0
A	BL	1	78	9	1	BA1651	13718	5	4	0	0	0	0	0	0	0	0	0
A	BL	1	78	9	1	BA1651	13733	4	0	0	0	0	0	0	1	0	0	0
A	BL	1	78	9	1	BA1651	13736	4	5	1	1	0	0	0	0	0	0	0
A	BL	1	78	9	1	BA1651	13746	5	4	0	0	0	0	0	0	0	0	0
A	BL	1	78	9	1	BA1651	13851	4	0	0	0	0	0	0	1	0	0	0
A	BL	1	78	9	1	BA1651	13872	4	5	1	1	0	0	0	0	0	0	0
A	BL	1	78	9	1	BA1651	13882	5	4	0	0	0	0	0	0	0	0	0
A	BL	1	78	9	1	BA1651	13899	4	0	0	0	0	0	0	1	0	0	0
A	BL	1	78	9	1	BA1651	13943	4	5	1	1	0	0	0	0	0	0	0
A	BL	1	78	9	1	BA1651	13953	5	4	0	0	0	0	0	0	0	0	0
A	BL	1	78	9	1	BA1651	13962	4	0	0	0	0	0	0	1	0	0	0
A	BL	1	78	9	1	BA1651	13976	4	5	1	1	0	0	0	0	0	0	0
A	BL	1	78	9	1	BA1651	13986	5	9	0	0	0	0	0	0	0	0	0
A	BL	1	78	9	1	BA1651	13996	9	10	0	0	0	0	0	0	0	0	0
A	BL	1	78	9	1	BA1651	14002	10	0	0	0	0	0	0	1	0	0	0
A	BL	1	78	9	1	BA1651	14071	10	2	0	0	0	0	0	0	0	0	0
A	BL	1	78	9	1	BA1651	14072	2	6	0	0	0	0	0	0	0	0	0
A	BL	1	78	9	1	BA1651	14332	6	8	2	0	1	0	0	0	0	0	0
A	BL	1	78	9	1	BA1651	14336	8	0	0	0	0	0	0	0	1	0	0
A	BL	1	78	9	1	BA1651	14339	8	0	0	0	1	0	0	0	0	0	0
A	BL	1	78	9	1	BA1651	14342	8	7	0	0	0	0	0	0	0	0	0
A	BL	1	78	9	1	BA1651	14353	7	0	0	0	0	0	0	0	1	0	0
A	BL	1	78	9	1	BA1651	14357	7	8	2	0	1	0	0	0	0	0	0
A	BL	1	78	9	1	BA1651	14367	8	7	0	0	0	0	0	0	0	0	0
A	BL	1	78	9	1	BA1651	14368	7	0	0	0	0	0	0	0	1	0	0
A	BL	1	78	9	1	BA1651	14383	7	8	2	0	1	0	0	0	0	0	0
A	BL	1	78	9	1	BA1651	14393	8	7	0	0	0	0	0	0	0	0	0
A	BL	1	78	9	1	BA1651	14425	7	0	0	0	0	0	0	0	1	0	0
A	BL	1	78	9	1	BA1651	14431	7	8	2	0	1	0	0	0	0	0	0
A	BL	1	78	9	1	BA1651	14440	8	0	0	0	0	0	0	0	1	0	0
A	BL	1	78	9	1	BA1651	14441	8	7	0	0	0	0	0	0	0	0	0
A	BL	1	78	9	1	BA1651	14450	7	8	2	0	1	0	0	0	0	0	0
A	BL	1	78	9	1	BA1651	14460	8	7	0	0	0	0	0	0	0	0	0
A	BL	1	78	9	1	BA1651	14465	7	0	0	0	0	0	0	0	1	0	0
A	BL	1	78	9	1	BA1651	14569	7	8	2	0	1	0	0	0	0	0	0
A	BL	1	78	9	1	BA1651	14579	8	7	0	0	0	0	0	0	0	0	0
A	BL	1	78	9	1	BA1651	14586	7	0	0	0	0	0	0	0	1	0	0
A	BL	1	78	9	1	BA1651	14597	7	8	2	0	1	0	0	0	0	0	0
A	BL	1	78	9	1	BA1651	14600	8	0	0	0	0	0	0	0	1	0	0
A	BL	1	78	9	1	BA1651	14601	8	0	0	0	1	0	0	0	0	0	0
A	BL	1	78	9	1	BA1651	14607	8	7	0	0	0	0	0	0	0	0	0
A	BL	1	78	9	1	BA1651	14618	7	0	0	0	0	0	0	0	1	0	0
A	BL	1	78	9	1	BA1651	14625	7	8	2	0	1	0	0	0	0	0	0
A	BL	1	78	9	1	BA1651	14635	8	7	0	0	0	0	0	0	0	0	0
A	BL	1	78	9	1	BA1651	14638	7	0	0	0	0	0	0	0	1	0	0
A	BL	1	78	9	1	BA1651	14654	7	8	2	0	1	0	0	0	0	0	0
A	BL	1	78	9	1	BA1651	14664	8	7	0	0	0	0	0	0	0	0	0
A	BL	1	78	9	1	BA1651	14671	7	0	0	0	0	0	0	0	1	0	0
A	BL	1	78	9	1	BA1651	14675	7	8	2	0	1	0	0	0	0	0	0
A	BL	1	78	9	1	BA1651	14685	8	9	0	0	0	0	0	0	0	0	0
A	BL	1	78	9	1	BA1651	14695	9	10	0	0	0	0	0	0	0	0	0
A	BL	1	78	9	1	BA1651	14707	10	0	0	0	0	0	0	0	1	0	0
A	BL	1	78	9	1	BA1651	14770	10	2	0	0	0	0	0	0	0	0	0
A	BL	1	78	9	1	BA1651	14771	2	6	0	0	0	0	0	0	0	0	0
A	BL	1	78	9	1	BA1651	14851	6	8	2	0	1	0	0	0	0	0	0
A	BL	1	78	9	1	BA1651	14853	8	0	0	0	0	0	0	0	1	0	0
A	BL	1	78	9	1	BA1651	14855	8	0	0	0	1	0	0	0	0	0	0
A	BL	1	78	9	1	BA1651	14861	8	7	0	0	0	0	0	0	0	0	0
A	BL	1	78	9	1	BA1651	14874	7	0	0	0	0	0	0	0	1	0	0
A	BL	1	78	9	1	BA1651	14885	7	8	2	0	1	0	0	0	0	0	0
A	BL	1	78	9	1	BA1651	14895	8	7	0	0	0	0	0	0	0	0	0
A	BL	1	78	9	1	BA1651	14899	7	0	0	0	0	0	0	0	1	0	0
A	BL	1	78	9	1	BA1651	14934	7	8	2	0	1	0	0	0	0	0	0
A	BL	1	78	9	1	BA1651	14944	8	7	0	0	0	0	0	0	0	0	0
A	BL	1	78	9	1	BA1651	14946	7	0	0	0	0	0	0	0	1	0	0
A	BL	1	78	9	1	BA1651	14949	7	8	2	0	1	0	0	0	0	0	0
A	BL	1	78	9	1	BA1651	14959	8	7	0	0	0	0	0	0	0	0	0
A	BL	1	78	9	1	BA1651	14975	7	0	0	0	0	0	0	0	1	0	0
A	BL	1	78	9	1	BA1651	14986	7	8	2	0	1	0	0	0	0	0	0
A	BL	1	78	9	1	BA1651	14996	8	7	0	0	0	0	0	0	0	0	0
A	BL	1	78	9	1	BA1651	15015	7	0	0	0	0	0	0	0	1	0	0
A	BL	1	78	9	1	BA1651	15037	7	8	2	0	1	0	0	0	0	0	0
A	BL	1	78	9	1	BA1651	15047	8	7	0	0	0	0	0	0	0	0	0
A	BL	1	78	9	1	BA1651	15049	7	0	0	0	0	0	0	0	1	0	0
A	BL	1	78	9	1	BA1651	15058	7	8	2	0	1	0	0	0	0	0	0
A	BL	1	78	9	1	BA1651	15060	8	0	0	0	0	0	0	0	1	0	0
A	BL	1	78	9	1	BA1651	15065	8	0	0	0	1	0	0	0	0	0	0
A	BL	1	78	9	1	BA1651	15068	8	7	0	0	0	0	0	0	0	0	0
A	BL	1	78	9	1	BA1651	15106	7	0	0	0	0	0	0	0	1	0	0
A	BL	1	78	9	1	BA1651	15113	7	8	2	0	1	0	0	0	0	0	0
A	BL	1	78	9	1	BA1651	15117	8	0	0	0	0	0	0	0	1	0	0
A	BL	1	78	9	1	BA1651	15122	8	0	0	0	1	0	0	0	0	0	0
A	BL	1	78	9	1	BA1651	15123	8	7	0	0	0	0	0	0	0	0	0
A	BL	1	78	9	1	BA1651	15141	7	0	0	0	0	0	0	0	1	0	0
A	BL	1	78	9	1	BA1651	15160	7	8	2	0	1	0	0	0	0	0	0
A	BL	1	78	9	1	BA1651	15170	8	7	0	0	0	0	0	0	0	0	0
A	BL	1	78	9	1	BA1651	15184	7	0	0	0	0	0	0	0	1	0	0
A	BL	1	78	9	1	BA1651	15200	7	8	2	0	1	0	0	0	0	0	0
A	BL	1	78	9	1	BA1651	15210	8	9	0	0	0	0	0	0	0	0	0
A	BL	1	78	9	1	BA1651	15220	9	10	0	0	0	0	0	0	1	0	0
A	BL	1	78	9	1	BA1651	15295	10	2	0	0	0	0	0	0	0	0	0
A	BL	1	78	9	1	BA1651	15296	2	3	0	0	0	0	0	0	0	0	0
A	BL	1	78	9	1	BA1651	15539	3	5	1	1	0	0	0	0	0	0	0
A	BL	1	78	9	1	BA1651	15549	5	4	0	0	0	0	0	0	0	0	0
A	BL	1	78	9	1	BA1651	15557	4	0	0	0	0	0	0	1	0	0	0
A	BL	1	78	9	1	BA1651	15589	4	5	1	1	0	0	0	0	0	0	0
A	BL	1	78	9	1	BA1651	15599	5	4	0	0	0	0	0	0	0	0	0
A	BL	1	78	9	1	BA1651	15615	4	0	0	0	0	0	0	1	0	0	0
A	BL	1	78	9	1	BA1651	15619	4	5	1	1	0	0	0	0	0	0	0
A	BL	1	78	9	1	BA1651	15629	5	4	0	0	0	0	0	0	0	0	0
A	BL	1	78	9	1	BA1651	15646	4	0	0	0	0	0	0	1	0	0	0
A	BL	1	78	9	1	BA1651	15663	4	5	1	1	0	0	0	0	0	0	0
A	BL	1	78	9	1	BA1651	15673	5	4	0	0	0	0	0	0	0	0	0
A	BL	1	78	9	1	BA1651	15693	4	0	0	0	0	0	0	1	0	0	0
A	BL	1	78	9	1	BA1651	15696	4	5	1	1	0	0	0	0	0	0	0
A	BL	1	78	9	1	BA1651	15706	5	9	0	0	0	0	0	0	0	0	0
A	BL	1	78	9	1	BA1651	15716	9	10	0	0	0	0	0	0	0	0	0
A	BL	1	78	9	1	BA1651	15719	10	0	0	0	0	0	0	1	0	0	0
A	BL	1	78	9	1	BA1651	15791	10	2	0	0	0	0	0	0	0	0	0
A	BL	1	78	9	1	BA1651	15792	2	3	0	0	0	0	0	0	0	0	0
A	BL	1	78	9	1	BA1651	15957	3	5	1	1	0	0	0	0	0	0	0
A	BL	1	78	9	1	BA1651	15967	5	4	0	0	0	0	0	0	0	0	0
A	BL	1	78	9	1	BA1651	15979	4	0	0	0	0	0	0	1	0	0	0
A	BL	1	78	9	1	BA1651	15991	4	5	1	1	0	0	0	0	0	0	0
A	BL	1	78	9	1	BA1651	16001	5	4	0	0	0	0	0	0	0	0	0
A	BL	1	78	9	1	BA1651	16156	4	0	0	0	0	0	0	1	0	0	0
A	BL	1	78	9	1	BA1651	16207	4	5	1	1	0	0	0	0	0	0	0
A	BL	1	78	9	1	BA1651	16217	5	4	0	0	0	0	0	0	0	0	0
A	BL	1	78	9	1	BA1651	16256	4	0	0	0	0	0	0	1	0	0	0
A	BL	1	78	9	1	BA1651	16287	4	5	1	1	0	0	0	0	0	0	0
A	BL	1	78	9	1	BA1651	16297	5	4	0	0	0	0	0	0	0	0	0
A	BL	1	78	9	1	BA1651	16314	4	0	0	0	0	0	0	1	0	0	0
A	BL	1	78	9	1	BA1651	16337	4	5	1	1	0	0	0	0	0	0	0
A	BL	1	78	9	1	BA1651	16347	5	9	0	0	0	0	0	0	0	0	0
A	BL	1	78	9	1	BA1651	16357	9	10	0	0	0	0	0	1	0	0	0
A	BL	1	78	9	1	BA1651	16432	10	2	0	0	0	0	0	0	0	0	0
A	BL	1	78	9	1	BA1651	16433	2	3	0	0	0	0	0	0	0	0	0
A	BL	1	78	9	1	BA1651	16560	3	5	1	1	0	0	0	0	0	0	0
A	BL	1	78	9	1	BA1651	16570	5	4	0	0	0	0	0	0	0	0	0
A	BL	1	78	9	1	BA1651	16579	4	0	0	0	0	0	0	1	0	0	0
A	BL	1	78	9	1	BA1651	16596	4	5	1	1	0	0	0	0	0	0	0
A	BL	1	78	9	1	BA1651	16606	5	4	0	0	0	0	0	0	0	0	0
A	BL	1	78	9	1	BA1651	16629	4	0	0	0	0	0	0	1	0	0	0
A	BL	1	78	9	1	BA1651	16657	4	5	1	1	0	0	0	0	0	0	0
A	BL	1	78	9	1	BA1651	16667	5	4	0	0	0	0	0	0	0	0	0
A	BL	1	78	9	1	BA1651	16669	4	0	0	0	0	0	0	1	0	0	0
A	BL	1	78	9	1	BA1651	16675	4	5	1	1	0	0	0	0	0	0	0
A	BL	1	78	9	1	BA1651	16685	5	4	0	0	0	0	0	0	0	0	0
A	BL	1	78	9	1	BA1651	16732	4	0	0	0	0	0	0	1	0	0	0
A	BL	1	78	9	1	BA1651	16743	4	5	1	1	0	0	0	0	0	0	0
A	BL	1	78	9	1	BA1651	16753	5	9	0	0	0	0	0	0	0	0	0
A	BL	1	78	9	1	BA1651	16763	9	10	0	0	0	0	0	0	0	0	0
A	BL	1	78	9	1	BA1651	16775	10	0	0	0	0	0	0	1	0	0	0
A	BL	1	78	9	1	BA1651	16838	10	2	0	0	0	0	0	0	0	0	0
A	BL	1	78	9	1	BA1651	16839	2	6	0	0	0	0	0	0	0	0	0
A	BL	1	78	9	1	BA1651	16971	6	8	2	0	1	0	0	0	0	0	0
A	BL	1	78	9	1	BA1651	16981	8	7	0	0	0	0	0	0	0	0	0
A	BL	1	78	9	1	BA1651	16990	7	0	0	0	0	0	0	0	1	0	0
A	BL	1	78	9	1	BA1651	16993	7	8	2	0	1	0	0	0	0	0	0
A	BL	1	78	9	1	BA1651	17003	8	7	0	0	0	0	0	0	1	0	0
A	BL	1	78	9	1	BA1651	17024	7	8	2	0	1	0	0	0	0	0	0
A	BL	1	78	9	1	BA1651	17029	8	0	0	0	0	0	0	0	1	0	0
A	BL	1	78	9	1	BA1651	17034	8	7	0	0	0	0	0	0	0	0	0
A	BL	1	78	9	1	BA1651	17183	7	8	2	0	1	0	0	0	0	0	0
A	BL	1	78	9	1	BA1651	17193	8	7	0	0	0	0	0	0	0	0	0
A	BL	1	78	9	1	BA1651	17194	7	0	0	0	0	0	0	0	1	0	0
A	BL	1	78	9	1	BA1651	17208	7	8	2	0	1	0	0	0	0	0	0
A	BL	1	78	9	1	BA1651	17218	8	7	0	0	0	0	0	0	0	0	0
A	BL	1	78	9	1	BA1651	17230	7	0	0	0	0	0	0	0	1	0	0
A	BL	1	78	9	1	BA1651	17241	7	8	2	0	1	0	0	0	0	0	0
A	BL	1	78	9	1	BA1651	17251	8	7	0	0	0	0	0	0	0	0	0
A	BL	1	78	9	1	BA1651	17261	7	0	0	0	0	0	0	0	1	0	0
A	BL	1	78	9	1	BA1651	17273	7	8	2	0	1	0	0	0	0	0	0
A	BL	1	78	9	1	BA1651	17283	8	7	0	0	0	0	0	0	0	0	0
A	BL	1	78	9	1	BA1651	17290	7	0	0	0	0	0	0	0	1	0	0
A	BL	1	78	9	1	BA1651	17310	7	8	2	0	1	0	0	0	0	0	0
A	BL	1	78	9	1	BA1651	17320	8	7	0	0	0	0	0	0	0	0	0
A	BL	1	78	9	1	BA1651	17321	7	0	0	0	0	0	0	0	1	0	0
A	BL	1	78	9	1	BA1651	17324	7	8	2	0	1	0	0	0	0	0	0
A	BL	1	78	9	1	BA1651	17326	8	0	0	0	0	0	0	0	1	0	0
A	BL	1	78	9	1	BA1651	17331	8	0	0	0	1	0	0	0	0	0	0
A	BL	1	78	9	1	BA1651	17334	8	7	0	0	0	0	0	0	0	0	0
A	BL	1	78	9	1	BA1651	17344	7	0	0	0	0	0	0	0	1	0	0
A	BL	1	78	9	1	BA1651	17348	7	8	2	0	1	0	0	0	0	0	0
A	BL	1	78	9	1	BA1651	17353	8	0	0	0	0	0	0	0	1	0	0
A	BL	1	78	9	1	BA1651	17358	8	9	0	0	0	0	0	0	0	0	0
A	BL	1	78	9	1	BA1651	17360	9	0	0	0	1	0	0	0	0	0	0
A	BL	1	78	9	1	BA1651	17368	9	10	0	0	0	0	0	0	1	0	0
A	BL	1	78	9	1	BA1651	17443	10	2	0	0	0	0	0	0	0	0	0
A	BL	1	78	9	1	BA1651	17444	2	6	0	0	0	0	0	0	0	0	0
A	BL	1	78	9	1	BA1651	17551	6	8	2	0	1	0	0	0	0	0	0
A	BL	1	78	9	1	BA1651	17561	8	7	0	0	0	0	0	0	0	0	0
A	BL	1	78	9	1	BA1651	17581	7	0	0	0	0	0	0	0	1	0	0
A	BL	1	78	9	1	BA1651	17602	7	8	2	0	1	0	0	0	0	0	0
A	BL	1	78	9	1	BA1651	17612	8	7	0	0	0	0	0	0	0	0	0
A	BL	1	78	9	1	BA1651	17638	7	0	0	0	0	0	0	0	1	0	0
A	BL	1	78	9	1	BA1651	17680	7	8	2	0	1	0	0	0	0	0	0
A	BL	1	78	9	1	BA1651	17690	8	7	0	0	0	0	0	0	0	0	0
A	BL	1	78	9	1	BA1651	17702	7	0	0	0	0	0	0	0	1	0	0
A	BL	1	78	9	1	BA1651	17715	7	8	2	0	1	0	0	0	0	0	0
A	BL	1	78	9	1	BA1651	17719	8	0	0	0	0	0	0	0	1	0	0
A	BL	1	78	9	1	BA1651	17725	8	7	0	0	0	0	0	0	0	0	0
A	BL	1	78	9	1	BA1651	17745	7	8	2	0	1	0	0	0	0	0	0
A	BL	1	78	9	1	BA1651	17755	8	7	0	0	0	0	0	0	1	0	0
A	BL	1	78	9	1	BA1651	17762	7	8	2	0	1	0	0	0	0	0	0
A	BL	1	78	9	1	BA1651	17772	8	7	0	0	0	0	0	0	0	0	0
A	BL	1	78	9	1	BA1651	17798	7	0	0	0	0	0	0	0	1	0	0
A	BL	1	78	9	1	BA1651	17811	7	8	2	0	1	0	0	0	0	0	0
A	BL	1	78	9	1	BA1651	17821	8	7	0	0	0	0	0	0	0	0	0
A	BL	1	78	9	1	BA1651	17837	7	0	0	0	0	0	0	0	1	0	0
A	BL	1	78	9	1	BA1651	17851	7	8	2	0	1	0	0	0	0	0	0
A	BL	1	78	9	1	BA1651	17861	8	7	0	0	0	0	0	0	0	0	0
A	BL	1	78	9	1	BA1651	17876	7	0	0	0	0	0	0	0	1	0	0
A	BL	1	78	9	1	BA1651	17892	7	8	2	0	1	0	0	0	0	0	0
A	BL	1	78	9	1	BA1651	17902	8	7	0	0	0	0	0	0	0	0	0
A	BL	1	78	9	1	BA1651	17930	7	0	0	0	0	0	0	0	1	0	0
A	BL	1	78	9	1	BA1651	17938	7	8	2	0	1	0	0	0	0	0	0
A	BL	1	78	9	1	BA1651	17948	8	9	0	0	0	0	0	0	0	0	0
A	BL	1	78	9	1	BA1651	17958	9	10	0	0	0	0	0	0	0	0	0
A	BL	1	78	9	1	BA1651	17966	10	0	0	0	0	0	0	0	1	0	0
A	BL	1	78	9	1	BA1651	18033	10	2	0	0	0	0	0	0	0	0	0
A	BL	1	78	9	1	BA1651	18034	2	6	0	0	0	0	0	0	0	0	0
A	BL	1	78	9	1	BA1651	18103	6	8	2	0	1	0	0	0	0	0	0
A	BL	1	78	9	1	BA1651	18109	8	0	0	0	0	0	0	0	1	0	0
A	BL	1	78	9	1	BA1651	18113	8	7	0	0	0	0	0	0	0	0	0
A	BL	1	78	9	1	BA1651	18143	7	8	2	0	1	0	0	0	0	0	0
A	BL	1	78	9	1	BA1651	18153	8	7	0	0	0	0	0	0	0	0	0
A	BL	1	78	9	1	BA1651	18204	7	0	0	0	0	0	0	0	1	0	0
A	BL	1	78	9	1	BA1651	18214	7	8	2	0	1	0	0	0	0	0	0
A	BL	1	78	9	1	BA1651	18224	8	7	0	0	0	0	0	0	0	0	0
A	BL	1	78	9	1	BA1651	18335	7	0	0	0	0	0	0	0	1	0	0
A	BL	1	78	9	1	BA1651	18356	7	8	2	0	1	0	0	0	0	0	0
A	BL	1	78	9	1	BA1651	18366	8	7	0	0	0	0	0	0	0	0	0
A	BL	1	78	9	1	BA1651	18398	7	0	0	0	0	0	0	0	1	0	0
A	BL	1	78	9	1	BA1651	18414	7	8	2	0	1	0	0	0	0	0	0
A	BL	1	78	9	1	BA1651	18424	8	7	0	0	0	0	0	0	0	0	0
A	BL	1	78	9	1	BA1651	18439	7	0	0	0	0	0	0	0	1	0	0
A	BL	1	78	9	1	BA1651	18450	7	8	2	0	1	0	0	0	0	0	0
A	BL	1	78	9	1	BA1651	18460	8	7	0	0	0	0	0	0	0	0	0
A	BL	1	78	9	1	BA1651	18465	7	0	0	0	0	0	0	0	1	0	0
A	BL	1	78	9	1	BA1651	18469	7	8	2	0	1	0	0	0	0	0	0
A	BL	1	78	9	1	BA1651	18479	8	7	0	0	0	0	0	0	0	0	0
A	BL	1	78	9	1	BA1651	18587	7	0	0	0	0	0	0	0	1	0	0
A	BL	1	78	9	1	BA1651	18633	7	8	2	0	1	0	0	0	0	0	0
A	BL	1	78	9	1	BA1651	18635	8	0	0	0	0	0	0	0	1	0	0
A	BL	1	78	9	1	BA1651	18640	8	0	0	0	1	0	0	0	0	0	0
A	BL	1	78	9	1	BA1651	18643	8	7	0	0	0	0	0	0	0	0	0
A	BL	1	78	9	1	BA1651	18658	7	0	0	0	0	0	0	0	1	0	0
A	BL	1	78	9	1	BA1651	18687	7	8	2	0	1	0	0	0	0	0	0
A	BL	1	78	9	1	BA1651	18690	8	0	0	0	0	0	0	0	1	0	0
A	BL	1	78	9	1	BA1651	18694	8	0	0	0	1	0	0	0	0	0	0
A	BL	1	78	9	1	BA1651	18697	8	7	0	0	0	0	0	0	0	0	0
A	BL	1	78	9	1	BA1651	18703	7	0	0	0	0	0	0	0	1	0	0
A	BL	1	78	9	1	BA1651	18736	7	8	2	0	1	0	0	0	0	0	0
A	BL	1	78	9	1	BA1651	18746	8	9	0	0	0	0	0	0	0	0	0
A	BL	1	78	9	1	BA1651	18756	9	10	0	0	0	0	0	0	0	0	0
A	BL	1	78	9	1	BA1651	18770	10	0	0	0	0	0	0	0	1	0	0
A	BL	1	78	9	1	BA1651	18831	10	2	0	0	0	0	0	0	0	0	0
A	BL	1	78	9	1	BA1651	18832	2	3	0	0	0	0	0	0	0	0	0
A	BL	1	78	9	1	BA1651	19027	3	5	1	1	0	0	0	0	0	0	0
A	BL	1	78	9	1	BA1651	19037	5	4	0	0	0	0	0	0	0	0	0
A	BL	1	78	9	1	BA1651	19049	4	0	0	0	0	0	0	1	0	0	0
A	BL	1	78	9	1	BA1651	19057	4	5	1	1	0	0	0	0	0	0	0
A	BL	1	78	9	1	BA1651	19067	5	4	0	0	0	0	0	0	0	0	0
A	BL	1	78	9	1	BA1651	19091	4	0	0	0	0	0	0	1	0	0	0
A	BL	1	78	9	1	BA1651	19096	4	5	1	1	0	0	0	0	0	0	0
A	BL	1	78	9	1	BA1651	19106	5	4	0	0	0	0	0	0	0	0	0
A	BL	1	78	9	1	BA1651	19126	4	0	0	0	0	0	0	1	0	0	0
A	BL	1	78	9	1	BA1651	19130	4	5	1	1	0	0	0	0	0	0	0
A	BL	1	78	9	1	BA1651	19140	5	4	0	0	0	0	0	0	0	0	0
A	BL	1	78	9	1	BA1651	19203	4	0	0	0	0	0	0	1	0	0	0
A	BL	1	78	9	1	BA1651	19228	4	5	1	1	0	0	0	0	0	0	0
A	BL	1	78	9	1	BA1651	19238	5	9	0	0	0	0	0	0	0	0	0
A	BL	1	78	9	1	BA1651	19248	9	10	0	0	0	0	0	0	0	0	0
A	BL	1	78	9	1	BA1651	19254	10	0	0	0	0	0	0	1	0	0	0
A	BL	1	78	9	1	BA1651	19323	10	2	0	0	0	0	0	0	0	0	0
A	BL	1	78	9	1	BA1651	19324	2	3	0	0	0	0	0	0	0	0	0
A	BL	1	78	9	1	BA1651	19393	3	5	1	1	0	0	0	0	0	0	0
A	BL	1	78	9	1	BA1651	19403	5	4	0	0	0	0	0	0	0	0	0
A	BL	1	78	9	1	BA1651	19418	4	0	0	0	0	0	0	1	0	0	0
A	BL	1	78	9	1	BA1651	19431	4	5	1	1	0	0	0	0	0	0	0
A	BL	1	78	9	1	BA1651	19441	5	4	0	0	0	0	0	0	0	0	0
A	BL	1	78	9	1	BA1651	19516	4	0	0	0	0	0	0	1	0	0	0
A	BL	1	78	9	1	BA1651	19556	4	5	1	1	0	0	0	0	0	0	0
A	BL	1	78	9	1	BA1651	19566	5	4	0	0	0	0	0	0	0	0	0
A	BL	1	78	9	1	BA1651	19580	4	0	0	0	0	0	0	1	0	0	0
A	BL	1	78	9	1	BA1651	19587	4	5	1	1	0	0	0	0	0	0	0
A	BL	1	78	9	1	BA1651	19597	5	4	0	0	0	0	0	0	0	0	0
A	BL	1	78	9	1	BA1651	19663	4	0	0	0	0	0	0	1	0	0	0
A	BL	1	78	9	1	BA1651	19694	4	5	1	1	0	0	0	0	0	0	0
A	BL	1	78	9	1	BA1651	19704	5	9	0	0	0	0	0	0	0	0	0
A	BL	1	78	9	1	BA1651	19714	9	10	0	0	0	0	0	0	0	0	0
A	BL	1	78	9	1	BA1651	19724	10	0	0	0	0	0	0	1	0	0	0
A	BL	1	78	9	1	BA1651	19789	10	2	0	0	0	0	0	0	0	0	0
A	BL	1	78	9	1	BA1651	19790	2	3	0	0	0	0	0	0	0	0	0
A	BL	1	78	9	1	BA1651	20007	3	5	1	1	0	0	0	0	0	0	0
A	BL	1	78	9	1	BA1651	20017	5	4	0	0	0	0	0	0	0	0	0
A	BL	1	78	9	1	BA1651	20033	4	0	0	0	0	0	0	1	0	0	0
A	BL	1	78	9	1	BA1651	20039	4	5	1	1	0	0	0	0	0	0	0
A	BL	1	78	9	1	BA1651	20049	5	4	0	0	0	0	0	0	0	0	0
A	BL	1	78	9	1	BA1651	20097	4	0	0	0	0	0	0	1	0	0	0
A	BL	1	78	9	1	BA1651	20124	4	5	1	1	0	0	0	0	0	0	0
A	BL	1	78	9	1	BA1651	20134	5	4	0	0	0	0	0	0	0	0	0
A	BL	1	78	9	1	BA1651	20159	4	0	0	0	0	0	0	1	0	0	0
A	BL	1	78	9	1	BA1651	20163	4	5	1	1	0	0	0	0	0	0	0
A	BL	1	78	9	1	BA1651	20173	5	4	0	0	0	0	0	0	0	0	0
A	BL	1	78	9	1	BA1651	20253	4	0	0	0	0	0	0	1	0	0	0
A	BL	1	78	9	1	BA1651	20277	4	5	1	1	0	0	0	0	0	0	0
A	BL	1	78	9	1	BA1651	20287	5	9	0	0	0	0	0	0	0	0	0
A	BL	1	78	9	1	BA1651	20297	9	10	0	0	0	0	0	0	0	0	0
A	BL	1	78	9	1	BA1651	20305	10	0	0	0	0	0	0	1	0	0	0
A	BL	1	78	9	1	BA1651	20372	10	2	0	0	0	0	0	0	0	0	0
A	BL	1	78	9	1	BA1651	20373	2	6	0	0	0	0	0	0	0	0	0
A	BL	1	78	9	1	BA1651	20446	6	8	2	0	1	0	0	0	0	0	0
A	BL	1	78	9	1	BA1651	20450	8	0	0	0	0	0	0	0	1	0	0
A	BL	1	78	9	1	BA1651	20456	8	7	0	0	0	0	0	0	0	0	0
A	BL	1	78	9	1	BA1651	20579	7	8	2	0	1	0	0	0	0	0	0
A	BL	1	78	9	1	BA1651	20589	8	7	0	0	0	0	0	0	0	0	0
A	BL	1	78	9	1	BA1651	20605	7	0	0	0	0	0	0	0	1	0	0
A	BL	1	78	9	1	BA1651	20814	7	8	2	0	1	0	0	0	0	0	0
A	BL	1	78	9	1	BA1651	20824	8	7	0	0	0	0	0	0	0	0	0
A	BL	1	78	9	1	BA1651	20830	7	0	0	0	0	0	0	0	1	0	0
A	BL	1	78	9	1	BA1651	20832	7	8	2	0	1	0	0	0	0	0	0
A	BL	1	78	9	1	BA1651	20842	8	7	0	0	0	0	0	0	0	0	0
A	BL	1	78	9	1	BA1651	20863	7	0	0	0	0	0	0	0	1	0	0
A	BL	1	78	9	1	BA1651	20872	7	8	2	0	1	0	0	0	0	0	0
A	BL	1	78	9	1	BA1651	20878	8	0	0	0	0	0	0	0	1	0	0
A	BL	1	78	9	1	BA1651	20882	8	7	0	0	0	0	0	0	0	0	0
A	BL	1	78	9	1	BA1651	20903	7	8	2	0	1	0	0	0	0	0	0
A	BL	1	78	9	1	BA1651	20913	8	7	0	0	0	0	0	0	0	0	0
A	BL	1	78	9	1	BA1651	20957	7	0	0	0	0	0	0	0	1	0	0
A	BL	1	78	9	1	BA1651	20968	7	8	2	0	1	0	0	0	0	0	0
A	BL	1	78	9	1	BA1651	20978	8	7	0	0	0	0	0	0	0	0	0
A	BL	1	78	9	1	BA1651	20983	7	0	0	0	0	0	0	0	1	0	0
A	BL	1	78	9	1	BA1651	20984	7	8	2	0	1	0	0	0	0	0	0
A	BL	1	78	9	1	BA1651	20993	8	0	0	0	0	0	0	0	1	0	0
A	BL	1	78	9	1	BA1651	20994	8	7	0	0	0	0	0	0	0	0	0
A	BL	1	78	9	1	BA1651	21014	7	8	2	0	1	0	0	0	0	0	0
A	BL	1	78	9	1	BA1651	21024	8	7	0	0	0	0	0	0	0	0	0
A	BL	1	78	9	1	BA1651	21041	7	0	0	0	0	0	0	0	1	0	0
A	BL	1	78	9	1	BA1651	21146	7	8	2	0	1	0	0	0	0	0	0
A	BL	1	78	9	1	BA1651	21156	8	9	0	0	0	0	0	0	0	0	0
A	BL	1	78	9	1	BA1651	21166	9	10	0	0	0	0	0	0	0	0	0
A	BL	1	78	9	1	BA1651	21167	10	0	0	0	0	0	0	0	1	0	0
A	BL	1	78	9	1	BA1651	21241	10	2	0	0	0	0	0	0	0	0	0
A	BL	1	78	9	1	BA1651	21242	2	3	0	0	0	0	0	0	0	0	0
A	BL	1	78	9	1	BA1651	21610	3	5	1	1	0	0	0	0	0	0	0
A	BL	1	78	9	1	BA1651	21620	5	4	0	0	0	0	0	0	0	0	0
A	BL	1	78	9	1	BA1651	21663	4	0	0	0	0	0	0	1	0	0	0
A	BL	1	78	9	1	BA1651	21675	4	5	1	1	0	0	0	0	0	0	0
A	BL	1	78	9	1	BA1651	21685	5	4	0	0	0	0	0	0	0	0	0
A	BL	1	78	9	1	BA1651	21724	4	0	0	0	0	0	0	1	0	0	0
A	BL	1	78	9	1	BA1651	21746	4	5	1	1	0	0	0	0	0	0	0
A	BL	1	78	9	1	BA1651	21756	5	4	0	0	0	0	0	0	0	0	0
A	BL	1	78	9	1	BA1651	21780	4	0	0	0	0	0	0	1	0	0	0
A	BL	1	78	9	1	BA1651	21783	4	5	1	1	0	0	0	0	0	0	0
A	BL	1	78	9	1	BA1651	21793	5	4	0	0	0	0	0	0	0	0	0
A	BL	1	78	9	1	BA1651	21902	4	0	0	0	0	0	0	1	0	0	0
A	BL	1	78	9	1	BA1651	21935	4	5	1	1	0	0	0	0	0	0	0
A	BL	1	78	9	1	BA1651	21945	5	9	0	0	0	0	0	0	0	0	0
A	BL	1	78	9	1	BA1651	21955	9	10	0	0	0	0	0	0	0	0	0
A	BL	1	78	9	1	BA1651	21963	10	0	0	0	0	0	0	1	0	0	0
A	BL	1	78	9	1	BA1651	22030	10	2	0	0	0	0	0	0	0	0	0
A	BL	1	78	9	1	BA1651	22031	2	6	0	0	0	0	0	0	0	0	0
A	BL	1	78	9	1	BA1651	22232	6	8	2	0	1	0	0	0	0	0	0
A	BL	1	78	9	1	BA1651	22237	8	0	0	0	0	0	0	0	1	0	0
A	BL	1	78	9	1	BA1651	22242	8	7	0	0	0	0	0	0	0	0	0
A	BL	1	78	9	1	BA1651	22243	7	8	2	0	1	0	0	0	0	0	0
A	BL	1	78	9	1	BA1651	22253	8	7	0	0	0	0	0	0	0	0	0
A	BL	1	78	9	1	BA1651	22269	7	0	0	0	0	0	0	0	1	0	0
A	BL	1	78	9	1	BA1651	22293	7	8	2	0	1	0	0	0	0	0	0
A	BL	1	78	9	1	BA1651	22303	8	7	0	0	0	0	0	0	0	0	0
A	BL	1	78	9	1	BA1651	22306	7	0	0	0	0	0	0	0	1	0	0
A	BL	1	78	9	1	BA1651	22313	7	8	2	0	1	0	0	0	0	0	0
A	BL	1	78	9	1	BA1651	22319	8	0	0	0	0	0	0	0	1	0	0
A	BL	1	78	9	1	BA1651	22323	8	7	0	0	0	0	0	0	0	0	0
A	BL	1	78	9	1	BA1651	22326	7	8	2	0	1	0	0	0	0	0	0
A	BL	1	78	9	1	BA1651	22336	8	7	0	0	0	0	0	0	0	0	0
A	BL	1	78	9	1	BA1651	22355	7	0	0	0	0	0	0	0	1	0	0
A	BL	1	78	9	1	BA1651	22363	7	8	2	0	1	0	0	0	0	0	0
A	BL	1	78	9	1	BA1651	22373	8	7	0	0	0	0	0	0	0	0	0
A	BL	1	78	9	1	BA1651	22387	7	0	0	0	0	0	0	0	1	0	0
A	BL	1	78	9	1	BA1651	22397	7	8	2	0	1	0	0	0	0	0	0
A	BL	1	78	9	1	BA1651	22407	8	7	0	0	0	0	0	0	0	0	0
A	BL	1	78	9	1	BA1651	22441	7	0	0	0	0	0	0	0	1	0	0
A	BL	1	78	9	1	BA1651	22452	7	8	2	0	1	0	0	0	0	0	0
A	BL	1	78	9	1	BA1651	22462	8	7	0	0	0	0	0	0	0	0	0
A	BL	1	78	9	1	BA1651	22522	7	0	0	0	0	0	0	0	1	0	0
A	BL	1	78	9	1	BA1651	22526	7	8	2	0	1	0	0	0	0	0	0
A	BL	1	78	9	1	BA1651	22527	8	0	0	0	0	0	0	0	1	0	0
A	BL	1	78	9	1	BA1651	22530	8	0	0	0	1	0	0	0	0	0	0
A	BL	1	78	9	1	BA1651	22532	8	0	0	0	0	0	0	0	1	0	0
A	BL	1	78	9	1	BA1651	22536	8	7	0	0	0	0	0	0	0	0	0
A	BL	1	78	9	1	BA1651	22571	7	8	2	0	1	0	0	0	0	0	0
A	BL	1	78	9	1	BA1651	22581	8	9	0	0	0	0	0	0	0	0	0
A	BL	1	78	9	1	BA1651	22582	9	0	0	0	0	0	0	0	1	0	0
A	BL	1	78	9	1	BA1651	22588	9	0	0	0	1	0	0	0	0	0	0
A	BL	1	78	9	1	BA1651	22591	9	10	0	0	0	0	0	0	0	0	0
A	BL	1	78	9	1	BA1651	22599	10	0	0	0	0	0	0	0	1	0	0
A	BL	1	78	9	1	BA1651	22666	10	2	0	0	0	0	0	0	0	0	0
A	BL	1	78	9	1	BA1651	22667	2	3	0	0	0	0	0	0	0	0	0
A	BL	1	78	9	1	BA1651	22830	3	0	0	0	1	0	0	0	0	0	0
A	BL	1	78	9	1	BA1651	22852	3	0	0	0	0	0	0	0	1	0	0
A	BL	1	78	9	1	BA1651	22868	3	0	0	0	1	0	0	0	0	0	0
A	BL	1	78	9	1	BA1651	22879	3	0	0	0	0	0	0	0	1	0	0
A	BL	1	78	9	1	BA1651	22885	3	0	0	0	1	0	0	0	0	0	0
A	BL	1	78	9	1	BA1651	22907	3	0	0	0	0	0	0	0	1	0	0
A	BL	1	78	9	1	BA1651	22909	3	0	0	0	1	0	0	0	0	0	0
A	BL	1	78	9	1	BA1651	22918	3	0	0	0	0	0	0	0	1	0	0
A	BL	1	78	9	1	BA1651	22924	3	0	0	0	1	0	0	0	0	0	0
A	BL	1	78	9	1	BA1651	22980	3	0	0	0	0	0	0	0	1	0	0
A	BL	1	78	9	1	BA1651	22987	3	0	0	0	1	0	0	0	0	0	0
A	BL	1	78	9	1	BA1651	23042	3	0	0	0	0	0	0	0	1	0	0
A	BL	1	78	9	1	BA1651	23206	3	0	0	0	1	0	0	0	0	0	0
A	BL	1	78	9	1	BA1651	23217	3	0	0	0	0	0	0	0	1	0	0
A	BL	1	78	9	1	BA1651	23240	3	0	0	0	1	0	0	0	0	0	0
A	BL	1	78	9	1	BA1651	23287	3	0	0	0	0	0	0	0	1	0	0
A	BL	1	78	9	1	BA1651	23426	3	5	1	1	0	0	0	0	0	0	0
A	BL	1	78	9	1	BA1651	23436	5	4	0	0	0	0	0	0	0	0	0
A	BL	1	78	9	1	BA1651	23462	4	0	0	0	0	0	0	1	0	0	0
A	BL	1	78	9	1	BA1651	23501	4	5	1	1	0	0	0	0	0	0	0
A	BL	1	78	9	1	BA1651	23511	5	4	0	0	0	0	0	0	0	0	0
A	BL	1	78	9	1	BA1651	23543	4	0	0	0	0	0	0	1	0	0	0
A	BL	1	78	9	1	BA1651	23546	4	5	1	1	0	0	0	0	0	0	0
A	BL	1	78	9	1	BA1651	23556	5	4	0	0	0	0	0	0	0	0	0
A	BL	1	78	9	1	BA1651	23584	4	0	0	0	0	0	0	1	0	0	0
A	BL	1	78	9	1	BA1651	23644	4	5	1	1	0	0	0	0	0	0	0
A	BL	1	78	9	1	BA1651	23654	5	4	0	0	0	0	0	0	0	0	0
A	BL	1	78	9	1	BA1651	23684	4	0	0	0	0	0	0	1	0	0	0
A	BL	1	78	9	1	BA1651	23687	4	5	1	1	0	0	0	0	0	0	0
A	BL	1	78	9	1	BA1651	23697	5	9	0	0	0	0	0	0	0	0	0
A	BL	1	78	9	1	BA1651	23707	9	10	0	0	0	0	0	0	0	0	0
A	BL	1	78	9	1	BA1651	23712	10	0	0	0	0	0	0	1	0	0	0
A	BL	1	78	9	1	BA1651	23782	10	2	0	0	0	0	0	0	0	0	0
A	BL	1	78	9	1	BA1651	23783	2	3	0	0	0	0	0	0	0	0	0
A	BL	1	78	9	1	BA1651	23851	3	5	1	1	0	0	0	0	0	0	0
A	BL	1	78	9	1	BA1651	23861	5	4	0	0	0	0	0	0	0	0	0
A	BL	1	78	9	1	BA1651	23871	4	0	0	0	0	0	0	1	0	0	0
A	BL	1	78	9	1	BA1651	23910	4	5	1	1	0	0	0	0	0	0	0
A	BL	1	78	9	1	BA1651	23920	5	4	0	0	0	0	0	0	0	0	0
A	BL	1	78	9	1	BA1651	23945	4	0	0	0	0	0	0	1	0	0	0
A	BL	1	78	9	1	BA1651	23976	4	5	1	1	0	0	0	0	0	0	0
A	BL	1	78	9	1	BA1651	23986	5	4	0	0	0	0	0	0	0	0	0
A	BL	1	78	9	1	BA1651	24037	4	0	0	0	0	0	0	1	0	0	0
A	BL	1	78	9	1	BA1651	24077	4	5	1	1	0	0	0	0	0	0	0
A	BL	1	78	9	1	BA1651	24087	5	4	0	0	0	0	0	0	0	0	0
A	BL	1	78	9	1	BA1651	24107	4	0	0	0	0	0	0	1	0	0	0
A	BL	1	78	9	1	BA1651	24110	4	5	1	1	0	0	0	0	0	0	0
A	BL	1	78	9	1	BA1651	24120	5	9	0	0	0	0	0	0	0	0	0
A	BL	1	78	9	1	BA1651	24130	9	-1	0	0	0	0	0	0	0	0	0
