Project	UserID	Protocol	Session	Station	Run	Subject	Time	Current State	Transition State	Transition Event	A1 - LEFT	A2 - RIGHT	A3 - 	A4 - 	A[1] LEFT	A[2] RIGHT	A[3] 	A[4] 
A	EF	4	66	1	1	BA1652	0	0	1	0	0	0	0	0	0	0	0	0
A	EF	4	66	1	1	BA1652	50	1	2	0	0	0	0	0	0	0	0	0
A	EF	4	66	1	1	BA1652	51	2	3	0	0	0	0	0	0	0	0	0
A	EF	4	66	1	1	BA1652	279	3	5	1	1	0	0	0	0	0	0	0
A	EF	4	66	1	1	BA1652	289	5	4	0	0	0	0	0	0	0	0	0
A	EF	4	66	1	1	BA1652	292	4	0	0	0	0	0	0	1	0	0	0
A	EF	4	66	1	1	BA1652	295	4	5	1	1	0	0	0	0	0	0	0
A	EF	4	66	1	1	BA1652	301	5	0	0	0	0	0	0	1	0	0	0
A	EF	4	66	1	1	BA1652	304	5	0	0	1	0	0	0	0	0	0	0
A	EF	4	66	1	1	BA1652	305	5	4	0	0	0	0	0	0	0	0	0
A	EF	4	66	1	1	BA1652	328	4	0	0	0	0	0	0	1	0	0	0
A	EF	4	66	1	1	BA1652	340	4	5	1	1	0	0	0	0	0	0	0
A	EF	4	66	1	1	BA1652	350	5	4	0	0	0	0	0	0	0	0	0
A	EF	4	66	1	1	BA1652	367	4	0	0	0	0	0	0	1	0	0	0
A	EF	4	66	1	1	BA1652	409	4	5	1	1	0	0	0	0	0	0	0
A	EF	4	66	1	1	BA1652	419	5	4	0	0	0	0	0	0	0	0	0
A	EF	4	66	1	1	BA1652	462	4	0	0	0	0	0	0	1	0	0	0
A	EF	4	66	1	1	BA1652	472	4	5	1	1	0	0	0	0	0	0	0
A	EF	4	66	1	1	BA1652	482	5	9	0	0	0	0	0	0	0	0	0
A	EF	4	66	1	1	BA1652	492	9	10	0	0	0	0	0	0	0	0	0
A	EF	4	66	1	1	BA1652	497	10	0	0	0	0	0	0	1	0	0	0
A	EF	4	66	1	1	BA1652	567	10	2	0	0	0	0	0	0	0	0	0
A	EF	4	66	1	1	BA1652	568	2	6	0	0	0	0	0	0	0	0	0
A	EF	4	66	1	1	BA1652	705	6	8	2	0	1	0	0	0	0	0	0
A	EF	4	66	1	1	BA1652	715	8	7	0	0	0	0	0	0	0	0	0
A	EF	4	66	1	1	BA1652	717	7	0	0	0	0	0	0	0	1	0	0
A	EF	4	66	1	1	BA1652	719	7	8	2	0	1	0	0	0	0	0	0
A	EF	4	66	1	1	BA1652	724	8	0	0	0	0	0	0	0	1	0	0
A	EF	4	66	1	1	BA1652	727	8	0	0	0	1	0	0	0	0	0	0
A	EF	4	66	1	1	BA1652	729	8	7	0	0	0	0	0	0	0	0	0
A	EF	4	66	1	1	BA1652	740	7	0	0	0	0	0	0	0	1	0	0
A	EF	4	66	1	1	BA1652	743	7	8	2	0	1	0	0	0	0	0	0
A	EF	4	66	1	1	BA1652	750	8	0	0	0	0	0	0	0	1	0	0
A	EF	4	66	1	1	BA1652	753	8	7	0	0	0	0	0	0	0	0	0
A	EF	4	66	1	1	BA1652	758	7	8	2	0	1	0	0	0	0	0	0
A	EF	4	66	1	1	BA1652	768	8	7	0	0	0	0	0	0	0	0	0
A	EF	4	66	1	1	BA1652	801	7	0	0	0	0	0	0	0	1	0	0
A	EF	4	66	1	1	BA1652	811	7	8	2	0	1	0	0	0	0	0	0
A	EF	4	66	1	1	BA1652	821	8	9	0	0	0	0	0	0	0	0	0
A	EF	4	66	1	1	BA1652	831	9	10	0	0	0	0	0	0	0	0	0
A	EF	4	66	1	1	BA1652	834	10	0	0	0	0	0	0	0	1	0	0
A	EF	4	66	1	1	BA1652	906	10	2	0	0	0	0	0	0	0	0	0
A	EF	4	66	1	1	BA1652	907	2	6	0	0	0	0	0	0	0	0	0
A	EF	4	66	1	1	BA1652	980	6	8	2	0	1	0	0	0	0	0	0
A	EF	4	66	1	1	BA1652	983	8	0	0	0	0	0	0	0	1	0	0
A	EF	4	66	1	1	BA1652	990	8	7	0	0	0	0	0	0	0	0	0
A	EF	4	66	1	1	BA1652	1017	7	8	2	0	1	0	0	0	0	0	0
A	EF	4	66	1	1	BA1652	1027	8	7	0	0	0	0	0	0	1	0	0
A	EF	4	66	1	1	BA1652	1088	7	8	2	0	1	0	0	0	0	0	0
A	EF	4	66	1	1	BA1652	1091	8	0	0	0	0	0	0	0	1	0	0
A	EF	4	66	1	1	BA1652	1098	8	7	0	0	0	0	0	0	0	0	0
A	EF	4	66	1	1	BA1652	1113	7	8	2	0	1	0	0	0	0	0	0
A	EF	4	66	1	1	BA1652	1117	8	0	0	0	0	0	0	0	1	0	0
A	EF	4	66	1	1	BA1652	1119	8	0	0	0	1	0	0	0	0	0	0
A	EF	4	66	1	1	BA1652	1123	8	7	0	0	0	0	0	0	0	0	0
A	EF	4	66	1	1	BA1652	1134	7	0	0	0	0	0	0	0	1	0	0
A	EF	4	66	1	1	BA1652	1172	7	8	2	0	1	0	0	0	0	0	0
A	EF	4	66	1	1	BA1652	1182	8	9	0	0	0	0	0	0	0	0	0
A	EF	4	66	1	1	BA1652	1188	9	0	0	0	0	0	0	0	1	0	0
A	EF	4	66	1	1	BA1652	1192	9	10	0	0	0	0	0	0	0	0	0
A	EF	4	66	1	1	BA1652	1267	10	2	0	0	0	0	0	0	0	0	0
A	EF	4	66	1	1	BA1652	1268	2	6	0	0	0	0	0	0	0	0	0
A	EF	4	66	1	1	BA1652	1323	6	8	2	0	1	0	0	0	0	0	0
A	EF	4	66	1	1	BA1652	1332	8	0	0	0	0	0	0	0	1	0	0
A	EF	4	66	1	1	BA1652	1333	8	7	0	0	0	0	0	0	0	0	0
A	EF	4	66	1	1	BA1652	1338	7	8	2	0	1	0	0	0	0	0	0
A	EF	4	66	1	1	BA1652	1348	8	7	0	0	0	0	0	0	0	0	0
A	EF	4	66	1	1	BA1652	1349	7	0	0	0	0	0	0	0	1	0	0
A	EF	4	66	1	1	BA1652	1411	7	8	2	0	1	0	0	0	0	0	0
A	EF	4	66	1	1	BA1652	1419	8	0	0	0	0	0	0	0	1	0	0
A	EF	4	66	1	1	BA1652	1421	8	7	0	0	0	0	0	0	0	0	0
A	EF	4	66	1	1	BA1652	1493	7	8	2	0	1	0	0	0	0	0	0
A	EF	4	66	1	1	BA1652	1503	8	7	0	0	0	0	0	0	0	0	0
A	EF	4	66	1	1	BA1652	1504	7	0	0	0	0	0	0	0	1	0	0
A	EF	4	66	1	1	BA1652	1507	7	8	2	0	1	0	0	0	0	0	0
A	EF	4	66	1	1	BA1652	1517	8	9	0	0	0	0	0	0	0	0	0
A	EF	4	66	1	1	BA1652	1521	9	0	0	0	0	0	0	0	1	0	0
A	EF	4	66	1	1	BA1652	1527	9	10	0	0	0	0	0	0	0	0	0
A	EF	4	66	1	1	BA1652	1602	10	2	0	0	0	0	0	0	0	0	0
A	EF	4	66	1	1	BA1652	1603	2	3	0	0	0	0	0	0	0	0	0
A	EF	4	66	1	1	BA1652	1614	3	0	0	0	1	0	0	0	0	0	0
A	EF	4	66	1	1	BA1652	1649	3	0	0	0	0	0	0	0	1	0	0
A	EF	4	66	1	1	BA1652	1652	3	0	0	0	1	0	0	0	0	0	0
A	EF	4	66	1	1	BA1652	1664	3	0	0	0	0	0	0	0	1	0	0
A	EF	4	66	1	1	BA1652	1718	3	5	1	1	0	0	0	0	0	0	0
A	EF	4	66	1	1	BA1652	1719	5	0	0	0	0	0	0	1	0	0	0
A	EF	4	66	1	1	BA1652	1728	5	4	0	0	0	0	0	0	0	0	0
A	EF	4	66	1	1	BA1652	1734	4	5	1	1	0	0	0	0	0	0	0
A	EF	4	66	1	1	BA1652	1737	5	0	0	0	0	0	0	1	0	0	0
A	EF	4	66	1	1	BA1652	1744	5	4	0	0	0	0	0	0	0	0	0
A	EF	4	66	1	1	BA1652	1751	4	5	1	1	0	0	0	0	0	0	0
A	EF	4	66	1	1	BA1652	1761	5	4	0	0	0	0	0	0	0	0	0
A	EF	4	66	1	1	BA1652	1764	4	0	0	0	0	0	0	1	0	0	0
A	EF	4	66	1	1	BA1652	1765	4	5	1	1	0	0	0	0	0	0	0
A	EF	4	66	1	1	BA1652	1766	5	0	0	0	0	0	0	1	0	0	0
A	EF	4	66	1	1	BA1652	1769	5	0	0	1	0	0	0	0	0	0	0
A	EF	4	66	1	1	BA1652	1775	5	4	0	0	0	0	0	0	0	0	0
A	EF	4	66	1	1	BA1652	1807	4	0	0	0	0	0	0	1	0	0	0
A	EF	4	66	1	1	BA1652	1819	4	5	1	1	0	0	0	0	0	0	0
A	EF	4	66	1	1	BA1652	1829	5	9	0	0	0	0	0	0	0	0	0
A	EF	4	66	1	1	BA1652	1834	9	0	0	0	0	0	0	1	0	0	0
A	EF	4	66	1	1	BA1652	1839	9	10	0	0	0	0	0	0	0	0	0
A	EF	4	66	1	1	BA1652	1914	10	2	0	0	0	0	0	0	0	0	0
A	EF	4	66	1	1	BA1652	1915	2	3	0	0	0	0	0	0	0	0	0
A	EF	4	66	1	1	BA1652	1928	3	5	1	1	0	0	0	0	0	0	0
A	EF	4	66	1	1	BA1652	1938	5	4	0	0	0	0	0	1	0	0	0
A	EF	4	66	1	1	BA1652	1955	4	5	1	1	0	0	0	0	0	0	0
A	EF	4	66	1	1	BA1652	1965	5	4	0	0	0	0	0	1	0	0	0
A	EF	4	66	1	1	BA1652	1973	4	5	1	1	0	0	0	0	0	0	0
A	EF	4	66	1	1	BA1652	1983	5	4	0	0	0	0	0	0	0	0	0
A	EF	4	66	1	1	BA1652	1984	4	0	0	0	0	0	0	1	0	0	0
A	EF	4	66	1	1	BA1652	1985	4	5	1	1	0	0	0	0	0	0	0
A	EF	4	66	1	1	BA1652	1995	5	4	0	0	0	0	0	0	0	0	0
A	EF	4	66	1	1	BA1652	1996	4	5	1	1	0	0	0	1	0	0	0
A	EF	4	66	1	1	BA1652	2006	5	9	0	0	0	0	0	0	0	0	0
A	EF	4	66	1	1	BA1652	2010	9	0	0	0	0	0	0	1	0	0	0
A	EF	4	66	1	1	BA1652	2016	9	10	0	0	0	0	0	0	0	0	0
A	EF	4	66	1	1	BA1652	2091	10	2	0	0	0	0	0	0	0	0	0
A	EF	4	66	1	1	BA1652	2092	2	6	0	0	0	0	0	0	0	0	0
A	EF	4	66	1	1	BA1652	2155	6	0	0	1	0	0	0	0	0	0	0
A	EF	4	66	1	1	BA1652	2166	6	0	0	0	0	0	0	1	0	0	0
A	EF	4	66	1	1	BA1652	2239	6	0	0	1	0	0	0	0	0	0	0
A	EF	4	66	1	1	BA1652	2245	6	0	0	0	0	0	0	1	0	0	0
A	EF	4	66	1	1	BA1652	2300	6	0	0	1	0	0	0	0	0	0	0
A	EF	4	66	1	1	BA1652	2310	6	0	0	0	0	0	0	1	0	0	0
A	EF	4	66	1	1	BA1652	2388	6	0	0	1	0	0	0	0	0	0	0
A	EF	4	66	1	1	BA1652	2395	6	0	0	0	0	0	0	1	0	0	0
A	EF	4	66	1	1	BA1652	2420	6	0	0	1	0	0	0	0	0	0	0
A	EF	4	66	1	1	BA1652	2425	6	0	0	0	0	0	0	1	0	0	0
A	EF	4	66	1	1	BA1652	2430	6	0	0	1	0	0	0	0	0	0	0
A	EF	4	66	1	1	BA1652	2441	6	0	0	0	0	0	0	1	0	0	0
A	EF	4	66	1	1	BA1652	2482	6	0	0	1	0	0	0	0	0	0	0
A	EF	4	66	1	1	BA1652	2492	6	0	0	0	0	0	0	1	0	0	0
A	EF	4	66	1	1	BA1652	2502	6	0	0	1	0	0	0	0	0	0	0
A	EF	4	66	1	1	BA1652	2509	6	0	0	0	0	0	0	1	0	0	0
A	EF	4	66	1	1	BA1652	2514	6	0	0	1	0	0	0	0	0	0	0
A	EF	4	66	1	1	BA1652	2524	6	0	0	0	0	0	0	1	0	0	0
A	EF	4	66	1	1	BA1652	2600	6	0	0	1	0	0	0	0	0	0	0
A	EF	4	66	1	1	BA1652	2626	6	0	0	0	0	0	0	1	0	0	0
A	EF	4	66	1	1	BA1652	2629	6	0	0	1	0	0	0	0	0	0	0
A	EF	4	66	1	1	BA1652	2635	6	0	0	0	0	0	0	1	0	0	0
A	EF	4	66	1	1	BA1652	2641	6	0	0	1	0	0	0	0	0	0	0
A	EF	4	66	1	1	BA1652	2643	6	0	0	0	0	0	0	1	0	0	0
A	EF	4	66	1	1	BA1652	2646	6	0	0	1	0	0	0	0	0	0	0
A	EF	4	66	1	1	BA1652	2667	6	0	0	0	0	0	0	1	0	0	0
A	EF	4	66	1	1	BA1652	2670	6	0	0	1	0	0	0	0	0	0	0
A	EF	4	66	1	1	BA1652	2684	6	0	0	0	0	0	0	1	0	0	0
A	EF	4	66	1	1	BA1652	2756	6	0	0	1	0	0	0	0	0	0	0
A	EF	4	66	1	1	BA1652	2759	6	0	0	0	0	0	0	1	0	0	0
A	EF	4	66	1	1	BA1652	2763	6	0	0	1	0	0	0	0	0	0	0
A	EF	4	66	1	1	BA1652	2773	6	0	0	0	0	0	0	1	0	0	0
A	EF	4	66	1	1	BA1652	2787	6	0	0	1	0	0	0	0	0	0	0
A	EF	4	66	1	1	BA1652	2826	6	0	0	0	0	0	0	1	0	0	0
A	EF	4	66	1	1	BA1652	2828	6	0	0	1	0	0	0	0	0	0	0
A	EF	4	66	1	1	BA1652	2830	6	0	0	0	0	0	0	1	0	0	0
A	EF	4	66	1	1	BA1652	3006	6	8	2	0	1	0	0	0	0	0	0
A	EF	4	66	1	1	BA1652	3012	8	0	0	0	0	0	0	0	1	0	0
A	EF	4	66	1	1	BA1652	3013	8	0	0	0	1	0	0	0	0	0	0
A	EF	4	66	1	1	BA1652	3016	8	7	0	0	0	0	0	0	0	0	0
A	EF	4	66	1	1	BA1652	3025	7	0	0	0	0	0	0	0	1	0	0
A	EF	4	66	1	1	BA1652	3043	7	8	2	0	1	0	0	0	0	0	0
A	EF	4	66	1	1	BA1652	3053	8	7	0	0	0	0	0	0	0	0	0
A	EF	4	66	1	1	BA1652	3057	7	0	0	0	0	0	0	0	1	0	0
A	EF	4	66	1	1	BA1652	3058	7	8	2	0	1	0	0	0	0	0	0
A	EF	4	66	1	1	BA1652	3068	8	7	0	0	0	0	0	0	0	0	0
A	EF	4	66	1	1	BA1652	3076	7	0	0	0	0	0	0	0	1	0	0
A	EF	4	66	1	1	BA1652	3077	7	8	2	0	1	0	0	0	0	0	0
A	EF	4	66	1	1	BA1652	3087	8	7	0	0	0	0	0	0	0	0	0
A	EF	4	66	1	1	BA1652	3197	7	0	0	0	0	0	0	0	1	0	0
A	EF	4	66	1	1	BA1652	3202	7	8	2	0	1	0	0	0	0	0	0
A	EF	4	66	1	1	BA1652	3208	8	0	0	0	0	0	0	0	1	0	0
A	EF	4	66	1	1	BA1652	3212	8	9	0	0	0	0	0	0	0	0	0
A	EF	4	66	1	1	BA1652	3222	9	10	0	0	0	0	0	0	0	0	0
A	EF	4	66	1	1	BA1652	3297	10	2	0	0	0	0	0	0	0	0	0
A	EF	4	66	1	1	BA1652	3298	2	6	0	0	0	0	0	0	0	0	0
A	EF	4	66	1	1	BA1652	3359	6	8	2	0	1	0	0	0	0	0	0
A	EF	4	66	1	1	BA1652	3369	8	7	0	0	0	0	0	0	0	0	0
A	EF	4	66	1	1	BA1652	3570	7	0	0	0	0	0	0	0	1	0	0
A	EF	4	66	1	1	BA1652	3608	7	8	2	0	1	0	0	0	0	0	0
A	EF	4	66	1	1	BA1652	3618	8	7	0	0	0	0	0	0	0	0	0
A	EF	4	66	1	1	BA1652	3650	7	0	0	0	0	0	0	0	1	0	0
A	EF	4	66	1	1	BA1652	3652	7	8	2	0	1	0	0	0	0	0	0
A	EF	4	66	1	1	BA1652	3662	8	7	0	0	0	0	0	0	0	0	0
A	EF	4	66	1	1	BA1652	3705	7	0	0	0	0	0	0	0	1	0	0
A	EF	4	66	1	1	BA1652	4055	7	8	2	0	1	0	0	0	0	0	0
A	EF	4	66	1	1	BA1652	4065	8	7	0	0	0	0	0	0	0	0	0
A	EF	4	66	1	1	BA1652	4136	7	0	0	0	0	0	0	0	1	0	0
A	EF	4	66	1	1	BA1652	4161	7	8	2	0	1	0	0	0	0	0	0
A	EF	4	66	1	1	BA1652	4171	8	9	0	0	0	0	0	0	0	0	0
A	EF	4	66	1	1	BA1652	4181	9	10	0	0	0	0	0	0	0	0	0
A	EF	4	66	1	1	BA1652	4184	10	0	0	0	0	0	0	0	1	0	0
A	EF	4	66	1	1	BA1652	4256	10	2	0	0	0	0	0	0	0	0	0
A	EF	4	66	1	1	BA1652	4257	2	6	0	0	0	0	0	0	0	0	0
A	EF	4	66	1	1	BA1652	4287	6	8	2	0	1	0	0	0	0	0	0
A	EF	4	66	1	1	BA1652	4297	8	7	0	0	0	0	0	0	0	0	0
A	EF	4	66	1	1	BA1652	4364	7	0	0	0	0	0	0	0	1	0	0
A	EF	4	66	1	1	BA1652	4369	7	8	2	0	1	0	0	0	0	0	0
A	EF	4	66	1	1	BA1652	4379	8	7	0	0	0	0	0	0	0	0	0
A	EF	4	66	1	1	BA1652	4404	7	0	0	0	0	0	0	0	1	0	0
A	EF	4	66	1	1	BA1652	4473	7	8	2	0	1	0	0	0	0	0	0
A	EF	4	66	1	1	BA1652	4481	8	0	0	0	0	0	0	0	1	0	0
A	EF	4	66	1	1	BA1652	4482	8	0	0	0	1	0	0	0	0	0	0
A	EF	4	66	1	1	BA1652	4483	8	7	0	0	0	0	0	0	0	0	0
A	EF	4	66	1	1	BA1652	4504	7	0	0	0	0	0	0	0	1	0	0
A	EF	4	66	1	1	BA1652	4508	7	8	2	0	1	0	0	0	0	0	0
A	EF	4	66	1	1	BA1652	4518	8	7	0	0	0	0	0	0	0	0	0
A	EF	4	66	1	1	BA1652	4538	7	0	0	0	0	0	0	0	1	0	0
A	EF	4	66	1	1	BA1652	4551	7	8	2	0	1	0	0	0	0	0	0
A	EF	4	66	1	1	BA1652	4561	8	9	0	0	0	0	0	0	0	0	0
A	EF	4	66	1	1	BA1652	4571	9	10	0	0	0	0	0	0	0	0	0
A	EF	4	66	1	1	BA1652	4587	10	0	0	0	0	0	0	0	1	0	0
A	EF	4	66	1	1	BA1652	4646	10	2	0	0	0	0	0	0	0	0	0
A	EF	4	66	1	1	BA1652	4647	2	3	0	0	0	0	0	0	0	0	0
A	EF	4	66	1	1	BA1652	4686	3	5	1	1	0	0	0	0	0	0	0
A	EF	4	66	1	1	BA1652	4696	5	4	0	0	0	0	0	0	0	0	0
A	EF	4	66	1	1	BA1652	4704	4	0	0	0	0	0	0	1	0	0	0
A	EF	4	66	1	1	BA1652	4708	4	5	1	1	0	0	0	0	0	0	0
A	EF	4	66	1	1	BA1652	4718	5	4	0	0	0	0	0	0	0	0	0
A	EF	4	66	1	1	BA1652	4725	4	0	0	0	0	0	0	1	0	0	0
A	EF	4	66	1	1	BA1652	4735	4	5	1	1	0	0	0	0	0	0	0
A	EF	4	66	1	1	BA1652	4745	5	4	0	0	0	0	0	0	0	0	0
A	EF	4	66	1	1	BA1652	4774	4	0	0	0	0	0	0	1	0	0	0
A	EF	4	66	1	1	BA1652	4815	4	5	1	1	0	0	0	0	0	0	0
A	EF	4	66	1	1	BA1652	4817	5	0	0	0	0	0	0	1	0	0	0
A	EF	4	66	1	1	BA1652	4823	5	0	0	1	0	0	0	0	0	0	0
A	EF	4	66	1	1	BA1652	4825	5	4	0	0	0	0	0	0	0	0	0
A	EF	4	66	1	1	BA1652	4827	4	0	0	0	0	0	0	1	0	0	0
A	EF	4	66	1	1	BA1652	4832	4	5	1	1	0	0	0	0	0	0	0
A	EF	4	66	1	1	BA1652	4842	5	9	0	0	0	0	0	0	0	0	0
A	EF	4	66	1	1	BA1652	4852	9	10	0	0	0	0	0	1	0	0	0
A	EF	4	66	1	1	BA1652	4927	10	2	0	0	0	0	0	0	0	0	0
A	EF	4	66	1	1	BA1652	4928	2	6	0	0	0	0	0	0	0	0	0
A	EF	4	66	1	1	BA1652	5088	6	8	2	0	1	0	0	0	0	0	0
A	EF	4	66	1	1	BA1652	5098	8	7	0	0	0	0	0	0	0	0	0
A	EF	4	66	1	1	BA1652	5099	7	0	0	0	0	0	0	0	1	0	0
A	EF	4	66	1	1	BA1652	5136	7	8	2	0	1	0	0	0	0	0	0
A	EF	4	66	1	1	BA1652	5146	8	7	0	0	0	0	0	0	0	0	0
A	EF	4	66	1	1	BA1652	5149	7	0	0	0	0	0	0	0	1	0	0
A	EF	4	66	1	1	BA1652	5153	7	8	2	0	1	0	0	0	0	0	0
A	EF	4	66	1	1	BA1652	5163	8	7	0	0	0	0	0	0	0	0	0
A	EF	4	66	1	1	BA1652	5247	7	0	0	0	0	0	0	0	1	0	0
A	EF	4	66	1	1	BA1652	5249	7	8	2	0	1	0	0	0	0	0	0
A	EF	4	66	1	1	BA1652	5259	8	7	0	0	0	0	0	0	0	0	0
A	EF	4	66	1	1	BA1652	5271	7	0	0	0	0	0	0	0	1	0	0
A	EF	4	66	1	1	BA1652	5272	7	8	2	0	1	0	0	0	0	0	0
A	EF	4	66	1	1	BA1652	5279	8	0	0	0	0	0	0	0	1	0	0
A	EF	4	66	1	1	BA1652	5282	8	9	0	0	0	0	0	0	0	0	0
A	EF	4	66	1	1	BA1652	5291	9	0	0	0	1	0	0	0	0	0	0
A	EF	4	66	1	1	BA1652	5292	9	10	0	0	0	0	0	0	0	0	0
A	EF	4	66	1	1	BA1652	5293	10	0	0	0	0	0	0	0	1	0	0
A	EF	4	66	1	1	BA1652	5294	10	0	0	0	1	0	0	0	0	0	0
A	EF	4	66	1	1	BA1652	5296	10	0	0	0	0	0	0	0	1	0	0
A	EF	4	66	1	1	BA1652	5367	10	2	0	0	0	0	0	0	0	0	0
A	EF	4	66	1	1	BA1652	5368	2	3	0	0	0	0	0	0	0	0	0
A	EF	4	66	1	1	BA1652	5389	3	5	1	1	0	0	0	0	0	0	0
A	EF	4	66	1	1	BA1652	5399	5	4	0	0	0	0	0	0	0	0	0
A	EF	4	66	1	1	BA1652	5427	4	0	0	0	0	0	0	1	0	0	0
A	EF	4	66	1	1	BA1652	5434	4	5	1	1	0	0	0	0	0	0	0
A	EF	4	66	1	1	BA1652	5440	5	0	0	0	0	0	0	1	0	0	0
A	EF	4	66	1	1	BA1652	5441	5	0	0	1	0	0	0	0	0	0	0
A	EF	4	66	1	1	BA1652	5444	5	4	0	0	0	0	0	0	0	0	0
A	EF	4	66	1	1	BA1652	5450	4	0	0	0	0	0	0	1	0	0	0
A	EF	4	66	1	1	BA1652	5452	4	5	1	1	0	0	0	0	0	0	0
A	EF	4	66	1	1	BA1652	5460	5	0	0	0	0	0	0	1	0	0	0
A	EF	4	66	1	1	BA1652	5462	5	4	0	0	0	0	0	0	0	0	0
A	EF	4	66	1	1	BA1652	5466	4	5	1	1	0	0	0	0	0	0	0
A	EF	4	66	1	1	BA1652	5476	5	4	0	0	0	0	0	0	0	0	0
A	EF	4	66	1	1	BA1652	5496	4	0	0	0	0	0	0	1	0	0	0
A	EF	4	66	1	1	BA1652	5538	4	5	1	1	0	0	0	0	0	0	0
A	EF	4	66	1	1	BA1652	5547	5	0	0	1	0	0	0	1	0	0	0
A	EF	4	66	1	1	BA1652	5548	5	9	0	0	0	0	0	0	0	0	0
A	EF	4	66	1	1	BA1652	5558	9	10	0	0	0	0	0	1	0	0	0
A	EF	4	66	1	1	BA1652	5633	10	2	0	0	0	0	0	0	0	0	0
A	EF	4	66	1	1	BA1652	5634	2	3	0	0	0	0	0	0	0	0	0
A	EF	4	66	1	1	BA1652	5693	3	5	1	1	0	0	0	0	0	0	0
A	EF	4	66	1	1	BA1652	5696	5	0	0	0	0	0	0	1	0	0	0
A	EF	4	66	1	1	BA1652	5699	5	0	0	1	0	0	0	0	0	0	0
A	EF	4	66	1	1	BA1652	5703	5	4	0	0	0	0	0	0	0	0	0
A	EF	4	66	1	1	BA1652	5704	4	0	0	0	0	0	0	1	0	0	0
A	EF	4	66	1	1	BA1652	5718	4	5	1	1	0	0	0	0	0	0	0
A	EF	4	66	1	1	BA1652	5720	5	0	0	0	0	0	0	1	0	0	0
A	EF	4	66	1	1	BA1652	5723	5	0	0	1	0	0	0	0	0	0	0
A	EF	4	66	1	1	BA1652	5728	5	4	0	0	0	0	0	0	0	0	0
A	EF	4	66	1	1	BA1652	5764	4	0	0	0	0	0	0	1	0	0	0
A	EF	4	66	1	1	BA1652	5766	4	5	1	1	0	0	0	0	0	0	0
A	EF	4	66	1	1	BA1652	5776	5	4	0	0	0	0	0	0	0	0	0
A	EF	4	66	1	1	BA1652	5794	4	0	0	0	0	0	0	1	0	0	0
A	EF	4	66	1	1	BA1652	5806	4	5	1	1	0	0	0	0	0	0	0
A	EF	4	66	1	1	BA1652	5813	5	0	0	0	0	0	0	1	0	0	0
A	EF	4	66	1	1	BA1652	5816	5	4	0	1	0	0	0	0	0	0	0
A	EF	4	66	1	1	BA1652	5821	4	0	0	0	0	0	0	1	0	0	0
A	EF	4	66	1	1	BA1652	5825	4	5	1	1	0	0	0	0	0	0	0
A	EF	4	66	1	1	BA1652	5833	5	0	0	0	0	0	0	1	0	0	0
A	EF	4	66	1	1	BA1652	5835	5	9	0	0	0	0	0	0	0	0	0
A	EF	4	66	1	1	BA1652	5845	9	10	0	0	0	0	0	0	0	0	0
A	EF	4	66	1	1	BA1652	5920	10	2	0	0	0	0	0	0	0	0	0
A	EF	4	66	1	1	BA1652	5921	2	3	0	0	0	0	0	0	0	0	0
A	EF	4	66	1	1	BA1652	6059	3	5	1	1	0	0	0	0	0	0	0
A	EF	4	66	1	1	BA1652	6069	5	4	0	0	0	0	0	0	0	0	0
A	EF	4	66	1	1	BA1652	6075	4	0	0	0	0	0	0	1	0	0	0
A	EF	4	66	1	1	BA1652	6079	4	5	1	1	0	0	0	0	0	0	0
A	EF	4	66	1	1	BA1652	6089	5	4	0	0	0	0	0	0	0	0	0
A	EF	4	66	1	1	BA1652	6094	4	0	0	0	0	0	0	1	0	0	0
A	EF	4	66	1	1	BA1652	6114	4	5	1	1	0	0	0	0	0	0	0
A	EF	4	66	1	1	BA1652	6124	5	4	0	0	0	0	0	0	0	0	0
A	EF	4	66	1	1	BA1652	6127	4	0	0	0	0	0	0	1	0	0	0
A	EF	4	66	1	1	BA1652	6130	4	5	1	1	0	0	0	0	0	0	0
A	EF	4	66	1	1	BA1652	6139	5	0	0	0	0	0	0	1	0	0	0
A	EF	4	66	1	1	BA1652	6140	5	4	0	0	0	0	0	0	0	0	0
A	EF	4	66	1	1	BA1652	6165	4	5	1	1	0	0	0	0	0	0	0
A	EF	4	66	1	1	BA1652	6175	5	9	0	0	0	0	0	0	0	0	0
A	EF	4	66	1	1	BA1652	6185	9	10	0	0	0	0	0	0	0	0	0
A	EF	4	66	1	1	BA1652	6188	10	0	0	0	0	0	0	1	0	0	0
A	EF	4	66	1	1	BA1652	6260	10	2	0	0	0	0	0	0	0	0	0
A	EF	4	66	1	1	BA1652	6261	2	6	0	0	0	0	0	0	0	0	0
A	EF	4	66	1	1	BA1652	6425	6	8	2	0	1	0	0	0	0	0	0
A	EF	4	66	1	1	BA1652	6435	8	7	0	0	0	0	0	0	0	0	0
A	EF	4	66	1	1	BA1652	6450	7	0	0	0	0	0	0	0	1	0	0
A	EF	4	66	1	1	BA1652	6461	7	8	2	0	1	0	0	0	0	0	0
A	EF	4	66	1	1	BA1652	6469	8	0	0	0	0	0	0	0	1	0	0
A	EF	4	66	1	1	BA1652	6471	8	7	0	0	0	0	0	0	0	0	0
A	EF	4	66	1	1	BA1652	6481	7	8	2	0	1	0	0	0	0	0	0
A	EF	4	66	1	1	BA1652	6491	8	7	0	0	0	0	0	0	0	0	0
A	EF	4	66	1	1	BA1652	6493	7	0	0	0	0	0	0	0	1	0	0
A	EF	4	66	1	1	BA1652	6511	7	8	2	0	1	0	0	0	0	0	0
A	EF	4	66	1	1	BA1652	6521	8	7	0	0	0	0	0	0	0	0	0
A	EF	4	66	1	1	BA1652	6526	7	0	0	0	0	0	0	0	1	0	0
A	EF	4	66	1	1	BA1652	6529	7	8	2	0	1	0	0	0	0	0	0
A	EF	4	66	1	1	BA1652	6539	8	9	0	0	0	0	0	0	0	0	0
A	EF	4	66	1	1	BA1652	6549	9	10	0	0	0	0	0	0	0	0	0
A	EF	4	66	1	1	BA1652	6553	10	0	0	0	0	0	0	0	1	0	0
A	EF	4	66	1	1	BA1652	6624	10	2	0	0	0	0	0	0	0	0	0
A	EF	4	66	1	1	BA1652	6625	2	6	0	0	0	0	0	0	0	0	0
A	EF	4	66	1	1	BA1652	6648	6	0	0	1	0	0	0	0	0	0	0
A	EF	4	66	1	1	BA1652	6659	6	0	0	0	0	0	0	1	0	0	0
A	EF	4	66	1	1	BA1652	6703	6	8	2	0	1	0	0	0	0	0	0
A	EF	4	66	1	1	BA1652	6711	8	0	0	0	0	0	0	0	1	0	0
A	EF	4	66	1	1	BA1652	6713	8	7	0	0	0	0	0	0	0	0	0
A	EF	4	66	1	1	BA1652	6719	7	8	2	0	1	0	0	0	0	0	0
A	EF	4	66	1	1	BA1652	6729	8	7	0	0	0	0	0	0	0	0	0
A	EF	4	66	1	1	BA1652	6765	7	0	0	0	0	0	0	0	1	0	0
A	EF	4	66	1	1	BA1652	6767	7	8	2	0	1	0	0	0	0	0	0
A	EF	4	66	1	1	BA1652	6770	8	0	0	0	0	0	0	0	1	0	0
A	EF	4	66	1	1	BA1652	6777	8	7	0	0	0	0	0	0	0	0	0
A	EF	4	66	1	1	BA1652	6782	7	8	2	0	1	0	0	0	0	0	0
A	EF	4	66	1	1	BA1652	6784	8	0	0	0	0	0	0	0	1	0	0
A	EF	4	66	1	1	BA1652	6792	8	7	0	0	0	0	0	0	0	0	0
A	EF	4	66	1	1	BA1652	6808	7	8	2	0	1	0	0	0	0	0	0
A	EF	4	66	1	1	BA1652	6813	8	0	0	0	0	0	0	0	1	0	0
A	EF	4	66	1	1	BA1652	6818	8	9	0	0	0	0	0	0	0	0	0
A	EF	4	66	1	1	BA1652	6828	9	10	0	0	0	0	0	0	0	0	0
A	EF	4	66	1	1	BA1652	6903	10	2	0	0	0	0	0	0	0	0	0
A	EF	4	66	1	1	BA1652	6904	2	6	0	0	0	0	0	0	0	0	0
A	EF	4	66	1	1	BA1652	6956	6	8	2	0	1	0	0	0	0	0	0
A	EF	4	66	1	1	BA1652	6966	8	7	0	0	0	0	0	0	0	0	0
A	EF	4	66	1	1	BA1652	7009	7	0	0	0	0	0	0	0	1	0	0
A	EF	4	66	1	1	BA1652	7016	7	8	2	0	1	0	0	0	0	0	0
A	EF	4	66	1	1	BA1652	7018	8	0	0	0	0	0	0	0	1	0	0
A	EF	4	66	1	1	BA1652	7023	8	0	0	0	1	0	0	0	0	0	0
A	EF	4	66	1	1	BA1652	7026	8	7	0	0	0	0	0	0	0	0	0
A	EF	4	66	1	1	BA1652	7034	7	0	0	0	0	0	0	0	1	0	0
A	EF	4	66	1	1	BA1652	7044	7	8	2	0	1	0	0	0	0	0	0
A	EF	4	66	1	1	BA1652	7046	8	0	0	0	0	0	0	0	1	0	0
A	EF	4	66	1	1	BA1652	7054	8	7	0	0	0	0	0	0	0	0	0
A	EF	4	66	1	1	BA1652	7062	7	8	2	0	1	0	0	0	0	0	0
A	EF	4	66	1	1	BA1652	7072	8	7	0	0	0	0	0	0	0	0	0
A	EF	4	66	1	1	BA1652	7073	7	0	0	0	0	0	0	0	1	0	0
A	EF	4	66	1	1	BA1652	7080	7	8	2	0	1	0	0	0	0	0	0
A	EF	4	66	1	1	BA1652	7090	8	9	0	0	0	0	0	0	1	0	0
A	EF	4	66	1	1	BA1652	7100	9	10	0	0	0	0	0	0	0	0	0
A	EF	4	66	1	1	BA1652	7175	10	2	0	0	0	0	0	0	0	0	0
A	EF	4	66	1	1	BA1652	7176	2	3	0	0	0	0	0	0	0	0	0
A	EF	4	66	1	1	BA1652	7193	3	0	0	0	1	0	0	0	0	0	0
A	EF	4	66	1	1	BA1652	7205	3	0	0	0	0	0	0	0	1	0	0
A	EF	4	66	1	1	BA1652	7210	3	0	0	0	1	0	0	0	0	0	0
A	EF	4	66	1	1	BA1652	7226	3	0	0	0	0	0	0	0	1	0	0
A	EF	4	66	1	1	BA1652	7232	3	0	0	0	1	0	0	0	0	0	0
A	EF	4	66	1	1	BA1652	7244	3	0	0	0	0	0	0	0	1	0	0
A	EF	4	66	1	1	BA1652	7246	3	0	0	0	1	0	0	0	0	0	0
A	EF	4	66	1	1	BA1652	7263	3	0	0	0	0	0	0	0	1	0	0
A	EF	4	66	1	1	BA1652	7271	3	0	0	0	1	0	0	0	0	0	0
A	EF	4	66	1	1	BA1652	7297	3	0	0	0	0	0	0	0	1	0	0
A	EF	4	66	1	1	BA1652	7316	3	0	0	0	1	0	0	0	0	0	0
A	EF	4	66	1	1	BA1652	7320	3	0	0	0	0	0	0	0	1	0	0
A	EF	4	66	1	1	BA1652	7322	3	0	0	0	1	0	0	0	0	0	0
A	EF	4	66	1	1	BA1652	7326	3	0	0	0	0	0	0	0	1	0	0
A	EF	4	66	1	1	BA1652	7330	3	0	0	0	1	0	0	0	0	0	0
A	EF	4	66	1	1	BA1652	7369	3	0	0	0	0	0	0	0	1	0	0
A	EF	4	66	1	1	BA1652	7434	3	5	1	1	0	0	0	0	0	0	0
A	EF	4	66	1	1	BA1652	7438	5	0	0	0	0	0	0	1	0	0	0
A	EF	4	66	1	1	BA1652	7442	5	0	0	1	0	0	0	0	0	0	0
A	EF	4	66	1	1	BA1652	7444	5	4	0	0	0	0	0	0	0	0	0
A	EF	4	66	1	1	BA1652	7456	4	0	0	0	0	0	0	1	0	0	0
A	EF	4	66	1	1	BA1652	7467	4	5	1	1	0	0	0	0	0	0	0
A	EF	4	66	1	1	BA1652	7477	5	4	0	0	0	0	0	0	0	0	0
A	EF	4	66	1	1	BA1652	7484	4	0	0	0	0	0	0	1	0	0	0
A	EF	4	66	1	1	BA1652	7485	4	5	1	1	0	0	0	0	0	0	0
A	EF	4	66	1	1	BA1652	7495	5	4	0	0	0	0	0	0	0	0	0
A	EF	4	66	1	1	BA1652	7508	4	0	0	0	0	0	0	1	0	0	0
A	EF	4	66	1	1	BA1652	7525	4	5	1	1	0	0	0	0	0	0	0
A	EF	4	66	1	1	BA1652	7535	5	4	0	0	0	0	0	0	0	0	0
A	EF	4	66	1	1	BA1652	7555	4	0	0	0	0	0	0	1	0	0	0
A	EF	4	66	1	1	BA1652	7559	4	5	1	1	0	0	0	0	0	0	0
A	EF	4	66	1	1	BA1652	7565	5	0	0	0	0	0	0	1	0	0	0
A	EF	4	66	1	1	BA1652	7569	5	9	0	0	0	0	0	0	0	0	0
A	EF	4	66	1	1	BA1652	7579	9	10	0	0	0	0	0	0	0	0	0
A	EF	4	66	1	1	BA1652	7654	10	2	0	0	0	0	0	0	0	0	0
A	EF	4	66	1	1	BA1652	7655	2	3	0	0	0	0	0	0	0	0	0
A	EF	4	66	1	1	BA1652	7688	3	5	1	1	0	0	0	0	0	0	0
A	EF	4	66	1	1	BA1652	7696	5	0	0	0	0	0	0	1	0	0	0
A	EF	4	66	1	1	BA1652	7698	5	4	0	0	0	0	0	0	0	0	0
A	EF	4	66	1	1	BA1652	7701	4	5	1	1	0	0	0	0	0	0	0
A	EF	4	66	1	1	BA1652	7703	5	0	0	0	0	0	0	1	0	0	0
A	EF	4	66	1	1	BA1652	7706	5	0	0	1	0	0	0	0	0	0	0
A	EF	4	66	1	1	BA1652	7711	5	4	0	0	0	0	0	0	0	0	0
A	EF	4	66	1	1	BA1652	7725	4	0	0	0	0	0	0	1	0	0	0
A	EF	4	66	1	1	BA1652	7728	4	5	1	1	0	0	0	0	0	0	0
A	EF	4	66	1	1	BA1652	7738	5	4	0	0	0	0	0	0	0	0	0
A	EF	4	66	1	1	BA1652	7749	4	0	0	0	0	0	0	1	0	0	0
A	EF	4	66	1	1	BA1652	7836	4	5	1	1	0	0	0	0	0	0	0
A	EF	4	66	1	1	BA1652	7838	5	0	0	0	0	0	0	1	0	0	0
A	EF	4	66	1	1	BA1652	7840	5	0	0	1	0	0	0	0	0	0	0
A	EF	4	66	1	1	BA1652	7846	5	4	0	0	0	0	0	0	0	0	0
A	EF	4	66	1	1	BA1652	7848	4	0	0	0	0	0	0	1	0	0	0
A	EF	4	66	1	1	BA1652	7851	4	5	1	1	0	0	0	0	0	0	0
A	EF	4	66	1	1	BA1652	7861	5	9	0	0	0	0	0	1	0	0	0
A	EF	4	66	1	1	BA1652	7864	9	0	0	1	0	0	0	0	0	0	0
A	EF	4	66	1	1	BA1652	7870	9	0	0	0	0	0	0	1	0	0	0
A	EF	4	66	1	1	BA1652	7871	9	10	0	0	0	0	0	0	0	0	0
A	EF	4	66	1	1	BA1652	7946	10	2	0	0	0	0	0	0	0	0	0
A	EF	4	66	1	1	BA1652	7947	2	3	0	0	0	0	0	0	0	0	0
A	EF	4	66	1	1	BA1652	8054	3	5	1	1	0	0	0	0	0	0	0
A	EF	4	66	1	1	BA1652	8064	5	4	0	0	0	0	0	0	0	0	0
A	EF	4	66	1	1	BA1652	8070	4	0	0	0	0	0	0	1	0	0	0
A	EF	4	66	1	1	BA1652	8084	4	5	1	1	0	0	0	0	0	0	0
A	EF	4	66	1	1	BA1652	8088	5	0	0	0	0	0	0	1	0	0	0
A	EF	4	66	1	1	BA1652	8092	5	0	0	1	0	0	0	0	0	0	0
A	EF	4	66	1	1	BA1652	8094	5	4	0	0	0	0	0	0	0	0	0
A	EF	4	66	1	1	BA1652	8096	4	0	0	0	0	0	0	1	0	0	0
A	EF	4	66	1	1	BA1652	8114	4	5	1	1	0	0	0	0	0	0	0
A	EF	4	66	1	1	BA1652	8124	5	4	0	0	0	0	0	0	0	0	0
A	EF	4	66	1	1	BA1652	8128	4	0	0	0	0	0	0	1	0	0	0
A	EF	4	66	1	1	BA1652	8129	4	5	1	1	0	0	0	0	0	0	0
A	EF	4	66	1	1	BA1652	8139	5	4	0	0	0	0	0	1	0	0	0
A	EF	4	66	1	1	BA1652	8162	4	5	1	1	0	0	0	0	0	0	0
A	EF	4	66	1	1	BA1652	8169	5	0	0	0	0	0	0	1	0	0	0
A	EF	4	66	1	1	BA1652	8170	5	0	0	1	0	0	0	0	0	0	0
A	EF	4	66	1	1	BA1652	8172	5	9	0	0	0	0	0	0	0	0	0
A	EF	4	66	1	1	BA1652	8181	9	0	0	0	0	0	0	1	0	0	0
A	EF	4	66	1	1	BA1652	8182	9	10	0	0	0	0	0	0	0	0	0
A	EF	4	66	1	1	BA1652	8257	10	2	0	0	0	0	0	0	0	0	0
A	EF	4	66	1	1	BA1652	8258	2	6	0	0	0	0	0	0	0	0	0
A	EF	4	66	1	1	BA1652	8405	6	8	2	0	1	0	0	0	0	0	0
A	EF	4	66	1	1	BA1652	8415	8	7	0	0	0	0	0	0	0	0	0
A	EF	4	66	1	1	BA1652	8424	7	0	0	0	0	0	0	0	1	0	0
A	EF	4	66	1	1	BA1652	8427	7	8	2	0	1	0	0	0	0	0	0
A	EF	4	66	1	1	BA1652	8437	8	7	0	0	0	0	0	0	0	0	0
A	EF	4	66	1	1	BA1652	8445	7	0	0	0	0	0	0	0	1	0	0
A	EF	4	66	1	1	BA1652	8466	7	8	2	0	1	0	0	0	0	0	0
A	EF	4	66	1	1	BA1652	8474	8	0	0	0	0	0	0	0	1	0	0
A	EF	4	66	1	1	BA1652	8476	8	7	0	0	0	0	0	0	0	0	0
A	EF	4	66	1	1	BA1652	8477	7	8	2	0	1	0	0	0	0	0	0
A	EF	4	66	1	1	BA1652	8487	8	7	0	0	0	0	0	0	0	0	0
A	EF	4	66	1	1	BA1652	8497	7	0	0	0	0	0	0	0	1	0	0
A	EF	4	66	1	1	BA1652	8498	7	8	2	0	1	0	0	0	0	0	0
A	EF	4	66	1	1	BA1652	8508	8	9	0	0	0	0	0	0	0	0	0
A	EF	4	66	1	1	BA1652	8511	9	0	0	0	0	0	0	0	1	0	0
A	EF	4	66	1	1	BA1652	8518	9	10	0	0	0	0	0	0	0	0	0
A	EF	4	66	1	1	BA1652	8593	10	2	0	0	0	0	0	0	0	0	0
A	EF	4	66	1	1	BA1652	8594	2	6	0	0	0	0	0	0	0	0	0
A	EF	4	66	1	1	BA1652	8657	6	8	2	0	1	0	0	0	0	0	0
A	EF	4	66	1	1	BA1652	8667	8	7	0	0	0	0	0	0	0	0	0
A	EF	4	66	1	1	BA1652	8691	7	0	0	0	0	0	0	0	1	0	0
A	EF	4	66	1	1	BA1652	8692	7	8	2	0	1	0	0	0	0	0	0
A	EF	4	66	1	1	BA1652	8702	8	7	0	0	0	0	0	0	0	0	0
A	EF	4	66	1	1	BA1652	8732	7	0	0	0	0	0	0	0	1	0	0
A	EF	4	66	1	1	BA1652	8741	7	8	2	0	1	0	0	0	0	0	0
A	EF	4	66	1	1	BA1652	8751	8	7	0	0	0	0	0	0	0	0	0
A	EF	4	66	1	1	BA1652	8762	7	0	0	0	0	0	0	0	1	0	0
A	EF	4	66	1	1	BA1652	8767	7	8	2	0	1	0	0	0	0	0	0
A	EF	4	66	1	1	BA1652	8777	8	7	0	0	0	0	0	0	0	0	0
A	EF	4	66	1	1	BA1652	8844	7	0	0	0	0	0	0	0	1	0	0
A	EF	4	66	1	1	BA1652	8862	7	8	2	0	1	0	0	0	0	0	0
A	EF	4	66	1	1	BA1652	8872	8	9	0	0	0	0	0	0	0	0	0
A	EF	4	66	1	1	BA1652	8882	9	10	0	0	0	0	0	0	0	0	0
A	EF	4	66	1	1	BA1652	8889	10	0	0	0	0	0	0	0	1	0	0
A	EF	4	66	1	1	BA1652	8957	10	2	0	0	0	0	0	0	0	0	0
A	EF	4	66	1	1	BA1652	8958	2	3	0	0	0	0	0	0	0	0	0
A	EF	4	66	1	1	BA1652	8995	3	5	1	1	0	0	0	0	0	0	0
A	EF	4	66	1	1	BA1652	9005	5	4	0	0	0	0	0	1	0	0	0
A	EF	4	66	1	1	BA1652	9009	4	5	1	1	0	0	0	0	0	0	0
A	EF	4	66	1	1	BA1652	9019	5	4	0	0	0	0	0	0	0	0	0
A	EF	4	66	1	1	BA1652	9032	4	0	0	0	0	0	0	1	0	0	0
A	EF	4	66	1	1	BA1652	9033	4	5	1	1	0	0	0	0	0	0	0
A	EF	4	66	1	1	BA1652	9043	5	4	0	0	0	0	0	0	0	0	0
A	EF	4	66	1	1	BA1652	9050	4	0	0	0	0	0	0	1	0	0	0
A	EF	4	66	1	1	BA1652	9058	4	5	1	1	0	0	0	0	0	0	0
A	EF	4	66	1	1	BA1652	9068	5	4	0	0	0	0	0	0	0	0	0
A	EF	4	66	1	1	BA1652	9076	4	0	0	0	0	0	0	1	0	0	0
A	EF	4	66	1	1	BA1652	9088	4	5	1	1	0	0	0	0	0	0	0
A	EF	4	66	1	1	BA1652	9098	5	9	0	0	0	0	0	0	0	0	0
A	EF	4	66	1	1	BA1652	9108	9	10	0	0	0	0	0	1	0	0	0
A	EF	4	66	1	1	BA1652	9183	10	2	0	0	0	0	0	0	0	0	0
A	EF	4	66	1	1	BA1652	9184	2	6	0	0	0	0	0	0	0	0	0
A	EF	4	66	1	1	BA1652	9402	6	8	2	0	1	0	0	0	0	0	0
A	EF	4	66	1	1	BA1652	9408	8	0	0	0	0	0	0	0	1	0	0
A	EF	4	66	1	1	BA1652	9412	8	7	0	0	0	0	0	0	0	0	0
A	EF	4	66	1	1	BA1652	9415	7	8	2	0	1	0	0	0	0	0	0
A	EF	4	66	1	1	BA1652	9423	8	0	0	0	0	0	0	0	1	0	0
A	EF	4	66	1	1	BA1652	9425	8	7	0	0	0	0	0	0	0	0	0
A	EF	4	66	1	1	BA1652	9426	7	8	2	0	1	0	0	0	0	0	0
A	EF	4	66	1	1	BA1652	9436	8	7	0	0	0	0	0	0	0	0	0
A	EF	4	66	1	1	BA1652	9438	7	0	0	0	0	0	0	0	1	0	0
A	EF	4	66	1	1	BA1652	9443	7	8	2	0	1	0	0	0	0	0	0
A	EF	4	66	1	1	BA1652	9453	8	7	0	0	0	0	0	0	0	0	0
A	EF	4	66	1	1	BA1652	9461	7	0	0	0	0	0	0	0	1	0	0
A	EF	4	66	1	1	BA1652	9489	7	8	2	0	1	0	0	0	0	0	0
A	EF	4	66	1	1	BA1652	9499	8	9	0	0	0	0	0	0	0	0	0
A	EF	4	66	1	1	BA1652	9501	9	0	0	0	0	0	0	0	1	0	0
A	EF	4	66	1	1	BA1652	9509	9	10	0	0	0	0	0	0	0	0	0
A	EF	4	66	1	1	BA1652	9584	10	2	0	0	0	0	0	0	0	0	0
A	EF	4	66	1	1	BA1652	9585	2	3	0	0	0	0	0	0	0	0	0
A	EF	4	66	1	1	BA1652	9614	3	5	1	1	0	0	0	0	0	0	0
A	EF	4	66	1	1	BA1652	9624	5	4	0	0	0	0	0	0	0	0	0
A	EF	4	66	1	1	BA1652	9650	4	5	1	1	0	0	0	1	0	0	0
A	EF	4	66	1	1	BA1652	9660	5	4	0	0	0	0	0	0	0	0	0
A	EF	4	66	1	1	BA1652	9669	4	0	0	0	0	0	0	1	0	0	0
A	EF	4	66	1	1	BA1652	9674	4	5	1	1	0	0	0	0	0	0	0
A	EF	4	66	1	1	BA1652	9680	5	0	0	1	0	0	0	1	0	0	0
A	EF	4	66	1	1	BA1652	9684	5	4	0	0	0	0	0	0	0	0	0
A	EF	4	66	1	1	BA1652	9716	4	0	0	0	0	0	0	1	0	0	0
A	EF	4	66	1	1	BA1652	9727	4	5	1	1	0	0	0	0	0	0	0
A	EF	4	66	1	1	BA1652	9737	5	4	0	0	0	0	0	0	0	0	0
A	EF	4	66	1	1	BA1652	9743	4	0	0	0	0	0	0	1	0	0	0
A	EF	4	66	1	1	BA1652	9745	4	5	1	1	0	0	0	0	0	0	0
A	EF	4	66	1	1	BA1652	9755	5	9	0	0	0	0	0	0	0	0	0
A	EF	4	66	1	1	BA1652	9764	9	0	0	0	0	0	0	1	0	0	0
A	EF	4	66	1	1	BA1652	9765	9	10	0	0	0	0	0	0	0	0	0
A	EF	4	66	1	1	BA1652	9840	10	2	0	0	0	0	0	0	0	0	0
A	EF	4	66	1	1	BA1652	9841	2	6	0	0	0	0	0	0	0	0	0
A	EF	4	66	1	1	BA1652	9904	6	8	2	0	1	0	0	0	0	0	0
A	EF	4	66	1	1	BA1652	9914	8	7	0	0	0	0	0	0	0	0	0
A	EF	4	66	1	1	BA1652	9921	7	0	0	0	0	0	0	0	1	0	0
A	EF	4	66	1	1	BA1652	9970	7	8	2	0	1	0	0	0	0	0	0
A	EF	4	66	1	1	BA1652	9980	8	7	0	0	0	0	0	0	0	0	0
A	EF	4	66	1	1	BA1652	10027	7	0	0	0	0	0	0	0	1	0	0
A	EF	4	66	1	1	BA1652	10034	7	8	2	0	1	0	0	0	0	0	0
A	EF	4	66	1	1	BA1652	10044	8	7	0	0	0	0	0	0	0	0	0
A	EF	4	66	1	1	BA1652	10073	7	0	0	0	0	0	0	0	1	0	0
A	EF	4	66	1	1	BA1652	10074	7	8	2	0	1	0	0	0	0	0	0
A	EF	4	66	1	1	BA1652	10077	8	0	0	0	0	0	0	0	1	0	0
A	EF	4	66	1	1	BA1652	10080	8	0	0	0	1	0	0	0	0	0	0
A	EF	4	66	1	1	BA1652	10084	8	7	0	0	0	0	0	0	1	0	0
A	EF	4	66	1	1	BA1652	10087	7	8	2	0	1	0	0	0	0	0	0
A	EF	4	66	1	1	BA1652	10093	8	0	0	0	0	0	0	0	1	0	0
A	EF	4	66	1	1	BA1652	10095	8	0	0	0	1	0	0	0	0	0	0
A	EF	4	66	1	1	BA1652	10097	8	9	0	0	0	0	0	0	0	0	0
A	EF	4	66	1	1	BA1652	10103	9	0	0	0	0	0	0	0	1	0	0
A	EF	4	66	1	1	BA1652	10107	9	10	0	0	0	0	0	0	0	0	0
A	EF	4	66	1	1	BA1652	10182	10	2	0	0	0	0	0	0	0	0	0
A	EF	4	66	1	1	BA1652	10183	2	6	0	0	0	0	0	0	0	0	0
A	EF	4	66	1	1	BA1652	10197	6	8	2	0	1	0	0	0	0	0	0
A	EF	4	66	1	1	BA1652	10205	8	0	0	0	0	0	0	0	1	0	0
A	EF	4	66	1	1	BA1652	10207	8	7	0	0	0	0	0	0	0	0	0
A	EF	4	66	1	1	BA1652	10224	7	8	2	0	1	0	0	0	0	0	0
A	EF	4	66	1	1	BA1652	10234	8	7	0	0	0	0	0	0	0	0	0
A	EF	4	66	1	1	BA1652	10253	7	0	0	0	0	0	0	0	1	0	0
A	EF	4	66	1	1	BA1652	10298	7	8	2	0	1	0	0	0	0	0	0
A	EF	4	66	1	1	BA1652	10300	8	0	0	0	0	0	0	0	1	0	0
A	EF	4	66	1	1	BA1652	10308	8	7	0	0	0	0	0	0	0	0	0
A	EF	4	66	1	1	BA1652	10312	7	8	2	0	1	0	0	0	0	0	0
A	EF	4	66	1	1	BA1652	10322	8	7	0	0	0	0	0	0	0	0	0
A	EF	4	66	1	1	BA1652	10348	7	0	0	0	0	0	0	0	1	0	0
A	EF	4	66	1	1	BA1652	10350	7	8	2	0	1	0	0	0	0	0	0
A	EF	4	66	1	1	BA1652	10358	8	0	0	0	0	0	0	0	1	0	0
A	EF	4	66	1	1	BA1652	10359	8	0	0	0	1	0	0	0	0	0	0
A	EF	4	66	1	1	BA1652	10360	8	9	0	0	0	0	0	0	0	0	0
A	EF	4	66	1	1	BA1652	10370	9	10	0	0	0	0	0	0	0	0	0
A	EF	4	66	1	1	BA1652	10374	10	0	0	0	0	0	0	0	1	0	0
A	EF	4	66	1	1	BA1652	10445	10	2	0	0	0	0	0	0	0	0	0
A	EF	4	66	1	1	BA1652	10446	2	3	0	0	0	0	0	0	0	0	0
A	EF	4	66	1	1	BA1652	10472	3	5	1	1	0	0	0	0	0	0	0
A	EF	4	66	1	1	BA1652	10482	5	4	0	0	0	0	0	0	0	0	0
A	EF	4	66	1	1	BA1652	10499	4	0	0	0	0	0	0	1	0	0	0
A	EF	4	66	1	1	BA1652	10503	4	5	1	1	0	0	0	0	0	0	0
A	EF	4	66	1	1	BA1652	10508	5	0	0	0	0	0	0	1	0	0	0
A	EF	4	66	1	1	BA1652	10512	5	0	0	1	0	0	0	0	0	0	0
A	EF	4	66	1	1	BA1652	10513	5	4	0	0	0	0	0	0	0	0	0
A	EF	4	66	1	1	BA1652	10530	4	0	0	0	0	0	0	1	0	0	0
A	EF	4	66	1	1	BA1652	10548	4	5	1	1	0	0	0	0	0	0	0
A	EF	4	66	1	1	BA1652	10557	5	0	0	0	0	0	0	1	0	0	0
A	EF	4	66	1	1	BA1652	10558	5	4	0	0	0	0	0	0	0	0	0
A	EF	4	66	1	1	BA1652	10576	4	5	1	1	0	0	0	0	0	0	0
A	EF	4	66	1	1	BA1652	10581	5	0	0	0	0	0	0	1	0	0	0
A	EF	4	66	1	1	BA1652	10586	5	4	0	0	0	0	0	0	0	0	0
A	EF	4	66	1	1	BA1652	10663	4	5	1	1	0	0	0	0	0	0	0
A	EF	4	66	1	1	BA1652	10666	5	0	0	0	0	0	0	1	0	0	0
A	EF	4	66	1	1	BA1652	10673	5	9	0	0	0	0	0	0	0	0	0
A	EF	4	66	1	1	BA1652	10683	9	10	0	0	0	0	0	0	0	0	0
A	EF	4	66	1	1	BA1652	10758	10	2	0	0	0	0	0	0	0	0	0
A	EF	4	66	1	1	BA1652	10759	2	3	0	0	0	0	0	0	0	0	0
A	EF	4	66	1	1	BA1652	10782	3	5	1	1	0	0	0	0	0	0	0
A	EF	4	66	1	1	BA1652	10792	5	4	0	0	0	0	0	0	0	0	0
A	EF	4	66	1	1	BA1652	10801	4	0	0	0	0	0	0	1	0	0	0
A	EF	4	66	1	1	BA1652	10809	4	5	1	1	0	0	0	0	0	0	0
A	EF	4	66	1	1	BA1652	10819	5	4	0	0	0	0	0	0	0	0	0
A	EF	4	66	1	1	BA1652	10860	4	5	1	1	0	0	0	1	0	0	0
A	EF	4	66	1	1	BA1652	10870	5	4	0	0	0	0	0	0	0	0	0
A	EF	4	66	1	1	BA1652	10873	4	0	0	0	0	0	0	1	0	0	0
A	EF	4	66	1	1	BA1652	10977	4	5	1	1	0	0	0	0	0	0	0
A	EF	4	66	1	1	BA1652	10984	5	0	0	0	0	0	0	1	0	0	0
A	EF	4	66	1	1	BA1652	10987	5	4	0	0	0	0	0	0	0	0	0
A	EF	4	66	1	1	BA1652	11064	4	5	1	1	0	0	0	0	0	0	0
A	EF	4	66	1	1	BA1652	11074	5	9	0	0	0	0	0	0	0	0	0
A	EF	4	66	1	1	BA1652	11079	9	0	0	0	0	0	0	1	0	0	0
A	EF	4	66	1	1	BA1652	11084	9	10	0	0	0	0	0	0	0	0	0
A	EF	4	66	1	1	BA1652	11087	10	0	0	1	0	0	0	0	0	0	0
A	EF	4	66	1	1	BA1652	11090	10	0	0	0	0	0	0	1	0	0	0
A	EF	4	66	1	1	BA1652	11159	10	2	0	0	0	0	0	0	0	0	0
A	EF	4	66	1	1	BA1652	11160	2	3	0	0	0	0	0	0	0	0	0
A	EF	4	66	1	1	BA1652	11262	3	5	1	1	0	0	0	0	0	0	0
A	EF	4	66	1	1	BA1652	11269	5	0	0	0	0	0	0	1	0	0	0
A	EF	4	66	1	1	BA1652	11272	5	4	0	0	0	0	0	0	0	0	0
A	EF	4	66	1	1	BA1652	11276	4	5	1	1	0	0	0	0	0	0	0
A	EF	4	66	1	1	BA1652	11280	5	0	0	0	0	0	0	1	0	0	0
A	EF	4	66	1	1	BA1652	11286	5	4	0	0	0	0	0	0	0	0	0
A	EF	4	66	1	1	BA1652	11293	4	5	1	1	0	0	0	0	0	0	0
A	EF	4	66	1	1	BA1652	11295	5	0	0	0	0	0	0	1	0	0	0
A	EF	4	66	1	1	BA1652	11299	5	0	0	1	0	0	0	0	0	0	0
A	EF	4	66	1	1	BA1652	11303	5	4	0	0	0	0	0	0	0	0	0
A	EF	4	66	1	1	BA1652	11308	4	0	0	0	0	0	0	1	0	0	0
A	EF	4	66	1	1	BA1652	11318	4	5	1	1	0	0	0	0	0	0	0
A	EF	4	66	1	1	BA1652	11326	5	0	0	0	0	0	0	1	0	0	0
A	EF	4	66	1	1	BA1652	11328	5	4	0	0	0	0	0	0	0	0	0
A	EF	4	66	1	1	BA1652	11481	4	5	1	1	0	0	0	0	0	0	0
A	EF	4	66	1	1	BA1652	11483	5	0	0	0	0	0	0	1	0	0	0
A	EF	4	66	1	1	BA1652	11491	5	9	0	0	0	0	0	0	0	0	0
A	EF	4	66	1	1	BA1652	11501	9	10	0	0	0	0	0	0	0	0	0
A	EF	4	66	1	1	BA1652	11576	10	2	0	0	0	0	0	0	0	0	0
A	EF	4	66	1	1	BA1652	11577	2	6	0	0	0	0	0	0	0	0	0
A	EF	4	66	1	1	BA1652	11808	6	8	2	0	1	0	0	0	0	0	0
A	EF	4	66	1	1	BA1652	11818	8	7	0	0	0	0	0	0	0	0	0
A	EF	4	66	1	1	BA1652	11824	7	0	0	0	0	0	0	0	1	0	0
A	EF	4	66	1	1	BA1652	11829	7	8	2	0	1	0	0	0	0	0	0
A	EF	4	66	1	1	BA1652	11839	8	7	0	0	0	0	0	0	0	0	0
A	EF	4	66	1	1	BA1652	11851	7	8	2	0	1	0	0	0	1	0	0
A	EF	4	66	1	1	BA1652	11855	8	0	0	0	0	0	0	0	1	0	0
A	EF	4	66	1	1	BA1652	11856	8	0	0	0	1	0	0	0	0	0	0
A	EF	4	66	1	1	BA1652	11861	8	7	0	0	0	0	0	0	0	0	0
A	EF	4	66	1	1	BA1652	11864	7	0	0	0	0	0	0	0	1	0	0
A	EF	4	66	1	1	BA1652	11865	7	8	2	0	1	0	0	0	0	0	0
A	EF	4	66	1	1	BA1652	11875	8	7	0	0	0	0	0	0	0	0	0
A	EF	4	66	1	1	BA1652	11883	7	0	0	0	0	0	0	0	1	0	0
A	EF	4	66	1	1	BA1652	11898	7	8	2	0	1	0	0	0	0	0	0
A	EF	4	66	1	1	BA1652	11899	8	0	0	0	0	0	0	0	1	0	0
A	EF	4	66	1	1	BA1652	11908	8	9	0	0	0	0	0	0	0	0	0
A	EF	4	66	1	1	BA1652	11911	9	0	0	0	1	0	0	0	0	0	0
A	EF	4	66	1	1	BA1652	11918	9	10	0	0	0	0	0	0	0	0	0
A	EF	4	66	1	1	BA1652	11920	10	0	0	0	0	0	0	0	1	0	0
A	EF	4	66	1	1	BA1652	11993	10	2	0	0	0	0	0	0	0	0	0
A	EF	4	66	1	1	BA1652	11994	2	6	0	0	0	0	0	0	0	0	0
A	EF	4	66	1	1	BA1652	12065	6	8	2	0	1	0	0	0	0	0	0
A	EF	4	66	1	1	BA1652	12066	8	0	0	0	0	0	0	0	1	0	0
A	EF	4	66	1	1	BA1652	12075	8	7	0	0	0	0	0	0	0	0	0
A	EF	4	66	1	1	BA1652	12090	7	8	2	0	1	0	0	0	0	0	0
A	EF	4	66	1	1	BA1652	12092	8	0	0	0	0	0	0	0	1	0	0
A	EF	4	66	1	1	BA1652	12100	8	7	0	0	0	0	0	0	0	0	0
A	EF	4	66	1	1	BA1652	12135	7	8	2	0	1	0	0	0	0	0	0
A	EF	4	66	1	1	BA1652	12145	8	7	0	0	0	0	0	0	0	0	0
A	EF	4	66	1	1	BA1652	12158	7	0	0	0	0	0	0	0	1	0	0
A	EF	4	66	1	1	BA1652	12163	7	8	2	0	1	0	0	0	0	0	0
A	EF	4	66	1	1	BA1652	12173	8	7	0	0	0	0	0	0	0	0	0
A	EF	4	66	1	1	BA1652	12179	7	0	0	0	0	0	0	0	1	0	0
A	EF	4	66	1	1	BA1652	12182	7	8	2	0	1	0	0	0	0	0	0
A	EF	4	66	1	1	BA1652	12191	8	0	0	0	0	0	0	0	1	0	0
A	EF	4	66	1	1	BA1652	12192	8	9	0	0	1	0	0	0	0	0	0
A	EF	4	66	1	1	BA1652	12198	9	0	0	0	0	0	0	0	1	0	0
A	EF	4	66	1	1	BA1652	12202	9	10	0	0	0	0	0	0	0	0	0
A	EF	4	66	1	1	BA1652	12277	10	2	0	0	0	0	0	0	0	0	0
A	EF	4	66	1	1	BA1652	12278	2	6	0	0	0	0	0	0	0	0	0
A	EF	4	66	1	1	BA1652	12361	6	8	2	0	1	0	0	0	0	0	0
A	EF	4	66	1	1	BA1652	12371	8	7	0	0	1	0	0	0	1	0	0
A	EF	4	66	1	1	BA1652	12377	7	0	0	0	0	0	0	0	1	0	0
A	EF	4	66	1	1	BA1652	12381	7	8	2	0	1	0	0	0	0	0	0
A	EF	4	66	1	1	BA1652	12389	8	0	0	0	0	0	0	0	1	0	0
A	EF	4	66	1	1	BA1652	12391	8	7	0	0	1	0	0	0	0	0	0
A	EF	4	66	1	1	BA1652	12409	7	0	0	0	0	0	0	0	1	0	0
A	EF	4	66	1	1	BA1652	12412	7	8	2	0	1	0	0	0	0	0	0
A	EF	4	66	1	1	BA1652	12415	8	0	0	0	0	0	0	0	1	0	0
A	EF	4	66	1	1	BA1652	12416	8	0	0	0	1	0	0	0	0	0	0
A	EF	4	66	1	1	BA1652	12422	8	7	0	0	0	0	0	0	0	0	0
A	EF	4	66	1	1	BA1652	12441	7	0	0	0	0	0	0	0	1	0	0
A	EF	4	66	1	1	BA1652	12442	7	8	2	0	1	0	0	0	0	0	0
A	EF	4	66	1	1	BA1652	12452	8	7	0	0	0	0	0	0	0	0	0
A	EF	4	66	1	1	BA1652	12453	7	0	0	0	0	0	0	0	1	0	0
A	EF	4	66	1	1	BA1652	12463	7	8	2	0	1	0	0	0	0	0	0
A	EF	4	66	1	1	BA1652	12473	8	9	0	0	0	0	0	0	0	0	0
A	EF	4	66	1	1	BA1652	12483	9	10	0	0	0	0	0	0	0	0	0
A	EF	4	66	1	1	BA1652	12488	10	0	0	0	0	0	0	0	1	0	0
A	EF	4	66	1	1	BA1652	12558	10	2	0	0	0	0	0	0	0	0	0
A	EF	4	66	1	1	BA1652	12559	2	3	0	0	0	0	0	0	0	0	0
A	EF	4	66	1	1	BA1652	12622	3	5	1	1	0	0	0	0	0	0	0
A	EF	4	66	1	1	BA1652	12623	5	0	0	0	0	0	0	1	0	0	0
A	EF	4	66	1	1	BA1652	12632	5	4	0	0	0	0	0	0	0	0	0
A	EF	4	66	1	1	BA1652	12698	4	5	1	1	0	0	0	0	0	0	0
A	EF	4	66	1	1	BA1652	12708	5	4	0	0	0	0	0	0	0	0	0
A	EF	4	66	1	1	BA1652	12714	4	0	0	0	0	0	0	1	0	0	0
A	EF	4	66	1	1	BA1652	12786	4	5	1	1	0	0	0	0	0	0	0
A	EF	4	66	1	1	BA1652	12788	5	0	0	0	0	0	0	1	0	0	0
A	EF	4	66	1	1	BA1652	12796	5	4	0	0	0	0	0	0	0	0	0
A	EF	4	66	1	1	BA1652	12797	4	5	1	1	0	0	0	0	0	0	0
A	EF	4	66	1	1	BA1652	12807	5	4	0	0	0	0	0	1	0	0	0
A	EF	4	66	1	1	BA1652	12836	4	5	1	1	0	0	0	0	0	0	0
A	EF	4	66	1	1	BA1652	12843	5	0	0	0	0	0	0	1	0	0	0
A	EF	4	66	1	1	BA1652	12846	5	9	0	1	0	0	0	0	0	0	0
A	EF	4	66	1	1	BA1652	12856	9	10	0	0	0	0	0	0	0	0	0
A	EF	4	66	1	1	BA1652	12857	10	0	0	0	0	0	0	1	0	0	0
A	EF	4	66	1	1	BA1652	12931	10	2	0	0	0	0	0	0	0	0	0
A	EF	4	66	1	1	BA1652	12932	2	3	0	0	0	0	0	0	0	0	0
A	EF	4	66	1	1	BA1652	13022	3	5	1	1	0	0	0	0	0	0	0
A	EF	4	66	1	1	BA1652	13032	5	4	0	0	0	0	0	0	0	0	0
A	EF	4	66	1	1	BA1652	13040	4	0	0	0	0	0	0	1	0	0	0
A	EF	4	66	1	1	BA1652	13056	4	5	1	1	0	0	0	0	0	0	0
A	EF	4	66	1	1	BA1652	13061	5	0	0	0	0	0	0	1	0	0	0
A	EF	4	66	1	1	BA1652	13066	5	4	0	0	0	0	0	0	0	0	0
A	EF	4	66	1	1	BA1652	13076	4	5	1	1	0	0	0	0	0	0	0
A	EF	4	66	1	1	BA1652	13086	5	4	0	0	0	0	0	0	0	0	0
A	EF	4	66	1	1	BA1652	13101	4	0	0	0	0	0	0	1	0	0	0
A	EF	4	66	1	1	BA1652	13184	4	5	1	1	0	0	0	0	0	0	0
A	EF	4	66	1	1	BA1652	13194	5	4	0	0	0	0	0	0	0	0	0
A	EF	4	66	1	1	BA1652	13199	4	0	0	0	0	0	0	1	0	0	0
A	EF	4	66	1	1	BA1652	13216	4	5	1	1	0	0	0	0	0	0	0
A	EF	4	66	1	1	BA1652	13226	5	9	0	0	0	0	0	0	0	0	0
A	EF	4	66	1	1	BA1652	13232	9	0	0	0	0	0	0	1	0	0	0
A	EF	4	66	1	1	BA1652	13236	9	10	0	0	0	0	0	0	0	0	0
A	EF	4	66	1	1	BA1652	13311	10	2	0	0	0	0	0	0	0	0	0
A	EF	4	66	1	1	BA1652	13312	2	3	0	0	0	0	0	0	0	0	0
A	EF	4	66	1	1	BA1652	13501	3	5	1	1	0	0	0	0	0	0	0
A	EF	4	66	1	1	BA1652	13511	5	4	0	0	0	0	0	0	0	0	0
A	EF	4	66	1	1	BA1652	13533	4	0	0	0	0	0	0	1	0	0	0
A	EF	4	66	1	1	BA1652	13536	4	5	1	1	0	0	0	0	0	0	0
A	EF	4	66	1	1	BA1652	13546	5	4	0	0	0	0	0	0	0	0	0
A	EF	4	66	1	1	BA1652	13566	4	0	0	0	0	0	0	1	0	0	0
A	EF	4	66	1	1	BA1652	13568	4	5	1	1	0	0	0	0	0	0	0
A	EF	4	66	1	1	BA1652	13576	5	0	0	0	0	0	0	1	0	0	0
A	EF	4	66	1	1	BA1652	13578	5	4	0	0	0	0	0	0	0	0	0
A	EF	4	66	1	1	BA1652	13580	4	5	1	1	0	0	0	0	0	0	0
A	EF	4	66	1	1	BA1652	13590	5	4	0	0	0	0	0	0	0	0	0
A	EF	4	66	1	1	BA1652	13592	4	0	0	0	0	0	0	1	0	0	0
A	EF	4	66	1	1	BA1652	13608	4	5	1	1	0	0	0	0	0	0	0
A	EF	4	66	1	1	BA1652	13615	5	0	0	0	0	0	0	1	0	0	0
A	EF	4	66	1	1	BA1652	13618	5	9	0	0	0	0	0	0	0	0	0
A	EF	4	66	1	1	BA1652	13628	9	10	0	0	0	0	0	0	0	0	0
A	EF	4	66	1	1	BA1652	13703	10	2	0	0	0	0	0	0	0	0	0
A	EF	4	66	1	1	BA1652	13704	2	6	0	0	0	0	0	0	0	0	0
A	EF	4	66	1	1	BA1652	13749	6	8	2	0	1	0	0	0	0	0	0
A	EF	4	66	1	1	BA1652	13759	8	7	0	0	0	0	0	0	0	0	0
A	EF	4	66	1	1	BA1652	13764	7	0	0	0	0	0	0	0	1	0	0
A	EF	4	66	1	1	BA1652	13862	7	8	2	0	1	0	0	0	0	0	0
A	EF	4	66	1	1	BA1652	13869	8	0	0	0	0	0	0	0	1	0	0
A	EF	4	66	1	1	BA1652	13872	8	7	0	0	1	0	0	0	0	0	0
A	EF	4	66	1	1	BA1652	13881	7	0	0	0	0	0	0	0	1	0	0
A	EF	4	66	1	1	BA1652	13883	7	8	2	0	1	0	0	0	0	0	0
A	EF	4	66	1	1	BA1652	13893	8	7	0	0	0	0	0	0	0	0	0
A	EF	4	66	1	1	BA1652	13894	7	0	0	0	0	0	0	0	1	0	0
A	EF	4	66	1	1	BA1652	13907	7	8	2	0	1	0	0	0	0	0	0
A	EF	4	66	1	1	BA1652	13910	8	0	0	0	0	0	0	0	1	0	0
A	EF	4	66	1	1	BA1652	13916	8	0	0	0	1	0	0	0	0	0	0
A	EF	4	66	1	1	BA1652	13917	8	7	0	0	0	0	0	0	0	0	0
A	EF	4	66	1	1	BA1652	13936	7	0	0	0	0	0	0	0	1	0	0
A	EF	4	66	1	1	BA1652	13947	7	8	2	0	1	0	0	0	0	0	0
A	EF	4	66	1	1	BA1652	13954	8	0	0	0	0	0	0	0	1	0	0
A	EF	4	66	1	1	BA1652	13955	8	0	0	0	1	0	0	0	0	0	0
A	EF	4	66	1	1	BA1652	13956	8	0	0	0	0	0	0	0	1	0	0
A	EF	4	66	1	1	BA1652	13957	8	9	0	0	0	0	0	0	0	0	0
A	EF	4	66	1	1	BA1652	13962	9	0	0	0	1	0	0	0	0	0	0
A	EF	4	66	1	1	BA1652	13967	9	10	0	0	0	0	0	0	0	0	0
A	EF	4	66	1	1	BA1652	13969	10	0	0	0	0	0	0	0	1	0	0
A	EF	4	66	1	1	BA1652	13978	10	0	0	0	1	0	0	0	0	0	0
A	EF	4	66	1	1	BA1652	13983	10	0	0	0	0	0	0	0	1	0	0
A	EF	4	66	1	1	BA1652	14042	10	2	0	0	0	0	0	0	0	0	0
A	EF	4	66	1	1	BA1652	14043	2	3	0	0	0	0	0	0	0	0	0
A	EF	4	66	1	1	BA1652	14086	3	5	1	1	0	0	0	0	0	0	0
A	EF	4	66	1	1	BA1652	14096	5	4	0	0	0	0	0	0	0	0	0
A	EF	4	66	1	1	BA1652	14121	4	0	0	0	0	0	0	1	0	0	0
A	EF	4	66	1	1	BA1652	14129	4	5	1	1	0	0	0	0	0	0	0
A	EF	4	66	1	1	BA1652	14139	5	4	0	0	0	0	0	0	0	0	0
A	EF	4	66	1	1	BA1652	14148	4	0	0	0	0	0	0	1	0	0	0
A	EF	4	66	1	1	BA1652	14151	4	5	1	1	0	0	0	0	0	0	0
A	EF	4	66	1	1	BA1652	14161	5	4	0	0	0	0	0	0	0	0	0
A	EF	4	66	1	1	BA1652	14163	4	0	0	0	0	0	0	1	0	0	0
A	EF	4	66	1	1	BA1652	14168	4	5	1	1	0	0	0	0	0	0	0
A	EF	4	66	1	1	BA1652	14170	5	0	0	0	0	0	0	1	0	0	0
A	EF	4	66	1	1	BA1652	14172	5	0	0	1	0	0	0	0	0	0	0
A	EF	4	66	1	1	BA1652	14176	5	0	0	0	0	0	0	1	0	0	0
A	EF	4	66	1	1	BA1652	14178	5	4	0	1	0	0	0	0	0	0	0
A	EF	4	66	1	1	BA1652	14187	4	0	0	0	0	0	0	1	0	0	0
A	EF	4	66	1	1	BA1652	14268	4	5	1	1	0	0	0	0	0	0	0
A	EF	4	66	1	1	BA1652	14272	5	0	0	0	0	0	0	1	0	0	0
A	EF	4	66	1	1	BA1652	14278	5	9	0	0	0	0	0	0	0	0	0
A	EF	4	66	1	1	BA1652	14288	9	10	0	0	0	0	0	0	0	0	0
A	EF	4	66	1	1	BA1652	14363	10	2	0	0	0	0	0	0	0	0	0
A	EF	4	66	1	1	BA1652	14364	2	6	0	0	0	0	0	0	0	0	0
A	EF	4	66	1	1	BA1652	14618	6	8	2	0	1	0	0	0	0	0	0
A	EF	4	66	1	1	BA1652	14622	8	0	0	0	0	0	0	0	1	0	0
A	EF	4	66	1	1	BA1652	14628	8	7	0	0	0	0	0	0	0	0	0
A	EF	4	66	1	1	BA1652	14644	7	8	2	0	1	0	0	0	0	0	0
A	EF	4	66	1	1	BA1652	14645	8	0	0	0	0	0	0	0	1	0	0
A	EF	4	66	1	1	BA1652	14654	8	7	0	0	0	0	0	0	0	0	0
A	EF	4	66	1	1	BA1652	14657	7	8	2	0	1	0	0	0	0	0	0
A	EF	4	66	1	1	BA1652	14667	8	7	0	0	0	0	0	0	0	0	0
A	EF	4	66	1	1	BA1652	14706	7	0	0	0	0	0	0	0	1	0	0
A	EF	4	66	1	1	BA1652	14738	7	8	2	0	1	0	0	0	0	0	0
A	EF	4	66	1	1	BA1652	14742	8	0	0	0	0	0	0	0	1	0	0
A	EF	4	66	1	1	BA1652	14748	8	7	0	0	0	0	0	0	0	0	0
A	EF	4	66	1	1	BA1652	14767	7	8	2	0	1	0	0	0	0	0	0
A	EF	4	66	1	1	BA1652	14777	8	9	0	0	0	0	0	0	0	0	0
A	EF	4	66	1	1	BA1652	14784	9	0	0	0	0	0	0	0	1	0	0
A	EF	4	66	1	1	BA1652	14787	9	10	0	0	0	0	0	0	0	0	0
A	EF	4	66	1	1	BA1652	14791	10	0	0	0	1	0	0	0	0	0	0
A	EF	4	66	1	1	BA1652	14793	10	0	0	0	0	0	0	0	1	0	0
A	EF	4	66	1	1	BA1652	14862	10	2	0	0	0	0	0	0	0	0	0
A	EF	4	66	1	1	BA1652	14863	2	3	0	0	0	0	0	0	0	0	0
A	EF	4	66	1	1	BA1652	14956	3	0	0	0	1	0	0	0	0	0	0
A	EF	4	66	1	1	BA1652	14962	3	0	0	0	0	0	0	0	1	0	0
A	EF	4	66	1	1	BA1652	14997	3	0	0	0	1	0	0	0	0	0	0
A	EF	4	66	1	1	BA1652	15005	3	0	0	0	0	0	0	0	1	0	0
A	EF	4	66	1	1	BA1652	15030	3	0	0	0	1	0	0	0	0	0	0
A	EF	4	66	1	1	BA1652	15036	3	0	0	0	0	0	0	0	1	0	0
A	EF	4	66	1	1	BA1652	15091	3	0	0	0	1	0	0	0	0	0	0
A	EF	4	66	1	1	BA1652	15094	3	0	0	0	0	0	0	0	1	0	0
A	EF	4	66	1	1	BA1652	15124	3	0	0	0	1	0	0	0	0	0	0
A	EF	4	66	1	1	BA1652	15140	3	0	0	0	0	0	0	0	1	0	0
A	EF	4	66	1	1	BA1652	15161	3	0	0	0	1	0	0	0	0	0	0
A	EF	4	66	1	1	BA1652	15164	3	0	0	0	0	0	0	0	1	0	0
A	EF	4	66	1	1	BA1652	15346	3	5	1	1	0	0	0	0	0	0	0
A	EF	4	66	1	1	BA1652	15356	5	4	0	0	0	0	0	0	0	0	0
A	EF	4	66	1	1	BA1652	15362	4	0	0	0	0	0	0	1	0	0	0
A	EF	4	66	1	1	BA1652	15378	4	5	1	1	0	0	0	0	0	0	0
A	EF	4	66	1	1	BA1652	15388	5	4	0	0	0	0	0	0	0	0	0
A	EF	4	66	1	1	BA1652	15433	4	0	0	0	0	0	0	1	0	0	0
A	EF	4	66	1	1	BA1652	15443	4	5	1	1	0	0	0	0	0	0	0
A	EF	4	66	1	1	BA1652	15453	5	4	0	0	0	0	0	0	0	0	0
A	EF	4	66	1	1	BA1652	15471	4	0	0	0	0	0	0	1	0	0	0
A	EF	4	66	1	1	BA1652	15538	4	5	1	1	0	0	0	0	0	0	0
A	EF	4	66	1	1	BA1652	15548	5	4	0	0	0	0	0	0	0	0	0
A	EF	4	66	1	1	BA1652	15550	4	0	0	0	0	0	0	1	0	0	0
A	EF	4	66	1	1	BA1652	15566	4	5	1	1	0	0	0	0	0	0	0
A	EF	4	66	1	1	BA1652	15573	5	0	0	0	0	0	0	1	0	0	0
A	EF	4	66	1	1	BA1652	15576	5	9	0	0	0	0	0	0	0	0	0
A	EF	4	66	1	1	BA1652	15580	9	0	0	1	0	0	0	0	0	0	0
A	EF	4	66	1	1	BA1652	15582	9	0	0	0	0	0	0	1	0	0	0
A	EF	4	66	1	1	BA1652	15586	9	10	0	0	0	0	0	0	0	0	0
A	EF	4	66	1	1	BA1652	15661	10	2	0	0	0	0	0	0	0	0	0
A	EF	4	66	1	1	BA1652	15662	2	3	0	0	0	0	0	0	0	0	0
A	EF	4	66	1	1	BA1652	15770	3	5	1	1	0	0	0	0	0	0	0
A	EF	4	66	1	1	BA1652	15780	5	4	0	0	0	0	0	0	0	0	0
A	EF	4	66	1	1	BA1652	15792	4	5	1	1	0	0	0	1	0	0	0
A	EF	4	66	1	1	BA1652	15795	5	0	0	0	0	0	0	1	0	0	0
A	EF	4	66	1	1	BA1652	15802	5	4	0	0	0	0	0	0	0	0	0
A	EF	4	66	1	1	BA1652	15812	4	5	1	1	0	0	0	0	0	0	0
A	EF	4	66	1	1	BA1652	15822	5	4	0	0	0	0	0	0	0	0	0
A	EF	4	66	1	1	BA1652	15825	4	0	0	0	0	0	0	1	0	0	0
A	EF	4	66	1	1	BA1652	15832	4	5	1	1	0	0	0	0	0	0	0
A	EF	4	66	1	1	BA1652	15841	5	0	0	0	0	0	0	1	0	0	0
A	EF	4	66	1	1	BA1652	15842	5	4	0	1	0	0	0	0	0	0	0
A	EF	4	66	1	1	BA1652	15848	4	0	0	0	0	0	0	1	0	0	0
A	EF	4	66	1	1	BA1652	15853	4	5	1	1	0	0	0	0	0	0	0
A	EF	4	66	1	1	BA1652	15860	5	0	0	0	0	0	0	1	0	0	0
A	EF	4	66	1	1	BA1652	15861	5	0	0	1	0	0	0	0	0	0	0
A	EF	4	66	1	1	BA1652	15863	5	9	0	0	0	0	0	0	0	0	0
A	EF	4	66	1	1	BA1652	15869	9	0	0	0	0	0	0	1	0	0	0
A	EF	4	66	1	1	BA1652	15873	9	-1	0	0	0	0	0	0	0	0	0
