Project	UserID	Protocol	Session	Station	Run	Subject	Time	Current State	Transition State	Transition Event	A1 - LEFT	A2 - RIGHT	A3 - 	A4 - 	A[1] LEFT	A[2] RIGHT	A[3] 	A[4] 
A	BL	2	79	9	1	BA1653	0	0	1	0	0	0	0	0	0	0	0	0
A	BL	2	79	9	1	BA1653	50	1	2	0	0	0	0	0	0	0	0	0
A	BL	2	79	9	1	BA1653	51	2	6	0	0	0	0	0	0	0	0	0
A	BL	2	79	9	1	BA1653	239	6	8	2	0	1	0	0	0	0	0	0
A	BL	2	79	9	1	BA1653	249	8	7	0	0	0	0	0	0	0	0	0
A	BL	2	79	9	1	BA1653	263	7	0	0	0	0	0	0	0	1	0	0
A	BL	2	79	9	1	BA1653	316	7	8	2	0	1	0	0	0	0	0	0
A	BL	2	79	9	1	BA1653	320	8	0	0	0	0	0	0	0	1	0	0
A	BL	2	79	9	1	BA1653	326	8	7	0	0	0	0	0	0	0	0	0
A	BL	2	79	9	1	BA1653	359	7	8	2	0	1	0	0	0	0	0	0
A	BL	2	79	9	1	BA1653	365	8	0	0	0	0	0	0	0	1	0	0
A	BL	2	79	9	1	BA1653	369	8	7	0	0	0	0	0	0	0	0	0
A	BL	2	79	9	1	BA1653	380	7	8	2	0	1	0	0	0	0	0	0
A	BL	2	79	9	1	BA1653	390	8	7	0	0	0	0	0	0	0	0	0
A	BL	2	79	9	1	BA1653	413	7	0	0	0	0	0	0	0	1	0	0
A	BL	2	79	9	1	BA1653	449	7	8	2	0	1	0	0	0	0	0	0
A	BL	2	79	9	1	BA1653	452	8	0	0	0	1	0	0	0	1	0	0
A	BL	2	79	9	1	BA1653	459	8	7	0	0	0	0	0	0	1	0	0
A	BL	2	79	9	1	BA1653	462	7	8	2	0	1	0	0	0	0	0	0
A	BL	2	79	9	1	BA1653	472	8	7	0	0	0	0	0	0	0	0	0
A	BL	2	79	9	1	BA1653	475	7	0	0	0	0	0	0	0	1	0	0
A	BL	2	79	9	1	BA1653	484	7	8	2	0	1	0	0	0	0	0	0
A	BL	2	79	9	1	BA1653	493	8	0	0	0	0	0	0	0	1	0	0
A	BL	2	79	9	1	BA1653	494	8	7	0	0	0	0	0	0	0	0	0
A	BL	2	79	9	1	BA1653	521	7	8	2	0	1	0	0	0	0	0	0
A	BL	2	79	9	1	BA1653	522	8	0	0	0	0	0	0	0	1	0	0
A	BL	2	79	9	1	BA1653	531	8	7	0	0	0	0	0	0	0	0	0
A	BL	2	79	9	1	BA1653	542	7	8	2	0	1	0	0	0	0	0	0
A	BL	2	79	9	1	BA1653	543	8	0	0	0	0	0	0	0	1	0	0
A	BL	2	79	9	1	BA1653	552	8	7	0	0	0	0	0	0	0	0	0
A	BL	2	79	9	1	BA1653	585	7	8	2	0	1	0	0	0	0	0	0
A	BL	2	79	9	1	BA1653	586	8	0	0	0	0	0	0	0	1	0	0
A	BL	2	79	9	1	BA1653	588	8	0	0	0	1	0	0	0	0	0	0
A	BL	2	79	9	1	BA1653	592	8	0	0	0	0	0	0	0	1	0	0
A	BL	2	79	9	1	BA1653	593	8	0	0	0	1	0	0	0	0	0	0
A	BL	2	79	9	1	BA1653	595	8	9	0	0	0	0	0	0	0	0	0
A	BL	2	79	9	1	BA1653	605	9	10	0	0	0	0	0	0	1	0	0
A	BL	2	79	9	1	BA1653	680	10	2	0	0	0	0	0	0	0	0	0
A	BL	2	79	9	1	BA1653	681	2	6	0	0	0	0	0	0	0	0	0
A	BL	2	79	9	1	BA1653	757	6	8	2	0	1	0	0	0	0	0	0
A	BL	2	79	9	1	BA1653	758	8	0	0	0	0	0	0	0	1	0	0
A	BL	2	79	9	1	BA1653	767	8	7	0	0	0	0	0	0	0	0	0
A	BL	2	79	9	1	BA1653	807	7	8	2	0	1	0	0	0	0	0	0
A	BL	2	79	9	1	BA1653	817	8	7	0	0	0	0	0	0	0	0	0
A	BL	2	79	9	1	BA1653	819	7	0	0	0	0	0	0	0	1	0	0
A	BL	2	79	9	1	BA1653	834	7	8	2	0	1	0	0	0	0	0	0
A	BL	2	79	9	1	BA1653	842	8	0	0	0	0	0	0	0	1	0	0
A	BL	2	79	9	1	BA1653	844	8	7	0	0	0	0	0	0	0	0	0
A	BL	2	79	9	1	BA1653	845	7	8	2	0	1	0	0	0	0	0	0
A	BL	2	79	9	1	BA1653	847	8	0	0	0	0	0	0	0	1	0	0
A	BL	2	79	9	1	BA1653	848	8	0	0	0	1	0	0	0	0	0	0
A	BL	2	79	9	1	BA1653	855	8	7	0	0	0	0	0	0	0	0	0
A	BL	2	79	9	1	BA1653	867	7	0	0	0	0	0	0	0	1	0	0
A	BL	2	79	9	1	BA1653	880	7	8	2	0	1	0	0	0	0	0	0
A	BL	2	79	9	1	BA1653	886	8	0	0	0	0	0	0	0	1	0	0
A	BL	2	79	9	1	BA1653	887	8	0	0	0	1	0	0	0	0	0	0
A	BL	2	79	9	1	BA1653	890	8	7	0	0	0	0	0	0	0	0	0
A	BL	2	79	9	1	BA1653	891	7	0	0	0	0	0	0	0	1	0	0
A	BL	2	79	9	1	BA1653	919	7	8	2	0	1	0	0	0	0	0	0
A	BL	2	79	9	1	BA1653	929	8	7	0	0	0	0	0	0	0	0	0
A	BL	2	79	9	1	BA1653	951	7	0	0	0	0	0	0	0	1	0	0
A	BL	2	79	9	1	BA1653	961	7	8	2	0	1	0	0	0	0	0	0
A	BL	2	79	9	1	BA1653	966	8	0	0	0	0	0	0	0	1	0	0
A	BL	2	79	9	1	BA1653	971	8	7	0	0	0	0	0	0	0	0	0
A	BL	2	79	9	1	BA1653	1010	7	8	2	0	1	0	0	0	0	0	0
A	BL	2	79	9	1	BA1653	1020	8	7	0	0	0	0	0	0	0	0	0
A	BL	2	79	9	1	BA1653	1041	7	0	0	0	0	0	0	0	1	0	0
A	BL	2	79	9	1	BA1653	1074	7	8	2	0	1	0	0	0	0	0	0
A	BL	2	79	9	1	BA1653	1084	8	7	0	0	0	0	0	0	0	0	0
A	BL	2	79	9	1	BA1653	1156	7	0	0	0	0	0	0	0	1	0	0
A	BL	2	79	9	1	BA1653	1217	7	8	2	0	1	0	0	0	0	0	0
A	BL	2	79	9	1	BA1653	1218	8	0	0	0	0	0	0	0	1	0	0
A	BL	2	79	9	1	BA1653	1222	8	0	0	0	1	0	0	0	0	0	0
A	BL	2	79	9	1	BA1653	1227	8	9	0	0	0	0	0	0	0	0	0
A	BL	2	79	9	1	BA1653	1233	9	0	0	0	0	0	0	0	1	0	0
A	BL	2	79	9	1	BA1653	1237	9	10	0	0	0	0	0	0	0	0	0
A	BL	2	79	9	1	BA1653	1312	10	2	0	0	0	0	0	0	0	0	0
A	BL	2	79	9	1	BA1653	1313	2	6	0	0	0	0	0	0	0	0	0
A	BL	2	79	9	1	BA1653	1755	6	8	2	0	1	0	0	0	0	0	0
A	BL	2	79	9	1	BA1653	1763	8	0	0	0	0	0	0	0	1	0	0
A	BL	2	79	9	1	BA1653	1765	8	7	0	0	0	0	0	0	0	0	0
A	BL	2	79	9	1	BA1653	1767	7	8	2	0	1	0	0	0	0	0	0
A	BL	2	79	9	1	BA1653	1769	8	0	0	0	1	0	0	0	1	0	0
A	BL	2	79	9	1	BA1653	1777	8	7	0	0	0	0	0	0	0	0	0
A	BL	2	79	9	1	BA1653	1796	7	0	0	0	0	0	0	0	1	0	0
A	BL	2	79	9	1	BA1653	1813	7	8	2	0	1	0	0	0	0	0	0
A	BL	2	79	9	1	BA1653	1823	8	7	0	0	0	0	0	0	0	0	0
A	BL	2	79	9	1	BA1653	1824	7	0	0	0	0	0	0	0	1	0	0
A	BL	2	79	9	1	BA1653	1840	7	8	2	0	1	0	0	0	0	0	0
A	BL	2	79	9	1	BA1653	1850	8	7	0	0	0	0	0	0	0	0	0
A	BL	2	79	9	1	BA1653	1877	7	0	0	0	0	0	0	0	1	0	0
A	BL	2	79	9	1	BA1653	1916	7	8	2	0	1	0	0	0	0	0	0
A	BL	2	79	9	1	BA1653	1926	8	7	0	0	0	0	0	0	0	0	0
A	BL	2	79	9	1	BA1653	1949	7	0	0	0	0	0	0	0	1	0	0
A	BL	2	79	9	1	BA1653	1985	7	8	2	0	1	0	0	0	0	0	0
A	BL	2	79	9	1	BA1653	1995	8	7	0	0	0	0	0	0	0	0	0
A	BL	2	79	9	1	BA1653	2020	7	0	0	0	0	0	0	0	1	0	0
A	BL	2	79	9	1	BA1653	2084	7	8	2	0	1	0	0	0	0	0	0
A	BL	2	79	9	1	BA1653	2088	8	0	0	0	0	0	0	0	1	0	0
A	BL	2	79	9	1	BA1653	2094	8	7	0	0	0	0	0	0	0	0	0
A	BL	2	79	9	1	BA1653	2101	7	8	2	0	1	0	0	0	0	0	0
A	BL	2	79	9	1	BA1653	2111	8	7	0	0	0	0	0	0	0	0	0
A	BL	2	79	9	1	BA1653	2112	7	0	0	0	0	0	0	0	1	0	0
A	BL	2	79	9	1	BA1653	2132	7	8	2	0	1	0	0	0	0	0	0
A	BL	2	79	9	1	BA1653	2135	8	0	0	0	0	0	0	0	1	0	0
A	BL	2	79	9	1	BA1653	2136	8	0	0	0	1	0	0	0	0	0	0
A	BL	2	79	9	1	BA1653	2138	8	0	0	0	0	0	0	0	1	0	0
A	BL	2	79	9	1	BA1653	2142	8	7	0	0	0	0	0	0	0	0	0
A	BL	2	79	9	1	BA1653	2148	7	8	2	0	1	0	0	0	0	0	0
A	BL	2	79	9	1	BA1653	2158	8	9	0	0	0	0	0	0	0	0	0
A	BL	2	79	9	1	BA1653	2168	9	10	0	0	0	0	0	0	0	0	0
A	BL	2	79	9	1	BA1653	2173	10	0	0	0	0	0	0	0	1	0	0
A	BL	2	79	9	1	BA1653	2243	10	2	0	0	0	0	0	0	0	0	0
A	BL	2	79	9	1	BA1653	2244	2	3	0	0	0	0	0	0	0	0	0
A	BL	2	79	9	1	BA1653	2554	3	5	1	1	0	0	0	0	0	0	0
A	BL	2	79	9	1	BA1653	2564	5	4	0	0	0	0	0	0	0	0	0
A	BL	2	79	9	1	BA1653	2572	4	0	0	0	0	0	0	1	0	0	0
A	BL	2	79	9	1	BA1653	2609	4	5	1	1	0	0	0	0	0	0	0
A	BL	2	79	9	1	BA1653	2619	5	4	0	0	0	0	0	0	0	0	0
A	BL	2	79	9	1	BA1653	2636	4	0	0	0	0	0	0	1	0	0	0
A	BL	2	79	9	1	BA1653	2663	4	5	1	1	0	0	0	0	0	0	0
A	BL	2	79	9	1	BA1653	2668	5	0	0	0	0	0	0	1	0	0	0
A	BL	2	79	9	1	BA1653	2673	5	4	0	0	0	0	0	0	0	0	0
A	BL	2	79	9	1	BA1653	2681	4	5	1	1	0	0	0	0	0	0	0
A	BL	2	79	9	1	BA1653	2691	5	4	0	0	0	0	0	0	0	0	0
A	BL	2	79	9	1	BA1653	2718	4	0	0	0	0	0	0	1	0	0	0
A	BL	2	79	9	1	BA1653	2830	4	5	1	1	0	0	0	0	0	0	0
A	BL	2	79	9	1	BA1653	2840	5	9	0	0	0	0	0	0	0	0	0
A	BL	2	79	9	1	BA1653	2849	9	0	0	0	0	0	0	1	0	0	0
A	BL	2	79	9	1	BA1653	2850	9	10	0	0	0	0	0	0	0	0	0
A	BL	2	79	9	1	BA1653	2925	10	2	0	0	0	0	0	0	0	0	0
A	BL	2	79	9	1	BA1653	2926	2	6	0	0	0	0	0	0	0	0	0
A	BL	2	79	9	1	BA1653	3025	6	8	2	0	1	0	0	0	0	0	0
A	BL	2	79	9	1	BA1653	3031	8	0	0	0	0	0	0	0	1	0	0
A	BL	2	79	9	1	BA1653	3035	8	7	0	0	0	0	0	0	0	0	0
A	BL	2	79	9	1	BA1653	3052	7	8	2	0	1	0	0	0	0	0	0
A	BL	2	79	9	1	BA1653	3058	8	0	0	0	0	0	0	0	1	0	0
A	BL	2	79	9	1	BA1653	3062	8	7	0	0	0	0	0	0	0	0	0
A	BL	2	79	9	1	BA1653	3064	7	8	2	0	1	0	0	0	0	0	0
A	BL	2	79	9	1	BA1653	3071	8	0	0	0	0	0	0	0	1	0	0
A	BL	2	79	9	1	BA1653	3074	8	7	0	0	0	0	0	0	0	0	0
A	BL	2	79	9	1	BA1653	3109	7	8	2	0	1	0	0	0	0	0	0
A	BL	2	79	9	1	BA1653	3119	8	7	0	0	0	0	0	0	0	0	0
A	BL	2	79	9	1	BA1653	3124	7	0	0	0	0	0	0	0	1	0	0
A	BL	2	79	9	1	BA1653	3129	7	8	2	0	1	0	0	0	0	0	0
A	BL	2	79	9	1	BA1653	3139	8	7	0	0	0	0	0	0	0	0	0
A	BL	2	79	9	1	BA1653	3158	7	0	0	0	0	0	0	0	1	0	0
A	BL	2	79	9	1	BA1653	3163	7	8	2	0	1	0	0	0	0	0	0
A	BL	2	79	9	1	BA1653	3173	8	7	0	0	0	0	0	0	0	0	0
A	BL	2	79	9	1	BA1653	3176	7	0	0	0	0	0	0	0	1	0	0
A	BL	2	79	9	1	BA1653	3205	7	8	2	0	1	0	0	0	0	0	0
A	BL	2	79	9	1	BA1653	3215	8	7	0	0	0	0	0	0	0	0	0
A	BL	2	79	9	1	BA1653	3238	7	0	0	0	0	0	0	0	1	0	0
A	BL	2	79	9	1	BA1653	3239	7	8	2	0	1	0	0	0	0	0	0
A	BL	2	79	9	1	BA1653	3240	8	0	0	0	0	0	0	0	1	0	0
A	BL	2	79	9	1	BA1653	3246	8	0	0	0	1	0	0	0	0	0	0
A	BL	2	79	9	1	BA1653	3249	8	7	0	0	0	0	0	0	0	0	0
A	BL	2	79	9	1	BA1653	3253	7	0	0	0	0	0	0	0	1	0	0
A	BL	2	79	9	1	BA1653	3254	7	8	2	0	1	0	0	0	0	0	0
A	BL	2	79	9	1	BA1653	3264	8	7	0	0	0	0	0	0	0	0	0
A	BL	2	79	9	1	BA1653	3282	7	0	0	0	0	0	0	0	1	0	0
A	BL	2	79	9	1	BA1653	3368	7	8	2	0	1	0	0	0	0	0	0
A	BL	2	79	9	1	BA1653	3378	8	9	0	0	0	0	0	0	0	0	0
A	BL	2	79	9	1	BA1653	3388	9	10	0	0	0	0	0	0	0	0	0
A	BL	2	79	9	1	BA1653	3389	10	0	0	0	0	0	0	0	1	0	0
A	BL	2	79	9	1	BA1653	3463	10	2	0	0	0	0	0	0	0	0	0
A	BL	2	79	9	1	BA1653	3464	2	6	0	0	0	0	0	0	0	0	0
A	BL	2	79	9	1	BA1653	3577	6	8	2	0	1	0	0	0	0	0	0
A	BL	2	79	9	1	BA1653	3587	8	7	0	0	0	0	0	0	0	0	0
A	BL	2	79	9	1	BA1653	3600	7	0	0	0	0	0	0	0	1	0	0
A	BL	2	79	9	1	BA1653	3608	7	8	2	0	1	0	0	0	0	0	0
A	BL	2	79	9	1	BA1653	3615	8	0	0	0	0	0	0	0	1	0	0
A	BL	2	79	9	1	BA1653	3618	8	7	0	0	0	0	0	0	0	0	0
A	BL	2	79	9	1	BA1653	3732	7	8	2	0	1	0	0	0	0	0	0
A	BL	2	79	9	1	BA1653	3736	8	0	0	0	0	0	0	0	1	0	0
A	BL	2	79	9	1	BA1653	3740	8	0	0	0	1	0	0	0	0	0	0
A	BL	2	79	9	1	BA1653	3742	8	7	0	0	0	0	0	0	0	0	0
A	BL	2	79	9	1	BA1653	3754	7	0	0	0	0	0	0	0	1	0	0
A	BL	2	79	9	1	BA1653	3797	7	8	2	0	1	0	0	0	0	0	0
A	BL	2	79	9	1	BA1653	3807	8	7	0	0	0	0	0	0	0	0	0
A	BL	2	79	9	1	BA1653	3842	7	0	0	0	0	0	0	0	1	0	0
A	BL	2	79	9	1	BA1653	3876	7	8	2	0	1	0	0	0	0	0	0
A	BL	2	79	9	1	BA1653	3886	8	7	0	0	0	0	0	0	0	0	0
A	BL	2	79	9	1	BA1653	3909	7	0	0	0	0	0	0	0	1	0	0
A	BL	2	79	9	1	BA1653	3960	7	8	2	0	1	0	0	0	0	0	0
A	BL	2	79	9	1	BA1653	3970	8	7	0	0	0	0	0	0	0	0	0
A	BL	2	79	9	1	BA1653	3986	7	0	0	0	0	0	0	0	1	0	0
A	BL	2	79	9	1	BA1653	4006	7	8	2	0	1	0	0	0	0	0	0
A	BL	2	79	9	1	BA1653	4016	8	7	0	0	0	0	0	0	0	0	0
A	BL	2	79	9	1	BA1653	4019	7	0	0	0	0	0	0	0	1	0	0
A	BL	2	79	9	1	BA1653	4020	7	8	2	0	1	0	0	0	0	0	0
A	BL	2	79	9	1	BA1653	4030	8	7	0	0	0	0	0	0	0	0	0
A	BL	2	79	9	1	BA1653	4054	7	0	0	0	0	0	0	0	1	0	0
A	BL	2	79	9	1	BA1653	4278	7	8	2	0	1	0	0	0	0	0	0
A	BL	2	79	9	1	BA1653	4288	8	7	0	0	0	0	0	0	0	0	0
A	BL	2	79	9	1	BA1653	4291	7	0	0	0	0	0	0	0	1	0	0
A	BL	2	79	9	1	BA1653	4303	7	8	2	0	1	0	0	0	0	0	0
A	BL	2	79	9	1	BA1653	4304	8	0	0	0	0	0	0	0	1	0	0
A	BL	2	79	9	1	BA1653	4313	8	9	0	0	0	0	0	0	0	0	0
A	BL	2	79	9	1	BA1653	4319	9	0	0	0	1	0	0	0	0	0	0
A	BL	2	79	9	1	BA1653	4320	9	0	0	0	0	0	0	0	1	0	0
A	BL	2	79	9	1	BA1653	4323	9	10	0	0	0	0	0	0	0	0	0
A	BL	2	79	9	1	BA1653	4398	10	2	0	0	0	0	0	0	0	0	0
A	BL	2	79	9	1	BA1653	4399	2	3	0	0	0	0	0	0	0	0	0
A	BL	2	79	9	1	BA1653	4688	3	5	1	1	0	0	0	0	0	0	0
A	BL	2	79	9	1	BA1653	4698	5	4	0	0	0	0	0	0	0	0	0
A	BL	2	79	9	1	BA1653	4716	4	0	0	0	0	0	0	1	0	0	0
A	BL	2	79	9	1	BA1653	4802	4	5	1	1	0	0	0	0	0	0	0
A	BL	2	79	9	1	BA1653	4811	5	0	0	0	0	0	0	1	0	0	0
A	BL	2	79	9	1	BA1653	4812	5	4	0	0	0	0	0	0	0	0	0
A	BL	2	79	9	1	BA1653	4887	4	5	1	1	0	0	0	0	0	0	0
A	BL	2	79	9	1	BA1653	4897	5	4	0	0	0	0	0	0	0	0	0
A	BL	2	79	9	1	BA1653	4908	4	0	0	0	0	0	0	1	0	0	0
A	BL	2	79	9	1	BA1653	4938	4	5	1	1	0	0	0	0	0	0	0
A	BL	2	79	9	1	BA1653	4948	5	4	0	0	0	0	0	0	0	0	0
A	BL	2	79	9	1	BA1653	4975	4	0	0	0	0	0	0	1	0	0	0
A	BL	2	79	9	1	BA1653	4989	4	5	1	1	0	0	0	0	0	0	0
A	BL	2	79	9	1	BA1653	4999	5	9	0	0	0	0	0	0	0	0	0
A	BL	2	79	9	1	BA1653	5009	9	10	0	0	0	0	0	1	0	0	0
A	BL	2	79	9	1	BA1653	5084	10	2	0	0	0	0	0	0	0	0	0
A	BL	2	79	9	1	BA1653	5085	2	6	0	0	0	0	0	0	0	0	0
A	BL	2	79	9	1	BA1653	5201	6	8	2	0	1	0	0	0	0	0	0
A	BL	2	79	9	1	BA1653	5210	8	0	0	0	0	0	0	0	1	0	0
A	BL	2	79	9	1	BA1653	5211	8	7	0	0	0	0	0	0	0	0	0
A	BL	2	79	9	1	BA1653	5238	7	8	2	0	1	0	0	0	0	0	0
A	BL	2	79	9	1	BA1653	5244	8	0	0	0	0	0	0	0	1	0	0
A	BL	2	79	9	1	BA1653	5248	8	7	0	0	0	0	0	0	0	0	0
A	BL	2	79	9	1	BA1653	5249	7	8	2	0	1	0	0	0	0	0	0
A	BL	2	79	9	1	BA1653	5259	8	7	0	0	0	0	0	0	0	0	0
A	BL	2	79	9	1	BA1653	5264	7	0	0	0	0	0	0	0	1	0	0
A	BL	2	79	9	1	BA1653	5268	7	8	2	0	1	0	0	0	0	0	0
A	BL	2	79	9	1	BA1653	5272	8	0	0	0	0	0	0	0	1	0	0
A	BL	2	79	9	1	BA1653	5275	8	0	0	0	1	0	0	0	0	0	0
A	BL	2	79	9	1	BA1653	5278	8	7	0	0	0	0	0	0	0	0	0
A	BL	2	79	9	1	BA1653	5288	7	0	0	0	0	0	0	0	1	0	0
A	BL	2	79	9	1	BA1653	5294	7	8	2	0	1	0	0	0	0	0	0
A	BL	2	79	9	1	BA1653	5298	8	0	0	0	0	0	0	0	1	0	0
A	BL	2	79	9	1	BA1653	5304	8	7	0	0	0	0	0	0	0	0	0
A	BL	2	79	9	1	BA1653	5328	7	8	2	0	1	0	0	0	0	0	0
A	BL	2	79	9	1	BA1653	5330	8	0	0	0	0	0	0	0	1	0	0
A	BL	2	79	9	1	BA1653	5338	8	7	0	0	0	0	0	0	0	0	0
A	BL	2	79	9	1	BA1653	5388	7	8	2	0	1	0	0	0	0	0	0
A	BL	2	79	9	1	BA1653	5395	8	0	0	0	0	0	0	0	1	0	0
A	BL	2	79	9	1	BA1653	5398	8	7	0	0	0	0	0	0	0	0	0
A	BL	2	79	9	1	BA1653	5404	7	8	2	0	1	0	0	0	0	0	0
A	BL	2	79	9	1	BA1653	5414	8	7	0	0	0	0	0	0	0	0	0
A	BL	2	79	9	1	BA1653	5423	7	0	0	0	0	0	0	0	1	0	0
A	BL	2	79	9	1	BA1653	5528	7	8	2	0	1	0	0	0	0	0	0
A	BL	2	79	9	1	BA1653	5538	8	7	0	0	0	0	0	0	0	0	0
A	BL	2	79	9	1	BA1653	5547	7	0	0	0	0	0	0	0	1	0	0
A	BL	2	79	9	1	BA1653	5553	7	8	2	0	1	0	0	0	0	0	0
A	BL	2	79	9	1	BA1653	5563	8	9	0	0	0	0	0	0	0	0	0
A	BL	2	79	9	1	BA1653	5573	9	10	0	0	0	0	0	0	0	0	0
A	BL	2	79	9	1	BA1653	5576	10	0	0	0	0	0	0	0	1	0	0
A	BL	2	79	9	1	BA1653	5648	10	2	0	0	0	0	0	0	0	0	0
A	BL	2	79	9	1	BA1653	5649	2	6	0	0	0	0	0	0	0	0	0
A	BL	2	79	9	1	BA1653	6100	6	8	2	0	1	0	0	0	0	0	0
A	BL	2	79	9	1	BA1653	6102	8	0	0	0	0	0	0	0	1	0	0
A	BL	2	79	9	1	BA1653	6110	8	7	0	0	0	0	0	0	0	0	0
A	BL	2	79	9	1	BA1653	6113	7	8	2	0	1	0	0	0	0	0	0
A	BL	2	79	9	1	BA1653	6123	8	7	0	0	0	0	0	0	0	0	0
A	BL	2	79	9	1	BA1653	6129	7	0	0	0	0	0	0	0	1	0	0
A	BL	2	79	9	1	BA1653	6133	7	8	2	0	1	0	0	0	0	0	0
A	BL	2	79	9	1	BA1653	6143	8	7	0	0	0	0	0	0	0	0	0
A	BL	2	79	9	1	BA1653	6153	7	0	0	0	0	0	0	0	1	0	0
A	BL	2	79	9	1	BA1653	6155	7	8	2	0	1	0	0	0	0	0	0
A	BL	2	79	9	1	BA1653	6156	8	0	0	0	0	0	0	0	1	0	0
A	BL	2	79	9	1	BA1653	6165	8	7	0	0	0	0	0	0	0	0	0
A	BL	2	79	9	1	BA1653	6166	7	8	2	0	1	0	0	0	0	0	0
A	BL	2	79	9	1	BA1653	6167	8	0	0	0	0	0	0	0	1	0	0
A	BL	2	79	9	1	BA1653	6176	8	7	0	0	0	0	0	0	0	0	0
A	BL	2	79	9	1	BA1653	6227	7	8	2	0	1	0	0	0	0	0	0
A	BL	2	79	9	1	BA1653	6228	8	0	0	0	0	0	0	0	1	0	0
A	BL	2	79	9	1	BA1653	6237	8	7	0	0	0	0	0	0	0	0	0
A	BL	2	79	9	1	BA1653	6246	7	8	2	0	1	0	0	0	0	0	0
A	BL	2	79	9	1	BA1653	6247	8	0	0	0	0	0	0	0	1	0	0
A	BL	2	79	9	1	BA1653	6256	8	7	0	0	0	0	0	0	0	0	0
A	BL	2	79	9	1	BA1653	6290	7	8	2	0	1	0	0	0	0	0	0
A	BL	2	79	9	1	BA1653	6294	8	0	0	0	0	0	0	0	1	0	0
A	BL	2	79	9	1	BA1653	6300	8	7	0	0	0	0	0	0	0	0	0
A	BL	2	79	9	1	BA1653	6304	7	8	2	0	1	0	0	0	0	0	0
A	BL	2	79	9	1	BA1653	6307	8	0	0	0	0	0	0	0	1	0	0
A	BL	2	79	9	1	BA1653	6308	8	0	0	0	1	0	0	0	0	0	0
A	BL	2	79	9	1	BA1653	6314	8	7	0	0	0	0	0	0	0	0	0
A	BL	2	79	9	1	BA1653	6336	7	0	0	0	0	0	0	0	1	0	0
A	BL	2	79	9	1	BA1653	6371	7	8	2	0	1	0	0	0	0	0	0
A	BL	2	79	9	1	BA1653	6373	8	0	0	0	0	0	0	0	1	0	0
A	BL	2	79	9	1	BA1653	6380	8	0	0	0	1	0	0	0	0	0	0
A	BL	2	79	9	1	BA1653	6381	8	9	0	0	0	0	0	0	0	0	0
A	BL	2	79	9	1	BA1653	6384	9	0	0	0	0	0	0	0	1	0	0
A	BL	2	79	9	1	BA1653	6391	9	10	0	0	0	0	0	0	0	0	0
A	BL	2	79	9	1	BA1653	6466	10	2	0	0	0	0	0	0	0	0	0
A	BL	2	79	9	1	BA1653	6467	2	3	0	0	0	0	0	0	0	0	0
A	BL	2	79	9	1	BA1653	6742	3	5	1	1	0	0	0	0	0	0	0
A	BL	2	79	9	1	BA1653	6752	5	4	0	0	0	0	0	0	0	0	0
A	BL	2	79	9	1	BA1653	6757	4	0	0	0	0	0	0	1	0	0	0
A	BL	2	79	9	1	BA1653	7004	4	5	1	1	0	0	0	0	0	0	0
A	BL	2	79	9	1	BA1653	7014	5	4	0	0	0	0	0	0	0	0	0
A	BL	2	79	9	1	BA1653	7025	4	0	0	0	0	0	0	1	0	0	0
A	BL	2	79	9	1	BA1653	7046	4	5	1	1	0	0	0	0	0	0	0
A	BL	2	79	9	1	BA1653	7051	5	0	0	0	0	0	0	1	0	0	0
A	BL	2	79	9	1	BA1653	7056	5	4	0	0	0	0	0	0	0	0	0
A	BL	2	79	9	1	BA1653	7063	4	5	1	1	0	0	0	0	0	0	0
A	BL	2	79	9	1	BA1653	7073	5	4	0	0	0	0	0	0	0	0	0
A	BL	2	79	9	1	BA1653	7097	4	0	0	0	0	0	0	1	0	0	0
A	BL	2	79	9	1	BA1653	7124	4	5	1	1	0	0	0	0	0	0	0
A	BL	2	79	9	1	BA1653	7130	5	0	0	0	0	0	0	1	0	0	0
A	BL	2	79	9	1	BA1653	7134	5	9	0	0	0	0	0	0	0	0	0
A	BL	2	79	9	1	BA1653	7139	9	0	0	1	0	0	0	0	0	0	0
A	BL	2	79	9	1	BA1653	7143	9	0	0	0	0	0	0	1	0	0	0
A	BL	2	79	9	1	BA1653	7144	9	10	0	0	0	0	0	0	0	0	0
A	BL	2	79	9	1	BA1653	7219	10	2	0	0	0	0	0	0	0	0	0
A	BL	2	79	9	1	BA1653	7220	2	3	0	0	0	0	0	0	0	0	0
A	BL	2	79	9	1	BA1653	7499	3	5	1	1	0	0	0	0	0	0	0
A	BL	2	79	9	1	BA1653	7509	5	4	0	0	0	0	0	0	0	0	0
A	BL	2	79	9	1	BA1653	7522	4	0	0	0	0	0	0	1	0	0	0
A	BL	2	79	9	1	BA1653	7527	4	5	1	1	0	0	0	0	0	0	0
A	BL	2	79	9	1	BA1653	7532	5	0	0	0	0	0	0	1	0	0	0
A	BL	2	79	9	1	BA1653	7537	5	4	0	0	0	0	0	0	0	0	0
A	BL	2	79	9	1	BA1653	7568	4	5	1	1	0	0	0	0	0	0	0
A	BL	2	79	9	1	BA1653	7578	5	4	0	0	0	0	0	0	0	0	0
A	BL	2	79	9	1	BA1653	7591	4	0	0	0	0	0	0	1	0	0	0
A	BL	2	79	9	1	BA1653	7633	4	5	1	1	0	0	0	0	0	0	0
A	BL	2	79	9	1	BA1653	7643	5	4	0	0	0	0	0	0	0	0	0
A	BL	2	79	9	1	BA1653	7674	4	0	0	0	0	0	0	1	0	0	0
A	BL	2	79	9	1	BA1653	7689	4	5	1	1	0	0	0	0	0	0	0
A	BL	2	79	9	1	BA1653	7694	5	0	0	0	0	0	0	1	0	0	0
A	BL	2	79	9	1	BA1653	7699	5	9	0	0	0	0	0	0	0	0	0
A	BL	2	79	9	1	BA1653	7709	9	10	0	0	0	0	0	0	0	0	0
A	BL	2	79	9	1	BA1653	7784	10	2	0	0	0	0	0	0	0	0	0
A	BL	2	79	9	1	BA1653	7785	2	6	0	0	0	0	0	0	0	0	0
A	BL	2	79	9	1	BA1653	7960	6	8	2	0	1	0	0	0	0	0	0
A	BL	2	79	9	1	BA1653	7966	8	0	0	0	0	0	0	0	1	0	0
A	BL	2	79	9	1	BA1653	7970	8	7	0	0	0	0	0	0	0	0	0
A	BL	2	79	9	1	BA1653	8018	7	8	2	0	1	0	0	0	0	0	0
A	BL	2	79	9	1	BA1653	8028	8	7	0	0	0	0	0	0	0	0	0
A	BL	2	79	9	1	BA1653	8036	7	0	0	0	0	0	0	0	1	0	0
A	BL	2	79	9	1	BA1653	8074	7	8	2	0	1	0	0	0	0	0	0
A	BL	2	79	9	1	BA1653	8084	8	7	0	0	0	0	0	0	0	0	0
A	BL	2	79	9	1	BA1653	8097	7	0	0	0	0	0	0	0	1	0	0
A	BL	2	79	9	1	BA1653	8120	7	8	2	0	1	0	0	0	0	0	0
A	BL	2	79	9	1	BA1653	8130	8	7	0	0	0	0	0	0	0	0	0
A	BL	2	79	9	1	BA1653	8131	7	0	0	0	0	0	0	0	1	0	0
A	BL	2	79	9	1	BA1653	8133	7	8	2	0	1	0	0	0	0	0	0
A	BL	2	79	9	1	BA1653	8143	8	7	0	0	0	0	0	0	0	0	0
A	BL	2	79	9	1	BA1653	8150	7	0	0	0	0	0	0	0	1	0	0
A	BL	2	79	9	1	BA1653	8154	7	8	2	0	1	0	0	0	0	0	0
A	BL	2	79	9	1	BA1653	8164	8	7	0	0	0	0	0	0	0	0	0
A	BL	2	79	9	1	BA1653	8170	7	0	0	0	0	0	0	0	1	0	0
A	BL	2	79	9	1	BA1653	8444	7	8	2	0	1	0	0	0	0	0	0
A	BL	2	79	9	1	BA1653	8454	8	7	0	0	0	0	0	0	0	0	0
A	BL	2	79	9	1	BA1653	8478	7	0	0	0	0	0	0	0	1	0	0
A	BL	2	79	9	1	BA1653	8490	7	8	2	0	1	0	0	0	0	0	0
A	BL	2	79	9	1	BA1653	8500	8	7	0	0	0	0	0	0	1	0	0
A	BL	2	79	9	1	BA1653	8520	7	8	2	0	1	0	0	0	0	0	0
A	BL	2	79	9	1	BA1653	8530	8	7	0	0	0	0	0	0	0	0	0
A	BL	2	79	9	1	BA1653	8546	7	0	0	0	0	0	0	0	1	0	0
A	BL	2	79	9	1	BA1653	8591	7	8	2	0	1	0	0	0	0	0	0
A	BL	2	79	9	1	BA1653	8601	8	9	0	0	0	0	0	0	0	0	0
A	BL	2	79	9	1	BA1653	8611	9	10	0	0	0	0	0	0	0	0	0
A	BL	2	79	9	1	BA1653	8615	10	0	0	0	0	0	0	0	1	0	0
A	BL	2	79	9	1	BA1653	8686	10	2	0	0	0	0	0	0	0	0	0
A	BL	2	79	9	1	BA1653	8687	2	6	0	0	0	0	0	0	0	0	0
A	BL	2	79	9	1	BA1653	8993	6	8	2	0	1	0	0	0	0	0	0
A	BL	2	79	9	1	BA1653	9003	8	7	0	0	0	0	0	0	0	0	0
A	BL	2	79	9	1	BA1653	9013	7	0	0	0	0	0	0	0	1	0	0
A	BL	2	79	9	1	BA1653	9136	7	8	2	0	1	0	0	0	0	0	0
A	BL	2	79	9	1	BA1653	9146	8	7	0	0	0	0	0	0	0	0	0
A	BL	2	79	9	1	BA1653	9162	7	0	0	0	0	0	0	0	1	0	0
A	BL	2	79	9	1	BA1653	9182	7	8	2	0	1	0	0	0	0	0	0
A	BL	2	79	9	1	BA1653	9185	8	0	0	0	0	0	0	0	1	0	0
A	BL	2	79	9	1	BA1653	9192	8	7	0	0	0	0	0	0	0	0	0
A	BL	2	79	9	1	BA1653	9201	7	8	2	0	1	0	0	0	0	0	0
A	BL	2	79	9	1	BA1653	9211	8	7	0	0	0	0	0	0	0	0	0
A	BL	2	79	9	1	BA1653	9234	7	0	0	0	0	0	0	0	1	0	0
A	BL	2	79	9	1	BA1653	9281	7	8	2	0	1	0	0	0	0	0	0
A	BL	2	79	9	1	BA1653	9283	8	0	0	0	0	0	0	0	1	0	0
A	BL	2	79	9	1	BA1653	9284	8	0	0	0	1	0	0	0	0	0	0
A	BL	2	79	9	1	BA1653	9291	8	7	0	0	0	0	0	0	0	0	0
A	BL	2	79	9	1	BA1653	9305	7	0	0	0	0	0	0	0	1	0	0
A	BL	2	79	9	1	BA1653	9386	7	8	2	0	1	0	0	0	0	0	0
A	BL	2	79	9	1	BA1653	9396	8	7	0	0	0	0	0	0	0	0	0
A	BL	2	79	9	1	BA1653	9414	7	0	0	0	0	0	0	0	1	0	0
A	BL	2	79	9	1	BA1653	9418	7	8	2	0	1	0	0	0	0	0	0
A	BL	2	79	9	1	BA1653	9428	8	7	0	0	0	0	0	0	0	0	0
A	BL	2	79	9	1	BA1653	9433	7	0	0	0	0	0	0	0	1	0	0
A	BL	2	79	9	1	BA1653	9444	7	8	2	0	1	0	0	0	0	0	0
A	BL	2	79	9	1	BA1653	9448	8	0	0	0	0	0	0	0	1	0	0
A	BL	2	79	9	1	BA1653	9454	8	7	0	0	0	0	0	0	0	0	0
A	BL	2	79	9	1	BA1653	9458	7	8	2	0	1	0	0	0	0	0	0
A	BL	2	79	9	1	BA1653	9460	8	0	0	0	0	0	0	0	1	0	0
A	BL	2	79	9	1	BA1653	9468	8	7	0	0	0	0	0	0	0	0	0
A	BL	2	79	9	1	BA1653	9484	7	8	2	0	1	0	0	0	0	0	0
A	BL	2	79	9	1	BA1653	9494	8	9	0	0	0	0	0	0	0	0	0
A	BL	2	79	9	1	BA1653	9502	9	0	0	0	0	0	0	0	1	0	0
A	BL	2	79	9	1	BA1653	9504	9	10	0	0	0	0	0	0	0	0	0
A	BL	2	79	9	1	BA1653	9579	10	2	0	0	0	0	0	0	0	0	0
A	BL	2	79	9	1	BA1653	9580	2	6	0	0	0	0	0	0	0	0	0
A	BL	2	79	9	1	BA1653	9663	6	8	2	0	1	0	0	0	0	0	0
A	BL	2	79	9	1	BA1653	9671	8	0	0	0	0	0	0	0	1	0	0
A	BL	2	79	9	1	BA1653	9673	8	7	0	0	0	0	0	0	0	0	0
A	BL	2	79	9	1	BA1653	9735	7	8	2	0	1	0	0	0	0	0	0
A	BL	2	79	9	1	BA1653	9745	8	7	0	0	0	0	0	0	0	0	0
A	BL	2	79	9	1	BA1653	9770	7	0	0	0	0	0	0	0	1	0	0
A	BL	2	79	9	1	BA1653	9838	7	8	2	0	1	0	0	0	0	0	0
A	BL	2	79	9	1	BA1653	9848	8	7	0	0	0	0	0	0	0	0	0
A	BL	2	79	9	1	BA1653	9876	7	0	0	0	0	0	0	0	1	0	0
A	BL	2	79	9	1	BA1653	9878	7	8	2	0	1	0	0	0	0	0	0
A	BL	2	79	9	1	BA1653	9887	8	0	0	0	0	0	0	0	1	0	0
A	BL	2	79	9	1	BA1653	9888	8	7	0	0	0	0	0	0	0	0	0
A	BL	2	79	9	1	BA1653	9890	7	8	2	0	1	0	0	0	0	0	0
A	BL	2	79	9	1	BA1653	9900	8	7	0	0	0	0	0	0	1	0	0
A	BL	2	79	9	1	BA1653	9905	7	8	2	0	1	0	0	0	0	0	0
A	BL	2	79	9	1	BA1653	9915	8	7	0	0	0	0	0	0	0	0	0
A	BL	2	79	9	1	BA1653	9970	7	0	0	0	0	0	0	0	1	0	0
A	BL	2	79	9	1	BA1653	10064	7	8	2	0	1	0	0	0	0	0	0
A	BL	2	79	9	1	BA1653	10066	8	0	0	0	0	0	0	0	1	0	0
A	BL	2	79	9	1	BA1653	10074	8	7	0	0	0	0	0	0	0	0	0
A	BL	2	79	9	1	BA1653	10077	7	8	2	0	1	0	0	0	0	0	0
A	BL	2	79	9	1	BA1653	10087	8	7	0	0	0	0	0	0	0	0	0
A	BL	2	79	9	1	BA1653	10121	7	0	0	0	0	0	0	0	1	0	0
A	BL	2	79	9	1	BA1653	10122	7	8	2	0	1	0	0	0	0	0	0
A	BL	2	79	9	1	BA1653	10126	8	0	0	0	0	0	0	0	1	0	0
A	BL	2	79	9	1	BA1653	10132	8	7	0	0	0	0	0	0	0	0	0
A	BL	2	79	9	1	BA1653	10178	7	8	2	0	1	0	0	0	0	0	0
A	BL	2	79	9	1	BA1653	10188	8	9	0	0	0	0	0	0	0	0	0
A	BL	2	79	9	1	BA1653	10198	9	10	0	0	0	0	0	0	0	0	0
A	BL	2	79	9	1	BA1653	10203	10	0	0	0	0	0	0	0	1	0	0
A	BL	2	79	9	1	BA1653	10273	10	2	0	0	0	0	0	0	0	0	0
A	BL	2	79	9	1	BA1653	10274	2	3	0	0	0	0	0	0	0	0	0
A	BL	2	79	9	1	BA1653	10595	3	5	1	1	0	0	0	0	0	0	0
A	BL	2	79	9	1	BA1653	10599	5	0	0	0	0	0	0	1	0	0	0
A	BL	2	79	9	1	BA1653	10605	5	4	0	0	0	0	0	0	0	0	0
A	BL	2	79	9	1	BA1653	10629	4	5	1	1	0	0	0	0	0	0	0
A	BL	2	79	9	1	BA1653	10639	5	4	0	0	0	0	0	0	0	0	0
A	BL	2	79	9	1	BA1653	10649	4	0	0	0	0	0	0	1	0	0	0
A	BL	2	79	9	1	BA1653	10706	4	5	1	1	0	0	0	0	0	0	0
A	BL	2	79	9	1	BA1653	10716	5	4	0	0	0	0	0	0	0	0	0
A	BL	2	79	9	1	BA1653	10735	4	0	0	0	0	0	0	1	0	0	0
A	BL	2	79	9	1	BA1653	10779	4	5	1	1	0	0	0	0	0	0	0
A	BL	2	79	9	1	BA1653	10789	5	4	0	0	0	0	0	0	0	0	0
A	BL	2	79	9	1	BA1653	10842	4	0	0	0	0	0	0	1	0	0	0
A	BL	2	79	9	1	BA1653	10896	4	5	1	1	0	0	0	0	0	0	0
A	BL	2	79	9	1	BA1653	10906	5	9	0	0	0	0	0	0	0	0	0
A	BL	2	79	9	1	BA1653	10915	9	0	0	0	0	0	0	1	0	0	0
A	BL	2	79	9	1	BA1653	10916	9	10	0	0	0	0	0	0	0	0	0
A	BL	2	79	9	1	BA1653	10991	10	2	0	0	0	0	0	0	0	0	0
A	BL	2	79	9	1	BA1653	10992	2	3	0	0	0	0	0	0	0	0	0
A	BL	2	79	9	1	BA1653	11350	3	5	1	1	0	0	0	0	0	0	0
A	BL	2	79	9	1	BA1653	11360	5	4	0	0	0	0	0	0	0	0	0
A	BL	2	79	9	1	BA1653	11361	4	0	0	0	0	0	0	1	0	0	0
A	BL	2	79	9	1	BA1653	11486	4	5	1	1	0	0	0	0	0	0	0
A	BL	2	79	9	1	BA1653	11490	5	0	0	0	0	0	0	1	0	0	0
A	BL	2	79	9	1	BA1653	11496	5	4	0	0	0	0	0	0	0	0	0
A	BL	2	79	9	1	BA1653	11511	4	5	1	1	0	0	0	0	0	0	0
A	BL	2	79	9	1	BA1653	11521	5	4	0	0	0	0	0	0	0	0	0
A	BL	2	79	9	1	BA1653	11548	4	0	0	0	0	0	0	1	0	0	0
A	BL	2	79	9	1	BA1653	11607	4	5	1	1	0	0	0	0	0	0	0
A	BL	2	79	9	1	BA1653	11617	5	4	0	0	0	0	0	0	0	0	0
A	BL	2	79	9	1	BA1653	11646	4	0	0	0	0	0	0	1	0	0	0
A	BL	2	79	9	1	BA1653	11666	4	5	1	1	0	0	0	0	0	0	0
A	BL	2	79	9	1	BA1653	11676	5	9	0	0	0	0	0	0	0	0	0
A	BL	2	79	9	1	BA1653	11686	9	10	0	0	0	0	0	1	0	0	0
A	BL	2	79	9	1	BA1653	11761	10	2	0	0	0	0	0	0	0	0	0
A	BL	2	79	9	1	BA1653	11762	2	6	0	0	0	0	0	0	0	0	0
A	BL	2	79	9	1	BA1653	11964	6	8	2	0	1	0	0	0	0	0	0
A	BL	2	79	9	1	BA1653	11965	8	0	0	0	0	0	0	0	1	0	0
A	BL	2	79	9	1	BA1653	11974	8	7	0	0	0	0	0	0	0	0	0
A	BL	2	79	9	1	BA1653	11989	7	8	2	0	1	0	0	0	0	0	0
A	BL	2	79	9	1	BA1653	11999	8	7	0	0	0	0	0	0	0	0	0
A	BL	2	79	9	1	BA1653	12001	7	0	0	0	0	0	0	0	1	0	0
A	BL	2	79	9	1	BA1653	12030	7	8	2	0	1	0	0	0	0	0	0
A	BL	2	79	9	1	BA1653	12040	8	7	0	0	0	0	0	0	0	0	0
A	BL	2	79	9	1	BA1653	12059	7	0	0	0	0	0	0	0	1	0	0
A	BL	2	79	9	1	BA1653	12105	7	8	2	0	1	0	0	0	0	0	0
A	BL	2	79	9	1	BA1653	12115	8	7	0	0	0	0	0	0	0	0	0
A	BL	2	79	9	1	BA1653	12135	7	0	0	0	0	0	0	0	1	0	0
A	BL	2	79	9	1	BA1653	12181	7	8	2	0	1	0	0	0	0	0	0
A	BL	2	79	9	1	BA1653	12191	8	7	0	0	0	0	0	0	0	0	0
A	BL	2	79	9	1	BA1653	12221	7	0	0	0	0	0	0	0	1	0	0
A	BL	2	79	9	1	BA1653	12262	7	8	2	0	1	0	0	0	0	0	0
A	BL	2	79	9	1	BA1653	12272	8	7	0	0	0	0	0	0	0	0	0
A	BL	2	79	9	1	BA1653	12287	7	0	0	0	0	0	0	0	1	0	0
A	BL	2	79	9	1	BA1653	12367	7	8	2	0	1	0	0	0	0	0	0
A	BL	2	79	9	1	BA1653	12377	8	7	0	0	0	0	0	0	0	0	0
A	BL	2	79	9	1	BA1653	12393	7	0	0	0	0	0	0	0	1	0	0
A	BL	2	79	9	1	BA1653	12443	7	8	2	0	1	0	0	0	0	0	0
A	BL	2	79	9	1	BA1653	12453	8	7	0	0	0	0	0	0	0	0	0
A	BL	2	79	9	1	BA1653	12479	7	0	0	0	0	0	0	0	1	0	0
A	BL	2	79	9	1	BA1653	13014	7	8	2	0	1	0	0	0	0	0	0
A	BL	2	79	9	1	BA1653	13019	8	0	0	0	0	0	0	0	1	0	0
A	BL	2	79	9	1	BA1653	13024	8	7	0	0	0	0	0	0	0	0	0
A	BL	2	79	9	1	BA1653	13124	7	8	2	0	1	0	0	0	0	0	0
A	BL	2	79	9	1	BA1653	13134	8	9	0	0	0	0	0	0	0	0	0
A	BL	2	79	9	1	BA1653	13142	9	0	0	0	0	0	0	0	1	0	0
A	BL	2	79	9	1	BA1653	13144	9	10	0	0	0	0	0	0	0	0	0
A	BL	2	79	9	1	BA1653	13219	10	2	0	0	0	0	0	0	0	0	0
A	BL	2	79	9	1	BA1653	13220	2	6	0	0	0	0	0	0	0	0	0
A	BL	2	79	9	1	BA1653	13400	6	8	2	0	1	0	0	0	0	0	0
A	BL	2	79	9	1	BA1653	13410	8	7	0	0	0	0	0	0	0	0	0
A	BL	2	79	9	1	BA1653	13420	7	0	0	0	0	0	0	0	1	0	0
A	BL	2	79	9	1	BA1653	13437	7	8	2	0	1	0	0	0	0	0	0
A	BL	2	79	9	1	BA1653	13441	8	0	0	0	0	0	0	0	1	0	0
A	BL	2	79	9	1	BA1653	13442	8	0	0	0	1	0	0	0	0	0	0
A	BL	2	79	9	1	BA1653	13447	8	7	0	0	0	0	0	0	0	0	0
A	BL	2	79	9	1	BA1653	13451	7	0	0	0	0	0	0	0	1	0	0
A	BL	2	79	9	1	BA1653	13481	7	8	2	0	1	0	0	0	0	0	0
A	BL	2	79	9	1	BA1653	13483	8	0	0	0	0	0	0	0	1	0	0
A	BL	2	79	9	1	BA1653	13491	8	7	0	0	0	0	0	0	0	0	0
A	BL	2	79	9	1	BA1653	13493	7	8	2	0	1	0	0	0	0	0	0
A	BL	2	79	9	1	BA1653	13503	8	7	0	0	0	0	0	0	0	0	0
A	BL	2	79	9	1	BA1653	13511	7	0	0	0	0	0	0	0	1	0	0
A	BL	2	79	9	1	BA1653	13513	7	8	2	0	1	0	0	0	0	0	0
A	BL	2	79	9	1	BA1653	13523	8	7	0	0	0	0	0	0	0	0	0
A	BL	2	79	9	1	BA1653	13537	7	0	0	0	0	0	0	0	1	0	0
A	BL	2	79	9	1	BA1653	13580	7	8	2	0	1	0	0	0	0	0	0
A	BL	2	79	9	1	BA1653	13590	8	7	0	0	0	0	0	0	0	0	0
A	BL	2	79	9	1	BA1653	13616	7	0	0	0	0	0	0	0	1	0	0
A	BL	2	79	9	1	BA1653	13622	7	8	2	0	1	0	0	0	0	0	0
A	BL	2	79	9	1	BA1653	13632	8	7	0	0	0	0	0	0	0	0	0
A	BL	2	79	9	1	BA1653	13633	7	0	0	0	0	0	0	0	1	0	0
A	BL	2	79	9	1	BA1653	13657	7	8	2	0	1	0	0	0	0	0	0
A	BL	2	79	9	1	BA1653	13663	8	0	0	0	0	0	0	0	1	0	0
A	BL	2	79	9	1	BA1653	13667	8	7	0	0	0	0	0	0	0	0	0
A	BL	2	79	9	1	BA1653	13677	7	8	2	0	1	0	0	0	0	0	0
A	BL	2	79	9	1	BA1653	13687	8	7	0	0	0	0	0	0	0	0	0
A	BL	2	79	9	1	BA1653	13708	7	0	0	0	0	0	0	0	1	0	0
A	BL	2	79	9	1	BA1653	13755	7	8	2	0	1	0	0	0	0	0	0
A	BL	2	79	9	1	BA1653	13756	8	0	0	0	0	0	0	0	1	0	0
A	BL	2	79	9	1	BA1653	13759	8	0	0	0	1	0	0	0	0	0	0
A	BL	2	79	9	1	BA1653	13760	8	0	0	0	0	0	0	0	1	0	0
A	BL	2	79	9	1	BA1653	13765	8	9	0	0	0	0	0	0	0	0	0
A	BL	2	79	9	1	BA1653	13775	9	10	0	0	0	0	0	0	0	0	0
A	BL	2	79	9	1	BA1653	13850	10	2	0	0	0	0	0	0	0	0	0
A	BL	2	79	9	1	BA1653	13851	2	6	0	0	0	0	0	0	0	0	0
A	BL	2	79	9	1	BA1653	13984	6	8	2	0	1	0	0	0	0	0	0
A	BL	2	79	9	1	BA1653	13994	8	7	0	0	0	0	0	0	0	0	0
A	BL	2	79	9	1	BA1653	14007	7	0	0	0	0	0	0	0	1	0	0
A	BL	2	79	9	1	BA1653	14046	7	8	2	0	1	0	0	0	0	0	0
A	BL	2	79	9	1	BA1653	14056	8	7	0	0	0	0	0	0	0	0	0
A	BL	2	79	9	1	BA1653	14073	7	0	0	0	0	0	0	0	1	0	0
A	BL	2	79	9	1	BA1653	14097	7	8	2	0	1	0	0	0	0	0	0
A	BL	2	79	9	1	BA1653	14102	8	0	0	0	0	0	0	0	1	0	0
A	BL	2	79	9	1	BA1653	14107	8	7	0	0	0	0	0	0	0	0	0
A	BL	2	79	9	1	BA1653	14126	7	8	2	0	1	0	0	0	0	0	0
A	BL	2	79	9	1	BA1653	14136	8	7	0	0	0	0	0	0	0	0	0
A	BL	2	79	9	1	BA1653	14156	7	0	0	0	0	0	0	0	1	0	0
A	BL	2	79	9	1	BA1653	14178	7	8	2	0	1	0	0	0	0	0	0
A	BL	2	79	9	1	BA1653	14188	8	7	0	0	0	0	0	0	0	0	0
A	BL	2	79	9	1	BA1653	14219	7	0	0	0	0	0	0	0	1	0	0
A	BL	2	79	9	1	BA1653	14225	7	8	2	0	1	0	0	0	0	0	0
A	BL	2	79	9	1	BA1653	14226	8	0	0	0	0	0	0	0	1	0	0
A	BL	2	79	9	1	BA1653	14235	8	7	0	0	0	0	0	0	0	0	0
A	BL	2	79	9	1	BA1653	14247	7	8	2	0	1	0	0	0	0	0	0
A	BL	2	79	9	1	BA1653	14249	8	0	0	0	0	0	0	0	1	0	0
A	BL	2	79	9	1	BA1653	14257	8	7	0	0	0	0	0	0	0	0	0
A	BL	2	79	9	1	BA1653	14259	7	8	2	0	1	0	0	0	0	0	0
A	BL	2	79	9	1	BA1653	14269	8	7	0	0	0	0	0	0	0	0	0
A	BL	2	79	9	1	BA1653	14282	7	0	0	0	0	0	0	0	1	0	0
A	BL	2	79	9	1	BA1653	14306	7	8	2	0	1	0	0	0	0	0	0
A	BL	2	79	9	1	BA1653	14307	8	0	0	0	0	0	0	0	1	0	0
A	BL	2	79	9	1	BA1653	14316	8	7	0	0	0	0	0	0	0	0	0
A	BL	2	79	9	1	BA1653	14325	7	8	2	0	1	0	0	0	0	0	0
A	BL	2	79	9	1	BA1653	14335	8	9	0	0	0	0	0	0	0	0	0
A	BL	2	79	9	1	BA1653	14345	9	10	0	0	0	0	0	0	0	0	0
A	BL	2	79	9	1	BA1653	14352	10	0	0	0	0	0	0	0	1	0	0
A	BL	2	79	9	1	BA1653	14420	10	2	0	0	0	0	0	0	0	0	0
A	BL	2	79	9	1	BA1653	14421	2	3	0	0	0	0	0	0	0	0	0
A	BL	2	79	9	1	BA1653	14806	3	5	1	1	0	0	0	0	0	0	0
A	BL	2	79	9	1	BA1653	14816	5	4	0	0	0	0	0	0	0	0	0
A	BL	2	79	9	1	BA1653	14833	4	0	0	0	0	0	0	1	0	0	0
A	BL	2	79	9	1	BA1653	14958	4	5	1	1	0	0	0	0	0	0	0
A	BL	2	79	9	1	BA1653	14965	5	0	0	0	0	0	0	1	0	0	0
A	BL	2	79	9	1	BA1653	14968	5	4	0	0	0	0	0	0	0	0	0
A	BL	2	79	9	1	BA1653	15015	4	5	1	1	0	0	0	0	0	0	0
A	BL	2	79	9	1	BA1653	15025	5	4	0	0	0	0	0	0	0	0	0
A	BL	2	79	9	1	BA1653	15050	4	0	0	0	0	0	0	1	0	0	0
A	BL	2	79	9	1	BA1653	15116	4	5	1	1	0	0	0	0	0	0	0
A	BL	2	79	9	1	BA1653	15126	5	4	0	0	0	0	0	0	0	0	0
A	BL	2	79	9	1	BA1653	15143	4	0	0	0	0	0	0	1	0	0	0
A	BL	2	79	9	1	BA1653	15161	4	5	1	1	0	0	0	0	0	0	0
A	BL	2	79	9	1	BA1653	15167	5	0	0	0	0	0	0	1	0	0	0
A	BL	2	79	9	1	BA1653	15171	5	9	0	0	0	0	0	0	0	0	0
A	BL	2	79	9	1	BA1653	15177	9	0	0	1	0	0	0	0	0	0	0
A	BL	2	79	9	1	BA1653	15181	9	10	0	0	0	0	0	0	0	0	0
A	BL	2	79	9	1	BA1653	15182	10	0	0	0	0	0	0	1	0	0	0
A	BL	2	79	9	1	BA1653	15256	10	2	0	0	0	0	0	0	0	0	0
A	BL	2	79	9	1	BA1653	15257	2	3	0	0	0	0	0	0	0	0	0
A	BL	2	79	9	1	BA1653	15517	3	5	1	1	0	0	0	0	0	0	0
A	BL	2	79	9	1	BA1653	15527	5	4	0	0	0	0	0	0	0	0	0
A	BL	2	79	9	1	BA1653	15534	4	0	0	0	0	0	0	1	0	0	0
A	BL	2	79	9	1	BA1653	15668	4	5	1	1	0	0	0	0	0	0	0
A	BL	2	79	9	1	BA1653	15678	5	4	0	0	0	0	0	0	0	0	0
A	BL	2	79	9	1	BA1653	15699	4	0	0	0	0	0	0	1	0	0	0
A	BL	2	79	9	1	BA1653	15753	4	5	1	1	0	0	0	0	0	0	0
A	BL	2	79	9	1	BA1653	15763	5	4	0	0	0	0	0	0	0	0	0
A	BL	2	79	9	1	BA1653	15779	4	0	0	0	0	0	0	1	0	0	0
A	BL	2	79	9	1	BA1653	15795	4	5	1	1	0	0	0	0	0	0	0
A	BL	2	79	9	1	BA1653	15805	5	4	0	0	0	0	0	0	0	0	0
A	BL	2	79	9	1	BA1653	15854	4	0	0	0	0	0	0	1	0	0	0
A	BL	2	79	9	1	BA1653	15867	4	5	1	1	0	0	0	0	0	0	0
A	BL	2	79	9	1	BA1653	15877	5	9	0	0	0	0	0	0	0	0	0
A	BL	2	79	9	1	BA1653	15887	9	10	0	0	0	0	0	0	0	0	0
A	BL	2	79	9	1	BA1653	15890	10	0	0	0	0	0	0	1	0	0	0
A	BL	2	79	9	1	BA1653	15962	10	2	0	0	0	0	0	0	0	0	0
A	BL	2	79	9	1	BA1653	15963	2	6	0	0	0	0	0	0	0	0	0
A	BL	2	79	9	1	BA1653	16194	6	8	2	0	1	0	0	0	0	0	0
A	BL	2	79	9	1	BA1653	16195	8	0	0	0	0	0	0	0	1	0	0
A	BL	2	79	9	1	BA1653	16204	8	7	0	0	0	0	0	0	0	0	0
A	BL	2	79	9	1	BA1653	16225	7	8	2	0	1	0	0	0	0	0	0
A	BL	2	79	9	1	BA1653	16231	8	0	0	0	0	0	0	0	1	0	0
A	BL	2	79	9	1	BA1653	16235	8	7	0	0	0	0	0	0	0	0	0
A	BL	2	79	9	1	BA1653	16238	7	8	2	0	1	0	0	0	0	0	0
A	BL	2	79	9	1	BA1653	16248	8	7	0	0	0	0	0	0	0	0	0
A	BL	2	79	9	1	BA1653	16258	7	0	0	0	0	0	0	0	1	0	0
A	BL	2	79	9	1	BA1653	16299	7	8	2	0	1	0	0	0	0	0	0
A	BL	2	79	9	1	BA1653	16309	8	7	0	0	0	0	0	0	0	0	0
A	BL	2	79	9	1	BA1653	16318	7	0	0	0	0	0	0	0	1	0	0
A	BL	2	79	9	1	BA1653	16320	7	8	2	0	1	0	0	0	0	0	0
A	BL	2	79	9	1	BA1653	16330	8	7	0	0	0	0	0	0	0	0	0
A	BL	2	79	9	1	BA1653	16335	7	0	0	0	0	0	0	0	1	0	0
A	BL	2	79	9	1	BA1653	16349	7	8	2	0	1	0	0	0	0	0	0
A	BL	2	79	9	1	BA1653	16351	8	0	0	0	0	0	0	0	1	0	0
A	BL	2	79	9	1	BA1653	16357	8	0	0	0	1	0	0	0	0	0	0
A	BL	2	79	9	1	BA1653	16359	8	7	0	0	0	0	0	0	0	0	0
A	BL	2	79	9	1	BA1653	16377	7	0	0	0	0	0	0	0	1	0	0
A	BL	2	79	9	1	BA1653	16395	7	8	2	0	1	0	0	0	0	0	0
A	BL	2	79	9	1	BA1653	16403	8	0	0	0	0	0	0	0	1	0	0
A	BL	2	79	9	1	BA1653	16405	8	7	0	0	0	0	0	0	0	0	0
A	BL	2	79	9	1	BA1653	16415	7	8	2	0	1	0	0	0	0	0	0
A	BL	2	79	9	1	BA1653	16425	8	7	0	0	0	0	0	0	0	0	0
A	BL	2	79	9	1	BA1653	16468	7	0	0	0	0	0	0	0	1	0	0
A	BL	2	79	9	1	BA1653	16471	7	8	2	0	1	0	0	0	0	0	0
A	BL	2	79	9	1	BA1653	16474	8	0	0	0	0	0	0	0	1	0	0
A	BL	2	79	9	1	BA1653	16479	8	0	0	0	1	0	0	0	0	0	0
A	BL	2	79	9	1	BA1653	16481	8	7	0	0	0	0	0	0	0	0	0
A	BL	2	79	9	1	BA1653	16482	7	0	0	0	0	0	0	0	1	0	0
A	BL	2	79	9	1	BA1653	16483	7	8	2	0	1	0	0	0	0	0	0
A	BL	2	79	9	1	BA1653	16493	8	9	0	0	0	0	0	0	0	0	0
A	BL	2	79	9	1	BA1653	16503	9	10	0	0	0	0	0	0	0	0	0
A	BL	2	79	9	1	BA1653	16508	10	0	0	0	0	0	0	0	1	0	0
A	BL	2	79	9	1	BA1653	16578	10	2	0	0	0	0	0	0	0	0	0
A	BL	2	79	9	1	BA1653	16579	2	3	0	0	0	0	0	0	0	0	0
A	BL	2	79	9	1	BA1653	17120	3	5	1	1	0	0	0	0	0	0	0
A	BL	2	79	9	1	BA1653	17130	5	4	0	0	0	0	0	0	0	0	0
A	BL	2	79	9	1	BA1653	17216	4	0	0	0	0	0	0	1	0	0	0
A	BL	2	79	9	1	BA1653	17278	4	5	1	1	0	0	0	0	0	0	0
A	BL	2	79	9	1	BA1653	17288	5	4	0	0	0	0	0	0	0	0	0
A	BL	2	79	9	1	BA1653	17404	4	0	0	0	0	0	0	1	0	0	0
A	BL	2	79	9	1	BA1653	17456	4	5	1	1	0	0	0	0	0	0	0
A	BL	2	79	9	1	BA1653	17466	5	4	0	0	0	0	0	0	0	0	0
A	BL	2	79	9	1	BA1653	17482	4	0	0	0	0	0	0	1	0	0	0
A	BL	2	79	9	1	BA1653	17494	4	5	1	1	0	0	0	0	0	0	0
A	BL	2	79	9	1	BA1653	17504	5	4	0	0	0	0	0	0	0	0	0
A	BL	2	79	9	1	BA1653	17513	4	0	0	0	0	0	0	1	0	0	0
A	BL	2	79	9	1	BA1653	17526	4	5	1	1	0	0	0	0	0	0	0
A	BL	2	79	9	1	BA1653	17536	5	9	0	0	0	0	0	0	0	0	0
A	BL	2	79	9	1	BA1653	17546	9	10	0	0	0	0	0	0	0	0	0
A	BL	2	79	9	1	BA1653	17547	10	0	0	0	0	0	0	1	0	0	0
A	BL	2	79	9	1	BA1653	17621	10	2	0	0	0	0	0	0	0	0	0
A	BL	2	79	9	1	BA1653	17622	2	3	0	0	0	0	0	0	0	0	0
A	BL	2	79	9	1	BA1653	17956	3	0	0	0	1	0	0	0	0	0	0
A	BL	2	79	9	1	BA1653	17959	3	0	0	0	0	0	0	0	1	0	0
A	BL	2	79	9	1	BA1653	17961	3	0	0	0	1	0	0	0	0	0	0
A	BL	2	79	9	1	BA1653	17971	3	0	0	0	0	0	0	0	1	0	0
A	BL	2	79	9	1	BA1653	18027	3	0	0	0	1	0	0	0	0	0	0
A	BL	2	79	9	1	BA1653	18059	3	0	0	0	0	0	0	0	1	0	0
A	BL	2	79	9	1	BA1653	18101	3	0	0	0	1	0	0	0	0	0	0
A	BL	2	79	9	1	BA1653	18121	3	0	0	0	0	0	0	0	1	0	0
A	BL	2	79	9	1	BA1653	18363	3	5	1	1	0	0	0	0	0	0	0
A	BL	2	79	9	1	BA1653	18373	5	4	0	0	0	0	0	0	0	0	0
A	BL	2	79	9	1	BA1653	18391	4	0	0	0	0	0	0	1	0	0	0
A	BL	2	79	9	1	BA1653	18459	4	5	1	1	0	0	0	0	0	0	0
A	BL	2	79	9	1	BA1653	18469	5	4	0	0	0	0	0	0	0	0	0
A	BL	2	79	9	1	BA1653	18493	4	0	0	0	0	0	0	1	0	0	0
A	BL	2	79	9	1	BA1653	18515	4	5	1	1	0	0	0	0	0	0	0
A	BL	2	79	9	1	BA1653	18520	5	0	0	0	0	0	0	1	0	0	0
A	BL	2	79	9	1	BA1653	18525	5	4	0	0	0	0	0	0	0	0	0
A	BL	2	79	9	1	BA1653	18534	4	5	1	1	0	0	0	0	0	0	0
A	BL	2	79	9	1	BA1653	18544	5	4	0	0	0	0	0	0	0	0	0
A	BL	2	79	9	1	BA1653	18567	4	0	0	0	0	0	0	1	0	0	0
A	BL	2	79	9	1	BA1653	18640	4	5	1	1	0	0	0	0	0	0	0
A	BL	2	79	9	1	BA1653	18650	5	9	0	0	0	0	0	0	0	0	0
A	BL	2	79	9	1	BA1653	18660	9	10	0	0	0	0	0	0	0	0	0
A	BL	2	79	9	1	BA1653	18663	10	0	0	0	0	0	0	1	0	0	0
A	BL	2	79	9	1	BA1653	18735	10	2	0	0	0	0	0	0	0	0	0
A	BL	2	79	9	1	BA1653	18736	2	6	0	0	0	0	0	0	0	0	0
A	BL	2	79	9	1	BA1653	18868	6	8	2	0	1	0	0	0	0	0	0
A	BL	2	79	9	1	BA1653	18877	8	0	0	0	0	0	0	0	1	0	0
A	BL	2	79	9	1	BA1653	18878	8	7	0	0	0	0	0	0	0	0	0
A	BL	2	79	9	1	BA1653	18929	7	8	2	0	1	0	0	0	0	0	0
A	BL	2	79	9	1	BA1653	18939	8	7	0	0	0	0	0	0	0	0	0
A	BL	2	79	9	1	BA1653	18956	7	0	0	0	0	0	0	0	1	0	0
A	BL	2	79	9	1	BA1653	18978	7	8	2	0	1	0	0	0	0	0	0
A	BL	2	79	9	1	BA1653	18984	8	0	0	0	0	0	0	0	1	0	0
A	BL	2	79	9	1	BA1653	18988	8	7	0	0	0	0	0	0	0	0	0
A	BL	2	79	9	1	BA1653	19000	7	8	2	0	1	0	0	0	0	0	0
A	BL	2	79	9	1	BA1653	19010	8	7	0	0	0	0	0	0	0	0	0
A	BL	2	79	9	1	BA1653	19020	7	0	0	0	0	0	0	0	1	0	0
A	BL	2	79	9	1	BA1653	19026	7	8	2	0	1	0	0	0	0	0	0
A	BL	2	79	9	1	BA1653	19028	8	0	0	0	0	0	0	0	1	0	0
A	BL	2	79	9	1	BA1653	19032	8	0	0	0	1	0	0	0	0	0	0
A	BL	2	79	9	1	BA1653	19034	8	0	0	0	0	0	0	0	1	0	0
A	BL	2	79	9	1	BA1653	19036	8	7	0	0	0	0	0	0	0	0	0
A	BL	2	79	9	1	BA1653	19041	7	8	2	0	1	0	0	0	0	0	0
A	BL	2	79	9	1	BA1653	19051	8	7	0	0	0	0	0	0	0	0	0
A	BL	2	79	9	1	BA1653	19064	7	0	0	0	0	0	0	0	1	0	0
A	BL	2	79	9	1	BA1653	19117	7	8	2	0	1	0	0	0	0	0	0
A	BL	2	79	9	1	BA1653	19123	8	0	0	0	0	0	0	0	1	0	0
A	BL	2	79	9	1	BA1653	19127	8	7	0	0	0	0	0	0	0	0	0
A	BL	2	79	9	1	BA1653	19131	7	8	2	0	1	0	0	0	0	0	0
A	BL	2	79	9	1	BA1653	19141	8	7	0	0	0	0	0	0	0	0	0
A	BL	2	79	9	1	BA1653	19154	7	0	0	0	0	0	0	0	1	0	0
A	BL	2	79	9	1	BA1653	19155	7	8	2	0	1	0	0	0	0	0	0
A	BL	2	79	9	1	BA1653	19165	8	7	0	0	0	0	0	0	0	0	0
A	BL	2	79	9	1	BA1653	19166	7	0	0	0	0	0	0	0	1	0	0
A	BL	2	79	9	1	BA1653	19196	7	8	2	0	1	0	0	0	0	0	0
A	BL	2	79	9	1	BA1653	19206	8	9	0	0	0	0	0	0	0	0	0
A	BL	2	79	9	1	BA1653	19216	9	10	0	0	0	0	0	0	0	0	0
A	BL	2	79	9	1	BA1653	19224	10	0	0	0	0	0	0	0	1	0	0
A	BL	2	79	9	1	BA1653	19291	10	2	0	0	0	0	0	0	0	0	0
A	BL	2	79	9	1	BA1653	19292	2	6	0	0	0	0	0	0	0	0	0
A	BL	2	79	9	1	BA1653	19453	6	8	2	0	1	0	0	0	0	0	0
A	BL	2	79	9	1	BA1653	19463	8	7	0	0	0	0	0	0	0	0	0
A	BL	2	79	9	1	BA1653	19476	7	0	0	0	0	0	0	0	1	0	0
A	BL	2	79	9	1	BA1653	19516	7	8	2	0	1	0	0	0	0	0	0
A	BL	2	79	9	1	BA1653	19526	8	7	0	0	0	0	0	0	0	0	0
A	BL	2	79	9	1	BA1653	19544	7	0	0	0	0	0	0	0	1	0	0
A	BL	2	79	9	1	BA1653	19564	7	8	2	0	1	0	0	0	0	0	0
A	BL	2	79	9	1	BA1653	19569	8	0	0	0	0	0	0	0	1	0	0
A	BL	2	79	9	1	BA1653	19574	8	7	0	0	0	0	0	0	0	0	0
A	BL	2	79	9	1	BA1653	19583	7	8	2	0	1	0	0	0	0	0	0
A	BL	2	79	9	1	BA1653	19593	8	7	0	0	0	0	0	0	0	0	0
A	BL	2	79	9	1	BA1653	19639	7	0	0	0	0	0	0	0	1	0	0
A	BL	2	79	9	1	BA1653	19640	7	8	2	0	1	0	0	0	0	0	0
A	BL	2	79	9	1	BA1653	19650	8	7	0	0	0	0	0	0	0	0	0
A	BL	2	79	9	1	BA1653	19718	7	0	0	0	0	0	0	0	1	0	0
A	BL	2	79	9	1	BA1653	19725	7	8	2	0	1	0	0	0	0	0	0
A	BL	2	79	9	1	BA1653	19727	8	0	0	0	0	0	0	0	1	0	0
A	BL	2	79	9	1	BA1653	19735	8	7	0	0	0	0	0	0	0	0	0
A	BL	2	79	9	1	BA1653	19776	7	8	2	0	1	0	0	0	0	0	0
A	BL	2	79	9	1	BA1653	19786	8	7	0	0	0	0	0	0	0	0	0
A	BL	2	79	9	1	BA1653	19806	7	0	0	0	0	0	0	0	1	0	0
A	BL	2	79	9	1	BA1653	19810	7	8	2	0	1	0	0	0	0	0	0
A	BL	2	79	9	1	BA1653	19812	8	0	0	0	0	0	0	0	1	0	0
A	BL	2	79	9	1	BA1653	19815	8	0	0	0	1	0	0	0	0	0	0
A	BL	2	79	9	1	BA1653	19820	8	7	0	0	0	0	0	0	0	0	0
A	BL	2	79	9	1	BA1653	19821	7	0	0	0	0	0	0	0	1	0	0
A	BL	2	79	9	1	BA1653	19856	7	8	2	0	1	0	0	0	0	0	0
A	BL	2	79	9	1	BA1653	19866	8	7	0	0	0	0	0	0	0	0	0
A	BL	2	79	9	1	BA1653	19880	7	0	0	0	0	0	0	0	1	0	0
A	BL	2	79	9	1	BA1653	19902	7	8	2	0	1	0	0	0	0	0	0
A	BL	2	79	9	1	BA1653	19904	8	0	0	0	0	0	0	0	1	0	0
A	BL	2	79	9	1	BA1653	19910	8	0	0	0	1	0	0	0	0	0	0
A	BL	2	79	9	1	BA1653	19912	8	9	0	0	0	0	0	0	0	0	0
A	BL	2	79	9	1	BA1653	19922	9	10	0	0	0	0	0	0	0	0	0
A	BL	2	79	9	1	BA1653	19928	10	0	0	0	0	0	0	0	1	0	0
A	BL	2	79	9	1	BA1653	19997	10	2	0	0	0	0	0	0	0	0	0
A	BL	2	79	9	1	BA1653	19998	2	3	0	0	0	0	0	0	0	0	0
A	BL	2	79	9	1	BA1653	20527	3	5	1	1	0	0	0	0	0	0	0
A	BL	2	79	9	1	BA1653	20537	5	4	0	0	0	0	0	0	0	0	0
A	BL	2	79	9	1	BA1653	20555	4	0	0	0	0	0	0	1	0	0	0
A	BL	2	79	9	1	BA1653	20621	4	5	1	1	0	0	0	0	0	0	0
A	BL	2	79	9	1	BA1653	20631	5	4	0	0	0	0	0	0	0	0	0
A	BL	2	79	9	1	BA1653	20632	4	0	0	0	0	0	0	1	0	0	0
A	BL	2	79	9	1	BA1653	20795	4	5	1	1	0	0	0	0	0	0	0
A	BL	2	79	9	1	BA1653	20805	5	4	0	0	0	0	0	0	0	0	0
A	BL	2	79	9	1	BA1653	20824	4	0	0	0	0	0	0	1	0	0	0
A	BL	2	79	9	1	BA1653	20887	4	5	1	1	0	0	0	0	0	0	0
A	BL	2	79	9	1	BA1653	20897	5	4	0	0	0	0	0	0	0	0	0
A	BL	2	79	9	1	BA1653	20919	4	0	0	0	0	0	0	1	0	0	0
A	BL	2	79	9	1	BA1653	20960	4	5	1	1	0	0	0	0	0	0	0
A	BL	2	79	9	1	BA1653	20970	5	9	0	0	0	0	0	0	0	0	0
A	BL	2	79	9	1	BA1653	20980	9	10	0	0	0	0	0	1	0	0	0
A	BL	2	79	9	1	BA1653	21055	10	2	0	0	0	0	0	0	0	0	0
A	BL	2	79	9	1	BA1653	21056	2	3	0	0	0	0	0	0	0	0	0
A	BL	2	79	9	1	BA1653	21376	3	5	1	1	0	0	0	0	0	0	0
A	BL	2	79	9	1	BA1653	21386	5	4	0	0	0	0	0	0	0	0	0
A	BL	2	79	9	1	BA1653	21473	4	0	0	0	0	0	0	1	0	0	0
A	BL	2	79	9	1	BA1653	21543	4	5	1	1	0	0	0	0	0	0	0
A	BL	2	79	9	1	BA1653	21553	5	4	0	0	0	0	0	0	0	0	0
A	BL	2	79	9	1	BA1653	21570	4	0	0	0	0	0	0	1	0	0	0
A	BL	2	79	9	1	BA1653	21592	4	5	1	1	0	0	0	0	0	0	0
A	BL	2	79	9	1	BA1653	21598	5	0	0	0	0	0	0	1	0	0	0
A	BL	2	79	9	1	BA1653	21602	5	4	0	0	0	0	0	0	0	0	0
A	BL	2	79	9	1	BA1653	21615	4	5	1	1	0	0	0	0	0	0	0
A	BL	2	79	9	1	BA1653	21625	5	4	0	0	0	0	0	0	0	0	0
A	BL	2	79	9	1	BA1653	21656	4	0	0	0	0	0	0	1	0	0	0
A	BL	2	79	9	1	BA1653	21708	4	5	1	1	0	0	0	0	0	0	0
A	BL	2	79	9	1	BA1653	21718	5	9	0	0	0	0	0	0	0	0	0
A	BL	2	79	9	1	BA1653	21728	9	10	0	0	0	0	0	0	0	0	0
A	BL	2	79	9	1	BA1653	21731	10	0	0	0	0	0	0	1	0	0	0
A	BL	2	79	9	1	BA1653	21803	10	2	0	0	0	0	0	0	0	0	0
A	BL	2	79	9	1	BA1653	21804	2	3	0	0	0	0	0	0	0	0	0
A	BL	2	79	9	1	BA1653	21939	3	5	1	1	0	0	0	0	0	0	0
A	BL	2	79	9	1	BA1653	21949	5	4	0	0	0	0	0	0	0	0	0
A	BL	2	79	9	1	BA1653	22038	4	0	0	0	0	0	0	1	0	0	0
A	BL	2	79	9	1	BA1653	22083	4	5	1	1	0	0	0	0	0	0	0
A	BL	2	79	9	1	BA1653	22090	5	0	0	0	0	0	0	1	0	0	0
A	BL	2	79	9	1	BA1653	22093	5	4	0	0	0	0	0	0	0	0	0
A	BL	2	79	9	1	BA1653	22124	4	5	1	1	0	0	0	0	0	0	0
A	BL	2	79	9	1	BA1653	22134	5	4	0	0	0	0	0	0	0	0	0
A	BL	2	79	9	1	BA1653	22152	4	0	0	0	0	0	0	1	0	0	0
A	BL	2	79	9	1	BA1653	22164	4	5	1	1	0	0	0	0	0	0	0
A	BL	2	79	9	1	BA1653	22174	5	4	0	0	0	0	0	0	0	0	0
A	BL	2	79	9	1	BA1653	22203	4	0	0	0	0	0	0	1	0	0	0
A	BL	2	79	9	1	BA1653	22252	4	5	1	1	0	0	0	0	0	0	0
A	BL	2	79	9	1	BA1653	22262	5	9	0	0	0	0	0	0	0	0	0
A	BL	2	79	9	1	BA1653	22272	9	10	0	0	0	0	0	0	0	0	0
A	BL	2	79	9	1	BA1653	22347	10	2	0	0	0	0	0	0	0	0	0
A	BL	2	79	9	1	BA1653	22348	2	6	0	0	0	0	0	0	0	0	0
A	BL	2	79	9	1	BA1653	22673	6	8	2	0	1	0	0	0	0	0	0
A	BL	2	79	9	1	BA1653	22675	8	0	0	0	0	0	0	0	1	0	0
A	BL	2	79	9	1	BA1653	22683	8	7	0	0	0	0	0	0	0	0	0
A	BL	2	79	9	1	BA1653	22726	7	8	2	0	1	0	0	0	0	0	0
A	BL	2	79	9	1	BA1653	22736	8	7	0	0	0	0	0	0	0	0	0
A	BL	2	79	9	1	BA1653	22767	7	0	0	0	0	0	0	0	1	0	0
A	BL	2	79	9	1	BA1653	22799	7	8	2	0	1	0	0	0	0	0	0
A	BL	2	79	9	1	BA1653	22805	8	0	0	0	0	0	0	0	1	0	0
A	BL	2	79	9	1	BA1653	22809	8	7	0	0	0	0	0	0	0	0	0
A	BL	2	79	9	1	BA1653	22822	7	8	2	0	1	0	0	0	0	0	0
A	BL	2	79	9	1	BA1653	22832	8	7	0	0	0	0	0	0	0	0	0
A	BL	2	79	9	1	BA1653	22884	7	0	0	0	0	0	0	0	1	0	0
A	BL	2	79	9	1	BA1653	22905	7	8	2	0	1	0	0	0	0	0	0
A	BL	2	79	9	1	BA1653	22906	8	0	0	0	0	0	0	0	1	0	0
A	BL	2	79	9	1	BA1653	22914	8	0	0	0	1	0	0	0	0	0	0
A	BL	2	79	9	1	BA1653	22915	8	7	0	0	0	0	0	0	0	0	0
A	BL	2	79	9	1	BA1653	22966	7	0	0	0	0	0	0	0	1	0	0
A	BL	2	79	9	1	BA1653	22987	7	8	2	0	1	0	0	0	0	0	0
A	BL	2	79	9	1	BA1653	22991	8	0	0	0	0	0	0	0	1	0	0
A	BL	2	79	9	1	BA1653	22997	8	7	0	0	0	0	0	0	0	0	0
A	BL	2	79	9	1	BA1653	23003	7	8	2	0	1	0	0	0	0	0	0
A	BL	2	79	9	1	BA1653	23013	8	7	0	0	0	0	0	0	0	0	0
A	BL	2	79	9	1	BA1653	23026	7	0	0	0	0	0	0	0	1	0	0
A	BL	2	79	9	1	BA1653	23042	7	8	2	0	1	0	0	0	0	0	0
A	BL	2	79	9	1	BA1653	23052	8	7	0	0	0	0	0	0	0	0	0
A	BL	2	79	9	1	BA1653	23078	7	0	0	0	0	0	0	0	1	0	0
A	BL	2	79	9	1	BA1653	23101	7	8	2	0	1	0	0	0	0	0	0
A	BL	2	79	9	1	BA1653	23111	8	7	0	0	0	0	0	0	0	0	0
A	BL	2	79	9	1	BA1653	23142	7	0	0	0	0	0	0	0	1	0	0
A	BL	2	79	9	1	BA1653	23193	7	8	2	0	1	0	0	0	0	0	0
A	BL	2	79	9	1	BA1653	23203	8	9	0	0	0	0	0	0	0	0	0
A	BL	2	79	9	1	BA1653	23213	9	10	0	0	0	0	0	0	0	0	0
A	BL	2	79	9	1	BA1653	23216	10	0	0	0	0	0	0	0	1	0	0
A	BL	2	79	9	1	BA1653	23288	10	2	0	0	0	0	0	0	0	0	0
A	BL	2	79	9	1	BA1653	23289	2	3	0	0	0	0	0	0	0	0	0
A	BL	2	79	9	1	BA1653	23495	3	0	0	0	1	0	0	0	0	0	0
A	BL	2	79	9	1	BA1653	23497	3	0	0	0	0	0	0	0	1	0	0
A	BL	2	79	9	1	BA1653	23500	3	0	0	0	1	0	0	0	0	0	0
A	BL	2	79	9	1	BA1653	23504	3	0	0	0	0	0	0	0	1	0	0
A	BL	2	79	9	1	BA1653	23505	3	0	0	0	1	0	0	0	0	0	0
A	BL	2	79	9	1	BA1653	23538	3	0	0	0	0	0	0	0	1	0	0
A	BL	2	79	9	1	BA1653	23540	3	0	0	0	1	0	0	0	0	0	0
A	BL	2	79	9	1	BA1653	23549	3	0	0	0	0	0	0	0	1	0	0
A	BL	2	79	9	1	BA1653	23551	3	0	0	0	1	0	0	0	0	0	0
A	BL	2	79	9	1	BA1653	23565	3	0	0	0	0	0	0	0	1	0	0
A	BL	2	79	9	1	BA1653	23841	3	0	0	0	0	0	0	1	0	0	0
A	BL	2	79	9	1	BA1653	23873	3	5	1	1	0	0	0	0	0	0	0
A	BL	2	79	9	1	BA1653	23883	5	4	0	0	0	0	0	0	0	0	0
A	BL	2	79	9	1	BA1653	23967	4	0	0	0	0	0	0	1	0	0	0
A	BL	2	79	9	1	BA1653	24051	4	5	1	1	0	0	0	0	0	0	0
A	BL	2	79	9	1	BA1653	24061	5	4	0	0	0	0	0	0	0	0	0
A	BL	2	79	9	1	BA1653	24171	4	0	0	0	0	0	0	1	0	0	0
A	BL	2	79	9	1	BA1653	24219	4	5	1	1	0	0	0	0	0	0	0
A	BL	2	79	9	1	BA1653	24229	5	4	0	0	0	0	0	0	0	0	0
A	BL	2	79	9	1	BA1653	24258	4	0	0	0	0	0	0	1	0	0	0
A	BL	2	79	9	1	BA1653	24283	4	5	1	1	0	0	0	0	0	0	0
A	BL	2	79	9	1	BA1653	24290	5	0	0	0	0	0	0	1	0	0	0
A	BL	2	79	9	1	BA1653	24293	5	4	0	0	0	0	0	0	0	0	0
A	BL	2	79	9	1	BA1653	24306	4	5	1	1	0	0	0	0	0	0	0
A	BL	2	79	9	1	BA1653	24316	5	9	0	0	0	0	0	0	0	0	0
A	BL	2	79	9	1	BA1653	24326	9	10	0	0	0	0	0	0	0	0	0
A	BL	2	79	9	1	BA1653	24327	10	0	0	0	0	0	0	1	0	0	0
A	BL	2	79	9	1	BA1653	24401	10	2	0	0	0	0	0	0	0	0	0
A	BL	2	79	9	1	BA1653	24402	2	3	0	0	0	0	0	0	0	0	0
A	BL	2	79	9	1	BA1653	24676	3	5	1	1	0	0	0	0	0	0	0
A	BL	2	79	9	1	BA1653	24686	5	4	0	0	0	0	0	0	0	0	0
A	BL	2	79	9	1	BA1653	24809	4	0	0	0	0	0	0	1	0	0	0
A	BL	2	79	9	1	BA1653	24868	4	5	1	1	0	0	0	0	0	0	0
A	BL	2	79	9	1	BA1653	24878	5	4	0	0	0	0	0	0	0	0	0
A	BL	2	79	9	1	BA1653	24986	4	0	0	0	0	0	0	1	0	0	0
A	BL	2	79	9	1	BA1653	24999	4	5	1	1	0	0	0	0	0	0	0
A	BL	2	79	9	1	BA1653	25009	5	4	0	0	0	0	0	0	0	0	0
A	BL	2	79	9	1	BA1653	25074	4	0	0	0	0	0	0	1	0	0	0
A	BL	2	79	9	1	BA1653	25140	4	5	1	1	0	0	0	0	0	0	0
A	BL	2	79	9	1	BA1653	25150	5	4	0	0	0	0	0	0	0	0	0
A	BL	2	79	9	1	BA1653	25257	4	0	0	0	0	0	0	1	0	0	0
A	BL	2	79	9	1	BA1653	25303	4	5	1	1	0	0	0	0	0	0	0
A	BL	2	79	9	1	BA1653	25313	5	9	0	0	0	0	0	0	0	0	0
A	BL	2	79	9	1	BA1653	25323	9	10	0	0	0	0	0	0	0	0	0
A	BL	2	79	9	1	BA1653	25326	10	0	0	0	0	0	0	1	0	0	0
A	BL	2	79	9	1	BA1653	25398	10	2	0	0	0	0	0	0	0	0	0
A	BL	2	79	9	1	BA1653	25399	2	6	0	0	0	0	0	0	0	0	0
A	BL	2	79	9	1	BA1653	25585	6	8	2	0	1	0	0	0	0	0	0
A	BL	2	79	9	1	BA1653	25595	8	7	0	0	0	0	0	0	0	0	0
A	BL	2	79	9	1	BA1653	25607	7	0	0	0	0	0	0	0	1	0	0
A	BL	2	79	9	1	BA1653	25631	7	8	2	0	1	0	0	0	0	0	0
A	BL	2	79	9	1	BA1653	25641	8	7	0	0	0	0	0	0	1	0	0
A	BL	2	79	9	1	BA1653	25663	7	8	2	0	1	0	0	0	0	0	0
A	BL	2	79	9	1	BA1653	25665	8	0	0	0	0	0	0	0	1	0	0
A	BL	2	79	9	1	BA1653	25673	8	7	0	0	0	0	0	0	0	0	0
A	BL	2	79	9	1	BA1653	25681	7	8	2	0	1	0	0	0	0	0	0
A	BL	2	79	9	1	BA1653	25691	8	7	0	0	0	0	0	0	0	0	0
A	BL	2	79	9	1	BA1653	25700	7	0	0	0	0	0	0	0	1	0	0
A	BL	2	79	9	1	BA1653	25718	7	8	2	0	1	0	0	0	0	0	0
A	BL	2	79	9	1	BA1653	25728	8	7	0	0	0	0	0	0	0	0	0
A	BL	2	79	9	1	BA1653	25811	7	0	0	0	0	0	0	0	1	0	0
A	BL	2	79	9	1	BA1653	25852	7	8	2	0	1	0	0	0	0	0	0
A	BL	2	79	9	1	BA1653	25862	8	7	0	0	0	0	0	0	0	0	0
A	BL	2	79	9	1	BA1653	25883	7	0	0	0	0	0	0	0	1	0	0
A	BL	2	79	9	1	BA1653	25919	7	8	2	0	1	0	0	0	0	0	0
A	BL	2	79	9	1	BA1653	25929	8	7	0	0	0	0	0	0	0	0	0
A	BL	2	79	9	1	BA1653	25955	7	0	0	0	0	0	0	0	1	0	0
A	BL	2	79	9	1	BA1653	26088	7	8	2	0	1	0	0	0	0	0	0
A	BL	2	79	9	1	BA1653	26098	8	7	0	0	0	0	0	0	0	0	0
A	BL	2	79	9	1	BA1653	26119	7	0	0	0	0	0	0	0	1	0	0
A	BL	2	79	9	1	BA1653	26159	7	8	2	0	1	0	0	0	0	0	0
A	BL	2	79	9	1	BA1653	26169	8	7	0	0	0	0	0	0	0	0	0
A	BL	2	79	9	1	BA1653	26240	7	0	0	0	0	0	0	0	1	0	0
A	BL	2	79	9	1	BA1653	26248	7	8	2	0	1	0	0	0	0	0	0
A	BL	2	79	9	1	BA1653	26250	8	0	0	0	0	0	0	0	1	0	0
A	BL	2	79	9	1	BA1653	26258	8	9	0	0	0	0	0	0	0	0	0
A	BL	2	79	9	1	BA1653	26268	9	10	0	0	0	0	0	0	0	0	0
A	BL	2	79	9	1	BA1653	26343	10	2	0	0	0	0	0	0	0	0	0
A	BL	2	79	9	1	BA1653	26344	2	3	0	0	0	0	0	0	0	0	0
A	BL	2	79	9	1	BA1653	26599	3	5	1	1	0	0	0	0	0	0	0
A	BL	2	79	9	1	BA1653	26609	5	4	0	0	0	0	0	1	0	0	0
A	BL	2	79	9	1	BA1653	26699	4	5	1	1	0	0	0	0	0	0	0
A	BL	2	79	9	1	BA1653	26709	5	4	0	0	0	0	0	0	0	0	0
A	BL	2	79	9	1	BA1653	26744	4	0	0	0	0	0	0	1	0	0	0
A	BL	2	79	9	1	BA1653	26801	4	5	1	1	0	0	0	0	0	0	0
A	BL	2	79	9	1	BA1653	26811	5	4	0	0	0	0	0	0	0	0	0
A	BL	2	79	9	1	BA1653	26838	4	0	0	0	0	0	0	1	0	0	0
A	BL	2	79	9	1	BA1653	26891	4	5	1	1	0	0	0	0	0	0	0
A	BL	2	79	9	1	BA1653	26901	5	4	0	0	0	0	0	0	0	0	0
A	BL	2	79	9	1	BA1653	26957	4	0	0	0	0	0	0	1	0	0	0
A	BL	2	79	9	1	BA1653	26993	4	5	1	1	0	0	0	0	0	0	0
A	BL	2	79	9	1	BA1653	27003	5	9	0	0	0	0	0	0	0	0	0
A	BL	2	79	9	1	BA1653	27013	9	10	0	0	0	0	0	0	0	0	0
A	BL	2	79	9	1	BA1653	27018	10	0	0	0	0	0	0	1	0	0	0
A	BL	2	79	9	1	BA1653	27088	10	2	0	0	0	0	0	0	0	0	0
A	BL	2	79	9	1	BA1653	27089	2	3	0	0	0	0	0	0	0	0	0
A	BL	2	79	9	1	BA1653	27265	3	5	1	1	0	0	0	0	0	0	0
A	BL	2	79	9	1	BA1653	27275	5	4	0	0	0	0	0	0	0	0	0
A	BL	2	79	9	1	BA1653	27279	4	0	0	0	0	0	0	1	0	0	0
A	BL	2	79	9	1	BA1653	27380	4	5	1	1	0	0	0	0	0	0	0
A	BL	2	79	9	1	BA1653	27390	5	4	0	0	0	0	0	0	0	0	0
A	BL	2	79	9	1	BA1653	27442	4	0	0	0	0	0	0	1	0	0	0
A	BL	2	79	9	1	BA1653	27480	4	5	1	1	0	0	0	0	0	0	0
A	BL	2	79	9	1	BA1653	27490	5	4	0	0	0	0	0	0	0	0	0
A	BL	2	79	9	1	BA1653	27508	4	0	0	0	0	0	0	1	0	0	0
A	BL	2	79	9	1	BA1653	27512	4	5	1	1	0	0	0	0	0	0	0
A	BL	2	79	9	1	BA1653	27522	5	4	0	0	0	0	0	0	0	0	0
A	BL	2	79	9	1	BA1653	27572	4	0	0	0	0	0	0	1	0	0	0
A	BL	2	79	9	1	BA1653	27612	4	5	1	1	0	0	0	0	0	0	0
A	BL	2	79	9	1	BA1653	27622	5	9	0	0	0	0	0	0	0	0	0
A	BL	2	79	9	1	BA1653	27632	9	10	0	0	0	0	0	0	0	0	0
A	BL	2	79	9	1	BA1653	27634	10	0	0	0	0	0	0	1	0	0	0
A	BL	2	79	9	1	BA1653	27707	10	2	0	0	0	0	0	0	0	0	0
A	BL	2	79	9	1	BA1653	27708	2	3	0	0	0	0	0	0	0	0	0
A	BL	2	79	9	1	BA1653	27833	3	5	1	1	0	0	0	0	0	0	0
A	BL	2	79	9	1	BA1653	27843	5	4	0	0	0	0	0	0	0	0	0
A	BL	2	79	9	1	BA1653	27874	4	0	0	0	0	0	0	1	0	0	0
A	BL	2	79	9	1	BA1653	27948	4	5	1	1	0	0	0	0	0	0	0
A	BL	2	79	9	1	BA1653	27958	5	4	0	0	0	0	0	0	0	0	0
A	BL	2	79	9	1	BA1653	27974	4	0	0	0	0	0	0	1	0	0	0
A	BL	2	79	9	1	BA1653	28016	4	5	1	1	0	0	0	0	0	0	0
A	BL	2	79	9	1	BA1653	28026	5	4	0	0	0	0	0	0	0	0	0
A	BL	2	79	9	1	BA1653	28079	4	0	0	0	0	0	0	1	0	0	0
A	BL	2	79	9	1	BA1653	28082	4	5	1	1	0	0	0	0	0	0	0
A	BL	2	79	9	1	BA1653	28090	5	0	0	0	0	0	0	1	0	0	0
A	BL	2	79	9	1	BA1653	28092	5	4	0	0	0	0	0	0	0	0	0
A	BL	2	79	9	1	BA1653	28137	4	5	1	1	0	0	0	0	0	0	0
A	BL	2	79	9	1	BA1653	28147	5	9	0	0	0	0	0	0	0	0	0
A	BL	2	79	9	1	BA1653	28157	9	10	0	0	0	0	0	1	0	0	0
A	BL	2	79	9	1	BA1653	28232	10	2	0	0	0	0	0	0	0	0	0
A	BL	2	79	9	1	BA1653	28233	2	6	0	0	0	0	0	0	0	0	0
A	BL	2	79	9	1	BA1653	28433	6	8	2	0	1	0	0	0	0	0	0
A	BL	2	79	9	1	BA1653	28435	8	0	0	0	0	0	0	0	1	0	0
A	BL	2	79	9	1	BA1653	28440	8	0	0	0	1	0	0	0	0	0	0
A	BL	2	79	9	1	BA1653	28443	8	7	0	0	0	0	0	0	1	0	0
A	BL	2	79	9	1	BA1653	28447	7	8	2	0	1	0	0	0	0	0	0
A	BL	2	79	9	1	BA1653	28457	8	7	0	0	0	0	0	0	0	0	0
A	BL	2	79	9	1	BA1653	28459	7	0	0	0	0	0	0	0	1	0	0
A	BL	2	79	9	1	BA1653	28524	7	8	2	0	1	0	0	0	0	0	0
A	BL	2	79	9	1	BA1653	28534	8	7	0	0	0	0	0	0	0	0	0
A	BL	2	79	9	1	BA1653	28580	7	0	0	0	0	0	0	0	1	0	0
A	BL	2	79	9	1	BA1653	28588	7	8	2	0	1	0	0	0	0	0	0
A	BL	2	79	9	1	BA1653	28598	8	7	0	0	0	0	0	0	0	0	0
A	BL	2	79	9	1	BA1653	28626	7	0	0	0	0	0	0	0	1	0	0
A	BL	2	79	9	1	BA1653	28656	7	8	2	0	1	0	0	0	0	0	0
A	BL	2	79	9	1	BA1653	28666	8	7	0	0	0	0	0	0	0	0	0
A	BL	2	79	9	1	BA1653	28683	7	0	0	0	0	0	0	0	1	0	0
A	BL	2	79	9	1	BA1653	28685	7	8	2	0	1	0	0	0	0	0	0
A	BL	2	79	9	1	BA1653	28695	8	7	0	0	0	0	0	0	0	0	0
A	BL	2	79	9	1	BA1653	28707	7	0	0	0	0	0	0	0	1	0	0
A	BL	2	79	9	1	BA1653	28737	7	8	2	0	1	0	0	0	0	0	0
A	BL	2	79	9	1	BA1653	28747	8	7	0	0	0	0	0	0	0	0	0
A	BL	2	79	9	1	BA1653	28758	7	0	0	0	0	0	0	0	1	0	0
A	BL	2	79	9	1	BA1653	28811	7	8	2	0	1	0	0	0	0	0	0
A	BL	2	79	9	1	BA1653	28821	8	7	0	0	0	0	0	0	0	0	0
A	BL	2	79	9	1	BA1653	28848	7	0	0	0	0	0	0	0	1	0	0
A	BL	2	79	9	1	BA1653	28866	7	8	2	0	1	0	0	0	0	0	0
A	BL	2	79	9	1	BA1653	28871	8	0	0	0	0	0	0	0	1	0	0
A	BL	2	79	9	1	BA1653	28876	8	7	0	0	0	0	0	0	0	0	0
A	BL	2	79	9	1	BA1653	28889	7	8	2	0	1	0	0	0	0	0	0
A	BL	2	79	9	1	BA1653	28899	8	9	0	0	0	0	0	0	0	0	0
A	BL	2	79	9	1	BA1653	28909	9	10	0	0	0	0	0	0	0	0	0
A	BL	2	79	9	1	BA1653	28914	10	0	0	0	0	0	0	0	1	0	0
A	BL	2	79	9	1	BA1653	28984	10	2	0	0	0	0	0	0	0	0	0
A	BL	2	79	9	1	BA1653	28985	2	3	0	0	0	0	0	0	0	0	0
A	BL	2	79	9	1	BA1653	29560	3	5	1	1	0	0	0	0	0	0	0
A	BL	2	79	9	1	BA1653	29570	5	4	0	0	0	0	0	0	0	0	0
A	BL	2	79	9	1	BA1653	29577	4	0	0	0	0	0	0	1	0	0	0
A	BL	2	79	9	1	BA1653	29633	4	5	1	1	0	0	0	0	0	0	0
A	BL	2	79	9	1	BA1653	29643	5	4	0	0	0	0	0	0	0	0	0
A	BL	2	79	9	1	BA1653	29660	4	0	0	0	0	0	0	1	0	0	0
A	BL	2	79	9	1	BA1653	29699	4	5	1	1	0	0	0	0	0	0	0
A	BL	2	79	9	1	BA1653	29709	5	4	0	0	0	0	0	0	0	0	0
A	BL	2	79	9	1	BA1653	29718	4	0	0	0	0	0	0	1	0	0	0
A	BL	2	79	9	1	BA1653	29741	4	5	1	1	0	0	0	0	0	0	0
A	BL	2	79	9	1	BA1653	29747	5	0	0	0	0	0	0	1	0	0	0
A	BL	2	79	9	1	BA1653	29751	5	4	0	0	0	0	0	0	0	0	0
A	BL	2	79	9	1	BA1653	29762	4	5	1	1	0	0	0	0	0	0	0
A	BL	2	79	9	1	BA1653	29772	5	9	0	0	0	0	0	0	0	0	0
A	BL	2	79	9	1	BA1653	29782	9	10	0	0	0	0	0	0	0	0	0
A	BL	2	79	9	1	BA1653	29785	10	0	0	0	0	0	0	1	0	0	0
A	BL	2	79	9	1	BA1653	29857	10	2	0	0	0	0	0	0	0	0	0
A	BL	2	79	9	1	BA1653	29858	2	3	0	0	0	0	0	0	0	0	0
A	BL	2	79	9	1	BA1653	29988	3	5	1	1	0	0	0	0	0	0	0
A	BL	2	79	9	1	BA1653	29998	5	4	0	0	0	0	0	0	0	0	0
A	BL	2	79	9	1	BA1653	30033	4	0	0	0	0	0	0	1	0	0	0
A	BL	2	79	9	1	BA1653	30089	4	5	1	1	0	0	0	0	0	0	0
A	BL	2	79	9	1	BA1653	30099	5	4	0	0	0	0	0	0	0	0	0
A	BL	2	79	9	1	BA1653	30120	4	0	0	0	0	0	0	1	0	0	0
A	BL	2	79	9	1	BA1653	30236	4	5	1	1	0	0	0	0	0	0	0
A	BL	2	79	9	1	BA1653	30246	5	4	0	0	0	0	0	0	0	0	0
A	BL	2	79	9	1	BA1653	30272	4	0	0	0	0	0	0	1	0	0	0
A	BL	2	79	9	1	BA1653	30342	4	5	1	1	0	0	0	0	0	0	0
A	BL	2	79	9	1	BA1653	30352	5	4	0	0	0	0	0	0	0	0	0
A	BL	2	79	9	1	BA1653	30414	4	0	0	0	0	0	0	1	0	0	0
A	BL	2	79	9	1	BA1653	30446	4	5	1	1	0	0	0	0	0	0	0
A	BL	2	79	9	1	BA1653	30456	5	9	0	0	0	0	0	0	0	0	0
A	BL	2	79	9	1	BA1653	30466	9	10	0	0	0	0	0	0	0	0	0
A	BL	2	79	9	1	BA1653	30470	10	0	0	0	0	0	0	1	0	0	0
A	BL	2	79	9	1	BA1653	30541	10	2	0	0	0	0	0	0	0	0	0
A	BL	2	79	9	1	BA1653	30542	2	6	0	0	0	0	0	0	0	0	0
A	BL	2	79	9	1	BA1653	30860	6	8	2	0	1	0	0	0	0	0	0
A	BL	2	79	9	1	BA1653	30870	8	7	0	0	0	0	0	0	0	0	0
A	BL	2	79	9	1	BA1653	30890	7	0	0	0	0	0	0	0	1	0	0
A	BL	2	79	9	1	BA1653	30922	7	8	2	0	1	0	0	0	0	0	0
A	BL	2	79	9	1	BA1653	30923	8	0	0	0	0	0	0	0	1	0	0
A	BL	2	79	9	1	BA1653	30932	8	7	0	0	0	0	0	0	0	0	0
A	BL	2	79	9	1	BA1653	30940	7	8	2	0	1	0	0	0	0	0	0
A	BL	2	79	9	1	BA1653	30950	8	7	0	0	0	0	0	0	0	0	0
A	BL	2	79	9	1	BA1653	30968	7	0	0	0	0	0	0	0	1	0	0
A	BL	2	79	9	1	BA1653	31013	7	8	2	0	1	0	0	0	0	0	0
A	BL	2	79	9	1	BA1653	31023	8	7	0	0	0	0	0	0	0	0	0
A	BL	2	79	9	1	BA1653	31051	7	0	0	0	0	0	0	0	1	0	0
A	BL	2	79	9	1	BA1653	31052	7	8	2	0	1	0	0	0	0	0	0
A	BL	2	79	9	1	BA1653	31062	8	7	0	0	0	0	0	0	0	0	0
A	BL	2	79	9	1	BA1653	31097	7	0	0	0	0	0	0	0	1	0	0
A	BL	2	79	9	1	BA1653	31157	7	8	2	0	1	0	0	0	0	0	0
A	BL	2	79	9	1	BA1653	31160	8	0	0	0	0	0	0	0	1	0	0
A	BL	2	79	9	1	BA1653	31167	8	7	0	0	0	0	0	0	0	0	0
A	BL	2	79	9	1	BA1653	31206	7	8	2	0	1	0	0	0	0	0	0
A	BL	2	79	9	1	BA1653	31216	8	7	0	0	0	0	0	0	0	0	0
A	BL	2	79	9	1	BA1653	31263	7	0	0	0	0	0	0	0	1	0	0
A	BL	2	79	9	1	BA1653	31307	7	8	2	0	1	0	0	0	0	0	0
A	BL	2	79	9	1	BA1653	31317	8	7	0	0	0	0	0	0	0	0	0
A	BL	2	79	9	1	BA1653	31340	7	0	0	0	0	0	0	0	1	0	0
A	BL	2	79	9	1	BA1653	31407	7	8	2	0	1	0	0	0	0	0	0
A	BL	2	79	9	1	BA1653	31417	8	7	0	0	0	0	0	0	0	0	0
A	BL	2	79	9	1	BA1653	31455	7	0	0	0	0	0	0	0	1	0	0
A	BL	2	79	9	1	BA1653	31459	7	8	2	0	1	0	0	0	0	0	0
A	BL	2	79	9	1	BA1653	31463	8	0	0	0	0	0	0	0	1	0	0
A	BL	2	79	9	1	BA1653	31469	8	9	0	0	0	0	0	0	0	0	0
A	BL	2	79	9	1	BA1653	31471	9	0	0	0	1	0	0	0	0	0	0
A	BL	2	79	9	1	BA1653	31479	9	10	0	0	0	0	0	0	0	0	0
A	BL	2	79	9	1	BA1653	31480	10	0	0	0	0	0	0	0	1	0	0
A	BL	2	79	9	1	BA1653	31554	10	2	0	0	0	0	0	0	0	0	0
A	BL	2	79	9	1	BA1653	31555	2	6	0	0	0	0	0	0	0	0	0
A	BL	2	79	9	1	BA1653	31763	6	8	2	0	1	0	0	0	0	0	0
A	BL	2	79	9	1	BA1653	31773	8	7	0	0	0	0	0	0	0	0	0
A	BL	2	79	9	1	BA1653	31791	7	0	0	0	0	0	0	0	1	0	0
A	BL	2	79	9	1	BA1653	31797	7	8	2	0	1	0	0	0	0	0	0
A	BL	2	79	9	1	BA1653	31800	8	0	0	0	0	0	0	0	1	0	0
A	BL	2	79	9	1	BA1653	31803	8	0	0	0	1	0	0	0	0	0	0
A	BL	2	79	9	1	BA1653	31807	8	7	0	0	0	0	0	0	0	0	0
A	BL	2	79	9	1	BA1653	31815	7	0	0	0	0	0	0	0	1	0	0
A	BL	2	79	9	1	BA1653	31930	7	8	2	0	1	0	0	0	0	0	0
A	BL	2	79	9	1	BA1653	31940	8	7	0	0	0	0	0	0	1	0	0
A	BL	2	79	9	1	BA1653	31959	7	8	2	0	1	0	0	0	0	0	0
A	BL	2	79	9	1	BA1653	31967	8	0	0	0	0	0	0	0	1	0	0
A	BL	2	79	9	1	BA1653	31969	8	7	0	0	0	0	0	0	0	0	0
A	BL	2	79	9	1	BA1653	32001	7	8	2	0	1	0	0	0	0	0	0
A	BL	2	79	9	1	BA1653	32011	8	7	0	0	0	0	0	0	0	0	0
A	BL	2	79	9	1	BA1653	32018	7	0	0	0	0	0	0	0	1	0	0
A	BL	2	79	9	1	BA1653	32021	7	8	2	0	1	0	0	0	0	0	0
A	BL	2	79	9	1	BA1653	32031	8	7	0	0	0	0	0	0	0	0	0
A	BL	2	79	9	1	BA1653	32066	7	0	0	0	0	0	0	0	1	0	0
A	BL	2	79	9	1	BA1653	32069	7	8	2	0	1	0	0	0	0	0	0
A	BL	2	79	9	1	BA1653	32079	8	7	0	0	0	0	0	0	0	0	0
A	BL	2	79	9	1	BA1653	32096	7	0	0	0	0	0	0	0	1	0	0
A	BL	2	79	9	1	BA1653	32111	7	8	2	0	1	0	0	0	0	0	0
A	BL	2	79	9	1	BA1653	32117	8	0	0	0	0	0	0	0	1	0	0
A	BL	2	79	9	1	BA1653	32120	8	0	0	0	1	0	0	0	0	0	0
A	BL	2	79	9	1	BA1653	32121	8	7	0	0	0	0	0	0	0	0	0
A	BL	2	79	9	1	BA1653	32127	7	0	0	0	0	0	0	0	1	0	0
A	BL	2	79	9	1	BA1653	32160	7	8	2	0	1	0	0	0	0	0	0
A	BL	2	79	9	1	BA1653	32170	8	7	0	0	0	0	0	0	0	0	0
A	BL	2	79	9	1	BA1653	32224	7	0	0	0	0	0	0	0	1	0	0
A	BL	2	79	9	1	BA1653	32229	7	8	2	0	1	0	0	0	0	0	0
A	BL	2	79	9	1	BA1653	32239	8	9	0	0	0	0	0	0	0	0	0
A	BL	2	79	9	1	BA1653	32249	9	-1	0	0	0	0	0	0	0	0	0
