Project	UserID	Protocol	Session	Station	Run	Subject	Time	Current State	Transition State	Transition Event	A1 - LEFT	A2 - RIGHT	A3 - 	A4 - 	A[1] LEFT	A[2] RIGHT	A[3] 	A[4] 
A	EF	3	86	1	1	BA1650	0	0	1	0	0	0	0	0	0	0	0	0
A	EF	3	86	1	1	BA1650	50	1	2	0	0	0	0	0	0	0	0	0
A	EF	3	86	1	1	BA1650	51	2	3	0	0	0	0	0	0	0	0	0
A	EF	3	86	1	1	BA1650	340	3	5	1	1	0	0	0	0	0	0	0
A	EF	3	86	1	1	BA1650	350	5	4	0	0	0	0	0	0	0	0	0
A	EF	3	86	1	1	BA1650	359	4	0	0	0	0	0	0	1	0	0	0
A	EF	3	86	1	1	BA1650	935	4	5	1	1	0	0	0	0	0	0	0
A	EF	3	86	1	1	BA1650	937	5	0	0	0	0	0	0	1	0	0	0
A	EF	3	86	1	1	BA1650	940	5	0	0	1	0	0	0	0	0	0	0
A	EF	3	86	1	1	BA1650	945	5	4	0	0	0	0	0	0	0	0	0
A	EF	3	86	1	1	BA1650	950	4	0	0	0	0	0	0	1	0	0	0
A	EF	3	86	1	1	BA1650	953	4	5	1	1	0	0	0	0	0	0	0
A	EF	3	86	1	1	BA1650	963	5	4	0	0	0	0	0	0	0	0	0
A	EF	3	86	1	1	BA1650	973	4	0	0	0	0	0	0	1	0	0	0
A	EF	3	86	1	1	BA1650	974	4	5	1	1	0	0	0	0	0	0	0
A	EF	3	86	1	1	BA1650	984	5	4	0	0	0	0	0	0	0	0	0
A	EF	3	86	1	1	BA1650	996	4	0	0	0	0	0	0	1	0	0	0
A	EF	3	86	1	1	BA1650	1006	4	5	1	1	0	0	0	0	0	0	0
A	EF	3	86	1	1	BA1650	1016	5	9	0	0	0	0	0	0	0	0	0
A	EF	3	86	1	1	BA1650	1019	9	0	0	0	0	0	0	1	0	0	0
A	EF	3	86	1	1	BA1650	1024	9	0	0	1	0	0	0	0	0	0	0
A	EF	3	86	1	1	BA1650	1026	9	10	0	0	0	0	0	0	0	0	0
A	EF	3	86	1	1	BA1650	1031	10	0	0	0	0	0	0	1	0	0	0
A	EF	3	86	1	1	BA1650	1101	10	2	0	0	0	0	0	0	0	0	0
A	EF	3	86	1	1	BA1650	1102	2	6	0	0	0	0	0	0	0	0	0
A	EF	3	86	1	1	BA1650	1328	6	8	2	0	1	0	0	0	0	0	0
A	EF	3	86	1	1	BA1650	1338	8	7	0	0	0	0	0	0	0	0	0
A	EF	3	86	1	1	BA1650	1355	7	0	0	0	0	0	0	0	1	0	0
A	EF	3	86	1	1	BA1650	1390	7	8	2	0	1	0	0	0	0	0	0
A	EF	3	86	1	1	BA1650	1400	8	7	0	0	0	0	0	0	0	0	0
A	EF	3	86	1	1	BA1650	1417	7	0	0	0	0	0	0	0	1	0	0
A	EF	3	86	1	1	BA1650	1464	7	8	2	0	1	0	0	0	0	0	0
A	EF	3	86	1	1	BA1650	1474	8	7	0	0	0	0	0	0	0	0	0
A	EF	3	86	1	1	BA1650	1485	7	0	0	0	0	0	0	0	1	0	0
A	EF	3	86	1	1	BA1650	1489	7	8	2	0	1	0	0	0	0	0	0
A	EF	3	86	1	1	BA1650	1499	8	7	0	0	0	0	0	0	0	0	0
A	EF	3	86	1	1	BA1650	1506	7	0	0	0	0	0	0	0	1	0	0
A	EF	3	86	1	1	BA1650	1526	7	8	2	0	1	0	0	0	0	0	0
A	EF	3	86	1	1	BA1650	1532	8	0	0	0	0	0	0	0	1	0	0
A	EF	3	86	1	1	BA1650	1536	8	7	0	0	1	0	0	0	0	0	0
A	EF	3	86	1	1	BA1650	1552	7	0	0	0	0	0	0	0	1	0	0
A	EF	3	86	1	1	BA1650	1610	7	8	2	0	1	0	0	0	0	0	0
A	EF	3	86	1	1	BA1650	1620	8	7	0	0	0	0	0	0	0	0	0
A	EF	3	86	1	1	BA1650	1648	7	0	0	0	0	0	0	0	1	0	0
A	EF	3	86	1	1	BA1650	1651	7	8	2	0	1	0	0	0	0	0	0
A	EF	3	86	1	1	BA1650	1661	8	7	0	0	0	0	0	0	0	0	0
A	EF	3	86	1	1	BA1650	1664	7	0	0	0	0	0	0	0	1	0	0
A	EF	3	86	1	1	BA1650	1699	7	8	2	0	1	0	0	0	0	0	0
A	EF	3	86	1	1	BA1650	1709	8	7	0	0	0	0	0	0	0	0	0
A	EF	3	86	1	1	BA1650	1720	7	0	0	0	0	0	0	0	1	0	0
A	EF	3	86	1	1	BA1650	1770	7	8	2	0	1	0	0	0	0	0	0
A	EF	3	86	1	1	BA1650	1779	8	0	0	0	0	0	0	0	1	0	0
A	EF	3	86	1	1	BA1650	1780	8	7	0	0	0	0	0	0	0	0	0
A	EF	3	86	1	1	BA1650	1783	7	8	2	0	1	0	0	0	0	0	0
A	EF	3	86	1	1	BA1650	1793	8	7	0	0	0	0	0	0	0	0	0
A	EF	3	86	1	1	BA1650	1794	7	0	0	0	0	0	0	0	1	0	0
A	EF	3	86	1	1	BA1650	1798	7	8	2	0	1	0	0	0	0	0	0
A	EF	3	86	1	1	BA1650	1808	8	7	0	0	0	0	0	0	0	0	0
A	EF	3	86	1	1	BA1650	1809	7	0	0	0	0	0	0	0	1	0	0
A	EF	3	86	1	1	BA1650	1874	7	0	0	1	0	0	0	0	0	0	0
A	EF	3	86	1	1	BA1650	1902	7	0	0	0	0	0	0	1	0	0	0
A	EF	3	86	1	1	BA1650	1905	7	0	0	1	0	0	0	0	0	0	0
A	EF	3	86	1	1	BA1650	1908	7	0	0	0	0	0	0	1	0	0	0
A	EF	3	86	1	1	BA1650	1961	7	0	0	1	0	0	0	0	0	0	0
A	EF	3	86	1	1	BA1650	1963	7	0	0	0	0	0	0	1	0	0	0
A	EF	3	86	1	1	BA1650	2043	7	8	2	0	1	0	0	0	0	0	0
A	EF	3	86	1	1	BA1650	2053	8	7	0	0	0	0	0	0	0	0	0
A	EF	3	86	1	1	BA1650	2070	7	0	0	0	0	0	0	0	1	0	0
A	EF	3	86	1	1	BA1650	2075	7	8	2	0	1	0	0	0	0	0	0
A	EF	3	86	1	1	BA1650	2080	8	0	0	0	0	0	0	0	1	0	0
A	EF	3	86	1	1	BA1650	2082	8	0	0	0	1	0	0	0	0	0	0
A	EF	3	86	1	1	BA1650	2085	8	7	0	0	0	0	0	0	0	0	0
A	EF	3	86	1	1	BA1650	2088	7	0	0	0	0	0	0	0	1	0	0
A	EF	3	86	1	1	BA1650	2130	7	8	2	0	1	0	0	0	0	0	0
A	EF	3	86	1	1	BA1650	2140	8	7	0	0	0	0	0	0	0	0	0
A	EF	3	86	1	1	BA1650	2155	7	0	0	0	0	0	0	0	1	0	0
A	EF	3	86	1	1	BA1650	2159	7	8	2	0	1	0	0	0	0	0	0
A	EF	3	86	1	1	BA1650	2169	8	7	0	0	0	0	0	0	0	0	0
A	EF	3	86	1	1	BA1650	2182	7	0	0	0	0	0	0	0	1	0	0
A	EF	3	86	1	1	BA1650	2316	7	8	2	0	1	0	0	0	0	0	0
A	EF	3	86	1	1	BA1650	2323	8	0	0	0	0	0	0	0	1	0	0
A	EF	3	86	1	1	BA1650	2326	8	7	0	0	0	0	0	0	0	0	0
A	EF	3	86	1	1	BA1650	2358	7	8	2	0	1	0	0	0	0	0	0
A	EF	3	86	1	1	BA1650	2359	8	0	0	0	0	0	0	0	1	0	0
A	EF	3	86	1	1	BA1650	2362	8	0	0	0	1	0	0	0	0	0	0
A	EF	3	86	1	1	BA1650	2368	8	7	0	0	0	0	0	0	0	0	0
A	EF	3	86	1	1	BA1650	2375	7	0	0	0	0	0	0	0	1	0	0
A	EF	3	86	1	1	BA1650	2380	7	8	2	0	1	0	0	0	0	0	0
A	EF	3	86	1	1	BA1650	2388	8	0	0	0	0	0	0	0	1	0	0
A	EF	3	86	1	1	BA1650	2390	8	7	0	0	0	0	0	0	0	0	0
A	EF	3	86	1	1	BA1650	2395	7	8	2	0	1	0	0	0	0	0	0
A	EF	3	86	1	1	BA1650	2399	8	0	0	0	0	0	0	0	1	0	0
A	EF	3	86	1	1	BA1650	2405	8	7	0	0	0	0	0	0	0	0	0
A	EF	3	86	1	1	BA1650	2412	7	8	2	0	1	0	0	0	0	0	0
A	EF	3	86	1	1	BA1650	2422	8	9	0	0	0	0	0	0	0	0	0
A	EF	3	86	1	1	BA1650	2430	9	0	0	0	0	0	0	0	1	0	0
A	EF	3	86	1	1	BA1650	2432	9	10	0	0	0	0	0	0	0	0	0
A	EF	3	86	1	1	BA1650	2507	10	2	0	0	0	0	0	0	0	0	0
A	EF	3	86	1	1	BA1650	2508	2	6	0	0	0	0	0	0	0	0	0
A	EF	3	86	1	1	BA1650	2694	6	8	2	0	1	0	0	0	0	0	0
A	EF	3	86	1	1	BA1650	2704	8	7	0	0	0	0	0	0	0	0	0
A	EF	3	86	1	1	BA1650	2719	7	0	0	0	0	0	0	0	1	0	0
A	EF	3	86	1	1	BA1650	2725	7	8	2	0	1	0	0	0	0	0	0
A	EF	3	86	1	1	BA1650	2733	8	0	0	0	0	0	0	0	1	0	0
A	EF	3	86	1	1	BA1650	2735	8	7	0	0	0	0	0	0	0	0	0
A	EF	3	86	1	1	BA1650	2756	7	8	2	0	1	0	0	0	0	0	0
A	EF	3	86	1	1	BA1650	2764	8	0	0	0	0	0	0	0	1	0	0
A	EF	3	86	1	1	BA1650	2766	8	7	0	0	0	0	0	0	0	0	0
A	EF	3	86	1	1	BA1650	2767	7	8	2	0	1	0	0	0	0	0	0
A	EF	3	86	1	1	BA1650	2774	8	0	0	0	0	0	0	0	1	0	0
A	EF	3	86	1	1	BA1650	2777	8	7	0	0	0	0	0	0	0	0	0
A	EF	3	86	1	1	BA1650	2795	7	8	2	0	1	0	0	0	0	0	0
A	EF	3	86	1	1	BA1650	2798	8	0	0	0	0	0	0	0	1	0	0
A	EF	3	86	1	1	BA1650	2804	8	0	0	0	1	0	0	0	0	0	0
A	EF	3	86	1	1	BA1650	2805	8	7	0	0	0	0	0	0	0	0	0
A	EF	3	86	1	1	BA1650	2812	7	0	0	0	0	0	0	0	1	0	0
A	EF	3	86	1	1	BA1650	2834	7	8	2	0	1	0	0	0	0	0	0
A	EF	3	86	1	1	BA1650	2838	8	0	0	0	0	0	0	0	1	0	0
A	EF	3	86	1	1	BA1650	2842	8	0	0	0	1	0	0	0	0	0	0
A	EF	3	86	1	1	BA1650	2844	8	7	0	0	0	0	0	0	0	0	0
A	EF	3	86	1	1	BA1650	2849	7	0	0	0	0	0	0	0	1	0	0
A	EF	3	86	1	1	BA1650	2852	7	8	2	0	1	0	0	0	0	0	0
A	EF	3	86	1	1	BA1650	2862	8	7	0	0	0	0	0	0	0	0	0
A	EF	3	86	1	1	BA1650	2879	7	0	0	0	0	0	0	0	1	0	0
A	EF	3	86	1	1	BA1650	2890	7	8	2	0	1	0	0	0	0	0	0
A	EF	3	86	1	1	BA1650	2900	8	7	0	0	0	0	0	0	0	0	0
A	EF	3	86	1	1	BA1650	2901	7	0	0	0	0	0	0	0	1	0	0
A	EF	3	86	1	1	BA1650	2906	7	8	2	0	1	0	0	0	0	0	0
A	EF	3	86	1	1	BA1650	2916	8	7	0	0	0	0	0	0	0	0	0
A	EF	3	86	1	1	BA1650	2944	7	0	0	0	0	0	0	0	1	0	0
A	EF	3	86	1	1	BA1650	2993	7	8	2	0	1	0	0	0	0	0	0
A	EF	3	86	1	1	BA1650	3003	8	7	0	0	0	0	0	0	0	0	0
A	EF	3	86	1	1	BA1650	3033	7	0	0	0	0	0	0	0	1	0	0
A	EF	3	86	1	1	BA1650	3036	7	8	2	0	1	0	0	0	0	0	0
A	EF	3	86	1	1	BA1650	3046	8	7	0	0	0	0	0	0	0	0	0
A	EF	3	86	1	1	BA1650	3051	7	0	0	0	0	0	0	0	1	0	0
A	EF	3	86	1	1	BA1650	3083	7	8	2	0	1	0	0	0	0	0	0
A	EF	3	86	1	1	BA1650	3086	8	0	0	0	0	0	0	0	1	0	0
A	EF	3	86	1	1	BA1650	3090	8	0	0	0	1	0	0	0	0	0	0
A	EF	3	86	1	1	BA1650	3093	8	7	0	0	0	0	0	0	0	0	0
A	EF	3	86	1	1	BA1650	3096	7	0	0	0	0	0	0	0	1	0	0
A	EF	3	86	1	1	BA1650	3101	7	8	2	0	1	0	0	0	0	0	0
A	EF	3	86	1	1	BA1650	3103	8	0	0	0	0	0	0	0	1	0	0
A	EF	3	86	1	1	BA1650	3111	8	7	0	0	0	0	0	0	0	0	0
A	EF	3	86	1	1	BA1650	3127	7	8	2	0	1	0	0	0	0	0	0
A	EF	3	86	1	1	BA1650	3132	8	0	0	0	0	0	0	0	1	0	0
A	EF	3	86	1	1	BA1650	3135	8	0	0	0	1	0	0	0	0	0	0
A	EF	3	86	1	1	BA1650	3137	8	7	0	0	0	0	0	0	0	0	0
A	EF	3	86	1	1	BA1650	3143	7	0	0	0	0	0	0	0	1	0	0
A	EF	3	86	1	1	BA1650	3149	7	8	2	0	1	0	0	0	0	0	0
A	EF	3	86	1	1	BA1650	3159	8	7	0	0	0	0	0	0	0	0	0
A	EF	3	86	1	1	BA1650	3196	7	0	0	0	0	0	0	0	1	0	0
A	EF	3	86	1	1	BA1650	3233	7	8	2	0	1	0	0	0	0	0	0
A	EF	3	86	1	1	BA1650	3243	8	7	0	0	0	0	0	0	0	0	0
A	EF	3	86	1	1	BA1650	3259	7	0	0	0	0	0	0	0	1	0	0
A	EF	3	86	1	1	BA1650	3277	7	8	2	0	1	0	0	0	0	0	0
A	EF	3	86	1	1	BA1650	3280	8	0	0	0	0	0	0	0	1	0	0
A	EF	3	86	1	1	BA1650	3284	8	0	0	0	1	0	0	0	0	0	0
A	EF	3	86	1	1	BA1650	3287	8	7	0	0	0	0	0	0	0	0	0
A	EF	3	86	1	1	BA1650	3301	7	0	0	0	0	0	0	0	1	0	0
A	EF	3	86	1	1	BA1650	3318	7	8	2	0	1	0	0	0	0	0	0
A	EF	3	86	1	1	BA1650	3326	8	0	0	0	0	0	0	0	1	0	0
A	EF	3	86	1	1	BA1650	3328	8	7	0	0	0	0	0	0	0	0	0
A	EF	3	86	1	1	BA1650	3334	7	8	2	0	1	0	0	0	0	0	0
A	EF	3	86	1	1	BA1650	3337	8	0	0	0	0	0	0	0	1	0	0
A	EF	3	86	1	1	BA1650	3344	8	7	0	0	0	0	0	0	0	0	0
A	EF	3	86	1	1	BA1650	3349	7	8	2	0	1	0	0	0	0	0	0
A	EF	3	86	1	1	BA1650	3355	8	0	0	0	0	0	0	0	1	0	0
A	EF	3	86	1	1	BA1650	3359	8	9	0	0	0	0	0	0	0	0	0
A	EF	3	86	1	1	BA1650	3363	9	0	0	0	1	0	0	0	0	0	0
A	EF	3	86	1	1	BA1650	3369	9	10	0	0	0	0	0	0	1	0	0
A	EF	3	86	1	1	BA1650	3444	10	2	0	0	0	0	0	0	0	0	0
A	EF	3	86	1	1	BA1650	3445	2	6	0	0	0	0	0	0	0	0	0
A	EF	3	86	1	1	BA1650	3495	6	0	0	1	0	0	0	0	0	0	0
A	EF	3	86	1	1	BA1650	3510	6	0	0	0	0	0	0	1	0	0	0
A	EF	3	86	1	1	BA1650	3515	6	0	0	1	0	0	0	0	0	0	0
A	EF	3	86	1	1	BA1650	3533	6	0	0	0	0	0	0	1	0	0	0
A	EF	3	86	1	1	BA1650	3541	6	0	0	1	0	0	0	0	0	0	0
A	EF	3	86	1	1	BA1650	3548	6	0	0	0	0	0	0	1	0	0	0
A	EF	3	86	1	1	BA1650	3551	6	0	0	1	0	0	0	0	0	0	0
A	EF	3	86	1	1	BA1650	3568	6	0	0	0	0	0	0	1	0	0	0
A	EF	3	86	1	1	BA1650	3570	6	0	0	1	0	0	0	0	0	0	0
A	EF	3	86	1	1	BA1650	3632	6	0	0	0	0	0	0	1	0	0	0
A	EF	3	86	1	1	BA1650	3638	6	0	0	1	0	0	0	0	0	0	0
A	EF	3	86	1	1	BA1650	3639	6	0	0	0	0	0	0	1	0	0	0
A	EF	3	86	1	1	BA1650	3679	6	0	0	1	0	0	0	0	0	0	0
A	EF	3	86	1	1	BA1650	3684	6	0	0	0	0	0	0	1	0	0	0
A	EF	3	86	1	1	BA1650	3689	6	0	0	1	0	0	0	0	0	0	0
A	EF	3	86	1	1	BA1650	3708	6	0	0	0	0	0	0	1	0	0	0
A	EF	3	86	1	1	BA1650	3712	6	0	0	1	0	0	0	0	0	0	0
A	EF	3	86	1	1	BA1650	3721	6	0	0	0	0	0	0	1	0	0	0
A	EF	3	86	1	1	BA1650	3727	6	0	0	1	0	0	0	0	0	0	0
A	EF	3	86	1	1	BA1650	3733	6	0	0	0	0	0	0	1	0	0	0
A	EF	3	86	1	1	BA1650	3738	6	0	0	1	0	0	0	0	0	0	0
A	EF	3	86	1	1	BA1650	3743	6	0	0	0	0	0	0	1	0	0	0
A	EF	3	86	1	1	BA1650	3748	6	0	0	1	0	0	0	0	0	0	0
A	EF	3	86	1	1	BA1650	3757	6	0	0	0	0	0	0	1	0	0	0
A	EF	3	86	1	1	BA1650	3769	6	0	0	1	0	0	0	0	0	0	0
A	EF	3	86	1	1	BA1650	3778	6	0	0	0	0	0	0	1	0	0	0
A	EF	3	86	1	1	BA1650	3845	6	8	2	0	1	0	0	0	0	0	0
A	EF	3	86	1	1	BA1650	3855	8	7	0	0	0	0	0	0	1	0	0
A	EF	3	86	1	1	BA1650	3857	7	8	2	0	1	0	0	0	0	0	0
A	EF	3	86	1	1	BA1650	3867	8	7	0	0	0	0	0	0	0	0	0
A	EF	3	86	1	1	BA1650	3868	7	0	0	0	0	0	0	0	1	0	0
A	EF	3	86	1	1	BA1650	3869	7	8	2	0	1	0	0	0	0	0	0
A	EF	3	86	1	1	BA1650	3879	8	7	0	0	0	0	0	0	0	0	0
A	EF	3	86	1	1	BA1650	3891	7	0	0	0	0	0	0	0	1	0	0
A	EF	3	86	1	1	BA1650	3897	7	8	2	0	1	0	0	0	0	0	0
A	EF	3	86	1	1	BA1650	3898	8	0	0	0	0	0	0	0	1	0	0
A	EF	3	86	1	1	BA1650	3907	8	7	0	0	0	0	0	0	0	0	0
A	EF	3	86	1	1	BA1650	3929	7	8	2	0	1	0	0	0	0	0	0
A	EF	3	86	1	1	BA1650	3937	8	0	0	0	0	0	0	0	1	0	0
A	EF	3	86	1	1	BA1650	3939	8	7	0	0	0	0	0	0	0	0	0
A	EF	3	86	1	1	BA1650	4008	7	8	2	0	1	0	0	0	0	0	0
A	EF	3	86	1	1	BA1650	4017	8	0	0	0	0	0	0	0	1	0	0
A	EF	3	86	1	1	BA1650	4018	8	7	0	0	0	0	0	0	0	0	0
A	EF	3	86	1	1	BA1650	4019	7	8	2	0	1	0	0	0	0	0	0
A	EF	3	86	1	1	BA1650	4029	8	7	0	0	0	0	0	0	0	0	0
A	EF	3	86	1	1	BA1650	4032	7	0	0	0	0	0	0	0	1	0	0
A	EF	3	86	1	1	BA1650	4048	7	8	2	0	1	0	0	0	0	0	0
A	EF	3	86	1	1	BA1650	4058	8	7	0	0	0	0	0	0	1	0	0
A	EF	3	86	1	1	BA1650	4067	7	8	2	0	1	0	0	0	0	0	0
A	EF	3	86	1	1	BA1650	4072	8	0	0	0	0	0	0	0	1	0	0
A	EF	3	86	1	1	BA1650	4075	8	0	0	0	1	0	0	0	0	0	0
A	EF	3	86	1	1	BA1650	4077	8	7	0	0	0	0	0	0	0	0	0
A	EF	3	86	1	1	BA1650	4085	7	0	0	0	0	0	0	0	1	0	0
A	EF	3	86	1	1	BA1650	4089	7	8	2	0	1	0	0	0	0	0	0
A	EF	3	86	1	1	BA1650	4099	8	7	0	0	0	0	0	0	0	0	0
A	EF	3	86	1	1	BA1650	4108	7	0	0	0	0	0	0	0	1	0	0
A	EF	3	86	1	1	BA1650	4136	7	8	2	0	1	0	0	0	0	0	0
A	EF	3	86	1	1	BA1650	4146	8	7	0	0	0	0	0	0	0	0	0
A	EF	3	86	1	1	BA1650	4180	7	0	0	0	0	0	0	0	1	0	0
A	EF	3	86	1	1	BA1650	4237	7	8	2	0	1	0	0	0	0	0	0
A	EF	3	86	1	1	BA1650	4247	8	7	0	0	0	0	0	0	0	0	0
A	EF	3	86	1	1	BA1650	4283	7	0	0	0	0	0	0	0	1	0	0
A	EF	3	86	1	1	BA1650	4397	7	8	2	0	1	0	0	0	0	0	0
A	EF	3	86	1	1	BA1650	4403	8	0	0	0	0	0	0	0	1	0	0
A	EF	3	86	1	1	BA1650	4407	8	7	0	0	0	0	0	0	0	0	0
A	EF	3	86	1	1	BA1650	4462	7	8	2	0	1	0	0	0	0	0	0
A	EF	3	86	1	1	BA1650	4463	8	0	0	0	0	0	0	0	1	0	0
A	EF	3	86	1	1	BA1650	4469	8	0	0	0	1	0	0	0	0	0	0
A	EF	3	86	1	1	BA1650	4472	8	7	0	0	0	0	0	0	0	0	0
A	EF	3	86	1	1	BA1650	4475	7	0	0	0	0	0	0	0	1	0	0
A	EF	3	86	1	1	BA1650	4484	7	8	2	0	1	0	0	0	0	0	0
A	EF	3	86	1	1	BA1650	4494	8	7	0	0	0	0	0	0	0	0	0
A	EF	3	86	1	1	BA1650	4501	7	0	0	0	0	0	0	0	1	0	0
A	EF	3	86	1	1	BA1650	4504	7	8	2	0	1	0	0	0	0	0	0
A	EF	3	86	1	1	BA1650	4512	8	0	0	0	0	0	0	0	1	0	0
A	EF	3	86	1	1	BA1650	4514	8	7	0	0	0	0	0	0	0	0	0
A	EF	3	86	1	1	BA1650	4530	7	8	2	0	1	0	0	0	0	0	0
A	EF	3	86	1	1	BA1650	4531	8	0	0	0	0	0	0	0	1	0	0
A	EF	3	86	1	1	BA1650	4540	8	7	0	0	0	0	0	0	0	0	0
A	EF	3	86	1	1	BA1650	4553	7	8	2	0	1	0	0	0	0	0	0
A	EF	3	86	1	1	BA1650	4563	8	7	0	0	0	0	0	0	0	0	0
A	EF	3	86	1	1	BA1650	4571	7	0	0	0	0	0	0	0	1	0	0
A	EF	3	86	1	1	BA1650	4574	7	8	2	0	1	0	0	0	0	0	0
A	EF	3	86	1	1	BA1650	4584	8	7	0	0	0	0	0	0	0	0	0
A	EF	3	86	1	1	BA1650	4593	7	0	0	0	0	0	0	0	1	0	0
A	EF	3	86	1	1	BA1650	4763	7	0	0	1	0	0	0	0	0	0	0
A	EF	3	86	1	1	BA1650	4788	7	0	0	0	0	0	0	1	0	0	0
A	EF	3	86	1	1	BA1650	4954	7	8	2	0	1	0	0	0	0	0	0
A	EF	3	86	1	1	BA1650	4962	8	0	0	0	0	0	0	0	1	0	0
A	EF	3	86	1	1	BA1650	4964	8	9	0	0	0	0	0	0	0	0	0
A	EF	3	86	1	1	BA1650	4974	9	10	0	0	0	0	0	0	0	0	0
A	EF	3	86	1	1	BA1650	5049	10	2	0	0	0	0	0	0	0	0	0
A	EF	3	86	1	1	BA1650	5050	2	3	0	0	0	0	0	0	0	0	0
A	EF	3	86	1	1	BA1650	5102	3	5	1	1	0	0	0	0	0	0	0
A	EF	3	86	1	1	BA1650	5111	5	0	0	0	0	0	0	1	0	0	0
A	EF	3	86	1	1	BA1650	5112	5	4	0	0	0	0	0	0	0	0	0
A	EF	3	86	1	1	BA1650	5117	4	5	1	1	0	0	0	0	0	0	0
A	EF	3	86	1	1	BA1650	5124	5	0	0	0	0	0	0	1	0	0	0
A	EF	3	86	1	1	BA1650	5127	5	4	0	0	0	0	0	0	0	0	0
A	EF	3	86	1	1	BA1650	5160	4	5	1	1	0	0	0	0	0	0	0
A	EF	3	86	1	1	BA1650	5163	5	0	0	0	0	0	0	1	0	0	0
A	EF	3	86	1	1	BA1650	5167	5	0	0	1	0	0	0	0	0	0	0
A	EF	3	86	1	1	BA1650	5170	5	4	0	0	0	0	0	0	0	0	0
A	EF	3	86	1	1	BA1650	5173	4	0	0	0	0	0	0	1	0	0	0
A	EF	3	86	1	1	BA1650	5177	4	5	1	1	0	0	0	0	0	0	0
A	EF	3	86	1	1	BA1650	5187	5	4	0	0	0	0	0	0	0	0	0
A	EF	3	86	1	1	BA1650	5193	4	0	0	0	0	0	0	1	0	0	0
A	EF	3	86	1	1	BA1650	5228	4	5	1	1	0	0	0	0	0	0	0
A	EF	3	86	1	1	BA1650	5234	5	0	0	1	0	0	0	1	0	0	0
A	EF	3	86	1	1	BA1650	5238	5	9	0	0	0	0	0	0	0	0	0
A	EF	3	86	1	1	BA1650	5247	9	0	0	0	0	0	0	1	0	0	0
A	EF	3	86	1	1	BA1650	5248	9	10	0	0	0	0	0	0	0	0	0
A	EF	3	86	1	1	BA1650	5323	10	2	0	0	0	0	0	0	0	0	0
A	EF	3	86	1	1	BA1650	5324	2	3	0	0	0	0	0	0	0	0	0
A	EF	3	86	1	1	BA1650	5381	3	5	1	1	0	0	0	0	0	0	0
A	EF	3	86	1	1	BA1650	5384	5	0	0	0	0	0	0	1	0	0	0
A	EF	3	86	1	1	BA1650	5388	5	0	0	1	0	0	0	0	0	0	0
A	EF	3	86	1	1	BA1650	5391	5	4	0	0	0	0	0	0	0	0	0
A	EF	3	86	1	1	BA1650	5465	4	0	0	0	0	0	0	1	0	0	0
A	EF	3	86	1	1	BA1650	5493	4	5	1	1	0	0	0	0	0	0	0
A	EF	3	86	1	1	BA1650	5497	5	0	0	0	0	0	0	1	0	0	0
A	EF	3	86	1	1	BA1650	5501	5	0	0	1	0	0	0	0	0	0	0
A	EF	3	86	1	1	BA1650	5503	5	4	0	0	0	0	0	0	0	0	0
A	EF	3	86	1	1	BA1650	5557	4	0	0	0	0	0	0	1	0	0	0
A	EF	3	86	1	1	BA1650	5560	4	5	1	1	0	0	0	0	0	0	0
A	EF	3	86	1	1	BA1650	5570	5	4	0	0	0	0	0	0	0	0	0
A	EF	3	86	1	1	BA1650	5588	4	0	0	0	0	0	0	1	0	0	0
A	EF	3	86	1	1	BA1650	5592	4	5	1	1	0	0	0	0	0	0	0
A	EF	3	86	1	1	BA1650	5601	5	0	0	0	0	0	0	1	0	0	0
A	EF	3	86	1	1	BA1650	5602	5	4	0	0	0	0	0	0	0	0	0
A	EF	3	86	1	1	BA1650	5606	4	5	1	1	0	0	0	0	0	0	0
A	EF	3	86	1	1	BA1650	5615	5	0	0	0	0	0	0	1	0	0	0
A	EF	3	86	1	1	BA1650	5616	5	9	0	0	0	0	0	0	0	0	0
A	EF	3	86	1	1	BA1650	5619	9	0	0	1	0	0	0	0	0	0	0
A	EF	3	86	1	1	BA1650	5626	9	10	0	0	0	0	0	1	0	0	0
A	EF	3	86	1	1	BA1650	5701	10	2	0	0	0	0	0	0	0	0	0
A	EF	3	86	1	1	BA1650	5702	2	6	0	0	0	0	0	0	0	0	0
A	EF	3	86	1	1	BA1650	6095	6	8	2	0	1	0	0	0	0	0	0
A	EF	3	86	1	1	BA1650	6098	8	0	0	0	0	0	0	0	1	0	0
A	EF	3	86	1	1	BA1650	6105	8	7	0	0	0	0	0	0	0	0	0
A	EF	3	86	1	1	BA1650	6162	7	8	2	0	1	0	0	0	0	0	0
A	EF	3	86	1	1	BA1650	6172	8	7	0	0	0	0	0	0	0	0	0
A	EF	3	86	1	1	BA1650	6175	7	0	0	0	0	0	0	0	1	0	0
A	EF	3	86	1	1	BA1650	6179	7	8	2	0	1	0	0	0	0	0	0
A	EF	3	86	1	1	BA1650	6187	8	0	0	0	0	0	0	0	1	0	0
A	EF	3	86	1	1	BA1650	6189	8	7	0	0	0	0	0	0	0	0	0
A	EF	3	86	1	1	BA1650	6193	7	8	2	0	1	0	0	0	0	0	0
A	EF	3	86	1	1	BA1650	6200	8	0	0	0	0	0	0	0	1	0	0
A	EF	3	86	1	1	BA1650	6203	8	7	0	0	0	0	0	0	0	0	0
A	EF	3	86	1	1	BA1650	6207	7	8	2	0	1	0	0	0	0	0	0
A	EF	3	86	1	1	BA1650	6213	8	0	0	0	0	0	0	0	1	0	0
A	EF	3	86	1	1	BA1650	6217	8	7	0	0	1	0	0	0	0	0	0
A	EF	3	86	1	1	BA1650	6224	7	0	0	0	0	0	0	0	1	0	0
A	EF	3	86	1	1	BA1650	6226	7	8	2	0	1	0	0	0	0	0	0
A	EF	3	86	1	1	BA1650	6236	8	7	0	0	0	0	0	0	0	0	0
A	EF	3	86	1	1	BA1650	6237	7	0	0	0	0	0	0	0	1	0	0
A	EF	3	86	1	1	BA1650	6289	7	8	2	0	1	0	0	0	0	0	0
A	EF	3	86	1	1	BA1650	6299	8	7	0	0	0	0	0	0	0	0	0
A	EF	3	86	1	1	BA1650	6310	7	0	0	0	0	0	0	0	1	0	0
A	EF	3	86	1	1	BA1650	6313	7	8	2	0	1	0	0	0	0	0	0
A	EF	3	86	1	1	BA1650	6317	8	0	0	0	0	0	0	0	1	0	0
A	EF	3	86	1	1	BA1650	6321	8	0	0	0	1	0	0	0	0	0	0
A	EF	3	86	1	1	BA1650	6323	8	7	0	0	0	0	0	0	0	0	0
A	EF	3	86	1	1	BA1650	6327	7	0	0	0	0	0	0	0	1	0	0
A	EF	3	86	1	1	BA1650	6334	7	8	2	0	1	0	0	0	0	0	0
A	EF	3	86	1	1	BA1650	6341	8	0	0	0	0	0	0	0	1	0	0
A	EF	3	86	1	1	BA1650	6344	8	7	0	0	0	0	0	0	0	0	0
A	EF	3	86	1	1	BA1650	6345	7	8	2	0	1	0	0	0	0	0	0
A	EF	3	86	1	1	BA1650	6355	8	7	0	0	0	0	0	0	0	0	0
A	EF	3	86	1	1	BA1650	6363	7	0	0	0	0	0	0	0	1	0	0
A	EF	3	86	1	1	BA1650	6366	7	8	2	0	1	0	0	0	0	0	0
A	EF	3	86	1	1	BA1650	6374	8	0	0	0	0	0	0	0	1	0	0
A	EF	3	86	1	1	BA1650	6376	8	7	0	0	0	0	0	0	0	0	0
A	EF	3	86	1	1	BA1650	6393	7	8	2	0	1	0	0	0	0	0	0
A	EF	3	86	1	1	BA1650	6397	8	0	0	0	0	0	0	0	1	0	0
A	EF	3	86	1	1	BA1650	6401	8	0	0	0	1	0	0	0	0	0	0
A	EF	3	86	1	1	BA1650	6403	8	7	0	0	0	0	0	0	0	0	0
A	EF	3	86	1	1	BA1650	6415	7	0	0	0	0	0	0	0	1	0	0
A	EF	3	86	1	1	BA1650	6425	7	8	2	0	1	0	0	0	0	0	0
A	EF	3	86	1	1	BA1650	6427	8	0	0	0	0	0	0	0	1	0	0
A	EF	3	86	1	1	BA1650	6435	8	7	0	0	0	0	0	0	0	0	0
A	EF	3	86	1	1	BA1650	6451	7	8	2	0	1	0	0	0	0	0	0
A	EF	3	86	1	1	BA1650	6452	8	0	0	0	0	0	0	0	1	0	0
A	EF	3	86	1	1	BA1650	6457	8	0	0	0	1	0	0	0	0	0	0
A	EF	3	86	1	1	BA1650	6461	8	7	0	0	0	0	0	0	0	0	0
A	EF	3	86	1	1	BA1650	6462	7	0	0	0	0	0	0	0	1	0	0
A	EF	3	86	1	1	BA1650	6466	7	8	2	0	1	0	0	0	0	0	0
A	EF	3	86	1	1	BA1650	6476	8	7	0	0	0	0	0	0	0	0	0
A	EF	3	86	1	1	BA1650	6480	7	0	0	0	0	0	0	0	1	0	0
A	EF	3	86	1	1	BA1650	6483	7	8	2	0	1	0	0	0	0	0	0
A	EF	3	86	1	1	BA1650	6493	8	7	0	0	0	0	0	0	0	0	0
A	EF	3	86	1	1	BA1650	6502	7	0	0	0	0	0	0	0	1	0	0
A	EF	3	86	1	1	BA1650	6574	7	8	2	0	1	0	0	0	0	0	0
A	EF	3	86	1	1	BA1650	6579	8	0	0	0	0	0	0	0	1	0	0
A	EF	3	86	1	1	BA1650	6584	8	7	0	0	1	0	0	0	0	0	0
A	EF	3	86	1	1	BA1650	6592	7	0	0	0	0	0	0	0	1	0	0
A	EF	3	86	1	1	BA1650	6599	7	8	2	0	1	0	0	0	0	0	0
A	EF	3	86	1	1	BA1650	6605	8	0	0	0	0	0	0	0	1	0	0
A	EF	3	86	1	1	BA1650	6609	8	7	0	0	0	0	0	0	0	0	0
A	EF	3	86	1	1	BA1650	6669	7	8	2	0	1	0	0	0	0	0	0
A	EF	3	86	1	1	BA1650	6676	8	0	0	0	0	0	0	0	1	0	0
A	EF	3	86	1	1	BA1650	6679	8	7	0	0	0	0	0	0	0	0	0
A	EF	3	86	1	1	BA1650	6715	7	8	2	0	1	0	0	0	0	0	0
A	EF	3	86	1	1	BA1650	6716	8	0	0	0	0	0	0	0	1	0	0
A	EF	3	86	1	1	BA1650	6725	8	9	0	0	0	0	0	0	0	0	0
A	EF	3	86	1	1	BA1650	6735	9	10	0	0	0	0	0	0	0	0	0
A	EF	3	86	1	1	BA1650	6810	10	2	0	0	0	0	0	0	0	0	0
A	EF	3	86	1	1	BA1650	6811	2	6	0	0	0	0	0	0	0	0	0
A	EF	3	86	1	1	BA1650	7010	6	8	2	0	1	0	0	0	0	0	0
A	EF	3	86	1	1	BA1650	7020	8	7	0	0	0	0	0	0	0	0	0
A	EF	3	86	1	1	BA1650	7036	7	0	0	0	0	0	0	0	1	0	0
A	EF	3	86	1	1	BA1650	7042	7	8	2	0	1	0	0	0	0	0	0
A	EF	3	86	1	1	BA1650	7052	8	7	0	0	0	0	0	0	0	0	0
A	EF	3	86	1	1	BA1650	7054	7	0	0	0	0	0	0	0	1	0	0
A	EF	3	86	1	1	BA1650	7079	7	8	2	0	1	0	0	0	0	0	0
A	EF	3	86	1	1	BA1650	7082	8	0	0	0	0	0	0	0	1	0	0
A	EF	3	86	1	1	BA1650	7089	8	7	0	0	0	0	0	0	0	0	0
A	EF	3	86	1	1	BA1650	7100	7	8	2	0	1	0	0	0	0	0	0
A	EF	3	86	1	1	BA1650	7110	8	7	0	0	0	0	0	0	0	0	0
A	EF	3	86	1	1	BA1650	7113	7	0	0	0	0	0	0	0	1	0	0
A	EF	3	86	1	1	BA1650	7130	7	8	2	0	1	0	0	0	0	0	0
A	EF	3	86	1	1	BA1650	7140	8	7	0	0	0	0	0	0	0	0	0
A	EF	3	86	1	1	BA1650	7142	7	0	0	0	0	0	0	0	1	0	0
A	EF	3	86	1	1	BA1650	7164	7	8	2	0	1	0	0	0	0	0	0
A	EF	3	86	1	1	BA1650	7166	8	0	0	0	0	0	0	0	1	0	0
A	EF	3	86	1	1	BA1650	7174	8	7	0	0	0	0	0	0	0	0	0
A	EF	3	86	1	1	BA1650	7213	7	8	2	0	1	0	0	0	0	0	0
A	EF	3	86	1	1	BA1650	7217	8	0	0	0	0	0	0	0	1	0	0
A	EF	3	86	1	1	BA1650	7223	8	7	0	0	0	0	0	0	0	0	0
A	EF	3	86	1	1	BA1650	7303	7	8	2	0	1	0	0	0	0	0	0
A	EF	3	86	1	1	BA1650	7306	8	0	0	0	0	0	0	0	1	0	0
A	EF	3	86	1	1	BA1650	7313	8	7	0	0	0	0	0	0	0	0	0
A	EF	3	86	1	1	BA1650	7315	7	8	2	0	1	0	0	0	0	0	0
A	EF	3	86	1	1	BA1650	7323	8	0	0	0	0	0	0	0	1	0	0
A	EF	3	86	1	1	BA1650	7325	8	7	0	0	0	0	0	0	0	0	0
A	EF	3	86	1	1	BA1650	7327	7	8	2	0	1	0	0	0	0	0	0
A	EF	3	86	1	1	BA1650	7337	8	7	0	0	0	0	0	0	0	0	0
A	EF	3	86	1	1	BA1650	7341	7	0	0	0	0	0	0	0	1	0	0
A	EF	3	86	1	1	BA1650	7343	7	8	2	0	1	0	0	0	0	0	0
A	EF	3	86	1	1	BA1650	7353	8	7	0	0	0	0	0	0	0	0	0
A	EF	3	86	1	1	BA1650	7356	7	0	0	0	0	0	0	0	1	0	0
A	EF	3	86	1	1	BA1650	7372	7	8	2	0	1	0	0	0	0	0	0
A	EF	3	86	1	1	BA1650	7382	8	7	0	0	0	0	0	0	0	0	0
A	EF	3	86	1	1	BA1650	7424	7	0	0	0	0	0	0	0	1	0	0
A	EF	3	86	1	1	BA1650	7480	7	8	2	0	1	0	0	0	0	0	0
A	EF	3	86	1	1	BA1650	7490	8	7	0	0	0	0	0	0	0	0	0
A	EF	3	86	1	1	BA1650	7569	7	0	0	0	0	0	0	0	1	0	0
A	EF	3	86	1	1	BA1650	7603	7	8	2	0	1	0	0	0	0	0	0
A	EF	3	86	1	1	BA1650	7613	8	7	0	0	0	0	0	0	0	0	0
A	EF	3	86	1	1	BA1650	7660	7	0	0	0	0	0	0	0	1	0	0
A	EF	3	86	1	1	BA1650	7681	7	8	2	0	1	0	0	0	0	0	0
A	EF	3	86	1	1	BA1650	7684	8	0	0	0	0	0	0	0	1	0	0
A	EF	3	86	1	1	BA1650	7691	8	7	0	0	0	0	0	0	0	0	0
A	EF	3	86	1	1	BA1650	7750	7	8	2	0	1	0	0	0	0	0	0
A	EF	3	86	1	1	BA1650	7760	8	7	0	0	0	0	0	0	0	0	0
A	EF	3	86	1	1	BA1650	7765	7	0	0	0	0	0	0	0	1	0	0
A	EF	3	86	1	1	BA1650	7767	7	8	2	0	1	0	0	0	0	0	0
A	EF	3	86	1	1	BA1650	7777	8	7	0	0	0	0	0	0	0	0	0
A	EF	3	86	1	1	BA1650	7830	7	0	0	0	0	0	0	0	1	0	0
A	EF	3	86	1	1	BA1650	7834	7	8	2	0	1	0	0	0	0	0	0
A	EF	3	86	1	1	BA1650	7844	8	7	0	0	0	0	0	0	0	0	0
A	EF	3	86	1	1	BA1650	7853	7	0	0	0	0	0	0	0	1	0	0
A	EF	3	86	1	1	BA1650	7857	7	8	2	0	1	0	0	0	0	0	0
A	EF	3	86	1	1	BA1650	7867	8	7	0	0	0	0	0	0	0	0	0
A	EF	3	86	1	1	BA1650	7883	7	0	0	0	0	0	0	0	1	0	0
A	EF	3	86	1	1	BA1650	7887	7	8	2	0	1	0	0	0	0	0	0
A	EF	3	86	1	1	BA1650	7894	8	0	0	0	0	0	0	0	1	0	0
A	EF	3	86	1	1	BA1650	7897	8	9	0	0	0	0	0	0	0	0	0
A	EF	3	86	1	1	BA1650	7907	9	10	0	0	0	0	0	0	0	0	0
A	EF	3	86	1	1	BA1650	7982	10	2	0	0	0	0	0	0	0	0	0
A	EF	3	86	1	1	BA1650	7983	2	6	0	0	0	0	0	0	0	0	0
A	EF	3	86	1	1	BA1650	8051	6	0	0	1	0	0	0	0	0	0	0
A	EF	3	86	1	1	BA1650	8062	6	0	0	0	0	0	0	1	0	0	0
A	EF	3	86	1	1	BA1650	8064	6	0	0	1	0	0	0	0	0	0	0
A	EF	3	86	1	1	BA1650	8068	6	0	0	0	0	0	0	1	0	0	0
A	EF	3	86	1	1	BA1650	8189	6	8	2	0	1	0	0	0	0	0	0
A	EF	3	86	1	1	BA1650	8197	8	0	0	0	0	0	0	0	1	0	0
A	EF	3	86	1	1	BA1650	8199	8	7	0	0	0	0	0	0	0	0	0
A	EF	3	86	1	1	BA1650	8212	7	8	2	0	1	0	0	0	0	0	0
A	EF	3	86	1	1	BA1650	8217	8	0	0	0	0	0	0	0	1	0	0
A	EF	3	86	1	1	BA1650	8222	8	7	0	0	0	0	0	0	0	0	0
A	EF	3	86	1	1	BA1650	8224	7	8	2	0	1	0	0	0	0	0	0
A	EF	3	86	1	1	BA1650	8228	8	0	0	0	0	0	0	0	1	0	0
A	EF	3	86	1	1	BA1650	8234	8	7	0	0	0	0	0	0	0	0	0
A	EF	3	86	1	1	BA1650	8235	7	8	2	0	1	0	0	0	0	0	0
A	EF	3	86	1	1	BA1650	8238	8	0	0	0	0	0	0	0	1	0	0
A	EF	3	86	1	1	BA1650	8245	8	7	0	0	0	0	0	0	0	0	0
A	EF	3	86	1	1	BA1650	8269	7	8	2	0	1	0	0	0	0	0	0
A	EF	3	86	1	1	BA1650	8277	8	0	0	0	0	0	0	0	1	0	0
A	EF	3	86	1	1	BA1650	8279	8	7	0	0	0	0	0	0	0	0	0
A	EF	3	86	1	1	BA1650	8296	7	8	2	0	1	0	0	0	0	0	0
A	EF	3	86	1	1	BA1650	8306	8	7	0	0	0	0	0	0	1	0	0
A	EF	3	86	1	1	BA1650	8341	7	8	2	0	1	0	0	0	0	0	0
A	EF	3	86	1	1	BA1650	8345	8	0	0	0	0	0	0	0	1	0	0
A	EF	3	86	1	1	BA1650	8348	8	0	0	0	1	0	0	0	0	0	0
A	EF	3	86	1	1	BA1650	8351	8	7	0	0	0	0	0	0	0	0	0
A	EF	3	86	1	1	BA1650	8363	7	0	0	0	0	0	0	0	1	0	0
A	EF	3	86	1	1	BA1650	8366	7	8	2	0	1	0	0	0	0	0	0
A	EF	3	86	1	1	BA1650	8376	8	7	0	0	0	0	0	0	0	0	0
A	EF	3	86	1	1	BA1650	8379	7	8	2	0	1	0	0	0	1	0	0
A	EF	3	86	1	1	BA1650	8382	8	0	0	0	0	0	0	0	1	0	0
A	EF	3	86	1	1	BA1650	8389	8	7	0	0	0	0	0	0	0	0	0
A	EF	3	86	1	1	BA1650	8417	7	8	2	0	1	0	0	0	0	0	0
A	EF	3	86	1	1	BA1650	8427	8	7	0	0	0	0	0	0	0	0	0
A	EF	3	86	1	1	BA1650	8500	7	0	0	0	0	0	0	0	1	0	0
A	EF	3	86	1	1	BA1650	8504	7	8	2	0	1	0	0	0	0	0	0
A	EF	3	86	1	1	BA1650	8513	8	0	0	0	0	0	0	0	1	0	0
A	EF	3	86	1	1	BA1650	8514	8	7	0	0	0	0	0	0	0	0	0
A	EF	3	86	1	1	BA1650	8597	7	8	2	0	1	0	0	0	0	0	0
A	EF	3	86	1	1	BA1650	8607	8	7	0	0	0	0	0	0	0	0	0
A	EF	3	86	1	1	BA1650	8609	7	0	0	0	0	0	0	0	1	0	0
A	EF	3	86	1	1	BA1650	8651	7	8	2	0	1	0	0	0	0	0	0
A	EF	3	86	1	1	BA1650	8659	8	0	0	0	0	0	0	0	1	0	0
A	EF	3	86	1	1	BA1650	8661	8	7	0	0	0	0	0	0	0	0	0
A	EF	3	86	1	1	BA1650	8705	7	8	2	0	1	0	0	0	0	0	0
A	EF	3	86	1	1	BA1650	8715	8	7	0	0	0	0	0	0	0	0	0
A	EF	3	86	1	1	BA1650	8716	7	0	0	0	0	0	0	0	1	0	0
A	EF	3	86	1	1	BA1650	8724	7	8	2	0	1	0	0	0	0	0	0
A	EF	3	86	1	1	BA1650	8734	8	7	0	0	0	0	0	0	0	0	0
A	EF	3	86	1	1	BA1650	8735	7	0	0	0	0	0	0	0	1	0	0
A	EF	3	86	1	1	BA1650	8744	7	8	2	0	1	0	0	0	0	0	0
A	EF	3	86	1	1	BA1650	8748	8	0	0	0	0	0	0	0	1	0	0
A	EF	3	86	1	1	BA1650	8754	8	7	0	0	0	0	0	0	0	0	0
A	EF	3	86	1	1	BA1650	8827	7	8	2	0	1	0	0	0	0	0	0
A	EF	3	86	1	1	BA1650	8829	8	0	0	0	0	0	0	0	1	0	0
A	EF	3	86	1	1	BA1650	8837	8	7	0	0	0	0	0	0	0	0	0
A	EF	3	86	1	1	BA1650	8956	7	8	2	0	1	0	0	0	0	0	0
A	EF	3	86	1	1	BA1650	8957	8	0	0	0	0	0	0	0	1	0	0
A	EF	3	86	1	1	BA1650	8958	8	0	0	0	1	0	0	0	0	0	0
A	EF	3	86	1	1	BA1650	8966	8	7	0	0	0	0	0	0	0	0	0
A	EF	3	86	1	1	BA1650	9003	7	0	0	0	0	0	0	0	1	0	0
A	EF	3	86	1	1	BA1650	9007	7	8	2	0	1	0	0	0	0	0	0
A	EF	3	86	1	1	BA1650	9013	8	0	0	0	0	0	0	0	1	0	0
A	EF	3	86	1	1	BA1650	9017	8	7	0	0	0	0	0	0	0	0	0
A	EF	3	86	1	1	BA1650	9022	7	8	2	0	1	0	0	0	0	0	0
A	EF	3	86	1	1	BA1650	9027	8	0	0	0	0	0	0	0	1	0	0
A	EF	3	86	1	1	BA1650	9032	8	9	0	0	0	0	0	0	0	0	0
A	EF	3	86	1	1	BA1650	9042	9	10	0	0	0	0	0	0	0	0	0
A	EF	3	86	1	1	BA1650	9117	10	2	0	0	0	0	0	0	0	0	0
A	EF	3	86	1	1	BA1650	9118	2	3	0	0	0	0	0	0	0	0	0
A	EF	3	86	1	1	BA1650	9169	3	5	1	1	0	0	0	0	0	0	0
A	EF	3	86	1	1	BA1650	9179	5	4	0	0	0	0	0	0	0	0	0
A	EF	3	86	1	1	BA1650	9186	4	0	0	0	0	0	0	1	0	0	0
A	EF	3	86	1	1	BA1650	9188	4	5	1	1	0	0	0	0	0	0	0
A	EF	3	86	1	1	BA1650	9196	5	0	0	0	0	0	0	1	0	0	0
A	EF	3	86	1	1	BA1650	9198	5	4	0	0	0	0	0	0	0	0	0
A	EF	3	86	1	1	BA1650	9225	4	5	1	1	0	0	0	0	0	0	0
A	EF	3	86	1	1	BA1650	9235	5	4	0	0	0	0	0	0	0	0	0
A	EF	3	86	1	1	BA1650	9253	4	0	0	0	0	0	0	1	0	0	0
A	EF	3	86	1	1	BA1650	9254	4	5	1	1	0	0	0	0	0	0	0
A	EF	3	86	1	1	BA1650	9264	5	4	0	0	0	0	0	0	0	0	0
A	EF	3	86	1	1	BA1650	9280	4	0	0	0	0	0	0	1	0	0	0
A	EF	3	86	1	1	BA1650	9285	4	5	1	1	0	0	0	0	0	0	0
A	EF	3	86	1	1	BA1650	9295	5	9	0	0	0	0	0	0	0	0	0
A	EF	3	86	1	1	BA1650	9302	9	0	0	0	0	0	0	1	0	0	0
A	EF	3	86	1	1	BA1650	9305	9	10	0	0	0	0	0	0	0	0	0
A	EF	3	86	1	1	BA1650	9380	10	2	0	0	0	0	0	0	0	0	0
A	EF	3	86	1	1	BA1650	9381	2	6	0	0	0	0	0	0	0	0	0
A	EF	3	86	1	1	BA1650	9770	6	8	2	0	1	0	0	0	0	0	0
A	EF	3	86	1	1	BA1650	9780	8	7	0	0	0	0	0	0	0	0	0
A	EF	3	86	1	1	BA1650	9782	7	0	0	0	0	0	0	0	1	0	0
A	EF	3	86	1	1	BA1650	9789	7	8	2	0	1	0	0	0	0	0	0
A	EF	3	86	1	1	BA1650	9796	8	0	0	0	0	0	0	0	1	0	0
A	EF	3	86	1	1	BA1650	9799	8	7	0	0	0	0	0	0	0	0	0
A	EF	3	86	1	1	BA1650	9802	7	8	2	0	1	0	0	0	0	0	0
A	EF	3	86	1	1	BA1650	9809	8	0	0	0	0	0	0	0	1	0	0
A	EF	3	86	1	1	BA1650	9812	8	7	0	0	0	0	0	0	0	0	0
A	EF	3	86	1	1	BA1650	9822	7	8	2	0	1	0	0	0	0	0	0
A	EF	3	86	1	1	BA1650	9828	8	0	0	0	0	0	0	0	1	0	0
A	EF	3	86	1	1	BA1650	9832	8	7	0	0	0	0	0	0	0	0	0
A	EF	3	86	1	1	BA1650	9834	7	8	2	0	1	0	0	0	0	0	0
A	EF	3	86	1	1	BA1650	9844	8	7	0	0	0	0	0	0	0	0	0
A	EF	3	86	1	1	BA1650	9855	7	0	0	0	0	0	0	0	1	0	0
A	EF	3	86	1	1	BA1650	9876	7	8	2	0	1	0	0	0	0	0	0
A	EF	3	86	1	1	BA1650	9886	8	7	0	0	0	0	0	0	0	0	0
A	EF	3	86	1	1	BA1650	9888	7	0	0	0	0	0	0	0	1	0	0
A	EF	3	86	1	1	BA1650	9892	7	8	2	0	1	0	0	0	0	0	0
A	EF	3	86	1	1	BA1650	9898	8	0	0	0	0	0	0	0	1	0	0
A	EF	3	86	1	1	BA1650	9902	8	7	0	0	0	0	0	0	0	0	0
A	EF	3	86	1	1	BA1650	9903	7	8	2	0	1	0	0	0	0	0	0
A	EF	3	86	1	1	BA1650	9913	8	7	0	0	0	0	0	0	0	0	0
A	EF	3	86	1	1	BA1650	9916	7	0	0	0	0	0	0	0	1	0	0
A	EF	3	86	1	1	BA1650	9921	7	8	2	0	1	0	0	0	0	0	0
A	EF	3	86	1	1	BA1650	9925	8	0	0	0	0	0	0	0	1	0	0
A	EF	3	86	1	1	BA1650	9931	8	7	0	0	0	0	0	0	0	0	0
A	EF	3	86	1	1	BA1650	9992	7	8	2	0	1	0	0	0	0	0	0
A	EF	3	86	1	1	BA1650	10002	8	7	0	0	0	0	0	0	0	0	0
A	EF	3	86	1	1	BA1650	10042	7	0	0	0	0	0	0	0	1	0	0
A	EF	3	86	1	1	BA1650	10044	7	8	2	0	1	0	0	0	0	0	0
A	EF	3	86	1	1	BA1650	10054	8	7	0	0	0	0	0	0	0	0	0
A	EF	3	86	1	1	BA1650	10076	7	0	0	0	0	0	0	0	1	0	0
A	EF	3	86	1	1	BA1650	10080	7	8	2	0	1	0	0	0	0	0	0
A	EF	3	86	1	1	BA1650	10090	8	7	0	0	0	0	0	0	0	0	0
A	EF	3	86	1	1	BA1650	10092	7	0	0	0	0	0	0	0	1	0	0
A	EF	3	86	1	1	BA1650	10097	7	8	2	0	1	0	0	0	0	0	0
A	EF	3	86	1	1	BA1650	10107	8	7	0	0	0	0	0	0	0	0	0
A	EF	3	86	1	1	BA1650	10109	7	0	0	0	0	0	0	0	1	0	0
A	EF	3	86	1	1	BA1650	10116	7	8	2	0	1	0	0	0	0	0	0
A	EF	3	86	1	1	BA1650	10125	8	0	0	0	0	0	0	0	1	0	0
A	EF	3	86	1	1	BA1650	10126	8	7	0	0	0	0	0	0	0	0	0
A	EF	3	86	1	1	BA1650	10149	7	8	2	0	1	0	0	0	0	0	0
A	EF	3	86	1	1	BA1650	10159	8	7	0	0	0	0	0	0	0	0	0
A	EF	3	86	1	1	BA1650	10163	7	0	0	0	0	0	0	0	1	0	0
A	EF	3	86	1	1	BA1650	10168	7	8	2	0	1	0	0	0	0	0	0
A	EF	3	86	1	1	BA1650	10178	8	7	0	0	0	0	0	0	0	0	0
A	EF	3	86	1	1	BA1650	10183	7	0	0	0	0	0	0	0	1	0	0
A	EF	3	86	1	1	BA1650	10190	7	8	2	0	1	0	0	0	0	0	0
A	EF	3	86	1	1	BA1650	10195	8	0	0	0	0	0	0	0	1	0	0
A	EF	3	86	1	1	BA1650	10200	8	7	0	0	0	0	0	0	0	0	0
A	EF	3	86	1	1	BA1650	10201	7	8	2	0	1	0	0	0	0	0	0
A	EF	3	86	1	1	BA1650	10204	8	0	0	0	0	0	0	0	1	0	0
A	EF	3	86	1	1	BA1650	10211	8	7	0	0	0	0	0	0	0	0	0
A	EF	3	86	1	1	BA1650	10221	7	8	2	0	1	0	0	0	0	0	0
A	EF	3	86	1	1	BA1650	10231	8	7	0	0	0	0	0	0	0	0	0
A	EF	3	86	1	1	BA1650	10235	7	0	0	0	0	0	0	0	1	0	0
A	EF	3	86	1	1	BA1650	10239	7	8	2	0	1	0	0	0	0	0	0
A	EF	3	86	1	1	BA1650	10243	8	0	0	0	0	0	0	0	1	0	0
A	EF	3	86	1	1	BA1650	10249	8	9	0	0	0	0	0	0	0	0	0
A	EF	3	86	1	1	BA1650	10259	9	10	0	0	0	0	0	0	0	0	0
A	EF	3	86	1	1	BA1650	10265	10	0	0	0	1	0	0	0	0	0	0
A	EF	3	86	1	1	BA1650	10268	10	0	0	0	0	0	0	0	1	0	0
A	EF	3	86	1	1	BA1650	10334	10	2	0	0	0	0	0	0	0	0	0
A	EF	3	86	1	1	BA1650	10335	2	3	0	0	0	0	0	0	0	0	0
A	EF	3	86	1	1	BA1650	10403	3	5	1	1	0	0	0	0	0	0	0
A	EF	3	86	1	1	BA1650	10413	5	4	0	0	0	0	0	1	0	0	0
A	EF	3	86	1	1	BA1650	10421	4	5	1	1	0	0	0	0	0	0	0
A	EF	3	86	1	1	BA1650	10425	5	0	0	0	0	0	0	1	0	0	0
A	EF	3	86	1	1	BA1650	10431	5	4	0	0	0	0	0	0	0	0	0
A	EF	3	86	1	1	BA1650	10433	4	5	1	1	0	0	0	0	0	0	0
A	EF	3	86	1	1	BA1650	10440	5	0	0	0	0	0	0	1	0	0	0
A	EF	3	86	1	1	BA1650	10443	5	4	0	0	0	0	0	0	0	0	0
A	EF	3	86	1	1	BA1650	10445	4	5	1	1	0	0	0	0	0	0	0
A	EF	3	86	1	1	BA1650	10452	5	0	0	0	0	0	0	1	0	0	0
A	EF	3	86	1	1	BA1650	10455	5	4	0	0	0	0	0	0	0	0	0
A	EF	3	86	1	1	BA1650	10509	4	5	1	1	0	0	0	0	0	0	0
A	EF	3	86	1	1	BA1650	10514	5	0	0	0	0	0	0	1	0	0	0
A	EF	3	86	1	1	BA1650	10517	5	0	0	1	0	0	0	0	0	0	0
A	EF	3	86	1	1	BA1650	10519	5	9	0	0	0	0	0	0	0	0	0
A	EF	3	86	1	1	BA1650	10529	9	10	0	0	0	0	0	0	0	0	0
A	EF	3	86	1	1	BA1650	10533	10	0	0	0	0	0	0	1	0	0	0
A	EF	3	86	1	1	BA1650	10604	10	2	0	0	0	0	0	0	0	0	0
A	EF	3	86	1	1	BA1650	10605	2	3	0	0	0	0	0	0	0	0	0
A	EF	3	86	1	1	BA1650	10663	3	5	1	1	0	0	0	0	0	0	0
A	EF	3	86	1	1	BA1650	10673	5	4	0	0	0	0	0	0	0	0	0
A	EF	3	86	1	1	BA1650	10676	4	0	0	0	0	0	0	1	0	0	0
A	EF	3	86	1	1	BA1650	10683	4	5	1	1	0	0	0	0	0	0	0
A	EF	3	86	1	1	BA1650	10693	5	4	0	0	0	0	0	0	0	0	0
A	EF	3	86	1	1	BA1650	10694	4	0	0	0	0	0	0	1	0	0	0
A	EF	3	86	1	1	BA1650	10699	4	5	1	1	0	0	0	0	0	0	0
A	EF	3	86	1	1	BA1650	10709	5	4	0	0	0	0	0	0	0	0	0
A	EF	3	86	1	1	BA1650	10724	4	0	0	0	0	0	0	1	0	0	0
A	EF	3	86	1	1	BA1650	10730	4	5	1	1	0	0	0	0	0	0	0
A	EF	3	86	1	1	BA1650	10740	5	4	0	0	0	0	0	0	0	0	0
A	EF	3	86	1	1	BA1650	10744	4	0	0	0	0	0	0	1	0	0	0
A	EF	3	86	1	1	BA1650	10748	4	5	1	1	0	0	0	0	0	0	0
A	EF	3	86	1	1	BA1650	10751	5	0	0	0	0	0	0	1	0	0	0
A	EF	3	86	1	1	BA1650	10756	5	0	0	1	0	0	0	0	0	0	0
A	EF	3	86	1	1	BA1650	10758	5	9	0	0	0	0	0	0	0	0	0
A	EF	3	86	1	1	BA1650	10759	9	0	0	0	0	0	0	1	0	0	0
A	EF	3	86	1	1	BA1650	10761	9	0	0	1	0	0	0	0	0	0	0
A	EF	3	86	1	1	BA1650	10762	9	0	0	0	0	0	0	1	0	0	0
A	EF	3	86	1	1	BA1650	10763	9	0	0	1	0	0	0	0	0	0	0
A	EF	3	86	1	1	BA1650	10765	9	0	0	0	0	0	0	1	0	0	0
A	EF	3	86	1	1	BA1650	10768	9	10	0	0	0	0	0	0	0	0	0
A	EF	3	86	1	1	BA1650	10843	10	2	0	0	0	0	0	0	0	0	0
A	EF	3	86	1	1	BA1650	10844	2	3	0	0	0	0	0	0	0	0	0
A	EF	3	86	1	1	BA1650	10962	3	5	1	1	0	0	0	0	0	0	0
A	EF	3	86	1	1	BA1650	10966	5	0	0	0	0	0	0	1	0	0	0
A	EF	3	86	1	1	BA1650	10972	5	4	0	1	0	0	0	0	0	0	0
A	EF	3	86	1	1	BA1650	10982	4	0	0	0	0	0	0	1	0	0	0
A	EF	3	86	1	1	BA1650	10987	4	5	1	1	0	0	0	0	0	0	0
A	EF	3	86	1	1	BA1650	10994	5	0	0	0	0	0	0	1	0	0	0
A	EF	3	86	1	1	BA1650	10996	5	0	0	1	0	0	0	0	0	0	0
A	EF	3	86	1	1	BA1650	10997	5	4	0	0	0	0	0	0	0	0	0
A	EF	3	86	1	1	BA1650	10998	4	0	0	0	0	0	0	1	0	0	0
A	EF	3	86	1	1	BA1650	11008	4	5	1	1	0	0	0	0	0	0	0
A	EF	3	86	1	1	BA1650	11018	5	4	0	0	0	0	0	1	0	0	0
A	EF	3	86	1	1	BA1650	11038	4	5	1	1	0	0	0	0	0	0	0
A	EF	3	86	1	1	BA1650	11039	5	0	0	0	0	0	0	1	0	0	0
A	EF	3	86	1	1	BA1650	11040	5	0	0	1	0	0	0	0	0	0	0
A	EF	3	86	1	1	BA1650	11045	5	0	0	0	0	0	0	1	0	0	0
A	EF	3	86	1	1	BA1650	11048	5	4	0	0	0	0	0	0	0	0	0
A	EF	3	86	1	1	BA1650	11050	4	5	1	1	0	0	0	0	0	0	0
A	EF	3	86	1	1	BA1650	11056	5	0	0	0	0	0	0	1	0	0	0
A	EF	3	86	1	1	BA1650	11060	5	9	0	1	0	0	0	0	0	0	0
A	EF	3	86	1	1	BA1650	11070	9	10	0	0	0	0	0	0	0	0	0
A	EF	3	86	1	1	BA1650	11072	10	0	0	0	0	0	0	1	0	0	0
A	EF	3	86	1	1	BA1650	11145	10	2	0	0	0	0	0	0	0	0	0
A	EF	3	86	1	1	BA1650	11146	2	6	0	0	0	0	0	0	0	0	0
A	EF	3	86	1	1	BA1650	11703	6	8	2	0	1	0	0	0	0	0	0
A	EF	3	86	1	1	BA1650	11712	8	0	0	0	0	0	0	0	1	0	0
A	EF	3	86	1	1	BA1650	11713	8	7	0	0	0	0	0	0	0	0	0
A	EF	3	86	1	1	BA1650	11720	7	8	2	0	1	0	0	0	0	0	0
A	EF	3	86	1	1	BA1650	11723	8	0	0	0	0	0	0	0	1	0	0
A	EF	3	86	1	1	BA1650	11730	8	7	0	0	0	0	0	0	0	0	0
A	EF	3	86	1	1	BA1650	11776	7	8	2	0	1	0	0	0	0	0	0
A	EF	3	86	1	1	BA1650	11784	8	0	0	0	0	0	0	0	1	0	0
A	EF	3	86	1	1	BA1650	11786	8	7	0	0	0	0	0	0	0	0	0
A	EF	3	86	1	1	BA1650	11790	7	8	2	0	1	0	0	0	0	0	0
A	EF	3	86	1	1	BA1650	11796	8	0	0	0	0	0	0	0	1	0	0
A	EF	3	86	1	1	BA1650	11800	8	7	0	0	0	0	0	0	0	0	0
A	EF	3	86	1	1	BA1650	11810	7	8	2	0	1	0	0	0	0	0	0
A	EF	3	86	1	1	BA1650	11816	8	0	0	0	0	0	0	0	1	0	0
A	EF	3	86	1	1	BA1650	11820	8	7	0	0	0	0	0	0	0	0	0
A	EF	3	86	1	1	BA1650	11829	7	8	2	0	1	0	0	0	0	0	0
A	EF	3	86	1	1	BA1650	11838	8	0	0	0	0	0	0	0	1	0	0
A	EF	3	86	1	1	BA1650	11839	8	7	0	0	0	0	0	0	0	0	0
A	EF	3	86	1	1	BA1650	11870	7	8	2	0	1	0	0	0	0	0	0
A	EF	3	86	1	1	BA1650	11880	8	7	0	0	0	0	0	0	0	0	0
A	EF	3	86	1	1	BA1650	11882	7	0	0	0	0	0	0	0	1	0	0
A	EF	3	86	1	1	BA1650	11909	7	8	2	0	1	0	0	0	0	0	0
A	EF	3	86	1	1	BA1650	11914	8	0	0	0	0	0	0	0	1	0	0
A	EF	3	86	1	1	BA1650	11917	8	0	0	0	1	0	0	0	0	0	0
A	EF	3	86	1	1	BA1650	11919	8	7	0	0	0	0	0	0	0	0	0
A	EF	3	86	1	1	BA1650	11925	7	0	0	0	0	0	0	0	1	0	0
A	EF	3	86	1	1	BA1650	11929	7	8	2	0	1	0	0	0	0	0	0
A	EF	3	86	1	1	BA1650	11939	8	7	0	0	0	0	0	0	0	0	0
A	EF	3	86	1	1	BA1650	11943	7	0	0	0	0	0	0	0	1	0	0
A	EF	3	86	1	1	BA1650	11976	7	8	2	0	1	0	0	0	0	0	0
A	EF	3	86	1	1	BA1650	11979	8	0	0	0	0	0	0	0	1	0	0
A	EF	3	86	1	1	BA1650	11981	8	0	0	0	1	0	0	0	0	0	0
A	EF	3	86	1	1	BA1650	11984	8	0	0	0	0	0	0	0	1	0	0
A	EF	3	86	1	1	BA1650	11986	8	7	0	0	0	0	0	0	0	0	0
A	EF	3	86	1	1	BA1650	11987	7	8	2	0	1	0	0	0	0	0	0
A	EF	3	86	1	1	BA1650	11997	8	7	0	0	0	0	0	0	0	0	0
A	EF	3	86	1	1	BA1650	11998	7	0	0	0	0	0	0	0	1	0	0
A	EF	3	86	1	1	BA1650	12001	7	8	2	0	1	0	0	0	0	0	0
A	EF	3	86	1	1	BA1650	12011	8	7	0	0	0	0	0	0	0	0	0
A	EF	3	86	1	1	BA1650	12051	7	0	0	0	0	0	0	0	1	0	0
A	EF	3	86	1	1	BA1650	12079	7	8	2	0	1	0	0	0	0	0	0
A	EF	3	86	1	1	BA1650	12082	8	0	0	0	0	0	0	0	1	0	0
A	EF	3	86	1	1	BA1650	12088	8	0	0	0	1	0	0	0	0	0	0
A	EF	3	86	1	1	BA1650	12089	8	7	0	0	0	0	0	0	0	0	0
A	EF	3	86	1	1	BA1650	12091	7	0	0	0	0	0	0	0	1	0	0
A	EF	3	86	1	1	BA1650	12094	7	8	2	0	1	0	0	0	0	0	0
A	EF	3	86	1	1	BA1650	12100	8	0	0	0	0	0	0	0	1	0	0
A	EF	3	86	1	1	BA1650	12103	8	0	0	0	1	0	0	0	0	0	0
A	EF	3	86	1	1	BA1650	12104	8	7	0	0	0	0	0	0	0	0	0
A	EF	3	86	1	1	BA1650	12133	7	0	0	0	0	0	0	0	1	0	0
A	EF	3	86	1	1	BA1650	12158	7	8	2	0	1	0	0	0	0	0	0
A	EF	3	86	1	1	BA1650	12168	8	7	0	0	0	0	0	0	0	0	0
A	EF	3	86	1	1	BA1650	12170	7	0	0	0	0	0	0	0	1	0	0
A	EF	3	86	1	1	BA1650	12237	7	8	2	0	1	0	0	0	0	0	0
A	EF	3	86	1	1	BA1650	12247	8	7	0	0	0	0	0	0	0	0	0
A	EF	3	86	1	1	BA1650	12256	7	0	0	0	0	0	0	0	1	0	0
A	EF	3	86	1	1	BA1650	12261	7	8	2	0	1	0	0	0	0	0	0
A	EF	3	86	1	1	BA1650	12267	8	0	0	0	0	0	0	0	1	0	0
A	EF	3	86	1	1	BA1650	12271	8	7	0	0	0	0	0	0	0	0	0
A	EF	3	86	1	1	BA1650	12274	7	8	2	0	1	0	0	0	0	0	0
A	EF	3	86	1	1	BA1650	12280	8	0	0	0	0	0	0	0	1	0	0
A	EF	3	86	1	1	BA1650	12284	8	7	0	0	0	0	0	0	0	0	0
A	EF	3	86	1	1	BA1650	12329	7	8	2	0	1	0	0	0	0	0	0
A	EF	3	86	1	1	BA1650	12339	8	7	0	0	0	0	0	0	1	0	0
A	EF	3	86	1	1	BA1650	12341	7	8	2	0	1	0	0	0	0	0	0
A	EF	3	86	1	1	BA1650	12351	8	9	0	0	0	0	0	0	0	0	0
A	EF	3	86	1	1	BA1650	12359	9	0	0	0	0	0	0	0	1	0	0
A	EF	3	86	1	1	BA1650	12361	9	10	0	0	0	0	0	0	0	0	0
A	EF	3	86	1	1	BA1650	12436	10	2	0	0	0	0	0	0	0	0	0
A	EF	3	86	1	1	BA1650	12437	2	6	0	0	0	0	0	0	0	0	0
A	EF	3	86	1	1	BA1650	12573	6	8	2	0	1	0	0	0	0	0	0
A	EF	3	86	1	1	BA1650	12583	8	7	0	0	0	0	0	0	1	0	0
A	EF	3	86	1	1	BA1650	12641	7	8	2	0	1	0	0	0	0	0	0
A	EF	3	86	1	1	BA1650	12642	8	0	0	0	0	0	0	0	1	0	0
A	EF	3	86	1	1	BA1650	12651	8	7	0	0	0	0	0	0	0	0	0
A	EF	3	86	1	1	BA1650	12686	7	8	2	0	1	0	0	0	0	0	0
A	EF	3	86	1	1	BA1650	12696	8	7	0	0	0	0	0	0	0	0	0
A	EF	3	86	1	1	BA1650	12701	7	0	0	0	0	0	0	0	1	0	0
A	EF	3	86	1	1	BA1650	12702	7	8	2	0	1	0	0	0	0	0	0
A	EF	3	86	1	1	BA1650	12710	8	0	0	0	0	0	0	0	1	0	0
A	EF	3	86	1	1	BA1650	12712	8	7	0	0	0	0	0	0	0	0	0
A	EF	3	86	1	1	BA1650	12716	7	8	2	0	1	0	0	0	0	0	0
A	EF	3	86	1	1	BA1650	12718	8	0	0	0	0	0	0	0	1	0	0
A	EF	3	86	1	1	BA1650	12726	8	7	0	0	1	0	0	0	0	0	0
A	EF	3	86	1	1	BA1650	12733	7	0	0	0	0	0	0	0	1	0	0
A	EF	3	86	1	1	BA1650	12744	7	8	2	0	1	0	0	0	0	0	0
A	EF	3	86	1	1	BA1650	12748	8	0	0	0	0	0	0	0	1	0	0
A	EF	3	86	1	1	BA1650	12754	8	7	0	0	0	0	0	0	0	0	0
A	EF	3	86	1	1	BA1650	12757	7	8	2	0	1	0	0	0	0	0	0
A	EF	3	86	1	1	BA1650	12765	8	0	0	0	0	0	0	0	1	0	0
A	EF	3	86	1	1	BA1650	12767	8	7	0	0	1	0	0	0	0	0	0
A	EF	3	86	1	1	BA1650	12791	7	0	0	0	0	0	0	0	1	0	0
A	EF	3	86	1	1	BA1650	12826	7	8	2	0	1	0	0	0	0	0	0
A	EF	3	86	1	1	BA1650	12836	8	7	0	0	0	0	0	0	1	0	0
A	EF	3	86	1	1	BA1650	12866	7	8	2	0	1	0	0	0	0	0	0
A	EF	3	86	1	1	BA1650	12876	8	7	0	0	0	0	0	0	0	0	0
A	EF	3	86	1	1	BA1650	12890	7	0	0	0	0	0	0	0	1	0	0
A	EF	3	86	1	1	BA1650	12931	7	8	2	0	1	0	0	0	0	0	0
A	EF	3	86	1	1	BA1650	12934	8	0	0	0	0	0	0	0	1	0	0
A	EF	3	86	1	1	BA1650	12938	8	0	0	0	1	0	0	0	0	0	0
A	EF	3	86	1	1	BA1650	12941	8	7	0	0	0	0	0	0	0	0	0
A	EF	3	86	1	1	BA1650	12951	7	0	0	0	0	0	0	0	1	0	0
A	EF	3	86	1	1	BA1650	12954	7	8	2	0	1	0	0	0	0	0	0
A	EF	3	86	1	1	BA1650	12963	8	0	0	0	0	0	0	0	1	0	0
A	EF	3	86	1	1	BA1650	12964	8	7	0	0	0	0	0	0	0	0	0
A	EF	3	86	1	1	BA1650	12966	7	8	2	0	1	0	0	0	0	0	0
A	EF	3	86	1	1	BA1650	12969	8	0	0	0	0	0	0	0	1	0	0
A	EF	3	86	1	1	BA1650	12976	8	7	0	0	0	0	0	0	0	0	0
A	EF	3	86	1	1	BA1650	12985	7	8	2	0	1	0	0	0	0	0	0
A	EF	3	86	1	1	BA1650	12987	8	0	0	0	0	0	0	0	1	0	0
A	EF	3	86	1	1	BA1650	12991	8	0	0	0	1	0	0	0	0	0	0
A	EF	3	86	1	1	BA1650	12995	8	7	0	0	0	0	0	0	0	0	0
A	EF	3	86	1	1	BA1650	13007	7	0	0	0	0	0	0	0	1	0	0
A	EF	3	86	1	1	BA1650	13132	7	8	2	0	1	0	0	0	0	0	0
A	EF	3	86	1	1	BA1650	13142	8	7	0	0	0	0	0	0	1	0	0
A	EF	3	86	1	1	BA1650	13144	7	8	2	0	1	0	0	0	0	0	0
A	EF	3	86	1	1	BA1650	13150	8	0	0	0	0	0	0	0	1	0	0
A	EF	3	86	1	1	BA1650	13154	8	7	0	0	0	0	0	0	0	0	0
A	EF	3	86	1	1	BA1650	13201	7	8	2	0	1	0	0	0	0	0	0
A	EF	3	86	1	1	BA1650	13206	8	0	0	0	0	0	0	0	1	0	0
A	EF	3	86	1	1	BA1650	13211	8	7	0	0	0	0	0	0	0	0	0
A	EF	3	86	1	1	BA1650	13226	7	8	2	0	1	0	0	0	0	0	0
A	EF	3	86	1	1	BA1650	13236	8	7	0	0	0	0	0	0	0	0	0
A	EF	3	86	1	1	BA1650	13240	7	0	0	0	0	0	0	0	1	0	0
A	EF	3	86	1	1	BA1650	13245	7	8	2	0	1	0	0	0	0	0	0
A	EF	3	86	1	1	BA1650	13250	8	0	0	0	0	0	0	0	1	0	0
A	EF	3	86	1	1	BA1650	13255	8	7	0	0	1	0	0	0	0	0	0
A	EF	3	86	1	1	BA1650	13260	7	0	0	0	0	0	0	0	1	0	0
A	EF	3	86	1	1	BA1650	13306	7	8	2	0	1	0	0	0	0	0	0
A	EF	3	86	1	1	BA1650	13310	8	0	0	0	0	0	0	0	1	0	0
A	EF	3	86	1	1	BA1650	13312	8	0	0	0	1	0	0	0	0	0	0
A	EF	3	86	1	1	BA1650	13316	8	7	0	0	0	0	0	0	0	0	0
A	EF	3	86	1	1	BA1650	13370	7	0	0	0	0	0	0	0	1	0	0
A	EF	3	86	1	1	BA1650	13377	7	8	2	0	1	0	0	0	0	0	0
A	EF	3	86	1	1	BA1650	13380	8	0	0	0	0	0	0	0	1	0	0
A	EF	3	86	1	1	BA1650	13386	8	0	0	0	1	0	0	0	0	0	0
A	EF	3	86	1	1	BA1650	13387	8	9	0	0	0	0	0	0	0	0	0
A	EF	3	86	1	1	BA1650	13392	9	0	0	0	0	0	0	0	1	0	0
A	EF	3	86	1	1	BA1650	13394	9	0	0	0	1	0	0	0	0	0	0
A	EF	3	86	1	1	BA1650	13397	9	10	0	0	0	0	0	0	0	0	0
A	EF	3	86	1	1	BA1650	13399	10	0	0	0	0	0	0	0	1	0	0
A	EF	3	86	1	1	BA1650	13472	10	2	0	0	0	0	0	0	0	0	0
A	EF	3	86	1	1	BA1650	13473	2	6	0	0	0	0	0	0	0	0	0
A	EF	3	86	1	1	BA1650	13567	6	0	0	1	0	0	0	0	0	0	0
A	EF	3	86	1	1	BA1650	13580	6	0	0	0	0	0	0	1	0	0	0
A	EF	3	86	1	1	BA1650	13585	6	0	0	1	0	0	0	0	0	0	0
A	EF	3	86	1	1	BA1650	13606	6	0	0	0	0	0	0	1	0	0	0
A	EF	3	86	1	1	BA1650	13609	6	0	0	1	0	0	0	0	0	0	0
A	EF	3	86	1	1	BA1650	13615	6	0	0	0	0	0	0	1	0	0	0
A	EF	3	86	1	1	BA1650	13623	6	0	0	1	0	0	0	0	0	0	0
A	EF	3	86	1	1	BA1650	13627	6	0	0	0	0	0	0	1	0	0	0
A	EF	3	86	1	1	BA1650	13635	6	0	0	1	0	0	0	0	0	0	0
A	EF	3	86	1	1	BA1650	13636	6	0	0	0	0	0	0	1	0	0	0
A	EF	3	86	1	1	BA1650	13642	6	0	0	1	0	0	0	0	0	0	0
A	EF	3	86	1	1	BA1650	13650	6	0	0	0	0	0	0	1	0	0	0
A	EF	3	86	1	1	BA1650	13664	6	0	0	1	0	0	0	0	0	0	0
A	EF	3	86	1	1	BA1650	13692	6	0	0	0	0	0	0	1	0	0	0
A	EF	3	86	1	1	BA1650	13695	6	0	0	1	0	0	0	0	0	0	0
A	EF	3	86	1	1	BA1650	13699	6	0	0	0	0	0	0	1	0	0	0
A	EF	3	86	1	1	BA1650	13702	6	0	0	1	0	0	0	0	0	0	0
A	EF	3	86	1	1	BA1650	13726	6	0	0	0	0	0	0	1	0	0	0
A	EF	3	86	1	1	BA1650	13750	6	0	0	1	0	0	0	0	0	0	0
A	EF	3	86	1	1	BA1650	13760	6	0	0	0	0	0	0	1	0	0	0
A	EF	3	86	1	1	BA1650	13775	6	0	0	1	0	0	0	0	0	0	0
A	EF	3	86	1	1	BA1650	13788	6	0	0	0	0	0	0	1	0	0	0
A	EF	3	86	1	1	BA1650	13792	6	0	0	1	0	0	0	0	0	0	0
A	EF	3	86	1	1	BA1650	13809	6	0	0	0	0	0	0	1	0	0	0
A	EF	3	86	1	1	BA1650	13892	6	0	0	1	0	0	0	0	0	0	0
A	EF	3	86	1	1	BA1650	13928	6	0	0	0	0	0	0	1	0	0	0
A	EF	3	86	1	1	BA1650	13933	6	0	0	1	0	0	0	0	0	0	0
A	EF	3	86	1	1	BA1650	13946	6	0	0	0	0	0	0	1	0	0	0
A	EF	3	86	1	1	BA1650	13953	6	0	0	1	0	0	0	0	0	0	0
A	EF	3	86	1	1	BA1650	13967	6	0	0	0	0	0	0	1	0	0	0
A	EF	3	86	1	1	BA1650	14032	6	8	2	0	1	0	0	0	0	0	0
A	EF	3	86	1	1	BA1650	14042	8	7	0	0	0	0	0	0	1	0	0
A	EF	3	86	1	1	BA1650	14100	7	8	2	0	1	0	0	0	0	0	0
A	EF	3	86	1	1	BA1650	14105	8	0	0	0	0	0	0	0	1	0	0
A	EF	3	86	1	1	BA1650	14110	8	7	0	0	0	0	0	0	0	0	0
A	EF	3	86	1	1	BA1650	14113	7	8	2	0	1	0	0	0	0	0	0
A	EF	3	86	1	1	BA1650	14116	8	0	0	0	0	0	0	0	1	0	0
A	EF	3	86	1	1	BA1650	14123	8	7	0	0	0	0	0	0	0	0	0
A	EF	3	86	1	1	BA1650	14125	7	8	2	0	1	0	0	0	0	0	0
A	EF	3	86	1	1	BA1650	14131	8	0	0	0	0	0	0	0	1	0	0
A	EF	3	86	1	1	BA1650	14135	8	7	0	0	0	0	0	0	0	0	0
A	EF	3	86	1	1	BA1650	14149	7	8	2	0	1	0	0	0	0	0	0
A	EF	3	86	1	1	BA1650	14157	8	0	0	0	0	0	0	0	1	0	0
A	EF	3	86	1	1	BA1650	14159	8	7	0	0	0	0	0	0	0	0	0
A	EF	3	86	1	1	BA1650	14179	7	8	2	0	1	0	0	0	0	0	0
A	EF	3	86	1	1	BA1650	14189	8	7	0	0	0	0	0	0	0	0	0
A	EF	3	86	1	1	BA1650	14198	7	0	0	0	0	0	0	0	1	0	0
A	EF	3	86	1	1	BA1650	14201	7	8	2	0	1	0	0	0	0	0	0
A	EF	3	86	1	1	BA1650	14210	8	0	0	0	0	0	0	0	1	0	0
A	EF	3	86	1	1	BA1650	14211	8	7	0	0	0	0	0	0	0	0	0
A	EF	3	86	1	1	BA1650	14215	7	8	2	0	1	0	0	0	0	0	0
A	EF	3	86	1	1	BA1650	14217	8	0	0	0	0	0	0	0	1	0	0
A	EF	3	86	1	1	BA1650	14220	8	0	0	0	1	0	0	0	0	0	0
A	EF	3	86	1	1	BA1650	14222	8	0	0	0	0	0	0	0	1	0	0
A	EF	3	86	1	1	BA1650	14225	8	7	0	0	0	0	0	0	0	0	0
A	EF	3	86	1	1	BA1650	14242	7	8	2	0	1	0	0	0	0	0	0
A	EF	3	86	1	1	BA1650	14246	8	0	0	0	0	0	0	0	1	0	0
A	EF	3	86	1	1	BA1650	14250	8	0	0	0	1	0	0	0	0	0	0
A	EF	3	86	1	1	BA1650	14252	8	7	0	0	0	0	0	0	0	0	0
A	EF	3	86	1	1	BA1650	14262	7	0	0	0	0	0	0	0	1	0	0
A	EF	3	86	1	1	BA1650	14280	7	8	2	0	1	0	0	0	0	0	0
A	EF	3	86	1	1	BA1650	14285	8	0	0	0	0	0	0	0	1	0	0
A	EF	3	86	1	1	BA1650	14289	8	0	0	0	1	0	0	0	0	0	0
A	EF	3	86	1	1	BA1650	14290	8	7	0	0	0	0	0	0	0	0	0
A	EF	3	86	1	1	BA1650	14303	7	0	0	0	0	0	0	0	1	0	0
A	EF	3	86	1	1	BA1650	14367	7	8	2	0	1	0	0	0	1	0	0
A	EF	3	86	1	1	BA1650	14369	8	0	0	0	1	0	0	0	0	0	0
A	EF	3	86	1	1	BA1650	14372	8	0	0	0	0	0	0	0	1	0	0
A	EF	3	86	1	1	BA1650	14377	8	7	0	0	0	0	0	0	0	0	0
A	EF	3	86	1	1	BA1650	14381	7	8	2	0	1	0	0	0	0	0	0
A	EF	3	86	1	1	BA1650	14391	8	7	0	0	0	0	0	0	0	0	0
A	EF	3	86	1	1	BA1650	14394	7	0	0	0	0	0	0	0	1	0	0
A	EF	3	86	1	1	BA1650	14416	7	8	2	0	1	0	0	0	0	0	0
A	EF	3	86	1	1	BA1650	14420	8	0	0	0	0	0	0	0	1	0	0
A	EF	3	86	1	1	BA1650	14425	8	0	0	0	1	0	0	0	0	0	0
A	EF	3	86	1	1	BA1650	14426	8	7	0	0	0	0	0	0	0	0	0
A	EF	3	86	1	1	BA1650	14494	7	0	0	0	0	0	0	0	1	0	0
A	EF	3	86	1	1	BA1650	14587	7	8	2	0	1	0	0	0	0	0	0
A	EF	3	86	1	1	BA1650	14597	8	7	0	0	0	0	0	0	0	0	0
A	EF	3	86	1	1	BA1650	14612	7	0	0	0	0	0	0	0	1	0	0
A	EF	3	86	1	1	BA1650	14616	7	8	2	0	1	0	0	0	0	0	0
A	EF	3	86	1	1	BA1650	14622	8	0	0	0	0	0	0	0	1	0	0
A	EF	3	86	1	1	BA1650	14626	8	7	0	0	0	0	0	0	0	0	0
A	EF	3	86	1	1	BA1650	14633	7	8	2	0	1	0	0	0	0	0	0
A	EF	3	86	1	1	BA1650	14641	8	0	0	0	0	0	0	0	1	0	0
A	EF	3	86	1	1	BA1650	14643	8	7	0	0	0	0	0	0	0	0	0
A	EF	3	86	1	1	BA1650	14646	7	8	2	0	1	0	0	0	0	0	0
A	EF	3	86	1	1	BA1650	14656	8	7	0	0	0	0	0	0	0	0	0
A	EF	3	86	1	1	BA1650	14661	7	0	0	0	0	0	0	0	1	0	0
A	EF	3	86	1	1	BA1650	14687	7	8	2	0	1	0	0	0	0	0	0
A	EF	3	86	1	1	BA1650	14697	8	7	0	0	0	0	0	0	0	0	0
A	EF	3	86	1	1	BA1650	14706	7	0	0	0	0	0	0	0	1	0	0
A	EF	3	86	1	1	BA1650	14711	7	8	2	0	1	0	0	0	0	0	0
A	EF	3	86	1	1	BA1650	14721	8	7	0	0	0	0	0	0	0	0	0
A	EF	3	86	1	1	BA1650	14725	7	0	0	0	0	0	0	0	1	0	0
A	EF	3	86	1	1	BA1650	14728	7	8	2	0	1	0	0	0	0	0	0
A	EF	3	86	1	1	BA1650	14738	8	9	0	0	0	0	0	0	0	0	0
A	EF	3	86	1	1	BA1650	14746	9	0	0	0	0	0	0	0	1	0	0
A	EF	3	86	1	1	BA1650	14748	9	10	0	0	0	0	0	0	0	0	0
A	EF	3	86	1	1	BA1650	14823	10	2	0	0	0	0	0	0	0	0	0
A	EF	3	86	1	1	BA1650	14824	2	3	0	0	0	0	0	0	0	0	0
A	EF	3	86	1	1	BA1650	14889	3	5	1	1	0	0	0	0	0	0	0
A	EF	3	86	1	1	BA1650	14891	5	0	0	0	0	0	0	1	0	0	0
A	EF	3	86	1	1	BA1650	14899	5	4	0	0	0	0	0	0	0	0	0
A	EF	3	86	1	1	BA1650	14901	4	5	1	1	0	0	0	0	0	0	0
A	EF	3	86	1	1	BA1650	14911	5	4	0	0	0	0	0	0	0	0	0
A	EF	3	86	1	1	BA1650	14915	4	0	0	0	0	0	0	1	0	0	0
A	EF	3	86	1	1	BA1650	14918	4	5	1	1	0	0	0	0	0	0	0
A	EF	3	86	1	1	BA1650	14928	5	4	0	0	0	0	0	0	0	0	0
A	EF	3	86	1	1	BA1650	14933	4	0	0	0	0	0	0	1	0	0	0
A	EF	3	86	1	1	BA1650	14956	4	5	1	1	0	0	0	0	0	0	0
A	EF	3	86	1	1	BA1650	14959	5	0	0	0	0	0	0	1	0	0	0
A	EF	3	86	1	1	BA1650	14960	5	0	0	1	0	0	0	0	0	0	0
A	EF	3	86	1	1	BA1650	14964	5	0	0	0	0	0	0	1	0	0	0
A	EF	3	86	1	1	BA1650	14966	5	4	0	0	0	0	0	0	0	0	0
A	EF	3	86	1	1	BA1650	15044	4	5	1	1	0	0	0	0	0	0	0
A	EF	3	86	1	1	BA1650	15054	5	9	0	0	0	0	0	0	0	0	0
A	EF	3	86	1	1	BA1650	15064	9	10	0	0	0	0	0	0	0	0	0
A	EF	3	86	1	1	BA1650	15067	10	0	0	0	0	0	0	1	0	0	0
A	EF	3	86	1	1	BA1650	15139	10	2	0	0	0	0	0	0	0	0	0
A	EF	3	86	1	1	BA1650	15140	2	3	0	0	0	0	0	0	0	0	0
A	EF	3	86	1	1	BA1650	15223	3	5	1	1	0	0	0	0	0	0	0
A	EF	3	86	1	1	BA1650	15233	5	4	0	0	0	0	0	0	0	0	0
A	EF	3	86	1	1	BA1650	15234	4	0	0	0	0	0	0	1	0	0	0
A	EF	3	86	1	1	BA1650	15238	4	5	1	1	0	0	0	0	0	0	0
A	EF	3	86	1	1	BA1650	15248	5	4	0	0	0	0	0	0	0	0	0
A	EF	3	86	1	1	BA1650	15250	4	0	0	0	0	0	0	1	0	0	0
A	EF	3	86	1	1	BA1650	15254	4	5	1	1	0	0	0	0	0	0	0
A	EF	3	86	1	1	BA1650	15264	5	4	0	0	0	0	0	0	0	0	0
A	EF	3	86	1	1	BA1650	15273	4	0	0	0	0	0	0	1	0	0	0
A	EF	3	86	1	1	BA1650	15277	4	5	1	1	0	0	0	0	0	0	0
A	EF	3	86	1	1	BA1650	15285	5	0	0	0	0	0	0	1	0	0	0
A	EF	3	86	1	1	BA1650	15287	5	4	0	0	0	0	0	0	0	0	0
A	EF	3	86	1	1	BA1650	15289	4	5	1	1	0	0	0	0	0	0	0
A	EF	3	86	1	1	BA1650	15296	5	0	0	0	0	0	0	1	0	0	0
A	EF	3	86	1	1	BA1650	15299	5	9	0	0	0	0	0	0	0	0	0
A	EF	3	86	1	1	BA1650	15309	9	10	0	0	0	0	0	0	0	0	0
A	EF	3	86	1	1	BA1650	15384	10	2	0	0	0	0	0	0	0	0	0
A	EF	3	86	1	1	BA1650	15385	2	3	0	0	0	0	0	0	0	0	0
A	EF	3	86	1	1	BA1650	15470	3	5	1	1	0	0	0	0	0	0	0
A	EF	3	86	1	1	BA1650	15480	5	4	0	0	0	0	0	0	0	0	0
A	EF	3	86	1	1	BA1650	15493	4	0	0	0	0	0	0	1	0	0	0
A	EF	3	86	1	1	BA1650	15498	4	5	1	1	0	0	0	0	0	0	0
A	EF	3	86	1	1	BA1650	15502	5	0	0	0	0	0	0	1	0	0	0
A	EF	3	86	1	1	BA1650	15506	5	0	0	1	0	0	0	0	0	0	0
A	EF	3	86	1	1	BA1650	15508	5	4	0	0	0	0	0	0	0	0	0
A	EF	3	86	1	1	BA1650	15530	4	5	1	1	0	0	0	1	0	0	0
A	EF	3	86	1	1	BA1650	15540	5	4	0	0	0	0	0	1	0	0	0
A	EF	3	86	1	1	BA1650	15542	4	5	1	1	0	0	0	0	0	0	0
A	EF	3	86	1	1	BA1650	15552	5	4	0	0	0	0	0	0	0	0	0
A	EF	3	86	1	1	BA1650	15555	4	0	0	0	0	0	0	1	0	0	0
A	EF	3	86	1	1	BA1650	15560	4	5	1	1	0	0	0	0	0	0	0
A	EF	3	86	1	1	BA1650	15570	5	9	0	0	0	0	0	0	0	0	0
A	EF	3	86	1	1	BA1650	15580	9	10	0	0	0	0	0	0	0	0	0
A	EF	3	86	1	1	BA1650	15585	10	0	0	0	0	0	0	1	0	0	0
A	EF	3	86	1	1	BA1650	15655	10	2	0	0	0	0	0	0	0	0	0
A	EF	3	86	1	1	BA1650	15656	2	6	0	0	0	0	0	0	0	0	0
A	EF	3	86	1	1	BA1650	15799	6	0	0	1	0	0	0	0	0	0	0
A	EF	3	86	1	1	BA1650	15802	6	0	0	0	0	0	0	1	0	0	0
A	EF	3	86	1	1	BA1650	15806	6	0	0	1	0	0	0	0	0	0	0
A	EF	3	86	1	1	BA1650	15834	6	0	0	0	0	0	0	1	0	0	0
A	EF	3	86	1	1	BA1650	16699	6	8	2	0	1	0	0	0	0	0	0
A	EF	3	86	1	1	BA1650	16705	8	0	0	0	0	0	0	0	1	0	0
A	EF	3	86	1	1	BA1650	16709	8	7	0	0	0	0	0	0	0	0	0
A	EF	3	86	1	1	BA1650	16763	7	8	2	0	1	0	0	0	0	0	0
A	EF	3	86	1	1	BA1650	16767	8	0	0	0	0	0	0	0	1	0	0
A	EF	3	86	1	1	BA1650	16773	8	7	0	0	0	0	0	0	0	0	0
A	EF	3	86	1	1	BA1650	16791	7	8	2	0	1	0	0	0	0	0	0
A	EF	3	86	1	1	BA1650	16793	8	0	0	0	0	0	0	0	1	0	0
A	EF	3	86	1	1	BA1650	16796	8	0	0	0	1	0	0	0	0	0	0
A	EF	3	86	1	1	BA1650	16801	8	7	0	0	0	0	0	0	1	0	0
A	EF	3	86	1	1	BA1650	16808	7	8	2	0	1	0	0	0	0	0	0
A	EF	3	86	1	1	BA1650	16818	8	7	0	0	0	0	0	0	1	0	0
A	EF	3	86	1	1	BA1650	16830	7	8	2	0	1	0	0	0	0	0	0
A	EF	3	86	1	1	BA1650	16832	8	0	0	0	0	0	0	0	1	0	0
A	EF	3	86	1	1	BA1650	16840	8	7	0	0	0	0	0	0	0	0	0
A	EF	3	86	1	1	BA1650	16851	7	8	2	0	1	0	0	0	0	0	0
A	EF	3	86	1	1	BA1650	16858	8	0	0	0	0	0	0	0	1	0	0
A	EF	3	86	1	1	BA1650	16861	8	7	0	0	1	0	0	0	0	0	0
A	EF	3	86	1	1	BA1650	16868	7	0	0	0	0	0	0	0	1	0	0
A	EF	3	86	1	1	BA1650	16888	7	8	2	0	1	0	0	0	0	0	0
A	EF	3	86	1	1	BA1650	16890	8	0	0	0	0	0	0	0	1	0	0
A	EF	3	86	1	1	BA1650	16895	8	0	0	0	1	0	0	0	0	0	0
A	EF	3	86	1	1	BA1650	16898	8	7	0	0	0	0	0	0	0	0	0
A	EF	3	86	1	1	BA1650	16912	7	0	0	0	0	0	0	0	1	0	0
A	EF	3	86	1	1	BA1650	16970	7	8	2	0	1	0	0	0	0	0	0
A	EF	3	86	1	1	BA1650	16971	8	0	0	0	0	0	0	0	1	0	0
A	EF	3	86	1	1	BA1650	16973	8	0	0	0	1	0	0	0	0	0	0
A	EF	3	86	1	1	BA1650	16975	8	0	0	0	0	0	0	0	1	0	0
A	EF	3	86	1	1	BA1650	16980	8	7	0	0	0	0	0	0	0	0	0
A	EF	3	86	1	1	BA1650	16981	7	8	2	0	1	0	0	0	0	0	0
A	EF	3	86	1	1	BA1650	16986	8	0	0	0	0	0	0	0	1	0	0
A	EF	3	86	1	1	BA1650	16991	8	7	0	0	0	0	0	0	0	0	0
A	EF	3	86	1	1	BA1650	17013	7	8	2	0	1	0	0	0	0	0	0
A	EF	3	86	1	1	BA1650	17015	8	0	0	0	0	0	0	0	1	0	0
A	EF	3	86	1	1	BA1650	17023	8	7	0	0	0	0	0	0	0	0	0
A	EF	3	86	1	1	BA1650	17164	7	8	2	0	1	0	0	0	0	0	0
A	EF	3	86	1	1	BA1650	17174	8	7	0	0	0	0	0	0	0	0	0
A	EF	3	86	1	1	BA1650	17250	7	0	0	0	0	0	0	0	1	0	0
A	EF	3	86	1	1	BA1650	17254	7	8	2	0	1	0	0	0	0	0	0
A	EF	3	86	1	1	BA1650	17264	8	7	0	0	0	0	0	0	0	0	0
A	EF	3	86	1	1	BA1650	17266	7	0	0	0	0	0	0	0	1	0	0
A	EF	3	86	1	1	BA1650	17279	7	8	2	0	1	0	0	0	0	0	0
A	EF	3	86	1	1	BA1650	17289	8	7	0	0	0	0	0	0	0	0	0
A	EF	3	86	1	1	BA1650	17305	7	0	0	0	0	0	0	0	1	0	0
A	EF	3	86	1	1	BA1650	17332	7	8	2	0	1	0	0	0	0	0	0
A	EF	3	86	1	1	BA1650	17335	8	0	0	0	0	0	0	0	1	0	0
A	EF	3	86	1	1	BA1650	17339	8	0	0	0	1	0	0	0	0	0	0
A	EF	3	86	1	1	BA1650	17342	8	7	0	0	0	0	0	0	0	0	0
A	EF	3	86	1	1	BA1650	17354	7	0	0	0	0	0	0	0	1	0	0
A	EF	3	86	1	1	BA1650	17358	7	8	2	0	1	0	0	0	0	0	0
A	EF	3	86	1	1	BA1650	17368	8	7	0	0	0	0	0	0	0	0	0
A	EF	3	86	1	1	BA1650	17378	7	0	0	0	0	0	0	0	1	0	0
A	EF	3	86	1	1	BA1650	17427	7	8	2	0	1	0	0	0	0	0	0
A	EF	3	86	1	1	BA1650	17437	8	7	0	0	0	0	0	0	0	0	0
A	EF	3	86	1	1	BA1650	17457	7	0	0	0	0	0	0	0	1	0	0
A	EF	3	86	1	1	BA1650	17460	7	8	2	0	1	0	0	0	0	0	0
A	EF	3	86	1	1	BA1650	17468	8	0	0	0	0	0	0	0	1	0	0
A	EF	3	86	1	1	BA1650	17470	8	7	0	0	0	0	0	0	0	0	0
A	EF	3	86	1	1	BA1650	17473	7	8	2	0	1	0	0	0	0	0	0
A	EF	3	86	1	1	BA1650	17483	8	7	0	0	0	0	0	0	0	0	0
A	EF	3	86	1	1	BA1650	17502	7	0	0	0	0	0	0	0	1	0	0
A	EF	3	86	1	1	BA1650	17530	7	8	2	0	1	0	0	0	0	0	0
A	EF	3	86	1	1	BA1650	17535	8	0	0	0	0	0	0	0	1	0	0
A	EF	3	86	1	1	BA1650	17537	8	0	0	0	1	0	0	0	0	0	0
A	EF	3	86	1	1	BA1650	17540	8	7	0	0	0	0	0	0	0	0	0
A	EF	3	86	1	1	BA1650	17565	7	0	0	0	0	0	0	0	1	0	0
A	EF	3	86	1	1	BA1650	17593	7	8	2	0	1	0	0	0	0	0	0
A	EF	3	86	1	1	BA1650	17595	8	0	0	0	1	0	0	0	1	0	0
A	EF	3	86	1	1	BA1650	17597	8	0	0	0	1	0	0	0	1	0	0
A	EF	3	86	1	1	BA1650	17603	8	9	0	0	0	0	0	0	0	0	0
A	EF	3	86	1	1	BA1650	17613	9	10	0	0	0	0	0	0	0	0	0
A	EF	3	86	1	1	BA1650	17614	10	0	0	0	0	0	0	0	1	0	0
A	EF	3	86	1	1	BA1650	17688	10	2	0	0	0	0	0	0	0	0	0
A	EF	3	86	1	1	BA1650	17689	2	6	0	0	0	0	0	0	0	0	0
A	EF	3	86	1	1	BA1650	18288	6	8	2	0	1	0	0	0	0	0	0
A	EF	3	86	1	1	BA1650	18298	8	7	0	0	0	0	0	0	0	0	0
A	EF	3	86	1	1	BA1650	18309	7	0	0	0	0	0	0	0	1	0	0
A	EF	3	86	1	1	BA1650	18312	7	8	2	0	1	0	0	0	0	0	0
A	EF	3	86	1	1	BA1650	18318	8	0	0	0	0	0	0	0	1	0	0
A	EF	3	86	1	1	BA1650	18321	8	0	0	0	1	0	0	0	0	0	0
A	EF	3	86	1	1	BA1650	18322	8	7	0	0	0	0	0	0	0	0	0
A	EF	3	86	1	1	BA1650	18371	7	0	0	0	0	0	0	0	1	0	0
A	EF	3	86	1	1	BA1650	18374	7	8	2	0	1	0	0	0	0	0	0
A	EF	3	86	1	1	BA1650	18384	8	7	0	0	0	0	0	0	0	0	0
A	EF	3	86	1	1	BA1650	18420	7	0	0	0	0	0	0	0	1	0	0
A	EF	3	86	1	1	BA1650	18433	7	8	2	0	1	0	0	0	0	0	0
A	EF	3	86	1	1	BA1650	18443	8	7	0	0	0	0	0	0	0	0	0
A	EF	3	86	1	1	BA1650	18444	7	0	0	0	0	0	0	0	1	0	0
A	EF	3	86	1	1	BA1650	18447	7	8	2	0	1	0	0	0	0	0	0
A	EF	3	86	1	1	BA1650	18453	8	0	0	0	0	0	0	0	1	0	0
A	EF	3	86	1	1	BA1650	18454	8	0	0	0	1	0	0	0	0	0	0
A	EF	3	86	1	1	BA1650	18457	8	7	0	0	0	0	0	0	0	0	0
A	EF	3	86	1	1	BA1650	18458	7	0	0	0	0	0	0	0	1	0	0
A	EF	3	86	1	1	BA1650	18466	7	8	2	0	1	0	0	0	0	0	0
A	EF	3	86	1	1	BA1650	18476	8	7	0	0	0	0	0	0	0	0	0
A	EF	3	86	1	1	BA1650	18479	7	0	0	0	0	0	0	0	1	0	0
A	EF	3	86	1	1	BA1650	18485	7	8	2	0	1	0	0	0	0	0	0
A	EF	3	86	1	1	BA1650	18495	8	7	0	0	0	0	0	0	0	0	0
A	EF	3	86	1	1	BA1650	18522	7	0	0	0	0	0	0	0	1	0	0
A	EF	3	86	1	1	BA1650	18524	7	8	2	0	1	0	0	0	0	0	0
A	EF	3	86	1	1	BA1650	18534	8	7	0	0	0	0	0	0	0	0	0
A	EF	3	86	1	1	BA1650	18552	7	0	0	0	0	0	0	0	1	0	0
A	EF	3	86	1	1	BA1650	18576	7	8	2	0	1	0	0	0	0	0	0
A	EF	3	86	1	1	BA1650	18586	8	7	0	0	0	0	0	0	0	0	0
A	EF	3	86	1	1	BA1650	18620	7	0	0	0	0	0	0	0	1	0	0
A	EF	3	86	1	1	BA1650	18627	7	8	2	0	1	0	0	0	0	0	0
A	EF	3	86	1	1	BA1650	18637	8	7	0	0	0	0	0	0	0	0	0
A	EF	3	86	1	1	BA1650	18668	7	0	0	0	0	0	0	0	1	0	0
A	EF	3	86	1	1	BA1650	18749	7	8	2	0	1	0	0	0	0	0	0
A	EF	3	86	1	1	BA1650	18759	8	7	0	0	0	0	0	0	0	0	0
A	EF	3	86	1	1	BA1650	18834	7	0	0	0	0	0	0	0	1	0	0
A	EF	3	86	1	1	BA1650	18869	7	8	2	0	1	0	0	0	0	0	0
A	EF	3	86	1	1	BA1650	18879	8	7	0	0	0	0	0	0	0	0	0
A	EF	3	86	1	1	BA1650	18885	7	0	0	0	0	0	0	0	1	0	0
A	EF	3	86	1	1	BA1650	18887	7	8	2	0	1	0	0	0	0	0	0
A	EF	3	86	1	1	BA1650	18897	8	7	0	0	0	0	0	0	0	0	0
A	EF	3	86	1	1	BA1650	18948	7	0	0	0	0	0	0	0	1	0	0
A	EF	3	86	1	1	BA1650	18950	7	8	2	0	1	0	0	0	0	0	0
A	EF	3	86	1	1	BA1650	18960	8	7	0	0	0	0	0	0	0	0	0
A	EF	3	86	1	1	BA1650	18967	7	0	0	0	0	0	0	0	1	0	0
A	EF	3	86	1	1	BA1650	19086	7	8	2	0	1	0	0	0	0	0	0
A	EF	3	86	1	1	BA1650	19096	8	7	0	0	0	0	0	0	0	0	0
A	EF	3	86	1	1	BA1650	19120	7	0	0	0	0	0	0	0	1	0	0
A	EF	3	86	1	1	BA1650	19151	7	8	2	0	1	0	0	0	0	0	0
A	EF	3	86	1	1	BA1650	19155	8	0	0	0	0	0	0	0	1	0	0
A	EF	3	86	1	1	BA1650	19161	8	7	0	0	0	0	0	0	0	0	0
A	EF	3	86	1	1	BA1650	19186	7	8	2	0	1	0	0	0	0	0	0
A	EF	3	86	1	1	BA1650	19196	8	7	0	0	0	0	0	0	0	0	0
A	EF	3	86	1	1	BA1650	19215	7	0	0	0	0	0	0	0	1	0	0
A	EF	3	86	1	1	BA1650	19223	7	8	2	0	1	0	0	0	0	0	0
A	EF	3	86	1	1	BA1650	19225	8	0	0	0	0	0	0	0	1	0	0
A	EF	3	86	1	1	BA1650	19233	8	7	0	0	0	0	0	0	0	0	0
A	EF	3	86	1	1	BA1650	19237	7	8	2	0	1	0	0	0	0	0	0
A	EF	3	86	1	1	BA1650	19240	8	0	0	0	0	0	0	0	1	0	0
A	EF	3	86	1	1	BA1650	19244	8	0	0	0	1	0	0	0	0	0	0
A	EF	3	86	1	1	BA1650	19247	8	7	0	0	0	0	0	0	0	0	0
A	EF	3	86	1	1	BA1650	19271	7	0	0	0	0	0	0	0	1	0	0
A	EF	3	86	1	1	BA1650	19287	7	8	2	0	1	0	0	0	0	0	0
A	EF	3	86	1	1	BA1650	19290	8	0	0	0	0	0	0	0	1	0	0
A	EF	3	86	1	1	BA1650	19294	8	0	0	0	1	0	0	0	0	0	0
A	EF	3	86	1	1	BA1650	19297	8	9	0	0	0	0	0	0	1	0	0
A	EF	3	86	1	1	BA1650	19300	9	0	0	0	1	0	0	0	0	0	0
A	EF	3	86	1	1	BA1650	19307	9	10	0	0	0	0	0	0	0	0	0
A	EF	3	86	1	1	BA1650	19314	10	0	0	0	0	0	0	0	1	0	0
A	EF	3	86	1	1	BA1650	19382	10	2	0	0	0	0	0	0	0	0	0
A	EF	3	86	1	1	BA1650	19383	2	3	0	0	0	0	0	0	0	0	0
A	EF	3	86	1	1	BA1650	19456	3	5	1	1	0	0	0	0	0	0	0
A	EF	3	86	1	1	BA1650	19460	5	0	0	0	0	0	0	1	0	0	0
A	EF	3	86	1	1	BA1650	19466	5	4	0	0	0	0	0	0	0	0	0
A	EF	3	86	1	1	BA1650	19471	4	5	1	1	0	0	0	0	0	0	0
A	EF	3	86	1	1	BA1650	19481	5	4	0	0	0	0	0	1	0	0	0
A	EF	3	86	1	1	BA1650	19485	4	5	1	1	0	0	0	0	0	0	0
A	EF	3	86	1	1	BA1650	19495	5	4	0	0	0	0	0	0	0	0	0
A	EF	3	86	1	1	BA1650	19496	4	0	0	0	0	0	0	1	0	0	0
A	EF	3	86	1	1	BA1650	19502	4	5	1	1	0	0	0	0	0	0	0
A	EF	3	86	1	1	BA1650	19512	5	4	0	0	0	0	0	0	0	0	0
A	EF	3	86	1	1	BA1650	19514	4	0	0	0	0	0	0	1	0	0	0
A	EF	3	86	1	1	BA1650	19519	4	5	1	1	0	0	0	0	0	0	0
A	EF	3	86	1	1	BA1650	19520	5	0	0	0	0	0	0	1	0	0	0
A	EF	3	86	1	1	BA1650	19529	5	9	0	0	0	0	0	0	0	0	0
A	EF	3	86	1	1	BA1650	19533	9	0	0	1	0	0	0	0	0	0	0
A	EF	3	86	1	1	BA1650	19535	9	0	0	0	0	0	0	1	0	0	0
A	EF	3	86	1	1	BA1650	19539	9	10	0	0	0	0	0	0	0	0	0
A	EF	3	86	1	1	BA1650	19614	10	2	0	0	0	0	0	0	0	0	0
A	EF	3	86	1	1	BA1650	19615	2	6	0	0	0	0	0	0	0	0	0
A	EF	3	86	1	1	BA1650	20101	6	8	2	0	1	0	0	0	0	0	0
A	EF	3	86	1	1	BA1650	20107	8	0	0	0	0	0	0	0	1	0	0
A	EF	3	86	1	1	BA1650	20111	8	7	0	0	1	0	0	0	0	0	0
A	EF	3	86	1	1	BA1650	20129	7	0	0	0	0	0	0	0	1	0	0
A	EF	3	86	1	1	BA1650	20200	7	0	0	1	0	0	0	0	0	0	0
A	EF	3	86	1	1	BA1650	20225	7	0	0	0	0	0	0	1	0	0	0
A	EF	3	86	1	1	BA1650	20756	7	8	2	0	1	0	0	0	0	0	0
A	EF	3	86	1	1	BA1650	20762	8	0	0	0	0	0	0	0	1	0	0
A	EF	3	86	1	1	BA1650	20766	8	7	0	0	0	0	0	0	0	0	0
A	EF	3	86	1	1	BA1650	20837	7	8	2	0	1	0	0	0	0	0	0
A	EF	3	86	1	1	BA1650	20847	8	7	0	0	0	0	0	0	0	0	0
A	EF	3	86	1	1	BA1650	20873	7	0	0	0	0	0	0	0	1	0	0
A	EF	3	86	1	1	BA1650	20885	7	8	2	0	1	0	0	0	0	0	0
A	EF	3	86	1	1	BA1650	20891	8	0	0	0	0	0	0	0	1	0	0
A	EF	3	86	1	1	BA1650	20895	8	7	0	0	0	0	0	0	0	0	0
A	EF	3	86	1	1	BA1650	20930	7	8	2	0	1	0	0	0	0	0	0
A	EF	3	86	1	1	BA1650	20932	8	0	0	0	0	0	0	0	1	0	0
A	EF	3	86	1	1	BA1650	20940	8	7	0	0	0	0	0	0	0	0	0
A	EF	3	86	1	1	BA1650	20956	7	8	2	0	1	0	0	0	0	0	0
A	EF	3	86	1	1	BA1650	20966	8	7	0	0	0	0	0	0	0	0	0
A	EF	3	86	1	1	BA1650	20973	7	0	0	0	0	0	0	0	1	0	0
A	EF	3	86	1	1	BA1650	21021	7	8	2	0	1	0	0	0	0	0	0
A	EF	3	86	1	1	BA1650	21031	8	7	0	0	0	0	0	0	0	0	0
A	EF	3	86	1	1	BA1650	21064	7	0	0	0	0	0	0	0	1	0	0
A	EF	3	86	1	1	BA1650	21078	7	8	2	0	1	0	0	0	0	0	0
A	EF	3	86	1	1	BA1650	21088	8	7	0	0	0	0	0	0	0	0	0
A	EF	3	86	1	1	BA1650	21092	7	0	0	0	0	0	0	0	1	0	0
A	EF	3	86	1	1	BA1650	21097	7	8	2	0	1	0	0	0	0	0	0
A	EF	3	86	1	1	BA1650	21107	8	7	0	0	0	0	0	0	0	0	0
A	EF	3	86	1	1	BA1650	21134	7	0	0	0	0	0	0	0	1	0	0
A	EF	3	86	1	1	BA1650	21147	7	8	2	0	1	0	0	0	0	0	0
A	EF	3	86	1	1	BA1650	21151	8	0	0	0	0	0	0	0	1	0	0
A	EF	3	86	1	1	BA1650	21154	8	0	0	0	1	0	0	0	0	0	0
A	EF	3	86	1	1	BA1650	21157	8	7	0	0	0	0	0	0	1	0	0
A	EF	3	86	1	1	BA1650	21160	7	8	2	0	1	0	0	0	0	0	0
A	EF	3	86	1	1	BA1650	21170	8	7	0	0	0	0	0	0	1	0	0
A	EF	3	86	1	1	BA1650	21173	7	8	2	0	1	0	0	0	0	0	0
A	EF	3	86	1	1	BA1650	21183	8	7	0	0	0	0	0	0	0	0	0
A	EF	3	86	1	1	BA1650	21211	7	0	0	0	0	0	0	0	1	0	0
A	EF	3	86	1	1	BA1650	21251	7	8	2	0	1	0	0	0	0	0	0
A	EF	3	86	1	1	BA1650	21261	8	7	0	0	0	0	0	0	0	0	0
A	EF	3	86	1	1	BA1650	21274	7	0	0	0	0	0	0	0	1	0	0
A	EF	3	86	1	1	BA1650	21278	7	8	2	0	1	0	0	0	0	0	0
A	EF	3	86	1	1	BA1650	21283	8	0	0	0	0	0	0	0	1	0	0
A	EF	3	86	1	1	BA1650	21288	8	7	0	0	1	0	0	0	0	0	0
A	EF	3	86	1	1	BA1650	21294	7	0	0	0	0	0	0	0	1	0	0
A	EF	3	86	1	1	BA1650	21333	7	8	2	0	1	0	0	0	0	0	0
A	EF	3	86	1	1	BA1650	21337	8	0	0	0	0	0	0	0	1	0	0
A	EF	3	86	1	1	BA1650	21343	8	7	0	0	0	0	0	0	0	0	0
A	EF	3	86	1	1	BA1650	21348	7	8	2	0	1	0	0	0	0	0	0
A	EF	3	86	1	1	BA1650	21350	8	0	0	0	0	0	0	0	1	0	0
A	EF	3	86	1	1	BA1650	21353	8	0	0	0	1	0	0	0	0	0	0
A	EF	3	86	1	1	BA1650	21358	8	7	0	0	0	0	0	0	0	0	0
A	EF	3	86	1	1	BA1650	21369	7	0	0	0	0	0	0	0	1	0	0
A	EF	3	86	1	1	BA1650	21373	7	8	2	0	1	0	0	0	0	0	0
A	EF	3	86	1	1	BA1650	21383	8	7	0	0	0	0	0	0	0	0	0
A	EF	3	86	1	1	BA1650	21387	7	0	0	0	0	0	0	0	1	0	0
A	EF	3	86	1	1	BA1650	21405	7	8	2	0	1	0	0	0	0	0	0
A	EF	3	86	1	1	BA1650	21413	8	0	0	0	0	0	0	0	1	0	0
A	EF	3	86	1	1	BA1650	21415	8	7	0	0	0	0	0	0	0	0	0
A	EF	3	86	1	1	BA1650	21419	7	8	2	0	1	0	0	0	0	0	0
A	EF	3	86	1	1	BA1650	21423	8	0	0	0	0	0	0	0	1	0	0
A	EF	3	86	1	1	BA1650	21429	8	7	0	0	0	0	0	0	0	0	0
A	EF	3	86	1	1	BA1650	21449	7	8	2	0	1	0	0	0	0	0	0
A	EF	3	86	1	1	BA1650	21457	8	0	0	0	0	0	0	0	1	0	0
A	EF	3	86	1	1	BA1650	21459	8	9	0	0	0	0	0	0	0	0	0
A	EF	3	86	1	1	BA1650	21460	9	0	0	0	1	0	0	0	0	0	0
A	EF	3	86	1	1	BA1650	21469	9	10	0	0	0	0	0	0	0	0	0
A	EF	3	86	1	1	BA1650	21479	10	0	0	0	0	0	0	0	1	0	0
A	EF	3	86	1	1	BA1650	21544	10	2	0	0	0	0	0	0	0	0	0
A	EF	3	86	1	1	BA1650	21545	2	3	0	0	0	0	0	0	0	0	0
A	EF	3	86	1	1	BA1650	21644	3	5	1	1	0	0	0	0	0	0	0
A	EF	3	86	1	1	BA1650	21653	5	0	0	0	0	0	0	1	0	0	0
A	EF	3	86	1	1	BA1650	21654	5	4	0	0	0	0	0	0	0	0	0
A	EF	3	86	1	1	BA1650	21660	4	5	1	1	0	0	0	0	0	0	0
A	EF	3	86	1	1	BA1650	21667	5	0	0	0	0	0	0	1	0	0	0
A	EF	3	86	1	1	BA1650	21670	5	4	0	0	0	0	0	0	0	0	0
A	EF	3	86	1	1	BA1650	21671	4	5	1	1	0	0	0	0	0	0	0
A	EF	3	86	1	1	BA1650	21681	5	4	0	0	0	0	0	0	0	0	0
A	EF	3	86	1	1	BA1650	21682	4	0	0	0	0	0	0	1	0	0	0
A	EF	3	86	1	1	BA1650	21687	4	5	1	1	0	0	0	0	0	0	0
A	EF	3	86	1	1	BA1650	21692	5	0	0	0	0	0	0	1	0	0	0
A	EF	3	86	1	1	BA1650	21696	5	0	0	1	0	0	0	0	0	0	0
A	EF	3	86	1	1	BA1650	21697	5	4	0	0	0	0	0	0	0	0	0
A	EF	3	86	1	1	BA1650	21709	4	0	0	0	0	0	0	1	0	0	0
A	EF	3	86	1	1	BA1650	21748	4	5	1	1	0	0	0	0	0	0	0
A	EF	3	86	1	1	BA1650	21758	5	9	0	0	0	0	0	0	0	0	0
A	EF	3	86	1	1	BA1650	21760	9	0	0	0	0	0	0	1	0	0	0
A	EF	3	86	1	1	BA1650	21763	9	0	0	1	0	0	0	0	0	0	0
A	EF	3	86	1	1	BA1650	21768	9	10	0	0	0	0	0	0	0	0	0
A	EF	3	86	1	1	BA1650	21775	10	0	0	0	0	0	0	1	0	0	0
A	EF	3	86	1	1	BA1650	21778	10	0	0	1	0	0	0	0	0	0	0
A	EF	3	86	1	1	BA1650	21783	10	0	0	0	0	0	0	1	0	0	0
A	EF	3	86	1	1	BA1650	21843	10	2	0	0	0	0	0	0	0	0	0
A	EF	3	86	1	1	BA1650	21844	2	6	0	0	0	0	0	0	0	0	0
A	EF	3	86	1	1	BA1650	22251	6	8	2	0	1	0	0	0	0	0	0
A	EF	3	86	1	1	BA1650	22261	8	7	0	0	0	0	0	0	0	0	0
A	EF	3	86	1	1	BA1650	22270	7	0	0	0	0	0	0	0	1	0	0
A	EF	3	86	1	1	BA1650	22301	7	8	2	0	1	0	0	0	0	0	0
A	EF	3	86	1	1	BA1650	22310	8	0	0	0	0	0	0	0	1	0	0
A	EF	3	86	1	1	BA1650	22311	8	7	0	0	0	0	0	0	0	0	0
A	EF	3	86	1	1	BA1650	22326	7	8	2	0	1	0	0	0	0	0	0
A	EF	3	86	1	1	BA1650	22332	8	0	0	0	0	0	0	0	1	0	0
A	EF	3	86	1	1	BA1650	22336	8	7	0	0	0	0	0	0	0	0	0
A	EF	3	86	1	1	BA1650	22363	7	8	2	0	1	0	0	0	0	0	0
A	EF	3	86	1	1	BA1650	22370	8	0	0	0	0	0	0	0	1	0	0
A	EF	3	86	1	1	BA1650	22373	8	7	0	0	0	0	0	0	0	0	0
A	EF	3	86	1	1	BA1650	22374	7	8	2	0	1	0	0	0	0	0	0
A	EF	3	86	1	1	BA1650	22384	8	7	0	0	0	0	0	0	0	0	0
A	EF	3	86	1	1	BA1650	22385	7	0	0	0	0	0	0	0	1	0	0
A	EF	3	86	1	1	BA1650	22415	7	8	2	0	1	0	0	0	0	0	0
A	EF	3	86	1	1	BA1650	22424	8	0	0	0	0	0	0	0	1	0	0
A	EF	3	86	1	1	BA1650	22425	8	7	0	0	0	0	0	0	0	0	0
A	EF	3	86	1	1	BA1650	22427	7	8	2	0	1	0	0	0	0	0	0
A	EF	3	86	1	1	BA1650	22437	8	7	0	0	0	0	0	0	0	0	0
A	EF	3	86	1	1	BA1650	22440	7	0	0	0	0	0	0	0	1	0	0
A	EF	3	86	1	1	BA1650	22443	7	8	2	0	1	0	0	0	0	0	0
A	EF	3	86	1	1	BA1650	22445	8	0	0	0	0	0	0	0	1	0	0
A	EF	3	86	1	1	BA1650	22453	8	7	0	0	0	0	0	0	0	0	0
A	EF	3	86	1	1	BA1650	22484	7	8	2	0	1	0	0	0	0	0	0
A	EF	3	86	1	1	BA1650	22493	8	0	0	0	0	0	0	0	1	0	0
A	EF	3	86	1	1	BA1650	22494	8	7	0	0	0	0	0	0	0	0	0
A	EF	3	86	1	1	BA1650	22502	7	8	2	0	1	0	0	0	0	0	0
A	EF	3	86	1	1	BA1650	22512	8	7	0	0	0	0	0	0	0	0	0
A	EF	3	86	1	1	BA1650	22524	7	0	0	0	0	0	0	0	1	0	0
A	EF	3	86	1	1	BA1650	22547	7	8	2	0	1	0	0	0	0	0	0
A	EF	3	86	1	1	BA1650	22555	8	0	0	0	0	0	0	0	1	0	0
A	EF	3	86	1	1	BA1650	22557	8	7	0	0	0	0	0	0	0	0	0
A	EF	3	86	1	1	BA1650	22558	7	8	2	0	1	0	0	0	0	0	0
A	EF	3	86	1	1	BA1650	22568	8	7	0	0	0	0	0	0	0	0	0
A	EF	3	86	1	1	BA1650	22569	7	0	0	0	0	0	0	0	1	0	0
A	EF	3	86	1	1	BA1650	22572	7	8	2	0	1	0	0	0	0	0	0
A	EF	3	86	1	1	BA1650	22582	8	7	0	0	0	0	0	0	0	0	0
A	EF	3	86	1	1	BA1650	22597	7	0	0	0	0	0	0	0	1	0	0
A	EF	3	86	1	1	BA1650	22600	7	8	2	0	1	0	0	0	0	0	0
A	EF	3	86	1	1	BA1650	22610	8	7	0	0	0	0	0	0	1	0	0
A	EF	3	86	1	1	BA1650	22794	7	8	2	0	1	0	0	0	0	0	0
A	EF	3	86	1	1	BA1650	22804	8	7	0	0	0	0	0	0	0	0	0
A	EF	3	86	1	1	BA1650	22815	7	0	0	0	0	0	0	0	1	0	0
A	EF	3	86	1	1	BA1650	22857	7	8	2	0	1	0	0	0	0	0	0
A	EF	3	86	1	1	BA1650	22862	8	0	0	0	0	0	0	0	1	0	0
A	EF	3	86	1	1	BA1650	22867	8	7	0	0	0	0	0	0	0	0	0
A	EF	3	86	1	1	BA1650	22869	7	8	2	0	1	0	0	0	0	0	0
A	EF	3	86	1	1	BA1650	22879	8	7	0	0	0	0	0	0	0	0	0
A	EF	3	86	1	1	BA1650	22882	7	0	0	0	0	0	0	0	1	0	0
A	EF	3	86	1	1	BA1650	22885	7	8	2	0	1	0	0	0	0	0	0
A	EF	3	86	1	1	BA1650	22895	8	7	0	0	0	0	0	0	0	0	0
A	EF	3	86	1	1	BA1650	22911	7	0	0	0	0	0	0	0	1	0	0
A	EF	3	86	1	1	BA1650	22922	7	8	2	0	1	0	0	0	0	0	0
A	EF	3	86	1	1	BA1650	22932	8	7	0	0	0	0	0	0	1	0	0
A	EF	3	86	1	1	BA1650	22933	7	8	2	0	1	0	0	0	0	0	0
A	EF	3	86	1	1	BA1650	22943	8	9	0	0	0	0	0	0	0	0	0
A	EF	3	86	1	1	BA1650	22944	9	0	0	0	0	0	0	0	1	0	0
A	EF	3	86	1	1	BA1650	22947	9	0	0	0	1	0	0	0	0	0	0
A	EF	3	86	1	1	BA1650	22953	9	10	0	0	0	0	0	0	0	0	0
A	EF	3	86	1	1	BA1650	22961	10	0	0	0	0	0	0	0	1	0	0
A	EF	3	86	1	1	BA1650	23028	10	2	0	0	0	0	0	0	0	0	0
A	EF	3	86	1	1	BA1650	23029	2	6	0	0	0	0	0	0	0	0	0
A	EF	3	86	1	1	BA1650	23108	6	0	0	1	0	0	0	0	0	0	0
A	EF	3	86	1	1	BA1650	23150	6	0	0	0	0	0	0	1	0	0	0
A	EF	3	86	1	1	BA1650	23159	6	0	0	1	0	0	0	0	0	0	0
A	EF	3	86	1	1	BA1650	23187	6	0	0	0	0	0	0	1	0	0	0
A	EF	3	86	1	1	BA1650	23198	6	0	0	1	0	0	0	0	0	0	0
A	EF	3	86	1	1	BA1650	23213	6	0	0	0	0	0	0	1	0	0	0
A	EF	3	86	1	1	BA1650	23216	6	0	0	1	0	0	0	0	0	0	0
A	EF	3	86	1	1	BA1650	23234	6	0	0	0	0	0	0	1	0	0	0
A	EF	3	86	1	1	BA1650	23237	6	0	0	1	0	0	0	0	0	0	0
A	EF	3	86	1	1	BA1650	23257	6	0	0	0	0	0	0	1	0	0	0
A	EF	3	86	1	1	BA1650	23261	6	0	0	1	0	0	0	0	0	0	0
A	EF	3	86	1	1	BA1650	23277	6	0	0	0	0	0	0	1	0	0	0
A	EF	3	86	1	1	BA1650	23278	6	0	0	1	0	0	0	0	0	0	0
A	EF	3	86	1	1	BA1650	23283	6	0	0	0	0	0	0	1	0	0	0
A	EF	3	86	1	1	BA1650	23291	6	0	0	1	0	0	0	0	0	0	0
A	EF	3	86	1	1	BA1650	23296	6	0	0	0	0	0	0	1	0	0	0
A	EF	3	86	1	1	BA1650	23379	6	8	2	0	1	0	0	0	0	0	0
A	EF	3	86	1	1	BA1650	23389	8	7	0	0	0	0	0	0	0	0	0
A	EF	3	86	1	1	BA1650	23393	7	0	0	0	0	0	0	0	1	0	0
A	EF	3	86	1	1	BA1650	23527	7	8	2	0	1	0	0	0	0	0	0
A	EF	3	86	1	1	BA1650	23530	8	0	0	0	0	0	0	0	1	0	0
A	EF	3	86	1	1	BA1650	23534	8	0	0	0	1	0	0	0	0	0	0
A	EF	3	86	1	1	BA1650	23537	8	7	0	0	0	0	0	0	0	0	0
A	EF	3	86	1	1	BA1650	23562	7	0	0	0	0	0	0	0	1	0	0
A	EF	3	86	1	1	BA1650	23568	7	8	2	0	1	0	0	0	0	0	0
A	EF	3	86	1	1	BA1650	23573	8	0	0	0	0	0	0	0	1	0	0
A	EF	3	86	1	1	BA1650	23578	8	7	0	0	0	0	0	0	0	0	0
A	EF	3	86	1	1	BA1650	23579	7	8	2	0	1	0	0	0	0	0	0
A	EF	3	86	1	1	BA1650	23589	8	7	0	0	0	0	0	0	0	0	0
A	EF	3	86	1	1	BA1650	23592	7	0	0	0	0	0	0	0	1	0	0
A	EF	3	86	1	1	BA1650	23596	7	8	2	0	1	0	0	0	0	0	0
A	EF	3	86	1	1	BA1650	23599	8	0	0	0	0	0	0	0	1	0	0
A	EF	3	86	1	1	BA1650	23606	8	7	0	0	0	0	0	0	0	0	0
A	EF	3	86	1	1	BA1650	23612	7	8	2	0	1	0	0	0	0	0	0
A	EF	3	86	1	1	BA1650	23619	8	0	0	0	0	0	0	0	1	0	0
A	EF	3	86	1	1	BA1650	23620	8	0	0	0	1	0	0	0	0	0	0
A	EF	3	86	1	1	BA1650	23622	8	7	0	0	0	0	0	0	0	0	0
A	EF	3	86	1	1	BA1650	23632	7	0	0	0	0	0	0	0	1	0	0
A	EF	3	86	1	1	BA1650	23635	7	8	2	0	1	0	0	0	0	0	0
A	EF	3	86	1	1	BA1650	23645	8	7	0	0	0	0	0	0	1	0	0
A	EF	3	86	1	1	BA1650	23649	7	8	2	0	1	0	0	0	0	0	0
A	EF	3	86	1	1	BA1650	23655	8	0	0	0	0	0	0	0	1	0	0
A	EF	3	86	1	1	BA1650	23659	8	7	0	0	0	0	0	0	0	0	0
A	EF	3	86	1	1	BA1650	23674	7	8	2	0	1	0	0	0	0	0	0
A	EF	3	86	1	1	BA1650	23678	8	0	0	0	0	0	0	0	1	0	0
A	EF	3	86	1	1	BA1650	23679	8	0	0	0	1	0	0	0	0	0	0
A	EF	3	86	1	1	BA1650	23684	8	7	0	0	0	0	0	0	0	0	0
A	EF	3	86	1	1	BA1650	23699	7	0	0	0	0	0	0	0	1	0	0
A	EF	3	86	1	1	BA1650	23702	7	8	2	0	1	0	0	0	0	0	0
A	EF	3	86	1	1	BA1650	23711	8	0	0	0	0	0	0	0	1	0	0
A	EF	3	86	1	1	BA1650	23712	8	7	0	0	0	0	0	0	0	0	0
A	EF	3	86	1	1	BA1650	23713	7	8	2	0	1	0	0	0	0	0	0
A	EF	3	86	1	1	BA1650	23723	8	7	0	0	0	0	0	0	0	0	0
A	EF	3	86	1	1	BA1650	23741	7	0	0	0	0	0	0	0	1	0	0
A	EF	3	86	1	1	BA1650	23744	7	8	2	0	1	0	0	0	0	0	0
A	EF	3	86	1	1	BA1650	23754	8	7	0	0	0	0	0	0	0	0	0
A	EF	3	86	1	1	BA1650	23755	7	0	0	0	0	0	0	0	1	0	0
A	EF	3	86	1	1	BA1650	23888	7	8	2	0	1	0	0	0	0	0	0
A	EF	3	86	1	1	BA1650	23892	8	0	0	0	0	0	0	0	1	0	0
A	EF	3	86	1	1	BA1650	23895	8	0	0	0	1	0	0	0	0	0	0
A	EF	3	86	1	1	BA1650	23898	8	7	0	0	0	0	0	0	0	0	0
A	EF	3	86	1	1	BA1650	23904	7	0	0	0	0	0	0	0	1	0	0
A	EF	3	86	1	1	BA1650	23905	7	8	2	0	1	0	0	0	0	0	0
A	EF	3	86	1	1	BA1650	23913	8	0	0	0	0	0	0	0	1	0	0
A	EF	3	86	1	1	BA1650	23915	8	7	0	0	0	0	0	0	0	0	0
A	EF	3	86	1	1	BA1650	23925	7	8	2	0	1	0	0	0	0	0	0
A	EF	3	86	1	1	BA1650	23929	8	0	0	0	0	0	0	0	1	0	0
A	EF	3	86	1	1	BA1650	23935	8	7	0	0	0	0	0	0	0	0	0
A	EF	3	86	1	1	BA1650	23936	7	8	2	0	1	0	0	0	0	0	0
A	EF	3	86	1	1	BA1650	23939	8	0	0	0	1	0	0	0	1	0	0
A	EF	3	86	1	1	BA1650	23942	8	0	0	0	0	0	0	0	1	0	0
A	EF	3	86	1	1	BA1650	23946	8	7	0	0	1	0	0	0	0	0	0
A	EF	3	86	1	1	BA1650	23951	7	0	0	0	0	0	0	0	1	0	0
A	EF	3	86	1	1	BA1650	23956	7	8	2	0	1	0	0	0	0	0	0
A	EF	3	86	1	1	BA1650	23964	8	0	0	0	0	0	0	0	1	0	0
A	EF	3	86	1	1	BA1650	23966	8	7	0	0	0	0	0	0	0	0	0
A	EF	3	86	1	1	BA1650	23988	7	8	2	0	1	0	0	0	0	0	0
A	EF	3	86	1	1	BA1650	23995	8	0	0	0	0	0	0	0	1	0	0
A	EF	3	86	1	1	BA1650	23998	8	7	0	0	1	0	0	0	0	0	0
A	EF	3	86	1	1	BA1650	24008	7	0	0	0	0	0	0	0	1	0	0
A	EF	3	86	1	1	BA1650	24010	7	8	2	0	1	0	0	0	0	0	0
A	EF	3	86	1	1	BA1650	24020	8	7	0	0	0	0	0	0	0	0	0
A	EF	3	86	1	1	BA1650	24024	7	0	0	0	0	0	0	0	1	0	0
A	EF	3	86	1	1	BA1650	24043	7	8	2	0	1	0	0	0	0	0	0
A	EF	3	86	1	1	BA1650	24045	8	0	0	0	0	0	0	0	1	0	0
A	EF	3	86	1	1	BA1650	24052	8	0	0	0	1	0	0	0	0	0	0
A	EF	3	86	1	1	BA1650	24053	8	9	0	0	0	0	0	0	0	0	0
A	EF	3	86	1	1	BA1650	24063	9	10	0	0	0	0	0	0	0	0	0
A	EF	3	86	1	1	BA1650	24064	10	0	0	0	0	0	0	0	1	0	0
A	EF	3	86	1	1	BA1650	24067	10	0	0	0	1	0	0	0	0	0	0
A	EF	3	86	1	1	BA1650	24086	10	0	0	0	0	0	0	0	1	0	0
A	EF	3	86	1	1	BA1650	24138	10	2	0	0	0	0	0	0	0	0	0
A	EF	3	86	1	1	BA1650	24139	2	3	0	0	0	0	0	0	0	0	0
A	EF	3	86	1	1	BA1650	24252	3	5	1	1	0	0	0	0	0	0	0
A	EF	3	86	1	1	BA1650	24258	5	0	0	0	0	0	0	1	0	0	0
A	EF	3	86	1	1	BA1650	24262	5	4	0	0	0	0	0	0	0	0	0
A	EF	3	86	1	1	BA1650	24268	4	5	1	1	0	0	0	0	0	0	0
A	EF	3	86	1	1	BA1650	24274	5	0	0	0	0	0	0	1	0	0	0
A	EF	3	86	1	1	BA1650	24278	5	4	0	0	0	0	0	0	0	0	0
A	EF	3	86	1	1	BA1650	24279	4	5	1	1	0	0	0	0	0	0	0
A	EF	3	86	1	1	BA1650	24282	5	0	0	0	0	0	0	1	0	0	0
A	EF	3	86	1	1	BA1650	24285	5	0	0	1	0	0	0	0	0	0	0
A	EF	3	86	1	1	BA1650	24289	5	4	0	0	0	0	0	0	0	0	0
A	EF	3	86	1	1	BA1650	24302	4	0	0	0	0	0	0	1	0	0	0
A	EF	3	86	1	1	BA1650	24306	4	5	1	1	0	0	0	0	0	0	0
A	EF	3	86	1	1	BA1650	24311	5	0	0	0	0	0	0	1	0	0	0
A	EF	3	86	1	1	BA1650	24316	5	4	0	0	0	0	0	0	0	0	0
A	EF	3	86	1	1	BA1650	24335	4	5	1	1	0	0	0	0	0	0	0
A	EF	3	86	1	1	BA1650	24337	5	0	0	0	0	0	0	1	0	0	0
A	EF	3	86	1	1	BA1650	24343	5	0	0	1	0	0	0	0	0	0	0
A	EF	3	86	1	1	BA1650	24345	5	9	0	0	0	0	0	0	0	0	0
A	EF	3	86	1	1	BA1650	24355	9	10	0	0	0	0	0	0	0	0	0
A	EF	3	86	1	1	BA1650	24397	10	0	0	0	0	0	0	1	0	0	0
A	EF	3	86	1	1	BA1650	24430	10	2	0	0	0	0	0	0	0	0	0
A	EF	3	86	1	1	BA1650	24431	2	3	0	0	0	0	0	0	0	0	0
A	EF	3	86	1	1	BA1650	24574	3	5	1	1	0	0	0	0	0	0	0
A	EF	3	86	1	1	BA1650	24577	5	0	0	0	0	0	0	1	0	0	0
A	EF	3	86	1	1	BA1650	24578	5	0	0	1	0	0	0	0	0	0	0
A	EF	3	86	1	1	BA1650	24580	5	0	0	0	0	0	0	1	0	0	0
A	EF	3	86	1	1	BA1650	24584	5	4	0	0	0	0	0	0	0	0	0
A	EF	3	86	1	1	BA1650	24651	4	5	1	1	0	0	0	0	0	0	0
A	EF	3	86	1	1	BA1650	24653	5	0	0	0	0	0	0	1	0	0	0
A	EF	3	86	1	1	BA1650	24657	5	0	0	1	0	0	0	0	0	0	0
A	EF	3	86	1	1	BA1650	24661	5	4	0	0	0	0	0	0	0	0	0
A	EF	3	86	1	1	BA1650	24666	4	0	0	0	0	0	0	1	0	0	0
A	EF	3	86	1	1	BA1650	24670	4	5	1	1	0	0	0	0	0	0	0
A	EF	3	86	1	1	BA1650	24680	5	4	0	0	0	0	0	0	0	0	0
A	EF	3	86	1	1	BA1650	24683	4	0	0	0	0	0	0	1	0	0	0
A	EF	3	86	1	1	BA1650	24686	4	5	1	1	0	0	0	0	0	0	0
A	EF	3	86	1	1	BA1650	24696	5	4	0	0	0	0	0	0	0	0	0
A	EF	3	86	1	1	BA1650	24699	4	0	0	0	0	0	0	1	0	0	0
A	EF	3	86	1	1	BA1650	24701	4	5	1	1	0	0	0	0	0	0	0
A	EF	3	86	1	1	BA1650	24711	5	9	0	0	0	0	0	0	0	0	0
A	EF	3	86	1	1	BA1650	24721	9	10	0	0	0	0	0	0	0	0	0
A	EF	3	86	1	1	BA1650	24726	10	0	0	0	0	0	0	1	0	0	0
A	EF	3	86	1	1	BA1650	24796	10	2	0	0	0	0	0	0	0	0	0
A	EF	3	86	1	1	BA1650	24797	2	3	0	0	0	0	0	0	0	0	0
A	EF	3	86	1	1	BA1650	24917	3	5	1	1	0	0	0	0	0	0	0
A	EF	3	86	1	1	BA1650	24921	5	0	0	0	0	0	0	1	0	0	0
A	EF	3	86	1	1	BA1650	24927	5	4	0	0	0	0	0	0	0	0	0
A	EF	3	86	1	1	BA1650	24932	4	5	1	1	0	0	0	0	0	0	0
A	EF	3	86	1	1	BA1650	24940	5	0	0	0	0	0	0	1	0	0	0
A	EF	3	86	1	1	BA1650	24942	5	4	0	1	0	0	0	0	0	0	0
A	EF	3	86	1	1	BA1650	24976	4	0	0	0	0	0	0	1	0	0	0
A	EF	3	86	1	1	BA1650	24981	4	5	1	1	0	0	0	0	0	0	0
A	EF	3	86	1	1	BA1650	24991	5	4	0	0	0	0	0	0	0	0	0
A	EF	3	86	1	1	BA1650	24993	4	0	0	0	0	0	0	1	0	0	0
A	EF	3	86	1	1	BA1650	24997	4	5	1	1	0	0	0	0	0	0	0
A	EF	3	86	1	1	BA1650	25001	5	0	0	0	0	0	0	1	0	0	0
A	EF	3	86	1	1	BA1650	25007	5	4	0	0	0	0	0	0	0	0	0
A	EF	3	86	1	1	BA1650	25022	4	5	1	1	0	0	0	0	0	0	0
A	EF	3	86	1	1	BA1650	25023	5	0	0	0	0	0	0	1	0	0	0
A	EF	3	86	1	1	BA1650	25027	5	0	0	1	0	0	0	0	0	0	0
A	EF	3	86	1	1	BA1650	25032	5	9	0	0	0	0	0	0	0	0	0
A	EF	3	86	1	1	BA1650	25035	9	0	0	0	0	0	0	1	0	0	0
A	EF	3	86	1	1	BA1650	25040	9	0	0	1	0	0	0	0	0	0	0
A	EF	3	86	1	1	BA1650	25042	9	10	0	0	0	0	0	0	0	0	0
A	EF	3	86	1	1	BA1650	25048	10	0	0	0	0	0	0	1	0	0	0
A	EF	3	86	1	1	BA1650	25049	10	0	0	1	0	0	0	0	0	0	0
A	EF	3	86	1	1	BA1650	25063	10	0	0	0	0	0	0	1	0	0	0
A	EF	3	86	1	1	BA1650	25065	10	0	0	1	0	0	0	0	0	0	0
A	EF	3	86	1	1	BA1650	25067	10	0	0	1	0	0	0	1	0	0	0
A	EF	3	86	1	1	BA1650	25077	10	0	0	0	0	0	0	1	0	0	0
A	EF	3	86	1	1	BA1650	25079	10	0	0	1	0	0	0	0	0	0	0
A	EF	3	86	1	1	BA1650	25083	10	0	0	0	0	0	0	1	0	0	0
A	EF	3	86	1	1	BA1650	25117	10	2	0	0	0	0	0	0	0	0	0
A	EF	3	86	1	1	BA1650	25118	2	6	0	0	0	0	0	0	0	0	0
A	EF	3	86	1	1	BA1650	26739	6	8	2	0	1	0	0	0	0	0	0
A	EF	3	86	1	1	BA1650	26745	8	0	0	0	0	0	0	0	1	0	0
A	EF	3	86	1	1	BA1650	26749	8	7	0	0	0	0	0	0	0	0	0
A	EF	3	86	1	1	BA1650	26751	7	8	2	0	1	0	0	0	0	0	0
A	EF	3	86	1	1	BA1650	26761	8	7	0	0	0	0	0	0	0	0	0
A	EF	3	86	1	1	BA1650	26768	7	0	0	0	0	0	0	0	1	0	0
A	EF	3	86	1	1	BA1650	26793	7	8	2	0	1	0	0	0	0	0	0
A	EF	3	86	1	1	BA1650	26797	8	0	0	0	0	0	0	0	1	0	0
A	EF	3	86	1	1	BA1650	26803	8	7	0	0	0	0	0	0	0	0	0
A	EF	3	86	1	1	BA1650	26818	7	8	2	0	1	0	0	0	0	0	0
A	EF	3	86	1	1	BA1650	26824	8	0	0	0	0	0	0	0	1	0	0
A	EF	3	86	1	1	BA1650	26827	8	0	0	0	1	0	0	0	0	0	0
A	EF	3	86	1	1	BA1650	26828	8	7	0	0	0	0	0	0	0	0	0
A	EF	3	86	1	1	BA1650	26837	7	0	0	0	0	0	0	0	1	0	0
A	EF	3	86	1	1	BA1650	26861	7	8	2	0	1	0	0	0	0	0	0
A	EF	3	86	1	1	BA1650	26867	8	0	0	0	0	0	0	0	1	0	0
A	EF	3	86	1	1	BA1650	26871	8	7	0	0	0	0	0	0	0	0	0
A	EF	3	86	1	1	BA1650	26921	7	8	2	0	1	0	0	0	0	0	0
A	EF	3	86	1	1	BA1650	26928	8	0	0	0	0	0	0	0	1	0	0
A	EF	3	86	1	1	BA1650	26931	8	7	0	0	0	0	0	0	0	0	0
A	EF	3	86	1	1	BA1650	26932	7	8	2	0	1	0	0	0	0	0	0
A	EF	3	86	1	1	BA1650	26942	8	7	0	0	0	0	0	0	1	0	0
A	EF	3	86	1	1	BA1650	26945	7	8	2	0	1	0	0	0	0	0	0
A	EF	3	86	1	1	BA1650	26955	8	7	0	0	0	0	0	0	0	0	0
A	EF	3	86	1	1	BA1650	26962	7	0	0	0	0	0	0	0	1	0	0
A	EF	3	86	1	1	BA1650	26988	7	8	2	0	1	0	0	0	0	0	0
A	EF	3	86	1	1	BA1650	26992	8	0	0	0	0	0	0	0	1	0	0
A	EF	3	86	1	1	BA1650	26998	8	7	0	0	0	0	0	0	0	0	0
A	EF	3	86	1	1	BA1650	27128	7	8	2	0	1	0	0	0	0	0	0
A	EF	3	86	1	1	BA1650	27131	8	0	0	0	0	0	0	0	1	0	0
A	EF	3	86	1	1	BA1650	27138	8	7	0	0	0	0	0	0	0	0	0
A	EF	3	86	1	1	BA1650	27176	7	8	2	0	1	0	0	0	0	0	0
A	EF	3	86	1	1	BA1650	27180	8	0	0	0	0	0	0	0	1	0	0
A	EF	3	86	1	1	BA1650	27184	8	0	0	0	1	0	0	0	0	0	0
A	EF	3	86	1	1	BA1650	27186	8	7	0	0	0	0	0	0	0	0	0
A	EF	3	86	1	1	BA1650	27201	7	0	0	0	0	0	0	0	1	0	0
A	EF	3	86	1	1	BA1650	27205	7	8	2	0	1	0	0	0	0	0	0
A	EF	3	86	1	1	BA1650	27212	8	0	0	0	0	0	0	0	1	0	0
A	EF	3	86	1	1	BA1650	27215	8	7	0	0	0	0	0	0	0	0	0
A	EF	3	86	1	1	BA1650	27221	7	8	2	0	1	0	0	0	0	0	0
A	EF	3	86	1	1	BA1650	27224	8	0	0	0	0	0	0	0	1	0	0
A	EF	3	86	1	1	BA1650	27231	8	7	0	0	0	0	0	0	0	0	0
A	EF	3	86	1	1	BA1650	27234	7	8	2	0	1	0	0	0	0	0	0
A	EF	3	86	1	1	BA1650	27243	8	0	0	0	0	0	0	0	1	0	0
A	EF	3	86	1	1	BA1650	27244	8	7	0	0	0	0	0	0	0	0	0
A	EF	3	86	1	1	BA1650	27246	7	8	2	0	1	0	0	0	0	0	0
A	EF	3	86	1	1	BA1650	27256	8	7	0	0	0	0	0	0	0	0	0
A	EF	3	86	1	1	BA1650	27276	7	0	0	0	0	0	0	0	1	0	0
A	EF	3	86	1	1	BA1650	27280	7	8	2	0	1	0	0	0	0	0	0
A	EF	3	86	1	1	BA1650	27290	8	7	0	0	0	0	0	0	1	0	0
A	EF	3	86	1	1	BA1650	27319	7	8	2	0	1	0	0	0	0	0	0
A	EF	3	86	1	1	BA1650	27321	8	0	0	0	0	0	0	0	1	0	0
A	EF	3	86	1	1	BA1650	27326	8	0	0	0	1	0	0	0	0	0	0
A	EF	3	86	1	1	BA1650	27329	8	7	0	0	0	0	0	0	1	0	0
A	EF	3	86	1	1	BA1650	27333	7	8	2	0	1	0	0	0	0	0	0
A	EF	3	86	1	1	BA1650	27343	8	7	0	0	0	0	0	0	0	0	0
A	EF	3	86	1	1	BA1650	27365	7	0	0	0	0	0	0	0	1	0	0
A	EF	3	86	1	1	BA1650	27464	7	8	2	0	1	0	0	0	0	0	0
A	EF	3	86	1	1	BA1650	27474	8	7	0	0	0	0	0	0	0	0	0
A	EF	3	86	1	1	BA1650	27478	7	0	0	0	0	0	0	0	1	0	0
A	EF	3	86	1	1	BA1650	27484	7	8	2	0	1	0	0	0	0	0	0
A	EF	3	86	1	1	BA1650	27491	8	0	0	0	0	0	0	0	1	0	0
A	EF	3	86	1	1	BA1650	27494	8	9	0	0	0	0	0	0	0	0	0
A	EF	3	86	1	1	BA1650	27504	9	10	0	0	0	0	0	0	0	0	0
A	EF	3	86	1	1	BA1650	27579	10	2	0	0	0	0	0	0	0	0	0
A	EF	3	86	1	1	BA1650	27580	2	6	0	0	0	0	0	0	0	0	0
A	EF	3	86	1	1	BA1650	27808	6	0	0	1	0	0	0	0	0	0	0
A	EF	3	86	1	1	BA1650	27818	6	0	0	0	0	0	0	1	0	0	0
A	EF	3	86	1	1	BA1650	27922	6	8	2	0	1	0	0	0	0	0	0
A	EF	3	86	1	1	BA1650	27932	8	7	0	0	0	0	0	0	0	0	0
A	EF	3	86	1	1	BA1650	27933	7	0	0	0	0	0	0	0	1	0	0
A	EF	3	86	1	1	BA1650	27938	7	8	2	0	1	0	0	0	0	0	0
A	EF	3	86	1	1	BA1650	27948	8	7	0	0	0	0	0	0	0	0	0
A	EF	3	86	1	1	BA1650	27953	7	0	0	0	0	0	0	0	1	0	0
A	EF	3	86	1	1	BA1650	27959	7	8	2	0	1	0	0	0	0	0	0
A	EF	3	86	1	1	BA1650	27969	8	7	0	0	0	0	0	0	1	0	0
A	EF	3	86	1	1	BA1650	27970	7	8	2	0	1	0	0	0	0	0	0
A	EF	3	86	1	1	BA1650	27980	8	7	0	0	0	0	0	0	0	0	0
A	EF	3	86	1	1	BA1650	27981	7	0	0	0	0	0	0	0	1	0	0
A	EF	3	86	1	1	BA1650	28045	7	8	2	0	1	0	0	0	0	0	0
A	EF	3	86	1	1	BA1650	28055	8	7	0	0	0	0	0	0	1	0	0
A	EF	3	86	1	1	BA1650	28076	7	8	2	0	1	0	0	0	0	0	0
A	EF	3	86	1	1	BA1650	28080	8	0	0	0	0	0	0	0	1	0	0
A	EF	3	86	1	1	BA1650	28086	8	7	0	0	1	0	0	0	0	0	0
A	EF	3	86	1	1	BA1650	28090	7	0	0	0	0	0	0	0	1	0	0
A	EF	3	86	1	1	BA1650	28092	7	8	2	0	1	0	0	0	0	0	0
A	EF	3	86	1	1	BA1650	28102	8	7	0	0	0	0	0	0	0	0	0
A	EF	3	86	1	1	BA1650	28115	7	0	0	0	0	0	0	0	1	0	0
A	EF	3	86	1	1	BA1650	28136	7	8	2	0	1	0	0	0	0	0	0
A	EF	3	86	1	1	BA1650	28145	8	0	0	0	0	0	0	0	1	0	0
A	EF	3	86	1	1	BA1650	28146	8	7	0	0	0	0	0	0	0	0	0
A	EF	3	86	1	1	BA1650	28160	7	8	2	0	1	0	0	0	0	0	0
A	EF	3	86	1	1	BA1650	28170	8	7	0	0	0	0	0	0	0	0	0
A	EF	3	86	1	1	BA1650	28175	7	0	0	0	0	0	0	0	1	0	0
A	EF	3	86	1	1	BA1650	28180	7	8	2	0	1	0	0	0	0	0	0
A	EF	3	86	1	1	BA1650	28190	8	7	0	0	0	0	0	0	0	0	0
A	EF	3	86	1	1	BA1650	28191	7	0	0	0	0	0	0	0	1	0	0
A	EF	3	86	1	1	BA1650	28251	7	8	2	0	1	0	0	0	0	0	0
A	EF	3	86	1	1	BA1650	28258	8	0	0	0	0	0	0	0	1	0	0
A	EF	3	86	1	1	BA1650	28261	8	7	0	0	0	0	0	0	0	0	0
A	EF	3	86	1	1	BA1650	28262	7	8	2	0	1	0	0	0	0	0	0
A	EF	3	86	1	1	BA1650	28267	8	0	0	0	0	0	0	0	1	0	0
A	EF	3	86	1	1	BA1650	28271	8	0	0	0	1	0	0	0	0	0	0
A	EF	3	86	1	1	BA1650	28272	8	7	0	0	0	0	0	0	0	0	0
A	EF	3	86	1	1	BA1650	28283	7	0	0	0	0	0	0	0	1	0	0
A	EF	3	86	1	1	BA1650	28306	7	8	2	0	1	0	0	0	0	0	0
A	EF	3	86	1	1	BA1650	28309	8	0	0	0	0	0	0	0	1	0	0
A	EF	3	86	1	1	BA1650	28316	8	7	0	0	0	0	0	0	0	0	0
A	EF	3	86	1	1	BA1650	28367	7	8	2	0	1	0	0	0	0	0	0
A	EF	3	86	1	1	BA1650	28377	8	7	0	0	0	0	0	0	0	0	0
A	EF	3	86	1	1	BA1650	28383	7	0	0	0	0	0	0	0	1	0	0
A	EF	3	86	1	1	BA1650	28386	7	8	2	0	1	0	0	0	0	0	0
A	EF	3	86	1	1	BA1650	28396	8	7	0	0	0	0	0	0	0	0	0
A	EF	3	86	1	1	BA1650	28407	7	0	0	0	0	0	0	0	1	0	0
A	EF	3	86	1	1	BA1650	28420	7	8	2	0	1	0	0	0	0	0	0
A	EF	3	86	1	1	BA1650	28424	8	0	0	0	0	0	0	0	1	0	0
A	EF	3	86	1	1	BA1650	28430	8	7	0	0	0	0	0	0	0	0	0
A	EF	3	86	1	1	BA1650	28432	7	8	2	0	1	0	0	0	0	0	0
A	EF	3	86	1	1	BA1650	28441	8	0	0	0	0	0	0	0	1	0	0
A	EF	3	86	1	1	BA1650	28442	8	7	0	0	0	0	0	0	0	0	0
A	EF	3	86	1	1	BA1650	28444	7	8	2	0	1	0	0	0	0	0	0
A	EF	3	86	1	1	BA1650	28454	8	7	0	0	0	0	0	0	1	0	0
A	EF	3	86	1	1	BA1650	28457	7	8	2	0	1	0	0	0	0	0	0
A	EF	3	86	1	1	BA1650	28467	8	7	0	0	0	0	0	0	0	0	0
A	EF	3	86	1	1	BA1650	28477	7	0	0	0	0	0	0	0	1	0	0
A	EF	3	86	1	1	BA1650	28621	7	8	2	0	1	0	0	0	0	0	0
A	EF	3	86	1	1	BA1650	28627	8	0	0	0	0	0	0	0	1	0	0
A	EF	3	86	1	1	BA1650	28631	8	9	0	0	1	0	0	0	0	0	0
A	EF	3	86	1	1	BA1650	28633	9	0	0	0	0	0	0	0	1	0	0
A	EF	3	86	1	1	BA1650	28641	9	10	0	0	0	0	0	0	0	0	0
A	EF	3	86	1	1	BA1650	28716	10	2	0	0	0	0	0	0	0	0	0
A	EF	3	86	1	1	BA1650	28717	2	6	0	0	0	0	0	0	0	0	0
A	EF	3	86	1	1	BA1650	28874	6	8	2	0	1	0	0	0	0	0	0
A	EF	3	86	1	1	BA1650	28884	8	7	0	0	0	0	0	0	0	0	0
A	EF	3	86	1	1	BA1650	28892	7	0	0	0	0	0	0	0	1	0	0
A	EF	3	86	1	1	BA1650	28927	7	8	2	0	1	0	0	0	0	0	0
A	EF	3	86	1	1	BA1650	28936	8	0	0	0	0	0	0	0	1	0	0
A	EF	3	86	1	1	BA1650	28937	8	7	0	0	0	0	0	0	0	0	0
A	EF	3	86	1	1	BA1650	28953	7	8	2	0	1	0	0	0	0	0	0
A	EF	3	86	1	1	BA1650	28963	8	7	0	0	0	0	0	0	1	0	0
A	EF	3	86	1	1	BA1650	28970	7	8	2	0	1	0	0	0	0	0	0
A	EF	3	86	1	1	BA1650	28978	8	0	0	0	0	0	0	0	1	0	0
A	EF	3	86	1	1	BA1650	28980	8	7	0	0	0	0	0	0	0	0	0
A	EF	3	86	1	1	BA1650	28986	7	8	2	0	1	0	0	0	0	0	0
A	EF	3	86	1	1	BA1650	28990	8	0	0	0	0	0	0	0	1	0	0
A	EF	3	86	1	1	BA1650	28996	8	7	0	0	0	0	0	0	0	0	0
A	EF	3	86	1	1	BA1650	29029	7	8	2	0	1	0	0	0	0	0	0
A	EF	3	86	1	1	BA1650	29035	8	0	0	0	0	0	0	0	1	0	0
A	EF	3	86	1	1	BA1650	29039	8	7	0	0	0	0	0	0	0	0	0
A	EF	3	86	1	1	BA1650	29126	7	8	2	0	1	0	0	0	0	0	0
A	EF	3	86	1	1	BA1650	29128	8	0	0	0	0	0	0	0	1	0	0
A	EF	3	86	1	1	BA1650	29136	8	7	0	0	0	0	0	0	0	0	0
A	EF	3	86	1	1	BA1650	29258	7	8	2	0	1	0	0	0	0	0	0
A	EF	3	86	1	1	BA1650	29261	8	0	0	0	0	0	0	0	1	0	0
A	EF	3	86	1	1	BA1650	29268	8	7	0	0	0	0	0	0	0	0	0
A	EF	3	86	1	1	BA1650	29284	7	8	2	0	1	0	0	0	0	0	0
A	EF	3	86	1	1	BA1650	29292	8	0	0	0	0	0	0	0	1	0	0
A	EF	3	86	1	1	BA1650	29294	8	7	0	0	0	0	0	0	0	0	0
A	EF	3	86	1	1	BA1650	29318	7	8	2	0	1	0	0	0	0	0	0
A	EF	3	86	1	1	BA1650	29324	8	0	0	0	0	0	0	0	1	0	0
A	EF	3	86	1	1	BA1650	29328	8	7	0	0	0	0	0	0	0	0	0
A	EF	3	86	1	1	BA1650	29739	7	8	2	0	1	0	0	0	0	0	0
A	EF	3	86	1	1	BA1650	29745	8	0	0	0	0	0	0	0	1	0	0
A	EF	3	86	1	1	BA1650	29749	8	7	0	0	0	0	0	0	0	0	0
A	EF	3	86	1	1	BA1650	29751	7	8	2	0	1	0	0	0	0	0	0
A	EF	3	86	1	1	BA1650	29761	8	7	0	0	0	0	0	0	0	0	0
A	EF	3	86	1	1	BA1650	29784	7	0	0	0	0	0	0	0	1	0	0
A	EF	3	86	1	1	BA1650	29789	7	8	2	0	1	0	0	0	0	0	0
A	EF	3	86	1	1	BA1650	29799	8	7	0	0	0	0	0	0	1	0	0
A	EF	3	86	1	1	BA1650	29817	7	8	2	0	1	0	0	0	0	0	0
A	EF	3	86	1	1	BA1650	29821	8	0	0	0	0	0	0	0	1	0	0
A	EF	3	86	1	1	BA1650	29827	8	7	0	0	0	0	0	0	0	0	0
A	EF	3	86	1	1	BA1650	29867	7	8	2	0	1	0	0	0	0	0	0
A	EF	3	86	1	1	BA1650	29869	8	0	0	0	0	0	0	0	1	0	0
A	EF	3	86	1	1	BA1650	29871	8	0	0	0	1	0	0	0	0	0	0
A	EF	3	86	1	1	BA1650	29877	8	7	0	0	0	0	0	0	0	0	0
A	EF	3	86	1	1	BA1650	29879	7	0	0	0	0	0	0	0	1	0	0
A	EF	3	86	1	1	BA1650	29918	7	8	2	0	1	0	0	0	0	0	0
A	EF	3	86	1	1	BA1650	29928	8	7	0	0	0	0	0	0	0	0	0
A	EF	3	86	1	1	BA1650	29934	7	0	0	0	0	0	0	0	1	0	0
A	EF	3	86	1	1	BA1650	29938	7	8	2	0	1	0	0	0	0	0	0
A	EF	3	86	1	1	BA1650	29942	8	0	0	0	0	0	0	0	1	0	0
A	EF	3	86	1	1	BA1650	29945	8	0	0	0	1	0	0	0	0	0	0
A	EF	3	86	1	1	BA1650	29948	8	7	0	0	0	0	0	0	0	0	0
A	EF	3	86	1	1	BA1650	29953	7	0	0	0	0	0	0	0	1	0	0
A	EF	3	86	1	1	BA1650	29955	7	8	2	0	1	0	0	0	0	0	0
A	EF	3	86	1	1	BA1650	29965	8	7	0	0	0	0	0	0	0	0	0
A	EF	3	86	1	1	BA1650	29979	7	0	0	0	0	0	0	0	1	0	0
A	EF	3	86	1	1	BA1650	29982	7	8	2	0	1	0	0	0	0	0	0
A	EF	3	86	1	1	BA1650	29992	8	7	0	0	0	0	0	0	0	0	0
A	EF	3	86	1	1	BA1650	30005	7	0	0	0	0	0	0	0	1	0	0
A	EF	3	86	1	1	BA1650	30010	7	8	2	0	1	0	0	0	0	0	0
A	EF	3	86	1	1	BA1650	30020	8	9	0	0	0	0	0	0	0	0	0
A	EF	3	86	1	1	BA1650	30030	9	10	0	0	0	0	0	0	0	0	0
A	EF	3	86	1	1	BA1650	30032	10	0	0	0	0	0	0	0	1	0	0
A	EF	3	86	1	1	BA1650	30105	10	2	0	0	0	0	0	0	0	0	0
A	EF	3	86	1	1	BA1650	30106	2	3	0	0	0	0	0	0	0	0	0
A	EF	3	86	1	1	BA1650	30187	3	5	1	1	0	0	0	0	0	0	0
A	EF	3	86	1	1	BA1650	30189	5	0	0	0	0	0	0	1	0	0	0
A	EF	3	86	1	1	BA1650	30193	5	0	0	1	0	0	0	0	0	0	0
A	EF	3	86	1	1	BA1650	30197	5	4	0	0	0	0	0	0	0	0	0
A	EF	3	86	1	1	BA1650	30216	4	0	0	0	0	0	0	1	0	0	0
A	EF	3	86	1	1	BA1650	30220	4	5	1	1	0	0	0	0	0	0	0
A	EF	3	86	1	1	BA1650	30226	5	0	0	0	0	0	0	1	0	0	0
A	EF	3	86	1	1	BA1650	30230	5	4	0	0	0	0	0	0	0	0	0
A	EF	3	86	1	1	BA1650	30244	4	5	1	1	0	0	0	0	0	0	0
A	EF	3	86	1	1	BA1650	30253	5	0	0	0	0	0	0	1	0	0	0
A	EF	3	86	1	1	BA1650	30254	5	4	0	0	0	0	0	0	0	0	0
A	EF	3	86	1	1	BA1650	30270	4	5	1	1	0	0	0	0	0	0	0
A	EF	3	86	1	1	BA1650	30277	5	0	0	0	0	0	0	1	0	0	0
A	EF	3	86	1	1	BA1650	30278	5	0	0	1	0	0	0	0	0	0	0
A	EF	3	86	1	1	BA1650	30280	5	4	0	0	0	0	0	0	0	0	0
A	EF	3	86	1	1	BA1650	30291	4	0	0	0	0	0	0	1	0	0	0
A	EF	3	86	1	1	BA1650	30294	4	5	1	1	0	0	0	0	0	0	0
A	EF	3	86	1	1	BA1650	30302	5	0	0	0	0	0	0	1	0	0	0
A	EF	3	86	1	1	BA1650	30304	5	9	0	0	0	0	0	0	0	0	0
A	EF	3	86	1	1	BA1650	30311	9	0	0	1	0	0	0	0	0	0	0
A	EF	3	86	1	1	BA1650	30314	9	10	0	0	0	0	0	1	0	0	0
A	EF	3	86	1	1	BA1650	30389	10	2	0	0	0	0	0	0	0	0	0
A	EF	3	86	1	1	BA1650	30390	2	3	0	0	0	0	0	0	0	0	0
A	EF	3	86	1	1	BA1650	30618	3	5	1	1	0	0	0	0	0	0	0
A	EF	3	86	1	1	BA1650	30628	5	4	0	0	0	0	0	0	0	0	0
A	EF	3	86	1	1	BA1650	30633	4	0	0	0	0	0	0	1	0	0	0
A	EF	3	86	1	1	BA1650	30676	4	5	1	1	0	0	0	0	0	0	0
A	EF	3	86	1	1	BA1650	30684	5	0	0	0	0	0	0	1	0	0	0
A	EF	3	86	1	1	BA1650	30686	5	4	0	0	0	0	0	0	0	0	0
A	EF	3	86	1	1	BA1650	30706	4	5	1	1	0	0	0	0	0	0	0
A	EF	3	86	1	1	BA1650	30709	5	0	0	0	0	0	0	1	0	0	0
A	EF	3	86	1	1	BA1650	30716	5	4	0	0	0	0	0	0	0	0	0
A	EF	3	86	1	1	BA1650	30735	4	5	1	1	0	0	0	0	0	0	0
A	EF	3	86	1	1	BA1650	30739	5	0	0	0	0	0	0	1	0	0	0
A	EF	3	86	1	1	BA1650	30741	5	0	0	1	0	0	0	0	0	0	0
A	EF	3	86	1	1	BA1650	30745	5	4	0	0	0	0	0	0	0	0	0
A	EF	3	86	1	1	BA1650	30751	4	0	0	0	0	0	0	1	0	0	0
A	EF	3	86	1	1	BA1650	30754	4	5	1	1	0	0	0	0	0	0	0
A	EF	3	86	1	1	BA1650	30764	5	9	0	0	0	0	0	0	0	0	0
A	EF	3	86	1	1	BA1650	30774	9	10	0	0	0	0	0	0	0	0	0
A	EF	3	86	1	1	BA1650	30779	10	0	0	0	0	0	0	1	0	0	0
A	EF	3	86	1	1	BA1650	30849	10	2	0	0	0	0	0	0	0	0	0
A	EF	3	86	1	1	BA1650	30850	2	3	0	0	0	0	0	0	0	0	0
A	EF	3	86	1	1	BA1650	30959	3	5	1	1	0	0	0	0	0	0	0
A	EF	3	86	1	1	BA1650	30969	5	4	0	0	0	0	0	0	0	0	0
A	EF	3	86	1	1	BA1650	30984	4	0	0	0	0	0	0	1	0	0	0
A	EF	3	86	1	1	BA1650	30989	4	5	1	1	0	0	0	0	0	0	0
A	EF	3	86	1	1	BA1650	30993	5	0	0	1	0	0	0	1	0	0	0
A	EF	3	86	1	1	BA1650	30996	5	0	0	0	0	0	0	1	0	0	0
A	EF	3	86	1	1	BA1650	30999	5	4	0	0	0	0	0	0	0	0	0
A	EF	3	86	1	1	BA1650	31001	4	5	1	1	0	0	0	0	0	0	0
A	EF	3	86	1	1	BA1650	31011	5	4	0	0	0	0	0	0	0	0	0
A	EF	3	86	1	1	BA1650	31012	4	0	0	0	0	0	0	1	0	0	0
A	EF	3	86	1	1	BA1650	31014	4	5	1	1	0	0	0	0	0	0	0
A	EF	3	86	1	1	BA1650	31021	5	0	0	1	0	0	0	1	0	0	0
A	EF	3	86	1	1	BA1650	31024	5	4	0	0	0	0	0	0	0	0	0
A	EF	3	86	1	1	BA1650	31054	4	0	0	0	0	0	0	1	0	0	0
A	EF	3	86	1	1	BA1650	31058	4	5	1	1	0	0	0	0	0	0	0
A	EF	3	86	1	1	BA1650	31064	5	0	0	0	0	0	0	1	0	0	0
A	EF	3	86	1	1	BA1650	31068	5	9	0	0	0	0	0	0	0	0	0
A	EF	3	86	1	1	BA1650	31069	9	0	0	1	0	0	0	0	0	0	0
A	EF	3	86	1	1	BA1650	31073	9	0	0	0	0	0	0	1	0	0	0
A	EF	3	86	1	1	BA1650	31078	9	10	0	0	0	0	0	0	0	0	0
A	EF	3	86	1	1	BA1650	31153	10	2	0	0	0	0	0	0	0	0	0
A	EF	3	86	1	1	BA1650	31154	2	6	0	0	0	0	0	0	0	0	0
A	EF	3	86	1	1	BA1650	31510	6	0	0	1	0	0	0	0	0	0	0
A	EF	3	86	1	1	BA1650	31518	6	0	0	0	0	0	0	1	0	0	0
A	EF	3	86	1	1	BA1650	31528	6	0	0	1	0	0	0	0	0	0	0
A	EF	3	86	1	1	BA1650	31531	6	0	0	0	0	0	0	1	0	0	0
A	EF	3	86	1	1	BA1650	31534	6	0	0	1	0	0	0	0	0	0	0
A	EF	3	86	1	1	BA1650	31540	6	0	0	0	0	0	0	1	0	0	0
A	EF	3	86	1	1	BA1650	31544	6	0	0	1	0	0	0	0	0	0	0
A	EF	3	86	1	1	BA1650	31549	6	0	0	0	0	0	0	1	0	0	0
A	EF	3	86	1	1	BA1650	31556	6	0	0	1	0	0	0	0	0	0	0
A	EF	3	86	1	1	BA1650	31611	6	0	0	0	0	0	0	1	0	0	0
A	EF	3	86	1	1	BA1650	31618	6	0	0	1	0	0	0	0	0	0	0
A	EF	3	86	1	1	BA1650	31625	6	0	0	0	0	0	0	1	0	0	0
A	EF	3	86	1	1	BA1650	31963	6	8	2	0	1	0	0	0	0	0	0
A	EF	3	86	1	1	BA1650	31973	8	7	0	0	0	0	0	0	0	0	0
A	EF	3	86	1	1	BA1650	31987	7	0	0	0	0	0	0	0	1	0	0
A	EF	3	86	1	1	BA1650	32007	7	8	2	0	1	0	0	0	0	0	0
A	EF	3	86	1	1	BA1650	32017	8	7	0	0	0	0	0	0	0	0	0
A	EF	3	86	1	1	BA1650	32018	7	0	0	0	0	0	0	0	1	0	0
A	EF	3	86	1	1	BA1650	32023	7	8	2	0	1	0	0	0	0	0	0
A	EF	3	86	1	1	BA1650	32030	8	0	0	0	0	0	0	0	1	0	0
A	EF	3	86	1	1	BA1650	32033	8	7	0	0	0	0	0	0	0	0	0
A	EF	3	86	1	1	BA1650	32035	7	8	2	0	1	0	0	0	0	0	0
A	EF	3	86	1	1	BA1650	32044	8	0	0	0	0	0	0	0	1	0	0
A	EF	3	86	1	1	BA1650	32045	8	7	0	0	0	0	0	0	0	0	0
A	EF	3	86	1	1	BA1650	32063	7	8	2	0	1	0	0	0	0	0	0
A	EF	3	86	1	1	BA1650	32070	8	0	0	0	0	0	0	0	1	0	0
A	EF	3	86	1	1	BA1650	32073	8	7	0	0	0	0	0	0	0	0	0
A	EF	3	86	1	1	BA1650	32075	7	8	2	0	1	0	0	0	0	0	0
A	EF	3	86	1	1	BA1650	32079	8	0	0	0	0	0	0	0	1	0	0
A	EF	3	86	1	1	BA1650	32085	8	7	0	0	0	0	0	0	0	0	0
A	EF	3	86	1	1	BA1650	32218	7	8	2	0	1	0	0	0	0	0	0
A	EF	3	86	1	1	BA1650	32219	8	0	0	0	0	0	0	0	1	0	0
A	EF	3	86	1	1	BA1650	32227	8	0	0	0	1	0	0	0	0	0	0
A	EF	3	86	1	1	BA1650	32228	8	7	0	0	0	0	0	0	0	0	0
A	EF	3	86	1	1	BA1650	32246	7	0	0	0	0	0	0	0	1	0	0
A	EF	3	86	1	1	BA1650	32250	7	8	2	0	1	0	0	0	0	0	0
A	EF	3	86	1	1	BA1650	32258	8	0	0	0	0	0	0	0	1	0	0
A	EF	3	86	1	1	BA1650	32259	8	0	0	0	1	0	0	0	0	0	0
A	EF	3	86	1	1	BA1650	32260	8	7	0	0	0	0	0	0	0	0	0
A	EF	3	86	1	1	BA1650	32270	7	0	0	0	0	0	0	0	1	0	0
A	EF	3	86	1	1	BA1650	32279	7	8	2	0	1	0	0	0	0	0	0
A	EF	3	86	1	1	BA1650	32289	8	7	0	0	0	0	0	0	0	0	0
A	EF	3	86	1	1	BA1650	32327	7	0	0	0	0	0	0	0	1	0	0
A	EF	3	86	1	1	BA1650	32331	7	8	2	0	1	0	0	0	0	0	0
A	EF	3	86	1	1	BA1650	32341	8	7	0	0	0	0	0	0	1	0	0
A	EF	3	86	1	1	BA1650	32397	7	8	2	0	1	0	0	0	0	0	0
A	EF	3	86	1	1	BA1650	32402	8	0	0	0	0	0	0	0	1	0	0
A	EF	3	86	1	1	BA1650	32406	8	0	0	0	1	0	0	0	0	0	0
A	EF	3	86	1	1	BA1650	32407	8	7	0	0	0	0	0	0	0	0	0
A	EF	3	86	1	1	BA1650	32419	7	0	0	0	0	0	0	0	1	0	0
A	EF	3	86	1	1	BA1650	32542	7	8	2	0	1	0	0	0	0	0	0
A	EF	3	86	1	1	BA1650	32552	8	7	0	0	0	0	0	0	0	0	0
A	EF	3	86	1	1	BA1650	32569	7	0	0	0	0	0	0	0	1	0	0
A	EF	3	86	1	1	BA1650	32573	7	8	2	0	1	0	0	0	0	0	0
A	EF	3	86	1	1	BA1650	32580	8	0	0	0	0	0	0	0	1	0	0
A	EF	3	86	1	1	BA1650	32583	8	7	0	0	0	0	0	0	0	0	0
A	EF	3	86	1	1	BA1650	32606	7	8	2	0	1	0	0	0	0	0	0
A	EF	3	86	1	1	BA1650	32610	8	0	0	0	0	0	0	0	1	0	0
A	EF	3	86	1	1	BA1650	32616	8	7	0	0	0	0	0	0	0	0	0
A	EF	3	86	1	1	BA1650	32626	7	8	2	0	1	0	0	0	0	0	0
A	EF	3	86	1	1	BA1650	32630	8	0	0	0	0	0	0	0	1	0	0
A	EF	3	86	1	1	BA1650	32631	8	0	0	0	1	0	0	0	0	0	0
A	EF	3	86	1	1	BA1650	32636	8	7	0	0	0	0	0	0	0	0	0
A	EF	3	86	1	1	BA1650	32639	7	0	0	0	0	0	0	0	1	0	0
A	EF	3	86	1	1	BA1650	32644	7	8	2	0	1	0	0	0	0	0	0
A	EF	3	86	1	1	BA1650	32647	8	0	0	0	0	0	0	0	1	0	0
A	EF	3	86	1	1	BA1650	32654	8	7	0	0	0	0	0	0	0	0	0
A	EF	3	86	1	1	BA1650	32662	7	8	2	0	1	0	0	0	0	0	0
A	EF	3	86	1	1	BA1650	32672	8	7	0	0	0	0	0	0	0	0	0
A	EF	3	86	1	1	BA1650	32674	7	0	0	0	0	0	0	0	1	0	0
A	EF	3	86	1	1	BA1650	32678	7	8	2	0	1	0	0	0	0	0	0
A	EF	3	86	1	1	BA1650	32688	8	7	0	0	0	0	0	0	0	0	0
A	EF	3	86	1	1	BA1650	32693	7	0	0	0	0	0	0	0	1	0	0
A	EF	3	86	1	1	BA1650	32696	7	8	2	0	1	0	0	0	0	0	0
A	EF	3	86	1	1	BA1650	32706	8	7	0	0	0	0	0	0	0	0	0
A	EF	3	86	1	1	BA1650	32726	7	0	0	0	0	0	0	0	1	0	0
A	EF	3	86	1	1	BA1650	32728	7	8	2	0	1	0	0	0	0	0	0
A	EF	3	86	1	1	BA1650	32732	8	0	0	0	0	0	0	0	1	0	0
A	EF	3	86	1	1	BA1650	32738	8	9	0	0	0	0	0	0	0	0	0
A	EF	3	86	1	1	BA1650	32745	9	0	0	0	1	0	0	0	0	0	0
A	EF	3	86	1	1	BA1650	32748	9	10	0	0	0	0	0	0	0	0	0
A	EF	3	86	1	1	BA1650	32753	10	0	0	0	0	0	0	0	1	0	0
A	EF	3	86	1	1	BA1650	32823	10	2	0	0	0	0	0	0	0	0	0
A	EF	3	86	1	1	BA1650	32824	2	3	0	0	0	0	0	0	0	0	0
A	EF	3	86	1	1	BA1650	32909	3	5	1	1	0	0	0	0	0	0	0
A	EF	3	86	1	1	BA1650	32919	5	4	0	0	0	0	0	0	0	0	0
A	EF	3	86	1	1	BA1650	32925	4	0	0	0	0	0	0	1	0	0	0
A	EF	3	86	1	1	BA1650	32951	4	5	1	1	0	0	0	0	0	0	0
A	EF	3	86	1	1	BA1650	32957	5	0	0	0	0	0	0	1	0	0	0
A	EF	3	86	1	1	BA1650	32961	5	4	0	0	0	0	0	0	0	0	0
A	EF	3	86	1	1	BA1650	32963	4	5	1	1	0	0	0	0	0	0	0
A	EF	3	86	1	1	BA1650	32967	5	0	0	0	0	0	0	1	0	0	0
A	EF	3	86	1	1	BA1650	32971	5	0	0	1	0	0	0	0	0	0	0
A	EF	3	86	1	1	BA1650	32973	5	4	0	0	0	0	0	0	0	0	0
A	EF	3	86	1	1	BA1650	32985	4	0	0	0	0	0	0	1	0	0	0
A	EF	3	86	1	1	BA1650	33025	4	5	1	1	0	0	0	0	0	0	0
A	EF	3	86	1	1	BA1650	33028	5	0	0	0	0	0	0	1	0	0	0
A	EF	3	86	1	1	BA1650	33035	5	4	0	0	0	0	0	0	0	0	0
A	EF	3	86	1	1	BA1650	33036	4	5	1	1	0	0	0	0	0	0	0
A	EF	3	86	1	1	BA1650	33046	5	9	0	0	0	0	0	0	0	0	0
A	EF	3	86	1	1	BA1650	33056	9	10	0	0	0	0	0	0	0	0	0
A	EF	3	86	1	1	BA1650	33075	10	0	0	0	0	0	0	1	0	0	0
A	EF	3	86	1	1	BA1650	33131	10	2	0	0	0	0	0	0	0	0	0
A	EF	3	86	1	1	BA1650	33132	2	6	0	0	0	0	0	0	0	0	0
A	EF	3	86	1	1	BA1650	33277	6	0	0	1	0	0	0	0	0	0	0
A	EF	3	86	1	1	BA1650	33281	6	0	0	0	0	0	0	1	0	0	0
A	EF	3	86	1	1	BA1650	33555	6	8	2	0	1	0	0	0	0	0	0
A	EF	3	86	1	1	BA1650	33565	8	7	0	0	0	0	0	0	0	0	0
A	EF	3	86	1	1	BA1650	33566	7	0	0	0	0	0	0	0	1	0	0
A	EF	3	86	1	1	BA1650	33583	7	8	2	0	1	0	0	0	0	0	0
A	EF	3	86	1	1	BA1650	33593	8	7	0	0	0	0	0	0	0	0	0
A	EF	3	86	1	1	BA1650	33596	7	0	0	0	0	0	0	0	1	0	0
A	EF	3	86	1	1	BA1650	33622	7	8	2	0	1	0	0	0	0	0	0
A	EF	3	86	1	1	BA1650	33632	8	7	0	0	0	0	0	0	1	0	0
A	EF	3	86	1	1	BA1650	33692	7	8	2	0	1	0	0	0	0	0	0
A	EF	3	86	1	1	BA1650	33697	8	0	0	0	0	0	0	0	1	0	0
A	EF	3	86	1	1	BA1650	33702	8	7	0	0	0	0	0	0	0	0	0
A	EF	3	86	1	1	BA1650	33781	7	8	2	0	1	0	0	0	0	0	0
A	EF	3	86	1	1	BA1650	33791	8	7	0	0	0	0	0	0	0	0	0
A	EF	3	86	1	1	BA1650	33793	7	0	0	0	0	0	0	0	1	0	0
A	EF	3	86	1	1	BA1650	33796	7	8	2	0	1	0	0	0	0	0	0
A	EF	3	86	1	1	BA1650	33806	8	7	0	0	0	0	0	0	0	0	0
A	EF	3	86	1	1	BA1650	33818	7	0	0	0	0	0	0	0	1	0	0
A	EF	3	86	1	1	BA1650	33822	7	8	2	0	1	0	0	0	0	0	0
A	EF	3	86	1	1	BA1650	33826	8	0	0	0	0	0	0	0	1	0	0
A	EF	3	86	1	1	BA1650	33832	8	7	0	0	1	0	0	0	0	0	0
A	EF	3	86	1	1	BA1650	33839	7	0	0	0	0	0	0	0	1	0	0
A	EF	3	86	1	1	BA1650	33843	7	8	2	0	1	0	0	0	0	0	0
A	EF	3	86	1	1	BA1650	33849	8	0	0	0	0	0	0	0	1	0	0
A	EF	3	86	1	1	BA1650	33853	8	7	0	0	0	0	0	0	0	0	0
A	EF	3	86	1	1	BA1650	33883	7	8	2	0	1	0	0	0	0	0	0
A	EF	3	86	1	1	BA1650	33889	8	0	0	0	0	0	0	0	1	0	0
A	EF	3	86	1	1	BA1650	33892	8	0	0	0	1	0	0	0	0	0	0
A	EF	3	86	1	1	BA1650	33893	8	7	0	0	0	0	0	0	0	0	0
A	EF	3	86	1	1	BA1650	33917	7	0	0	0	0	0	0	0	1	0	0
A	EF	3	86	1	1	BA1650	33921	7	8	2	0	1	0	0	0	0	0	0
A	EF	3	86	1	1	BA1650	33931	8	7	0	0	0	0	0	0	0	0	0
A	EF	3	86	1	1	BA1650	33940	7	0	0	0	0	0	0	0	1	0	0
A	EF	3	86	1	1	BA1650	34044	7	8	2	0	1	0	0	0	0	0	0
A	EF	3	86	1	1	BA1650	34049	8	0	0	0	0	0	0	0	1	0	0
A	EF	3	86	1	1	BA1650	34051	8	0	0	0	1	0	0	0	0	0	0
A	EF	3	86	1	1	BA1650	34054	8	7	0	0	0	0	0	0	0	0	0
A	EF	3	86	1	1	BA1650	34066	7	0	0	0	0	0	0	0	1	0	0
A	EF	3	86	1	1	BA1650	34071	7	8	2	0	1	0	0	0	0	0	0
A	EF	3	86	1	1	BA1650	34077	8	0	0	0	0	0	0	0	1	0	0
A	EF	3	86	1	1	BA1650	34081	8	7	0	0	0	0	0	0	0	0	0
A	EF	3	86	1	1	BA1650	34087	7	8	2	0	1	0	0	0	0	0	0
A	EF	3	86	1	1	BA1650	34093	8	0	0	0	0	0	0	0	1	0	0
A	EF	3	86	1	1	BA1650	34097	8	7	0	0	0	0	0	0	0	0	0
A	EF	3	86	1	1	BA1650	34104	7	8	2	0	1	0	0	0	0	0	0
A	EF	3	86	1	1	BA1650	34114	8	7	0	0	0	0	0	0	0	0	0
A	EF	3	86	1	1	BA1650	34118	7	0	0	0	0	0	0	0	1	0	0
A	EF	3	86	1	1	BA1650	34134	7	8	2	0	1	0	0	0	0	0	0
A	EF	3	86	1	1	BA1650	34142	8	0	0	0	0	0	0	0	1	0	0
A	EF	3	86	1	1	BA1650	34144	8	7	0	0	0	0	0	0	0	0	0
A	EF	3	86	1	1	BA1650	34145	7	8	2	0	1	0	0	0	0	0	0
A	EF	3	86	1	1	BA1650	34155	8	7	0	0	0	0	0	0	0	0	0
A	EF	3	86	1	1	BA1650	34163	7	0	0	0	0	0	0	0	1	0	0
A	EF	3	86	1	1	BA1650	34165	7	8	2	0	1	0	0	0	0	0	0
A	EF	3	86	1	1	BA1650	34174	8	0	0	0	0	0	0	0	1	0	0
A	EF	3	86	1	1	BA1650	34175	8	7	0	0	0	0	0	0	0	0	0
A	EF	3	86	1	1	BA1650	34182	7	8	2	0	1	0	0	0	0	0	0
A	EF	3	86	1	1	BA1650	34183	8	0	0	0	0	0	0	0	1	0	0
A	EF	3	86	1	1	BA1650	34192	8	7	0	0	1	0	0	0	0	0	0
A	EF	3	86	1	1	BA1650	34200	7	0	0	0	0	0	0	0	1	0	0
A	EF	3	86	1	1	BA1650	34204	7	8	2	0	1	0	0	0	0	0	0
A	EF	3	86	1	1	BA1650	34213	8	0	0	0	0	0	0	0	1	0	0
A	EF	3	86	1	1	BA1650	34214	8	7	0	0	0	0	0	0	0	0	0
A	EF	3	86	1	1	BA1650	34217	7	8	2	0	1	0	0	0	0	0	0
A	EF	3	86	1	1	BA1650	34227	8	9	0	0	0	0	0	0	0	0	0
A	EF	3	86	1	1	BA1650	34237	9	10	0	0	0	0	0	0	1	0	0
A	EF	3	86	1	1	BA1650	34312	10	2	0	0	0	0	0	0	0	0	0
A	EF	3	86	1	1	BA1650	34313	2	3	0	0	0	0	0	0	0	0	0
A	EF	3	86	1	1	BA1650	34415	3	5	1	1	0	0	0	0	0	0	0
A	EF	3	86	1	1	BA1650	34423	5	0	0	0	0	0	0	1	0	0	0
A	EF	3	86	1	1	BA1650	34425	5	4	0	0	0	0	0	0	0	0	0
A	EF	3	86	1	1	BA1650	34426	4	5	1	1	0	0	0	0	0	0	0
A	EF	3	86	1	1	BA1650	34434	5	0	0	0	0	0	0	1	0	0	0
A	EF	3	86	1	1	BA1650	34436	5	4	0	0	0	0	0	0	0	0	0
A	EF	3	86	1	1	BA1650	34438	4	5	1	1	0	0	0	0	0	0	0
A	EF	3	86	1	1	BA1650	34448	5	4	0	0	0	0	0	0	0	0	0
A	EF	3	86	1	1	BA1650	34449	4	0	0	0	0	0	0	1	0	0	0
A	EF	3	86	1	1	BA1650	34453	4	5	1	1	0	0	0	0	0	0	0
A	EF	3	86	1	1	BA1650	34462	5	0	0	0	0	0	0	1	0	0	0
A	EF	3	86	1	1	BA1650	34463	5	4	0	0	0	0	0	0	0	0	0
A	EF	3	86	1	1	BA1650	34464	4	5	1	1	0	0	0	0	0	0	0
A	EF	3	86	1	1	BA1650	34474	5	9	0	0	0	0	0	0	0	0	0
A	EF	3	86	1	1	BA1650	34478	9	0	0	0	0	0	0	1	0	0	0
A	EF	3	86	1	1	BA1650	34484	9	10	0	0	0	0	0	0	0	0	0
A	EF	3	86	1	1	BA1650	34559	10	2	0	0	0	0	0	0	0	0	0
A	EF	3	86	1	1	BA1650	34560	2	3	0	0	0	0	0	0	0	0	0
A	EF	3	86	1	1	BA1650	34695	3	5	1	1	0	0	0	0	0	0	0
A	EF	3	86	1	1	BA1650	34697	5	0	0	0	0	0	0	1	0	0	0
A	EF	3	86	1	1	BA1650	34705	5	4	0	0	0	0	0	0	0	0	0
A	EF	3	86	1	1	BA1650	34724	4	5	1	1	0	0	0	0	0	0	0
A	EF	3	86	1	1	BA1650	34734	5	4	0	0	0	0	0	0	0	0	0
A	EF	3	86	1	1	BA1650	34735	4	0	0	0	0	0	0	1	0	0	0
A	EF	3	86	1	1	BA1650	34757	4	5	1	1	0	0	0	0	0	0	0
A	EF	3	86	1	1	BA1650	34762	5	0	0	0	0	0	0	1	0	0	0
A	EF	3	86	1	1	BA1650	34767	5	4	0	0	0	0	0	0	0	0	0
A	EF	3	86	1	1	BA1650	34768	4	5	1	1	0	0	0	0	0	0	0
A	EF	3	86	1	1	BA1650	34778	5	4	0	0	0	0	0	0	0	0	0
A	EF	3	86	1	1	BA1650	34784	4	0	0	0	0	0	0	1	0	0	0
A	EF	3	86	1	1	BA1650	34821	4	5	1	1	0	0	0	0	0	0	0
A	EF	3	86	1	1	BA1650	34827	5	0	0	0	0	0	0	1	0	0	0
A	EF	3	86	1	1	BA1650	34830	5	0	0	1	0	0	0	0	0	0	0
A	EF	3	86	1	1	BA1650	34831	5	9	0	0	0	0	0	0	0	0	0
A	EF	3	86	1	1	BA1650	34840	9	0	0	0	0	0	0	1	0	0	0
A	EF	3	86	1	1	BA1650	34841	9	-1	0	0	0	0	0	0	0	0	0
