Project	UserID	Protocol	Session	Station	Run	Subject	Time	Current State	Transition State	Transition Event	A1 - LEFT	A2 - RIGHT	A3 - 	A4 - 	A[1] LEFT	A[2] RIGHT	A[3] 	A[4] 
A	AG	4	87	9	1	BA1653	0	0	1	0	0	0	0	0	0	0	0	0
A	AG	4	87	9	1	BA1653	50	1	2	0	0	0	0	0	0	0	0	0
A	AG	4	87	9	1	BA1653	51	2	3	0	0	0	0	0	0	0	0	0
A	AG	4	87	9	1	BA1653	457	3	5	1	1	0	0	0	0	0	0	0
A	AG	4	87	9	1	BA1653	467	5	4	0	0	0	0	0	0	0	0	0
A	AG	4	87	9	1	BA1653	492	4	0	0	0	0	0	0	1	0	0	0
A	AG	4	87	9	1	BA1653	698	4	5	1	1	0	0	0	0	0	0	0
A	AG	4	87	9	1	BA1653	708	5	4	0	0	0	0	0	0	0	0	0
A	AG	4	87	9	1	BA1653	715	4	0	0	0	0	0	0	1	0	0	0
A	AG	4	87	9	1	BA1653	779	4	5	1	1	0	0	0	0	0	0	0
A	AG	4	87	9	1	BA1653	789	5	4	0	0	0	0	0	0	0	0	0
A	AG	4	87	9	1	BA1653	810	4	0	0	0	0	0	0	1	0	0	0
A	AG	4	87	9	1	BA1653	828	4	5	1	1	0	0	0	0	0	0	0
A	AG	4	87	9	1	BA1653	838	5	4	0	0	0	0	0	0	0	0	0
A	AG	4	87	9	1	BA1653	888	4	0	0	0	0	0	0	1	0	0	0
A	AG	4	87	9	1	BA1653	905	4	5	1	1	0	0	0	0	0	0	0
A	AG	4	87	9	1	BA1653	915	5	9	0	0	0	0	0	0	0	0	0
A	AG	4	87	9	1	BA1653	925	9	10	0	0	0	0	0	0	0	0	0
A	AG	4	87	9	1	BA1653	928	10	0	0	0	0	0	0	1	0	0	0
A	AG	4	87	9	1	BA1653	1000	10	2	0	0	0	0	0	0	0	0	0
A	AG	4	87	9	1	BA1653	1001	2	6	0	0	0	0	0	0	0	0	0
A	AG	4	87	9	1	BA1653	1428	6	8	2	0	1	0	0	0	0	0	0
A	AG	4	87	9	1	BA1653	1438	8	7	0	0	0	0	0	0	0	0	0
A	AG	4	87	9	1	BA1653	1453	7	0	0	0	0	0	0	0	1	0	0
A	AG	4	87	9	1	BA1653	1498	7	8	2	0	1	0	0	0	0	0	0
A	AG	4	87	9	1	BA1653	1508	8	7	0	0	0	0	0	0	0	0	0
A	AG	4	87	9	1	BA1653	1542	7	0	0	0	0	0	0	0	1	0	0
A	AG	4	87	9	1	BA1653	1609	7	8	2	0	1	0	0	0	0	0	0
A	AG	4	87	9	1	BA1653	1619	8	7	0	0	0	0	0	0	0	0	0
A	AG	4	87	9	1	BA1653	1656	7	0	0	0	0	0	0	0	1	0	0
A	AG	4	87	9	1	BA1653	1699	7	8	2	0	1	0	0	0	0	0	0
A	AG	4	87	9	1	BA1653	1709	8	7	0	0	0	0	0	0	0	0	0
A	AG	4	87	9	1	BA1653	1737	7	0	0	0	0	0	0	0	1	0	0
A	AG	4	87	9	1	BA1653	1786	7	8	2	0	1	0	0	0	0	0	0
A	AG	4	87	9	1	BA1653	1794	8	0	0	0	0	0	0	0	1	0	0
A	AG	4	87	9	1	BA1653	1796	8	7	0	0	0	0	0	0	0	0	0
A	AG	4	87	9	1	BA1653	1805	7	8	2	0	1	0	0	0	0	0	0
A	AG	4	87	9	1	BA1653	1813	8	0	0	0	0	0	0	0	1	0	0
A	AG	4	87	9	1	BA1653	1815	8	7	0	0	0	0	0	0	0	0	0
A	AG	4	87	9	1	BA1653	1817	7	8	2	0	1	0	0	0	0	0	0
A	AG	4	87	9	1	BA1653	1827	8	7	0	0	0	0	0	0	0	0	0
A	AG	4	87	9	1	BA1653	1832	7	0	0	0	0	0	0	0	1	0	0
A	AG	4	87	9	1	BA1653	1843	7	8	2	0	1	0	0	0	0	0	0
A	AG	4	87	9	1	BA1653	1853	8	7	0	0	0	0	0	0	0	0	0
A	AG	4	87	9	1	BA1653	1855	7	0	0	0	0	0	0	0	1	0	0
A	AG	4	87	9	1	BA1653	1858	7	8	2	0	1	0	0	0	0	0	0
A	AG	4	87	9	1	BA1653	1868	8	7	0	0	0	0	0	0	0	0	0
A	AG	4	87	9	1	BA1653	1893	7	0	0	0	0	0	0	0	1	0	0
A	AG	4	87	9	1	BA1653	1928	7	8	2	0	1	0	0	0	0	0	0
A	AG	4	87	9	1	BA1653	1938	8	7	0	0	0	0	0	0	0	0	0
A	AG	4	87	9	1	BA1653	1988	7	0	0	0	0	0	0	0	1	0	0
A	AG	4	87	9	1	BA1653	2053	7	8	2	0	1	0	0	0	0	0	0
A	AG	4	87	9	1	BA1653	2063	8	7	0	0	0	0	0	0	0	0	0
A	AG	4	87	9	1	BA1653	2083	7	0	0	0	0	0	0	0	1	0	0
A	AG	4	87	9	1	BA1653	2086	7	8	2	0	1	0	0	0	0	0	0
A	AG	4	87	9	1	BA1653	2096	8	7	0	0	0	0	0	0	0	0	0
A	AG	4	87	9	1	BA1653	2119	7	0	0	0	0	0	0	0	1	0	0
A	AG	4	87	9	1	BA1653	2137	7	8	2	0	1	0	0	0	0	0	0
A	AG	4	87	9	1	BA1653	2140	8	0	0	0	0	0	0	0	1	0	0
A	AG	4	87	9	1	BA1653	2144	8	0	0	0	1	0	0	0	0	0	0
A	AG	4	87	9	1	BA1653	2147	8	7	0	0	0	0	0	0	0	0	0
A	AG	4	87	9	1	BA1653	2187	7	0	0	0	0	0	0	0	1	0	0
A	AG	4	87	9	1	BA1653	2224	7	8	2	0	1	0	0	0	0	0	0
A	AG	4	87	9	1	BA1653	2234	8	7	0	0	0	0	0	0	0	0	0
A	AG	4	87	9	1	BA1653	2277	7	0	0	0	0	0	0	0	1	0	0
A	AG	4	87	9	1	BA1653	2279	7	8	2	0	1	0	0	0	0	0	0
A	AG	4	87	9	1	BA1653	2281	8	0	0	0	0	0	0	0	1	0	0
A	AG	4	87	9	1	BA1653	2284	8	0	0	0	1	0	0	0	0	0	0
A	AG	4	87	9	1	BA1653	2289	8	7	0	0	0	0	0	0	0	0	0
A	AG	4	87	9	1	BA1653	2309	7	0	0	0	0	0	0	0	1	0	0
A	AG	4	87	9	1	BA1653	2378	7	8	2	0	1	0	0	0	0	0	0
A	AG	4	87	9	1	BA1653	2388	8	7	0	0	0	0	0	0	0	0	0
A	AG	4	87	9	1	BA1653	2422	7	0	0	0	0	0	0	0	1	0	0
A	AG	4	87	9	1	BA1653	2525	7	0	0	1	0	0	0	0	0	0	0
A	AG	4	87	9	1	BA1653	2551	7	0	0	0	0	0	0	1	0	0	0
A	AG	4	87	9	1	BA1653	2625	7	8	2	0	1	0	0	0	0	0	0
A	AG	4	87	9	1	BA1653	2633	8	0	0	0	0	0	0	0	1	0	0
A	AG	4	87	9	1	BA1653	2635	8	7	0	0	0	0	0	0	0	0	0
A	AG	4	87	9	1	BA1653	2707	7	8	2	0	1	0	0	0	0	0	0
A	AG	4	87	9	1	BA1653	2717	8	7	0	0	0	0	0	0	0	0	0
A	AG	4	87	9	1	BA1653	2732	7	0	0	0	0	0	0	0	1	0	0
A	AG	4	87	9	1	BA1653	2737	7	8	2	0	1	0	0	0	0	0	0
A	AG	4	87	9	1	BA1653	2743	8	0	0	0	0	0	0	0	1	0	0
A	AG	4	87	9	1	BA1653	2747	8	7	0	0	0	0	0	0	0	0	0
A	AG	4	87	9	1	BA1653	2765	7	8	2	0	1	0	0	0	0	0	0
A	AG	4	87	9	1	BA1653	2769	8	0	0	0	0	0	0	0	1	0	0
A	AG	4	87	9	1	BA1653	2775	8	9	0	0	0	0	0	0	0	0	0
A	AG	4	87	9	1	BA1653	2776	9	0	0	0	1	0	0	0	0	0	0
A	AG	4	87	9	1	BA1653	2785	9	10	0	0	0	0	0	0	0	0	0
A	AG	4	87	9	1	BA1653	2792	10	0	0	0	0	0	0	0	1	0	0
A	AG	4	87	9	1	BA1653	2860	10	2	0	0	0	0	0	0	0	0	0
A	AG	4	87	9	1	BA1653	2861	2	6	0	0	0	0	0	0	0	0	0
A	AG	4	87	9	1	BA1653	3316	6	8	2	0	1	0	0	0	0	0	0
A	AG	4	87	9	1	BA1653	3318	8	0	0	0	0	0	0	0	1	0	0
A	AG	4	87	9	1	BA1653	3326	8	7	0	0	0	0	0	0	0	0	0
A	AG	4	87	9	1	BA1653	3327	7	8	2	0	1	0	0	0	0	0	0
A	AG	4	87	9	1	BA1653	3337	8	7	0	0	0	0	0	0	0	0	0
A	AG	4	87	9	1	BA1653	3346	7	0	0	0	0	0	0	0	1	0	0
A	AG	4	87	9	1	BA1653	4200	7	8	2	0	1	0	0	0	0	0	0
A	AG	4	87	9	1	BA1653	4207	8	0	0	0	0	0	0	0	1	0	0
A	AG	4	87	9	1	BA1653	4210	8	7	0	0	0	0	0	0	0	0	0
A	AG	4	87	9	1	BA1653	4251	7	8	2	0	1	0	0	0	0	0	0
A	AG	4	87	9	1	BA1653	4261	8	7	0	0	0	0	0	0	0	0	0
A	AG	4	87	9	1	BA1653	4274	7	0	0	0	0	0	0	0	1	0	0
A	AG	4	87	9	1	BA1653	4285	7	8	2	0	1	0	0	0	0	0	0
A	AG	4	87	9	1	BA1653	4288	8	0	0	0	0	0	0	0	1	0	0
A	AG	4	87	9	1	BA1653	4292	8	0	0	0	1	0	0	0	0	0	0
A	AG	4	87	9	1	BA1653	4295	8	7	0	0	0	0	0	0	0	0	0
A	AG	4	87	9	1	BA1653	4297	7	0	0	0	0	0	0	0	1	0	0
A	AG	4	87	9	1	BA1653	4317	7	8	2	0	1	0	0	0	0	0	0
A	AG	4	87	9	1	BA1653	4327	8	7	0	0	0	0	0	0	0	0	0
A	AG	4	87	9	1	BA1653	4340	7	0	0	0	0	0	0	0	1	0	0
A	AG	4	87	9	1	BA1653	4410	7	8	2	0	1	0	0	0	0	0	0
A	AG	4	87	9	1	BA1653	4420	8	7	0	0	0	0	0	0	0	0	0
A	AG	4	87	9	1	BA1653	4424	7	0	0	0	0	0	0	0	1	0	0
A	AG	4	87	9	1	BA1653	4463	7	8	2	0	1	0	0	0	0	0	0
A	AG	4	87	9	1	BA1653	4466	8	0	0	0	0	0	0	0	1	0	0
A	AG	4	87	9	1	BA1653	4473	8	7	0	0	0	0	0	0	0	0	0
A	AG	4	87	9	1	BA1653	4480	7	8	2	0	1	0	0	0	0	0	0
A	AG	4	87	9	1	BA1653	4482	8	0	0	0	0	0	0	0	1	0	0
A	AG	4	87	9	1	BA1653	4490	8	7	0	0	0	0	0	0	0	0	0
A	AG	4	87	9	1	BA1653	4526	7	8	2	0	1	0	0	0	0	0	0
A	AG	4	87	9	1	BA1653	4536	8	7	0	0	0	0	0	0	0	0	0
A	AG	4	87	9	1	BA1653	4583	7	0	0	0	0	0	0	0	1	0	0
A	AG	4	87	9	1	BA1653	4589	7	8	2	0	1	0	0	0	0	0	0
A	AG	4	87	9	1	BA1653	4599	8	7	0	0	0	0	0	0	0	0	0
A	AG	4	87	9	1	BA1653	4603	7	0	0	0	0	0	0	0	1	0	0
A	AG	4	87	9	1	BA1653	4616	7	8	2	0	1	0	0	0	0	0	0
A	AG	4	87	9	1	BA1653	4619	8	0	0	0	0	0	0	0	1	0	0
A	AG	4	87	9	1	BA1653	4626	8	7	0	0	0	0	0	0	0	0	0
A	AG	4	87	9	1	BA1653	4631	7	8	2	0	1	0	0	0	0	0	0
A	AG	4	87	9	1	BA1653	4632	8	0	0	0	0	0	0	0	1	0	0
A	AG	4	87	9	1	BA1653	4641	8	7	0	0	0	0	0	0	0	0	0
A	AG	4	87	9	1	BA1653	4643	7	8	2	0	1	0	0	0	0	0	0
A	AG	4	87	9	1	BA1653	4653	8	7	0	0	0	0	0	0	0	0	0
A	AG	4	87	9	1	BA1653	4683	7	0	0	0	0	0	0	0	1	0	0
A	AG	4	87	9	1	BA1653	4695	7	8	2	0	1	0	0	0	0	0	0
A	AG	4	87	9	1	BA1653	4705	8	7	0	0	0	0	0	0	0	0	0
A	AG	4	87	9	1	BA1653	4735	7	0	0	0	0	0	0	0	1	0	0
A	AG	4	87	9	1	BA1653	4786	7	8	2	0	1	0	0	0	0	0	0
A	AG	4	87	9	1	BA1653	4796	8	7	0	0	0	0	0	0	0	0	0
A	AG	4	87	9	1	BA1653	4850	7	0	0	0	0	0	0	0	1	0	0
A	AG	4	87	9	1	BA1653	4881	7	8	2	0	1	0	0	0	0	0	0
A	AG	4	87	9	1	BA1653	4887	8	0	0	0	0	0	0	0	1	0	0
A	AG	4	87	9	1	BA1653	4891	8	7	0	0	0	0	0	0	0	0	0
A	AG	4	87	9	1	BA1653	4899	7	8	2	0	1	0	0	0	0	0	0
A	AG	4	87	9	1	BA1653	4909	8	7	0	0	0	0	0	0	0	0	0
A	AG	4	87	9	1	BA1653	4922	7	0	0	0	0	0	0	0	1	0	0
A	AG	4	87	9	1	BA1653	4925	7	8	2	0	1	0	0	0	0	0	0
A	AG	4	87	9	1	BA1653	4935	8	7	0	0	0	0	0	0	0	0	0
A	AG	4	87	9	1	BA1653	4939	7	0	0	0	0	0	0	0	1	0	0
A	AG	4	87	9	1	BA1653	4952	7	8	2	0	1	0	0	0	0	0	0
A	AG	4	87	9	1	BA1653	4962	8	9	0	0	0	0	0	0	0	0	0
A	AG	4	87	9	1	BA1653	4972	9	10	0	0	0	0	0	0	0	0	0
A	AG	4	87	9	1	BA1653	4975	10	0	0	0	0	0	0	0	1	0	0
A	AG	4	87	9	1	BA1653	5047	10	2	0	0	0	0	0	0	0	0	0
A	AG	4	87	9	1	BA1653	5048	2	6	0	0	0	0	0	0	0	0	0
A	AG	4	87	9	1	BA1653	5383	6	0	0	1	0	0	0	0	0	0	0
A	AG	4	87	9	1	BA1653	5412	6	0	0	0	0	0	0	1	0	0	0
A	AG	4	87	9	1	BA1653	5435	6	0	0	1	0	0	0	0	0	0	0
A	AG	4	87	9	1	BA1653	5442	6	0	0	0	0	0	0	1	0	0	0
A	AG	4	87	9	1	BA1653	5452	6	0	0	1	0	0	0	0	0	0	0
A	AG	4	87	9	1	BA1653	5487	6	0	0	0	0	0	0	1	0	0	0
A	AG	4	87	9	1	BA1653	5507	6	0	0	1	0	0	0	0	0	0	0
A	AG	4	87	9	1	BA1653	5512	6	0	0	0	0	0	0	1	0	0	0
A	AG	4	87	9	1	BA1653	5527	6	0	0	1	0	0	0	0	0	0	0
A	AG	4	87	9	1	BA1653	5574	6	0	0	0	0	0	0	1	0	0	0
A	AG	4	87	9	1	BA1653	5616	6	0	0	1	0	0	0	0	0	0	0
A	AG	4	87	9	1	BA1653	5656	6	0	0	0	0	0	0	1	0	0	0
A	AG	4	87	9	1	BA1653	5661	6	0	0	1	0	0	0	0	0	0	0
A	AG	4	87	9	1	BA1653	5664	6	0	0	0	0	0	0	1	0	0	0
A	AG	4	87	9	1	BA1653	5686	6	0	0	1	0	0	0	0	0	0	0
A	AG	4	87	9	1	BA1653	5726	6	0	0	0	0	0	0	1	0	0	0
A	AG	4	87	9	1	BA1653	5728	6	0	0	1	0	0	0	0	0	0	0
A	AG	4	87	9	1	BA1653	5732	6	0	0	0	0	0	0	1	0	0	0
A	AG	4	87	9	1	BA1653	5748	6	0	0	1	0	0	0	0	0	0	0
A	AG	4	87	9	1	BA1653	5753	6	0	0	0	0	0	0	1	0	0	0
A	AG	4	87	9	1	BA1653	5767	6	0	0	1	0	0	0	0	0	0	0
A	AG	4	87	9	1	BA1653	5808	6	0	0	0	0	0	0	1	0	0	0
A	AG	4	87	9	1	BA1653	5864	6	0	0	1	0	0	0	0	0	0	0
A	AG	4	87	9	1	BA1653	5899	6	0	0	0	0	0	0	1	0	0	0
A	AG	4	87	9	1	BA1653	5911	6	0	0	1	0	0	0	0	0	0	0
A	AG	4	87	9	1	BA1653	5922	6	0	0	0	0	0	0	1	0	0	0
A	AG	4	87	9	1	BA1653	5930	6	0	0	1	0	0	0	0	0	0	0
A	AG	4	87	9	1	BA1653	5979	6	0	0	0	0	0	0	1	0	0	0
A	AG	4	87	9	1	BA1653	5991	6	0	0	1	0	0	0	0	0	0	0
A	AG	4	87	9	1	BA1653	5998	6	0	0	0	0	0	0	1	0	0	0
A	AG	4	87	9	1	BA1653	6010	6	0	0	1	0	0	0	0	0	0	0
A	AG	4	87	9	1	BA1653	6137	6	0	0	0	0	0	0	1	0	0	0
A	AG	4	87	9	1	BA1653	6164	6	0	0	1	0	0	0	0	0	0	0
A	AG	4	87	9	1	BA1653	6193	6	0	0	0	0	0	0	1	0	0	0
A	AG	4	87	9	1	BA1653	6246	6	0	0	1	0	0	0	0	0	0	0
A	AG	4	87	9	1	BA1653	6339	6	0	0	0	0	0	0	1	0	0	0
A	AG	4	87	9	1	BA1653	6625	6	8	2	0	1	0	0	0	0	0	0
A	AG	4	87	9	1	BA1653	6629	8	0	0	0	0	0	0	0	1	0	0
A	AG	4	87	9	1	BA1653	6635	8	7	0	0	0	0	0	0	0	0	0
A	AG	4	87	9	1	BA1653	6642	7	8	2	0	1	0	0	0	0	0	0
A	AG	4	87	9	1	BA1653	6645	8	0	0	0	0	0	0	0	1	0	0
A	AG	4	87	9	1	BA1653	6651	8	0	0	0	1	0	0	0	0	0	0
A	AG	4	87	9	1	BA1653	6652	8	7	0	0	0	0	0	0	0	0	0
A	AG	4	87	9	1	BA1653	6654	7	0	0	0	0	0	0	0	1	0	0
A	AG	4	87	9	1	BA1653	6681	7	8	2	0	1	0	0	0	0	0	0
A	AG	4	87	9	1	BA1653	6688	8	0	0	0	0	0	0	0	1	0	0
A	AG	4	87	9	1	BA1653	6691	8	7	0	0	0	0	0	0	0	0	0
A	AG	4	87	9	1	BA1653	6751	7	8	2	0	1	0	0	0	0	0	0
A	AG	4	87	9	1	BA1653	6761	8	7	0	0	0	0	0	0	0	0	0
A	AG	4	87	9	1	BA1653	6796	7	0	0	0	0	0	0	0	1	0	0
A	AG	4	87	9	1	BA1653	6838	7	8	2	0	1	0	0	0	0	0	0
A	AG	4	87	9	1	BA1653	6848	8	7	0	0	0	0	0	0	0	0	0
A	AG	4	87	9	1	BA1653	6857	7	0	0	0	0	0	0	0	1	0	0
A	AG	4	87	9	1	BA1653	6863	7	8	2	0	1	0	0	0	0	0	0
A	AG	4	87	9	1	BA1653	6873	8	7	0	0	0	0	0	0	0	0	0
A	AG	4	87	9	1	BA1653	6892	7	0	0	0	0	0	0	0	1	0	0
A	AG	4	87	9	1	BA1653	6893	7	8	2	0	1	0	0	0	0	0	0
A	AG	4	87	9	1	BA1653	6903	8	7	0	0	0	0	0	0	0	0	0
A	AG	4	87	9	1	BA1653	6907	7	0	0	0	0	0	0	0	1	0	0
A	AG	4	87	9	1	BA1653	6933	7	8	2	0	1	0	0	0	0	0	0
A	AG	4	87	9	1	BA1653	6937	8	0	0	0	0	0	0	0	1	0	0
A	AG	4	87	9	1	BA1653	6943	8	7	0	0	0	0	0	0	0	0	0
A	AG	4	87	9	1	BA1653	6955	7	8	2	0	1	0	0	0	0	0	0
A	AG	4	87	9	1	BA1653	6965	8	7	0	0	0	0	0	0	0	0	0
A	AG	4	87	9	1	BA1653	6997	7	0	0	0	0	0	0	0	1	0	0
A	AG	4	87	9	1	BA1653	7037	7	8	2	0	1	0	0	0	0	0	0
A	AG	4	87	9	1	BA1653	7047	8	7	0	0	0	0	0	0	0	0	0
A	AG	4	87	9	1	BA1653	7152	7	0	0	0	0	0	0	0	1	0	0
A	AG	4	87	9	1	BA1653	7333	7	8	2	0	1	0	0	0	0	0	0
A	AG	4	87	9	1	BA1653	7336	8	0	0	0	0	0	0	0	1	0	0
A	AG	4	87	9	1	BA1653	7343	8	7	0	0	0	0	0	0	0	0	0
A	AG	4	87	9	1	BA1653	7346	7	8	2	0	1	0	0	0	0	0	0
A	AG	4	87	9	1	BA1653	7349	8	0	0	0	0	0	0	0	1	0	0
A	AG	4	87	9	1	BA1653	7356	8	7	0	0	0	0	0	0	0	0	0
A	AG	4	87	9	1	BA1653	7362	7	8	2	0	1	0	0	0	0	0	0
A	AG	4	87	9	1	BA1653	7365	8	0	0	0	0	0	0	0	1	0	0
A	AG	4	87	9	1	BA1653	7372	8	7	0	0	0	0	0	0	0	0	0
A	AG	4	87	9	1	BA1653	7373	7	8	2	0	1	0	0	0	0	0	0
A	AG	4	87	9	1	BA1653	7374	8	0	0	0	0	0	0	0	1	0	0
A	AG	4	87	9	1	BA1653	7379	8	0	0	0	1	0	0	0	0	0	0
A	AG	4	87	9	1	BA1653	7383	8	7	0	0	0	0	0	0	0	0	0
A	AG	4	87	9	1	BA1653	7405	7	0	0	0	0	0	0	0	1	0	0
A	AG	4	87	9	1	BA1653	7411	7	8	2	0	1	0	0	0	0	0	0
A	AG	4	87	9	1	BA1653	7419	8	0	0	0	0	0	0	0	1	0	0
A	AG	4	87	9	1	BA1653	7421	8	7	0	0	0	0	0	0	0	0	0
A	AG	4	87	9	1	BA1653	7451	7	8	2	0	1	0	0	0	0	0	0
A	AG	4	87	9	1	BA1653	7461	8	7	0	0	0	0	0	0	0	0	0
A	AG	4	87	9	1	BA1653	7474	7	0	0	0	0	0	0	0	1	0	0
A	AG	4	87	9	1	BA1653	7535	7	8	2	0	1	0	0	0	0	0	0
A	AG	4	87	9	1	BA1653	7545	8	7	0	0	0	0	0	0	0	0	0
A	AG	4	87	9	1	BA1653	7577	7	0	0	0	0	0	0	0	1	0	0
A	AG	4	87	9	1	BA1653	7592	7	8	2	0	1	0	0	0	0	0	0
A	AG	4	87	9	1	BA1653	7598	8	0	0	0	0	0	0	0	1	0	0
A	AG	4	87	9	1	BA1653	7601	8	0	0	0	1	0	0	0	0	0	0
A	AG	4	87	9	1	BA1653	7602	8	7	0	0	0	0	0	0	1	0	0
A	AG	4	87	9	1	BA1653	7607	7	8	2	0	1	0	0	0	0	0	0
A	AG	4	87	9	1	BA1653	7617	8	7	0	0	0	0	0	0	0	0	0
A	AG	4	87	9	1	BA1653	7631	7	0	0	0	0	0	0	0	1	0	0
A	AG	4	87	9	1	BA1653	7730	7	8	2	0	1	0	0	0	0	0	0
A	AG	4	87	9	1	BA1653	7731	8	0	0	0	0	0	0	0	1	0	0
A	AG	4	87	9	1	BA1653	7734	8	0	0	0	1	0	0	0	0	0	0
A	AG	4	87	9	1	BA1653	7740	8	9	0	0	0	0	0	0	0	0	0
A	AG	4	87	9	1	BA1653	7750	9	10	0	0	0	0	0	0	0	0	0
A	AG	4	87	9	1	BA1653	7752	10	0	0	0	0	0	0	0	1	0	0
A	AG	4	87	9	1	BA1653	7825	10	2	0	0	0	0	0	0	0	0	0
A	AG	4	87	9	1	BA1653	7826	2	3	0	0	0	0	0	0	0	0	0
A	AG	4	87	9	1	BA1653	8171	3	5	1	1	0	0	0	0	0	0	0
A	AG	4	87	9	1	BA1653	8181	5	4	0	0	0	0	0	0	0	0	0
A	AG	4	87	9	1	BA1653	8197	4	0	0	0	0	0	0	1	0	0	0
A	AG	4	87	9	1	BA1653	8247	4	5	1	1	0	0	0	0	0	0	0
A	AG	4	87	9	1	BA1653	8250	5	0	0	0	0	0	0	1	0	0	0
A	AG	4	87	9	1	BA1653	8257	5	4	0	0	0	0	0	0	0	0	0
A	AG	4	87	9	1	BA1653	8281	4	5	1	1	0	0	0	0	0	0	0
A	AG	4	87	9	1	BA1653	8288	5	0	0	0	0	0	0	1	0	0	0
A	AG	4	87	9	1	BA1653	8291	5	4	0	0	0	0	0	0	0	0	0
A	AG	4	87	9	1	BA1653	8303	4	5	1	1	0	0	0	0	0	0	0
A	AG	4	87	9	1	BA1653	8313	5	4	0	0	0	0	0	0	0	0	0
A	AG	4	87	9	1	BA1653	8527	4	0	0	0	0	0	0	1	0	0	0
A	AG	4	87	9	1	BA1653	8558	4	5	1	1	0	0	0	0	0	0	0
A	AG	4	87	9	1	BA1653	8568	5	9	0	0	0	0	0	0	0	0	0
A	AG	4	87	9	1	BA1653	8578	9	10	0	0	0	0	0	0	0	0	0
A	AG	4	87	9	1	BA1653	8581	10	0	0	0	0	0	0	1	0	0	0
A	AG	4	87	9	1	BA1653	8653	10	2	0	0	0	0	0	0	0	0	0
A	AG	4	87	9	1	BA1653	8654	2	3	0	0	0	0	0	0	0	0	0
A	AG	4	87	9	1	BA1653	8929	3	5	1	1	0	0	0	0	0	0	0
A	AG	4	87	9	1	BA1653	8939	5	4	0	0	0	0	0	0	0	0	0
A	AG	4	87	9	1	BA1653	8959	4	0	0	0	0	0	0	1	0	0	0
A	AG	4	87	9	1	BA1653	8994	4	5	1	1	0	0	0	0	0	0	0
A	AG	4	87	9	1	BA1653	9004	5	4	0	0	0	0	0	0	0	0	0
A	AG	4	87	9	1	BA1653	9038	4	0	0	0	0	0	0	1	0	0	0
A	AG	4	87	9	1	BA1653	9061	4	5	1	1	0	0	0	0	0	0	0
A	AG	4	87	9	1	BA1653	9071	5	4	0	0	0	0	0	0	0	0	0
A	AG	4	87	9	1	BA1653	9109	4	0	0	0	0	0	0	1	0	0	0
A	AG	4	87	9	1	BA1653	9147	4	5	1	1	0	0	0	0	0	0	0
A	AG	4	87	9	1	BA1653	9157	5	4	0	0	0	0	0	0	0	0	0
A	AG	4	87	9	1	BA1653	9186	4	0	0	0	0	0	0	1	0	0	0
A	AG	4	87	9	1	BA1653	9225	4	5	1	1	0	0	0	0	0	0	0
A	AG	4	87	9	1	BA1653	9235	5	9	0	0	0	0	0	0	0	0	0
A	AG	4	87	9	1	BA1653	9245	9	10	0	0	0	0	0	0	0	0	0
A	AG	4	87	9	1	BA1653	9246	10	0	0	0	0	0	0	1	0	0	0
A	AG	4	87	9	1	BA1653	9320	10	2	0	0	0	0	0	0	0	0	0
A	AG	4	87	9	1	BA1653	9321	2	6	0	0	0	0	0	0	0	0	0
A	AG	4	87	9	1	BA1653	10433	6	8	2	0	1	0	0	0	0	0	0
A	AG	4	87	9	1	BA1653	10443	8	7	0	0	0	0	0	0	0	0	0
A	AG	4	87	9	1	BA1653	10450	7	0	0	0	0	0	0	0	1	0	0
A	AG	4	87	9	1	BA1653	10475	7	8	2	0	1	0	0	0	0	0	0
A	AG	4	87	9	1	BA1653	10477	8	0	0	0	0	0	0	0	1	0	0
A	AG	4	87	9	1	BA1653	10485	8	7	0	0	0	0	0	0	0	0	0
A	AG	4	87	9	1	BA1653	10672	7	8	2	0	1	0	0	0	0	0	0
A	AG	4	87	9	1	BA1653	10677	8	0	0	0	0	0	0	0	1	0	0
A	AG	4	87	9	1	BA1653	10682	8	7	0	0	0	0	0	0	0	0	0
A	AG	4	87	9	1	BA1653	10710	7	8	2	0	1	0	0	0	0	0	0
A	AG	4	87	9	1	BA1653	10720	8	7	0	0	0	0	0	0	0	0	0
A	AG	4	87	9	1	BA1653	10727	7	0	0	0	0	0	0	0	1	0	0
A	AG	4	87	9	1	BA1653	10869	7	8	2	0	1	0	0	0	0	0	0
A	AG	4	87	9	1	BA1653	10879	8	7	0	0	0	0	0	0	0	0	0
A	AG	4	87	9	1	BA1653	10885	7	0	0	0	0	0	0	0	1	0	0
A	AG	4	87	9	1	BA1653	10891	7	8	2	0	1	0	0	0	0	0	0
A	AG	4	87	9	1	BA1653	10901	8	7	0	0	0	0	0	0	0	0	0
A	AG	4	87	9	1	BA1653	10914	7	0	0	0	0	0	0	0	1	0	0
A	AG	4	87	9	1	BA1653	10921	7	8	2	0	1	0	0	0	0	0	0
A	AG	4	87	9	1	BA1653	10927	8	0	0	0	0	0	0	0	1	0	0
A	AG	4	87	9	1	BA1653	10931	8	7	0	0	0	0	0	0	0	0	0
A	AG	4	87	9	1	BA1653	10954	7	8	2	0	1	0	0	0	0	0	0
A	AG	4	87	9	1	BA1653	10957	8	0	0	0	0	0	0	0	1	0	0
A	AG	4	87	9	1	BA1653	10964	8	7	0	0	0	0	0	0	0	0	0
A	AG	4	87	9	1	BA1653	10965	7	8	2	0	1	0	0	0	0	0	0
A	AG	4	87	9	1	BA1653	10975	8	7	0	0	0	0	0	0	0	0	0
A	AG	4	87	9	1	BA1653	10978	7	0	0	0	0	0	0	0	1	0	0
A	AG	4	87	9	1	BA1653	10991	7	8	2	0	1	0	0	0	0	0	0
A	AG	4	87	9	1	BA1653	11001	8	7	0	0	0	0	0	0	0	0	0
A	AG	4	87	9	1	BA1653	11012	7	0	0	0	0	0	0	0	1	0	0
A	AG	4	87	9	1	BA1653	11072	7	8	2	0	1	0	0	0	0	0	0
A	AG	4	87	9	1	BA1653	11082	8	7	0	0	0	0	0	0	0	0	0
A	AG	4	87	9	1	BA1653	11121	7	0	0	0	0	0	0	0	1	0	0
A	AG	4	87	9	1	BA1653	11126	7	8	2	0	1	0	0	0	0	0	0
A	AG	4	87	9	1	BA1653	11136	8	7	0	0	0	0	0	0	0	0	0
A	AG	4	87	9	1	BA1653	11141	7	0	0	0	0	0	0	0	1	0	0
A	AG	4	87	9	1	BA1653	11165	7	8	2	0	1	0	0	0	0	0	0
A	AG	4	87	9	1	BA1653	11170	8	0	0	0	0	0	0	0	1	0	0
A	AG	4	87	9	1	BA1653	11175	8	7	0	0	0	0	0	0	0	0	0
A	AG	4	87	9	1	BA1653	11178	7	8	2	0	1	0	0	0	0	0	0
A	AG	4	87	9	1	BA1653	11188	8	7	0	0	0	0	0	0	0	0	0
A	AG	4	87	9	1	BA1653	11194	7	0	0	0	0	0	0	0	1	0	0
A	AG	4	87	9	1	BA1653	11260	7	8	2	0	1	0	0	0	0	0	0
A	AG	4	87	9	1	BA1653	11270	8	7	0	0	0	0	0	0	0	0	0
A	AG	4	87	9	1	BA1653	11307	7	0	0	0	0	0	0	0	1	0	0
A	AG	4	87	9	1	BA1653	11324	7	8	2	0	1	0	0	0	0	0	0
A	AG	4	87	9	1	BA1653	11334	8	7	0	0	0	0	0	0	0	0	0
A	AG	4	87	9	1	BA1653	11343	7	0	0	0	0	0	0	0	1	0	0
A	AG	4	87	9	1	BA1653	11345	7	8	2	0	1	0	0	0	0	0	0
A	AG	4	87	9	1	BA1653	11355	8	7	0	0	0	0	0	0	0	0	0
A	AG	4	87	9	1	BA1653	11390	7	0	0	0	0	0	0	0	1	0	0
A	AG	4	87	9	1	BA1653	11402	7	8	2	0	1	0	0	0	0	0	0
A	AG	4	87	9	1	BA1653	11411	8	0	0	0	0	0	0	0	1	0	0
A	AG	4	87	9	1	BA1653	11412	8	7	0	0	0	0	0	0	0	0	0
A	AG	4	87	9	1	BA1653	11429	7	8	2	0	1	0	0	0	0	0	0
A	AG	4	87	9	1	BA1653	11439	8	7	0	0	0	0	0	0	0	0	0
A	AG	4	87	9	1	BA1653	11454	7	0	0	0	0	0	0	0	1	0	0
A	AG	4	87	9	1	BA1653	11508	7	8	2	0	1	0	0	0	0	0	0
A	AG	4	87	9	1	BA1653	11518	8	9	0	0	0	0	0	0	0	0	0
A	AG	4	87	9	1	BA1653	11528	9	10	0	0	0	0	0	0	0	0	0
A	AG	4	87	9	1	BA1653	11530	10	0	0	0	0	0	0	0	1	0	0
A	AG	4	87	9	1	BA1653	11603	10	2	0	0	0	0	0	0	0	0	0
A	AG	4	87	9	1	BA1653	11604	2	6	0	0	0	0	0	0	0	0	0
A	AG	4	87	9	1	BA1653	12042	6	8	2	0	1	0	0	0	0	0	0
A	AG	4	87	9	1	BA1653	12046	8	0	0	0	0	0	0	0	1	0	0
A	AG	4	87	9	1	BA1653	12052	8	7	0	0	0	0	0	0	0	0	0
A	AG	4	87	9	1	BA1653	12060	7	8	2	0	1	0	0	0	0	0	0
A	AG	4	87	9	1	BA1653	12062	8	0	0	0	0	0	0	0	1	0	0
A	AG	4	87	9	1	BA1653	12066	8	0	0	0	1	0	0	0	0	0	0
A	AG	4	87	9	1	BA1653	12070	8	7	0	0	0	0	0	0	0	0	0
A	AG	4	87	9	1	BA1653	12080	7	0	0	0	0	0	0	0	1	0	0
A	AG	4	87	9	1	BA1653	12184	7	8	2	0	1	0	0	0	0	0	0
A	AG	4	87	9	1	BA1653	12194	8	7	0	0	0	0	0	0	0	0	0
A	AG	4	87	9	1	BA1653	12212	7	0	0	0	0	0	0	0	1	0	0
A	AG	4	87	9	1	BA1653	12268	7	8	2	0	1	0	0	0	0	0	0
A	AG	4	87	9	1	BA1653	12278	8	7	0	0	0	0	0	0	0	0	0
A	AG	4	87	9	1	BA1653	12292	7	0	0	0	0	0	0	0	1	0	0
A	AG	4	87	9	1	BA1653	12295	7	8	2	0	1	0	0	0	0	0	0
A	AG	4	87	9	1	BA1653	12301	8	0	0	0	0	0	0	0	1	0	0
A	AG	4	87	9	1	BA1653	12303	8	0	0	0	1	0	0	0	0	0	0
A	AG	4	87	9	1	BA1653	12305	8	7	0	0	0	0	0	0	0	0	0
A	AG	4	87	9	1	BA1653	12330	7	0	0	0	0	0	0	0	1	0	0
A	AG	4	87	9	1	BA1653	12335	7	8	2	0	1	0	0	0	0	0	0
A	AG	4	87	9	1	BA1653	12345	8	7	0	0	0	0	0	0	0	0	0
A	AG	4	87	9	1	BA1653	12351	7	0	0	0	0	0	0	0	1	0	0
A	AG	4	87	9	1	BA1653	12372	7	8	2	0	1	0	0	0	0	0	0
A	AG	4	87	9	1	BA1653	12375	8	0	0	0	0	0	0	0	1	0	0
A	AG	4	87	9	1	BA1653	12382	8	7	0	0	0	0	0	0	0	0	0
A	AG	4	87	9	1	BA1653	12383	7	8	2	0	1	0	0	0	0	0	0
A	AG	4	87	9	1	BA1653	12393	8	7	0	0	0	0	0	0	0	0	0
A	AG	4	87	9	1	BA1653	12395	7	0	0	0	0	0	0	0	1	0	0
A	AG	4	87	9	1	BA1653	12400	7	8	2	0	1	0	0	0	0	0	0
A	AG	4	87	9	1	BA1653	12410	8	7	0	0	0	0	0	0	0	0	0
A	AG	4	87	9	1	BA1653	12422	7	0	0	0	0	0	0	0	1	0	0
A	AG	4	87	9	1	BA1653	12440	7	8	2	0	1	0	0	0	0	0	0
A	AG	4	87	9	1	BA1653	12450	8	7	0	0	0	0	0	0	0	0	0
A	AG	4	87	9	1	BA1653	12458	7	0	0	0	0	0	0	0	1	0	0
A	AG	4	87	9	1	BA1653	12516	7	8	2	0	1	0	0	0	0	0	0
A	AG	4	87	9	1	BA1653	12526	8	7	0	0	0	0	0	0	0	0	0
A	AG	4	87	9	1	BA1653	12563	7	0	0	0	0	0	0	0	1	0	0
A	AG	4	87	9	1	BA1653	12582	7	8	2	0	1	0	0	0	0	0	0
A	AG	4	87	9	1	BA1653	12588	8	0	0	0	0	0	0	0	1	0	0
A	AG	4	87	9	1	BA1653	12592	8	7	0	0	1	0	0	0	0	0	0
A	AG	4	87	9	1	BA1653	12612	7	0	0	0	0	0	0	0	1	0	0
A	AG	4	87	9	1	BA1653	12620	7	8	2	0	1	0	0	0	0	0	0
A	AG	4	87	9	1	BA1653	12623	8	0	0	0	0	0	0	0	1	0	0
A	AG	4	87	9	1	BA1653	12627	8	0	0	0	1	0	0	0	0	0	0
A	AG	4	87	9	1	BA1653	12630	8	7	0	0	0	0	0	0	0	0	0
A	AG	4	87	9	1	BA1653	12669	7	0	0	0	0	0	0	0	1	0	0
A	AG	4	87	9	1	BA1653	12748	7	8	2	0	1	0	0	0	0	0	0
A	AG	4	87	9	1	BA1653	12758	8	7	0	0	0	0	0	0	0	0	0
A	AG	4	87	9	1	BA1653	12789	7	0	0	0	0	0	0	0	1	0	0
A	AG	4	87	9	1	BA1653	12812	7	8	2	0	1	0	0	0	0	0	0
A	AG	4	87	9	1	BA1653	12822	8	7	0	0	0	0	0	0	0	0	0
A	AG	4	87	9	1	BA1653	12831	7	0	0	0	0	0	0	0	1	0	0
A	AG	4	87	9	1	BA1653	12837	7	8	2	0	1	0	0	0	0	0	0
A	AG	4	87	9	1	BA1653	12840	8	0	0	0	0	0	0	0	1	0	0
A	AG	4	87	9	1	BA1653	12847	8	7	0	0	0	0	0	0	0	0	0
A	AG	4	87	9	1	BA1653	12856	7	8	2	0	1	0	0	0	0	0	0
A	AG	4	87	9	1	BA1653	12866	8	7	0	0	0	0	0	0	0	0	0
A	AG	4	87	9	1	BA1653	12874	7	0	0	0	0	0	0	0	1	0	0
A	AG	4	87	9	1	BA1653	12877	7	8	2	0	1	0	0	0	0	0	0
A	AG	4	87	9	1	BA1653	12879	8	0	0	0	0	0	0	0	1	0	0
A	AG	4	87	9	1	BA1653	12887	8	7	0	0	0	0	0	0	0	0	0
A	AG	4	87	9	1	BA1653	12989	7	8	2	0	1	0	0	0	0	0	0
A	AG	4	87	9	1	BA1653	12999	8	7	0	0	0	0	0	0	0	0	0
A	AG	4	87	9	1	BA1653	13017	7	0	0	0	0	0	0	0	1	0	0
A	AG	4	87	9	1	BA1653	13024	7	8	2	0	1	0	0	0	0	0	0
A	AG	4	87	9	1	BA1653	13034	8	9	0	0	0	0	0	0	0	0	0
A	AG	4	87	9	1	BA1653	13038	9	0	0	0	0	0	0	0	1	0	0
A	AG	4	87	9	1	BA1653	13044	9	10	0	0	0	0	0	0	0	0	0
A	AG	4	87	9	1	BA1653	13119	10	2	0	0	0	0	0	0	0	0	0
A	AG	4	87	9	1	BA1653	13120	2	6	0	0	0	0	0	0	0	0	0
A	AG	4	87	9	1	BA1653	13426	6	0	0	1	0	0	0	0	0	0	0
A	AG	4	87	9	1	BA1653	13455	6	0	0	0	0	0	0	1	0	0	0
A	AG	4	87	9	1	BA1653	13532	6	8	2	0	1	0	0	0	0	0	0
A	AG	4	87	9	1	BA1653	13535	8	0	0	0	0	0	0	0	1	0	0
A	AG	4	87	9	1	BA1653	13542	8	7	0	0	0	0	0	0	0	0	0
A	AG	4	87	9	1	BA1653	13573	7	8	2	0	1	0	0	0	0	0	0
A	AG	4	87	9	1	BA1653	13579	8	0	0	0	0	0	0	0	1	0	0
A	AG	4	87	9	1	BA1653	13582	8	0	0	0	1	0	0	0	0	0	0
A	AG	4	87	9	1	BA1653	13583	8	7	0	0	0	0	0	0	0	0	0
A	AG	4	87	9	1	BA1653	13599	7	0	0	0	0	0	0	0	1	0	0
A	AG	4	87	9	1	BA1653	13601	7	8	2	0	1	0	0	0	0	0	0
A	AG	4	87	9	1	BA1653	13608	8	0	0	0	0	0	0	0	1	0	0
A	AG	4	87	9	1	BA1653	13611	8	7	0	0	0	0	0	0	0	0	0
A	AG	4	87	9	1	BA1653	13638	7	8	2	0	1	0	0	0	0	0	0
A	AG	4	87	9	1	BA1653	13648	8	7	0	0	0	0	0	0	0	0	0
A	AG	4	87	9	1	BA1653	13657	7	0	0	0	0	0	0	0	1	0	0
A	AG	4	87	9	1	BA1653	13712	7	8	2	0	1	0	0	0	0	0	0
A	AG	4	87	9	1	BA1653	13722	8	7	0	0	0	0	0	0	0	0	0
A	AG	4	87	9	1	BA1653	13730	7	0	0	0	0	0	0	0	1	0	0
A	AG	4	87	9	1	BA1653	13787	7	8	2	0	1	0	0	0	0	0	0
A	AG	4	87	9	1	BA1653	13797	8	7	0	0	0	0	0	0	0	0	0
A	AG	4	87	9	1	BA1653	13812	7	0	0	0	0	0	0	0	1	0	0
A	AG	4	87	9	1	BA1653	13813	7	8	2	0	1	0	0	0	0	0	0
A	AG	4	87	9	1	BA1653	13823	8	7	0	0	0	0	0	0	0	0	0
A	AG	4	87	9	1	BA1653	13831	7	0	0	0	0	0	0	0	1	0	0
A	AG	4	87	9	1	BA1653	13835	7	8	2	0	1	0	0	0	0	0	0
A	AG	4	87	9	1	BA1653	13845	8	7	0	0	0	0	0	0	0	0	0
A	AG	4	87	9	1	BA1653	13906	7	0	0	0	0	0	0	0	1	0	0
A	AG	4	87	9	1	BA1653	13959	7	8	2	0	1	0	0	0	0	0	0
A	AG	4	87	9	1	BA1653	13969	8	7	0	0	0	0	0	0	0	0	0
A	AG	4	87	9	1	BA1653	14008	7	0	0	0	0	0	0	0	1	0	0
A	AG	4	87	9	1	BA1653	14026	7	8	2	0	1	0	0	0	0	0	0
A	AG	4	87	9	1	BA1653	14031	8	0	0	0	0	0	0	0	1	0	0
A	AG	4	87	9	1	BA1653	14036	8	7	0	0	1	0	0	0	0	0	0
A	AG	4	87	9	1	BA1653	14099	7	0	0	0	0	0	0	0	1	0	0
A	AG	4	87	9	1	BA1653	14103	7	8	2	0	1	0	0	0	0	0	0
A	AG	4	87	9	1	BA1653	14106	8	0	0	0	0	0	0	0	1	0	0
A	AG	4	87	9	1	BA1653	14113	8	7	0	0	0	0	0	0	0	0	0
A	AG	4	87	9	1	BA1653	14115	7	8	2	0	1	0	0	0	0	0	0
A	AG	4	87	9	1	BA1653	14125	8	7	0	0	0	0	0	0	0	0	0
A	AG	4	87	9	1	BA1653	14201	7	0	0	0	0	0	0	0	1	0	0
A	AG	4	87	9	1	BA1653	14264	7	8	2	0	1	0	0	0	0	0	0
A	AG	4	87	9	1	BA1653	14272	8	0	0	0	0	0	0	0	1	0	0
A	AG	4	87	9	1	BA1653	14274	8	7	0	0	0	0	0	0	0	0	0
A	AG	4	87	9	1	BA1653	14301	7	8	2	0	1	0	0	0	0	0	0
A	AG	4	87	9	1	BA1653	14311	8	7	0	0	0	0	0	0	0	0	0
A	AG	4	87	9	1	BA1653	14337	7	0	0	0	0	0	0	0	1	0	0
A	AG	4	87	9	1	BA1653	14381	7	8	2	0	1	0	0	0	0	0	0
A	AG	4	87	9	1	BA1653	14391	8	7	0	0	0	0	0	0	0	0	0
A	AG	4	87	9	1	BA1653	14423	7	0	0	0	0	0	0	0	1	0	0
A	AG	4	87	9	1	BA1653	14454	7	8	2	0	1	0	0	0	0	0	0
A	AG	4	87	9	1	BA1653	14464	8	7	0	0	0	0	0	0	0	0	0
A	AG	4	87	9	1	BA1653	14492	7	0	0	0	0	0	0	0	1	0	0
A	AG	4	87	9	1	BA1653	14561	7	8	2	0	1	0	0	0	0	0	0
A	AG	4	87	9	1	BA1653	14571	8	7	0	0	0	0	0	0	0	0	0
A	AG	4	87	9	1	BA1653	14592	7	0	0	0	0	0	0	0	1	0	0
A	AG	4	87	9	1	BA1653	14595	7	8	2	0	1	0	0	0	0	0	0
A	AG	4	87	9	1	BA1653	14605	8	7	0	0	0	0	0	0	0	0	0
A	AG	4	87	9	1	BA1653	14630	7	0	0	0	0	0	0	0	1	0	0
A	AG	4	87	9	1	BA1653	14651	7	8	2	0	1	0	0	0	0	0	0
A	AG	4	87	9	1	BA1653	14661	8	7	0	0	0	0	0	0	0	0	0
A	AG	4	87	9	1	BA1653	14710	7	0	0	0	0	0	0	0	1	0	0
A	AG	4	87	9	1	BA1653	14760	7	8	2	0	1	0	0	0	0	0	0
A	AG	4	87	9	1	BA1653	14770	8	9	0	0	0	0	0	0	0	0	0
A	AG	4	87	9	1	BA1653	14778	9	0	0	0	0	0	0	0	1	0	0
A	AG	4	87	9	1	BA1653	14780	9	10	0	0	0	0	0	0	0	0	0
A	AG	4	87	9	1	BA1653	14855	10	2	0	0	0	0	0	0	0	0	0
A	AG	4	87	9	1	BA1653	14856	2	3	0	0	0	0	0	0	0	0	0
A	AG	4	87	9	1	BA1653	15254	3	5	1	1	0	0	0	0	0	0	0
A	AG	4	87	9	1	BA1653	15264	5	4	0	0	0	0	0	0	0	0	0
A	AG	4	87	9	1	BA1653	15282	4	0	0	0	0	0	0	1	0	0	0
A	AG	4	87	9	1	BA1653	15288	4	5	1	1	0	0	0	0	0	0	0
A	AG	4	87	9	1	BA1653	15298	5	4	0	0	0	0	0	0	0	0	0
A	AG	4	87	9	1	BA1653	15354	4	0	0	0	0	0	0	1	0	0	0
A	AG	4	87	9	1	BA1653	15406	4	5	1	1	0	0	0	0	0	0	0
A	AG	4	87	9	1	BA1653	15416	5	4	0	0	0	0	0	0	0	0	0
A	AG	4	87	9	1	BA1653	15441	4	0	0	0	0	0	0	1	0	0	0
A	AG	4	87	9	1	BA1653	15444	4	5	1	1	0	0	0	0	0	0	0
A	AG	4	87	9	1	BA1653	15454	5	4	0	0	0	0	0	0	0	0	0
A	AG	4	87	9	1	BA1653	15469	4	0	0	0	0	0	0	1	0	0	0
A	AG	4	87	9	1	BA1653	15476	4	5	1	1	0	0	0	0	0	0	0
A	AG	4	87	9	1	BA1653	15486	5	9	0	0	0	0	0	0	0	0	0
A	AG	4	87	9	1	BA1653	15496	9	10	0	0	0	0	0	0	0	0	0
A	AG	4	87	9	1	BA1653	15501	10	0	0	0	0	0	0	1	0	0	0
A	AG	4	87	9	1	BA1653	15571	10	2	0	0	0	0	0	0	0	0	0
A	AG	4	87	9	1	BA1653	15572	2	6	0	0	0	0	0	0	0	0	0
A	AG	4	87	9	1	BA1653	16108	6	8	2	0	1	0	0	0	0	0	0
A	AG	4	87	9	1	BA1653	16118	8	7	0	0	0	0	0	0	0	0	0
A	AG	4	87	9	1	BA1653	16127	7	0	0	0	0	0	0	0	1	0	0
A	AG	4	87	9	1	BA1653	16188	7	8	2	0	1	0	0	0	0	0	0
A	AG	4	87	9	1	BA1653	16198	8	7	0	0	0	0	0	0	0	0	0
A	AG	4	87	9	1	BA1653	16220	7	0	0	0	0	0	0	0	1	0	0
A	AG	4	87	9	1	BA1653	16275	7	8	2	0	1	0	0	0	0	0	0
A	AG	4	87	9	1	BA1653	16285	8	7	0	0	0	0	0	0	0	0	0
A	AG	4	87	9	1	BA1653	16291	7	0	0	0	0	0	0	0	1	0	0
A	AG	4	87	9	1	BA1653	16295	7	8	2	0	1	0	0	0	0	0	0
A	AG	4	87	9	1	BA1653	16305	8	7	0	0	0	0	0	0	0	0	0
A	AG	4	87	9	1	BA1653	16318	7	0	0	0	0	0	0	0	1	0	0
A	AG	4	87	9	1	BA1653	16379	7	8	2	0	1	0	0	0	0	0	0
A	AG	4	87	9	1	BA1653	16380	8	0	0	0	0	0	0	0	1	0	0
A	AG	4	87	9	1	BA1653	16389	8	7	0	0	0	0	0	0	0	0	0
A	AG	4	87	9	1	BA1653	16427	7	8	2	0	1	0	0	0	0	0	0
A	AG	4	87	9	1	BA1653	16437	8	7	0	0	0	0	0	0	0	0	0
A	AG	4	87	9	1	BA1653	16447	7	0	0	0	0	0	0	0	1	0	0
A	AG	4	87	9	1	BA1653	16467	7	8	2	0	1	0	0	0	0	0	0
A	AG	4	87	9	1	BA1653	16473	8	0	0	0	0	0	0	0	1	0	0
A	AG	4	87	9	1	BA1653	16477	8	7	0	0	0	0	0	0	0	0	0
A	AG	4	87	9	1	BA1653	16567	7	8	2	0	1	0	0	0	0	0	0
A	AG	4	87	9	1	BA1653	16577	8	7	0	0	0	0	0	0	0	0	0
A	AG	4	87	9	1	BA1653	16599	7	0	0	0	0	0	0	0	1	0	0
A	AG	4	87	9	1	BA1653	16663	7	8	2	0	1	0	0	0	0	0	0
A	AG	4	87	9	1	BA1653	16667	8	0	0	0	0	0	0	0	1	0	0
A	AG	4	87	9	1	BA1653	16673	8	7	0	0	0	0	0	0	0	0	0
A	AG	4	87	9	1	BA1653	16674	7	8	2	0	1	0	0	0	0	0	0
A	AG	4	87	9	1	BA1653	16684	8	7	0	0	0	0	0	0	0	0	0
A	AG	4	87	9	1	BA1653	16715	7	0	0	0	0	0	0	0	1	0	0
A	AG	4	87	9	1	BA1653	16773	7	8	2	0	1	0	0	0	0	0	0
A	AG	4	87	9	1	BA1653	16783	8	7	0	0	0	0	0	0	0	0	0
A	AG	4	87	9	1	BA1653	16817	7	0	0	0	0	0	0	0	1	0	0
A	AG	4	87	9	1	BA1653	16836	7	8	2	0	1	0	0	0	0	0	0
A	AG	4	87	9	1	BA1653	16843	8	0	0	0	0	0	0	0	1	0	0
A	AG	4	87	9	1	BA1653	16846	8	7	0	0	0	0	0	0	0	0	0
A	AG	4	87	9	1	BA1653	16848	7	8	2	0	1	0	0	0	0	0	0
A	AG	4	87	9	1	BA1653	16858	8	7	0	0	0	0	0	0	0	0	0
A	AG	4	87	9	1	BA1653	16881	7	0	0	0	0	0	0	0	1	0	0
A	AG	4	87	9	1	BA1653	17077	7	8	2	0	1	0	0	0	0	0	0
A	AG	4	87	9	1	BA1653	17087	8	7	0	0	0	0	0	0	0	0	0
A	AG	4	87	9	1	BA1653	17104	7	0	0	0	0	0	0	0	1	0	0
A	AG	4	87	9	1	BA1653	17153	7	8	2	0	1	0	0	0	0	0	0
A	AG	4	87	9	1	BA1653	17163	8	7	0	0	0	0	0	0	0	0	0
A	AG	4	87	9	1	BA1653	17181	7	0	0	0	0	0	0	0	1	0	0
A	AG	4	87	9	1	BA1653	17222	7	8	2	0	1	0	0	0	0	0	0
A	AG	4	87	9	1	BA1653	17232	8	7	0	0	0	0	0	0	0	0	0
A	AG	4	87	9	1	BA1653	17258	7	0	0	0	0	0	0	0	1	0	0
A	AG	4	87	9	1	BA1653	17268	7	8	2	0	1	0	0	0	0	0	0
A	AG	4	87	9	1	BA1653	17278	8	7	0	0	0	0	0	0	0	0	0
A	AG	4	87	9	1	BA1653	17281	7	0	0	0	0	0	0	0	1	0	0
A	AG	4	87	9	1	BA1653	17300	7	8	2	0	1	0	0	0	0	0	0
A	AG	4	87	9	1	BA1653	17306	8	0	0	0	0	0	0	0	1	0	0
A	AG	4	87	9	1	BA1653	17310	8	7	0	0	1	0	0	0	0	0	0
A	AG	4	87	9	1	BA1653	17356	7	0	0	0	0	0	0	0	1	0	0
A	AG	4	87	9	1	BA1653	17409	7	8	2	0	1	0	0	0	0	0	0
A	AG	4	87	9	1	BA1653	17419	8	7	0	0	0	0	0	0	0	0	0
A	AG	4	87	9	1	BA1653	17441	7	0	0	0	0	0	0	0	1	0	0
A	AG	4	87	9	1	BA1653	17447	7	8	2	0	1	0	0	0	0	0	0
A	AG	4	87	9	1	BA1653	17449	8	0	0	0	0	0	0	0	1	0	0
A	AG	4	87	9	1	BA1653	17450	8	0	0	0	1	0	0	0	0	0	0
A	AG	4	87	9	1	BA1653	17457	8	9	0	0	0	0	0	0	0	0	0
A	AG	4	87	9	1	BA1653	17467	9	10	0	0	0	0	0	0	0	0	0
A	AG	4	87	9	1	BA1653	17472	10	0	0	0	0	0	0	0	1	0	0
A	AG	4	87	9	1	BA1653	17542	10	2	0	0	0	0	0	0	0	0	0
A	AG	4	87	9	1	BA1653	17543	2	3	0	0	0	0	0	0	0	0	0
A	AG	4	87	9	1	BA1653	17853	3	5	1	1	0	0	0	0	0	0	0
A	AG	4	87	9	1	BA1653	17863	5	4	0	0	0	0	0	0	0	0	0
A	AG	4	87	9	1	BA1653	17899	4	0	0	0	0	0	0	1	0	0	0
A	AG	4	87	9	1	BA1653	17967	4	5	1	1	0	0	0	0	0	0	0
A	AG	4	87	9	1	BA1653	17977	5	4	0	0	0	0	0	0	0	0	0
A	AG	4	87	9	1	BA1653	17990	4	0	0	0	0	0	0	1	0	0	0
A	AG	4	87	9	1	BA1653	18024	4	5	1	1	0	0	0	0	0	0	0
A	AG	4	87	9	1	BA1653	18034	5	4	0	0	0	0	0	0	0	0	0
A	AG	4	87	9	1	BA1653	18057	4	0	0	0	0	0	0	1	0	0	0
A	AG	4	87	9	1	BA1653	18071	4	5	1	1	0	0	0	0	0	0	0
A	AG	4	87	9	1	BA1653	18079	5	0	0	0	0	0	0	1	0	0	0
A	AG	4	87	9	1	BA1653	18081	5	4	0	0	0	0	0	0	0	0	0
A	AG	4	87	9	1	BA1653	18095	4	5	1	1	0	0	0	0	0	0	0
A	AG	4	87	9	1	BA1653	18105	5	9	0	0	0	0	0	0	0	0	0
A	AG	4	87	9	1	BA1653	18115	9	10	0	0	0	0	0	0	0	0	0
A	AG	4	87	9	1	BA1653	18118	10	0	0	0	0	0	0	1	0	0	0
A	AG	4	87	9	1	BA1653	18190	10	2	0	0	0	0	0	0	0	0	0
A	AG	4	87	9	1	BA1653	18191	2	3	0	0	0	0	0	0	0	0	0
A	AG	4	87	9	1	BA1653	18346	3	5	1	1	0	0	0	0	0	0	0
A	AG	4	87	9	1	BA1653	18356	5	4	0	0	0	0	0	0	0	0	0
A	AG	4	87	9	1	BA1653	18392	4	0	0	0	0	0	0	1	0	0	0
A	AG	4	87	9	1	BA1653	18406	4	5	1	1	0	0	0	0	0	0	0
A	AG	4	87	9	1	BA1653	18416	5	4	0	0	0	0	0	0	0	0	0
A	AG	4	87	9	1	BA1653	18458	4	0	0	0	0	0	0	1	0	0	0
A	AG	4	87	9	1	BA1653	18490	4	5	1	1	0	0	0	0	0	0	0
A	AG	4	87	9	1	BA1653	18500	5	4	0	0	0	0	0	0	0	0	0
A	AG	4	87	9	1	BA1653	18525	4	0	0	0	0	0	0	1	0	0	0
A	AG	4	87	9	1	BA1653	18566	4	5	1	1	0	0	0	0	0	0	0
A	AG	4	87	9	1	BA1653	18576	5	4	0	0	0	0	0	0	0	0	0
A	AG	4	87	9	1	BA1653	18614	4	0	0	0	0	0	0	1	0	0	0
A	AG	4	87	9	1	BA1653	18682	4	5	1	1	0	0	0	0	0	0	0
A	AG	4	87	9	1	BA1653	18692	5	9	0	0	0	0	0	0	0	0	0
A	AG	4	87	9	1	BA1653	18702	9	10	0	0	0	0	0	0	0	0	0
A	AG	4	87	9	1	BA1653	18705	10	0	0	0	0	0	0	1	0	0	0
A	AG	4	87	9	1	BA1653	18777	10	2	0	0	0	0	0	0	0	0	0
A	AG	4	87	9	1	BA1653	18778	2	3	0	0	0	0	0	0	0	0	0
A	AG	4	87	9	1	BA1653	18968	3	5	1	1	0	0	0	0	0	0	0
A	AG	4	87	9	1	BA1653	18978	5	4	0	0	0	0	0	0	0	0	0
A	AG	4	87	9	1	BA1653	18993	4	0	0	0	0	0	0	1	0	0	0
A	AG	4	87	9	1	BA1653	19034	4	5	1	1	0	0	0	0	0	0	0
A	AG	4	87	9	1	BA1653	19044	5	4	0	0	0	0	0	0	0	0	0
A	AG	4	87	9	1	BA1653	19078	4	0	0	0	0	0	0	1	0	0	0
A	AG	4	87	9	1	BA1653	19081	4	5	1	1	0	0	0	0	0	0	0
A	AG	4	87	9	1	BA1653	19091	5	4	0	0	0	0	0	1	0	0	0
A	AG	4	87	9	1	BA1653	19123	4	5	1	1	0	0	0	0	0	0	0
A	AG	4	87	9	1	BA1653	19130	5	0	0	0	0	0	0	1	0	0	0
A	AG	4	87	9	1	BA1653	19133	5	4	0	0	0	0	0	0	0	0	0
A	AG	4	87	9	1	BA1653	19160	4	5	1	1	0	0	0	0	0	0	0
A	AG	4	87	9	1	BA1653	19170	5	9	0	0	0	0	0	0	0	0	0
A	AG	4	87	9	1	BA1653	19180	9	10	0	0	0	0	0	0	0	0	0
A	AG	4	87	9	1	BA1653	19182	10	0	0	0	0	0	0	1	0	0	0
A	AG	4	87	9	1	BA1653	19255	10	2	0	0	0	0	0	0	0	0	0
A	AG	4	87	9	1	BA1653	19256	2	6	0	0	0	0	0	0	0	0	0
A	AG	4	87	9	1	BA1653	20192	6	0	0	1	0	0	0	0	0	0	0
A	AG	4	87	9	1	BA1653	20327	6	0	0	0	0	0	0	1	0	0	0
A	AG	4	87	9	1	BA1653	20409	6	8	2	0	1	0	0	0	0	0	0
A	AG	4	87	9	1	BA1653	20419	8	7	0	0	0	0	0	0	0	0	0
A	AG	4	87	9	1	BA1653	20423	7	0	0	0	0	0	0	0	1	0	0
A	AG	4	87	9	1	BA1653	20578	7	8	2	0	1	0	0	0	0	0	0
A	AG	4	87	9	1	BA1653	20581	8	0	0	0	0	0	0	0	1	0	0
A	AG	4	87	9	1	BA1653	20584	8	0	0	0	1	0	0	0	0	0	0
A	AG	4	87	9	1	BA1653	20588	8	7	0	0	0	0	0	0	0	0	0
A	AG	4	87	9	1	BA1653	20608	7	0	0	0	0	0	0	0	1	0	0
A	AG	4	87	9	1	BA1653	20668	7	8	2	0	1	0	0	0	0	0	0
A	AG	4	87	9	1	BA1653	20674	8	0	0	0	0	0	0	0	1	0	0
A	AG	4	87	9	1	BA1653	20678	8	7	0	0	0	0	0	0	0	0	0
A	AG	4	87	9	1	BA1653	20818	7	8	2	0	1	0	0	0	0	0	0
A	AG	4	87	9	1	BA1653	20828	8	7	0	0	0	0	0	0	0	0	0
A	AG	4	87	9	1	BA1653	20852	7	0	0	0	0	0	0	0	1	0	0
A	AG	4	87	9	1	BA1653	20853	7	8	2	0	1	0	0	0	0	0	0
A	AG	4	87	9	1	BA1653	20863	8	7	0	0	0	0	0	0	0	0	0
A	AG	4	87	9	1	BA1653	20864	7	0	0	0	0	0	0	0	1	0	0
A	AG	4	87	9	1	BA1653	20938	7	8	2	0	1	0	0	0	0	0	0
A	AG	4	87	9	1	BA1653	20948	8	7	0	0	0	0	0	0	0	0	0
A	AG	4	87	9	1	BA1653	20965	7	0	0	0	0	0	0	0	1	0	0
A	AG	4	87	9	1	BA1653	20966	7	8	2	0	1	0	0	0	0	0	0
A	AG	4	87	9	1	BA1653	20969	8	0	0	0	0	0	0	0	1	0	0
A	AG	4	87	9	1	BA1653	20976	8	7	0	0	0	0	0	0	0	0	0
A	AG	4	87	9	1	BA1653	20989	7	8	2	0	1	0	0	0	0	0	0
A	AG	4	87	9	1	BA1653	20999	8	7	0	0	0	0	0	0	0	0	0
A	AG	4	87	9	1	BA1653	21028	7	0	0	0	0	0	0	0	1	0	0
A	AG	4	87	9	1	BA1653	21054	7	8	2	0	1	0	0	0	0	0	0
A	AG	4	87	9	1	BA1653	21064	8	7	0	0	0	0	0	0	0	0	0
A	AG	4	87	9	1	BA1653	21106	7	0	0	0	0	0	0	0	1	0	0
A	AG	4	87	9	1	BA1653	21156	7	8	2	0	1	0	0	0	0	0	0
A	AG	4	87	9	1	BA1653	21166	8	7	0	0	0	0	0	0	0	0	0
A	AG	4	87	9	1	BA1653	21185	7	0	0	0	0	0	0	0	1	0	0
A	AG	4	87	9	1	BA1653	21238	7	8	2	0	1	0	0	0	0	0	0
A	AG	4	87	9	1	BA1653	21248	8	7	0	0	0	0	0	0	0	0	0
A	AG	4	87	9	1	BA1653	21305	7	0	0	0	0	0	0	0	1	0	0
A	AG	4	87	9	1	BA1653	21364	7	8	2	0	1	0	0	0	0	0	0
A	AG	4	87	9	1	BA1653	21374	8	7	0	0	0	0	0	0	0	0	0
A	AG	4	87	9	1	BA1653	21415	7	0	0	0	0	0	0	0	1	0	0
A	AG	4	87	9	1	BA1653	21442	7	8	2	0	1	0	0	0	0	0	0
A	AG	4	87	9	1	BA1653	21448	8	0	0	0	0	0	0	0	1	0	0
A	AG	4	87	9	1	BA1653	21451	8	0	0	0	1	0	0	0	0	0	0
A	AG	4	87	9	1	BA1653	21452	8	7	0	0	0	0	0	0	0	0	0
A	AG	4	87	9	1	BA1653	21511	7	0	0	0	0	0	0	0	1	0	0
A	AG	4	87	9	1	BA1653	21552	7	8	2	0	1	0	0	0	0	0	0
A	AG	4	87	9	1	BA1653	21562	8	7	0	0	0	0	0	0	0	0	0
A	AG	4	87	9	1	BA1653	21584	7	0	0	0	0	0	0	0	1	0	0
A	AG	4	87	9	1	BA1653	21590	7	8	2	0	1	0	0	0	0	0	0
A	AG	4	87	9	1	BA1653	21600	8	7	0	0	0	0	0	0	0	0	0
A	AG	4	87	9	1	BA1653	21644	7	0	0	0	0	0	0	0	1	0	0
A	AG	4	87	9	1	BA1653	21664	7	8	2	0	1	0	0	0	0	0	0
A	AG	4	87	9	1	BA1653	21669	8	0	0	0	0	0	0	0	1	0	0
A	AG	4	87	9	1	BA1653	21674	8	7	0	0	1	0	0	0	0	0	0
A	AG	4	87	9	1	BA1653	21712	7	0	0	0	0	0	0	0	1	0	0
A	AG	4	87	9	1	BA1653	21806	7	8	2	0	1	0	0	0	0	0	0
A	AG	4	87	9	1	BA1653	21816	8	7	0	0	0	0	0	0	0	0	0
A	AG	4	87	9	1	BA1653	21824	7	0	0	0	0	0	0	0	1	0	0
A	AG	4	87	9	1	BA1653	21828	7	8	2	0	1	0	0	0	0	0	0
A	AG	4	87	9	1	BA1653	21838	8	7	0	0	0	0	0	0	0	0	0
A	AG	4	87	9	1	BA1653	21846	7	0	0	0	0	0	0	0	1	0	0
A	AG	4	87	9	1	BA1653	21876	7	8	2	0	1	0	0	0	0	0	0
A	AG	4	87	9	1	BA1653	21886	8	7	0	0	0	0	0	0	0	0	0
A	AG	4	87	9	1	BA1653	21929	7	0	0	0	0	0	0	0	1	0	0
A	AG	4	87	9	1	BA1653	21953	7	8	2	0	1	0	0	0	0	0	0
A	AG	4	87	9	1	BA1653	21957	8	0	0	0	0	0	0	0	1	0	0
A	AG	4	87	9	1	BA1653	21963	8	9	0	0	0	0	0	0	0	0	0
A	AG	4	87	9	1	BA1653	21964	9	0	0	0	1	0	0	0	0	0	0
A	AG	4	87	9	1	BA1653	21973	9	10	0	0	0	0	0	0	0	0	0
A	AG	4	87	9	1	BA1653	21974	10	0	0	0	0	0	0	0	1	0	0
A	AG	4	87	9	1	BA1653	22048	10	2	0	0	0	0	0	0	0	0	0
A	AG	4	87	9	1	BA1653	22049	2	6	0	0	0	0	0	0	0	0	0
A	AG	4	87	9	1	BA1653	22396	6	8	2	0	1	0	0	0	0	0	0
A	AG	4	87	9	1	BA1653	22406	8	7	0	0	0	0	0	0	0	0	0
A	AG	4	87	9	1	BA1653	22417	7	0	0	0	0	0	0	0	1	0	0
A	AG	4	87	9	1	BA1653	22580	7	8	2	0	1	0	0	0	0	0	0
A	AG	4	87	9	1	BA1653	22590	8	7	0	0	0	0	0	0	0	0	0
A	AG	4	87	9	1	BA1653	22600	7	0	0	0	0	0	0	0	1	0	0
A	AG	4	87	9	1	BA1653	22612	7	8	2	0	1	0	0	0	0	0	0
A	AG	4	87	9	1	BA1653	22616	8	0	0	0	0	0	0	0	1	0	0
A	AG	4	87	9	1	BA1653	22622	8	7	0	0	0	0	0	0	0	0	0
A	AG	4	87	9	1	BA1653	22625	7	8	2	0	1	0	0	0	0	0	0
A	AG	4	87	9	1	BA1653	22635	8	7	0	0	0	0	0	0	0	0	0
A	AG	4	87	9	1	BA1653	22647	7	0	0	0	0	0	0	0	1	0	0
A	AG	4	87	9	1	BA1653	22666	7	8	2	0	1	0	0	0	0	0	0
A	AG	4	87	9	1	BA1653	22671	8	0	0	0	0	0	0	0	1	0	0
A	AG	4	87	9	1	BA1653	22676	8	7	0	0	0	0	0	0	0	0	0
A	AG	4	87	9	1	BA1653	22678	7	8	2	0	1	0	0	0	0	0	0
A	AG	4	87	9	1	BA1653	22688	8	7	0	0	0	0	0	0	0	0	0
A	AG	4	87	9	1	BA1653	22727	7	0	0	0	0	0	0	0	1	0	0
A	AG	4	87	9	1	BA1653	22771	7	8	2	0	1	0	0	0	0	0	0
A	AG	4	87	9	1	BA1653	22781	8	7	0	0	0	0	0	0	0	0	0
A	AG	4	87	9	1	BA1653	22843	7	0	0	0	0	0	0	0	1	0	0
A	AG	4	87	9	1	BA1653	22863	7	8	2	0	1	0	0	0	0	0	0
A	AG	4	87	9	1	BA1653	22868	8	0	0	0	0	0	0	0	1	0	0
A	AG	4	87	9	1	BA1653	22873	8	7	0	0	1	0	0	0	0	0	0
A	AG	4	87	9	1	BA1653	22906	7	0	0	0	0	0	0	0	1	0	0
A	AG	4	87	9	1	BA1653	22912	7	8	2	0	1	0	0	0	0	0	0
A	AG	4	87	9	1	BA1653	22922	8	7	0	0	0	0	0	0	0	0	0
A	AG	4	87	9	1	BA1653	22959	7	0	0	0	0	0	0	0	1	0	0
A	AG	4	87	9	1	BA1653	23013	7	8	2	0	1	0	0	0	0	0	0
A	AG	4	87	9	1	BA1653	23023	8	7	0	0	0	0	0	0	0	0	0
A	AG	4	87	9	1	BA1653	23088	7	0	0	0	0	0	0	0	1	0	0
A	AG	4	87	9	1	BA1653	23089	7	8	2	0	1	0	0	0	0	0	0
A	AG	4	87	9	1	BA1653	23090	8	0	0	0	0	0	0	0	1	0	0
A	AG	4	87	9	1	BA1653	23099	8	7	0	0	0	0	0	0	0	0	0
A	AG	4	87	9	1	BA1653	23110	7	8	2	0	1	0	0	0	0	0	0
A	AG	4	87	9	1	BA1653	23120	8	7	0	0	0	0	0	0	0	0	0
A	AG	4	87	9	1	BA1653	23126	7	0	0	0	0	0	0	0	1	0	0
A	AG	4	87	9	1	BA1653	23130	7	8	2	0	1	0	0	0	0	0	0
A	AG	4	87	9	1	BA1653	23140	8	7	0	0	0	0	0	0	0	0	0
A	AG	4	87	9	1	BA1653	23205	7	0	0	0	0	0	0	0	1	0	0
A	AG	4	87	9	1	BA1653	23259	7	8	2	0	1	0	0	0	0	0	0
A	AG	4	87	9	1	BA1653	23269	8	7	0	0	0	0	0	0	0	0	0
A	AG	4	87	9	1	BA1653	23310	7	0	0	0	0	0	0	0	1	0	0
A	AG	4	87	9	1	BA1653	23317	7	8	2	0	1	0	0	0	0	0	0
A	AG	4	87	9	1	BA1653	23327	8	7	0	0	0	0	0	0	0	0	0
A	AG	4	87	9	1	BA1653	23334	7	0	0	0	0	0	0	0	1	0	0
A	AG	4	87	9	1	BA1653	23351	7	8	2	0	1	0	0	0	0	0	0
A	AG	4	87	9	1	BA1653	23359	8	0	0	0	0	0	0	0	1	0	0
A	AG	4	87	9	1	BA1653	23361	8	7	0	0	1	0	0	0	0	0	0
A	AG	4	87	9	1	BA1653	23449	7	0	0	0	0	0	0	0	1	0	0
A	AG	4	87	9	1	BA1653	23486	7	8	2	0	1	0	0	0	0	0	0
A	AG	4	87	9	1	BA1653	23496	8	7	0	0	0	0	0	0	0	0	0
A	AG	4	87	9	1	BA1653	23530	7	0	0	0	0	0	0	0	1	0	0
A	AG	4	87	9	1	BA1653	23555	7	8	2	0	1	0	0	0	0	0	0
A	AG	4	87	9	1	BA1653	23562	8	0	0	0	0	0	0	0	1	0	0
A	AG	4	87	9	1	BA1653	23565	8	7	0	0	0	0	0	0	0	0	0
A	AG	4	87	9	1	BA1653	23566	7	8	2	0	1	0	0	0	0	0	0
A	AG	4	87	9	1	BA1653	23576	8	7	0	0	0	0	0	0	0	0	0
A	AG	4	87	9	1	BA1653	23603	7	0	0	0	0	0	0	0	1	0	0
A	AG	4	87	9	1	BA1653	23720	7	8	2	0	1	0	0	0	0	0	0
A	AG	4	87	9	1	BA1653	23730	8	9	0	0	0	0	0	0	0	0	0
A	AG	4	87	9	1	BA1653	23740	9	10	0	0	0	0	0	0	0	0	0
A	AG	4	87	9	1	BA1653	23742	10	0	0	0	0	0	0	0	1	0	0
A	AG	4	87	9	1	BA1653	23815	10	2	0	0	0	0	0	0	0	0	0
A	AG	4	87	9	1	BA1653	23816	2	6	0	0	0	0	0	0	0	0	0
A	AG	4	87	9	1	BA1653	24205	6	8	2	0	1	0	0	0	0	0	0
A	AG	4	87	9	1	BA1653	24215	8	7	0	0	0	0	0	0	0	0	0
A	AG	4	87	9	1	BA1653	24228	7	0	0	0	0	0	0	0	1	0	0
A	AG	4	87	9	1	BA1653	24312	7	8	2	0	1	0	0	0	0	0	0
A	AG	4	87	9	1	BA1653	24322	8	7	0	0	0	0	0	0	0	0	0
A	AG	4	87	9	1	BA1653	24325	7	0	0	0	0	0	0	0	1	0	0
A	AG	4	87	9	1	BA1653	24393	7	8	2	0	1	0	0	0	0	0	0
A	AG	4	87	9	1	BA1653	24403	8	7	0	0	0	0	0	0	0	0	0
A	AG	4	87	9	1	BA1653	24424	7	0	0	0	0	0	0	0	1	0	0
A	AG	4	87	9	1	BA1653	24456	7	8	2	0	1	0	0	0	0	0	0
A	AG	4	87	9	1	BA1653	24461	8	0	0	0	1	0	0	0	1	0	0
A	AG	4	87	9	1	BA1653	24466	8	7	0	0	0	0	0	0	0	0	0
A	AG	4	87	9	1	BA1653	24503	7	0	0	0	0	0	0	0	1	0	0
A	AG	4	87	9	1	BA1653	24583	7	8	2	0	1	0	0	0	0	0	0
A	AG	4	87	9	1	BA1653	24593	8	7	0	0	0	0	0	0	0	0	0
A	AG	4	87	9	1	BA1653	24642	7	0	0	0	0	0	0	0	1	0	0
A	AG	4	87	9	1	BA1653	24719	7	8	2	0	1	0	0	0	0	0	0
A	AG	4	87	9	1	BA1653	24725	8	0	0	0	0	0	0	0	1	0	0
A	AG	4	87	9	1	BA1653	24729	8	7	0	0	0	0	0	0	0	0	0
A	AG	4	87	9	1	BA1653	24731	7	8	2	0	1	0	0	0	0	0	0
A	AG	4	87	9	1	BA1653	24741	8	7	0	0	0	0	0	0	1	0	0
A	AG	4	87	9	1	BA1653	24747	7	8	2	0	1	0	0	0	0	0	0
A	AG	4	87	9	1	BA1653	24757	8	7	0	0	0	0	0	0	0	0	0
A	AG	4	87	9	1	BA1653	24789	7	0	0	0	0	0	0	0	1	0	0
A	AG	4	87	9	1	BA1653	24798	7	8	2	0	1	0	0	0	0	0	0
A	AG	4	87	9	1	BA1653	24804	8	0	0	0	0	0	0	0	1	0	0
A	AG	4	87	9	1	BA1653	24808	8	7	0	0	0	0	0	0	0	0	0
A	AG	4	87	9	1	BA1653	24846	7	8	2	0	1	0	0	0	0	0	0
A	AG	4	87	9	1	BA1653	24856	8	7	0	0	0	0	0	0	0	0	0
A	AG	4	87	9	1	BA1653	24881	7	0	0	0	0	0	0	0	1	0	0
A	AG	4	87	9	1	BA1653	24904	7	8	2	0	1	0	0	0	0	0	0
A	AG	4	87	9	1	BA1653	24909	8	0	0	0	0	0	0	0	1	0	0
A	AG	4	87	9	1	BA1653	24914	8	7	0	0	0	0	0	0	0	0	0
A	AG	4	87	9	1	BA1653	24916	7	8	2	0	1	0	0	0	0	0	0
A	AG	4	87	9	1	BA1653	24926	8	7	0	0	0	0	0	0	0	0	0
A	AG	4	87	9	1	BA1653	24933	7	0	0	0	0	0	0	0	1	0	0
A	AG	4	87	9	1	BA1653	24935	7	8	2	0	1	0	0	0	0	0	0
A	AG	4	87	9	1	BA1653	24945	8	7	0	0	0	0	0	0	0	0	0
A	AG	4	87	9	1	BA1653	25003	7	0	0	0	0	0	0	0	1	0	0
A	AG	4	87	9	1	BA1653	25096	7	8	2	0	1	0	0	0	0	0	0
A	AG	4	87	9	1	BA1653	25106	8	7	0	0	0	0	0	0	0	0	0
A	AG	4	87	9	1	BA1653	25133	7	0	0	0	0	0	0	0	1	0	0
A	AG	4	87	9	1	BA1653	25156	7	8	2	0	1	0	0	0	0	0	0
A	AG	4	87	9	1	BA1653	25159	8	0	0	0	0	0	0	0	1	0	0
A	AG	4	87	9	1	BA1653	25165	8	0	0	0	1	0	0	0	0	0	0
A	AG	4	87	9	1	BA1653	25166	8	7	0	0	0	0	0	0	0	0	0
A	AG	4	87	9	1	BA1653	25171	7	0	0	0	0	0	0	0	1	0	0
A	AG	4	87	9	1	BA1653	25172	7	8	2	0	1	0	0	0	0	0	0
A	AG	4	87	9	1	BA1653	25182	8	7	0	0	0	0	0	0	0	0	0
A	AG	4	87	9	1	BA1653	25227	7	0	0	0	0	0	0	0	1	0	0
A	AG	4	87	9	1	BA1653	25230	7	8	2	0	1	0	0	0	0	0	0
A	AG	4	87	9	1	BA1653	25231	8	0	0	0	0	0	0	0	1	0	0
A	AG	4	87	9	1	BA1653	25235	8	0	0	0	1	0	0	0	0	0	0
A	AG	4	87	9	1	BA1653	25240	8	7	0	0	0	0	0	0	0	0	0
A	AG	4	87	9	1	BA1653	25243	7	0	0	0	0	0	0	0	1	0	0
A	AG	4	87	9	1	BA1653	25287	7	8	2	0	1	0	0	0	0	0	0
A	AG	4	87	9	1	BA1653	25297	8	7	0	0	0	0	0	0	0	0	0
A	AG	4	87	9	1	BA1653	25351	7	0	0	0	0	0	0	0	1	0	0
A	AG	4	87	9	1	BA1653	25361	7	8	2	0	1	0	0	0	0	0	0
A	AG	4	87	9	1	BA1653	25363	8	0	0	0	0	0	0	0	1	0	0
A	AG	4	87	9	1	BA1653	25371	8	7	0	0	0	0	0	0	0	0	0
A	AG	4	87	9	1	BA1653	25424	7	8	2	0	1	0	0	0	0	0	0
A	AG	4	87	9	1	BA1653	25434	8	9	0	0	0	0	0	0	0	0	0
A	AG	4	87	9	1	BA1653	25441	9	0	0	0	0	0	0	0	1	0	0
A	AG	4	87	9	1	BA1653	25444	9	10	0	0	0	0	0	0	0	0	0
A	AG	4	87	9	1	BA1653	25519	10	2	0	0	0	0	0	0	0	0	0
A	AG	4	87	9	1	BA1653	25520	2	3	0	0	0	0	0	0	0	0	0
A	AG	4	87	9	1	BA1653	25918	3	5	1	1	0	0	0	0	0	0	0
A	AG	4	87	9	1	BA1653	25928	5	4	0	0	0	0	0	0	0	0	0
A	AG	4	87	9	1	BA1653	25964	4	0	0	0	0	0	0	1	0	0	0
A	AG	4	87	9	1	BA1653	26025	4	5	1	1	0	0	0	0	0	0	0
A	AG	4	87	9	1	BA1653	26035	5	4	0	0	0	0	0	0	0	0	0
A	AG	4	87	9	1	BA1653	26056	4	0	0	0	0	0	0	1	0	0	0
A	AG	4	87	9	1	BA1653	26077	4	5	1	1	0	0	0	0	0	0	0
A	AG	4	87	9	1	BA1653	26084	5	0	0	0	0	0	0	1	0	0	0
A	AG	4	87	9	1	BA1653	26087	5	4	0	0	0	0	0	0	0	0	0
A	AG	4	87	9	1	BA1653	26099	4	5	1	1	0	0	0	0	0	0	0
A	AG	4	87	9	1	BA1653	26109	5	4	0	0	0	0	0	0	0	0	0
A	AG	4	87	9	1	BA1653	26158	4	0	0	0	0	0	0	1	0	0	0
A	AG	4	87	9	1	BA1653	26178	4	5	1	1	0	0	0	0	0	0	0
A	AG	4	87	9	1	BA1653	26183	5	0	0	0	0	0	0	1	0	0	0
A	AG	4	87	9	1	BA1653	26188	5	9	0	0	0	0	0	0	0	0	0
A	AG	4	87	9	1	BA1653	26194	9	0	0	1	0	0	0	0	0	0	0
A	AG	4	87	9	1	BA1653	26198	9	10	0	0	0	0	0	0	0	0	0
A	AG	4	87	9	1	BA1653	26202	10	0	0	0	0	0	0	1	0	0	0
A	AG	4	87	9	1	BA1653	26273	10	2	0	0	0	0	0	0	0	0	0
A	AG	4	87	9	1	BA1653	26274	2	3	0	0	0	0	0	0	0	0	0
A	AG	4	87	9	1	BA1653	26424	3	5	1	1	0	0	0	0	0	0	0
A	AG	4	87	9	1	BA1653	26434	5	4	0	0	0	0	0	0	0	0	0
A	AG	4	87	9	1	BA1653	26467	4	0	0	0	0	0	0	1	0	0	0
A	AG	4	87	9	1	BA1653	26496	4	5	1	1	0	0	0	0	0	0	0
A	AG	4	87	9	1	BA1653	26506	5	4	0	0	0	0	0	0	0	0	0
A	AG	4	87	9	1	BA1653	26519	4	0	0	0	0	0	0	1	0	0	0
A	AG	4	87	9	1	BA1653	26563	4	5	1	1	0	0	0	0	0	0	0
A	AG	4	87	9	1	BA1653	26573	5	4	0	0	0	0	0	0	0	0	0
A	AG	4	87	9	1	BA1653	26579	4	0	0	0	0	0	0	1	0	0	0
A	AG	4	87	9	1	BA1653	26600	4	5	1	1	0	0	0	0	0	0	0
A	AG	4	87	9	1	BA1653	26610	5	4	0	0	0	0	0	0	0	0	0
A	AG	4	87	9	1	BA1653	26667	4	0	0	0	0	0	0	1	0	0	0
A	AG	4	87	9	1	BA1653	26684	4	5	1	1	0	0	0	0	0	0	0
A	AG	4	87	9	1	BA1653	26694	5	9	0	0	0	0	0	0	0	0	0
A	AG	4	87	9	1	BA1653	26704	9	10	0	0	0	0	0	0	0	0	0
A	AG	4	87	9	1	BA1653	26710	10	0	0	0	0	0	0	1	0	0	0
A	AG	4	87	9	1	BA1653	26779	10	2	0	0	0	0	0	0	0	0	0
A	AG	4	87	9	1	BA1653	26780	2	3	0	0	0	0	0	0	0	0	0
A	AG	4	87	9	1	BA1653	26956	3	5	1	1	0	0	0	0	0	0	0
A	AG	4	87	9	1	BA1653	26966	5	4	0	0	0	0	0	0	0	0	0
A	AG	4	87	9	1	BA1653	27082	4	0	0	0	0	0	0	1	0	0	0
A	AG	4	87	9	1	BA1653	27131	4	5	1	1	0	0	0	0	0	0	0
A	AG	4	87	9	1	BA1653	27141	5	4	0	0	0	0	0	0	0	0	0
A	AG	4	87	9	1	BA1653	27181	4	0	0	0	0	0	0	1	0	0	0
A	AG	4	87	9	1	BA1653	27198	4	5	1	1	0	0	0	0	0	0	0
A	AG	4	87	9	1	BA1653	27208	5	4	0	0	0	0	0	0	0	0	0
A	AG	4	87	9	1	BA1653	27210	4	0	0	0	0	0	0	1	0	0	0
A	AG	4	87	9	1	BA1653	27234	4	5	1	1	0	0	0	0	0	0	0
A	AG	4	87	9	1	BA1653	27244	5	4	0	0	0	0	0	0	0	0	0
A	AG	4	87	9	1	BA1653	27260	4	0	0	0	0	0	0	1	0	0	0
A	AG	4	87	9	1	BA1653	27297	4	5	1	1	0	0	0	0	0	0	0
A	AG	4	87	9	1	BA1653	27307	5	9	0	0	0	0	0	0	0	0	0
A	AG	4	87	9	1	BA1653	27317	9	10	0	0	0	0	0	0	0	0	0
A	AG	4	87	9	1	BA1653	27320	10	0	0	0	0	0	0	1	0	0	0
A	AG	4	87	9	1	BA1653	27392	10	2	0	0	0	0	0	0	0	0	0
A	AG	4	87	9	1	BA1653	27393	2	6	0	0	0	0	0	0	0	0	0
A	AG	4	87	9	1	BA1653	27586	6	0	0	1	0	0	0	0	0	0	0
A	AG	4	87	9	1	BA1653	27628	6	0	0	0	0	0	0	1	0	0	0
A	AG	4	87	9	1	BA1653	27690	6	0	0	1	0	0	0	0	0	0	0
A	AG	4	87	9	1	BA1653	27734	6	0	0	0	0	0	0	1	0	0	0
A	AG	4	87	9	1	BA1653	27797	6	0	0	1	0	0	0	0	0	0	0
A	AG	4	87	9	1	BA1653	27878	6	0	0	0	0	0	0	1	0	0	0
A	AG	4	87	9	1	BA1653	29487	6	8	2	0	1	0	0	0	0	0	0
A	AG	4	87	9	1	BA1653	29497	8	7	0	0	0	0	0	0	0	0	0
A	AG	4	87	9	1	BA1653	29512	7	0	0	0	0	0	0	0	1	0	0
A	AG	4	87	9	1	BA1653	29867	7	8	2	0	1	0	0	0	0	0	0
A	AG	4	87	9	1	BA1653	29875	8	0	0	0	0	0	0	0	1	0	0
A	AG	4	87	9	1	BA1653	29876	8	0	0	0	1	0	0	0	0	0	0
A	AG	4	87	9	1	BA1653	29877	8	7	0	0	0	0	0	0	0	0	0
A	AG	4	87	9	1	BA1653	29901	7	0	0	0	0	0	0	0	1	0	0
A	AG	4	87	9	1	BA1653	29903	7	8	2	0	1	0	0	0	0	0	0
A	AG	4	87	9	1	BA1653	29913	8	7	0	0	0	0	0	0	0	0	0
A	AG	4	87	9	1	BA1653	29922	7	0	0	0	0	0	0	0	1	0	0
A	AG	4	87	9	1	BA1653	29970	7	8	2	0	1	0	0	0	0	0	0
A	AG	4	87	9	1	BA1653	29980	8	7	0	0	0	0	0	0	0	0	0
A	AG	4	87	9	1	BA1653	29991	7	0	0	0	0	0	0	0	1	0	0
A	AG	4	87	9	1	BA1653	30014	7	8	2	0	1	0	0	0	0	0	0
A	AG	4	87	9	1	BA1653	30024	8	7	0	0	0	0	0	0	0	0	0
A	AG	4	87	9	1	BA1653	30032	7	0	0	0	0	0	0	0	1	0	0
A	AG	4	87	9	1	BA1653	30075	7	8	2	0	1	0	0	0	0	0	0
A	AG	4	87	9	1	BA1653	30085	8	7	0	0	0	0	0	0	0	0	0
A	AG	4	87	9	1	BA1653	30109	7	0	0	0	0	0	0	0	1	0	0
A	AG	4	87	9	1	BA1653	30164	7	8	2	0	1	0	0	0	0	0	0
A	AG	4	87	9	1	BA1653	30174	8	7	0	0	0	0	0	0	0	0	0
A	AG	4	87	9	1	BA1653	30176	7	0	0	0	0	0	0	0	1	0	0
A	AG	4	87	9	1	BA1653	30178	7	8	2	0	1	0	0	0	0	0	0
A	AG	4	87	9	1	BA1653	30188	8	7	0	0	0	0	0	0	0	0	0
A	AG	4	87	9	1	BA1653	30205	7	0	0	0	0	0	0	0	1	0	0
A	AG	4	87	9	1	BA1653	30217	7	8	2	0	1	0	0	0	0	0	0
A	AG	4	87	9	1	BA1653	30227	8	7	0	0	0	0	0	0	0	0	0
A	AG	4	87	9	1	BA1653	30271	7	0	0	0	0	0	0	0	1	0	0
A	AG	4	87	9	1	BA1653	30277	7	8	2	0	1	0	0	0	0	0	0
A	AG	4	87	9	1	BA1653	30284	8	0	0	0	0	0	0	0	1	0	0
A	AG	4	87	9	1	BA1653	30287	8	7	0	0	0	0	0	0	0	0	0
A	AG	4	87	9	1	BA1653	30325	7	8	2	0	1	0	0	0	0	0	0
A	AG	4	87	9	1	BA1653	30335	8	7	0	0	0	0	0	0	0	0	0
A	AG	4	87	9	1	BA1653	30369	7	0	0	0	0	0	0	0	1	0	0
A	AG	4	87	9	1	BA1653	30442	7	8	2	0	1	0	0	0	0	0	0
A	AG	4	87	9	1	BA1653	30446	8	0	0	0	0	0	0	0	1	0	0
A	AG	4	87	9	1	BA1653	30448	8	0	0	0	1	0	0	0	0	0	0
A	AG	4	87	9	1	BA1653	30452	8	7	0	0	0	0	0	0	0	0	0
A	AG	4	87	9	1	BA1653	30471	7	0	0	0	0	0	0	0	1	0	0
A	AG	4	87	9	1	BA1653	30473	7	8	2	0	1	0	0	0	0	0	0
A	AG	4	87	9	1	BA1653	30474	8	0	0	0	0	0	0	0	1	0	0
A	AG	4	87	9	1	BA1653	30476	8	0	0	0	1	0	0	0	0	0	0
A	AG	4	87	9	1	BA1653	30483	8	7	0	0	0	0	0	0	0	0	0
A	AG	4	87	9	1	BA1653	30512	7	0	0	0	0	0	0	0	1	0	0
A	AG	4	87	9	1	BA1653	30518	7	8	2	0	1	0	0	0	0	0	0
A	AG	4	87	9	1	BA1653	30528	8	7	0	0	0	0	0	0	0	0	0
A	AG	4	87	9	1	BA1653	30530	7	0	0	0	0	0	0	0	1	0	0
A	AG	4	87	9	1	BA1653	30536	7	8	2	0	1	0	0	0	0	0	0
A	AG	4	87	9	1	BA1653	30546	8	7	0	0	0	0	0	0	0	0	0
A	AG	4	87	9	1	BA1653	30557	7	0	0	0	0	0	0	0	1	0	0
A	AG	4	87	9	1	BA1653	30558	7	8	2	0	1	0	0	0	0	0	0
A	AG	4	87	9	1	BA1653	30568	8	7	0	0	0	0	0	0	0	0	0
A	AG	4	87	9	1	BA1653	30570	7	0	0	0	0	0	0	0	1	0	0
A	AG	4	87	9	1	BA1653	30621	7	8	2	0	1	0	0	0	0	0	0
A	AG	4	87	9	1	BA1653	30631	8	7	0	0	0	0	0	0	0	0	0
A	AG	4	87	9	1	BA1653	30664	7	0	0	0	0	0	0	0	1	0	0
A	AG	4	87	9	1	BA1653	30729	7	8	2	0	1	0	0	0	0	0	0
A	AG	4	87	9	1	BA1653	30739	8	7	0	0	0	0	0	0	0	0	0
A	AG	4	87	9	1	BA1653	30751	7	0	0	0	0	0	0	0	1	0	0
A	AG	4	87	9	1	BA1653	30759	7	8	2	0	1	0	0	0	0	0	0
A	AG	4	87	9	1	BA1653	30769	8	7	0	0	0	0	0	0	0	0	0
A	AG	4	87	9	1	BA1653	30771	7	0	0	0	0	0	0	0	1	0	0
A	AG	4	87	9	1	BA1653	30773	7	8	2	0	1	0	0	0	0	0	0
A	AG	4	87	9	1	BA1653	30783	8	9	0	0	0	0	0	0	0	0	0
A	AG	4	87	9	1	BA1653	30788	9	0	0	0	0	0	0	0	1	0	0
A	AG	4	87	9	1	BA1653	30793	9	10	0	0	0	0	0	0	0	0	0
A	AG	4	87	9	1	BA1653	30868	10	2	0	0	0	0	0	0	0	0	0
A	AG	4	87	9	1	BA1653	30869	2	6	0	0	0	0	0	0	0	0	0
A	AG	4	87	9	1	BA1653	31117	6	8	2	0	1	0	0	0	0	0	0
A	AG	4	87	9	1	BA1653	31127	8	7	0	0	0	0	0	0	1	0	0
A	AG	4	87	9	1	BA1653	31184	7	8	2	0	1	0	0	0	0	0	0
A	AG	4	87	9	1	BA1653	31194	8	7	0	0	0	0	0	0	0	0	0
A	AG	4	87	9	1	BA1653	31207	7	0	0	0	0	0	0	0	1	0	0
A	AG	4	87	9	1	BA1653	31239	7	8	2	0	1	0	0	0	0	0	0
A	AG	4	87	9	1	BA1653	31241	8	0	0	0	0	0	0	0	1	0	0
A	AG	4	87	9	1	BA1653	31249	8	7	0	0	0	0	0	0	0	0	0
A	AG	4	87	9	1	BA1653	31262	7	8	2	0	1	0	0	0	0	0	0
A	AG	4	87	9	1	BA1653	31272	8	7	0	0	0	0	0	0	0	0	0
A	AG	4	87	9	1	BA1653	31282	7	0	0	0	0	0	0	0	1	0	0
A	AG	4	87	9	1	BA1653	31289	7	8	2	0	1	0	0	0	0	0	0
A	AG	4	87	9	1	BA1653	31299	8	7	0	0	0	0	0	0	0	0	0
A	AG	4	87	9	1	BA1653	31313	7	0	0	0	0	0	0	0	1	0	0
A	AG	4	87	9	1	BA1653	31331	7	8	2	0	1	0	0	0	0	0	0
A	AG	4	87	9	1	BA1653	31335	8	0	0	0	0	0	0	0	1	0	0
A	AG	4	87	9	1	BA1653	31341	8	7	0	0	0	0	0	0	0	0	0
A	AG	4	87	9	1	BA1653	31356	7	8	2	0	1	0	0	0	0	0	0
A	AG	4	87	9	1	BA1653	31366	8	7	0	0	0	0	0	0	0	0	0
A	AG	4	87	9	1	BA1653	31378	7	0	0	0	0	0	0	0	1	0	0
A	AG	4	87	9	1	BA1653	31472	7	8	2	0	1	0	0	0	0	0	0
A	AG	4	87	9	1	BA1653	31482	8	7	0	0	0	0	0	0	0	0	0
A	AG	4	87	9	1	BA1653	31499	7	0	0	0	0	0	0	0	1	0	0
A	AG	4	87	9	1	BA1653	31504	7	8	2	0	1	0	0	0	0	0	0
A	AG	4	87	9	1	BA1653	31514	8	7	0	0	0	0	0	0	0	0	0
A	AG	4	87	9	1	BA1653	31522	7	0	0	0	0	0	0	0	1	0	0
A	AG	4	87	9	1	BA1653	31560	7	8	2	0	1	0	0	0	0	0	0
A	AG	4	87	9	1	BA1653	31570	8	7	0	0	0	0	0	0	0	0	0
A	AG	4	87	9	1	BA1653	31650	7	0	0	0	0	0	0	0	1	0	0
A	AG	4	87	9	1	BA1653	31681	7	8	2	0	1	0	0	0	0	0	0
A	AG	4	87	9	1	BA1653	31685	8	0	0	0	0	0	0	0	1	0	0
A	AG	4	87	9	1	BA1653	31688	8	0	0	0	1	0	0	0	0	0	0
A	AG	4	87	9	1	BA1653	31691	8	7	0	0	0	0	0	0	0	0	0
A	AG	4	87	9	1	BA1653	31714	7	0	0	0	0	0	0	0	1	0	0
A	AG	4	87	9	1	BA1653	31745	7	8	2	0	1	0	0	0	0	0	0
A	AG	4	87	9	1	BA1653	31755	8	7	0	0	0	0	0	0	0	0	0
A	AG	4	87	9	1	BA1653	31792	7	0	0	0	0	0	0	0	1	0	0
A	AG	4	87	9	1	BA1653	31856	7	8	2	0	1	0	0	0	0	0	0
A	AG	4	87	9	1	BA1653	31866	8	7	0	0	0	0	0	0	0	0	0
A	AG	4	87	9	1	BA1653	31902	7	0	0	0	0	0	0	0	1	0	0
A	AG	4	87	9	1	BA1653	31933	7	8	2	0	1	0	0	0	0	0	0
A	AG	4	87	9	1	BA1653	31938	8	0	0	0	0	0	0	0	1	0	0
A	AG	4	87	9	1	BA1653	31943	8	7	0	0	0	0	0	0	0	0	0
A	AG	4	87	9	1	BA1653	31944	7	8	2	0	1	0	0	0	0	0	0
A	AG	4	87	9	1	BA1653	31954	8	7	0	0	0	0	0	0	0	0	0
A	AG	4	87	9	1	BA1653	31995	7	0	0	0	0	0	0	0	1	0	0
A	AG	4	87	9	1	BA1653	32112	7	8	2	0	1	0	0	0	0	0	0
A	AG	4	87	9	1	BA1653	32116	8	0	0	0	0	0	0	0	1	0	0
A	AG	4	87	9	1	BA1653	32117	8	0	0	0	1	0	0	0	0	0	0
A	AG	4	87	9	1	BA1653	32122	8	7	0	0	0	0	0	0	0	0	0
A	AG	4	87	9	1	BA1653	32158	7	0	0	0	0	0	0	0	1	0	0
A	AG	4	87	9	1	BA1653	32232	7	8	2	0	1	0	0	0	0	0	0
A	AG	4	87	9	1	BA1653	32242	8	7	0	0	0	0	0	0	0	0	0
A	AG	4	87	9	1	BA1653	32269	7	0	0	0	0	0	0	0	1	0	0
A	AG	4	87	9	1	BA1653	32334	7	8	2	0	1	0	0	0	0	0	0
A	AG	4	87	9	1	BA1653	32344	8	7	0	0	0	0	0	0	0	0	0
A	AG	4	87	9	1	BA1653	32357	7	0	0	0	0	0	0	0	1	0	0
A	AG	4	87	9	1	BA1653	32360	7	8	2	0	1	0	0	0	0	0	0
A	AG	4	87	9	1	BA1653	32370	8	7	0	0	0	0	0	0	0	0	0
A	AG	4	87	9	1	BA1653	32372	7	0	0	0	0	0	0	0	1	0	0
A	AG	4	87	9	1	BA1653	32434	7	8	2	0	1	0	0	0	0	0	0
A	AG	4	87	9	1	BA1653	32444	8	9	0	0	0	0	0	0	0	0	0
A	AG	4	87	9	1	BA1653	32449	9	0	0	0	0	0	0	0	1	0	0
A	AG	4	87	9	1	BA1653	32454	9	10	0	0	0	0	0	0	0	0	0
A	AG	4	87	9	1	BA1653	32529	10	2	0	0	0	0	0	0	0	0	0
A	AG	4	87	9	1	BA1653	32530	2	3	0	0	0	0	0	0	0	0	0
A	AG	4	87	9	1	BA1653	32898	3	5	1	1	0	0	0	0	0	0	0
A	AG	4	87	9	1	BA1653	32908	5	4	0	0	0	0	0	0	0	0	0
A	AG	4	87	9	1	BA1653	32942	4	0	0	0	0	0	0	1	0	0	0
A	AG	4	87	9	1	BA1653	33002	4	5	1	1	0	0	0	0	0	0	0
A	AG	4	87	9	1	BA1653	33012	5	4	0	0	0	0	0	0	0	0	0
A	AG	4	87	9	1	BA1653	33102	4	0	0	0	0	0	0	1	0	0	0
A	AG	4	87	9	1	BA1653	33103	4	5	1	1	0	0	0	0	0	0	0
A	AG	4	87	9	1	BA1653	33113	5	4	0	0	0	0	0	0	0	0	0
A	AG	4	87	9	1	BA1653	33115	4	0	0	0	0	0	0	1	0	0	0
A	AG	4	87	9	1	BA1653	33137	4	5	1	1	0	0	0	0	0	0	0
A	AG	4	87	9	1	BA1653	33147	5	4	0	0	0	0	0	0	0	0	0
A	AG	4	87	9	1	BA1653	33196	4	0	0	0	0	0	0	1	0	0	0
A	AG	4	87	9	1	BA1653	33259	4	5	1	1	0	0	0	0	0	0	0
A	AG	4	87	9	1	BA1653	33269	5	9	0	0	0	0	0	0	0	0	0
A	AG	4	87	9	1	BA1653	33279	9	10	0	0	0	0	0	0	0	0	0
A	AG	4	87	9	1	BA1653	33282	10	0	0	0	0	0	0	1	0	0	0
A	AG	4	87	9	1	BA1653	33354	10	2	0	0	0	0	0	0	0	0	0
A	AG	4	87	9	1	BA1653	33355	2	6	0	0	0	0	0	0	0	0	0
A	AG	4	87	9	1	BA1653	33534	6	0	0	1	0	0	0	0	0	0	0
A	AG	4	87	9	1	BA1653	33570	6	0	0	0	0	0	0	1	0	0	0
A	AG	4	87	9	1	BA1653	33682	6	0	0	1	0	0	0	0	0	0	0
A	AG	4	87	9	1	BA1653	33730	6	0	0	0	0	0	0	1	0	0	0
A	AG	4	87	9	1	BA1653	33916	6	8	2	0	1	0	0	0	0	0	0
A	AG	4	87	9	1	BA1653	33926	8	7	0	0	0	0	0	0	0	0	0
A	AG	4	87	9	1	BA1653	33940	7	0	0	0	0	0	0	0	1	0	0
A	AG	4	87	9	1	BA1653	34022	7	8	2	0	1	0	0	0	0	0	0
A	AG	4	87	9	1	BA1653	34032	8	7	0	0	0	0	0	0	0	0	0
A	AG	4	87	9	1	BA1653	34055	7	0	0	0	0	0	0	0	1	0	0
A	AG	4	87	9	1	BA1653	34276	7	8	2	0	1	0	0	0	0	0	0
A	AG	4	87	9	1	BA1653	34286	8	7	0	0	0	0	0	0	0	0	0
A	AG	4	87	9	1	BA1653	34306	7	0	0	0	0	0	0	0	1	0	0
A	AG	4	87	9	1	BA1653	34454	7	8	2	0	1	0	0	0	0	0	0
A	AG	4	87	9	1	BA1653	34464	8	7	0	0	0	0	0	0	0	0	0
A	AG	4	87	9	1	BA1653	34476	7	0	0	0	0	0	0	0	1	0	0
A	AG	4	87	9	1	BA1653	34515	7	8	2	0	1	0	0	0	0	0	0
A	AG	4	87	9	1	BA1653	34525	8	7	0	0	0	0	0	0	0	0	0
A	AG	4	87	9	1	BA1653	34544	7	8	2	0	1	0	0	0	1	0	0
A	AG	4	87	9	1	BA1653	34553	8	0	0	0	0	0	0	0	1	0	0
A	AG	4	87	9	1	BA1653	34554	8	7	0	0	0	0	0	0	0	0	0
A	AG	4	87	9	1	BA1653	34603	7	8	2	0	1	0	0	0	0	0	0
A	AG	4	87	9	1	BA1653	34613	8	7	0	0	0	0	0	0	0	0	0
A	AG	4	87	9	1	BA1653	34644	7	0	0	0	0	0	0	0	1	0	0
A	AG	4	87	9	1	BA1653	34698	7	8	2	0	1	0	0	0	0	0	0
A	AG	4	87	9	1	BA1653	34708	8	7	0	0	0	0	0	0	0	0	0
A	AG	4	87	9	1	BA1653	34719	7	0	0	0	0	0	0	0	1	0	0
A	AG	4	87	9	1	BA1653	34780	7	8	2	0	1	0	0	0	0	0	0
A	AG	4	87	9	1	BA1653	34790	8	7	0	0	0	0	0	0	0	0	0
A	AG	4	87	9	1	BA1653	34794	7	0	0	0	0	0	0	0	1	0	0
A	AG	4	87	9	1	BA1653	34797	7	8	2	0	1	0	0	0	0	0	0
A	AG	4	87	9	1	BA1653	34801	8	0	0	0	0	0	0	0	1	0	0
A	AG	4	87	9	1	BA1653	34807	8	7	0	0	0	0	0	0	0	0	0
A	AG	4	87	9	1	BA1653	34851	7	8	2	0	1	0	0	0	0	0	0
A	AG	4	87	9	1	BA1653	34861	8	7	0	0	0	0	0	0	0	0	0
A	AG	4	87	9	1	BA1653	34887	7	0	0	0	0	0	0	0	1	0	0
A	AG	4	87	9	1	BA1653	34927	7	8	2	0	1	0	0	0	0	0	0
A	AG	4	87	9	1	BA1653	34937	8	7	0	0	0	0	0	0	0	0	0
A	AG	4	87	9	1	BA1653	34952	7	0	0	0	0	0	0	0	1	0	0
A	AG	4	87	9	1	BA1653	35028	7	8	2	0	1	0	0	0	0	0	0
A	AG	4	87	9	1	BA1653	35033	8	0	0	0	0	0	0	0	1	0	0
A	AG	4	87	9	1	BA1653	35037	8	0	0	0	1	0	0	0	0	0	0
A	AG	4	87	9	1	BA1653	35038	8	7	0	0	0	0	0	0	0	0	0
A	AG	4	87	9	1	BA1653	35043	7	0	0	0	0	0	0	0	1	0	0
A	AG	4	87	9	1	BA1653	35055	7	8	2	0	1	0	0	0	0	0	0
A	AG	4	87	9	1	BA1653	35057	8	0	0	0	0	0	0	0	1	0	0
A	AG	4	87	9	1	BA1653	35065	8	7	0	0	0	0	0	0	0	0	0
A	AG	4	87	9	1	BA1653	35130	7	8	2	0	1	0	0	0	0	0	0
A	AG	4	87	9	1	BA1653	35140	8	7	0	0	0	0	0	0	0	0	0
A	AG	4	87	9	1	BA1653	35184	7	0	0	0	0	0	0	0	1	0	0
A	AG	4	87	9	1	BA1653	35185	7	8	2	0	1	0	0	0	0	0	0
A	AG	4	87	9	1	BA1653	35195	8	7	0	0	0	0	0	0	0	0	0
A	AG	4	87	9	1	BA1653	35205	7	0	0	0	0	0	0	0	1	0	0
A	AG	4	87	9	1	BA1653	35223	7	8	2	0	1	0	0	0	0	0	0
A	AG	4	87	9	1	BA1653	35233	8	7	0	0	0	0	0	0	0	0	0
A	AG	4	87	9	1	BA1653	35280	7	0	0	0	0	0	0	0	1	0	0
A	AG	4	87	9	1	BA1653	35342	7	8	2	0	1	0	0	0	0	0	0
A	AG	4	87	9	1	BA1653	35352	8	7	0	0	0	0	0	0	0	0	0
A	AG	4	87	9	1	BA1653	35380	7	0	0	0	0	0	0	0	1	0	0
A	AG	4	87	9	1	BA1653	35435	7	8	2	0	1	0	0	0	0	0	0
A	AG	4	87	9	1	BA1653	35445	8	7	0	0	0	0	0	0	0	0	0
A	AG	4	87	9	1	BA1653	35495	7	0	0	0	0	0	0	0	1	0	0
A	AG	4	87	9	1	BA1653	35527	7	8	2	0	1	0	0	0	0	0	0
A	AG	4	87	9	1	BA1653	35537	8	9	0	0	0	0	0	0	0	0	0
A	AG	4	87	9	1	BA1653	35544	9	0	0	0	0	0	0	0	1	0	0
A	AG	4	87	9	1	BA1653	35547	9	10	0	0	0	0	0	0	0	0	0
A	AG	4	87	9	1	BA1653	35622	10	2	0	0	0	0	0	0	0	0	0
A	AG	4	87	9	1	BA1653	35623	2	3	0	0	0	0	0	0	0	0	0
A	AG	4	87	9	1	BA1653	35944	3	5	1	1	0	0	0	0	0	0	0
A	AG	4	87	9	1	BA1653	35954	5	4	0	0	0	0	0	0	0	0	0
A	AG	4	87	9	1	BA1653	35989	4	0	0	0	0	0	0	1	0	0	0
A	AG	4	87	9	1	BA1653	36008	4	5	1	1	0	0	0	0	0	0	0
A	AG	4	87	9	1	BA1653	36018	5	4	0	0	0	0	0	0	0	0	0
A	AG	4	87	9	1	BA1653	36066	4	0	0	0	0	0	0	1	0	0	0
A	AG	4	87	9	1	BA1653	36126	4	5	1	1	0	0	0	0	0	0	0
A	AG	4	87	9	1	BA1653	36136	5	4	0	0	0	0	0	0	0	0	0
A	AG	4	87	9	1	BA1653	36202	4	0	0	0	0	0	0	1	0	0	0
A	AG	4	87	9	1	BA1653	36218	4	5	1	1	0	0	0	0	0	0	0
A	AG	4	87	9	1	BA1653	36228	5	4	0	0	0	0	0	0	0	0	0
A	AG	4	87	9	1	BA1653	36322	4	0	0	0	0	0	0	1	0	0	0
A	AG	4	87	9	1	BA1653	36372	4	5	1	1	0	0	0	0	0	0	0
A	AG	4	87	9	1	BA1653	36382	5	9	0	0	0	0	0	0	0	0	0
A	AG	4	87	9	1	BA1653	36392	9	10	0	0	0	0	0	0	0	0	0
A	AG	4	87	9	1	BA1653	36395	10	0	0	0	0	0	0	1	0	0	0
A	AG	4	87	9	1	BA1653	36467	10	2	0	0	0	0	0	0	0	0	0
A	AG	4	87	9	1	BA1653	36468	2	6	0	0	0	0	0	0	0	0	0
A	AG	4	87	9	1	BA1653	37500	6	8	2	0	1	0	0	0	0	0	0
A	AG	4	87	9	1	BA1653	37510	8	7	0	0	0	0	0	0	0	0	0
A	AG	4	87	9	1	BA1653	37520	7	0	0	0	0	0	0	0	1	0	0
A	AG	4	87	9	1	BA1653	37766	7	8	2	0	1	0	0	0	0	0	0
A	AG	4	87	9	1	BA1653	37768	8	0	0	0	0	0	0	0	1	0	0
A	AG	4	87	9	1	BA1653	37776	8	7	0	0	0	0	0	0	0	0	0
A	AG	4	87	9	1	BA1653	37959	7	8	2	0	1	0	0	0	0	0	0
A	AG	4	87	9	1	BA1653	37960	8	0	0	0	0	0	0	0	1	0	0
A	AG	4	87	9	1	BA1653	37969	8	7	0	0	0	0	0	0	0	0	0
A	AG	4	87	9	1	BA1653	38001	7	8	2	0	1	0	0	0	0	0	0
A	AG	4	87	9	1	BA1653	38003	8	0	0	0	0	0	0	0	1	0	0
A	AG	4	87	9	1	BA1653	38008	8	0	0	0	1	0	0	0	0	0	0
A	AG	4	87	9	1	BA1653	38011	8	7	0	0	0	0	0	0	0	0	0
A	AG	4	87	9	1	BA1653	38024	7	0	0	0	0	0	0	0	1	0	0
A	AG	4	87	9	1	BA1653	38097	7	8	2	0	1	0	0	0	0	0	0
A	AG	4	87	9	1	BA1653	38107	8	7	0	0	0	0	0	0	0	0	0
A	AG	4	87	9	1	BA1653	38126	7	0	0	0	0	0	0	0	1	0	0
A	AG	4	87	9	1	BA1653	38214	7	8	2	0	1	0	0	0	0	0	0
A	AG	4	87	9	1	BA1653	38224	8	7	0	0	0	0	0	0	0	0	0
A	AG	4	87	9	1	BA1653	38277	7	0	0	0	0	0	0	0	1	0	0
A	AG	4	87	9	1	BA1653	38281	7	8	2	0	1	0	0	0	0	0	0
A	AG	4	87	9	1	BA1653	38284	8	0	0	0	0	0	0	0	1	0	0
A	AG	4	87	9	1	BA1653	38291	8	7	0	0	0	0	0	0	0	0	0
A	AG	4	87	9	1	BA1653	38300	7	8	2	0	1	0	0	0	0	0	0
A	AG	4	87	9	1	BA1653	38310	8	7	0	0	0	0	0	0	0	0	0
A	AG	4	87	9	1	BA1653	38336	7	0	0	0	0	0	0	0	1	0	0
A	AG	4	87	9	1	BA1653	38440	7	8	2	0	1	0	0	0	0	0	0
A	AG	4	87	9	1	BA1653	38450	8	7	0	0	0	0	0	0	1	0	0
A	AG	4	87	9	1	BA1653	38466	7	8	2	0	1	0	0	0	0	0	0
A	AG	4	87	9	1	BA1653	38476	8	7	0	0	0	0	0	0	0	0	0
A	AG	4	87	9	1	BA1653	38483	7	0	0	0	0	0	0	0	1	0	0
A	AG	4	87	9	1	BA1653	38554	7	8	2	0	1	0	0	0	0	0	0
A	AG	4	87	9	1	BA1653	38564	8	7	0	0	0	0	0	0	1	0	0
A	AG	4	87	9	1	BA1653	38570	7	8	2	0	1	0	0	0	0	0	0
A	AG	4	87	9	1	BA1653	38580	8	7	0	0	0	0	0	0	0	0	0
A	AG	4	87	9	1	BA1653	38589	7	0	0	0	0	0	0	0	1	0	0
A	AG	4	87	9	1	BA1653	38607	7	8	2	0	1	0	0	0	0	0	0
A	AG	4	87	9	1	BA1653	38612	8	0	0	0	0	0	0	0	1	0	0
A	AG	4	87	9	1	BA1653	38615	8	0	0	0	1	0	0	0	0	0	0
A	AG	4	87	9	1	BA1653	38617	8	7	0	0	0	0	0	0	0	0	0
A	AG	4	87	9	1	BA1653	38622	7	0	0	0	0	0	0	0	1	0	0
A	AG	4	87	9	1	BA1653	38624	7	8	2	0	1	0	0	0	0	0	0
A	AG	4	87	9	1	BA1653	38634	8	7	0	0	0	0	0	0	0	0	0
A	AG	4	87	9	1	BA1653	38646	7	0	0	0	0	0	0	0	1	0	0
A	AG	4	87	9	1	BA1653	38770	7	8	2	0	1	0	0	0	0	0	0
A	AG	4	87	9	1	BA1653	38780	8	7	0	0	0	0	0	0	0	0	0
A	AG	4	87	9	1	BA1653	38789	7	0	0	0	0	0	0	0	1	0	0
A	AG	4	87	9	1	BA1653	38790	7	8	2	0	1	0	0	0	0	0	0
A	AG	4	87	9	1	BA1653	38795	8	0	0	0	0	0	0	0	1	0	0
A	AG	4	87	9	1	BA1653	38797	8	0	0	0	1	0	0	0	0	0	0
A	AG	4	87	9	1	BA1653	38800	8	7	0	0	0	0	0	0	0	0	0
A	AG	4	87	9	1	BA1653	38815	7	0	0	0	0	0	0	0	1	0	0
A	AG	4	87	9	1	BA1653	38838	7	8	2	0	1	0	0	0	0	0	0
A	AG	4	87	9	1	BA1653	38842	8	0	0	0	0	0	0	0	1	0	0
A	AG	4	87	9	1	BA1653	38844	8	0	0	0	1	0	0	0	0	0	0
A	AG	4	87	9	1	BA1653	38848	8	7	0	0	0	0	0	0	0	0	0
A	AG	4	87	9	1	BA1653	38874	7	0	0	0	0	0	0	0	1	0	0
A	AG	4	87	9	1	BA1653	38895	7	8	2	0	1	0	0	0	0	0	0
A	AG	4	87	9	1	BA1653	38900	8	0	0	0	0	0	0	0	1	0	0
A	AG	4	87	9	1	BA1653	38903	8	0	0	0	1	0	0	0	0	0	0
A	AG	4	87	9	1	BA1653	38905	8	7	0	0	0	0	0	0	0	0	0
A	AG	4	87	9	1	BA1653	38956	7	0	0	0	0	0	0	0	1	0	0
A	AG	4	87	9	1	BA1653	39013	7	8	2	0	1	0	0	0	0	0	0
A	AG	4	87	9	1	BA1653	39023	8	7	0	0	0	0	0	0	0	0	0
A	AG	4	87	9	1	BA1653	39047	7	0	0	0	0	0	0	0	1	0	0
A	AG	4	87	9	1	BA1653	39103	7	8	2	0	1	0	0	0	0	0	0
A	AG	4	87	9	1	BA1653	39113	8	9	0	0	0	0	0	0	0	0	0
A	AG	4	87	9	1	BA1653	39123	9	10	0	0	0	0	0	0	0	0	0
A	AG	4	87	9	1	BA1653	39127	10	0	0	0	0	0	0	0	1	0	0
A	AG	4	87	9	1	BA1653	39198	10	2	0	0	0	0	0	0	0	0	0
A	AG	4	87	9	1	BA1653	39199	2	6	0	0	0	0	0	0	0	0	0
A	AG	4	87	9	1	BA1653	39455	6	8	2	0	1	0	0	0	0	0	0
A	AG	4	87	9	1	BA1653	39465	8	7	0	0	0	0	0	0	0	0	0
A	AG	4	87	9	1	BA1653	39467	7	0	0	0	0	0	0	0	1	0	0
A	AG	4	87	9	1	BA1653	39477	7	8	2	0	1	0	0	0	0	0	0
A	AG	4	87	9	1	BA1653	39487	8	7	0	0	0	0	0	0	0	0	0
A	AG	4	87	9	1	BA1653	39510	7	0	0	0	0	0	0	0	1	0	0
A	AG	4	87	9	1	BA1653	39630	7	8	2	0	1	0	0	0	0	0	0
A	AG	4	87	9	1	BA1653	39640	8	7	0	0	0	0	0	0	0	0	0
A	AG	4	87	9	1	BA1653	39656	7	0	0	0	0	0	0	0	1	0	0
A	AG	4	87	9	1	BA1653	39719	7	8	2	0	1	0	0	0	0	0	0
A	AG	4	87	9	1	BA1653	39729	8	7	0	0	0	0	0	0	0	0	0
A	AG	4	87	9	1	BA1653	39748	7	0	0	0	0	0	0	0	1	0	0
A	AG	4	87	9	1	BA1653	39750	7	8	2	0	1	0	0	0	0	0	0
A	AG	4	87	9	1	BA1653	39760	8	7	0	0	0	0	0	0	0	0	0
A	AG	4	87	9	1	BA1653	39772	7	0	0	0	0	0	0	0	1	0	0
A	AG	4	87	9	1	BA1653	39791	7	8	2	0	1	0	0	0	0	0	0
A	AG	4	87	9	1	BA1653	39801	8	7	0	0	0	0	0	0	0	0	0
A	AG	4	87	9	1	BA1653	39841	7	0	0	0	0	0	0	0	1	0	0
A	AG	4	87	9	1	BA1653	39954	7	8	2	0	1	0	0	0	0	0	0
A	AG	4	87	9	1	BA1653	39956	8	0	0	0	0	0	0	0	1	0	0
A	AG	4	87	9	1	BA1653	39964	8	7	0	0	0	0	0	0	0	0	0
A	AG	4	87	9	1	BA1653	39968	7	8	2	0	1	0	0	0	0	0	0
A	AG	4	87	9	1	BA1653	39971	8	0	0	0	0	0	0	0	1	0	0
A	AG	4	87	9	1	BA1653	39978	8	7	0	0	0	0	0	0	0	0	0
A	AG	4	87	9	1	BA1653	40015	7	8	2	0	1	0	0	0	0	0	0
A	AG	4	87	9	1	BA1653	40025	8	7	0	0	0	0	0	0	0	0	0
A	AG	4	87	9	1	BA1653	40047	7	0	0	0	0	0	0	0	1	0	0
A	AG	4	87	9	1	BA1653	40050	7	8	2	0	1	0	0	0	0	0	0
A	AG	4	87	9	1	BA1653	40060	8	7	0	0	0	0	0	0	0	0	0
A	AG	4	87	9	1	BA1653	40073	7	0	0	0	0	0	0	0	1	0	0
A	AG	4	87	9	1	BA1653	40096	7	8	2	0	1	0	0	0	0	0	0
A	AG	4	87	9	1	BA1653	40101	8	0	0	0	0	0	0	0	1	0	0
A	AG	4	87	9	1	BA1653	40106	8	7	0	0	1	0	0	0	0	0	0
A	AG	4	87	9	1	BA1653	40147	7	0	0	0	0	0	0	0	1	0	0
A	AG	4	87	9	1	BA1653	40201	7	8	2	0	1	0	0	0	0	0	0
A	AG	4	87	9	1	BA1653	40211	8	7	0	0	0	0	0	0	0	0	0
A	AG	4	87	9	1	BA1653	40270	7	0	0	0	0	0	0	0	1	0	0
A	AG	4	87	9	1	BA1653	40275	7	8	2	0	1	0	0	0	0	0	0
A	AG	4	87	9	1	BA1653	40278	8	0	0	0	0	0	0	0	1	0	0
A	AG	4	87	9	1	BA1653	40285	8	7	0	0	0	0	0	0	0	0	0
A	AG	4	87	9	1	BA1653	40289	7	8	2	0	1	0	0	0	0	0	0
A	AG	4	87	9	1	BA1653	40294	8	0	0	0	0	0	0	0	1	0	0
A	AG	4	87	9	1	BA1653	40299	8	7	0	0	1	0	0	0	0	0	0
A	AG	4	87	9	1	BA1653	40362	7	0	0	0	0	0	0	0	1	0	0
A	AG	4	87	9	1	BA1653	40401	7	8	2	0	1	0	0	0	0	0	0
A	AG	4	87	9	1	BA1653	40411	8	7	0	0	0	0	0	0	0	0	0
A	AG	4	87	9	1	BA1653	40454	7	0	0	0	0	0	0	0	1	0	0
A	AG	4	87	9	1	BA1653	40532	7	8	2	0	1	0	0	0	0	0	0
A	AG	4	87	9	1	BA1653	40542	8	7	0	0	0	0	0	0	0	0	0
A	AG	4	87	9	1	BA1653	40594	7	0	0	0	0	0	0	0	1	0	0
A	AG	4	87	9	1	BA1653	40615	7	8	2	0	1	0	0	0	0	0	0
A	AG	4	87	9	1	BA1653	40622	8	0	0	0	0	0	0	0	1	0	0
A	AG	4	87	9	1	BA1653	40625	8	7	0	0	1	0	0	0	0	0	0
A	AG	4	87	9	1	BA1653	40651	7	0	0	0	0	0	0	0	1	0	0
A	AG	4	87	9	1	BA1653	40712	7	8	2	0	1	0	0	0	0	0	0
A	AG	4	87	9	1	BA1653	40722	8	7	0	0	0	0	0	0	0	0	0
A	AG	4	87	9	1	BA1653	40751	7	0	0	0	0	0	0	0	1	0	0
A	AG	4	87	9	1	BA1653	40792	7	8	2	0	1	0	0	0	0	0	0
A	AG	4	87	9	1	BA1653	40802	8	7	0	0	0	0	0	0	0	0	0
A	AG	4	87	9	1	BA1653	40831	7	0	0	0	0	0	0	0	1	0	0
A	AG	4	87	9	1	BA1653	40892	7	8	2	0	1	0	0	0	0	0	0
A	AG	4	87	9	1	BA1653	40902	8	9	0	0	0	0	0	0	0	0	0
A	AG	4	87	9	1	BA1653	40912	9	10	0	0	0	0	0	0	0	0	0
A	AG	4	87	9	1	BA1653	40917	10	0	0	0	0	0	0	0	1	0	0
A	AG	4	87	9	1	BA1653	40987	10	2	0	0	0	0	0	0	0	0	0
A	AG	4	87	9	1	BA1653	40988	2	3	0	0	0	0	0	0	0	0	0
A	AG	4	87	9	1	BA1653	41219	3	5	1	1	0	0	0	0	0	0	0
A	AG	4	87	9	1	BA1653	41229	5	4	0	0	0	0	0	0	0	0	0
A	AG	4	87	9	1	BA1653	41245	4	0	0	0	0	0	0	1	0	0	0
A	AG	4	87	9	1	BA1653	41285	4	5	1	1	0	0	0	0	0	0	0
A	AG	4	87	9	1	BA1653	41295	5	4	0	0	0	0	0	0	0	0	0
A	AG	4	87	9	1	BA1653	41297	4	0	0	0	0	0	0	1	0	0	0
A	AG	4	87	9	1	BA1653	41400	4	5	1	1	0	0	0	0	0	0	0
A	AG	4	87	9	1	BA1653	41410	5	4	0	0	0	0	0	0	0	0	0
A	AG	4	87	9	1	BA1653	41451	4	0	0	0	0	0	0	1	0	0	0
A	AG	4	87	9	1	BA1653	41559	4	5	1	1	0	0	0	0	0	0	0
A	AG	4	87	9	1	BA1653	41569	5	4	0	0	0	0	0	0	0	0	0
A	AG	4	87	9	1	BA1653	41605	4	0	0	0	0	0	0	1	0	0	0
A	AG	4	87	9	1	BA1653	41628	4	5	1	1	0	0	0	0	0	0	0
A	AG	4	87	9	1	BA1653	41638	5	9	0	0	0	0	0	0	0	0	0
A	AG	4	87	9	1	BA1653	41648	9	10	0	0	0	0	0	0	0	0	0
A	AG	4	87	9	1	BA1653	41651	10	0	0	0	0	0	0	1	0	0	0
A	AG	4	87	9	1	BA1653	41723	10	2	0	0	0	0	0	0	0	0	0
A	AG	4	87	9	1	BA1653	41724	2	3	0	0	0	0	0	0	0	0	0
A	AG	4	87	9	1	BA1653	41855	3	5	1	1	0	0	0	0	0	0	0
A	AG	4	87	9	1	BA1653	41865	5	4	0	0	0	0	0	0	0	0	0
A	AG	4	87	9	1	BA1653	41912	4	0	0	0	0	0	0	1	0	0	0
A	AG	4	87	9	1	BA1653	41928	4	5	1	1	0	0	0	0	0	0	0
A	AG	4	87	9	1	BA1653	41938	5	4	0	0	0	0	0	0	0	0	0
A	AG	4	87	9	1	BA1653	41962	4	0	0	0	0	0	0	1	0	0	0
A	AG	4	87	9	1	BA1653	42021	4	5	1	1	0	0	0	0	0	0	0
A	AG	4	87	9	1	BA1653	42031	5	4	0	0	0	0	0	0	0	0	0
A	AG	4	87	9	1	BA1653	42094	4	0	0	0	0	0	0	1	0	0	0
A	AG	4	87	9	1	BA1653	42184	4	5	1	1	0	0	0	0	0	0	0
A	AG	4	87	9	1	BA1653	42194	5	4	0	0	0	0	0	0	0	0	0
A	AG	4	87	9	1	BA1653	42208	4	0	0	0	0	0	0	1	0	0	0
A	AG	4	87	9	1	BA1653	42225	4	5	1	1	0	0	0	0	0	0	0
A	AG	4	87	9	1	BA1653	42235	5	9	0	0	0	0	0	0	0	0	0
A	AG	4	87	9	1	BA1653	42245	9	10	0	0	0	0	0	0	0	0	0
A	AG	4	87	9	1	BA1653	42248	10	0	0	0	0	0	0	1	0	0	0
A	AG	4	87	9	1	BA1653	42320	10	2	0	0	0	0	0	0	0	0	0
A	AG	4	87	9	1	BA1653	42321	2	3	0	0	0	0	0	0	0	0	0
A	AG	4	87	9	1	BA1653	42472	3	5	1	1	0	0	0	0	0	0	0
A	AG	4	87	9	1	BA1653	42482	5	4	0	0	0	0	0	0	0	0	0
A	AG	4	87	9	1	BA1653	42540	4	0	0	0	0	0	0	1	0	0	0
A	AG	4	87	9	1	BA1653	42566	4	5	1	1	0	0	0	0	0	0	0
A	AG	4	87	9	1	BA1653	42576	5	4	0	0	0	0	0	0	0	0	0
A	AG	4	87	9	1	BA1653	42596	4	0	0	0	0	0	0	1	0	0	0
A	AG	4	87	9	1	BA1653	42610	4	5	1	1	0	0	0	0	0	0	0
A	AG	4	87	9	1	BA1653	42620	5	4	0	0	0	0	0	0	0	0	0
A	AG	4	87	9	1	BA1653	42841	4	0	0	0	0	0	0	1	0	0	0
A	AG	4	87	9	1	BA1653	42904	4	5	1	1	0	0	0	0	0	0	0
A	AG	4	87	9	1	BA1653	42914	5	4	0	0	0	0	0	0	0	0	0
A	AG	4	87	9	1	BA1653	42940	4	0	0	0	0	0	0	1	0	0	0
A	AG	4	87	9	1	BA1653	42946	4	5	1	1	0	0	0	0	0	0	0
A	AG	4	87	9	1	BA1653	42956	5	9	0	0	0	0	0	0	0	0	0
A	AG	4	87	9	1	BA1653	42966	9	10	0	0	0	0	0	0	0	0	0
A	AG	4	87	9	1	BA1653	42969	10	0	0	0	0	0	0	1	0	0	0
A	AG	4	87	9	1	BA1653	43041	10	2	0	0	0	0	0	0	0	0	0
A	AG	4	87	9	1	BA1653	43042	2	6	0	0	0	0	0	0	0	0	0
A	AG	4	87	9	1	BA1653	43389	6	0	0	1	0	0	0	0	0	0	0
A	AG	4	87	9	1	BA1653	43542	6	0	0	0	0	0	0	1	0	0	0
A	AG	4	87	9	1	BA1653	44851	6	8	2	0	1	0	0	0	0	0	0
A	AG	4	87	9	1	BA1653	44861	8	7	0	0	0	0	0	0	0	0	0
A	AG	4	87	9	1	BA1653	44884	7	0	0	0	0	0	0	0	1	0	0
A	AG	4	87	9	1	BA1653	45085	7	8	2	0	1	0	0	0	0	0	0
A	AG	4	87	9	1	BA1653	45089	8	0	0	0	0	0	0	0	1	0	0
A	AG	4	87	9	1	BA1653	45095	8	7	0	0	0	0	0	0	0	0	0
A	AG	4	87	9	1	BA1653	45097	7	8	2	0	1	0	0	0	0	0	0
A	AG	4	87	9	1	BA1653	45107	8	7	0	0	0	0	0	0	0	0	0
A	AG	4	87	9	1	BA1653	45129	7	0	0	0	0	0	0	0	1	0	0
A	AG	4	87	9	1	BA1653	45344	7	8	2	0	1	0	0	0	0	0	0
A	AG	4	87	9	1	BA1653	45354	8	7	0	0	0	0	0	0	0	0	0
A	AG	4	87	9	1	BA1653	45372	7	0	0	0	0	0	0	0	1	0	0
A	AG	4	87	9	1	BA1653	45441	7	8	2	0	1	0	0	0	0	0	0
A	AG	4	87	9	1	BA1653	45451	8	7	0	0	0	0	0	0	0	0	0
A	AG	4	87	9	1	BA1653	45490	7	0	0	0	0	0	0	0	1	0	0
A	AG	4	87	9	1	BA1653	45494	7	8	2	0	1	0	0	0	0	0	0
A	AG	4	87	9	1	BA1653	45496	8	0	0	0	0	0	0	0	1	0	0
A	AG	4	87	9	1	BA1653	45498	8	0	0	0	1	0	0	0	0	0	0
A	AG	4	87	9	1	BA1653	45504	8	7	0	0	0	0	0	0	1	0	0
A	AG	4	87	9	1	BA1653	45505	7	8	2	0	1	0	0	0	0	0	0
A	AG	4	87	9	1	BA1653	45515	8	7	0	0	0	0	0	0	0	0	0
A	AG	4	87	9	1	BA1653	45523	7	0	0	0	0	0	0	0	1	0	0
A	AG	4	87	9	1	BA1653	45608	7	8	2	0	1	0	0	0	0	0	0
A	AG	4	87	9	1	BA1653	45618	8	7	0	0	0	0	0	0	0	0	0
A	AG	4	87	9	1	BA1653	45655	7	0	0	0	0	0	0	0	1	0	0
A	AG	4	87	9	1	BA1653	45718	7	8	2	0	1	0	0	0	0	0	0
A	AG	4	87	9	1	BA1653	45721	8	0	0	0	0	0	0	0	1	0	0
A	AG	4	87	9	1	BA1653	45724	8	0	0	0	1	0	0	0	0	0	0
A	AG	4	87	9	1	BA1653	45728	8	7	0	0	0	0	0	0	0	0	0
A	AG	4	87	9	1	BA1653	45739	7	0	0	0	0	0	0	0	1	0	0
A	AG	4	87	9	1	BA1653	45959	7	8	2	0	1	0	0	0	0	0	0
A	AG	4	87	9	1	BA1653	45969	8	7	0	0	0	0	0	0	0	0	0
A	AG	4	87	9	1	BA1653	45990	7	0	0	0	0	0	0	0	1	0	0
A	AG	4	87	9	1	BA1653	46030	7	8	2	0	1	0	0	0	0	0	0
A	AG	4	87	9	1	BA1653	46040	8	7	0	0	0	0	0	0	0	0	0
A	AG	4	87	9	1	BA1653	46066	7	0	0	0	0	0	0	0	1	0	0
A	AG	4	87	9	1	BA1653	46125	7	8	2	0	1	0	0	0	0	0	0
A	AG	4	87	9	1	BA1653	46135	8	7	0	0	0	0	0	0	0	0	0
A	AG	4	87	9	1	BA1653	46199	7	0	0	0	0	0	0	0	1	0	0
A	AG	4	87	9	1	BA1653	46203	7	8	2	0	1	0	0	0	0	0	0
A	AG	4	87	9	1	BA1653	46206	8	0	0	0	0	0	0	0	1	0	0
A	AG	4	87	9	1	BA1653	46213	8	7	0	0	0	0	0	0	0	0	0
A	AG	4	87	9	1	BA1653	46214	7	8	2	0	1	0	0	0	0	0	0
A	AG	4	87	9	1	BA1653	46222	8	0	0	0	0	0	0	0	1	0	0
A	AG	4	87	9	1	BA1653	46224	8	7	0	0	0	0	0	0	0	0	0
A	AG	4	87	9	1	BA1653	46233	7	8	2	0	1	0	0	0	0	0	0
A	AG	4	87	9	1	BA1653	46243	8	7	0	0	0	0	0	0	0	0	0
A	AG	4	87	9	1	BA1653	46260	7	0	0	0	0	0	0	0	1	0	0
A	AG	4	87	9	1	BA1653	46346	7	8	2	0	1	0	0	0	0	0	0
A	AG	4	87	9	1	BA1653	46356	8	7	0	0	0	0	0	0	0	0	0
A	AG	4	87	9	1	BA1653	46372	7	0	0	0	0	0	0	0	1	0	0
A	AG	4	87	9	1	BA1653	46379	7	8	2	0	1	0	0	0	0	0	0
A	AG	4	87	9	1	BA1653	46389	8	7	0	0	0	0	0	0	0	0	0
A	AG	4	87	9	1	BA1653	46395	7	0	0	0	0	0	0	0	1	0	0
A	AG	4	87	9	1	BA1653	46397	7	8	2	0	1	0	0	0	0	0	0
A	AG	4	87	9	1	BA1653	46407	8	7	0	0	0	0	0	0	0	0	0
A	AG	4	87	9	1	BA1653	46411	7	0	0	0	0	0	0	0	1	0	0
A	AG	4	87	9	1	BA1653	46532	7	8	2	0	1	0	0	0	0	0	0
A	AG	4	87	9	1	BA1653	46542	8	7	0	0	0	0	0	0	0	0	0
A	AG	4	87	9	1	BA1653	46580	7	0	0	0	0	0	0	0	1	0	0
A	AG	4	87	9	1	BA1653	46594	7	8	2	0	1	0	0	0	0	0	0
A	AG	4	87	9	1	BA1653	46604	8	9	0	0	0	0	0	0	0	0	0
A	AG	4	87	9	1	BA1653	46614	9	10	0	0	0	0	0	0	1	0	0
A	AG	4	87	9	1	BA1653	46689	10	2	0	0	0	0	0	0	0	0	0
A	AG	4	87	9	1	BA1653	46690	2	6	0	0	0	0	0	0	0	0	0
A	AG	4	87	9	1	BA1653	47020	6	8	2	0	1	0	0	0	0	0	0
A	AG	4	87	9	1	BA1653	47027	8	0	0	0	0	0	0	0	1	0	0
A	AG	4	87	9	1	BA1653	47029	8	0	0	0	1	0	0	0	0	0	0
A	AG	4	87	9	1	BA1653	47030	8	7	0	0	0	0	0	0	0	0	0
A	AG	4	87	9	1	BA1653	47031	7	0	0	0	0	0	0	0	1	0	0
A	AG	4	87	9	1	BA1653	47051	7	8	2	0	1	0	0	0	0	0	0
A	AG	4	87	9	1	BA1653	47061	8	7	0	0	0	0	0	0	0	0	0
A	AG	4	87	9	1	BA1653	47066	7	0	0	0	0	0	0	0	1	0	0
A	AG	4	87	9	1	BA1653	47114	7	8	2	0	1	0	0	0	0	0	0
A	AG	4	87	9	1	BA1653	47119	8	0	0	0	0	0	0	0	1	0	0
A	AG	4	87	9	1	BA1653	47120	8	0	0	0	1	0	0	0	0	0	0
A	AG	4	87	9	1	BA1653	47124	8	7	0	0	0	0	0	0	0	0	0
A	AG	4	87	9	1	BA1653	47128	7	0	0	0	0	0	0	0	1	0	0
A	AG	4	87	9	1	BA1653	47154	7	8	2	0	1	0	0	0	0	0	0
A	AG	4	87	9	1	BA1653	47161	8	0	0	0	0	0	0	0	1	0	0
A	AG	4	87	9	1	BA1653	47164	8	7	0	0	0	0	0	0	0	0	0
A	AG	4	87	9	1	BA1653	47174	7	8	2	0	1	0	0	0	0	0	0
A	AG	4	87	9	1	BA1653	47184	8	7	0	0	0	0	0	0	0	0	0
A	AG	4	87	9	1	BA1653	47186	7	0	0	0	0	0	0	0	1	0	0
A	AG	4	87	9	1	BA1653	47190	7	8	2	0	1	0	0	0	0	0	0
A	AG	4	87	9	1	BA1653	47195	8	0	0	0	0	0	0	0	1	0	0
A	AG	4	87	9	1	BA1653	47200	8	7	0	0	0	0	0	0	0	0	0
A	AG	4	87	9	1	BA1653	47247	7	8	2	0	1	0	0	0	0	0	0
A	AG	4	87	9	1	BA1653	47257	8	7	0	0	0	0	0	0	0	0	0
A	AG	4	87	9	1	BA1653	47277	7	0	0	0	0	0	0	0	1	0	0
A	AG	4	87	9	1	BA1653	47280	7	8	2	0	1	0	0	0	0	0	0
A	AG	4	87	9	1	BA1653	47283	8	0	0	0	0	0	0	0	1	0	0
A	AG	4	87	9	1	BA1653	47290	8	7	0	0	0	0	0	0	0	0	0
A	AG	4	87	9	1	BA1653	47341	7	8	2	0	1	0	0	0	0	0	0
A	AG	4	87	9	1	BA1653	47351	8	7	0	0	0	0	0	0	0	0	0
A	AG	4	87	9	1	BA1653	47362	7	0	0	0	0	0	0	0	1	0	0
A	AG	4	87	9	1	BA1653	47367	7	8	2	0	1	0	0	0	0	0	0
A	AG	4	87	9	1	BA1653	47377	8	7	0	0	0	0	0	0	0	0	0
A	AG	4	87	9	1	BA1653	47409	7	0	0	0	0	0	0	0	1	0	0
A	AG	4	87	9	1	BA1653	47410	7	8	2	0	1	0	0	0	0	0	0
A	AG	4	87	9	1	BA1653	47420	8	7	0	0	0	0	0	0	0	0	0
A	AG	4	87	9	1	BA1653	47471	7	0	0	0	0	0	0	0	1	0	0
A	AG	4	87	9	1	BA1653	47526	7	8	2	0	1	0	0	0	0	0	0
A	AG	4	87	9	1	BA1653	47536	8	7	0	0	0	0	0	0	0	0	0
A	AG	4	87	9	1	BA1653	47558	7	0	0	0	0	0	0	0	1	0	0
A	AG	4	87	9	1	BA1653	47652	7	8	2	0	1	0	0	0	0	0	0
A	AG	4	87	9	1	BA1653	47662	8	7	0	0	0	0	0	0	0	0	0
A	AG	4	87	9	1	BA1653	47697	7	0	0	0	0	0	0	0	1	0	0
A	AG	4	87	9	1	BA1653	47714	7	8	2	0	1	0	0	0	0	0	0
A	AG	4	87	9	1	BA1653	47716	8	0	0	0	0	0	0	0	1	0	0
A	AG	4	87	9	1	BA1653	47723	8	0	0	0	1	0	0	0	0	0	0
A	AG	4	87	9	1	BA1653	47724	8	7	0	0	0	0	0	0	0	0	0
A	AG	4	87	9	1	BA1653	47738	7	0	0	0	0	0	0	0	1	0	0
A	AG	4	87	9	1	BA1653	47747	7	8	2	0	1	0	0	0	0	0	0
A	AG	4	87	9	1	BA1653	47757	8	7	0	0	0	0	0	0	0	0	0
A	AG	4	87	9	1	BA1653	47773	7	0	0	0	0	0	0	0	1	0	0
A	AG	4	87	9	1	BA1653	47783	7	8	2	0	1	0	0	0	0	0	0
A	AG	4	87	9	1	BA1653	47789	8	0	0	0	0	0	0	0	1	0	0
A	AG	4	87	9	1	BA1653	47793	8	7	0	0	0	0	0	0	0	0	0
A	AG	4	87	9	1	BA1653	47855	7	8	2	0	1	0	0	0	0	0	0
A	AG	4	87	9	1	BA1653	47865	8	7	0	0	0	0	0	0	0	0	0
A	AG	4	87	9	1	BA1653	47977	7	0	0	0	0	0	0	0	1	0	0
A	AG	4	87	9	1	BA1653	48023	7	8	2	0	1	0	0	0	0	0	0
A	AG	4	87	9	1	BA1653	48033	8	7	0	0	0	0	0	0	0	0	0
A	AG	4	87	9	1	BA1653	48052	7	0	0	0	0	0	0	0	1	0	0
A	AG	4	87	9	1	BA1653	48053	7	8	2	0	1	0	0	0	0	0	0
A	AG	4	87	9	1	BA1653	48062	8	0	0	0	0	0	0	0	1	0	0
A	AG	4	87	9	1	BA1653	48063	8	7	0	0	0	0	0	0	0	0	0
A	AG	4	87	9	1	BA1653	48071	7	8	2	0	1	0	0	0	0	0	0
A	AG	4	87	9	1	BA1653	48081	8	9	0	0	0	0	0	0	0	0	0
A	AG	4	87	9	1	BA1653	48082	9	0	0	0	0	0	0	0	1	0	0
A	AG	4	87	9	1	BA1653	48084	9	0	0	0	1	0	0	0	0	0	0
A	AG	4	87	9	1	BA1653	48091	9	10	0	0	0	0	0	0	0	0	0
A	AG	4	87	9	1	BA1653	48096	10	0	0	0	0	0	0	0	1	0	0
A	AG	4	87	9	1	BA1653	48166	10	2	0	0	0	0	0	0	0	0	0
A	AG	4	87	9	1	BA1653	48167	2	6	0	0	0	0	0	0	0	0	0
A	AG	4	87	9	1	BA1653	48587	6	0	0	1	0	0	0	0	0	0	0
A	AG	4	87	9	1	BA1653	48644	6	0	0	0	0	0	0	1	0	0	0
A	AG	4	87	9	1	BA1653	48721	6	0	0	1	0	0	0	0	0	0	0
A	AG	4	87	9	1	BA1653	48761	6	0	0	0	0	0	0	1	0	0	0
A	AG	4	87	9	1	BA1653	48797	6	0	0	1	0	0	0	0	0	0	0
A	AG	4	87	9	1	BA1653	48841	6	0	0	0	0	0	0	1	0	0	0
A	AG	4	87	9	1	BA1653	48869	6	0	0	1	0	0	0	0	0	0	0
A	AG	4	87	9	1	BA1653	48876	6	0	0	0	0	0	0	1	0	0	0
A	AG	4	87	9	1	BA1653	48891	6	0	0	1	0	0	0	0	0	0	0
A	AG	4	87	9	1	BA1653	48939	6	0	0	0	0	0	0	1	0	0	0
A	AG	4	87	9	1	BA1653	49003	6	0	0	1	0	0	0	0	0	0	0
A	AG	4	87	9	1	BA1653	49041	6	0	0	0	0	0	0	1	0	0	0
A	AG	4	87	9	1	BA1653	49056	6	0	0	1	0	0	0	0	0	0	0
A	AG	4	87	9	1	BA1653	49168	6	0	0	0	0	0	0	1	0	0	0
A	AG	4	87	9	1	BA1653	49178	6	0	0	1	0	0	0	0	0	0	0
A	AG	4	87	9	1	BA1653	49186	6	0	0	0	0	0	0	1	0	0	0
A	AG	4	87	9	1	BA1653	49197	6	0	0	1	0	0	0	0	0	0	0
A	AG	4	87	9	1	BA1653	49251	6	0	0	0	0	0	0	1	0	0	0
A	AG	4	87	9	1	BA1653	49321	6	0	0	1	0	0	0	0	0	0	0
A	AG	4	87	9	1	BA1653	49379	6	0	0	0	0	0	0	1	0	0	0
A	AG	4	87	9	1	BA1653	49444	6	0	0	1	0	0	0	0	0	0	0
A	AG	4	87	9	1	BA1653	49494	6	0	0	0	0	0	0	1	0	0	0
A	AG	4	87	9	1	BA1653	49519	6	0	0	1	0	0	0	0	0	0	0
A	AG	4	87	9	1	BA1653	49581	6	0	0	0	0	0	0	1	0	0	0
A	AG	4	87	9	1	BA1653	49793	6	8	2	0	1	0	0	0	0	0	0
A	AG	4	87	9	1	BA1653	49803	8	7	0	0	0	0	0	0	0	0	0
A	AG	4	87	9	1	BA1653	49820	7	0	0	0	0	0	0	0	1	0	0
A	AG	4	87	9	1	BA1653	49824	7	8	2	0	1	0	0	0	0	0	0
A	AG	4	87	9	1	BA1653	49834	8	7	0	0	0	0	0	0	0	0	0
A	AG	4	87	9	1	BA1653	49839	7	0	0	0	0	0	0	0	1	0	0
A	AG	4	87	9	1	BA1653	49934	7	8	2	0	1	0	0	0	0	0	0
A	AG	4	87	9	1	BA1653	49944	8	7	0	0	0	0	0	0	0	0	0
A	AG	4	87	9	1	BA1653	49977	7	0	0	0	0	0	0	0	1	0	0
A	AG	4	87	9	1	BA1653	49982	7	8	2	0	1	0	0	0	0	0	0
A	AG	4	87	9	1	BA1653	49985	8	0	0	0	0	0	0	0	1	0	0
A	AG	4	87	9	1	BA1653	49992	8	7	0	0	0	0	0	0	0	0	0
A	AG	4	87	9	1	BA1653	50000	7	8	2	0	1	0	0	0	0	0	0
A	AG	4	87	9	1	BA1653	50003	8	0	0	0	0	0	0	0	1	0	0
A	AG	4	87	9	1	BA1653	50010	8	7	0	0	0	0	0	0	0	0	0
A	AG	4	87	9	1	BA1653	50015	7	8	2	0	1	0	0	0	0	0	0
A	AG	4	87	9	1	BA1653	50018	8	0	0	0	0	0	0	0	1	0	0
A	AG	4	87	9	1	BA1653	50025	8	7	0	0	0	0	0	0	0	0	0
A	AG	4	87	9	1	BA1653	50039	7	8	2	0	1	0	0	0	0	0	0
A	AG	4	87	9	1	BA1653	50041	8	0	0	0	0	0	0	0	1	0	0
A	AG	4	87	9	1	BA1653	50045	8	0	0	0	1	0	0	0	0	0	0
A	AG	4	87	9	1	BA1653	50049	8	7	0	0	0	0	0	0	0	0	0
A	AG	4	87	9	1	BA1653	50059	7	0	0	0	0	0	0	0	1	0	0
A	AG	4	87	9	1	BA1653	50065	7	8	2	0	1	0	0	0	0	0	0
A	AG	4	87	9	1	BA1653	50075	8	7	0	0	0	0	0	0	0	0	0
A	AG	4	87	9	1	BA1653	50087	7	0	0	0	0	0	0	0	1	0	0
A	AG	4	87	9	1	BA1653	50140	7	8	2	0	1	0	0	0	0	0	0
A	AG	4	87	9	1	BA1653	50150	8	7	0	0	0	0	0	0	0	0	0
A	AG	4	87	9	1	BA1653	50218	7	0	0	0	0	0	0	0	1	0	0
A	AG	4	87	9	1	BA1653	50221	7	8	2	0	1	0	0	0	0	0	0
A	AG	4	87	9	1	BA1653	50231	8	7	0	0	0	0	0	0	1	0	0
A	AG	4	87	9	1	BA1653	50237	7	8	2	0	1	0	0	0	0	0	0
A	AG	4	87	9	1	BA1653	50247	8	7	0	0	0	0	0	0	0	0	0
A	AG	4	87	9	1	BA1653	50257	7	0	0	0	0	0	0	0	1	0	0
A	AG	4	87	9	1	BA1653	50264	7	8	2	0	1	0	0	0	0	0	0
A	AG	4	87	9	1	BA1653	50274	8	7	0	0	0	0	0	0	0	0	0
A	AG	4	87	9	1	BA1653	50307	7	0	0	0	0	0	0	0	1	0	0
A	AG	4	87	9	1	BA1653	50333	7	8	2	0	1	0	0	0	0	0	0
A	AG	4	87	9	1	BA1653	50335	8	0	0	0	0	0	0	0	1	0	0
A	AG	4	87	9	1	BA1653	50339	8	0	0	0	1	0	0	0	0	0	0
A	AG	4	87	9	1	BA1653	50343	8	7	0	0	0	0	0	0	0	0	0
A	AG	4	87	9	1	BA1653	50365	7	0	0	0	0	0	0	0	1	0	0
A	AG	4	87	9	1	BA1653	50457	7	8	2	0	1	0	0	0	0	0	0
A	AG	4	87	9	1	BA1653	50467	8	7	0	0	0	0	0	0	0	0	0
A	AG	4	87	9	1	BA1653	50487	7	0	0	0	0	0	0	0	1	0	0
A	AG	4	87	9	1	BA1653	50489	7	8	2	0	1	0	0	0	0	0	0
A	AG	4	87	9	1	BA1653	50499	8	7	0	0	0	0	0	0	0	0	0
A	AG	4	87	9	1	BA1653	50544	7	0	0	0	0	0	0	0	1	0	0
A	AG	4	87	9	1	BA1653	50547	7	8	2	0	1	0	0	0	0	0	0
A	AG	4	87	9	1	BA1653	50557	8	7	0	0	0	0	0	0	0	0	0
A	AG	4	87	9	1	BA1653	50567	7	0	0	0	0	0	0	0	1	0	0
A	AG	4	87	9	1	BA1653	50698	7	8	2	0	1	0	0	0	0	0	0
A	AG	4	87	9	1	BA1653	50708	8	7	0	0	0	0	0	0	0	0	0
A	AG	4	87	9	1	BA1653	50750	7	0	0	0	0	0	0	0	1	0	0
A	AG	4	87	9	1	BA1653	50760	7	8	2	0	1	0	0	0	0	0	0
A	AG	4	87	9	1	BA1653	50770	8	7	0	0	0	0	0	0	0	0	0
A	AG	4	87	9	1	BA1653	50795	7	0	0	0	0	0	0	0	1	0	0
A	AG	4	87	9	1	BA1653	50823	7	8	2	0	1	0	0	0	0	0	0
A	AG	4	87	9	1	BA1653	50833	8	7	0	0	0	0	0	0	0	0	0
A	AG	4	87	9	1	BA1653	50834	7	0	0	0	0	0	0	0	1	0	0
A	AG	4	87	9	1	BA1653	50842	7	8	2	0	1	0	0	0	0	0	0
A	AG	4	87	9	1	BA1653	50846	8	0	0	0	0	0	0	0	1	0	0
A	AG	4	87	9	1	BA1653	50852	8	9	0	0	1	0	0	0	0	0	0
A	AG	4	87	9	1	BA1653	50855	9	0	0	0	0	0	0	0	1	0	0
A	AG	4	87	9	1	BA1653	50862	9	10	0	0	0	0	0	0	0	0	0
A	AG	4	87	9	1	BA1653	50937	10	2	0	0	0	0	0	0	0	0	0
A	AG	4	87	9	1	BA1653	50938	2	3	0	0	0	0	0	0	0	0	0
A	AG	4	87	9	1	BA1653	51222	3	5	1	1	0	0	0	0	0	0	0
A	AG	4	87	9	1	BA1653	51232	5	4	0	0	0	0	0	0	0	0	0
A	AG	4	87	9	1	BA1653	51256	4	0	0	0	0	0	0	1	0	0	0
A	AG	4	87	9	1	BA1653	51315	4	5	1	1	0	0	0	0	0	0	0
A	AG	4	87	9	1	BA1653	51325	5	4	0	0	0	0	0	0	0	0	0
A	AG	4	87	9	1	BA1653	51348	4	0	0	0	0	0	0	1	0	0	0
A	AG	4	87	9	1	BA1653	51382	4	5	1	1	0	0	0	0	0	0	0
A	AG	4	87	9	1	BA1653	51392	5	4	0	0	0	0	0	0	0	0	0
A	AG	4	87	9	1	BA1653	51414	4	0	0	0	0	0	0	1	0	0	0
A	AG	4	87	9	1	BA1653	51429	4	5	1	1	0	0	0	0	0	0	0
A	AG	4	87	9	1	BA1653	51439	5	4	0	0	0	0	0	0	0	0	0
A	AG	4	87	9	1	BA1653	51504	4	0	0	0	0	0	0	1	0	0	0
A	AG	4	87	9	1	BA1653	51565	4	5	1	1	0	0	0	0	0	0	0
A	AG	4	87	9	1	BA1653	51575	5	9	0	0	0	0	0	0	0	0	0
A	AG	4	87	9	1	BA1653	51585	9	10	0	0	0	0	0	0	0	0	0
A	AG	4	87	9	1	BA1653	51589	10	0	0	0	0	0	0	1	0	0	0
A	AG	4	87	9	1	BA1653	51660	10	2	0	0	0	0	0	0	0	0	0
A	AG	4	87	9	1	BA1653	51661	2	3	0	0	0	0	0	0	0	0	0
A	AG	4	87	9	1	BA1653	51777	3	5	1	1	0	0	0	0	0	0	0
A	AG	4	87	9	1	BA1653	51787	5	4	0	0	0	0	0	0	0	0	0
A	AG	4	87	9	1	BA1653	51840	4	0	0	0	0	0	0	1	0	0	0
A	AG	4	87	9	1	BA1653	51889	4	5	1	1	0	0	0	0	0	0	0
A	AG	4	87	9	1	BA1653	51899	5	4	0	0	0	0	0	0	0	0	0
A	AG	4	87	9	1	BA1653	51912	4	0	0	0	0	0	0	1	0	0	0
A	AG	4	87	9	1	BA1653	51946	4	5	1	1	0	0	0	0	0	0	0
A	AG	4	87	9	1	BA1653	51956	5	4	0	0	0	0	0	0	0	0	0
A	AG	4	87	9	1	BA1653	51978	4	0	0	0	0	0	0	1	0	0	0
A	AG	4	87	9	1	BA1653	51990	4	5	1	1	0	0	0	0	0	0	0
A	AG	4	87	9	1	BA1653	52000	5	4	0	0	0	0	0	0	0	0	0
A	AG	4	87	9	1	BA1653	52063	4	0	0	0	0	0	0	1	0	0	0
A	AG	4	87	9	1	BA1653	52131	4	5	1	1	0	0	0	0	0	0	0
A	AG	4	87	9	1	BA1653	52141	5	9	0	0	0	0	0	0	0	0	0
A	AG	4	87	9	1	BA1653	52151	9	10	0	0	0	0	0	0	0	0	0
A	AG	4	87	9	1	BA1653	52154	10	0	0	0	0	0	0	1	0	0	0
A	AG	4	87	9	1	BA1653	52226	10	2	0	0	0	0	0	0	0	0	0
A	AG	4	87	9	1	BA1653	52227	2	3	0	0	0	0	0	0	0	0	0
A	AG	4	87	9	1	BA1653	52375	3	5	1	1	0	0	0	0	0	0	0
A	AG	4	87	9	1	BA1653	52385	5	4	0	0	0	0	0	0	0	0	0
A	AG	4	87	9	1	BA1653	52407	4	0	0	0	0	0	0	1	0	0	0
A	AG	4	87	9	1	BA1653	52441	4	5	1	1	0	0	0	0	0	0	0
A	AG	4	87	9	1	BA1653	52451	5	4	0	0	0	0	0	0	0	0	0
A	AG	4	87	9	1	BA1653	52472	4	0	0	0	0	0	0	1	0	0	0
A	AG	4	87	9	1	BA1653	52487	4	5	1	1	0	0	0	0	0	0	0
A	AG	4	87	9	1	BA1653	52497	5	4	0	0	0	0	0	0	0	0	0
A	AG	4	87	9	1	BA1653	52563	4	0	0	0	0	0	0	1	0	0	0
A	AG	4	87	9	1	BA1653	52634	4	5	1	1	0	0	0	0	0	0	0
A	AG	4	87	9	1	BA1653	52644	5	4	0	0	0	0	0	0	0	0	0
A	AG	4	87	9	1	BA1653	52683	4	0	0	0	0	0	0	1	0	0	0
A	AG	4	87	9	1	BA1653	52709	4	5	1	1	0	0	0	0	0	0	0
A	AG	4	87	9	1	BA1653	52719	5	9	0	0	0	0	0	0	0	0	0
A	AG	4	87	9	1	BA1653	52729	9	10	0	0	0	0	0	0	0	0	0
A	AG	4	87	9	1	BA1653	52732	10	0	0	0	0	0	0	1	0	0	0
A	AG	4	87	9	1	BA1653	52804	10	2	0	0	0	0	0	0	0	0	0
A	AG	4	87	9	1	BA1653	52805	2	6	0	0	0	0	0	0	0	0	0
A	AG	4	87	9	1	BA1653	53012	6	0	0	1	0	0	0	0	0	0	0
A	AG	4	87	9	1	BA1653	53062	6	0	0	0	0	0	0	1	0	0	0
A	AG	4	87	9	1	BA1653	53155	6	0	0	1	0	0	0	0	0	0	0
A	AG	4	87	9	1	BA1653	53293	6	0	0	0	0	0	0	1	0	0	0
A	AG	4	87	9	1	BA1653	53952	6	8	2	0	1	0	0	0	0	0	0
A	AG	4	87	9	1	BA1653	53962	8	7	0	0	0	0	0	0	0	0	0
A	AG	4	87	9	1	BA1653	53967	7	0	0	0	0	0	0	0	1	0	0
A	AG	4	87	9	1	BA1653	53984	7	8	2	0	1	0	0	0	0	0	0
A	AG	4	87	9	1	BA1653	53986	8	0	0	0	0	0	0	0	1	0	0
A	AG	4	87	9	1	BA1653	53994	8	7	0	0	0	0	0	0	0	0	0
A	AG	4	87	9	1	BA1653	54189	7	8	2	0	1	0	0	0	0	0	0
A	AG	4	87	9	1	BA1653	54199	8	7	0	0	0	0	0	0	0	0	0
A	AG	4	87	9	1	BA1653	54213	7	0	0	0	0	0	0	0	1	0	0
A	AG	4	87	9	1	BA1653	54274	7	8	2	0	1	0	0	0	0	0	0
A	AG	4	87	9	1	BA1653	54284	8	7	0	0	0	0	0	0	0	0	0
A	AG	4	87	9	1	BA1653	54322	7	0	0	0	0	0	0	0	1	0	0
A	AG	4	87	9	1	BA1653	54401	7	8	2	0	1	0	0	0	0	0	0
A	AG	4	87	9	1	BA1653	54403	8	0	0	0	0	0	0	0	1	0	0
A	AG	4	87	9	1	BA1653	54405	8	0	0	0	1	0	0	0	0	0	0
A	AG	4	87	9	1	BA1653	54411	8	7	0	0	0	0	0	0	0	0	0
A	AG	4	87	9	1	BA1653	54439	7	0	0	0	0	0	0	0	1	0	0
A	AG	4	87	9	1	BA1653	54497	7	8	2	0	1	0	0	0	0	0	0
A	AG	4	87	9	1	BA1653	54507	8	7	0	0	0	0	0	0	0	0	0
A	AG	4	87	9	1	BA1653	54539	7	0	0	0	0	0	0	0	1	0	0
A	AG	4	87	9	1	BA1653	54586	7	8	2	0	1	0	0	0	0	0	0
A	AG	4	87	9	1	BA1653	54596	8	7	0	0	0	0	0	0	0	0	0
A	AG	4	87	9	1	BA1653	54636	7	0	0	0	0	0	0	0	1	0	0
A	AG	4	87	9	1	BA1653	54892	7	8	2	0	1	0	0	0	0	0	0
A	AG	4	87	9	1	BA1653	54902	8	7	0	0	0	0	0	0	0	0	0
A	AG	4	87	9	1	BA1653	54915	7	0	0	0	0	0	0	0	1	0	0
A	AG	4	87	9	1	BA1653	54948	7	8	2	0	1	0	0	0	0	0	0
A	AG	4	87	9	1	BA1653	54958	8	7	0	0	0	0	0	0	0	0	0
A	AG	4	87	9	1	BA1653	54976	7	0	0	0	0	0	0	0	1	0	0
A	AG	4	87	9	1	BA1653	54981	7	8	2	0	1	0	0	0	0	0	0
A	AG	4	87	9	1	BA1653	54991	8	7	0	0	0	0	0	0	0	0	0
A	AG	4	87	9	1	BA1653	55008	7	0	0	0	0	0	0	0	1	0	0
A	AG	4	87	9	1	BA1653	55064	7	8	2	0	1	0	0	0	0	0	0
A	AG	4	87	9	1	BA1653	55074	8	7	0	0	0	0	0	0	0	0	0
A	AG	4	87	9	1	BA1653	55145	7	0	0	0	0	0	0	0	1	0	0
A	AG	4	87	9	1	BA1653	55147	7	8	2	0	1	0	0	0	0	0	0
A	AG	4	87	9	1	BA1653	55157	8	7	0	0	0	0	0	0	0	0	0
A	AG	4	87	9	1	BA1653	55190	7	0	0	0	0	0	0	0	1	0	0
A	AG	4	87	9	1	BA1653	55225	7	8	2	0	1	0	0	0	0	0	0
A	AG	4	87	9	1	BA1653	55235	8	7	0	0	0	0	0	0	0	0	0
A	AG	4	87	9	1	BA1653	55240	7	0	0	0	0	0	0	0	1	0	0
A	AG	4	87	9	1	BA1653	55265	7	8	2	0	1	0	0	0	0	0	0
A	AG	4	87	9	1	BA1653	55275	8	7	0	0	0	0	0	0	0	0	0
A	AG	4	87	9	1	BA1653	55296	7	0	0	0	0	0	0	0	1	0	0
A	AG	4	87	9	1	BA1653	55368	7	8	2	0	1	0	0	0	0	0	0
A	AG	4	87	9	1	BA1653	55378	8	7	0	0	0	0	0	0	0	0	0
A	AG	4	87	9	1	BA1653	55423	7	0	0	0	0	0	0	0	1	0	0
A	AG	4	87	9	1	BA1653	55427	7	8	2	0	1	0	0	0	0	0	0
A	AG	4	87	9	1	BA1653	55437	8	7	0	0	0	0	0	0	0	0	0
A	AG	4	87	9	1	BA1653	55467	7	0	0	0	0	0	0	0	1	0	0
A	AG	4	87	9	1	BA1653	55546	7	8	2	0	1	0	0	0	0	0	0
A	AG	4	87	9	1	BA1653	55556	8	7	0	0	0	0	0	0	0	0	0
A	AG	4	87	9	1	BA1653	55576	7	0	0	0	0	0	0	0	1	0	0
A	AG	4	87	9	1	BA1653	55580	7	8	2	0	1	0	0	0	0	0	0
A	AG	4	87	9	1	BA1653	55590	8	7	0	0	0	0	0	0	0	0	0
A	AG	4	87	9	1	BA1653	55651	7	0	0	0	0	0	0	0	1	0	0
A	AG	4	87	9	1	BA1653	55654	7	8	2	0	1	0	0	0	0	0	0
A	AG	4	87	9	1	BA1653	55659	8	0	0	0	0	0	0	0	1	0	0
A	AG	4	87	9	1	BA1653	55664	8	7	0	0	0	0	0	0	0	0	0
A	AG	4	87	9	1	BA1653	55676	7	8	2	0	1	0	0	0	0	0	0
A	AG	4	87	9	1	BA1653	55686	8	9	0	0	0	0	0	0	0	0	0
A	AG	4	87	9	1	BA1653	55694	9	0	0	0	0	0	0	0	1	0	0
A	AG	4	87	9	1	BA1653	55696	9	10	0	0	0	0	0	0	0	0	0
A	AG	4	87	9	1	BA1653	55771	10	2	0	0	0	0	0	0	0	0	0
A	AG	4	87	9	1	BA1653	55772	2	3	0	0	0	0	0	0	0	0	0
A	AG	4	87	9	1	BA1653	56029	3	5	1	1	0	0	0	0	0	0	0
A	AG	4	87	9	1	BA1653	56039	5	4	0	0	0	0	0	0	0	0	0
A	AG	4	87	9	1	BA1653	56068	4	0	0	0	0	0	0	1	0	0	0
A	AG	4	87	9	1	BA1653	56085	4	5	1	1	0	0	0	0	0	0	0
A	AG	4	87	9	1	BA1653	56095	5	4	0	0	0	0	0	0	0	0	0
A	AG	4	87	9	1	BA1653	56097	4	0	0	0	0	0	0	1	0	0	0
A	AG	4	87	9	1	BA1653	56109	4	5	1	1	0	0	0	0	0	0	0
A	AG	4	87	9	1	BA1653	56119	5	4	0	0	0	0	0	0	0	0	0
A	AG	4	87	9	1	BA1653	56147	4	0	0	0	0	0	0	1	0	0	0
A	AG	4	87	9	1	BA1653	56211	4	5	1	1	0	0	0	0	0	0	0
A	AG	4	87	9	1	BA1653	56221	5	4	0	0	0	0	0	0	0	0	0
A	AG	4	87	9	1	BA1653	56249	4	0	0	0	0	0	0	1	0	0	0
A	AG	4	87	9	1	BA1653	56254	4	5	1	1	0	0	0	0	0	0	0
A	AG	4	87	9	1	BA1653	56264	5	9	0	0	0	0	0	0	0	0	0
A	AG	4	87	9	1	BA1653	56274	9	10	0	0	0	0	0	0	0	0	0
A	AG	4	87	9	1	BA1653	56277	10	0	0	0	0	0	0	1	0	0	0
A	AG	4	87	9	1	BA1653	56349	10	2	0	0	0	0	0	0	0	0	0
A	AG	4	87	9	1	BA1653	56350	2	6	0	0	0	0	0	0	0	0	0
A	AG	4	87	9	1	BA1653	56526	6	0	0	1	0	0	0	0	0	0	0
A	AG	4	87	9	1	BA1653	56567	6	0	0	0	0	0	0	1	0	0	0
A	AG	4	87	9	1	BA1653	57673	6	8	2	0	1	0	0	0	0	0	0
A	AG	4	87	9	1	BA1653	57677	8	0	0	0	0	0	0	0	1	0	0
A	AG	4	87	9	1	BA1653	57683	8	7	0	0	0	0	0	0	0	0	0
A	AG	4	87	9	1	BA1653	58013	7	0	0	1	0	0	0	0	0	0	0
A	AG	4	87	9	1	BA1653	58052	7	0	0	0	0	0	0	1	0	0	0
A	AG	4	87	9	1	BA1653	58222	7	8	2	0	1	0	0	0	0	0	0
A	AG	4	87	9	1	BA1653	58232	8	7	0	0	0	0	0	0	0	0	0
A	AG	4	87	9	1	BA1653	58265	7	0	0	0	0	0	0	0	1	0	0
A	AG	4	87	9	1	BA1653	58326	7	8	2	0	1	0	0	0	0	0	0
A	AG	4	87	9	1	BA1653	58336	8	7	0	0	0	0	0	0	0	0	0
A	AG	4	87	9	1	BA1653	58366	7	0	0	0	0	0	0	0	1	0	0
A	AG	4	87	9	1	BA1653	58441	7	8	2	0	1	0	0	0	0	0	0
A	AG	4	87	9	1	BA1653	58451	8	7	0	0	0	0	0	0	0	0	0
A	AG	4	87	9	1	BA1653	58468	7	0	0	0	0	0	0	0	1	0	0
A	AG	4	87	9	1	BA1653	58532	7	8	2	0	1	0	0	0	0	0	0
A	AG	4	87	9	1	BA1653	58542	8	7	0	0	0	0	0	0	0	0	0
A	AG	4	87	9	1	BA1653	58618	7	0	0	0	0	0	0	0	1	0	0
A	AG	4	87	9	1	BA1653	58661	7	8	2	0	1	0	0	0	0	0	0
A	AG	4	87	9	1	BA1653	58671	8	7	0	0	0	0	0	0	0	0	0
A	AG	4	87	9	1	BA1653	58683	7	0	0	0	0	0	0	0	1	0	0
A	AG	4	87	9	1	BA1653	58684	7	8	2	0	1	0	0	0	0	0	0
A	AG	4	87	9	1	BA1653	58686	8	0	0	0	0	0	0	0	1	0	0
A	AG	4	87	9	1	BA1653	58694	8	7	0	0	0	0	0	0	0	0	0
A	AG	4	87	9	1	BA1653	58733	7	8	2	0	1	0	0	0	0	0	0
A	AG	4	87	9	1	BA1653	58743	8	7	0	0	0	0	0	0	0	0	0
A	AG	4	87	9	1	BA1653	58774	7	0	0	0	0	0	0	0	1	0	0
A	AG	4	87	9	1	BA1653	58836	7	8	2	0	1	0	0	0	0	0	0
A	AG	4	87	9	1	BA1653	58846	8	7	0	0	0	0	0	0	0	0	0
A	AG	4	87	9	1	BA1653	58868	7	0	0	0	0	0	0	0	1	0	0
A	AG	4	87	9	1	BA1653	58873	7	8	2	0	1	0	0	0	0	0	0
A	AG	4	87	9	1	BA1653	58877	8	0	0	0	0	0	0	0	1	0	0
A	AG	4	87	9	1	BA1653	58878	8	0	0	0	1	0	0	0	0	0	0
A	AG	4	87	9	1	BA1653	58883	8	7	0	0	0	0	0	0	0	0	0
A	AG	4	87	9	1	BA1653	58915	7	0	0	0	0	0	0	0	1	0	0
A	AG	4	87	9	1	BA1653	59010	7	8	2	0	1	0	0	0	0	0	0
A	AG	4	87	9	1	BA1653	59020	8	7	0	0	0	0	0	0	0	0	0
A	AG	4	87	9	1	BA1653	59076	7	0	0	0	0	0	0	0	1	0	0
A	AG	4	87	9	1	BA1653	59079	7	8	2	0	1	0	0	0	0	0	0
A	AG	4	87	9	1	BA1653	59089	8	7	0	0	0	0	0	0	0	0	0
A	AG	4	87	9	1	BA1653	59092	7	0	0	0	0	0	0	0	1	0	0
A	AG	4	87	9	1	BA1653	59111	7	8	2	0	1	0	0	0	0	0	0
A	AG	4	87	9	1	BA1653	59116	8	0	0	0	0	0	0	0	1	0	0
A	AG	4	87	9	1	BA1653	59121	8	7	0	0	1	0	0	0	0	0	0
A	AG	4	87	9	1	BA1653	59146	7	0	0	0	0	0	0	0	1	0	0
A	AG	4	87	9	1	BA1653	59186	7	8	2	0	1	0	0	0	0	0	0
A	AG	4	87	9	1	BA1653	59196	8	7	0	0	0	0	0	0	0	0	0
A	AG	4	87	9	1	BA1653	59265	7	0	0	0	0	0	0	0	1	0	0
A	AG	4	87	9	1	BA1653	59348	7	8	2	0	1	0	0	0	0	0	0
A	AG	4	87	9	1	BA1653	59358	8	7	0	0	0	0	0	0	0	0	0
A	AG	4	87	9	1	BA1653	59449	7	0	0	0	0	0	0	0	1	0	0
A	AG	4	87	9	1	BA1653	59479	7	8	2	0	1	0	0	0	0	0	0
A	AG	4	87	9	1	BA1653	59489	8	7	0	0	0	0	0	0	0	0	0
A	AG	4	87	9	1	BA1653	59504	7	0	0	0	0	0	0	0	1	0	0
A	AG	4	87	9	1	BA1653	59617	7	8	2	0	1	0	0	0	0	0	0
A	AG	4	87	9	1	BA1653	59627	8	7	0	0	0	0	0	0	0	0	0
A	AG	4	87	9	1	BA1653	59646	7	0	0	0	0	0	0	0	1	0	0
A	AG	4	87	9	1	BA1653	59680	7	8	2	0	1	0	0	0	0	0	0
A	AG	4	87	9	1	BA1653	59690	8	7	0	0	0	0	0	0	0	0	0
A	AG	4	87	9	1	BA1653	59728	7	0	0	0	0	0	0	0	1	0	0
A	AG	4	87	9	1	BA1653	59770	7	8	2	0	1	0	0	0	0	0	0
A	AG	4	87	9	1	BA1653	59780	8	7	0	0	0	0	0	0	0	0	0
A	AG	4	87	9	1	BA1653	59809	7	0	0	0	0	0	0	0	1	0	0
A	AG	4	87	9	1	BA1653	59900	7	8	2	0	1	0	0	0	0	0	0
A	AG	4	87	9	1	BA1653	59903	8	0	0	0	0	0	0	0	1	0	0
A	AG	4	87	9	1	BA1653	59904	8	0	0	0	1	0	0	0	0	0	0
A	AG	4	87	9	1	BA1653	59906	8	0	0	0	0	0	0	0	1	0	0
A	AG	4	87	9	1	BA1653	59910	8	9	0	0	0	0	0	0	0	0	0
A	AG	4	87	9	1	BA1653	59920	9	10	0	0	0	0	0	0	0	0	0
A	AG	4	87	9	1	BA1653	59995	10	2	0	0	0	0	0	0	0	0	0
A	AG	4	87	9	1	BA1653	59996	2	3	0	0	0	0	0	0	0	0	0
A	AG	4	87	9	1	BA1653	60178	3	5	1	1	0	0	0	0	0	0	0
A	AG	4	87	9	1	BA1653	60188	5	4	0	0	0	0	0	0	0	0	0
A	AG	4	87	9	1	BA1653	60209	4	0	0	0	0	0	0	1	0	0	0
A	AG	4	87	9	1	BA1653	60248	4	5	1	1	0	0	0	0	0	0	0
A	AG	4	87	9	1	BA1653	60258	5	4	0	0	0	0	0	0	0	0	0
A	AG	4	87	9	1	BA1653	60295	4	0	0	0	0	0	0	1	0	0	0
A	AG	4	87	9	1	BA1653	60361	4	5	1	1	0	0	0	0	0	0	0
A	AG	4	87	9	1	BA1653	60371	5	4	0	0	0	0	0	0	0	0	0
A	AG	4	87	9	1	BA1653	60372	4	0	0	0	0	0	0	1	0	0	0
A	AG	4	87	9	1	BA1653	60409	4	5	1	1	0	0	0	0	0	0	0
A	AG	4	87	9	1	BA1653	60419	5	4	0	0	0	0	0	0	0	0	0
A	AG	4	87	9	1	BA1653	60530	4	0	0	0	0	0	0	1	0	0	0
A	AG	4	87	9	1	BA1653	60594	4	5	1	1	0	0	0	0	0	0	0
A	AG	4	87	9	1	BA1653	60604	5	9	0	0	0	0	0	0	0	0	0
A	AG	4	87	9	1	BA1653	60614	9	10	0	0	0	0	0	0	0	0	0
A	AG	4	87	9	1	BA1653	60616	10	0	0	0	0	0	0	1	0	0	0
A	AG	4	87	9	1	BA1653	60689	10	2	0	0	0	0	0	0	0	0	0
A	AG	4	87	9	1	BA1653	60690	2	3	0	0	0	0	0	0	0	0	0
A	AG	4	87	9	1	BA1653	60809	3	5	1	1	0	0	0	0	0	0	0
A	AG	4	87	9	1	BA1653	60819	5	4	0	0	0	0	0	0	0	0	0
A	AG	4	87	9	1	BA1653	60877	4	0	0	0	0	0	0	1	0	0	0
A	AG	4	87	9	1	BA1653	60919	4	5	1	1	0	0	0	0	0	0	0
A	AG	4	87	9	1	BA1653	60929	5	4	0	0	0	0	0	0	0	0	0
A	AG	4	87	9	1	BA1653	61413	4	0	0	0	0	0	0	1	0	0	0
A	AG	4	87	9	1	BA1653	61538	4	5	1	1	0	0	0	0	0	0	0
A	AG	4	87	9	1	BA1653	61548	5	4	0	0	0	0	0	0	0	0	0
A	AG	4	87	9	1	BA1653	61554	4	0	0	0	0	0	0	1	0	0	0
A	AG	4	87	9	1	BA1653	61563	4	5	1	1	0	0	0	0	0	0	0
A	AG	4	87	9	1	BA1653	61573	5	4	0	0	0	0	0	0	0	0	0
A	AG	4	87	9	1	BA1653	61708	4	0	0	0	0	0	0	1	0	0	0
A	AG	4	87	9	1	BA1653	61755	4	5	1	1	0	0	0	0	0	0	0
A	AG	4	87	9	1	BA1653	61765	5	9	0	0	0	0	0	0	0	0	0
A	AG	4	87	9	1	BA1653	61775	9	-1	0	0	0	0	0	0	0	0	0
