Project	UserID	Protocol	Session	Station	Run	Subject	Time	Current State	Transition State	Transition Event	A1 - LEFT	A2 - RIGH	A3 - 	A4 - 	A[1] LEFT	A[2] RIGH	A[3] 	A[4] 
A	BL	1	68	1	1	BA1650	0	0	1	0	0	0	0	0	0	0	0	0
A	BL	1	68	1	1	BA1650	50	1	2	0	0	0	0	0	0	0	0	0
A	BL	1	68	1	1	BA1650	51	2	3	0	0	0	0	0	0	0	0	0
A	BL	1	68	1	1	BA1650	258	3	5	1	1	0	0	0	0	0	0	0
A	BL	1	68	1	1	BA1650	268	5	4	0	0	0	0	0	0	0	0	0
A	BL	1	68	1	1	BA1650	271	4	0	0	0	0	0	0	1	0	0	0
A	BL	1	68	1	1	BA1650	313	4	5	1	1	0	0	0	0	0	0	0
A	BL	1	68	1	1	BA1650	322	5	0	0	0	0	0	0	1	0	0	0
A	BL	1	68	1	1	BA1650	323	5	4	0	0	0	0	0	0	0	0	0
A	BL	1	68	1	1	BA1650	329	4	5	1	1	0	0	0	0	0	0	0
A	BL	1	68	1	1	BA1650	335	5	0	0	0	0	0	0	1	0	0	0
A	BL	1	68	1	1	BA1650	339	5	4	0	0	0	0	0	0	0	0	0
A	BL	1	68	1	1	BA1650	354	4	5	1	1	0	0	0	0	0	0	0
A	BL	1	68	1	1	BA1650	364	5	4	0	0	0	0	0	0	0	0	0
A	BL	1	68	1	1	BA1650	376	4	0	0	0	0	0	0	1	0	0	0
A	BL	1	68	1	1	BA1650	380	4	5	1	1	0	0	0	0	0	0	0
A	BL	1	68	1	1	BA1650	390	5	9	0	0	0	0	0	0	0	0	0
A	BL	1	68	1	1	BA1650	392	9	0	0	0	0	0	0	1	0	0	0
A	BL	1	68	1	1	BA1650	396	9	0	0	1	0	0	0	0	0	0	0
A	BL	1	68	1	1	BA1650	400	9	10	0	0	0	0	0	0	0	0	0
A	BL	1	68	1	1	BA1650	404	10	0	0	0	0	0	0	1	0	0	0
A	BL	1	68	1	1	BA1650	475	10	2	0	0	0	0	0	0	0	0	0
A	BL	1	68	1	1	BA1650	476	2	6	0	0	0	0	0	0	0	0	0
A	BL	1	68	1	1	BA1650	491	6	0	0	1	0	0	0	0	0	0	0
A	BL	1	68	1	1	BA1650	505	6	0	0	0	0	0	0	1	0	0	0
A	BL	1	68	1	1	BA1650	510	6	0	0	1	0	0	0	0	0	0	0
A	BL	1	68	1	1	BA1650	513	6	0	0	0	0	0	0	1	0	0	0
A	BL	1	68	1	1	BA1650	563	6	0	0	1	0	0	0	0	0	0	0
A	BL	1	68	1	1	BA1650	573	6	0	0	0	0	0	0	1	0	0	0
A	BL	1	68	1	1	BA1650	616	6	0	0	1	0	0	0	0	0	0	0
A	BL	1	68	1	1	BA1650	618	6	0	0	0	0	0	0	1	0	0	0
A	BL	1	68	1	1	BA1650	621	6	0	0	1	0	0	0	0	0	0	0
A	BL	1	68	1	1	BA1650	643	6	0	0	0	0	0	0	1	0	0	0
A	BL	1	68	1	1	BA1650	651	6	0	0	1	0	0	0	0	0	0	0
A	BL	1	68	1	1	BA1650	662	6	0	0	0	0	0	0	1	0	0	0
A	BL	1	68	1	1	BA1650	743	6	8	2	0	1	0	0	0	0	0	0
A	BL	1	68	1	1	BA1650	750	8	0	0	0	0	0	0	0	1	0	0
A	BL	1	68	1	1	BA1650	753	8	7	0	0	1	0	0	0	0	0	0
A	BL	1	68	1	1	BA1650	774	7	0	0	0	0	0	0	0	1	0	0
A	BL	1	68	1	1	BA1650	783	7	8	2	0	1	0	0	0	0	0	0
A	BL	1	68	1	1	BA1650	790	8	0	0	0	0	0	0	0	1	0	0
A	BL	1	68	1	1	BA1650	792	8	0	0	0	1	0	0	0	0	0	0
A	BL	1	68	1	1	BA1650	793	8	7	0	0	0	0	0	0	0	0	0
A	BL	1	68	1	1	BA1650	810	7	0	0	0	0	0	0	0	1	0	0
A	BL	1	68	1	1	BA1650	814	7	8	2	0	1	0	0	0	0	0	0
A	BL	1	68	1	1	BA1650	824	8	7	0	0	0	0	0	0	0	0	0
A	BL	1	68	1	1	BA1650	825	7	0	0	0	0	0	0	0	1	0	0
A	BL	1	68	1	1	BA1650	828	7	8	2	0	1	0	0	0	0	0	0
A	BL	1	68	1	1	BA1650	838	8	7	0	0	0	0	0	0	0	0	0
A	BL	1	68	1	1	BA1650	857	7	0	0	0	0	0	0	0	1	0	0
A	BL	1	68	1	1	BA1650	862	7	8	2	0	1	0	0	0	0	0	0
A	BL	1	68	1	1	BA1650	869	8	0	0	0	0	0	0	0	1	0	0
A	BL	1	68	1	1	BA1650	872	8	9	0	0	0	0	0	0	0	0	0
A	BL	1	68	1	1	BA1650	877	9	0	0	0	1	0	0	0	0	0	0
A	BL	1	68	1	1	BA1650	882	9	10	0	0	0	0	0	0	0	0	0
A	BL	1	68	1	1	BA1650	887	10	0	0	0	0	0	0	0	1	0	0
A	BL	1	68	1	1	BA1650	957	10	2	0	0	0	0	0	0	0	0	0
A	BL	1	68	1	1	BA1650	958	2	6	0	0	0	0	0	0	0	0	0
A	BL	1	68	1	1	BA1650	1006	6	8	2	0	1	0	0	0	0	0	0
A	BL	1	68	1	1	BA1650	1011	8	0	0	0	0	0	0	0	1	0	0
A	BL	1	68	1	1	BA1650	1016	8	7	0	0	0	0	0	0	0	0	0
A	BL	1	68	1	1	BA1650	1024	7	8	2	0	1	0	0	0	0	0	0
A	BL	1	68	1	1	BA1650	1028	8	0	0	0	0	0	0	0	1	0	0
A	BL	1	68	1	1	BA1650	1034	8	7	0	0	0	0	0	0	0	0	0
A	BL	1	68	1	1	BA1650	1036	7	8	2	0	1	0	0	0	0	0	0
A	BL	1	68	1	1	BA1650	1040	8	0	0	0	0	0	0	0	1	0	0
A	BL	1	68	1	1	BA1650	1043	8	0	0	0	1	0	0	0	0	0	0
A	BL	1	68	1	1	BA1650	1046	8	7	0	0	0	0	0	0	0	0	0
A	BL	1	68	1	1	BA1650	1063	7	0	0	0	0	0	0	0	1	0	0
A	BL	1	68	1	1	BA1650	1068	7	8	2	0	1	0	0	0	0	0	0
A	BL	1	68	1	1	BA1650	1077	8	0	0	0	0	0	0	0	1	0	0
A	BL	1	68	1	1	BA1650	1078	8	7	0	0	0	0	0	0	0	0	0
A	BL	1	68	1	1	BA1650	1083	7	8	2	0	1	0	0	0	0	0	0
A	BL	1	68	1	1	BA1650	1093	8	9	0	0	0	0	0	0	0	0	0
A	BL	1	68	1	1	BA1650	1103	9	10	0	0	0	0	0	0	0	0	0
A	BL	1	68	1	1	BA1650	1109	10	0	0	0	0	0	0	0	1	0	0
A	BL	1	68	1	1	BA1650	1178	10	2	0	0	0	0	0	0	0	0	0
A	BL	1	68	1	1	BA1650	1179	2	6	0	0	0	0	0	0	0	0	0
A	BL	1	68	1	1	BA1650	1224	6	8	2	0	1	0	0	0	0	0	0
A	BL	1	68	1	1	BA1650	1234	8	7	0	0	0	0	0	0	0	0	0
A	BL	1	68	1	1	BA1650	1245	7	0	0	0	0	0	0	0	1	0	0
A	BL	1	68	1	1	BA1650	1268	7	8	2	0	1	0	0	0	0	0	0
A	BL	1	68	1	1	BA1650	1271	8	0	0	0	0	0	0	0	1	0	0
A	BL	1	68	1	1	BA1650	1278	8	7	0	0	1	0	0	0	0	0	0
A	BL	1	68	1	1	BA1650	1293	7	0	0	0	0	0	0	0	1	0	0
A	BL	1	68	1	1	BA1650	1300	7	8	2	0	1	0	0	0	0	0	0
A	BL	1	68	1	1	BA1650	1310	8	7	0	0	0	0	0	0	0	0	0
A	BL	1	68	1	1	BA1650	1313	7	0	0	0	0	0	0	0	1	0	0
A	BL	1	68	1	1	BA1650	1320	7	8	2	0	1	0	0	0	0	0	0
A	BL	1	68	1	1	BA1650	1327	8	0	0	0	0	0	0	0	1	0	0
A	BL	1	68	1	1	BA1650	1330	8	7	0	0	0	0	0	0	0	0	0
A	BL	1	68	1	1	BA1650	1365	7	8	2	0	1	0	0	0	0	0	0
A	BL	1	68	1	1	BA1650	1375	8	9	0	0	0	0	0	0	0	0	0
A	BL	1	68	1	1	BA1650	1385	9	10	0	0	0	0	0	0	1	0	0
A	BL	1	68	1	1	BA1650	1460	10	2	0	0	0	0	0	0	0	0	0
A	BL	1	68	1	1	BA1650	1461	2	3	0	0	0	0	0	0	0	0	0
A	BL	1	68	1	1	BA1650	1513	3	5	1	1	0	0	0	0	0	0	0
A	BL	1	68	1	1	BA1650	1523	5	4	0	0	0	0	0	0	0	0	0
A	BL	1	68	1	1	BA1650	1539	4	0	0	0	0	0	0	1	0	0	0
A	BL	1	68	1	1	BA1650	1544	4	5	1	1	0	0	0	0	0	0	0
A	BL	1	68	1	1	BA1650	1554	5	4	0	0	0	0	0	0	0	0	0
A	BL	1	68	1	1	BA1650	1566	4	0	0	0	0	0	0	1	0	0	0
A	BL	1	68	1	1	BA1650	1569	4	5	1	1	0	0	0	0	0	0	0
A	BL	1	68	1	1	BA1650	1579	5	4	0	0	0	0	0	0	0	0	0
A	BL	1	68	1	1	BA1650	1598	4	0	0	0	0	0	0	1	0	0	0
A	BL	1	68	1	1	BA1650	1603	4	5	1	1	0	0	0	0	0	0	0
A	BL	1	68	1	1	BA1650	1613	5	4	0	0	0	0	0	0	0	0	0
A	BL	1	68	1	1	BA1650	1632	4	0	0	0	0	0	0	1	0	0	0
A	BL	1	68	1	1	BA1650	1638	4	5	1	1	0	0	0	0	0	0	0
A	BL	1	68	1	1	BA1650	1648	5	9	0	0	0	0	0	0	0	0	0
A	BL	1	68	1	1	BA1650	1658	9	10	0	0	0	0	0	0	0	0	0
A	BL	1	68	1	1	BA1650	1667	10	0	0	0	0	0	0	1	0	0	0
A	BL	1	68	1	1	BA1650	1733	10	2	0	0	0	0	0	0	0	0	0
A	BL	1	68	1	1	BA1650	1734	2	3	0	0	0	0	0	0	0	0	0
A	BL	1	68	1	1	BA1650	1762	3	5	1	1	0	0	0	0	0	0	0
A	BL	1	68	1	1	BA1650	1772	5	4	0	0	0	0	0	0	0	0	0
A	BL	1	68	1	1	BA1650	1801	4	0	0	0	0	0	0	1	0	0	0
A	BL	1	68	1	1	BA1650	1806	4	5	1	1	0	0	0	0	0	0	0
A	BL	1	68	1	1	BA1650	1816	5	4	0	0	0	0	0	0	0	0	0
A	BL	1	68	1	1	BA1650	1820	4	0	0	0	0	0	0	1	0	0	0
A	BL	1	68	1	1	BA1650	1824	4	5	1	1	0	0	0	0	0	0	0
A	BL	1	68	1	1	BA1650	1834	5	4	0	0	0	0	0	1	0	0	0
A	BL	1	68	1	1	BA1650	1838	4	5	1	1	0	0	0	0	0	0	0
A	BL	1	68	1	1	BA1650	1844	5	0	0	0	0	0	0	1	0	0	0
A	BL	1	68	1	1	BA1650	1848	5	4	0	1	0	0	0	0	0	0	0
A	BL	1	68	1	1	BA1650	1932	4	0	0	0	0	0	0	1	0	0	0
A	BL	1	68	1	1	BA1650	1960	4	5	1	1	0	0	0	0	0	0	0
A	BL	1	68	1	1	BA1650	1965	5	0	0	0	0	0	0	1	0	0	0
A	BL	1	68	1	1	BA1650	1970	5	9	0	0	0	0	0	0	0	0	0
A	BL	1	68	1	1	BA1650	1973	9	0	0	1	0	0	0	0	0	0	0
A	BL	1	68	1	1	BA1650	1980	9	10	0	0	0	0	0	0	0	0	0
A	BL	1	68	1	1	BA1650	1988	10	0	0	0	0	0	0	1	0	0	0
A	BL	1	68	1	1	BA1650	2055	10	2	0	0	0	0	0	0	0	0	0
A	BL	1	68	1	1	BA1650	2056	2	6	0	0	0	0	0	0	0	0	0
A	BL	1	68	1	1	BA1650	2256	6	8	2	0	1	0	0	0	0	0	0
A	BL	1	68	1	1	BA1650	2264	8	0	0	0	0	0	0	0	1	0	0
A	BL	1	68	1	1	BA1650	2266	8	7	0	0	0	0	0	0	0	0	0
A	BL	1	68	1	1	BA1650	2269	7	8	2	0	1	0	0	0	0	0	0
A	BL	1	68	1	1	BA1650	2273	8	0	0	0	0	0	0	0	1	0	0
A	BL	1	68	1	1	BA1650	2279	8	7	0	0	0	0	0	0	0	0	0
A	BL	1	68	1	1	BA1650	2287	7	8	2	0	1	0	0	0	0	0	0
A	BL	1	68	1	1	BA1650	2297	8	7	0	0	0	0	0	0	0	0	0
A	BL	1	68	1	1	BA1650	2299	7	0	0	0	0	0	0	0	1	0	0
A	BL	1	68	1	1	BA1650	2318	7	8	2	0	1	0	0	0	0	0	0
A	BL	1	68	1	1	BA1650	2322	8	0	0	0	0	0	0	0	1	0	0
A	BL	1	68	1	1	BA1650	2325	8	0	0	0	1	0	0	0	0	0	0
A	BL	1	68	1	1	BA1650	2328	8	7	0	0	0	0	0	0	0	0	0
A	BL	1	68	1	1	BA1650	2332	7	0	0	0	0	0	0	0	1	0	0
A	BL	1	68	1	1	BA1650	2333	7	8	2	0	1	0	0	0	0	0	0
A	BL	1	68	1	1	BA1650	2343	8	9	0	0	0	0	0	0	0	0	0
A	BL	1	68	1	1	BA1650	2353	9	10	0	0	0	0	0	0	0	0	0
A	BL	1	68	1	1	BA1650	2354	10	0	0	0	0	0	0	0	1	0	0
A	BL	1	68	1	1	BA1650	2428	10	2	0	0	0	0	0	0	0	0	0
A	BL	1	68	1	1	BA1650	2429	2	6	0	0	0	0	0	0	0	0	0
A	BL	1	68	1	1	BA1650	2539	6	8	2	0	1	0	0	0	0	0	0
A	BL	1	68	1	1	BA1650	2547	8	0	0	0	0	0	0	0	1	0	0
A	BL	1	68	1	1	BA1650	2549	8	7	0	0	1	0	0	0	0	0	0
A	BL	1	68	1	1	BA1650	2560	7	0	0	0	0	0	0	0	1	0	0
A	BL	1	68	1	1	BA1650	2567	7	8	2	0	1	0	0	0	0	0	0
A	BL	1	68	1	1	BA1650	2577	8	7	0	0	0	0	0	0	0	0	0
A	BL	1	68	1	1	BA1650	2580	7	0	0	0	0	0	0	0	1	0	0
A	BL	1	68	1	1	BA1650	2603	7	8	2	0	1	0	0	0	0	0	0
A	BL	1	68	1	1	BA1650	2610	8	0	0	0	0	0	0	0	1	0	0
A	BL	1	68	1	1	BA1650	2613	8	7	0	0	1	0	0	0	0	0	0
A	BL	1	68	1	1	BA1650	2635	7	0	0	0	0	0	0	0	1	0	0
A	BL	1	68	1	1	BA1650	2651	7	8	2	0	1	0	0	0	0	0	0
A	BL	1	68	1	1	BA1650	2661	8	7	0	0	0	0	0	0	0	0	0
A	BL	1	68	1	1	BA1650	2665	7	0	0	0	0	0	0	0	1	0	0
A	BL	1	68	1	1	BA1650	2668	7	8	2	0	1	0	0	0	0	0	0
A	BL	1	68	1	1	BA1650	2678	8	9	0	0	0	0	0	0	0	0	0
A	BL	1	68	1	1	BA1650	2688	9	10	0	0	0	0	0	0	0	0	0
A	BL	1	68	1	1	BA1650	2694	10	0	0	0	0	0	0	0	1	0	0
A	BL	1	68	1	1	BA1650	2763	10	2	0	0	0	0	0	0	0	0	0
A	BL	1	68	1	1	BA1650	2764	2	6	0	0	0	0	0	0	0	0	0
A	BL	1	68	1	1	BA1650	2782	6	8	2	0	1	0	0	0	0	0	0
A	BL	1	68	1	1	BA1650	2787	8	0	0	0	0	0	0	0	1	0	0
A	BL	1	68	1	1	BA1650	2792	8	7	0	0	0	0	0	0	0	0	0
A	BL	1	68	1	1	BA1650	2807	7	8	2	0	1	0	0	0	0	0	0
A	BL	1	68	1	1	BA1650	2817	8	7	0	0	0	0	0	0	0	0	0
A	BL	1	68	1	1	BA1650	2827	7	0	0	0	0	0	0	0	1	0	0
A	BL	1	68	1	1	BA1650	2847	7	8	2	0	1	0	0	0	0	0	0
A	BL	1	68	1	1	BA1650	2848	8	0	0	0	0	0	0	0	1	0	0
A	BL	1	68	1	1	BA1650	2852	8	0	0	0	1	0	0	0	0	0	0
A	BL	1	68	1	1	BA1650	2857	8	7	0	0	0	0	0	0	0	0	0
A	BL	1	68	1	1	BA1650	2890	7	0	0	0	0	0	0	0	1	0	0
A	BL	1	68	1	1	BA1650	2893	7	8	2	0	1	0	0	0	0	0	0
A	BL	1	68	1	1	BA1650	2903	8	7	0	0	0	0	0	0	0	0	0
A	BL	1	68	1	1	BA1650	2927	7	0	0	0	0	0	0	0	1	0	0
A	BL	1	68	1	1	BA1650	2930	7	8	2	0	1	0	0	0	0	0	0
A	BL	1	68	1	1	BA1650	2940	8	9	0	0	0	0	0	0	0	0	0
A	BL	1	68	1	1	BA1650	2941	9	0	0	0	0	0	0	0	1	0	0
A	BL	1	68	1	1	BA1650	2948	9	0	0	0	1	0	0	0	0	0	0
A	BL	1	68	1	1	BA1650	2950	9	10	0	0	0	0	0	0	0	0	0
A	BL	1	68	1	1	BA1650	2960	10	0	0	0	0	0	0	0	1	0	0
A	BL	1	68	1	1	BA1650	3025	10	2	0	0	0	0	0	0	0	0	0
A	BL	1	68	1	1	BA1650	3026	2	3	0	0	0	0	0	0	0	0	0
A	BL	1	68	1	1	BA1650	3058	3	5	1	1	0	0	0	0	0	0	0
A	BL	1	68	1	1	BA1650	3068	5	4	0	0	0	0	0	0	0	0	0
A	BL	1	68	1	1	BA1650	3078	4	0	0	0	0	0	0	1	0	0	0
A	BL	1	68	1	1	BA1650	3082	4	5	1	1	0	0	0	0	0	0	0
A	BL	1	68	1	1	BA1650	3092	5	4	0	0	0	0	0	0	0	0	0
A	BL	1	68	1	1	BA1650	3101	4	0	0	0	0	0	0	1	0	0	0
A	BL	1	68	1	1	BA1650	3108	4	5	1	1	0	0	0	0	0	0	0
A	BL	1	68	1	1	BA1650	3118	5	4	0	0	0	0	0	1	0	0	0
A	BL	1	68	1	1	BA1650	3123	4	5	1	1	0	0	0	0	0	0	0
A	BL	1	68	1	1	BA1650	3133	5	4	0	0	0	0	0	0	0	0	0
A	BL	1	68	1	1	BA1650	3136	4	0	0	0	0	0	0	1	0	0	0
A	BL	1	68	1	1	BA1650	3141	4	5	1	1	0	0	0	0	0	0	0
A	BL	1	68	1	1	BA1650	3151	5	9	0	0	0	0	0	0	0	0	0
A	BL	1	68	1	1	BA1650	3160	9	0	0	0	0	0	0	1	0	0	0
A	BL	1	68	1	1	BA1650	3161	9	10	0	0	0	0	0	0	0	0	0
A	BL	1	68	1	1	BA1650	3172	10	0	0	1	0	0	0	0	0	0	0
A	BL	1	68	1	1	BA1650	3175	10	0	0	0	0	0	0	1	0	0	0
A	BL	1	68	1	1	BA1650	3236	10	2	0	0	0	0	0	0	0	0	0
A	BL	1	68	1	1	BA1650	3237	2	6	0	0	0	0	0	0	0	0	0
A	BL	1	68	1	1	BA1650	3325	6	8	2	0	1	0	0	0	0	0	0
A	BL	1	68	1	1	BA1650	3335	8	7	0	0	0	0	0	0	0	0	0
A	BL	1	68	1	1	BA1650	3339	7	0	0	0	0	0	0	0	1	0	0
A	BL	1	68	1	1	BA1650	3368	7	8	2	0	1	0	0	0	0	0	0
A	BL	1	68	1	1	BA1650	3378	8	7	0	0	0	0	0	0	0	0	0
A	BL	1	68	1	1	BA1650	3387	7	0	0	0	0	0	0	0	1	0	0
A	BL	1	68	1	1	BA1650	3424	7	8	2	0	1	0	0	0	0	0	0
A	BL	1	68	1	1	BA1650	3434	8	7	0	0	0	0	0	0	0	0	0
A	BL	1	68	1	1	BA1650	3445	7	0	0	0	0	0	0	0	1	0	0
A	BL	1	68	1	1	BA1650	3449	7	8	2	0	1	0	0	0	0	0	0
A	BL	1	68	1	1	BA1650	3459	8	7	0	0	0	0	0	0	0	0	0
A	BL	1	68	1	1	BA1650	3460	7	0	0	0	0	0	0	0	1	0	0
A	BL	1	68	1	1	BA1650	3496	7	8	2	0	1	0	0	0	0	0	0
A	BL	1	68	1	1	BA1650	3506	8	9	0	0	0	0	0	0	0	0	0
A	BL	1	68	1	1	BA1650	3516	9	10	0	0	0	0	0	0	0	0	0
A	BL	1	68	1	1	BA1650	3522	10	0	0	0	0	0	0	0	1	0	0
A	BL	1	68	1	1	BA1650	3591	10	2	0	0	0	0	0	0	0	0	0
A	BL	1	68	1	1	BA1650	3592	2	3	0	0	0	0	0	0	0	0	0
A	BL	1	68	1	1	BA1650	3608	3	0	0	0	1	0	0	0	0	0	0
A	BL	1	68	1	1	BA1650	3650	3	0	0	0	0	0	0	0	1	0	0
A	BL	1	68	1	1	BA1650	3660	3	0	0	0	1	0	0	0	0	0	0
A	BL	1	68	1	1	BA1650	3674	3	0	0	0	0	0	0	0	1	0	0
A	BL	1	68	1	1	BA1650	3822	3	5	1	1	0	0	0	0	0	0	0
A	BL	1	68	1	1	BA1650	3832	5	4	0	0	0	0	0	0	0	0	0
A	BL	1	68	1	1	BA1650	3848	4	0	0	0	0	0	0	1	0	0	0
A	BL	1	68	1	1	BA1650	3852	4	5	1	1	0	0	0	0	0	0	0
A	BL	1	68	1	1	BA1650	3862	5	4	0	0	0	0	0	0	0	0	0
A	BL	1	68	1	1	BA1650	3866	4	0	0	0	0	0	0	1	0	0	0
A	BL	1	68	1	1	BA1650	3871	4	5	1	1	0	0	0	0	0	0	0
A	BL	1	68	1	1	BA1650	3881	5	4	0	0	0	0	0	0	0	0	0
A	BL	1	68	1	1	BA1650	3886	4	0	0	0	0	0	0	1	0	0	0
A	BL	1	68	1	1	BA1650	3891	4	5	1	1	0	0	0	0	0	0	0
A	BL	1	68	1	1	BA1650	3895	5	0	0	0	0	0	0	1	0	0	0
A	BL	1	68	1	1	BA1650	3897	5	0	0	1	0	0	0	0	0	0	0
A	BL	1	68	1	1	BA1650	3901	5	4	0	0	0	0	0	0	0	0	0
A	BL	1	68	1	1	BA1650	3957	4	0	0	0	0	0	0	1	0	0	0
A	BL	1	68	1	1	BA1650	3978	4	5	1	1	0	0	0	0	0	0	0
A	BL	1	68	1	1	BA1650	3983	5	0	0	0	0	0	0	1	0	0	0
A	BL	1	68	1	1	BA1650	3988	5	9	0	0	0	0	0	0	0	0	0
A	BL	1	68	1	1	BA1650	3989	9	0	0	1	0	0	0	0	0	0	0
A	BL	1	68	1	1	BA1650	3998	9	10	0	0	0	0	0	0	0	0	0
A	BL	1	68	1	1	BA1650	4006	10	0	0	0	0	0	0	1	0	0	0
A	BL	1	68	1	1	BA1650	4073	10	2	0	0	0	0	0	0	0	0	0
A	BL	1	68	1	1	BA1650	4074	2	3	0	0	0	0	0	0	0	0	0
A	BL	1	68	1	1	BA1650	4102	3	5	1	1	0	0	0	0	0	0	0
A	BL	1	68	1	1	BA1650	4112	5	4	0	0	0	0	0	0	0	0	0
A	BL	1	68	1	1	BA1650	4146	4	0	0	0	0	0	0	1	0	0	0
A	BL	1	68	1	1	BA1650	4149	4	5	1	1	0	0	0	0	0	0	0
A	BL	1	68	1	1	BA1650	4159	5	4	0	0	0	0	0	0	0	0	0
A	BL	1	68	1	1	BA1650	4170	4	0	0	0	0	0	0	1	0	0	0
A	BL	1	68	1	1	BA1650	4174	4	5	1	1	0	0	0	0	0	0	0
A	BL	1	68	1	1	BA1650	4184	5	4	0	0	0	0	0	0	0	0	0
A	BL	1	68	1	1	BA1650	4193	4	0	0	0	0	0	0	1	0	0	0
A	BL	1	68	1	1	BA1650	4198	4	5	1	1	0	0	0	0	0	0	0
A	BL	1	68	1	1	BA1650	4208	5	4	0	0	0	0	0	0	0	0	0
A	BL	1	68	1	1	BA1650	4240	4	0	0	0	0	0	0	1	0	0	0
A	BL	1	68	1	1	BA1650	4253	4	5	1	1	0	0	0	0	0	0	0
A	BL	1	68	1	1	BA1650	4256	5	0	0	0	0	0	0	1	0	0	0
A	BL	1	68	1	1	BA1650	4259	5	0	0	1	0	0	0	0	0	0	0
A	BL	1	68	1	1	BA1650	4263	5	9	0	0	0	0	0	0	0	0	0
A	BL	1	68	1	1	BA1650	4266	9	0	0	0	0	0	0	1	0	0	0
A	BL	1	68	1	1	BA1650	4273	9	10	0	0	0	0	0	0	0	0	0
A	BL	1	68	1	1	BA1650	4348	10	2	0	0	0	0	0	0	0	0	0
A	BL	1	68	1	1	BA1650	4349	2	3	0	0	0	0	0	0	0	0	0
A	BL	1	68	1	1	BA1650	4412	3	5	1	1	0	0	0	0	0	0	0
A	BL	1	68	1	1	BA1650	4422	5	4	0	0	0	0	0	0	0	0	0
A	BL	1	68	1	1	BA1650	4425	4	0	0	0	0	0	0	1	0	0	0
A	BL	1	68	1	1	BA1650	4429	4	5	1	1	0	0	0	0	0	0	0
A	BL	1	68	1	1	BA1650	4439	5	4	0	0	0	0	0	0	0	0	0
A	BL	1	68	1	1	BA1650	4478	4	0	0	0	0	0	0	1	0	0	0
A	BL	1	68	1	1	BA1650	4501	4	5	1	1	0	0	0	0	0	0	0
A	BL	1	68	1	1	BA1650	4507	5	0	0	0	0	0	0	1	0	0	0
A	BL	1	68	1	1	BA1650	4511	5	4	0	0	0	0	0	0	0	0	0
A	BL	1	68	1	1	BA1650	4517	4	5	1	1	0	0	0	0	0	0	0
A	BL	1	68	1	1	BA1650	4527	5	4	0	0	0	0	0	0	0	0	0
A	BL	1	68	1	1	BA1650	4531	4	0	0	0	0	0	0	1	0	0	0
A	BL	1	68	1	1	BA1650	4533	4	5	1	1	0	0	0	0	0	0	0
A	BL	1	68	1	1	BA1650	4543	5	9	0	0	0	0	0	0	0	0	0
A	BL	1	68	1	1	BA1650	4553	9	10	0	0	0	0	0	0	0	0	0
A	BL	1	68	1	1	BA1650	4567	10	0	0	0	0	0	0	1	0	0	0
A	BL	1	68	1	1	BA1650	4628	10	2	0	0	0	0	0	0	0	0	0
A	BL	1	68	1	1	BA1650	4629	2	6	0	0	0	0	0	0	0	0	0
A	BL	1	68	1	1	BA1650	4712	6	8	2	0	1	0	0	0	0	0	0
A	BL	1	68	1	1	BA1650	4722	8	7	0	0	0	0	0	0	0	0	0
A	BL	1	68	1	1	BA1650	4751	7	0	0	0	0	0	0	0	1	0	0
A	BL	1	68	1	1	BA1650	4762	7	8	2	0	1	0	0	0	0	0	0
A	BL	1	68	1	1	BA1650	4771	8	0	0	0	0	0	0	0	1	0	0
A	BL	1	68	1	1	BA1650	4772	8	7	0	0	0	0	0	0	0	0	0
A	BL	1	68	1	1	BA1650	4793	7	8	2	0	1	0	0	0	0	0	0
A	BL	1	68	1	1	BA1650	4803	8	7	0	0	0	0	0	0	0	0	0
A	BL	1	68	1	1	BA1650	4827	7	0	0	0	0	0	0	0	1	0	0
A	BL	1	68	1	1	BA1650	4831	7	8	2	0	1	0	0	0	0	0	0
A	BL	1	68	1	1	BA1650	4841	8	7	0	0	0	0	0	0	0	0	0
A	BL	1	68	1	1	BA1650	4848	7	0	0	0	0	0	0	0	1	0	0
A	BL	1	68	1	1	BA1650	4873	7	8	2	0	1	0	0	0	0	0	0
A	BL	1	68	1	1	BA1650	4883	8	9	0	0	0	0	0	0	0	0	0
A	BL	1	68	1	1	BA1650	4893	9	10	0	0	0	0	0	0	0	0	0
A	BL	1	68	1	1	BA1650	4899	10	0	0	0	0	0	0	0	1	0	0
A	BL	1	68	1	1	BA1650	4968	10	2	0	0	0	0	0	0	0	0	0
A	BL	1	68	1	1	BA1650	4969	2	6	0	0	0	0	0	0	0	0	0
A	BL	1	68	1	1	BA1650	5019	6	8	2	0	1	0	0	0	0	0	0
A	BL	1	68	1	1	BA1650	5029	8	7	0	0	0	0	0	0	0	0	0
A	BL	1	68	1	1	BA1650	5036	7	0	0	0	0	0	0	0	1	0	0
A	BL	1	68	1	1	BA1650	5058	7	8	2	0	1	0	0	0	0	0	0
A	BL	1	68	1	1	BA1650	5068	8	7	0	0	0	0	0	0	0	0	0
A	BL	1	68	1	1	BA1650	5077	7	0	0	0	0	0	0	0	1	0	0
A	BL	1	68	1	1	BA1650	5081	7	8	2	0	1	0	0	0	0	0	0
A	BL	1	68	1	1	BA1650	5091	8	7	0	0	0	0	0	0	1	0	0
A	BL	1	68	1	1	BA1650	5098	7	8	2	0	1	0	0	0	0	0	0
A	BL	1	68	1	1	BA1650	5105	8	0	0	0	0	0	0	0	1	0	0
A	BL	1	68	1	1	BA1650	5108	8	7	0	0	1	0	0	0	0	0	0
A	BL	1	68	1	1	BA1650	5112	7	0	0	0	0	0	0	0	1	0	0
A	BL	1	68	1	1	BA1650	5115	7	8	2	0	1	0	0	0	0	0	0
A	BL	1	68	1	1	BA1650	5125	8	9	0	0	0	0	0	0	0	0	0
A	BL	1	68	1	1	BA1650	5135	9	10	0	0	0	0	0	0	0	0	0
A	BL	1	68	1	1	BA1650	5140	10	0	0	0	0	0	0	0	1	0	0
A	BL	1	68	1	1	BA1650	5210	10	2	0	0	0	0	0	0	0	0	0
A	BL	1	68	1	1	BA1650	5211	2	6	0	0	0	0	0	0	0	0	0
A	BL	1	68	1	1	BA1650	5269	6	8	2	0	1	0	0	0	0	0	0
A	BL	1	68	1	1	BA1650	5272	8	0	0	0	0	0	0	0	1	0	0
A	BL	1	68	1	1	BA1650	5277	8	0	0	0	1	0	0	0	0	0	0
A	BL	1	68	1	1	BA1650	5279	8	7	0	0	0	0	0	0	0	0	0
A	BL	1	68	1	1	BA1650	5307	7	0	0	0	0	0	0	0	1	0	0
A	BL	1	68	1	1	BA1650	5313	7	8	2	0	1	0	0	0	0	0	0
A	BL	1	68	1	1	BA1650	5314	8	0	0	0	0	0	0	0	1	0	0
A	BL	1	68	1	1	BA1650	5321	8	0	0	0	1	0	0	0	0	0	0
A	BL	1	68	1	1	BA1650	5323	8	7	0	0	0	0	0	0	0	0	0
A	BL	1	68	1	1	BA1650	5349	7	0	0	0	0	0	0	0	1	0	0
A	BL	1	68	1	1	BA1650	5370	7	8	2	0	1	0	0	0	0	0	0
A	BL	1	68	1	1	BA1650	5380	8	7	0	0	0	0	0	0	0	0	0
A	BL	1	68	1	1	BA1650	5381	7	0	0	0	0	0	0	0	1	0	0
A	BL	1	68	1	1	BA1650	5410	7	8	2	0	1	0	0	0	0	0	0
A	BL	1	68	1	1	BA1650	5415	8	0	0	0	0	0	0	0	1	0	0
A	BL	1	68	1	1	BA1650	5418	8	0	0	0	1	0	0	0	0	0	0
A	BL	1	68	1	1	BA1650	5420	8	7	0	0	0	0	0	0	0	0	0
A	BL	1	68	1	1	BA1650	5448	7	0	0	0	0	0	0	0	1	0	0
A	BL	1	68	1	1	BA1650	5450	7	8	2	0	1	0	0	0	0	0	0
A	BL	1	68	1	1	BA1650	5460	8	9	0	0	0	0	0	0	0	0	0
A	BL	1	68	1	1	BA1650	5470	9	10	0	0	0	0	0	0	1	0	0
A	BL	1	68	1	1	BA1650	5545	10	2	0	0	0	0	0	0	0	0	0
A	BL	1	68	1	1	BA1650	5546	2	3	0	0	0	0	0	0	0	0	0
A	BL	1	68	1	1	BA1650	5585	3	5	1	1	0	0	0	0	0	0	0
A	BL	1	68	1	1	BA1650	5595	5	4	0	0	0	0	0	0	0	0	0
A	BL	1	68	1	1	BA1650	5597	4	0	0	0	0	0	0	1	0	0	0
A	BL	1	68	1	1	BA1650	5617	4	5	1	1	0	0	0	0	0	0	0
A	BL	1	68	1	1	BA1650	5627	5	4	0	0	0	0	0	0	0	0	0
A	BL	1	68	1	1	BA1650	5635	4	0	0	0	0	0	0	1	0	0	0
A	BL	1	68	1	1	BA1650	5636	4	5	1	1	0	0	0	0	0	0	0
A	BL	1	68	1	1	BA1650	5646	5	4	0	0	0	0	0	0	0	0	0
A	BL	1	68	1	1	BA1650	5661	4	0	0	0	0	0	0	1	0	0	0
A	BL	1	68	1	1	BA1650	5666	4	5	1	1	0	0	0	0	0	0	0
A	BL	1	68	1	1	BA1650	5673	5	0	0	0	0	0	0	1	0	0	0
A	BL	1	68	1	1	BA1650	5675	5	0	0	1	0	0	0	0	0	0	0
A	BL	1	68	1	1	BA1650	5676	5	4	0	0	0	0	0	0	0	0	0
A	BL	1	68	1	1	BA1650	5696	4	0	0	0	0	0	0	1	0	0	0
A	BL	1	68	1	1	BA1650	5720	4	5	1	1	0	0	0	0	0	0	0
A	BL	1	68	1	1	BA1650	5722	5	0	0	0	0	0	0	1	0	0	0
A	BL	1	68	1	1	BA1650	5729	5	0	0	1	0	0	0	0	0	0	0
A	BL	1	68	1	1	BA1650	5730	5	9	0	0	0	0	0	0	0	0	0
A	BL	1	68	1	1	BA1650	5740	9	10	0	0	0	0	0	0	0	0	0
A	BL	1	68	1	1	BA1650	5759	10	0	0	0	0	0	0	1	0	0	0
A	BL	1	68	1	1	BA1650	5815	10	2	0	0	0	0	0	0	0	0	0
A	BL	1	68	1	1	BA1650	5816	2	3	0	0	0	0	0	0	0	0	0
A	BL	1	68	1	1	BA1650	5871	3	5	1	1	0	0	0	0	0	0	0
A	BL	1	68	1	1	BA1650	5881	5	4	0	0	0	0	0	0	0	0	0
A	BL	1	68	1	1	BA1650	5903	4	0	0	0	0	0	0	1	0	0	0
A	BL	1	68	1	1	BA1650	5907	4	5	1	1	0	0	0	0	0	0	0
A	BL	1	68	1	1	BA1650	5917	5	4	0	0	0	0	0	1	0	0	0
A	BL	1	68	1	1	BA1650	5918	4	5	1	1	0	0	0	0	0	0	0
A	BL	1	68	1	1	BA1650	5920	5	0	0	0	0	0	0	1	0	0	0
A	BL	1	68	1	1	BA1650	5928	5	4	0	0	0	0	0	0	0	0	0
A	BL	1	68	1	1	BA1650	5942	4	5	1	1	0	0	0	0	0	0	0
A	BL	1	68	1	1	BA1650	5946	5	0	0	0	0	0	0	1	0	0	0
A	BL	1	68	1	1	BA1650	5952	5	4	0	0	0	0	0	0	0	0	0
A	BL	1	68	1	1	BA1650	5973	4	5	1	1	0	0	0	0	0	0	0
A	BL	1	68	1	1	BA1650	5983	5	9	0	0	0	0	0	0	0	0	0
A	BL	1	68	1	1	BA1650	5986	9	0	0	0	0	0	0	1	0	0	0
A	BL	1	68	1	1	BA1650	5988	9	0	0	1	0	0	0	0	0	0	0
A	BL	1	68	1	1	BA1650	5993	9	10	0	0	0	0	0	0	0	0	0
A	BL	1	68	1	1	BA1650	6001	10	0	0	0	0	0	0	1	0	0	0
A	BL	1	68	1	1	BA1650	6068	10	2	0	0	0	0	0	0	0	0	0
A	BL	1	68	1	1	BA1650	6069	2	3	0	0	0	0	0	0	0	0	0
A	BL	1	68	1	1	BA1650	6111	3	5	1	1	0	0	0	0	0	0	0
A	BL	1	68	1	1	BA1650	6121	5	4	0	0	0	0	0	0	0	0	0
A	BL	1	68	1	1	BA1650	6125	4	0	0	0	0	0	0	1	0	0	0
A	BL	1	68	1	1	BA1650	6131	4	5	1	1	0	0	0	0	0	0	0
A	BL	1	68	1	1	BA1650	6141	5	4	0	0	0	0	0	0	0	0	0
A	BL	1	68	1	1	BA1650	6160	4	0	0	0	0	0	0	1	0	0	0
A	BL	1	68	1	1	BA1650	6188	4	5	1	1	0	0	0	0	0	0	0
A	BL	1	68	1	1	BA1650	6198	5	4	0	0	0	0	0	0	0	0	0
A	BL	1	68	1	1	BA1650	6261	4	0	0	0	0	0	0	1	0	0	0
A	BL	1	68	1	1	BA1650	6263	4	5	1	1	0	0	0	0	0	0	0
A	BL	1	68	1	1	BA1650	6273	5	4	0	0	0	0	0	0	0	0	0
A	BL	1	68	1	1	BA1650	6289	4	0	0	0	0	0	0	1	0	0	0
A	BL	1	68	1	1	BA1650	6399	4	5	1	1	0	0	0	0	0	0	0
A	BL	1	68	1	1	BA1650	6409	5	9	0	0	0	0	0	0	0	0	0
A	BL	1	68	1	1	BA1650	6419	9	10	0	0	0	0	0	0	0	0	0
A	BL	1	68	1	1	BA1650	6430	10	0	0	0	0	0	0	1	0	0	0
A	BL	1	68	1	1	BA1650	6494	10	2	0	0	0	0	0	0	0	0	0
A	BL	1	68	1	1	BA1650	6495	2	6	0	0	0	0	0	0	0	0	0
A	BL	1	68	1	1	BA1650	6915	6	8	2	0	1	0	0	0	0	0	0
A	BL	1	68	1	1	BA1650	6925	8	7	0	0	0	0	0	0	0	0	0
A	BL	1	68	1	1	BA1650	6926	7	0	0	0	0	0	0	0	1	0	0
A	BL	1	68	1	1	BA1650	6960	7	8	2	0	1	0	0	0	0	0	0
A	BL	1	68	1	1	BA1650	6970	8	7	0	0	0	0	0	0	0	0	0
A	BL	1	68	1	1	BA1650	6979	7	0	0	0	0	0	0	0	1	0	0
A	BL	1	68	1	1	BA1650	7024	7	8	2	0	1	0	0	0	0	0	0
A	BL	1	68	1	1	BA1650	7034	8	7	0	0	0	0	0	0	0	0	0
A	BL	1	68	1	1	BA1650	7082	7	0	0	0	0	0	0	0	1	0	0
A	BL	1	68	1	1	BA1650	7086	7	8	2	0	1	0	0	0	0	0	0
A	BL	1	68	1	1	BA1650	7096	8	7	0	0	0	0	0	0	1	0	0
A	BL	1	68	1	1	BA1650	7109	7	8	2	0	1	0	0	0	0	0	0
A	BL	1	68	1	1	BA1650	7119	8	9	0	0	0	0	0	0	0	0	0
A	BL	1	68	1	1	BA1650	7123	9	0	0	0	0	0	0	0	1	0	0
A	BL	1	68	1	1	BA1650	7129	9	10	0	0	0	0	0	0	0	0	0
A	BL	1	68	1	1	BA1650	7204	10	2	0	0	0	0	0	0	0	0	0
A	BL	1	68	1	1	BA1650	7205	2	6	0	0	0	0	0	0	0	0	0
A	BL	1	68	1	1	BA1650	7274	6	8	2	0	1	0	0	0	0	0	0
A	BL	1	68	1	1	BA1650	7279	8	0	0	0	0	0	0	0	1	0	0
A	BL	1	68	1	1	BA1650	7284	8	7	0	0	0	0	0	0	0	0	0
A	BL	1	68	1	1	BA1650	7295	7	8	2	0	1	0	0	0	0	0	0
A	BL	1	68	1	1	BA1650	7297	8	0	0	0	0	0	0	0	1	0	0
A	BL	1	68	1	1	BA1650	7305	8	7	0	0	0	0	0	0	0	0	0
A	BL	1	68	1	1	BA1650	7312	7	8	2	0	1	0	0	0	0	0	0
A	BL	1	68	1	1	BA1650	7322	8	7	0	0	0	0	0	0	0	0	0
A	BL	1	68	1	1	BA1650	7332	7	0	0	0	0	0	0	0	1	0	0
A	BL	1	68	1	1	BA1650	7348	7	8	2	0	1	0	0	0	0	0	0
A	BL	1	68	1	1	BA1650	7358	8	7	0	0	0	0	0	0	0	0	0
A	BL	1	68	1	1	BA1650	7382	7	0	0	0	0	0	0	0	1	0	0
A	BL	1	68	1	1	BA1650	7384	7	8	2	0	1	0	0	0	0	0	0
A	BL	1	68	1	1	BA1650	7394	8	9	0	0	0	0	0	0	0	0	0
A	BL	1	68	1	1	BA1650	7403	9	0	0	0	0	0	0	0	1	0	0
A	BL	1	68	1	1	BA1650	7404	9	10	0	0	0	0	0	0	0	0	0
A	BL	1	68	1	1	BA1650	7479	10	2	0	0	0	0	0	0	0	0	0
A	BL	1	68	1	1	BA1650	7480	2	3	0	0	0	0	0	0	0	0	0
A	BL	1	68	1	1	BA1650	7630	3	5	1	1	0	0	0	0	0	0	0
A	BL	1	68	1	1	BA1650	7640	5	4	0	0	0	0	0	0	0	0	0
A	BL	1	68	1	1	BA1650	7654	4	0	0	0	0	0	0	1	0	0	0
A	BL	1	68	1	1	BA1650	7664	4	5	1	1	0	0	0	0	0	0	0
A	BL	1	68	1	1	BA1650	7674	5	4	0	0	0	0	0	0	0	0	0
A	BL	1	68	1	1	BA1650	7675	4	0	0	0	0	0	0	1	0	0	0
A	BL	1	68	1	1	BA1650	7678	4	5	1	1	0	0	0	0	0	0	0
A	BL	1	68	1	1	BA1650	7688	5	4	0	0	0	0	0	0	0	0	0
A	BL	1	68	1	1	BA1650	7698	4	0	0	0	0	0	0	1	0	0	0
A	BL	1	68	1	1	BA1650	7699	4	5	1	1	0	0	0	0	0	0	0
A	BL	1	68	1	1	BA1650	7703	5	0	0	0	0	0	0	1	0	0	0
A	BL	1	68	1	1	BA1650	7709	5	4	0	0	0	0	0	0	0	0	0
A	BL	1	68	1	1	BA1650	7725	4	5	1	1	0	0	0	0	0	0	0
A	BL	1	68	1	1	BA1650	7730	5	0	0	0	0	0	0	1	0	0	0
A	BL	1	68	1	1	BA1650	7735	5	9	0	1	0	0	0	0	0	0	0
A	BL	1	68	1	1	BA1650	7745	9	10	0	0	0	0	0	0	0	0	0
A	BL	1	68	1	1	BA1650	7753	10	0	0	0	0	0	0	1	0	0	0
A	BL	1	68	1	1	BA1650	7756	10	0	0	1	0	0	0	0	0	0	0
A	BL	1	68	1	1	BA1650	7768	10	0	0	0	0	0	0	1	0	0	0
A	BL	1	68	1	1	BA1650	7820	10	2	0	0	0	0	0	0	0	0	0
A	BL	1	68	1	1	BA1650	7821	2	6	0	0	0	0	0	0	0	0	0
A	BL	1	68	1	1	BA1650	7924	6	8	2	0	1	0	0	0	0	0	0
A	BL	1	68	1	1	BA1650	7929	8	0	0	0	0	0	0	0	1	0	0
A	BL	1	68	1	1	BA1650	7934	8	7	0	0	0	0	0	0	0	0	0
A	BL	1	68	1	1	BA1650	7948	7	8	2	0	1	0	0	0	0	0	0
A	BL	1	68	1	1	BA1650	7958	8	7	0	0	0	0	0	0	0	0	0
A	BL	1	68	1	1	BA1650	7970	7	0	0	0	0	0	0	0	1	0	0
A	BL	1	68	1	1	BA1650	8012	7	8	2	0	1	0	0	0	0	0	0
A	BL	1	68	1	1	BA1650	8022	8	7	0	0	0	0	0	0	0	0	0
A	BL	1	68	1	1	BA1650	8053	7	0	0	0	0	0	0	0	1	0	0
A	BL	1	68	1	1	BA1650	8087	7	8	2	0	1	0	0	0	0	0	0
A	BL	1	68	1	1	BA1650	8097	8	7	0	0	0	0	0	0	0	0	0
A	BL	1	68	1	1	BA1650	8110	7	0	0	0	0	0	0	0	1	0	0
A	BL	1	68	1	1	BA1650	8113	7	8	2	0	1	0	0	0	0	0	0
A	BL	1	68	1	1	BA1650	8123	8	9	0	0	0	0	0	0	0	0	0
A	BL	1	68	1	1	BA1650	8133	9	10	0	0	0	0	0	0	1	0	0
A	BL	1	68	1	1	BA1650	8208	10	2	0	0	0	0	0	0	0	0	0
A	BL	1	68	1	1	BA1650	8209	2	3	0	0	0	0	0	0	0	0	0
A	BL	1	68	1	1	BA1650	8296	3	5	1	1	0	0	0	0	0	0	0
A	BL	1	68	1	1	BA1650	8306	5	4	0	0	0	0	0	0	0	0	0
A	BL	1	68	1	1	BA1650	8310	4	0	0	0	0	0	0	1	0	0	0
A	BL	1	68	1	1	BA1650	8328	4	5	1	1	0	0	0	0	0	0	0
A	BL	1	68	1	1	BA1650	8335	5	0	0	0	0	0	0	1	0	0	0
A	BL	1	68	1	1	BA1650	8338	5	4	0	0	0	0	0	0	0	0	0
A	BL	1	68	1	1	BA1650	8340	4	5	1	1	0	0	0	0	0	0	0
A	BL	1	68	1	1	BA1650	8350	5	4	0	0	0	0	0	0	0	0	0
A	BL	1	68	1	1	BA1650	8355	4	0	0	0	0	0	0	1	0	0	0
A	BL	1	68	1	1	BA1650	8360	4	5	1	1	0	0	0	0	0	0	0
A	BL	1	68	1	1	BA1650	8367	5	0	0	0	0	0	0	1	0	0	0
A	BL	1	68	1	1	BA1650	8370	5	4	0	0	0	0	0	0	0	0	0
A	BL	1	68	1	1	BA1650	8375	4	5	1	1	0	0	0	0	0	0	0
A	BL	1	68	1	1	BA1650	8385	5	9	0	0	0	0	0	0	0	0	0
A	BL	1	68	1	1	BA1650	8387	9	0	0	0	0	0	0	1	0	0	0
A	BL	1	68	1	1	BA1650	8391	9	0	0	1	0	0	0	0	0	0	0
A	BL	1	68	1	1	BA1650	8395	9	10	0	0	0	0	0	0	0	0	0
A	BL	1	68	1	1	BA1650	8417	10	0	0	0	0	0	0	1	0	0	0
A	BL	1	68	1	1	BA1650	8470	10	2	0	0	0	0	0	0	0	0	0
A	BL	1	68	1	1	BA1650	8471	2	6	0	0	0	0	0	0	0	0	0
A	BL	1	68	1	1	BA1650	8646	6	8	2	0	1	0	0	0	0	0	0
A	BL	1	68	1	1	BA1650	8656	8	7	0	0	0	0	0	0	0	0	0
A	BL	1	68	1	1	BA1650	8670	7	0	0	0	0	0	0	0	1	0	0
A	BL	1	68	1	1	BA1650	8682	7	8	2	0	1	0	0	0	0	0	0
A	BL	1	68	1	1	BA1650	8692	8	7	0	0	0	0	0	0	0	0	0
A	BL	1	68	1	1	BA1650	8737	7	0	0	0	0	0	0	0	1	0	0
A	BL	1	68	1	1	BA1650	8760	7	8	2	0	1	0	0	0	0	0	0
A	BL	1	68	1	1	BA1650	8770	8	7	0	0	0	0	0	0	0	0	0
A	BL	1	68	1	1	BA1650	8789	7	0	0	0	0	0	0	0	1	0	0
A	BL	1	68	1	1	BA1650	8792	7	8	2	0	1	0	0	0	0	0	0
A	BL	1	68	1	1	BA1650	8800	8	0	0	0	0	0	0	0	1	0	0
A	BL	1	68	1	1	BA1650	8801	8	0	0	0	1	0	0	0	0	0	0
A	BL	1	68	1	1	BA1650	8802	8	7	0	0	0	0	0	0	0	0	0
A	BL	1	68	1	1	BA1650	8806	7	0	0	0	0	0	0	0	1	0	0
A	BL	1	68	1	1	BA1650	8816	7	8	2	0	1	0	0	0	0	0	0
A	BL	1	68	1	1	BA1650	8819	8	0	0	0	0	0	0	0	1	0	0
A	BL	1	68	1	1	BA1650	8826	8	9	0	0	0	0	0	0	0	0	0
A	BL	1	68	1	1	BA1650	8834	9	0	0	0	1	0	0	0	0	0	0
A	BL	1	68	1	1	BA1650	8836	9	10	0	0	0	0	0	0	0	0	0
A	BL	1	68	1	1	BA1650	8855	10	0	0	0	0	0	0	0	1	0	0
A	BL	1	68	1	1	BA1650	8911	10	2	0	0	0	0	0	0	0	0	0
A	BL	1	68	1	1	BA1650	8912	2	6	0	0	0	0	0	0	0	0	0
A	BL	1	68	1	1	BA1650	9018	6	8	2	0	1	0	0	0	0	0	0
A	BL	1	68	1	1	BA1650	9023	8	0	0	0	0	0	0	0	1	0	0
A	BL	1	68	1	1	BA1650	9028	8	7	0	0	0	0	0	0	0	0	0
A	BL	1	68	1	1	BA1650	9035	7	8	2	0	1	0	0	0	0	0	0
A	BL	1	68	1	1	BA1650	9038	8	0	0	0	0	0	0	0	1	0	0
A	BL	1	68	1	1	BA1650	9043	8	0	0	0	1	0	0	0	0	0	0
A	BL	1	68	1	1	BA1650	9045	8	7	0	0	0	0	0	0	0	0	0
A	BL	1	68	1	1	BA1650	9068	7	0	0	0	0	0	0	0	1	0	0
A	BL	1	68	1	1	BA1650	9079	7	8	2	0	1	0	0	0	0	0	0
A	BL	1	68	1	1	BA1650	9081	8	0	0	0	0	0	0	0	1	0	0
A	BL	1	68	1	1	BA1650	9086	8	0	0	0	1	0	0	0	0	0	0
A	BL	1	68	1	1	BA1650	9088	8	0	0	0	0	0	0	0	1	0	0
A	BL	1	68	1	1	BA1650	9089	8	7	0	0	0	0	0	0	0	0	0
A	BL	1	68	1	1	BA1650	9092	7	8	2	0	1	0	0	0	0	0	0
A	BL	1	68	1	1	BA1650	9102	8	7	0	0	0	0	0	0	0	0	0
A	BL	1	68	1	1	BA1650	9115	7	0	0	0	0	0	0	0	1	0	0
A	BL	1	68	1	1	BA1650	9119	7	8	2	0	1	0	0	0	0	0	0
A	BL	1	68	1	1	BA1650	9129	8	9	0	0	0	0	0	0	0	0	0
A	BL	1	68	1	1	BA1650	9130	9	0	0	0	0	0	0	0	1	0	0
A	BL	1	68	1	1	BA1650	9139	9	10	0	0	0	0	0	0	0	0	0
A	BL	1	68	1	1	BA1650	9161	10	0	0	0	1	0	0	0	0	0	0
A	BL	1	68	1	1	BA1650	9186	10	0	0	0	0	0	0	0	1	0	0
A	BL	1	68	1	1	BA1650	9191	10	0	0	0	1	0	0	0	0	0	0
A	BL	1	68	1	1	BA1650	9214	10	2	0	0	0	0	0	0	1	0	0
A	BL	1	68	1	1	BA1650	9215	2	3	0	0	1	0	0	0	0	0	0
A	BL	1	68	1	1	BA1650	9219	3	0	0	0	0	0	0	0	1	0	0
A	BL	1	68	1	1	BA1650	9424	3	5	1	1	0	0	0	0	0	0	0
A	BL	1	68	1	1	BA1650	9434	5	4	0	0	0	0	0	0	0	0	0
A	BL	1	68	1	1	BA1650	9459	4	0	0	0	0	0	0	1	0	0	0
A	BL	1	68	1	1	BA1650	9463	4	5	1	1	0	0	0	0	0	0	0
A	BL	1	68	1	1	BA1650	9473	5	4	0	0	0	0	0	0	0	0	0
A	BL	1	68	1	1	BA1650	9494	4	0	0	0	0	0	0	1	0	0	0
A	BL	1	68	1	1	BA1650	9502	4	5	1	1	0	0	0	0	0	0	0
A	BL	1	68	1	1	BA1650	9504	5	0	0	0	0	0	0	1	0	0	0
A	BL	1	68	1	1	BA1650	9507	5	0	0	1	0	0	0	0	0	0	0
A	BL	1	68	1	1	BA1650	9512	5	4	0	0	0	0	0	0	0	0	0
A	BL	1	68	1	1	BA1650	9517	4	0	0	0	0	0	0	1	0	0	0
A	BL	1	68	1	1	BA1650	9536	4	5	1	1	0	0	0	0	0	0	0
A	BL	1	68	1	1	BA1650	9546	5	4	0	0	0	0	0	0	0	0	0
A	BL	1	68	1	1	BA1650	9557	4	0	0	0	0	0	0	1	0	0	0
A	BL	1	68	1	1	BA1650	9560	4	5	1	1	0	0	0	0	0	0	0
A	BL	1	68	1	1	BA1650	9570	5	9	0	0	0	0	0	0	0	0	0
A	BL	1	68	1	1	BA1650	9580	9	10	0	0	0	0	0	0	0	0	0
A	BL	1	68	1	1	BA1650	9586	10	0	0	0	0	0	0	1	0	0	0
A	BL	1	68	1	1	BA1650	9655	10	2	0	0	0	0	0	0	0	0	0
A	BL	1	68	1	1	BA1650	9656	2	3	0	0	0	0	0	0	0	0	0
A	BL	1	68	1	1	BA1650	9697	3	5	1	1	0	0	0	0	0	0	0
A	BL	1	68	1	1	BA1650	9707	5	4	0	0	0	0	0	0	0	0	0
A	BL	1	68	1	1	BA1650	9711	4	0	0	0	0	0	0	1	0	0	0
A	BL	1	68	1	1	BA1650	9731	4	5	1	1	0	0	0	0	0	0	0
A	BL	1	68	1	1	BA1650	9738	5	0	0	0	0	0	0	1	0	0	0
A	BL	1	68	1	1	BA1650	9741	5	4	0	0	0	0	0	0	0	0	0
A	BL	1	68	1	1	BA1650	9744	4	5	1	1	0	0	0	0	0	0	0
A	BL	1	68	1	1	BA1650	9750	5	0	0	0	0	0	0	1	0	0	0
A	BL	1	68	1	1	BA1650	9754	5	4	0	0	0	0	0	0	0	0	0
A	BL	1	68	1	1	BA1650	9762	4	5	1	1	0	0	0	0	0	0	0
A	BL	1	68	1	1	BA1650	9772	5	4	0	0	0	0	0	1	0	0	0
A	BL	1	68	1	1	BA1650	9797	4	5	1	1	0	0	0	0	0	0	0
A	BL	1	68	1	1	BA1650	9807	5	9	0	0	0	0	0	0	0	0	0
A	BL	1	68	1	1	BA1650	9817	9	10	0	0	0	0	0	0	0	0	0
A	BL	1	68	1	1	BA1650	9835	10	0	0	0	0	0	0	1	0	0	0
A	BL	1	68	1	1	BA1650	9892	10	2	0	0	0	0	0	0	0	0	0
A	BL	1	68	1	1	BA1650	9893	2	3	0	0	0	0	0	0	0	0	0
A	BL	1	68	1	1	BA1650	9968	3	5	1	1	0	0	0	0	0	0	0
A	BL	1	68	1	1	BA1650	9978	5	4	0	0	0	0	0	0	0	0	0
A	BL	1	68	1	1	BA1650	9991	4	0	0	0	0	0	0	1	0	0	0
A	BL	1	68	1	1	BA1650	9995	4	5	1	1	0	0	0	0	0	0	0
A	BL	1	68	1	1	BA1650	10005	5	4	0	0	0	0	0	0	0	0	0
A	BL	1	68	1	1	BA1650	10013	4	0	0	0	0	0	0	1	0	0	0
A	BL	1	68	1	1	BA1650	10040	4	5	1	1	0	0	0	0	0	0	0
A	BL	1	68	1	1	BA1650	10050	5	4	0	0	0	0	0	0	0	0	0
A	BL	1	68	1	1	BA1650	10070	4	0	0	0	0	0	0	1	0	0	0
A	BL	1	68	1	1	BA1650	10072	4	5	1	1	0	0	0	0	0	0	0
A	BL	1	68	1	1	BA1650	10075	5	0	0	0	0	0	0	1	0	0	0
A	BL	1	68	1	1	BA1650	10082	5	4	0	0	0	0	0	0	0	0	0
A	BL	1	68	1	1	BA1650	10084	4	5	1	1	0	0	0	0	0	0	0
A	BL	1	68	1	1	BA1650	10088	5	0	0	0	0	0	0	1	0	0	0
A	BL	1	68	1	1	BA1650	10091	5	0	0	1	0	0	0	0	0	0	0
A	BL	1	68	1	1	BA1650	10094	5	9	0	0	0	0	0	0	0	0	0
A	BL	1	68	1	1	BA1650	10100	9	0	0	0	0	0	0	1	0	0	0
A	BL	1	68	1	1	BA1650	10104	9	10	0	0	0	0	0	0	0	0	0
A	BL	1	68	1	1	BA1650	10179	10	2	0	0	0	0	0	0	0	0	0
A	BL	1	68	1	1	BA1650	10180	2	6	0	0	0	0	0	0	0	0	0
A	BL	1	68	1	1	BA1650	10609	6	8	2	0	1	0	0	0	0	0	0
A	BL	1	68	1	1	BA1650	10619	8	7	0	0	0	0	0	0	0	0	0
A	BL	1	68	1	1	BA1650	10624	7	0	0	0	0	0	0	0	1	0	0
A	BL	1	68	1	1	BA1650	10651	7	8	2	0	1	0	0	0	0	0	0
A	BL	1	68	1	1	BA1650	10661	8	7	0	0	0	0	0	0	0	0	0
A	BL	1	68	1	1	BA1650	10680	7	0	0	0	0	0	0	0	1	0	0
A	BL	1	68	1	1	BA1650	10685	7	8	2	0	1	0	0	0	0	0	0
A	BL	1	68	1	1	BA1650	10691	8	0	0	0	0	0	0	0	1	0	0
A	BL	1	68	1	1	BA1650	10695	8	7	0	0	0	0	0	0	0	0	0
A	BL	1	68	1	1	BA1650	10705	7	8	2	0	1	0	0	0	0	0	0
A	BL	1	68	1	1	BA1650	10715	8	7	0	0	0	0	0	0	0	0	0
A	BL	1	68	1	1	BA1650	10729	7	0	0	0	0	0	0	0	1	0	0
A	BL	1	68	1	1	BA1650	10730	7	8	2	0	1	0	0	0	0	0	0
A	BL	1	68	1	1	BA1650	10734	8	0	0	0	0	0	0	0	1	0	0
A	BL	1	68	1	1	BA1650	10740	8	9	0	0	1	0	0	0	0	0	0
A	BL	1	68	1	1	BA1650	10750	9	10	0	0	0	0	0	0	0	0	0
A	BL	1	68	1	1	BA1650	10751	10	0	0	0	0	0	0	0	1	0	0
A	BL	1	68	1	1	BA1650	10825	10	2	0	0	0	0	0	0	0	0	0
A	BL	1	68	1	1	BA1650	10826	2	6	0	0	0	0	0	0	0	0	0
A	BL	1	68	1	1	BA1650	10901	6	8	2	0	1	0	0	0	0	0	0
A	BL	1	68	1	1	BA1650	10911	8	7	0	0	0	0	0	0	0	0	0
A	BL	1	68	1	1	BA1650	10927	7	0	0	0	0	0	0	0	1	0	0
A	BL	1	68	1	1	BA1650	10930	7	8	2	0	1	0	0	0	0	0	0
A	BL	1	68	1	1	BA1650	10932	8	0	0	0	0	0	0	0	1	0	0
A	BL	1	68	1	1	BA1650	10935	8	0	0	0	1	0	0	0	0	0	0
A	BL	1	68	1	1	BA1650	10940	8	7	0	0	0	0	0	0	0	0	0
A	BL	1	68	1	1	BA1650	10942	7	0	0	0	0	0	0	0	1	0	0
A	BL	1	68	1	1	BA1650	10944	7	8	2	0	1	0	0	0	0	0	0
A	BL	1	68	1	1	BA1650	10952	8	0	0	0	0	0	0	0	1	0	0
A	BL	1	68	1	1	BA1650	10954	8	7	0	0	0	0	0	0	0	0	0
A	BL	1	68	1	1	BA1650	10983	7	8	2	0	1	0	0	0	0	0	0
A	BL	1	68	1	1	BA1650	10991	8	0	0	0	0	0	0	0	1	0	0
A	BL	1	68	1	1	BA1650	10993	8	7	0	0	0	0	0	0	0	0	0
A	BL	1	68	1	1	BA1650	11032	7	8	2	0	1	0	0	0	0	0	0
A	BL	1	68	1	1	BA1650	11042	8	9	0	0	0	0	0	0	0	0	0
A	BL	1	68	1	1	BA1650	11052	9	10	0	0	0	0	0	0	0	0	0
A	BL	1	68	1	1	BA1650	11061	10	0	0	0	0	0	0	0	1	0	0
A	BL	1	68	1	1	BA1650	11127	10	2	0	0	0	0	0	0	0	0	0
A	BL	1	68	1	1	BA1650	11128	2	6	0	0	0	0	0	0	0	0	0
A	BL	1	68	1	1	BA1650	11174	6	8	2	0	1	0	0	0	0	0	0
A	BL	1	68	1	1	BA1650	11181	8	0	0	0	0	0	0	0	1	0	0
A	BL	1	68	1	1	BA1650	11184	8	7	0	0	0	0	0	0	0	0	0
A	BL	1	68	1	1	BA1650	11219	7	8	2	0	1	0	0	0	0	0	0
A	BL	1	68	1	1	BA1650	11221	8	0	0	0	0	0	0	0	1	0	0
A	BL	1	68	1	1	BA1650	11225	8	0	0	0	1	0	0	0	0	0	0
A	BL	1	68	1	1	BA1650	11229	8	7	0	0	0	0	0	0	0	0	0
A	BL	1	68	1	1	BA1650	11242	7	0	0	0	0	0	0	0	1	0	0
A	BL	1	68	1	1	BA1650	11247	7	8	2	0	1	0	0	0	0	0	0
A	BL	1	68	1	1	BA1650	11257	8	7	0	0	0	0	0	0	0	0	0
A	BL	1	68	1	1	BA1650	11275	7	0	0	0	0	0	0	0	1	0	0
A	BL	1	68	1	1	BA1650	11281	7	8	2	0	1	0	0	0	0	0	0
A	BL	1	68	1	1	BA1650	11291	8	7	0	0	0	0	0	0	0	0	0
A	BL	1	68	1	1	BA1650	11297	7	0	0	0	0	0	0	0	1	0	0
A	BL	1	68	1	1	BA1650	11301	7	8	2	0	1	0	0	0	0	0	0
A	BL	1	68	1	1	BA1650	11311	8	9	0	0	0	0	0	0	0	0	0
A	BL	1	68	1	1	BA1650	11313	9	0	0	0	0	0	0	0	1	0	0
A	BL	1	68	1	1	BA1650	11321	9	10	0	0	0	0	0	0	0	0	0
A	BL	1	68	1	1	BA1650	11396	10	2	0	0	0	0	0	0	0	0	0
A	BL	1	68	1	1	BA1650	11397	2	3	0	0	0	0	0	0	0	0	0
A	BL	1	68	1	1	BA1650	11591	3	5	1	1	0	0	0	0	0	0	0
A	BL	1	68	1	1	BA1650	11601	5	4	0	0	0	0	0	0	0	0	0
A	BL	1	68	1	1	BA1650	11607	4	0	0	0	0	0	0	1	0	0	0
A	BL	1	68	1	1	BA1650	11610	4	5	1	1	0	0	0	0	0	0	0
A	BL	1	68	1	1	BA1650	11620	5	4	0	0	0	0	0	0	0	0	0
A	BL	1	68	1	1	BA1650	11636	4	0	0	0	0	0	0	1	0	0	0
A	BL	1	68	1	1	BA1650	11638	4	5	1	1	0	0	0	0	0	0	0
A	BL	1	68	1	1	BA1650	11648	5	4	0	0	0	0	0	0	0	0	0
A	BL	1	68	1	1	BA1650	11667	4	0	0	0	0	0	0	1	0	0	0
A	BL	1	68	1	1	BA1650	11701	4	5	1	1	0	0	0	0	0	0	0
A	BL	1	68	1	1	BA1650	11711	5	4	0	0	0	0	0	0	0	0	0
A	BL	1	68	1	1	BA1650	11718	4	0	0	0	0	0	0	1	0	0	0
A	BL	1	68	1	1	BA1650	11720	4	5	1	1	0	0	0	0	0	0	0
A	BL	1	68	1	1	BA1650	11730	5	9	0	0	0	0	0	0	0	0	0
A	BL	1	68	1	1	BA1650	11740	9	10	0	0	0	0	0	0	0	0	0
A	BL	1	68	1	1	BA1650	11743	10	0	0	0	0	0	0	1	0	0	0
A	BL	1	68	1	1	BA1650	11815	10	2	0	0	0	0	0	0	0	0	0
A	BL	1	68	1	1	BA1650	11816	2	3	0	0	0	0	0	0	0	0	0
A	BL	1	68	1	1	BA1650	11842	3	5	1	1	0	0	0	0	0	0	0
A	BL	1	68	1	1	BA1650	11852	5	4	0	0	0	0	0	0	0	0	0
A	BL	1	68	1	1	BA1650	11888	4	0	0	0	0	0	0	1	0	0	0
A	BL	1	68	1	1	BA1650	11892	4	5	1	1	0	0	0	0	0	0	0
A	BL	1	68	1	1	BA1650	11902	5	4	0	0	0	0	0	0	0	0	0
A	BL	1	68	1	1	BA1650	11909	4	0	0	0	0	0	0	1	0	0	0
A	BL	1	68	1	1	BA1650	11915	4	5	1	1	0	0	0	0	0	0	0
A	BL	1	68	1	1	BA1650	11925	5	4	0	0	0	0	0	0	0	0	0
A	BL	1	68	1	1	BA1650	11930	4	0	0	0	0	0	0	1	0	0	0
A	BL	1	68	1	1	BA1650	11970	4	5	1	1	0	0	0	0	0	0	0
A	BL	1	68	1	1	BA1650	11980	5	4	0	0	0	0	0	0	0	0	0
A	BL	1	68	1	1	BA1650	11993	4	0	0	0	0	0	0	1	0	0	0
A	BL	1	68	1	1	BA1650	11997	4	5	1	1	0	0	0	0	0	0	0
A	BL	1	68	1	1	BA1650	12007	5	9	0	0	0	0	0	0	0	0	0
A	BL	1	68	1	1	BA1650	12017	9	10	0	0	0	0	0	0	0	0	0
A	BL	1	68	1	1	BA1650	12018	10	0	0	0	0	0	0	1	0	0	0
A	BL	1	68	1	1	BA1650	12092	10	2	0	0	0	0	0	0	0	0	0
A	BL	1	68	1	1	BA1650	12093	2	3	0	0	0	0	0	0	0	0	0
A	BL	1	68	1	1	BA1650	12134	3	5	1	1	0	0	0	0	0	0	0
A	BL	1	68	1	1	BA1650	12144	5	4	0	0	0	0	0	0	0	0	0
A	BL	1	68	1	1	BA1650	12158	4	0	0	0	0	0	0	1	0	0	0
A	BL	1	68	1	1	BA1650	12196	4	5	1	1	0	0	0	0	0	0	0
A	BL	1	68	1	1	BA1650	12200	5	0	0	0	0	0	0	1	0	0	0
A	BL	1	68	1	1	BA1650	12206	5	4	0	0	0	0	0	0	0	0	0
A	BL	1	68	1	1	BA1650	12209	4	5	1	1	0	0	0	0	0	0	0
A	BL	1	68	1	1	BA1650	12216	5	0	0	0	0	0	0	1	0	0	0
A	BL	1	68	1	1	BA1650	12219	5	4	0	0	0	0	0	0	0	0	0
A	BL	1	68	1	1	BA1650	12258	4	5	1	1	0	0	0	0	0	0	0
A	BL	1	68	1	1	BA1650	12268	5	4	0	0	0	0	0	0	0	0	0
A	BL	1	68	1	1	BA1650	12283	4	5	1	1	0	0	0	1	0	0	0
A	BL	1	68	1	1	BA1650	12285	5	0	0	0	0	0	0	1	0	0	0
A	BL	1	68	1	1	BA1650	12289	5	0	0	1	0	0	0	0	0	0	0
A	BL	1	68	1	1	BA1650	12293	5	9	0	0	0	0	0	0	0	0	0
A	BL	1	68	1	1	BA1650	12303	9	10	0	0	0	0	0	0	0	0	0
A	BL	1	68	1	1	BA1650	12318	10	0	0	0	0	0	0	1	0	0	0
A	BL	1	68	1	1	BA1650	12378	10	2	0	0	0	0	0	0	0	0	0
A	BL	1	68	1	1	BA1650	12379	2	6	0	0	0	0	0	0	0	0	0
A	BL	1	68	1	1	BA1650	12599	6	8	2	0	1	0	0	0	0	0	0
A	BL	1	68	1	1	BA1650	12609	8	7	0	0	0	0	0	0	0	0	0
A	BL	1	68	1	1	BA1650	12620	7	0	0	0	0	0	0	0	1	0	0
A	BL	1	68	1	1	BA1650	12644	7	8	2	0	1	0	0	0	0	0	0
A	BL	1	68	1	1	BA1650	12654	8	7	0	0	0	0	0	0	0	0	0
A	BL	1	68	1	1	BA1650	12695	7	0	0	0	0	0	0	0	1	0	0
A	BL	1	68	1	1	BA1650	12724	7	8	2	0	1	0	0	0	0	0	0
A	BL	1	68	1	1	BA1650	12734	8	7	0	0	0	0	0	0	0	0	0
A	BL	1	68	1	1	BA1650	12758	7	0	0	0	0	0	0	0	1	0	0
A	BL	1	68	1	1	BA1650	12836	7	8	2	0	1	0	0	0	0	0	0
A	BL	1	68	1	1	BA1650	12846	8	7	0	0	0	0	0	0	0	0	0
A	BL	1	68	1	1	BA1650	12873	7	0	0	0	0	0	0	0	1	0	0
A	BL	1	68	1	1	BA1650	12893	7	8	2	0	1	0	0	0	0	0	0
A	BL	1	68	1	1	BA1650	12903	8	9	0	0	0	0	0	0	0	0	0
A	BL	1	68	1	1	BA1650	12913	9	10	0	0	0	0	0	0	0	0	0
A	BL	1	68	1	1	BA1650	12915	10	0	0	0	0	0	0	0	1	0	0
A	BL	1	68	1	1	BA1650	12988	10	2	0	0	0	0	0	0	0	0	0
A	BL	1	68	1	1	BA1650	12989	2	3	0	0	0	0	0	0	0	0	0
A	BL	1	68	1	1	BA1650	13034	3	5	1	1	0	0	0	0	0	0	0
A	BL	1	68	1	1	BA1650	13044	5	4	0	0	0	0	0	0	0	0	0
A	BL	1	68	1	1	BA1650	13056	4	0	0	0	0	0	0	1	0	0	0
A	BL	1	68	1	1	BA1650	13062	4	5	1	1	0	0	0	0	0	0	0
A	BL	1	68	1	1	BA1650	13072	5	4	0	0	0	0	0	0	0	0	0
A	BL	1	68	1	1	BA1650	13076	4	0	0	0	0	0	0	1	0	0	0
A	BL	1	68	1	1	BA1650	13080	4	5	1	1	0	0	0	0	0	0	0
A	BL	1	68	1	1	BA1650	13086	5	0	0	0	0	0	0	1	0	0	0
A	BL	1	68	1	1	BA1650	13090	5	4	0	0	0	0	0	0	0	0	0
A	BL	1	68	1	1	BA1650	13092	4	5	1	1	0	0	0	0	0	0	0
A	BL	1	68	1	1	BA1650	13102	5	4	0	0	0	0	0	0	0	0	0
A	BL	1	68	1	1	BA1650	13113	4	0	0	0	0	0	0	1	0	0	0
A	BL	1	68	1	1	BA1650	13146	4	5	1	1	0	0	0	0	0	0	0
A	BL	1	68	1	1	BA1650	13156	5	9	0	0	0	0	0	0	0	0	0
A	BL	1	68	1	1	BA1650	13166	9	10	0	0	0	0	0	0	0	0	0
A	BL	1	68	1	1	BA1650	13168	10	0	0	0	0	0	0	1	0	0	0
A	BL	1	68	1	1	BA1650	13241	10	2	0	0	0	0	0	0	0	0	0
A	BL	1	68	1	1	BA1650	13242	2	6	0	0	0	0	0	0	0	0	0
A	BL	1	68	1	1	BA1650	13301	6	0	0	1	0	0	0	0	0	0	0
A	BL	1	68	1	1	BA1650	13309	6	0	0	0	0	0	0	1	0	0	0
A	BL	1	68	1	1	BA1650	13400	6	0	0	1	0	0	0	0	0	0	0
A	BL	1	68	1	1	BA1650	13404	6	0	0	0	0	0	0	1	0	0	0
A	BL	1	68	1	1	BA1650	13431	6	0	0	1	0	0	0	0	0	0	0
A	BL	1	68	1	1	BA1650	13454	6	0	0	0	0	0	0	1	0	0	0
A	BL	1	68	1	1	BA1650	13685	6	8	2	0	1	0	0	0	0	0	0
A	BL	1	68	1	1	BA1650	13695	8	7	0	0	0	0	0	0	0	0	0
A	BL	1	68	1	1	BA1650	13696	7	0	0	0	0	0	0	0	1	0	0
A	BL	1	68	1	1	BA1650	13733	7	8	2	0	1	0	0	0	0	0	0
A	BL	1	68	1	1	BA1650	13743	8	7	0	0	0	0	0	0	0	0	0
A	BL	1	68	1	1	BA1650	13779	7	0	0	0	0	0	0	0	1	0	0
A	BL	1	68	1	1	BA1650	13830	7	8	2	0	1	0	0	0	0	0	0
A	BL	1	68	1	1	BA1650	13840	8	7	0	0	0	0	0	0	0	0	0
A	BL	1	68	1	1	BA1650	13855	7	0	0	0	0	0	0	0	1	0	0
A	BL	1	68	1	1	BA1650	13862	7	8	2	0	1	0	0	0	0	0	0
A	BL	1	68	1	1	BA1650	13872	8	7	0	0	0	0	0	0	0	0	0
A	BL	1	68	1	1	BA1650	13969	7	0	0	0	0	0	0	0	1	0	0
A	BL	1	68	1	1	BA1650	13971	7	8	2	0	1	0	0	0	0	0	0
A	BL	1	68	1	1	BA1650	13981	8	9	0	0	0	0	0	0	0	0	0
A	BL	1	68	1	1	BA1650	13991	9	10	0	0	0	0	0	0	0	0	0
A	BL	1	68	1	1	BA1650	13998	10	0	0	0	0	0	0	0	1	0	0
A	BL	1	68	1	1	BA1650	14066	10	2	0	0	0	0	0	0	0	0	0
A	BL	1	68	1	1	BA1650	14067	2	3	0	0	0	0	0	0	0	0	0
A	BL	1	68	1	1	BA1650	14144	3	0	0	0	1	0	0	0	0	0	0
A	BL	1	68	1	1	BA1650	14150	3	0	0	0	0	0	0	0	1	0	0
A	BL	1	68	1	1	BA1650	14197	3	5	1	1	0	0	0	0	0	0	0
A	BL	1	68	1	1	BA1650	14207	5	4	0	0	0	0	0	0	0	0	0
A	BL	1	68	1	1	BA1650	14215	4	0	0	0	0	0	0	1	0	0	0
A	BL	1	68	1	1	BA1650	14223	4	5	1	1	0	0	0	0	0	0	0
A	BL	1	68	1	1	BA1650	14230	5	0	0	0	0	0	0	1	0	0	0
A	BL	1	68	1	1	BA1650	14233	5	4	0	0	0	0	0	0	0	0	0
A	BL	1	68	1	1	BA1650	14235	4	5	1	1	0	0	0	0	0	0	0
A	BL	1	68	1	1	BA1650	14243	5	0	0	0	0	0	0	1	0	0	0
A	BL	1	68	1	1	BA1650	14245	5	4	0	0	0	0	0	0	0	0	0
A	BL	1	68	1	1	BA1650	14258	4	5	1	1	0	0	0	0	0	0	0
A	BL	1	68	1	1	BA1650	14264	5	0	0	0	0	0	0	1	0	0	0
A	BL	1	68	1	1	BA1650	14268	5	4	0	0	0	0	0	0	0	0	0
A	BL	1	68	1	1	BA1650	14269	4	5	1	1	0	0	0	0	0	0	0
A	BL	1	68	1	1	BA1650	14279	5	9	0	0	0	0	0	0	0	0	0
A	BL	1	68	1	1	BA1650	14289	9	10	0	0	0	0	0	0	0	0	0
A	BL	1	68	1	1	BA1650	14300	10	0	0	0	0	0	0	1	0	0	0
A	BL	1	68	1	1	BA1650	14364	10	2	0	0	0	0	0	0	0	0	0
A	BL	1	68	1	1	BA1650	14365	2	3	0	0	0	0	0	0	0	0	0
A	BL	1	68	1	1	BA1650	14395	3	5	1	1	0	0	0	0	0	0	0
A	BL	1	68	1	1	BA1650	14405	5	4	0	0	0	0	0	0	0	0	0
A	BL	1	68	1	1	BA1650	14416	4	0	0	0	0	0	0	1	0	0	0
A	BL	1	68	1	1	BA1650	14420	4	5	1	1	0	0	0	0	0	0	0
A	BL	1	68	1	1	BA1650	14429	5	0	0	0	0	0	0	1	0	0	0
A	BL	1	68	1	1	BA1650	14430	5	4	0	0	0	0	0	0	0	0	0
A	BL	1	68	1	1	BA1650	14435	4	5	1	1	0	0	0	0	0	0	0
A	BL	1	68	1	1	BA1650	14445	5	4	0	0	0	0	0	0	0	0	0
A	BL	1	68	1	1	BA1650	14446	4	0	0	0	0	0	0	1	0	0	0
A	BL	1	68	1	1	BA1650	14451	4	5	1	1	0	0	0	0	0	0	0
A	BL	1	68	1	1	BA1650	14461	5	4	0	0	0	0	0	0	0	0	0
A	BL	1	68	1	1	BA1650	14508	4	0	0	0	0	0	0	1	0	0	0
A	BL	1	68	1	1	BA1650	14547	4	5	1	1	0	0	0	0	0	0	0
A	BL	1	68	1	1	BA1650	14553	5	0	0	0	0	0	0	1	0	0	0
A	BL	1	68	1	1	BA1650	14557	5	9	0	0	0	0	0	0	0	0	0
A	BL	1	68	1	1	BA1650	14567	9	-1	0	0	0	0	0	0	0	0	0
