Project	UserID	Protocol	Session	Station	Run	Subject	Time	Current State	Transition State	Transition Event	A1 - LEFT	A2 - RIGHT	A3 - 	A4 - 	A[1] LEFT	A[2] RIGHT	A[3] 	A[4] 
A	BL	2	81	1	1	BA1652	0	0	1	0	0	0	0	0	0	0	0	0
A	BL	2	81	1	1	BA1652	50	1	2	0	0	0	0	0	0	0	0	0
A	BL	2	81	1	1	BA1652	51	2	6	0	0	0	0	0	0	0	0	0
A	BL	2	81	1	1	BA1652	700	6	8	2	0	1	0	0	0	0	0	0
A	BL	2	81	1	1	BA1652	710	8	7	0	0	0	0	0	0	0	0	0
A	BL	2	81	1	1	BA1652	715	7	0	0	0	0	0	0	0	1	0	0
A	BL	2	81	1	1	BA1652	722	7	8	2	0	1	0	0	0	0	0	0
A	BL	2	81	1	1	BA1652	731	8	0	0	0	0	0	0	0	1	0	0
A	BL	2	81	1	1	BA1652	732	8	7	0	0	0	0	0	0	0	0	0
A	BL	2	81	1	1	BA1652	850	7	8	2	0	1	0	0	0	0	0	0
A	BL	2	81	1	1	BA1652	854	8	0	0	0	0	0	0	0	1	0	0
A	BL	2	81	1	1	BA1652	860	8	7	0	0	0	0	0	0	0	0	0
A	BL	2	81	1	1	BA1652	871	7	8	2	0	1	0	0	0	0	0	0
A	BL	2	81	1	1	BA1652	873	8	0	0	0	0	0	0	0	1	0	0
A	BL	2	81	1	1	BA1652	877	8	0	0	0	1	0	0	0	0	0	0
A	BL	2	81	1	1	BA1652	879	8	0	0	0	0	0	0	0	1	0	0
A	BL	2	81	1	1	BA1652	881	8	7	0	0	0	0	0	0	0	0	0
A	BL	2	81	1	1	BA1652	883	7	8	2	0	1	0	0	0	0	0	0
A	BL	2	81	1	1	BA1652	893	8	7	0	0	0	0	0	0	1	0	0
A	BL	2	81	1	1	BA1652	1105	7	8	2	0	1	0	0	0	0	0	0
A	BL	2	81	1	1	BA1652	1107	8	0	0	0	0	0	0	0	1	0	0
A	BL	2	81	1	1	BA1652	1110	8	0	0	0	1	0	0	0	0	0	0
A	BL	2	81	1	1	BA1652	1114	8	0	0	0	0	0	0	0	1	0	0
A	BL	2	81	1	1	BA1652	1115	8	7	0	0	0	0	0	0	0	0	0
A	BL	2	81	1	1	BA1652	1117	7	8	2	0	1	0	0	0	0	0	0
A	BL	2	81	1	1	BA1652	1127	8	7	0	0	0	0	0	0	1	0	0
A	BL	2	81	1	1	BA1652	1150	7	8	2	0	1	0	0	0	0	0	0
A	BL	2	81	1	1	BA1652	1160	8	7	0	0	0	0	0	0	0	0	0
A	BL	2	81	1	1	BA1652	1166	7	0	0	0	0	0	0	0	1	0	0
A	BL	2	81	1	1	BA1652	1188	7	8	2	0	1	0	0	0	0	0	0
A	BL	2	81	1	1	BA1652	1198	8	7	0	0	0	0	0	0	0	0	0
A	BL	2	81	1	1	BA1652	1223	7	0	0	0	0	0	0	0	1	0	0
A	BL	2	81	1	1	BA1652	1339	7	0	0	1	0	0	0	0	0	0	0
A	BL	2	81	1	1	BA1652	1342	7	0	0	0	0	0	0	1	0	0	0
A	BL	2	81	1	1	BA1652	1392	7	8	2	0	1	0	0	0	0	0	0
A	BL	2	81	1	1	BA1652	1397	8	0	0	0	0	0	0	0	1	0	0
A	BL	2	81	1	1	BA1652	1402	8	9	0	0	0	0	0	0	0	0	0
A	BL	2	81	1	1	BA1652	1404	9	0	0	0	1	0	0	0	0	0	0
A	BL	2	81	1	1	BA1652	1412	9	10	0	0	0	0	0	0	0	0	0
A	BL	2	81	1	1	BA1652	1418	10	0	0	0	0	0	0	0	1	0	0
A	BL	2	81	1	1	BA1652	1487	10	2	0	0	0	0	0	0	0	0	0
A	BL	2	81	1	1	BA1652	1488	2	6	0	0	0	0	0	0	0	0	0
A	BL	2	81	1	1	BA1652	1567	6	8	2	0	1	0	0	0	0	0	0
A	BL	2	81	1	1	BA1652	1576	8	0	0	0	0	0	0	0	1	0	0
A	BL	2	81	1	1	BA1652	1577	8	7	0	0	0	0	0	0	0	0	0
A	BL	2	81	1	1	BA1652	1581	7	8	2	0	1	0	0	0	0	0	0
A	BL	2	81	1	1	BA1652	1584	8	0	0	0	0	0	0	0	1	0	0
A	BL	2	81	1	1	BA1652	1591	8	7	0	0	0	0	0	0	0	0	0
A	BL	2	81	1	1	BA1652	1636	7	8	2	0	1	0	0	0	0	0	0
A	BL	2	81	1	1	BA1652	1640	8	0	0	0	0	0	0	0	1	0	0
A	BL	2	81	1	1	BA1652	1643	8	0	0	0	1	0	0	0	0	0	0
A	BL	2	81	1	1	BA1652	1646	8	7	0	0	0	0	0	0	0	0	0
A	BL	2	81	1	1	BA1652	1648	7	0	0	0	0	0	0	0	1	0	0
A	BL	2	81	1	1	BA1652	1679	7	8	2	0	1	0	0	0	0	0	0
A	BL	2	81	1	1	BA1652	1687	8	0	0	0	0	0	0	0	1	0	0
A	BL	2	81	1	1	BA1652	1689	8	7	0	0	0	0	0	0	0	0	0
A	BL	2	81	1	1	BA1652	1691	7	8	2	0	1	0	0	0	0	0	0
A	BL	2	81	1	1	BA1652	1694	8	0	0	0	0	0	0	0	1	0	0
A	BL	2	81	1	1	BA1652	1701	8	7	0	0	0	0	0	0	0	0	0
A	BL	2	81	1	1	BA1652	1722	7	8	2	0	1	0	0	0	0	0	0
A	BL	2	81	1	1	BA1652	1727	8	0	0	0	0	0	0	0	1	0	0
A	BL	2	81	1	1	BA1652	1732	8	7	0	0	0	0	0	0	0	0	0
A	BL	2	81	1	1	BA1652	1735	7	8	2	0	1	0	0	0	0	0	0
A	BL	2	81	1	1	BA1652	1739	8	0	0	0	0	0	0	0	1	0	0
A	BL	2	81	1	1	BA1652	1745	8	7	0	0	0	0	0	0	0	0	0
A	BL	2	81	1	1	BA1652	1767	7	8	2	0	1	0	0	0	0	0	0
A	BL	2	81	1	1	BA1652	1773	8	0	0	0	0	0	0	0	1	0	0
A	BL	2	81	1	1	BA1652	1777	8	7	0	0	0	0	0	0	0	0	0
A	BL	2	81	1	1	BA1652	1898	7	8	2	0	1	0	0	0	0	0	0
A	BL	2	81	1	1	BA1652	1908	8	7	0	0	0	0	0	0	0	0	0
A	BL	2	81	1	1	BA1652	1941	7	0	0	0	0	0	0	0	1	0	0
A	BL	2	81	1	1	BA1652	1943	7	8	2	0	1	0	0	0	0	0	0
A	BL	2	81	1	1	BA1652	1946	8	0	0	0	0	0	0	0	1	0	0
A	BL	2	81	1	1	BA1652	1953	8	9	0	0	0	0	0	0	0	0	0
A	BL	2	81	1	1	BA1652	1963	9	10	0	0	0	0	0	0	0	0	0
A	BL	2	81	1	1	BA1652	2038	10	2	0	0	0	0	0	0	0	0	0
A	BL	2	81	1	1	BA1652	2039	2	6	0	0	0	0	0	0	0	0	0
A	BL	2	81	1	1	BA1652	2138	6	8	2	0	1	0	0	0	0	0	0
A	BL	2	81	1	1	BA1652	2142	8	0	0	0	0	0	0	0	1	0	0
A	BL	2	81	1	1	BA1652	2148	8	7	0	0	0	0	0	0	0	0	0
A	BL	2	81	1	1	BA1652	2166	7	8	2	0	1	0	0	0	0	0	0
A	BL	2	81	1	1	BA1652	2176	8	7	0	0	0	0	0	0	0	0	0
A	BL	2	81	1	1	BA1652	2179	7	0	0	0	0	0	0	0	1	0	0
A	BL	2	81	1	1	BA1652	2188	7	8	2	0	1	0	0	0	0	0	0
A	BL	2	81	1	1	BA1652	2189	8	0	0	0	0	0	0	0	1	0	0
A	BL	2	81	1	1	BA1652	2190	8	0	0	0	1	0	0	0	0	0	0
A	BL	2	81	1	1	BA1652	2192	8	0	0	0	0	0	0	0	1	0	0
A	BL	2	81	1	1	BA1652	2197	8	0	0	0	1	0	0	0	0	0	0
A	BL	2	81	1	1	BA1652	2198	8	7	0	0	0	0	0	0	0	0	0
A	BL	2	81	1	1	BA1652	2210	7	0	0	0	0	0	0	0	1	0	0
A	BL	2	81	1	1	BA1652	2227	7	8	2	0	1	0	0	0	0	0	0
A	BL	2	81	1	1	BA1652	2237	8	7	0	0	0	0	0	0	0	0	0
A	BL	2	81	1	1	BA1652	2247	7	0	0	0	0	0	0	0	1	0	0
A	BL	2	81	1	1	BA1652	2262	7	8	2	0	1	0	0	0	0	0	0
A	BL	2	81	1	1	BA1652	2265	8	0	0	0	0	0	0	0	1	0	0
A	BL	2	81	1	1	BA1652	2272	8	7	0	0	1	0	0	0	0	0	0
A	BL	2	81	1	1	BA1652	2288	7	0	0	0	0	0	0	0	1	0	0
A	BL	2	81	1	1	BA1652	2289	7	8	2	0	1	0	0	0	0	0	0
A	BL	2	81	1	1	BA1652	2299	8	7	0	0	0	0	0	0	0	0	0
A	BL	2	81	1	1	BA1652	2303	7	0	0	0	0	0	0	0	1	0	0
A	BL	2	81	1	1	BA1652	2362	7	8	2	0	1	0	0	0	0	0	0
A	BL	2	81	1	1	BA1652	2372	8	7	0	0	0	0	0	0	0	0	0
A	BL	2	81	1	1	BA1652	2377	7	0	0	0	0	0	0	0	1	0	0
A	BL	2	81	1	1	BA1652	2407	7	8	2	0	1	0	0	0	0	0	0
A	BL	2	81	1	1	BA1652	2413	8	0	0	0	0	0	0	0	1	0	0
A	BL	2	81	1	1	BA1652	2417	8	7	0	0	0	0	0	0	0	0	0
A	BL	2	81	1	1	BA1652	2432	7	8	2	0	1	0	0	0	0	0	0
A	BL	2	81	1	1	BA1652	2442	8	7	0	0	0	0	0	0	0	0	0
A	BL	2	81	1	1	BA1652	2443	7	0	0	0	0	0	0	0	1	0	0
A	BL	2	81	1	1	BA1652	2447	7	8	2	0	1	0	0	0	0	0	0
A	BL	2	81	1	1	BA1652	2449	8	0	0	0	0	0	0	0	1	0	0
A	BL	2	81	1	1	BA1652	2450	8	0	0	0	1	0	0	0	0	0	0
A	BL	2	81	1	1	BA1652	2454	8	0	0	0	0	0	0	0	1	0	0
A	BL	2	81	1	1	BA1652	2457	8	9	0	0	0	0	0	0	0	0	0
A	BL	2	81	1	1	BA1652	2464	9	0	0	0	1	0	0	0	0	0	0
A	BL	2	81	1	1	BA1652	2467	9	10	0	0	0	0	0	0	0	0	0
A	BL	2	81	1	1	BA1652	2493	10	0	0	0	0	0	0	0	1	0	0
A	BL	2	81	1	1	BA1652	2542	10	2	0	0	0	0	0	0	0	0	0
A	BL	2	81	1	1	BA1652	2543	2	3	0	0	0	0	0	0	0	0	0
A	BL	2	81	1	1	BA1652	2586	3	5	1	1	0	0	0	0	0	0	0
A	BL	2	81	1	1	BA1652	2596	5	4	0	0	0	0	0	0	0	0	0
A	BL	2	81	1	1	BA1652	2601	4	0	0	0	0	0	0	1	0	0	0
A	BL	2	81	1	1	BA1652	2631	4	5	1	1	0	0	0	0	0	0	0
A	BL	2	81	1	1	BA1652	2641	5	4	0	0	0	0	0	1	0	0	0
A	BL	2	81	1	1	BA1652	2734	4	5	1	1	0	0	0	0	0	0	0
A	BL	2	81	1	1	BA1652	2739	5	0	0	0	0	0	0	1	0	0	0
A	BL	2	81	1	1	BA1652	2744	5	4	0	0	0	0	0	0	0	0	0
A	BL	2	81	1	1	BA1652	2749	4	5	1	1	0	0	0	0	0	0	0
A	BL	2	81	1	1	BA1652	2754	5	0	0	0	0	0	0	1	0	0	0
A	BL	2	81	1	1	BA1652	2759	5	4	0	0	0	0	0	0	0	0	0
A	BL	2	81	1	1	BA1652	2829	4	5	1	1	0	0	0	0	0	0	0
A	BL	2	81	1	1	BA1652	2831	5	0	0	0	0	0	0	1	0	0	0
A	BL	2	81	1	1	BA1652	2839	5	9	0	0	0	0	0	0	0	0	0
A	BL	2	81	1	1	BA1652	2849	9	10	0	0	0	0	0	0	0	0	0
A	BL	2	81	1	1	BA1652	2924	10	2	0	0	0	0	0	0	0	0	0
A	BL	2	81	1	1	BA1652	2925	2	6	0	0	0	0	0	0	0	0	0
A	BL	2	81	1	1	BA1652	2976	6	8	2	0	1	0	0	0	0	0	0
A	BL	2	81	1	1	BA1652	2986	8	7	0	0	0	0	0	0	0	0	0
A	BL	2	81	1	1	BA1652	3066	7	0	0	0	0	0	0	0	1	0	0
A	BL	2	81	1	1	BA1652	3104	7	8	2	0	1	0	0	0	0	0	0
A	BL	2	81	1	1	BA1652	3106	8	0	0	0	0	0	0	0	1	0	0
A	BL	2	81	1	1	BA1652	3113	8	0	0	0	1	0	0	0	0	0	0
A	BL	2	81	1	1	BA1652	3114	8	7	0	0	0	0	0	0	0	0	0
A	BL	2	81	1	1	BA1652	3117	7	0	0	0	0	0	0	0	1	0	0
A	BL	2	81	1	1	BA1652	3130	7	8	2	0	1	0	0	0	0	0	0
A	BL	2	81	1	1	BA1652	3134	8	0	0	0	0	0	0	0	1	0	0
A	BL	2	81	1	1	BA1652	3140	8	7	0	0	0	0	0	0	0	0	0
A	BL	2	81	1	1	BA1652	3159	7	8	2	0	1	0	0	0	0	0	0
A	BL	2	81	1	1	BA1652	3162	8	0	0	0	0	0	0	0	1	0	0
A	BL	2	81	1	1	BA1652	3169	8	7	0	0	0	0	0	0	0	0	0
A	BL	2	81	1	1	BA1652	3178	7	8	2	0	1	0	0	0	0	0	0
A	BL	2	81	1	1	BA1652	3188	8	7	0	0	0	0	0	0	0	0	0
A	BL	2	81	1	1	BA1652	3189	7	0	0	0	0	0	0	0	1	0	0
A	BL	2	81	1	1	BA1652	3203	7	8	2	0	1	0	0	0	0	0	0
A	BL	2	81	1	1	BA1652	3213	8	7	0	0	0	0	0	0	0	0	0
A	BL	2	81	1	1	BA1652	3221	7	0	0	0	0	0	0	0	1	0	0
A	BL	2	81	1	1	BA1652	3222	7	8	2	0	1	0	0	0	0	0	0
A	BL	2	81	1	1	BA1652	3226	8	0	0	0	0	0	0	0	1	0	0
A	BL	2	81	1	1	BA1652	3227	8	0	0	0	1	0	0	0	0	0	0
A	BL	2	81	1	1	BA1652	3229	8	0	0	0	0	0	0	0	1	0	0
A	BL	2	81	1	1	BA1652	3232	8	7	0	0	0	0	0	0	0	0	0
A	BL	2	81	1	1	BA1652	3241	7	8	2	0	1	0	0	0	0	0	0
A	BL	2	81	1	1	BA1652	3248	8	0	0	0	0	0	0	0	1	0	0
A	BL	2	81	1	1	BA1652	3251	8	7	0	0	0	0	0	0	0	0	0
A	BL	2	81	1	1	BA1652	3259	7	8	2	0	1	0	0	0	0	0	0
A	BL	2	81	1	1	BA1652	3264	8	0	0	0	0	0	0	0	1	0	0
A	BL	2	81	1	1	BA1652	3269	8	7	0	0	0	0	0	0	0	0	0
A	BL	2	81	1	1	BA1652	3313	7	8	2	0	1	0	0	0	0	0	0
A	BL	2	81	1	1	BA1652	3317	8	0	0	0	0	0	0	0	1	0	0
A	BL	2	81	1	1	BA1652	3323	8	9	0	0	0	0	0	0	0	0	0
A	BL	2	81	1	1	BA1652	3333	9	10	0	0	0	0	0	0	0	0	0
A	BL	2	81	1	1	BA1652	3408	10	2	0	0	0	0	0	0	0	0	0
A	BL	2	81	1	1	BA1652	3409	2	6	0	0	0	0	0	0	0	0	0
A	BL	2	81	1	1	BA1652	3501	6	0	0	1	0	0	0	0	0	0	0
A	BL	2	81	1	1	BA1652	3515	6	0	0	0	0	0	0	1	0	0	0
A	BL	2	81	1	1	BA1652	3516	6	0	0	1	0	0	0	0	0	0	0
A	BL	2	81	1	1	BA1652	3521	6	0	0	0	0	0	0	1	0	0	0
A	BL	2	81	1	1	BA1652	3523	6	0	0	1	0	0	0	0	0	0	0
A	BL	2	81	1	1	BA1652	3535	6	0	0	0	0	0	0	1	0	0	0
A	BL	2	81	1	1	BA1652	3624	6	0	0	1	0	0	0	0	0	0	0
A	BL	2	81	1	1	BA1652	3632	6	0	0	0	0	0	0	1	0	0	0
A	BL	2	81	1	1	BA1652	3735	6	8	2	0	1	0	0	0	0	0	0
A	BL	2	81	1	1	BA1652	3742	8	0	0	0	0	0	0	0	1	0	0
A	BL	2	81	1	1	BA1652	3745	8	7	0	0	0	0	0	0	0	0	0
A	BL	2	81	1	1	BA1652	3772	7	8	2	0	1	0	0	0	0	0	0
A	BL	2	81	1	1	BA1652	3782	8	7	0	0	0	0	0	0	0	0	0
A	BL	2	81	1	1	BA1652	3784	7	0	0	0	0	0	0	0	1	0	0
A	BL	2	81	1	1	BA1652	3790	7	8	2	0	1	0	0	0	0	0	0
A	BL	2	81	1	1	BA1652	3797	8	0	0	0	0	0	0	0	1	0	0
A	BL	2	81	1	1	BA1652	3800	8	7	0	0	0	0	0	0	0	0	0
A	BL	2	81	1	1	BA1652	3819	7	8	2	0	1	0	0	0	0	0	0
A	BL	2	81	1	1	BA1652	3821	8	0	0	0	0	0	0	0	1	0	0
A	BL	2	81	1	1	BA1652	3829	8	7	0	0	0	0	0	0	0	0	0
A	BL	2	81	1	1	BA1652	3881	7	8	2	0	1	0	0	0	0	0	0
A	BL	2	81	1	1	BA1652	3891	8	7	0	0	0	0	0	0	0	0	0
A	BL	2	81	1	1	BA1652	3900	7	0	0	0	0	0	0	0	1	0	0
A	BL	2	81	1	1	BA1652	3901	7	8	2	0	1	0	0	0	0	0	0
A	BL	2	81	1	1	BA1652	3906	8	0	0	0	0	0	0	0	1	0	0
A	BL	2	81	1	1	BA1652	3911	8	7	0	0	0	0	0	0	0	0	0
A	BL	2	81	1	1	BA1652	3939	7	8	2	0	1	0	0	0	0	0	0
A	BL	2	81	1	1	BA1652	3949	8	7	0	0	0	0	0	0	0	0	0
A	BL	2	81	1	1	BA1652	3951	7	0	0	0	0	0	0	0	1	0	0
A	BL	2	81	1	1	BA1652	3962	7	8	2	0	1	0	0	0	0	0	0
A	BL	2	81	1	1	BA1652	3967	8	0	0	0	0	0	0	0	1	0	0
A	BL	2	81	1	1	BA1652	3972	8	7	0	0	0	0	0	0	0	0	0
A	BL	2	81	1	1	BA1652	4026	7	8	2	0	1	0	0	0	0	0	0
A	BL	2	81	1	1	BA1652	4036	8	7	0	0	0	0	0	0	0	0	0
A	BL	2	81	1	1	BA1652	4116	7	0	0	0	0	0	0	0	1	0	0
A	BL	2	81	1	1	BA1652	4121	7	8	2	0	1	0	0	0	0	0	0
A	BL	2	81	1	1	BA1652	4126	8	0	0	0	0	0	0	0	1	0	0
A	BL	2	81	1	1	BA1652	4128	8	0	0	0	1	0	0	0	0	0	0
A	BL	2	81	1	1	BA1652	4131	8	9	0	0	0	0	0	0	0	0	0
A	BL	2	81	1	1	BA1652	4141	9	10	0	0	0	0	0	0	0	0	0
A	BL	2	81	1	1	BA1652	4173	10	0	0	0	0	0	0	0	1	0	0
A	BL	2	81	1	1	BA1652	4216	10	2	0	0	0	0	0	0	0	0	0
A	BL	2	81	1	1	BA1652	4217	2	3	0	0	0	0	0	0	0	0	0
A	BL	2	81	1	1	BA1652	4277	3	5	1	1	0	0	0	0	0	0	0
A	BL	2	81	1	1	BA1652	4282	5	0	0	0	0	0	0	1	0	0	0
A	BL	2	81	1	1	BA1652	4287	5	4	0	0	0	0	0	0	0	0	0
A	BL	2	81	1	1	BA1652	4292	4	5	1	1	0	0	0	0	0	0	0
A	BL	2	81	1	1	BA1652	4302	5	4	0	0	0	0	0	0	0	0	0
A	BL	2	81	1	1	BA1652	4305	4	0	0	0	0	0	0	1	0	0	0
A	BL	2	81	1	1	BA1652	4310	4	5	1	1	0	0	0	0	0	0	0
A	BL	2	81	1	1	BA1652	4320	5	4	0	0	0	0	0	1	0	0	0
A	BL	2	81	1	1	BA1652	4371	4	5	1	1	0	0	0	0	0	0	0
A	BL	2	81	1	1	BA1652	4373	5	0	0	0	0	0	0	1	0	0	0
A	BL	2	81	1	1	BA1652	4374	5	0	0	1	0	0	0	0	0	0	0
A	BL	2	81	1	1	BA1652	4377	5	0	0	0	0	0	0	1	0	0	0
A	BL	2	81	1	1	BA1652	4381	5	4	0	0	0	0	0	0	0	0	0
A	BL	2	81	1	1	BA1652	4419	4	5	1	1	0	0	0	0	0	0	0
A	BL	2	81	1	1	BA1652	4426	5	0	0	0	0	0	0	1	0	0	0
A	BL	2	81	1	1	BA1652	4429	5	9	0	0	0	0	0	0	0	0	0
A	BL	2	81	1	1	BA1652	4431	9	0	0	1	0	0	0	0	0	0	0
A	BL	2	81	1	1	BA1652	4433	9	0	0	0	0	0	0	1	0	0	0
A	BL	2	81	1	1	BA1652	4439	9	10	0	0	0	0	0	0	0	0	0
A	BL	2	81	1	1	BA1652	4514	10	2	0	0	0	0	0	0	0	0	0
A	BL	2	81	1	1	BA1652	4515	2	6	0	0	0	0	0	0	0	0	0
A	BL	2	81	1	1	BA1652	4700	6	8	2	0	1	0	0	0	0	0	0
A	BL	2	81	1	1	BA1652	4710	8	7	0	0	0	0	0	0	0	0	0
A	BL	2	81	1	1	BA1652	4739	7	0	0	0	0	0	0	0	1	0	0
A	BL	2	81	1	1	BA1652	4747	7	8	2	0	1	0	0	0	0	0	0
A	BL	2	81	1	1	BA1652	4757	8	7	0	0	0	0	0	0	0	0	0
A	BL	2	81	1	1	BA1652	4762	7	0	0	0	0	0	0	0	1	0	0
A	BL	2	81	1	1	BA1652	4767	7	8	2	0	1	0	0	0	0	0	0
A	BL	2	81	1	1	BA1652	4777	8	7	0	0	0	0	0	0	0	0	0
A	BL	2	81	1	1	BA1652	4787	7	0	0	0	0	0	0	0	1	0	0
A	BL	2	81	1	1	BA1652	4795	7	8	2	0	1	0	0	0	0	0	0
A	BL	2	81	1	1	BA1652	4803	8	0	0	0	0	0	0	0	1	0	0
A	BL	2	81	1	1	BA1652	4805	8	7	0	0	0	0	0	0	0	0	0
A	BL	2	81	1	1	BA1652	4886	7	8	2	0	1	0	0	0	0	0	0
A	BL	2	81	1	1	BA1652	4896	8	7	0	0	0	0	0	0	0	0	0
A	BL	2	81	1	1	BA1652	4907	7	8	2	0	1	0	0	0	1	0	0
A	BL	2	81	1	1	BA1652	4917	8	7	0	0	0	0	0	0	0	0	0
A	BL	2	81	1	1	BA1652	4922	7	0	0	0	0	0	0	0	1	0	0
A	BL	2	81	1	1	BA1652	4938	7	8	2	0	1	0	0	0	0	0	0
A	BL	2	81	1	1	BA1652	4943	8	0	0	0	0	0	0	0	1	0	0
A	BL	2	81	1	1	BA1652	4948	8	7	0	0	0	0	0	0	0	0	0
A	BL	2	81	1	1	BA1652	4960	7	8	2	0	1	0	0	0	0	0	0
A	BL	2	81	1	1	BA1652	4970	8	7	0	0	0	0	0	0	0	0	0
A	BL	2	81	1	1	BA1652	4987	7	0	0	0	0	0	0	0	1	0	0
A	BL	2	81	1	1	BA1652	5007	7	8	2	0	1	0	0	0	0	0	0
A	BL	2	81	1	1	BA1652	5017	8	7	0	0	0	0	0	0	1	0	0
A	BL	2	81	1	1	BA1652	5018	7	8	2	0	1	0	0	0	0	0	0
A	BL	2	81	1	1	BA1652	5025	8	0	0	0	0	0	0	0	1	0	0
A	BL	2	81	1	1	BA1652	5028	8	9	0	0	0	0	0	0	0	0	0
A	BL	2	81	1	1	BA1652	5029	9	0	0	0	1	0	0	0	0	0	0
A	BL	2	81	1	1	BA1652	5034	9	0	0	0	0	0	0	0	1	0	0
A	BL	2	81	1	1	BA1652	5038	9	10	0	0	0	0	0	0	0	0	0
A	BL	2	81	1	1	BA1652	5113	10	2	0	0	0	0	0	0	0	0	0
A	BL	2	81	1	1	BA1652	5114	2	6	0	0	0	0	0	0	0	0	0
A	BL	2	81	1	1	BA1652	5214	6	8	2	0	1	0	0	0	0	0	0
A	BL	2	81	1	1	BA1652	5224	8	7	0	0	0	0	0	0	0	0	0
A	BL	2	81	1	1	BA1652	5256	7	0	0	0	0	0	0	0	1	0	0
A	BL	2	81	1	1	BA1652	5405	7	0	0	1	0	0	0	0	0	0	0
A	BL	2	81	1	1	BA1652	5415	7	0	0	0	0	0	0	1	0	0	0
A	BL	2	81	1	1	BA1652	5420	7	0	0	1	0	0	0	0	0	0	0
A	BL	2	81	1	1	BA1652	5435	7	0	0	0	0	0	0	1	0	0	0
A	BL	2	81	1	1	BA1652	5497	7	0	0	1	0	0	0	0	0	0	0
A	BL	2	81	1	1	BA1652	5501	7	0	0	0	0	0	0	1	0	0	0
A	BL	2	81	1	1	BA1652	5547	7	0	0	1	0	0	0	0	0	0	0
A	BL	2	81	1	1	BA1652	5548	7	0	0	0	0	0	0	1	0	0	0
A	BL	2	81	1	1	BA1652	5645	7	0	0	1	0	0	0	0	0	0	0
A	BL	2	81	1	1	BA1652	5649	7	0	0	0	0	0	0	1	0	0	0
A	BL	2	81	1	1	BA1652	5678	7	0	0	1	0	0	0	0	0	0	0
A	BL	2	81	1	1	BA1652	5683	7	0	0	0	0	0	0	1	0	0	0
A	BL	2	81	1	1	BA1652	5686	7	0	0	1	0	0	0	0	0	0	0
A	BL	2	81	1	1	BA1652	5697	7	0	0	0	0	0	0	1	0	0	0
A	BL	2	81	1	1	BA1652	5702	7	0	0	1	0	0	0	0	0	0	0
A	BL	2	81	1	1	BA1652	5710	7	0	0	0	0	0	0	1	0	0	0
A	BL	2	81	1	1	BA1652	5713	7	0	0	1	0	0	0	0	0	0	0
A	BL	2	81	1	1	BA1652	5715	7	0	0	0	0	0	0	1	0	0	0
A	BL	2	81	1	1	BA1652	5725	7	0	0	1	0	0	0	0	0	0	0
A	BL	2	81	1	1	BA1652	5740	7	0	0	0	0	0	0	1	0	0	0
A	BL	2	81	1	1	BA1652	5838	7	8	2	0	1	0	0	0	0	0	0
A	BL	2	81	1	1	BA1652	5848	8	7	0	0	0	0	0	0	0	0	0
A	BL	2	81	1	1	BA1652	5858	7	0	0	0	0	0	0	0	1	0	0
A	BL	2	81	1	1	BA1652	5875	7	8	2	0	1	0	0	0	0	0	0
A	BL	2	81	1	1	BA1652	5880	8	0	0	0	0	0	0	0	1	0	0
A	BL	2	81	1	1	BA1652	5882	8	0	0	0	1	0	0	0	0	0	0
A	BL	2	81	1	1	BA1652	5883	8	0	0	0	0	0	0	0	1	0	0
A	BL	2	81	1	1	BA1652	5885	8	7	0	0	0	0	0	0	0	0	0
A	BL	2	81	1	1	BA1652	5906	7	8	2	0	1	0	0	0	0	0	0
A	BL	2	81	1	1	BA1652	5916	8	7	0	0	0	0	0	0	0	0	0
A	BL	2	81	1	1	BA1652	6005	7	0	0	0	0	0	0	0	1	0	0
A	BL	2	81	1	1	BA1652	6093	7	8	2	0	1	0	0	0	0	0	0
A	BL	2	81	1	1	BA1652	6102	8	0	0	0	0	0	0	0	1	0	0
A	BL	2	81	1	1	BA1652	6103	8	7	0	0	0	0	0	0	0	0	0
A	BL	2	81	1	1	BA1652	6107	7	8	2	0	1	0	0	0	0	0	0
A	BL	2	81	1	1	BA1652	6117	8	7	0	0	0	0	0	0	0	0	0
A	BL	2	81	1	1	BA1652	6126	7	0	0	0	0	0	0	0	1	0	0
A	BL	2	81	1	1	BA1652	6171	7	8	2	0	1	0	0	0	0	0	0
A	BL	2	81	1	1	BA1652	6181	8	7	0	0	0	0	0	0	0	0	0
A	BL	2	81	1	1	BA1652	6183	7	0	0	0	0	0	0	0	1	0	0
A	BL	2	81	1	1	BA1652	6198	7	8	2	0	1	0	0	0	0	0	0
A	BL	2	81	1	1	BA1652	6208	8	7	0	0	0	0	0	0	0	0	0
A	BL	2	81	1	1	BA1652	6266	7	0	0	0	0	0	0	0	1	0	0
A	BL	2	81	1	1	BA1652	6406	7	0	0	1	0	0	0	0	0	0	0
A	BL	2	81	1	1	BA1652	6416	7	0	0	0	0	0	0	1	0	0	0
A	BL	2	81	1	1	BA1652	6441	7	0	0	1	0	0	0	0	0	0	0
A	BL	2	81	1	1	BA1652	6450	7	0	0	0	0	0	0	1	0	0	0
A	BL	2	81	1	1	BA1652	6463	7	0	0	1	0	0	0	0	0	0	0
A	BL	2	81	1	1	BA1652	6482	7	0	0	0	0	0	0	1	0	0	0
A	BL	2	81	1	1	BA1652	6711	7	8	2	0	1	0	0	0	0	0	0
A	BL	2	81	1	1	BA1652	6721	8	7	0	0	0	0	0	0	0	0	0
A	BL	2	81	1	1	BA1652	6748	7	0	0	0	0	0	0	0	1	0	0
A	BL	2	81	1	1	BA1652	6764	7	8	2	0	1	0	0	0	0	0	0
A	BL	2	81	1	1	BA1652	6766	8	0	0	0	0	0	0	0	1	0	0
A	BL	2	81	1	1	BA1652	6774	8	9	0	0	0	0	0	0	0	0	0
A	BL	2	81	1	1	BA1652	6784	9	10	0	0	0	0	0	0	0	0	0
A	BL	2	81	1	1	BA1652	6859	10	2	0	0	0	0	0	0	0	0	0
A	BL	2	81	1	1	BA1652	6860	2	3	0	0	0	0	0	0	0	0	0
A	BL	2	81	1	1	BA1652	6909	3	5	1	1	0	0	0	0	0	0	0
A	BL	2	81	1	1	BA1652	6919	5	4	0	0	0	0	0	0	0	0	0
A	BL	2	81	1	1	BA1652	6921	4	0	0	0	0	0	0	1	0	0	0
A	BL	2	81	1	1	BA1652	6925	4	5	1	1	0	0	0	0	0	0	0
A	BL	2	81	1	1	BA1652	6935	5	4	0	0	0	0	0	0	0	0	0
A	BL	2	81	1	1	BA1652	6941	4	0	0	0	0	0	0	1	0	0	0
A	BL	2	81	1	1	BA1652	6942	4	5	1	1	0	0	0	0	0	0	0
A	BL	2	81	1	1	BA1652	6944	5	0	0	0	0	0	0	1	0	0	0
A	BL	2	81	1	1	BA1652	6949	5	0	0	1	0	0	0	0	0	0	0
A	BL	2	81	1	1	BA1652	6952	5	4	0	0	0	0	0	0	0	0	0
A	BL	2	81	1	1	BA1652	6964	4	0	0	0	0	0	0	1	0	0	0
A	BL	2	81	1	1	BA1652	6994	4	5	1	1	0	0	0	0	0	0	0
A	BL	2	81	1	1	BA1652	6998	5	0	0	0	0	0	0	1	0	0	0
A	BL	2	81	1	1	BA1652	7004	5	4	0	0	0	0	0	0	0	0	0
A	BL	2	81	1	1	BA1652	7135	4	5	1	1	0	0	0	0	0	0	0
A	BL	2	81	1	1	BA1652	7138	5	0	0	0	0	0	0	1	0	0	0
A	BL	2	81	1	1	BA1652	7145	5	9	0	0	0	0	0	0	0	0	0
A	BL	2	81	1	1	BA1652	7155	9	10	0	0	0	0	0	0	0	0	0
A	BL	2	81	1	1	BA1652	7230	10	2	0	0	0	0	0	0	0	0	0
A	BL	2	81	1	1	BA1652	7231	2	3	0	0	0	0	0	0	0	0	0
A	BL	2	81	1	1	BA1652	7404	3	5	1	1	0	0	0	0	0	0	0
A	BL	2	81	1	1	BA1652	7414	5	4	0	0	0	0	0	0	0	0	0
A	BL	2	81	1	1	BA1652	7421	4	0	0	0	0	0	0	1	0	0	0
A	BL	2	81	1	1	BA1652	7440	4	5	1	1	0	0	0	0	0	0	0
A	BL	2	81	1	1	BA1652	7442	5	0	0	0	0	0	0	1	0	0	0
A	BL	2	81	1	1	BA1652	7450	5	4	0	0	0	0	0	0	0	0	0
A	BL	2	81	1	1	BA1652	7479	4	5	1	1	0	0	0	0	0	0	0
A	BL	2	81	1	1	BA1652	7489	5	4	0	0	0	0	0	0	0	0	0
A	BL	2	81	1	1	BA1652	7491	4	0	0	0	0	0	0	1	0	0	0
A	BL	2	81	1	1	BA1652	7518	4	5	1	1	0	0	0	0	0	0	0
A	BL	2	81	1	1	BA1652	7524	5	0	0	0	0	0	0	1	0	0	0
A	BL	2	81	1	1	BA1652	7528	5	4	0	0	0	0	0	0	0	0	0
A	BL	2	81	1	1	BA1652	7531	4	5	1	1	0	0	0	0	0	0	0
A	BL	2	81	1	1	BA1652	7535	5	0	0	0	0	0	0	1	0	0	0
A	BL	2	81	1	1	BA1652	7541	5	9	0	0	0	0	0	0	0	0	0
A	BL	2	81	1	1	BA1652	7551	9	10	0	0	0	0	0	0	0	0	0
A	BL	2	81	1	1	BA1652	7626	10	2	0	0	0	0	0	0	0	0	0
A	BL	2	81	1	1	BA1652	7627	2	6	0	0	0	0	0	0	0	0	0
A	BL	2	81	1	1	BA1652	7919	6	8	2	0	1	0	0	0	0	0	0
A	BL	2	81	1	1	BA1652	7929	8	7	0	0	0	0	0	0	0	0	0
A	BL	2	81	1	1	BA1652	7941	7	0	0	0	0	0	0	0	1	0	0
A	BL	2	81	1	1	BA1652	7960	7	8	2	0	1	0	0	0	0	0	0
A	BL	2	81	1	1	BA1652	7970	8	7	0	0	0	0	0	0	0	0	0
A	BL	2	81	1	1	BA1652	7973	7	0	0	0	0	0	0	0	1	0	0
A	BL	2	81	1	1	BA1652	8009	7	8	2	0	1	0	0	0	0	0	0
A	BL	2	81	1	1	BA1652	8019	8	7	0	0	0	0	0	0	1	0	0
A	BL	2	81	1	1	BA1652	8083	7	8	2	0	1	0	0	0	0	0	0
A	BL	2	81	1	1	BA1652	8093	8	7	0	0	0	0	0	0	0	0	0
A	BL	2	81	1	1	BA1652	8104	7	0	0	0	0	0	0	0	1	0	0
A	BL	2	81	1	1	BA1652	8175	7	0	0	1	0	0	0	0	0	0	0
A	BL	2	81	1	1	BA1652	8185	7	0	0	0	0	0	0	1	0	0	0
A	BL	2	81	1	1	BA1652	8187	7	0	0	1	0	0	0	0	0	0	0
A	BL	2	81	1	1	BA1652	8191	7	0	0	0	0	0	0	1	0	0	0
A	BL	2	81	1	1	BA1652	8195	7	0	0	1	0	0	0	0	0	0	0
A	BL	2	81	1	1	BA1652	8247	7	0	0	0	0	0	0	1	0	0	0
A	BL	2	81	1	1	BA1652	8319	7	8	2	0	1	0	0	0	0	0	0
A	BL	2	81	1	1	BA1652	8329	8	7	0	0	0	0	0	0	0	0	0
A	BL	2	81	1	1	BA1652	8352	7	0	0	0	0	0	0	0	1	0	0
A	BL	2	81	1	1	BA1652	8360	7	8	2	0	1	0	0	0	0	0	0
A	BL	2	81	1	1	BA1652	8370	8	7	0	0	0	0	0	0	0	0	0
A	BL	2	81	1	1	BA1652	8371	7	0	0	0	0	0	0	0	1	0	0
A	BL	2	81	1	1	BA1652	8376	7	8	2	0	1	0	0	0	0	0	0
A	BL	2	81	1	1	BA1652	8382	8	0	0	0	0	0	0	0	1	0	0
A	BL	2	81	1	1	BA1652	8386	8	7	0	0	0	0	0	0	0	0	0
A	BL	2	81	1	1	BA1652	8417	7	8	2	0	1	0	0	0	0	0	0
A	BL	2	81	1	1	BA1652	8427	8	7	0	0	0	0	0	0	0	0	0
A	BL	2	81	1	1	BA1652	8467	7	0	0	0	0	0	0	0	1	0	0
A	BL	2	81	1	1	BA1652	8524	7	8	2	0	1	0	0	0	0	0	0
A	BL	2	81	1	1	BA1652	8534	8	7	0	0	0	0	0	0	0	0	0
A	BL	2	81	1	1	BA1652	8542	7	0	0	0	0	0	0	0	1	0	0
A	BL	2	81	1	1	BA1652	8557	7	8	2	0	1	0	0	0	0	0	0
A	BL	2	81	1	1	BA1652	8560	8	0	0	0	0	0	0	0	1	0	0
A	BL	2	81	1	1	BA1652	8564	8	0	0	0	1	0	0	0	0	0	0
A	BL	2	81	1	1	BA1652	8567	8	9	0	0	0	0	0	0	0	0	0
A	BL	2	81	1	1	BA1652	8576	9	0	0	0	0	0	0	0	1	0	0
A	BL	2	81	1	1	BA1652	8577	9	10	0	0	0	0	0	0	0	0	0
A	BL	2	81	1	1	BA1652	8652	10	2	0	0	0	0	0	0	0	0	0
A	BL	2	81	1	1	BA1652	8653	2	6	0	0	0	0	0	0	0	0	0
A	BL	2	81	1	1	BA1652	8733	6	0	0	1	0	0	0	0	0	0	0
A	BL	2	81	1	1	BA1652	8753	6	0	0	0	0	0	0	1	0	0	0
A	BL	2	81	1	1	BA1652	8788	6	8	2	0	1	0	0	0	0	0	0
A	BL	2	81	1	1	BA1652	8797	8	0	0	0	0	0	0	0	1	0	0
A	BL	2	81	1	1	BA1652	8798	8	7	0	0	0	0	0	0	0	0	0
A	BL	2	81	1	1	BA1652	8830	7	8	2	0	1	0	0	0	0	0	0
A	BL	2	81	1	1	BA1652	8832	8	0	0	0	0	0	0	0	1	0	0
A	BL	2	81	1	1	BA1652	8837	8	0	0	0	1	0	0	0	0	0	0
A	BL	2	81	1	1	BA1652	8840	8	7	0	0	0	0	0	0	0	0	0
A	BL	2	81	1	1	BA1652	8874	7	0	0	0	0	0	0	0	1	0	0
A	BL	2	81	1	1	BA1652	8918	7	8	2	0	1	0	0	0	0	0	0
A	BL	2	81	1	1	BA1652	8923	8	0	0	0	0	0	0	0	1	0	0
A	BL	2	81	1	1	BA1652	8928	8	7	0	0	0	0	0	0	0	0	0
A	BL	2	81	1	1	BA1652	8942	7	8	2	0	1	0	0	0	0	0	0
A	BL	2	81	1	1	BA1652	8952	8	7	0	0	0	0	0	0	0	0	0
A	BL	2	81	1	1	BA1652	8955	7	0	0	0	0	0	0	0	1	0	0
A	BL	2	81	1	1	BA1652	9032	7	8	2	0	1	0	0	0	0	0	0
A	BL	2	81	1	1	BA1652	9042	8	7	0	0	0	0	0	0	0	0	0
A	BL	2	81	1	1	BA1652	9045	7	0	0	0	0	0	0	0	1	0	0
A	BL	2	81	1	1	BA1652	9103	7	8	2	0	1	0	0	0	0	0	0
A	BL	2	81	1	1	BA1652	9113	8	7	0	0	0	0	0	0	0	0	0
A	BL	2	81	1	1	BA1652	9131	7	0	0	0	0	0	0	0	1	0	0
A	BL	2	81	1	1	BA1652	9188	7	8	2	0	1	0	0	0	0	0	0
A	BL	2	81	1	1	BA1652	9198	8	7	0	0	0	0	0	0	0	0	0
A	BL	2	81	1	1	BA1652	9225	7	0	0	0	0	0	0	0	1	0	0
A	BL	2	81	1	1	BA1652	9328	7	8	2	0	1	0	0	0	0	0	0
A	BL	2	81	1	1	BA1652	9338	8	7	0	0	0	0	0	0	0	0	0
A	BL	2	81	1	1	BA1652	9350	7	0	0	0	0	0	0	0	1	0	0
A	BL	2	81	1	1	BA1652	9428	7	0	0	1	0	0	0	0	0	0	0
A	BL	2	81	1	1	BA1652	9436	7	0	0	0	0	0	0	1	0	0	0
A	BL	2	81	1	1	BA1652	9439	7	0	0	1	0	0	0	0	0	0	0
A	BL	2	81	1	1	BA1652	9454	7	0	0	0	0	0	0	1	0	0	0
A	BL	2	81	1	1	BA1652	9489	7	0	0	1	0	0	0	0	0	0	0
A	BL	2	81	1	1	BA1652	9541	7	0	0	0	0	0	0	1	0	0	0
A	BL	2	81	1	1	BA1652	9693	7	8	2	0	1	0	0	0	0	0	0
A	BL	2	81	1	1	BA1652	9703	8	7	0	0	0	0	0	0	0	0	0
A	BL	2	81	1	1	BA1652	9746	7	0	0	0	0	0	0	0	1	0	0
A	BL	2	81	1	1	BA1652	9747	7	8	2	0	1	0	0	0	0	0	0
A	BL	2	81	1	1	BA1652	9749	8	0	0	0	0	0	0	0	1	0	0
A	BL	2	81	1	1	BA1652	9750	8	0	0	0	1	0	0	0	0	0	0
A	BL	2	81	1	1	BA1652	9757	8	9	0	0	0	0	0	0	0	0	0
A	BL	2	81	1	1	BA1652	9765	9	0	0	0	0	0	0	0	1	0	0
A	BL	2	81	1	1	BA1652	9767	9	10	0	0	0	0	0	0	0	0	0
A	BL	2	81	1	1	BA1652	9842	10	2	0	0	0	0	0	0	0	0	0
A	BL	2	81	1	1	BA1652	9843	2	6	0	0	0	0	0	0	0	0	0
A	BL	2	81	1	1	BA1652	9963	6	8	2	0	1	0	0	0	0	0	0
A	BL	2	81	1	1	BA1652	9965	8	0	0	0	0	0	0	0	1	0	0
A	BL	2	81	1	1	BA1652	9973	8	7	0	0	1	0	0	0	0	0	0
A	BL	2	81	1	1	BA1652	9988	7	0	0	0	0	0	0	0	1	0	0
A	BL	2	81	1	1	BA1652	10013	7	8	2	0	1	0	0	0	0	0	0
A	BL	2	81	1	1	BA1652	10023	8	7	0	0	0	0	0	0	0	0	0
A	BL	2	81	1	1	BA1652	10047	7	0	0	0	0	0	0	0	1	0	0
A	BL	2	81	1	1	BA1652	10056	7	8	2	0	1	0	0	0	0	0	0
A	BL	2	81	1	1	BA1652	10060	8	0	0	0	1	0	0	0	1	0	0
A	BL	2	81	1	1	BA1652	10063	8	0	0	0	0	0	0	0	1	0	0
A	BL	2	81	1	1	BA1652	10066	8	7	0	0	0	0	0	0	0	0	0
A	BL	2	81	1	1	BA1652	10070	7	8	2	0	1	0	0	0	0	0	0
A	BL	2	81	1	1	BA1652	10080	8	7	0	0	0	0	0	0	0	0	0
A	BL	2	81	1	1	BA1652	10121	7	0	0	0	0	0	0	0	1	0	0
A	BL	2	81	1	1	BA1652	10126	7	8	2	0	1	0	0	0	0	0	0
A	BL	2	81	1	1	BA1652	10135	8	0	0	0	0	0	0	0	1	0	0
A	BL	2	81	1	1	BA1652	10136	8	7	0	0	0	0	0	0	0	0	0
A	BL	2	81	1	1	BA1652	10234	7	8	2	0	1	0	0	0	0	0	0
A	BL	2	81	1	1	BA1652	10242	8	0	0	0	0	0	0	0	1	0	0
A	BL	2	81	1	1	BA1652	10244	8	7	0	0	0	0	0	0	0	0	0
A	BL	2	81	1	1	BA1652	10249	7	8	2	0	1	0	0	0	0	0	0
A	BL	2	81	1	1	BA1652	10259	8	7	0	0	0	0	0	0	0	0	0
A	BL	2	81	1	1	BA1652	10267	7	0	0	0	0	0	0	0	1	0	0
A	BL	2	81	1	1	BA1652	10308	7	8	2	0	1	0	0	0	0	0	0
A	BL	2	81	1	1	BA1652	10313	8	0	0	0	0	0	0	0	1	0	0
A	BL	2	81	1	1	BA1652	10318	8	7	0	0	0	0	0	0	0	0	0
A	BL	2	81	1	1	BA1652	10386	7	8	2	0	1	0	0	0	0	0	0
A	BL	2	81	1	1	BA1652	10396	8	7	0	0	0	0	0	0	0	0	0
A	BL	2	81	1	1	BA1652	10448	7	0	0	0	0	0	0	0	1	0	0
A	BL	2	81	1	1	BA1652	10452	7	8	2	0	1	0	0	0	0	0	0
A	BL	2	81	1	1	BA1652	10462	8	9	0	0	0	0	0	0	0	0	0
A	BL	2	81	1	1	BA1652	10472	9	10	0	0	0	0	0	0	1	0	0
A	BL	2	81	1	1	BA1652	10547	10	2	0	0	0	0	0	0	0	0	0
A	BL	2	81	1	1	BA1652	10548	2	3	0	0	0	0	0	0	0	0	0
A	BL	2	81	1	1	BA1652	10586	3	5	1	1	0	0	0	0	0	0	0
A	BL	2	81	1	1	BA1652	10589	5	0	0	0	0	0	0	1	0	0	0
A	BL	2	81	1	1	BA1652	10596	5	4	0	1	0	0	0	0	0	0	0
A	BL	2	81	1	1	BA1652	10600	4	0	0	0	0	0	0	1	0	0	0
A	BL	2	81	1	1	BA1652	10604	4	5	1	1	0	0	0	0	0	0	0
A	BL	2	81	1	1	BA1652	10606	5	0	0	0	0	0	0	1	0	0	0
A	BL	2	81	1	1	BA1652	10608	5	0	0	1	0	0	0	0	0	0	0
A	BL	2	81	1	1	BA1652	10612	5	0	0	0	0	0	0	1	0	0	0
A	BL	2	81	1	1	BA1652	10614	5	4	0	0	0	0	0	0	0	0	0
A	BL	2	81	1	1	BA1652	10632	4	5	1	1	0	0	0	0	0	0	0
A	BL	2	81	1	1	BA1652	10642	5	4	0	0	0	0	0	0	0	0	0
A	BL	2	81	1	1	BA1652	10644	4	0	0	0	0	0	0	1	0	0	0
A	BL	2	81	1	1	BA1652	10648	4	5	1	1	0	0	0	0	0	0	0
A	BL	2	81	1	1	BA1652	10655	5	0	0	0	0	0	0	1	0	0	0
A	BL	2	81	1	1	BA1652	10658	5	4	0	1	0	0	0	0	0	0	0
A	BL	2	81	1	1	BA1652	10669	4	0	0	0	0	0	0	1	0	0	0
A	BL	2	81	1	1	BA1652	10672	4	5	1	1	0	0	0	0	0	0	0
A	BL	2	81	1	1	BA1652	10682	5	9	0	0	0	0	0	0	0	0	0
A	BL	2	81	1	1	BA1652	10688	9	0	0	0	0	0	0	1	0	0	0
A	BL	2	81	1	1	BA1652	10692	9	10	0	0	0	0	0	0	0	0	0
A	BL	2	81	1	1	BA1652	10767	10	2	0	0	0	0	0	0	0	0	0
A	BL	2	81	1	1	BA1652	10768	2	3	0	0	0	0	0	0	0	0	0
A	BL	2	81	1	1	BA1652	10874	3	5	1	1	0	0	0	0	0	0	0
A	BL	2	81	1	1	BA1652	10884	5	4	0	0	0	0	0	0	0	0	0
A	BL	2	81	1	1	BA1652	10896	4	0	0	0	0	0	0	1	0	0	0
A	BL	2	81	1	1	BA1652	10941	4	5	1	1	0	0	0	0	0	0	0
A	BL	2	81	1	1	BA1652	10944	5	0	0	0	0	0	0	1	0	0	0
A	BL	2	81	1	1	BA1652	10951	5	4	0	0	0	0	0	0	0	0	0
A	BL	2	81	1	1	BA1652	10986	4	5	1	1	0	0	0	0	0	0	0
A	BL	2	81	1	1	BA1652	10990	5	0	0	0	0	0	0	1	0	0	0
A	BL	2	81	1	1	BA1652	10996	5	4	0	0	0	0	0	0	0	0	0
A	BL	2	81	1	1	BA1652	11221	4	5	1	1	0	0	0	0	0	0	0
A	BL	2	81	1	1	BA1652	11224	5	0	0	0	0	0	0	1	0	0	0
A	BL	2	81	1	1	BA1652	11231	5	4	0	0	0	0	0	0	0	0	0
A	BL	2	81	1	1	BA1652	11243	4	5	1	1	0	0	0	0	0	0	0
A	BL	2	81	1	1	BA1652	11247	5	0	0	0	0	0	0	1	0	0	0
A	BL	2	81	1	1	BA1652	11253	5	9	0	0	0	0	0	0	0	0	0
A	BL	2	81	1	1	BA1652	11263	9	10	0	0	0	0	0	0	0	0	0
A	BL	2	81	1	1	BA1652	11338	10	2	0	0	0	0	0	0	0	0	0
A	BL	2	81	1	1	BA1652	11339	2	6	0	0	0	0	0	0	0	0	0
A	BL	2	81	1	1	BA1652	11422	6	0	0	1	0	0	0	0	0	0	0
A	BL	2	81	1	1	BA1652	11451	6	0	0	0	0	0	0	1	0	0	0
A	BL	2	81	1	1	BA1652	11452	6	0	0	1	0	0	0	0	0	0	0
A	BL	2	81	1	1	BA1652	11457	6	0	0	0	0	0	0	1	0	0	0
A	BL	2	81	1	1	BA1652	11790	6	8	2	0	1	0	0	0	0	0	0
A	BL	2	81	1	1	BA1652	11796	8	0	0	0	0	0	0	0	1	0	0
A	BL	2	81	1	1	BA1652	11800	8	7	0	0	0	0	0	0	0	0	0
A	BL	2	81	1	1	BA1652	11803	7	8	2	0	1	0	0	0	0	0	0
A	BL	2	81	1	1	BA1652	11813	8	7	0	0	0	0	0	0	0	0	0
A	BL	2	81	1	1	BA1652	11814	7	0	0	0	0	0	0	0	1	0	0
A	BL	2	81	1	1	BA1652	11824	7	8	2	0	1	0	0	0	0	0	0
A	BL	2	81	1	1	BA1652	11834	8	7	0	0	0	0	0	0	0	0	0
A	BL	2	81	1	1	BA1652	11839	7	0	0	0	0	0	0	0	1	0	0
A	BL	2	81	1	1	BA1652	11862	7	8	2	0	1	0	0	0	0	0	0
A	BL	2	81	1	1	BA1652	11872	8	7	0	0	0	0	0	0	0	0	0
A	BL	2	81	1	1	BA1652	11879	7	0	0	0	0	0	0	0	1	0	0
A	BL	2	81	1	1	BA1652	11884	7	8	2	0	1	0	0	0	0	0	0
A	BL	2	81	1	1	BA1652	11894	8	7	0	0	0	0	0	0	1	0	0
A	BL	2	81	1	1	BA1652	11943	7	8	2	0	1	0	0	0	0	0	0
A	BL	2	81	1	1	BA1652	11951	8	0	0	0	0	0	0	0	1	0	0
A	BL	2	81	1	1	BA1652	11953	8	7	0	0	0	0	0	0	0	0	0
A	BL	2	81	1	1	BA1652	12002	7	8	2	0	1	0	0	0	0	0	0
A	BL	2	81	1	1	BA1652	12012	8	7	0	0	0	0	0	0	0	0	0
A	BL	2	81	1	1	BA1652	12030	7	0	0	0	0	0	0	0	1	0	0
A	BL	2	81	1	1	BA1652	12044	7	8	2	0	1	0	0	0	0	0	0
A	BL	2	81	1	1	BA1652	12053	8	0	0	0	0	0	0	0	1	0	0
A	BL	2	81	1	1	BA1652	12054	8	7	0	0	0	0	0	0	0	0	0
A	BL	2	81	1	1	BA1652	12059	7	8	2	0	1	0	0	0	0	0	0
A	BL	2	81	1	1	BA1652	12069	8	7	0	0	0	0	0	0	0	0	0
A	BL	2	81	1	1	BA1652	12083	7	0	0	0	0	0	0	0	1	0	0
A	BL	2	81	1	1	BA1652	12142	7	8	2	0	1	0	0	0	0	0	0
A	BL	2	81	1	1	BA1652	12152	8	9	0	0	0	0	0	0	0	0	0
A	BL	2	81	1	1	BA1652	12158	9	0	0	0	0	0	0	0	1	0	0
A	BL	2	81	1	1	BA1652	12162	9	10	0	0	0	0	0	0	0	0	0
A	BL	2	81	1	1	BA1652	12237	10	2	0	0	0	0	0	0	0	0	0
A	BL	2	81	1	1	BA1652	12238	2	6	0	0	0	0	0	0	0	0	0
A	BL	2	81	1	1	BA1652	12282	6	0	0	1	0	0	0	0	0	0	0
A	BL	2	81	1	1	BA1652	12300	6	0	0	0	0	0	0	1	0	0	0
A	BL	2	81	1	1	BA1652	12312	6	0	0	1	0	0	0	0	0	0	0
A	BL	2	81	1	1	BA1652	12338	6	0	0	0	0	0	0	1	0	0	0
A	BL	2	81	1	1	BA1652	12340	6	0	0	1	0	0	0	0	0	0	0
A	BL	2	81	1	1	BA1652	12353	6	0	0	0	0	0	0	1	0	0	0
A	BL	2	81	1	1	BA1652	12355	6	0	0	1	0	0	0	0	0	0	0
A	BL	2	81	1	1	BA1652	12368	6	0	0	0	0	0	0	1	0	0	0
A	BL	2	81	1	1	BA1652	12371	6	0	0	1	0	0	0	0	0	0	0
A	BL	2	81	1	1	BA1652	12373	6	0	0	0	0	0	0	1	0	0	0
A	BL	2	81	1	1	BA1652	12544	6	8	2	0	1	0	0	0	0	0	0
A	BL	2	81	1	1	BA1652	12554	8	7	0	0	0	0	0	0	0	0	0
A	BL	2	81	1	1	BA1652	12570	7	0	0	0	0	0	0	0	1	0	0
A	BL	2	81	1	1	BA1652	12589	7	8	2	0	1	0	0	0	0	0	0
A	BL	2	81	1	1	BA1652	12599	8	7	0	0	0	0	0	0	0	0	0
A	BL	2	81	1	1	BA1652	12623	7	0	0	0	0	0	0	0	1	0	0
A	BL	2	81	1	1	BA1652	12671	7	8	2	0	1	0	0	0	0	0	0
A	BL	2	81	1	1	BA1652	12677	8	0	0	0	0	0	0	0	1	0	0
A	BL	2	81	1	1	BA1652	12681	8	7	0	0	0	0	0	0	0	0	0
A	BL	2	81	1	1	BA1652	12710	7	8	2	0	1	0	0	0	0	0	0
A	BL	2	81	1	1	BA1652	12720	8	7	0	0	0	0	0	0	0	0	0
A	BL	2	81	1	1	BA1652	12726	7	0	0	0	0	0	0	0	1	0	0
A	BL	2	81	1	1	BA1652	12729	7	8	2	0	1	0	0	0	0	0	0
A	BL	2	81	1	1	BA1652	12739	8	7	0	0	0	0	0	0	0	0	0
A	BL	2	81	1	1	BA1652	12746	7	0	0	0	0	0	0	0	1	0	0
A	BL	2	81	1	1	BA1652	12781	7	8	2	0	1	0	0	0	0	0	0
A	BL	2	81	1	1	BA1652	12791	8	7	0	0	0	0	0	0	0	0	0
A	BL	2	81	1	1	BA1652	12801	7	0	0	0	0	0	0	0	1	0	0
A	BL	2	81	1	1	BA1652	12804	7	8	2	0	1	0	0	0	0	0	0
A	BL	2	81	1	1	BA1652	12809	8	0	0	0	0	0	0	0	1	0	0
A	BL	2	81	1	1	BA1652	12812	8	0	0	0	1	0	0	0	0	0	0
A	BL	2	81	1	1	BA1652	12814	8	7	0	0	0	0	0	0	0	0	0
A	BL	2	81	1	1	BA1652	12887	7	0	0	0	0	0	0	0	1	0	0
A	BL	2	81	1	1	BA1652	12969	7	8	2	0	1	0	0	0	0	0	0
A	BL	2	81	1	1	BA1652	12977	8	0	0	0	0	0	0	0	1	0	0
A	BL	2	81	1	1	BA1652	12979	8	7	0	0	0	0	0	0	0	0	0
A	BL	2	81	1	1	BA1652	12985	7	8	2	0	1	0	0	0	0	0	0
A	BL	2	81	1	1	BA1652	12995	8	7	0	0	0	0	0	0	0	0	0
A	BL	2	81	1	1	BA1652	13089	7	0	0	0	0	0	0	0	1	0	0
A	BL	2	81	1	1	BA1652	13270	7	8	2	0	1	0	0	0	0	0	0
A	BL	2	81	1	1	BA1652	13280	8	9	0	0	0	0	0	0	0	0	0
A	BL	2	81	1	1	BA1652	13283	9	0	0	0	0	0	0	0	1	0	0
A	BL	2	81	1	1	BA1652	13290	9	10	0	0	0	0	0	0	0	0	0
A	BL	2	81	1	1	BA1652	13365	10	2	0	0	0	0	0	0	0	0	0
A	BL	2	81	1	1	BA1652	13366	2	6	0	0	0	0	0	0	0	0	0
A	BL	2	81	1	1	BA1652	13449	6	0	0	1	0	0	0	0	0	0	0
A	BL	2	81	1	1	BA1652	13469	6	0	0	0	0	0	0	1	0	0	0
A	BL	2	81	1	1	BA1652	13473	6	0	0	1	0	0	0	0	0	0	0
A	BL	2	81	1	1	BA1652	13485	6	0	0	0	0	0	0	1	0	0	0
A	BL	2	81	1	1	BA1652	13491	6	0	0	1	0	0	0	0	0	0	0
A	BL	2	81	1	1	BA1652	13530	6	0	0	0	0	0	0	1	0	0	0
A	BL	2	81	1	1	BA1652	13538	6	0	0	1	0	0	0	0	0	0	0
A	BL	2	81	1	1	BA1652	13582	6	0	0	0	0	0	0	1	0	0	0
A	BL	2	81	1	1	BA1652	13585	6	0	0	1	0	0	0	0	0	0	0
A	BL	2	81	1	1	BA1652	13608	6	0	0	0	0	0	0	1	0	0	0
A	BL	2	81	1	1	BA1652	13610	6	0	0	1	0	0	0	0	0	0	0
A	BL	2	81	1	1	BA1652	13614	6	0	0	0	0	0	0	1	0	0	0
A	BL	2	81	1	1	BA1652	13615	6	0	0	1	0	0	0	0	0	0	0
A	BL	2	81	1	1	BA1652	13622	6	0	0	0	0	0	0	1	0	0	0
A	BL	2	81	1	1	BA1652	13769	6	8	2	0	1	0	0	0	0	0	0
A	BL	2	81	1	1	BA1652	13770	8	0	0	0	0	0	0	0	1	0	0
A	BL	2	81	1	1	BA1652	13779	8	7	0	0	0	0	0	0	0	0	0
A	BL	2	81	1	1	BA1652	13815	7	8	2	0	1	0	0	0	0	0	0
A	BL	2	81	1	1	BA1652	13825	8	7	0	0	0	0	0	0	0	0	0
A	BL	2	81	1	1	BA1652	13857	7	0	0	0	0	0	0	0	1	0	0
A	BL	2	81	1	1	BA1652	13862	7	8	2	0	1	0	0	0	0	0	0
A	BL	2	81	1	1	BA1652	13872	8	7	0	0	0	0	0	0	0	0	0
A	BL	2	81	1	1	BA1652	13902	7	0	0	0	0	0	0	0	1	0	0
A	BL	2	81	1	1	BA1652	13942	7	8	2	0	1	0	0	0	0	0	0
A	BL	2	81	1	1	BA1652	13943	8	0	0	0	0	0	0	0	1	0	0
A	BL	2	81	1	1	BA1652	13952	8	7	0	0	0	0	0	0	0	0	0
A	BL	2	81	1	1	BA1652	13964	7	8	2	0	1	0	0	0	0	0	0
A	BL	2	81	1	1	BA1652	13974	8	7	0	0	0	0	0	0	0	0	0
A	BL	2	81	1	1	BA1652	13977	7	0	0	0	0	0	0	0	1	0	0
A	BL	2	81	1	1	BA1652	14016	7	8	2	0	1	0	0	0	0	0	0
A	BL	2	81	1	1	BA1652	14026	8	7	0	0	0	0	0	0	0	0	0
A	BL	2	81	1	1	BA1652	14037	7	0	0	0	0	0	0	0	1	0	0
A	BL	2	81	1	1	BA1652	14061	7	8	2	0	1	0	0	0	0	0	0
A	BL	2	81	1	1	BA1652	14071	8	7	0	0	0	0	0	0	0	0	0
A	BL	2	81	1	1	BA1652	14073	7	0	0	0	0	0	0	0	1	0	0
A	BL	2	81	1	1	BA1652	14083	7	8	2	0	1	0	0	0	0	0	0
A	BL	2	81	1	1	BA1652	14093	8	7	0	0	0	0	0	0	0	0	0
A	BL	2	81	1	1	BA1652	14136	7	0	0	0	0	0	0	0	1	0	0
A	BL	2	81	1	1	BA1652	14185	7	8	2	0	1	0	0	0	0	0	0
A	BL	2	81	1	1	BA1652	14195	8	7	0	0	0	0	0	0	0	0	0
A	BL	2	81	1	1	BA1652	14212	7	0	0	0	0	0	0	0	1	0	0
A	BL	2	81	1	1	BA1652	14232	7	8	2	0	1	0	0	0	0	0	0
A	BL	2	81	1	1	BA1652	14240	8	0	0	0	0	0	0	0	1	0	0
A	BL	2	81	1	1	BA1652	14242	8	9	0	0	0	0	0	0	0	0	0
A	BL	2	81	1	1	BA1652	14252	9	10	0	0	0	0	0	0	0	0	0
A	BL	2	81	1	1	BA1652	14327	10	2	0	0	0	0	0	0	0	0	0
A	BL	2	81	1	1	BA1652	14328	2	3	0	0	0	0	0	0	0	0	0
A	BL	2	81	1	1	BA1652	14413	3	5	1	1	0	0	0	0	0	0	0
A	BL	2	81	1	1	BA1652	14420	5	0	0	0	0	0	0	1	0	0	0
A	BL	2	81	1	1	BA1652	14423	5	4	0	1	0	0	0	0	0	0	0
A	BL	2	81	1	1	BA1652	14428	4	0	0	0	0	0	0	1	0	0	0
A	BL	2	81	1	1	BA1652	14434	4	5	1	1	0	0	0	0	0	0	0
A	BL	2	81	1	1	BA1652	14444	5	4	0	0	0	0	0	0	0	0	0
A	BL	2	81	1	1	BA1652	14450	4	0	0	0	0	0	0	1	0	0	0
A	BL	2	81	1	1	BA1652	14451	4	5	1	1	0	0	0	0	0	0	0
A	BL	2	81	1	1	BA1652	14456	5	0	0	0	0	0	0	1	0	0	0
A	BL	2	81	1	1	BA1652	14459	5	0	0	1	0	0	0	0	0	0	0
A	BL	2	81	1	1	BA1652	14461	5	4	0	0	0	0	0	0	0	0	0
A	BL	2	81	1	1	BA1652	14463	4	0	0	0	0	0	0	1	0	0	0
A	BL	2	81	1	1	BA1652	14644	4	5	1	1	0	0	0	0	0	0	0
A	BL	2	81	1	1	BA1652	14646	5	0	0	0	0	0	0	1	0	0	0
A	BL	2	81	1	1	BA1652	14654	5	4	0	0	0	0	0	0	0	0	0
A	BL	2	81	1	1	BA1652	14732	4	5	1	1	0	0	0	0	0	0	0
A	BL	2	81	1	1	BA1652	14735	5	0	0	0	0	0	0	1	0	0	0
A	BL	2	81	1	1	BA1652	14737	5	0	0	1	0	0	0	0	0	0	0
A	BL	2	81	1	1	BA1652	14742	5	9	0	0	0	0	0	0	0	0	0
A	BL	2	81	1	1	BA1652	14748	9	0	0	0	0	0	0	1	0	0	0
A	BL	2	81	1	1	BA1652	14752	9	10	0	0	0	0	0	0	0	0	0
A	BL	2	81	1	1	BA1652	14827	10	2	0	0	0	0	0	0	0	0	0
A	BL	2	81	1	1	BA1652	14828	2	3	0	0	0	0	0	0	0	0	0
A	BL	2	81	1	1	BA1652	14946	3	5	1	1	0	0	0	0	0	0	0
A	BL	2	81	1	1	BA1652	14955	5	0	0	0	0	0	0	1	0	0	0
A	BL	2	81	1	1	BA1652	14956	5	4	0	0	0	0	0	0	0	0	0
A	BL	2	81	1	1	BA1652	14962	4	5	1	1	0	0	0	0	0	0	0
A	BL	2	81	1	1	BA1652	14972	5	4	0	0	0	0	0	0	0	0	0
A	BL	2	81	1	1	BA1652	14976	4	5	1	1	0	0	0	1	0	0	0
A	BL	2	81	1	1	BA1652	14978	5	0	0	0	0	0	0	1	0	0	0
A	BL	2	81	1	1	BA1652	14986	5	4	0	0	0	0	0	0	0	0	0
A	BL	2	81	1	1	BA1652	15092	4	5	1	1	0	0	0	0	0	0	0
A	BL	2	81	1	1	BA1652	15095	5	0	0	0	0	0	0	1	0	0	0
A	BL	2	81	1	1	BA1652	15102	5	4	0	0	0	0	0	0	0	0	0
A	BL	2	81	1	1	BA1652	15253	4	5	1	1	0	0	0	0	0	0	0
A	BL	2	81	1	1	BA1652	15255	5	0	0	0	0	0	0	1	0	0	0
A	BL	2	81	1	1	BA1652	15263	5	9	0	0	0	0	0	0	0	0	0
A	BL	2	81	1	1	BA1652	15273	9	10	0	0	0	0	0	0	0	0	0
A	BL	2	81	1	1	BA1652	15348	10	2	0	0	0	0	0	0	0	0	0
A	BL	2	81	1	1	BA1652	15349	2	6	0	0	0	0	0	0	0	0	0
A	BL	2	81	1	1	BA1652	15705	6	0	0	1	0	0	0	0	0	0	0
A	BL	2	81	1	1	BA1652	15711	6	0	0	0	0	0	0	1	0	0	0
A	BL	2	81	1	1	BA1652	15743	6	8	2	0	1	0	0	0	0	0	0
A	BL	2	81	1	1	BA1652	15750	8	0	0	0	0	0	0	0	1	0	0
A	BL	2	81	1	1	BA1652	15753	8	7	0	0	0	0	0	0	0	0	0
A	BL	2	81	1	1	BA1652	15815	7	8	2	0	1	0	0	0	0	0	0
A	BL	2	81	1	1	BA1652	15825	8	7	0	0	0	0	0	0	0	0	0
A	BL	2	81	1	1	BA1652	15838	7	0	0	0	0	0	0	0	1	0	0
A	BL	2	81	1	1	BA1652	15902	7	8	2	0	1	0	0	0	0	0	0
A	BL	2	81	1	1	BA1652	15912	8	7	0	0	0	0	0	0	0	0	0
A	BL	2	81	1	1	BA1652	15915	7	0	0	0	0	0	0	0	1	0	0
A	BL	2	81	1	1	BA1652	15956	7	8	2	0	1	0	0	0	0	0	0
A	BL	2	81	1	1	BA1652	15958	8	0	0	0	0	0	0	0	1	0	0
A	BL	2	81	1	1	BA1652	15965	8	0	0	0	1	0	0	0	0	0	0
A	BL	2	81	1	1	BA1652	15966	8	7	0	0	0	0	0	0	0	0	0
A	BL	2	81	1	1	BA1652	15977	7	0	0	0	0	0	0	0	1	0	0
A	BL	2	81	1	1	BA1652	16013	7	8	2	0	1	0	0	0	0	0	0
A	BL	2	81	1	1	BA1652	16021	8	0	0	0	0	0	0	0	1	0	0
A	BL	2	81	1	1	BA1652	16023	8	7	0	0	0	0	0	0	0	0	0
A	BL	2	81	1	1	BA1652	16025	7	8	2	0	1	0	0	0	0	0	0
A	BL	2	81	1	1	BA1652	16035	8	7	0	0	0	0	0	0	0	0	0
A	BL	2	81	1	1	BA1652	16038	7	0	0	0	0	0	0	0	1	0	0
A	BL	2	81	1	1	BA1652	16052	7	8	2	0	1	0	0	0	0	0	0
A	BL	2	81	1	1	BA1652	16062	8	7	0	0	0	0	0	0	0	0	0
A	BL	2	81	1	1	BA1652	16084	7	0	0	0	0	0	0	0	1	0	0
A	BL	2	81	1	1	BA1652	16145	7	8	2	0	1	0	0	0	0	0	0
A	BL	2	81	1	1	BA1652	16155	8	7	0	0	0	0	0	0	0	0	0
A	BL	2	81	1	1	BA1652	16183	7	0	0	0	0	0	0	0	1	0	0
A	BL	2	81	1	1	BA1652	16236	7	8	2	0	1	0	0	0	0	0	0
A	BL	2	81	1	1	BA1652	16246	8	7	0	0	0	0	0	0	0	0	0
A	BL	2	81	1	1	BA1652	16247	7	0	0	0	0	0	0	0	1	0	0
A	BL	2	81	1	1	BA1652	16284	7	8	2	0	1	0	0	0	0	0	0
A	BL	2	81	1	1	BA1652	16294	8	9	0	0	0	0	0	0	0	0	0
A	BL	2	81	1	1	BA1652	16302	9	0	0	0	0	0	0	0	1	0	0
A	BL	2	81	1	1	BA1652	16304	9	10	0	0	0	0	0	0	0	0	0
A	BL	2	81	1	1	BA1652	16379	10	2	0	0	0	0	0	0	0	0	0
A	BL	2	81	1	1	BA1652	16380	2	3	0	0	0	0	0	0	0	0	0
A	BL	2	81	1	1	BA1652	16445	3	5	1	1	0	0	0	0	0	0	0
A	BL	2	81	1	1	BA1652	16449	5	0	0	0	0	0	0	1	0	0	0
A	BL	2	81	1	1	BA1652	16451	5	0	0	1	0	0	0	0	0	0	0
A	BL	2	81	1	1	BA1652	16455	5	4	0	0	0	0	0	0	0	0	0
A	BL	2	81	1	1	BA1652	16457	4	0	0	0	0	0	0	1	0	0	0
A	BL	2	81	1	1	BA1652	16461	4	5	1	1	0	0	0	0	0	0	0
A	BL	2	81	1	1	BA1652	16471	5	4	0	0	0	0	0	0	0	0	0
A	BL	2	81	1	1	BA1652	16476	4	0	0	0	0	0	0	1	0	0	0
A	BL	2	81	1	1	BA1652	16478	4	5	1	1	0	0	0	0	0	0	0
A	BL	2	81	1	1	BA1652	16485	5	0	0	0	0	0	0	1	0	0	0
A	BL	2	81	1	1	BA1652	16488	5	4	0	0	0	0	0	0	0	0	0
A	BL	2	81	1	1	BA1652	16491	4	5	1	1	0	0	0	0	0	0	0
A	BL	2	81	1	1	BA1652	16501	5	4	0	0	0	0	0	0	0	0	0
A	BL	2	81	1	1	BA1652	16513	4	0	0	0	0	0	0	1	0	0	0
A	BL	2	81	1	1	BA1652	16553	4	5	1	1	0	0	0	0	0	0	0
A	BL	2	81	1	1	BA1652	16562	5	0	0	0	0	0	0	1	0	0	0
A	BL	2	81	1	1	BA1652	16563	5	9	0	0	0	0	0	0	0	0	0
A	BL	2	81	1	1	BA1652	16573	9	10	0	0	0	0	0	0	0	0	0
A	BL	2	81	1	1	BA1652	16648	10	2	0	0	0	0	0	0	0	0	0
A	BL	2	81	1	1	BA1652	16649	2	3	0	0	0	0	0	0	0	0	0
A	BL	2	81	1	1	BA1652	16823	3	5	1	1	0	0	0	0	0	0	0
A	BL	2	81	1	1	BA1652	16833	5	4	0	0	0	0	0	0	0	0	0
A	BL	2	81	1	1	BA1652	16839	4	0	0	0	0	0	0	1	0	0	0
A	BL	2	81	1	1	BA1652	16872	4	5	1	1	0	0	0	0	0	0	0
A	BL	2	81	1	1	BA1652	16881	5	0	0	0	0	0	0	1	0	0	0
A	BL	2	81	1	1	BA1652	16882	5	4	0	0	0	0	0	0	0	0	0
A	BL	2	81	1	1	BA1652	16919	4	5	1	1	0	0	0	0	0	0	0
A	BL	2	81	1	1	BA1652	16923	5	0	0	0	0	0	0	1	0	0	0
A	BL	2	81	1	1	BA1652	16929	5	4	0	0	0	0	0	0	0	0	0
A	BL	2	81	1	1	BA1652	16956	4	5	1	1	0	0	0	0	0	0	0
A	BL	2	81	1	1	BA1652	16961	5	0	0	0	0	0	0	1	0	0	0
A	BL	2	81	1	1	BA1652	16966	5	4	0	0	0	0	0	0	0	0	0
A	BL	2	81	1	1	BA1652	16968	4	5	1	1	0	0	0	0	0	0	0
A	BL	2	81	1	1	BA1652	16972	5	0	0	0	0	0	0	1	0	0	0
A	BL	2	81	1	1	BA1652	16978	5	9	0	0	0	0	0	0	0	0	0
A	BL	2	81	1	1	BA1652	16988	9	10	0	0	0	0	0	0	0	0	0
A	BL	2	81	1	1	BA1652	17063	10	2	0	0	0	0	0	0	0	0	0
A	BL	2	81	1	1	BA1652	17064	2	6	0	0	0	0	0	0	0	0	0
A	BL	2	81	1	1	BA1652	17179	6	0	0	1	0	0	0	0	0	0	0
A	BL	2	81	1	1	BA1652	17189	6	0	0	0	0	0	0	1	0	0	0
A	BL	2	81	1	1	BA1652	17459	6	8	2	0	1	0	0	0	0	0	0
A	BL	2	81	1	1	BA1652	17469	8	7	0	0	0	0	0	0	0	0	0
A	BL	2	81	1	1	BA1652	17628	7	0	0	0	0	0	0	0	1	0	0
A	BL	2	81	1	1	BA1652	17637	7	8	2	0	1	0	0	0	0	0	0
A	BL	2	81	1	1	BA1652	17647	8	7	0	0	0	0	0	0	0	0	0
A	BL	2	81	1	1	BA1652	17648	7	0	0	0	0	0	0	0	1	0	0
A	BL	2	81	1	1	BA1652	17687	7	8	2	0	1	0	0	0	0	0	0
A	BL	2	81	1	1	BA1652	17697	8	7	0	0	0	0	0	0	0	0	0
A	BL	2	81	1	1	BA1652	17711	7	0	0	0	0	0	0	0	1	0	0
A	BL	2	81	1	1	BA1652	17718	7	8	2	0	1	0	0	0	0	0	0
A	BL	2	81	1	1	BA1652	17728	8	7	0	0	0	0	0	0	0	0	0
A	BL	2	81	1	1	BA1652	17742	7	0	0	0	0	0	0	0	1	0	0
A	BL	2	81	1	1	BA1652	17766	7	8	2	0	1	0	0	0	0	0	0
A	BL	2	81	1	1	BA1652	17772	8	0	0	0	0	0	0	0	1	0	0
A	BL	2	81	1	1	BA1652	17776	8	7	0	0	0	0	0	0	0	0	0
A	BL	2	81	1	1	BA1652	17786	7	8	2	0	1	0	0	0	0	0	0
A	BL	2	81	1	1	BA1652	17796	8	7	0	0	0	0	0	0	0	0	0
A	BL	2	81	1	1	BA1652	17802	7	0	0	0	0	0	0	0	1	0	0
A	BL	2	81	1	1	BA1652	17808	7	8	2	0	1	0	0	0	0	0	0
A	BL	2	81	1	1	BA1652	17818	8	7	0	0	0	0	0	0	0	0	0
A	BL	2	81	1	1	BA1652	17835	7	0	0	0	0	0	0	0	1	0	0
A	BL	2	81	1	1	BA1652	17898	7	8	2	0	1	0	0	0	0	0	0
A	BL	2	81	1	1	BA1652	17903	8	0	0	0	0	0	0	0	1	0	0
A	BL	2	81	1	1	BA1652	17908	8	7	0	0	0	0	0	0	0	0	0
A	BL	2	81	1	1	BA1652	17909	7	8	2	0	1	0	0	0	0	0	0
A	BL	2	81	1	1	BA1652	17919	8	7	0	0	0	0	0	0	1	0	0
A	BL	2	81	1	1	BA1652	17925	7	8	2	0	1	0	0	0	0	0	0
A	BL	2	81	1	1	BA1652	17935	8	9	0	0	0	0	0	0	0	0	0
A	BL	2	81	1	1	BA1652	17938	9	0	0	0	0	0	0	0	1	0	0
A	BL	2	81	1	1	BA1652	17945	9	10	0	0	0	0	0	0	0	0	0
A	BL	2	81	1	1	BA1652	18020	10	2	0	0	0	0	0	0	0	0	0
A	BL	2	81	1	1	BA1652	18021	2	6	0	0	0	0	0	0	0	0	0
A	BL	2	81	1	1	BA1652	18178	6	0	0	1	0	0	0	0	0	0	0
A	BL	2	81	1	1	BA1652	18182	6	0	0	0	0	0	0	1	0	0	0
A	BL	2	81	1	1	BA1652	18443	6	0	0	1	0	0	0	0	0	0	0
A	BL	2	81	1	1	BA1652	18446	6	0	0	0	0	0	0	1	0	0	0
A	BL	2	81	1	1	BA1652	18452	6	0	0	1	0	0	0	0	0	0	0
A	BL	2	81	1	1	BA1652	18517	6	0	0	0	0	0	0	1	0	0	0
A	BL	2	81	1	1	BA1652	18651	6	8	2	0	1	0	0	0	0	0	0
A	BL	2	81	1	1	BA1652	18653	8	0	0	0	0	0	0	0	1	0	0
A	BL	2	81	1	1	BA1652	18661	8	7	0	0	0	0	0	0	0	0	0
A	BL	2	81	1	1	BA1652	18669	7	8	2	0	1	0	0	0	0	0	0
A	BL	2	81	1	1	BA1652	18679	8	7	0	0	0	0	0	0	0	0	0
A	BL	2	81	1	1	BA1652	18740	7	0	0	0	0	0	0	0	1	0	0
A	BL	2	81	1	1	BA1652	18742	7	8	2	0	1	0	0	0	0	0	0
A	BL	2	81	1	1	BA1652	18752	8	7	0	0	0	0	0	0	0	0	0
A	BL	2	81	1	1	BA1652	18815	7	0	0	0	0	0	0	0	1	0	0
A	BL	2	81	1	1	BA1652	18835	7	8	2	0	1	0	0	0	0	0	0
A	BL	2	81	1	1	BA1652	18845	8	7	0	0	0	0	0	0	0	0	0
A	BL	2	81	1	1	BA1652	18895	7	0	0	0	0	0	0	0	1	0	0
A	BL	2	81	1	1	BA1652	18903	7	8	2	0	1	0	0	0	0	0	0
A	BL	2	81	1	1	BA1652	18913	8	7	0	0	0	0	0	0	0	0	0
A	BL	2	81	1	1	BA1652	18926	7	0	0	0	0	0	0	0	1	0	0
A	BL	2	81	1	1	BA1652	18997	7	8	2	0	1	0	0	0	0	0	0
A	BL	2	81	1	1	BA1652	18999	8	0	0	0	0	0	0	0	1	0	0
A	BL	2	81	1	1	BA1652	19007	8	7	0	0	0	0	0	0	0	0	0
A	BL	2	81	1	1	BA1652	19032	7	8	2	0	1	0	0	0	0	0	0
A	BL	2	81	1	1	BA1652	19042	8	7	0	0	0	0	0	0	1	0	0
A	BL	2	81	1	1	BA1652	19074	7	8	2	0	1	0	0	0	0	0	0
A	BL	2	81	1	1	BA1652	19084	8	7	0	0	0	0	0	0	0	0	0
A	BL	2	81	1	1	BA1652	19087	7	0	0	0	0	0	0	0	1	0	0
A	BL	2	81	1	1	BA1652	19154	7	8	2	0	1	0	0	0	0	0	0
A	BL	2	81	1	1	BA1652	19164	8	7	0	0	0	0	0	0	0	0	0
A	BL	2	81	1	1	BA1652	19167	7	0	0	0	0	0	0	0	1	0	0
A	BL	2	81	1	1	BA1652	19181	7	8	2	0	1	0	0	0	0	0	0
A	BL	2	81	1	1	BA1652	19185	8	0	0	0	0	0	0	0	1	0	0
A	BL	2	81	1	1	BA1652	19186	8	0	0	0	1	0	0	0	0	0	0
A	BL	2	81	1	1	BA1652	19191	8	9	0	0	0	0	0	0	0	0	0
A	BL	2	81	1	1	BA1652	19192	9	0	0	0	0	0	0	0	1	0	0
A	BL	2	81	1	1	BA1652	19201	9	10	0	0	0	0	0	0	0	0	0
A	BL	2	81	1	1	BA1652	19276	10	2	0	0	0	0	0	0	0	0	0
A	BL	2	81	1	1	BA1652	19277	2	3	0	0	0	0	0	0	0	0	0
A	BL	2	81	1	1	BA1652	19352	3	5	1	1	0	0	0	0	0	0	0
A	BL	2	81	1	1	BA1652	19356	5	0	0	0	0	0	0	1	0	0	0
A	BL	2	81	1	1	BA1652	19362	5	4	0	0	0	0	0	0	0	0	0
A	BL	2	81	1	1	BA1652	19377	4	5	1	1	0	0	0	0	0	0	0
A	BL	2	81	1	1	BA1652	19387	5	4	0	0	0	0	0	0	0	0	0
A	BL	2	81	1	1	BA1652	19400	4	0	0	0	0	0	0	1	0	0	0
A	BL	2	81	1	1	BA1652	19408	4	5	1	1	0	0	0	0	0	0	0
A	BL	2	81	1	1	BA1652	19411	5	0	0	0	0	0	0	1	0	0	0
A	BL	2	81	1	1	BA1652	19415	5	0	0	1	0	0	0	0	0	0	0
A	BL	2	81	1	1	BA1652	19418	5	4	0	0	0	0	0	0	0	0	0
A	BL	2	81	1	1	BA1652	19419	4	0	0	0	0	0	0	1	0	0	0
A	BL	2	81	1	1	BA1652	19455	4	5	1	1	0	0	0	0	0	0	0
A	BL	2	81	1	1	BA1652	19457	5	0	0	0	0	0	0	1	0	0	0
A	BL	2	81	1	1	BA1652	19463	5	0	0	1	0	0	0	0	0	0	0
A	BL	2	81	1	1	BA1652	19465	5	4	0	0	0	0	0	0	0	0	0
A	BL	2	81	1	1	BA1652	19468	4	0	0	0	0	0	0	1	0	0	0
A	BL	2	81	1	1	BA1652	19496	4	5	1	1	0	0	0	0	0	0	0
A	BL	2	81	1	1	BA1652	19501	5	0	0	0	0	0	0	1	0	0	0
A	BL	2	81	1	1	BA1652	19506	5	9	0	0	0	0	0	0	0	0	0
A	BL	2	81	1	1	BA1652	19516	9	10	0	0	0	0	0	0	0	0	0
A	BL	2	81	1	1	BA1652	19591	10	2	0	0	0	0	0	0	0	0	0
A	BL	2	81	1	1	BA1652	19592	2	3	0	0	0	0	0	0	0	0	0
A	BL	2	81	1	1	BA1652	19724	3	5	1	1	0	0	0	0	0	0	0
A	BL	2	81	1	1	BA1652	19734	5	4	0	0	0	0	0	0	0	0	0
A	BL	2	81	1	1	BA1652	19764	4	0	0	0	0	0	0	1	0	0	0
A	BL	2	81	1	1	BA1652	19770	4	5	1	1	0	0	0	0	0	0	0
A	BL	2	81	1	1	BA1652	19780	5	4	0	0	0	0	0	0	0	0	0
A	BL	2	81	1	1	BA1652	19781	4	0	0	0	0	0	0	1	0	0	0
A	BL	2	81	1	1	BA1652	19786	4	5	1	1	0	0	0	0	0	0	0
A	BL	2	81	1	1	BA1652	19788	5	0	0	0	0	0	0	1	0	0	0
A	BL	2	81	1	1	BA1652	19796	5	4	0	0	0	0	0	0	0	0	0
A	BL	2	81	1	1	BA1652	19810	4	5	1	1	0	0	0	0	0	0	0
A	BL	2	81	1	1	BA1652	19820	5	4	0	0	0	0	0	0	0	0	0
A	BL	2	81	1	1	BA1652	19822	4	0	0	0	0	0	0	1	0	0	0
A	BL	2	81	1	1	BA1652	19824	4	5	1	1	0	0	0	0	0	0	0
A	BL	2	81	1	1	BA1652	19826	5	0	0	0	0	0	0	1	0	0	0
A	BL	2	81	1	1	BA1652	19831	5	0	0	1	0	0	0	0	0	0	0
A	BL	2	81	1	1	BA1652	19834	5	9	0	0	0	0	0	0	0	0	0
A	BL	2	81	1	1	BA1652	19837	9	0	0	0	0	0	0	1	0	0	0
A	BL	2	81	1	1	BA1652	19844	9	10	0	0	0	0	0	0	0	0	0
A	BL	2	81	1	1	BA1652	19919	10	2	0	0	0	0	0	0	0	0	0
A	BL	2	81	1	1	BA1652	19920	2	3	0	0	0	0	0	0	0	0	0
A	BL	2	81	1	1	BA1652	20053	3	5	1	1	0	0	0	0	0	0	0
A	BL	2	81	1	1	BA1652	20063	5	4	0	0	0	0	0	0	0	0	0
A	BL	2	81	1	1	BA1652	20072	4	0	0	0	0	0	0	1	0	0	0
A	BL	2	81	1	1	BA1652	20081	4	5	1	1	0	0	0	0	0	0	0
A	BL	2	81	1	1	BA1652	20091	5	4	0	0	0	0	0	0	0	0	0
A	BL	2	81	1	1	BA1652	20127	4	0	0	0	0	0	0	1	0	0	0
A	BL	2	81	1	1	BA1652	20134	4	5	1	1	0	0	0	0	0	0	0
A	BL	2	81	1	1	BA1652	20138	5	0	0	0	0	0	0	1	0	0	0
A	BL	2	81	1	1	BA1652	20144	5	4	0	0	0	0	0	0	0	0	0
A	BL	2	81	1	1	BA1652	20221	4	5	1	1	0	0	0	0	0	0	0
A	BL	2	81	1	1	BA1652	20231	5	4	0	0	0	0	0	0	0	0	0
A	BL	2	81	1	1	BA1652	20234	4	0	0	0	0	0	0	1	0	0	0
A	BL	2	81	1	1	BA1652	20293	4	5	1	1	0	0	0	0	0	0	0
A	BL	2	81	1	1	BA1652	20294	5	0	0	0	0	0	0	1	0	0	0
A	BL	2	81	1	1	BA1652	20303	5	9	0	1	0	0	0	0	0	0	0
A	BL	2	81	1	1	BA1652	20307	9	0	0	0	0	0	0	1	0	0	0
A	BL	2	81	1	1	BA1652	20313	9	10	0	0	0	0	0	0	0	0	0
A	BL	2	81	1	1	BA1652	20388	10	2	0	0	0	0	0	0	0	0	0
A	BL	2	81	1	1	BA1652	20389	2	6	0	0	0	0	0	0	0	0	0
A	BL	2	81	1	1	BA1652	20693	6	8	2	0	1	0	0	0	0	0	0
A	BL	2	81	1	1	BA1652	20701	8	0	0	0	0	0	0	0	1	0	0
A	BL	2	81	1	1	BA1652	20703	8	7	0	0	0	0	0	0	0	0	0
A	BL	2	81	1	1	BA1652	20705	7	8	2	0	1	0	0	0	0	0	0
A	BL	2	81	1	1	BA1652	20708	8	0	0	0	0	0	0	0	1	0	0
A	BL	2	81	1	1	BA1652	20715	8	7	0	0	0	0	0	0	0	0	0
A	BL	2	81	1	1	BA1652	20754	7	8	2	0	1	0	0	0	0	0	0
A	BL	2	81	1	1	BA1652	20764	8	7	0	0	0	0	0	0	0	0	0
A	BL	2	81	1	1	BA1652	20814	7	0	0	0	0	0	0	0	1	0	0
A	BL	2	81	1	1	BA1652	20852	7	8	2	0	1	0	0	0	0	0	0
A	BL	2	81	1	1	BA1652	20862	8	7	0	0	0	0	0	0	0	0	0
A	BL	2	81	1	1	BA1652	20872	7	0	0	0	0	0	0	0	1	0	0
A	BL	2	81	1	1	BA1652	20876	7	8	2	0	1	0	0	0	0	0	0
A	BL	2	81	1	1	BA1652	20884	8	0	0	0	0	0	0	0	1	0	0
A	BL	2	81	1	1	BA1652	20886	8	7	0	0	0	0	0	0	0	0	0
A	BL	2	81	1	1	BA1652	20983	7	8	2	0	1	0	0	0	0	0	0
A	BL	2	81	1	1	BA1652	20987	8	0	0	0	0	0	0	0	1	0	0
A	BL	2	81	1	1	BA1652	20993	8	7	0	0	0	0	0	0	0	0	0
A	BL	2	81	1	1	BA1652	21012	7	8	2	0	1	0	0	0	0	0	0
A	BL	2	81	1	1	BA1652	21022	8	7	0	0	0	0	0	0	0	0	0
A	BL	2	81	1	1	BA1652	21038	7	0	0	0	0	0	0	0	1	0	0
A	BL	2	81	1	1	BA1652	21039	7	8	2	0	1	0	0	0	0	0	0
A	BL	2	81	1	1	BA1652	21049	8	7	0	0	0	0	0	0	0	0	0
A	BL	2	81	1	1	BA1652	21057	7	0	0	0	0	0	0	0	1	0	0
A	BL	2	81	1	1	BA1652	21059	7	8	2	0	1	0	0	0	0	0	0
A	BL	2	81	1	1	BA1652	21060	8	0	0	0	0	0	0	0	1	0	0
A	BL	2	81	1	1	BA1652	21068	8	0	0	0	1	0	0	0	0	0	0
A	BL	2	81	1	1	BA1652	21069	8	7	0	0	0	0	0	0	0	0	0
A	BL	2	81	1	1	BA1652	21081	7	0	0	0	0	0	0	0	1	0	0
A	BL	2	81	1	1	BA1652	21230	7	8	2	0	1	0	0	0	0	0	0
A	BL	2	81	1	1	BA1652	21233	8	0	0	0	0	0	0	0	1	0	0
A	BL	2	81	1	1	BA1652	21236	8	0	0	0	1	0	0	0	0	0	0
A	BL	2	81	1	1	BA1652	21240	8	9	0	0	0	0	0	0	0	0	0
A	BL	2	81	1	1	BA1652	21248	9	0	0	0	0	0	0	0	1	0	0
A	BL	2	81	1	1	BA1652	21250	9	10	0	0	0	0	0	0	0	0	0
A	BL	2	81	1	1	BA1652	21325	10	2	0	0	0	0	0	0	0	0	0
A	BL	2	81	1	1	BA1652	21326	2	3	0	0	0	0	0	0	0	0	0
A	BL	2	81	1	1	BA1652	21422	3	5	1	1	0	0	0	0	0	0	0
A	BL	2	81	1	1	BA1652	21424	5	0	0	0	0	0	0	1	0	0	0
A	BL	2	81	1	1	BA1652	21432	5	4	0	0	0	0	0	0	0	0	0
A	BL	2	81	1	1	BA1652	21437	4	5	1	1	0	0	0	0	0	0	0
A	BL	2	81	1	1	BA1652	21442	5	0	0	0	0	0	0	1	0	0	0
A	BL	2	81	1	1	BA1652	21447	5	4	0	0	0	0	0	0	0	0	0
A	BL	2	81	1	1	BA1652	21491	4	5	1	1	0	0	0	0	0	0	0
A	BL	2	81	1	1	BA1652	21496	5	0	0	0	0	0	0	1	0	0	0
A	BL	2	81	1	1	BA1652	21501	5	4	0	0	0	0	0	0	0	0	0
A	BL	2	81	1	1	BA1652	21562	4	5	1	1	0	0	0	0	0	0	0
A	BL	2	81	1	1	BA1652	21570	5	0	0	0	0	0	0	1	0	0	0
A	BL	2	81	1	1	BA1652	21572	5	4	0	0	0	0	0	0	0	0	0
A	BL	2	81	1	1	BA1652	21642	4	5	1	1	0	0	0	0	0	0	0
A	BL	2	81	1	1	BA1652	21652	5	9	0	0	0	0	0	0	0	0	0
A	BL	2	81	1	1	BA1652	21661	9	0	0	0	0	0	0	1	0	0	0
A	BL	2	81	1	1	BA1652	21662	9	10	0	0	0	0	0	0	0	0	0
A	BL	2	81	1	1	BA1652	21737	10	2	0	0	0	0	0	0	0	0	0
A	BL	2	81	1	1	BA1652	21738	2	3	0	0	0	0	0	0	0	0	0
A	BL	2	81	1	1	BA1652	21928	3	5	1	1	0	0	0	0	0	0	0
A	BL	2	81	1	1	BA1652	21938	5	4	0	0	0	0	0	0	0	0	0
A	BL	2	81	1	1	BA1652	21945	4	0	0	0	0	0	0	1	0	0	0
A	BL	2	81	1	1	BA1652	21947	4	5	1	1	0	0	0	0	0	0	0
A	BL	2	81	1	1	BA1652	21957	5	4	0	0	0	0	0	0	0	0	0
A	BL	2	81	1	1	BA1652	21985	4	0	0	0	0	0	0	1	0	0	0
A	BL	2	81	1	1	BA1652	22003	4	5	1	1	0	0	0	0	0	0	0
A	BL	2	81	1	1	BA1652	22013	5	4	0	0	0	0	0	0	0	0	0
A	BL	2	81	1	1	BA1652	22019	4	0	0	0	0	0	0	1	0	0	0
A	BL	2	81	1	1	BA1652	22037	4	5	1	1	0	0	0	0	0	0	0
A	BL	2	81	1	1	BA1652	22041	5	0	0	0	0	0	0	1	0	0	0
A	BL	2	81	1	1	BA1652	22042	5	0	0	1	0	0	0	0	0	0	0
A	BL	2	81	1	1	BA1652	22047	5	4	0	0	0	0	0	0	0	0	0
A	BL	2	81	1	1	BA1652	22055	4	0	0	0	0	0	0	1	0	0	0
A	BL	2	81	1	1	BA1652	22291	4	5	1	1	0	0	0	0	0	0	0
A	BL	2	81	1	1	BA1652	22294	5	0	0	0	0	0	0	1	0	0	0
A	BL	2	81	1	1	BA1652	22296	5	0	0	1	0	0	0	0	0	0	0
A	BL	2	81	1	1	BA1652	22300	5	0	0	0	0	0	0	1	0	0	0
A	BL	2	81	1	1	BA1652	22301	5	9	0	0	0	0	0	0	0	0	0
A	BL	2	81	1	1	BA1652	22303	9	0	0	1	0	0	0	0	0	0	0
A	BL	2	81	1	1	BA1652	22311	9	10	0	0	0	0	0	1	0	0	0
A	BL	2	81	1	1	BA1652	22386	10	2	0	0	0	0	0	0	0	0	0
A	BL	2	81	1	1	BA1652	22387	2	6	0	0	0	0	0	0	0	0	0
A	BL	2	81	1	1	BA1652	22577	6	0	0	1	0	0	0	0	0	0	0
A	BL	2	81	1	1	BA1652	22594	6	0	0	0	0	0	0	1	0	0	0
A	BL	2	81	1	1	BA1652	22600	6	0	0	1	0	0	0	0	0	0	0
A	BL	2	81	1	1	BA1652	22638	6	0	0	0	0	0	0	1	0	0	0
A	BL	2	81	1	1	BA1652	22649	6	0	0	1	0	0	0	0	0	0	0
A	BL	2	81	1	1	BA1652	22667	6	0	0	0	0	0	0	1	0	0	0
A	BL	2	81	1	1	BA1652	22679	6	0	0	1	0	0	0	0	0	0	0
A	BL	2	81	1	1	BA1652	22704	6	0	0	0	0	0	0	1	0	0	0
A	BL	2	81	1	1	BA1652	22711	6	0	0	1	0	0	0	0	0	0	0
A	BL	2	81	1	1	BA1652	22715	6	0	0	0	0	0	0	1	0	0	0
A	BL	2	81	1	1	BA1652	22722	6	0	0	1	0	0	0	0	0	0	0
A	BL	2	81	1	1	BA1652	22739	6	0	0	0	0	0	0	1	0	0	0
A	BL	2	81	1	1	BA1652	22746	6	0	0	1	0	0	0	0	0	0	0
A	BL	2	81	1	1	BA1652	22772	6	0	0	0	0	0	0	1	0	0	0
A	BL	2	81	1	1	BA1652	22860	6	0	0	1	0	0	0	0	0	0	0
A	BL	2	81	1	1	BA1652	22867	6	0	0	0	0	0	0	1	0	0	0
A	BL	2	81	1	1	BA1652	22912	6	0	0	1	0	0	0	0	0	0	0
A	BL	2	81	1	1	BA1652	22920	6	0	0	0	0	0	0	1	0	0	0
A	BL	2	81	1	1	BA1652	22943	6	0	0	1	0	0	0	0	0	0	0
A	BL	2	81	1	1	BA1652	22992	6	0	0	0	0	0	0	1	0	0	0
A	BL	2	81	1	1	BA1652	23537	6	8	2	0	1	0	0	0	0	0	0
A	BL	2	81	1	1	BA1652	23547	8	7	0	0	0	0	0	0	0	0	0
A	BL	2	81	1	1	BA1652	23609	7	0	0	0	0	0	0	0	1	0	0
A	BL	2	81	1	1	BA1652	23700	7	8	2	0	1	0	0	0	0	0	0
A	BL	2	81	1	1	BA1652	23710	8	7	0	0	0	0	0	0	0	0	0
A	BL	2	81	1	1	BA1652	23777	7	0	0	0	0	0	0	0	1	0	0
A	BL	2	81	1	1	BA1652	23779	7	8	2	0	1	0	0	0	0	0	0
A	BL	2	81	1	1	BA1652	23782	8	0	0	0	0	0	0	0	1	0	0
A	BL	2	81	1	1	BA1652	23789	8	7	0	0	0	0	0	0	0	0	0
A	BL	2	81	1	1	BA1652	23809	7	8	2	0	1	0	0	0	0	0	0
A	BL	2	81	1	1	BA1652	23819	8	7	0	0	0	0	0	0	0	0	0
A	BL	2	81	1	1	BA1652	23822	7	0	0	0	0	0	0	0	1	0	0
A	BL	2	81	1	1	BA1652	23906	7	8	2	0	1	0	0	0	0	0	0
A	BL	2	81	1	1	BA1652	23910	8	0	0	0	0	0	0	0	1	0	0
A	BL	2	81	1	1	BA1652	23916	8	7	0	0	0	0	0	0	0	0	0
A	BL	2	81	1	1	BA1652	23936	7	8	2	0	1	0	0	0	0	0	0
A	BL	2	81	1	1	BA1652	23946	8	7	0	0	0	0	0	0	0	0	0
A	BL	2	81	1	1	BA1652	23965	7	0	0	0	0	0	0	0	1	0	0
A	BL	2	81	1	1	BA1652	24049	7	8	2	0	1	0	0	0	0	0	0
A	BL	2	81	1	1	BA1652	24059	8	7	0	0	0	0	0	0	0	0	0
A	BL	2	81	1	1	BA1652	24080	7	0	0	0	0	0	0	0	1	0	0
A	BL	2	81	1	1	BA1652	24081	7	8	2	0	1	0	0	0	0	0	0
A	BL	2	81	1	1	BA1652	24091	8	7	0	0	0	0	0	0	0	0	0
A	BL	2	81	1	1	BA1652	24125	7	0	0	0	0	0	0	0	1	0	0
A	BL	2	81	1	1	BA1652	24152	7	8	2	0	1	0	0	0	0	0	0
A	BL	2	81	1	1	BA1652	24162	8	7	0	0	0	0	0	0	0	0	0
A	BL	2	81	1	1	BA1652	24182	7	0	0	0	0	0	0	0	1	0	0
A	BL	2	81	1	1	BA1652	24213	7	8	2	0	1	0	0	0	0	0	0
A	BL	2	81	1	1	BA1652	24223	8	9	0	0	0	0	0	0	0	0	0
A	BL	2	81	1	1	BA1652	24233	9	10	0	0	0	0	0	0	0	0	0
A	BL	2	81	1	1	BA1652	24235	10	0	0	0	0	0	0	0	1	0	0
A	BL	2	81	1	1	BA1652	24308	10	2	0	0	0	0	0	0	0	0	0
A	BL	2	81	1	1	BA1652	24309	2	3	0	0	0	0	0	0	0	0	0
A	BL	2	81	1	1	BA1652	24371	3	5	1	1	0	0	0	0	0	0	0
A	BL	2	81	1	1	BA1652	24378	5	0	0	0	0	0	0	1	0	0	0
A	BL	2	81	1	1	BA1652	24381	5	4	0	0	0	0	0	0	0	0	0
A	BL	2	81	1	1	BA1652	24385	4	5	1	1	0	0	0	0	0	0	0
A	BL	2	81	1	1	BA1652	24395	5	4	0	0	0	0	0	1	0	0	0
A	BL	2	81	1	1	BA1652	24401	4	5	1	1	0	0	0	0	0	0	0
A	BL	2	81	1	1	BA1652	24411	5	4	0	0	0	0	0	0	0	0	0
A	BL	2	81	1	1	BA1652	24436	4	0	0	0	0	0	0	1	0	0	0
A	BL	2	81	1	1	BA1652	24464	4	5	1	1	0	0	0	0	0	0	0
A	BL	2	81	1	1	BA1652	24469	5	0	0	0	0	0	0	1	0	0	0
A	BL	2	81	1	1	BA1652	24474	5	4	0	0	0	0	0	0	0	0	0
A	BL	2	81	1	1	BA1652	24480	4	5	1	1	0	0	0	0	0	0	0
A	BL	2	81	1	1	BA1652	24483	5	0	0	0	0	0	0	1	0	0	0
A	BL	2	81	1	1	BA1652	24490	5	9	0	0	0	0	0	0	0	0	0
A	BL	2	81	1	1	BA1652	24500	9	10	0	0	0	0	0	0	0	0	0
A	BL	2	81	1	1	BA1652	24575	10	2	0	0	0	0	0	0	0	0	0
A	BL	2	81	1	1	BA1652	24576	2	3	0	0	0	0	0	0	0	0	0
A	BL	2	81	1	1	BA1652	24706	3	5	1	1	0	0	0	0	0	0	0
A	BL	2	81	1	1	BA1652	24716	5	4	0	0	0	0	0	0	0	0	0
A	BL	2	81	1	1	BA1652	24721	4	0	0	0	0	0	0	1	0	0	0
A	BL	2	81	1	1	BA1652	24764	4	5	1	1	0	0	0	0	0	0	0
A	BL	2	81	1	1	BA1652	24768	5	0	0	0	0	0	0	1	0	0	0
A	BL	2	81	1	1	BA1652	24774	5	4	0	0	0	0	0	0	0	0	0
A	BL	2	81	1	1	BA1652	24813	4	5	1	1	0	0	0	0	0	0	0
A	BL	2	81	1	1	BA1652	24815	5	0	0	0	0	0	0	1	0	0	0
A	BL	2	81	1	1	BA1652	24823	5	4	0	1	0	0	0	0	0	0	0
A	BL	2	81	1	1	BA1652	24827	4	0	0	0	0	0	0	1	0	0	0
A	BL	2	81	1	1	BA1652	24837	4	5	1	1	0	0	0	0	0	0	0
A	BL	2	81	1	1	BA1652	24839	5	0	0	0	0	0	0	1	0	0	0
A	BL	2	81	1	1	BA1652	24847	5	4	0	0	0	0	0	0	0	0	0
A	BL	2	81	1	1	BA1652	24849	4	5	1	1	0	0	0	0	0	0	0
A	BL	2	81	1	1	BA1652	24859	5	9	0	0	0	0	0	1	0	0	0
A	BL	2	81	1	1	BA1652	24869	9	10	0	0	0	0	0	0	0	0	0
A	BL	2	81	1	1	BA1652	24944	10	2	0	0	0	0	0	0	0	0	0
A	BL	2	81	1	1	BA1652	24945	2	3	0	0	0	0	0	0	0	0	0
A	BL	2	81	1	1	BA1652	25159	3	5	1	1	0	0	0	0	0	0	0
A	BL	2	81	1	1	BA1652	25169	5	4	0	0	0	0	0	0	0	0	0
A	BL	2	81	1	1	BA1652	25193	4	0	0	0	0	0	0	1	0	0	0
A	BL	2	81	1	1	BA1652	25199	4	5	1	1	0	0	0	0	0	0	0
A	BL	2	81	1	1	BA1652	25207	5	0	0	0	0	0	0	1	0	0	0
A	BL	2	81	1	1	BA1652	25208	5	0	0	1	0	0	0	0	0	0	0
A	BL	2	81	1	1	BA1652	25209	5	4	0	0	0	0	0	0	0	0	0
A	BL	2	81	1	1	BA1652	25226	4	0	0	0	0	0	0	1	0	0	0
A	BL	2	81	1	1	BA1652	25233	4	5	1	1	0	0	0	0	0	0	0
A	BL	2	81	1	1	BA1652	25243	5	4	0	0	0	0	0	0	0	0	0
A	BL	2	81	1	1	BA1652	25246	4	0	0	0	0	0	0	1	0	0	0
A	BL	2	81	1	1	BA1652	25274	4	5	1	1	0	0	0	0	0	0	0
A	BL	2	81	1	1	BA1652	25281	5	0	0	0	0	0	0	1	0	0	0
A	BL	2	81	1	1	BA1652	25284	5	4	0	0	0	0	0	0	0	0	0
A	BL	2	81	1	1	BA1652	25333	4	5	1	1	0	0	0	0	0	0	0
A	BL	2	81	1	1	BA1652	25337	5	0	0	0	0	0	0	1	0	0	0
A	BL	2	81	1	1	BA1652	25343	5	9	0	0	0	0	0	0	0	0	0
A	BL	2	81	1	1	BA1652	25351	9	0	0	1	0	0	0	0	0	0	0
A	BL	2	81	1	1	BA1652	25353	9	10	0	0	0	0	0	0	0	0	0
A	BL	2	81	1	1	BA1652	25358	10	0	0	0	0	0	0	1	0	0	0
A	BL	2	81	1	1	BA1652	25428	10	2	0	0	0	0	0	0	0	0	0
A	BL	2	81	1	1	BA1652	25429	2	6	0	0	0	0	0	0	0	0	0
A	BL	2	81	1	1	BA1652	25591	6	0	0	1	0	0	0	0	0	0	0
A	BL	2	81	1	1	BA1652	25620	6	0	0	0	0	0	0	1	0	0	0
A	BL	2	81	1	1	BA1652	25626	6	0	0	1	0	0	0	0	0	0	0
A	BL	2	81	1	1	BA1652	25644	6	0	0	0	0	0	0	1	0	0	0
A	BL	2	81	1	1	BA1652	25647	6	0	0	1	0	0	0	0	0	0	0
A	BL	2	81	1	1	BA1652	25652	6	0	0	0	0	0	0	1	0	0	0
A	BL	2	81	1	1	BA1652	25671	6	0	0	1	0	0	0	0	0	0	0
A	BL	2	81	1	1	BA1652	25673	6	0	0	0	0	0	0	1	0	0	0
A	BL	2	81	1	1	BA1652	25679	6	0	0	1	0	0	0	0	0	0	0
A	BL	2	81	1	1	BA1652	25691	6	0	0	0	0	0	0	1	0	0	0
A	BL	2	81	1	1	BA1652	25699	6	0	0	1	0	0	0	0	0	0	0
A	BL	2	81	1	1	BA1652	25710	6	0	0	0	0	0	0	1	0	0	0
A	BL	2	81	1	1	BA1652	25718	6	0	0	1	0	0	0	0	0	0	0
A	BL	2	81	1	1	BA1652	25720	6	0	0	0	0	0	0	1	0	0	0
A	BL	2	81	1	1	BA1652	25961	6	8	2	0	1	0	0	0	0	0	0
A	BL	2	81	1	1	BA1652	25971	8	7	0	0	0	0	0	0	0	0	0
A	BL	2	81	1	1	BA1652	25996	7	0	0	0	0	0	0	0	1	0	0
A	BL	2	81	1	1	BA1652	26000	7	8	2	0	1	0	0	0	0	0	0
A	BL	2	81	1	1	BA1652	26010	8	7	0	0	0	0	0	0	0	0	0
A	BL	2	81	1	1	BA1652	26032	7	0	0	0	0	0	0	0	1	0	0
A	BL	2	81	1	1	BA1652	26060	7	8	2	0	1	0	0	0	0	0	0
A	BL	2	81	1	1	BA1652	26070	8	7	0	0	0	0	0	0	0	0	0
A	BL	2	81	1	1	BA1652	26109	7	0	0	0	0	0	0	0	1	0	0
A	BL	2	81	1	1	BA1652	26151	7	8	2	0	1	0	0	0	0	0	0
A	BL	2	81	1	1	BA1652	26161	8	7	0	0	0	0	0	0	0	0	0
A	BL	2	81	1	1	BA1652	26214	7	0	0	0	0	0	0	0	1	0	0
A	BL	2	81	1	1	BA1652	26223	7	8	2	0	1	0	0	0	0	0	0
A	BL	2	81	1	1	BA1652	26233	8	7	0	0	0	0	0	0	0	0	0
A	BL	2	81	1	1	BA1652	26240	7	0	0	0	0	0	0	0	1	0	0
A	BL	2	81	1	1	BA1652	26248	7	8	2	0	1	0	0	0	0	0	0
A	BL	2	81	1	1	BA1652	26258	8	7	0	0	0	0	0	0	0	0	0
A	BL	2	81	1	1	BA1652	26264	7	0	0	0	0	0	0	0	1	0	0
A	BL	2	81	1	1	BA1652	26273	7	8	2	0	1	0	0	0	0	0	0
A	BL	2	81	1	1	BA1652	26281	8	0	0	0	0	0	0	0	1	0	0
A	BL	2	81	1	1	BA1652	26283	8	7	0	0	0	0	0	0	0	0	0
A	BL	2	81	1	1	BA1652	26309	7	8	2	0	1	0	0	0	0	0	0
A	BL	2	81	1	1	BA1652	26311	8	0	0	0	0	0	0	0	1	0	0
A	BL	2	81	1	1	BA1652	26319	8	7	0	0	0	0	0	0	0	0	0
A	BL	2	81	1	1	BA1652	26344	7	8	2	0	1	0	0	0	0	0	0
A	BL	2	81	1	1	BA1652	26354	8	7	0	0	0	0	0	0	0	0	0
A	BL	2	81	1	1	BA1652	26371	7	0	0	0	0	0	0	0	1	0	0
A	BL	2	81	1	1	BA1652	26374	7	8	2	0	1	0	0	0	0	0	0
A	BL	2	81	1	1	BA1652	26379	8	0	0	0	0	0	0	0	1	0	0
A	BL	2	81	1	1	BA1652	26384	8	9	0	0	0	0	0	0	0	0	0
A	BL	2	81	1	1	BA1652	26394	9	10	0	0	0	0	0	0	0	0	0
A	BL	2	81	1	1	BA1652	26469	10	2	0	0	0	0	0	0	0	0	0
A	BL	2	81	1	1	BA1652	26470	2	3	0	0	0	0	0	0	0	0	0
A	BL	2	81	1	1	BA1652	26585	3	5	1	1	0	0	0	0	0	0	0
A	BL	2	81	1	1	BA1652	26588	5	0	0	0	0	0	0	1	0	0	0
A	BL	2	81	1	1	BA1652	26594	5	0	0	1	0	0	0	0	0	0	0
A	BL	2	81	1	1	BA1652	26595	5	4	0	0	0	0	0	0	0	0	0
A	BL	2	81	1	1	BA1652	26600	4	0	0	0	0	0	0	1	0	0	0
A	BL	2	81	1	1	BA1652	26605	4	5	1	1	0	0	0	0	0	0	0
A	BL	2	81	1	1	BA1652	26615	5	4	0	0	0	0	0	0	0	0	0
A	BL	2	81	1	1	BA1652	26629	4	0	0	0	0	0	0	1	0	0	0
A	BL	2	81	1	1	BA1652	26636	4	5	1	1	0	0	0	0	0	0	0
A	BL	2	81	1	1	BA1652	26638	5	0	0	0	0	0	0	1	0	0	0
A	BL	2	81	1	1	BA1652	26646	5	4	0	0	0	0	0	0	0	0	0
A	BL	2	81	1	1	BA1652	26713	4	5	1	1	0	0	0	0	0	0	0
A	BL	2	81	1	1	BA1652	26723	5	4	0	0	0	0	0	0	0	0	0
A	BL	2	81	1	1	BA1652	26747	4	0	0	0	0	0	0	1	0	0	0
A	BL	2	81	1	1	BA1652	26784	4	5	1	1	0	0	0	0	0	0	0
A	BL	2	81	1	1	BA1652	26794	5	9	0	0	0	0	0	0	0	0	0
A	BL	2	81	1	1	BA1652	26795	9	0	0	0	0	0	0	1	0	0	0
A	BL	2	81	1	1	BA1652	26804	9	10	0	0	0	0	0	0	0	0	0
A	BL	2	81	1	1	BA1652	26879	10	2	0	0	0	0	0	0	0	0	0
A	BL	2	81	1	1	BA1652	26880	2	3	0	0	0	0	0	0	0	0	0
A	BL	2	81	1	1	BA1652	27061	3	5	1	1	0	0	0	0	0	0	0
A	BL	2	81	1	1	BA1652	27071	5	4	0	0	0	0	0	0	0	0	0
A	BL	2	81	1	1	BA1652	27084	4	0	0	0	0	0	0	1	0	0	0
A	BL	2	81	1	1	BA1652	27140	4	5	1	1	0	0	0	0	0	0	0
A	BL	2	81	1	1	BA1652	27143	5	0	0	1	0	0	0	1	0	0	0
A	BL	2	81	1	1	BA1652	27145	5	0	0	0	0	0	0	1	0	0	0
A	BL	2	81	1	1	BA1652	27148	5	0	0	1	0	0	0	0	0	0	0
A	BL	2	81	1	1	BA1652	27150	5	4	0	0	0	0	0	0	0	0	0
A	BL	2	81	1	1	BA1652	27160	4	0	0	0	0	0	0	1	0	0	0
A	BL	2	81	1	1	BA1652	27165	4	5	1	1	0	0	0	0	0	0	0
A	BL	2	81	1	1	BA1652	27167	5	0	0	0	0	0	0	1	0	0	0
A	BL	2	81	1	1	BA1652	27169	5	0	0	1	0	0	0	0	0	0	0
A	BL	2	81	1	1	BA1652	27171	5	0	0	0	0	0	0	1	0	0	0
A	BL	2	81	1	1	BA1652	27173	5	0	0	1	0	0	0	0	0	0	0
A	BL	2	81	1	1	BA1652	27175	5	4	0	0	0	0	0	0	0	0	0
A	BL	2	81	1	1	BA1652	27177	4	0	0	0	0	0	0	1	0	0	0
A	BL	2	81	1	1	BA1652	27260	4	5	1	1	0	0	0	0	0	0	0
A	BL	2	81	1	1	BA1652	27262	5	0	0	0	0	0	0	1	0	0	0
A	BL	2	81	1	1	BA1652	27266	5	0	0	1	0	0	0	0	0	0	0
A	BL	2	81	1	1	BA1652	27268	5	0	0	0	0	0	0	1	0	0	0
A	BL	2	81	1	1	BA1652	27270	5	4	0	0	0	0	0	0	0	0	0
A	BL	2	81	1	1	BA1652	27273	4	5	1	1	0	0	0	0	0	0	0
A	BL	2	81	1	1	BA1652	27281	5	0	0	0	0	0	0	1	0	0	0
A	BL	2	81	1	1	BA1652	27283	5	9	0	0	0	0	0	0	0	0	0
A	BL	2	81	1	1	BA1652	27293	9	10	0	0	0	0	0	0	0	0	0
A	BL	2	81	1	1	BA1652	27368	10	2	0	0	0	0	0	0	0	0	0
A	BL	2	81	1	1	BA1652	27369	2	6	0	0	0	0	0	0	0	0	0
A	BL	2	81	1	1	BA1652	27648	6	0	0	1	0	0	0	0	0	0	0
A	BL	2	81	1	1	BA1652	27683	6	0	0	0	0	0	0	1	0	0	0
A	BL	2	81	1	1	BA1652	27690	6	0	0	1	0	0	0	0	0	0	0
A	BL	2	81	1	1	BA1652	27702	6	0	0	0	0	0	0	1	0	0	0
A	BL	2	81	1	1	BA1652	27711	6	0	0	1	0	0	0	0	0	0	0
A	BL	2	81	1	1	BA1652	27713	6	0	0	0	0	0	0	1	0	0	0
A	BL	2	81	1	1	BA1652	27760	6	0	0	1	0	0	0	0	0	0	0
A	BL	2	81	1	1	BA1652	27761	6	0	0	0	0	0	0	1	0	0	0
A	BL	2	81	1	1	BA1652	27825	6	0	0	1	0	0	0	0	0	0	0
A	BL	2	81	1	1	BA1652	27829	6	0	0	0	0	0	0	1	0	0	0
A	BL	2	81	1	1	BA1652	27933	6	0	0	1	0	0	0	0	0	0	0
A	BL	2	81	1	1	BA1652	27935	6	0	0	0	0	0	0	1	0	0	0
A	BL	2	81	1	1	BA1652	27951	6	0	0	1	0	0	0	0	0	0	0
A	BL	2	81	1	1	BA1652	27995	6	0	0	0	0	0	0	1	0	0	0
A	BL	2	81	1	1	BA1652	28174	6	8	2	0	1	0	0	0	0	0	0
A	BL	2	81	1	1	BA1652	28176	8	0	0	0	0	0	0	0	1	0	0
A	BL	2	81	1	1	BA1652	28184	8	7	0	0	0	0	0	0	0	0	0
A	BL	2	81	1	1	BA1652	28206	7	8	2	0	1	0	0	0	0	0	0
A	BL	2	81	1	1	BA1652	28216	8	7	0	0	0	0	0	0	0	0	0
A	BL	2	81	1	1	BA1652	28231	7	0	0	0	0	0	0	0	1	0	0
A	BL	2	81	1	1	BA1652	28270	7	8	2	0	1	0	0	0	0	0	0
A	BL	2	81	1	1	BA1652	28280	8	7	0	0	0	0	0	0	0	0	0
A	BL	2	81	1	1	BA1652	28345	7	0	0	0	0	0	0	0	1	0	0
A	BL	2	81	1	1	BA1652	28396	7	8	2	0	1	0	0	0	0	0	0
A	BL	2	81	1	1	BA1652	28406	8	7	0	0	0	0	0	0	0	0	0
A	BL	2	81	1	1	BA1652	28414	7	0	0	0	0	0	0	0	1	0	0
A	BL	2	81	1	1	BA1652	28427	7	8	2	0	1	0	0	0	0	0	0
A	BL	2	81	1	1	BA1652	28437	8	7	0	0	0	0	0	0	0	0	0
A	BL	2	81	1	1	BA1652	28458	7	0	0	0	0	0	0	0	1	0	0
A	BL	2	81	1	1	BA1652	28463	7	8	2	0	1	0	0	0	0	0	0
A	BL	2	81	1	1	BA1652	28467	8	0	0	0	0	0	0	0	1	0	0
A	BL	2	81	1	1	BA1652	28473	8	7	0	0	1	0	0	0	0	0	0
A	BL	2	81	1	1	BA1652	28481	7	0	0	0	0	0	0	0	1	0	0
A	BL	2	81	1	1	BA1652	28569	7	8	2	0	1	0	0	0	0	0	0
A	BL	2	81	1	1	BA1652	28579	8	7	0	0	0	0	0	0	0	0	0
A	BL	2	81	1	1	BA1652	28602	7	0	0	0	0	0	0	0	1	0	0
A	BL	2	81	1	1	BA1652	28638	7	8	2	0	1	0	0	0	0	0	0
A	BL	2	81	1	1	BA1652	28648	8	7	0	0	0	0	0	0	0	0	0
A	BL	2	81	1	1	BA1652	28676	7	0	0	0	0	0	0	0	1	0	0
A	BL	2	81	1	1	BA1652	28694	7	8	2	0	1	0	0	0	0	0	0
A	BL	2	81	1	1	BA1652	28704	8	7	0	0	0	0	0	0	0	0	0
A	BL	2	81	1	1	BA1652	28729	7	0	0	0	0	0	0	0	1	0	0
A	BL	2	81	1	1	BA1652	28902	7	8	2	0	1	0	0	0	0	0	0
A	BL	2	81	1	1	BA1652	28912	8	9	0	0	0	0	0	0	0	0	0
A	BL	2	81	1	1	BA1652	28919	9	0	0	0	0	0	0	0	1	0	0
A	BL	2	81	1	1	BA1652	28922	9	10	0	0	0	0	0	0	0	0	0
A	BL	2	81	1	1	BA1652	28997	10	2	0	0	0	0	0	0	0	0	0
A	BL	2	81	1	1	BA1652	28998	2	6	0	0	0	0	0	0	0	0	0
A	BL	2	81	1	1	BA1652	29188	6	0	0	1	0	0	0	0	0	0	0
A	BL	2	81	1	1	BA1652	29202	6	0	0	0	0	0	0	1	0	0	0
A	BL	2	81	1	1	BA1652	29398	6	8	2	0	1	0	0	0	0	0	0
A	BL	2	81	1	1	BA1652	29408	8	7	0	0	0	0	0	0	0	0	0
A	BL	2	81	1	1	BA1652	29434	7	0	0	0	0	0	0	0	1	0	0
A	BL	2	81	1	1	BA1652	29440	7	8	2	0	1	0	0	0	0	0	0
A	BL	2	81	1	1	BA1652	29446	8	0	0	0	0	0	0	0	1	0	0
A	BL	2	81	1	1	BA1652	29450	8	7	0	0	0	0	0	0	0	0	0
A	BL	2	81	1	1	BA1652	29451	7	8	2	0	1	0	0	0	0	0	0
A	BL	2	81	1	1	BA1652	29461	8	7	0	0	0	0	0	0	0	0	0
A	BL	2	81	1	1	BA1652	29480	7	0	0	0	0	0	0	0	1	0	0
A	BL	2	81	1	1	BA1652	29490	7	8	2	0	1	0	0	0	0	0	0
A	BL	2	81	1	1	BA1652	29500	8	7	0	0	0	0	0	0	0	0	0
A	BL	2	81	1	1	BA1652	29566	7	0	0	0	0	0	0	0	1	0	0
A	BL	2	81	1	1	BA1652	29580	7	8	2	0	1	0	0	0	0	0	0
A	BL	2	81	1	1	BA1652	29590	8	7	0	0	0	0	0	0	0	0	0
A	BL	2	81	1	1	BA1652	29675	7	0	0	0	0	0	0	0	1	0	0
A	BL	2	81	1	1	BA1652	29716	7	8	2	0	1	0	0	0	0	0	0
A	BL	2	81	1	1	BA1652	29722	8	0	0	0	0	0	0	0	1	0	0
A	BL	2	81	1	1	BA1652	29726	8	7	0	0	0	0	0	0	0	0	0
A	BL	2	81	1	1	BA1652	29732	7	8	2	0	1	0	0	0	0	0	0
A	BL	2	81	1	1	BA1652	29742	8	7	0	0	0	0	0	0	0	0	0
A	BL	2	81	1	1	BA1652	29760	7	0	0	0	0	0	0	0	1	0	0
A	BL	2	81	1	1	BA1652	29802	7	8	2	0	1	0	0	0	0	0	0
A	BL	2	81	1	1	BA1652	29808	8	0	0	0	0	0	0	0	1	0	0
A	BL	2	81	1	1	BA1652	29812	8	7	0	0	0	0	0	0	0	0	0
A	BL	2	81	1	1	BA1652	29875	7	8	2	0	1	0	0	0	0	0	0
A	BL	2	81	1	1	BA1652	29885	8	7	0	0	0	0	0	0	0	0	0
A	BL	2	81	1	1	BA1652	29894	7	0	0	0	0	0	0	0	1	0	0
A	BL	2	81	1	1	BA1652	29970	7	8	2	0	1	0	0	0	0	0	0
A	BL	2	81	1	1	BA1652	29980	8	9	0	0	0	0	0	0	0	0	0
A	BL	2	81	1	1	BA1652	29990	9	-1	0	0	0	0	0	0	1	0	0
