Project	UserID	Protocol	Session	Station	Run	Subject	Time	Current State	Transition State	Transition Event	A1 - LEFT	A2 - RIGHT	A3 - 	A4 - 	A[1] LEFT	A[2] RIGHT	A[3] 	A[4] 
A	EF	4	95	1	1	BA1652	0	0	1	0	0	0	0	0	0	0	0	0
A	EF	4	95	1	1	BA1652	50	1	2	0	0	0	0	0	0	0	0	0
A	EF	4	95	1	1	BA1652	51	2	3	0	0	0	0	0	0	0	0	0
A	EF	4	95	1	1	BA1652	405	3	5	1	1	0	0	0	0	0	0	0
A	EF	4	95	1	1	BA1652	411	5	0	0	0	0	0	0	1	0	0	0
A	EF	4	95	1	1	BA1652	415	5	4	0	0	0	0	0	0	0	0	0
A	EF	4	95	1	1	BA1652	446	4	5	1	1	0	0	0	0	0	0	0
A	EF	4	95	1	1	BA1652	456	5	4	0	0	0	0	0	0	0	0	0
A	EF	4	95	1	1	BA1652	463	4	0	0	0	0	0	0	1	0	0	0
A	EF	4	95	1	1	BA1652	504	4	5	1	1	0	0	0	0	0	0	0
A	EF	4	95	1	1	BA1652	511	5	0	0	0	0	0	0	1	0	0	0
A	EF	4	95	1	1	BA1652	514	5	4	0	1	0	0	0	0	0	0	0
A	EF	4	95	1	1	BA1652	516	4	0	0	0	0	0	0	1	0	0	0
A	EF	4	95	1	1	BA1652	521	4	5	1	1	0	0	0	0	0	0	0
A	EF	4	95	1	1	BA1652	527	5	0	0	0	0	0	0	1	0	0	0
A	EF	4	95	1	1	BA1652	531	5	4	0	0	0	0	0	0	0	0	0
A	EF	4	95	1	1	BA1652	587	4	5	1	1	0	0	0	0	0	0	0
A	EF	4	95	1	1	BA1652	597	5	9	0	0	0	0	0	0	0	0	0
A	EF	4	95	1	1	BA1652	606	9	0	0	0	0	0	0	1	0	0	0
A	EF	4	95	1	1	BA1652	607	9	10	0	0	0	0	0	0	0	0	0
A	EF	4	95	1	1	BA1652	682	10	2	0	0	0	0	0	0	0	0	0
A	EF	4	95	1	1	BA1652	683	2	6	0	0	0	0	0	0	0	0	0
A	EF	4	95	1	1	BA1652	1369	6	8	2	0	1	0	0	0	0	0	0
A	EF	4	95	1	1	BA1652	1379	8	7	0	0	0	0	0	0	0	0	0
A	EF	4	95	1	1	BA1652	1394	7	0	0	0	0	0	0	0	1	0	0
A	EF	4	95	1	1	BA1652	6888	7	0	0	1	0	0	0	0	0	0	0
A	EF	4	95	1	1	BA1652	6891	7	0	0	0	0	0	0	1	0	0	0
A	EF	4	95	1	1	BA1652	6895	7	0	0	1	0	0	0	0	0	0	0
A	EF	4	95	1	1	BA1652	6899	7	0	0	0	0	0	0	1	0	0	0
A	EF	4	95	1	1	BA1652	6901	7	0	0	1	0	0	0	0	0	0	0
A	EF	4	95	1	1	BA1652	6907	7	0	0	0	0	0	0	1	0	0	0
A	EF	4	95	1	1	BA1652	7423	7	8	2	0	1	0	0	0	0	0	0
A	EF	4	95	1	1	BA1652	7424	8	0	0	0	0	0	0	0	1	0	0
A	EF	4	95	1	1	BA1652	7428	8	0	0	0	1	0	0	0	0	0	0
A	EF	4	95	1	1	BA1652	7433	8	7	0	0	0	0	0	0	0	0	0
A	EF	4	95	1	1	BA1652	7437	7	0	0	0	0	0	0	0	1	0	0
A	EF	4	95	1	1	BA1652	7442	7	8	2	0	1	0	0	0	0	0	0
A	EF	4	95	1	1	BA1652	7452	8	7	0	0	0	0	0	0	0	0	0
A	EF	4	95	1	1	BA1652	7463	7	0	0	0	0	0	0	0	1	0	0
A	EF	4	95	1	1	BA1652	7477	7	8	2	0	1	0	0	0	0	0	0
A	EF	4	95	1	1	BA1652	7479	8	0	0	0	0	0	0	0	1	0	0
A	EF	4	95	1	1	BA1652	7487	8	7	0	0	0	0	0	0	0	0	0
A	EF	4	95	1	1	BA1652	7530	7	8	2	0	1	0	0	0	0	0	0
A	EF	4	95	1	1	BA1652	7540	8	7	0	0	0	0	0	0	0	0	0
A	EF	4	95	1	1	BA1652	7586	7	0	0	0	0	0	0	0	1	0	0
A	EF	4	95	1	1	BA1652	7589	7	8	2	0	1	0	0	0	0	0	0
A	EF	4	95	1	1	BA1652	7599	8	7	0	0	0	0	0	0	0	0	0
A	EF	4	95	1	1	BA1652	7607	7	0	0	0	0	0	0	0	1	0	0
A	EF	4	95	1	1	BA1652	7651	7	8	2	0	1	0	0	0	0	0	0
A	EF	4	95	1	1	BA1652	7661	8	7	0	0	0	0	0	0	0	0	0
A	EF	4	95	1	1	BA1652	7673	7	0	0	0	0	0	0	0	1	0	0
A	EF	4	95	1	1	BA1652	7678	7	8	2	0	1	0	0	0	0	0	0
A	EF	4	95	1	1	BA1652	7688	8	7	0	0	0	0	0	0	0	0	0
A	EF	4	95	1	1	BA1652	7738	7	0	0	0	0	0	0	0	1	0	0
A	EF	4	95	1	1	BA1652	7764	7	8	2	0	1	0	0	0	0	0	0
A	EF	4	95	1	1	BA1652	7774	8	7	0	0	0	0	0	0	0	0	0
A	EF	4	95	1	1	BA1652	7775	7	0	0	0	0	0	0	0	1	0	0
A	EF	4	95	1	1	BA1652	7793	7	8	2	0	1	0	0	0	0	0	0
A	EF	4	95	1	1	BA1652	7803	8	7	0	0	0	0	0	0	0	0	0
A	EF	4	95	1	1	BA1652	7817	7	0	0	0	0	0	0	0	1	0	0
A	EF	4	95	1	1	BA1652	7837	7	8	2	0	1	0	0	0	0	0	0
A	EF	4	95	1	1	BA1652	7847	8	7	0	0	0	0	0	0	0	0	0
A	EF	4	95	1	1	BA1652	7902	7	0	0	0	0	0	0	0	1	0	0
A	EF	4	95	1	1	BA1652	7925	7	8	2	0	1	0	0	0	0	0	0
A	EF	4	95	1	1	BA1652	7935	8	7	0	0	0	0	0	0	0	0	0
A	EF	4	95	1	1	BA1652	7956	7	0	0	0	0	0	0	0	1	0	0
A	EF	4	95	1	1	BA1652	7957	7	8	2	0	1	0	0	0	0	0	0
A	EF	4	95	1	1	BA1652	7965	8	0	0	0	0	0	0	0	1	0	0
A	EF	4	95	1	1	BA1652	7967	8	7	0	0	0	0	0	0	0	0	0
A	EF	4	95	1	1	BA1652	7982	7	8	2	0	1	0	0	0	0	0	0
A	EF	4	95	1	1	BA1652	7992	8	7	0	0	0	0	0	0	0	0	0
A	EF	4	95	1	1	BA1652	8014	7	0	0	0	0	0	0	0	1	0	0
A	EF	4	95	1	1	BA1652	8017	7	8	2	0	1	0	0	0	0	0	0
A	EF	4	95	1	1	BA1652	8019	8	0	0	0	0	0	0	0	1	0	0
A	EF	4	95	1	1	BA1652	8027	8	7	0	0	0	0	0	0	0	0	0
A	EF	4	95	1	1	BA1652	8028	7	8	2	0	1	0	0	0	0	0	0
A	EF	4	95	1	1	BA1652	8038	8	7	0	0	0	0	0	0	0	0	0
A	EF	4	95	1	1	BA1652	8049	7	0	0	0	0	0	0	0	1	0	0
A	EF	4	95	1	1	BA1652	8054	7	8	2	0	1	0	0	0	0	0	0
A	EF	4	95	1	1	BA1652	8059	8	0	0	0	0	0	0	0	1	0	0
A	EF	4	95	1	1	BA1652	8064	8	7	0	0	0	0	0	0	0	0	0
A	EF	4	95	1	1	BA1652	8065	7	8	2	0	1	0	0	0	0	0	0
A	EF	4	95	1	1	BA1652	8075	8	7	0	0	0	0	0	0	0	0	0
A	EF	4	95	1	1	BA1652	8090	7	0	0	0	0	0	0	0	1	0	0
A	EF	4	95	1	1	BA1652	8094	7	8	2	0	1	0	0	0	0	0	0
A	EF	4	95	1	1	BA1652	8103	8	0	0	0	0	0	0	0	1	0	0
A	EF	4	95	1	1	BA1652	8104	8	7	0	0	0	0	0	0	0	0	0
A	EF	4	95	1	1	BA1652	8105	7	8	2	0	1	0	0	0	0	0	0
A	EF	4	95	1	1	BA1652	8108	8	0	0	0	0	0	0	0	1	0	0
A	EF	4	95	1	1	BA1652	8115	8	9	0	0	0	0	0	0	0	0	0
A	EF	4	95	1	1	BA1652	8125	9	10	0	0	0	0	0	0	0	0	0
A	EF	4	95	1	1	BA1652	8200	10	2	0	0	0	0	0	0	0	0	0
A	EF	4	95	1	1	BA1652	8201	2	6	0	0	0	0	0	0	0	0	0
A	EF	4	95	1	1	BA1652	8288	6	0	0	1	0	0	0	0	0	0	0
A	EF	4	95	1	1	BA1652	8303	6	0	0	0	0	0	0	1	0	0	0
A	EF	4	95	1	1	BA1652	8492	6	8	2	0	1	0	0	0	0	0	0
A	EF	4	95	1	1	BA1652	8502	8	7	0	0	0	0	0	0	0	0	0
A	EF	4	95	1	1	BA1652	8503	7	0	0	0	0	0	0	0	1	0	0
A	EF	4	95	1	1	BA1652	8504	7	8	2	0	1	0	0	0	0	0	0
A	EF	4	95	1	1	BA1652	8514	8	7	0	0	0	0	0	0	0	0	0
A	EF	4	95	1	1	BA1652	8529	7	8	2	0	1	0	0	0	1	0	0
A	EF	4	95	1	1	BA1652	8539	8	7	0	0	0	0	0	0	0	0	0
A	EF	4	95	1	1	BA1652	8586	7	0	0	0	0	0	0	0	1	0	0
A	EF	4	95	1	1	BA1652	8591	7	8	2	0	1	0	0	0	0	0	0
A	EF	4	95	1	1	BA1652	8601	8	7	0	0	0	0	0	0	0	0	0
A	EF	4	95	1	1	BA1652	8677	7	0	0	0	0	0	0	0	1	0	0
A	EF	4	95	1	1	BA1652	8701	7	8	2	0	1	0	0	0	0	0	0
A	EF	4	95	1	1	BA1652	8711	8	7	0	0	0	0	0	0	0	0	0
A	EF	4	95	1	1	BA1652	8739	7	0	0	0	0	0	0	0	1	0	0
A	EF	4	95	1	1	BA1652	8756	7	8	2	0	1	0	0	0	0	0	0
A	EF	4	95	1	1	BA1652	8758	8	0	0	0	0	0	0	0	1	0	0
A	EF	4	95	1	1	BA1652	8763	8	0	0	0	1	0	0	0	0	0	0
A	EF	4	95	1	1	BA1652	8766	8	7	0	0	0	0	0	0	0	0	0
A	EF	4	95	1	1	BA1652	8788	7	0	0	0	0	0	0	0	1	0	0
A	EF	4	95	1	1	BA1652	8822	7	8	2	0	1	0	0	0	0	0	0
A	EF	4	95	1	1	BA1652	8832	8	7	0	0	0	0	0	0	0	0	0
A	EF	4	95	1	1	BA1652	8878	7	0	0	0	0	0	0	0	1	0	0
A	EF	4	95	1	1	BA1652	8884	7	8	2	0	1	0	0	0	0	0	0
A	EF	4	95	1	1	BA1652	8894	8	7	0	0	0	0	0	0	0	0	0
A	EF	4	95	1	1	BA1652	8906	7	0	0	0	0	0	0	0	1	0	0
A	EF	4	95	1	1	BA1652	8912	7	8	2	0	1	0	0	0	0	0	0
A	EF	4	95	1	1	BA1652	8919	8	0	0	0	0	0	0	0	1	0	0
A	EF	4	95	1	1	BA1652	8920	8	0	0	0	1	0	0	0	0	0	0
A	EF	4	95	1	1	BA1652	8922	8	7	0	0	0	0	0	0	0	0	0
A	EF	4	95	1	1	BA1652	8924	7	0	0	0	0	0	0	0	1	0	0
A	EF	4	95	1	1	BA1652	8931	7	8	2	0	1	0	0	0	0	0	0
A	EF	4	95	1	1	BA1652	8934	8	0	0	0	0	0	0	0	1	0	0
A	EF	4	95	1	1	BA1652	8941	8	7	0	0	0	0	0	0	0	0	0
A	EF	4	95	1	1	BA1652	8947	7	8	2	0	1	0	0	0	0	0	0
A	EF	4	95	1	1	BA1652	8951	8	0	0	0	0	0	0	0	1	0	0
A	EF	4	95	1	1	BA1652	8957	8	7	0	0	0	0	0	0	0	0	0
A	EF	4	95	1	1	BA1652	8961	7	8	2	0	1	0	0	0	0	0	0
A	EF	4	95	1	1	BA1652	8964	8	0	0	0	0	0	0	0	1	0	0
A	EF	4	95	1	1	BA1652	8971	8	7	0	0	0	0	0	0	0	0	0
A	EF	4	95	1	1	BA1652	9023	7	8	2	0	1	0	0	0	0	0	0
A	EF	4	95	1	1	BA1652	9033	8	7	0	0	0	0	0	0	0	0	0
A	EF	4	95	1	1	BA1652	9038	7	0	0	0	0	0	0	0	1	0	0
A	EF	4	95	1	1	BA1652	9082	7	8	2	0	1	0	0	0	0	0	0
A	EF	4	95	1	1	BA1652	9092	8	7	0	0	0	0	0	0	0	0	0
A	EF	4	95	1	1	BA1652	9143	7	0	0	0	0	0	0	0	1	0	0
A	EF	4	95	1	1	BA1652	9145	7	8	2	0	1	0	0	0	0	0	0
A	EF	4	95	1	1	BA1652	9155	8	7	0	0	0	0	0	0	0	0	0
A	EF	4	95	1	1	BA1652	9170	7	0	0	0	0	0	0	0	1	0	0
A	EF	4	95	1	1	BA1652	9266	7	8	2	0	1	0	0	0	0	0	0
A	EF	4	95	1	1	BA1652	9276	8	7	0	0	0	0	0	0	0	0	0
A	EF	4	95	1	1	BA1652	9283	7	0	0	0	0	0	0	0	1	0	0
A	EF	4	95	1	1	BA1652	9286	7	8	2	0	1	0	0	0	0	0	0
A	EF	4	95	1	1	BA1652	9296	8	7	0	0	0	0	0	0	0	0	0
A	EF	4	95	1	1	BA1652	9308	7	0	0	0	0	0	0	0	1	0	0
A	EF	4	95	1	1	BA1652	9350	7	8	2	0	1	0	0	0	0	0	0
A	EF	4	95	1	1	BA1652	9360	8	7	0	0	0	0	0	0	0	0	0
A	EF	4	95	1	1	BA1652	9400	7	0	0	0	0	0	0	0	1	0	0
A	EF	4	95	1	1	BA1652	9401	7	8	2	0	1	0	0	0	0	0	0
A	EF	4	95	1	1	BA1652	9411	8	7	0	0	0	0	0	0	0	0	0
A	EF	4	95	1	1	BA1652	9415	7	0	0	0	0	0	0	0	1	0	0
A	EF	4	95	1	1	BA1652	9475	7	8	2	0	1	0	0	0	0	0	0
A	EF	4	95	1	1	BA1652	9485	8	9	0	0	0	0	0	0	0	0	0
A	EF	4	95	1	1	BA1652	9495	9	10	0	0	0	0	0	0	0	0	0
A	EF	4	95	1	1	BA1652	9497	10	0	0	0	0	0	0	0	1	0	0
A	EF	4	95	1	1	BA1652	9570	10	2	0	0	0	0	0	0	0	0	0
A	EF	4	95	1	1	BA1652	9571	2	6	0	0	0	0	0	0	0	0	0
A	EF	4	95	1	1	BA1652	9734	6	8	2	0	1	0	0	0	0	0	0
A	EF	4	95	1	1	BA1652	9744	8	7	0	0	0	0	0	0	0	0	0
A	EF	4	95	1	1	BA1652	9797	7	0	0	0	0	0	0	0	1	0	0
A	EF	4	95	1	1	BA1652	9802	7	8	2	0	1	0	0	0	0	0	0
A	EF	4	95	1	1	BA1652	9812	8	7	0	0	0	0	0	0	1	0	0
A	EF	4	95	1	1	BA1652	9851	7	8	2	0	1	0	0	0	0	0	0
A	EF	4	95	1	1	BA1652	9861	8	7	0	0	0	0	0	0	0	0	0
A	EF	4	95	1	1	BA1652	9880	7	0	0	0	0	0	0	0	1	0	0
A	EF	4	95	1	1	BA1652	9897	7	8	2	0	1	0	0	0	0	0	0
A	EF	4	95	1	1	BA1652	9902	8	0	0	0	0	0	0	0	1	0	0
A	EF	4	95	1	1	BA1652	9907	8	7	0	0	0	0	0	0	0	0	0
A	EF	4	95	1	1	BA1652	9968	7	8	2	0	1	0	0	0	0	0	0
A	EF	4	95	1	1	BA1652	9976	8	0	0	0	0	0	0	0	1	0	0
A	EF	4	95	1	1	BA1652	9978	8	7	0	0	0	0	0	0	0	0	0
A	EF	4	95	1	1	BA1652	9981	7	8	2	0	1	0	0	0	0	0	0
A	EF	4	95	1	1	BA1652	9985	8	0	0	0	0	0	0	0	1	0	0
A	EF	4	95	1	1	BA1652	9991	8	7	0	0	0	0	0	0	0	0	0
A	EF	4	95	1	1	BA1652	10021	7	8	2	0	1	0	0	0	0	0	0
A	EF	4	95	1	1	BA1652	10023	8	0	0	0	0	0	0	0	1	0	0
A	EF	4	95	1	1	BA1652	10031	8	7	0	0	0	0	0	0	0	0	0
A	EF	4	95	1	1	BA1652	10035	7	8	2	0	1	0	0	0	0	0	0
A	EF	4	95	1	1	BA1652	10045	8	7	0	0	0	0	0	0	0	0	0
A	EF	4	95	1	1	BA1652	10069	7	0	0	0	0	0	0	0	1	0	0
A	EF	4	95	1	1	BA1652	10330	7	8	2	0	1	0	0	0	0	0	0
A	EF	4	95	1	1	BA1652	10340	8	7	0	0	0	0	0	0	0	0	0
A	EF	4	95	1	1	BA1652	10453	7	0	0	0	0	0	0	0	1	0	0
A	EF	4	95	1	1	BA1652	10509	7	8	2	0	1	0	0	0	0	0	0
A	EF	4	95	1	1	BA1652	10519	8	7	0	0	0	0	0	0	0	0	0
A	EF	4	95	1	1	BA1652	10635	7	0	0	0	0	0	0	0	1	0	0
A	EF	4	95	1	1	BA1652	10658	7	8	2	0	1	0	0	0	0	0	0
A	EF	4	95	1	1	BA1652	10668	8	7	0	0	0	0	0	0	0	0	0
A	EF	4	95	1	1	BA1652	10719	7	0	0	0	0	0	0	0	1	0	0
A	EF	4	95	1	1	BA1652	10760	7	8	2	0	1	0	0	0	0	0	0
A	EF	4	95	1	1	BA1652	10770	8	7	0	0	0	0	0	0	0	0	0
A	EF	4	95	1	1	BA1652	10813	7	0	0	0	0	0	0	0	1	0	0
A	EF	4	95	1	1	BA1652	10946	7	8	2	0	1	0	0	0	0	0	0
A	EF	4	95	1	1	BA1652	10952	8	0	0	0	0	0	0	0	1	0	0
A	EF	4	95	1	1	BA1652	10956	8	7	0	0	0	0	0	0	0	0	0
A	EF	4	95	1	1	BA1652	11003	7	8	2	0	1	0	0	0	0	0	0
A	EF	4	95	1	1	BA1652	11013	8	7	0	0	0	0	0	0	0	0	0
A	EF	4	95	1	1	BA1652	11165	7	0	0	0	0	0	0	0	1	0	0
A	EF	4	95	1	1	BA1652	11166	7	8	2	0	1	0	0	0	0	0	0
A	EF	4	95	1	1	BA1652	11176	8	7	0	0	0	0	0	0	0	0	0
A	EF	4	95	1	1	BA1652	11274	7	0	0	0	0	0	0	0	1	0	0
A	EF	4	95	1	1	BA1652	11316	7	8	2	0	1	0	0	0	0	0	0
A	EF	4	95	1	1	BA1652	11326	8	7	0	0	0	0	0	0	0	0	0
A	EF	4	95	1	1	BA1652	11333	7	0	0	0	0	0	0	0	1	0	0
A	EF	4	95	1	1	BA1652	11334	7	8	2	0	1	0	0	0	0	0	0
A	EF	4	95	1	1	BA1652	11342	8	0	0	0	0	0	0	0	1	0	0
A	EF	4	95	1	1	BA1652	11344	8	7	0	0	0	0	0	0	0	0	0
A	EF	4	95	1	1	BA1652	11351	7	8	2	0	1	0	0	0	0	0	0
A	EF	4	95	1	1	BA1652	11361	8	7	0	0	0	0	0	0	0	0	0
A	EF	4	95	1	1	BA1652	11368	7	0	0	0	0	0	0	0	1	0	0
A	EF	4	95	1	1	BA1652	11401	7	8	2	0	1	0	0	0	0	0	0
A	EF	4	95	1	1	BA1652	11411	8	7	0	0	0	0	0	0	0	0	0
A	EF	4	95	1	1	BA1652	11429	7	0	0	0	0	0	0	0	1	0	0
A	EF	4	95	1	1	BA1652	11571	7	8	2	0	1	0	0	0	0	0	0
A	EF	4	95	1	1	BA1652	11581	8	9	0	0	0	0	0	0	0	0	0
A	EF	4	95	1	1	BA1652	11591	9	10	0	0	0	0	0	0	1	0	0
A	EF	4	95	1	1	BA1652	11666	10	2	0	0	0	0	0	0	0	0	0
A	EF	4	95	1	1	BA1652	11667	2	3	0	0	0	0	0	0	0	0	0
A	EF	4	95	1	1	BA1652	11750	3	5	1	1	0	0	0	0	0	0	0
A	EF	4	95	1	1	BA1652	11754	5	0	0	1	0	0	0	1	0	0	0
A	EF	4	95	1	1	BA1652	11760	5	4	0	0	0	0	0	0	0	0	0
A	EF	4	95	1	1	BA1652	11761	4	0	0	0	0	0	0	1	0	0	0
A	EF	4	95	1	1	BA1652	11771	4	5	1	1	0	0	0	0	0	0	0
A	EF	4	95	1	1	BA1652	11780	5	0	0	0	0	0	0	1	0	0	0
A	EF	4	95	1	1	BA1652	11781	5	4	0	0	0	0	0	0	0	0	0
A	EF	4	95	1	1	BA1652	11782	4	5	1	1	0	0	0	0	0	0	0
A	EF	4	95	1	1	BA1652	11784	5	0	0	0	0	0	0	1	0	0	0
A	EF	4	95	1	1	BA1652	11785	5	0	0	1	0	0	0	0	0	0	0
A	EF	4	95	1	1	BA1652	11792	5	4	0	0	0	0	0	0	0	0	0
A	EF	4	95	1	1	BA1652	11798	4	0	0	0	0	0	0	1	0	0	0
A	EF	4	95	1	1	BA1652	11828	4	5	1	1	0	0	0	0	0	0	0
A	EF	4	95	1	1	BA1652	11831	5	0	0	0	0	0	0	1	0	0	0
A	EF	4	95	1	1	BA1652	11838	5	4	0	0	0	0	0	0	0	0	0
A	EF	4	95	1	1	BA1652	11913	4	5	1	1	0	0	0	0	0	0	0
A	EF	4	95	1	1	BA1652	11918	5	0	0	0	0	0	0	1	0	0	0
A	EF	4	95	1	1	BA1652	11923	5	9	0	0	0	0	0	0	0	0	0
A	EF	4	95	1	1	BA1652	11933	9	10	0	0	0	0	0	0	0	0	0
A	EF	4	95	1	1	BA1652	12008	10	2	0	0	0	0	0	0	0	0	0
A	EF	4	95	1	1	BA1652	12009	2	3	0	0	0	0	0	0	0	0	0
A	EF	4	95	1	1	BA1652	12084	3	5	1	1	0	0	0	0	0	0	0
A	EF	4	95	1	1	BA1652	12094	5	4	0	0	0	0	0	1	0	0	0
A	EF	4	95	1	1	BA1652	12097	4	5	1	1	0	0	0	0	0	0	0
A	EF	4	95	1	1	BA1652	12101	5	0	0	0	0	0	0	1	0	0	0
A	EF	4	95	1	1	BA1652	12106	5	0	0	1	0	0	0	0	0	0	0
A	EF	4	95	1	1	BA1652	12107	5	4	0	0	0	0	0	0	0	0	0
A	EF	4	95	1	1	BA1652	12122	4	0	0	0	0	0	0	1	0	0	0
A	EF	4	95	1	1	BA1652	12125	4	5	1	1	0	0	0	0	0	0	0
A	EF	4	95	1	1	BA1652	12135	5	4	0	0	0	0	0	1	0	0	0
A	EF	4	95	1	1	BA1652	12136	4	5	1	1	0	0	0	0	0	0	0
A	EF	4	95	1	1	BA1652	12146	5	4	0	0	0	0	0	0	0	0	0
A	EF	4	95	1	1	BA1652	12153	4	0	0	0	0	0	0	1	0	0	0
A	EF	4	95	1	1	BA1652	12184	4	5	1	1	0	0	0	0	0	0	0
A	EF	4	95	1	1	BA1652	12190	5	0	0	0	0	0	0	1	0	0	0
A	EF	4	95	1	1	BA1652	12194	5	9	0	0	0	0	0	0	0	0	0
A	EF	4	95	1	1	BA1652	12204	9	10	0	0	0	0	0	0	0	0	0
A	EF	4	95	1	1	BA1652	12279	10	2	0	0	0	0	0	0	0	0	0
A	EF	4	95	1	1	BA1652	12280	2	6	0	0	0	0	0	0	0	0	0
A	EF	4	95	1	1	BA1652	12444	6	0	0	1	0	0	0	0	0	0	0
A	EF	4	95	1	1	BA1652	12466	6	0	0	0	0	0	0	1	0	0	0
A	EF	4	95	1	1	BA1652	12745	6	0	0	1	0	0	0	0	0	0	0
A	EF	4	95	1	1	BA1652	12789	6	0	0	0	0	0	0	1	0	0	0
A	EF	4	95	1	1	BA1652	12824	6	0	0	1	0	0	0	0	0	0	0
A	EF	4	95	1	1	BA1652	12825	6	0	0	0	0	0	0	1	0	0	0
A	EF	4	95	1	1	BA1652	12826	6	0	0	1	0	0	0	0	0	0	0
A	EF	4	95	1	1	BA1652	12844	6	0	0	0	0	0	0	1	0	0	0
A	EF	4	95	1	1	BA1652	12994	6	8	2	0	1	0	0	0	0	0	0
A	EF	4	95	1	1	BA1652	12996	8	0	0	0	0	0	0	0	1	0	0
A	EF	4	95	1	1	BA1652	13004	8	7	0	0	0	0	0	0	0	0	0
A	EF	4	95	1	1	BA1652	13135	7	0	0	1	0	0	0	0	0	0	0
A	EF	4	95	1	1	BA1652	13142	7	0	0	0	0	0	0	1	0	0	0
A	EF	4	95	1	1	BA1652	13217	7	8	2	0	1	0	0	0	0	0	0
A	EF	4	95	1	1	BA1652	13227	8	7	0	0	0	0	0	0	0	0	0
A	EF	4	95	1	1	BA1652	13248	7	0	0	0	0	0	0	0	1	0	0
A	EF	4	95	1	1	BA1652	13303	7	8	2	0	1	0	0	0	0	0	0
A	EF	4	95	1	1	BA1652	13313	8	7	0	0	0	0	0	0	0	0	0
A	EF	4	95	1	1	BA1652	13387	7	0	0	0	0	0	0	0	1	0	0
A	EF	4	95	1	1	BA1652	13432	7	8	2	0	1	0	0	0	0	0	0
A	EF	4	95	1	1	BA1652	13442	8	7	0	0	0	0	0	0	0	0	0
A	EF	4	95	1	1	BA1652	13448	7	0	0	0	0	0	0	0	1	0	0
A	EF	4	95	1	1	BA1652	13478	7	8	2	0	1	0	0	0	0	0	0
A	EF	4	95	1	1	BA1652	13482	8	0	0	0	0	0	0	0	1	0	0
A	EF	4	95	1	1	BA1652	13488	8	7	0	0	0	0	0	0	0	0	0
A	EF	4	95	1	1	BA1652	13498	7	8	2	0	1	0	0	0	0	0	0
A	EF	4	95	1	1	BA1652	13506	8	0	0	0	0	0	0	0	1	0	0
A	EF	4	95	1	1	BA1652	13508	8	7	0	0	1	0	0	0	0	0	0
A	EF	4	95	1	1	BA1652	13523	7	0	0	0	0	0	0	0	1	0	0
A	EF	4	95	1	1	BA1652	13562	7	8	2	0	1	0	0	0	0	0	0
A	EF	4	95	1	1	BA1652	13572	8	7	0	0	0	0	0	0	0	0	0
A	EF	4	95	1	1	BA1652	13577	7	0	0	0	0	0	0	0	1	0	0
A	EF	4	95	1	1	BA1652	13578	7	8	2	0	1	0	0	0	0	0	0
A	EF	4	95	1	1	BA1652	13580	8	0	0	0	0	0	0	0	1	0	0
A	EF	4	95	1	1	BA1652	13586	8	0	0	0	1	0	0	0	0	0	0
A	EF	4	95	1	1	BA1652	13588	8	7	0	0	0	0	0	0	0	0	0
A	EF	4	95	1	1	BA1652	13590	7	0	0	0	0	0	0	0	1	0	0
A	EF	4	95	1	1	BA1652	13634	7	8	2	0	1	0	0	0	0	0	0
A	EF	4	95	1	1	BA1652	13644	8	7	0	0	0	0	0	0	0	0	0
A	EF	4	95	1	1	BA1652	13664	7	0	0	0	0	0	0	0	1	0	0
A	EF	4	95	1	1	BA1652	13667	7	8	2	0	1	0	0	0	0	0	0
A	EF	4	95	1	1	BA1652	13677	8	7	0	0	0	0	0	0	1	0	0
A	EF	4	95	1	1	BA1652	13681	7	8	2	0	1	0	0	0	0	0	0
A	EF	4	95	1	1	BA1652	13691	8	7	0	0	0	0	0	0	0	0	0
A	EF	4	95	1	1	BA1652	13704	7	0	0	0	0	0	0	0	1	0	0
A	EF	4	95	1	1	BA1652	13705	7	8	2	0	1	0	0	0	0	0	0
A	EF	4	95	1	1	BA1652	13709	8	0	0	0	0	0	0	0	1	0	0
A	EF	4	95	1	1	BA1652	13715	8	7	0	0	0	0	0	0	0	0	0
A	EF	4	95	1	1	BA1652	13766	7	8	2	0	1	0	0	0	0	0	0
A	EF	4	95	1	1	BA1652	13776	8	7	0	0	0	0	0	0	0	0	0
A	EF	4	95	1	1	BA1652	13829	7	0	0	0	0	0	0	0	1	0	0
A	EF	4	95	1	1	BA1652	13871	7	8	2	0	1	0	0	0	0	0	0
A	EF	4	95	1	1	BA1652	13881	8	7	0	0	0	0	0	0	0	0	0
A	EF	4	95	1	1	BA1652	13926	7	0	0	0	0	0	0	0	1	0	0
A	EF	4	95	1	1	BA1652	13931	7	8	2	0	1	0	0	0	0	0	0
A	EF	4	95	1	1	BA1652	13934	8	0	0	0	0	0	0	0	1	0	0
A	EF	4	95	1	1	BA1652	13936	8	0	0	0	1	0	0	0	0	0	0
A	EF	4	95	1	1	BA1652	13939	8	0	0	0	0	0	0	0	1	0	0
A	EF	4	95	1	1	BA1652	13941	8	7	0	0	0	0	0	0	0	0	0
A	EF	4	95	1	1	BA1652	13946	7	8	2	0	1	0	0	0	0	0	0
A	EF	4	95	1	1	BA1652	13956	8	7	0	0	0	0	0	0	0	0	0
A	EF	4	95	1	1	BA1652	13957	7	0	0	0	0	0	0	0	1	0	0
A	EF	4	95	1	1	BA1652	13963	7	8	2	0	1	0	0	0	0	0	0
A	EF	4	95	1	1	BA1652	13969	8	0	0	0	0	0	0	0	1	0	0
A	EF	4	95	1	1	BA1652	13973	8	7	0	0	0	0	0	0	0	0	0
A	EF	4	95	1	1	BA1652	14003	7	8	2	0	1	0	0	0	0	0	0
A	EF	4	95	1	1	BA1652	14013	8	7	0	0	0	0	0	0	0	0	0
A	EF	4	95	1	1	BA1652	14037	7	0	0	0	0	0	0	0	1	0	0
A	EF	4	95	1	1	BA1652	14103	7	8	2	0	1	0	0	0	0	0	0
A	EF	4	95	1	1	BA1652	14113	8	7	0	0	0	0	0	0	0	0	0
A	EF	4	95	1	1	BA1652	14120	7	0	0	0	0	0	0	0	1	0	0
A	EF	4	95	1	1	BA1652	14127	7	8	2	0	1	0	0	0	0	0	0
A	EF	4	95	1	1	BA1652	14133	8	0	0	0	0	0	0	0	1	0	0
A	EF	4	95	1	1	BA1652	14137	8	9	0	0	0	0	0	0	0	0	0
A	EF	4	95	1	1	BA1652	14141	9	0	0	0	1	0	0	0	0	0	0
A	EF	4	95	1	1	BA1652	14147	9	10	0	0	0	0	0	0	0	0	0
A	EF	4	95	1	1	BA1652	14148	10	0	0	0	0	0	0	0	1	0	0
A	EF	4	95	1	1	BA1652	14150	10	0	0	0	1	0	0	0	0	0	0
A	EF	4	95	1	1	BA1652	14151	10	0	0	0	0	0	0	0	1	0	0
A	EF	4	95	1	1	BA1652	14222	10	2	0	0	0	0	0	0	0	0	0
A	EF	4	95	1	1	BA1652	14223	2	6	0	0	0	0	0	0	0	0	0
A	EF	4	95	1	1	BA1652	14392	6	8	2	0	1	0	0	0	0	0	0
A	EF	4	95	1	1	BA1652	14402	8	7	0	0	1	0	0	0	1	0	0
A	EF	4	95	1	1	BA1652	14406	7	0	0	0	0	0	0	0	1	0	0
A	EF	4	95	1	1	BA1652	14414	7	8	2	0	1	0	0	0	0	0	0
A	EF	4	95	1	1	BA1652	14423	8	0	0	0	0	0	0	0	1	0	0
A	EF	4	95	1	1	BA1652	14424	8	7	0	0	0	0	0	0	0	0	0
A	EF	4	95	1	1	BA1652	14425	7	8	2	0	1	0	0	0	0	0	0
A	EF	4	95	1	1	BA1652	14435	8	7	0	0	0	0	0	0	0	0	0
A	EF	4	95	1	1	BA1652	14437	7	0	0	0	0	0	0	0	1	0	0
A	EF	4	95	1	1	BA1652	14449	7	8	2	0	1	0	0	0	0	0	0
A	EF	4	95	1	1	BA1652	14455	8	0	0	0	0	0	0	0	1	0	0
A	EF	4	95	1	1	BA1652	14459	8	7	0	0	0	0	0	0	0	0	0
A	EF	4	95	1	1	BA1652	14508	7	8	2	0	1	0	0	0	0	0	0
A	EF	4	95	1	1	BA1652	14513	8	0	0	0	0	0	0	0	1	0	0
A	EF	4	95	1	1	BA1652	14518	8	7	0	0	0	0	0	0	0	0	0
A	EF	4	95	1	1	BA1652	14551	7	8	2	0	1	0	0	0	0	0	0
A	EF	4	95	1	1	BA1652	14552	8	0	0	0	0	0	0	0	1	0	0
A	EF	4	95	1	1	BA1652	14561	8	7	0	0	0	0	0	0	0	0	0
A	EF	4	95	1	1	BA1652	14587	7	8	2	0	1	0	0	0	0	0	0
A	EF	4	95	1	1	BA1652	14597	8	7	0	0	0	0	0	0	0	0	0
A	EF	4	95	1	1	BA1652	14619	7	0	0	0	0	0	0	0	1	0	0
A	EF	4	95	1	1	BA1652	14635	7	8	2	0	1	0	0	0	0	0	0
A	EF	4	95	1	1	BA1652	14645	8	7	0	0	0	0	0	0	0	0	0
A	EF	4	95	1	1	BA1652	14650	7	0	0	0	0	0	0	0	1	0	0
A	EF	4	95	1	1	BA1652	14656	7	8	2	0	1	0	0	0	0	0	0
A	EF	4	95	1	1	BA1652	14666	8	7	0	0	0	0	0	0	0	0	0
A	EF	4	95	1	1	BA1652	14672	7	0	0	0	0	0	0	0	1	0	0
A	EF	4	95	1	1	BA1652	14690	7	8	2	0	1	0	0	0	0	0	0
A	EF	4	95	1	1	BA1652	14692	8	0	0	0	0	0	0	0	1	0	0
A	EF	4	95	1	1	BA1652	14700	8	7	0	0	0	0	0	0	0	0	0
A	EF	4	95	1	1	BA1652	14715	7	8	2	0	1	0	0	0	0	0	0
A	EF	4	95	1	1	BA1652	14725	8	7	0	0	0	0	0	0	0	0	0
A	EF	4	95	1	1	BA1652	14741	7	0	0	0	0	0	0	0	1	0	0
A	EF	4	95	1	1	BA1652	14763	7	8	2	0	1	0	0	0	0	0	0
A	EF	4	95	1	1	BA1652	14773	8	7	0	0	0	0	0	0	0	0	0
A	EF	4	95	1	1	BA1652	14805	7	0	0	0	0	0	0	0	1	0	0
A	EF	4	95	1	1	BA1652	14809	7	8	2	0	1	0	0	0	0	0	0
A	EF	4	95	1	1	BA1652	14812	8	0	0	0	0	0	0	0	1	0	0
A	EF	4	95	1	1	BA1652	14816	8	0	0	0	1	0	0	0	0	0	0
A	EF	4	95	1	1	BA1652	14819	8	7	0	0	0	0	0	0	0	0	0
A	EF	4	95	1	1	BA1652	14919	7	0	0	0	0	0	0	0	1	0	0
A	EF	4	95	1	1	BA1652	14994	7	8	2	0	1	0	0	0	0	0	0
A	EF	4	95	1	1	BA1652	15004	8	7	0	0	0	0	0	0	0	0	0
A	EF	4	95	1	1	BA1652	15012	7	0	0	0	0	0	0	0	1	0	0
A	EF	4	95	1	1	BA1652	15016	7	8	2	0	1	0	0	0	0	0	0
A	EF	4	95	1	1	BA1652	15021	8	0	0	0	0	0	0	0	1	0	0
A	EF	4	95	1	1	BA1652	15026	8	7	0	0	0	0	0	0	0	0	0
A	EF	4	95	1	1	BA1652	15059	7	8	2	0	1	0	0	0	0	0	0
A	EF	4	95	1	1	BA1652	15069	8	7	0	0	0	0	0	0	0	0	0
A	EF	4	95	1	1	BA1652	15137	7	0	0	0	0	0	0	0	1	0	0
A	EF	4	95	1	1	BA1652	15181	7	8	2	0	1	0	0	0	0	0	0
A	EF	4	95	1	1	BA1652	15191	8	7	0	0	0	0	0	0	0	0	0
A	EF	4	95	1	1	BA1652	15230	7	8	2	0	1	0	0	0	1	0	0
A	EF	4	95	1	1	BA1652	15233	8	0	0	0	0	0	0	0	1	0	0
A	EF	4	95	1	1	BA1652	15240	8	7	0	0	0	0	0	0	0	0	0
A	EF	4	95	1	1	BA1652	15259	7	8	2	0	1	0	0	0	0	0	0
A	EF	4	95	1	1	BA1652	15269	8	7	0	0	0	0	0	0	0	0	0
A	EF	4	95	1	1	BA1652	15303	7	0	0	0	0	0	0	0	1	0	0
A	EF	4	95	1	1	BA1652	15336	7	8	2	0	1	0	0	0	0	0	0
A	EF	4	95	1	1	BA1652	15346	8	9	0	0	0	0	0	0	0	0	0
A	EF	4	95	1	1	BA1652	15355	9	0	0	0	0	0	0	0	1	0	0
A	EF	4	95	1	1	BA1652	15356	9	10	0	0	0	0	0	0	0	0	0
A	EF	4	95	1	1	BA1652	15431	10	2	0	0	0	0	0	0	0	0	0
A	EF	4	95	1	1	BA1652	15432	2	6	0	0	0	0	0	0	0	0	0
A	EF	4	95	1	1	BA1652	15659	6	8	2	0	1	0	0	0	0	0	0
A	EF	4	95	1	1	BA1652	15669	8	7	0	0	0	0	0	0	0	0	0
A	EF	4	95	1	1	BA1652	15708	7	0	0	0	0	0	0	0	1	0	0
A	EF	4	95	1	1	BA1652	15713	7	8	2	0	1	0	0	0	0	0	0
A	EF	4	95	1	1	BA1652	15723	8	7	0	0	0	0	0	0	0	0	0
A	EF	4	95	1	1	BA1652	15752	7	0	0	0	0	0	0	0	1	0	0
A	EF	4	95	1	1	BA1652	15764	7	8	2	0	1	0	0	0	0	0	0
A	EF	4	95	1	1	BA1652	15774	8	7	0	0	0	0	0	0	0	0	0
A	EF	4	95	1	1	BA1652	15776	7	0	0	0	0	0	0	0	1	0	0
A	EF	4	95	1	1	BA1652	15780	7	8	2	0	1	0	0	0	0	0	0
A	EF	4	95	1	1	BA1652	15790	8	7	0	0	0	0	0	0	0	0	0
A	EF	4	95	1	1	BA1652	15815	7	0	0	0	0	0	0	0	1	0	0
A	EF	4	95	1	1	BA1652	15852	7	8	2	0	1	0	0	0	0	0	0
A	EF	4	95	1	1	BA1652	15862	8	7	0	0	0	0	0	0	0	0	0
A	EF	4	95	1	1	BA1652	15865	7	0	0	0	0	0	0	0	1	0	0
A	EF	4	95	1	1	BA1652	15907	7	8	2	0	1	0	0	0	0	0	0
A	EF	4	95	1	1	BA1652	15917	8	7	0	0	0	0	0	0	0	0	0
A	EF	4	95	1	1	BA1652	15939	7	0	0	0	0	0	0	0	1	0	0
A	EF	4	95	1	1	BA1652	15943	7	8	2	0	1	0	0	0	0	0	0
A	EF	4	95	1	1	BA1652	15946	8	0	0	0	0	0	0	0	1	0	0
A	EF	4	95	1	1	BA1652	15947	8	0	0	0	1	0	0	0	0	0	0
A	EF	4	95	1	1	BA1652	15953	8	7	0	0	0	0	0	0	0	0	0
A	EF	4	95	1	1	BA1652	16010	7	0	0	0	0	0	0	0	1	0	0
A	EF	4	95	1	1	BA1652	16047	7	8	2	0	1	0	0	0	0	0	0
A	EF	4	95	1	1	BA1652	16057	8	7	0	0	0	0	0	0	0	0	0
A	EF	4	95	1	1	BA1652	16058	7	0	0	0	0	0	0	0	1	0	0
A	EF	4	95	1	1	BA1652	16228	7	8	2	0	1	0	0	0	0	0	0
A	EF	4	95	1	1	BA1652	16238	8	7	0	0	0	0	0	0	0	0	0
A	EF	4	95	1	1	BA1652	16250	7	0	0	0	0	0	0	0	1	0	0
A	EF	4	95	1	1	BA1652	16265	7	8	2	0	1	0	0	0	0	0	0
A	EF	4	95	1	1	BA1652	16266	8	0	0	0	0	0	0	0	1	0	0
A	EF	4	95	1	1	BA1652	16275	8	7	0	0	0	0	0	0	0	0	0
A	EF	4	95	1	1	BA1652	16332	7	8	2	0	1	0	0	0	0	0	0
A	EF	4	95	1	1	BA1652	16342	8	7	0	0	0	0	0	0	0	0	0
A	EF	4	95	1	1	BA1652	16355	7	0	0	0	0	0	0	0	1	0	0
A	EF	4	95	1	1	BA1652	16409	7	8	2	0	1	0	0	0	0	0	0
A	EF	4	95	1	1	BA1652	16419	8	7	0	0	0	0	0	0	0	0	0
A	EF	4	95	1	1	BA1652	16420	7	0	0	0	0	0	0	0	1	0	0
A	EF	4	95	1	1	BA1652	16558	7	8	2	0	1	0	0	0	0	0	0
A	EF	4	95	1	1	BA1652	16565	8	0	0	0	0	0	0	0	1	0	0
A	EF	4	95	1	1	BA1652	16568	8	7	0	0	0	0	0	0	0	0	0
A	EF	4	95	1	1	BA1652	16578	7	8	2	0	1	0	0	0	0	0	0
A	EF	4	95	1	1	BA1652	16583	8	0	0	0	0	0	0	0	1	0	0
A	EF	4	95	1	1	BA1652	16588	8	7	0	0	0	0	0	0	0	0	0
A	EF	4	95	1	1	BA1652	16614	7	8	2	0	1	0	0	0	0	0	0
A	EF	4	95	1	1	BA1652	16624	8	7	0	0	0	0	0	0	0	0	0
A	EF	4	95	1	1	BA1652	16634	7	0	0	0	0	0	0	0	1	0	0
A	EF	4	95	1	1	BA1652	16641	7	8	2	0	1	0	0	0	0	0	0
A	EF	4	95	1	1	BA1652	16651	8	7	0	0	0	0	0	0	0	0	0
A	EF	4	95	1	1	BA1652	16672	7	0	0	0	0	0	0	0	1	0	0
A	EF	4	95	1	1	BA1652	16848	7	8	2	0	1	0	0	0	0	0	0
A	EF	4	95	1	1	BA1652	16858	8	7	0	0	0	0	0	0	0	0	0
A	EF	4	95	1	1	BA1652	16903	7	0	0	0	0	0	0	0	1	0	0
A	EF	4	95	1	1	BA1652	16909	7	8	2	0	1	0	0	0	0	0	0
A	EF	4	95	1	1	BA1652	16915	8	0	0	0	0	0	0	0	1	0	0
A	EF	4	95	1	1	BA1652	16919	8	7	0	0	0	0	0	0	0	0	0
A	EF	4	95	1	1	BA1652	16929	7	8	2	0	1	0	0	0	0	0	0
A	EF	4	95	1	1	BA1652	16931	8	0	0	0	0	0	0	0	1	0	0
A	EF	4	95	1	1	BA1652	16932	8	0	0	0	1	0	0	0	0	0	0
A	EF	4	95	1	1	BA1652	16939	8	7	0	0	0	0	0	0	0	0	0
A	EF	4	95	1	1	BA1652	16969	7	0	0	0	0	0	0	0	1	0	0
A	EF	4	95	1	1	BA1652	16970	7	8	2	0	1	0	0	0	0	0	0
A	EF	4	95	1	1	BA1652	16977	8	0	0	0	0	0	0	0	1	0	0
A	EF	4	95	1	1	BA1652	16980	8	9	0	0	0	0	0	0	0	0	0
A	EF	4	95	1	1	BA1652	16987	9	0	0	0	1	0	0	0	0	0	0
A	EF	4	95	1	1	BA1652	16988	9	0	0	0	0	0	0	0	1	0	0
A	EF	4	95	1	1	BA1652	16990	9	10	0	0	0	0	0	0	0	0	0
A	EF	4	95	1	1	BA1652	17065	10	2	0	0	0	0	0	0	0	0	0
A	EF	4	95	1	1	BA1652	17066	2	3	0	0	0	0	0	0	0	0	0
A	EF	4	95	1	1	BA1652	17199	3	5	1	1	0	0	0	0	0	0	0
A	EF	4	95	1	1	BA1652	17205	5	0	0	0	0	0	0	1	0	0	0
A	EF	4	95	1	1	BA1652	17209	5	4	0	0	0	0	0	0	0	0	0
A	EF	4	95	1	1	BA1652	17211	4	5	1	1	0	0	0	0	0	0	0
A	EF	4	95	1	1	BA1652	17214	5	0	0	0	0	0	0	1	0	0	0
A	EF	4	95	1	1	BA1652	17221	5	4	0	0	0	0	0	0	0	0	0
A	EF	4	95	1	1	BA1652	17241	4	5	1	1	0	0	0	0	0	0	0
A	EF	4	95	1	1	BA1652	17247	5	0	0	0	0	0	0	1	0	0	0
A	EF	4	95	1	1	BA1652	17251	5	4	0	0	0	0	0	0	0	0	0
A	EF	4	95	1	1	BA1652	17261	4	5	1	1	0	0	0	0	0	0	0
A	EF	4	95	1	1	BA1652	17271	5	4	0	0	0	0	0	0	0	0	0
A	EF	4	95	1	1	BA1652	17280	4	0	0	0	0	0	0	1	0	0	0
A	EF	4	95	1	1	BA1652	17301	4	5	1	1	0	0	0	0	0	0	0
A	EF	4	95	1	1	BA1652	17311	5	9	0	0	0	0	0	1	0	0	0
A	EF	4	95	1	1	BA1652	17321	9	10	0	0	0	0	0	0	0	0	0
A	EF	4	95	1	1	BA1652	17396	10	2	0	0	0	0	0	0	0	0	0
A	EF	4	95	1	1	BA1652	17397	2	6	0	0	0	0	0	0	0	0	0
A	EF	4	95	1	1	BA1652	17495	6	0	0	1	0	0	0	0	0	0	0
A	EF	4	95	1	1	BA1652	17532	6	0	0	0	0	0	0	1	0	0	0
A	EF	4	95	1	1	BA1652	17787	6	8	2	0	1	0	0	0	0	0	0
A	EF	4	95	1	1	BA1652	17797	8	7	0	0	0	0	0	0	0	0	0
A	EF	4	95	1	1	BA1652	17798	7	0	0	0	0	0	0	0	1	0	0
A	EF	4	95	1	1	BA1652	17800	7	8	2	0	1	0	0	0	0	0	0
A	EF	4	95	1	1	BA1652	17802	8	0	0	0	0	0	0	0	1	0	0
A	EF	4	95	1	1	BA1652	17810	8	7	0	0	0	0	0	0	0	0	0
A	EF	4	95	1	1	BA1652	17813	7	8	2	0	1	0	0	0	0	0	0
A	EF	4	95	1	1	BA1652	17818	8	0	0	0	0	0	0	0	1	0	0
A	EF	4	95	1	1	BA1652	17823	8	7	0	0	0	0	0	0	0	0	0
A	EF	4	95	1	1	BA1652	17949	7	8	2	0	1	0	0	0	0	0	0
A	EF	4	95	1	1	BA1652	17959	8	7	0	0	0	0	0	0	0	0	0
A	EF	4	95	1	1	BA1652	17968	7	0	0	0	0	0	0	0	1	0	0
A	EF	4	95	1	1	BA1652	18003	7	8	2	0	1	0	0	0	0	0	0
A	EF	4	95	1	1	BA1652	18013	8	7	0	0	0	0	0	0	0	0	0
A	EF	4	95	1	1	BA1652	18080	7	0	0	0	0	0	0	0	1	0	0
A	EF	4	95	1	1	BA1652	18113	7	8	2	0	1	0	0	0	0	0	0
A	EF	4	95	1	1	BA1652	18117	8	0	0	0	0	0	0	0	1	0	0
A	EF	4	95	1	1	BA1652	18118	8	0	0	0	1	0	0	0	0	0	0
A	EF	4	95	1	1	BA1652	18123	8	7	0	0	0	0	0	0	0	0	0
A	EF	4	95	1	1	BA1652	18135	7	0	0	0	0	0	0	0	1	0	0
A	EF	4	95	1	1	BA1652	18177	7	8	2	0	1	0	0	0	0	0	0
A	EF	4	95	1	1	BA1652	18187	8	7	0	0	0	0	0	0	0	0	0
A	EF	4	95	1	1	BA1652	18211	7	0	0	0	0	0	0	0	1	0	0
A	EF	4	95	1	1	BA1652	18247	7	8	2	0	1	0	0	0	0	0	0
A	EF	4	95	1	1	BA1652	18257	8	7	0	0	0	0	0	0	0	0	0
A	EF	4	95	1	1	BA1652	18295	7	0	0	0	0	0	0	0	1	0	0
A	EF	4	95	1	1	BA1652	18297	7	8	2	0	1	0	0	0	0	0	0
A	EF	4	95	1	1	BA1652	18307	8	7	0	0	0	0	0	0	0	0	0
A	EF	4	95	1	1	BA1652	18364	7	0	0	0	0	0	0	0	1	0	0
A	EF	4	95	1	1	BA1652	18429	7	8	2	0	1	0	0	0	0	0	0
A	EF	4	95	1	1	BA1652	18439	8	7	0	0	0	0	0	0	0	0	0
A	EF	4	95	1	1	BA1652	18448	7	0	0	0	0	0	0	0	1	0	0
A	EF	4	95	1	1	BA1652	18507	7	8	2	0	1	0	0	0	0	0	0
A	EF	4	95	1	1	BA1652	18517	8	7	0	0	0	0	0	0	0	0	0
A	EF	4	95	1	1	BA1652	18567	7	0	0	0	0	0	0	0	1	0	0
A	EF	4	95	1	1	BA1652	18568	7	8	2	0	1	0	0	0	0	0	0
A	EF	4	95	1	1	BA1652	18577	8	0	0	0	0	0	0	0	1	0	0
A	EF	4	95	1	1	BA1652	18578	8	7	0	0	0	0	0	0	0	0	0
A	EF	4	95	1	1	BA1652	18579	7	8	2	0	1	0	0	0	0	0	0
A	EF	4	95	1	1	BA1652	18584	8	0	0	0	0	0	0	0	1	0	0
A	EF	4	95	1	1	BA1652	18589	8	7	0	0	0	0	0	0	0	0	0
A	EF	4	95	1	1	BA1652	18613	7	8	2	0	1	0	0	0	0	0	0
A	EF	4	95	1	1	BA1652	18623	8	7	0	0	0	0	0	0	0	0	0
A	EF	4	95	1	1	BA1652	18633	7	0	0	0	0	0	0	0	1	0	0
A	EF	4	95	1	1	BA1652	18677	7	8	2	0	1	0	0	0	0	0	0
A	EF	4	95	1	1	BA1652	18684	8	0	0	0	0	0	0	0	1	0	0
A	EF	4	95	1	1	BA1652	18687	8	7	0	0	0	0	0	0	0	0	0
A	EF	4	95	1	1	BA1652	18689	7	8	2	0	1	0	0	0	0	0	0
A	EF	4	95	1	1	BA1652	18693	8	0	0	0	0	0	0	0	1	0	0
A	EF	4	95	1	1	BA1652	18694	8	0	0	0	1	0	0	0	0	0	0
A	EF	4	95	1	1	BA1652	18699	8	7	0	0	0	0	0	0	0	0	0
A	EF	4	95	1	1	BA1652	18701	7	0	0	0	0	0	0	0	1	0	0
A	EF	4	95	1	1	BA1652	18704	7	8	2	0	1	0	0	0	0	0	0
A	EF	4	95	1	1	BA1652	18707	8	0	0	0	0	0	0	0	1	0	0
A	EF	4	95	1	1	BA1652	18712	8	0	0	0	1	0	0	0	0	0	0
A	EF	4	95	1	1	BA1652	18714	8	7	0	0	0	0	0	0	0	0	0
A	EF	4	95	1	1	BA1652	18859	7	0	0	0	0	0	0	0	1	0	0
A	EF	4	95	1	1	BA1652	18918	7	8	2	0	1	0	0	0	0	0	0
A	EF	4	95	1	1	BA1652	18928	8	7	0	0	0	0	0	0	0	0	0
A	EF	4	95	1	1	BA1652	18977	7	0	0	0	0	0	0	0	1	0	0
A	EF	4	95	1	1	BA1652	18978	7	8	2	0	1	0	0	0	0	0	0
A	EF	4	95	1	1	BA1652	18982	8	0	0	0	1	0	0	0	1	0	0
A	EF	4	95	1	1	BA1652	18988	8	7	0	0	0	0	0	0	1	0	0
A	EF	4	95	1	1	BA1652	19038	7	8	2	0	1	0	0	0	0	0	0
A	EF	4	95	1	1	BA1652	19044	8	0	0	0	0	0	0	0	1	0	0
A	EF	4	95	1	1	BA1652	19048	8	9	0	0	0	0	0	0	0	0	0
A	EF	4	95	1	1	BA1652	19058	9	10	0	0	0	0	0	0	0	0	0
A	EF	4	95	1	1	BA1652	19133	10	2	0	0	0	0	0	0	0	0	0
A	EF	4	95	1	1	BA1652	19134	2	3	0	0	0	0	0	0	0	0	0
A	EF	4	95	1	1	BA1652	19192	3	5	1	1	0	0	0	0	0	0	0
A	EF	4	95	1	1	BA1652	19196	5	0	0	0	0	0	0	1	0	0	0
A	EF	4	95	1	1	BA1652	19199	5	0	0	1	0	0	0	0	0	0	0
A	EF	4	95	1	1	BA1652	19202	5	4	0	0	0	0	0	0	0	0	0
A	EF	4	95	1	1	BA1652	19209	4	0	0	0	0	0	0	1	0	0	0
A	EF	4	95	1	1	BA1652	19215	4	5	1	1	0	0	0	0	0	0	0
A	EF	4	95	1	1	BA1652	19224	5	0	0	1	0	0	0	1	0	0	0
A	EF	4	95	1	1	BA1652	19225	5	4	0	0	0	0	0	0	0	0	0
A	EF	4	95	1	1	BA1652	19226	4	0	0	0	0	0	0	1	0	0	0
A	EF	4	95	1	1	BA1652	19234	4	5	1	1	0	0	0	0	0	0	0
A	EF	4	95	1	1	BA1652	19242	5	0	0	0	0	0	0	1	0	0	0
A	EF	4	95	1	1	BA1652	19244	5	4	0	0	0	0	0	0	0	0	0
A	EF	4	95	1	1	BA1652	19246	4	5	1	1	0	0	0	0	0	0	0
A	EF	4	95	1	1	BA1652	19254	5	0	0	0	0	0	0	1	0	0	0
A	EF	4	95	1	1	BA1652	19256	5	4	0	0	0	0	0	0	0	0	0
A	EF	4	95	1	1	BA1652	19265	4	5	1	1	0	0	0	0	0	0	0
A	EF	4	95	1	1	BA1652	19269	5	0	0	0	0	0	0	1	0	0	0
A	EF	4	95	1	1	BA1652	19275	5	9	0	0	0	0	0	0	0	0	0
A	EF	4	95	1	1	BA1652	19280	9	0	0	1	0	0	0	0	0	0	0
A	EF	4	95	1	1	BA1652	19282	9	0	0	0	0	0	0	1	0	0	0
A	EF	4	95	1	1	BA1652	19285	9	10	0	0	0	0	0	0	0	0	0
A	EF	4	95	1	1	BA1652	19360	10	2	0	0	0	0	0	0	0	0	0
A	EF	4	95	1	1	BA1652	19361	2	3	0	0	0	0	0	0	0	0	0
A	EF	4	95	1	1	BA1652	19471	3	5	1	1	0	0	0	0	0	0	0
A	EF	4	95	1	1	BA1652	19481	5	4	0	0	0	0	0	0	0	0	0
A	EF	4	95	1	1	BA1652	19494	4	0	0	0	0	0	0	1	0	0	0
A	EF	4	95	1	1	BA1652	19506	4	5	1	1	0	0	0	0	0	0	0
A	EF	4	95	1	1	BA1652	19513	5	0	0	0	0	0	0	1	0	0	0
A	EF	4	95	1	1	BA1652	19516	5	4	0	0	0	0	0	0	0	0	0
A	EF	4	95	1	1	BA1652	19520	4	5	1	1	0	0	0	0	0	0	0
A	EF	4	95	1	1	BA1652	19530	5	4	0	0	0	0	0	0	0	0	0
A	EF	4	95	1	1	BA1652	19531	4	0	0	0	0	0	0	1	0	0	0
A	EF	4	95	1	1	BA1652	19533	4	5	1	1	0	0	0	0	0	0	0
A	EF	4	95	1	1	BA1652	19540	5	0	0	0	0	0	0	1	0	0	0
A	EF	4	95	1	1	BA1652	19543	5	4	0	0	0	0	0	0	0	0	0
A	EF	4	95	1	1	BA1652	19544	4	5	1	1	0	0	0	0	0	0	0
A	EF	4	95	1	1	BA1652	19549	5	0	0	0	0	0	0	1	0	0	0
A	EF	4	95	1	1	BA1652	19554	5	9	0	0	0	0	0	0	0	0	0
A	EF	4	95	1	1	BA1652	19564	9	10	0	0	0	0	0	0	0	0	0
A	EF	4	95	1	1	BA1652	19639	10	2	0	0	0	0	0	0	0	0	0
A	EF	4	95	1	1	BA1652	19640	2	3	0	0	0	0	0	0	0	0	0
A	EF	4	95	1	1	BA1652	19726	3	5	1	1	0	0	0	0	0	0	0
A	EF	4	95	1	1	BA1652	19736	5	4	0	0	0	0	0	0	0	0	0
A	EF	4	95	1	1	BA1652	19751	4	5	1	1	0	0	0	1	0	0	0
A	EF	4	95	1	1	BA1652	19756	5	0	0	0	0	0	0	1	0	0	0
A	EF	4	95	1	1	BA1652	19759	5	0	0	1	0	0	0	0	0	0	0
A	EF	4	95	1	1	BA1652	19761	5	4	0	0	0	0	0	0	0	0	0
A	EF	4	95	1	1	BA1652	19762	4	0	0	0	0	0	0	1	0	0	0
A	EF	4	95	1	1	BA1652	19859	4	5	1	1	0	0	0	0	0	0	0
A	EF	4	95	1	1	BA1652	19869	5	4	0	0	0	0	0	0	0	0	0
A	EF	4	95	1	1	BA1652	19870	4	0	0	0	0	0	0	1	0	0	0
A	EF	4	95	1	1	BA1652	19899	4	5	1	1	0	0	0	0	0	0	0
A	EF	4	95	1	1	BA1652	19905	5	0	0	0	0	0	0	1	0	0	0
A	EF	4	95	1	1	BA1652	19909	5	4	0	0	0	0	0	0	0	0	0
A	EF	4	95	1	1	BA1652	19911	4	5	1	1	0	0	0	0	0	0	0
A	EF	4	95	1	1	BA1652	19918	5	0	0	0	0	0	0	1	0	0	0
A	EF	4	95	1	1	BA1652	19921	5	9	0	0	0	0	0	0	0	0	0
A	EF	4	95	1	1	BA1652	19931	9	10	0	0	0	0	0	0	0	0	0
A	EF	4	95	1	1	BA1652	20006	10	2	0	0	0	0	0	0	0	0	0
A	EF	4	95	1	1	BA1652	20007	2	6	0	0	0	0	0	0	0	0	0
A	EF	4	95	1	1	BA1652	22095	6	0	0	1	0	0	0	0	0	0	0
A	EF	4	95	1	1	BA1652	22120	6	0	0	0	0	0	0	1	0	0	0
A	EF	4	95	1	1	BA1652	23504	6	0	0	1	0	0	0	0	0	0	0
A	EF	4	95	1	1	BA1652	23511	6	0	0	0	0	0	0	1	0	0	0
A	EF	4	95	1	1	BA1652	24575	6	8	2	0	1	0	0	0	0	0	0
A	EF	4	95	1	1	BA1652	24578	8	0	0	0	0	0	0	0	1	0	0
A	EF	4	95	1	1	BA1652	24579	8	0	0	0	1	0	0	0	0	0	0
A	EF	4	95	1	1	BA1652	24581	8	0	0	0	0	0	0	0	1	0	0
A	EF	4	95	1	1	BA1652	24585	8	7	0	0	1	0	0	0	0	0	0
A	EF	4	95	1	1	BA1652	24601	7	0	0	0	0	0	0	0	1	0	0
A	EF	4	95	1	1	BA1652	24926	7	8	2	0	1	0	0	0	0	0	0
A	EF	4	95	1	1	BA1652	24928	8	0	0	0	0	0	0	0	1	0	0
A	EF	4	95	1	1	BA1652	24931	8	0	0	0	1	0	0	0	0	0	0
A	EF	4	95	1	1	BA1652	24933	8	0	0	0	0	0	0	0	1	0	0
A	EF	4	95	1	1	BA1652	24936	8	7	0	0	0	0	0	0	0	0	0
A	EF	4	95	1	1	BA1652	25057	7	8	2	0	1	0	0	0	0	0	0
A	EF	4	95	1	1	BA1652	25067	8	7	0	0	0	0	0	0	0	0	0
A	EF	4	95	1	1	BA1652	25068	7	0	0	0	0	0	0	0	1	0	0
A	EF	4	95	1	1	BA1652	25087	7	8	2	0	1	0	0	0	0	0	0
A	EF	4	95	1	1	BA1652	25089	8	0	0	0	0	0	0	0	1	0	0
A	EF	4	95	1	1	BA1652	25097	8	7	0	0	0	0	0	0	0	0	0
A	EF	4	95	1	1	BA1652	25219	7	8	2	0	1	0	0	0	0	0	0
A	EF	4	95	1	1	BA1652	25229	8	7	0	0	0	0	0	0	0	0	0
A	EF	4	95	1	1	BA1652	25264	7	0	0	0	0	0	0	0	1	0	0
A	EF	4	95	1	1	BA1652	25276	7	8	2	0	1	0	0	0	0	0	0
A	EF	4	95	1	1	BA1652	25285	8	0	0	0	0	0	0	0	1	0	0
A	EF	4	95	1	1	BA1652	25286	8	7	0	0	0	0	0	0	0	0	0
A	EF	4	95	1	1	BA1652	25289	7	8	2	0	1	0	0	0	0	0	0
A	EF	4	95	1	1	BA1652	25299	8	7	0	0	0	0	0	0	0	0	0
A	EF	4	95	1	1	BA1652	25323	7	0	0	0	0	0	0	0	1	0	0
A	EF	4	95	1	1	BA1652	25330	7	8	2	0	1	0	0	0	0	0	0
A	EF	4	95	1	1	BA1652	25340	8	7	0	0	0	0	0	0	0	0	0
A	EF	4	95	1	1	BA1652	25351	7	0	0	0	0	0	0	0	1	0	0
A	EF	4	95	1	1	BA1652	25419	7	8	2	0	1	0	0	0	0	0	0
A	EF	4	95	1	1	BA1652	25429	8	7	0	0	0	0	0	0	0	0	0
A	EF	4	95	1	1	BA1652	25460	7	0	0	0	0	0	0	0	1	0	0
A	EF	4	95	1	1	BA1652	25540	7	8	2	0	1	0	0	0	0	0	0
A	EF	4	95	1	1	BA1652	25550	8	7	0	0	0	0	0	0	0	0	0
A	EF	4	95	1	1	BA1652	25647	7	0	0	0	0	0	0	0	1	0	0
A	EF	4	95	1	1	BA1652	25686	7	8	2	0	1	0	0	0	0	0	0
A	EF	4	95	1	1	BA1652	25696	8	7	0	0	0	0	0	0	0	0	0
A	EF	4	95	1	1	BA1652	25720	7	0	0	0	0	0	0	0	1	0	0
A	EF	4	95	1	1	BA1652	25761	7	8	2	0	1	0	0	0	0	0	0
A	EF	4	95	1	1	BA1652	25771	8	7	0	0	0	0	0	0	0	0	0
A	EF	4	95	1	1	BA1652	25815	7	0	0	0	0	0	0	0	1	0	0
A	EF	4	95	1	1	BA1652	25820	7	8	2	0	1	0	0	0	0	0	0
A	EF	4	95	1	1	BA1652	25825	8	0	0	0	0	0	0	0	1	0	0
A	EF	4	95	1	1	BA1652	25827	8	0	0	0	1	0	0	0	0	0	0
A	EF	4	95	1	1	BA1652	25830	8	7	0	0	0	0	0	0	1	0	0
A	EF	4	95	1	1	BA1652	25872	7	8	2	0	1	0	0	0	0	0	0
A	EF	4	95	1	1	BA1652	25882	8	7	0	0	0	0	0	0	0	0	0
A	EF	4	95	1	1	BA1652	25911	7	0	0	0	0	0	0	0	1	0	0
A	EF	4	95	1	1	BA1652	25943	7	8	2	0	1	0	0	0	0	0	0
A	EF	4	95	1	1	BA1652	25953	8	7	0	0	0	0	0	0	0	0	0
A	EF	4	95	1	1	BA1652	25971	7	0	0	0	0	0	0	0	1	0	0
A	EF	4	95	1	1	BA1652	26022	7	8	2	0	1	0	0	0	0	0	0
A	EF	4	95	1	1	BA1652	26032	8	7	0	0	0	0	0	0	0	0	0
A	EF	4	95	1	1	BA1652	26079	7	0	0	0	0	0	0	0	1	0	0
A	EF	4	95	1	1	BA1652	26083	7	8	2	0	1	0	0	0	0	0	0
A	EF	4	95	1	1	BA1652	26085	8	0	0	0	0	0	0	0	1	0	0
A	EF	4	95	1	1	BA1652	26089	8	0	0	0	1	0	0	0	0	0	0
A	EF	4	95	1	1	BA1652	26091	8	0	0	0	0	0	0	0	1	0	0
A	EF	4	95	1	1	BA1652	26093	8	7	0	0	0	0	0	0	0	0	0
A	EF	4	95	1	1	BA1652	26097	7	8	2	0	1	0	0	0	0	0	0
A	EF	4	95	1	1	BA1652	26101	8	0	0	0	0	0	0	0	1	0	0
A	EF	4	95	1	1	BA1652	26107	8	7	0	0	0	0	0	0	0	0	0
A	EF	4	95	1	1	BA1652	26153	7	8	2	0	1	0	0	0	0	0	0
A	EF	4	95	1	1	BA1652	26163	8	7	0	0	0	0	0	0	0	0	0
A	EF	4	95	1	1	BA1652	26238	7	0	0	0	0	0	0	0	1	0	0
A	EF	4	95	1	1	BA1652	26240	7	8	2	0	1	0	0	0	0	0	0
A	EF	4	95	1	1	BA1652	26250	8	9	0	0	0	0	0	0	0	0	0
A	EF	4	95	1	1	BA1652	26260	9	10	0	0	0	0	0	0	0	0	0
A	EF	4	95	1	1	BA1652	26261	10	0	0	0	0	0	0	0	1	0	0
A	EF	4	95	1	1	BA1652	26335	10	2	0	0	0	0	0	0	0	0	0
A	EF	4	95	1	1	BA1652	26336	2	6	0	0	0	0	0	0	0	0	0
A	EF	4	95	1	1	BA1652	26655	6	8	2	0	1	0	0	0	0	0	0
A	EF	4	95	1	1	BA1652	26665	8	7	0	0	0	0	0	0	0	0	0
A	EF	4	95	1	1	BA1652	26683	7	0	0	0	0	0	0	0	1	0	0
A	EF	4	95	1	1	BA1652	26703	7	8	2	0	1	0	0	0	0	0	0
A	EF	4	95	1	1	BA1652	26711	8	0	0	0	0	0	0	0	1	0	0
A	EF	4	95	1	1	BA1652	26713	8	7	0	0	0	0	0	0	0	0	0
A	EF	4	95	1	1	BA1652	26714	7	8	2	0	1	0	0	0	0	0	0
A	EF	4	95	1	1	BA1652	26724	8	7	0	0	0	0	0	0	0	0	0
A	EF	4	95	1	1	BA1652	26748	7	0	0	0	0	0	0	0	1	0	0
A	EF	4	95	1	1	BA1652	26749	7	8	2	0	1	0	0	0	0	0	0
A	EF	4	95	1	1	BA1652	26759	8	7	0	0	0	0	0	0	0	0	0
A	EF	4	95	1	1	BA1652	26767	7	0	0	0	0	0	0	0	1	0	0
A	EF	4	95	1	1	BA1652	26772	7	8	2	0	1	0	0	0	0	0	0
A	EF	4	95	1	1	BA1652	26782	8	7	0	0	0	0	0	0	0	0	0
A	EF	4	95	1	1	BA1652	26802	7	0	0	0	0	0	0	0	1	0	0
A	EF	4	95	1	1	BA1652	26809	7	8	2	0	1	0	0	0	0	0	0
A	EF	4	95	1	1	BA1652	26814	8	0	0	0	0	0	0	0	1	0	0
A	EF	4	95	1	1	BA1652	26819	8	7	0	0	0	0	0	0	0	0	0
A	EF	4	95	1	1	BA1652	26823	7	8	2	0	1	0	0	0	0	0	0
A	EF	4	95	1	1	BA1652	26832	8	0	0	0	0	0	0	0	1	0	0
A	EF	4	95	1	1	BA1652	26833	8	7	0	0	0	0	0	0	0	0	0
A	EF	4	95	1	1	BA1652	26840	7	8	2	0	1	0	0	0	0	0	0
A	EF	4	95	1	1	BA1652	26850	8	7	0	0	0	0	0	0	0	0	0
A	EF	4	95	1	1	BA1652	26883	7	0	0	0	0	0	0	0	1	0	0
A	EF	4	95	1	1	BA1652	26884	7	8	2	0	1	0	0	0	0	0	0
A	EF	4	95	1	1	BA1652	26894	8	7	0	0	0	0	0	0	0	0	0
A	EF	4	95	1	1	BA1652	26939	7	0	0	0	0	0	0	0	1	0	0
A	EF	4	95	1	1	BA1652	26954	7	8	2	0	1	0	0	0	0	0	0
A	EF	4	95	1	1	BA1652	26964	8	7	0	0	0	0	0	0	0	0	0
A	EF	4	95	1	1	BA1652	26986	7	0	0	0	0	0	0	0	1	0	0
A	EF	4	95	1	1	BA1652	27029	7	8	2	0	1	0	0	0	0	0	0
A	EF	4	95	1	1	BA1652	27039	8	7	0	0	0	0	0	0	0	0	0
A	EF	4	95	1	1	BA1652	27057	7	0	0	0	0	0	0	0	1	0	0
A	EF	4	95	1	1	BA1652	27093	7	8	2	0	1	0	0	0	0	0	0
A	EF	4	95	1	1	BA1652	27103	8	7	0	0	0	0	0	0	0	0	0
A	EF	4	95	1	1	BA1652	27128	7	0	0	0	0	0	0	0	1	0	0
A	EF	4	95	1	1	BA1652	27166	7	8	2	0	1	0	0	0	0	0	0
A	EF	4	95	1	1	BA1652	27176	8	7	0	0	0	0	0	0	0	0	0
A	EF	4	95	1	1	BA1652	27194	7	0	0	0	0	0	0	0	1	0	0
A	EF	4	95	1	1	BA1652	27382	7	8	2	0	1	0	0	0	0	0	0
A	EF	4	95	1	1	BA1652	27392	8	7	0	0	0	0	0	0	0	0	0
A	EF	4	95	1	1	BA1652	27393	7	8	2	0	1	0	0	0	1	0	0
A	EF	4	95	1	1	BA1652	27403	8	7	0	0	0	0	0	0	0	0	0
A	EF	4	95	1	1	BA1652	27410	7	0	0	0	0	0	0	0	1	0	0
A	EF	4	95	1	1	BA1652	27454	7	8	2	0	1	0	0	0	0	0	0
A	EF	4	95	1	1	BA1652	27464	8	7	0	0	0	0	0	0	0	0	0
A	EF	4	95	1	1	BA1652	27484	7	0	0	0	0	0	0	0	1	0	0
A	EF	4	95	1	1	BA1652	27528	7	8	2	0	1	0	0	0	0	0	0
A	EF	4	95	1	1	BA1652	27536	8	0	0	0	0	0	0	0	1	0	0
A	EF	4	95	1	1	BA1652	27538	8	7	0	0	0	0	0	0	0	0	0
A	EF	4	95	1	1	BA1652	27632	7	8	2	0	1	0	0	0	0	0	0
A	EF	4	95	1	1	BA1652	27642	8	7	0	0	0	0	0	0	0	0	0
A	EF	4	95	1	1	BA1652	27649	7	0	0	0	0	0	0	0	1	0	0
A	EF	4	95	1	1	BA1652	27667	7	8	2	0	1	0	0	0	0	0	0
A	EF	4	95	1	1	BA1652	27671	8	0	0	0	0	0	0	0	1	0	0
A	EF	4	95	1	1	BA1652	27674	8	0	0	0	1	0	0	0	0	0	0
A	EF	4	95	1	1	BA1652	27677	8	7	0	0	0	0	0	0	0	0	0
A	EF	4	95	1	1	BA1652	27680	7	0	0	0	0	0	0	0	1	0	0
A	EF	4	95	1	1	BA1652	27698	7	8	2	0	1	0	0	0	0	0	0
A	EF	4	95	1	1	BA1652	27708	8	9	0	0	0	0	0	0	0	0	0
A	EF	4	95	1	1	BA1652	27711	9	0	0	0	0	0	0	0	1	0	0
A	EF	4	95	1	1	BA1652	27714	9	0	0	0	1	0	0	0	0	0	0
A	EF	4	95	1	1	BA1652	27718	9	10	0	0	0	0	0	0	1	0	0
A	EF	4	95	1	1	BA1652	27793	10	2	0	0	0	0	0	0	0	0	0
A	EF	4	95	1	1	BA1652	27794	2	6	0	0	0	0	0	0	0	0	0
A	EF	4	95	1	1	BA1652	28055	6	0	0	1	0	0	0	0	0	0	0
A	EF	4	95	1	1	BA1652	28057	6	0	0	0	0	0	0	1	0	0	0
A	EF	4	95	1	1	BA1652	28058	6	0	0	1	0	0	0	0	0	0	0
A	EF	4	95	1	1	BA1652	28167	6	0	0	0	0	0	0	1	0	0	0
A	EF	4	95	1	1	BA1652	28169	6	0	0	1	0	0	0	0	0	0	0
A	EF	4	95	1	1	BA1652	28177	6	0	0	0	0	0	0	1	0	0	0
A	EF	4	95	1	1	BA1652	28198	6	0	0	1	0	0	0	0	0	0	0
A	EF	4	95	1	1	BA1652	28213	6	0	0	0	0	0	0	1	0	0	0
A	EF	4	95	1	1	BA1652	28305	6	8	2	0	1	0	0	0	0	0	0
A	EF	4	95	1	1	BA1652	28314	8	0	0	0	0	0	0	0	1	0	0
A	EF	4	95	1	1	BA1652	28315	8	7	0	0	0	0	0	0	0	0	0
A	EF	4	95	1	1	BA1652	28470	7	8	2	0	1	0	0	0	0	0	0
A	EF	4	95	1	1	BA1652	28480	8	7	0	0	0	0	0	0	0	0	0
A	EF	4	95	1	1	BA1652	28488	7	0	0	0	0	0	0	0	1	0	0
A	EF	4	95	1	1	BA1652	28550	7	8	2	0	1	0	0	0	0	0	0
A	EF	4	95	1	1	BA1652	28552	8	0	0	0	0	0	0	0	1	0	0
A	EF	4	95	1	1	BA1652	28555	8	0	0	0	1	0	0	0	0	0	0
A	EF	4	95	1	1	BA1652	28560	8	7	0	0	0	0	0	0	0	0	0
A	EF	4	95	1	1	BA1652	28564	7	0	0	0	0	0	0	0	1	0	0
A	EF	4	95	1	1	BA1652	28568	7	8	2	0	1	0	0	0	0	0	0
A	EF	4	95	1	1	BA1652	28578	8	7	0	0	0	0	0	0	0	0	0
A	EF	4	95	1	1	BA1652	28591	7	0	0	0	0	0	0	0	1	0	0
A	EF	4	95	1	1	BA1652	28592	7	8	2	0	1	0	0	0	0	0	0
A	EF	4	95	1	1	BA1652	28602	8	7	0	0	0	0	0	0	0	0	0
A	EF	4	95	1	1	BA1652	28603	7	0	0	0	0	0	0	0	1	0	0
A	EF	4	95	1	1	BA1652	28616	7	8	2	0	1	0	0	0	0	0	0
A	EF	4	95	1	1	BA1652	28626	8	7	0	0	0	0	0	0	1	0	0
A	EF	4	95	1	1	BA1652	28627	7	8	2	0	1	0	0	0	0	0	0
A	EF	4	95	1	1	BA1652	28637	8	7	0	0	0	0	0	0	0	0	0
A	EF	4	95	1	1	BA1652	28647	7	0	0	0	0	0	0	0	1	0	0
A	EF	4	95	1	1	BA1652	28689	7	8	2	0	1	0	0	0	0	0	0
A	EF	4	95	1	1	BA1652	28699	8	7	0	0	0	0	0	0	0	0	0
A	EF	4	95	1	1	BA1652	28720	7	0	0	0	0	0	0	0	1	0	0
A	EF	4	95	1	1	BA1652	28721	7	8	2	0	1	0	0	0	0	0	0
A	EF	4	95	1	1	BA1652	28731	8	7	0	0	0	0	0	0	0	0	0
A	EF	4	95	1	1	BA1652	28732	7	0	0	0	0	0	0	0	1	0	0
A	EF	4	95	1	1	BA1652	28737	7	8	2	0	1	0	0	0	0	0	0
A	EF	4	95	1	1	BA1652	28747	8	7	0	0	0	0	0	0	0	0	0
A	EF	4	95	1	1	BA1652	28786	7	0	0	0	0	0	0	0	1	0	0
A	EF	4	95	1	1	BA1652	28832	7	8	2	0	1	0	0	0	0	0	0
A	EF	4	95	1	1	BA1652	28842	8	7	0	0	0	0	0	0	0	0	0
A	EF	4	95	1	1	BA1652	28892	7	0	0	0	0	0	0	0	1	0	0
A	EF	4	95	1	1	BA1652	28919	7	8	2	0	1	0	0	0	0	0	0
A	EF	4	95	1	1	BA1652	28929	8	7	0	0	0	0	0	0	0	0	0
A	EF	4	95	1	1	BA1652	28945	7	0	0	0	0	0	0	0	1	0	0
A	EF	4	95	1	1	BA1652	28946	7	8	2	0	1	0	0	0	0	0	0
A	EF	4	95	1	1	BA1652	28956	8	7	0	0	0	0	0	0	0	0	0
A	EF	4	95	1	1	BA1652	29040	7	0	0	0	0	0	0	0	1	0	0
A	EF	4	95	1	1	BA1652	29043	7	8	2	0	1	0	0	0	0	0	0
A	EF	4	95	1	1	BA1652	29049	8	0	0	0	0	0	0	0	1	0	0
A	EF	4	95	1	1	BA1652	29053	8	7	0	0	0	0	0	0	0	0	0
A	EF	4	95	1	1	BA1652	29069	7	8	2	0	1	0	0	0	0	0	0
A	EF	4	95	1	1	BA1652	29079	8	7	0	0	0	0	0	0	0	0	0
A	EF	4	95	1	1	BA1652	29146	7	0	0	0	0	0	0	0	1	0	0
A	EF	4	95	1	1	BA1652	29178	7	8	2	0	1	0	0	0	0	0	0
A	EF	4	95	1	1	BA1652	29188	8	7	0	0	0	0	0	0	0	0	0
A	EF	4	95	1	1	BA1652	29210	7	0	0	0	0	0	0	0	1	0	0
A	EF	4	95	1	1	BA1652	29214	7	8	2	0	1	0	0	0	0	0	0
A	EF	4	95	1	1	BA1652	29216	8	0	0	0	1	0	0	0	1	0	0
A	EF	4	95	1	1	BA1652	29224	8	7	0	0	0	0	0	0	0	0	0
A	EF	4	95	1	1	BA1652	29245	7	0	0	0	0	0	0	0	1	0	0
A	EF	4	95	1	1	BA1652	29253	7	8	2	0	1	0	0	0	0	0	0
A	EF	4	95	1	1	BA1652	29263	8	7	0	0	0	0	0	0	0	0	0
A	EF	4	95	1	1	BA1652	29292	7	0	0	0	0	0	0	0	1	0	0
A	EF	4	95	1	1	BA1652	29311	7	8	2	0	1	0	0	0	0	0	0
A	EF	4	95	1	1	BA1652	29318	8	0	0	0	0	0	0	0	1	0	0
A	EF	4	95	1	1	BA1652	29321	8	7	0	0	0	0	0	0	0	0	0
A	EF	4	95	1	1	BA1652	29374	7	8	2	0	1	0	0	0	0	0	0
A	EF	4	95	1	1	BA1652	29384	8	9	0	0	0	0	0	0	0	0	0
A	EF	4	95	1	1	BA1652	29394	9	10	0	0	0	0	0	0	0	0	0
A	EF	4	95	1	1	BA1652	29396	10	0	0	0	0	0	0	0	1	0	0
A	EF	4	95	1	1	BA1652	29469	10	2	0	0	0	0	0	0	0	0	0
A	EF	4	95	1	1	BA1652	29470	2	3	0	0	0	0	0	0	0	0	0
A	EF	4	95	1	1	BA1652	29562	3	5	1	1	0	0	0	0	0	0	0
A	EF	4	95	1	1	BA1652	29564	5	0	0	0	0	0	0	1	0	0	0
A	EF	4	95	1	1	BA1652	29570	5	0	0	1	0	0	0	0	0	0	0
A	EF	4	95	1	1	BA1652	29572	5	4	0	0	0	0	0	0	0	0	0
A	EF	4	95	1	1	BA1652	29589	4	0	0	0	0	0	0	1	0	0	0
A	EF	4	95	1	1	BA1652	29623	4	5	1	1	0	0	0	0	0	0	0
A	EF	4	95	1	1	BA1652	29627	5	0	0	0	0	0	0	1	0	0	0
A	EF	4	95	1	1	BA1652	29632	5	0	0	1	0	0	0	0	0	0	0
A	EF	4	95	1	1	BA1652	29633	5	4	0	0	0	0	0	0	0	0	0
A	EF	4	95	1	1	BA1652	29636	4	0	0	0	0	0	0	1	0	0	0
A	EF	4	95	1	1	BA1652	29640	4	5	1	1	0	0	0	0	0	0	0
A	EF	4	95	1	1	BA1652	29647	5	0	0	0	0	0	0	1	0	0	0
A	EF	4	95	1	1	BA1652	29650	5	4	0	0	0	0	0	0	0	0	0
A	EF	4	95	1	1	BA1652	29674	4	5	1	1	0	0	0	0	0	0	0
A	EF	4	95	1	1	BA1652	29678	5	0	0	0	0	0	0	1	0	0	0
A	EF	4	95	1	1	BA1652	29681	5	0	0	1	0	0	0	0	0	0	0
A	EF	4	95	1	1	BA1652	29684	5	4	0	0	0	0	0	0	0	0	0
A	EF	4	95	1	1	BA1652	29688	4	0	0	0	0	0	0	1	0	0	0
A	EF	4	95	1	1	BA1652	29695	4	5	1	1	0	0	0	0	0	0	0
A	EF	4	95	1	1	BA1652	29697	5	0	0	0	0	0	0	1	0	0	0
A	EF	4	95	1	1	BA1652	29705	5	9	0	0	0	0	0	0	0	0	0
A	EF	4	95	1	1	BA1652	29715	9	10	0	0	0	0	0	0	0	0	0
A	EF	4	95	1	1	BA1652	29790	10	2	0	0	0	0	0	0	0	0	0
A	EF	4	95	1	1	BA1652	29791	2	3	0	0	0	0	0	0	0	0	0
A	EF	4	95	1	1	BA1652	29932	3	5	1	1	0	0	0	0	0	0	0
A	EF	4	95	1	1	BA1652	29940	5	0	0	0	0	0	0	1	0	0	0
A	EF	4	95	1	1	BA1652	29942	5	4	0	0	0	0	0	0	0	0	0
A	EF	4	95	1	1	BA1652	29946	4	5	1	1	0	0	0	0	0	0	0
A	EF	4	95	1	1	BA1652	29954	5	0	0	0	0	0	0	1	0	0	0
A	EF	4	95	1	1	BA1652	29956	5	4	0	0	0	0	0	0	0	0	0
A	EF	4	95	1	1	BA1652	29964	4	5	1	1	0	0	0	0	0	0	0
A	EF	4	95	1	1	BA1652	29968	5	0	0	0	0	0	0	1	0	0	0
A	EF	4	95	1	1	BA1652	29974	5	4	0	0	0	0	0	0	0	0	0
A	EF	4	95	1	1	BA1652	30013	4	5	1	1	0	0	0	0	0	0	0
A	EF	4	95	1	1	BA1652	30022	5	0	0	0	0	0	0	1	0	0	0
A	EF	4	95	1	1	BA1652	30023	5	4	0	0	0	0	0	0	0	0	0
A	EF	4	95	1	1	BA1652	30052	4	5	1	1	0	0	0	0	0	0	0
A	EF	4	95	1	1	BA1652	30062	5	9	0	0	0	0	0	0	0	0	0
A	EF	4	95	1	1	BA1652	30068	9	0	0	0	0	0	0	1	0	0	0
A	EF	4	95	1	1	BA1652	30072	9	10	0	0	0	0	0	0	0	0	0
A	EF	4	95	1	1	BA1652	30147	10	2	0	0	0	0	0	0	0	0	0
A	EF	4	95	1	1	BA1652	30148	2	3	0	0	0	0	0	0	0	0	0
A	EF	4	95	1	1	BA1652	30291	3	5	1	1	0	0	0	0	0	0	0
A	EF	4	95	1	1	BA1652	30301	5	4	0	0	0	0	0	0	0	0	0
A	EF	4	95	1	1	BA1652	30322	4	5	1	1	0	0	0	1	0	0	0
A	EF	4	95	1	1	BA1652	30332	5	4	0	0	0	0	0	0	0	0	0
A	EF	4	95	1	1	BA1652	30334	4	0	0	0	0	0	0	1	0	0	0
A	EF	4	95	1	1	BA1652	30378	4	5	1	1	0	0	0	0	0	0	0
A	EF	4	95	1	1	BA1652	30388	5	4	0	0	0	0	0	0	0	0	0
A	EF	4	95	1	1	BA1652	30389	4	0	0	0	0	0	0	1	0	0	0
A	EF	4	95	1	1	BA1652	30449	4	5	1	1	0	0	0	0	0	0	0
A	EF	4	95	1	1	BA1652	30459	5	4	0	0	0	0	0	0	0	0	0
A	EF	4	95	1	1	BA1652	30487	4	0	0	0	0	0	0	1	0	0	0
A	EF	4	95	1	1	BA1652	30522	4	5	1	1	0	0	0	0	0	0	0
A	EF	4	95	1	1	BA1652	30527	5	0	0	0	0	0	0	1	0	0	0
A	EF	4	95	1	1	BA1652	30532	5	9	0	0	0	0	0	0	0	0	0
A	EF	4	95	1	1	BA1652	30533	9	0	0	1	0	0	0	0	0	0	0
A	EF	4	95	1	1	BA1652	30538	9	0	0	0	0	0	0	1	0	0	0
A	EF	4	95	1	1	BA1652	30542	9	10	0	0	0	0	0	0	0	0	0
A	EF	4	95	1	1	BA1652	30617	10	2	0	0	0	0	0	0	0	0	0
A	EF	4	95	1	1	BA1652	30618	2	6	0	0	0	0	0	0	0	0	0
A	EF	4	95	1	1	BA1652	30774	6	0	0	1	0	0	0	0	0	0	0
A	EF	4	95	1	1	BA1652	30825	6	0	0	0	0	0	0	1	0	0	0
A	EF	4	95	1	1	BA1652	30977	6	0	0	1	0	0	0	0	0	0	0
A	EF	4	95	1	1	BA1652	30996	6	0	0	0	0	0	0	1	0	0	0
A	EF	4	95	1	1	BA1652	31264	6	8	2	0	1	0	0	0	0	0	0
A	EF	4	95	1	1	BA1652	31273	8	0	0	0	0	0	0	0	1	0	0
A	EF	4	95	1	1	BA1652	31274	8	7	0	0	0	0	0	0	0	0	0
A	EF	4	95	1	1	BA1652	31364	7	8	2	0	1	0	0	0	0	0	0
A	EF	4	95	1	1	BA1652	31374	8	7	0	0	0	0	0	0	0	0	0
A	EF	4	95	1	1	BA1652	31420	7	0	0	0	0	0	0	0	1	0	0
A	EF	4	95	1	1	BA1652	31423	7	8	2	0	1	0	0	0	0	0	0
A	EF	4	95	1	1	BA1652	31428	8	0	0	0	0	0	0	0	1	0	0
A	EF	4	95	1	1	BA1652	31433	8	7	0	0	0	0	0	0	0	0	0
A	EF	4	95	1	1	BA1652	31458	7	8	2	0	1	0	0	0	0	0	0
A	EF	4	95	1	1	BA1652	31467	8	0	0	0	0	0	0	0	1	0	0
A	EF	4	95	1	1	BA1652	31468	8	7	0	0	0	0	0	0	0	0	0
A	EF	4	95	1	1	BA1652	31592	7	8	2	0	1	0	0	0	0	0	0
A	EF	4	95	1	1	BA1652	31602	8	7	0	0	0	0	0	0	0	0	0
A	EF	4	95	1	1	BA1652	31614	7	0	0	0	0	0	0	0	1	0	0
A	EF	4	95	1	1	BA1652	31621	7	8	2	0	1	0	0	0	0	0	0
A	EF	4	95	1	1	BA1652	31631	8	7	0	0	0	0	0	0	0	0	0
A	EF	4	95	1	1	BA1652	31696	7	0	0	0	0	0	0	0	1	0	0
A	EF	4	95	1	1	BA1652	31747	7	8	2	0	1	0	0	0	0	0	0
A	EF	4	95	1	1	BA1652	31757	8	7	0	0	0	0	0	0	0	0	0
A	EF	4	95	1	1	BA1652	31794	7	0	0	0	0	0	0	0	1	0	0
A	EF	4	95	1	1	BA1652	31826	7	8	2	0	1	0	0	0	0	0	0
A	EF	4	95	1	1	BA1652	31836	8	7	0	0	0	0	0	0	0	0	0
A	EF	4	95	1	1	BA1652	31867	7	0	0	0	0	0	0	0	1	0	0
A	EF	4	95	1	1	BA1652	31901	7	8	2	0	1	0	0	0	0	0	0
A	EF	4	95	1	1	BA1652	31903	8	0	0	0	0	0	0	0	1	0	0
A	EF	4	95	1	1	BA1652	31904	8	0	0	0	1	0	0	0	0	0	0
A	EF	4	95	1	1	BA1652	31911	8	7	0	0	0	0	0	0	0	0	0
A	EF	4	95	1	1	BA1652	31942	7	0	0	0	0	0	0	0	1	0	0
A	EF	4	95	1	1	BA1652	31943	7	8	2	0	1	0	0	0	0	0	0
A	EF	4	95	1	1	BA1652	31951	8	0	0	0	0	0	0	0	1	0	0
A	EF	4	95	1	1	BA1652	31953	8	7	0	0	0	0	0	0	0	0	0
A	EF	4	95	1	1	BA1652	31954	7	8	2	0	1	0	0	0	0	0	0
A	EF	4	95	1	1	BA1652	31959	8	0	0	0	0	0	0	0	1	0	0
A	EF	4	95	1	1	BA1652	31960	8	0	0	0	1	0	0	0	0	0	0
A	EF	4	95	1	1	BA1652	31964	8	7	0	0	0	0	0	0	0	0	0
A	EF	4	95	1	1	BA1652	31972	7	0	0	0	0	0	0	0	1	0	0
A	EF	4	95	1	1	BA1652	32012	7	8	2	0	1	0	0	0	0	0	0
A	EF	4	95	1	1	BA1652	32022	8	7	0	0	0	0	0	0	0	0	0
A	EF	4	95	1	1	BA1652	32067	7	0	0	0	0	0	0	0	1	0	0
A	EF	4	95	1	1	BA1652	32069	7	8	2	0	1	0	0	0	0	0	0
A	EF	4	95	1	1	BA1652	32075	8	0	0	0	0	0	0	0	1	0	0
A	EF	4	95	1	1	BA1652	32079	8	7	0	0	1	0	0	0	0	0	0
A	EF	4	95	1	1	BA1652	32083	7	0	0	0	0	0	0	0	1	0	0
A	EF	4	95	1	1	BA1652	32085	7	8	2	0	1	0	0	0	0	0	0
A	EF	4	95	1	1	BA1652	32091	8	0	0	0	1	0	0	0	1	0	0
A	EF	4	95	1	1	BA1652	32095	8	7	0	0	0	0	0	0	0	0	0
A	EF	4	95	1	1	BA1652	32131	7	0	0	0	0	0	0	0	1	0	0
A	EF	4	95	1	1	BA1652	32181	7	8	2	0	1	0	0	0	0	0	0
A	EF	4	95	1	1	BA1652	32191	8	7	0	0	0	0	0	0	0	0	0
A	EF	4	95	1	1	BA1652	32206	7	0	0	0	0	0	0	0	1	0	0
A	EF	4	95	1	1	BA1652	32208	7	8	2	0	1	0	0	0	0	0	0
A	EF	4	95	1	1	BA1652	32218	8	7	0	0	0	0	0	0	0	0	0
A	EF	4	95	1	1	BA1652	32221	7	0	0	0	0	0	0	0	1	0	0
A	EF	4	95	1	1	BA1652	32324	7	8	2	0	1	0	0	0	0	0	0
A	EF	4	95	1	1	BA1652	32334	8	7	0	0	0	0	0	0	0	0	0
A	EF	4	95	1	1	BA1652	32358	7	0	0	0	0	0	0	0	1	0	0
A	EF	4	95	1	1	BA1652	32378	7	8	2	0	1	0	0	0	0	0	0
A	EF	4	95	1	1	BA1652	32386	8	0	0	0	0	0	0	0	1	0	0
A	EF	4	95	1	1	BA1652	32388	8	7	0	0	0	0	0	0	0	0	0
A	EF	4	95	1	1	BA1652	32401	7	8	2	0	1	0	0	0	0	0	0
A	EF	4	95	1	1	BA1652	32402	8	0	0	0	0	0	0	0	1	0	0
A	EF	4	95	1	1	BA1652	32406	8	0	0	0	1	0	0	0	0	0	0
A	EF	4	95	1	1	BA1652	32408	8	0	0	0	0	0	0	0	1	0	0
A	EF	4	95	1	1	BA1652	32411	8	7	0	0	1	0	0	0	0	0	0
A	EF	4	95	1	1	BA1652	32413	7	0	0	0	0	0	0	0	1	0	0
A	EF	4	95	1	1	BA1652	32428	7	8	2	0	1	0	0	0	0	0	0
A	EF	4	95	1	1	BA1652	32437	8	0	0	0	0	0	0	0	1	0	0
A	EF	4	95	1	1	BA1652	32438	8	9	0	0	0	0	0	0	0	0	0
A	EF	4	95	1	1	BA1652	32439	9	0	0	0	1	0	0	0	0	0	0
A	EF	4	95	1	1	BA1652	32442	9	0	0	0	0	0	0	0	1	0	0
A	EF	4	95	1	1	BA1652	32448	9	10	0	0	0	0	0	0	0	0	0
A	EF	4	95	1	1	BA1652	32523	10	2	0	0	0	0	0	0	0	0	0
A	EF	4	95	1	1	BA1652	32524	2	6	0	0	0	0	0	0	0	0	0
A	EF	4	95	1	1	BA1652	32920	6	8	2	0	1	0	0	0	0	0	0
A	EF	4	95	1	1	BA1652	32930	8	7	0	0	0	0	0	0	0	0	0
A	EF	4	95	1	1	BA1652	32931	7	0	0	0	0	0	0	0	1	0	0
A	EF	4	95	1	1	BA1652	33225	7	8	2	0	1	0	0	0	0	0	0
A	EF	4	95	1	1	BA1652	33235	8	7	0	0	0	0	0	0	0	0	0
A	EF	4	95	1	1	BA1652	33242	7	0	0	0	0	0	0	0	1	0	0
A	EF	4	95	1	1	BA1652	33243	7	8	2	0	1	0	0	0	0	0	0
A	EF	4	95	1	1	BA1652	33251	8	0	0	0	0	0	0	0	1	0	0
A	EF	4	95	1	1	BA1652	33253	8	7	0	0	0	0	0	0	0	0	0
A	EF	4	95	1	1	BA1652	33255	7	8	2	0	1	0	0	0	1	0	0
A	EF	4	95	1	1	BA1652	33265	8	7	0	0	0	0	0	0	0	0	0
A	EF	4	95	1	1	BA1652	33309	7	8	2	0	1	0	0	0	0	0	0
A	EF	4	95	1	1	BA1652	33313	8	0	0	0	0	0	0	0	1	0	0
A	EF	4	95	1	1	BA1652	33316	8	0	0	0	1	0	0	0	1	0	0
A	EF	4	95	1	1	BA1652	33319	8	7	0	0	0	0	0	0	0	0	0
A	EF	4	95	1	1	BA1652	33333	7	8	2	0	1	0	0	0	0	0	0
A	EF	4	95	1	1	BA1652	33343	8	7	0	0	0	0	0	0	0	0	0
A	EF	4	95	1	1	BA1652	33361	7	0	0	0	0	0	0	0	1	0	0
A	EF	4	95	1	1	BA1652	33363	7	8	2	0	1	0	0	0	0	0	0
A	EF	4	95	1	1	BA1652	33368	8	0	0	0	0	0	0	0	1	0	0
A	EF	4	95	1	1	BA1652	33373	8	7	0	0	0	0	0	0	0	0	0
A	EF	4	95	1	1	BA1652	33419	7	8	2	0	1	0	0	0	0	0	0
A	EF	4	95	1	1	BA1652	33423	8	0	0	0	0	0	0	0	1	0	0
A	EF	4	95	1	1	BA1652	33429	8	7	0	0	0	0	0	0	0	0	0
A	EF	4	95	1	1	BA1652	33435	7	8	2	0	1	0	0	0	0	0	0
A	EF	4	95	1	1	BA1652	33437	8	0	0	0	0	0	0	0	1	0	0
A	EF	4	95	1	1	BA1652	33445	8	7	0	0	0	0	0	0	0	0	0
A	EF	4	95	1	1	BA1652	33447	7	8	2	0	1	0	0	0	0	0	0
A	EF	4	95	1	1	BA1652	33457	8	7	0	0	0	0	0	0	0	0	0
A	EF	4	95	1	1	BA1652	33487	7	0	0	0	0	0	0	0	1	0	0
A	EF	4	95	1	1	BA1652	33499	7	8	2	0	1	0	0	0	0	0	0
A	EF	4	95	1	1	BA1652	33509	8	7	0	0	0	0	0	0	0	0	0
A	EF	4	95	1	1	BA1652	33529	7	0	0	0	0	0	0	0	1	0	0
A	EF	4	95	1	1	BA1652	33566	7	8	2	0	1	0	0	0	0	0	0
A	EF	4	95	1	1	BA1652	33576	8	7	0	0	0	0	0	0	0	0	0
A	EF	4	95	1	1	BA1652	33599	7	0	0	0	0	0	0	0	1	0	0
A	EF	4	95	1	1	BA1652	33647	7	8	2	0	1	0	0	0	0	0	0
A	EF	4	95	1	1	BA1652	33657	8	7	0	0	0	0	0	0	0	0	0
A	EF	4	95	1	1	BA1652	33670	7	0	0	0	0	0	0	0	1	0	0
A	EF	4	95	1	1	BA1652	33672	7	8	2	0	1	0	0	0	0	0	0
A	EF	4	95	1	1	BA1652	33679	8	0	0	0	0	0	0	0	1	0	0
A	EF	4	95	1	1	BA1652	33682	8	7	0	0	0	0	0	0	0	0	0
A	EF	4	95	1	1	BA1652	33739	7	8	2	0	1	0	0	0	0	0	0
A	EF	4	95	1	1	BA1652	33748	8	0	0	0	0	0	0	0	1	0	0
A	EF	4	95	1	1	BA1652	33749	8	7	0	0	0	0	0	0	0	0	0
A	EF	4	95	1	1	BA1652	33750	7	8	2	0	1	0	0	0	0	0	0
A	EF	4	95	1	1	BA1652	33755	8	0	0	0	0	0	0	0	1	0	0
A	EF	4	95	1	1	BA1652	33760	8	7	0	0	0	0	0	0	0	0	0
A	EF	4	95	1	1	BA1652	33762	7	8	2	0	1	0	0	0	0	0	0
A	EF	4	95	1	1	BA1652	33765	8	0	0	0	0	0	0	0	1	0	0
A	EF	4	95	1	1	BA1652	33772	8	7	0	0	0	0	0	0	0	0	0
A	EF	4	95	1	1	BA1652	33898	7	8	2	0	1	0	0	0	0	0	0
A	EF	4	95	1	1	BA1652	33908	8	7	0	0	0	0	0	0	0	0	0
A	EF	4	95	1	1	BA1652	33921	7	0	0	0	0	0	0	0	1	0	0
A	EF	4	95	1	1	BA1652	33929	7	8	2	0	1	0	0	0	0	0	0
A	EF	4	95	1	1	BA1652	33938	8	0	0	0	0	0	0	0	1	0	0
A	EF	4	95	1	1	BA1652	33939	8	7	0	0	0	0	0	0	0	0	0
A	EF	4	95	1	1	BA1652	33940	7	8	2	0	1	0	0	0	0	0	0
A	EF	4	95	1	1	BA1652	33945	8	0	0	0	0	0	0	0	1	0	0
A	EF	4	95	1	1	BA1652	33950	8	9	0	0	0	0	0	0	0	0	0
A	EF	4	95	1	1	BA1652	33952	9	0	0	0	1	0	0	0	0	0	0
A	EF	4	95	1	1	BA1652	33953	9	0	0	0	0	0	0	0	1	0	0
A	EF	4	95	1	1	BA1652	33954	9	0	0	0	1	0	0	0	0	0	0
A	EF	4	95	1	1	BA1652	33956	9	0	0	0	0	0	0	0	1	0	0
A	EF	4	95	1	1	BA1652	33960	9	10	0	0	1	0	0	0	0	0	0
A	EF	4	95	1	1	BA1652	33961	10	0	0	0	0	0	0	0	1	0	0
A	EF	4	95	1	1	BA1652	33973	10	0	0	0	1	0	0	0	0	0	0
A	EF	4	95	1	1	BA1652	33980	10	0	0	0	0	0	0	0	1	0	0
A	EF	4	95	1	1	BA1652	34035	10	2	0	0	0	0	0	0	0	0	0
A	EF	4	95	1	1	BA1652	34036	2	3	0	0	0	0	0	0	0	0	0
A	EF	4	95	1	1	BA1652	34171	3	5	1	1	0	0	0	0	0	0	0
A	EF	4	95	1	1	BA1652	34175	5	0	0	0	0	0	0	1	0	0	0
A	EF	4	95	1	1	BA1652	34177	5	0	0	1	0	0	0	0	0	0	0
A	EF	4	95	1	1	BA1652	34181	5	4	0	0	0	0	0	0	0	0	0
A	EF	4	95	1	1	BA1652	34194	4	0	0	0	0	0	0	1	0	0	0
A	EF	4	95	1	1	BA1652	34218	4	5	1	1	0	0	0	0	0	0	0
A	EF	4	95	1	1	BA1652	34224	5	0	0	0	0	0	0	1	0	0	0
A	EF	4	95	1	1	BA1652	34228	5	4	0	0	0	0	0	0	0	0	0
A	EF	4	95	1	1	BA1652	34269	4	5	1	1	0	0	0	0	0	0	0
A	EF	4	95	1	1	BA1652	34271	5	0	0	0	0	0	0	1	0	0	0
A	EF	4	95	1	1	BA1652	34276	5	0	0	1	0	0	0	0	0	0	0
A	EF	4	95	1	1	BA1652	34279	5	4	0	0	0	0	0	0	0	0	0
A	EF	4	95	1	1	BA1652	34299	4	0	0	0	0	0	0	1	0	0	0
A	EF	4	95	1	1	BA1652	34306	4	5	1	1	0	0	0	0	0	0	0
A	EF	4	95	1	1	BA1652	34313	5	0	0	0	0	0	0	1	0	0	0
A	EF	4	95	1	1	BA1652	34316	5	4	0	0	0	0	0	0	0	0	0
A	EF	4	95	1	1	BA1652	34351	4	5	1	1	0	0	0	0	0	0	0
A	EF	4	95	1	1	BA1652	34357	5	0	0	0	0	0	0	1	0	0	0
A	EF	4	95	1	1	BA1652	34360	5	0	0	1	0	0	0	0	0	0	0
A	EF	4	95	1	1	BA1652	34361	5	9	0	0	0	0	0	0	0	0	0
A	EF	4	95	1	1	BA1652	34368	9	0	0	0	0	0	0	1	0	0	0
A	EF	4	95	1	1	BA1652	34371	9	10	0	0	0	0	0	0	0	0	0
A	EF	4	95	1	1	BA1652	34446	10	2	0	0	0	0	0	0	0	0	0
A	EF	4	95	1	1	BA1652	34447	2	6	0	0	0	0	0	0	0	0	0
A	EF	4	95	1	1	BA1652	34588	6	0	0	1	0	0	0	0	0	0	0
A	EF	4	95	1	1	BA1652	34594	6	0	0	0	0	0	0	1	0	0	0
A	EF	4	95	1	1	BA1652	36428	6	8	2	0	1	0	0	0	0	0	0
A	EF	4	95	1	1	BA1652	36438	8	7	0	0	0	0	0	0	0	0	0
A	EF	4	95	1	1	BA1652	36442	7	0	0	0	0	0	0	0	1	0	0
A	EF	4	95	1	1	BA1652	36473	7	8	2	0	1	0	0	0	0	0	0
A	EF	4	95	1	1	BA1652	36477	8	0	0	0	0	0	0	0	1	0	0
A	EF	4	95	1	1	BA1652	36483	8	7	0	0	0	0	0	0	0	0	0
A	EF	4	95	1	1	BA1652	36530	7	8	2	0	1	0	0	0	0	0	0
A	EF	4	95	1	1	BA1652	36540	8	7	0	0	0	0	0	0	0	0	0
A	EF	4	95	1	1	BA1652	36545	7	0	0	0	0	0	0	0	1	0	0
A	EF	4	95	1	1	BA1652	36548	7	8	2	0	1	0	0	0	0	0	0
A	EF	4	95	1	1	BA1652	36558	8	7	0	0	0	0	0	0	0	0	0
A	EF	4	95	1	1	BA1652	36581	7	0	0	0	0	0	0	0	1	0	0
A	EF	4	95	1	1	BA1652	36587	7	8	2	0	1	0	0	0	0	0	0
A	EF	4	95	1	1	BA1652	36597	8	7	0	0	0	0	0	0	0	0	0
A	EF	4	95	1	1	BA1652	36607	7	0	0	0	0	0	0	0	1	0	0
A	EF	4	95	1	1	BA1652	36681	7	8	2	0	1	0	0	0	0	0	0
A	EF	4	95	1	1	BA1652	36691	8	7	0	0	0	0	0	0	0	0	0
A	EF	4	95	1	1	BA1652	36711	7	0	0	0	0	0	0	0	1	0	0
A	EF	4	95	1	1	BA1652	36717	7	8	2	0	1	0	0	0	0	0	0
A	EF	4	95	1	1	BA1652	36723	8	0	0	0	0	0	0	0	1	0	0
A	EF	4	95	1	1	BA1652	36727	8	7	0	0	0	0	0	0	0	0	0
A	EF	4	95	1	1	BA1652	36757	7	8	2	0	1	0	0	0	0	0	0
A	EF	4	95	1	1	BA1652	36767	8	7	0	0	0	0	0	0	1	0	0
A	EF	4	95	1	1	BA1652	36805	7	8	2	0	1	0	0	0	0	0	0
A	EF	4	95	1	1	BA1652	36815	8	7	0	0	0	0	0	0	0	0	0
A	EF	4	95	1	1	BA1652	36824	7	0	0	0	0	0	0	0	1	0	0
A	EF	4	95	1	1	BA1652	36846	7	8	2	0	1	0	0	0	0	0	0
A	EF	4	95	1	1	BA1652	36848	8	0	0	0	0	0	0	0	1	0	0
A	EF	4	95	1	1	BA1652	36856	8	7	0	0	0	0	0	0	0	0	0
A	EF	4	95	1	1	BA1652	36858	7	8	2	0	1	0	0	0	0	0	0
A	EF	4	95	1	1	BA1652	36866	8	0	0	0	0	0	0	0	1	0	0
A	EF	4	95	1	1	BA1652	36868	8	7	0	0	1	0	0	0	0	0	0
A	EF	4	95	1	1	BA1652	36881	7	0	0	0	0	0	0	0	1	0	0
A	EF	4	95	1	1	BA1652	36884	7	8	2	0	1	0	0	0	0	0	0
A	EF	4	95	1	1	BA1652	36890	8	0	0	0	0	0	0	0	1	0	0
A	EF	4	95	1	1	BA1652	36894	8	7	0	0	0	0	0	0	0	0	0
A	EF	4	95	1	1	BA1652	36955	7	8	2	0	1	0	0	0	0	0	0
A	EF	4	95	1	1	BA1652	36960	8	0	0	0	0	0	0	0	1	0	0
A	EF	4	95	1	1	BA1652	36965	8	7	0	0	0	0	0	0	0	0	0
A	EF	4	95	1	1	BA1652	36987	7	8	2	0	1	0	0	0	0	0	0
A	EF	4	95	1	1	BA1652	36997	8	7	0	0	0	0	0	0	0	0	0
A	EF	4	95	1	1	BA1652	37010	7	0	0	0	0	0	0	0	1	0	0
A	EF	4	95	1	1	BA1652	37012	7	8	2	0	1	0	0	0	0	0	0
A	EF	4	95	1	1	BA1652	37014	8	0	0	0	0	0	0	0	1	0	0
A	EF	4	95	1	1	BA1652	37022	8	7	0	0	0	0	0	0	0	0	0
A	EF	4	95	1	1	BA1652	37068	7	8	2	0	1	0	0	0	0	0	0
A	EF	4	95	1	1	BA1652	37078	8	7	0	0	0	0	0	0	0	0	0
A	EF	4	95	1	1	BA1652	37086	7	0	0	0	0	0	0	0	1	0	0
A	EF	4	95	1	1	BA1652	37088	7	8	2	0	1	0	0	0	0	0	0
A	EF	4	95	1	1	BA1652	37098	8	7	0	0	0	0	0	0	0	0	0
A	EF	4	95	1	1	BA1652	37099	7	0	0	0	0	0	0	0	1	0	0
A	EF	4	95	1	1	BA1652	37155	7	8	2	0	1	0	0	0	0	0	0
A	EF	4	95	1	1	BA1652	37165	8	7	0	0	0	0	0	0	0	0	0
A	EF	4	95	1	1	BA1652	37167	7	0	0	0	0	0	0	0	1	0	0
A	EF	4	95	1	1	BA1652	37171	7	8	2	0	1	0	0	0	0	0	0
A	EF	4	95	1	1	BA1652	37176	8	0	0	0	0	0	0	0	1	0	0
A	EF	4	95	1	1	BA1652	37178	8	0	0	0	1	0	0	0	0	0	0
A	EF	4	95	1	1	BA1652	37181	8	7	0	0	0	0	0	0	0	0	0
A	EF	4	95	1	1	BA1652	37199	7	0	0	0	0	0	0	0	1	0	0
A	EF	4	95	1	1	BA1652	37249	7	8	2	0	1	0	0	0	0	0	0
A	EF	4	95	1	1	BA1652	37259	8	9	0	0	0	0	0	0	0	0	0
A	EF	4	95	1	1	BA1652	37269	9	10	0	0	0	0	0	0	0	0	0
A	EF	4	95	1	1	BA1652	37271	10	0	0	0	0	0	0	0	1	0	0
A	EF	4	95	1	1	BA1652	37344	10	2	0	0	0	0	0	0	0	0	0
A	EF	4	95	1	1	BA1652	37345	2	3	0	0	0	0	0	0	0	0	0
A	EF	4	95	1	1	BA1652	37413	3	5	1	1	0	0	0	0	0	0	0
A	EF	4	95	1	1	BA1652	37423	5	4	0	0	0	0	0	0	0	0	0
A	EF	4	95	1	1	BA1652	37437	4	0	0	0	0	0	0	1	0	0	0
A	EF	4	95	1	1	BA1652	37487	4	5	1	1	0	0	0	0	0	0	0
A	EF	4	95	1	1	BA1652	37493	5	0	0	0	0	0	0	1	0	0	0
A	EF	4	95	1	1	BA1652	37497	5	4	0	1	0	0	0	0	0	0	0
A	EF	4	95	1	1	BA1652	37503	4	0	0	0	0	0	0	1	0	0	0
A	EF	4	95	1	1	BA1652	37510	4	5	1	1	0	0	0	0	0	0	0
A	EF	4	95	1	1	BA1652	37513	5	0	0	0	0	0	0	1	0	0	0
A	EF	4	95	1	1	BA1652	37520	5	4	0	0	0	0	0	0	0	0	0
A	EF	4	95	1	1	BA1652	37522	4	5	1	1	0	0	0	0	0	0	0
A	EF	4	95	1	1	BA1652	37532	5	4	0	0	0	0	0	0	0	0	0
A	EF	4	95	1	1	BA1652	37542	4	5	1	1	0	0	0	1	0	0	0
A	EF	4	95	1	1	BA1652	37544	5	0	0	0	0	0	0	1	0	0	0
A	EF	4	95	1	1	BA1652	37550	5	0	0	1	0	0	0	0	0	0	0
A	EF	4	95	1	1	BA1652	37552	5	9	0	0	0	0	0	0	0	0	0
A	EF	4	95	1	1	BA1652	37562	9	10	0	0	0	0	0	1	0	0	0
A	EF	4	95	1	1	BA1652	37637	10	2	0	0	0	0	0	0	0	0	0
A	EF	4	95	1	1	BA1652	37638	2	6	0	0	0	0	0	0	0	0	0
A	EF	4	95	1	1	BA1652	37824	6	0	0	1	0	0	0	0	0	0	0
A	EF	4	95	1	1	BA1652	37842	6	0	0	0	0	0	0	1	0	0	0
A	EF	4	95	1	1	BA1652	38004	6	8	2	0	1	0	0	0	0	0	0
A	EF	4	95	1	1	BA1652	38014	8	7	0	0	0	0	0	0	0	0	0
A	EF	4	95	1	1	BA1652	38016	7	0	0	0	0	0	0	0	1	0	0
A	EF	4	95	1	1	BA1652	38108	7	8	2	0	1	0	0	0	0	0	0
A	EF	4	95	1	1	BA1652	38111	8	0	0	0	0	0	0	0	1	0	0
A	EF	4	95	1	1	BA1652	38115	8	0	0	0	1	0	0	0	0	0	0
A	EF	4	95	1	1	BA1652	38118	8	7	0	0	0	0	0	0	0	0	0
A	EF	4	95	1	1	BA1652	38127	7	0	0	0	0	0	0	0	1	0	0
A	EF	4	95	1	1	BA1652	38148	7	8	2	0	1	0	0	0	0	0	0
A	EF	4	95	1	1	BA1652	38152	8	0	0	0	0	0	0	0	1	0	0
A	EF	4	95	1	1	BA1652	38158	8	7	0	0	0	0	0	0	0	0	0
A	EF	4	95	1	1	BA1652	38255	7	8	2	0	1	0	0	0	0	0	0
A	EF	4	95	1	1	BA1652	38265	8	7	0	0	0	0	0	0	0	0	0
A	EF	4	95	1	1	BA1652	38280	7	0	0	0	0	0	0	0	1	0	0
A	EF	4	95	1	1	BA1652	38284	7	8	2	0	1	0	0	0	0	0	0
A	EF	4	95	1	1	BA1652	38289	8	0	0	0	0	0	0	0	1	0	0
A	EF	4	95	1	1	BA1652	38292	8	0	0	0	1	0	0	0	0	0	0
A	EF	4	95	1	1	BA1652	38294	8	7	0	0	0	0	0	0	0	0	0
A	EF	4	95	1	1	BA1652	38297	7	0	0	0	0	0	0	0	1	0	0
A	EF	4	95	1	1	BA1652	38298	7	8	2	0	1	0	0	0	0	0	0
A	EF	4	95	1	1	BA1652	38303	8	0	0	0	0	0	0	0	1	0	0
A	EF	4	95	1	1	BA1652	38305	8	0	0	0	1	0	0	0	0	0	0
A	EF	4	95	1	1	BA1652	38308	8	7	0	0	0	0	0	0	0	0	0
A	EF	4	95	1	1	BA1652	38309	7	0	0	0	0	0	0	0	1	0	0
A	EF	4	95	1	1	BA1652	38340	7	8	2	0	1	0	0	0	0	0	0
A	EF	4	95	1	1	BA1652	38344	8	0	0	0	0	0	0	0	1	0	0
A	EF	4	95	1	1	BA1652	38348	8	0	0	0	1	0	0	0	0	0	0
A	EF	4	95	1	1	BA1652	38350	8	7	0	0	0	0	0	0	0	0	0
A	EF	4	95	1	1	BA1652	38353	7	8	2	0	1	0	0	0	1	0	0
A	EF	4	95	1	1	BA1652	38363	8	7	0	0	0	0	0	0	0	0	0
A	EF	4	95	1	1	BA1652	38366	7	0	0	0	0	0	0	0	1	0	0
A	EF	4	95	1	1	BA1652	38386	7	8	2	0	1	0	0	0	0	0	0
A	EF	4	95	1	1	BA1652	38389	8	0	0	0	0	0	0	0	1	0	0
A	EF	4	95	1	1	BA1652	38396	8	7	0	0	0	0	0	0	0	0	0
A	EF	4	95	1	1	BA1652	38420	7	8	2	0	1	0	0	0	0	0	0
A	EF	4	95	1	1	BA1652	38430	8	7	0	0	0	0	0	0	0	0	0
A	EF	4	95	1	1	BA1652	38439	7	0	0	0	0	0	0	0	1	0	0
A	EF	4	95	1	1	BA1652	38443	7	8	2	0	1	0	0	0	0	0	0
A	EF	4	95	1	1	BA1652	38451	8	0	0	0	0	0	0	0	1	0	0
A	EF	4	95	1	1	BA1652	38453	8	7	0	0	1	0	0	0	0	0	0
A	EF	4	95	1	1	BA1652	38455	7	0	0	0	0	0	0	0	1	0	0
A	EF	4	95	1	1	BA1652	38458	7	8	2	0	1	0	0	0	0	0	0
A	EF	4	95	1	1	BA1652	38461	8	0	0	0	0	0	0	0	1	0	0
A	EF	4	95	1	1	BA1652	38468	8	7	0	0	0	0	0	0	0	0	0
A	EF	4	95	1	1	BA1652	38472	7	8	2	0	1	0	0	0	0	0	0
A	EF	4	95	1	1	BA1652	38474	8	0	0	0	0	0	0	0	1	0	0
A	EF	4	95	1	1	BA1652	38482	8	7	0	0	0	0	0	0	0	0	0
A	EF	4	95	1	1	BA1652	38494	7	8	2	0	1	0	0	0	0	0	0
A	EF	4	95	1	1	BA1652	38495	8	0	0	0	0	0	0	0	1	0	0
A	EF	4	95	1	1	BA1652	38501	8	0	0	0	1	0	0	0	0	0	0
A	EF	4	95	1	1	BA1652	38504	8	7	0	0	0	0	0	0	1	0	0
A	EF	4	95	1	1	BA1652	38510	7	8	2	0	1	0	0	0	0	0	0
A	EF	4	95	1	1	BA1652	38512	8	0	0	0	0	0	0	0	1	0	0
A	EF	4	95	1	1	BA1652	38520	8	7	0	0	0	0	0	0	0	0	0
A	EF	4	95	1	1	BA1652	38565	7	8	2	0	1	0	0	0	0	0	0
A	EF	4	95	1	1	BA1652	38571	8	0	0	0	0	0	0	0	1	0	0
A	EF	4	95	1	1	BA1652	38575	8	7	0	0	0	0	0	0	0	0	0
A	EF	4	95	1	1	BA1652	38591	7	8	2	0	1	0	0	0	0	0	0
A	EF	4	95	1	1	BA1652	38594	8	0	0	0	0	0	0	0	1	0	0
A	EF	4	95	1	1	BA1652	38601	8	7	0	0	0	0	0	0	0	0	0
A	EF	4	95	1	1	BA1652	38611	7	8	2	0	1	0	0	0	0	0	0
A	EF	4	95	1	1	BA1652	38621	8	7	0	0	0	0	0	0	0	0	0
A	EF	4	95	1	1	BA1652	38625	7	0	0	0	0	0	0	0	1	0	0
A	EF	4	95	1	1	BA1652	38649	7	8	2	0	1	0	0	0	0	0	0
A	EF	4	95	1	1	BA1652	38651	8	0	0	0	0	0	0	0	1	0	0
A	EF	4	95	1	1	BA1652	38659	8	7	0	0	0	0	0	0	0	0	0
A	EF	4	95	1	1	BA1652	38707	7	8	2	0	1	0	0	0	0	0	0
A	EF	4	95	1	1	BA1652	38717	8	9	0	0	0	0	0	0	0	0	0
A	EF	4	95	1	1	BA1652	38722	9	0	0	0	0	0	0	0	1	0	0
A	EF	4	95	1	1	BA1652	38723	9	0	0	0	1	0	0	0	0	0	0
A	EF	4	95	1	1	BA1652	38727	9	10	0	0	0	0	0	0	0	0	0
A	EF	4	95	1	1	BA1652	38733	10	0	0	0	0	0	0	0	1	0	0
A	EF	4	95	1	1	BA1652	38802	10	2	0	0	0	0	0	0	0	0	0
A	EF	4	95	1	1	BA1652	38803	2	6	0	0	0	0	0	0	0	0	0
A	EF	4	95	1	1	BA1652	39026	6	8	2	0	1	0	0	0	0	0	0
A	EF	4	95	1	1	BA1652	39029	8	0	0	0	0	0	0	0	1	0	0
A	EF	4	95	1	1	BA1652	39036	8	7	0	0	0	0	0	0	0	0	0
A	EF	4	95	1	1	BA1652	39072	7	8	2	0	1	0	0	0	0	0	0
A	EF	4	95	1	1	BA1652	39080	8	0	0	0	0	0	0	0	1	0	0
A	EF	4	95	1	1	BA1652	39082	8	7	0	0	1	0	0	0	0	0	0
A	EF	4	95	1	1	BA1652	39085	7	0	0	0	0	0	0	0	1	0	0
A	EF	4	95	1	1	BA1652	39105	7	8	2	0	1	0	0	0	0	0	0
A	EF	4	95	1	1	BA1652	39109	8	0	0	0	0	0	0	0	1	0	0
A	EF	4	95	1	1	BA1652	39115	8	7	0	0	0	0	0	0	0	0	0
A	EF	4	95	1	1	BA1652	39119	7	8	2	0	1	0	0	0	0	0	0
A	EF	4	95	1	1	BA1652	39129	8	7	0	0	0	0	0	0	0	0	0
A	EF	4	95	1	1	BA1652	39135	7	0	0	0	0	0	0	0	1	0	0
A	EF	4	95	1	1	BA1652	39156	7	8	2	0	1	0	0	0	0	0	0
A	EF	4	95	1	1	BA1652	39166	8	7	0	0	0	0	0	0	1	0	0
A	EF	4	95	1	1	BA1652	39171	7	8	2	0	1	0	0	0	0	0	0
A	EF	4	95	1	1	BA1652	39181	8	7	0	0	0	0	0	0	0	0	0
A	EF	4	95	1	1	BA1652	39185	7	0	0	0	0	0	0	0	1	0	0
A	EF	4	95	1	1	BA1652	39193	7	8	2	0	1	0	0	0	0	0	0
A	EF	4	95	1	1	BA1652	39203	8	7	0	0	0	0	0	0	0	0	0
A	EF	4	95	1	1	BA1652	39260	7	0	0	0	0	0	0	0	1	0	0
A	EF	4	95	1	1	BA1652	39267	7	8	2	0	1	0	0	0	0	0	0
A	EF	4	95	1	1	BA1652	39274	8	0	0	0	0	0	0	0	1	0	0
A	EF	4	95	1	1	BA1652	39277	8	7	0	0	0	0	0	0	0	0	0
A	EF	4	95	1	1	BA1652	39282	7	8	2	0	1	0	0	0	0	0	0
A	EF	4	95	1	1	BA1652	39292	8	7	0	0	0	0	0	0	0	0	0
A	EF	4	95	1	1	BA1652	39318	7	0	0	0	0	0	0	0	1	0	0
A	EF	4	95	1	1	BA1652	39346	7	8	2	0	1	0	0	0	0	0	0
A	EF	4	95	1	1	BA1652	39356	8	7	0	0	0	0	0	0	0	0	0
A	EF	4	95	1	1	BA1652	39364	7	0	0	0	0	0	0	0	1	0	0
A	EF	4	95	1	1	BA1652	39367	7	8	2	0	1	0	0	0	0	0	0
A	EF	4	95	1	1	BA1652	39373	8	0	0	0	0	0	0	0	1	0	0
A	EF	4	95	1	1	BA1652	39377	8	7	0	0	0	0	0	0	0	0	0
A	EF	4	95	1	1	BA1652	39491	7	8	2	0	1	0	0	0	0	0	0
A	EF	4	95	1	1	BA1652	39494	8	0	0	0	0	0	0	0	1	0	0
A	EF	4	95	1	1	BA1652	39501	8	7	0	0	0	0	0	0	0	0	0
A	EF	4	95	1	1	BA1652	39588	7	8	2	0	1	0	0	0	0	0	0
A	EF	4	95	1	1	BA1652	39594	8	0	0	0	0	0	0	0	1	0	0
A	EF	4	95	1	1	BA1652	39595	8	0	0	0	1	0	0	0	0	0	0
A	EF	4	95	1	1	BA1652	39596	8	0	0	0	0	0	0	0	1	0	0
A	EF	4	95	1	1	BA1652	39598	8	7	0	0	0	0	0	0	0	0	0
A	EF	4	95	1	1	BA1652	39707	7	8	2	0	1	0	0	0	0	0	0
A	EF	4	95	1	1	BA1652	39717	8	7	0	0	0	0	0	0	0	0	0
A	EF	4	95	1	1	BA1652	39723	7	0	0	0	0	0	0	0	1	0	0
A	EF	4	95	1	1	BA1652	39724	7	8	2	0	1	0	0	0	0	0	0
A	EF	4	95	1	1	BA1652	39731	8	0	0	0	0	0	0	0	1	0	0
A	EF	4	95	1	1	BA1652	39733	8	0	0	0	1	0	0	0	0	0	0
A	EF	4	95	1	1	BA1652	39734	8	7	0	0	0	0	0	0	0	0	0
A	EF	4	95	1	1	BA1652	39737	7	0	0	0	0	0	0	0	1	0	0
A	EF	4	95	1	1	BA1652	39738	7	8	2	0	1	0	0	0	0	0	0
A	EF	4	95	1	1	BA1652	39743	8	0	0	0	0	0	0	0	1	0	0
A	EF	4	95	1	1	BA1652	39746	8	0	0	0	1	0	0	0	0	0	0
A	EF	4	95	1	1	BA1652	39748	8	7	0	0	0	0	0	0	0	0	0
A	EF	4	95	1	1	BA1652	39753	7	0	0	0	0	0	0	0	1	0	0
A	EF	4	95	1	1	BA1652	39798	7	8	2	0	1	0	0	0	0	0	0
A	EF	4	95	1	1	BA1652	39808	8	7	0	0	0	0	0	0	0	0	0
A	EF	4	95	1	1	BA1652	39830	7	0	0	0	0	0	0	0	1	0	0
A	EF	4	95	1	1	BA1652	39835	7	8	2	0	1	0	0	0	0	0	0
A	EF	4	95	1	1	BA1652	39837	8	0	0	0	0	0	0	0	1	0	0
A	EF	4	95	1	1	BA1652	39845	8	7	0	0	0	0	0	0	0	0	0
A	EF	4	95	1	1	BA1652	39850	7	8	2	0	1	0	0	0	0	0	0
A	EF	4	95	1	1	BA1652	39852	8	0	0	0	0	0	0	0	1	0	0
A	EF	4	95	1	1	BA1652	39860	8	7	0	0	0	0	0	0	0	0	0
A	EF	4	95	1	1	BA1652	39876	7	8	2	0	1	0	0	0	0	0	0
A	EF	4	95	1	1	BA1652	39880	8	0	0	0	0	0	0	0	1	0	0
A	EF	4	95	1	1	BA1652	39886	8	9	0	0	0	0	0	0	0	0	0
A	EF	4	95	1	1	BA1652	39896	9	10	0	0	0	0	0	0	0	0	0
A	EF	4	95	1	1	BA1652	39971	10	2	0	0	0	0	0	0	0	0	0
A	EF	4	95	1	1	BA1652	39972	2	3	0	0	0	0	0	0	0	0	0
A	EF	4	95	1	1	BA1652	40023	3	5	1	1	0	0	0	0	0	0	0
A	EF	4	95	1	1	BA1652	40027	5	0	0	0	0	0	0	1	0	0	0
A	EF	4	95	1	1	BA1652	40033	5	4	0	0	0	0	0	0	0	0	0
A	EF	4	95	1	1	BA1652	40034	4	5	1	1	0	0	0	0	0	0	0
A	EF	4	95	1	1	BA1652	40038	5	0	0	0	0	0	0	1	0	0	0
A	EF	4	95	1	1	BA1652	40040	5	0	0	1	0	0	0	0	0	0	0
A	EF	4	95	1	1	BA1652	40044	5	4	0	0	0	0	0	1	0	0	0
A	EF	4	95	1	1	BA1652	40046	4	5	1	1	0	0	0	0	0	0	0
A	EF	4	95	1	1	BA1652	40054	5	0	0	0	0	0	0	1	0	0	0
A	EF	4	95	1	1	BA1652	40056	5	4	0	0	0	0	0	0	0	0	0
A	EF	4	95	1	1	BA1652	40058	4	5	1	1	0	0	0	0	0	0	0
A	EF	4	95	1	1	BA1652	40063	5	0	0	0	0	0	0	1	0	0	0
A	EF	4	95	1	1	BA1652	40068	5	4	0	0	0	0	0	0	0	0	0
A	EF	4	95	1	1	BA1652	40122	4	5	1	1	0	0	0	0	0	0	0
A	EF	4	95	1	1	BA1652	40132	5	9	0	0	0	0	0	0	0	0	0
A	EF	4	95	1	1	BA1652	40134	9	0	0	0	0	0	0	1	0	0	0
A	EF	4	95	1	1	BA1652	40142	9	10	0	0	0	0	0	0	0	0	0
A	EF	4	95	1	1	BA1652	40217	10	2	0	0	0	0	0	0	0	0	0
A	EF	4	95	1	1	BA1652	40218	2	3	0	0	0	0	0	0	0	0	0
A	EF	4	95	1	1	BA1652	40303	3	5	1	1	0	0	0	0	0	0	0
A	EF	4	95	1	1	BA1652	40313	5	4	0	0	0	0	0	0	0	0	0
A	EF	4	95	1	1	BA1652	40316	4	0	0	0	0	0	0	1	0	0	0
A	EF	4	95	1	1	BA1652	40320	4	5	1	1	0	0	0	0	0	0	0
A	EF	4	95	1	1	BA1652	40330	5	4	0	0	0	0	0	0	0	0	0
A	EF	4	95	1	1	BA1652	40358	4	0	0	0	0	0	0	1	0	0	0
A	EF	4	95	1	1	BA1652	40407	4	5	1	1	0	0	0	0	0	0	0
A	EF	4	95	1	1	BA1652	40416	5	0	0	0	0	0	0	1	0	0	0
A	EF	4	95	1	1	BA1652	40417	5	4	0	0	0	0	0	0	0	0	0
A	EF	4	95	1	1	BA1652	40418	4	5	1	1	0	0	0	0	0	0	0
A	EF	4	95	1	1	BA1652	40424	5	0	0	0	0	0	0	1	0	0	0
A	EF	4	95	1	1	BA1652	40428	5	4	0	0	0	0	0	0	0	0	0
A	EF	4	95	1	1	BA1652	40432	4	5	1	1	0	0	0	0	0	0	0
A	EF	4	95	1	1	BA1652	40442	5	9	0	0	0	0	0	1	0	0	0
A	EF	4	95	1	1	BA1652	40452	9	10	0	0	0	0	0	0	0	0	0
A	EF	4	95	1	1	BA1652	40527	10	2	0	0	0	0	0	0	0	0	0
A	EF	4	95	1	1	BA1652	40528	2	3	0	0	0	0	0	0	0	0	0
A	EF	4	95	1	1	BA1652	40673	3	5	1	1	0	0	0	0	0	0	0
A	EF	4	95	1	1	BA1652	40683	5	4	0	0	0	0	0	0	0	0	0
A	EF	4	95	1	1	BA1652	40686	4	0	0	0	0	0	0	1	0	0	0
A	EF	4	95	1	1	BA1652	40690	4	5	1	1	0	0	0	0	0	0	0
A	EF	4	95	1	1	BA1652	40700	5	4	0	0	0	0	0	0	0	0	0
A	EF	4	95	1	1	BA1652	40726	4	0	0	0	0	0	0	1	0	0	0
A	EF	4	95	1	1	BA1652	40734	4	5	1	1	0	0	0	0	0	0	0
A	EF	4	95	1	1	BA1652	40738	5	0	0	0	0	0	0	1	0	0	0
A	EF	4	95	1	1	BA1652	40741	5	0	0	1	0	0	0	0	0	0	0
A	EF	4	95	1	1	BA1652	40744	5	4	0	0	0	0	0	0	0	0	0
A	EF	4	95	1	1	BA1652	40748	4	0	0	0	0	0	0	1	0	0	0
A	EF	4	95	1	1	BA1652	40799	4	5	1	1	0	0	0	0	0	0	0
A	EF	4	95	1	1	BA1652	40809	5	4	0	0	0	0	0	0	0	0	0
A	EF	4	95	1	1	BA1652	40822	4	0	0	0	0	0	0	1	0	0	0
A	EF	4	95	1	1	BA1652	40901	4	5	1	1	0	0	0	0	0	0	0
A	EF	4	95	1	1	BA1652	40911	5	9	0	0	0	0	0	0	0	0	0
A	EF	4	95	1	1	BA1652	40916	9	0	0	0	0	0	0	1	0	0	0
A	EF	4	95	1	1	BA1652	40920	9	0	0	1	0	0	0	0	0	0	0
A	EF	4	95	1	1	BA1652	40921	9	10	0	0	0	0	0	0	0	0	0
A	EF	4	95	1	1	BA1652	40926	10	0	0	0	0	0	0	1	0	0	0
A	EF	4	95	1	1	BA1652	40996	10	2	0	0	0	0	0	0	0	0	0
A	EF	4	95	1	1	BA1652	40997	2	6	0	0	0	0	0	0	0	0	0
A	EF	4	95	1	1	BA1652	41206	6	0	0	1	0	0	0	0	0	0	0
A	EF	4	95	1	1	BA1652	41211	6	0	0	0	0	0	0	1	0	0	0
A	EF	4	95	1	1	BA1652	41300	6	0	0	1	0	0	0	0	0	0	0
A	EF	4	95	1	1	BA1652	41304	6	0	0	0	0	0	0	1	0	0	0
A	EF	4	95	1	1	BA1652	41305	6	0	0	1	0	0	0	0	0	0	0
A	EF	4	95	1	1	BA1652	41346	6	0	0	0	0	0	0	1	0	0	0
A	EF	4	95	1	1	BA1652	41513	6	8	2	0	1	0	0	0	0	0	0
A	EF	4	95	1	1	BA1652	41523	8	7	0	0	0	0	0	0	1	0	0
A	EF	4	95	1	1	BA1652	41550	7	8	2	0	1	0	0	0	0	0	0
A	EF	4	95	1	1	BA1652	41552	8	0	0	0	0	0	0	0	1	0	0
A	EF	4	95	1	1	BA1652	41560	8	7	0	0	0	0	0	0	0	0	0
A	EF	4	95	1	1	BA1652	41633	7	8	2	0	1	0	0	0	0	0	0
A	EF	4	95	1	1	BA1652	41635	8	0	0	0	0	0	0	0	1	0	0
A	EF	4	95	1	1	BA1652	41643	8	7	0	0	0	0	0	0	0	0	0
A	EF	4	95	1	1	BA1652	41656	7	8	2	0	1	0	0	0	0	0	0
A	EF	4	95	1	1	BA1652	41661	8	0	0	0	0	0	0	0	1	0	0
A	EF	4	95	1	1	BA1652	41666	8	7	0	0	0	0	0	0	0	0	0
A	EF	4	95	1	1	BA1652	41676	7	8	2	0	1	0	0	0	0	0	0
A	EF	4	95	1	1	BA1652	41685	8	0	0	0	0	0	0	0	1	0	0
A	EF	4	95	1	1	BA1652	41686	8	7	0	0	0	0	0	0	0	0	0
A	EF	4	95	1	1	BA1652	41905	7	8	2	0	1	0	0	0	0	0	0
A	EF	4	95	1	1	BA1652	41906	8	0	0	0	0	0	0	0	1	0	0
A	EF	4	95	1	1	BA1652	41915	8	7	0	0	0	0	0	0	0	0	0
A	EF	4	95	1	1	BA1652	41955	7	8	2	0	1	0	0	0	0	0	0
A	EF	4	95	1	1	BA1652	41956	8	0	0	0	0	0	0	0	1	0	0
A	EF	4	95	1	1	BA1652	41958	8	0	0	0	1	0	0	0	0	0	0
A	EF	4	95	1	1	BA1652	41965	8	7	0	0	0	0	0	0	0	0	0
A	EF	4	95	1	1	BA1652	41972	7	0	0	0	0	0	0	0	1	0	0
A	EF	4	95	1	1	BA1652	41974	7	8	2	0	1	0	0	0	0	0	0
A	EF	4	95	1	1	BA1652	41979	8	0	0	0	0	0	0	0	1	0	0
A	EF	4	95	1	1	BA1652	41984	8	7	0	0	1	0	0	0	0	0	0
A	EF	4	95	1	1	BA1652	41988	7	0	0	0	0	0	0	0	1	0	0
A	EF	4	95	1	1	BA1652	42073	7	8	2	0	1	0	0	0	0	0	0
A	EF	4	95	1	1	BA1652	42075	8	0	0	0	0	0	0	0	1	0	0
A	EF	4	95	1	1	BA1652	42083	8	7	0	0	0	0	0	0	0	0	0
A	EF	4	95	1	1	BA1652	42132	7	8	2	0	1	0	0	0	0	0	0
A	EF	4	95	1	1	BA1652	42133	8	0	0	0	0	0	0	0	1	0	0
A	EF	4	95	1	1	BA1652	42134	8	0	0	0	1	0	0	0	0	0	0
A	EF	4	95	1	1	BA1652	42142	8	7	0	0	0	0	0	0	0	0	0
A	EF	4	95	1	1	BA1652	42149	7	0	0	0	0	0	0	0	1	0	0
A	EF	4	95	1	1	BA1652	42150	7	8	2	0	1	0	0	0	0	0	0
A	EF	4	95	1	1	BA1652	42160	8	7	0	0	0	0	0	0	0	0	0
A	EF	4	95	1	1	BA1652	42179	7	0	0	0	0	0	0	0	1	0	0
A	EF	4	95	1	1	BA1652	42180	7	8	2	0	1	0	0	0	0	0	0
A	EF	4	95	1	1	BA1652	42181	8	0	0	0	0	0	0	0	1	0	0
A	EF	4	95	1	1	BA1652	42182	8	0	0	0	1	0	0	0	0	0	0
A	EF	4	95	1	1	BA1652	42188	8	0	0	0	0	0	0	0	1	0	0
A	EF	4	95	1	1	BA1652	42190	8	7	0	0	0	0	0	0	0	0	0
A	EF	4	95	1	1	BA1652	42191	7	8	2	0	1	0	0	0	0	0	0
A	EF	4	95	1	1	BA1652	42196	8	0	0	0	0	0	0	0	1	0	0
A	EF	4	95	1	1	BA1652	42200	8	0	0	0	1	0	0	0	0	0	0
A	EF	4	95	1	1	BA1652	42201	8	7	0	0	0	0	0	0	0	0	0
A	EF	4	95	1	1	BA1652	42210	7	0	0	0	0	0	0	0	1	0	0
A	EF	4	95	1	1	BA1652	42213	7	8	2	0	1	0	0	0	0	0	0
A	EF	4	95	1	1	BA1652	42217	8	0	0	0	0	0	0	0	1	0	0
A	EF	4	95	1	1	BA1652	42221	8	0	0	0	1	0	0	0	0	0	0
A	EF	4	95	1	1	BA1652	42223	8	7	0	0	0	0	0	0	0	0	0
A	EF	4	95	1	1	BA1652	42227	7	0	0	0	0	0	0	0	1	0	0
A	EF	4	95	1	1	BA1652	42268	7	8	2	0	1	0	0	0	0	0	0
A	EF	4	95	1	1	BA1652	42278	8	7	0	0	0	0	0	0	0	0	0
A	EF	4	95	1	1	BA1652	42289	7	0	0	0	0	0	0	0	1	0	0
A	EF	4	95	1	1	BA1652	42308	7	8	2	0	1	0	0	0	0	0	0
A	EF	4	95	1	1	BA1652	42310	8	0	0	0	0	0	0	0	1	0	0
A	EF	4	95	1	1	BA1652	42318	8	7	0	0	0	0	0	0	0	0	0
A	EF	4	95	1	1	BA1652	42383	7	8	2	0	1	0	0	0	0	0	0
A	EF	4	95	1	1	BA1652	42393	8	7	0	0	0	0	0	0	0	0	0
A	EF	4	95	1	1	BA1652	42418	7	0	0	0	0	0	0	0	1	0	0
A	EF	4	95	1	1	BA1652	42423	7	8	2	0	1	0	0	0	0	0	0
A	EF	4	95	1	1	BA1652	42424	8	0	0	0	0	0	0	0	1	0	0
A	EF	4	95	1	1	BA1652	42433	8	7	0	0	0	0	0	0	0	0	0
A	EF	4	95	1	1	BA1652	42489	7	8	2	0	1	0	0	0	0	0	0
A	EF	4	95	1	1	BA1652	42499	8	7	0	0	0	0	0	0	0	0	0
A	EF	4	95	1	1	BA1652	42512	7	0	0	0	0	0	0	0	1	0	0
A	EF	4	95	1	1	BA1652	42517	7	8	2	0	1	0	0	0	0	0	0
A	EF	4	95	1	1	BA1652	42518	8	0	0	0	0	0	0	0	1	0	0
A	EF	4	95	1	1	BA1652	42527	8	9	0	0	0	0	0	0	0	0	0
A	EF	4	95	1	1	BA1652	42537	9	10	0	0	0	0	0	0	0	0	0
A	EF	4	95	1	1	BA1652	42612	10	2	0	0	0	0	0	0	0	0	0
A	EF	4	95	1	1	BA1652	42613	2	6	0	0	0	0	0	0	0	0	0
A	EF	4	95	1	1	BA1652	42821	6	8	2	0	1	0	0	0	0	0	0
A	EF	4	95	1	1	BA1652	42824	8	0	0	0	0	0	0	0	1	0	0
A	EF	4	95	1	1	BA1652	42828	8	0	0	0	1	0	0	0	0	0	0
A	EF	4	95	1	1	BA1652	42831	8	7	0	0	0	0	0	0	0	0	0
A	EF	4	95	1	1	BA1652	42833	7	0	0	0	0	0	0	0	1	0	0
A	EF	4	95	1	1	BA1652	42837	7	8	2	0	1	0	0	0	0	0	0
A	EF	4	95	1	1	BA1652	42843	8	0	0	0	0	0	0	0	1	0	0
A	EF	4	95	1	1	BA1652	42847	8	7	0	0	0	0	0	0	0	0	0
A	EF	4	95	1	1	BA1652	42885	7	8	2	0	1	0	0	0	0	0	0
A	EF	4	95	1	1	BA1652	42893	8	0	0	0	0	0	0	0	1	0	0
A	EF	4	95	1	1	BA1652	42895	8	7	0	0	0	0	0	0	0	0	0
A	EF	4	95	1	1	BA1652	42896	7	8	2	0	1	0	0	0	0	0	0
A	EF	4	95	1	1	BA1652	42899	8	0	0	0	0	0	0	0	1	0	0
A	EF	4	95	1	1	BA1652	42900	8	0	0	0	1	0	0	0	0	0	0
A	EF	4	95	1	1	BA1652	42905	8	0	0	0	0	0	0	0	1	0	0
A	EF	4	95	1	1	BA1652	42906	8	7	0	0	0	0	0	0	0	0	0
A	EF	4	95	1	1	BA1652	42964	7	8	2	0	1	0	0	0	0	0	0
A	EF	4	95	1	1	BA1652	42965	8	0	0	0	0	0	0	0	1	0	0
A	EF	4	95	1	1	BA1652	42967	8	0	0	0	1	0	0	0	0	0	0
A	EF	4	95	1	1	BA1652	42974	8	7	0	0	0	0	0	0	0	0	0
A	EF	4	95	1	1	BA1652	43003	7	0	0	0	0	0	0	0	1	0	0
A	EF	4	95	1	1	BA1652	43021	7	8	2	0	1	0	0	0	0	0	0
A	EF	4	95	1	1	BA1652	43026	8	0	0	0	0	0	0	0	1	0	0
A	EF	4	95	1	1	BA1652	43027	8	0	0	0	1	0	0	0	0	0	0
A	EF	4	95	1	1	BA1652	43031	8	7	0	0	0	0	0	0	0	0	0
A	EF	4	95	1	1	BA1652	43038	7	8	2	0	1	0	0	0	1	0	0
A	EF	4	95	1	1	BA1652	43046	8	0	0	0	0	0	0	0	1	0	0
A	EF	4	95	1	1	BA1652	43048	8	7	0	0	0	0	0	0	0	0	0
A	EF	4	95	1	1	BA1652	43097	7	8	2	0	1	0	0	0	0	0	0
A	EF	4	95	1	1	BA1652	43107	8	7	0	0	0	0	0	0	0	0	0
A	EF	4	95	1	1	BA1652	43121	7	0	0	0	0	0	0	0	1	0	0
A	EF	4	95	1	1	BA1652	43133	7	8	2	0	1	0	0	0	0	0	0
A	EF	4	95	1	1	BA1652	43136	8	0	0	0	0	0	0	0	1	0	0
A	EF	4	95	1	1	BA1652	43138	8	0	0	0	1	0	0	0	0	0	0
A	EF	4	95	1	1	BA1652	43143	8	7	0	0	0	0	0	0	0	0	0
A	EF	4	95	1	1	BA1652	43146	7	0	0	0	0	0	0	0	1	0	0
A	EF	4	95	1	1	BA1652	43209	7	8	2	0	1	0	0	0	0	0	0
A	EF	4	95	1	1	BA1652	43219	8	7	0	0	0	0	0	0	0	0	0
A	EF	4	95	1	1	BA1652	43234	7	0	0	0	0	0	0	0	1	0	0
A	EF	4	95	1	1	BA1652	43322	7	8	2	0	1	0	0	0	0	0	0
A	EF	4	95	1	1	BA1652	43332	8	7	0	0	0	0	0	0	0	0	0
A	EF	4	95	1	1	BA1652	43341	7	0	0	0	0	0	0	0	1	0	0
A	EF	4	95	1	1	BA1652	43343	7	8	2	0	1	0	0	0	0	0	0
A	EF	4	95	1	1	BA1652	43350	8	0	0	0	0	0	0	0	1	0	0
A	EF	4	95	1	1	BA1652	43353	8	7	0	0	0	0	0	0	0	0	0
A	EF	4	95	1	1	BA1652	43413	7	8	2	0	1	0	0	0	0	0	0
A	EF	4	95	1	1	BA1652	43423	8	7	0	0	0	0	0	0	0	0	0
A	EF	4	95	1	1	BA1652	43430	7	8	2	0	1	0	0	0	1	0	0
A	EF	4	95	1	1	BA1652	43440	8	7	0	0	0	0	0	0	0	0	0
A	EF	4	95	1	1	BA1652	43441	7	0	0	0	0	0	0	0	1	0	0
A	EF	4	95	1	1	BA1652	43443	7	8	2	0	1	0	0	0	0	0	0
A	EF	4	95	1	1	BA1652	43445	8	0	0	0	0	0	0	0	1	0	0
A	EF	4	95	1	1	BA1652	43447	8	0	0	0	1	0	0	0	0	0	0
A	EF	4	95	1	1	BA1652	43448	8	0	0	0	0	0	0	0	1	0	0
A	EF	4	95	1	1	BA1652	43451	8	0	0	0	1	0	0	0	0	0	0
A	EF	4	95	1	1	BA1652	43453	8	7	0	0	0	0	0	0	0	0	0
A	EF	4	95	1	1	BA1652	43454	7	0	0	0	0	0	0	0	1	0	0
A	EF	4	95	1	1	BA1652	43468	7	8	2	0	1	0	0	0	0	0	0
A	EF	4	95	1	1	BA1652	43473	8	0	0	0	0	0	0	0	1	0	0
A	EF	4	95	1	1	BA1652	43474	8	0	0	0	1	0	0	0	0	0	0
A	EF	4	95	1	1	BA1652	43478	8	7	0	0	0	0	0	0	0	0	0
A	EF	4	95	1	1	BA1652	43481	7	0	0	0	0	0	0	0	1	0	0
A	EF	4	95	1	1	BA1652	43487	7	8	2	0	1	0	0	0	0	0	0
A	EF	4	95	1	1	BA1652	43493	8	0	0	0	0	0	0	0	1	0	0
A	EF	4	95	1	1	BA1652	43497	8	7	0	0	0	0	0	0	0	0	0
A	EF	4	95	1	1	BA1652	43500	7	8	2	0	1	0	0	0	0	0	0
A	EF	4	95	1	1	BA1652	43505	8	0	0	0	0	0	0	0	1	0	0
A	EF	4	95	1	1	BA1652	43510	8	7	0	0	0	0	0	0	0	0	0
A	EF	4	95	1	1	BA1652	43532	7	8	2	0	1	0	0	0	0	0	0
A	EF	4	95	1	1	BA1652	43542	8	7	0	0	0	0	0	0	0	0	0
A	EF	4	95	1	1	BA1652	43547	7	0	0	0	0	0	0	0	1	0	0
A	EF	4	95	1	1	BA1652	43550	7	8	2	0	1	0	0	0	0	0	0
A	EF	4	95	1	1	BA1652	43552	8	0	0	0	0	0	0	0	1	0	0
A	EF	4	95	1	1	BA1652	43560	8	9	0	0	0	0	0	0	0	0	0
A	EF	4	95	1	1	BA1652	43570	9	10	0	0	0	0	0	0	0	0	0
A	EF	4	95	1	1	BA1652	43645	10	2	0	0	0	0	0	0	0	0	0
A	EF	4	95	1	1	BA1652	43646	2	6	0	0	0	0	0	0	0	0	0
A	EF	4	95	1	1	BA1652	43810	6	8	2	0	1	0	0	0	0	0	0
A	EF	4	95	1	1	BA1652	43812	8	0	0	0	0	0	0	0	1	0	0
A	EF	4	95	1	1	BA1652	43820	8	7	0	0	0	0	0	0	0	0	0
A	EF	4	95	1	1	BA1652	43827	7	8	2	0	1	0	0	0	0	0	0
A	EF	4	95	1	1	BA1652	43829	8	0	0	0	0	0	0	0	1	0	0
A	EF	4	95	1	1	BA1652	43837	8	7	0	0	0	0	0	0	0	0	0
A	EF	4	95	1	1	BA1652	43939	7	8	2	0	1	0	0	0	0	0	0
A	EF	4	95	1	1	BA1652	43940	8	0	0	0	0	0	0	0	1	0	0
A	EF	4	95	1	1	BA1652	43941	8	0	0	0	1	0	0	0	0	0	0
A	EF	4	95	1	1	BA1652	43942	8	0	0	0	0	0	0	0	1	0	0
A	EF	4	95	1	1	BA1652	43943	8	0	0	0	1	0	0	0	0	0	0
A	EF	4	95	1	1	BA1652	43949	8	7	0	0	0	0	0	0	0	0	0
A	EF	4	95	1	1	BA1652	43953	7	0	0	0	0	0	0	0	1	0	0
A	EF	4	95	1	1	BA1652	43999	7	8	2	0	1	0	0	0	0	0	0
A	EF	4	95	1	1	BA1652	44004	8	0	0	0	0	0	0	0	1	0	0
A	EF	4	95	1	1	BA1652	44007	8	0	0	0	1	0	0	0	0	0	0
A	EF	4	95	1	1	BA1652	44009	8	7	0	0	0	0	0	0	0	0	0
A	EF	4	95	1	1	BA1652	44012	7	0	0	0	0	0	0	0	1	0	0
A	EF	4	95	1	1	BA1652	44014	7	8	2	0	1	0	0	0	0	0	0
A	EF	4	95	1	1	BA1652	44018	8	0	0	0	0	0	0	0	1	0	0
A	EF	4	95	1	1	BA1652	44024	8	7	0	0	0	0	0	0	0	0	0
A	EF	4	95	1	1	BA1652	44065	7	8	2	0	1	0	0	0	0	0	0
A	EF	4	95	1	1	BA1652	44075	8	7	0	0	0	0	0	0	1	0	0
A	EF	4	95	1	1	BA1652	44078	7	8	2	0	1	0	0	0	0	0	0
A	EF	4	95	1	1	BA1652	44088	8	7	0	0	0	0	0	0	1	0	0
A	EF	4	95	1	1	BA1652	44148	7	8	2	0	1	0	0	0	0	0	0
A	EF	4	95	1	1	BA1652	44158	8	7	0	0	0	0	0	0	0	0	0
A	EF	4	95	1	1	BA1652	44168	7	0	0	0	0	0	0	0	1	0	0
A	EF	4	95	1	1	BA1652	44170	7	8	2	0	1	0	0	0	0	0	0
A	EF	4	95	1	1	BA1652	44176	8	0	0	0	0	0	0	0	1	0	0
A	EF	4	95	1	1	BA1652	44180	8	7	0	0	0	0	0	0	0	0	0
A	EF	4	95	1	1	BA1652	44182	7	8	2	0	1	0	0	0	0	0	0
A	EF	4	95	1	1	BA1652	44185	8	0	0	0	0	0	0	0	1	0	0
A	EF	4	95	1	1	BA1652	44192	8	7	0	0	0	0	0	0	0	0	0
A	EF	4	95	1	1	BA1652	44249	7	8	2	0	1	0	0	0	0	0	0
A	EF	4	95	1	1	BA1652	44259	8	7	0	0	0	0	0	0	0	0	0
A	EF	4	95	1	1	BA1652	44287	7	0	0	0	0	0	0	0	1	0	0
A	EF	4	95	1	1	BA1652	44332	7	8	2	0	1	0	0	0	0	0	0
A	EF	4	95	1	1	BA1652	44342	8	7	0	0	0	0	0	0	0	0	0
A	EF	4	95	1	1	BA1652	44360	7	0	0	0	0	0	0	0	1	0	0
A	EF	4	95	1	1	BA1652	44362	7	8	2	0	1	0	0	0	0	0	0
A	EF	4	95	1	1	BA1652	44372	8	7	0	0	0	0	0	0	1	0	0
A	EF	4	95	1	1	BA1652	44432	7	8	2	0	1	0	0	0	0	0	0
A	EF	4	95	1	1	BA1652	44442	8	7	0	0	0	0	0	0	0	0	0
A	EF	4	95	1	1	BA1652	44456	7	0	0	0	0	0	0	0	1	0	0
A	EF	4	95	1	1	BA1652	44545	7	8	2	0	1	0	0	0	0	0	0
A	EF	4	95	1	1	BA1652	44555	8	7	0	0	0	0	0	0	0	0	0
A	EF	4	95	1	1	BA1652	44570	7	0	0	0	0	0	0	0	1	0	0
A	EF	4	95	1	1	BA1652	44575	7	8	2	0	1	0	0	0	0	0	0
A	EF	4	95	1	1	BA1652	44577	8	0	0	0	0	0	0	0	1	0	0
A	EF	4	95	1	1	BA1652	44580	8	0	0	0	1	0	0	0	0	0	0
A	EF	4	95	1	1	BA1652	44584	8	0	0	0	0	0	0	0	1	0	0
A	EF	4	95	1	1	BA1652	44585	8	7	0	0	0	0	0	0	0	0	0
A	EF	4	95	1	1	BA1652	44591	7	8	2	0	1	0	0	0	0	0	0
A	EF	4	95	1	1	BA1652	44592	8	0	0	0	0	0	0	0	1	0	0
A	EF	4	95	1	1	BA1652	44601	8	7	0	0	0	0	0	0	0	0	0
A	EF	4	95	1	1	BA1652	44649	7	8	2	0	1	0	0	0	0	0	0
A	EF	4	95	1	1	BA1652	44659	8	7	0	0	0	0	0	0	0	0	0
A	EF	4	95	1	1	BA1652	44663	7	0	0	0	0	0	0	0	1	0	0
A	EF	4	95	1	1	BA1652	44664	7	8	2	0	1	0	0	0	0	0	0
A	EF	4	95	1	1	BA1652	44674	8	7	0	0	0	0	0	0	0	0	0
A	EF	4	95	1	1	BA1652	44717	7	0	0	0	0	0	0	0	1	0	0
A	EF	4	95	1	1	BA1652	44720	7	8	2	0	1	0	0	0	0	0	0
A	EF	4	95	1	1	BA1652	44725	8	0	0	0	0	0	0	0	1	0	0
A	EF	4	95	1	1	BA1652	44730	8	9	0	0	1	0	0	0	0	0	0
A	EF	4	95	1	1	BA1652	44733	9	0	0	0	0	0	0	0	1	0	0
A	EF	4	95	1	1	BA1652	44740	9	10	0	0	0	0	0	0	0	0	0
A	EF	4	95	1	1	BA1652	44815	10	2	0	0	0	0	0	0	0	0	0
A	EF	4	95	1	1	BA1652	44816	2	3	0	0	0	0	0	0	0	0	0
A	EF	4	95	1	1	BA1652	44922	3	5	1	1	0	0	0	0	0	0	0
A	EF	4	95	1	1	BA1652	44930	5	0	0	0	0	0	0	1	0	0	0
A	EF	4	95	1	1	BA1652	44931	5	0	0	1	0	0	0	0	0	0	0
A	EF	4	95	1	1	BA1652	44932	5	4	0	0	0	0	0	0	0	0	0
A	EF	4	95	1	1	BA1652	44946	4	0	0	0	0	0	0	1	0	0	0
A	EF	4	95	1	1	BA1652	44953	4	5	1	1	0	0	0	0	0	0	0
A	EF	4	95	1	1	BA1652	44963	5	4	0	0	0	0	0	0	0	0	0
A	EF	4	95	1	1	BA1652	44965	4	0	0	0	0	0	0	1	0	0	0
A	EF	4	95	1	1	BA1652	45004	4	5	1	1	0	0	0	0	0	0	0
A	EF	4	95	1	1	BA1652	45012	5	0	0	0	0	0	0	1	0	0	0
A	EF	4	95	1	1	BA1652	45013	5	0	0	1	0	0	0	0	0	0	0
A	EF	4	95	1	1	BA1652	45014	5	4	0	0	0	0	0	0	0	0	0
A	EF	4	95	1	1	BA1652	45015	4	0	0	0	0	0	0	1	0	0	0
A	EF	4	95	1	1	BA1652	45018	4	5	1	1	0	0	0	0	0	0	0
A	EF	4	95	1	1	BA1652	45028	5	4	0	0	0	0	0	0	0	0	0
A	EF	4	95	1	1	BA1652	45040	4	0	0	0	0	0	0	1	0	0	0
A	EF	4	95	1	1	BA1652	45043	4	5	1	1	0	0	0	0	0	0	0
A	EF	4	95	1	1	BA1652	45053	5	9	0	0	0	0	0	0	0	0	0
A	EF	4	95	1	1	BA1652	45059	9	0	0	0	0	0	0	1	0	0	0
A	EF	4	95	1	1	BA1652	45063	9	10	0	0	0	0	0	0	0	0	0
A	EF	4	95	1	1	BA1652	45138	10	2	0	0	0	0	0	0	0	0	0
A	EF	4	95	1	1	BA1652	45139	2	3	0	0	0	0	0	0	0	0	0
A	EF	4	95	1	1	BA1652	45212	3	5	1	1	0	0	0	0	0	0	0
A	EF	4	95	1	1	BA1652	45222	5	4	0	0	0	0	0	0	0	0	0
A	EF	4	95	1	1	BA1652	45230	4	0	0	0	0	0	0	1	0	0	0
A	EF	4	95	1	1	BA1652	45232	4	5	1	1	0	0	0	0	0	0	0
A	EF	4	95	1	1	BA1652	45239	5	0	0	0	0	0	0	1	0	0	0
A	EF	4	95	1	1	BA1652	45242	5	4	0	0	0	0	0	0	0	0	0
A	EF	4	95	1	1	BA1652	45243	4	5	1	1	0	0	0	0	0	0	0
A	EF	4	95	1	1	BA1652	45247	5	0	0	0	0	0	0	1	0	0	0
A	EF	4	95	1	1	BA1652	45249	5	0	0	1	0	0	0	0	0	0	0
A	EF	4	95	1	1	BA1652	45253	5	4	0	0	0	0	0	0	0	0	0
A	EF	4	95	1	1	BA1652	45266	4	0	0	0	0	0	0	1	0	0	0
A	EF	4	95	1	1	BA1652	45336	4	5	1	1	0	0	0	0	0	0	0
A	EF	4	95	1	1	BA1652	45346	5	4	0	0	0	0	0	0	0	0	0
A	EF	4	95	1	1	BA1652	45353	4	0	0	0	0	0	0	1	0	0	0
A	EF	4	95	1	1	BA1652	45425	4	5	1	1	0	0	0	0	0	0	0
A	EF	4	95	1	1	BA1652	45430	5	0	0	0	0	0	0	1	0	0	0
A	EF	4	95	1	1	BA1652	45435	5	9	0	0	0	0	0	0	0	0	0
A	EF	4	95	1	1	BA1652	45445	9	10	0	0	0	0	0	0	0	0	0
A	EF	4	95	1	1	BA1652	45520	10	2	0	0	0	0	0	0	0	0	0
A	EF	4	95	1	1	BA1652	45521	2	3	0	0	0	0	0	0	0	0	0
A	EF	4	95	1	1	BA1652	45692	3	5	1	1	0	0	0	0	0	0	0
A	EF	4	95	1	1	BA1652	45702	5	4	0	0	0	0	0	0	0	0	0
A	EF	4	95	1	1	BA1652	45743	4	0	0	0	0	0	0	1	0	0	0
A	EF	4	95	1	1	BA1652	45744	4	5	1	1	0	0	0	0	0	0	0
A	EF	4	95	1	1	BA1652	45754	5	4	0	0	0	0	0	0	0	0	0
A	EF	4	95	1	1	BA1652	45763	4	0	0	0	0	0	0	1	0	0	0
A	EF	4	95	1	1	BA1652	45769	4	5	1	1	0	0	0	0	0	0	0
A	EF	4	95	1	1	BA1652	45779	5	4	0	0	0	0	0	0	0	0	0
A	EF	4	95	1	1	BA1652	45791	4	0	0	0	0	0	0	1	0	0	0
A	EF	4	95	1	1	BA1652	45795	4	5	1	1	0	0	0	0	0	0	0
A	EF	4	95	1	1	BA1652	45797	5	0	0	0	0	0	0	1	0	0	0
A	EF	4	95	1	1	BA1652	45799	5	0	0	1	0	0	0	0	0	0	0
A	EF	4	95	1	1	BA1652	45805	5	4	0	0	0	0	0	0	0	0	0
A	EF	4	95	1	1	BA1652	45822	4	0	0	0	0	0	0	1	0	0	0
A	EF	4	95	1	1	BA1652	45823	4	5	1	1	0	0	0	0	0	0	0
A	EF	4	95	1	1	BA1652	45832	5	0	0	0	0	0	0	1	0	0	0
A	EF	4	95	1	1	BA1652	45833	5	9	0	0	0	0	0	0	0	0	0
A	EF	4	95	1	1	BA1652	45843	9	10	0	0	0	0	0	0	0	0	0
A	EF	4	95	1	1	BA1652	45918	10	2	0	0	0	0	0	0	0	0	0
A	EF	4	95	1	1	BA1652	45919	2	6	0	0	0	0	0	0	0	0	0
A	EF	4	95	1	1	BA1652	46157	6	0	0	1	0	0	0	0	0	0	0
A	EF	4	95	1	1	BA1652	46171	6	0	0	0	0	0	0	1	0	0	0
A	EF	4	95	1	1	BA1652	46172	6	0	0	1	0	0	0	0	0	0	0
A	EF	4	95	1	1	BA1652	46191	6	0	0	0	0	0	0	1	0	0	0
A	EF	4	95	1	1	BA1652	46440	6	8	2	0	1	0	0	0	0	0	0
A	EF	4	95	1	1	BA1652	46450	8	7	0	0	0	0	0	0	0	0	0
A	EF	4	95	1	1	BA1652	46453	7	0	0	0	0	0	0	0	1	0	0
A	EF	4	95	1	1	BA1652	46470	7	8	2	0	1	0	0	0	0	0	0
A	EF	4	95	1	1	BA1652	46480	8	7	0	0	0	0	0	0	0	0	0
A	EF	4	95	1	1	BA1652	46481	7	0	0	0	0	0	0	0	1	0	0
A	EF	4	95	1	1	BA1652	46636	7	8	2	0	1	0	0	0	0	0	0
A	EF	4	95	1	1	BA1652	46637	8	0	0	0	0	0	0	0	1	0	0
A	EF	4	95	1	1	BA1652	46646	8	7	0	0	0	0	0	0	0	0	0
A	EF	4	95	1	1	BA1652	46683	7	8	2	0	1	0	0	0	0	0	0
A	EF	4	95	1	1	BA1652	46690	8	0	0	0	0	0	0	0	1	0	0
A	EF	4	95	1	1	BA1652	46693	8	7	0	0	1	0	0	0	0	0	0
A	EF	4	95	1	1	BA1652	46698	7	0	0	0	0	0	0	0	1	0	0
A	EF	4	95	1	1	BA1652	46765	7	8	2	0	1	0	0	0	0	0	0
A	EF	4	95	1	1	BA1652	46775	8	7	0	0	0	0	0	0	0	0	0
A	EF	4	95	1	1	BA1652	46780	7	0	0	0	0	0	0	0	1	0	0
A	EF	4	95	1	1	BA1652	46781	7	8	2	0	1	0	0	0	0	0	0
A	EF	4	95	1	1	BA1652	46783	8	0	0	0	0	0	0	0	1	0	0
A	EF	4	95	1	1	BA1652	46791	8	7	0	0	0	0	0	0	0	0	0
A	EF	4	95	1	1	BA1652	46839	7	8	2	0	1	0	0	0	0	0	0
A	EF	4	95	1	1	BA1652	46849	8	7	0	0	0	0	0	0	0	0	0
A	EF	4	95	1	1	BA1652	46854	7	0	0	0	0	0	0	0	1	0	0
A	EF	4	95	1	1	BA1652	46855	7	8	2	0	1	0	0	0	0	0	0
A	EF	4	95	1	1	BA1652	46860	8	0	0	0	0	0	0	0	1	0	0
A	EF	4	95	1	1	BA1652	46865	8	7	0	0	0	0	0	0	0	0	0
A	EF	4	95	1	1	BA1652	46968	7	8	2	0	1	0	0	0	0	0	0
A	EF	4	95	1	1	BA1652	46978	8	7	0	0	0	0	0	0	0	0	0
A	EF	4	95	1	1	BA1652	46980	7	0	0	0	0	0	0	0	1	0	0
A	EF	4	95	1	1	BA1652	47056	7	8	2	0	1	0	0	0	0	0	0
A	EF	4	95	1	1	BA1652	47066	8	7	0	0	0	0	0	0	0	0	0
A	EF	4	95	1	1	BA1652	47072	7	0	0	0	0	0	0	0	1	0	0
A	EF	4	95	1	1	BA1652	47074	7	8	2	0	1	0	0	0	0	0	0
A	EF	4	95	1	1	BA1652	47076	8	0	0	0	0	0	0	0	1	0	0
A	EF	4	95	1	1	BA1652	47084	8	7	0	0	0	0	0	0	0	0	0
A	EF	4	95	1	1	BA1652	47089	7	8	2	0	1	0	0	0	0	0	0
A	EF	4	95	1	1	BA1652	47094	8	0	0	0	0	0	0	0	1	0	0
A	EF	4	95	1	1	BA1652	47099	8	7	0	0	0	0	0	0	0	0	0
A	EF	4	95	1	1	BA1652	47189	7	8	2	0	1	0	0	0	0	0	0
A	EF	4	95	1	1	BA1652	47199	8	7	0	0	0	0	0	0	0	0	0
A	EF	4	95	1	1	BA1652	47200	7	0	0	0	0	0	0	0	1	0	0
A	EF	4	95	1	1	BA1652	47391	7	8	2	0	1	0	0	0	0	0	0
A	EF	4	95	1	1	BA1652	47401	8	7	0	0	0	0	0	0	0	0	0
A	EF	4	95	1	1	BA1652	47411	7	8	2	0	1	0	0	0	1	0	0
A	EF	4	95	1	1	BA1652	47416	8	0	0	0	0	0	0	0	1	0	0
A	EF	4	95	1	1	BA1652	47421	8	7	0	0	1	0	0	0	0	0	0
A	EF	4	95	1	1	BA1652	47423	7	0	0	0	0	0	0	0	1	0	0
A	EF	4	95	1	1	BA1652	47477	7	8	2	0	1	0	0	0	0	0	0
A	EF	4	95	1	1	BA1652	47487	8	7	0	0	0	0	0	0	0	0	0
A	EF	4	95	1	1	BA1652	47506	7	0	0	0	0	0	0	0	1	0	0
A	EF	4	95	1	1	BA1652	47510	7	8	2	0	1	0	0	0	0	0	0
A	EF	4	95	1	1	BA1652	47518	8	0	0	0	0	0	0	0	1	0	0
A	EF	4	95	1	1	BA1652	47520	8	7	0	0	0	0	0	0	0	0	0
A	EF	4	95	1	1	BA1652	47555	7	8	2	0	1	0	0	0	0	0	0
A	EF	4	95	1	1	BA1652	47565	8	7	0	0	0	0	0	0	1	0	0
A	EF	4	95	1	1	BA1652	47575	7	8	2	0	1	0	0	0	0	0	0
A	EF	4	95	1	1	BA1652	47576	8	0	0	0	0	0	0	0	1	0	0
A	EF	4	95	1	1	BA1652	47585	8	7	0	0	0	0	0	0	0	0	0
A	EF	4	95	1	1	BA1652	47647	7	8	2	0	1	0	0	0	0	0	0
A	EF	4	95	1	1	BA1652	47649	8	0	0	0	0	0	0	0	1	0	0
A	EF	4	95	1	1	BA1652	47651	8	0	0	0	1	0	0	0	0	0	0
A	EF	4	95	1	1	BA1652	47657	8	9	0	0	0	0	0	0	0	0	0
A	EF	4	95	1	1	BA1652	47667	9	10	0	0	0	0	0	0	0	0	0
A	EF	4	95	1	1	BA1652	47669	10	0	0	0	0	0	0	0	1	0	0
A	EF	4	95	1	1	BA1652	47742	10	2	0	0	0	0	0	0	0	0	0
A	EF	4	95	1	1	BA1652	47743	2	3	0	0	0	0	0	0	0	0	0
A	EF	4	95	1	1	BA1652	47805	3	5	1	1	0	0	0	0	0	0	0
A	EF	4	95	1	1	BA1652	47811	5	0	0	0	0	0	0	1	0	0	0
A	EF	4	95	1	1	BA1652	47815	5	4	0	0	0	0	0	0	0	0	0
A	EF	4	95	1	1	BA1652	47821	4	5	1	1	0	0	0	0	0	0	0
A	EF	4	95	1	1	BA1652	47831	5	4	0	0	0	0	0	0	0	0	0
A	EF	4	95	1	1	BA1652	47837	4	0	0	0	0	0	0	1	0	0	0
A	EF	4	95	1	1	BA1652	47867	4	5	1	1	0	0	0	0	0	0	0
A	EF	4	95	1	1	BA1652	47874	5	0	0	0	0	0	0	1	0	0	0
A	EF	4	95	1	1	BA1652	47877	5	4	0	1	0	0	0	0	0	0	0
A	EF	4	95	1	1	BA1652	47885	4	0	0	0	0	0	0	1	0	0	0
A	EF	4	95	1	1	BA1652	47890	4	5	1	1	0	0	0	0	0	0	0
A	EF	4	95	1	1	BA1652	47900	5	4	0	0	0	0	0	0	0	0	0
A	EF	4	95	1	1	BA1652	47940	4	0	0	0	0	0	0	1	0	0	0
A	EF	4	95	1	1	BA1652	47945	4	5	1	1	0	0	0	0	0	0	0
A	EF	4	95	1	1	BA1652	47946	5	0	0	0	0	0	0	1	0	0	0
A	EF	4	95	1	1	BA1652	47955	5	9	0	0	0	0	0	0	0	0	0
A	EF	4	95	1	1	BA1652	47965	9	10	0	0	0	0	0	0	0	0	0
A	EF	4	95	1	1	BA1652	48040	10	2	0	0	0	0	0	0	0	0	0
A	EF	4	95	1	1	BA1652	48041	2	6	0	0	0	0	0	0	0	0	0
A	EF	4	95	1	1	BA1652	48411	6	8	2	0	1	0	0	0	0	0	0
A	EF	4	95	1	1	BA1652	48413	8	0	0	0	0	0	0	0	1	0	0
A	EF	4	95	1	1	BA1652	48421	8	7	0	0	0	0	0	0	0	0	0
A	EF	4	95	1	1	BA1652	48456	7	8	2	0	1	0	0	0	0	0	0
A	EF	4	95	1	1	BA1652	48466	8	7	0	0	0	0	0	0	0	0	0
A	EF	4	95	1	1	BA1652	48470	7	0	0	0	0	0	0	0	1	0	0
A	EF	4	95	1	1	BA1652	48481	7	8	2	0	1	0	0	0	0	0	0
A	EF	4	95	1	1	BA1652	48486	8	0	0	0	0	0	0	0	1	0	0
A	EF	4	95	1	1	BA1652	48491	8	7	0	0	0	0	0	0	0	0	0
A	EF	4	95	1	1	BA1652	48520	7	8	2	0	1	0	0	0	0	0	0
A	EF	4	95	1	1	BA1652	48524	8	0	0	0	0	0	0	0	1	0	0
A	EF	4	95	1	1	BA1652	48530	8	7	0	0	0	0	0	0	0	0	0
A	EF	4	95	1	1	BA1652	48764	7	8	2	0	1	0	0	0	0	0	0
A	EF	4	95	1	1	BA1652	48772	8	0	0	0	0	0	0	0	1	0	0
A	EF	4	95	1	1	BA1652	48773	8	0	0	0	1	0	0	0	0	0	0
A	EF	4	95	1	1	BA1652	48774	8	7	0	0	0	0	0	0	0	0	0
A	EF	4	95	1	1	BA1652	48777	7	0	0	0	0	0	0	0	1	0	0
A	EF	4	95	1	1	BA1652	48808	7	8	2	0	1	0	0	0	0	0	0
A	EF	4	95	1	1	BA1652	48818	8	7	0	0	0	0	0	0	0	0	0
A	EF	4	95	1	1	BA1652	48827	7	0	0	0	0	0	0	0	1	0	0
A	EF	4	95	1	1	BA1652	48944	7	8	2	0	1	0	0	0	0	0	0
A	EF	4	95	1	1	BA1652	48954	8	7	0	0	0	0	0	0	0	0	0
A	EF	4	95	1	1	BA1652	48960	7	0	0	0	0	0	0	0	1	0	0
A	EF	4	95	1	1	BA1652	48961	7	8	2	0	1	0	0	0	0	0	0
A	EF	4	95	1	1	BA1652	48966	8	0	0	0	0	0	0	0	1	0	0
A	EF	4	95	1	1	BA1652	48971	8	7	0	0	0	0	0	0	0	0	0
A	EF	4	95	1	1	BA1652	48982	7	8	2	0	1	0	0	0	0	0	0
A	EF	4	95	1	1	BA1652	48990	8	0	0	0	0	0	0	0	1	0	0
A	EF	4	95	1	1	BA1652	48992	8	7	0	0	0	0	0	0	0	0	0
A	EF	4	95	1	1	BA1652	49023	7	8	2	0	1	0	0	0	0	0	0
A	EF	4	95	1	1	BA1652	49033	8	7	0	0	0	0	0	0	0	0	0
A	EF	4	95	1	1	BA1652	49049	7	0	0	0	0	0	0	0	1	0	0
A	EF	4	95	1	1	BA1652	49051	7	8	2	0	1	0	0	0	0	0	0
A	EF	4	95	1	1	BA1652	49058	8	0	0	0	0	0	0	0	1	0	0
A	EF	4	95	1	1	BA1652	49061	8	7	0	0	0	0	0	0	0	0	0
A	EF	4	95	1	1	BA1652	49132	7	8	2	0	1	0	0	0	0	0	0
A	EF	4	95	1	1	BA1652	49142	8	7	0	0	0	0	0	0	0	0	0
A	EF	4	95	1	1	BA1652	49168	7	0	0	0	0	0	0	0	1	0	0
A	EF	4	95	1	1	BA1652	49188	7	8	2	0	1	0	0	0	0	0	0
A	EF	4	95	1	1	BA1652	49198	8	7	0	0	0	0	0	0	0	0	0
A	EF	4	95	1	1	BA1652	49202	7	0	0	0	0	0	0	0	1	0	0
A	EF	4	95	1	1	BA1652	49203	7	8	2	0	1	0	0	0	0	0	0
A	EF	4	95	1	1	BA1652	49208	8	0	0	0	0	0	0	0	1	0	0
A	EF	4	95	1	1	BA1652	49213	8	7	0	0	0	0	0	0	0	0	0
A	EF	4	95	1	1	BA1652	49214	7	8	2	0	1	0	0	0	0	0	0
A	EF	4	95	1	1	BA1652	49216	8	0	0	0	0	0	0	0	1	0	0
A	EF	4	95	1	1	BA1652	49224	8	7	0	0	0	0	0	0	0	0	0
A	EF	4	95	1	1	BA1652	49300	7	8	2	0	1	0	0	0	0	0	0
A	EF	4	95	1	1	BA1652	49310	8	7	0	0	0	0	0	0	0	0	0
A	EF	4	95	1	1	BA1652	49342	7	0	0	0	0	0	0	0	1	0	0
A	EF	4	95	1	1	BA1652	49343	7	8	2	0	1	0	0	0	0	0	0
A	EF	4	95	1	1	BA1652	49348	8	0	0	0	0	0	0	0	1	0	0
A	EF	4	95	1	1	BA1652	49353	8	7	0	0	1	0	0	0	0	0	0
A	EF	4	95	1	1	BA1652	49357	7	0	0	0	0	0	0	0	1	0	0
A	EF	4	95	1	1	BA1652	49411	7	8	2	0	1	0	0	0	0	0	0
A	EF	4	95	1	1	BA1652	49421	8	7	0	0	0	0	0	0	0	0	0
A	EF	4	95	1	1	BA1652	49432	7	0	0	0	0	0	0	0	1	0	0
A	EF	4	95	1	1	BA1652	49436	7	8	2	0	1	0	0	0	0	0	0
A	EF	4	95	1	1	BA1652	49446	8	7	0	0	0	0	0	0	0	0	0
A	EF	4	95	1	1	BA1652	49447	7	0	0	0	0	0	0	0	1	0	0
A	EF	4	95	1	1	BA1652	49448	7	8	2	0	1	0	0	0	0	0	0
A	EF	4	95	1	1	BA1652	49455	8	0	0	0	0	0	0	0	1	0	0
A	EF	4	95	1	1	BA1652	49456	8	0	0	0	1	0	0	0	0	0	0
A	EF	4	95	1	1	BA1652	49458	8	9	0	0	0	0	0	0	0	0	0
A	EF	4	95	1	1	BA1652	49459	9	0	0	0	0	0	0	0	1	0	0
A	EF	4	95	1	1	BA1652	49460	9	0	0	0	1	0	0	0	0	0	0
A	EF	4	95	1	1	BA1652	49461	9	0	0	0	0	0	0	0	1	0	0
A	EF	4	95	1	1	BA1652	49462	9	0	0	0	1	0	0	0	0	0	0
A	EF	4	95	1	1	BA1652	49467	9	0	0	0	0	0	0	0	1	0	0
A	EF	4	95	1	1	BA1652	49468	9	10	0	0	0	0	0	0	0	0	0
A	EF	4	95	1	1	BA1652	49543	10	2	0	0	0	0	0	0	0	0	0
A	EF	4	95	1	1	BA1652	49544	2	3	0	0	0	0	0	0	0	0	0
A	EF	4	95	1	1	BA1652	49703	3	5	1	1	0	0	0	0	0	0	0
A	EF	4	95	1	1	BA1652	49711	5	0	0	0	0	0	0	1	0	0	0
A	EF	4	95	1	1	BA1652	49713	5	4	0	0	0	0	0	0	0	0	0
A	EF	4	95	1	1	BA1652	49716	4	5	1	1	0	0	0	0	0	0	0
A	EF	4	95	1	1	BA1652	49726	5	4	0	0	0	0	0	0	0	0	0
A	EF	4	95	1	1	BA1652	49740	4	0	0	0	0	0	0	1	0	0	0
A	EF	4	95	1	1	BA1652	49742	4	5	1	1	0	0	0	0	0	0	0
A	EF	4	95	1	1	BA1652	49751	5	0	0	0	0	0	0	1	0	0	0
A	EF	4	95	1	1	BA1652	49752	5	4	0	0	0	0	0	0	0	0	0
A	EF	4	95	1	1	BA1652	49859	4	5	1	1	0	0	0	0	0	0	0
A	EF	4	95	1	1	BA1652	49869	5	4	0	0	0	0	0	0	0	0	0
A	EF	4	95	1	1	BA1652	49872	4	0	0	0	0	0	0	1	0	0	0
A	EF	4	95	1	1	BA1652	49917	4	5	1	1	0	0	0	0	0	0	0
A	EF	4	95	1	1	BA1652	49927	5	9	0	0	0	0	0	0	0	0	0
A	EF	4	95	1	1	BA1652	49936	9	0	0	0	0	0	0	1	0	0	0
A	EF	4	95	1	1	BA1652	49937	9	10	0	0	0	0	0	0	0	0	0
A	EF	4	95	1	1	BA1652	50012	10	2	0	0	0	0	0	0	0	0	0
A	EF	4	95	1	1	BA1652	50013	2	3	0	0	0	0	0	0	0	0	0
A	EF	4	95	1	1	BA1652	50199	3	5	1	1	0	0	0	0	0	0	0
A	EF	4	95	1	1	BA1652	50209	5	4	0	0	0	0	0	0	0	0	0
A	EF	4	95	1	1	BA1652	50229	4	0	0	0	0	0	0	1	0	0	0
A	EF	4	95	1	1	BA1652	50231	4	5	1	1	0	0	0	0	0	0	0
A	EF	4	95	1	1	BA1652	50241	5	4	0	0	0	0	0	0	0	0	0
A	EF	4	95	1	1	BA1652	50257	4	0	0	0	0	0	0	1	0	0	0
A	EF	4	95	1	1	BA1652	50259	4	5	1	1	0	0	0	0	0	0	0
A	EF	4	95	1	1	BA1652	50269	5	4	0	0	0	0	0	0	0	0	0
A	EF	4	95	1	1	BA1652	50287	4	0	0	0	0	0	0	1	0	0	0
A	EF	4	95	1	1	BA1652	50288	4	5	1	1	0	0	0	0	0	0	0
A	EF	4	95	1	1	BA1652	50296	5	0	0	0	0	0	0	1	0	0	0
A	EF	4	95	1	1	BA1652	50298	5	4	0	0	0	0	0	0	0	0	0
A	EF	4	95	1	1	BA1652	50359	4	5	1	1	0	0	0	0	0	0	0
A	EF	4	95	1	1	BA1652	50368	5	0	0	0	0	0	0	1	0	0	0
A	EF	4	95	1	1	BA1652	50369	5	9	0	0	0	0	0	0	0	0	0
A	EF	4	95	1	1	BA1652	50370	9	0	0	1	0	0	0	0	0	0	0
A	EF	4	95	1	1	BA1652	50379	9	-1	0	0	0	0	0	1	0	0	0
