Project	UserID	Protocol	Session	Station	Run	Subject	Time	Current State	Transition State	Transition Event	A1 - LEFT	A2 - RIGHT	A3 - 	A4 - 	A[1] LEFT	A[2] RIGHT	A[3] 	A[4] 
A	AB	3	71	1	1	BA1650	0	0	1	0	0	0	0	0	0	0	0	0
A	AB	3	71	1	1	BA1650	50	1	2	0	0	0	0	0	0	0	0	0
A	AB	3	71	1	1	BA1650	51	2	3	0	0	0	0	0	0	0	0	0
A	AB	3	71	1	1	BA1650	188	3	5	1	1	0	0	0	0	0	0	0
A	AB	3	71	1	1	BA1650	198	5	4	0	0	0	0	0	0	0	0	0
A	AB	3	71	1	1	BA1650	201	4	0	0	0	0	0	0	1	0	0	0
A	AB	3	71	1	1	BA1650	205	4	5	1	1	0	0	0	0	0	0	0
A	AB	3	71	1	1	BA1650	215	5	4	0	0	0	0	0	0	0	0	0
A	AB	3	71	1	1	BA1650	217	4	0	0	0	0	0	0	1	0	0	0
A	AB	3	71	1	1	BA1650	237	4	5	1	1	0	0	0	0	0	0	0
A	AB	3	71	1	1	BA1650	247	5	4	0	0	0	0	0	1	0	0	0
A	AB	3	71	1	1	BA1650	251	4	5	1	1	0	0	0	0	0	0	0
A	AB	3	71	1	1	BA1650	254	5	0	0	0	0	0	0	1	0	0	0
A	AB	3	71	1	1	BA1650	261	5	4	0	0	0	0	0	0	0	0	0
A	AB	3	71	1	1	BA1650	262	4	5	1	1	0	0	0	0	0	0	0
A	AB	3	71	1	1	BA1650	272	5	9	0	0	0	0	0	0	0	0	0
A	AB	3	71	1	1	BA1650	282	9	10	0	0	0	0	0	0	0	0	0
A	AB	3	71	1	1	BA1650	284	10	0	0	0	0	0	0	1	0	0	0
A	AB	3	71	1	1	BA1650	357	10	2	0	0	0	0	0	0	0	0	0
A	AB	3	71	1	1	BA1650	358	2	6	0	0	0	0	0	0	0	0	0
A	AB	3	71	1	1	BA1650	379	6	0	0	1	0	0	0	0	0	0	0
A	AB	3	71	1	1	BA1650	381	6	0	0	0	0	0	0	1	0	0	0
A	AB	3	71	1	1	BA1650	382	6	0	0	1	0	0	0	0	0	0	0
A	AB	3	71	1	1	BA1650	401	6	0	0	0	0	0	0	1	0	0	0
A	AB	3	71	1	1	BA1650	436	6	8	2	0	1	0	0	0	0	0	0
A	AB	3	71	1	1	BA1650	444	8	0	0	0	0	0	0	0	1	0	0
A	AB	3	71	1	1	BA1650	446	8	7	0	0	0	0	0	0	0	0	0
A	AB	3	71	1	1	BA1650	448	7	8	2	0	1	0	0	0	0	0	0
A	AB	3	71	1	1	BA1650	452	8	0	0	0	0	0	0	0	1	0	0
A	AB	3	71	1	1	BA1650	457	8	0	0	0	1	0	0	0	0	0	0
A	AB	3	71	1	1	BA1650	458	8	7	0	0	0	0	0	0	0	0	0
A	AB	3	71	1	1	BA1650	471	7	0	0	0	0	0	0	0	1	0	0
A	AB	3	71	1	1	BA1650	477	7	8	2	0	1	0	0	0	0	0	0
A	AB	3	71	1	1	BA1650	484	8	0	0	0	0	0	0	0	1	0	0
A	AB	3	71	1	1	BA1650	487	8	7	0	0	0	0	0	0	0	0	0
A	AB	3	71	1	1	BA1650	488	7	8	2	0	1	0	0	0	0	0	0
A	AB	3	71	1	1	BA1650	498	8	7	0	0	0	0	0	0	0	0	0
A	AB	3	71	1	1	BA1650	505	7	0	0	0	0	0	0	0	1	0	0
A	AB	3	71	1	1	BA1650	510	7	8	2	0	1	0	0	0	0	0	0
A	AB	3	71	1	1	BA1650	514	8	0	0	0	0	0	0	0	1	0	0
A	AB	3	71	1	1	BA1650	520	8	9	0	0	0	0	0	0	0	0	0
A	AB	3	71	1	1	BA1650	530	9	10	0	0	0	0	0	0	0	0	0
A	AB	3	71	1	1	BA1650	537	10	0	0	0	1	0	0	0	0	0	0
A	AB	3	71	1	1	BA1650	542	10	0	0	0	0	0	0	0	1	0	0
A	AB	3	71	1	1	BA1650	605	10	2	0	0	0	0	0	0	0	0	0
A	AB	3	71	1	1	BA1650	606	2	6	0	0	0	0	0	0	0	0	0
A	AB	3	71	1	1	BA1650	620	6	8	2	0	1	0	0	0	0	0	0
A	AB	3	71	1	1	BA1650	628	8	0	0	0	0	0	0	0	1	0	0
A	AB	3	71	1	1	BA1650	630	8	7	0	0	0	0	0	0	0	0	0
A	AB	3	71	1	1	BA1650	631	7	8	2	0	1	0	0	0	0	0	0
A	AB	3	71	1	1	BA1650	641	8	7	0	0	0	0	0	0	0	0	0
A	AB	3	71	1	1	BA1650	643	7	0	0	0	0	0	0	0	1	0	0
A	AB	3	71	1	1	BA1650	655	7	8	2	0	1	0	0	0	0	0	0
A	AB	3	71	1	1	BA1650	665	8	7	0	0	0	0	0	0	0	0	0
A	AB	3	71	1	1	BA1650	667	7	0	0	0	0	0	0	0	1	0	0
A	AB	3	71	1	1	BA1650	672	7	8	2	0	1	0	0	0	0	0	0
A	AB	3	71	1	1	BA1650	680	8	0	0	0	0	0	0	0	1	0	0
A	AB	3	71	1	1	BA1650	682	8	7	0	0	0	0	0	0	0	0	0
A	AB	3	71	1	1	BA1650	684	7	8	2	0	1	0	0	0	0	0	0
A	AB	3	71	1	1	BA1650	687	8	0	0	0	0	0	0	0	1	0	0
A	AB	3	71	1	1	BA1650	694	8	9	0	0	0	0	0	0	0	0	0
A	AB	3	71	1	1	BA1650	704	9	10	0	0	0	0	0	0	0	0	0
A	AB	3	71	1	1	BA1650	711	10	0	0	0	1	0	0	0	0	0	0
A	AB	3	71	1	1	BA1650	715	10	0	0	0	0	0	0	0	1	0	0
A	AB	3	71	1	1	BA1650	718	10	0	0	0	1	0	0	0	0	0	0
A	AB	3	71	1	1	BA1650	736	10	0	0	0	0	0	0	0	1	0	0
A	AB	3	71	1	1	BA1650	741	10	0	0	0	1	0	0	0	0	0	0
A	AB	3	71	1	1	BA1650	755	10	0	0	0	0	0	0	0	1	0	0
A	AB	3	71	1	1	BA1650	760	10	0	0	0	1	0	0	0	0	0	0
A	AB	3	71	1	1	BA1650	779	10	2	0	0	0	0	0	0	0	0	0
A	AB	3	71	1	1	BA1650	780	2	6	0	0	0	0	0	0	0	0	0
A	AB	3	71	1	1	BA1650	792	6	0	0	0	0	0	0	0	1	0	0
A	AB	3	71	1	1	BA1650	925	6	8	2	0	1	0	0	0	0	0	0
A	AB	3	71	1	1	BA1650	935	8	7	0	0	0	0	0	0	0	0	0
A	AB	3	71	1	1	BA1650	938	7	0	0	0	0	0	0	0	1	0	0
A	AB	3	71	1	1	BA1650	942	7	8	2	0	1	0	0	0	0	0	0
A	AB	3	71	1	1	BA1650	949	8	0	0	0	0	0	0	0	1	0	0
A	AB	3	71	1	1	BA1650	952	8	7	0	0	0	0	0	0	0	0	0
A	AB	3	71	1	1	BA1650	960	7	8	2	0	1	0	0	0	0	0	0
A	AB	3	71	1	1	BA1650	967	8	0	0	0	0	0	0	0	1	0	0
A	AB	3	71	1	1	BA1650	970	8	7	0	0	1	0	0	0	0	0	0
A	AB	3	71	1	1	BA1650	989	7	0	0	0	0	0	0	0	1	0	0
A	AB	3	71	1	1	BA1650	1008	7	8	2	0	1	0	0	0	0	0	0
A	AB	3	71	1	1	BA1650	1013	8	0	0	0	0	0	0	0	1	0	0
A	AB	3	71	1	1	BA1650	1016	8	0	0	0	1	0	0	0	0	0	0
A	AB	3	71	1	1	BA1650	1018	8	7	0	0	0	0	0	0	0	0	0
A	AB	3	71	1	1	BA1650	1033	7	0	0	0	0	0	0	0	1	0	0
A	AB	3	71	1	1	BA1650	1037	7	8	2	0	1	0	0	0	0	0	0
A	AB	3	71	1	1	BA1650	1047	8	9	0	0	0	0	0	0	0	0	0
A	AB	3	71	1	1	BA1650	1057	9	10	0	0	0	0	0	0	0	0	0
A	AB	3	71	1	1	BA1650	1065	10	0	0	0	0	0	0	0	1	0	0
A	AB	3	71	1	1	BA1650	1132	10	2	0	0	0	0	0	0	0	0	0
A	AB	3	71	1	1	BA1650	1133	2	3	0	0	0	0	0	0	0	0	0
A	AB	3	71	1	1	BA1650	1178	3	5	1	1	0	0	0	0	0	0	0
A	AB	3	71	1	1	BA1650	1186	5	0	0	0	0	0	0	1	0	0	0
A	AB	3	71	1	1	BA1650	1188	5	4	0	1	0	0	0	0	0	0	0
A	AB	3	71	1	1	BA1650	1206	4	0	0	0	0	0	0	1	0	0	0
A	AB	3	71	1	1	BA1650	1208	4	5	1	1	0	0	0	0	0	0	0
A	AB	3	71	1	1	BA1650	1218	5	4	0	0	0	0	0	0	0	0	0
A	AB	3	71	1	1	BA1650	1259	4	0	0	0	0	0	0	1	0	0	0
A	AB	3	71	1	1	BA1650	1262	4	5	1	1	0	0	0	0	0	0	0
A	AB	3	71	1	1	BA1650	1272	5	4	0	0	0	0	0	0	0	0	0
A	AB	3	71	1	1	BA1650	1274	4	5	1	1	0	0	0	1	0	0	0
A	AB	3	71	1	1	BA1650	1284	5	4	0	0	0	0	0	0	0	0	0
A	AB	3	71	1	1	BA1650	1309	4	5	1	1	0	0	0	1	0	0	0
A	AB	3	71	1	1	BA1650	1319	5	9	0	0	0	0	0	0	0	0	0
A	AB	3	71	1	1	BA1650	1329	9	10	0	0	0	0	0	0	0	0	0
A	AB	3	71	1	1	BA1650	1346	10	0	0	0	0	0	0	1	0	0	0
A	AB	3	71	1	1	BA1650	1404	10	2	0	0	0	0	0	0	0	0	0
A	AB	3	71	1	1	BA1650	1405	2	3	0	0	0	0	0	0	0	0	0
A	AB	3	71	1	1	BA1650	1428	3	5	1	1	0	0	0	0	0	0	0
A	AB	3	71	1	1	BA1650	1438	5	4	0	0	0	0	0	0	0	0	0
A	AB	3	71	1	1	BA1650	1471	4	0	0	0	0	0	0	1	0	0	0
A	AB	3	71	1	1	BA1650	1473	4	5	1	1	0	0	0	0	0	0	0
A	AB	3	71	1	1	BA1650	1476	5	0	0	0	0	0	0	1	0	0	0
A	AB	3	71	1	1	BA1650	1483	5	4	0	0	0	0	0	0	0	0	0
A	AB	3	71	1	1	BA1650	1507	4	5	1	1	0	0	0	0	0	0	0
A	AB	3	71	1	1	BA1650	1517	5	4	0	0	0	0	0	0	0	0	0
A	AB	3	71	1	1	BA1650	1520	4	0	0	0	0	0	0	1	0	0	0
A	AB	3	71	1	1	BA1650	1524	4	5	1	1	0	0	0	0	0	0	0
A	AB	3	71	1	1	BA1650	1534	5	4	0	0	0	0	0	0	0	0	0
A	AB	3	71	1	1	BA1650	1536	4	0	0	0	0	0	0	1	0	0	0
A	AB	3	71	1	1	BA1650	1538	4	5	1	1	0	0	0	0	0	0	0
A	AB	3	71	1	1	BA1650	1548	5	9	0	0	0	0	0	0	0	0	0
A	AB	3	71	1	1	BA1650	1550	9	0	0	0	0	0	0	1	0	0	0
A	AB	3	71	1	1	BA1650	1554	9	0	0	1	0	0	0	0	0	0	0
A	AB	3	71	1	1	BA1650	1558	9	10	0	0	0	0	0	0	0	0	0
A	AB	3	71	1	1	BA1650	1564	10	0	0	0	0	0	0	1	0	0	0
A	AB	3	71	1	1	BA1650	1633	10	2	0	0	0	0	0	0	0	0	0
A	AB	3	71	1	1	BA1650	1634	2	6	0	0	0	0	0	0	0	0	0
A	AB	3	71	1	1	BA1650	1655	6	0	0	1	0	0	0	0	0	0	0
A	AB	3	71	1	1	BA1650	1679	6	0	0	0	0	0	0	1	0	0	0
A	AB	3	71	1	1	BA1650	1685	6	0	0	1	0	0	0	0	0	0	0
A	AB	3	71	1	1	BA1650	1689	6	0	0	0	0	0	0	1	0	0	0
A	AB	3	71	1	1	BA1650	1754	6	8	2	0	1	0	0	0	0	0	0
A	AB	3	71	1	1	BA1650	1764	8	7	0	0	0	0	0	0	0	0	0
A	AB	3	71	1	1	BA1650	1765	7	0	0	0	0	0	0	0	1	0	0
A	AB	3	71	1	1	BA1650	1771	7	8	2	0	1	0	0	0	0	0	0
A	AB	3	71	1	1	BA1650	1774	8	0	0	0	0	0	0	0	1	0	0
A	AB	3	71	1	1	BA1650	1781	8	7	0	0	0	0	0	0	0	0	0
A	AB	3	71	1	1	BA1650	1784	7	8	2	0	1	0	0	0	1	0	0
A	AB	3	71	1	1	BA1650	1794	8	7	0	0	0	0	0	0	0	0	0
A	AB	3	71	1	1	BA1650	1814	7	0	0	0	0	0	0	0	1	0	0
A	AB	3	71	1	1	BA1650	1817	7	8	2	0	1	0	0	0	0	0	0
A	AB	3	71	1	1	BA1650	1827	8	7	0	0	0	0	0	0	1	0	0
A	AB	3	71	1	1	BA1650	1848	7	8	2	0	1	0	0	0	0	0	0
A	AB	3	71	1	1	BA1650	1851	8	0	0	0	0	0	0	0	1	0	0
A	AB	3	71	1	1	BA1650	1854	8	0	0	0	1	0	0	0	0	0	0
A	AB	3	71	1	1	BA1650	1858	8	9	0	0	0	0	0	0	0	0	0
A	AB	3	71	1	1	BA1650	1868	9	10	0	0	0	0	0	0	0	0	0
A	AB	3	71	1	1	BA1650	1887	10	0	0	0	0	0	0	0	1	0	0
A	AB	3	71	1	1	BA1650	1943	10	2	0	0	0	0	0	0	0	0	0
A	AB	3	71	1	1	BA1650	1944	2	6	0	0	0	0	0	0	0	0	0
A	AB	3	71	1	1	BA1650	1971	6	8	2	0	1	0	0	0	0	0	0
A	AB	3	71	1	1	BA1650	1981	8	7	0	0	0	0	0	0	0	0	0
A	AB	3	71	1	1	BA1650	2001	7	0	0	0	0	0	0	0	1	0	0
A	AB	3	71	1	1	BA1650	2024	7	8	2	0	1	0	0	0	0	0	0
A	AB	3	71	1	1	BA1650	2034	8	7	0	0	0	0	0	0	0	0	0
A	AB	3	71	1	1	BA1650	2045	7	0	0	0	0	0	0	0	1	0	0
A	AB	3	71	1	1	BA1650	2046	7	8	2	0	1	0	0	0	0	0	0
A	AB	3	71	1	1	BA1650	2055	8	0	0	0	0	0	0	0	1	0	0
A	AB	3	71	1	1	BA1650	2056	8	7	0	0	0	0	0	0	0	0	0
A	AB	3	71	1	1	BA1650	2061	7	8	2	0	1	0	0	0	0	0	0
A	AB	3	71	1	1	BA1650	2065	8	0	0	0	0	0	0	0	1	0	0
A	AB	3	71	1	1	BA1650	2068	8	0	0	0	1	0	0	0	0	0	0
A	AB	3	71	1	1	BA1650	2071	8	7	0	0	0	0	0	0	0	0	0
A	AB	3	71	1	1	BA1650	2073	7	0	0	0	0	0	0	0	1	0	0
A	AB	3	71	1	1	BA1650	2076	7	8	2	0	1	0	0	0	0	0	0
A	AB	3	71	1	1	BA1650	2078	8	0	0	0	0	0	0	0	1	0	0
A	AB	3	71	1	1	BA1650	2081	8	0	0	0	1	0	0	0	0	0	0
A	AB	3	71	1	1	BA1650	2086	8	9	0	0	0	0	0	0	0	0	0
A	AB	3	71	1	1	BA1650	2096	9	10	0	0	0	0	0	0	0	0	0
A	AB	3	71	1	1	BA1650	2121	10	0	0	0	0	0	0	0	1	0	0
A	AB	3	71	1	1	BA1650	2171	10	2	0	0	0	0	0	0	0	0	0
A	AB	3	71	1	1	BA1650	2172	2	6	0	0	0	0	0	0	0	0	0
A	AB	3	71	1	1	BA1650	2266	6	8	2	0	1	0	0	0	0	0	0
A	AB	3	71	1	1	BA1650	2269	8	0	0	0	0	0	0	0	1	0	0
A	AB	3	71	1	1	BA1650	2273	8	0	0	0	1	0	0	0	0	0	0
A	AB	3	71	1	1	BA1650	2276	8	7	0	0	0	0	0	0	0	0	0
A	AB	3	71	1	1	BA1650	2289	7	0	0	0	0	0	0	0	1	0	0
A	AB	3	71	1	1	BA1650	2302	7	8	2	0	1	0	0	0	0	0	0
A	AB	3	71	1	1	BA1650	2307	8	0	0	0	0	0	0	0	1	0	0
A	AB	3	71	1	1	BA1650	2312	8	7	0	0	0	0	0	0	0	0	0
A	AB	3	71	1	1	BA1650	2316	7	8	2	0	1	0	0	0	0	0	0
A	AB	3	71	1	1	BA1650	2319	8	0	0	0	0	0	0	0	1	0	0
A	AB	3	71	1	1	BA1650	2322	8	0	0	0	1	0	0	0	0	0	0
A	AB	3	71	1	1	BA1650	2326	8	7	0	0	0	0	0	0	0	0	0
A	AB	3	71	1	1	BA1650	2344	7	0	0	0	0	0	0	0	1	0	0
A	AB	3	71	1	1	BA1650	2346	7	8	2	0	1	0	0	0	0	0	0
A	AB	3	71	1	1	BA1650	2356	8	7	0	0	0	0	0	0	0	0	0
A	AB	3	71	1	1	BA1650	2425	7	0	0	0	0	0	0	0	1	0	0
A	AB	3	71	1	1	BA1650	2428	7	8	2	0	1	0	0	0	0	0	0
A	AB	3	71	1	1	BA1650	2438	8	9	0	0	0	0	0	0	0	0	0
A	AB	3	71	1	1	BA1650	2448	9	10	0	0	0	0	0	0	0	0	0
A	AB	3	71	1	1	BA1650	2451	10	0	0	0	0	0	0	0	1	0	0
A	AB	3	71	1	1	BA1650	2523	10	2	0	0	0	0	0	0	0	0	0
A	AB	3	71	1	1	BA1650	2524	2	3	0	0	0	0	0	0	0	0	0
A	AB	3	71	1	1	BA1650	2578	3	5	1	1	0	0	0	0	0	0	0
A	AB	3	71	1	1	BA1650	2588	5	4	0	0	0	0	0	0	0	0	0
A	AB	3	71	1	1	BA1650	2603	4	0	0	0	0	0	0	1	0	0	0
A	AB	3	71	1	1	BA1650	2608	4	5	1	1	0	0	0	0	0	0	0
A	AB	3	71	1	1	BA1650	2618	5	4	0	0	0	0	0	0	0	0	0
A	AB	3	71	1	1	BA1650	2626	4	0	0	0	0	0	0	1	0	0	0
A	AB	3	71	1	1	BA1650	2629	4	5	1	1	0	0	0	0	0	0	0
A	AB	3	71	1	1	BA1650	2639	5	4	0	0	0	0	0	0	0	0	0
A	AB	3	71	1	1	BA1650	2640	4	0	0	0	0	0	0	1	0	0	0
A	AB	3	71	1	1	BA1650	2745	4	5	1	1	0	0	0	0	0	0	0
A	AB	3	71	1	1	BA1650	2755	5	4	0	0	0	0	0	0	0	0	0
A	AB	3	71	1	1	BA1650	2759	4	0	0	0	0	0	0	1	0	0	0
A	AB	3	71	1	1	BA1650	2762	4	5	1	1	0	0	0	0	0	0	0
A	AB	3	71	1	1	BA1650	2772	5	9	0	0	0	0	0	0	0	0	0
A	AB	3	71	1	1	BA1650	2774	9	0	0	0	0	0	0	1	0	0	0
A	AB	3	71	1	1	BA1650	2782	9	10	0	0	0	0	0	0	0	0	0
A	AB	3	71	1	1	BA1650	2857	10	2	0	0	0	0	0	0	0	0	0
A	AB	3	71	1	1	BA1650	2858	2	6	0	0	0	0	0	0	0	0	0
A	AB	3	71	1	1	BA1650	3066	6	8	2	0	1	0	0	0	0	0	0
A	AB	3	71	1	1	BA1650	3076	8	7	0	0	0	0	0	0	0	0	0
A	AB	3	71	1	1	BA1650	3111	7	0	0	0	0	0	0	0	1	0	0
A	AB	3	71	1	1	BA1650	3149	7	8	2	0	1	0	0	0	0	0	0
A	AB	3	71	1	1	BA1650	3159	8	7	0	0	0	0	0	0	0	0	0
A	AB	3	71	1	1	BA1650	3184	7	0	0	0	0	0	0	0	1	0	0
A	AB	3	71	1	1	BA1650	3185	7	8	2	0	1	0	0	0	0	0	0
A	AB	3	71	1	1	BA1650	3191	8	0	0	0	0	0	0	0	1	0	0
A	AB	3	71	1	1	BA1650	3195	8	7	0	0	0	0	0	0	0	0	0
A	AB	3	71	1	1	BA1650	3199	7	8	2	0	1	0	0	0	0	0	0
A	AB	3	71	1	1	BA1650	3207	8	0	0	0	0	0	0	0	1	0	0
A	AB	3	71	1	1	BA1650	3209	8	7	0	0	1	0	0	0	0	0	0
A	AB	3	71	1	1	BA1650	3238	7	0	0	0	0	0	0	0	1	0	0
A	AB	3	71	1	1	BA1650	3240	7	8	2	0	1	0	0	0	0	0	0
A	AB	3	71	1	1	BA1650	3250	8	9	0	0	0	0	0	0	1	0	0
A	AB	3	71	1	1	BA1650	3260	9	10	0	0	0	0	0	0	0	0	0
A	AB	3	71	1	1	BA1650	3335	10	2	0	0	0	0	0	0	0	0	0
A	AB	3	71	1	1	BA1650	3336	2	3	0	0	0	0	0	0	0	0	0
A	AB	3	71	1	1	BA1650	3338	3	0	0	0	1	0	0	0	0	0	0
A	AB	3	71	1	1	BA1650	3371	3	0	0	0	0	0	0	0	1	0	0
A	AB	3	71	1	1	BA1650	3402	3	5	1	1	0	0	0	0	0	0	0
A	AB	3	71	1	1	BA1650	3412	5	4	0	0	0	0	0	0	0	0	0
A	AB	3	71	1	1	BA1650	3414	4	0	0	0	0	0	0	1	0	0	0
A	AB	3	71	1	1	BA1650	3417	4	5	1	1	0	0	0	0	0	0	0
A	AB	3	71	1	1	BA1650	3427	5	4	0	0	0	0	0	0	0	0	0
A	AB	3	71	1	1	BA1650	3442	4	0	0	0	0	0	0	1	0	0	0
A	AB	3	71	1	1	BA1650	3446	4	5	1	1	0	0	0	0	0	0	0
A	AB	3	71	1	1	BA1650	3456	5	4	0	0	0	0	0	0	0	0	0
A	AB	3	71	1	1	BA1650	3457	4	0	0	0	0	0	0	1	0	0	0
A	AB	3	71	1	1	BA1650	3461	4	5	1	1	0	0	0	0	0	0	0
A	AB	3	71	1	1	BA1650	3468	5	0	0	0	0	0	0	1	0	0	0
A	AB	3	71	1	1	BA1650	3471	5	4	0	0	0	0	0	0	0	0	0
A	AB	3	71	1	1	BA1650	3510	4	5	1	1	0	0	0	0	0	0	0
A	AB	3	71	1	1	BA1650	3520	5	9	0	0	0	0	0	0	0	0	0
A	AB	3	71	1	1	BA1650	3530	9	10	0	0	0	0	0	0	0	0	0
A	AB	3	71	1	1	BA1650	3534	10	0	0	0	0	0	0	1	0	0	0
A	AB	3	71	1	1	BA1650	3538	10	0	0	1	0	0	0	0	0	0	0
A	AB	3	71	1	1	BA1650	3546	10	0	0	0	0	0	0	1	0	0	0
A	AB	3	71	1	1	BA1650	3605	10	2	0	0	0	0	0	0	0	0	0
A	AB	3	71	1	1	BA1650	3606	2	3	0	0	0	0	0	0	0	0	0
A	AB	3	71	1	1	BA1650	3647	3	5	1	1	0	0	0	0	0	0	0
A	AB	3	71	1	1	BA1650	3651	5	0	0	0	0	0	0	1	0	0	0
A	AB	3	71	1	1	BA1650	3654	5	0	0	1	0	0	0	0	0	0	0
A	AB	3	71	1	1	BA1650	3657	5	4	0	0	0	0	0	0	0	0	0
A	AB	3	71	1	1	BA1650	3679	4	0	0	0	0	0	0	1	0	0	0
A	AB	3	71	1	1	BA1650	3724	4	5	1	1	0	0	0	0	0	0	0
A	AB	3	71	1	1	BA1650	3734	5	4	0	0	0	0	0	0	0	0	0
A	AB	3	71	1	1	BA1650	3745	4	0	0	0	0	0	0	1	0	0	0
A	AB	3	71	1	1	BA1650	3749	4	5	1	1	0	0	0	0	0	0	0
A	AB	3	71	1	1	BA1650	3759	5	4	0	0	0	0	0	0	0	0	0
A	AB	3	71	1	1	BA1650	3774	4	0	0	0	0	0	0	1	0	0	0
A	AB	3	71	1	1	BA1650	3783	4	5	1	1	0	0	0	0	0	0	0
A	AB	3	71	1	1	BA1650	3793	5	4	0	0	0	0	0	0	0	0	0
A	AB	3	71	1	1	BA1650	3816	4	0	0	0	0	0	0	1	0	0	0
A	AB	3	71	1	1	BA1650	3852	4	5	1	1	0	0	0	0	0	0	0
A	AB	3	71	1	1	BA1650	3862	5	9	0	0	0	0	0	0	0	0	0
A	AB	3	71	1	1	BA1650	3864	9	0	0	0	0	0	0	1	0	0	0
A	AB	3	71	1	1	BA1650	3872	9	10	0	0	0	0	0	0	0	0	0
A	AB	3	71	1	1	BA1650	3947	10	2	0	0	0	0	0	0	0	0	0
A	AB	3	71	1	1	BA1650	3948	2	3	0	0	0	0	0	0	0	0	0
A	AB	3	71	1	1	BA1650	3983	3	5	1	1	0	0	0	0	0	0	0
A	AB	3	71	1	1	BA1650	3993	5	4	0	0	0	0	0	0	0	0	0
A	AB	3	71	1	1	BA1650	4027	4	0	0	0	0	0	0	1	0	0	0
A	AB	3	71	1	1	BA1650	4064	4	5	1	1	0	0	0	0	0	0	0
A	AB	3	71	1	1	BA1650	4074	5	4	0	0	0	0	0	0	0	0	0
A	AB	3	71	1	1	BA1650	4126	4	0	0	0	0	0	0	1	0	0	0
A	AB	3	71	1	1	BA1650	4177	4	5	1	1	0	0	0	0	0	0	0
A	AB	3	71	1	1	BA1650	4187	5	4	0	0	0	0	0	0	0	0	0
A	AB	3	71	1	1	BA1650	4197	4	0	0	0	0	0	0	1	0	0	0
A	AB	3	71	1	1	BA1650	4201	4	5	1	1	0	0	0	0	0	0	0
A	AB	3	71	1	1	BA1650	4203	5	0	0	0	0	0	0	1	0	0	0
A	AB	3	71	1	1	BA1650	4206	5	0	0	1	0	0	0	0	0	0	0
A	AB	3	71	1	1	BA1650	4211	5	4	0	0	0	0	0	0	0	0	0
A	AB	3	71	1	1	BA1650	4220	4	0	0	0	0	0	0	1	0	0	0
A	AB	3	71	1	1	BA1650	4278	4	5	1	1	0	0	0	0	0	0	0
A	AB	3	71	1	1	BA1650	4287	5	0	0	0	0	0	0	1	0	0	0
A	AB	3	71	1	1	BA1650	4288	5	9	0	0	0	0	0	0	0	0	0
A	AB	3	71	1	1	BA1650	4296	9	0	0	1	0	0	0	0	0	0	0
A	AB	3	71	1	1	BA1650	4298	9	10	0	0	0	0	0	0	0	0	0
A	AB	3	71	1	1	BA1650	4312	10	0	0	0	0	0	0	1	0	0	0
A	AB	3	71	1	1	BA1650	4373	10	2	0	0	0	0	0	0	0	0	0
A	AB	3	71	1	1	BA1650	4374	2	6	0	0	0	0	0	0	0	0	0
A	AB	3	71	1	1	BA1650	4527	6	8	2	0	1	0	0	0	0	0	0
A	AB	3	71	1	1	BA1650	4533	8	0	0	0	0	0	0	0	1	0	0
A	AB	3	71	1	1	BA1650	4534	8	0	0	0	1	0	0	0	0	0	0
A	AB	3	71	1	1	BA1650	4537	8	7	0	0	0	0	0	0	0	0	0
A	AB	3	71	1	1	BA1650	4553	7	0	0	0	0	0	0	0	1	0	0
A	AB	3	71	1	1	BA1650	4573	7	8	2	0	1	0	0	0	0	0	0
A	AB	3	71	1	1	BA1650	4576	8	0	0	0	0	0	0	0	1	0	0
A	AB	3	71	1	1	BA1650	4578	8	0	0	0	1	0	0	0	0	0	0
A	AB	3	71	1	1	BA1650	4581	8	0	0	0	0	0	0	0	1	0	0
A	AB	3	71	1	1	BA1650	4583	8	7	0	0	0	0	0	0	0	0	0
A	AB	3	71	1	1	BA1650	4584	7	8	2	0	1	0	0	0	0	0	0
A	AB	3	71	1	1	BA1650	4594	8	7	0	0	0	0	0	0	0	0	0
A	AB	3	71	1	1	BA1650	4611	7	0	0	0	0	0	0	0	1	0	0
A	AB	3	71	1	1	BA1650	4668	7	8	2	0	1	0	0	0	0	0	0
A	AB	3	71	1	1	BA1650	4678	8	7	0	0	0	0	0	0	0	0	0
A	AB	3	71	1	1	BA1650	4721	7	0	0	0	0	0	0	0	1	0	0
A	AB	3	71	1	1	BA1650	4723	7	8	2	0	1	0	0	0	0	0	0
A	AB	3	71	1	1	BA1650	4729	8	0	0	0	0	0	0	0	1	0	0
A	AB	3	71	1	1	BA1650	4733	8	9	0	0	0	0	0	0	0	0	0
A	AB	3	71	1	1	BA1650	4739	9	0	0	0	1	0	0	0	0	0	0
A	AB	3	71	1	1	BA1650	4743	9	10	0	0	0	0	0	0	0	0	0
A	AB	3	71	1	1	BA1650	4756	10	0	0	0	0	0	0	0	1	0	0
A	AB	3	71	1	1	BA1650	4818	10	2	0	0	0	0	0	0	0	0	0
A	AB	3	71	1	1	BA1650	4819	2	6	0	0	0	0	0	0	0	0	0
A	AB	3	71	1	1	BA1650	4869	6	8	2	0	1	0	0	0	0	0	0
A	AB	3	71	1	1	BA1650	4879	8	7	0	0	0	0	0	0	0	0	0
A	AB	3	71	1	1	BA1650	4898	7	0	0	0	0	0	0	0	1	0	0
A	AB	3	71	1	1	BA1650	4911	7	8	2	0	1	0	0	0	0	0	0
A	AB	3	71	1	1	BA1650	4917	8	0	0	0	0	0	0	0	1	0	0
A	AB	3	71	1	1	BA1650	4921	8	7	0	0	0	0	0	0	0	0	0
A	AB	3	71	1	1	BA1650	4922	7	8	2	0	1	0	0	0	0	0	0
A	AB	3	71	1	1	BA1650	4930	8	0	0	0	0	0	0	0	1	0	0
A	AB	3	71	1	1	BA1650	4932	8	7	0	0	0	0	0	0	0	0	0
A	AB	3	71	1	1	BA1650	4933	7	8	2	0	1	0	0	0	0	0	0
A	AB	3	71	1	1	BA1650	4943	8	7	0	0	0	0	0	0	0	0	0
A	AB	3	71	1	1	BA1650	4950	7	0	0	0	0	0	0	0	1	0	0
A	AB	3	71	1	1	BA1650	4953	7	8	2	0	1	0	0	0	0	0	0
A	AB	3	71	1	1	BA1650	4963	8	9	0	0	0	0	0	0	0	0	0
A	AB	3	71	1	1	BA1650	4973	9	10	0	0	0	0	0	0	0	0	0
A	AB	3	71	1	1	BA1650	4979	10	0	0	0	0	0	0	0	1	0	0
A	AB	3	71	1	1	BA1650	5048	10	2	0	0	0	0	0	0	0	0	0
A	AB	3	71	1	1	BA1650	5049	2	6	0	0	0	0	0	0	0	0	0
A	AB	3	71	1	1	BA1650	5077	6	8	2	0	1	0	0	0	0	0	0
A	AB	3	71	1	1	BA1650	5087	8	7	0	0	0	0	0	0	0	0	0
A	AB	3	71	1	1	BA1650	5091	7	0	0	0	0	0	0	0	1	0	0
A	AB	3	71	1	1	BA1650	5096	7	8	2	0	1	0	0	0	0	0	0
A	AB	3	71	1	1	BA1650	5106	8	7	0	0	0	0	0	0	0	0	0
A	AB	3	71	1	1	BA1650	5108	7	0	0	0	0	0	0	0	1	0	0
A	AB	3	71	1	1	BA1650	5114	7	8	2	0	1	0	0	0	0	0	0
A	AB	3	71	1	1	BA1650	5123	8	0	0	0	0	0	0	0	1	0	0
A	AB	3	71	1	1	BA1650	5124	8	7	0	0	0	0	0	0	0	0	0
A	AB	3	71	1	1	BA1650	5126	7	8	2	0	1	0	0	0	0	0	0
A	AB	3	71	1	1	BA1650	5136	8	7	0	0	0	0	0	0	0	0	0
A	AB	3	71	1	1	BA1650	5153	7	0	0	0	0	0	0	0	1	0	0
A	AB	3	71	1	1	BA1650	5191	7	8	2	0	1	0	0	0	0	0	0
A	AB	3	71	1	1	BA1650	5201	8	9	0	0	0	0	0	0	0	0	0
A	AB	3	71	1	1	BA1650	5211	9	10	0	0	0	0	0	0	0	0	0
A	AB	3	71	1	1	BA1650	5213	10	0	0	0	0	0	0	0	1	0	0
A	AB	3	71	1	1	BA1650	5286	10	2	0	0	0	0	0	0	0	0	0
A	AB	3	71	1	1	BA1650	5287	2	3	0	0	0	0	0	0	0	0	0
A	AB	3	71	1	1	BA1650	5397	3	5	1	1	0	0	0	0	0	0	0
A	AB	3	71	1	1	BA1650	5407	5	4	0	0	0	0	0	0	0	0	0
A	AB	3	71	1	1	BA1650	5412	4	0	0	0	0	0	0	1	0	0	0
A	AB	3	71	1	1	BA1650	5416	4	5	1	1	0	0	0	0	0	0	0
A	AB	3	71	1	1	BA1650	5420	5	0	0	0	0	0	0	1	0	0	0
A	AB	3	71	1	1	BA1650	5425	5	0	0	1	0	0	0	0	0	0	0
A	AB	3	71	1	1	BA1650	5426	5	4	0	0	0	0	0	0	0	0	0
A	AB	3	71	1	1	BA1650	5438	4	0	0	0	0	0	0	1	0	0	0
A	AB	3	71	1	1	BA1650	5454	4	5	1	1	0	0	0	0	0	0	0
A	AB	3	71	1	1	BA1650	5458	5	0	0	0	0	0	0	1	0	0	0
A	AB	3	71	1	1	BA1650	5461	5	0	0	1	0	0	0	0	0	0	0
A	AB	3	71	1	1	BA1650	5464	5	4	0	0	0	0	0	0	0	0	0
A	AB	3	71	1	1	BA1650	5480	4	0	0	0	0	0	0	1	0	0	0
A	AB	3	71	1	1	BA1650	5484	4	5	1	1	0	0	0	0	0	0	0
A	AB	3	71	1	1	BA1650	5487	5	0	0	0	0	0	0	1	0	0	0
A	AB	3	71	1	1	BA1650	5494	5	4	0	1	0	0	0	0	0	0	0
A	AB	3	71	1	1	BA1650	5497	4	0	0	0	0	0	0	1	0	0	0
A	AB	3	71	1	1	BA1650	5528	4	5	1	1	0	0	0	0	0	0	0
A	AB	3	71	1	1	BA1650	5533	5	0	0	0	0	0	0	1	0	0	0
A	AB	3	71	1	1	BA1650	5538	5	9	0	0	0	0	0	0	0	0	0
A	AB	3	71	1	1	BA1650	5548	9	10	0	0	0	0	0	0	0	0	0
A	AB	3	71	1	1	BA1650	5623	10	2	0	0	0	0	0	0	0	0	0
A	AB	3	71	1	1	BA1650	5624	2	3	0	0	0	0	0	0	0	0	0
A	AB	3	71	1	1	BA1650	5679	3	5	1	1	0	0	0	0	0	0	0
A	AB	3	71	1	1	BA1650	5689	5	4	0	0	0	0	0	0	0	0	0
A	AB	3	71	1	1	BA1650	5690	4	0	0	0	0	0	0	1	0	0	0
A	AB	3	71	1	1	BA1650	5701	4	5	1	1	0	0	0	0	0	0	0
A	AB	3	71	1	1	BA1650	5706	5	0	0	0	0	0	0	1	0	0	0
A	AB	3	71	1	1	BA1650	5711	5	4	0	1	0	0	0	0	0	0	0
A	AB	3	71	1	1	BA1650	5774	4	5	1	1	0	0	0	1	0	0	0
A	AB	3	71	1	1	BA1650	5784	5	4	0	0	0	0	0	0	0	0	0
A	AB	3	71	1	1	BA1650	5804	4	0	0	0	0	0	0	1	0	0	0
A	AB	3	71	1	1	BA1650	5814	4	5	1	1	0	0	0	0	0	0	0
A	AB	3	71	1	1	BA1650	5819	5	0	0	0	0	0	0	1	0	0	0
A	AB	3	71	1	1	BA1650	5824	5	4	0	1	0	0	0	0	0	0	0
A	AB	3	71	1	1	BA1650	5840	4	0	0	0	0	0	0	1	0	0	0
A	AB	3	71	1	1	BA1650	5844	4	5	1	1	0	0	0	0	0	0	0
A	AB	3	71	1	1	BA1650	5854	5	9	0	0	0	0	0	0	0	0	0
A	AB	3	71	1	1	BA1650	5864	9	10	0	0	0	0	0	0	0	0	0
A	AB	3	71	1	1	BA1650	5875	10	0	0	0	0	0	0	1	0	0	0
A	AB	3	71	1	1	BA1650	5939	10	2	0	0	0	0	0	0	0	0	0
A	AB	3	71	1	1	BA1650	5940	2	3	0	0	0	0	0	0	0	0	0
A	AB	3	71	1	1	BA1650	6000	3	5	1	1	0	0	0	0	0	0	0
A	AB	3	71	1	1	BA1650	6010	5	4	0	0	0	0	0	0	0	0	0
A	AB	3	71	1	1	BA1650	6016	4	0	0	0	0	0	0	1	0	0	0
A	AB	3	71	1	1	BA1650	6019	4	5	1	1	0	0	0	0	0	0	0
A	AB	3	71	1	1	BA1650	6029	5	4	0	0	0	0	0	0	0	0	0
A	AB	3	71	1	1	BA1650	6047	4	0	0	0	0	0	0	1	0	0	0
A	AB	3	71	1	1	BA1650	6073	4	5	1	1	0	0	0	0	0	0	0
A	AB	3	71	1	1	BA1650	6077	5	0	0	0	0	0	0	1	0	0	0
A	AB	3	71	1	1	BA1650	6083	5	4	0	0	0	0	0	0	0	0	0
A	AB	3	71	1	1	BA1650	6087	4	5	1	1	0	0	0	0	0	0	0
A	AB	3	71	1	1	BA1650	6091	5	0	0	0	0	0	0	1	0	0	0
A	AB	3	71	1	1	BA1650	6095	5	0	0	1	0	0	0	0	0	0	0
A	AB	3	71	1	1	BA1650	6097	5	4	0	0	0	0	0	0	0	0	0
A	AB	3	71	1	1	BA1650	6103	4	5	1	1	0	0	0	1	0	0	0
A	AB	3	71	1	1	BA1650	6113	5	9	0	0	0	0	0	0	0	0	0
A	AB	3	71	1	1	BA1650	6115	9	0	0	0	0	0	0	1	0	0	0
A	AB	3	71	1	1	BA1650	6119	9	0	0	1	0	0	0	0	0	0	0
A	AB	3	71	1	1	BA1650	6121	9	0	0	0	0	0	0	1	0	0	0
A	AB	3	71	1	1	BA1650	6123	9	10	0	0	0	0	0	0	0	0	0
A	AB	3	71	1	1	BA1650	6198	10	2	0	0	0	0	0	0	0	0	0
A	AB	3	71	1	1	BA1650	6199	2	6	0	0	0	0	0	0	0	0	0
A	AB	3	71	1	1	BA1650	6401	6	8	2	0	1	0	0	0	0	0	0
A	AB	3	71	1	1	BA1650	6408	8	0	0	0	0	0	0	0	1	0	0
A	AB	3	71	1	1	BA1650	6411	8	7	0	0	0	0	0	0	0	0	0
A	AB	3	71	1	1	BA1650	6422	7	8	2	0	1	0	0	0	0	0	0
A	AB	3	71	1	1	BA1650	6432	8	7	0	0	0	0	0	0	0	0	0
A	AB	3	71	1	1	BA1650	6440	7	0	0	0	0	0	0	0	1	0	0
A	AB	3	71	1	1	BA1650	6457	7	8	2	0	1	0	0	0	0	0	0
A	AB	3	71	1	1	BA1650	6461	8	0	0	0	0	0	0	0	1	0	0
A	AB	3	71	1	1	BA1650	6466	8	0	0	0	1	0	0	0	0	0	0
A	AB	3	71	1	1	BA1650	6467	8	7	0	0	0	0	0	0	0	0	0
A	AB	3	71	1	1	BA1650	6502	7	0	0	0	0	0	0	0	1	0	0
A	AB	3	71	1	1	BA1650	6518	7	8	2	0	1	0	0	0	0	0	0
A	AB	3	71	1	1	BA1650	6526	8	0	0	0	0	0	0	0	1	0	0
A	AB	3	71	1	1	BA1650	6528	8	7	0	0	0	0	0	0	0	0	0
A	AB	3	71	1	1	BA1650	6583	7	8	2	0	1	0	0	0	0	0	0
A	AB	3	71	1	1	BA1650	6593	8	9	0	0	0	0	0	0	0	0	0
A	AB	3	71	1	1	BA1650	6603	9	10	0	0	0	0	0	0	0	0	0
A	AB	3	71	1	1	BA1650	6614	10	0	0	0	0	0	0	0	1	0	0
A	AB	3	71	1	1	BA1650	6678	10	2	0	0	0	0	0	0	0	0	0
A	AB	3	71	1	1	BA1650	6679	2	6	0	0	0	0	0	0	0	0	0
A	AB	3	71	1	1	BA1650	6689	6	8	2	0	1	0	0	0	0	0	0
A	AB	3	71	1	1	BA1650	6699	8	7	0	0	0	0	0	0	0	0	0
A	AB	3	71	1	1	BA1650	6718	7	0	0	0	0	0	0	0	1	0	0
A	AB	3	71	1	1	BA1650	6756	7	8	2	0	1	0	0	0	0	0	0
A	AB	3	71	1	1	BA1650	6766	8	7	0	0	0	0	0	0	0	0	0
A	AB	3	71	1	1	BA1650	6781	7	0	0	0	0	0	0	0	1	0	0
A	AB	3	71	1	1	BA1650	6791	7	8	2	0	1	0	0	0	0	0	0
A	AB	3	71	1	1	BA1650	6801	8	7	0	0	0	0	0	0	0	0	0
A	AB	3	71	1	1	BA1650	6811	7	0	0	0	0	0	0	0	1	0	0
A	AB	3	71	1	1	BA1650	6816	7	8	2	0	1	0	0	0	0	0	0
A	AB	3	71	1	1	BA1650	6826	8	7	0	0	0	0	0	0	0	0	0
A	AB	3	71	1	1	BA1650	6843	7	0	0	0	0	0	0	0	1	0	0
A	AB	3	71	1	1	BA1650	6846	7	8	2	0	1	0	0	0	0	0	0
A	AB	3	71	1	1	BA1650	6856	8	9	0	0	0	0	0	0	0	0	0
A	AB	3	71	1	1	BA1650	6866	9	10	0	0	0	0	0	0	0	0	0
A	AB	3	71	1	1	BA1650	6868	10	0	0	0	0	0	0	0	1	0	0
A	AB	3	71	1	1	BA1650	6941	10	2	0	0	0	0	0	0	0	0	0
A	AB	3	71	1	1	BA1650	6942	2	3	0	0	0	0	0	0	0	0	0
A	AB	3	71	1	1	BA1650	6981	3	5	1	1	0	0	0	0	0	0	0
A	AB	3	71	1	1	BA1650	6991	5	4	0	0	0	0	0	0	0	0	0
A	AB	3	71	1	1	BA1650	6993	4	0	0	0	0	0	0	1	0	0	0
A	AB	3	71	1	1	BA1650	7011	4	5	1	1	0	0	0	0	0	0	0
A	AB	3	71	1	1	BA1650	7021	5	4	0	0	0	0	0	1	0	0	0
A	AB	3	71	1	1	BA1650	7116	4	5	1	1	0	0	0	0	0	0	0
A	AB	3	71	1	1	BA1650	7126	5	4	0	0	0	0	0	0	0	0	0
A	AB	3	71	1	1	BA1650	7128	4	0	0	0	0	0	0	1	0	0	0
A	AB	3	71	1	1	BA1650	7131	4	5	1	1	0	0	0	0	0	0	0
A	AB	3	71	1	1	BA1650	7141	5	4	0	0	0	0	0	0	0	0	0
A	AB	3	71	1	1	BA1650	7152	4	0	0	0	0	0	0	1	0	0	0
A	AB	3	71	1	1	BA1650	7154	4	5	1	1	0	0	0	0	0	0	0
A	AB	3	71	1	1	BA1650	7164	5	9	0	0	0	0	0	0	0	0	0
A	AB	3	71	1	1	BA1650	7174	9	10	0	0	0	0	0	0	0	0	0
A	AB	3	71	1	1	BA1650	7182	10	0	0	0	0	0	0	1	0	0	0
A	AB	3	71	1	1	BA1650	7249	10	2	0	0	0	0	0	0	0	0	0
A	AB	3	71	1	1	BA1650	7250	2	6	0	0	0	0	0	0	0	0	0
A	AB	3	71	1	1	BA1650	7402	6	8	2	0	1	0	0	0	0	0	0
A	AB	3	71	1	1	BA1650	7412	8	7	0	0	0	0	0	0	0	0	0
A	AB	3	71	1	1	BA1650	7416	7	0	0	0	0	0	0	0	1	0	0
A	AB	3	71	1	1	BA1650	7419	7	8	2	0	1	0	0	0	0	0	0
A	AB	3	71	1	1	BA1650	7421	8	0	0	0	0	0	0	0	1	0	0
A	AB	3	71	1	1	BA1650	7429	8	7	0	0	1	0	0	0	0	0	0
A	AB	3	71	1	1	BA1650	7434	7	0	0	0	0	0	0	0	1	0	0
A	AB	3	71	1	1	BA1650	7451	7	8	2	0	1	0	0	0	0	0	0
A	AB	3	71	1	1	BA1650	7461	8	7	0	0	0	0	0	0	0	0	0
A	AB	3	71	1	1	BA1650	7479	7	0	0	0	0	0	0	0	1	0	0
A	AB	3	71	1	1	BA1650	7485	7	8	2	0	1	0	0	0	0	0	0
A	AB	3	71	1	1	BA1650	7487	8	0	0	0	0	0	0	0	1	0	0
A	AB	3	71	1	1	BA1650	7495	8	7	0	0	0	0	0	0	0	0	0
A	AB	3	71	1	1	BA1650	7498	7	8	2	0	1	0	0	0	0	0	0
A	AB	3	71	1	1	BA1650	7508	8	9	0	0	0	0	0	0	0	0	0
A	AB	3	71	1	1	BA1650	7518	9	10	0	0	0	0	0	0	0	0	0
A	AB	3	71	1	1	BA1650	7543	10	0	0	0	0	0	0	0	1	0	0
A	AB	3	71	1	1	BA1650	7593	10	2	0	0	0	0	0	0	0	0	0
A	AB	3	71	1	1	BA1650	7594	2	3	0	0	0	0	0	0	0	0	0
A	AB	3	71	1	1	BA1650	7741	3	0	0	0	1	0	0	0	0	0	0
A	AB	3	71	1	1	BA1650	7888	3	0	0	0	0	0	0	0	1	0	0
A	AB	3	71	1	1	BA1650	7946	3	5	1	1	0	0	0	0	0	0	0
A	AB	3	71	1	1	BA1650	7956	5	4	0	0	0	0	0	0	0	0	0
A	AB	3	71	1	1	BA1650	7964	4	0	0	0	0	0	0	1	0	0	0
A	AB	3	71	1	1	BA1650	7967	4	5	1	1	0	0	0	0	0	0	0
A	AB	3	71	1	1	BA1650	7977	5	4	0	0	0	0	0	0	0	0	0
A	AB	3	71	1	1	BA1650	7984	4	0	0	0	0	0	0	1	0	0	0
A	AB	3	71	1	1	BA1650	7990	4	5	1	1	0	0	0	0	0	0	0
A	AB	3	71	1	1	BA1650	8000	5	4	0	0	0	0	0	0	0	0	0
A	AB	3	71	1	1	BA1650	8007	4	0	0	0	0	0	0	1	0	0	0
A	AB	3	71	1	1	BA1650	8029	4	5	1	1	0	0	0	0	0	0	0
A	AB	3	71	1	1	BA1650	8036	5	0	0	0	0	0	0	1	0	0	0
A	AB	3	71	1	1	BA1650	8039	5	4	0	0	0	0	0	0	0	0	0
A	AB	3	71	1	1	BA1650	8041	4	5	1	1	0	0	0	0	0	0	0
A	AB	3	71	1	1	BA1650	8051	5	9	0	0	0	0	0	0	0	0	0
A	AB	3	71	1	1	BA1650	8061	9	10	0	0	0	0	0	0	0	0	0
A	AB	3	71	1	1	BA1650	8064	10	0	0	0	0	0	0	1	0	0	0
A	AB	3	71	1	1	BA1650	8069	10	0	0	1	0	0	0	0	0	0	0
A	AB	3	71	1	1	BA1650	8072	10	0	0	0	0	0	0	1	0	0	0
A	AB	3	71	1	1	BA1650	8136	10	2	0	0	0	0	0	0	0	0	0
A	AB	3	71	1	1	BA1650	8137	2	6	0	0	0	0	0	0	0	0	0
A	AB	3	71	1	1	BA1650	8202	6	0	0	1	0	0	0	0	0	0	0
A	AB	3	71	1	1	BA1650	8228	6	0	0	0	0	0	0	1	0	0	0
A	AB	3	71	1	1	BA1650	8262	6	0	0	1	0	0	0	0	0	0	0
A	AB	3	71	1	1	BA1650	8265	6	0	0	0	0	0	0	1	0	0	0
A	AB	3	71	1	1	BA1650	8289	6	0	0	1	0	0	0	1	0	0	0
A	AB	3	71	1	1	BA1650	8315	6	0	0	0	0	0	0	1	0	0	0
A	AB	3	71	1	1	BA1650	8361	6	8	2	0	1	0	0	0	0	0	0
A	AB	3	71	1	1	BA1650	8371	8	7	0	0	0	0	0	0	0	0	0
A	AB	3	71	1	1	BA1650	8379	7	0	0	0	0	0	0	0	1	0	0
A	AB	3	71	1	1	BA1650	8390	7	8	2	0	1	0	0	0	0	0	0
A	AB	3	71	1	1	BA1650	8394	8	0	0	0	0	0	0	0	1	0	0
A	AB	3	71	1	1	BA1650	8399	8	0	0	0	1	0	0	0	0	0	0
A	AB	3	71	1	1	BA1650	8400	8	7	0	0	0	0	0	0	0	0	0
A	AB	3	71	1	1	BA1650	8402	7	0	0	0	0	0	0	0	1	0	0
A	AB	3	71	1	1	BA1650	8407	7	8	2	0	1	0	0	0	0	0	0
A	AB	3	71	1	1	BA1650	8417	8	7	0	0	0	0	0	0	0	0	0
A	AB	3	71	1	1	BA1650	8423	7	0	0	0	0	0	0	0	1	0	0
A	AB	3	71	1	1	BA1650	8456	7	8	2	0	1	0	0	0	0	0	0
A	AB	3	71	1	1	BA1650	8466	8	7	0	0	0	0	0	0	0	0	0
A	AB	3	71	1	1	BA1650	8487	7	8	2	0	1	0	0	0	1	0	0
A	AB	3	71	1	1	BA1650	8497	8	9	0	0	0	0	0	0	0	0	0
A	AB	3	71	1	1	BA1650	8507	9	10	0	0	0	0	0	0	0	0	0
A	AB	3	71	1	1	BA1650	8508	10	0	0	0	0	0	0	0	1	0	0
A	AB	3	71	1	1	BA1650	8582	10	2	0	0	0	0	0	0	0	0	0
A	AB	3	71	1	1	BA1650	8583	2	6	0	0	0	0	0	0	0	0	0
A	AB	3	71	1	1	BA1650	8600	6	8	2	0	1	0	0	0	0	0	0
A	AB	3	71	1	1	BA1650	8610	8	7	0	0	0	0	0	0	0	0	0
A	AB	3	71	1	1	BA1650	8621	7	0	0	0	0	0	0	0	1	0	0
A	AB	3	71	1	1	BA1650	8636	7	8	2	0	1	0	0	0	0	0	0
A	AB	3	71	1	1	BA1650	8642	8	0	0	0	0	0	0	0	1	0	0
A	AB	3	71	1	1	BA1650	8646	8	7	0	0	0	0	0	0	0	0	0
A	AB	3	71	1	1	BA1650	8651	7	8	2	0	1	0	0	0	0	0	0
A	AB	3	71	1	1	BA1650	8661	8	7	0	0	0	0	0	0	0	0	0
A	AB	3	71	1	1	BA1650	8679	7	0	0	0	0	0	0	0	1	0	0
A	AB	3	71	1	1	BA1650	8681	7	8	2	0	1	0	0	0	0	0	0
A	AB	3	71	1	1	BA1650	8691	8	7	0	0	0	0	0	0	0	0	0
A	AB	3	71	1	1	BA1650	8694	7	0	0	0	0	0	0	0	1	0	0
A	AB	3	71	1	1	BA1650	8703	7	8	2	0	1	0	0	0	0	0	0
A	AB	3	71	1	1	BA1650	8710	8	0	0	0	0	0	0	0	1	0	0
A	AB	3	71	1	1	BA1650	8712	8	0	0	0	1	0	0	0	0	0	0
A	AB	3	71	1	1	BA1650	8713	8	9	0	0	0	0	0	0	0	0	0
A	AB	3	71	1	1	BA1650	8718	9	0	0	0	0	0	0	0	1	0	0
A	AB	3	71	1	1	BA1650	8720	9	0	0	0	1	0	0	0	0	0	0
A	AB	3	71	1	1	BA1650	8723	9	10	0	0	0	0	0	0	0	0	0
A	AB	3	71	1	1	BA1650	8760	10	0	0	0	0	0	0	0	1	0	0
A	AB	3	71	1	1	BA1650	8798	10	2	0	0	0	0	0	0	0	0	0
A	AB	3	71	1	1	BA1650	8799	2	3	0	0	0	0	0	0	0	0	0
A	AB	3	71	1	1	BA1650	8933	3	0	0	0	1	0	0	0	0	0	0
A	AB	3	71	1	1	BA1650	8951	3	0	0	0	0	0	0	0	1	0	0
A	AB	3	71	1	1	BA1650	8960	3	0	0	0	1	0	0	0	0	0	0
A	AB	3	71	1	1	BA1650	8964	3	0	0	0	0	0	0	0	1	0	0
A	AB	3	71	1	1	BA1650	8985	3	0	0	0	1	0	0	0	0	0	0
A	AB	3	71	1	1	BA1650	8989	3	0	0	0	0	0	0	0	1	0	0
A	AB	3	71	1	1	BA1650	8992	3	0	0	0	1	0	0	0	0	0	0
A	AB	3	71	1	1	BA1650	9012	3	0	0	0	0	0	0	0	1	0	0
A	AB	3	71	1	1	BA1650	9015	3	0	0	0	1	0	0	0	0	0	0
A	AB	3	71	1	1	BA1650	9022	3	0	0	0	0	0	0	0	1	0	0
A	AB	3	71	1	1	BA1650	9028	3	0	0	0	1	0	0	0	0	0	0
A	AB	3	71	1	1	BA1650	9031	3	0	0	0	0	0	0	0	1	0	0
A	AB	3	71	1	1	BA1650	9138	3	5	1	1	0	0	0	0	0	0	0
A	AB	3	71	1	1	BA1650	9148	5	4	0	0	0	0	0	0	0	0	0
A	AB	3	71	1	1	BA1650	9150	4	0	0	0	0	0	0	1	0	0	0
A	AB	3	71	1	1	BA1650	9155	4	5	1	1	0	0	0	0	0	0	0
A	AB	3	71	1	1	BA1650	9164	5	0	0	0	0	0	0	1	0	0	0
A	AB	3	71	1	1	BA1650	9165	5	4	0	0	0	0	0	0	0	0	0
A	AB	3	71	1	1	BA1650	9171	4	5	1	1	0	0	0	0	0	0	0
A	AB	3	71	1	1	BA1650	9181	5	4	0	0	0	0	0	0	0	0	0
A	AB	3	71	1	1	BA1650	9184	4	0	0	0	0	0	0	1	0	0	0
A	AB	3	71	1	1	BA1650	9188	4	5	1	1	0	0	0	0	0	0	0
A	AB	3	71	1	1	BA1650	9192	5	0	0	0	0	0	0	1	0	0	0
A	AB	3	71	1	1	BA1650	9194	5	0	0	1	0	0	0	0	0	0	0
A	AB	3	71	1	1	BA1650	9198	5	4	0	0	0	0	0	0	0	0	0
A	AB	3	71	1	1	BA1650	9201	4	0	0	0	0	0	0	1	0	0	0
A	AB	3	71	1	1	BA1650	9250	4	5	1	1	0	0	0	0	0	0	0
A	AB	3	71	1	1	BA1650	9260	5	9	0	0	0	0	0	0	0	0	0
A	AB	3	71	1	1	BA1650	9268	9	0	0	0	0	0	0	1	0	0	0
A	AB	3	71	1	1	BA1650	9270	9	10	0	0	0	0	0	0	0	0	0
A	AB	3	71	1	1	BA1650	9272	10	0	0	1	0	0	0	0	0	0	0
A	AB	3	71	1	1	BA1650	9288	10	0	0	0	0	0	0	1	0	0	0
A	AB	3	71	1	1	BA1650	9345	10	2	0	0	0	0	0	0	0	0	0
A	AB	3	71	1	1	BA1650	9346	2	3	0	0	0	0	0	0	0	0	0
A	AB	3	71	1	1	BA1650	9406	3	5	1	1	0	0	0	0	0	0	0
A	AB	3	71	1	1	BA1650	9415	5	0	0	0	0	0	0	1	0	0	0
A	AB	3	71	1	1	BA1650	9416	5	4	0	0	0	0	0	0	0	0	0
A	AB	3	71	1	1	BA1650	9417	4	5	1	1	0	0	0	0	0	0	0
A	AB	3	71	1	1	BA1650	9419	5	0	0	1	0	0	0	1	0	0	0
A	AB	3	71	1	1	BA1650	9427	5	4	0	0	0	0	0	0	0	0	0
A	AB	3	71	1	1	BA1650	9446	4	0	0	0	0	0	0	1	0	0	0
A	AB	3	71	1	1	BA1650	9463	4	5	1	1	0	0	0	0	0	0	0
A	AB	3	71	1	1	BA1650	9471	5	0	0	0	0	0	0	1	0	0	0
A	AB	3	71	1	1	BA1650	9473	5	4	0	1	0	0	0	0	0	0	0
A	AB	3	71	1	1	BA1650	9480	4	0	0	0	0	0	0	1	0	0	0
A	AB	3	71	1	1	BA1650	9482	4	5	1	1	0	0	0	0	0	0	0
A	AB	3	71	1	1	BA1650	9484	5	0	0	0	0	0	0	1	0	0	0
A	AB	3	71	1	1	BA1650	9492	5	4	0	0	0	0	0	0	0	0	0
A	AB	3	71	1	1	BA1650	9507	4	5	1	1	0	0	0	0	0	0	0
A	AB	3	71	1	1	BA1650	9510	5	0	0	0	0	0	0	1	0	0	0
A	AB	3	71	1	1	BA1650	9517	5	9	0	0	0	0	0	0	0	0	0
A	AB	3	71	1	1	BA1650	9527	9	10	0	0	0	0	0	0	0	0	0
A	AB	3	71	1	1	BA1650	9602	10	2	0	0	0	0	0	0	0	0	0
A	AB	3	71	1	1	BA1650	9603	2	3	0	0	0	0	0	0	0	0	0
A	AB	3	71	1	1	BA1650	9812	3	5	1	1	0	0	0	0	0	0	0
A	AB	3	71	1	1	BA1650	9817	5	0	0	0	0	0	0	1	0	0	0
A	AB	3	71	1	1	BA1650	9820	5	0	0	1	0	0	0	0	0	0	0
A	AB	3	71	1	1	BA1650	9822	5	4	0	0	0	0	0	0	0	0	0
A	AB	3	71	1	1	BA1650	9844	4	0	0	0	0	0	0	1	0	0	0
A	AB	3	71	1	1	BA1650	9850	4	5	1	1	0	0	0	0	0	0	0
A	AB	3	71	1	1	BA1650	9855	5	0	0	0	0	0	0	1	0	0	0
A	AB	3	71	1	1	BA1650	9860	5	4	0	0	0	0	0	0	0	0	0
A	AB	3	71	1	1	BA1650	9867	4	5	1	1	0	0	0	0	0	0	0
A	AB	3	71	1	1	BA1650	9872	5	0	0	0	0	0	0	1	0	0	0
A	AB	3	71	1	1	BA1650	9876	5	0	0	1	0	0	0	0	0	0	0
A	AB	3	71	1	1	BA1650	9877	5	4	0	0	0	0	0	0	0	0	0
A	AB	3	71	1	1	BA1650	9917	4	0	0	0	0	0	0	1	0	0	0
A	AB	3	71	1	1	BA1650	9954	4	5	1	1	0	0	0	0	0	0	0
A	AB	3	71	1	1	BA1650	9959	5	0	0	0	0	0	0	1	0	0	0
A	AB	3	71	1	1	BA1650	9960	5	0	0	1	0	0	0	0	0	0	0
A	AB	3	71	1	1	BA1650	9964	5	4	0	0	0	0	0	0	0	0	0
A	AB	3	71	1	1	BA1650	9974	4	0	0	0	0	0	0	1	0	0	0
A	AB	3	71	1	1	BA1650	9979	4	5	1	1	0	0	0	0	0	0	0
A	AB	3	71	1	1	BA1650	9989	5	9	0	0	0	0	0	0	0	0	0
A	AB	3	71	1	1	BA1650	9999	9	10	0	0	0	0	0	0	0	0	0
A	AB	3	71	1	1	BA1650	10006	10	0	0	0	0	0	0	1	0	0	0
A	AB	3	71	1	1	BA1650	10074	10	2	0	0	0	0	0	0	0	0	0
A	AB	3	71	1	1	BA1650	10075	2	6	0	0	0	0	0	0	0	0	0
A	AB	3	71	1	1	BA1650	10236	6	8	2	0	1	0	0	0	0	0	0
A	AB	3	71	1	1	BA1650	10240	8	0	0	0	0	0	0	0	1	0	0
A	AB	3	71	1	1	BA1650	10246	8	7	0	0	0	0	0	0	0	0	0
A	AB	3	71	1	1	BA1650	10258	7	8	2	0	1	0	0	0	0	0	0
A	AB	3	71	1	1	BA1650	10264	8	0	0	0	0	0	0	0	1	0	0
A	AB	3	71	1	1	BA1650	10265	8	0	0	0	1	0	0	0	0	0	0
A	AB	3	71	1	1	BA1650	10268	8	7	0	0	0	0	0	0	0	0	0
A	AB	3	71	1	1	BA1650	10293	7	0	0	0	0	0	0	0	1	0	0
A	AB	3	71	1	1	BA1650	10301	7	8	2	0	1	0	0	0	0	0	0
A	AB	3	71	1	1	BA1650	10311	8	7	0	0	0	0	0	0	0	0	0
A	AB	3	71	1	1	BA1650	10367	7	0	0	0	0	0	0	0	1	0	0
A	AB	3	71	1	1	BA1650	10413	7	8	2	0	1	0	0	0	0	0	0
A	AB	3	71	1	1	BA1650	10423	8	7	0	0	0	0	0	0	0	0	0
A	AB	3	71	1	1	BA1650	10438	7	0	0	0	0	0	0	0	1	0	0
A	AB	3	71	1	1	BA1650	10443	7	8	2	0	1	0	0	0	0	0	0
A	AB	3	71	1	1	BA1650	10445	8	0	0	0	0	0	0	0	1	0	0
A	AB	3	71	1	1	BA1650	10450	8	0	0	0	1	0	0	0	0	0	0
A	AB	3	71	1	1	BA1650	10453	8	9	0	0	0	0	0	0	0	0	0
A	AB	3	71	1	1	BA1650	10463	9	10	0	0	0	0	0	0	0	0	0
A	AB	3	71	1	1	BA1650	10482	10	0	0	0	0	0	0	0	1	0	0
A	AB	3	71	1	1	BA1650	10538	10	2	0	0	0	0	0	0	0	0	0
A	AB	3	71	1	1	BA1650	10539	2	6	0	0	0	0	0	0	0	0	0
A	AB	3	71	1	1	BA1650	10686	6	8	2	0	1	0	0	0	0	0	0
A	AB	3	71	1	1	BA1650	10696	8	7	0	0	0	0	0	0	0	0	0
A	AB	3	71	1	1	BA1650	10707	7	0	0	0	0	0	0	0	1	0	0
A	AB	3	71	1	1	BA1650	10724	7	8	2	0	1	0	0	0	0	0	0
A	AB	3	71	1	1	BA1650	10727	8	0	0	0	0	0	0	0	1	0	0
A	AB	3	71	1	1	BA1650	10730	8	0	0	0	1	0	0	0	0	0	0
A	AB	3	71	1	1	BA1650	10734	8	7	0	0	0	0	0	0	0	0	0
A	AB	3	71	1	1	BA1650	10748	7	0	0	0	0	0	0	0	1	0	0
A	AB	3	71	1	1	BA1650	10751	7	8	2	0	1	0	0	0	0	0	0
A	AB	3	71	1	1	BA1650	10758	8	0	0	0	0	0	0	0	1	0	0
A	AB	3	71	1	1	BA1650	10761	8	7	0	0	0	0	0	0	0	0	0
A	AB	3	71	1	1	BA1650	10766	7	8	2	0	1	0	0	0	0	0	0
A	AB	3	71	1	1	BA1650	10769	8	0	0	0	1	0	0	0	1	0	0
A	AB	3	71	1	1	BA1650	10776	8	7	0	0	0	0	0	0	0	0	0
A	AB	3	71	1	1	BA1650	10777	7	0	0	0	0	0	0	0	1	0	0
A	AB	3	71	1	1	BA1650	10779	7	8	2	0	1	0	0	0	0	0	0
A	AB	3	71	1	1	BA1650	10785	8	0	0	0	0	0	0	0	1	0	0
A	AB	3	71	1	1	BA1650	10788	8	0	0	0	1	0	0	0	0	0	0
A	AB	3	71	1	1	BA1650	10789	8	9	0	0	0	0	0	0	0	0	0
A	AB	3	71	1	1	BA1650	10799	9	10	0	0	0	0	0	0	0	0	0
A	AB	3	71	1	1	BA1650	10818	10	0	0	0	0	0	0	0	1	0	0
A	AB	3	71	1	1	BA1650	10874	10	2	0	0	0	0	0	0	0	0	0
A	AB	3	71	1	1	BA1650	10875	2	6	0	0	0	0	0	0	0	0	0
A	AB	3	71	1	1	BA1650	11216	6	8	2	0	1	0	0	0	0	0	0
A	AB	3	71	1	1	BA1650	11226	8	7	0	0	0	0	0	0	0	0	0
A	AB	3	71	1	1	BA1650	11230	7	0	0	0	0	0	0	0	1	0	0
A	AB	3	71	1	1	BA1650	11248	7	8	2	0	1	0	0	0	0	0	0
A	AB	3	71	1	1	BA1650	11257	8	0	0	0	0	0	0	0	1	0	0
A	AB	3	71	1	1	BA1650	11258	8	7	0	0	0	0	0	0	0	0	0
A	AB	3	71	1	1	BA1650	11266	7	8	2	0	1	0	0	0	0	0	0
A	AB	3	71	1	1	BA1650	11273	8	0	0	0	0	0	0	0	1	0	0
A	AB	3	71	1	1	BA1650	11276	8	7	0	0	0	0	0	0	0	0	0
A	AB	3	71	1	1	BA1650	11287	7	8	2	0	1	0	0	0	0	0	0
A	AB	3	71	1	1	BA1650	11297	8	7	0	0	0	0	0	0	0	0	0
A	AB	3	71	1	1	BA1650	11305	7	0	0	0	0	0	0	0	1	0	0
A	AB	3	71	1	1	BA1650	11307	7	8	2	0	1	0	0	0	0	0	0
A	AB	3	71	1	1	BA1650	11317	8	9	0	0	0	0	0	0	1	0	0
A	AB	3	71	1	1	BA1650	11327	9	10	0	0	0	0	0	0	0	0	0
A	AB	3	71	1	1	BA1650	11338	10	0	0	0	1	0	0	0	0	0	0
A	AB	3	71	1	1	BA1650	11347	10	0	0	0	0	0	0	0	1	0	0
A	AB	3	71	1	1	BA1650	11349	10	0	0	0	1	0	0	0	0	0	0
A	AB	3	71	1	1	BA1650	11377	10	0	0	0	0	0	0	0	1	0	0
A	AB	3	71	1	1	BA1650	11402	10	2	0	0	0	0	0	0	0	0	0
A	AB	3	71	1	1	BA1650	11403	2	3	0	0	0	0	0	0	0	0	0
A	AB	3	71	1	1	BA1650	11514	3	5	1	1	0	0	0	0	0	0	0
A	AB	3	71	1	1	BA1650	11520	5	0	0	0	0	0	0	1	0	0	0
A	AB	3	71	1	1	BA1650	11524	5	4	0	0	0	0	0	0	0	0	0
A	AB	3	71	1	1	BA1650	11525	4	5	1	1	0	0	0	0	0	0	0
A	AB	3	71	1	1	BA1650	11535	5	4	0	0	0	0	0	0	0	0	0
A	AB	3	71	1	1	BA1650	11546	4	0	0	0	0	0	0	1	0	0	0
A	AB	3	71	1	1	BA1650	11549	4	5	1	1	0	0	0	0	0	0	0
A	AB	3	71	1	1	BA1650	11551	5	0	0	0	0	0	0	1	0	0	0
A	AB	3	71	1	1	BA1650	11554	5	0	0	1	0	0	0	0	0	0	0
A	AB	3	71	1	1	BA1650	11559	5	4	0	0	0	0	0	0	0	0	0
A	AB	3	71	1	1	BA1650	11569	4	0	0	0	0	0	0	1	0	0	0
A	AB	3	71	1	1	BA1650	11592	4	5	1	1	0	0	0	0	0	0	0
A	AB	3	71	1	1	BA1650	11602	5	4	0	0	0	0	0	0	0	0	0
A	AB	3	71	1	1	BA1650	11606	4	0	0	0	0	0	0	1	0	0	0
A	AB	3	71	1	1	BA1650	11608	4	5	1	1	0	0	0	0	0	0	0
A	AB	3	71	1	1	BA1650	11618	5	9	0	0	0	0	0	0	0	0	0
A	AB	3	71	1	1	BA1650	11628	9	10	0	0	0	0	0	0	0	0	0
A	AB	3	71	1	1	BA1650	11645	10	0	0	0	0	0	0	1	0	0	0
A	AB	3	71	1	1	BA1650	11703	10	2	0	0	0	0	0	0	0	0	0
A	AB	3	71	1	1	BA1650	11704	2	3	0	0	0	0	0	0	0	0	0
A	AB	3	71	1	1	BA1650	11770	3	5	1	1	0	0	0	0	0	0	0
A	AB	3	71	1	1	BA1650	11780	5	4	0	0	0	0	0	0	0	0	0
A	AB	3	71	1	1	BA1650	11783	4	0	0	0	0	0	0	1	0	0	0
A	AB	3	71	1	1	BA1650	11788	4	5	1	1	0	0	0	0	0	0	0
A	AB	3	71	1	1	BA1650	11798	5	4	0	0	0	0	0	0	0	0	0
A	AB	3	71	1	1	BA1650	11806	4	0	0	0	0	0	0	1	0	0	0
A	AB	3	71	1	1	BA1650	11815	4	5	1	1	0	0	0	0	0	0	0
A	AB	3	71	1	1	BA1650	11822	5	0	0	1	0	0	0	1	0	0	0
A	AB	3	71	1	1	BA1650	11825	5	4	0	0	0	0	0	0	0	0	0
A	AB	3	71	1	1	BA1650	11841	4	0	0	0	0	0	0	1	0	0	0
A	AB	3	71	1	1	BA1650	11845	4	5	1	1	0	0	0	0	0	0	0
A	AB	3	71	1	1	BA1650	11855	5	4	0	0	0	0	0	0	0	0	0
A	AB	3	71	1	1	BA1650	11856	4	0	0	0	0	0	0	1	0	0	0
A	AB	3	71	1	1	BA1650	11859	4	5	1	1	0	0	0	0	0	0	0
A	AB	3	71	1	1	BA1650	11869	5	9	0	0	0	0	0	0	0	0	0
A	AB	3	71	1	1	BA1650	11879	9	10	0	0	0	0	0	0	0	0	0
A	AB	3	71	1	1	BA1650	11882	10	0	0	0	0	0	0	1	0	0	0
A	AB	3	71	1	1	BA1650	11954	10	2	0	0	0	0	0	0	0	0	0
A	AB	3	71	1	1	BA1650	11955	2	3	0	0	0	0	0	0	0	0	0
A	AB	3	71	1	1	BA1650	12025	3	5	1	1	0	0	0	0	0	0	0
A	AB	3	71	1	1	BA1650	12035	5	4	0	0	0	0	0	0	0	0	0
A	AB	3	71	1	1	BA1650	12041	4	0	0	0	0	0	0	1	0	0	0
A	AB	3	71	1	1	BA1650	12047	4	5	1	1	0	0	0	0	0	0	0
A	AB	3	71	1	1	BA1650	12057	5	4	0	0	0	0	0	0	0	0	0
A	AB	3	71	1	1	BA1650	12082	4	0	0	0	0	0	0	1	0	0	0
A	AB	3	71	1	1	BA1650	12083	4	5	1	1	0	0	0	0	0	0	0
A	AB	3	71	1	1	BA1650	12093	5	4	0	0	0	0	0	0	0	0	0
A	AB	3	71	1	1	BA1650	12105	4	0	0	0	0	0	0	1	0	0	0
A	AB	3	71	1	1	BA1650	12106	4	5	1	1	0	0	0	0	0	0	0
A	AB	3	71	1	1	BA1650	12107	5	0	0	0	0	0	0	1	0	0	0
A	AB	3	71	1	1	BA1650	12116	5	4	0	0	0	0	0	0	0	0	0
A	AB	3	71	1	1	BA1650	12133	4	5	1	1	0	0	0	0	0	0	0
A	AB	3	71	1	1	BA1650	12141	5	0	0	0	0	0	0	1	0	0	0
A	AB	3	71	1	1	BA1650	12143	5	9	0	0	0	0	0	0	0	0	0
A	AB	3	71	1	1	BA1650	12153	9	10	0	0	0	0	0	0	0	0	0
A	AB	3	71	1	1	BA1650	12228	10	2	0	0	0	0	0	0	0	0	0
A	AB	3	71	1	1	BA1650	12229	2	6	0	0	0	0	0	0	0	0	0
A	AB	3	71	1	1	BA1650	12386	6	8	2	0	1	0	0	0	0	0	0
A	AB	3	71	1	1	BA1650	12396	8	7	0	0	0	0	0	0	0	0	0
A	AB	3	71	1	1	BA1650	12401	7	0	0	0	0	0	0	0	1	0	0
A	AB	3	71	1	1	BA1650	12405	7	8	2	0	1	0	0	0	0	0	0
A	AB	3	71	1	1	BA1650	12415	8	7	0	0	0	0	0	0	1	0	0
A	AB	3	71	1	1	BA1650	12435	7	8	2	0	1	0	0	0	0	0	0
A	AB	3	71	1	1	BA1650	12445	8	7	0	0	0	0	0	0	0	0	0
A	AB	3	71	1	1	BA1650	12455	7	0	0	0	0	0	0	0	1	0	0
A	AB	3	71	1	1	BA1650	12457	7	8	2	0	1	0	0	0	0	0	0
A	AB	3	71	1	1	BA1650	12466	8	0	0	0	0	0	0	0	1	0	0
A	AB	3	71	1	1	BA1650	12467	8	7	0	0	0	0	0	0	0	0	0
A	AB	3	71	1	1	BA1650	12476	7	8	2	0	1	0	0	0	0	0	0
A	AB	3	71	1	1	BA1650	12479	8	0	0	0	0	0	0	0	1	0	0
A	AB	3	71	1	1	BA1650	12482	8	0	0	0	1	0	0	0	0	0	0
A	AB	3	71	1	1	BA1650	12485	8	0	0	0	0	0	0	0	1	0	0
A	AB	3	71	1	1	BA1650	12486	8	9	0	0	0	0	0	0	0	0	0
A	AB	3	71	1	1	BA1650	12488	9	0	0	0	1	0	0	0	0	0	0
A	AB	3	71	1	1	BA1650	12496	9	10	0	0	0	0	0	0	0	0	0
A	AB	3	71	1	1	BA1650	12514	10	0	0	0	0	0	0	0	1	0	0
A	AB	3	71	1	1	BA1650	12571	10	2	0	0	0	0	0	0	0	0	0
A	AB	3	71	1	1	BA1650	12572	2	3	0	0	0	0	0	0	0	0	0
A	AB	3	71	1	1	BA1650	12693	3	5	1	1	0	0	0	0	0	0	0
A	AB	3	71	1	1	BA1650	12699	5	0	0	0	0	0	0	1	0	0	0
A	AB	3	71	1	1	BA1650	12703	5	4	0	0	0	0	0	0	0	0	0
A	AB	3	71	1	1	BA1650	12731	4	5	1	1	0	0	0	0	0	0	0
A	AB	3	71	1	1	BA1650	12741	5	4	0	0	0	0	0	1	0	0	0
A	AB	3	71	1	1	BA1650	12836	4	5	1	1	0	0	0	0	0	0	0
A	AB	3	71	1	1	BA1650	12844	5	0	0	0	0	0	0	1	0	0	0
A	AB	3	71	1	1	BA1650	12846	5	4	0	1	0	0	0	0	0	0	0
A	AB	3	71	1	1	BA1650	12871	4	0	0	0	0	0	0	1	0	0	0
A	AB	3	71	1	1	BA1650	12933	4	5	1	1	0	0	0	0	0	0	0
A	AB	3	71	1	1	BA1650	12943	5	4	0	0	0	0	0	0	0	0	0
A	AB	3	71	1	1	BA1650	12997	4	0	0	0	0	0	0	1	0	0	0
A	AB	3	71	1	1	BA1650	13041	4	5	1	1	0	0	0	0	0	0	0
A	AB	3	71	1	1	BA1650	13048	5	0	0	0	0	0	0	1	0	0	0
A	AB	3	71	1	1	BA1650	13051	5	9	0	0	0	0	0	0	0	0	0
A	AB	3	71	1	1	BA1650	13061	9	10	0	0	0	0	0	0	0	0	0
A	AB	3	71	1	1	BA1650	13067	10	0	0	1	0	0	0	0	0	0	0
A	AB	3	71	1	1	BA1650	13076	10	0	0	0	0	0	0	1	0	0	0
A	AB	3	71	1	1	BA1650	13081	10	0	0	1	0	0	0	0	0	0	0
A	AB	3	71	1	1	BA1650	13099	10	0	0	0	0	0	0	1	0	0	0
A	AB	3	71	1	1	BA1650	13103	10	0	0	1	0	0	0	0	0	0	0
A	AB	3	71	1	1	BA1650	13108	10	0	0	0	0	0	0	1	0	0	0
A	AB	3	71	1	1	BA1650	13111	10	0	0	1	0	0	0	0	0	0	0
A	AB	3	71	1	1	BA1650	13136	10	2	0	0	0	0	0	0	0	0	0
A	AB	3	71	1	1	BA1650	13137	2	6	0	0	0	0	0	0	0	0	0
A	AB	3	71	1	1	BA1650	13139	6	0	0	0	0	0	0	1	0	0	0
A	AB	3	71	1	1	BA1650	13142	6	0	0	1	0	0	0	0	0	0	0
A	AB	3	71	1	1	BA1650	13163	6	0	0	0	0	0	0	1	0	0	0
A	AB	3	71	1	1	BA1650	13499	6	8	2	0	1	0	0	0	0	0	0
A	AB	3	71	1	1	BA1650	13506	8	0	0	0	0	0	0	0	1	0	0
A	AB	3	71	1	1	BA1650	13509	8	7	0	0	0	0	0	0	0	0	0
A	AB	3	71	1	1	BA1650	13522	7	8	2	0	1	0	0	0	0	0	0
A	AB	3	71	1	1	BA1650	13532	8	7	0	0	0	0	0	0	0	0	0
A	AB	3	71	1	1	BA1650	13548	7	0	0	0	0	0	0	0	1	0	0
A	AB	3	71	1	1	BA1650	13572	7	8	2	0	1	0	0	0	0	0	0
A	AB	3	71	1	1	BA1650	13582	8	7	0	0	0	0	0	0	0	0	0
A	AB	3	71	1	1	BA1650	13605	7	0	0	0	0	0	0	0	1	0	0
A	AB	3	71	1	1	BA1650	13620	7	8	2	0	1	0	0	0	0	0	0
A	AB	3	71	1	1	BA1650	13623	8	0	0	0	0	0	0	0	1	0	0
A	AB	3	71	1	1	BA1650	13627	8	0	0	0	1	0	0	0	0	0	0
A	AB	3	71	1	1	BA1650	13630	8	7	0	0	0	0	0	0	0	0	0
A	AB	3	71	1	1	BA1650	13656	7	0	0	0	0	0	0	0	1	0	0
A	AB	3	71	1	1	BA1650	13658	7	8	2	0	1	0	0	0	0	0	0
A	AB	3	71	1	1	BA1650	13668	8	9	0	0	0	0	0	0	0	0	0
A	AB	3	71	1	1	BA1650	13678	9	10	0	0	0	0	0	0	0	0	0
A	AB	3	71	1	1	BA1650	13682	10	0	0	0	0	0	0	0	1	0	0
A	AB	3	71	1	1	BA1650	13753	10	2	0	0	0	0	0	0	0	0	0
A	AB	3	71	1	1	BA1650	13754	2	3	0	0	0	0	0	0	0	0	0
A	AB	3	71	1	1	BA1650	13790	3	0	0	0	1	0	0	0	0	0	0
A	AB	3	71	1	1	BA1650	13815	3	0	0	0	0	0	0	0	1	0	0
A	AB	3	71	1	1	BA1650	13821	3	0	0	0	1	0	0	0	0	0	0
A	AB	3	71	1	1	BA1650	13827	3	0	0	0	0	0	0	0	1	0	0
A	AB	3	71	1	1	BA1650	13837	3	0	0	0	1	0	0	0	0	0	0
A	AB	3	71	1	1	BA1650	13843	3	0	0	0	0	0	0	0	1	0	0
A	AB	3	71	1	1	BA1650	13847	3	0	0	0	1	0	0	0	0	0	0
A	AB	3	71	1	1	BA1650	13852	3	0	0	0	0	0	0	0	1	0	0
A	AB	3	71	1	1	BA1650	13855	3	0	0	0	1	0	0	0	0	0	0
A	AB	3	71	1	1	BA1650	13889	3	0	0	0	0	0	0	0	1	0	0
A	AB	3	71	1	1	BA1650	13981	3	0	0	0	1	0	0	0	0	0	0
A	AB	3	71	1	1	BA1650	14002	3	0	0	0	0	0	0	0	1	0	0
A	AB	3	71	1	1	BA1650	14004	3	0	0	0	1	0	0	0	0	0	0
A	AB	3	71	1	1	BA1650	14005	3	0	0	0	0	0	0	0	1	0	0
A	AB	3	71	1	1	BA1650	14008	3	0	0	0	1	0	0	0	0	0	0
A	AB	3	71	1	1	BA1650	14038	3	0	0	0	0	0	0	0	1	0	0
A	AB	3	71	1	1	BA1650	14043	3	0	0	0	1	0	0	0	0	0	0
A	AB	3	71	1	1	BA1650	14052	3	0	0	0	0	0	0	0	1	0	0
A	AB	3	71	1	1	BA1650	14075	3	0	0	0	1	0	0	0	0	0	0
A	AB	3	71	1	1	BA1650	14101	3	0	0	0	0	0	0	0	1	0	0
A	AB	3	71	1	1	BA1650	14102	3	0	0	0	1	0	0	0	0	0	0
A	AB	3	71	1	1	BA1650	14114	3	0	0	0	0	0	0	0	1	0	0
A	AB	3	71	1	1	BA1650	14121	3	0	0	0	1	0	0	0	0	0	0
A	AB	3	71	1	1	BA1650	14126	3	0	0	0	0	0	0	0	1	0	0
A	AB	3	71	1	1	BA1650	14134	3	0	0	0	1	0	0	0	0	0	0
A	AB	3	71	1	1	BA1650	14139	3	0	0	0	0	0	0	0	1	0	0
A	AB	3	71	1	1	BA1650	14142	3	0	0	0	1	0	0	0	0	0	0
A	AB	3	71	1	1	BA1650	14162	3	0	0	0	1	0	0	0	1	0	0
A	AB	3	71	1	1	BA1650	14196	3	0	0	0	0	0	0	0	1	0	0
A	AB	3	71	1	1	BA1650	14202	3	0	0	0	1	0	0	0	0	0	0
A	AB	3	71	1	1	BA1650	14221	3	0	0	0	0	0	0	0	1	0	0
A	AB	3	71	1	1	BA1650	14319	3	0	0	0	1	0	0	0	0	0	0
A	AB	3	71	1	1	BA1650	14382	3	0	0	0	0	0	0	0	1	0	0
A	AB	3	71	1	1	BA1650	14389	3	0	0	0	1	0	0	0	0	0	0
A	AB	3	71	1	1	BA1650	14400	3	0	0	0	0	0	0	0	1	0	0
A	AB	3	71	1	1	BA1650	14406	3	0	0	0	1	0	0	0	0	0	0
A	AB	3	71	1	1	BA1650	14425	3	0	0	0	0	0	0	0	1	0	0
A	AB	3	71	1	1	BA1650	14438	3	0	0	0	1	0	0	0	0	0	0
A	AB	3	71	1	1	BA1650	14449	3	0	0	0	0	0	0	0	1	0	0
A	AB	3	71	1	1	BA1650	14450	3	0	0	0	1	0	0	0	0	0	0
A	AB	3	71	1	1	BA1650	14452	3	0	0	0	0	0	0	0	1	0	0
A	AB	3	71	1	1	BA1650	14456	3	0	0	0	1	0	0	0	0	0	0
A	AB	3	71	1	1	BA1650	14458	3	0	0	0	0	0	0	0	1	0	0
A	AB	3	71	1	1	BA1650	14547	3	5	1	1	0	0	0	0	0	0	0
A	AB	3	71	1	1	BA1650	14557	5	4	0	0	0	0	0	0	0	0	0
A	AB	3	71	1	1	BA1650	14569	4	0	0	0	0	0	0	1	0	0	0
A	AB	3	71	1	1	BA1650	14578	4	5	1	1	0	0	0	0	0	0	0
A	AB	3	71	1	1	BA1650	14586	5	0	0	0	0	0	0	1	0	0	0
A	AB	3	71	1	1	BA1650	14588	5	4	0	0	0	0	0	0	0	0	0
A	AB	3	71	1	1	BA1650	14593	4	5	1	1	0	0	0	0	0	0	0
A	AB	3	71	1	1	BA1650	14603	5	4	0	0	0	0	0	0	0	0	0
A	AB	3	71	1	1	BA1650	14607	4	0	0	0	0	0	0	1	0	0	0
A	AB	3	71	1	1	BA1650	14620	4	5	1	1	0	0	0	0	0	0	0
A	AB	3	71	1	1	BA1650	14622	5	0	0	0	0	0	0	1	0	0	0
A	AB	3	71	1	1	BA1650	14624	5	0	0	1	0	0	0	0	0	0	0
A	AB	3	71	1	1	BA1650	14630	5	4	0	0	0	0	0	0	0	0	0
A	AB	3	71	1	1	BA1650	14639	4	0	0	0	0	0	0	1	0	0	0
A	AB	3	71	1	1	BA1650	14649	4	5	1	1	0	0	0	0	0	0	0
A	AB	3	71	1	1	BA1650	14657	5	0	0	0	0	0	0	1	0	0	0
A	AB	3	71	1	1	BA1650	14659	5	9	0	0	0	0	0	0	0	0	0
A	AB	3	71	1	1	BA1650	14661	9	0	0	1	0	0	0	0	0	0	0
A	AB	3	71	1	1	BA1650	14669	9	10	0	0	0	0	0	0	0	0	0
A	AB	3	71	1	1	BA1650	14680	10	0	0	0	0	0	0	1	0	0	0
A	AB	3	71	1	1	BA1650	14744	10	2	0	0	0	0	0	0	0	0	0
A	AB	3	71	1	1	BA1650	14745	2	3	0	0	0	0	0	0	0	0	0
A	AB	3	71	1	1	BA1650	14813	3	5	1	1	0	0	0	0	0	0	0
A	AB	3	71	1	1	BA1650	14823	5	4	0	0	0	0	0	1	0	0	0
A	AB	3	71	1	1	BA1650	14827	4	5	1	1	0	0	0	0	0	0	0
A	AB	3	71	1	1	BA1650	14837	5	4	0	0	0	0	0	0	0	0	0
A	AB	3	71	1	1	BA1650	14846	4	0	0	0	0	0	0	1	0	0	0
A	AB	3	71	1	1	BA1650	14850	4	5	1	1	0	0	0	0	0	0	0
A	AB	3	71	1	1	BA1650	14860	5	4	0	0	0	0	0	0	0	0	0
A	AB	3	71	1	1	BA1650	14864	4	0	0	0	0	0	0	1	0	0	0
A	AB	3	71	1	1	BA1650	14879	4	5	1	1	0	0	0	0	0	0	0
A	AB	3	71	1	1	BA1650	14883	5	0	0	0	0	0	0	1	0	0	0
A	AB	3	71	1	1	BA1650	14889	5	4	0	0	0	0	0	0	0	0	0
A	AB	3	71	1	1	BA1650	14893	4	5	1	1	0	0	0	0	0	0	0
A	AB	3	71	1	1	BA1650	14897	5	0	0	0	0	0	0	1	0	0	0
A	AB	3	71	1	1	BA1650	14903	5	9	0	0	0	0	0	0	0	0	0
A	AB	3	71	1	1	BA1650	14913	9	-1	0	0	0	0	0	0	0	0	0
