Project	UserID	Protocol	Session	Station	Run	Subject	Time	Current State	Transition State	Transition Event	A1 - LEFT	A2 - RIGHT	A3 - 	A4 - 	A[1] LEFT	A[2] RIGHT	A[3] 	A[4] 
A	BL	9	97	1	1	BA1652	0	0	1	0	0	0	0	0	0	0	0	0
A	BL	9	97	1	1	BA1652	50	1	2	0	0	0	0	0	0	0	0	0
A	BL	9	97	1	1	BA1652	51	2	3	0	0	0	0	0	0	0	0	0
A	BL	9	97	1	1	BA1652	779	3	5	1	1	0	0	0	0	0	0	0
A	BL	9	97	1	1	BA1652	781	5	0	0	0	0	0	0	1	0	0	0
A	BL	9	97	1	1	BA1652	789	5	4	0	0	0	0	0	0	0	0	0
A	BL	9	97	1	1	BA1652	832	4	5	1	1	0	0	0	0	0	0	0
A	BL	9	97	1	1	BA1652	834	5	0	0	0	0	0	0	1	0	0	0
A	BL	9	97	1	1	BA1652	842	5	4	0	0	0	0	0	0	0	0	0
A	BL	9	97	1	1	BA1652	882	4	5	1	1	0	0	0	0	0	0	0
A	BL	9	97	1	1	BA1652	887	5	0	0	0	0	0	0	1	0	0	0
A	BL	9	97	1	1	BA1652	892	5	4	0	0	0	0	0	0	0	0	0
A	BL	9	97	1	1	BA1652	908	4	5	1	1	0	0	0	0	0	0	0
A	BL	9	97	1	1	BA1652	917	5	0	0	0	0	0	0	1	0	0	0
A	BL	9	97	1	1	BA1652	918	5	4	0	0	0	0	0	0	0	0	0
A	BL	9	97	1	1	BA1652	926	4	5	1	1	0	0	0	0	0	0	0
A	BL	9	97	1	1	BA1652	929	5	0	0	0	0	0	0	1	0	0	0
A	BL	9	97	1	1	BA1652	933	5	0	0	1	0	0	0	0	0	0	0
A	BL	9	97	1	1	BA1652	936	5	9	0	0	0	0	0	0	0	0	0
A	BL	9	97	1	1	BA1652	946	9	10	0	0	0	0	0	0	0	0	0
A	BL	9	97	1	1	BA1652	947	10	0	0	0	0	0	0	1	0	0	0
A	BL	9	97	1	1	BA1652	1021	10	2	0	0	0	0	0	0	0	0	0
A	BL	9	97	1	1	BA1652	1022	2	3	0	0	0	0	0	0	0	0	0
A	BL	9	97	1	1	BA1652	1089	3	5	1	1	0	0	0	0	0	0	0
A	BL	9	97	1	1	BA1652	1097	5	0	0	0	0	0	0	1	0	0	0
A	BL	9	97	1	1	BA1652	1099	5	4	0	1	0	0	0	0	0	0	0
A	BL	9	97	1	1	BA1652	1131	4	0	0	0	0	0	0	1	0	0	0
A	BL	9	97	1	1	BA1652	1143	4	5	1	1	0	0	0	0	0	0	0
A	BL	9	97	1	1	BA1652	1153	5	4	0	0	0	0	0	0	0	0	0
A	BL	9	97	1	1	BA1652	1159	4	0	0	0	0	0	0	1	0	0	0
A	BL	9	97	1	1	BA1652	1161	4	5	1	1	0	0	0	0	0	0	0
A	BL	9	97	1	1	BA1652	1165	5	0	0	0	0	0	0	1	0	0	0
A	BL	9	97	1	1	BA1652	1171	5	4	0	0	0	0	0	0	0	0	0
A	BL	9	97	1	1	BA1652	1229	4	5	1	1	0	0	0	0	0	0	0
A	BL	9	97	1	1	BA1652	1231	5	0	0	0	0	0	0	1	0	0	0
A	BL	9	97	1	1	BA1652	1239	5	4	0	0	0	0	0	0	0	0	0
A	BL	9	97	1	1	BA1652	1263	4	5	1	1	0	0	0	0	0	0	0
A	BL	9	97	1	1	BA1652	1269	5	0	0	0	0	0	0	1	0	0	0
A	BL	9	97	1	1	BA1652	1273	5	9	0	0	0	0	0	0	0	0	0
A	BL	9	97	1	1	BA1652	1277	9	0	0	1	0	0	0	0	0	0	0
A	BL	9	97	1	1	BA1652	1279	9	0	0	0	0	0	0	1	0	0	0
A	BL	9	97	1	1	BA1652	1283	9	10	0	0	0	0	0	0	0	0	0
A	BL	9	97	1	1	BA1652	1358	10	2	0	0	0	0	0	0	0	0	0
A	BL	9	97	1	1	BA1652	1359	2	3	0	0	0	0	0	0	0	0	0
A	BL	9	97	1	1	BA1652	1423	3	5	1	1	0	0	0	0	0	0	0
A	BL	9	97	1	1	BA1652	1433	5	4	0	0	0	0	0	0	0	0	0
A	BL	9	97	1	1	BA1652	1447	4	5	1	1	0	0	0	1	0	0	0
A	BL	9	97	1	1	BA1652	1457	5	4	0	0	0	0	0	0	0	0	0
A	BL	9	97	1	1	BA1652	1466	4	0	0	0	0	0	0	1	0	0	0
A	BL	9	97	1	1	BA1652	1467	4	5	1	1	0	0	0	0	0	0	0
A	BL	9	97	1	1	BA1652	1473	5	0	0	1	0	0	0	1	0	0	0
A	BL	9	97	1	1	BA1652	1477	5	4	0	0	0	0	0	0	0	0	0
A	BL	9	97	1	1	BA1652	1508	4	0	0	0	0	0	0	1	0	0	0
A	BL	9	97	1	1	BA1652	1512	4	5	1	1	0	0	0	0	0	0	0
A	BL	9	97	1	1	BA1652	1522	5	4	0	0	0	0	0	0	0	0	0
A	BL	9	97	1	1	BA1652	1532	4	5	1	1	0	0	0	1	0	0	0
A	BL	9	97	1	1	BA1652	1542	5	9	0	0	0	0	0	0	0	0	0
A	BL	9	97	1	1	BA1652	1548	9	0	0	0	0	0	0	1	0	0	0
A	BL	9	97	1	1	BA1652	1550	9	0	0	1	0	0	0	0	0	0	0
A	BL	9	97	1	1	BA1652	1552	9	10	0	0	0	0	0	0	0	0	0
A	BL	9	97	1	1	BA1652	1553	10	0	0	0	0	0	0	1	0	0	0
A	BL	9	97	1	1	BA1652	1627	10	2	0	0	0	0	0	0	0	0	0
A	BL	9	97	1	1	BA1652	1628	2	6	0	0	0	0	0	0	0	0	0
A	BL	9	97	1	1	BA1652	2067	6	0	0	1	0	0	0	0	0	0	0
A	BL	9	97	1	1	BA1652	2074	6	0	0	0	0	0	0	1	0	0	0
A	BL	9	97	1	1	BA1652	2234	6	8	2	0	1	0	0	0	0	0	0
A	BL	9	97	1	1	BA1652	2244	8	7	0	0	0	0	0	0	0	0	0
A	BL	9	97	1	1	BA1652	2250	7	0	0	0	0	0	0	0	1	0	0
A	BL	9	97	1	1	BA1652	2967	7	8	2	0	1	0	0	0	0	0	0
A	BL	9	97	1	1	BA1652	2975	8	0	0	0	0	0	0	0	1	0	0
A	BL	9	97	1	1	BA1652	2977	8	7	0	0	0	0	0	0	0	0	0
A	BL	9	97	1	1	BA1652	3996	7	8	2	0	1	0	0	0	0	0	0
A	BL	9	97	1	1	BA1652	4006	8	7	0	0	0	0	0	0	0	0	0
A	BL	9	97	1	1	BA1652	4014	7	0	0	0	0	0	0	0	1	0	0
A	BL	9	97	1	1	BA1652	4152	7	8	2	0	1	0	0	0	0	0	0
A	BL	9	97	1	1	BA1652	4162	8	7	0	0	0	0	0	0	0	0	0
A	BL	9	97	1	1	BA1652	4235	7	0	0	0	0	0	0	0	1	0	0
A	BL	9	97	1	1	BA1652	4311	7	8	2	0	1	0	0	0	0	0	0
A	BL	9	97	1	1	BA1652	4316	8	0	0	0	0	0	0	0	1	0	0
A	BL	9	97	1	1	BA1652	4317	8	0	0	0	1	0	0	0	0	0	0
A	BL	9	97	1	1	BA1652	4321	8	7	0	0	0	0	0	0	0	0	0
A	BL	9	97	1	1	BA1652	4338	7	0	0	0	0	0	0	0	1	0	0
A	BL	9	97	1	1	BA1652	4343	7	8	2	0	1	0	0	0	0	0	0
A	BL	9	97	1	1	BA1652	4349	8	0	0	0	0	0	0	0	1	0	0
A	BL	9	97	1	1	BA1652	4350	8	0	0	0	1	0	0	0	0	0	0
A	BL	9	97	1	1	BA1652	4351	8	0	0	0	0	0	0	0	1	0	0
A	BL	9	97	1	1	BA1652	4353	8	7	0	0	0	0	0	0	0	0	0
A	BL	9	97	1	1	BA1652	4398	7	8	2	0	1	0	0	0	0	0	0
A	BL	9	97	1	1	BA1652	4408	8	7	0	0	0	0	0	0	0	0	0
A	BL	9	97	1	1	BA1652	4421	7	0	0	0	0	0	0	0	1	0	0
A	BL	9	97	1	1	BA1652	4422	7	8	2	0	1	0	0	0	0	0	0
A	BL	9	97	1	1	BA1652	4429	8	0	0	0	0	0	0	0	1	0	0
A	BL	9	97	1	1	BA1652	4432	8	7	0	0	0	0	0	0	0	0	0
A	BL	9	97	1	1	BA1652	4468	7	8	2	0	1	0	0	0	0	0	0
A	BL	9	97	1	1	BA1652	4478	8	7	0	0	0	0	0	0	0	0	0
A	BL	9	97	1	1	BA1652	4505	7	0	0	0	0	0	0	0	1	0	0
A	BL	9	97	1	1	BA1652	4522	7	8	2	0	1	0	0	0	0	0	0
A	BL	9	97	1	1	BA1652	4525	8	0	0	0	0	0	0	0	1	0	0
A	BL	9	97	1	1	BA1652	4527	8	0	0	0	1	0	0	0	0	0	0
A	BL	9	97	1	1	BA1652	4532	8	7	0	0	0	0	0	0	0	0	0
A	BL	9	97	1	1	BA1652	4533	7	0	0	0	0	0	0	0	1	0	0
A	BL	9	97	1	1	BA1652	4534	7	8	2	0	1	0	0	0	0	0	0
A	BL	9	97	1	1	BA1652	4538	8	0	0	0	0	0	0	0	1	0	0
A	BL	9	97	1	1	BA1652	4539	8	0	0	0	1	0	0	0	0	0	0
A	BL	9	97	1	1	BA1652	4544	8	7	0	0	0	0	0	0	1	0	0
A	BL	9	97	1	1	BA1652	4598	7	8	2	0	1	0	0	0	0	0	0
A	BL	9	97	1	1	BA1652	4608	8	7	0	0	0	0	0	0	0	0	0
A	BL	9	97	1	1	BA1652	4623	7	0	0	0	0	0	0	0	1	0	0
A	BL	9	97	1	1	BA1652	4625	7	8	2	0	1	0	0	0	0	0	0
A	BL	9	97	1	1	BA1652	4629	8	0	0	0	0	0	0	0	1	0	0
A	BL	9	97	1	1	BA1652	4630	8	0	0	0	1	0	0	0	0	0	0
A	BL	9	97	1	1	BA1652	4635	8	7	0	0	0	0	0	0	0	0	0
A	BL	9	97	1	1	BA1652	4650	7	0	0	0	0	0	0	0	1	0	0
A	BL	9	97	1	1	BA1652	4700	7	8	2	0	1	0	0	0	0	0	0
A	BL	9	97	1	1	BA1652	4709	8	0	0	0	0	0	0	0	1	0	0
A	BL	9	97	1	1	BA1652	4710	8	7	0	0	0	0	0	0	0	0	0
A	BL	9	97	1	1	BA1652	4712	7	8	2	0	1	0	0	0	0	0	0
A	BL	9	97	1	1	BA1652	4716	8	0	0	0	0	0	0	0	1	0	0
A	BL	9	97	1	1	BA1652	4722	8	7	0	0	0	0	0	0	0	0	0
A	BL	9	97	1	1	BA1652	4784	7	8	2	0	1	0	0	0	0	0	0
A	BL	9	97	1	1	BA1652	4792	8	0	0	0	0	0	0	0	1	0	0
A	BL	9	97	1	1	BA1652	4793	8	0	0	0	1	0	0	0	0	0	0
A	BL	9	97	1	1	BA1652	4794	8	7	0	0	0	0	0	0	0	0	0
A	BL	9	97	1	1	BA1652	4800	7	0	0	0	0	0	0	0	1	0	0
A	BL	9	97	1	1	BA1652	4801	7	8	2	0	1	0	0	0	0	0	0
A	BL	9	97	1	1	BA1652	4802	8	0	0	0	0	0	0	0	1	0	0
A	BL	9	97	1	1	BA1652	4804	8	0	0	0	1	0	0	0	0	0	0
A	BL	9	97	1	1	BA1652	4809	8	0	0	0	1	0	0	0	1	0	0
A	BL	9	97	1	1	BA1652	4811	8	7	0	0	0	0	0	0	0	0	0
A	BL	9	97	1	1	BA1652	4825	7	0	0	0	0	0	0	0	1	0	0
A	BL	9	97	1	1	BA1652	4829	7	8	2	0	1	0	0	0	0	0	0
A	BL	9	97	1	1	BA1652	4833	8	0	0	0	0	0	0	0	1	0	0
A	BL	9	97	1	1	BA1652	4839	8	7	0	0	0	0	0	0	0	0	0
A	BL	9	97	1	1	BA1652	4845	7	8	2	0	1	0	0	0	0	0	0
A	BL	9	97	1	1	BA1652	4846	8	0	0	0	0	0	0	0	1	0	0
A	BL	9	97	1	1	BA1652	4855	8	7	0	0	0	0	0	0	0	0	0
A	BL	9	97	1	1	BA1652	4886	7	8	2	0	1	0	0	0	0	0	0
A	BL	9	97	1	1	BA1652	4896	8	9	0	0	0	0	0	0	0	0	0
A	BL	9	97	1	1	BA1652	4898	9	0	0	0	0	0	0	0	1	0	0
A	BL	9	97	1	1	BA1652	4899	9	0	0	0	1	0	0	0	0	0	0
A	BL	9	97	1	1	BA1652	4906	9	10	0	0	0	0	0	0	1	0	0
A	BL	9	97	1	1	BA1652	4981	10	2	0	0	0	0	0	0	0	0	0
A	BL	9	97	1	1	BA1652	4982	2	6	0	0	0	0	0	0	0	0	0
A	BL	9	97	1	1	BA1652	5170	6	8	2	0	1	0	0	0	0	0	0
A	BL	9	97	1	1	BA1652	5180	8	7	0	0	0	0	0	0	0	0	0
A	BL	9	97	1	1	BA1652	5209	7	0	0	0	0	0	0	0	1	0	0
A	BL	9	97	1	1	BA1652	5234	7	8	2	0	1	0	0	0	0	0	0
A	BL	9	97	1	1	BA1652	5244	8	7	0	0	0	0	0	0	1	0	0
A	BL	9	97	1	1	BA1652	5271	7	8	2	0	1	0	0	0	0	0	0
A	BL	9	97	1	1	BA1652	5281	8	7	0	0	0	0	0	0	1	0	0
A	BL	9	97	1	1	BA1652	5390	7	8	2	0	1	0	0	0	0	0	0
A	BL	9	97	1	1	BA1652	5394	8	0	0	0	0	0	0	0	1	0	0
A	BL	9	97	1	1	BA1652	5400	8	7	0	0	0	0	0	0	0	0	0
A	BL	9	97	1	1	BA1652	5591	7	8	2	0	1	0	0	0	0	0	0
A	BL	9	97	1	1	BA1652	5601	8	7	0	0	0	0	0	0	0	0	0
A	BL	9	97	1	1	BA1652	5632	7	0	0	0	0	0	0	0	1	0	0
A	BL	9	97	1	1	BA1652	5634	7	8	2	0	1	0	0	0	0	0	0
A	BL	9	97	1	1	BA1652	5639	8	0	0	0	0	0	0	0	1	0	0
A	BL	9	97	1	1	BA1652	5644	8	7	0	0	1	0	0	0	0	0	0
A	BL	9	97	1	1	BA1652	5670	7	0	0	0	0	0	0	0	1	0	0
A	BL	9	97	1	1	BA1652	5674	7	8	2	0	1	0	0	0	0	0	0
A	BL	9	97	1	1	BA1652	5684	8	7	0	0	0	0	0	0	0	0	0
A	BL	9	97	1	1	BA1652	5705	7	0	0	0	0	0	0	0	1	0	0
A	BL	9	97	1	1	BA1652	5710	7	8	2	0	1	0	0	0	0	0	0
A	BL	9	97	1	1	BA1652	5720	8	7	0	0	0	0	0	0	0	0	0
A	BL	9	97	1	1	BA1652	5723	7	0	0	0	0	0	0	0	1	0	0
A	BL	9	97	1	1	BA1652	5725	7	8	2	0	1	0	0	0	0	0	0
A	BL	9	97	1	1	BA1652	5735	8	7	0	0	0	0	0	0	0	0	0
A	BL	9	97	1	1	BA1652	5765	7	0	0	0	0	0	0	0	1	0	0
A	BL	9	97	1	1	BA1652	5812	7	8	2	0	1	0	0	0	0	0	0
A	BL	9	97	1	1	BA1652	5822	8	7	0	0	0	0	0	0	0	0	0
A	BL	9	97	1	1	BA1652	5887	7	0	0	0	0	0	0	0	1	0	0
A	BL	9	97	1	1	BA1652	5891	7	8	2	0	1	0	0	0	0	0	0
A	BL	9	97	1	1	BA1652	5901	8	7	0	0	0	0	0	0	0	0	0
A	BL	9	97	1	1	BA1652	5944	7	0	0	0	0	0	0	0	1	0	0
A	BL	9	97	1	1	BA1652	5960	7	8	2	0	1	0	0	0	0	0	0
A	BL	9	97	1	1	BA1652	5967	8	0	0	0	0	0	0	0	1	0	0
A	BL	9	97	1	1	BA1652	5970	8	7	0	0	0	0	0	0	0	0	0
A	BL	9	97	1	1	BA1652	5972	7	8	2	0	1	0	0	0	0	0	0
A	BL	9	97	1	1	BA1652	5973	8	0	0	0	0	0	0	0	1	0	0
A	BL	9	97	1	1	BA1652	5982	8	7	0	0	0	0	0	0	0	0	0
A	BL	9	97	1	1	BA1652	5984	7	8	2	0	1	0	0	0	0	0	0
A	BL	9	97	1	1	BA1652	5994	8	7	0	0	0	0	0	0	0	0	0
A	BL	9	97	1	1	BA1652	5995	7	0	0	0	0	0	0	0	1	0	0
A	BL	9	97	1	1	BA1652	6007	7	8	2	0	1	0	0	0	0	0	0
A	BL	9	97	1	1	BA1652	6009	8	0	0	0	0	0	0	0	1	0	0
A	BL	9	97	1	1	BA1652	6010	8	0	0	0	1	0	0	0	0	0	0
A	BL	9	97	1	1	BA1652	6011	8	0	0	0	0	0	0	0	1	0	0
A	BL	9	97	1	1	BA1652	6017	8	7	0	0	0	0	0	0	0	0	0
A	BL	9	97	1	1	BA1652	6064	7	8	2	0	1	0	0	0	0	0	0
A	BL	9	97	1	1	BA1652	6074	8	7	0	0	0	0	0	0	0	0	0
A	BL	9	97	1	1	BA1652	6085	7	0	0	0	0	0	0	0	1	0	0
A	BL	9	97	1	1	BA1652	6087	7	8	2	0	1	0	0	0	0	0	0
A	BL	9	97	1	1	BA1652	6093	8	0	0	0	0	0	0	0	1	0	0
A	BL	9	97	1	1	BA1652	6096	8	0	0	0	1	0	0	0	0	0	0
A	BL	9	97	1	1	BA1652	6097	8	7	0	0	0	0	0	0	0	0	0
A	BL	9	97	1	1	BA1652	6110	7	0	0	0	0	0	0	0	1	0	0
A	BL	9	97	1	1	BA1652	6111	7	8	2	0	1	0	0	0	0	0	0
A	BL	9	97	1	1	BA1652	6121	8	7	0	0	0	0	0	0	1	0	0
A	BL	9	97	1	1	BA1652	6126	7	8	2	0	1	0	0	0	0	0	0
A	BL	9	97	1	1	BA1652	6131	8	0	0	0	0	0	0	0	1	0	0
A	BL	9	97	1	1	BA1652	6133	8	0	0	0	1	0	0	0	0	0	0
A	BL	9	97	1	1	BA1652	6136	8	7	0	0	0	0	0	0	0	0	0
A	BL	9	97	1	1	BA1652	6139	7	0	0	0	0	0	0	0	1	0	0
A	BL	9	97	1	1	BA1652	6140	7	8	2	0	1	0	0	0	0	0	0
A	BL	9	97	1	1	BA1652	6145	8	0	0	0	0	0	0	0	1	0	0
A	BL	9	97	1	1	BA1652	6150	8	9	0	0	0	0	0	0	0	0	0
A	BL	9	97	1	1	BA1652	6160	9	10	0	0	0	0	0	0	0	0	0
A	BL	9	97	1	1	BA1652	6235	10	2	0	0	0	0	0	0	0	0	0
A	BL	9	97	1	1	BA1652	6236	2	6	0	0	0	0	0	0	0	0	0
A	BL	9	97	1	1	BA1652	6423	6	8	2	0	1	0	0	0	0	0	0
A	BL	9	97	1	1	BA1652	6433	8	7	0	0	0	0	0	0	0	0	0
A	BL	9	97	1	1	BA1652	6464	7	0	0	0	0	0	0	0	1	0	0
A	BL	9	97	1	1	BA1652	6465	7	8	2	0	1	0	0	0	0	0	0
A	BL	9	97	1	1	BA1652	6471	8	0	0	0	0	0	0	0	1	0	0
A	BL	9	97	1	1	BA1652	6472	8	0	0	0	1	0	0	0	0	0	0
A	BL	9	97	1	1	BA1652	6475	8	7	0	0	0	0	0	0	0	0	0
A	BL	9	97	1	1	BA1652	6478	7	0	0	0	0	0	0	0	1	0	0
A	BL	9	97	1	1	BA1652	6481	7	8	2	0	1	0	0	0	0	0	0
A	BL	9	97	1	1	BA1652	6491	8	7	0	0	0	0	0	0	0	0	0
A	BL	9	97	1	1	BA1652	6519	7	0	0	0	0	0	0	0	1	0	0
A	BL	9	97	1	1	BA1652	6535	7	8	2	0	1	0	0	0	0	0	0
A	BL	9	97	1	1	BA1652	6545	8	7	0	0	0	0	0	0	1	0	0
A	BL	9	97	1	1	BA1652	6547	7	8	2	0	1	0	0	0	0	0	0
A	BL	9	97	1	1	BA1652	6557	8	7	0	0	0	0	0	0	0	0	0
A	BL	9	97	1	1	BA1652	6568	7	0	0	0	0	0	0	0	1	0	0
A	BL	9	97	1	1	BA1652	6580	7	8	2	0	1	0	0	0	0	0	0
A	BL	9	97	1	1	BA1652	6583	8	0	0	0	0	0	0	0	1	0	0
A	BL	9	97	1	1	BA1652	6590	8	7	0	0	0	0	0	0	0	0	0
A	BL	9	97	1	1	BA1652	6600	7	8	2	0	1	0	0	0	0	0	0
A	BL	9	97	1	1	BA1652	6607	8	0	0	0	0	0	0	0	1	0	0
A	BL	9	97	1	1	BA1652	6610	8	7	0	0	0	0	0	0	0	0	0
A	BL	9	97	1	1	BA1652	6775	7	8	2	0	1	0	0	0	0	0	0
A	BL	9	97	1	1	BA1652	6785	8	7	0	0	0	0	0	0	0	0	0
A	BL	9	97	1	1	BA1652	6807	7	0	0	0	0	0	0	0	1	0	0
A	BL	9	97	1	1	BA1652	6809	7	8	2	0	1	0	0	0	0	0	0
A	BL	9	97	1	1	BA1652	6811	8	0	0	0	0	0	0	0	1	0	0
A	BL	9	97	1	1	BA1652	6813	8	0	0	0	1	0	0	0	0	0	0
A	BL	9	97	1	1	BA1652	6819	8	7	0	0	0	0	0	0	0	0	0
A	BL	9	97	1	1	BA1652	6827	7	0	0	0	0	0	0	0	1	0	0
A	BL	9	97	1	1	BA1652	6832	7	8	2	0	1	0	0	0	0	0	0
A	BL	9	97	1	1	BA1652	6842	8	7	0	0	0	0	0	0	0	0	0
A	BL	9	97	1	1	BA1652	6892	7	0	0	0	0	0	0	0	1	0	0
A	BL	9	97	1	1	BA1652	6894	7	8	2	0	1	0	0	0	0	0	0
A	BL	9	97	1	1	BA1652	6904	8	7	0	0	0	0	0	0	0	0	0
A	BL	9	97	1	1	BA1652	6908	7	0	0	0	0	0	0	0	1	0	0
A	BL	9	97	1	1	BA1652	6924	7	8	2	0	1	0	0	0	0	0	0
A	BL	9	97	1	1	BA1652	6926	8	0	0	0	0	0	0	0	1	0	0
A	BL	9	97	1	1	BA1652	6932	8	0	0	0	1	0	0	0	0	0	0
A	BL	9	97	1	1	BA1652	6934	8	7	0	0	0	0	0	0	0	0	0
A	BL	9	97	1	1	BA1652	6958	7	0	0	0	0	0	0	0	1	0	0
A	BL	9	97	1	1	BA1652	6977	7	8	2	0	1	0	0	0	0	0	0
A	BL	9	97	1	1	BA1652	6987	8	7	0	0	0	0	0	0	0	0	0
A	BL	9	97	1	1	BA1652	7102	7	0	0	0	0	0	0	0	1	0	0
A	BL	9	97	1	1	BA1652	7120	7	8	2	0	1	0	0	0	0	0	0
A	BL	9	97	1	1	BA1652	7122	8	0	0	0	0	0	0	0	1	0	0
A	BL	9	97	1	1	BA1652	7130	8	7	0	0	0	0	0	0	0	0	0
A	BL	9	97	1	1	BA1652	7190	7	8	2	0	1	0	0	0	0	0	0
A	BL	9	97	1	1	BA1652	7192	8	0	0	0	0	0	0	0	1	0	0
A	BL	9	97	1	1	BA1652	7196	8	0	0	0	1	0	0	0	0	0	0
A	BL	9	97	1	1	BA1652	7200	8	7	0	0	0	0	0	0	0	0	0
A	BL	9	97	1	1	BA1652	7215	7	0	0	0	0	0	0	0	1	0	0
A	BL	9	97	1	1	BA1652	7233	7	8	2	0	1	0	0	0	0	0	0
A	BL	9	97	1	1	BA1652	7243	8	7	0	0	0	0	0	0	0	0	0
A	BL	9	97	1	1	BA1652	7247	7	0	0	0	0	0	0	0	1	0	0
A	BL	9	97	1	1	BA1652	7248	7	8	2	0	1	0	0	0	0	0	0
A	BL	9	97	1	1	BA1652	7258	8	7	0	0	0	0	0	0	0	0	0
A	BL	9	97	1	1	BA1652	7270	7	0	0	0	0	0	0	0	1	0	0
A	BL	9	97	1	1	BA1652	7389	7	8	2	0	1	0	0	0	0	0	0
A	BL	9	97	1	1	BA1652	7399	8	7	0	0	0	0	0	0	0	0	0
A	BL	9	97	1	1	BA1652	7447	7	0	0	0	0	0	0	0	1	0	0
A	BL	9	97	1	1	BA1652	7516	7	8	2	0	1	0	0	0	0	0	0
A	BL	9	97	1	1	BA1652	7526	8	7	0	0	0	0	0	0	0	0	0
A	BL	9	97	1	1	BA1652	7558	7	0	0	0	0	0	0	0	1	0	0
A	BL	9	97	1	1	BA1652	7569	7	8	2	0	1	0	0	0	0	0	0
A	BL	9	97	1	1	BA1652	7574	8	0	0	0	0	0	0	0	1	0	0
A	BL	9	97	1	1	BA1652	7579	8	9	0	0	0	0	0	0	0	0	0
A	BL	9	97	1	1	BA1652	7580	9	0	0	0	1	0	0	0	0	0	0
A	BL	9	97	1	1	BA1652	7586	9	0	0	0	0	0	0	0	1	0	0
A	BL	9	97	1	1	BA1652	7589	9	10	0	0	0	0	0	0	0	0	0
A	BL	9	97	1	1	BA1652	7664	10	2	0	0	0	0	0	0	0	0	0
A	BL	9	97	1	1	BA1652	7665	2	3	0	0	0	0	0	0	0	0	0
A	BL	9	97	1	1	BA1652	7783	3	5	1	1	0	0	0	0	0	0	0
A	BL	9	97	1	1	BA1652	7790	5	0	0	0	0	0	0	1	0	0	0
A	BL	9	97	1	1	BA1652	7793	5	4	0	0	0	0	0	0	0	0	0
A	BL	9	97	1	1	BA1652	7800	4	5	1	1	0	0	0	0	0	0	0
A	BL	9	97	1	1	BA1652	7810	5	4	0	0	0	0	0	1	0	0	0
A	BL	9	97	1	1	BA1652	7817	4	5	1	1	0	0	0	0	0	0	0
A	BL	9	97	1	1	BA1652	7823	5	0	0	0	0	0	0	1	0	0	0
A	BL	9	97	1	1	BA1652	7824	5	0	0	1	0	0	0	0	0	0	0
A	BL	9	97	1	1	BA1652	7826	5	0	0	0	0	0	0	1	0	0	0
A	BL	9	97	1	1	BA1652	7827	5	4	0	0	0	0	0	0	0	0	0
A	BL	9	97	1	1	BA1652	7835	4	5	1	1	0	0	0	0	0	0	0
A	BL	9	97	1	1	BA1652	7845	5	4	0	0	0	0	0	0	0	0	0
A	BL	9	97	1	1	BA1652	7888	4	5	1	1	0	0	0	1	0	0	0
A	BL	9	97	1	1	BA1652	7892	5	0	0	0	0	0	0	1	0	0	0
A	BL	9	97	1	1	BA1652	7895	5	0	0	1	0	0	0	0	0	0	0
A	BL	9	97	1	1	BA1652	7898	5	9	0	0	0	0	0	0	0	0	0
A	BL	9	97	1	1	BA1652	7900	9	0	0	0	0	0	0	1	0	0	0
A	BL	9	97	1	1	BA1652	7908	9	10	0	0	0	0	0	0	0	0	0
A	BL	9	97	1	1	BA1652	7983	10	2	0	0	0	0	0	0	0	0	0
A	BL	9	97	1	1	BA1652	7984	2	3	0	0	0	0	0	0	0	0	0
A	BL	9	97	1	1	BA1652	8095	3	5	1	1	0	0	0	0	0	0	0
A	BL	9	97	1	1	BA1652	8105	5	4	0	0	0	0	0	0	0	0	0
A	BL	9	97	1	1	BA1652	8118	4	0	0	0	0	0	0	1	0	0	0
A	BL	9	97	1	1	BA1652	8125	4	5	1	1	0	0	0	0	0	0	0
A	BL	9	97	1	1	BA1652	8132	5	0	0	0	0	0	0	1	0	0	0
A	BL	9	97	1	1	BA1652	8135	5	4	0	0	0	0	0	0	0	0	0
A	BL	9	97	1	1	BA1652	8144	4	5	1	1	0	0	0	0	0	0	0
A	BL	9	97	1	1	BA1652	8150	5	0	0	0	0	0	0	1	0	0	0
A	BL	9	97	1	1	BA1652	8154	5	4	0	0	0	0	0	0	0	0	0
A	BL	9	97	1	1	BA1652	8202	4	5	1	1	0	0	0	0	0	0	0
A	BL	9	97	1	1	BA1652	8211	5	0	0	0	0	0	0	1	0	0	0
A	BL	9	97	1	1	BA1652	8212	5	4	0	0	0	0	0	0	0	0	0
A	BL	9	97	1	1	BA1652	8215	4	5	1	1	0	0	0	0	0	0	0
A	BL	9	97	1	1	BA1652	8222	5	0	0	0	0	0	0	1	0	0	0
A	BL	9	97	1	1	BA1652	8224	5	0	0	1	0	0	0	0	0	0	0
A	BL	9	97	1	1	BA1652	8225	5	9	0	0	0	0	0	0	0	0	0
A	BL	9	97	1	1	BA1652	8226	9	0	0	0	0	0	0	1	0	0	0
A	BL	9	97	1	1	BA1652	8229	9	0	0	1	0	0	0	0	0	0	0
A	BL	9	97	1	1	BA1652	8235	9	10	0	0	0	0	0	0	0	0	0
A	BL	9	97	1	1	BA1652	8237	10	0	0	0	0	0	0	1	0	0	0
A	BL	9	97	1	1	BA1652	8310	10	2	0	0	0	0	0	0	0	0	0
A	BL	9	97	1	1	BA1652	8311	2	6	0	0	0	0	0	0	0	0	0
A	BL	9	97	1	1	BA1652	8484	6	0	0	1	0	0	0	0	0	0	0
A	BL	9	97	1	1	BA1652	8509	6	0	0	0	0	0	0	1	0	0	0
A	BL	9	97	1	1	BA1652	8569	6	0	0	1	0	0	0	0	0	0	0
A	BL	9	97	1	1	BA1652	8582	6	0	0	0	0	0	0	1	0	0	0
A	BL	9	97	1	1	BA1652	8740	6	8	2	0	1	0	0	0	0	0	0
A	BL	9	97	1	1	BA1652	8746	8	0	0	0	0	0	0	0	1	0	0
A	BL	9	97	1	1	BA1652	8750	8	7	0	0	0	0	0	0	0	0	0
A	BL	9	97	1	1	BA1652	8871	7	8	2	0	1	0	0	0	0	0	0
A	BL	9	97	1	1	BA1652	8879	8	0	0	0	0	0	0	0	1	0	0
A	BL	9	97	1	1	BA1652	8881	8	7	0	0	0	0	0	0	0	0	0
A	BL	9	97	1	1	BA1652	8883	7	8	2	0	1	0	0	0	0	0	0
A	BL	9	97	1	1	BA1652	8893	8	7	0	0	0	0	0	0	0	0	0
A	BL	9	97	1	1	BA1652	8894	7	0	0	0	0	0	0	0	1	0	0
A	BL	9	97	1	1	BA1652	8988	7	8	2	0	1	0	0	0	0	0	0
A	BL	9	97	1	1	BA1652	8990	8	0	0	0	0	0	0	0	1	0	0
A	BL	9	97	1	1	BA1652	8998	8	7	0	0	0	0	0	0	0	0	0
A	BL	9	97	1	1	BA1652	9155	7	8	2	0	1	0	0	0	0	0	0
A	BL	9	97	1	1	BA1652	9165	8	7	0	0	0	0	0	0	0	0	0
A	BL	9	97	1	1	BA1652	9182	7	0	0	0	0	0	0	0	1	0	0
A	BL	9	97	1	1	BA1652	9184	7	8	2	0	1	0	0	0	0	0	0
A	BL	9	97	1	1	BA1652	9186	8	0	0	0	0	0	0	0	1	0	0
A	BL	9	97	1	1	BA1652	9187	8	0	0	0	1	0	0	0	0	0	0
A	BL	9	97	1	1	BA1652	9188	8	0	0	0	0	0	0	0	1	0	0
A	BL	9	97	1	1	BA1652	9194	8	7	0	0	0	0	0	0	0	0	0
A	BL	9	97	1	1	BA1652	9201	7	8	2	0	1	0	0	0	0	0	0
A	BL	9	97	1	1	BA1652	9203	8	0	0	0	0	0	0	0	1	0	0
A	BL	9	97	1	1	BA1652	9211	8	7	0	0	0	0	0	0	0	0	0
A	BL	9	97	1	1	BA1652	9212	7	8	2	0	1	0	0	0	0	0	0
A	BL	9	97	1	1	BA1652	9222	8	7	0	0	0	0	0	0	0	0	0
A	BL	9	97	1	1	BA1652	9234	7	0	0	0	0	0	0	0	1	0	0
A	BL	9	97	1	1	BA1652	9245	7	8	2	0	1	0	0	0	0	0	0
A	BL	9	97	1	1	BA1652	9252	8	0	0	0	0	0	0	0	1	0	0
A	BL	9	97	1	1	BA1652	9255	8	7	0	0	0	0	0	0	0	0	0
A	BL	9	97	1	1	BA1652	9264	7	8	2	0	1	0	0	0	0	0	0
A	BL	9	97	1	1	BA1652	9274	8	7	0	0	0	0	0	0	0	0	0
A	BL	9	97	1	1	BA1652	9305	7	0	0	0	0	0	0	0	1	0	0
A	BL	9	97	1	1	BA1652	9313	7	8	2	0	1	0	0	0	0	0	0
A	BL	9	97	1	1	BA1652	9314	8	0	0	0	0	0	0	0	1	0	0
A	BL	9	97	1	1	BA1652	9323	8	7	0	0	0	0	0	0	0	0	0
A	BL	9	97	1	1	BA1652	9372	7	8	2	0	1	0	0	0	0	0	0
A	BL	9	97	1	1	BA1652	9374	8	0	0	0	0	0	0	0	1	0	0
A	BL	9	97	1	1	BA1652	9376	8	0	0	0	1	0	0	0	0	0	0
A	BL	9	97	1	1	BA1652	9382	8	7	0	0	0	0	0	0	0	0	0
A	BL	9	97	1	1	BA1652	9413	7	0	0	0	0	0	0	0	1	0	0
A	BL	9	97	1	1	BA1652	9442	7	8	2	0	1	0	0	0	0	0	0
A	BL	9	97	1	1	BA1652	9452	8	7	0	0	0	0	0	0	0	0	0
A	BL	9	97	1	1	BA1652	9456	7	8	2	0	1	0	0	0	1	0	0
A	BL	9	97	1	1	BA1652	9466	8	7	0	0	0	0	0	0	0	0	0
A	BL	9	97	1	1	BA1652	9476	7	0	0	0	0	0	0	0	1	0	0
A	BL	9	97	1	1	BA1652	9477	7	8	2	0	1	0	0	0	0	0	0
A	BL	9	97	1	1	BA1652	9480	8	0	0	0	0	0	0	0	1	0	0
A	BL	9	97	1	1	BA1652	9487	8	7	0	0	0	0	0	0	0	0	0
A	BL	9	97	1	1	BA1652	9528	7	8	2	0	1	0	0	0	0	0	0
A	BL	9	97	1	1	BA1652	9538	8	7	0	0	0	0	0	0	0	0	0
A	BL	9	97	1	1	BA1652	9546	7	0	0	0	0	0	0	0	1	0	0
A	BL	9	97	1	1	BA1652	9549	7	8	2	0	1	0	0	0	0	0	0
A	BL	9	97	1	1	BA1652	9557	8	0	0	0	0	0	0	0	1	0	0
A	BL	9	97	1	1	BA1652	9559	8	7	0	0	0	0	0	0	0	0	0
A	BL	9	97	1	1	BA1652	9561	7	8	2	0	1	0	0	0	0	0	0
A	BL	9	97	1	1	BA1652	9563	8	0	0	0	0	0	0	0	1	0	0
A	BL	9	97	1	1	BA1652	9571	8	7	0	0	0	0	0	0	0	0	0
A	BL	9	97	1	1	BA1652	9612	7	8	2	0	1	0	0	0	0	0	0
A	BL	9	97	1	1	BA1652	9622	8	7	0	0	0	0	0	0	0	0	0
A	BL	9	97	1	1	BA1652	9643	7	0	0	0	0	0	0	0	1	0	0
A	BL	9	97	1	1	BA1652	9754	7	8	2	0	1	0	0	0	0	0	0
A	BL	9	97	1	1	BA1652	9764	8	9	0	0	0	0	0	0	0	0	0
A	BL	9	97	1	1	BA1652	9774	9	10	0	0	0	0	0	0	0	0	0
A	BL	9	97	1	1	BA1652	9779	10	0	0	0	0	0	0	0	1	0	0
A	BL	9	97	1	1	BA1652	9849	10	2	0	0	0	0	0	0	0	0	0
A	BL	9	97	1	1	BA1652	9850	2	6	0	0	0	0	0	0	0	0	0
A	BL	9	97	1	1	BA1652	10027	6	8	2	0	1	0	0	0	0	0	0
A	BL	9	97	1	1	BA1652	10028	8	0	0	0	0	0	0	0	1	0	0
A	BL	9	97	1	1	BA1652	10029	8	0	0	0	1	0	0	0	0	0	0
A	BL	9	97	1	1	BA1652	10037	8	7	0	0	0	0	0	0	0	0	0
A	BL	9	97	1	1	BA1652	10039	7	0	0	0	0	0	0	0	1	0	0
A	BL	9	97	1	1	BA1652	10049	7	8	2	0	1	0	0	0	0	0	0
A	BL	9	97	1	1	BA1652	10059	8	7	0	0	0	0	0	0	0	0	0
A	BL	9	97	1	1	BA1652	10080	7	0	0	0	0	0	0	0	1	0	0
A	BL	9	97	1	1	BA1652	10114	7	8	2	0	1	0	0	0	0	0	0
A	BL	9	97	1	1	BA1652	10124	8	7	0	0	0	0	0	0	0	0	0
A	BL	9	97	1	1	BA1652	10145	7	0	0	0	0	0	0	0	1	0	0
A	BL	9	97	1	1	BA1652	10148	7	8	2	0	1	0	0	0	0	0	0
A	BL	9	97	1	1	BA1652	10150	8	0	0	0	0	0	0	0	1	0	0
A	BL	9	97	1	1	BA1652	10158	8	7	0	0	0	0	0	0	0	0	0
A	BL	9	97	1	1	BA1652	10205	7	8	2	0	1	0	0	0	0	0	0
A	BL	9	97	1	1	BA1652	10215	8	7	0	0	0	0	0	0	0	0	0
A	BL	9	97	1	1	BA1652	10218	7	0	0	0	0	0	0	0	1	0	0
A	BL	9	97	1	1	BA1652	10220	7	8	2	0	1	0	0	0	0	0	0
A	BL	9	97	1	1	BA1652	10230	8	7	0	0	0	0	0	0	0	0	0
A	BL	9	97	1	1	BA1652	10231	7	0	0	0	0	0	0	0	1	0	0
A	BL	9	97	1	1	BA1652	10244	7	8	2	0	1	0	0	0	0	0	0
A	BL	9	97	1	1	BA1652	10254	8	7	0	0	0	0	0	0	0	0	0
A	BL	9	97	1	1	BA1652	10258	7	0	0	0	0	0	0	0	1	0	0
A	BL	9	97	1	1	BA1652	10259	7	8	2	0	1	0	0	0	0	0	0
A	BL	9	97	1	1	BA1652	10265	8	0	0	0	0	0	0	0	1	0	0
A	BL	9	97	1	1	BA1652	10267	8	0	0	0	1	0	0	0	0	0	0
A	BL	9	97	1	1	BA1652	10269	8	7	0	0	0	0	0	0	0	0	0
A	BL	9	97	1	1	BA1652	10273	7	0	0	0	0	0	0	0	1	0	0
A	BL	9	97	1	1	BA1652	10347	7	8	2	0	1	0	0	0	0	0	0
A	BL	9	97	1	1	BA1652	10357	8	7	0	0	0	0	0	0	0	0	0
A	BL	9	97	1	1	BA1652	10358	7	8	2	0	1	0	0	0	1	0	0
A	BL	9	97	1	1	BA1652	10360	8	0	0	0	0	0	0	0	1	0	0
A	BL	9	97	1	1	BA1652	10368	8	7	0	0	0	0	0	0	0	0	0
A	BL	9	97	1	1	BA1652	10397	7	8	2	0	1	0	0	0	0	0	0
A	BL	9	97	1	1	BA1652	10407	8	7	0	0	0	0	0	0	0	0	0
A	BL	9	97	1	1	BA1652	10457	7	0	0	0	0	0	0	0	1	0	0
A	BL	9	97	1	1	BA1652	10458	7	8	2	0	1	0	0	0	0	0	0
A	BL	9	97	1	1	BA1652	10468	8	7	0	0	0	0	0	0	0	0	0
A	BL	9	97	1	1	BA1652	10475	7	0	0	0	0	0	0	0	1	0	0
A	BL	9	97	1	1	BA1652	10481	7	8	2	0	1	0	0	0	0	0	0
A	BL	9	97	1	1	BA1652	10488	8	0	0	0	0	0	0	0	1	0	0
A	BL	9	97	1	1	BA1652	10491	8	7	0	0	0	0	0	0	0	0	0
A	BL	9	97	1	1	BA1652	10502	7	8	2	0	1	0	0	0	0	0	0
A	BL	9	97	1	1	BA1652	10506	8	0	0	0	0	0	0	0	1	0	0
A	BL	9	97	1	1	BA1652	10509	8	0	0	0	1	0	0	0	0	0	0
A	BL	9	97	1	1	BA1652	10512	8	7	0	0	0	0	0	0	0	0	0
A	BL	9	97	1	1	BA1652	10514	7	0	0	0	0	0	0	0	1	0	0
A	BL	9	97	1	1	BA1652	10528	7	8	2	0	1	0	0	0	0	0	0
A	BL	9	97	1	1	BA1652	10532	8	0	0	0	0	0	0	0	1	0	0
A	BL	9	97	1	1	BA1652	10538	8	7	0	0	0	0	0	0	0	0	0
A	BL	9	97	1	1	BA1652	10544	7	8	2	0	1	0	0	0	0	0	0
A	BL	9	97	1	1	BA1652	10545	8	0	0	0	0	0	0	0	1	0	0
A	BL	9	97	1	1	BA1652	10554	8	7	0	0	0	0	0	0	0	0	0
A	BL	9	97	1	1	BA1652	10568	7	8	2	0	1	0	0	0	0	0	0
A	BL	9	97	1	1	BA1652	10578	8	7	0	0	0	0	0	0	0	0	0
A	BL	9	97	1	1	BA1652	10585	7	0	0	0	0	0	0	0	1	0	0
A	BL	9	97	1	1	BA1652	10640	7	8	2	0	1	0	0	0	0	0	0
A	BL	9	97	1	1	BA1652	10643	8	0	0	0	0	0	0	0	1	0	0
A	BL	9	97	1	1	BA1652	10645	8	0	0	0	1	0	0	0	0	0	0
A	BL	9	97	1	1	BA1652	10650	8	7	0	0	0	0	0	0	0	0	0
A	BL	9	97	1	1	BA1652	10665	7	0	0	0	0	0	0	0	1	0	0
A	BL	9	97	1	1	BA1652	10669	7	8	2	0	1	0	0	0	0	0	0
A	BL	9	97	1	1	BA1652	10670	8	0	0	0	0	0	0	0	1	0	0
A	BL	9	97	1	1	BA1652	10672	8	0	0	0	1	0	0	0	0	0	0
A	BL	9	97	1	1	BA1652	10674	8	0	0	0	0	0	0	0	1	0	0
A	BL	9	97	1	1	BA1652	10679	8	7	0	0	0	0	0	0	0	0	0
A	BL	9	97	1	1	BA1652	10726	7	8	2	0	1	0	0	0	0	0	0
A	BL	9	97	1	1	BA1652	10736	8	9	0	0	0	0	0	0	0	0	0
A	BL	9	97	1	1	BA1652	10746	9	10	0	0	0	0	0	0	0	0	0
A	BL	9	97	1	1	BA1652	10749	10	0	0	0	0	0	0	0	1	0	0
A	BL	9	97	1	1	BA1652	10821	10	2	0	0	0	0	0	0	0	0	0
A	BL	9	97	1	1	BA1652	10822	2	6	0	0	0	0	0	0	0	0	0
A	BL	9	97	1	1	BA1652	10919	6	0	0	1	0	0	0	0	0	0	0
A	BL	9	97	1	1	BA1652	10928	6	0	0	0	0	0	0	1	0	0	0
A	BL	9	97	1	1	BA1652	10941	6	0	0	1	0	0	0	0	0	0	0
A	BL	9	97	1	1	BA1652	10969	6	0	0	0	0	0	0	1	0	0	0
A	BL	9	97	1	1	BA1652	10975	6	0	0	1	0	0	0	0	0	0	0
A	BL	9	97	1	1	BA1652	10986	6	0	0	0	0	0	0	1	0	0	0
A	BL	9	97	1	1	BA1652	10989	6	0	0	1	0	0	0	0	0	0	0
A	BL	9	97	1	1	BA1652	10992	6	0	0	1	0	0	0	1	0	0	0
A	BL	9	97	1	1	BA1652	10994	6	0	0	0	0	0	0	1	0	0	0
A	BL	9	97	1	1	BA1652	10996	6	0	0	1	0	0	0	0	0	0	0
A	BL	9	97	1	1	BA1652	11043	6	0	0	0	0	0	0	1	0	0	0
A	BL	9	97	1	1	BA1652	11045	6	0	0	1	0	0	0	0	0	0	0
A	BL	9	97	1	1	BA1652	11070	6	0	0	0	0	0	0	1	0	0	0
A	BL	9	97	1	1	BA1652	11164	6	8	2	0	1	0	0	0	0	0	0
A	BL	9	97	1	1	BA1652	11174	8	7	0	0	0	0	0	0	0	0	0
A	BL	9	97	1	1	BA1652	11175	7	0	0	0	0	0	0	0	1	0	0
A	BL	9	97	1	1	BA1652	11178	7	8	2	0	1	0	0	0	0	0	0
A	BL	9	97	1	1	BA1652	11183	8	0	0	0	0	0	0	0	1	0	0
A	BL	9	97	1	1	BA1652	11188	8	7	0	0	1	0	0	0	0	0	0
A	BL	9	97	1	1	BA1652	11193	7	0	0	0	0	0	0	0	1	0	0
A	BL	9	97	1	1	BA1652	11198	7	8	2	0	1	0	0	0	0	0	0
A	BL	9	97	1	1	BA1652	11208	8	7	0	0	0	0	0	0	1	0	0
A	BL	9	97	1	1	BA1652	11219	7	8	2	0	1	0	0	0	0	0	0
A	BL	9	97	1	1	BA1652	11224	8	0	0	0	0	0	0	0	1	0	0
A	BL	9	97	1	1	BA1652	11229	8	7	0	0	0	0	0	0	0	0	0
A	BL	9	97	1	1	BA1652	11272	7	8	2	0	1	0	0	0	0	0	0
A	BL	9	97	1	1	BA1652	11278	8	0	0	0	0	0	0	0	1	0	0
A	BL	9	97	1	1	BA1652	11281	8	0	0	0	1	0	0	0	0	0	0
A	BL	9	97	1	1	BA1652	11282	8	7	0	0	0	0	0	0	0	0	0
A	BL	9	97	1	1	BA1652	11288	7	8	2	0	1	0	0	0	1	0	0
A	BL	9	97	1	1	BA1652	11291	8	0	0	0	0	0	0	0	1	0	0
A	BL	9	97	1	1	BA1652	11295	8	0	0	0	1	0	0	0	0	0	0
A	BL	9	97	1	1	BA1652	11298	8	7	0	0	0	0	0	0	0	0	0
A	BL	9	97	1	1	BA1652	11312	7	0	0	0	0	0	0	0	1	0	0
A	BL	9	97	1	1	BA1652	11336	7	8	2	0	1	0	0	0	0	0	0
A	BL	9	97	1	1	BA1652	11343	8	0	0	0	0	0	0	0	1	0	0
A	BL	9	97	1	1	BA1652	11346	8	7	0	0	1	0	0	0	0	0	0
A	BL	9	97	1	1	BA1652	11353	7	0	0	0	0	0	0	0	1	0	0
A	BL	9	97	1	1	BA1652	11432	7	8	2	0	1	0	0	0	0	0	0
A	BL	9	97	1	1	BA1652	11442	8	7	0	0	0	0	0	0	0	0	0
A	BL	9	97	1	1	BA1652	11453	7	0	0	0	0	0	0	0	1	0	0
A	BL	9	97	1	1	BA1652	11454	7	8	2	0	1	0	0	0	0	0	0
A	BL	9	97	1	1	BA1652	11455	8	0	0	0	0	0	0	0	1	0	0
A	BL	9	97	1	1	BA1652	11464	8	7	0	0	0	0	0	0	0	0	0
A	BL	9	97	1	1	BA1652	11564	7	8	2	0	1	0	0	0	0	0	0
A	BL	9	97	1	1	BA1652	11574	8	7	0	0	0	0	0	0	0	0	0
A	BL	9	97	1	1	BA1652	11592	7	0	0	0	0	0	0	0	1	0	0
A	BL	9	97	1	1	BA1652	11595	7	8	2	0	1	0	0	0	0	0	0
A	BL	9	97	1	1	BA1652	11600	8	0	0	0	0	0	0	0	1	0	0
A	BL	9	97	1	1	BA1652	11605	8	7	0	0	0	0	0	0	0	0	0
A	BL	9	97	1	1	BA1652	11687	7	8	2	0	1	0	0	0	0	0	0
A	BL	9	97	1	1	BA1652	11697	8	7	0	0	0	0	0	0	0	0	0
A	BL	9	97	1	1	BA1652	11727	7	0	0	0	0	0	0	0	1	0	0
A	BL	9	97	1	1	BA1652	11730	7	8	2	0	1	0	0	0	0	0	0
A	BL	9	97	1	1	BA1652	11740	8	7	0	0	0	0	0	0	0	0	0
A	BL	9	97	1	1	BA1652	11752	7	0	0	0	0	0	0	0	1	0	0
A	BL	9	97	1	1	BA1652	11755	7	8	2	0	1	0	0	0	0	0	0
A	BL	9	97	1	1	BA1652	11758	8	0	0	0	0	0	0	0	1	0	0
A	BL	9	97	1	1	BA1652	11762	8	0	0	0	1	0	0	0	0	0	0
A	BL	9	97	1	1	BA1652	11765	8	7	0	0	0	0	0	0	1	0	0
A	BL	9	97	1	1	BA1652	11934	7	8	2	0	1	0	0	0	0	0	0
A	BL	9	97	1	1	BA1652	11944	8	7	0	0	0	0	0	0	0	0	0
A	BL	9	97	1	1	BA1652	11957	7	8	2	0	1	0	0	0	1	0	0
A	BL	9	97	1	1	BA1652	11965	8	0	0	0	0	0	0	0	1	0	0
A	BL	9	97	1	1	BA1652	11967	8	7	0	0	0	0	0	0	0	0	0
A	BL	9	97	1	1	BA1652	11968	7	8	2	0	1	0	0	0	0	0	0
A	BL	9	97	1	1	BA1652	11970	8	0	0	0	0	0	0	0	1	0	0
A	BL	9	97	1	1	BA1652	11973	8	0	0	0	1	0	0	0	0	0	0
A	BL	9	97	1	1	BA1652	11975	8	0	0	0	0	0	0	0	1	0	0
A	BL	9	97	1	1	BA1652	11978	8	7	0	0	0	0	0	0	0	0	0
A	BL	9	97	1	1	BA1652	11996	7	8	2	0	1	0	0	0	0	0	0
A	BL	9	97	1	1	BA1652	11997	8	0	0	0	0	0	0	0	1	0	0
A	BL	9	97	1	1	BA1652	12001	8	0	0	0	1	0	0	0	0	0	0
A	BL	9	97	1	1	BA1652	12006	8	7	0	0	0	0	0	0	1	0	0
A	BL	9	97	1	1	BA1652	12010	7	8	2	0	1	0	0	0	0	0	0
A	BL	9	97	1	1	BA1652	12014	8	0	0	0	0	0	0	0	1	0	0
A	BL	9	97	1	1	BA1652	12019	8	0	0	0	1	0	0	0	0	0	0
A	BL	9	97	1	1	BA1652	12020	8	7	0	0	0	0	0	0	0	0	0
A	BL	9	97	1	1	BA1652	12022	7	0	0	0	0	0	0	0	1	0	0
A	BL	9	97	1	1	BA1652	12035	7	8	2	0	1	0	0	0	0	0	0
A	BL	9	97	1	1	BA1652	12041	8	0	0	0	0	0	0	0	1	0	0
A	BL	9	97	1	1	BA1652	12045	8	9	0	0	0	0	0	0	0	0	0
A	BL	9	97	1	1	BA1652	12055	9	10	0	0	0	0	0	0	0	0	0
A	BL	9	97	1	1	BA1652	12130	10	2	0	0	0	0	0	0	0	0	0
A	BL	9	97	1	1	BA1652	12131	2	3	0	0	0	0	0	0	0	0	0
A	BL	9	97	1	1	BA1652	12215	3	5	1	1	0	0	0	0	0	0	0
A	BL	9	97	1	1	BA1652	12221	5	0	0	0	0	0	0	1	0	0	0
A	BL	9	97	1	1	BA1652	12224	5	0	0	1	0	0	0	0	0	0	0
A	BL	9	97	1	1	BA1652	12225	5	4	0	0	0	0	0	0	0	0	0
A	BL	9	97	1	1	BA1652	12233	4	0	0	0	0	0	0	1	0	0	0
A	BL	9	97	1	1	BA1652	12241	4	5	1	1	0	0	0	0	0	0	0
A	BL	9	97	1	1	BA1652	12246	5	0	0	0	0	0	0	1	0	0	0
A	BL	9	97	1	1	BA1652	12251	5	4	0	1	0	0	0	0	0	0	0
A	BL	9	97	1	1	BA1652	12254	4	0	0	0	0	0	0	1	0	0	0
A	BL	9	97	1	1	BA1652	12260	4	5	1	1	0	0	0	0	0	0	0
A	BL	9	97	1	1	BA1652	12262	5	0	0	0	0	0	0	1	0	0	0
A	BL	9	97	1	1	BA1652	12270	5	4	0	0	0	0	0	0	0	0	0
A	BL	9	97	1	1	BA1652	12321	4	5	1	1	0	0	0	0	0	0	0
A	BL	9	97	1	1	BA1652	12325	5	0	0	0	0	0	0	1	0	0	0
A	BL	9	97	1	1	BA1652	12331	5	4	0	0	0	0	0	0	0	0	0
A	BL	9	97	1	1	BA1652	12332	4	5	1	1	0	0	0	0	0	0	0
A	BL	9	97	1	1	BA1652	12342	5	9	0	0	0	0	0	0	0	0	0
A	BL	9	97	1	1	BA1652	12344	9	0	0	0	0	0	0	1	0	0	0
A	BL	9	97	1	1	BA1652	12352	9	10	0	0	0	0	0	0	0	0	0
A	BL	9	97	1	1	BA1652	12353	10	0	0	1	0	0	0	0	0	0	0
A	BL	9	97	1	1	BA1652	12358	10	0	0	0	0	0	0	1	0	0	0
A	BL	9	97	1	1	BA1652	12427	10	2	0	0	0	0	0	0	0	0	0
A	BL	9	97	1	1	BA1652	12428	2	3	0	0	0	0	0	0	0	0	0
A	BL	9	97	1	1	BA1652	12505	3	5	1	1	0	0	0	0	0	0	0
A	BL	9	97	1	1	BA1652	12515	5	4	0	0	0	0	0	0	0	0	0
A	BL	9	97	1	1	BA1652	12533	4	0	0	0	0	0	0	1	0	0	0
A	BL	9	97	1	1	BA1652	12540	4	5	1	1	0	0	0	0	0	0	0
A	BL	9	97	1	1	BA1652	12542	5	0	0	0	0	0	0	1	0	0	0
A	BL	9	97	1	1	BA1652	12550	5	4	0	1	0	0	0	0	0	0	0
A	BL	9	97	1	1	BA1652	12556	4	0	0	0	0	0	0	1	0	0	0
A	BL	9	97	1	1	BA1652	12633	4	5	1	1	0	0	0	0	0	0	0
A	BL	9	97	1	1	BA1652	12635	5	0	0	1	0	0	0	1	0	0	0
A	BL	9	97	1	1	BA1652	12637	5	0	0	0	0	0	0	1	0	0	0
A	BL	9	97	1	1	BA1652	12643	5	4	0	0	0	0	0	0	0	0	0
A	BL	9	97	1	1	BA1652	12668	4	5	1	1	0	0	0	0	0	0	0
A	BL	9	97	1	1	BA1652	12674	5	0	0	0	0	0	0	1	0	0	0
A	BL	9	97	1	1	BA1652	12676	5	0	0	1	0	0	0	0	0	0	0
A	BL	9	97	1	1	BA1652	12678	5	4	0	0	0	0	0	0	0	0	0
A	BL	9	97	1	1	BA1652	12698	4	0	0	0	0	0	0	1	0	0	0
A	BL	9	97	1	1	BA1652	12710	4	5	1	1	0	0	0	0	0	0	0
A	BL	9	97	1	1	BA1652	12719	5	0	0	0	0	0	0	1	0	0	0
A	BL	9	97	1	1	BA1652	12720	5	9	0	0	0	0	0	0	0	0	0
A	BL	9	97	1	1	BA1652	12728	9	0	0	1	0	0	0	0	0	0	0
A	BL	9	97	1	1	BA1652	12730	9	10	0	0	0	0	0	0	0	0	0
A	BL	9	97	1	1	BA1652	12732	10	0	0	0	0	0	0	1	0	0	0
A	BL	9	97	1	1	BA1652	12805	10	2	0	0	0	0	0	0	0	0	0
A	BL	9	97	1	1	BA1652	12806	2	3	0	0	0	0	0	0	0	0	0
A	BL	9	97	1	1	BA1652	12885	3	5	1	1	0	0	0	0	0	0	0
A	BL	9	97	1	1	BA1652	12895	5	4	0	0	0	0	0	0	0	0	0
A	BL	9	97	1	1	BA1652	12915	4	0	0	0	0	0	0	1	0	0	0
A	BL	9	97	1	1	BA1652	12935	4	5	1	1	0	0	0	0	0	0	0
A	BL	9	97	1	1	BA1652	12937	5	0	0	0	0	0	0	1	0	0	0
A	BL	9	97	1	1	BA1652	12945	5	4	0	0	0	0	0	0	0	0	0
A	BL	9	97	1	1	BA1652	12965	4	5	1	1	0	0	0	0	0	0	0
A	BL	9	97	1	1	BA1652	12972	5	0	0	0	0	0	0	1	0	0	0
A	BL	9	97	1	1	BA1652	12975	5	4	0	0	0	0	0	0	0	0	0
A	BL	9	97	1	1	BA1652	12986	4	5	1	1	0	0	0	0	0	0	0
A	BL	9	97	1	1	BA1652	12990	5	0	0	0	0	0	0	1	0	0	0
A	BL	9	97	1	1	BA1652	12992	5	0	0	1	0	0	0	0	0	0	0
A	BL	9	97	1	1	BA1652	12996	5	4	0	0	0	0	0	1	0	0	0
A	BL	9	97	1	1	BA1652	13011	4	5	1	1	0	0	0	0	0	0	0
A	BL	9	97	1	1	BA1652	13015	5	0	0	0	0	0	0	1	0	0	0
A	BL	9	97	1	1	BA1652	13019	5	0	0	1	0	0	0	0	0	0	0
A	BL	9	97	1	1	BA1652	13021	5	9	0	0	0	0	0	0	0	0	0
A	BL	9	97	1	1	BA1652	13023	9	0	0	0	0	0	0	1	0	0	0
A	BL	9	97	1	1	BA1652	13024	9	0	0	1	0	0	0	0	0	0	0
A	BL	9	97	1	1	BA1652	13027	9	0	0	0	0	0	0	1	0	0	0
A	BL	9	97	1	1	BA1652	13031	9	10	0	1	0	0	0	0	0	0	0
A	BL	9	97	1	1	BA1652	13034	10	0	0	0	0	0	0	1	0	0	0
A	BL	9	97	1	1	BA1652	13106	10	2	0	0	0	0	0	0	0	0	0
A	BL	9	97	1	1	BA1652	13107	2	6	0	0	0	0	0	0	0	0	0
A	BL	9	97	1	1	BA1652	13232	6	0	0	1	0	0	0	0	0	0	0
A	BL	9	97	1	1	BA1652	13234	6	0	0	0	0	0	0	1	0	0	0
A	BL	9	97	1	1	BA1652	13238	6	0	0	1	0	0	0	0	0	0	0
A	BL	9	97	1	1	BA1652	13244	6	0	0	0	0	0	0	1	0	0	0
A	BL	9	97	1	1	BA1652	15213	6	8	2	0	1	0	0	0	0	0	0
A	BL	9	97	1	1	BA1652	15223	8	7	0	0	0	0	0	0	0	0	0
A	BL	9	97	1	1	BA1652	15228	7	0	0	0	0	0	0	0	1	0	0
A	BL	9	97	1	1	BA1652	15354	7	8	2	0	1	0	0	0	0	0	0
A	BL	9	97	1	1	BA1652	15364	8	7	0	0	0	0	0	0	0	0	0
A	BL	9	97	1	1	BA1652	15366	7	0	0	0	0	0	0	0	1	0	0
A	BL	9	97	1	1	BA1652	15415	7	8	2	0	1	0	0	0	0	0	0
A	BL	9	97	1	1	BA1652	15425	8	7	0	0	0	0	0	0	0	0	0
A	BL	9	97	1	1	BA1652	15449	7	0	0	0	0	0	0	0	1	0	0
A	BL	9	97	1	1	BA1652	15536	7	8	2	0	1	0	0	0	0	0	0
A	BL	9	97	1	1	BA1652	15546	8	7	0	0	0	0	0	0	0	0	0
A	BL	9	97	1	1	BA1652	15561	7	0	0	0	0	0	0	0	1	0	0
A	BL	9	97	1	1	BA1652	15565	7	8	2	0	1	0	0	0	0	0	0
A	BL	9	97	1	1	BA1652	15574	8	0	0	0	0	0	0	0	1	0	0
A	BL	9	97	1	1	BA1652	15575	8	7	0	0	0	0	0	0	0	0	0
A	BL	9	97	1	1	BA1652	15659	7	8	2	0	1	0	0	0	0	0	0
A	BL	9	97	1	1	BA1652	15669	8	7	0	0	0	0	0	0	0	0	0
A	BL	9	97	1	1	BA1652	15672	7	0	0	0	0	0	0	0	1	0	0
A	BL	9	97	1	1	BA1652	15796	7	8	2	0	1	0	0	0	0	0	0
A	BL	9	97	1	1	BA1652	15806	8	7	0	0	0	0	0	0	0	0	0
A	BL	9	97	1	1	BA1652	15810	7	0	0	0	0	0	0	0	1	0	0
A	BL	9	97	1	1	BA1652	15830	7	8	2	0	1	0	0	0	0	0	0
A	BL	9	97	1	1	BA1652	15833	8	0	0	0	0	0	0	0	1	0	0
A	BL	9	97	1	1	BA1652	15840	8	7	0	0	0	0	0	0	0	0	0
A	BL	9	97	1	1	BA1652	15852	7	8	2	0	1	0	0	0	0	0	0
A	BL	9	97	1	1	BA1652	15853	8	0	0	0	0	0	0	0	1	0	0
A	BL	9	97	1	1	BA1652	15862	8	7	0	0	0	0	0	0	0	0	0
A	BL	9	97	1	1	BA1652	15948	7	8	2	0	1	0	0	0	0	0	0
A	BL	9	97	1	1	BA1652	15958	8	7	0	0	0	0	0	0	0	0	0
A	BL	9	97	1	1	BA1652	15988	7	0	0	0	0	0	0	0	1	0	0
A	BL	9	97	1	1	BA1652	16067	7	8	2	0	1	0	0	0	0	0	0
A	BL	9	97	1	1	BA1652	16077	8	7	0	0	0	0	0	0	0	0	0
A	BL	9	97	1	1	BA1652	16082	7	0	0	0	0	0	0	0	1	0	0
A	BL	9	97	1	1	BA1652	16087	7	8	2	0	1	0	0	0	0	0	0
A	BL	9	97	1	1	BA1652	16093	8	0	0	0	0	0	0	0	1	0	0
A	BL	9	97	1	1	BA1652	16097	8	7	0	0	0	0	0	0	0	0	0
A	BL	9	97	1	1	BA1652	16102	7	8	2	0	1	0	0	0	0	0	0
A	BL	9	97	1	1	BA1652	16108	8	0	0	0	0	0	0	0	1	0	0
A	BL	9	97	1	1	BA1652	16111	8	0	0	0	1	0	0	0	0	0	0
A	BL	9	97	1	1	BA1652	16112	8	7	0	0	0	0	0	0	0	0	0
A	BL	9	97	1	1	BA1652	16115	7	0	0	0	0	0	0	0	1	0	0
A	BL	9	97	1	1	BA1652	16219	7	8	2	0	1	0	0	0	0	0	0
A	BL	9	97	1	1	BA1652	16229	8	7	0	0	0	0	0	0	0	0	0
A	BL	9	97	1	1	BA1652	16235	7	8	2	0	1	0	0	0	1	0	0
A	BL	9	97	1	1	BA1652	16245	8	7	0	0	0	0	0	0	0	0	0
A	BL	9	97	1	1	BA1652	16276	7	0	0	0	0	0	0	0	1	0	0
A	BL	9	97	1	1	BA1652	16298	7	8	2	0	1	0	0	0	0	0	0
A	BL	9	97	1	1	BA1652	16299	8	0	0	0	0	0	0	0	1	0	0
A	BL	9	97	1	1	BA1652	16308	8	7	0	0	0	0	0	0	0	0	0
A	BL	9	97	1	1	BA1652	16321	7	8	2	0	1	0	0	0	0	0	0
A	BL	9	97	1	1	BA1652	16331	8	7	0	0	0	0	0	0	0	0	0
A	BL	9	97	1	1	BA1652	16352	7	0	0	0	0	0	0	0	1	0	0
A	BL	9	97	1	1	BA1652	16381	7	8	2	0	1	0	0	0	0	0	0
A	BL	9	97	1	1	BA1652	16391	8	7	0	0	0	0	0	0	0	0	0
A	BL	9	97	1	1	BA1652	16398	7	0	0	0	0	0	0	0	1	0	0
A	BL	9	97	1	1	BA1652	16399	7	8	2	0	1	0	0	0	0	0	0
A	BL	9	97	1	1	BA1652	16401	8	0	0	0	0	0	0	0	1	0	0
A	BL	9	97	1	1	BA1652	16406	8	0	0	0	1	0	0	0	0	0	0
A	BL	9	97	1	1	BA1652	16409	8	7	0	0	0	0	0	0	0	0	0
A	BL	9	97	1	1	BA1652	16418	7	0	0	0	0	0	0	0	1	0	0
A	BL	9	97	1	1	BA1652	16424	7	8	2	0	1	0	0	0	0	0	0
A	BL	9	97	1	1	BA1652	16434	8	9	0	0	0	0	0	0	0	0	0
A	BL	9	97	1	1	BA1652	16441	9	0	0	0	0	0	0	0	1	0	0
A	BL	9	97	1	1	BA1652	16444	9	10	0	0	0	0	0	0	0	0	0
A	BL	9	97	1	1	BA1652	16519	10	2	0	0	0	0	0	0	0	0	0
A	BL	9	97	1	1	BA1652	16520	2	6	0	0	0	0	0	0	0	0	0
A	BL	9	97	1	1	BA1652	16841	6	8	2	0	1	0	0	0	0	0	0
A	BL	9	97	1	1	BA1652	16851	8	7	0	0	0	0	0	0	0	0	0
A	BL	9	97	1	1	BA1652	16862	7	0	0	0	0	0	0	0	1	0	0
A	BL	9	97	1	1	BA1652	16872	7	8	2	0	1	0	0	0	0	0	0
A	BL	9	97	1	1	BA1652	16882	8	7	0	0	0	0	0	0	0	0	0
A	BL	9	97	1	1	BA1652	16884	7	0	0	0	0	0	0	0	1	0	0
A	BL	9	97	1	1	BA1652	16890	7	8	2	0	1	0	0	0	0	0	0
A	BL	9	97	1	1	BA1652	16892	8	0	0	0	0	0	0	0	1	0	0
A	BL	9	97	1	1	BA1652	16900	8	7	0	0	0	0	0	0	0	0	0
A	BL	9	97	1	1	BA1652	16990	7	8	2	0	1	0	0	0	0	0	0
A	BL	9	97	1	1	BA1652	16992	8	0	0	0	0	0	0	0	1	0	0
A	BL	9	97	1	1	BA1652	17000	8	7	0	0	0	0	0	0	0	0	0
A	BL	9	97	1	1	BA1652	17053	7	8	2	0	1	0	0	0	0	0	0
A	BL	9	97	1	1	BA1652	17055	8	0	0	0	0	0	0	0	1	0	0
A	BL	9	97	1	1	BA1652	17056	8	0	0	0	1	0	0	0	0	0	0
A	BL	9	97	1	1	BA1652	17063	8	7	0	0	0	0	0	0	0	0	0
A	BL	9	97	1	1	BA1652	17071	7	0	0	0	0	0	0	0	1	0	0
A	BL	9	97	1	1	BA1652	17124	7	8	2	0	1	0	0	0	0	0	0
A	BL	9	97	1	1	BA1652	17134	8	7	0	0	0	0	0	0	0	0	0
A	BL	9	97	1	1	BA1652	17140	7	8	2	0	1	0	0	0	1	0	0
A	BL	9	97	1	1	BA1652	17144	8	0	0	0	0	0	0	0	1	0	0
A	BL	9	97	1	1	BA1652	17146	8	0	0	0	1	0	0	0	0	0	0
A	BL	9	97	1	1	BA1652	17150	8	7	0	0	0	0	0	0	0	0	0
A	BL	9	97	1	1	BA1652	17151	7	0	0	0	0	0	0	0	1	0	0
A	BL	9	97	1	1	BA1652	17192	7	8	2	0	1	0	0	0	0	0	0
A	BL	9	97	1	1	BA1652	17202	8	7	0	0	0	0	0	0	0	0	0
A	BL	9	97	1	1	BA1652	17213	7	0	0	0	0	0	0	0	1	0	0
A	BL	9	97	1	1	BA1652	17215	7	8	2	0	1	0	0	0	0	0	0
A	BL	9	97	1	1	BA1652	17222	8	0	0	0	0	0	0	0	1	0	0
A	BL	9	97	1	1	BA1652	17225	8	7	0	0	0	0	0	0	0	0	0
A	BL	9	97	1	1	BA1652	17342	7	8	2	0	1	0	0	0	0	0	0
A	BL	9	97	1	1	BA1652	17352	8	7	0	0	0	0	0	0	0	0	0
A	BL	9	97	1	1	BA1652	17379	7	0	0	0	0	0	0	0	1	0	0
A	BL	9	97	1	1	BA1652	17380	7	8	2	0	1	0	0	0	0	0	0
A	BL	9	97	1	1	BA1652	17381	8	0	0	0	0	0	0	0	1	0	0
A	BL	9	97	1	1	BA1652	17390	8	7	0	0	0	0	0	0	0	0	0
A	BL	9	97	1	1	BA1652	17431	7	8	2	0	1	0	0	0	0	0	0
A	BL	9	97	1	1	BA1652	17440	8	0	0	0	0	0	0	0	1	0	0
A	BL	9	97	1	1	BA1652	17441	8	7	0	0	0	0	0	0	0	0	0
A	BL	9	97	1	1	BA1652	17443	7	8	2	0	1	0	0	0	0	0	0
A	BL	9	97	1	1	BA1652	17453	8	7	0	0	0	0	0	0	0	0	0
A	BL	9	97	1	1	BA1652	17465	7	0	0	0	0	0	0	0	1	0	0
A	BL	9	97	1	1	BA1652	17472	7	8	2	0	1	0	0	0	0	0	0
A	BL	9	97	1	1	BA1652	17477	8	0	0	0	0	0	0	0	1	0	0
A	BL	9	97	1	1	BA1652	17478	8	0	0	0	1	0	0	0	0	0	0
A	BL	9	97	1	1	BA1652	17482	8	7	0	0	0	0	0	0	0	0	0
A	BL	9	97	1	1	BA1652	17492	7	0	0	0	0	0	0	0	1	0	0
A	BL	9	97	1	1	BA1652	17509	7	8	2	0	1	0	0	0	0	0	0
A	BL	9	97	1	1	BA1652	17514	8	0	0	0	0	0	0	0	1	0	0
A	BL	9	97	1	1	BA1652	17517	8	0	0	0	1	0	0	0	0	0	0
A	BL	9	97	1	1	BA1652	17519	8	7	0	0	0	0	0	0	0	0	0
A	BL	9	97	1	1	BA1652	17524	7	0	0	0	0	0	0	0	1	0	0
A	BL	9	97	1	1	BA1652	17580	7	8	2	0	1	0	0	0	0	0	0
A	BL	9	97	1	1	BA1652	17590	8	7	0	0	0	0	0	0	0	0	0
A	BL	9	97	1	1	BA1652	17602	7	0	0	0	0	0	0	0	1	0	0
A	BL	9	97	1	1	BA1652	17605	7	8	2	0	1	0	0	0	0	0	0
A	BL	9	97	1	1	BA1652	17607	8	0	0	0	0	0	0	0	1	0	0
A	BL	9	97	1	1	BA1652	17615	8	7	0	0	0	0	0	0	0	0	0
A	BL	9	97	1	1	BA1652	17735	7	8	2	0	1	0	0	0	0	0	0
A	BL	9	97	1	1	BA1652	17745	8	7	0	0	0	0	0	0	0	0	0
A	BL	9	97	1	1	BA1652	17759	7	8	2	0	1	0	0	0	1	0	0
A	BL	9	97	1	1	BA1652	17767	8	0	0	0	0	0	0	0	1	0	0
A	BL	9	97	1	1	BA1652	17769	8	7	0	0	0	0	0	0	0	0	0
A	BL	9	97	1	1	BA1652	17770	7	8	2	0	1	0	0	0	0	0	0
A	BL	9	97	1	1	BA1652	17771	8	0	0	0	0	0	0	0	1	0	0
A	BL	9	97	1	1	BA1652	17780	8	9	0	0	0	0	0	0	0	0	0
A	BL	9	97	1	1	BA1652	17790	9	10	0	0	0	0	0	0	0	0	0
A	BL	9	97	1	1	BA1652	17865	10	2	0	0	0	0	0	0	0	0	0
A	BL	9	97	1	1	BA1652	17866	2	6	0	0	0	0	0	0	0	0	0
A	BL	9	97	1	1	BA1652	18147	6	0	0	1	0	0	0	0	0	0	0
A	BL	9	97	1	1	BA1652	18157	6	0	0	0	0	0	0	1	0	0	0
A	BL	9	97	1	1	BA1652	18395	6	8	2	0	1	0	0	0	0	0	0
A	BL	9	97	1	1	BA1652	18399	8	0	0	0	0	0	0	0	1	0	0
A	BL	9	97	1	1	BA1652	18405	8	7	0	0	0	0	0	0	0	0	0
A	BL	9	97	1	1	BA1652	18473	7	8	2	0	1	0	0	0	0	0	0
A	BL	9	97	1	1	BA1652	18481	8	0	0	0	0	0	0	0	1	0	0
A	BL	9	97	1	1	BA1652	18483	8	7	0	0	0	0	0	0	0	0	0
A	BL	9	97	1	1	BA1652	18519	7	8	2	0	1	0	0	0	0	0	0
A	BL	9	97	1	1	BA1652	18523	8	0	0	0	0	0	0	0	1	0	0
A	BL	9	97	1	1	BA1652	18529	8	7	0	0	0	0	0	0	0	0	0
A	BL	9	97	1	1	BA1652	18532	7	8	2	0	1	0	0	0	0	0	0
A	BL	9	97	1	1	BA1652	18533	8	0	0	0	0	0	0	0	1	0	0
A	BL	9	97	1	1	BA1652	18542	8	7	0	0	0	0	0	0	0	0	0
A	BL	9	97	1	1	BA1652	18708	7	8	2	0	1	0	0	0	0	0	0
A	BL	9	97	1	1	BA1652	18718	8	7	0	0	0	0	0	0	0	0	0
A	BL	9	97	1	1	BA1652	18725	7	0	0	0	0	0	0	0	1	0	0
A	BL	9	97	1	1	BA1652	18730	7	8	2	0	1	0	0	0	0	0	0
A	BL	9	97	1	1	BA1652	18740	8	7	0	0	0	0	0	0	0	0	0
A	BL	9	97	1	1	BA1652	18748	7	0	0	0	0	0	0	0	1	0	0
A	BL	9	97	1	1	BA1652	18792	7	8	2	0	1	0	0	0	0	0	0
A	BL	9	97	1	1	BA1652	18801	8	0	0	0	0	0	0	0	1	0	0
A	BL	9	97	1	1	BA1652	18802	8	7	0	0	0	0	0	0	0	0	0
A	BL	9	97	1	1	BA1652	18813	7	8	2	0	1	0	0	0	0	0	0
A	BL	9	97	1	1	BA1652	18821	8	0	0	0	0	0	0	0	1	0	0
A	BL	9	97	1	1	BA1652	18823	8	7	0	0	0	0	0	0	0	0	0
A	BL	9	97	1	1	BA1652	18827	7	8	2	0	1	0	0	0	0	0	0
A	BL	9	97	1	1	BA1652	18837	8	7	0	0	0	0	0	0	0	0	0
A	BL	9	97	1	1	BA1652	18844	7	0	0	0	0	0	0	0	1	0	0
A	BL	9	97	1	1	BA1652	18850	7	8	2	0	1	0	0	0	0	0	0
A	BL	9	97	1	1	BA1652	18851	8	0	0	0	0	0	0	0	1	0	0
A	BL	9	97	1	1	BA1652	18859	8	0	0	0	1	0	0	0	0	0	0
A	BL	9	97	1	1	BA1652	18860	8	7	0	0	0	0	0	0	0	0	0
A	BL	9	97	1	1	BA1652	18862	7	0	0	0	0	0	0	0	1	0	0
A	BL	9	97	1	1	BA1652	18938	7	8	2	0	1	0	0	0	0	0	0
A	BL	9	97	1	1	BA1652	18944	8	0	0	0	0	0	0	0	1	0	0
A	BL	9	97	1	1	BA1652	18948	8	7	0	0	0	0	0	0	0	0	0
A	BL	9	97	1	1	BA1652	19135	7	8	2	0	1	0	0	0	0	0	0
A	BL	9	97	1	1	BA1652	19145	8	7	0	0	0	0	0	0	0	0	0
A	BL	9	97	1	1	BA1652	19148	7	0	0	0	0	0	0	0	1	0	0
A	BL	9	97	1	1	BA1652	19154	7	8	2	0	1	0	0	0	0	0	0
A	BL	9	97	1	1	BA1652	19164	8	7	0	0	0	0	0	0	0	0	0
A	BL	9	97	1	1	BA1652	19186	7	0	0	0	0	0	0	0	1	0	0
A	BL	9	97	1	1	BA1652	19188	7	8	2	0	1	0	0	0	0	0	0
A	BL	9	97	1	1	BA1652	19189	8	0	0	0	0	0	0	0	1	0	0
A	BL	9	97	1	1	BA1652	19198	8	7	0	0	0	0	0	0	0	0	0
A	BL	9	97	1	1	BA1652	19249	7	8	2	0	1	0	0	0	0	0	0
A	BL	9	97	1	1	BA1652	19251	8	0	0	0	0	0	0	0	1	0	0
A	BL	9	97	1	1	BA1652	19252	8	0	0	0	1	0	0	0	0	0	0
A	BL	9	97	1	1	BA1652	19255	8	0	0	0	0	0	0	0	1	0	0
A	BL	9	97	1	1	BA1652	19259	8	7	0	0	0	0	0	0	0	0	0
A	BL	9	97	1	1	BA1652	19320	7	8	2	0	1	0	0	0	0	0	0
A	BL	9	97	1	1	BA1652	19330	8	7	0	0	0	0	0	0	0	0	0
A	BL	9	97	1	1	BA1652	19331	7	0	0	0	0	0	0	0	1	0	0
A	BL	9	97	1	1	BA1652	19332	7	8	2	0	1	0	0	0	0	0	0
A	BL	9	97	1	1	BA1652	19336	8	0	0	0	0	0	0	0	1	0	0
A	BL	9	97	1	1	BA1652	19338	8	0	0	0	1	0	0	0	0	0	0
A	BL	9	97	1	1	BA1652	19342	8	7	0	0	0	0	0	0	0	0	0
A	BL	9	97	1	1	BA1652	19360	7	0	0	0	0	0	0	0	1	0	0
A	BL	9	97	1	1	BA1652	19486	7	8	2	0	1	0	0	0	0	0	0
A	BL	9	97	1	1	BA1652	19496	8	7	0	0	0	0	0	0	0	0	0
A	BL	9	97	1	1	BA1652	19498	7	0	0	0	0	0	0	0	1	0	0
A	BL	9	97	1	1	BA1652	19499	7	8	2	0	1	0	0	0	0	0	0
A	BL	9	97	1	1	BA1652	19509	8	7	0	0	0	0	0	0	0	0	0
A	BL	9	97	1	1	BA1652	19513	7	0	0	0	0	0	0	0	1	0	0
A	BL	9	97	1	1	BA1652	19534	7	8	2	0	1	0	0	0	0	0	0
A	BL	9	97	1	1	BA1652	19541	8	0	0	0	0	0	0	0	1	0	0
A	BL	9	97	1	1	BA1652	19544	8	9	0	0	0	0	0	0	0	0	0
A	BL	9	97	1	1	BA1652	19554	9	10	0	0	0	0	0	0	0	0	0
A	BL	9	97	1	1	BA1652	19629	10	2	0	0	0	0	0	0	0	0	0
A	BL	9	97	1	1	BA1652	19630	2	3	0	0	0	0	0	0	0	0	0
A	BL	9	97	1	1	BA1652	19759	3	5	1	1	0	0	0	0	0	0	0
A	BL	9	97	1	1	BA1652	19767	5	0	0	0	0	0	0	1	0	0	0
A	BL	9	97	1	1	BA1652	19768	5	0	0	1	0	0	0	0	0	0	0
A	BL	9	97	1	1	BA1652	19769	5	4	0	0	0	0	0	0	0	0	0
A	BL	9	97	1	1	BA1652	19778	4	0	0	0	0	0	0	1	0	0	0
A	BL	9	97	1	1	BA1652	19786	4	5	1	1	0	0	0	0	0	0	0
A	BL	9	97	1	1	BA1652	19795	5	0	0	0	0	0	0	1	0	0	0
A	BL	9	97	1	1	BA1652	19796	5	4	0	0	0	0	0	0	0	0	0
A	BL	9	97	1	1	BA1652	19799	4	5	1	1	0	0	0	0	0	0	0
A	BL	9	97	1	1	BA1652	19805	5	0	0	0	0	0	0	1	0	0	0
A	BL	9	97	1	1	BA1652	19809	5	4	0	0	0	0	0	0	0	0	0
A	BL	9	97	1	1	BA1652	19811	4	5	1	1	0	0	0	0	0	0	0
A	BL	9	97	1	1	BA1652	19816	5	0	0	0	0	0	0	1	0	0	0
A	BL	9	97	1	1	BA1652	19821	5	4	0	0	0	0	0	0	0	0	0
A	BL	9	97	1	1	BA1652	19828	4	5	1	1	0	0	0	0	0	0	0
A	BL	9	97	1	1	BA1652	19832	5	0	0	0	0	0	0	1	0	0	0
A	BL	9	97	1	1	BA1652	19838	5	9	0	0	0	0	0	0	0	0	0
A	BL	9	97	1	1	BA1652	19848	9	10	0	0	0	0	0	0	0	0	0
A	BL	9	97	1	1	BA1652	19923	10	2	0	0	0	0	0	0	0	0	0
A	BL	9	97	1	1	BA1652	19924	2	3	0	0	0	0	0	0	0	0	0
A	BL	9	97	1	1	BA1652	20051	3	5	1	1	0	0	0	0	0	0	0
A	BL	9	97	1	1	BA1652	20061	5	4	0	0	0	0	0	0	0	0	0
A	BL	9	97	1	1	BA1652	20066	4	0	0	0	0	0	0	1	0	0	0
A	BL	9	97	1	1	BA1652	20071	4	5	1	1	0	0	0	0	0	0	0
A	BL	9	97	1	1	BA1652	20076	5	0	0	0	0	0	0	1	0	0	0
A	BL	9	97	1	1	BA1652	20078	5	0	0	1	0	0	0	0	0	0	0
A	BL	9	97	1	1	BA1652	20081	5	4	0	0	0	0	0	0	0	0	0
A	BL	9	97	1	1	BA1652	20092	4	0	0	0	0	0	0	1	0	0	0
A	BL	9	97	1	1	BA1652	20099	4	5	1	1	0	0	0	0	0	0	0
A	BL	9	97	1	1	BA1652	20107	5	0	0	0	0	0	0	1	0	0	0
A	BL	9	97	1	1	BA1652	20109	5	4	0	0	0	0	0	0	0	0	0
A	BL	9	97	1	1	BA1652	20114	4	5	1	1	0	0	0	0	0	0	0
A	BL	9	97	1	1	BA1652	20123	5	0	0	0	0	0	0	1	0	0	0
A	BL	9	97	1	1	BA1652	20124	5	4	0	0	0	0	0	0	0	0	0
A	BL	9	97	1	1	BA1652	20125	4	5	1	1	0	0	0	0	0	0	0
A	BL	9	97	1	1	BA1652	20127	5	0	0	0	0	0	0	1	0	0	0
A	BL	9	97	1	1	BA1652	20135	5	9	0	0	0	0	0	0	0	0	0
A	BL	9	97	1	1	BA1652	20137	9	0	0	1	0	0	0	0	0	0	0
A	BL	9	97	1	1	BA1652	20145	9	10	0	0	0	0	0	0	0	0	0
A	BL	9	97	1	1	BA1652	20149	10	0	0	0	0	0	0	1	0	0	0
A	BL	9	97	1	1	BA1652	20220	10	2	0	0	0	0	0	0	0	0	0
A	BL	9	97	1	1	BA1652	20221	2	3	0	0	0	0	0	0	0	0	0
A	BL	9	97	1	1	BA1652	20355	3	5	1	1	0	0	0	0	0	0	0
A	BL	9	97	1	1	BA1652	20365	5	4	0	0	0	0	0	0	0	0	0
A	BL	9	97	1	1	BA1652	20379	4	0	0	0	0	0	0	1	0	0	0
A	BL	9	97	1	1	BA1652	20385	4	5	1	1	0	0	0	0	0	0	0
A	BL	9	97	1	1	BA1652	20391	5	0	0	0	0	0	0	1	0	0	0
A	BL	9	97	1	1	BA1652	20395	5	4	0	0	0	0	0	0	0	0	0
A	BL	9	97	1	1	BA1652	20397	4	5	1	1	0	0	0	0	0	0	0
A	BL	9	97	1	1	BA1652	20403	5	0	0	0	0	0	0	1	0	0	0
A	BL	9	97	1	1	BA1652	20407	5	4	0	0	0	0	0	0	0	0	0
A	BL	9	97	1	1	BA1652	20409	4	5	1	1	0	0	0	0	0	0	0
A	BL	9	97	1	1	BA1652	20412	5	0	0	0	0	0	0	1	0	0	0
A	BL	9	97	1	1	BA1652	20419	5	4	0	0	0	0	0	0	0	0	0
A	BL	9	97	1	1	BA1652	20446	4	5	1	1	0	0	0	0	0	0	0
A	BL	9	97	1	1	BA1652	20448	5	0	0	0	0	0	0	1	0	0	0
A	BL	9	97	1	1	BA1652	20450	5	0	0	1	0	0	0	0	0	0	0
A	BL	9	97	1	1	BA1652	20453	5	0	0	1	0	0	0	1	0	0	0
A	BL	9	97	1	1	BA1652	20456	5	9	0	0	0	0	0	0	0	0	0
A	BL	9	97	1	1	BA1652	20457	9	0	0	0	0	0	0	1	0	0	0
A	BL	9	97	1	1	BA1652	20461	9	0	0	1	0	0	0	0	0	0	0
A	BL	9	97	1	1	BA1652	20465	9	0	0	0	0	0	0	1	0	0	0
A	BL	9	97	1	1	BA1652	20466	9	10	0	0	0	0	0	0	0	0	0
A	BL	9	97	1	1	BA1652	20467	10	0	0	1	0	0	0	0	0	0	0
A	BL	9	97	1	1	BA1652	20472	10	0	0	0	0	0	0	1	0	0	0
A	BL	9	97	1	1	BA1652	20541	10	2	0	0	0	0	0	0	0	0	0
A	BL	9	97	1	1	BA1652	20542	2	6	0	0	0	0	0	0	0	0	0
A	BL	9	97	1	1	BA1652	20746	6	0	0	1	0	0	0	0	0	0	0
A	BL	9	97	1	1	BA1652	20841	6	0	0	0	0	0	0	1	0	0	0
A	BL	9	97	1	1	BA1652	20859	6	0	0	1	0	0	0	0	0	0	0
A	BL	9	97	1	1	BA1652	20870	6	0	0	0	0	0	0	1	0	0	0
A	BL	9	97	1	1	BA1652	20876	6	0	0	1	0	0	0	0	0	0	0
A	BL	9	97	1	1	BA1652	20889	6	0	0	0	0	0	0	1	0	0	0
A	BL	9	97	1	1	BA1652	20891	6	0	0	1	0	0	0	0	0	0	0
A	BL	9	97	1	1	BA1652	20915	6	0	0	0	0	0	0	1	0	0	0
A	BL	9	97	1	1	BA1652	20922	6	0	0	1	0	0	0	0	0	0	0
A	BL	9	97	1	1	BA1652	20964	6	0	0	0	0	0	0	1	0	0	0
A	BL	9	97	1	1	BA1652	20995	6	0	0	1	0	0	0	0	0	0	0
A	BL	9	97	1	1	BA1652	21000	6	0	0	0	0	0	0	1	0	0	0
A	BL	9	97	1	1	BA1652	21145	6	0	0	1	0	0	0	0	0	0	0
A	BL	9	97	1	1	BA1652	21159	6	0	0	0	0	0	0	1	0	0	0
A	BL	9	97	1	1	BA1652	21543	6	8	2	0	1	0	0	0	0	0	0
A	BL	9	97	1	1	BA1652	21553	8	7	0	0	0	0	0	0	0	0	0
A	BL	9	97	1	1	BA1652	21574	7	0	0	0	0	0	0	0	1	0	0
A	BL	9	97	1	1	BA1652	21675	7	8	2	0	1	0	0	0	0	0	0
A	BL	9	97	1	1	BA1652	21677	8	0	0	0	0	0	0	0	1	0	0
A	BL	9	97	1	1	BA1652	21680	8	0	0	0	1	0	0	0	0	0	0
A	BL	9	97	1	1	BA1652	21685	8	7	0	0	0	0	0	0	1	0	0
A	BL	9	97	1	1	BA1652	21697	7	8	2	0	1	0	0	0	0	0	0
A	BL	9	97	1	1	BA1652	21707	8	7	0	0	0	0	0	0	1	0	0
A	BL	9	97	1	1	BA1652	21708	7	8	2	0	1	0	0	0	0	0	0
A	BL	9	97	1	1	BA1652	21715	8	0	0	0	0	0	0	0	1	0	0
A	BL	9	97	1	1	BA1652	21718	8	7	0	0	0	0	0	0	0	0	0
A	BL	9	97	1	1	BA1652	21730	7	8	2	0	1	0	0	0	0	0	0
A	BL	9	97	1	1	BA1652	21734	8	0	0	0	0	0	0	0	1	0	0
A	BL	9	97	1	1	BA1652	21740	8	7	0	0	0	0	0	0	0	0	0
A	BL	9	97	1	1	BA1652	21744	7	8	2	0	1	0	0	0	0	0	0
A	BL	9	97	1	1	BA1652	21754	8	7	0	0	0	0	0	0	0	0	0
A	BL	9	97	1	1	BA1652	21759	7	0	0	0	0	0	0	0	1	0	0
A	BL	9	97	1	1	BA1652	21780	7	8	2	0	1	0	0	0	0	0	0
A	BL	9	97	1	1	BA1652	21790	8	7	0	0	0	0	0	0	0	0	0
A	BL	9	97	1	1	BA1652	21794	7	0	0	0	0	0	0	0	1	0	0
A	BL	9	97	1	1	BA1652	21796	7	8	2	0	1	0	0	0	0	0	0
A	BL	9	97	1	1	BA1652	21805	8	0	0	0	0	0	0	0	1	0	0
A	BL	9	97	1	1	BA1652	21806	8	7	0	0	0	0	0	0	0	0	0
A	BL	9	97	1	1	BA1652	21819	7	8	2	0	1	0	0	0	0	0	0
A	BL	9	97	1	1	BA1652	21823	8	0	0	0	0	0	0	0	1	0	0
A	BL	9	97	1	1	BA1652	21829	8	7	0	0	0	0	0	0	0	0	0
A	BL	9	97	1	1	BA1652	21846	7	8	2	0	1	0	0	0	0	0	0
A	BL	9	97	1	1	BA1652	21856	8	7	0	0	0	0	0	0	0	0	0
A	BL	9	97	1	1	BA1652	21891	7	0	0	0	0	0	0	0	1	0	0
A	BL	9	97	1	1	BA1652	21897	7	8	2	0	1	0	0	0	0	0	0
A	BL	9	97	1	1	BA1652	21907	8	7	0	0	0	0	0	0	0	0	0
A	BL	9	97	1	1	BA1652	21941	7	0	0	0	0	0	0	0	1	0	0
A	BL	9	97	1	1	BA1652	21942	7	8	2	0	1	0	0	0	0	0	0
A	BL	9	97	1	1	BA1652	21946	8	0	0	0	0	0	0	0	1	0	0
A	BL	9	97	1	1	BA1652	21952	8	7	0	0	0	0	0	0	0	0	0
A	BL	9	97	1	1	BA1652	22021	7	8	2	0	1	0	0	0	0	0	0
A	BL	9	97	1	1	BA1652	22031	8	7	0	0	0	0	0	0	0	0	0
A	BL	9	97	1	1	BA1652	22066	7	0	0	0	0	0	0	0	1	0	0
A	BL	9	97	1	1	BA1652	22099	7	8	2	0	1	0	0	0	0	0	0
A	BL	9	97	1	1	BA1652	22107	8	0	0	0	0	0	0	0	1	0	0
A	BL	9	97	1	1	BA1652	22109	8	7	0	0	0	0	0	0	0	0	0
A	BL	9	97	1	1	BA1652	22184	7	8	2	0	1	0	0	0	0	0	0
A	BL	9	97	1	1	BA1652	22191	8	0	0	0	0	0	0	0	1	0	0
A	BL	9	97	1	1	BA1652	22194	8	7	0	0	0	0	0	0	0	0	0
A	BL	9	97	1	1	BA1652	22195	7	8	2	0	1	0	0	0	0	0	0
A	BL	9	97	1	1	BA1652	22205	8	7	0	0	0	0	0	0	0	0	0
A	BL	9	97	1	1	BA1652	22226	7	0	0	0	0	0	0	0	1	0	0
A	BL	9	97	1	1	BA1652	22230	7	8	2	0	1	0	0	0	0	0	0
A	BL	9	97	1	1	BA1652	22240	8	7	0	0	0	0	0	0	0	0	0
A	BL	9	97	1	1	BA1652	22256	7	0	0	0	0	0	0	0	1	0	0
A	BL	9	97	1	1	BA1652	22259	7	8	2	0	1	0	0	0	0	0	0
A	BL	9	97	1	1	BA1652	22269	8	7	0	0	0	0	0	0	0	0	0
A	BL	9	97	1	1	BA1652	22274	7	0	0	0	0	0	0	0	1	0	0
A	BL	9	97	1	1	BA1652	22362	7	8	2	0	1	0	0	0	0	0	0
A	BL	9	97	1	1	BA1652	22372	8	7	0	0	0	0	0	0	0	0	0
A	BL	9	97	1	1	BA1652	22374	7	0	0	0	0	0	0	0	1	0	0
A	BL	9	97	1	1	BA1652	22375	7	8	2	0	1	0	0	0	0	0	0
A	BL	9	97	1	1	BA1652	22379	8	0	0	0	0	0	0	0	1	0	0
A	BL	9	97	1	1	BA1652	22385	8	9	0	0	0	0	0	0	0	0	0
A	BL	9	97	1	1	BA1652	22395	9	10	0	0	0	0	0	0	0	0	0
A	BL	9	97	1	1	BA1652	22406	10	0	0	0	1	0	0	0	0	0	0
A	BL	9	97	1	1	BA1652	22407	10	0	0	0	0	0	0	0	1	0	0
A	BL	9	97	1	1	BA1652	22470	10	2	0	0	0	0	0	0	0	0	0
A	BL	9	97	1	1	BA1652	22471	2	3	0	0	0	0	0	0	0	0	0
A	BL	9	97	1	1	BA1652	22564	3	5	1	1	0	0	0	0	0	0	0
A	BL	9	97	1	1	BA1652	22571	5	0	0	0	0	0	0	1	0	0	0
A	BL	9	97	1	1	BA1652	22574	5	4	0	0	0	0	0	0	0	0	0
A	BL	9	97	1	1	BA1652	22577	4	5	1	1	0	0	0	0	0	0	0
A	BL	9	97	1	1	BA1652	22587	5	4	0	0	0	0	0	1	0	0	0
A	BL	9	97	1	1	BA1652	22596	4	5	1	1	0	0	0	0	0	0	0
A	BL	9	97	1	1	BA1652	22598	5	0	0	0	0	0	0	1	0	0	0
A	BL	9	97	1	1	BA1652	22600	5	0	0	1	0	0	0	0	0	0	0
A	BL	9	97	1	1	BA1652	22606	5	4	0	0	0	0	0	0	0	0	0
A	BL	9	97	1	1	BA1652	22632	4	0	0	0	0	0	0	1	0	0	0
A	BL	9	97	1	1	BA1652	22639	4	5	1	1	0	0	0	0	0	0	0
A	BL	9	97	1	1	BA1652	22642	5	0	0	0	0	0	0	1	0	0	0
A	BL	9	97	1	1	BA1652	22646	5	0	0	1	0	0	0	0	0	0	0
A	BL	9	97	1	1	BA1652	22649	5	4	0	0	0	0	0	0	0	0	0
A	BL	9	97	1	1	BA1652	22653	4	0	0	0	0	0	0	1	0	0	0
A	BL	9	97	1	1	BA1652	22688	4	5	1	1	0	0	0	0	0	0	0
A	BL	9	97	1	1	BA1652	22698	5	9	0	0	0	0	0	0	0	0	0
A	BL	9	97	1	1	BA1652	22705	9	0	0	0	0	0	0	1	0	0	0
A	BL	9	97	1	1	BA1652	22706	9	0	0	1	0	0	0	0	0	0	0
A	BL	9	97	1	1	BA1652	22708	9	10	0	0	0	0	0	0	0	0	0
A	BL	9	97	1	1	BA1652	22710	10	0	0	0	0	0	0	1	0	0	0
A	BL	9	97	1	1	BA1652	22783	10	2	0	0	0	0	0	0	0	0	0
A	BL	9	97	1	1	BA1652	22784	2	6	0	0	0	0	0	0	0	0	0
A	BL	9	97	1	1	BA1652	22908	6	0	0	1	0	0	0	0	0	0	0
A	BL	9	97	1	1	BA1652	22964	6	0	0	0	0	0	0	1	0	0	0
A	BL	9	97	1	1	BA1652	22965	6	0	0	1	0	0	0	0	0	0	0
A	BL	9	97	1	1	BA1652	23022	6	0	0	0	0	0	0	1	0	0	0
A	BL	9	97	1	1	BA1652	23153	6	0	0	1	0	0	0	0	0	0	0
A	BL	9	97	1	1	BA1652	23178	6	0	0	0	0	0	0	1	0	0	0
A	BL	9	97	1	1	BA1652	23201	6	0	0	1	0	0	0	0	0	0	0
A	BL	9	97	1	1	BA1652	23207	6	0	0	0	0	0	0	1	0	0	0
A	BL	9	97	1	1	BA1652	23263	6	0	0	1	0	0	0	0	0	0	0
A	BL	9	97	1	1	BA1652	23272	6	0	0	0	0	0	0	1	0	0	0
A	BL	9	97	1	1	BA1652	23273	6	0	0	1	0	0	0	0	0	0	0
A	BL	9	97	1	1	BA1652	23307	6	0	0	0	0	0	0	1	0	0	0
A	BL	9	97	1	1	BA1652	23315	6	0	0	1	0	0	0	0	0	0	0
A	BL	9	97	1	1	BA1652	23377	6	0	0	0	0	0	0	1	0	0	0
A	BL	9	97	1	1	BA1652	23427	6	0	0	1	0	0	0	0	0	0	0
A	BL	9	97	1	1	BA1652	23436	6	0	0	0	0	0	0	1	0	0	0
A	BL	9	97	1	1	BA1652	26497	6	8	2	0	1	0	0	0	0	0	0
A	BL	9	97	1	1	BA1652	26507	8	7	0	0	0	0	0	0	0	0	0
A	BL	9	97	1	1	BA1652	26512	7	0	0	0	0	0	0	0	1	0	0
A	BL	9	97	1	1	BA1652	26616	7	8	2	0	1	0	0	0	0	0	0
A	BL	9	97	1	1	BA1652	26626	8	7	0	0	0	0	0	0	0	0	0
A	BL	9	97	1	1	BA1652	26635	7	0	0	0	0	0	0	0	1	0	0
A	BL	9	97	1	1	BA1652	26640	7	8	2	0	1	0	0	0	0	0	0
A	BL	9	97	1	1	BA1652	26641	8	0	0	0	0	0	0	0	1	0	0
A	BL	9	97	1	1	BA1652	26650	8	7	0	0	1	0	0	0	0	0	0
A	BL	9	97	1	1	BA1652	26655	7	0	0	0	0	0	0	0	1	0	0
A	BL	9	97	1	1	BA1652	26804	7	8	2	0	1	0	0	0	0	0	0
A	BL	9	97	1	1	BA1652	26809	8	0	0	0	0	0	0	0	1	0	0
A	BL	9	97	1	1	BA1652	26810	8	0	0	0	1	0	0	0	0	0	0
A	BL	9	97	1	1	BA1652	26814	8	7	0	0	0	0	0	0	0	0	0
A	BL	9	97	1	1	BA1652	26826	7	0	0	0	0	0	0	0	1	0	0
A	BL	9	97	1	1	BA1652	26912	7	8	2	0	1	0	0	0	0	0	0
A	BL	9	97	1	1	BA1652	26922	8	7	0	0	0	0	0	0	0	0	0
A	BL	9	97	1	1	BA1652	26926	7	0	0	0	0	0	0	0	1	0	0
A	BL	9	97	1	1	BA1652	26928	7	8	2	0	1	0	0	0	0	0	0
A	BL	9	97	1	1	BA1652	26934	8	0	0	0	0	0	0	0	1	0	0
A	BL	9	97	1	1	BA1652	26935	8	0	0	0	1	0	0	0	0	0	0
A	BL	9	97	1	1	BA1652	26938	8	7	0	0	0	0	0	0	0	0	0
A	BL	9	97	1	1	BA1652	26954	7	0	0	0	0	0	0	0	1	0	0
A	BL	9	97	1	1	BA1652	26955	7	8	2	0	1	0	0	0	0	0	0
A	BL	9	97	1	1	BA1652	26957	8	0	0	0	0	0	0	0	1	0	0
A	BL	9	97	1	1	BA1652	26960	8	0	0	0	1	0	0	0	0	0	0
A	BL	9	97	1	1	BA1652	26961	8	0	0	0	0	0	0	0	1	0	0
A	BL	9	97	1	1	BA1652	26965	8	7	0	0	0	0	0	0	0	0	0
A	BL	9	97	1	1	BA1652	26996	7	8	2	0	1	0	0	0	0	0	0
A	BL	9	97	1	1	BA1652	27006	8	7	0	0	0	0	0	0	0	0	0
A	BL	9	97	1	1	BA1652	27010	7	0	0	0	0	0	0	0	1	0	0
A	BL	9	97	1	1	BA1652	27066	7	8	2	0	1	0	0	0	0	0	0
A	BL	9	97	1	1	BA1652	27076	8	7	0	0	0	0	0	0	0	0	0
A	BL	9	97	1	1	BA1652	27090	7	0	0	0	0	0	0	0	1	0	0
A	BL	9	97	1	1	BA1652	27157	7	8	2	0	1	0	0	0	0	0	0
A	BL	9	97	1	1	BA1652	27167	8	7	0	0	0	0	0	0	0	0	0
A	BL	9	97	1	1	BA1652	27180	7	0	0	0	0	0	0	0	1	0	0
A	BL	9	97	1	1	BA1652	27182	7	8	2	0	1	0	0	0	0	0	0
A	BL	9	97	1	1	BA1652	27188	8	0	0	0	0	0	0	0	1	0	0
A	BL	9	97	1	1	BA1652	27192	8	7	0	0	0	0	0	0	0	0	0
A	BL	9	97	1	1	BA1652	27296	7	8	2	0	1	0	0	0	0	0	0
A	BL	9	97	1	1	BA1652	27306	8	7	0	0	0	0	0	0	0	0	0
A	BL	9	97	1	1	BA1652	27314	7	0	0	0	0	0	0	0	1	0	0
A	BL	9	97	1	1	BA1652	27319	7	8	2	0	1	0	0	0	0	0	0
A	BL	9	97	1	1	BA1652	27322	8	0	0	0	0	0	0	0	1	0	0
A	BL	9	97	1	1	BA1652	27327	8	0	0	0	1	0	0	0	0	0	0
A	BL	9	97	1	1	BA1652	27329	8	7	0	0	0	0	0	0	1	0	0
A	BL	9	97	1	1	BA1652	27337	7	8	2	0	1	0	0	0	0	0	0
A	BL	9	97	1	1	BA1652	27339	8	0	0	0	0	0	0	0	1	0	0
A	BL	9	97	1	1	BA1652	27347	8	7	0	0	0	0	0	0	0	0	0
A	BL	9	97	1	1	BA1652	27350	7	8	2	0	1	0	0	0	0	0	0
A	BL	9	97	1	1	BA1652	27355	8	0	0	0	0	0	0	0	1	0	0
A	BL	9	97	1	1	BA1652	27358	8	0	0	0	1	0	0	0	0	0	0
A	BL	9	97	1	1	BA1652	27359	8	0	0	0	0	0	0	0	1	0	0
A	BL	9	97	1	1	BA1652	27360	8	7	0	0	0	0	0	0	0	0	0
A	BL	9	97	1	1	BA1652	27443	7	8	2	0	1	0	0	0	0	0	0
A	BL	9	97	1	1	BA1652	27448	8	0	0	0	0	0	0	0	1	0	0
A	BL	9	97	1	1	BA1652	27450	8	0	0	0	1	0	0	0	0	0	0
A	BL	9	97	1	1	BA1652	27453	8	7	0	0	0	0	0	0	0	0	0
A	BL	9	97	1	1	BA1652	27464	7	0	0	0	0	0	0	0	1	0	0
A	BL	9	97	1	1	BA1652	27466	7	8	2	0	1	0	0	0	0	0	0
A	BL	9	97	1	1	BA1652	27467	8	0	0	0	0	0	0	0	1	0	0
A	BL	9	97	1	1	BA1652	27468	8	0	0	0	1	0	0	0	0	0	0
A	BL	9	97	1	1	BA1652	27469	8	0	0	0	0	0	0	0	1	0	0
A	BL	9	97	1	1	BA1652	27476	8	7	0	0	0	0	0	0	0	0	0
A	BL	9	97	1	1	BA1652	27487	7	8	2	0	1	0	0	0	0	0	0
A	BL	9	97	1	1	BA1652	27497	8	7	0	0	0	0	0	0	0	0	0
A	BL	9	97	1	1	BA1652	27501	7	0	0	0	0	0	0	0	1	0	0
A	BL	9	97	1	1	BA1652	27502	7	8	2	0	1	0	0	0	0	0	0
A	BL	9	97	1	1	BA1652	27512	8	7	0	0	0	0	0	0	0	0	0
A	BL	9	97	1	1	BA1652	27524	7	0	0	0	0	0	0	0	1	0	0
A	BL	9	97	1	1	BA1652	27582	7	8	2	0	1	0	0	0	0	0	0
A	BL	9	97	1	1	BA1652	27592	8	9	0	0	0	0	0	0	0	0	0
A	BL	9	97	1	1	BA1652	27601	9	0	0	0	0	0	0	0	1	0	0
A	BL	9	97	1	1	BA1652	27602	9	10	0	0	0	0	0	0	0	0	0
A	BL	9	97	1	1	BA1652	27677	10	2	0	0	0	0	0	0	0	0	0
A	BL	9	97	1	1	BA1652	27678	2	6	0	0	0	0	0	0	0	0	0
A	BL	9	97	1	1	BA1652	27946	6	8	2	0	1	0	0	0	0	0	0
A	BL	9	97	1	1	BA1652	27953	8	0	0	0	0	0	0	0	1	0	0
A	BL	9	97	1	1	BA1652	27956	8	7	0	0	0	0	0	0	0	0	0
A	BL	9	97	1	1	BA1652	27964	7	8	2	0	1	0	0	0	0	0	0
A	BL	9	97	1	1	BA1652	27974	8	7	0	0	0	0	0	0	0	0	0
A	BL	9	97	1	1	BA1652	27987	7	0	0	0	0	0	0	0	1	0	0
A	BL	9	97	1	1	BA1652	28101	7	8	2	0	1	0	0	0	0	0	0
A	BL	9	97	1	1	BA1652	28111	8	7	0	0	0	0	0	0	0	0	0
A	BL	9	97	1	1	BA1652	28118	7	0	0	0	0	0	0	0	1	0	0
A	BL	9	97	1	1	BA1652	28129	7	8	2	0	1	0	0	0	0	0	0
A	BL	9	97	1	1	BA1652	28131	8	0	0	0	0	0	0	0	1	0	0
A	BL	9	97	1	1	BA1652	28139	8	7	0	0	0	0	0	0	0	0	0
A	BL	9	97	1	1	BA1652	28168	7	8	2	0	1	0	0	0	0	0	0
A	BL	9	97	1	1	BA1652	28178	8	7	0	0	0	0	0	0	0	0	0
A	BL	9	97	1	1	BA1652	28217	7	0	0	0	0	0	0	0	1	0	0
A	BL	9	97	1	1	BA1652	28273	7	8	2	0	1	0	0	0	0	0	0
A	BL	9	97	1	1	BA1652	28283	8	7	0	0	0	0	0	0	0	0	0
A	BL	9	97	1	1	BA1652	28286	7	0	0	0	0	0	0	0	1	0	0
A	BL	9	97	1	1	BA1652	28287	7	8	2	0	1	0	0	0	0	0	0
A	BL	9	97	1	1	BA1652	28297	8	7	0	0	0	0	0	0	0	0	0
A	BL	9	97	1	1	BA1652	28311	7	0	0	0	0	0	0	0	1	0	0
A	BL	9	97	1	1	BA1652	28312	7	8	2	0	1	0	0	0	0	0	0
A	BL	9	97	1	1	BA1652	28322	8	7	0	0	0	0	0	0	0	0	0
A	BL	9	97	1	1	BA1652	28325	7	0	0	0	0	0	0	0	1	0	0
A	BL	9	97	1	1	BA1652	28330	7	8	2	0	1	0	0	0	0	0	0
A	BL	9	97	1	1	BA1652	28340	8	7	0	0	0	0	0	0	0	0	0
A	BL	9	97	1	1	BA1652	28395	7	0	0	0	0	0	0	0	1	0	0
A	BL	9	97	1	1	BA1652	28411	7	8	2	0	1	0	0	0	0	0	0
A	BL	9	97	1	1	BA1652	28421	8	7	0	0	0	0	0	0	1	0	0
A	BL	9	97	1	1	BA1652	28426	7	8	2	0	1	0	0	0	0	0	0
A	BL	9	97	1	1	BA1652	28436	8	7	0	0	0	0	0	0	0	0	0
A	BL	9	97	1	1	BA1652	28454	7	0	0	0	0	0	0	0	1	0	0
A	BL	9	97	1	1	BA1652	28521	7	8	2	0	1	0	0	0	0	0	0
A	BL	9	97	1	1	BA1652	28531	8	7	0	0	0	0	0	0	0	0	0
A	BL	9	97	1	1	BA1652	28566	7	0	0	0	0	0	0	0	1	0	0
A	BL	9	97	1	1	BA1652	28617	7	8	2	0	1	0	0	0	0	0	0
A	BL	9	97	1	1	BA1652	28627	8	7	0	0	0	0	0	0	0	0	0
A	BL	9	97	1	1	BA1652	28702	7	0	0	0	0	0	0	0	1	0	0
A	BL	9	97	1	1	BA1652	28707	7	8	2	0	1	0	0	0	0	0	0
A	BL	9	97	1	1	BA1652	28717	8	7	0	0	0	0	0	0	0	0	0
A	BL	9	97	1	1	BA1652	28762	7	0	0	0	0	0	0	0	1	0	0
A	BL	9	97	1	1	BA1652	28767	7	8	2	0	1	0	0	0	0	0	0
A	BL	9	97	1	1	BA1652	28777	8	7	0	0	0	0	0	0	0	0	0
A	BL	9	97	1	1	BA1652	28790	7	0	0	0	0	0	0	0	1	0	0
A	BL	9	97	1	1	BA1652	28792	7	8	2	0	1	0	0	0	0	0	0
A	BL	9	97	1	1	BA1652	28799	8	0	0	0	0	0	0	0	1	0	0
A	BL	9	97	1	1	BA1652	28802	8	7	0	0	0	0	0	0	0	0	0
A	BL	9	97	1	1	BA1652	28882	7	8	2	0	1	0	0	0	0	0	0
A	BL	9	97	1	1	BA1652	28892	8	7	0	0	0	0	0	0	0	0	0
A	BL	9	97	1	1	BA1652	28907	7	0	0	0	0	0	0	0	1	0	0
A	BL	9	97	1	1	BA1652	28997	7	8	2	0	1	0	0	0	0	0	0
A	BL	9	97	1	1	BA1652	29007	8	7	0	0	0	0	0	0	0	0	0
A	BL	9	97	1	1	BA1652	29039	7	0	0	0	0	0	0	0	1	0	0
A	BL	9	97	1	1	BA1652	29080	7	8	2	0	1	0	0	0	0	0	0
A	BL	9	97	1	1	BA1652	29088	8	0	0	0	0	0	0	0	1	0	0
A	BL	9	97	1	1	BA1652	29090	8	7	0	0	0	0	0	0	0	0	0
A	BL	9	97	1	1	BA1652	29100	7	8	2	0	1	0	0	0	0	0	0
A	BL	9	97	1	1	BA1652	29104	8	0	0	0	0	0	0	0	1	0	0
A	BL	9	97	1	1	BA1652	29110	8	9	0	0	0	0	0	0	0	0	0
A	BL	9	97	1	1	BA1652	29120	9	10	0	0	0	0	0	0	0	0	0
A	BL	9	97	1	1	BA1652	29195	10	2	0	0	0	0	0	0	0	0	0
A	BL	9	97	1	1	BA1652	29196	2	3	0	0	0	0	0	0	0	0	0
A	BL	9	97	1	1	BA1652	29277	3	5	1	1	0	0	0	0	0	0	0
A	BL	9	97	1	1	BA1652	29280	5	0	0	0	0	0	0	1	0	0	0
A	BL	9	97	1	1	BA1652	29287	5	4	0	1	0	0	0	0	0	0	0
A	BL	9	97	1	1	BA1652	29320	4	0	0	0	0	0	0	1	0	0	0
A	BL	9	97	1	1	BA1652	29324	4	5	1	1	0	0	0	0	0	0	0
A	BL	9	97	1	1	BA1652	29329	5	0	0	0	0	0	0	1	0	0	0
A	BL	9	97	1	1	BA1652	29334	5	4	0	0	0	0	0	0	0	0	0
A	BL	9	97	1	1	BA1652	29335	4	5	1	1	0	0	0	0	0	0	0
A	BL	9	97	1	1	BA1652	29341	5	0	0	0	0	0	0	1	0	0	0
A	BL	9	97	1	1	BA1652	29345	5	4	0	0	0	0	0	0	0	0	0
A	BL	9	97	1	1	BA1652	29350	4	5	1	1	0	0	0	0	0	0	0
A	BL	9	97	1	1	BA1652	29359	5	0	0	0	0	0	0	1	0	0	0
A	BL	9	97	1	1	BA1652	29360	5	4	0	0	0	0	0	0	0	0	0
A	BL	9	97	1	1	BA1652	29363	4	5	1	1	0	0	0	0	0	0	0
A	BL	9	97	1	1	BA1652	29373	5	9	0	0	0	0	0	1	0	0	0
A	BL	9	97	1	1	BA1652	29374	9	0	0	1	0	0	0	0	0	0	0
A	BL	9	97	1	1	BA1652	29383	9	10	0	0	0	0	0	0	0	0	0
A	BL	9	97	1	1	BA1652	29398	10	0	0	0	0	0	0	1	0	0	0
A	BL	9	97	1	1	BA1652	29399	10	0	0	1	0	0	0	0	0	0	0
A	BL	9	97	1	1	BA1652	29402	10	0	0	0	0	0	0	1	0	0	0
A	BL	9	97	1	1	BA1652	29458	10	2	0	0	0	0	0	0	0	0	0
A	BL	9	97	1	1	BA1652	29459	2	6	0	0	0	0	0	0	0	0	0
A	BL	9	97	1	1	BA1652	29617	6	0	0	1	0	0	0	0	0	0	0
A	BL	9	97	1	1	BA1652	29627	6	0	0	0	0	0	0	1	0	0	0
A	BL	9	97	1	1	BA1652	29634	6	0	0	1	0	0	0	0	0	0	0
A	BL	9	97	1	1	BA1652	29682	6	0	0	0	0	0	0	1	0	0	0
A	BL	9	97	1	1	BA1652	29696	6	0	0	1	0	0	0	0	0	0	0
A	BL	9	97	1	1	BA1652	29761	6	0	0	0	0	0	0	1	0	0	0
A	BL	9	97	1	1	BA1652	30197	6	8	2	0	1	0	0	0	0	0	0
A	BL	9	97	1	1	BA1652	30206	8	0	0	0	0	0	0	0	1	0	0
A	BL	9	97	1	1	BA1652	30207	8	7	0	0	0	0	0	0	0	0	0
A	BL	9	97	1	1	BA1652	30221	7	8	2	0	1	0	0	0	0	0	0
A	BL	9	97	1	1	BA1652	30231	8	7	0	0	0	0	0	0	1	0	0
A	BL	9	97	1	1	BA1652	30253	7	8	2	0	1	0	0	0	0	0	0
A	BL	9	97	1	1	BA1652	30263	8	7	0	0	0	0	0	0	1	0	0
A	BL	9	97	1	1	BA1652	30271	7	8	2	0	1	0	0	0	0	0	0
A	BL	9	97	1	1	BA1652	30281	8	7	0	0	0	0	0	0	0	0	0
A	BL	9	97	1	1	BA1652	30305	7	0	0	0	0	0	0	0	1	0	0
A	BL	9	97	1	1	BA1652	30308	7	8	2	0	1	0	0	0	0	0	0
A	BL	9	97	1	1	BA1652	30314	8	0	0	0	0	0	0	0	1	0	0
A	BL	9	97	1	1	BA1652	30315	8	0	0	0	1	0	0	0	0	0	0
A	BL	9	97	1	1	BA1652	30318	8	7	0	0	0	0	0	0	0	0	0
A	BL	9	97	1	1	BA1652	30324	7	0	0	0	0	0	0	0	1	0	0
A	BL	9	97	1	1	BA1652	30328	7	8	2	0	1	0	0	0	0	0	0
A	BL	9	97	1	1	BA1652	30338	8	7	0	0	0	0	0	0	0	0	0
A	BL	9	97	1	1	BA1652	30345	7	0	0	0	0	0	0	0	1	0	0
A	BL	9	97	1	1	BA1652	30425	7	8	2	0	1	0	0	0	0	0	0
A	BL	9	97	1	1	BA1652	30435	8	7	0	0	0	0	0	0	0	0	0
A	BL	9	97	1	1	BA1652	30436	7	0	0	0	0	0	0	0	1	0	0
A	BL	9	97	1	1	BA1652	30501	7	8	2	0	1	0	0	0	0	0	0
A	BL	9	97	1	1	BA1652	30511	8	7	0	0	0	0	0	0	0	0	0
A	BL	9	97	1	1	BA1652	30531	7	0	0	0	0	0	0	0	1	0	0
A	BL	9	97	1	1	BA1652	30579	7	8	2	0	1	0	0	0	0	0	0
A	BL	9	97	1	1	BA1652	30589	8	7	0	0	0	0	0	0	0	0	0
A	BL	9	97	1	1	BA1652	30623	7	0	0	0	0	0	0	0	1	0	0
A	BL	9	97	1	1	BA1652	30626	7	8	2	0	1	0	0	0	0	0	0
A	BL	9	97	1	1	BA1652	30632	8	0	0	0	0	0	0	0	1	0	0
A	BL	9	97	1	1	BA1652	30636	8	7	0	0	0	0	0	0	0	0	0
A	BL	9	97	1	1	BA1652	30688	7	8	2	0	1	0	0	0	0	0	0
A	BL	9	97	1	1	BA1652	30698	8	7	0	0	0	0	0	0	0	0	0
A	BL	9	97	1	1	BA1652	30706	7	8	2	0	1	0	0	0	1	0	0
A	BL	9	97	1	1	BA1652	30709	8	0	0	0	0	0	0	0	1	0	0
A	BL	9	97	1	1	BA1652	30710	8	0	0	0	1	0	0	0	0	0	0
A	BL	9	97	1	1	BA1652	30716	8	7	0	0	0	0	0	0	0	0	0
A	BL	9	97	1	1	BA1652	30727	7	0	0	0	0	0	0	0	1	0	0
A	BL	9	97	1	1	BA1652	30792	7	8	2	0	1	0	0	0	0	0	0
A	BL	9	97	1	1	BA1652	30794	8	0	0	0	0	0	0	0	1	0	0
A	BL	9	97	1	1	BA1652	30802	8	7	0	0	0	0	0	0	0	0	0
A	BL	9	97	1	1	BA1652	30807	7	8	2	0	1	0	0	0	0	0	0
A	BL	9	97	1	1	BA1652	30811	8	0	0	0	0	0	0	0	1	0	0
A	BL	9	97	1	1	BA1652	30812	8	0	0	0	1	0	0	0	0	0	0
A	BL	9	97	1	1	BA1652	30817	8	7	0	0	0	0	0	0	0	0	0
A	BL	9	97	1	1	BA1652	30842	7	0	0	0	0	0	0	0	1	0	0
A	BL	9	97	1	1	BA1652	30919	7	8	2	0	1	0	0	0	0	0	0
A	BL	9	97	1	1	BA1652	30929	8	7	0	0	0	0	0	0	0	0	0
A	BL	9	97	1	1	BA1652	30946	7	0	0	0	0	0	0	0	1	0	0
A	BL	9	97	1	1	BA1652	30953	7	8	2	0	1	0	0	0	0	0	0
A	BL	9	97	1	1	BA1652	30954	8	0	0	0	0	0	0	0	1	0	0
A	BL	9	97	1	1	BA1652	30963	8	7	0	0	0	0	0	0	0	0	0
A	BL	9	97	1	1	BA1652	31030	7	8	2	0	1	0	0	0	0	0	0
A	BL	9	97	1	1	BA1652	31040	8	7	0	0	0	0	0	0	0	0	0
A	BL	9	97	1	1	BA1652	31043	7	0	0	0	0	0	0	0	1	0	0
A	BL	9	97	1	1	BA1652	31046	7	8	2	0	1	0	0	0	0	0	0
A	BL	9	97	1	1	BA1652	31048	8	0	0	0	1	0	0	0	1	0	0
A	BL	9	97	1	1	BA1652	31051	8	0	0	0	0	0	0	0	1	0	0
A	BL	9	97	1	1	BA1652	31056	8	7	0	0	0	0	0	0	0	0	0
A	BL	9	97	1	1	BA1652	31067	7	8	2	0	1	0	0	0	0	0	0
A	BL	9	97	1	1	BA1652	31069	8	0	0	0	0	0	0	0	1	0	0
A	BL	9	97	1	1	BA1652	31077	8	7	0	0	0	0	0	0	0	0	0
A	BL	9	97	1	1	BA1652	31158	7	8	2	0	1	0	0	0	0	0	0
A	BL	9	97	1	1	BA1652	31167	8	0	0	0	0	0	0	0	1	0	0
A	BL	9	97	1	1	BA1652	31168	8	9	0	0	0	0	0	0	0	0	0
A	BL	9	97	1	1	BA1652	31172	9	0	0	0	1	0	0	0	0	0	0
A	BL	9	97	1	1	BA1652	31178	9	10	0	0	0	0	0	0	0	0	0
A	BL	9	97	1	1	BA1652	31179	10	0	0	0	0	0	0	0	1	0	0
A	BL	9	97	1	1	BA1652	31253	10	2	0	0	0	0	0	0	0	0	0
A	BL	9	97	1	1	BA1652	31254	2	6	0	0	0	0	0	0	0	0	0
A	BL	9	97	1	1	BA1652	31516	6	8	2	0	1	0	0	0	0	0	0
A	BL	9	97	1	1	BA1652	31526	8	7	0	0	0	0	0	0	0	0	0
A	BL	9	97	1	1	BA1652	31566	7	0	0	0	0	0	0	0	1	0	0
A	BL	9	97	1	1	BA1652	31677	7	8	2	0	1	0	0	0	0	0	0
A	BL	9	97	1	1	BA1652	31687	8	7	0	0	0	0	0	0	0	0	0
A	BL	9	97	1	1	BA1652	31709	7	0	0	0	0	0	0	0	1	0	0
A	BL	9	97	1	1	BA1652	31712	7	8	2	0	1	0	0	0	0	0	0
A	BL	9	97	1	1	BA1652	31714	8	0	0	0	0	0	0	0	1	0	0
A	BL	9	97	1	1	BA1652	31715	8	0	0	0	1	0	0	0	0	0	0
A	BL	9	97	1	1	BA1652	31722	8	7	0	0	0	0	0	0	1	0	0
A	BL	9	97	1	1	BA1652	31757	7	8	2	0	1	0	0	0	0	0	0
A	BL	9	97	1	1	BA1652	31767	8	7	0	0	0	0	0	0	0	0	0
A	BL	9	97	1	1	BA1652	31774	7	0	0	0	0	0	0	0	1	0	0
A	BL	9	97	1	1	BA1652	31777	7	8	2	0	1	0	0	0	0	0	0
A	BL	9	97	1	1	BA1652	31780	8	0	0	0	0	0	0	0	1	0	0
A	BL	9	97	1	1	BA1652	31787	8	7	0	0	0	0	0	0	0	0	0
A	BL	9	97	1	1	BA1652	31853	7	8	2	0	1	0	0	0	0	0	0
A	BL	9	97	1	1	BA1652	31863	8	7	0	0	0	0	0	0	0	0	0
A	BL	9	97	1	1	BA1652	31956	7	0	0	0	0	0	0	0	1	0	0
A	BL	9	97	1	1	BA1652	31957	7	8	2	0	1	0	0	0	0	0	0
A	BL	9	97	1	1	BA1652	31964	8	0	0	0	0	0	0	0	1	0	0
A	BL	9	97	1	1	BA1652	31967	8	7	0	0	0	0	0	0	0	0	0
A	BL	9	97	1	1	BA1652	31970	7	8	2	0	1	0	0	0	0	0	0
A	BL	9	97	1	1	BA1652	31976	8	0	0	0	0	0	0	0	1	0	0
A	BL	9	97	1	1	BA1652	31980	8	7	0	0	0	0	0	0	0	0	0
A	BL	9	97	1	1	BA1652	32036	7	8	2	0	1	0	0	0	0	0	0
A	BL	9	97	1	1	BA1652	32046	8	7	0	0	0	0	0	0	0	0	0
A	BL	9	97	1	1	BA1652	32173	7	0	0	0	0	0	0	0	1	0	0
A	BL	9	97	1	1	BA1652	32180	7	8	2	0	1	0	0	0	0	0	0
A	BL	9	97	1	1	BA1652	32190	8	7	0	0	0	0	0	0	0	0	0
A	BL	9	97	1	1	BA1652	32214	7	0	0	0	0	0	0	0	1	0	0
A	BL	9	97	1	1	BA1652	32216	7	8	2	0	1	0	0	0	0	0	0
A	BL	9	97	1	1	BA1652	32217	8	0	0	0	0	0	0	0	1	0	0
A	BL	9	97	1	1	BA1652	32220	8	0	0	0	1	0	0	0	0	0	0
A	BL	9	97	1	1	BA1652	32226	8	7	0	0	0	0	0	0	0	0	0
A	BL	9	97	1	1	BA1652	32259	7	0	0	0	0	0	0	0	1	0	0
A	BL	9	97	1	1	BA1652	32368	7	8	2	0	1	0	0	0	0	0	0
A	BL	9	97	1	1	BA1652	32378	8	7	0	0	0	0	0	0	0	0	0
A	BL	9	97	1	1	BA1652	32387	7	0	0	0	0	0	0	0	1	0	0
A	BL	9	97	1	1	BA1652	32388	7	8	2	0	1	0	0	0	0	0	0
A	BL	9	97	1	1	BA1652	32390	8	0	0	0	0	0	0	0	1	0	0
A	BL	9	97	1	1	BA1652	32398	8	7	0	0	0	0	0	0	0	0	0
A	BL	9	97	1	1	BA1652	32435	7	8	2	0	1	0	0	0	0	0	0
A	BL	9	97	1	1	BA1652	32444	8	0	0	0	0	0	0	0	1	0	0
A	BL	9	97	1	1	BA1652	32445	8	7	0	0	0	0	0	0	0	0	0
A	BL	9	97	1	1	BA1652	32447	7	8	2	0	1	0	0	0	0	0	0
A	BL	9	97	1	1	BA1652	32450	8	0	0	0	0	0	0	0	1	0	0
A	BL	9	97	1	1	BA1652	32457	8	7	0	0	0	0	0	0	0	0	0
A	BL	9	97	1	1	BA1652	32481	7	8	2	0	1	0	0	0	0	0	0
A	BL	9	97	1	1	BA1652	32491	8	7	0	0	0	0	0	0	0	0	0
A	BL	9	97	1	1	BA1652	32505	7	0	0	0	0	0	0	0	1	0	0
A	BL	9	97	1	1	BA1652	32506	7	8	2	0	1	0	0	0	0	0	0
A	BL	9	97	1	1	BA1652	32511	8	0	0	0	0	0	0	0	1	0	0
A	BL	9	97	1	1	BA1652	32516	8	7	0	0	0	0	0	0	0	0	0
A	BL	9	97	1	1	BA1652	32528	7	8	2	0	1	0	0	0	0	0	0
A	BL	9	97	1	1	BA1652	32529	8	0	0	0	0	0	0	0	1	0	0
A	BL	9	97	1	1	BA1652	32538	8	7	0	0	0	0	0	0	0	0	0
A	BL	9	97	1	1	BA1652	32604	7	8	2	0	1	0	0	0	0	0	0
A	BL	9	97	1	1	BA1652	32606	8	0	0	0	0	0	0	0	1	0	0
A	BL	9	97	1	1	BA1652	32614	8	7	0	0	0	0	0	0	0	0	0
A	BL	9	97	1	1	BA1652	32678	7	8	2	0	1	0	0	0	0	0	0
A	BL	9	97	1	1	BA1652	32687	8	0	0	0	1	0	0	0	1	0	0
A	BL	9	97	1	1	BA1652	32688	8	9	0	0	0	0	0	0	0	0	0
A	BL	9	97	1	1	BA1652	32692	9	0	0	0	0	0	0	0	1	0	0
A	BL	9	97	1	1	BA1652	32698	9	10	0	0	0	0	0	0	0	0	0
A	BL	9	97	1	1	BA1652	32773	10	2	0	0	0	0	0	0	0	0	0
A	BL	9	97	1	1	BA1652	32774	2	3	0	0	0	0	0	0	0	0	0
A	BL	9	97	1	1	BA1652	32898	3	5	1	1	0	0	0	0	0	0	0
A	BL	9	97	1	1	BA1652	32903	5	0	0	0	0	0	0	1	0	0	0
A	BL	9	97	1	1	BA1652	32908	5	4	0	1	0	0	0	0	0	0	0
A	BL	9	97	1	1	BA1652	32918	4	0	0	0	0	0	0	1	0	0	0
A	BL	9	97	1	1	BA1652	32926	4	5	1	1	0	0	0	0	0	0	0
A	BL	9	97	1	1	BA1652	32928	5	0	0	0	0	0	0	1	0	0	0
A	BL	9	97	1	1	BA1652	32929	5	0	0	1	0	0	0	0	0	0	0
A	BL	9	97	1	1	BA1652	32936	5	4	0	0	0	0	0	0	0	0	0
A	BL	9	97	1	1	BA1652	32941	4	0	0	0	0	0	0	1	0	0	0
A	BL	9	97	1	1	BA1652	32954	4	5	1	1	0	0	0	0	0	0	0
A	BL	9	97	1	1	BA1652	32963	5	0	0	0	0	0	0	1	0	0	0
A	BL	9	97	1	1	BA1652	32964	5	4	0	0	0	0	0	0	0	0	0
A	BL	9	97	1	1	BA1652	32975	4	5	1	1	0	0	0	0	0	0	0
A	BL	9	97	1	1	BA1652	32985	5	4	0	0	0	0	0	0	0	0	0
A	BL	9	97	1	1	BA1652	32996	4	0	0	0	0	0	0	1	0	0	0
A	BL	9	97	1	1	BA1652	32999	4	5	1	1	0	0	0	0	0	0	0
A	BL	9	97	1	1	BA1652	33009	5	9	0	0	0	0	0	0	0	0	0
A	BL	9	97	1	1	BA1652	33015	9	0	0	0	0	0	0	1	0	0	0
A	BL	9	97	1	1	BA1652	33017	9	0	0	1	0	0	0	0	0	0	0
A	BL	9	97	1	1	BA1652	33019	9	10	0	0	0	0	0	0	0	0	0
A	BL	9	97	1	1	BA1652	33023	10	0	0	0	0	0	0	1	0	0	0
A	BL	9	97	1	1	BA1652	33094	10	2	0	0	0	0	0	0	0	0	0
A	BL	9	97	1	1	BA1652	33095	2	3	0	0	0	0	0	0	0	0	0
A	BL	9	97	1	1	BA1652	33206	3	5	1	1	0	0	0	0	0	0	0
A	BL	9	97	1	1	BA1652	33216	5	4	0	0	0	0	0	0	0	0	0
A	BL	9	97	1	1	BA1652	33218	4	0	0	0	0	0	0	1	0	0	0
A	BL	9	97	1	1	BA1652	33226	4	5	1	1	0	0	0	0	0	0	0
A	BL	9	97	1	1	BA1652	33236	5	4	0	0	0	0	0	0	0	0	0
A	BL	9	97	1	1	BA1652	33242	4	0	0	0	0	0	0	1	0	0	0
A	BL	9	97	1	1	BA1652	33261	4	5	1	1	0	0	0	0	0	0	0
A	BL	9	97	1	1	BA1652	33267	5	0	0	0	0	0	0	1	0	0	0
A	BL	9	97	1	1	BA1652	33271	5	4	0	0	0	0	0	0	0	0	0
A	BL	9	97	1	1	BA1652	33272	4	5	1	1	0	0	0	0	0	0	0
A	BL	9	97	1	1	BA1652	33275	5	0	0	0	0	0	0	1	0	0	0
A	BL	9	97	1	1	BA1652	33282	5	4	0	0	0	0	0	0	0	0	0
A	BL	9	97	1	1	BA1652	33325	4	5	1	1	0	0	0	0	0	0	0
A	BL	9	97	1	1	BA1652	33335	5	9	0	0	0	0	0	0	0	0	0
A	BL	9	97	1	1	BA1652	33339	9	0	0	0	0	0	0	1	0	0	0
A	BL	9	97	1	1	BA1652	33345	9	10	0	0	0	0	0	0	0	0	0
A	BL	9	97	1	1	BA1652	33420	10	2	0	0	0	0	0	0	0	0	0
A	BL	9	97	1	1	BA1652	33421	2	6	0	0	0	0	0	0	0	0	0
A	BL	9	97	1	1	BA1652	33650	6	0	0	1	0	0	0	0	0	0	0
A	BL	9	97	1	1	BA1652	33667	6	0	0	0	0	0	0	1	0	0	0
A	BL	9	97	1	1	BA1652	33796	6	0	0	1	0	0	0	0	0	0	0
A	BL	9	97	1	1	BA1652	33812	6	0	0	0	0	0	0	1	0	0	0
A	BL	9	97	1	1	BA1652	34021	6	8	2	0	1	0	0	0	0	0	0
A	BL	9	97	1	1	BA1652	34023	8	0	0	0	0	0	0	0	1	0	0
A	BL	9	97	1	1	BA1652	34025	8	0	0	0	1	0	0	0	0	0	0
A	BL	9	97	1	1	BA1652	34031	8	7	0	0	0	0	0	0	0	0	0
A	BL	9	97	1	1	BA1652	34060	7	0	0	0	0	0	0	0	1	0	0
A	BL	9	97	1	1	BA1652	34309	7	8	2	0	1	0	0	0	0	0	0
A	BL	9	97	1	1	BA1652	34312	8	0	0	0	0	0	0	0	1	0	0
A	BL	9	97	1	1	BA1652	34314	8	0	0	0	1	0	0	0	0	0	0
A	BL	9	97	1	1	BA1652	34319	8	7	0	0	0	0	0	0	1	0	0
A	BL	9	97	1	1	BA1652	34389	7	8	2	0	1	0	0	0	0	0	0
A	BL	9	97	1	1	BA1652	34398	8	0	0	0	0	0	0	0	1	0	0
A	BL	9	97	1	1	BA1652	34399	8	7	0	0	0	0	0	0	0	0	0
A	BL	9	97	1	1	BA1652	34400	7	8	2	0	1	0	0	0	0	0	0
A	BL	9	97	1	1	BA1652	34410	8	7	0	0	0	0	0	0	0	0	0
A	BL	9	97	1	1	BA1652	34424	7	0	0	0	0	0	0	0	1	0	0
A	BL	9	97	1	1	BA1652	34509	7	8	2	0	1	0	0	0	0	0	0
A	BL	9	97	1	1	BA1652	34519	8	7	0	0	0	0	0	0	0	0	0
A	BL	9	97	1	1	BA1652	34538	7	0	0	0	0	0	0	0	1	0	0
A	BL	9	97	1	1	BA1652	34565	7	8	2	0	1	0	0	0	0	0	0
A	BL	9	97	1	1	BA1652	34568	8	0	0	0	0	0	0	0	1	0	0
A	BL	9	97	1	1	BA1652	34575	8	7	0	0	0	0	0	0	0	0	0
A	BL	9	97	1	1	BA1652	34577	7	8	2	0	1	0	0	0	0	0	0
A	BL	9	97	1	1	BA1652	34579	8	0	0	0	0	0	0	0	1	0	0
A	BL	9	97	1	1	BA1652	34587	8	7	0	0	0	0	0	0	0	0	0
A	BL	9	97	1	1	BA1652	34661	7	8	2	0	1	0	0	0	0	0	0
A	BL	9	97	1	1	BA1652	34671	8	7	0	0	0	0	0	0	1	0	0
A	BL	9	97	1	1	BA1652	34672	7	8	2	0	1	0	0	0	0	0	0
A	BL	9	97	1	1	BA1652	34682	8	7	0	0	0	0	0	0	0	0	0
A	BL	9	97	1	1	BA1652	34698	7	0	0	0	0	0	0	0	1	0	0
A	BL	9	97	1	1	BA1652	34733	7	8	2	0	1	0	0	0	0	0	0
A	BL	9	97	1	1	BA1652	34743	8	7	0	0	0	0	0	0	0	0	0
A	BL	9	97	1	1	BA1652	34766	7	0	0	0	0	0	0	0	1	0	0
A	BL	9	97	1	1	BA1652	34847	7	8	2	0	1	0	0	0	0	0	0
A	BL	9	97	1	1	BA1652	34850	8	0	0	0	0	0	0	0	1	0	0
A	BL	9	97	1	1	BA1652	34855	8	0	0	0	1	0	0	0	0	0	0
A	BL	9	97	1	1	BA1652	34857	8	7	0	0	0	0	0	0	0	0	0
A	BL	9	97	1	1	BA1652	34869	7	0	0	0	0	0	0	0	1	0	0
A	BL	9	97	1	1	BA1652	34876	7	8	2	0	1	0	0	0	0	0	0
A	BL	9	97	1	1	BA1652	34879	8	0	0	0	0	0	0	0	1	0	0
A	BL	9	97	1	1	BA1652	34884	8	0	0	0	1	0	0	0	0	0	0
A	BL	9	97	1	1	BA1652	34886	8	7	0	0	0	0	0	0	0	0	0
A	BL	9	97	1	1	BA1652	34899	7	0	0	0	0	0	0	0	1	0	0
A	BL	9	97	1	1	BA1652	34996	7	8	2	0	1	0	0	0	0	0	0
A	BL	9	97	1	1	BA1652	35001	8	0	0	0	0	0	0	0	1	0	0
A	BL	9	97	1	1	BA1652	35002	8	0	0	0	1	0	0	0	0	0	0
A	BL	9	97	1	1	BA1652	35006	8	7	0	0	0	0	0	0	0	0	0
A	BL	9	97	1	1	BA1652	35032	7	0	0	0	0	0	0	0	1	0	0
A	BL	9	97	1	1	BA1652	35041	7	8	2	0	1	0	0	0	0	0	0
A	BL	9	97	1	1	BA1652	35044	8	0	0	0	0	0	0	0	1	0	0
A	BL	9	97	1	1	BA1652	35046	8	0	0	0	1	0	0	0	0	0	0
A	BL	9	97	1	1	BA1652	35051	8	7	0	0	0	0	0	0	1	0	0
A	BL	9	97	1	1	BA1652	35057	7	8	2	0	1	0	0	0	0	0	0
A	BL	9	97	1	1	BA1652	35058	8	0	0	0	0	0	0	0	1	0	0
A	BL	9	97	1	1	BA1652	35067	8	7	0	0	0	0	0	0	0	0	0
A	BL	9	97	1	1	BA1652	35093	7	8	2	0	1	0	0	0	0	0	0
A	BL	9	97	1	1	BA1652	35098	8	0	0	0	0	0	0	0	1	0	0
A	BL	9	97	1	1	BA1652	35103	8	7	0	0	0	0	0	0	0	0	0
A	BL	9	97	1	1	BA1652	35117	7	8	2	0	1	0	0	0	0	0	0
A	BL	9	97	1	1	BA1652	35118	8	0	0	0	0	0	0	0	1	0	0
A	BL	9	97	1	1	BA1652	35127	8	7	0	0	0	0	0	0	0	0	0
A	BL	9	97	1	1	BA1652	35179	7	8	2	0	1	0	0	0	0	0	0
A	BL	9	97	1	1	BA1652	35189	8	7	0	0	0	0	0	0	1	0	0
A	BL	9	97	1	1	BA1652	35190	7	8	2	0	1	0	0	0	0	0	0
A	BL	9	97	1	1	BA1652	35196	8	0	0	0	0	0	0	0	1	0	0
A	BL	9	97	1	1	BA1652	35200	8	7	0	0	0	0	0	0	0	0	0
A	BL	9	97	1	1	BA1652	35241	7	8	2	0	1	0	0	0	0	0	0
A	BL	9	97	1	1	BA1652	35244	8	0	0	0	0	0	0	0	1	0	0
A	BL	9	97	1	1	BA1652	35248	8	0	0	0	1	0	0	0	0	0	0
A	BL	9	97	1	1	BA1652	35251	8	9	0	0	0	0	0	0	0	0	0
A	BL	9	97	1	1	BA1652	35254	9	0	0	0	0	0	0	0	1	0	0
A	BL	9	97	1	1	BA1652	35261	9	10	0	0	0	0	0	0	0	0	0
A	BL	9	97	1	1	BA1652	35336	10	2	0	0	0	0	0	0	0	0	0
A	BL	9	97	1	1	BA1652	35337	2	3	0	0	0	0	0	0	0	0	0
A	BL	9	97	1	1	BA1652	35448	3	5	1	1	0	0	0	0	0	0	0
A	BL	9	97	1	1	BA1652	35457	5	0	0	1	0	0	0	1	0	0	0
A	BL	9	97	1	1	BA1652	35458	5	4	0	0	0	0	0	0	0	0	0
A	BL	9	97	1	1	BA1652	35470	4	0	0	0	0	0	0	1	0	0	0
A	BL	9	97	1	1	BA1652	35477	4	5	1	1	0	0	0	0	0	0	0
A	BL	9	97	1	1	BA1652	35487	5	4	0	0	0	0	0	0	0	0	0
A	BL	9	97	1	1	BA1652	35492	4	0	0	0	0	0	0	1	0	0	0
A	BL	9	97	1	1	BA1652	35494	4	5	1	1	0	0	0	0	0	0	0
A	BL	9	97	1	1	BA1652	35503	5	0	0	0	0	0	0	1	0	0	0
A	BL	9	97	1	1	BA1652	35504	5	4	0	0	0	0	0	0	0	0	0
A	BL	9	97	1	1	BA1652	35510	4	5	1	1	0	0	0	0	0	0	0
A	BL	9	97	1	1	BA1652	35520	5	4	0	0	0	0	0	0	0	0	0
A	BL	9	97	1	1	BA1652	35550	4	0	0	0	0	0	0	1	0	0	0
A	BL	9	97	1	1	BA1652	35603	4	5	1	1	0	0	0	0	0	0	0
A	BL	9	97	1	1	BA1652	35605	5	0	0	0	0	0	0	1	0	0	0
A	BL	9	97	1	1	BA1652	35611	5	0	0	1	0	0	0	0	0	0	0
A	BL	9	97	1	1	BA1652	35613	5	9	0	0	0	0	0	0	0	0	0
A	BL	9	97	1	1	BA1652	35623	9	10	0	0	0	0	0	0	0	0	0
A	BL	9	97	1	1	BA1652	35625	10	0	0	0	0	0	0	1	0	0	0
A	BL	9	97	1	1	BA1652	35698	10	2	0	0	0	0	0	0	0	0	0
A	BL	9	97	1	1	BA1652	35699	2	6	0	0	0	0	0	0	0	0	0
A	BL	9	97	1	1	BA1652	35838	6	0	0	1	0	0	0	0	0	0	0
A	BL	9	97	1	1	BA1652	35849	6	0	0	0	0	0	0	1	0	0	0
A	BL	9	97	1	1	BA1652	35952	6	0	0	1	0	0	0	0	0	0	0
A	BL	9	97	1	1	BA1652	35954	6	0	0	0	0	0	0	1	0	0	0
A	BL	9	97	1	1	BA1652	36135	6	8	2	0	1	0	0	0	0	0	0
A	BL	9	97	1	1	BA1652	36145	8	7	0	0	0	0	0	0	0	0	0
A	BL	9	97	1	1	BA1652	36151	7	0	0	0	0	0	0	0	1	0	0
A	BL	9	97	1	1	BA1652	36256	7	8	2	0	1	0	0	0	0	0	0
A	BL	9	97	1	1	BA1652	36261	8	0	0	0	0	0	0	0	1	0	0
A	BL	9	97	1	1	BA1652	36266	8	7	0	0	0	0	0	0	0	0	0
A	BL	9	97	1	1	BA1652	36552	7	8	2	0	1	0	0	0	0	0	0
A	BL	9	97	1	1	BA1652	36562	8	7	0	0	0	0	0	0	0	0	0
A	BL	9	97	1	1	BA1652	36566	7	0	0	0	0	0	0	0	1	0	0
A	BL	9	97	1	1	BA1652	36569	7	8	2	0	1	0	0	0	0	0	0
A	BL	9	97	1	1	BA1652	36574	8	0	0	0	0	0	0	0	1	0	0
A	BL	9	97	1	1	BA1652	36579	8	7	0	0	0	0	0	0	0	0	0
A	BL	9	97	1	1	BA1652	36724	7	8	2	0	1	0	0	0	0	0	0
A	BL	9	97	1	1	BA1652	36734	8	7	0	0	0	0	0	0	0	0	0
A	BL	9	97	1	1	BA1652	36757	7	0	0	0	0	0	0	0	1	0	0
A	BL	9	97	1	1	BA1652	36799	7	8	2	0	1	0	0	0	0	0	0
A	BL	9	97	1	1	BA1652	36804	8	0	0	0	0	0	0	0	1	0	0
A	BL	9	97	1	1	BA1652	36809	8	7	0	0	0	0	0	0	0	0	0
A	BL	9	97	1	1	BA1652	36812	7	8	2	0	1	0	0	0	0	0	0
A	BL	9	97	1	1	BA1652	36817	8	0	0	0	0	0	0	0	1	0	0
A	BL	9	97	1	1	BA1652	36822	8	7	0	0	0	0	0	0	0	0	0
A	BL	9	97	1	1	BA1652	36894	7	8	2	0	1	0	0	0	0	0	0
A	BL	9	97	1	1	BA1652	36904	8	7	0	0	0	0	0	0	0	0	0
A	BL	9	97	1	1	BA1652	36927	7	0	0	0	0	0	0	0	1	0	0
A	BL	9	97	1	1	BA1652	36932	7	8	2	0	1	0	0	0	0	0	0
A	BL	9	97	1	1	BA1652	36942	8	7	0	0	0	0	0	0	0	0	0
A	BL	9	97	1	1	BA1652	36946	7	0	0	0	0	0	0	0	1	0	0
A	BL	9	97	1	1	BA1652	36964	7	8	2	0	1	0	0	0	0	0	0
A	BL	9	97	1	1	BA1652	36971	8	0	0	0	0	0	0	0	1	0	0
A	BL	9	97	1	1	BA1652	36974	8	7	0	0	0	0	0	0	0	0	0
A	BL	9	97	1	1	BA1652	36979	7	8	2	0	1	0	0	0	0	0	0
A	BL	9	97	1	1	BA1652	36989	8	7	0	0	0	0	0	0	0	0	0
A	BL	9	97	1	1	BA1652	37000	7	0	0	0	0	0	0	0	1	0	0
A	BL	9	97	1	1	BA1652	37008	7	8	2	0	1	0	0	0	0	0	0
A	BL	9	97	1	1	BA1652	37016	8	0	0	0	0	0	0	0	1	0	0
A	BL	9	97	1	1	BA1652	37018	8	7	0	0	0	0	0	0	0	0	0
A	BL	9	97	1	1	BA1652	37023	7	8	2	0	1	0	0	0	0	0	0
A	BL	9	97	1	1	BA1652	37033	8	7	0	0	0	0	0	0	0	0	0
A	BL	9	97	1	1	BA1652	37072	7	0	0	0	0	0	0	0	1	0	0
A	BL	9	97	1	1	BA1652	37073	7	8	2	0	1	0	0	0	0	0	0
A	BL	9	97	1	1	BA1652	37076	8	0	0	0	0	0	0	0	1	0	0
A	BL	9	97	1	1	BA1652	37078	8	0	0	0	1	0	0	0	0	0	0
A	BL	9	97	1	1	BA1652	37083	8	7	0	0	0	0	0	0	0	0	0
A	BL	9	97	1	1	BA1652	37099	7	0	0	0	0	0	0	0	1	0	0
A	BL	9	97	1	1	BA1652	37104	7	8	2	0	1	0	0	0	0	0	0
A	BL	9	97	1	1	BA1652	37106	8	0	0	0	0	0	0	0	1	0	0
A	BL	9	97	1	1	BA1652	37114	8	7	0	0	0	0	0	0	0	0	0
A	BL	9	97	1	1	BA1652	37220	7	8	2	0	1	0	0	0	0	0	0
A	BL	9	97	1	1	BA1652	37230	8	7	0	0	0	0	0	0	0	0	0
A	BL	9	97	1	1	BA1652	37257	7	0	0	0	0	0	0	0	1	0	0
A	BL	9	97	1	1	BA1652	37268	7	8	2	0	1	0	0	0	0	0	0
A	BL	9	97	1	1	BA1652	37273	8	0	0	0	0	0	0	0	1	0	0
A	BL	9	97	1	1	BA1652	37278	8	7	0	0	0	0	0	0	0	0	0
A	BL	9	97	1	1	BA1652	37290	7	8	2	0	1	0	0	0	0	0	0
A	BL	9	97	1	1	BA1652	37300	8	7	0	0	0	0	0	0	0	0	0
A	BL	9	97	1	1	BA1652	37328	7	0	0	0	0	0	0	0	1	0	0
A	BL	9	97	1	1	BA1652	37336	7	8	2	0	1	0	0	0	0	0	0
A	BL	9	97	1	1	BA1652	37338	8	0	0	0	0	0	0	0	1	0	0
A	BL	9	97	1	1	BA1652	37346	8	7	0	0	1	0	0	0	0	0	0
A	BL	9	97	1	1	BA1652	37348	7	0	0	0	0	0	0	0	1	0	0
A	BL	9	97	1	1	BA1652	37351	7	8	2	0	1	0	0	0	0	0	0
A	BL	9	97	1	1	BA1652	37358	8	0	0	0	0	0	0	0	1	0	0
A	BL	9	97	1	1	BA1652	37361	8	9	0	0	0	0	0	0	0	0	0
A	BL	9	97	1	1	BA1652	37371	9	10	0	0	0	0	0	0	0	0	0
A	BL	9	97	1	1	BA1652	37446	10	2	0	0	0	0	0	0	0	0	0
A	BL	9	97	1	1	BA1652	37447	2	3	0	0	0	0	0	0	0	0	0
A	BL	9	97	1	1	BA1652	37550	3	5	1	1	0	0	0	0	0	0	0
A	BL	9	97	1	1	BA1652	37558	5	0	0	0	0	0	0	1	0	0	0
A	BL	9	97	1	1	BA1652	37560	5	4	0	0	0	0	0	0	0	0	0
A	BL	9	97	1	1	BA1652	37561	4	5	1	1	0	0	0	0	0	0	0
A	BL	9	97	1	1	BA1652	37569	5	0	0	0	0	0	0	1	0	0	0
A	BL	9	97	1	1	BA1652	37571	5	4	0	0	0	0	0	0	0	0	0
A	BL	9	97	1	1	BA1652	37574	4	5	1	1	0	0	0	0	0	0	0
A	BL	9	97	1	1	BA1652	37582	5	0	0	0	0	0	0	1	0	0	0
A	BL	9	97	1	1	BA1652	37584	5	4	0	0	0	0	0	0	0	0	0
A	BL	9	97	1	1	BA1652	37590	4	5	1	1	0	0	0	0	0	0	0
A	BL	9	97	1	1	BA1652	37600	5	4	0	0	0	0	0	0	0	0	0
A	BL	9	97	1	1	BA1652	37602	4	0	0	0	0	0	0	1	0	0	0
A	BL	9	97	1	1	BA1652	37609	4	5	1	1	0	0	0	0	0	0	0
A	BL	9	97	1	1	BA1652	37616	5	0	0	0	0	0	0	1	0	0	0
A	BL	9	97	1	1	BA1652	37619	5	9	0	0	0	0	0	0	0	0	0
A	BL	9	97	1	1	BA1652	37626	9	0	0	1	0	0	0	0	0	0	0
A	BL	9	97	1	1	BA1652	37629	9	10	0	0	0	0	0	0	0	0	0
A	BL	9	97	1	1	BA1652	37632	10	0	0	0	0	0	0	1	0	0	0
A	BL	9	97	1	1	BA1652	37704	10	2	0	0	0	0	0	0	0	0	0
A	BL	9	97	1	1	BA1652	37705	2	6	0	0	0	0	0	0	0	0	0
A	BL	9	97	1	1	BA1652	37811	6	0	0	1	0	0	0	0	0	0	0
A	BL	9	97	1	1	BA1652	37847	6	0	0	0	0	0	0	1	0	0	0
A	BL	9	97	1	1	BA1652	39121	6	8	2	0	1	0	0	0	0	0	0
A	BL	9	97	1	1	BA1652	39131	8	7	0	0	0	0	0	0	0	0	0
A	BL	9	97	1	1	BA1652	39145	7	0	0	0	0	0	0	0	1	0	0
A	BL	9	97	1	1	BA1652	39167	7	8	2	0	1	0	0	0	0	0	0
A	BL	9	97	1	1	BA1652	39177	8	7	0	0	0	0	0	0	0	0	0
A	BL	9	97	1	1	BA1652	39190	7	0	0	0	0	0	0	0	1	0	0
A	BL	9	97	1	1	BA1652	39196	7	8	2	0	1	0	0	0	0	0	0
A	BL	9	97	1	1	BA1652	39206	8	7	0	0	0	0	0	0	0	0	0
A	BL	9	97	1	1	BA1652	39226	7	0	0	0	0	0	0	0	1	0	0
A	BL	9	97	1	1	BA1652	39252	7	8	2	0	1	0	0	0	0	0	0
A	BL	9	97	1	1	BA1652	39262	8	7	0	0	0	0	0	0	0	0	0
A	BL	9	97	1	1	BA1652	39320	7	0	0	0	0	0	0	0	1	0	0
A	BL	9	97	1	1	BA1652	39388	7	8	2	0	1	0	0	0	0	0	0
A	BL	9	97	1	1	BA1652	39390	8	0	0	0	0	0	0	0	1	0	0
A	BL	9	97	1	1	BA1652	39398	8	7	0	0	0	0	0	0	0	0	0
A	BL	9	97	1	1	BA1652	39403	7	8	2	0	1	0	0	0	0	0	0
A	BL	9	97	1	1	BA1652	39409	8	0	0	0	0	0	0	0	1	0	0
A	BL	9	97	1	1	BA1652	39410	8	0	0	0	1	0	0	0	0	0	0
A	BL	9	97	1	1	BA1652	39413	8	7	0	0	0	0	0	0	0	0	0
A	BL	9	97	1	1	BA1652	39442	7	0	0	0	0	0	0	0	1	0	0
A	BL	9	97	1	1	BA1652	39448	7	8	2	0	1	0	0	0	0	0	0
A	BL	9	97	1	1	BA1652	39452	8	0	0	0	0	0	0	0	1	0	0
A	BL	9	97	1	1	BA1652	39458	8	7	0	0	0	0	0	0	0	0	0
A	BL	9	97	1	1	BA1652	39479	7	8	2	0	1	0	0	0	0	0	0
A	BL	9	97	1	1	BA1652	39480	8	0	0	0	0	0	0	0	1	0	0
A	BL	9	97	1	1	BA1652	39489	8	7	0	0	0	0	0	0	0	0	0
A	BL	9	97	1	1	BA1652	39597	7	8	2	0	1	0	0	0	0	0	0
A	BL	9	97	1	1	BA1652	39607	8	7	0	0	0	0	0	0	0	0	0
A	BL	9	97	1	1	BA1652	39617	7	0	0	0	0	0	0	0	1	0	0
A	BL	9	97	1	1	BA1652	39684	7	8	2	0	1	0	0	0	0	0	0
A	BL	9	97	1	1	BA1652	39691	8	0	0	0	0	0	0	0	1	0	0
A	BL	9	97	1	1	BA1652	39692	8	0	0	0	1	0	0	0	0	0	0
A	BL	9	97	1	1	BA1652	39694	8	7	0	0	0	0	0	0	0	0	0
A	BL	9	97	1	1	BA1652	39709	7	0	0	0	0	0	0	0	1	0	0
A	BL	9	97	1	1	BA1652	39712	7	8	2	0	1	0	0	0	0	0	0
A	BL	9	97	1	1	BA1652	39722	8	7	0	0	0	0	0	0	0	0	0
A	BL	9	97	1	1	BA1652	39735	7	0	0	0	0	0	0	0	1	0	0
A	BL	9	97	1	1	BA1652	39739	7	8	2	0	1	0	0	0	0	0	0
A	BL	9	97	1	1	BA1652	39743	8	0	0	0	0	0	0	0	1	0	0
A	BL	9	97	1	1	BA1652	39744	8	0	0	0	1	0	0	0	0	0	0
A	BL	9	97	1	1	BA1652	39746	8	0	0	0	0	0	0	0	1	0	0
A	BL	9	97	1	1	BA1652	39749	8	7	0	0	0	0	0	0	0	0	0
A	BL	9	97	1	1	BA1652	39798	7	8	2	0	1	0	0	0	0	0	0
A	BL	9	97	1	1	BA1652	39808	8	7	0	0	0	0	0	0	0	0	0
A	BL	9	97	1	1	BA1652	39810	7	0	0	0	0	0	0	0	1	0	0
A	BL	9	97	1	1	BA1652	39815	7	8	2	0	1	0	0	0	0	0	0
A	BL	9	97	1	1	BA1652	39825	8	7	0	0	0	0	0	0	0	0	0
A	BL	9	97	1	1	BA1652	39840	7	0	0	0	0	0	0	0	1	0	0
A	BL	9	97	1	1	BA1652	39842	7	8	2	0	1	0	0	0	0	0	0
A	BL	9	97	1	1	BA1652	39852	8	7	0	0	0	0	0	0	1	0	0
A	BL	9	97	1	1	BA1652	39853	7	8	2	0	1	0	0	0	0	0	0
A	BL	9	97	1	1	BA1652	39863	8	7	0	0	0	0	0	0	0	0	0
A	BL	9	97	1	1	BA1652	39868	7	0	0	0	0	0	0	0	1	0	0
A	BL	9	97	1	1	BA1652	39870	7	8	2	0	1	0	0	0	0	0	0
A	BL	9	97	1	1	BA1652	39877	8	0	0	0	0	0	0	0	1	0	0
A	BL	9	97	1	1	BA1652	39880	8	7	0	0	0	0	0	0	0	0	0
A	BL	9	97	1	1	BA1652	39957	7	8	2	0	1	0	0	0	0	0	0
A	BL	9	97	1	1	BA1652	39967	8	7	0	0	0	0	0	0	0	0	0
A	BL	9	97	1	1	BA1652	39979	7	0	0	0	0	0	0	0	1	0	0
A	BL	9	97	1	1	BA1652	39983	7	8	2	0	1	0	0	0	0	0	0
A	BL	9	97	1	1	BA1652	39985	8	0	0	0	0	0	0	0	1	0	0
A	BL	9	97	1	1	BA1652	39993	8	7	0	0	0	0	0	0	0	0	0
A	BL	9	97	1	1	BA1652	40083	7	8	2	0	1	0	0	0	0	0	0
A	BL	9	97	1	1	BA1652	40093	8	9	0	0	0	0	0	0	0	0	0
A	BL	9	97	1	1	BA1652	40102	9	0	0	0	0	0	0	0	1	0	0
A	BL	9	97	1	1	BA1652	40103	9	10	0	0	0	0	0	0	0	0	0
A	BL	9	97	1	1	BA1652	40178	10	2	0	0	0	0	0	0	0	0	0
A	BL	9	97	1	1	BA1652	40179	2	6	0	0	0	0	0	0	0	0	0
A	BL	9	97	1	1	BA1652	40434	6	8	2	0	1	0	0	0	0	0	0
A	BL	9	97	1	1	BA1652	40444	8	7	0	0	0	0	0	0	0	0	0
A	BL	9	97	1	1	BA1652	40471	7	0	0	0	0	0	0	0	1	0	0
A	BL	9	97	1	1	BA1652	40527	7	8	2	0	1	0	0	0	0	0	0
A	BL	9	97	1	1	BA1652	40528	8	0	0	0	0	0	0	0	1	0	0
A	BL	9	97	1	1	BA1652	40537	8	7	0	0	0	0	0	0	0	0	0
A	BL	9	97	1	1	BA1652	40641	7	8	2	0	1	0	0	0	0	0	0
A	BL	9	97	1	1	BA1652	40651	8	7	0	0	0	0	0	0	0	0	0
A	BL	9	97	1	1	BA1652	40665	7	0	0	0	0	0	0	0	1	0	0
A	BL	9	97	1	1	BA1652	40667	7	8	2	0	1	0	0	0	0	0	0
A	BL	9	97	1	1	BA1652	40673	8	0	0	0	0	0	0	0	1	0	0
A	BL	9	97	1	1	BA1652	40677	8	7	0	0	0	0	0	0	0	0	0
A	BL	9	97	1	1	BA1652	40693	7	8	2	0	1	0	0	0	0	0	0
A	BL	9	97	1	1	BA1652	40697	8	0	0	0	0	0	0	0	1	0	0
A	BL	9	97	1	1	BA1652	40703	8	7	0	0	0	0	0	0	0	0	0
A	BL	9	97	1	1	BA1652	40736	7	8	2	0	1	0	0	0	0	0	0
A	BL	9	97	1	1	BA1652	40743	8	0	0	0	0	0	0	0	1	0	0
A	BL	9	97	1	1	BA1652	40744	8	0	0	0	1	0	0	0	0	0	0
A	BL	9	97	1	1	BA1652	40746	8	7	0	0	0	0	0	0	0	0	0
A	BL	9	97	1	1	BA1652	40749	7	0	0	0	0	0	0	0	1	0	0
A	BL	9	97	1	1	BA1652	40767	7	8	2	0	1	0	0	0	0	0	0
A	BL	9	97	1	1	BA1652	40768	8	0	0	0	0	0	0	0	1	0	0
A	BL	9	97	1	1	BA1652	40777	8	7	0	0	0	0	0	0	0	0	0
A	BL	9	97	1	1	BA1652	40929	7	8	2	0	1	0	0	0	0	0	0
A	BL	9	97	1	1	BA1652	40931	8	0	0	0	0	0	0	0	1	0	0
A	BL	9	97	1	1	BA1652	40937	8	0	0	0	1	0	0	0	0	0	0
A	BL	9	97	1	1	BA1652	40939	8	7	0	0	0	0	0	0	0	0	0
A	BL	9	97	1	1	BA1652	40941	7	0	0	0	0	0	0	0	1	0	0
A	BL	9	97	1	1	BA1652	40963	7	8	2	0	1	0	0	0	0	0	0
A	BL	9	97	1	1	BA1652	40972	8	0	0	0	0	0	0	0	1	0	0
A	BL	9	97	1	1	BA1652	40973	8	7	0	0	0	0	0	0	0	0	0
A	BL	9	97	1	1	BA1652	40974	7	8	2	0	1	0	0	0	0	0	0
A	BL	9	97	1	1	BA1652	40984	8	7	0	0	0	0	0	0	0	0	0
A	BL	9	97	1	1	BA1652	41004	7	0	0	0	0	0	0	0	1	0	0
A	BL	9	97	1	1	BA1652	41006	7	8	2	0	1	0	0	0	0	0	0
A	BL	9	97	1	1	BA1652	41016	8	7	0	0	0	0	0	0	0	0	0
A	BL	9	97	1	1	BA1652	41019	7	0	0	0	0	0	0	0	1	0	0
A	BL	9	97	1	1	BA1652	41194	7	8	2	0	1	0	0	0	0	0	0
A	BL	9	97	1	1	BA1652	41199	8	0	0	0	0	0	0	0	1	0	0
A	BL	9	97	1	1	BA1652	41204	8	7	0	0	1	0	0	0	0	0	0
A	BL	9	97	1	1	BA1652	41209	7	0	0	0	0	0	0	0	1	0	0
A	BL	9	97	1	1	BA1652	41211	7	8	2	0	1	0	0	0	0	0	0
A	BL	9	97	1	1	BA1652	41216	8	0	0	0	0	0	0	0	1	0	0
A	BL	9	97	1	1	BA1652	41221	8	7	0	0	0	0	0	0	0	0	0
A	BL	9	97	1	1	BA1652	41281	7	8	2	0	1	0	0	0	0	0	0
A	BL	9	97	1	1	BA1652	41291	8	7	0	0	0	0	0	0	0	0	0
A	BL	9	97	1	1	BA1652	41300	7	0	0	0	0	0	0	0	1	0	0
A	BL	9	97	1	1	BA1652	41312	7	8	2	0	1	0	0	0	0	0	0
A	BL	9	97	1	1	BA1652	41314	8	0	0	0	0	0	0	0	1	0	0
A	BL	9	97	1	1	BA1652	41316	8	0	0	0	1	0	0	0	0	0	0
A	BL	9	97	1	1	BA1652	41322	8	7	0	0	0	0	0	0	0	0	0
A	BL	9	97	1	1	BA1652	41332	7	0	0	0	0	0	0	0	1	0	0
A	BL	9	97	1	1	BA1652	41353	7	8	2	0	1	0	0	0	0	0	0
A	BL	9	97	1	1	BA1652	41363	8	7	0	0	0	0	0	0	0	0	0
A	BL	9	97	1	1	BA1652	41365	7	0	0	0	0	0	0	0	1	0	0
A	BL	9	97	1	1	BA1652	41423	7	8	2	0	1	0	0	0	0	0	0
A	BL	9	97	1	1	BA1652	41433	8	7	0	0	0	0	0	0	0	0	0
A	BL	9	97	1	1	BA1652	41463	7	0	0	0	0	0	0	0	1	0	0
A	BL	9	97	1	1	BA1652	41491	7	8	2	0	1	0	0	0	0	0	0
A	BL	9	97	1	1	BA1652	41499	8	0	0	0	0	0	0	0	1	0	0
A	BL	9	97	1	1	BA1652	41501	8	7	0	0	0	0	0	0	0	0	0
A	BL	9	97	1	1	BA1652	41579	7	8	2	0	1	0	0	0	0	0	0
A	BL	9	97	1	1	BA1652	41589	8	7	0	0	0	0	0	0	0	0	0
A	BL	9	97	1	1	BA1652	41624	7	0	0	0	0	0	0	0	1	0	0
A	BL	9	97	1	1	BA1652	41627	7	8	2	0	1	0	0	0	0	0	0
A	BL	9	97	1	1	BA1652	41629	8	0	0	0	0	0	0	0	1	0	0
A	BL	9	97	1	1	BA1652	41630	8	0	0	0	1	0	0	0	0	0	0
A	BL	9	97	1	1	BA1652	41631	8	0	0	0	0	0	0	0	1	0	0
A	BL	9	97	1	1	BA1652	41637	8	9	0	0	0	0	0	0	0	0	0
A	BL	9	97	1	1	BA1652	41647	9	10	0	0	0	0	0	0	0	0	0
A	BL	9	97	1	1	BA1652	41722	10	2	0	0	0	0	0	0	0	0	0
A	BL	9	97	1	1	BA1652	41723	2	3	0	0	0	0	0	0	0	0	0
A	BL	9	97	1	1	BA1652	41831	3	5	1	1	0	0	0	0	0	0	0
A	BL	9	97	1	1	BA1652	41837	5	0	0	0	0	0	0	1	0	0	0
A	BL	9	97	1	1	BA1652	41841	5	4	0	0	0	0	0	0	0	0	0
A	BL	9	97	1	1	BA1652	41842	4	5	1	1	0	0	0	0	0	0	0
A	BL	9	97	1	1	BA1652	41850	5	0	0	0	0	0	0	1	0	0	0
A	BL	9	97	1	1	BA1652	41852	5	4	0	0	0	0	0	0	0	0	0
A	BL	9	97	1	1	BA1652	41855	4	5	1	1	0	0	0	0	0	0	0
A	BL	9	97	1	1	BA1652	41865	5	4	0	0	0	0	0	0	0	0	0
A	BL	9	97	1	1	BA1652	41874	4	0	0	0	0	0	0	1	0	0	0
A	BL	9	97	1	1	BA1652	41877	4	5	1	1	0	0	0	0	0	0	0
A	BL	9	97	1	1	BA1652	41879	5	0	0	0	0	0	0	1	0	0	0
A	BL	9	97	1	1	BA1652	41887	5	4	0	0	0	0	0	0	0	0	0
A	BL	9	97	1	1	BA1652	41893	4	5	1	1	0	0	0	0	0	0	0
A	BL	9	97	1	1	BA1652	41903	5	9	0	0	0	0	0	0	0	0	0
A	BL	9	97	1	1	BA1652	41909	9	0	0	0	0	0	0	1	0	0	0
A	BL	9	97	1	1	BA1652	41913	9	10	0	0	0	0	0	0	0	0	0
A	BL	9	97	1	1	BA1652	41988	10	2	0	0	0	0	0	0	0	0	0
A	BL	9	97	1	1	BA1652	41989	2	3	0	0	0	0	0	0	0	0	0
A	BL	9	97	1	1	BA1652	42081	3	5	1	1	0	0	0	0	0	0	0
A	BL	9	97	1	1	BA1652	42091	5	4	0	0	0	0	0	0	0	0	0
A	BL	9	97	1	1	BA1652	42150	4	0	0	0	0	0	0	1	0	0	0
A	BL	9	97	1	1	BA1652	42151	4	5	1	1	0	0	0	0	0	0	0
A	BL	9	97	1	1	BA1652	42161	5	4	0	0	0	0	0	0	0	0	0
A	BL	9	97	1	1	BA1652	42170	4	0	0	0	0	0	0	1	0	0	0
A	BL	9	97	1	1	BA1652	42179	4	5	1	1	0	0	0	0	0	0	0
A	BL	9	97	1	1	BA1652	42183	5	0	0	0	0	0	0	1	0	0	0
A	BL	9	97	1	1	BA1652	42189	5	4	0	0	0	0	0	0	0	0	0
A	BL	9	97	1	1	BA1652	42191	4	5	1	1	0	0	0	0	0	0	0
A	BL	9	97	1	1	BA1652	42201	5	4	0	0	0	0	0	0	0	0	0
A	BL	9	97	1	1	BA1652	42228	4	0	0	0	0	0	0	1	0	0	0
A	BL	9	97	1	1	BA1652	42269	4	5	1	1	0	0	0	0	0	0	0
A	BL	9	97	1	1	BA1652	42275	5	0	0	0	0	0	0	1	0	0	0
A	BL	9	97	1	1	BA1652	42279	5	9	0	0	0	0	0	0	0	0	0
A	BL	9	97	1	1	BA1652	42289	9	10	0	0	0	0	0	0	0	0	0
A	BL	9	97	1	1	BA1652	42364	10	2	0	0	0	0	0	0	0	0	0
A	BL	9	97	1	1	BA1652	42365	2	3	0	0	0	0	0	0	0	0	0
A	BL	9	97	1	1	BA1652	42451	3	5	1	1	0	0	0	0	0	0	0
A	BL	9	97	1	1	BA1652	42461	5	4	0	0	0	0	0	0	0	0	0
A	BL	9	97	1	1	BA1652	42490	4	0	0	0	0	0	0	1	0	0	0
A	BL	9	97	1	1	BA1652	42496	4	5	1	1	0	0	0	0	0	0	0
A	BL	9	97	1	1	BA1652	42500	5	0	0	0	0	0	0	1	0	0	0
A	BL	9	97	1	1	BA1652	42506	5	4	0	0	0	0	0	0	0	0	0
A	BL	9	97	1	1	BA1652	42510	4	5	1	1	0	0	0	0	0	0	0
A	BL	9	97	1	1	BA1652	42520	5	4	0	0	0	0	0	0	0	0	0
A	BL	9	97	1	1	BA1652	42526	4	0	0	0	0	0	0	1	0	0	0
A	BL	9	97	1	1	BA1652	42528	4	5	1	1	0	0	0	0	0	0	0
A	BL	9	97	1	1	BA1652	42537	5	0	0	0	0	0	0	1	0	0	0
A	BL	9	97	1	1	BA1652	42538	5	4	0	0	0	0	0	0	0	0	0
A	BL	9	97	1	1	BA1652	42543	4	5	1	1	0	0	0	0	0	0	0
A	BL	9	97	1	1	BA1652	42553	5	9	0	0	0	0	0	0	0	0	0
A	BL	9	97	1	1	BA1652	42556	9	0	0	0	0	0	0	1	0	0	0
A	BL	9	97	1	1	BA1652	42563	9	10	0	0	0	0	0	0	0	0	0
A	BL	9	97	1	1	BA1652	42638	10	2	0	0	0	0	0	0	0	0	0
A	BL	9	97	1	1	BA1652	42639	2	6	0	0	0	0	0	0	0	0	0
A	BL	9	97	1	1	BA1652	43693	6	8	2	0	1	0	0	0	0	0	0
A	BL	9	97	1	1	BA1652	43699	8	0	0	0	0	0	0	0	1	0	0
A	BL	9	97	1	1	BA1652	43703	8	7	0	0	0	0	0	0	0	0	0
A	BL	9	97	1	1	BA1652	43707	7	8	2	0	1	0	0	0	0	0	0
A	BL	9	97	1	1	BA1652	43717	8	7	0	0	0	0	0	0	0	0	0
A	BL	9	97	1	1	BA1652	43720	7	0	0	0	0	0	0	0	1	0	0
A	BL	9	97	1	1	BA1652	43724	7	8	2	0	1	0	0	0	0	0	0
A	BL	9	97	1	1	BA1652	43731	8	0	0	0	0	0	0	0	1	0	0
A	BL	9	97	1	1	BA1652	43734	8	7	0	0	0	0	0	0	0	0	0
A	BL	9	97	1	1	BA1652	43780	7	8	2	0	1	0	0	0	0	0	0
A	BL	9	97	1	1	BA1652	43790	8	7	0	0	0	0	0	0	0	0	0
A	BL	9	97	1	1	BA1652	43823	7	0	0	0	0	0	0	0	1	0	0
A	BL	9	97	1	1	BA1652	43826	7	8	2	0	1	0	0	0	0	0	0
A	BL	9	97	1	1	BA1652	43836	8	7	0	0	0	0	0	0	0	0	0
A	BL	9	97	1	1	BA1652	43868	7	0	0	0	0	0	0	0	1	0	0
A	BL	9	97	1	1	BA1652	43872	7	8	2	0	1	0	0	0	0	0	0
A	BL	9	97	1	1	BA1652	43877	8	0	0	0	0	0	0	0	1	0	0
A	BL	9	97	1	1	BA1652	43882	8	7	0	0	0	0	0	0	0	0	0
A	BL	9	97	1	1	BA1652	43958	7	8	2	0	1	0	0	0	0	0	0
A	BL	9	97	1	1	BA1652	43968	8	7	0	0	0	0	0	0	0	0	0
A	BL	9	97	1	1	BA1652	43970	7	0	0	0	0	0	0	0	1	0	0
A	BL	9	97	1	1	BA1652	43976	7	8	2	0	1	0	0	0	0	0	0
A	BL	9	97	1	1	BA1652	43986	8	7	0	0	0	0	0	0	0	0	0
A	BL	9	97	1	1	BA1652	43988	7	0	0	0	0	0	0	0	1	0	0
A	BL	9	97	1	1	BA1652	43989	7	8	2	0	1	0	0	0	0	0	0
A	BL	9	97	1	1	BA1652	43990	8	0	0	0	0	0	0	0	1	0	0
A	BL	9	97	1	1	BA1652	43991	8	0	0	0	1	0	0	0	0	0	0
A	BL	9	97	1	1	BA1652	43999	8	7	0	0	0	0	0	0	0	0	0
A	BL	9	97	1	1	BA1652	44000	7	0	0	0	0	0	0	0	1	0	0
A	BL	9	97	1	1	BA1652	44073	7	8	2	0	1	0	0	0	0	0	0
A	BL	9	97	1	1	BA1652	44078	8	0	0	0	0	0	0	0	1	0	0
A	BL	9	97	1	1	BA1652	44079	8	0	0	0	1	0	0	0	0	0	0
A	BL	9	97	1	1	BA1652	44083	8	7	0	0	0	0	0	0	0	0	0
A	BL	9	97	1	1	BA1652	44100	7	0	0	0	0	0	0	0	1	0	0
A	BL	9	97	1	1	BA1652	44112	7	8	2	0	1	0	0	0	0	0	0
A	BL	9	97	1	1	BA1652	44117	8	0	0	0	0	0	0	0	1	0	0
A	BL	9	97	1	1	BA1652	44119	8	0	0	0	1	0	0	0	0	0	0
A	BL	9	97	1	1	BA1652	44121	8	0	0	0	0	0	0	0	1	0	0
A	BL	9	97	1	1	BA1652	44122	8	7	0	0	0	0	0	0	0	0	0
A	BL	9	97	1	1	BA1652	44211	7	8	2	0	1	0	0	0	0	0	0
A	BL	9	97	1	1	BA1652	44221	8	7	0	0	0	0	0	0	0	0	0
A	BL	9	97	1	1	BA1652	44222	7	0	0	0	0	0	0	0	1	0	0
A	BL	9	97	1	1	BA1652	44224	7	8	2	0	1	0	0	0	0	0	0
A	BL	9	97	1	1	BA1652	44234	8	7	0	0	0	0	0	0	0	0	0
A	BL	9	97	1	1	BA1652	44237	7	0	0	0	0	0	0	0	1	0	0
A	BL	9	97	1	1	BA1652	44331	7	8	2	0	1	0	0	0	0	0	0
A	BL	9	97	1	1	BA1652	44341	8	7	0	0	0	0	0	0	0	0	0
A	BL	9	97	1	1	BA1652	44346	7	0	0	0	0	0	0	0	1	0	0
A	BL	9	97	1	1	BA1652	44349	7	8	2	0	1	0	0	0	0	0	0
A	BL	9	97	1	1	BA1652	44359	8	7	0	0	0	0	0	0	0	0	0
A	BL	9	97	1	1	BA1652	44362	7	0	0	0	0	0	0	0	1	0	0
A	BL	9	97	1	1	BA1652	44366	7	8	2	0	1	0	0	0	0	0	0
A	BL	9	97	1	1	BA1652	44374	8	0	0	0	0	0	0	0	1	0	0
A	BL	9	97	1	1	BA1652	44376	8	7	0	0	0	0	0	0	0	0	0
A	BL	9	97	1	1	BA1652	44383	7	8	2	0	1	0	0	0	0	0	0
A	BL	9	97	1	1	BA1652	44385	8	0	0	0	0	0	0	0	1	0	0
A	BL	9	97	1	1	BA1652	44388	8	0	0	0	1	0	0	0	0	0	0
A	BL	9	97	1	1	BA1652	44391	8	0	0	0	0	0	0	0	1	0	0
A	BL	9	97	1	1	BA1652	44393	8	7	0	0	0	0	0	0	0	0	0
A	BL	9	97	1	1	BA1652	44412	7	8	2	0	1	0	0	0	0	0	0
A	BL	9	97	1	1	BA1652	44414	8	0	0	0	0	0	0	0	1	0	0
A	BL	9	97	1	1	BA1652	44422	8	7	0	0	0	0	0	0	0	0	0
A	BL	9	97	1	1	BA1652	44459	7	8	2	0	1	0	0	0	0	0	0
A	BL	9	97	1	1	BA1652	44460	8	0	0	0	0	0	0	0	1	0	0
A	BL	9	97	1	1	BA1652	44463	8	0	0	0	1	0	0	0	0	0	0
A	BL	9	97	1	1	BA1652	44469	8	7	0	0	0	0	0	0	0	0	0
A	BL	9	97	1	1	BA1652	44470	7	0	0	0	0	0	0	0	1	0	0
A	BL	9	97	1	1	BA1652	44472	7	8	2	0	1	0	0	0	0	0	0
A	BL	9	97	1	1	BA1652	44475	8	0	0	0	0	0	0	0	1	0	0
A	BL	9	97	1	1	BA1652	44482	8	9	0	0	0	0	0	0	0	0	0
A	BL	9	97	1	1	BA1652	44492	9	10	0	0	0	0	0	0	0	0	0
A	BL	9	97	1	1	BA1652	44567	10	2	0	0	0	0	0	0	0	0	0
A	BL	9	97	1	1	BA1652	44568	2	6	0	0	0	0	0	0	0	0	0
A	BL	9	97	1	1	BA1652	44800	6	8	2	0	1	0	0	0	0	0	0
A	BL	9	97	1	1	BA1652	44803	8	0	0	0	0	0	0	0	1	0	0
A	BL	9	97	1	1	BA1652	44810	8	7	0	0	0	0	0	0	0	0	0
A	BL	9	97	1	1	BA1652	44861	7	8	2	0	1	0	0	0	0	0	0
A	BL	9	97	1	1	BA1652	44871	8	7	0	0	0	0	0	0	0	0	0
A	BL	9	97	1	1	BA1652	44895	7	0	0	0	0	0	0	0	1	0	0
A	BL	9	97	1	1	BA1652	44923	7	8	2	0	1	0	0	0	0	0	0
A	BL	9	97	1	1	BA1652	44927	8	0	0	0	0	0	0	0	1	0	0
A	BL	9	97	1	1	BA1652	44929	8	0	0	0	1	0	0	0	0	0	0
A	BL	9	97	1	1	BA1652	44933	8	7	0	0	0	0	0	0	0	0	0
A	BL	9	97	1	1	BA1652	44934	7	0	0	0	0	0	0	0	1	0	0
A	BL	9	97	1	1	BA1652	44937	7	8	2	0	1	0	0	0	0	0	0
A	BL	9	97	1	1	BA1652	44940	8	0	0	0	0	0	0	0	1	0	0
A	BL	9	97	1	1	BA1652	44947	8	7	0	0	0	0	0	0	0	0	0
A	BL	9	97	1	1	BA1652	45001	7	8	2	0	1	0	0	0	0	0	0
A	BL	9	97	1	1	BA1652	45011	8	7	0	0	0	0	0	0	0	0	0
A	BL	9	97	1	1	BA1652	45031	7	0	0	0	0	0	0	0	1	0	0
A	BL	9	97	1	1	BA1652	45033	7	8	2	0	1	0	0	0	0	0	0
A	BL	9	97	1	1	BA1652	45042	8	0	0	0	0	0	0	0	1	0	0
A	BL	9	97	1	1	BA1652	45043	8	7	0	0	1	0	0	0	0	0	0
A	BL	9	97	1	1	BA1652	45048	7	0	0	0	0	0	0	0	1	0	0
A	BL	9	97	1	1	BA1652	45112	7	8	2	0	1	0	0	0	0	0	0
A	BL	9	97	1	1	BA1652	45122	8	7	0	0	0	0	0	0	0	0	0
A	BL	9	97	1	1	BA1652	45129	7	0	0	0	0	0	0	0	1	0	0
A	BL	9	97	1	1	BA1652	45131	7	8	2	0	1	0	0	0	0	0	0
A	BL	9	97	1	1	BA1652	45137	8	0	0	0	0	0	0	0	1	0	0
A	BL	9	97	1	1	BA1652	45141	8	7	0	0	0	0	0	0	0	0	0
A	BL	9	97	1	1	BA1652	45143	7	8	2	0	1	0	0	0	0	0	0
A	BL	9	97	1	1	BA1652	45147	8	0	0	0	0	0	0	0	1	0	0
A	BL	9	97	1	1	BA1652	45149	8	0	0	0	1	0	0	0	0	0	0
A	BL	9	97	1	1	BA1652	45153	8	7	0	0	0	0	0	0	1	0	0
A	BL	9	97	1	1	BA1652	45154	7	8	2	0	1	0	0	0	0	0	0
A	BL	9	97	1	1	BA1652	45158	8	0	0	0	0	0	0	0	1	0	0
A	BL	9	97	1	1	BA1652	45162	8	0	0	0	1	0	0	0	0	0	0
A	BL	9	97	1	1	BA1652	45164	8	7	0	0	0	0	0	0	1	0	0
A	BL	9	97	1	1	BA1652	45242	7	8	2	0	1	0	0	0	0	0	0
A	BL	9	97	1	1	BA1652	45245	8	0	0	0	0	0	0	0	1	0	0
A	BL	9	97	1	1	BA1652	45246	8	0	0	0	1	0	0	0	0	0	0
A	BL	9	97	1	1	BA1652	45252	8	7	0	0	0	0	0	0	0	0	0
A	BL	9	97	1	1	BA1652	45281	7	0	0	0	0	0	0	0	1	0	0
A	BL	9	97	1	1	BA1652	45285	7	8	2	0	1	0	0	0	0	0	0
A	BL	9	97	1	1	BA1652	45289	8	0	0	0	0	0	0	0	1	0	0
A	BL	9	97	1	1	BA1652	45295	8	7	0	0	0	0	0	0	0	0	0
A	BL	9	97	1	1	BA1652	45359	7	8	2	0	1	0	0	0	0	0	0
A	BL	9	97	1	1	BA1652	45361	8	0	0	0	0	0	0	0	1	0	0
A	BL	9	97	1	1	BA1652	45369	8	7	0	0	0	0	0	0	0	0	0
A	BL	9	97	1	1	BA1652	45441	7	8	2	0	1	0	0	0	0	0	0
A	BL	9	97	1	1	BA1652	45447	8	0	0	0	0	0	0	0	1	0	0
A	BL	9	97	1	1	BA1652	45448	8	0	0	0	1	0	0	0	0	0	0
A	BL	9	97	1	1	BA1652	45451	8	7	0	0	0	0	0	0	0	0	0
A	BL	9	97	1	1	BA1652	45483	7	0	0	0	0	0	0	0	1	0	0
A	BL	9	97	1	1	BA1652	45487	7	8	2	0	1	0	0	0	0	0	0
A	BL	9	97	1	1	BA1652	45495	8	0	0	0	0	0	0	0	1	0	0
A	BL	9	97	1	1	BA1652	45497	8	7	0	0	0	0	0	0	0	0	0
A	BL	9	97	1	1	BA1652	45541	7	8	2	0	1	0	0	0	0	0	0
A	BL	9	97	1	1	BA1652	45551	8	7	0	0	0	0	0	0	1	0	0
A	BL	9	97	1	1	BA1652	45583	7	8	2	0	1	0	0	0	0	0	0
A	BL	9	97	1	1	BA1652	45590	8	0	0	0	0	0	0	0	1	0	0
A	BL	9	97	1	1	BA1652	45593	8	7	0	0	0	0	0	0	0	0	0
A	BL	9	97	1	1	BA1652	45597	7	8	2	0	1	0	0	0	0	0	0
A	BL	9	97	1	1	BA1652	45599	8	0	0	0	0	0	0	0	1	0	0
A	BL	9	97	1	1	BA1652	45604	8	0	0	0	1	0	0	0	0	0	0
A	BL	9	97	1	1	BA1652	45607	8	7	0	0	0	0	0	0	0	0	0
A	BL	9	97	1	1	BA1652	45608	7	0	0	0	0	0	0	0	1	0	0
A	BL	9	97	1	1	BA1652	45692	7	8	2	0	1	0	0	0	0	0	0
A	BL	9	97	1	1	BA1652	45702	8	7	0	0	0	0	0	0	0	0	0
A	BL	9	97	1	1	BA1652	45709	7	0	0	0	0	0	0	0	1	0	0
A	BL	9	97	1	1	BA1652	45710	7	8	2	0	1	0	0	0	0	0	0
A	BL	9	97	1	1	BA1652	45720	8	9	0	0	0	0	0	0	0	0	0
A	BL	9	97	1	1	BA1652	45730	9	10	0	0	0	0	0	0	1	0	0
A	BL	9	97	1	1	BA1652	45805	10	2	0	0	0	0	0	0	0	0	0
A	BL	9	97	1	1	BA1652	45806	2	3	0	0	0	0	0	0	0	0	0
A	BL	9	97	1	1	BA1652	45873	3	5	1	1	0	0	0	0	0	0	0
A	BL	9	97	1	1	BA1652	45883	5	4	0	0	0	0	0	0	0	0	0
A	BL	9	97	1	1	BA1652	45938	4	0	0	0	0	0	0	1	0	0	0
A	BL	9	97	1	1	BA1652	45940	4	5	1	1	0	0	0	0	0	0	0
A	BL	9	97	1	1	BA1652	45942	5	0	0	0	0	0	0	1	0	0	0
A	BL	9	97	1	1	BA1652	45945	5	0	0	1	0	0	0	0	0	0	0
A	BL	9	97	1	1	BA1652	45950	5	4	0	0	0	0	0	0	0	0	0
A	BL	9	97	1	1	BA1652	45982	4	0	0	0	0	0	0	1	0	0	0
A	BL	9	97	1	1	BA1652	46030	4	5	1	1	0	0	0	0	0	0	0
A	BL	9	97	1	1	BA1652	46038	5	0	0	0	0	0	0	1	0	0	0
A	BL	9	97	1	1	BA1652	46040	5	4	0	0	0	0	0	0	0	0	0
A	BL	9	97	1	1	BA1652	46045	4	5	1	1	0	0	0	0	0	0	0
A	BL	9	97	1	1	BA1652	46048	5	0	0	0	0	0	0	1	0	0	0
A	BL	9	97	1	1	BA1652	46053	5	0	0	1	0	0	0	0	0	0	0
A	BL	9	97	1	1	BA1652	46055	5	4	0	0	0	0	0	0	0	0	0
A	BL	9	97	1	1	BA1652	46066	4	0	0	0	0	0	0	1	0	0	0
A	BL	9	97	1	1	BA1652	46094	4	5	1	1	0	0	0	0	0	0	0
A	BL	9	97	1	1	BA1652	46096	5	0	0	0	0	0	0	1	0	0	0
A	BL	9	97	1	1	BA1652	46103	5	0	0	1	0	0	0	0	0	0	0
A	BL	9	97	1	1	BA1652	46104	5	9	0	0	0	0	0	0	0	0	0
A	BL	9	97	1	1	BA1652	46109	9	0	0	0	0	0	0	1	0	0	0
A	BL	9	97	1	1	BA1652	46114	9	-1	0	0	0	0	0	0	0	0	0
