Project	UserID	Protocol	Session	Station	Run	Subject	Time	Current State	Transition State	Transition Event	A1 - LEFT	A2 - RIGH	A3 - 	A4 - 	A[1] LEFT	A[2] RIGH	A[3] 	A[4] 
A	BL	1	68	9	1	BA1651	0	0	1	0	0	0	0	0	0	0	0	0
A	BL	1	68	9	1	BA1651	50	1	2	0	0	0	0	0	0	0	0	0
A	BL	1	68	9	1	BA1651	51	2	3	0	0	0	0	0	0	0	0	0
A	BL	1	68	9	1	BA1651	145	3	5	1	1	0	0	0	0	0	0	0
A	BL	1	68	9	1	BA1651	155	5	4	0	0	0	0	0	0	0	0	0
A	BL	1	68	9	1	BA1651	163	4	0	0	0	0	0	0	1	0	0	0
A	BL	1	68	9	1	BA1651	342	4	5	1	1	0	0	0	0	0	0	0
A	BL	1	68	9	1	BA1651	352	5	4	0	0	0	0	0	0	0	0	0
A	BL	1	68	9	1	BA1651	389	4	0	0	0	0	0	0	1	0	0	0
A	BL	1	68	9	1	BA1651	396	4	5	1	1	0	0	0	0	0	0	0
A	BL	1	68	9	1	BA1651	406	5	4	0	0	0	0	0	0	0	0	0
A	BL	1	68	9	1	BA1651	439	4	0	0	0	0	0	0	1	0	0	0
A	BL	1	68	9	1	BA1651	445	4	5	1	1	0	0	0	0	0	0	0
A	BL	1	68	9	1	BA1651	455	5	4	0	0	0	0	0	0	0	0	0
A	BL	1	68	9	1	BA1651	512	4	0	0	0	0	0	0	1	0	0	0
A	BL	1	68	9	1	BA1651	516	4	5	1	1	0	0	0	0	0	0	0
A	BL	1	68	9	1	BA1651	526	5	9	0	0	0	0	0	0	0	0	0
A	BL	1	68	9	1	BA1651	536	9	10	0	0	0	0	0	0	0	0	0
A	BL	1	68	9	1	BA1651	609	10	0	0	0	0	0	0	1	0	0	0
A	BL	1	68	9	1	BA1651	611	10	2	0	0	0	0	0	0	0	0	0
A	BL	1	68	9	1	BA1651	612	2	6	0	0	0	0	0	0	0	0	0
A	BL	1	68	9	1	BA1651	858	6	8	2	0	1	0	0	0	0	0	0
A	BL	1	68	9	1	BA1651	862	8	0	0	0	0	0	0	0	1	0	0
A	BL	1	68	9	1	BA1651	868	8	7	0	0	0	0	0	0	0	0	0
A	BL	1	68	9	1	BA1651	939	7	8	2	0	1	0	0	0	0	0	0
A	BL	1	68	9	1	BA1651	940	8	0	0	0	0	0	0	0	1	0	0
A	BL	1	68	9	1	BA1651	945	8	0	0	0	1	0	0	0	0	0	0
A	BL	1	68	9	1	BA1651	947	8	0	0	0	0	0	0	0	1	0	0
A	BL	1	68	9	1	BA1651	949	8	7	0	0	0	0	0	0	0	0	0
A	BL	1	68	9	1	BA1651	983	7	8	2	0	1	0	0	0	0	0	0
A	BL	1	68	9	1	BA1651	985	8	0	0	0	0	0	0	0	1	0	0
A	BL	1	68	9	1	BA1651	987	8	0	0	0	1	0	0	0	0	0	0
A	BL	1	68	9	1	BA1651	993	8	7	0	0	0	0	0	0	0	0	0
A	BL	1	68	9	1	BA1651	1021	7	0	0	0	0	0	0	0	1	0	0
A	BL	1	68	9	1	BA1651	1034	7	8	2	0	1	0	0	0	0	0	0
A	BL	1	68	9	1	BA1651	1036	8	0	0	0	0	0	0	0	1	0	0
A	BL	1	68	9	1	BA1651	1038	8	0	0	0	1	0	0	0	0	0	0
A	BL	1	68	9	1	BA1651	1042	8	0	0	0	0	0	0	0	1	0	0
A	BL	1	68	9	1	BA1651	1044	8	7	0	0	0	0	0	0	0	0	0
A	BL	1	68	9	1	BA1651	1056	7	8	2	0	1	0	0	0	0	0	0
A	BL	1	68	9	1	BA1651	1066	8	9	0	0	0	0	0	0	0	0	0
A	BL	1	68	9	1	BA1651	1067	9	0	0	0	0	0	0	0	1	0	0
A	BL	1	68	9	1	BA1651	1076	9	10	0	0	0	0	0	0	0	0	0
A	BL	1	68	9	1	BA1651	1151	10	2	0	0	0	0	0	0	0	0	0
A	BL	1	68	9	1	BA1651	1152	2	6	0	0	0	0	0	0	0	0	0
A	BL	1	68	9	1	BA1651	1195	6	8	2	0	1	0	0	0	0	0	0
A	BL	1	68	9	1	BA1651	1205	8	7	0	0	0	0	0	0	0	0	0
A	BL	1	68	9	1	BA1651	1214	7	0	0	0	0	0	0	0	1	0	0
A	BL	1	68	9	1	BA1651	1218	7	8	2	0	1	0	0	0	0	0	0
A	BL	1	68	9	1	BA1651	1224	8	0	0	0	0	0	0	0	1	0	0
A	BL	1	68	9	1	BA1651	1228	8	7	0	0	0	0	0	0	0	0	0
A	BL	1	68	9	1	BA1651	1243	7	8	2	0	1	0	0	0	0	0	0
A	BL	1	68	9	1	BA1651	1253	8	7	0	0	0	0	0	0	0	0	0
A	BL	1	68	9	1	BA1651	1266	7	0	0	0	0	0	0	0	1	0	0
A	BL	1	68	9	1	BA1651	1278	7	8	2	0	1	0	0	0	0	0	0
A	BL	1	68	9	1	BA1651	1288	8	7	0	0	0	0	0	0	0	0	0
A	BL	1	68	9	1	BA1651	1293	7	0	0	0	0	0	0	0	1	0	0
A	BL	1	68	9	1	BA1651	1298	7	8	2	0	1	0	0	0	0	0	0
A	BL	1	68	9	1	BA1651	1308	8	9	0	0	0	0	0	0	0	0	0
A	BL	1	68	9	1	BA1651	1318	9	10	0	0	0	0	0	0	0	0	0
A	BL	1	68	9	1	BA1651	1327	10	0	0	0	0	0	0	0	1	0	0
A	BL	1	68	9	1	BA1651	1393	10	2	0	0	0	0	0	0	0	0	0
A	BL	1	68	9	1	BA1651	1394	2	6	0	0	0	0	0	0	0	0	0
A	BL	1	68	9	1	BA1651	1490	6	8	2	0	1	0	0	0	0	0	0
A	BL	1	68	9	1	BA1651	1500	8	7	0	0	0	0	0	0	0	0	0
A	BL	1	68	9	1	BA1651	1530	7	0	0	0	0	0	0	0	1	0	0
A	BL	1	68	9	1	BA1651	1533	7	8	2	0	1	0	0	0	0	0	0
A	BL	1	68	9	1	BA1651	1543	8	7	0	0	0	0	0	0	0	0	0
A	BL	1	68	9	1	BA1651	1550	7	0	0	0	0	0	0	0	1	0	0
A	BL	1	68	9	1	BA1651	1557	7	8	2	0	1	0	0	0	0	0	0
A	BL	1	68	9	1	BA1651	1563	8	0	0	0	0	0	0	0	1	0	0
A	BL	1	68	9	1	BA1651	1564	8	0	0	0	1	0	0	0	0	0	0
A	BL	1	68	9	1	BA1651	1567	8	7	0	0	0	0	0	0	0	0	0
A	BL	1	68	9	1	BA1651	1578	7	0	0	0	0	0	0	0	1	0	0
A	BL	1	68	9	1	BA1651	1610	7	8	2	0	1	0	0	0	0	0	0
A	BL	1	68	9	1	BA1651	1620	8	7	0	0	0	0	0	0	0	0	0
A	BL	1	68	9	1	BA1651	1660	7	0	0	0	0	0	0	0	1	0	0
A	BL	1	68	9	1	BA1651	1671	7	8	2	0	1	0	0	0	0	0	0
A	BL	1	68	9	1	BA1651	1681	8	9	0	0	0	0	0	0	0	0	0
A	BL	1	68	9	1	BA1651	1688	9	0	0	0	0	0	0	0	1	0	0
A	BL	1	68	9	1	BA1651	1691	9	10	0	0	0	0	0	0	0	0	0
A	BL	1	68	9	1	BA1651	1766	10	2	0	0	0	0	0	0	0	0	0
A	BL	1	68	9	1	BA1651	1767	2	3	0	0	0	0	0	0	0	0	0
A	BL	1	68	9	1	BA1651	1846	3	0	0	0	1	0	0	0	0	0	0
A	BL	1	68	9	1	BA1651	1847	3	0	0	0	0	0	0	0	1	0	0
A	BL	1	68	9	1	BA1651	1855	3	0	0	0	1	0	0	0	0	0	0
A	BL	1	68	9	1	BA1651	1872	3	0	0	0	0	0	0	0	1	0	0
A	BL	1	68	9	1	BA1651	1874	3	0	0	0	1	0	0	0	0	0	0
A	BL	1	68	9	1	BA1651	1885	3	0	0	0	0	0	0	0	1	0	0
A	BL	1	68	9	1	BA1651	1920	3	0	0	0	1	0	0	0	0	0	0
A	BL	1	68	9	1	BA1651	1961	3	0	0	0	0	0	0	0	1	0	0
A	BL	1	68	9	1	BA1651	1986	3	0	0	0	1	0	0	0	0	0	0
A	BL	1	68	9	1	BA1651	1991	3	0	0	0	0	0	0	0	1	0	0
A	BL	1	68	9	1	BA1651	2114	3	5	1	1	0	0	0	0	0	0	0
A	BL	1	68	9	1	BA1651	2124	5	4	0	0	0	0	0	0	0	0	0
A	BL	1	68	9	1	BA1651	2164	4	0	0	0	0	0	0	1	0	0	0
A	BL	1	68	9	1	BA1651	2171	4	5	1	1	0	0	0	0	0	0	0
A	BL	1	68	9	1	BA1651	2175	5	0	0	0	0	0	0	1	0	0	0
A	BL	1	68	9	1	BA1651	2180	5	0	0	1	0	0	0	0	0	0	0
A	BL	1	68	9	1	BA1651	2181	5	4	0	0	0	0	0	0	0	0	0
A	BL	1	68	9	1	BA1651	2208	4	0	0	0	0	0	0	1	0	0	0
A	BL	1	68	9	1	BA1651	2214	4	5	1	1	0	0	0	0	0	0	0
A	BL	1	68	9	1	BA1651	2224	5	4	0	0	0	0	0	0	0	0	0
A	BL	1	68	9	1	BA1651	2269	4	0	0	0	0	0	0	1	0	0	0
A	BL	1	68	9	1	BA1651	2277	4	5	1	1	0	0	0	0	0	0	0
A	BL	1	68	9	1	BA1651	2287	5	4	0	0	0	0	0	0	0	0	0
A	BL	1	68	9	1	BA1651	2334	4	0	0	0	0	0	0	1	0	0	0
A	BL	1	68	9	1	BA1651	2444	4	5	1	1	0	0	0	0	0	0	0
A	BL	1	68	9	1	BA1651	2454	5	9	0	0	0	0	0	0	0	0	0
A	BL	1	68	9	1	BA1651	2464	9	10	0	0	0	0	0	0	0	0	0
A	BL	1	68	9	1	BA1651	2469	10	0	0	0	0	0	0	1	0	0	0
A	BL	1	68	9	1	BA1651	2539	10	2	0	0	0	0	0	0	0	0	0
A	BL	1	68	9	1	BA1651	2540	2	3	0	0	0	0	0	0	0	0	0
A	BL	1	68	9	1	BA1651	2600	3	5	1	1	0	0	0	0	0	0	0
A	BL	1	68	9	1	BA1651	2610	5	4	0	0	0	0	0	0	0	0	0
A	BL	1	68	9	1	BA1651	2639	4	0	0	0	0	0	0	1	0	0	0
A	BL	1	68	9	1	BA1651	2654	4	5	1	1	0	0	0	0	0	0	0
A	BL	1	68	9	1	BA1651	2664	5	4	0	0	0	0	0	0	0	0	0
A	BL	1	68	9	1	BA1651	2698	4	0	0	0	0	0	0	1	0	0	0
A	BL	1	68	9	1	BA1651	2710	4	5	1	1	0	0	0	0	0	0	0
A	BL	1	68	9	1	BA1651	2720	5	4	0	0	0	0	0	0	0	0	0
A	BL	1	68	9	1	BA1651	2793	4	0	0	0	0	0	0	1	0	0	0
A	BL	1	68	9	1	BA1651	2798	4	5	1	1	0	0	0	0	0	0	0
A	BL	1	68	9	1	BA1651	2808	5	4	0	0	0	0	0	0	0	0	0
A	BL	1	68	9	1	BA1651	2837	4	0	0	0	0	0	0	1	0	0	0
A	BL	1	68	9	1	BA1651	2897	4	5	1	1	0	0	0	0	0	0	0
A	BL	1	68	9	1	BA1651	2904	5	0	0	0	0	0	0	1	0	0	0
A	BL	1	68	9	1	BA1651	2907	5	9	0	0	0	0	0	0	0	0	0
A	BL	1	68	9	1	BA1651	2909	9	0	0	1	0	0	0	0	0	0	0
A	BL	1	68	9	1	BA1651	2913	9	0	0	0	0	0	0	1	0	0	0
A	BL	1	68	9	1	BA1651	2916	9	0	0	1	0	0	0	0	0	0	0
A	BL	1	68	9	1	BA1651	2917	9	10	0	0	0	0	0	0	0	0	0
A	BL	1	68	9	1	BA1651	2924	10	0	0	0	0	0	0	1	0	0	0
A	BL	1	68	9	1	BA1651	2992	10	2	0	0	0	0	0	0	0	0	0
A	BL	1	68	9	1	BA1651	2993	2	6	0	0	0	0	0	0	0	0	0
A	BL	1	68	9	1	BA1651	3147	6	8	2	0	1	0	0	0	0	0	0
A	BL	1	68	9	1	BA1651	3157	8	7	0	0	0	0	0	0	0	0	0
A	BL	1	68	9	1	BA1651	3191	7	0	0	0	0	0	0	0	1	0	0
A	BL	1	68	9	1	BA1651	3194	7	8	2	0	1	0	0	0	0	0	0
A	BL	1	68	9	1	BA1651	3199	8	0	0	0	0	0	0	0	1	0	0
A	BL	1	68	9	1	BA1651	3204	8	7	0	0	0	0	0	0	0	0	0
A	BL	1	68	9	1	BA1651	3212	7	8	2	0	1	0	0	0	0	0	0
A	BL	1	68	9	1	BA1651	3222	8	7	0	0	0	0	0	0	0	0	0
A	BL	1	68	9	1	BA1651	3240	7	0	0	0	0	0	0	0	1	0	0
A	BL	1	68	9	1	BA1651	3246	7	8	2	0	1	0	0	0	0	0	0
A	BL	1	68	9	1	BA1651	3255	8	0	0	0	0	0	0	0	1	0	0
A	BL	1	68	9	1	BA1651	3256	8	7	0	0	0	0	0	0	0	0	0
A	BL	1	68	9	1	BA1651	3272	7	8	2	0	1	0	0	0	0	0	0
A	BL	1	68	9	1	BA1651	3282	8	9	0	0	0	0	0	0	0	0	0
A	BL	1	68	9	1	BA1651	3292	9	10	0	0	0	0	0	0	0	0	0
A	BL	1	68	9	1	BA1651	3294	10	0	0	0	0	0	0	0	1	0	0
A	BL	1	68	9	1	BA1651	3367	10	2	0	0	0	0	0	0	0	0	0
A	BL	1	68	9	1	BA1651	3368	2	6	0	0	0	0	0	0	0	0	0
A	BL	1	68	9	1	BA1651	3423	6	8	2	0	1	0	0	0	0	0	0
A	BL	1	68	9	1	BA1651	3433	8	7	0	0	0	0	0	0	0	0	0
A	BL	1	68	9	1	BA1651	3448	7	0	0	0	0	0	0	0	1	0	0
A	BL	1	68	9	1	BA1651	3452	7	8	2	0	1	0	0	0	0	0	0
A	BL	1	68	9	1	BA1651	3462	8	7	0	0	0	0	0	0	0	0	0
A	BL	1	68	9	1	BA1651	3531	7	0	0	0	0	0	0	0	1	0	0
A	BL	1	68	9	1	BA1651	3538	7	8	2	0	1	0	0	0	0	0	0
A	BL	1	68	9	1	BA1651	3548	8	7	0	0	0	0	0	0	0	0	0
A	BL	1	68	9	1	BA1651	3569	7	0	0	0	0	0	0	0	1	0	0
A	BL	1	68	9	1	BA1651	3576	7	8	2	0	1	0	0	0	0	0	0
A	BL	1	68	9	1	BA1651	3586	8	7	0	0	0	0	0	0	0	0	0
A	BL	1	68	9	1	BA1651	3601	7	0	0	0	0	0	0	0	1	0	0
A	BL	1	68	9	1	BA1651	3618	7	8	2	0	1	0	0	0	0	0	0
A	BL	1	68	9	1	BA1651	3628	8	9	0	0	0	0	0	0	0	0	0
A	BL	1	68	9	1	BA1651	3631	9	0	0	0	0	0	0	0	1	0	0
A	BL	1	68	9	1	BA1651	3638	9	10	0	0	0	0	0	0	0	0	0
A	BL	1	68	9	1	BA1651	3713	10	2	0	0	0	0	0	0	0	0	0
A	BL	1	68	9	1	BA1651	3714	2	6	0	0	0	0	0	0	0	0	0
A	BL	1	68	9	1	BA1651	3843	6	8	2	0	1	0	0	0	0	0	0
A	BL	1	68	9	1	BA1651	3853	8	7	0	0	0	0	0	0	0	0	0
A	BL	1	68	9	1	BA1651	3874	7	0	0	0	0	0	0	0	1	0	0
A	BL	1	68	9	1	BA1651	3881	7	8	2	0	1	0	0	0	0	0	0
A	BL	1	68	9	1	BA1651	3886	8	0	0	0	0	0	0	0	1	0	0
A	BL	1	68	9	1	BA1651	3891	8	7	0	0	0	0	0	0	0	0	0
A	BL	1	68	9	1	BA1651	3892	7	8	2	0	1	0	0	0	0	0	0
A	BL	1	68	9	1	BA1651	3902	8	7	0	0	0	0	0	0	0	0	0
A	BL	1	68	9	1	BA1651	3927	7	0	0	0	0	0	0	0	1	0	0
A	BL	1	68	9	1	BA1651	3944	7	8	2	0	1	0	0	0	0	0	0
A	BL	1	68	9	1	BA1651	3947	8	0	0	0	0	0	0	0	1	0	0
A	BL	1	68	9	1	BA1651	3954	8	7	0	0	0	0	0	0	0	0	0
A	BL	1	68	9	1	BA1651	3960	7	8	2	0	1	0	0	0	0	0	0
A	BL	1	68	9	1	BA1651	3966	8	0	0	0	0	0	0	0	1	0	0
A	BL	1	68	9	1	BA1651	3968	8	0	0	0	1	0	0	0	0	0	0
A	BL	1	68	9	1	BA1651	3970	8	9	0	0	0	0	0	0	1	0	0
A	BL	1	68	9	1	BA1651	3974	9	0	0	0	1	0	0	0	0	0	0
A	BL	1	68	9	1	BA1651	3980	9	10	0	0	0	0	0	0	0	0	0
A	BL	1	68	9	1	BA1651	3987	10	0	0	0	0	0	0	0	1	0	0
A	BL	1	68	9	1	BA1651	4055	10	2	0	0	0	0	0	0	0	0	0
A	BL	1	68	9	1	BA1651	4056	2	3	0	0	0	0	0	0	0	0	0
A	BL	1	68	9	1	BA1651	4159	3	0	0	0	1	0	0	0	0	0	0
A	BL	1	68	9	1	BA1651	4171	3	0	0	0	0	0	0	0	1	0	0
A	BL	1	68	9	1	BA1651	4184	3	0	0	0	1	0	0	0	0	0	0
A	BL	1	68	9	1	BA1651	4211	3	0	0	0	0	0	0	0	1	0	0
A	BL	1	68	9	1	BA1651	4214	3	0	0	0	1	0	0	0	0	0	0
A	BL	1	68	9	1	BA1651	4224	3	0	0	0	0	0	0	0	1	0	0
A	BL	1	68	9	1	BA1651	4267	3	0	0	0	1	0	0	0	0	0	0
A	BL	1	68	9	1	BA1651	4269	3	0	0	0	0	0	0	0	1	0	0
A	BL	1	68	9	1	BA1651	4282	3	0	0	0	1	0	0	0	0	0	0
A	BL	1	68	9	1	BA1651	4321	3	0	0	0	0	0	0	0	1	0	0
A	BL	1	68	9	1	BA1651	4476	3	5	1	1	0	0	0	0	0	0	0
A	BL	1	68	9	1	BA1651	4486	5	4	0	0	0	0	0	0	0	0	0
A	BL	1	68	9	1	BA1651	4514	4	0	0	0	0	0	0	1	0	0	0
A	BL	1	68	9	1	BA1651	4532	4	5	1	1	0	0	0	0	0	0	0
A	BL	1	68	9	1	BA1651	4542	5	4	0	0	0	0	0	0	0	0	0
A	BL	1	68	9	1	BA1651	4560	4	0	0	0	0	0	0	1	0	0	0
A	BL	1	68	9	1	BA1651	4571	4	5	1	1	0	0	0	0	0	0	0
A	BL	1	68	9	1	BA1651	4581	5	4	0	0	0	0	0	0	0	0	0
A	BL	1	68	9	1	BA1651	4605	4	0	0	0	0	0	0	1	0	0	0
A	BL	1	68	9	1	BA1651	4616	4	5	1	1	0	0	0	0	0	0	0
A	BL	1	68	9	1	BA1651	4626	5	4	0	0	0	0	0	0	0	0	0
A	BL	1	68	9	1	BA1651	4650	4	0	0	0	0	0	0	1	0	0	0
A	BL	1	68	9	1	BA1651	4653	4	5	1	1	0	0	0	0	0	0	0
A	BL	1	68	9	1	BA1651	4663	5	9	0	0	0	0	0	0	0	0	0
A	BL	1	68	9	1	BA1651	4673	9	10	0	0	0	0	0	0	0	0	0
A	BL	1	68	9	1	BA1651	4680	10	0	0	0	0	0	0	1	0	0	0
A	BL	1	68	9	1	BA1651	4748	10	2	0	0	0	0	0	0	0	0	0
A	BL	1	68	9	1	BA1651	4749	2	6	0	0	0	0	0	0	0	0	0
A	BL	1	68	9	1	BA1651	4824	6	0	0	1	0	0	0	0	0	0	0
A	BL	1	68	9	1	BA1651	4871	6	0	0	0	0	0	0	1	0	0	0
A	BL	1	68	9	1	BA1651	4874	6	0	0	1	0	0	0	0	0	0	0
A	BL	1	68	9	1	BA1651	4946	6	0	0	0	0	0	0	1	0	0	0
A	BL	1	68	9	1	BA1651	5066	6	0	0	1	0	0	0	0	0	0	0
A	BL	1	68	9	1	BA1651	5147	6	0	0	0	0	0	0	1	0	0	0
A	BL	1	68	9	1	BA1651	5251	6	8	2	0	1	0	0	0	0	0	0
A	BL	1	68	9	1	BA1651	5261	8	7	0	0	0	0	0	0	0	0	0
A	BL	1	68	9	1	BA1651	5267	7	0	0	0	0	0	0	0	1	0	0
A	BL	1	68	9	1	BA1651	5268	7	8	2	0	1	0	0	0	0	0	0
A	BL	1	68	9	1	BA1651	5278	8	7	0	0	0	0	0	0	0	0	0
A	BL	1	68	9	1	BA1651	5293	7	0	0	0	0	0	0	0	1	0	0
A	BL	1	68	9	1	BA1651	5313	7	8	2	0	1	0	0	0	0	0	0
A	BL	1	68	9	1	BA1651	5316	8	0	0	0	0	0	0	0	1	0	0
A	BL	1	68	9	1	BA1651	5319	8	0	0	0	1	0	0	0	0	0	0
A	BL	1	68	9	1	BA1651	5323	8	7	0	0	0	0	0	0	0	0	0
A	BL	1	68	9	1	BA1651	5325	7	0	0	0	0	0	0	0	1	0	0
A	BL	1	68	9	1	BA1651	5342	7	8	2	0	1	0	0	0	0	0	0
A	BL	1	68	9	1	BA1651	5352	8	7	0	0	0	0	0	0	0	0	0
A	BL	1	68	9	1	BA1651	5389	7	0	0	0	0	0	0	0	1	0	0
A	BL	1	68	9	1	BA1651	5413	7	8	2	0	1	0	0	0	0	0	0
A	BL	1	68	9	1	BA1651	5423	8	9	0	0	0	0	0	0	0	0	0
A	BL	1	68	9	1	BA1651	5424	9	0	0	0	0	0	0	0	1	0	0
A	BL	1	68	9	1	BA1651	5428	9	0	0	0	1	0	0	0	0	0	0
A	BL	1	68	9	1	BA1651	5433	9	10	0	0	0	0	0	0	0	0	0
A	BL	1	68	9	1	BA1651	5437	10	0	0	0	0	0	0	0	1	0	0
A	BL	1	68	9	1	BA1651	5508	10	2	0	0	0	0	0	0	0	0	0
A	BL	1	68	9	1	BA1651	5509	2	3	0	0	0	0	0	0	0	0	0
A	BL	1	68	9	1	BA1651	5570	3	0	0	0	1	0	0	0	0	0	0
A	BL	1	68	9	1	BA1651	5573	3	0	0	0	0	0	0	0	1	0	0
A	BL	1	68	9	1	BA1651	5576	3	0	0	0	1	0	0	0	0	0	0
A	BL	1	68	9	1	BA1651	5594	3	0	0	0	0	0	0	0	1	0	0
A	BL	1	68	9	1	BA1651	5599	3	0	0	0	1	0	0	0	0	0	0
A	BL	1	68	9	1	BA1651	5637	3	0	0	0	0	0	0	0	1	0	0
A	BL	1	68	9	1	BA1651	5651	3	0	0	0	1	0	0	0	0	0	0
A	BL	1	68	9	1	BA1651	5661	3	0	0	0	0	0	0	0	1	0	0
A	BL	1	68	9	1	BA1651	5672	3	0	0	0	1	0	0	0	0	0	0
A	BL	1	68	9	1	BA1651	5677	3	0	0	0	0	0	0	0	1	0	0
A	BL	1	68	9	1	BA1651	5777	3	5	1	1	0	0	0	0	0	0	0
A	BL	1	68	9	1	BA1651	5786	5	0	0	0	0	0	0	1	0	0	0
A	BL	1	68	9	1	BA1651	5787	5	4	0	0	0	0	0	0	0	0	0
A	BL	1	68	9	1	BA1651	5801	4	5	1	1	0	0	0	0	0	0	0
A	BL	1	68	9	1	BA1651	5811	5	4	0	0	0	0	0	0	0	0	0
A	BL	1	68	9	1	BA1651	5815	4	0	0	0	0	0	0	1	0	0	0
A	BL	1	68	9	1	BA1651	5818	4	5	1	1	0	0	0	0	0	0	0
A	BL	1	68	9	1	BA1651	5828	5	4	0	0	0	0	0	0	0	0	0
A	BL	1	68	9	1	BA1651	5833	4	0	0	0	0	0	0	1	0	0	0
A	BL	1	68	9	1	BA1651	5837	4	5	1	1	0	0	0	0	0	0	0
A	BL	1	68	9	1	BA1651	5847	5	4	0	0	0	0	0	0	0	0	0
A	BL	1	68	9	1	BA1651	5876	4	0	0	0	0	0	0	1	0	0	0
A	BL	1	68	9	1	BA1651	5885	4	5	1	1	0	0	0	0	0	0	0
A	BL	1	68	9	1	BA1651	5895	5	9	0	0	0	0	0	0	0	0	0
A	BL	1	68	9	1	BA1651	5905	9	10	0	0	0	0	0	0	0	0	0
A	BL	1	68	9	1	BA1651	5916	10	0	0	0	0	0	0	1	0	0	0
A	BL	1	68	9	1	BA1651	5980	10	2	0	0	0	0	0	0	0	0	0
A	BL	1	68	9	1	BA1651	5981	2	3	0	0	0	0	0	0	0	0	0
A	BL	1	68	9	1	BA1651	6020	3	5	1	1	0	0	0	0	0	0	0
A	BL	1	68	9	1	BA1651	6030	5	4	0	0	0	0	0	0	0	0	0
A	BL	1	68	9	1	BA1651	6177	4	0	0	0	0	0	0	1	0	0	0
A	BL	1	68	9	1	BA1651	6186	4	5	1	1	0	0	0	0	0	0	0
A	BL	1	68	9	1	BA1651	6196	5	4	0	0	0	0	0	0	0	0	0
A	BL	1	68	9	1	BA1651	6240	4	0	0	0	0	0	0	1	0	0	0
A	BL	1	68	9	1	BA1651	6341	4	5	1	1	0	0	0	0	0	0	0
A	BL	1	68	9	1	BA1651	6351	5	4	0	0	0	0	0	0	0	0	0
A	BL	1	68	9	1	BA1651	6353	4	0	0	0	0	0	0	1	0	0	0
A	BL	1	68	9	1	BA1651	6362	4	5	1	1	0	0	0	0	0	0	0
A	BL	1	68	9	1	BA1651	6372	5	4	0	0	0	0	0	0	0	0	0
A	BL	1	68	9	1	BA1651	6458	4	0	0	0	0	0	0	1	0	0	0
A	BL	1	68	9	1	BA1651	6463	4	5	1	1	0	0	0	0	0	0	0
A	BL	1	68	9	1	BA1651	6473	5	9	0	0	0	0	0	0	0	0	0
A	BL	1	68	9	1	BA1651	6483	9	10	0	0	0	0	0	0	0	0	0
A	BL	1	68	9	1	BA1651	6491	10	0	0	0	0	0	0	1	0	0	0
A	BL	1	68	9	1	BA1651	6558	10	2	0	0	0	0	0	0	0	0	0
A	BL	1	68	9	1	BA1651	6559	2	3	0	0	0	0	0	0	0	0	0
A	BL	1	68	9	1	BA1651	6636	3	5	1	1	0	0	0	0	0	0	0
A	BL	1	68	9	1	BA1651	6646	5	4	0	0	0	0	0	0	0	0	0
A	BL	1	68	9	1	BA1651	6709	4	0	0	0	0	0	0	1	0	0	0
A	BL	1	68	9	1	BA1651	6714	4	5	1	1	0	0	0	0	0	0	0
A	BL	1	68	9	1	BA1651	6724	5	4	0	0	0	0	0	0	0	0	0
A	BL	1	68	9	1	BA1651	6824	4	0	0	0	0	0	0	1	0	0	0
A	BL	1	68	9	1	BA1651	6836	4	5	1	1	0	0	0	0	0	0	0
A	BL	1	68	9	1	BA1651	6846	5	4	0	0	0	0	0	0	0	0	0
A	BL	1	68	9	1	BA1651	6867	4	0	0	0	0	0	0	1	0	0	0
A	BL	1	68	9	1	BA1651	6873	4	5	1	1	0	0	0	0	0	0	0
A	BL	1	68	9	1	BA1651	6883	5	4	0	0	0	0	0	0	0	0	0
A	BL	1	68	9	1	BA1651	6908	4	0	0	0	0	0	0	1	0	0	0
A	BL	1	68	9	1	BA1651	6912	4	5	1	1	0	0	0	0	0	0	0
A	BL	1	68	9	1	BA1651	6922	5	9	0	0	0	0	0	0	0	0	0
A	BL	1	68	9	1	BA1651	6932	9	10	0	0	0	0	0	0	0	0	0
A	BL	1	68	9	1	BA1651	6952	10	0	0	0	0	0	0	1	0	0	0
A	BL	1	68	9	1	BA1651	7007	10	2	0	0	0	0	0	0	0	0	0
A	BL	1	68	9	1	BA1651	7008	2	6	0	0	0	0	0	0	0	0	0
A	BL	1	68	9	1	BA1651	7115	6	8	2	0	1	0	0	0	0	0	0
A	BL	1	68	9	1	BA1651	7125	8	7	0	0	0	0	0	0	0	0	0
A	BL	1	68	9	1	BA1651	7126	7	0	0	0	0	0	0	0	1	0	0
A	BL	1	68	9	1	BA1651	7143	7	8	2	0	1	0	0	0	0	0	0
A	BL	1	68	9	1	BA1651	7152	8	0	0	0	0	0	0	0	1	0	0
A	BL	1	68	9	1	BA1651	7153	8	7	0	0	0	0	0	0	0	0	0
A	BL	1	68	9	1	BA1651	7160	7	8	2	0	1	0	0	0	0	0	0
A	BL	1	68	9	1	BA1651	7170	8	7	0	0	0	0	0	0	0	0	0
A	BL	1	68	9	1	BA1651	7172	7	0	0	0	0	0	0	0	1	0	0
A	BL	1	68	9	1	BA1651	7195	7	8	2	0	1	0	0	0	0	0	0
A	BL	1	68	9	1	BA1651	7205	8	7	0	0	0	0	0	0	0	0	0
A	BL	1	68	9	1	BA1651	7207	7	0	0	0	0	0	0	0	1	0	0
A	BL	1	68	9	1	BA1651	7230	7	8	2	0	1	0	0	0	0	0	0
A	BL	1	68	9	1	BA1651	7240	8	9	0	0	0	0	0	0	0	0	0
A	BL	1	68	9	1	BA1651	7249	9	0	0	0	0	0	0	0	1	0	0
A	BL	1	68	9	1	BA1651	7250	9	10	0	0	0	0	0	0	0	0	0
A	BL	1	68	9	1	BA1651	7325	10	2	0	0	0	0	0	0	0	0	0
A	BL	1	68	9	1	BA1651	7326	2	6	0	0	0	0	0	0	0	0	0
A	BL	1	68	9	1	BA1651	7390	6	8	2	0	1	0	0	0	0	0	0
A	BL	1	68	9	1	BA1651	7400	8	7	0	0	0	0	0	0	0	0	0
A	BL	1	68	9	1	BA1651	7411	7	0	0	0	0	0	0	0	1	0	0
A	BL	1	68	9	1	BA1651	7433	7	8	2	0	1	0	0	0	0	0	0
A	BL	1	68	9	1	BA1651	7443	8	7	0	0	0	0	0	0	0	0	0
A	BL	1	68	9	1	BA1651	7474	7	0	0	0	0	0	0	0	1	0	0
A	BL	1	68	9	1	BA1651	7479	7	8	2	0	1	0	0	0	0	0	0
A	BL	1	68	9	1	BA1651	7489	8	7	0	0	0	0	0	0	0	0	0
A	BL	1	68	9	1	BA1651	7506	7	0	0	0	0	0	0	0	1	0	0
A	BL	1	68	9	1	BA1651	7508	7	8	2	0	1	0	0	0	0	0	0
A	BL	1	68	9	1	BA1651	7518	8	7	0	0	0	0	0	0	0	0	0
A	BL	1	68	9	1	BA1651	7523	7	0	0	0	0	0	0	0	1	0	0
A	BL	1	68	9	1	BA1651	7550	7	8	2	0	1	0	0	0	0	0	0
A	BL	1	68	9	1	BA1651	7560	8	9	0	0	0	0	0	0	0	0	0
A	BL	1	68	9	1	BA1651	7561	9	0	0	0	0	0	0	0	1	0	0
A	BL	1	68	9	1	BA1651	7565	9	0	0	0	1	0	0	0	0	0	0
A	BL	1	68	9	1	BA1651	7570	9	10	0	0	0	0	0	0	0	0	0
A	BL	1	68	9	1	BA1651	7575	10	0	0	0	0	0	0	0	1	0	0
A	BL	1	68	9	1	BA1651	7645	10	2	0	0	0	0	0	0	0	0	0
A	BL	1	68	9	1	BA1651	7646	2	6	0	0	0	0	0	0	0	0	0
A	BL	1	68	9	1	BA1651	7704	6	8	2	0	1	0	0	0	0	0	0
A	BL	1	68	9	1	BA1651	7708	8	0	0	0	0	0	0	0	1	0	0
A	BL	1	68	9	1	BA1651	7714	8	7	0	0	0	0	0	0	0	0	0
A	BL	1	68	9	1	BA1651	7717	7	8	2	0	1	0	0	0	0	0	0
A	BL	1	68	9	1	BA1651	7727	8	7	0	0	0	0	0	0	0	0	0
A	BL	1	68	9	1	BA1651	7759	7	0	0	0	0	0	0	0	1	0	0
A	BL	1	68	9	1	BA1651	7762	7	8	2	0	1	0	0	0	0	0	0
A	BL	1	68	9	1	BA1651	7772	8	7	0	0	0	0	0	0	0	0	0
A	BL	1	68	9	1	BA1651	7781	7	0	0	0	0	0	0	0	1	0	0
A	BL	1	68	9	1	BA1651	7787	7	8	2	0	1	0	0	0	0	0	0
A	BL	1	68	9	1	BA1651	7795	8	0	0	0	0	0	0	0	1	0	0
A	BL	1	68	9	1	BA1651	7797	8	7	0	0	0	0	0	0	0	0	0
A	BL	1	68	9	1	BA1651	7819	7	8	2	0	1	0	0	0	0	0	0
A	BL	1	68	9	1	BA1651	7829	8	9	0	0	0	0	0	0	0	0	0
A	BL	1	68	9	1	BA1651	7839	9	10	0	0	0	0	0	0	0	0	0
A	BL	1	68	9	1	BA1651	7844	10	0	0	0	0	0	0	0	1	0	0
A	BL	1	68	9	1	BA1651	7914	10	2	0	0	0	0	0	0	0	0	0
A	BL	1	68	9	1	BA1651	7915	2	3	0	0	0	0	0	0	0	0	0
A	BL	1	68	9	1	BA1651	7946	3	0	0	0	1	0	0	0	0	0	0
A	BL	1	68	9	1	BA1651	8001	3	0	0	0	0	0	0	0	1	0	0
A	BL	1	68	9	1	BA1651	8023	3	0	0	0	1	0	0	0	0	0	0
A	BL	1	68	9	1	BA1651	8067	3	0	0	0	0	0	0	0	1	0	0
A	BL	1	68	9	1	BA1651	8089	3	0	0	0	1	0	0	0	0	0	0
A	BL	1	68	9	1	BA1651	8126	3	0	0	0	0	0	0	0	1	0	0
A	BL	1	68	9	1	BA1651	8203	3	0	0	0	1	0	0	0	0	0	0
A	BL	1	68	9	1	BA1651	8225	3	0	0	0	0	0	0	0	1	0	0
A	BL	1	68	9	1	BA1651	8270	3	0	0	0	1	0	0	0	0	0	0
A	BL	1	68	9	1	BA1651	8327	3	0	0	0	0	0	0	0	1	0	0
A	BL	1	68	9	1	BA1651	8331	3	0	0	0	1	0	0	0	0	0	0
A	BL	1	68	9	1	BA1651	8372	3	0	0	0	0	0	0	0	1	0	0
A	BL	1	68	9	1	BA1651	8537	3	5	1	1	0	0	0	0	0	0	0
A	BL	1	68	9	1	BA1651	8547	5	4	0	0	0	0	0	0	0	0	0
A	BL	1	68	9	1	BA1651	8726	4	0	0	0	0	0	0	1	0	0	0
A	BL	1	68	9	1	BA1651	8729	4	5	1	1	0	0	0	0	0	0	0
A	BL	1	68	9	1	BA1651	8739	5	4	0	0	0	0	0	0	0	0	0
A	BL	1	68	9	1	BA1651	8740	4	0	0	0	0	0	0	1	0	0	0
A	BL	1	68	9	1	BA1651	8757	4	5	1	1	0	0	0	0	0	0	0
A	BL	1	68	9	1	BA1651	8767	5	4	0	0	0	0	0	0	0	0	0
A	BL	1	68	9	1	BA1651	8803	4	0	0	0	0	0	0	1	0	0	0
A	BL	1	68	9	1	BA1651	8807	4	5	1	1	0	0	0	0	0	0	0
A	BL	1	68	9	1	BA1651	8817	5	4	0	0	0	0	0	0	0	0	0
A	BL	1	68	9	1	BA1651	9002	4	0	0	0	0	0	0	1	0	0	0
A	BL	1	68	9	1	BA1651	9112	4	5	1	1	0	0	0	0	0	0	0
A	BL	1	68	9	1	BA1651	9122	5	9	0	0	0	0	0	0	0	0	0
A	BL	1	68	9	1	BA1651	9132	9	10	0	0	0	0	0	0	0	0	0
A	BL	1	68	9	1	BA1651	9141	10	0	0	0	0	0	0	1	0	0	0
A	BL	1	68	9	1	BA1651	9207	10	2	0	0	0	0	0	0	0	0	0
A	BL	1	68	9	1	BA1651	9208	2	3	0	0	0	0	0	0	0	0	0
A	BL	1	68	9	1	BA1651	9419	3	5	1	1	0	0	0	0	0	0	0
A	BL	1	68	9	1	BA1651	9429	5	4	0	0	0	0	0	0	0	0	0
A	BL	1	68	9	1	BA1651	9458	4	0	0	0	0	0	0	1	0	0	0
A	BL	1	68	9	1	BA1651	9463	4	5	1	1	0	0	0	0	0	0	0
A	BL	1	68	9	1	BA1651	9471	5	0	0	0	0	0	0	1	0	0	0
A	BL	1	68	9	1	BA1651	9473	5	4	0	0	0	0	0	0	0	0	0
A	BL	1	68	9	1	BA1651	9474	4	5	1	1	0	0	0	0	0	0	0
A	BL	1	68	9	1	BA1651	9484	5	4	0	0	0	0	0	0	0	0	0
A	BL	1	68	9	1	BA1651	9498	4	0	0	0	0	0	0	1	0	0	0
A	BL	1	68	9	1	BA1651	9504	4	5	1	1	0	0	0	0	0	0	0
A	BL	1	68	9	1	BA1651	9514	5	4	0	0	0	0	0	0	0	0	0
A	BL	1	68	9	1	BA1651	9587	4	0	0	0	0	0	0	1	0	0	0
A	BL	1	68	9	1	BA1651	9594	4	5	1	1	0	0	0	0	0	0	0
A	BL	1	68	9	1	BA1651	9604	5	9	0	0	0	0	0	0	0	0	0
A	BL	1	68	9	1	BA1651	9614	9	10	0	0	0	0	0	0	0	0	0
A	BL	1	68	9	1	BA1651	9624	10	0	0	0	0	0	0	1	0	0	0
A	BL	1	68	9	1	BA1651	9689	10	2	0	0	0	0	0	0	0	0	0
A	BL	1	68	9	1	BA1651	9690	2	3	0	0	0	0	0	0	0	0	0
A	BL	1	68	9	1	BA1651	9945	3	5	1	1	0	0	0	0	0	0	0
A	BL	1	68	9	1	BA1651	9955	5	4	0	0	0	0	0	0	0	0	0
A	BL	1	68	9	1	BA1651	9979	4	0	0	0	0	0	0	1	0	0	0
A	BL	1	68	9	1	BA1651	9986	4	5	1	1	0	0	0	0	0	0	0
A	BL	1	68	9	1	BA1651	9996	5	4	0	0	0	0	0	0	0	0	0
A	BL	1	68	9	1	BA1651	10022	4	0	0	0	0	0	0	1	0	0	0
A	BL	1	68	9	1	BA1651	10025	4	5	1	1	0	0	0	0	0	0	0
A	BL	1	68	9	1	BA1651	10032	5	0	0	0	0	0	0	1	0	0	0
A	BL	1	68	9	1	BA1651	10035	5	4	0	0	0	0	0	0	0	0	0
A	BL	1	68	9	1	BA1651	10039	4	5	1	1	0	0	0	0	0	0	0
A	BL	1	68	9	1	BA1651	10049	5	4	0	0	0	0	0	0	0	0	0
A	BL	1	68	9	1	BA1651	10149	4	0	0	0	0	0	0	1	0	0	0
A	BL	1	68	9	1	BA1651	10161	4	5	1	1	0	0	0	0	0	0	0
A	BL	1	68	9	1	BA1651	10171	5	9	0	0	0	0	0	0	0	0	0
A	BL	1	68	9	1	BA1651	10181	9	10	0	0	0	0	0	0	0	0	0
A	BL	1	68	9	1	BA1651	10190	10	0	0	0	0	0	0	1	0	0	0
A	BL	1	68	9	1	BA1651	10256	10	2	0	0	0	0	0	0	0	0	0
A	BL	1	68	9	1	BA1651	10257	2	6	0	0	0	0	0	0	0	0	0
A	BL	1	68	9	1	BA1651	10323	6	8	2	0	1	0	0	0	0	0	0
A	BL	1	68	9	1	BA1651	10333	8	7	0	0	0	0	0	0	0	0	0
A	BL	1	68	9	1	BA1651	10338	7	0	0	0	0	0	0	0	1	0	0
A	BL	1	68	9	1	BA1651	10350	7	8	2	0	1	0	0	0	0	0	0
A	BL	1	68	9	1	BA1651	10360	8	7	0	0	0	0	0	0	0	0	0
A	BL	1	68	9	1	BA1651	10374	7	0	0	0	0	0	0	0	1	0	0
A	BL	1	68	9	1	BA1651	10386	7	8	2	0	1	0	0	0	0	0	0
A	BL	1	68	9	1	BA1651	10396	8	7	0	0	0	0	0	0	0	0	0
A	BL	1	68	9	1	BA1651	10441	7	0	0	0	0	0	0	0	1	0	0
A	BL	1	68	9	1	BA1651	10461	7	8	2	0	1	0	0	0	0	0	0
A	BL	1	68	9	1	BA1651	10463	8	0	0	0	0	0	0	0	1	0	0
A	BL	1	68	9	1	BA1651	10464	8	0	0	0	1	0	0	0	0	0	0
A	BL	1	68	9	1	BA1651	10471	8	7	0	0	0	0	0	0	0	0	0
A	BL	1	68	9	1	BA1651	10493	7	0	0	0	0	0	0	0	1	0	0
A	BL	1	68	9	1	BA1651	10502	7	8	2	0	1	0	0	0	0	0	0
A	BL	1	68	9	1	BA1651	10512	8	9	0	0	0	0	0	0	0	0	0
A	BL	1	68	9	1	BA1651	10515	9	0	0	0	0	0	0	0	1	0	0
A	BL	1	68	9	1	BA1651	10519	9	0	0	0	1	0	0	0	0	0	0
A	BL	1	68	9	1	BA1651	10522	9	10	0	0	0	0	0	0	0	0	0
A	BL	1	68	9	1	BA1651	10526	10	0	0	0	0	0	0	0	1	0	0
A	BL	1	68	9	1	BA1651	10597	10	2	0	0	0	0	0	0	0	0	0
A	BL	1	68	9	1	BA1651	10598	2	6	0	0	0	0	0	0	0	0	0
A	BL	1	68	9	1	BA1651	10646	6	8	2	0	1	0	0	0	0	0	0
A	BL	1	68	9	1	BA1651	10656	8	7	0	0	0	0	0	0	0	0	0
A	BL	1	68	9	1	BA1651	10677	7	0	0	0	0	0	0	0	1	0	0
A	BL	1	68	9	1	BA1651	10684	7	8	2	0	1	0	0	0	0	0	0
A	BL	1	68	9	1	BA1651	10686	8	0	0	0	0	0	0	0	1	0	0
A	BL	1	68	9	1	BA1651	10690	8	0	0	0	1	0	0	0	0	0	0
A	BL	1	68	9	1	BA1651	10694	8	7	0	0	0	0	0	0	0	0	0
A	BL	1	68	9	1	BA1651	10716	7	0	0	0	0	0	0	0	1	0	0
A	BL	1	68	9	1	BA1651	10718	7	8	2	0	1	0	0	0	0	0	0
A	BL	1	68	9	1	BA1651	10725	8	0	0	0	0	0	0	0	1	0	0
A	BL	1	68	9	1	BA1651	10728	8	7	0	0	0	0	0	0	0	0	0
A	BL	1	68	9	1	BA1651	10738	7	8	2	0	1	0	0	0	0	0	0
A	BL	1	68	9	1	BA1651	10748	8	7	0	0	0	0	0	0	0	0	0
A	BL	1	68	9	1	BA1651	10777	7	0	0	0	0	0	0	0	1	0	0
A	BL	1	68	9	1	BA1651	10778	7	8	2	0	1	0	0	0	0	0	0
A	BL	1	68	9	1	BA1651	10781	8	0	0	0	0	0	0	0	1	0	0
A	BL	1	68	9	1	BA1651	10788	8	9	0	0	0	0	0	0	0	0	0
A	BL	1	68	9	1	BA1651	10798	9	10	0	0	0	0	0	0	0	0	0
A	BL	1	68	9	1	BA1651	10873	10	2	0	0	0	0	0	0	0	0	0
A	BL	1	68	9	1	BA1651	10874	2	3	0	0	0	0	0	0	0	0	0
A	BL	1	68	9	1	BA1651	11069	3	0	0	0	1	0	0	0	0	0	0
A	BL	1	68	9	1	BA1651	11087	3	0	0	0	0	0	0	0	1	0	0
A	BL	1	68	9	1	BA1651	11122	3	0	0	0	1	0	0	0	0	0	0
A	BL	1	68	9	1	BA1651	11163	3	0	0	0	0	0	0	0	1	0	0
A	BL	1	68	9	1	BA1651	11363	3	5	1	1	0	0	0	0	0	0	0
A	BL	1	68	9	1	BA1651	11373	5	4	0	0	0	0	0	0	0	0	0
A	BL	1	68	9	1	BA1651	11398	4	0	0	0	0	0	0	1	0	0	0
A	BL	1	68	9	1	BA1651	11424	4	5	1	1	0	0	0	0	0	0	0
A	BL	1	68	9	1	BA1651	11434	5	4	0	0	0	0	0	0	0	0	0
A	BL	1	68	9	1	BA1651	11454	4	0	0	0	0	0	0	1	0	0	0
A	BL	1	68	9	1	BA1651	11504	4	5	1	1	0	0	0	0	0	0	0
A	BL	1	68	9	1	BA1651	11514	5	4	0	0	0	0	0	0	0	0	0
A	BL	1	68	9	1	BA1651	11592	4	0	0	0	0	0	0	1	0	0	0
A	BL	1	68	9	1	BA1651	11666	4	5	1	1	0	0	0	0	0	0	0
A	BL	1	68	9	1	BA1651	11676	5	4	0	0	0	0	0	0	0	0	0
A	BL	1	68	9	1	BA1651	11691	4	0	0	0	0	0	0	1	0	0	0
A	BL	1	68	9	1	BA1651	11742	4	5	1	1	0	0	0	0	0	0	0
A	BL	1	68	9	1	BA1651	11752	5	9	0	0	0	0	0	0	0	0	0
A	BL	1	68	9	1	BA1651	11762	9	10	0	0	0	0	0	0	0	0	0
A	BL	1	68	9	1	BA1651	11772	10	0	0	0	0	0	0	1	0	0	0
A	BL	1	68	9	1	BA1651	11837	10	2	0	0	0	0	0	0	0	0	0
A	BL	1	68	9	1	BA1651	11838	2	6	0	0	0	0	0	0	0	0	0
A	BL	1	68	9	1	BA1651	12013	6	8	2	0	1	0	0	0	0	0	0
A	BL	1	68	9	1	BA1651	12023	8	7	0	0	0	0	0	0	0	0	0
A	BL	1	68	9	1	BA1651	12027	7	0	0	0	0	0	0	0	1	0	0
A	BL	1	68	9	1	BA1651	12040	7	8	2	0	1	0	0	0	0	0	0
A	BL	1	68	9	1	BA1651	12050	8	7	0	0	0	0	0	0	0	0	0
A	BL	1	68	9	1	BA1651	12064	7	0	0	0	0	0	0	0	1	0	0
A	BL	1	68	9	1	BA1651	12130	7	8	2	0	1	0	0	0	0	0	0
A	BL	1	68	9	1	BA1651	12134	8	0	0	0	0	0	0	0	1	0	0
A	BL	1	68	9	1	BA1651	12136	8	0	0	0	1	0	0	0	0	0	0
A	BL	1	68	9	1	BA1651	12140	8	7	0	0	0	0	0	0	0	0	0
A	BL	1	68	9	1	BA1651	12161	7	0	0	0	0	0	0	0	1	0	0
A	BL	1	68	9	1	BA1651	12202	7	8	2	0	1	0	0	0	0	0	0
A	BL	1	68	9	1	BA1651	12212	8	7	0	0	0	0	0	0	0	0	0
A	BL	1	68	9	1	BA1651	12231	7	0	0	0	0	0	0	0	1	0	0
A	BL	1	68	9	1	BA1651	12244	7	8	2	0	1	0	0	0	0	0	0
A	BL	1	68	9	1	BA1651	12254	8	9	0	0	0	0	0	0	0	0	0
A	BL	1	68	9	1	BA1651	12264	9	10	0	0	0	0	0	0	1	0	0
A	BL	1	68	9	1	BA1651	12339	10	2	0	0	0	0	0	0	0	0	0
A	BL	1	68	9	1	BA1651	12340	2	3	0	0	0	0	0	0	0	0	0
A	BL	1	68	9	1	BA1651	12386	3	0	0	0	1	0	0	0	0	0	0
A	BL	1	68	9	1	BA1651	12404	3	0	0	0	0	0	0	0	1	0	0
A	BL	1	68	9	1	BA1651	12631	3	5	1	1	0	0	0	0	0	0	0
A	BL	1	68	9	1	BA1651	12641	5	4	0	0	0	0	0	0	0	0	0
A	BL	1	68	9	1	BA1651	12656	4	0	0	0	0	0	0	1	0	0	0
A	BL	1	68	9	1	BA1651	12662	4	5	1	1	0	0	0	0	0	0	0
A	BL	1	68	9	1	BA1651	12672	5	4	0	0	0	0	0	0	0	0	0
A	BL	1	68	9	1	BA1651	12794	4	0	0	0	0	0	0	1	0	0	0
A	BL	1	68	9	1	BA1651	12805	4	5	1	1	0	0	0	0	0	0	0
A	BL	1	68	9	1	BA1651	12815	5	4	0	0	0	0	0	0	0	0	0
A	BL	1	68	9	1	BA1651	12908	4	0	0	0	0	0	0	1	0	0	0
A	BL	1	68	9	1	BA1651	12987	4	5	1	1	0	0	0	0	0	0	0
A	BL	1	68	9	1	BA1651	12997	5	4	0	0	0	0	0	0	0	0	0
A	BL	1	68	9	1	BA1651	13039	4	0	0	0	0	0	0	1	0	0	0
A	BL	1	68	9	1	BA1651	13185	4	5	1	1	0	0	0	0	0	0	0
A	BL	1	68	9	1	BA1651	13195	5	9	0	0	0	0	0	0	0	0	0
A	BL	1	68	9	1	BA1651	13205	9	10	0	0	0	0	0	0	0	0	0
A	BL	1	68	9	1	BA1651	13209	10	0	0	0	0	0	0	1	0	0	0
A	BL	1	68	9	1	BA1651	13280	10	2	0	0	0	0	0	0	0	0	0
A	BL	1	68	9	1	BA1651	13281	2	6	0	0	0	0	0	0	0	0	0
A	BL	1	68	9	1	BA1651	13342	6	0	0	1	0	0	0	0	0	0	0
A	BL	1	68	9	1	BA1651	13349	6	0	0	0	0	0	0	1	0	0	0
A	BL	1	68	9	1	BA1651	13413	6	8	2	0	1	0	0	0	0	0	0
A	BL	1	68	9	1	BA1651	13414	8	0	0	0	0	0	0	0	1	0	0
A	BL	1	68	9	1	BA1651	13420	8	0	0	0	1	0	0	0	0	0	0
A	BL	1	68	9	1	BA1651	13423	8	7	0	0	0	0	0	0	0	0	0
A	BL	1	68	9	1	BA1651	13437	7	0	0	0	0	0	0	0	1	0	0
A	BL	1	68	9	1	BA1651	13438	7	8	2	0	1	0	0	0	0	0	0
A	BL	1	68	9	1	BA1651	13444	8	0	0	0	0	0	0	0	1	0	0
A	BL	1	68	9	1	BA1651	13448	8	7	0	0	1	0	0	0	0	0	0
A	BL	1	68	9	1	BA1651	13452	7	0	0	0	0	0	0	0	1	0	0
A	BL	1	68	9	1	BA1651	13487	7	8	2	0	1	0	0	0	0	0	0
A	BL	1	68	9	1	BA1651	13497	8	7	0	0	0	0	0	0	0	0	0
A	BL	1	68	9	1	BA1651	13506	7	0	0	0	0	0	0	0	1	0	0
A	BL	1	68	9	1	BA1651	13523	7	8	2	0	1	0	0	0	0	0	0
A	BL	1	68	9	1	BA1651	13533	8	7	0	0	0	0	0	0	0	0	0
A	BL	1	68	9	1	BA1651	13538	7	0	0	0	0	0	0	0	1	0	0
A	BL	1	68	9	1	BA1651	13547	7	8	2	0	1	0	0	0	0	0	0
A	BL	1	68	9	1	BA1651	13548	8	0	0	0	0	0	0	0	1	0	0
A	BL	1	68	9	1	BA1651	13549	8	0	0	0	1	0	0	0	0	0	0
A	BL	1	68	9	1	BA1651	13557	8	9	0	0	0	0	0	0	0	0	0
A	BL	1	68	9	1	BA1651	13567	9	10	0	0	0	0	0	0	0	0	0
A	BL	1	68	9	1	BA1651	13573	10	0	0	0	0	0	0	0	1	0	0
A	BL	1	68	9	1	BA1651	13642	10	2	0	0	0	0	0	0	0	0	0
A	BL	1	68	9	1	BA1651	13643	2	6	0	0	0	0	0	0	0	0	0
A	BL	1	68	9	1	BA1651	13665	6	8	2	0	1	0	0	0	0	0	0
A	BL	1	68	9	1	BA1651	13675	8	7	0	0	0	0	0	0	0	0	0
A	BL	1	68	9	1	BA1651	13676	7	0	0	0	0	0	0	0	1	0	0
A	BL	1	68	9	1	BA1651	13686	7	8	2	0	1	0	0	0	0	0	0
A	BL	1	68	9	1	BA1651	13696	8	7	0	0	0	0	0	0	0	0	0
A	BL	1	68	9	1	BA1651	13711	7	0	0	0	0	0	0	0	1	0	0
A	BL	1	68	9	1	BA1651	13717	7	8	2	0	1	0	0	0	0	0	0
A	BL	1	68	9	1	BA1651	13727	8	7	0	0	0	0	0	0	0	0	0
A	BL	1	68	9	1	BA1651	13732	7	0	0	0	0	0	0	0	1	0	0
A	BL	1	68	9	1	BA1651	13746	7	8	2	0	1	0	0	0	0	0	0
A	BL	1	68	9	1	BA1651	13756	8	7	0	0	0	0	0	0	0	0	0
A	BL	1	68	9	1	BA1651	13757	7	0	0	0	0	0	0	0	1	0	0
A	BL	1	68	9	1	BA1651	13779	7	8	2	0	1	0	0	0	0	0	0
A	BL	1	68	9	1	BA1651	13789	8	9	0	0	0	0	0	0	0	0	0
A	BL	1	68	9	1	BA1651	13790	9	0	0	0	0	0	0	0	1	0	0
A	BL	1	68	9	1	BA1651	13795	9	0	0	0	1	0	0	0	0	0	0
A	BL	1	68	9	1	BA1651	13799	9	10	0	0	0	0	0	0	0	0	0
A	BL	1	68	9	1	BA1651	13802	10	0	0	0	0	0	0	0	1	0	0
A	BL	1	68	9	1	BA1651	13874	10	2	0	0	0	0	0	0	0	0	0
A	BL	1	68	9	1	BA1651	13875	2	3	0	0	0	0	0	0	0	0	0
A	BL	1	68	9	1	BA1651	13934	3	0	0	0	1	0	0	0	0	0	0
A	BL	1	68	9	1	BA1651	13965	3	0	0	0	0	0	0	0	1	0	0
A	BL	1	68	9	1	BA1651	13969	3	0	0	0	1	0	0	0	0	0	0
A	BL	1	68	9	1	BA1651	14018	3	0	0	0	0	0	0	0	1	0	0
A	BL	1	68	9	1	BA1651	14057	3	0	0	0	1	0	0	0	0	0	0
A	BL	1	68	9	1	BA1651	14072	3	0	0	0	0	0	0	0	1	0	0
A	BL	1	68	9	1	BA1651	14076	3	0	0	0	1	0	0	0	0	0	0
A	BL	1	68	9	1	BA1651	14087	3	0	0	0	0	0	0	0	1	0	0
A	BL	1	68	9	1	BA1651	14115	3	0	0	0	1	0	0	0	0	0	0
A	BL	1	68	9	1	BA1651	14134	3	0	0	0	0	0	0	0	1	0	0
A	BL	1	68	9	1	BA1651	14175	3	0	0	0	1	0	0	0	0	0	0
A	BL	1	68	9	1	BA1651	14246	3	0	0	0	0	0	0	0	1	0	0
A	BL	1	68	9	1	BA1651	14509	3	5	1	1	0	0	0	0	0	0	0
A	BL	1	68	9	1	BA1651	14519	5	4	0	0	0	0	0	0	0	0	0
A	BL	1	68	9	1	BA1651	14532	4	0	0	0	0	0	0	1	0	0	0
A	BL	1	68	9	1	BA1651	14535	4	5	1	1	0	0	0	0	0	0	0
A	BL	1	68	9	1	BA1651	14545	5	4	0	0	0	0	0	0	0	0	0
A	BL	1	68	9	1	BA1651	14559	4	0	0	0	0	0	0	1	0	0	0
A	BL	1	68	9	1	BA1651	14562	4	5	1	1	0	0	0	0	0	0	0
A	BL	1	68	9	1	BA1651	14572	5	4	0	0	0	0	0	0	0	0	0
A	BL	1	68	9	1	BA1651	14688	4	0	0	0	0	0	0	1	0	0	0
A	BL	1	68	9	1	BA1651	14696	4	5	1	1	0	0	0	0	0	0	0
A	BL	1	68	9	1	BA1651	14706	5	4	0	0	0	0	0	0	0	0	0
A	BL	1	68	9	1	BA1651	14817	4	0	0	0	0	0	0	1	0	0	0
A	BL	1	68	9	1	BA1651	14915	4	5	1	1	0	0	0	0	0	0	0
A	BL	1	68	9	1	BA1651	14925	5	9	0	0	0	0	0	0	0	0	0
A	BL	1	68	9	1	BA1651	14935	9	10	0	0	0	0	0	0	0	0	0
A	BL	1	68	9	1	BA1651	14954	10	0	0	0	0	0	0	1	0	0	0
A	BL	1	68	9	1	BA1651	15010	10	2	0	0	0	0	0	0	0	0	0
A	BL	1	68	9	1	BA1651	15011	2	3	0	0	0	0	0	0	0	0	0
A	BL	1	68	9	1	BA1651	15178	3	5	1	1	0	0	0	0	0	0	0
A	BL	1	68	9	1	BA1651	15188	5	4	0	0	0	0	0	0	0	0	0
A	BL	1	68	9	1	BA1651	15243	4	0	0	0	0	0	0	1	0	0	0
A	BL	1	68	9	1	BA1651	15308	4	5	1	1	0	0	0	0	0	0	0
A	BL	1	68	9	1	BA1651	15318	5	4	0	0	0	0	0	0	0	0	0
A	BL	1	68	9	1	BA1651	15334	4	0	0	0	0	0	0	1	0	0	0
A	BL	1	68	9	1	BA1651	15339	4	5	1	1	0	0	0	0	0	0	0
A	BL	1	68	9	1	BA1651	15349	5	4	0	0	0	0	0	0	0	0	0
A	BL	1	68	9	1	BA1651	15588	4	0	0	0	0	0	0	1	0	0	0
A	BL	1	68	9	1	BA1651	15727	4	5	1	1	0	0	0	0	0	0	0
A	BL	1	68	9	1	BA1651	15737	5	4	0	0	0	0	0	0	0	0	0
A	BL	1	68	9	1	BA1651	15766	4	0	0	0	0	0	0	1	0	0	0
A	BL	1	68	9	1	BA1651	15772	4	5	1	1	0	0	0	0	0	0	0
A	BL	1	68	9	1	BA1651	15782	5	9	0	0	0	0	0	0	0	0	0
A	BL	1	68	9	1	BA1651	15792	9	10	0	0	0	0	0	0	0	0	0
A	BL	1	68	9	1	BA1651	15802	10	0	0	0	0	0	0	1	0	0	0
A	BL	1	68	9	1	BA1651	15867	10	2	0	0	0	0	0	0	0	0	0
A	BL	1	68	9	1	BA1651	15868	2	3	0	0	0	0	0	0	0	0	0
A	BL	1	68	9	1	BA1651	15977	3	5	1	1	0	0	0	0	0	0	0
A	BL	1	68	9	1	BA1651	15987	5	4	0	0	0	0	0	0	0	0	0
A	BL	1	68	9	1	BA1651	16015	4	0	0	0	0	0	0	1	0	0	0
A	BL	1	68	9	1	BA1651	16155	4	5	1	1	0	0	0	0	0	0	0
A	BL	1	68	9	1	BA1651	16165	5	4	0	0	0	0	0	0	0	0	0
A	BL	1	68	9	1	BA1651	16172	4	0	0	0	0	0	0	1	0	0	0
A	BL	1	68	9	1	BA1651	16176	4	5	1	1	0	0	0	0	0	0	0
A	BL	1	68	9	1	BA1651	16186	5	4	0	0	0	0	0	0	0	0	0
A	BL	1	68	9	1	BA1651	16256	4	0	0	0	0	0	0	1	0	0	0
A	BL	1	68	9	1	BA1651	16265	4	5	1	1	0	0	0	0	0	0	0
A	BL	1	68	9	1	BA1651	16275	5	4	0	0	0	0	0	0	0	0	0
A	BL	1	68	9	1	BA1651	16326	4	0	0	0	0	0	0	1	0	0	0
A	BL	1	68	9	1	BA1651	16330	4	5	1	1	0	0	0	0	0	0	0
A	BL	1	68	9	1	BA1651	16340	5	9	0	0	0	0	0	0	0	0	0
A	BL	1	68	9	1	BA1651	16350	9	10	0	0	0	0	0	0	0	0	0
A	BL	1	68	9	1	BA1651	16360	10	0	0	0	0	0	0	1	0	0	0
A	BL	1	68	9	1	BA1651	16425	10	2	0	0	0	0	0	0	0	0	0
A	BL	1	68	9	1	BA1651	16426	2	6	0	0	0	0	0	0	0	0	0
A	BL	1	68	9	1	BA1651	16796	6	8	2	0	1	0	0	0	0	0	0
A	BL	1	68	9	1	BA1651	16799	8	0	0	0	0	0	0	0	1	0	0
A	BL	1	68	9	1	BA1651	16805	8	0	0	0	1	0	0	0	0	0	0
A	BL	1	68	9	1	BA1651	16806	8	7	0	0	0	0	0	0	0	0	0
A	BL	1	68	9	1	BA1651	16811	7	0	0	0	0	0	0	0	1	0	0
A	BL	1	68	9	1	BA1651	16851	7	8	2	0	1	0	0	0	0	0	0
A	BL	1	68	9	1	BA1651	16861	8	7	0	0	0	0	0	0	0	0	0
A	BL	1	68	9	1	BA1651	16864	7	0	0	0	0	0	0	0	1	0	0
A	BL	1	68	9	1	BA1651	16868	7	8	2	0	1	0	0	0	0	0	0
A	BL	1	68	9	1	BA1651	16878	8	7	0	0	0	0	0	0	0	0	0
A	BL	1	68	9	1	BA1651	16880	7	0	0	0	0	0	0	0	1	0	0
A	BL	1	68	9	1	BA1651	16900	7	8	2	0	1	0	0	0	0	0	0
A	BL	1	68	9	1	BA1651	16901	8	0	0	0	0	0	0	0	1	0	0
A	BL	1	68	9	1	BA1651	16904	8	0	0	0	1	0	0	0	0	0	0
A	BL	1	68	9	1	BA1651	16910	8	7	0	0	0	0	0	0	0	0	0
A	BL	1	68	9	1	BA1651	16923	7	0	0	0	0	0	0	0	1	0	0
A	BL	1	68	9	1	BA1651	16941	7	8	2	0	1	0	0	0	0	0	0
A	BL	1	68	9	1	BA1651	16951	8	9	0	0	0	0	0	0	0	0	0
A	BL	1	68	9	1	BA1651	16953	9	0	0	0	0	0	0	0	1	0	0
A	BL	1	68	9	1	BA1651	16957	9	0	0	0	1	0	0	0	0	0	0
A	BL	1	68	9	1	BA1651	16961	9	10	0	0	0	0	0	0	0	0	0
A	BL	1	68	9	1	BA1651	16964	10	0	0	0	0	0	0	0	1	0	0
A	BL	1	68	9	1	BA1651	17036	10	2	0	0	0	0	0	0	0	0	0
A	BL	1	68	9	1	BA1651	17037	2	6	0	0	0	0	0	0	0	0	0
A	BL	1	68	9	1	BA1651	17064	6	8	2	0	1	0	0	0	0	0	0
A	BL	1	68	9	1	BA1651	17074	8	7	0	0	0	0	0	0	0	0	0
A	BL	1	68	9	1	BA1651	17077	7	0	0	0	0	0	0	0	1	0	0
A	BL	1	68	9	1	BA1651	17083	7	8	2	0	1	0	0	0	0	0	0
A	BL	1	68	9	1	BA1651	17093	8	7	0	0	0	0	0	0	0	0	0
A	BL	1	68	9	1	BA1651	17104	7	0	0	0	0	0	0	0	1	0	0
A	BL	1	68	9	1	BA1651	17111	7	8	2	0	1	0	0	0	0	0	0
A	BL	1	68	9	1	BA1651	17121	8	7	0	0	0	0	0	0	0	0	0
A	BL	1	68	9	1	BA1651	17166	7	0	0	0	0	0	0	0	1	0	0
A	BL	1	68	9	1	BA1651	17176	7	8	2	0	1	0	0	0	0	0	0
A	BL	1	68	9	1	BA1651	17186	8	7	0	0	0	0	0	0	0	0	0
A	BL	1	68	9	1	BA1651	17223	7	0	0	0	0	0	0	0	1	0	0
A	BL	1	68	9	1	BA1651	17228	7	8	2	0	1	0	0	0	0	0	0
A	BL	1	68	9	1	BA1651	17238	8	9	0	0	0	0	0	0	0	0	0
A	BL	1	68	9	1	BA1651	17241	9	0	0	0	0	0	0	0	1	0	0
A	BL	1	68	9	1	BA1651	17245	9	0	0	0	1	0	0	0	0	0	0
A	BL	1	68	9	1	BA1651	17248	9	10	0	0	0	0	0	0	0	0	0
A	BL	1	68	9	1	BA1651	17254	10	0	0	0	0	0	0	0	1	0	0
A	BL	1	68	9	1	BA1651	17323	10	2	0	0	0	0	0	0	0	0	0
A	BL	1	68	9	1	BA1651	17324	2	6	0	0	0	0	0	0	0	0	0
A	BL	1	68	9	1	BA1651	17354	6	8	2	0	1	0	0	0	0	0	0
A	BL	1	68	9	1	BA1651	17364	8	7	0	0	0	0	0	0	0	0	0
A	BL	1	68	9	1	BA1651	17365	7	0	0	0	0	0	0	0	1	0	0
A	BL	1	68	9	1	BA1651	17389	7	8	2	0	1	0	0	0	0	0	0
A	BL	1	68	9	1	BA1651	17399	8	7	0	0	0	0	0	0	0	0	0
A	BL	1	68	9	1	BA1651	17433	7	0	0	0	0	0	0	0	1	0	0
A	BL	1	68	9	1	BA1651	17437	7	8	2	0	1	0	0	0	0	0	0
A	BL	1	68	9	1	BA1651	17447	8	7	0	0	0	0	0	0	0	0	0
A	BL	1	68	9	1	BA1651	17472	7	0	0	0	0	0	0	0	1	0	0
A	BL	1	68	9	1	BA1651	17475	7	8	2	0	1	0	0	0	0	0	0
A	BL	1	68	9	1	BA1651	17485	8	7	0	0	0	0	0	0	0	0	0
A	BL	1	68	9	1	BA1651	17500	7	0	0	0	0	0	0	0	1	0	0
A	BL	1	68	9	1	BA1651	17501	7	8	2	0	1	0	0	0	0	0	0
A	BL	1	68	9	1	BA1651	17503	8	0	0	0	0	0	0	0	1	0	0
A	BL	1	68	9	1	BA1651	17509	8	0	0	0	1	0	0	0	0	0	0
A	BL	1	68	9	1	BA1651	17511	8	9	0	0	0	0	0	0	0	0	0
A	BL	1	68	9	1	BA1651	17521	9	10	0	0	0	0	0	0	0	0	0
A	BL	1	68	9	1	BA1651	17531	10	0	0	0	0	0	0	0	1	0	0
A	BL	1	68	9	1	BA1651	17596	10	2	0	0	0	0	0	0	0	0	0
A	BL	1	68	9	1	BA1651	17597	2	3	0	0	0	0	0	0	0	0	0
A	BL	1	68	9	1	BA1651	17624	3	0	0	0	1	0	0	0	0	0	0
A	BL	1	68	9	1	BA1651	17631	3	0	0	0	0	0	0	0	1	0	0
A	BL	1	68	9	1	BA1651	17651	3	0	0	0	1	0	0	0	0	0	0
A	BL	1	68	9	1	BA1651	17686	3	0	0	0	0	0	0	0	1	0	0
A	BL	1	68	9	1	BA1651	17708	3	0	0	0	1	0	0	0	0	0	0
A	BL	1	68	9	1	BA1651	17714	3	0	0	0	0	0	0	0	1	0	0
A	BL	1	68	9	1	BA1651	17767	3	0	0	0	1	0	0	0	0	0	0
A	BL	1	68	9	1	BA1651	17769	3	0	0	0	0	0	0	0	1	0	0
A	BL	1	68	9	1	BA1651	17794	3	0	0	0	1	0	0	0	0	0	0
A	BL	1	68	9	1	BA1651	17815	3	0	0	0	0	0	0	0	1	0	0
A	BL	1	68	9	1	BA1651	17833	3	0	0	0	1	0	0	0	0	0	0
A	BL	1	68	9	1	BA1651	17850	3	0	0	0	0	0	0	0	1	0	0
A	BL	1	68	9	1	BA1651	17884	3	0	0	0	1	0	0	0	0	0	0
A	BL	1	68	9	1	BA1651	17904	3	0	0	0	0	0	0	0	1	0	0
A	BL	1	68	9	1	BA1651	18250	3	5	1	1	0	0	0	0	0	0	0
A	BL	1	68	9	1	BA1651	18260	5	4	0	0	0	0	0	0	0	0	0
A	BL	1	68	9	1	BA1651	18347	4	0	0	0	0	0	0	1	0	0	0
A	BL	1	68	9	1	BA1651	18360	4	5	1	1	0	0	0	0	0	0	0
A	BL	1	68	9	1	BA1651	18370	5	4	0	0	0	0	0	0	0	0	0
A	BL	1	68	9	1	BA1651	18473	4	0	0	0	0	0	0	1	0	0	0
A	BL	1	68	9	1	BA1651	18559	4	5	1	1	0	0	0	0	0	0	0
A	BL	1	68	9	1	BA1651	18569	5	4	0	0	0	0	0	0	0	0	0
A	BL	1	68	9	1	BA1651	18584	4	0	0	0	0	0	0	1	0	0	0
A	BL	1	68	9	1	BA1651	18587	4	5	1	1	0	0	0	0	0	0	0
A	BL	1	68	9	1	BA1651	18597	5	4	0	0	0	0	0	0	0	0	0
A	BL	1	68	9	1	BA1651	18730	4	0	0	0	0	0	0	1	0	0	0
A	BL	1	68	9	1	BA1651	18792	4	5	1	1	0	0	0	0	0	0	0
A	BL	1	68	9	1	BA1651	18802	5	9	0	0	0	0	0	0	0	0	0
A	BL	1	68	9	1	BA1651	18812	9	10	0	0	0	0	0	0	0	0	0
A	BL	1	68	9	1	BA1651	18817	10	0	0	0	0	0	0	1	0	0	0
A	BL	1	68	9	1	BA1651	18887	10	2	0	0	0	0	0	0	0	0	0
A	BL	1	68	9	1	BA1651	18888	2	3	0	0	0	0	0	0	0	0	0
A	BL	1	68	9	1	BA1651	19491	3	5	1	1	0	0	0	0	0	0	0
A	BL	1	68	9	1	BA1651	19501	5	4	0	0	0	0	0	0	0	0	0
A	BL	1	68	9	1	BA1651	19515	4	0	0	0	0	0	0	1	0	0	0
A	BL	1	68	9	1	BA1651	19522	4	5	1	1	0	0	0	0	0	0	0
A	BL	1	68	9	1	BA1651	19527	5	0	0	0	0	0	0	1	0	0	0
A	BL	1	68	9	1	BA1651	19532	5	4	0	0	0	0	0	0	0	0	0
A	BL	1	68	9	1	BA1651	19534	4	5	1	1	0	0	0	0	0	0	0
A	BL	1	68	9	1	BA1651	19538	5	0	0	0	0	0	0	1	0	0	0
A	BL	1	68	9	1	BA1651	19544	5	4	0	0	0	0	0	0	0	0	0
A	BL	1	68	9	1	BA1651	19563	4	5	1	1	0	0	0	0	0	0	0
A	BL	1	68	9	1	BA1651	19573	5	4	0	0	0	0	0	0	0	0	0
A	BL	1	68	9	1	BA1651	19584	4	0	0	0	0	0	0	1	0	0	0
A	BL	1	68	9	1	BA1651	19596	4	5	1	1	0	0	0	0	0	0	0
A	BL	1	68	9	1	BA1651	19606	5	9	0	0	0	0	0	0	0	0	0
A	BL	1	68	9	1	BA1651	19616	9	10	0	0	0	0	0	0	0	0	0
A	BL	1	68	9	1	BA1651	19625	10	0	0	0	0	0	0	1	0	0	0
A	BL	1	68	9	1	BA1651	19691	10	2	0	0	0	0	0	0	0	0	0
A	BL	1	68	9	1	BA1651	19692	2	3	0	0	0	0	0	0	0	0	0
A	BL	1	68	9	1	BA1651	19787	3	0	0	0	1	0	0	0	0	0	0
A	BL	1	68	9	1	BA1651	19879	3	0	0	0	0	0	0	0	1	0	0
A	BL	1	68	9	1	BA1651	19882	3	0	0	0	1	0	0	0	0	0	0
A	BL	1	68	9	1	BA1651	19934	3	0	0	0	0	0	0	0	1	0	0
A	BL	1	68	9	1	BA1651	19942	3	0	0	0	1	0	0	0	0	0	0
A	BL	1	68	9	1	BA1651	19948	3	0	0	0	0	0	0	0	1	0	0
A	BL	1	68	9	1	BA1651	19954	3	0	0	0	1	0	0	0	0	0	0
A	BL	1	68	9	1	BA1651	19959	3	0	0	0	0	0	0	0	1	0	0
A	BL	1	68	9	1	BA1651	19961	3	0	0	0	1	0	0	0	0	0	0
A	BL	1	68	9	1	BA1651	20031	3	0	0	0	0	0	0	0	1	0	0
A	BL	1	68	9	1	BA1651	20037	3	0	0	0	1	0	0	0	0	0	0
A	BL	1	68	9	1	BA1651	20042	3	0	0	0	0	0	0	0	1	0	0
A	BL	1	68	9	1	BA1651	20261	3	5	1	1	0	0	0	0	0	0	0
A	BL	1	68	9	1	BA1651	20271	5	4	0	0	0	0	0	0	0	0	0
A	BL	1	68	9	1	BA1651	20289	4	0	0	0	0	0	0	1	0	0	0
A	BL	1	68	9	1	BA1651	20344	4	5	1	1	0	0	0	0	0	0	0
A	BL	1	68	9	1	BA1651	20354	5	4	0	0	0	0	0	0	0	0	0
A	BL	1	68	9	1	BA1651	20367	4	0	0	0	0	0	0	1	0	0	0
A	BL	1	68	9	1	BA1651	20378	4	5	1	1	0	0	0	0	0	0	0
A	BL	1	68	9	1	BA1651	20388	5	4	0	0	0	0	0	0	0	0	0
A	BL	1	68	9	1	BA1651	20406	4	0	0	0	0	0	0	1	0	0	0
A	BL	1	68	9	1	BA1651	20414	4	5	1	1	0	0	0	0	0	0	0
A	BL	1	68	9	1	BA1651	20421	5	0	0	0	0	0	0	1	0	0	0
A	BL	1	68	9	1	BA1651	20424	5	4	0	0	0	0	0	0	0	0	0
A	BL	1	68	9	1	BA1651	20492	4	5	1	1	0	0	0	0	0	0	0
A	BL	1	68	9	1	BA1651	20502	5	9	0	0	0	0	0	0	0	0	0
A	BL	1	68	9	1	BA1651	20512	9	10	0	0	0	0	0	0	0	0	0
A	BL	1	68	9	1	BA1651	20515	10	0	0	0	0	0	0	1	0	0	0
A	BL	1	68	9	1	BA1651	20587	10	2	0	0	0	0	0	0	0	0	0
A	BL	1	68	9	1	BA1651	20588	2	6	0	0	0	0	0	0	0	0	0
A	BL	1	68	9	1	BA1651	20624	6	8	2	0	1	0	0	0	0	0	0
A	BL	1	68	9	1	BA1651	20631	8	0	0	0	0	0	0	0	1	0	0
A	BL	1	68	9	1	BA1651	20634	8	7	0	0	0	0	0	0	0	0	0
A	BL	1	68	9	1	BA1651	20643	7	8	2	0	1	0	0	0	0	0	0
A	BL	1	68	9	1	BA1651	20653	8	7	0	0	0	0	0	0	1	0	0
A	BL	1	68	9	1	BA1651	20656	7	8	2	0	1	0	0	0	0	0	0
A	BL	1	68	9	1	BA1651	20666	8	7	0	0	0	0	0	0	1	0	0
A	BL	1	68	9	1	BA1651	20675	7	8	2	0	1	0	0	0	0	0	0
A	BL	1	68	9	1	BA1651	20685	8	7	0	0	0	0	0	0	0	0	0
A	BL	1	68	9	1	BA1651	20686	7	0	0	0	0	0	0	0	1	0	0
A	BL	1	68	9	1	BA1651	20703	7	8	2	0	1	0	0	0	0	0	0
A	BL	1	68	9	1	BA1651	20713	8	9	0	0	0	0	0	0	0	0	0
A	BL	1	68	9	1	BA1651	20723	9	10	0	0	0	0	0	0	0	0	0
A	BL	1	68	9	1	BA1651	20724	10	0	0	0	0	0	0	0	1	0	0
A	BL	1	68	9	1	BA1651	20798	10	2	0	0	0	0	0	0	0	0	0
A	BL	1	68	9	1	BA1651	20799	2	3	0	0	0	0	0	0	0	0	0
A	BL	1	68	9	1	BA1651	20823	3	0	0	0	1	0	0	0	0	0	0
A	BL	1	68	9	1	BA1651	20833	3	0	0	0	0	0	0	0	1	0	0
A	BL	1	68	9	1	BA1651	20836	3	0	0	0	1	0	0	0	0	0	0
A	BL	1	68	9	1	BA1651	20889	3	0	0	0	0	0	0	0	1	0	0
A	BL	1	68	9	1	BA1651	20896	3	0	0	0	1	0	0	0	0	0	0
A	BL	1	68	9	1	BA1651	20905	3	0	0	0	0	0	0	0	1	0	0
A	BL	1	68	9	1	BA1651	20928	3	0	0	0	1	0	0	0	0	0	0
A	BL	1	68	9	1	BA1651	20941	3	0	0	0	0	0	0	0	1	0	0
A	BL	1	68	9	1	BA1651	20942	3	0	0	0	1	0	0	0	0	0	0
A	BL	1	68	9	1	BA1651	20957	3	0	0	0	0	0	0	0	1	0	0
A	BL	1	68	9	1	BA1651	20991	3	0	0	0	1	0	0	0	0	0	0
A	BL	1	68	9	1	BA1651	20995	3	0	0	0	0	0	0	0	1	0	0
A	BL	1	68	9	1	BA1651	21008	3	0	0	0	1	0	0	0	0	0	0
A	BL	1	68	9	1	BA1651	21021	3	0	0	0	1	0	0	0	1	0	0
A	BL	1	68	9	1	BA1651	21041	3	0	0	0	0	0	0	0	1	0	0
A	BL	1	68	9	1	BA1651	21071	3	0	0	0	1	0	0	0	0	0	0
A	BL	1	68	9	1	BA1651	21115	3	0	0	0	0	0	0	0	1	0	0
A	BL	1	68	9	1	BA1651	21122	3	0	0	0	1	0	0	0	0	0	0
A	BL	1	68	9	1	BA1651	21133	3	0	0	0	0	0	0	0	1	0	0
A	BL	1	68	9	1	BA1651	21851	3	5	1	1	0	0	0	0	0	0	0
A	BL	1	68	9	1	BA1651	21861	5	4	0	0	0	0	0	0	0	0	0
A	BL	1	68	9	1	BA1651	21979	4	0	0	0	0	0	0	1	0	0	0
A	BL	1	68	9	1	BA1651	21983	4	5	1	1	0	0	0	0	0	0	0
A	BL	1	68	9	1	BA1651	21993	5	4	0	0	0	0	0	0	0	0	0
A	BL	1	68	9	1	BA1651	22052	4	0	0	0	0	0	0	1	0	0	0
A	BL	1	68	9	1	BA1651	22104	4	5	1	1	0	0	0	0	0	0	0
A	BL	1	68	9	1	BA1651	22114	5	4	0	0	0	0	0	0	0	0	0
A	BL	1	68	9	1	BA1651	22142	4	0	0	0	0	0	0	1	0	0	0
A	BL	1	68	9	1	BA1651	22146	4	5	1	1	0	0	0	0	0	0	0
A	BL	1	68	9	1	BA1651	22156	5	4	0	0	0	0	0	0	0	0	0
A	BL	1	68	9	1	BA1651	22250	4	0	0	0	0	0	0	1	0	0	0
A	BL	1	68	9	1	BA1651	22410	4	5	1	1	0	0	0	0	0	0	0
A	BL	1	68	9	1	BA1651	22420	5	9	0	0	0	0	0	0	0	0	0
A	BL	1	68	9	1	BA1651	22430	9	10	0	0	0	0	0	0	0	0	0
A	BL	1	68	9	1	BA1651	22436	10	0	0	0	0	0	0	1	0	0	0
A	BL	1	68	9	1	BA1651	22505	10	2	0	0	0	0	0	0	0	0	0
A	BL	1	68	9	1	BA1651	22506	2	6	0	0	0	0	0	0	0	0	0
A	BL	1	68	9	1	BA1651	22696	6	8	2	0	1	0	0	0	0	0	0
A	BL	1	68	9	1	BA1651	22706	8	7	0	0	0	0	0	0	0	0	0
A	BL	1	68	9	1	BA1651	22718	7	0	0	0	0	0	0	0	1	0	0
A	BL	1	68	9	1	BA1651	22725	7	8	2	0	1	0	0	0	0	0	0
A	BL	1	68	9	1	BA1651	22727	8	0	0	0	0	0	0	0	1	0	0
A	BL	1	68	9	1	BA1651	22735	8	7	0	0	0	0	0	0	0	0	0
A	BL	1	68	9	1	BA1651	22744	7	8	2	0	1	0	0	0	0	0	0
A	BL	1	68	9	1	BA1651	22754	8	7	0	0	0	0	0	0	0	0	0
A	BL	1	68	9	1	BA1651	22756	7	0	0	0	0	0	0	0	1	0	0
A	BL	1	68	9	1	BA1651	22767	7	8	2	0	1	0	0	0	0	0	0
A	BL	1	68	9	1	BA1651	22777	8	7	0	0	0	0	0	0	0	0	0
A	BL	1	68	9	1	BA1651	22780	7	0	0	0	0	0	0	0	1	0	0
A	BL	1	68	9	1	BA1651	22786	7	8	2	0	1	0	0	0	0	0	0
A	BL	1	68	9	1	BA1651	22796	8	9	0	0	0	0	0	0	0	0	0
A	BL	1	68	9	1	BA1651	22800	9	0	0	0	0	0	0	0	1	0	0
A	BL	1	68	9	1	BA1651	22806	9	10	0	0	0	0	0	0	0	0	0
A	BL	1	68	9	1	BA1651	22881	10	2	0	0	0	0	0	0	0	0	0
A	BL	1	68	9	1	BA1651	22882	2	3	0	0	0	0	0	0	0	0	0
A	BL	1	68	9	1	BA1651	22959	3	0	0	0	1	0	0	0	0	0	0
A	BL	1	68	9	1	BA1651	22960	3	0	0	0	0	0	0	0	1	0	0
A	BL	1	68	9	1	BA1651	22967	3	0	0	0	1	0	0	0	0	0	0
A	BL	1	68	9	1	BA1651	23013	3	0	0	0	0	0	0	0	1	0	0
A	BL	1	68	9	1	BA1651	23036	3	0	0	0	1	0	0	0	0	0	0
A	BL	1	68	9	1	BA1651	23053	3	0	0	0	0	0	0	0	1	0	0
A	BL	1	68	9	1	BA1651	23058	3	0	0	0	1	0	0	0	0	0	0
A	BL	1	68	9	1	BA1651	23089	3	0	0	0	0	0	0	0	1	0	0
A	BL	1	68	9	1	BA1651	23090	3	0	0	0	1	0	0	0	0	0	0
A	BL	1	68	9	1	BA1651	23094	3	0	0	0	0	0	0	0	1	0	0
A	BL	1	68	9	1	BA1651	23102	3	0	0	0	1	0	0	0	0	0	0
A	BL	1	68	9	1	BA1651	23144	3	0	0	0	0	0	0	0	1	0	0
A	BL	1	68	9	1	BA1651	23150	3	0	0	0	1	0	0	0	0	0	0
A	BL	1	68	9	1	BA1651	23171	3	0	0	0	0	0	0	0	1	0	0
A	BL	1	68	9	1	BA1651	23192	3	0	0	0	1	0	0	0	0	0	0
A	BL	1	68	9	1	BA1651	23255	3	0	0	0	0	0	0	0	1	0	0
A	BL	1	68	9	1	BA1651	23332	3	0	0	0	1	0	0	0	0	0	0
A	BL	1	68	9	1	BA1651	23342	3	0	0	0	0	0	0	0	1	0	0
A	BL	1	68	9	1	BA1651	23582	3	5	1	1	0	0	0	0	0	0	0
A	BL	1	68	9	1	BA1651	23592	5	4	0	0	0	0	0	0	0	0	0
A	BL	1	68	9	1	BA1651	23620	4	0	0	0	0	0	0	1	0	0	0
A	BL	1	68	9	1	BA1651	23625	4	5	1	1	0	0	0	0	0	0	0
A	BL	1	68	9	1	BA1651	23635	5	4	0	0	0	0	0	0	0	0	0
A	BL	1	68	9	1	BA1651	23697	4	0	0	0	0	0	0	1	0	0	0
A	BL	1	68	9	1	BA1651	23762	4	5	1	1	0	0	0	0	0	0	0
A	BL	1	68	9	1	BA1651	23772	5	4	0	0	0	0	0	0	0	0	0
A	BL	1	68	9	1	BA1651	23944	4	0	0	0	0	0	0	1	0	0	0
A	BL	1	68	9	1	BA1651	24114	4	5	1	1	0	0	0	0	0	0	0
A	BL	1	68	9	1	BA1651	24124	5	4	0	0	0	0	0	0	0	0	0
A	BL	1	68	9	1	BA1651	24138	4	0	0	0	0	0	0	1	0	0	0
A	BL	1	68	9	1	BA1651	24141	4	5	1	1	0	0	0	0	0	0	0
A	BL	1	68	9	1	BA1651	24151	5	9	0	0	0	0	0	0	0	0	0
A	BL	1	68	9	1	BA1651	24161	9	10	0	0	0	0	0	0	0	0	0
A	BL	1	68	9	1	BA1651	24170	10	0	0	0	0	0	0	1	0	0	0
A	BL	1	68	9	1	BA1651	24236	10	2	0	0	0	0	0	0	0	0	0
A	BL	1	68	9	1	BA1651	24237	2	3	0	0	0	0	0	0	0	0	0
A	BL	1	68	9	1	BA1651	24340	3	5	1	1	0	0	0	0	0	0	0
A	BL	1	68	9	1	BA1651	24350	5	4	0	0	0	0	0	0	0	0	0
A	BL	1	68	9	1	BA1651	24373	4	0	0	0	0	0	0	1	0	0	0
A	BL	1	68	9	1	BA1651	24386	4	5	1	1	0	0	0	0	0	0	0
A	BL	1	68	9	1	BA1651	24395	5	0	0	0	0	0	0	1	0	0	0
A	BL	1	68	9	1	BA1651	24396	5	4	0	0	0	0	0	0	0	0	0
A	BL	1	68	9	1	BA1651	24403	4	5	1	1	0	0	0	0	0	0	0
A	BL	1	68	9	1	BA1651	24413	5	4	0	0	0	0	0	0	0	0	0
A	BL	1	68	9	1	BA1651	24593	4	0	0	0	0	0	0	1	0	0	0
A	BL	1	68	9	1	BA1651	24607	4	5	1	1	0	0	0	0	0	0	0
A	BL	1	68	9	1	BA1651	24617	5	4	0	0	0	0	0	0	0	0	0
A	BL	1	68	9	1	BA1651	24652	4	0	0	0	0	0	0	1	0	0	0
A	BL	1	68	9	1	BA1651	24661	4	5	1	1	0	0	0	0	0	0	0
A	BL	1	68	9	1	BA1651	24671	5	9	0	0	0	0	0	0	0	0	0
A	BL	1	68	9	1	BA1651	24681	9	-1	0	0	0	0	0	0	0	0	0
