Project	UserID	Protocol	Session	Station	Run	Subject	Time	Current State	Transition State	Transition Event	A1 - LEFT	A2 - RIGHT	A3 - 	A4 - 	A[1] LEFT	A[2] RIGHT	A[3] 	A[4] 
A	ef	3	65	9	1	BA1651	0	0	1	0	0	0	0	0	0	0	0	0
A	ef	3	65	9	1	BA1651	50	1	2	0	0	0	0	0	0	0	0	0
A	ef	3	65	9	1	BA1651	51	2	3	0	0	0	0	0	0	0	0	0
A	ef	3	65	9	1	BA1651	304	3	5	1	1	0	0	0	0	0	0	0
A	ef	3	65	9	1	BA1651	314	5	4	0	0	0	0	0	0	0	0	0
A	ef	3	65	9	1	BA1651	348	4	0	0	0	0	0	0	1	0	0	0
A	ef	3	65	9	1	BA1651	353	4	5	1	1	0	0	0	0	0	0	0
A	ef	3	65	9	1	BA1651	363	5	4	0	0	0	0	0	0	0	0	0
A	ef	3	65	9	1	BA1651	520	4	0	0	0	0	0	0	1	0	0	0
A	ef	3	65	9	1	BA1651	524	4	5	1	1	0	0	0	0	0	0	0
A	ef	3	65	9	1	BA1651	534	5	4	0	0	0	0	0	0	0	0	0
A	ef	3	65	9	1	BA1651	539	4	0	0	0	0	0	0	1	0	0	0
A	ef	3	65	9	1	BA1651	551	4	5	1	1	0	0	0	0	0	0	0
A	ef	3	65	9	1	BA1651	561	5	4	0	0	0	0	0	0	0	0	0
A	ef	3	65	9	1	BA1651	654	4	0	0	0	0	0	0	1	0	0	0
A	ef	3	65	9	1	BA1651	667	4	5	1	1	0	0	0	0	0	0	0
A	ef	3	65	9	1	BA1651	677	5	9	0	0	0	0	0	0	0	0	0
A	ef	3	65	9	1	BA1651	687	9	10	0	0	0	0	0	0	0	0	0
A	ef	3	65	9	1	BA1651	698	10	0	0	0	0	0	0	1	0	0	0
A	ef	3	65	9	1	BA1651	762	10	2	0	0	0	0	0	0	0	0	0
A	ef	3	65	9	1	BA1651	763	2	6	0	0	0	0	0	0	0	0	0
A	ef	3	65	9	1	BA1651	862	6	8	2	0	1	0	0	0	0	0	0
A	ef	3	65	9	1	BA1651	872	8	7	0	0	0	0	0	0	0	0	0
A	ef	3	65	9	1	BA1651	886	7	0	0	0	0	0	0	0	1	0	0
A	ef	3	65	9	1	BA1651	899	7	8	2	0	1	0	0	0	0	0	0
A	ef	3	65	9	1	BA1651	909	8	7	0	0	0	0	0	0	0	0	0
A	ef	3	65	9	1	BA1651	935	7	0	0	0	0	0	0	0	1	0	0
A	ef	3	65	9	1	BA1651	938	7	8	2	0	1	0	0	0	0	0	0
A	ef	3	65	9	1	BA1651	948	8	7	0	0	0	0	0	0	1	0	0
A	ef	3	65	9	1	BA1651	1047	7	8	2	0	1	0	0	0	0	0	0
A	ef	3	65	9	1	BA1651	1057	8	7	0	0	0	0	0	0	0	0	0
A	ef	3	65	9	1	BA1651	1103	7	0	0	0	0	0	0	0	1	0	0
A	ef	3	65	9	1	BA1651	1138	7	8	2	0	1	0	0	0	0	0	0
A	ef	3	65	9	1	BA1651	1148	8	9	0	0	0	0	0	0	0	0	0
A	ef	3	65	9	1	BA1651	1156	9	0	0	0	0	0	0	0	1	0	0
A	ef	3	65	9	1	BA1651	1158	9	10	0	0	0	0	0	0	0	0	0
A	ef	3	65	9	1	BA1651	1233	10	2	0	0	0	0	0	0	0	0	0
A	ef	3	65	9	1	BA1651	1234	2	6	0	0	0	0	0	0	0	0	0
A	ef	3	65	9	1	BA1651	1331	6	8	2	0	1	0	0	0	0	0	0
A	ef	3	65	9	1	BA1651	1333	8	0	0	0	0	0	0	0	1	0	0
A	ef	3	65	9	1	BA1651	1336	8	0	0	0	1	0	0	0	0	0	0
A	ef	3	65	9	1	BA1651	1339	8	0	0	0	0	0	0	0	1	0	0
A	ef	3	65	9	1	BA1651	1341	8	7	0	0	0	0	0	0	0	0	0
A	ef	3	65	9	1	BA1651	1361	7	8	2	0	1	0	0	0	0	0	0
A	ef	3	65	9	1	BA1651	1371	8	7	0	0	0	0	0	0	0	0	0
A	ef	3	65	9	1	BA1651	1376	7	0	0	0	0	0	0	0	1	0	0
A	ef	3	65	9	1	BA1651	1383	7	8	2	0	1	0	0	0	0	0	0
A	ef	3	65	9	1	BA1651	1393	8	7	0	0	0	0	0	0	0	0	0
A	ef	3	65	9	1	BA1651	1408	7	0	0	0	0	0	0	0	1	0	0
A	ef	3	65	9	1	BA1651	1510	7	8	2	0	1	0	0	0	0	0	0
A	ef	3	65	9	1	BA1651	1520	8	7	0	0	0	0	0	0	0	0	0
A	ef	3	65	9	1	BA1651	1521	7	0	0	0	0	0	0	0	1	0	0
A	ef	3	65	9	1	BA1651	1544	7	8	2	0	1	0	0	0	0	0	0
A	ef	3	65	9	1	BA1651	1552	8	0	0	0	0	0	0	0	1	0	0
A	ef	3	65	9	1	BA1651	1554	8	9	0	0	0	0	0	0	0	0	0
A	ef	3	65	9	1	BA1651	1556	9	0	0	0	1	0	0	0	0	0	0
A	ef	3	65	9	1	BA1651	1559	9	0	0	0	0	0	0	0	1	0	0
A	ef	3	65	9	1	BA1651	1564	9	10	0	0	0	0	0	0	0	0	0
A	ef	3	65	9	1	BA1651	1639	10	2	0	0	0	0	0	0	0	0	0
A	ef	3	65	9	1	BA1651	1640	2	6	0	0	0	0	0	0	0	0	0
A	ef	3	65	9	1	BA1651	2072	6	0	0	1	0	0	0	0	0	0	0
A	ef	3	65	9	1	BA1651	2107	6	0	0	0	0	0	0	1	0	0	0
A	ef	3	65	9	1	BA1651	2112	6	0	0	1	0	0	0	0	0	0	0
A	ef	3	65	9	1	BA1651	2331	6	0	0	0	0	0	0	1	0	0	0
A	ef	3	65	9	1	BA1651	2454	6	8	2	0	1	0	0	0	0	0	0
A	ef	3	65	9	1	BA1651	2464	8	7	0	0	0	0	0	0	0	0	0
A	ef	3	65	9	1	BA1651	2474	7	0	0	0	0	0	0	0	1	0	0
A	ef	3	65	9	1	BA1651	2498	7	8	2	0	1	0	0	0	0	0	0
A	ef	3	65	9	1	BA1651	2501	8	0	0	0	0	0	0	0	1	0	0
A	ef	3	65	9	1	BA1651	2508	8	7	0	0	0	0	0	0	0	0	0
A	ef	3	65	9	1	BA1651	2655	7	8	2	0	1	0	0	0	0	0	0
A	ef	3	65	9	1	BA1651	2665	8	7	0	0	0	0	0	0	0	0	0
A	ef	3	65	9	1	BA1651	2680	7	0	0	0	0	0	0	0	1	0	0
A	ef	3	65	9	1	BA1651	2695	7	8	2	0	1	0	0	0	0	0	0
A	ef	3	65	9	1	BA1651	2705	8	7	0	0	0	0	0	0	0	0	0
A	ef	3	65	9	1	BA1651	2739	7	0	0	0	0	0	0	0	1	0	0
A	ef	3	65	9	1	BA1651	2744	7	8	2	0	1	0	0	0	0	0	0
A	ef	3	65	9	1	BA1651	2754	8	9	0	0	0	0	0	0	0	0	0
A	ef	3	65	9	1	BA1651	2764	9	10	0	0	0	0	0	0	0	0	0
A	ef	3	65	9	1	BA1651	2772	10	0	0	0	0	0	0	0	1	0	0
A	ef	3	65	9	1	BA1651	2839	10	2	0	0	0	0	0	0	0	0	0
A	ef	3	65	9	1	BA1651	2840	2	3	0	0	0	0	0	0	0	0	0
A	ef	3	65	9	1	BA1651	2960	3	5	1	1	0	0	0	0	0	0	0
A	ef	3	65	9	1	BA1651	2970	5	4	0	0	0	0	0	0	0	0	0
A	ef	3	65	9	1	BA1651	3018	4	0	0	0	0	0	0	1	0	0	0
A	ef	3	65	9	1	BA1651	3025	4	5	1	1	0	0	0	0	0	0	0
A	ef	3	65	9	1	BA1651	3035	5	4	0	0	0	0	0	0	0	0	0
A	ef	3	65	9	1	BA1651	3061	4	0	0	0	0	0	0	1	0	0	0
A	ef	3	65	9	1	BA1651	3063	4	5	1	1	0	0	0	0	0	0	0
A	ef	3	65	9	1	BA1651	3073	5	4	0	0	0	0	0	0	0	0	0
A	ef	3	65	9	1	BA1651	3305	4	0	0	0	0	0	0	1	0	0	0
A	ef	3	65	9	1	BA1651	3308	4	5	1	1	0	0	0	0	0	0	0
A	ef	3	65	9	1	BA1651	3318	5	4	0	0	0	0	0	0	0	0	0
A	ef	3	65	9	1	BA1651	3320	4	0	0	0	0	0	0	1	0	0	0
A	ef	3	65	9	1	BA1651	3323	4	5	1	1	0	0	0	0	0	0	0
A	ef	3	65	9	1	BA1651	3333	5	9	0	0	0	0	0	0	0	0	0
A	ef	3	65	9	1	BA1651	3343	9	10	0	0	0	0	0	0	0	0	0
A	ef	3	65	9	1	BA1651	3347	10	0	0	0	0	0	0	1	0	0	0
A	ef	3	65	9	1	BA1651	3418	10	2	0	0	0	0	0	0	0	0	0
A	ef	3	65	9	1	BA1651	3419	2	3	0	0	0	0	0	0	0	0	0
A	ef	3	65	9	1	BA1651	3664	3	5	1	1	0	0	0	0	0	0	0
A	ef	3	65	9	1	BA1651	3674	5	4	0	0	0	0	0	0	0	0	0
A	ef	3	65	9	1	BA1651	3681	4	0	0	0	0	0	0	1	0	0	0
A	ef	3	65	9	1	BA1651	3701	4	5	1	1	0	0	0	0	0	0	0
A	ef	3	65	9	1	BA1651	3711	5	4	0	0	0	0	0	0	0	0	0
A	ef	3	65	9	1	BA1651	3737	4	0	0	0	0	0	0	1	0	0	0
A	ef	3	65	9	1	BA1651	3743	4	5	1	1	0	0	0	0	0	0	0
A	ef	3	65	9	1	BA1651	3753	5	4	0	0	0	0	0	0	0	0	0
A	ef	3	65	9	1	BA1651	3962	4	0	0	0	0	0	0	1	0	0	0
A	ef	3	65	9	1	BA1651	3968	4	5	1	1	0	0	0	0	0	0	0
A	ef	3	65	9	1	BA1651	3978	5	4	0	0	0	0	0	0	0	0	0
A	ef	3	65	9	1	BA1651	4008	4	0	0	0	0	0	0	1	0	0	0
A	ef	3	65	9	1	BA1651	4131	4	5	1	1	0	0	0	0	0	0	0
A	ef	3	65	9	1	BA1651	4141	5	9	0	0	0	0	0	0	0	0	0
A	ef	3	65	9	1	BA1651	4147	9	0	0	0	0	0	0	1	0	0	0
A	ef	3	65	9	1	BA1651	4151	9	10	0	0	0	0	0	0	0	0	0
A	ef	3	65	9	1	BA1651	4155	10	0	0	1	0	0	0	0	0	0	0
A	ef	3	65	9	1	BA1651	4156	10	0	0	0	0	0	0	1	0	0	0
A	ef	3	65	9	1	BA1651	4226	10	2	0	0	0	0	0	0	0	0	0
A	ef	3	65	9	1	BA1651	4227	2	6	0	0	0	0	0	0	0	0	0
A	ef	3	65	9	1	BA1651	4332	6	8	2	0	1	0	0	0	0	0	0
A	ef	3	65	9	1	BA1651	4337	8	0	0	0	0	0	0	0	1	0	0
A	ef	3	65	9	1	BA1651	4341	8	0	0	0	1	0	0	0	0	0	0
A	ef	3	65	9	1	BA1651	4342	8	7	0	0	0	0	0	0	0	0	0
A	ef	3	65	9	1	BA1651	4360	7	0	0	0	0	0	0	0	1	0	0
A	ef	3	65	9	1	BA1651	4379	7	8	2	0	1	0	0	0	0	0	0
A	ef	3	65	9	1	BA1651	4389	8	7	0	0	0	0	0	0	1	0	0
A	ef	3	65	9	1	BA1651	4392	7	8	2	0	1	0	0	0	0	0	0
A	ef	3	65	9	1	BA1651	4402	8	7	0	0	0	0	0	0	0	0	0
A	ef	3	65	9	1	BA1651	4403	7	0	0	0	0	0	0	0	1	0	0
A	ef	3	65	9	1	BA1651	4427	7	8	2	0	1	0	0	0	0	0	0
A	ef	3	65	9	1	BA1651	4437	8	7	0	0	0	0	0	0	0	0	0
A	ef	3	65	9	1	BA1651	4470	7	0	0	0	0	0	0	0	1	0	0
A	ef	3	65	9	1	BA1651	4477	7	8	2	0	1	0	0	0	0	0	0
A	ef	3	65	9	1	BA1651	4487	8	9	0	0	0	0	0	0	0	0	0
A	ef	3	65	9	1	BA1651	4495	9	0	0	0	0	0	0	0	1	0	0
A	ef	3	65	9	1	BA1651	4497	9	10	0	0	0	0	0	0	0	0	0
A	ef	3	65	9	1	BA1651	4572	10	2	0	0	0	0	0	0	0	0	0
A	ef	3	65	9	1	BA1651	4573	2	6	0	0	0	0	0	0	0	0	0
A	ef	3	65	9	1	BA1651	4650	6	8	2	0	1	0	0	0	0	0	0
A	ef	3	65	9	1	BA1651	4660	8	7	0	0	0	0	0	0	0	0	0
A	ef	3	65	9	1	BA1651	4670	7	0	0	0	0	0	0	0	1	0	0
A	ef	3	65	9	1	BA1651	4673	7	8	2	0	1	0	0	0	0	0	0
A	ef	3	65	9	1	BA1651	4683	8	7	0	0	0	0	0	0	0	0	0
A	ef	3	65	9	1	BA1651	4685	7	0	0	0	0	0	0	0	1	0	0
A	ef	3	65	9	1	BA1651	4689	7	8	2	0	1	0	0	0	0	0	0
A	ef	3	65	9	1	BA1651	4697	8	0	0	0	0	0	0	0	1	0	0
A	ef	3	65	9	1	BA1651	4699	8	7	0	0	0	0	0	0	0	0	0
A	ef	3	65	9	1	BA1651	4706	7	8	2	0	1	0	0	0	0	0	0
A	ef	3	65	9	1	BA1651	4716	8	7	0	0	0	0	0	0	0	0	0
A	ef	3	65	9	1	BA1651	4739	7	0	0	0	0	0	0	0	1	0	0
A	ef	3	65	9	1	BA1651	4741	7	8	2	0	1	0	0	0	0	0	0
A	ef	3	65	9	1	BA1651	4746	8	0	0	0	0	0	0	0	1	0	0
A	ef	3	65	9	1	BA1651	4747	8	0	0	0	1	0	0	0	0	0	0
A	ef	3	65	9	1	BA1651	4751	8	9	0	0	0	0	0	0	0	0	0
A	ef	3	65	9	1	BA1651	4761	9	10	0	0	0	0	0	0	0	0	0
A	ef	3	65	9	1	BA1651	4767	10	0	0	0	0	0	0	0	1	0	0
A	ef	3	65	9	1	BA1651	4836	10	2	0	0	0	0	0	0	0	0	0
A	ef	3	65	9	1	BA1651	4837	2	6	0	0	0	0	0	0	0	0	0
A	ef	3	65	9	1	BA1651	5017	6	8	2	0	1	0	0	0	0	0	0
A	ef	3	65	9	1	BA1651	5021	8	0	0	0	0	0	0	0	1	0	0
A	ef	3	65	9	1	BA1651	5027	8	7	0	0	1	0	0	0	0	0	0
A	ef	3	65	9	1	BA1651	5036	7	0	0	0	0	0	0	0	1	0	0
A	ef	3	65	9	1	BA1651	5050	7	8	2	0	1	0	0	0	0	0	0
A	ef	3	65	9	1	BA1651	5060	8	7	0	0	0	0	0	0	0	0	0
A	ef	3	65	9	1	BA1651	5064	7	0	0	0	0	0	0	0	1	0	0
A	ef	3	65	9	1	BA1651	5076	7	8	2	0	1	0	0	0	0	0	0
A	ef	3	65	9	1	BA1651	5086	8	7	0	0	0	0	0	0	0	0	0
A	ef	3	65	9	1	BA1651	5145	7	0	0	0	0	0	0	0	1	0	0
A	ef	3	65	9	1	BA1651	5146	7	8	2	0	1	0	0	0	0	0	0
A	ef	3	65	9	1	BA1651	5156	8	7	0	0	0	0	0	0	0	0	0
A	ef	3	65	9	1	BA1651	5175	7	0	0	0	0	0	0	0	1	0	0
A	ef	3	65	9	1	BA1651	5182	7	8	2	0	1	0	0	0	0	0	0
A	ef	3	65	9	1	BA1651	5192	8	9	0	0	0	0	0	0	0	0	0
A	ef	3	65	9	1	BA1651	5196	9	0	0	0	0	0	0	0	1	0	0
A	ef	3	65	9	1	BA1651	5202	9	10	0	0	0	0	0	0	0	0	0
A	ef	3	65	9	1	BA1651	5277	10	2	0	0	0	0	0	0	0	0	0
A	ef	3	65	9	1	BA1651	5278	2	3	0	0	0	0	0	0	0	0	0
A	ef	3	65	9	1	BA1651	5554	3	5	1	1	0	0	0	0	0	0	0
A	ef	3	65	9	1	BA1651	5564	5	4	0	0	0	0	0	0	0	0	0
A	ef	3	65	9	1	BA1651	5642	4	0	0	0	0	0	0	1	0	0	0
A	ef	3	65	9	1	BA1651	5644	4	5	1	1	0	0	0	0	0	0	0
A	ef	3	65	9	1	BA1651	5654	5	4	0	0	0	0	0	0	0	0	0
A	ef	3	65	9	1	BA1651	5673	4	0	0	0	0	0	0	1	0	0	0
A	ef	3	65	9	1	BA1651	5687	4	5	1	1	0	0	0	0	0	0	0
A	ef	3	65	9	1	BA1651	5697	5	4	0	0	0	0	0	0	0	0	0
A	ef	3	65	9	1	BA1651	5746	4	0	0	0	0	0	0	1	0	0	0
A	ef	3	65	9	1	BA1651	5760	4	5	1	1	0	0	0	0	0	0	0
A	ef	3	65	9	1	BA1651	5770	5	4	0	0	0	0	0	0	0	0	0
A	ef	3	65	9	1	BA1651	5786	4	0	0	0	0	0	0	1	0	0	0
A	ef	3	65	9	1	BA1651	5792	4	5	1	1	0	0	0	0	0	0	0
A	ef	3	65	9	1	BA1651	5802	5	9	0	0	0	0	0	0	0	0	0
A	ef	3	65	9	1	BA1651	5812	9	10	0	0	0	0	0	0	0	0	0
A	ef	3	65	9	1	BA1651	5821	10	0	0	0	0	0	0	1	0	0	0
A	ef	3	65	9	1	BA1651	5887	10	2	0	0	0	0	0	0	0	0	0
A	ef	3	65	9	1	BA1651	5888	2	6	0	0	0	0	0	0	0	0	0
A	ef	3	65	9	1	BA1651	5965	6	8	2	0	1	0	0	0	0	0	0
A	ef	3	65	9	1	BA1651	5974	8	0	0	0	0	0	0	0	1	0	0
A	ef	3	65	9	1	BA1651	5975	8	7	0	0	0	0	0	0	0	0	0
A	ef	3	65	9	1	BA1651	5976	7	8	2	0	1	0	0	0	0	0	0
A	ef	3	65	9	1	BA1651	5978	8	0	0	0	0	0	0	0	1	0	0
A	ef	3	65	9	1	BA1651	5982	8	0	0	0	1	0	0	0	0	0	0
A	ef	3	65	9	1	BA1651	5986	8	7	0	0	0	0	0	0	0	0	0
A	ef	3	65	9	1	BA1651	5987	7	0	0	0	0	0	0	0	1	0	0
A	ef	3	65	9	1	BA1651	5991	7	8	2	0	1	0	0	0	0	0	0
A	ef	3	65	9	1	BA1651	5995	8	0	0	0	0	0	0	0	1	0	0
A	ef	3	65	9	1	BA1651	6001	8	7	0	0	0	0	0	0	0	0	0
A	ef	3	65	9	1	BA1651	6003	7	8	2	0	1	0	0	0	0	0	0
A	ef	3	65	9	1	BA1651	6005	8	0	0	0	1	0	0	0	1	0	0
A	ef	3	65	9	1	BA1651	6013	8	7	0	0	0	0	0	0	0	0	0
A	ef	3	65	9	1	BA1651	6027	7	0	0	0	0	0	0	0	1	0	0
A	ef	3	65	9	1	BA1651	6032	7	8	2	0	1	0	0	0	0	0	0
A	ef	3	65	9	1	BA1651	6040	8	0	0	0	0	0	0	0	1	0	0
A	ef	3	65	9	1	BA1651	6042	8	9	0	0	0	0	0	0	0	0	0
A	ef	3	65	9	1	BA1651	6048	9	0	0	0	1	0	0	0	0	0	0
A	ef	3	65	9	1	BA1651	6052	9	10	0	0	0	0	0	0	0	0	0
A	ef	3	65	9	1	BA1651	6057	10	0	0	0	0	0	0	0	1	0	0
A	ef	3	65	9	1	BA1651	6127	10	2	0	0	0	0	0	0	0	0	0
A	ef	3	65	9	1	BA1651	6128	2	3	0	0	0	0	0	0	0	0	0
A	ef	3	65	9	1	BA1651	6169	3	0	0	0	1	0	0	0	0	0	0
A	ef	3	65	9	1	BA1651	6180	3	0	0	0	0	0	0	0	1	0	0
A	ef	3	65	9	1	BA1651	6182	3	0	0	0	1	0	0	0	0	0	0
A	ef	3	65	9	1	BA1651	6193	3	0	0	0	0	0	0	0	1	0	0
A	ef	3	65	9	1	BA1651	6211	3	0	0	0	1	0	0	0	0	0	0
A	ef	3	65	9	1	BA1651	6241	3	0	0	0	0	0	0	0	1	0	0
A	ef	3	65	9	1	BA1651	6246	3	0	0	0	1	0	0	0	0	0	0
A	ef	3	65	9	1	BA1651	6255	3	0	0	0	0	0	0	0	1	0	0
A	ef	3	65	9	1	BA1651	6270	3	0	0	0	1	0	0	0	0	0	0
A	ef	3	65	9	1	BA1651	6292	3	0	0	0	0	0	0	0	1	0	0
A	ef	3	65	9	1	BA1651	6389	3	5	1	1	0	0	0	0	0	0	0
A	ef	3	65	9	1	BA1651	6399	5	4	0	0	0	0	0	0	0	0	0
A	ef	3	65	9	1	BA1651	6433	4	0	0	0	0	0	0	1	0	0	0
A	ef	3	65	9	1	BA1651	6442	4	5	1	1	0	0	0	0	0	0	0
A	ef	3	65	9	1	BA1651	6452	5	4	0	0	0	0	0	0	0	0	0
A	ef	3	65	9	1	BA1651	6535	4	0	0	0	0	0	0	1	0	0	0
A	ef	3	65	9	1	BA1651	6570	4	5	1	1	0	0	0	0	0	0	0
A	ef	3	65	9	1	BA1651	6580	5	4	0	0	0	0	0	0	0	0	0
A	ef	3	65	9	1	BA1651	6614	4	0	0	0	0	0	0	1	0	0	0
A	ef	3	65	9	1	BA1651	6623	4	5	1	1	0	0	0	0	0	0	0
A	ef	3	65	9	1	BA1651	6633	5	4	0	0	0	0	0	0	0	0	0
A	ef	3	65	9	1	BA1651	6671	4	0	0	0	0	0	0	1	0	0	0
A	ef	3	65	9	1	BA1651	6715	4	5	1	1	0	0	0	0	0	0	0
A	ef	3	65	9	1	BA1651	6723	5	0	0	0	0	0	0	1	0	0	0
A	ef	3	65	9	1	BA1651	6725	5	9	0	0	0	0	0	0	0	0	0
A	ef	3	65	9	1	BA1651	6735	9	10	0	0	0	0	0	0	0	0	0
A	ef	3	65	9	1	BA1651	6810	10	2	0	0	0	0	0	0	0	0	0
A	ef	3	65	9	1	BA1651	6811	2	3	0	0	0	0	0	0	0	0	0
A	ef	3	65	9	1	BA1651	7042	3	5	1	1	0	0	0	0	0	0	0
A	ef	3	65	9	1	BA1651	7052	5	4	0	0	0	0	0	0	0	0	0
A	ef	3	65	9	1	BA1651	7058	4	0	0	0	0	0	0	1	0	0	0
A	ef	3	65	9	1	BA1651	7260	4	5	1	1	0	0	0	0	0	0	0
A	ef	3	65	9	1	BA1651	7270	5	4	0	0	0	0	0	0	0	0	0
A	ef	3	65	9	1	BA1651	7286	4	0	0	0	0	0	0	1	0	0	0
A	ef	3	65	9	1	BA1651	7657	4	5	1	1	0	0	0	0	0	0	0
A	ef	3	65	9	1	BA1651	7667	5	4	0	0	0	0	0	0	0	0	0
A	ef	3	65	9	1	BA1651	7671	4	0	0	0	0	0	0	1	0	0	0
A	ef	3	65	9	1	BA1651	7676	4	5	1	1	0	0	0	0	0	0	0
A	ef	3	65	9	1	BA1651	7686	5	4	0	0	0	0	0	0	0	0	0
A	ef	3	65	9	1	BA1651	7693	4	0	0	0	0	0	0	1	0	0	0
A	ef	3	65	9	1	BA1651	8048	4	5	1	1	0	0	0	0	0	0	0
A	ef	3	65	9	1	BA1651	8055	5	0	0	0	0	0	0	1	0	0	0
A	ef	3	65	9	1	BA1651	8058	5	9	0	0	0	0	0	0	0	0	0
A	ef	3	65	9	1	BA1651	8062	9	0	0	1	0	0	0	0	0	0	0
A	ef	3	65	9	1	BA1651	8068	9	10	0	0	0	0	0	0	0	0	0
A	ef	3	65	9	1	BA1651	8071	10	0	0	0	0	0	0	1	0	0	0
A	ef	3	65	9	1	BA1651	8143	10	2	0	0	0	0	0	0	0	0	0
A	ef	3	65	9	1	BA1651	8144	2	3	0	0	0	0	0	0	0	0	0
A	ef	3	65	9	1	BA1651	8264	3	5	1	1	0	0	0	0	0	0	0
A	ef	3	65	9	1	BA1651	8274	5	4	0	0	0	0	0	0	0	0	0
A	ef	3	65	9	1	BA1651	8276	4	0	0	0	0	0	0	1	0	0	0
A	ef	3	65	9	1	BA1651	8381	4	5	1	1	0	0	0	0	0	0	0
A	ef	3	65	9	1	BA1651	8391	5	4	0	0	0	0	0	0	0	0	0
A	ef	3	65	9	1	BA1651	8406	4	0	0	0	0	0	0	1	0	0	0
A	ef	3	65	9	1	BA1651	8411	4	5	1	1	0	0	0	0	0	0	0
A	ef	3	65	9	1	BA1651	8421	5	4	0	0	0	0	0	0	0	0	0
A	ef	3	65	9	1	BA1651	8450	4	0	0	0	0	0	0	1	0	0	0
A	ef	3	65	9	1	BA1651	8463	4	5	1	1	0	0	0	0	0	0	0
A	ef	3	65	9	1	BA1651	8473	5	4	0	0	0	0	0	0	0	0	0
A	ef	3	65	9	1	BA1651	8488	4	0	0	0	0	0	0	1	0	0	0
A	ef	3	65	9	1	BA1651	8493	4	5	1	1	0	0	0	0	0	0	0
A	ef	3	65	9	1	BA1651	8503	5	9	0	0	0	0	0	0	0	0	0
A	ef	3	65	9	1	BA1651	8513	9	10	0	0	0	0	0	0	0	0	0
A	ef	3	65	9	1	BA1651	8525	10	0	0	0	0	0	0	1	0	0	0
A	ef	3	65	9	1	BA1651	8588	10	2	0	0	0	0	0	0	0	0	0
A	ef	3	65	9	1	BA1651	8589	2	6	0	0	0	0	0	0	0	0	0
A	ef	3	65	9	1	BA1651	8662	6	8	2	0	1	0	0	0	0	0	0
A	ef	3	65	9	1	BA1651	8672	8	7	0	0	0	0	0	0	0	0	0
A	ef	3	65	9	1	BA1651	8707	7	0	0	0	0	0	0	0	1	0	0
A	ef	3	65	9	1	BA1651	8715	7	8	2	0	1	0	0	0	0	0	0
A	ef	3	65	9	1	BA1651	8725	8	7	0	0	0	0	0	0	0	0	0
A	ef	3	65	9	1	BA1651	8728	7	0	0	0	0	0	0	0	1	0	0
A	ef	3	65	9	1	BA1651	8749	7	8	2	0	1	0	0	0	0	0	0
A	ef	3	65	9	1	BA1651	8759	8	7	0	0	0	0	0	0	0	0	0
A	ef	3	65	9	1	BA1651	8772	7	0	0	0	0	0	0	0	1	0	0
A	ef	3	65	9	1	BA1651	8777	7	8	2	0	1	0	0	0	0	0	0
A	ef	3	65	9	1	BA1651	8782	8	0	0	0	0	0	0	0	1	0	0
A	ef	3	65	9	1	BA1651	8786	8	0	0	0	1	0	0	0	0	0	0
A	ef	3	65	9	1	BA1651	8787	8	7	0	0	0	0	0	0	0	0	0
A	ef	3	65	9	1	BA1651	8793	7	0	0	0	0	0	0	0	1	0	0
A	ef	3	65	9	1	BA1651	8797	7	8	2	0	1	0	0	0	0	0	0
A	ef	3	65	9	1	BA1651	8807	8	9	0	0	0	0	0	0	0	0	0
A	ef	3	65	9	1	BA1651	8817	9	10	0	0	0	0	0	0	1	0	0
A	ef	3	65	9	1	BA1651	8892	10	2	0	0	0	0	0	0	0	0	0
A	ef	3	65	9	1	BA1651	8893	2	6	0	0	0	0	0	0	0	0	0
A	ef	3	65	9	1	BA1651	8919	6	8	2	0	1	0	0	0	0	0	0
A	ef	3	65	9	1	BA1651	8929	8	7	0	0	0	0	0	0	0	0	0
A	ef	3	65	9	1	BA1651	8932	7	0	0	0	0	0	0	0	1	0	0
A	ef	3	65	9	1	BA1651	8936	7	8	2	0	1	0	0	0	0	0	0
A	ef	3	65	9	1	BA1651	8946	8	7	0	0	0	0	0	0	0	0	0
A	ef	3	65	9	1	BA1651	8995	7	0	0	0	0	0	0	0	1	0	0
A	ef	3	65	9	1	BA1651	9001	7	8	2	0	1	0	0	0	0	0	0
A	ef	3	65	9	1	BA1651	9006	8	0	0	0	0	0	0	0	1	0	0
A	ef	3	65	9	1	BA1651	9011	8	7	0	0	1	0	0	0	0	0	0
A	ef	3	65	9	1	BA1651	9028	7	0	0	0	0	0	0	0	1	0	0
A	ef	3	65	9	1	BA1651	9038	7	8	2	0	1	0	0	0	0	0	0
A	ef	3	65	9	1	BA1651	9048	8	7	0	0	0	0	0	0	1	0	0
A	ef	3	65	9	1	BA1651	9052	7	8	2	0	1	0	0	0	0	0	0
A	ef	3	65	9	1	BA1651	9062	8	9	0	0	0	0	0	0	0	0	0
A	ef	3	65	9	1	BA1651	9072	9	10	0	0	0	0	0	0	0	0	0
A	ef	3	65	9	1	BA1651	9076	10	0	0	0	0	0	0	0	1	0	0
A	ef	3	65	9	1	BA1651	9147	10	2	0	0	0	0	0	0	0	0	0
A	ef	3	65	9	1	BA1651	9148	2	6	0	0	0	0	0	0	0	0	0
A	ef	3	65	9	1	BA1651	9206	6	8	2	0	1	0	0	0	0	0	0
A	ef	3	65	9	1	BA1651	9216	8	7	0	0	0	0	0	0	0	0	0
A	ef	3	65	9	1	BA1651	9231	7	0	0	0	0	0	0	0	1	0	0
A	ef	3	65	9	1	BA1651	9235	7	8	2	0	1	0	0	0	0	0	0
A	ef	3	65	9	1	BA1651	9238	8	0	0	0	0	0	0	0	1	0	0
A	ef	3	65	9	1	BA1651	9245	8	7	0	0	0	0	0	0	0	0	0
A	ef	3	65	9	1	BA1651	9246	7	8	2	0	1	0	0	0	0	0	0
A	ef	3	65	9	1	BA1651	9256	8	7	0	0	0	0	0	0	0	0	0
A	ef	3	65	9	1	BA1651	9288	7	0	0	0	0	0	0	0	1	0	0
A	ef	3	65	9	1	BA1651	9296	7	8	2	0	1	0	0	0	0	0	0
A	ef	3	65	9	1	BA1651	9306	8	7	0	0	0	0	0	0	0	0	0
A	ef	3	65	9	1	BA1651	9329	7	0	0	0	0	0	0	0	1	0	0
A	ef	3	65	9	1	BA1651	9336	7	8	2	0	1	0	0	0	0	0	0
A	ef	3	65	9	1	BA1651	9346	8	9	0	0	0	0	0	0	0	0	0
A	ef	3	65	9	1	BA1651	9356	9	10	0	0	0	0	0	0	0	0	0
A	ef	3	65	9	1	BA1651	9374	10	0	0	0	0	0	0	0	1	0	0
A	ef	3	65	9	1	BA1651	9431	10	2	0	0	0	0	0	0	0	0	0
A	ef	3	65	9	1	BA1651	9432	2	3	0	0	0	0	0	0	0	0	0
A	ef	3	65	9	1	BA1651	9474	3	0	0	0	1	0	0	0	0	0	0
A	ef	3	65	9	1	BA1651	9541	3	0	0	0	0	0	0	0	1	0	0
A	ef	3	65	9	1	BA1651	9542	3	0	0	0	1	0	0	0	0	0	0
A	ef	3	65	9	1	BA1651	9579	3	0	0	0	0	0	0	0	1	0	0
A	ef	3	65	9	1	BA1651	9628	3	0	0	0	1	0	0	0	0	0	0
A	ef	3	65	9	1	BA1651	9629	3	0	0	0	0	0	0	0	1	0	0
A	ef	3	65	9	1	BA1651	9643	3	0	0	0	1	0	0	0	0	0	0
A	ef	3	65	9	1	BA1651	9698	3	0	0	0	0	0	0	0	1	0	0
A	ef	3	65	9	1	BA1651	9718	3	0	0	0	1	0	0	0	0	0	0
A	ef	3	65	9	1	BA1651	9730	3	0	0	0	0	0	0	0	1	0	0
A	ef	3	65	9	1	BA1651	9748	3	0	0	0	1	0	0	0	0	0	0
A	ef	3	65	9	1	BA1651	9749	3	0	0	0	0	0	0	0	1	0	0
A	ef	3	65	9	1	BA1651	9830	3	5	1	1	0	0	0	0	0	0	0
A	ef	3	65	9	1	BA1651	9840	5	4	0	0	0	0	0	0	0	0	0
A	ef	3	65	9	1	BA1651	9848	4	0	0	0	0	0	0	1	0	0	0
A	ef	3	65	9	1	BA1651	9957	4	5	1	1	0	0	0	0	0	0	0
A	ef	3	65	9	1	BA1651	9967	5	4	0	0	0	0	0	0	0	0	0
A	ef	3	65	9	1	BA1651	10020	4	0	0	0	0	0	0	1	0	0	0
A	ef	3	65	9	1	BA1651	10034	4	5	1	1	0	0	0	0	0	0	0
A	ef	3	65	9	1	BA1651	10044	5	4	0	0	0	0	0	0	0	0	0
A	ef	3	65	9	1	BA1651	10078	4	0	0	0	0	0	0	1	0	0	0
A	ef	3	65	9	1	BA1651	10082	4	5	1	1	0	0	0	0	0	0	0
A	ef	3	65	9	1	BA1651	10092	5	4	0	0	0	0	0	0	0	0	0
A	ef	3	65	9	1	BA1651	10116	4	0	0	0	0	0	0	1	0	0	0
A	ef	3	65	9	1	BA1651	10118	4	5	1	1	0	0	0	0	0	0	0
A	ef	3	65	9	1	BA1651	10128	5	9	0	0	0	0	0	0	0	0	0
A	ef	3	65	9	1	BA1651	10138	9	10	0	0	0	0	0	0	0	0	0
A	ef	3	65	9	1	BA1651	10154	10	0	0	0	0	0	0	1	0	0	0
A	ef	3	65	9	1	BA1651	10213	10	2	0	0	0	0	0	0	0	0	0
A	ef	3	65	9	1	BA1651	10214	2	3	0	0	0	0	0	0	0	0	0
A	ef	3	65	9	1	BA1651	10296	3	5	1	1	0	0	0	0	0	0	0
A	ef	3	65	9	1	BA1651	10306	5	4	0	0	0	0	0	0	0	0	0
A	ef	3	65	9	1	BA1651	10365	4	0	0	0	0	0	0	1	0	0	0
A	ef	3	65	9	1	BA1651	10513	4	5	1	1	0	0	0	0	0	0	0
A	ef	3	65	9	1	BA1651	10523	5	4	0	0	0	0	0	0	0	0	0
A	ef	3	65	9	1	BA1651	10573	4	0	0	0	0	0	0	1	0	0	0
A	ef	3	65	9	1	BA1651	10630	4	5	1	1	0	0	0	0	0	0	0
A	ef	3	65	9	1	BA1651	10640	5	4	0	0	0	0	0	0	0	0	0
A	ef	3	65	9	1	BA1651	10643	4	0	0	0	0	0	0	1	0	0	0
A	ef	3	65	9	1	BA1651	10685	4	5	1	1	0	0	0	0	0	0	0
A	ef	3	65	9	1	BA1651	10695	5	4	0	0	0	0	0	0	0	0	0
A	ef	3	65	9	1	BA1651	10702	4	0	0	0	0	0	0	1	0	0	0
A	ef	3	65	9	1	BA1651	10786	4	5	1	1	0	0	0	0	0	0	0
A	ef	3	65	9	1	BA1651	10796	5	9	0	0	0	0	0	0	0	0	0
A	ef	3	65	9	1	BA1651	10806	9	10	0	0	0	0	0	0	0	0	0
A	ef	3	65	9	1	BA1651	10808	10	0	0	0	0	0	0	1	0	0	0
A	ef	3	65	9	1	BA1651	10881	10	2	0	0	0	0	0	0	0	0	0
A	ef	3	65	9	1	BA1651	10882	2	3	0	0	0	0	0	0	0	0	0
A	ef	3	65	9	1	BA1651	11008	3	5	1	1	0	0	0	0	0	0	0
A	ef	3	65	9	1	BA1651	11017	5	0	0	0	0	0	0	1	0	0	0
A	ef	3	65	9	1	BA1651	11018	5	4	0	0	0	0	0	0	0	0	0
A	ef	3	65	9	1	BA1651	11020	4	5	1	1	0	0	0	0	0	0	0
A	ef	3	65	9	1	BA1651	11030	5	4	0	0	0	0	0	0	0	0	0
A	ef	3	65	9	1	BA1651	11043	4	0	0	0	0	0	0	1	0	0	0
A	ef	3	65	9	1	BA1651	11047	4	5	1	1	0	0	0	0	0	0	0
A	ef	3	65	9	1	BA1651	11057	5	4	0	0	0	0	0	0	0	0	0
A	ef	3	65	9	1	BA1651	11088	4	0	0	0	0	0	0	1	0	0	0
A	ef	3	65	9	1	BA1651	11109	4	5	1	1	0	0	0	0	0	0	0
A	ef	3	65	9	1	BA1651	11119	5	4	0	0	0	0	0	0	0	0	0
A	ef	3	65	9	1	BA1651	11132	4	0	0	0	0	0	0	1	0	0	0
A	ef	3	65	9	1	BA1651	11147	4	5	1	1	0	0	0	0	0	0	0
A	ef	3	65	9	1	BA1651	11157	5	9	0	0	0	0	0	0	0	0	0
A	ef	3	65	9	1	BA1651	11167	9	10	0	0	0	0	0	0	0	0	0
A	ef	3	65	9	1	BA1651	11173	10	0	0	0	0	0	0	1	0	0	0
A	ef	3	65	9	1	BA1651	11242	10	2	0	0	0	0	0	0	0	0	0
A	ef	3	65	9	1	BA1651	11243	2	6	0	0	0	0	0	0	0	0	0
A	ef	3	65	9	1	BA1651	11313	6	8	2	0	1	0	0	0	0	0	0
A	ef	3	65	9	1	BA1651	11323	8	7	0	0	0	0	0	0	0	0	0
A	ef	3	65	9	1	BA1651	11328	7	0	0	0	0	0	0	0	1	0	0
A	ef	3	65	9	1	BA1651	11332	7	8	2	0	1	0	0	0	0	0	0
A	ef	3	65	9	1	BA1651	11342	8	7	0	0	0	0	0	0	0	0	0
A	ef	3	65	9	1	BA1651	11371	7	0	0	0	0	0	0	0	1	0	0
A	ef	3	65	9	1	BA1651	11379	7	8	2	0	1	0	0	0	0	0	0
A	ef	3	65	9	1	BA1651	11389	8	7	0	0	0	0	0	0	0	0	0
A	ef	3	65	9	1	BA1651	11416	7	0	0	0	0	0	0	0	1	0	0
A	ef	3	65	9	1	BA1651	11445	7	8	2	0	1	0	0	0	0	0	0
A	ef	3	65	9	1	BA1651	11455	8	7	0	0	0	0	0	0	0	0	0
A	ef	3	65	9	1	BA1651	11484	7	0	0	0	0	0	0	0	1	0	0
A	ef	3	65	9	1	BA1651	11491	7	8	2	0	1	0	0	0	0	0	0
A	ef	3	65	9	1	BA1651	11501	8	9	0	0	0	0	0	0	0	0	0
A	ef	3	65	9	1	BA1651	11511	9	10	0	0	0	0	0	0	0	0	0
A	ef	3	65	9	1	BA1651	11512	10	0	0	0	0	0	0	0	1	0	0
A	ef	3	65	9	1	BA1651	11586	10	2	0	0	0	0	0	0	0	0	0
A	ef	3	65	9	1	BA1651	11587	2	6	0	0	0	0	0	0	0	0	0
A	ef	3	65	9	1	BA1651	11623	6	8	2	0	1	0	0	0	0	0	0
A	ef	3	65	9	1	BA1651	11633	8	7	0	0	0	0	0	0	0	0	0
A	ef	3	65	9	1	BA1651	11657	7	0	0	0	0	0	0	0	1	0	0
A	ef	3	65	9	1	BA1651	11662	7	8	2	0	1	0	0	0	0	0	0
A	ef	3	65	9	1	BA1651	11672	8	7	0	0	0	0	0	0	0	0	0
A	ef	3	65	9	1	BA1651	11709	7	0	0	0	0	0	0	0	1	0	0
A	ef	3	65	9	1	BA1651	11716	7	8	2	0	1	0	0	0	0	0	0
A	ef	3	65	9	1	BA1651	11726	8	7	0	0	0	0	0	0	0	0	0
A	ef	3	65	9	1	BA1651	11747	7	0	0	0	0	0	0	0	1	0	0
A	ef	3	65	9	1	BA1651	11751	7	8	2	0	1	0	0	0	0	0	0
A	ef	3	65	9	1	BA1651	11761	8	7	0	0	0	0	0	0	0	0	0
A	ef	3	65	9	1	BA1651	11790	7	0	0	0	0	0	0	0	1	0	0
A	ef	3	65	9	1	BA1651	11794	7	8	2	0	1	0	0	0	0	0	0
A	ef	3	65	9	1	BA1651	11804	8	9	0	0	0	0	0	0	0	0	0
A	ef	3	65	9	1	BA1651	11814	9	10	0	0	0	0	0	0	1	0	0
A	ef	3	65	9	1	BA1651	11889	10	2	0	0	0	0	0	0	0	0	0
A	ef	3	65	9	1	BA1651	11890	2	3	0	0	0	0	0	0	0	0	0
A	ef	3	65	9	1	BA1651	11906	3	0	0	0	1	0	0	0	0	0	0
A	ef	3	65	9	1	BA1651	12023	3	0	0	0	0	0	0	0	1	0	0
A	ef	3	65	9	1	BA1651	12271	3	5	1	1	0	0	0	0	0	0	0
A	ef	3	65	9	1	BA1651	12281	5	4	0	0	0	0	0	0	0	0	0
A	ef	3	65	9	1	BA1651	12319	4	5	1	1	0	0	0	1	0	0	0
A	ef	3	65	9	1	BA1651	12329	5	4	0	0	0	0	0	0	0	0	0
A	ef	3	65	9	1	BA1651	12337	4	0	0	0	0	0	0	1	0	0	0
A	ef	3	65	9	1	BA1651	12339	4	5	1	1	0	0	0	0	0	0	0
A	ef	3	65	9	1	BA1651	12349	5	4	0	0	0	0	0	0	0	0	0
A	ef	3	65	9	1	BA1651	12391	4	0	0	0	0	0	0	1	0	0	0
A	ef	3	65	9	1	BA1651	12394	4	5	1	1	0	0	0	0	0	0	0
A	ef	3	65	9	1	BA1651	12404	5	4	0	0	0	0	0	0	0	0	0
A	ef	3	65	9	1	BA1651	12529	4	0	0	0	0	0	0	1	0	0	0
A	ef	3	65	9	1	BA1651	12537	4	5	1	1	0	0	0	0	0	0	0
A	ef	3	65	9	1	BA1651	12547	5	9	0	0	0	0	0	0	0	0	0
A	ef	3	65	9	1	BA1651	12557	9	10	0	0	0	0	0	0	0	0	0
A	ef	3	65	9	1	BA1651	12567	10	0	0	0	0	0	0	1	0	0	0
A	ef	3	65	9	1	BA1651	12632	10	2	0	0	0	0	0	0	0	0	0
A	ef	3	65	9	1	BA1651	12633	2	6	0	0	0	0	0	0	0	0	0
A	ef	3	65	9	1	BA1651	12660	6	8	2	0	1	0	0	0	0	0	0
A	ef	3	65	9	1	BA1651	12662	8	0	0	0	0	0	0	0	1	0	0
A	ef	3	65	9	1	BA1651	12666	8	0	0	0	1	0	0	0	0	0	0
A	ef	3	65	9	1	BA1651	12670	8	7	0	0	0	0	0	0	0	0	0
A	ef	3	65	9	1	BA1651	12691	7	0	0	0	0	0	0	0	1	0	0
A	ef	3	65	9	1	BA1651	12697	7	8	2	0	1	0	0	0	0	0	0
A	ef	3	65	9	1	BA1651	12707	8	7	0	0	0	0	0	0	0	0	0
A	ef	3	65	9	1	BA1651	12712	7	0	0	0	0	0	0	0	1	0	0
A	ef	3	65	9	1	BA1651	12716	7	8	2	0	1	0	0	0	0	0	0
A	ef	3	65	9	1	BA1651	12720	8	0	0	0	0	0	0	0	1	0	0
A	ef	3	65	9	1	BA1651	12726	8	7	0	0	0	0	0	0	0	0	0
A	ef	3	65	9	1	BA1651	12732	7	8	2	0	1	0	0	0	0	0	0
A	ef	3	65	9	1	BA1651	12738	8	0	0	0	0	0	0	0	1	0	0
A	ef	3	65	9	1	BA1651	12742	8	7	0	0	0	0	0	0	0	0	0
A	ef	3	65	9	1	BA1651	12744	7	8	2	0	1	0	0	0	0	0	0
A	ef	3	65	9	1	BA1651	12754	8	9	0	0	0	0	0	0	0	0	0
A	ef	3	65	9	1	BA1651	12755	9	0	0	0	0	0	0	0	1	0	0
A	ef	3	65	9	1	BA1651	12764	9	10	0	0	0	0	0	0	0	0	0
A	ef	3	65	9	1	BA1651	12768	10	0	0	0	1	0	0	0	0	0	0
A	ef	3	65	9	1	BA1651	12770	10	0	0	0	0	0	0	0	1	0	0
A	ef	3	65	9	1	BA1651	12839	10	2	0	0	0	0	0	0	0	0	0
A	ef	3	65	9	1	BA1651	12840	2	3	0	0	0	0	0	0	0	0	0
A	ef	3	65	9	1	BA1651	13098	3	5	1	1	0	0	0	0	0	0	0
A	ef	3	65	9	1	BA1651	13108	5	4	0	0	0	0	0	0	0	0	0
A	ef	3	65	9	1	BA1651	13125	4	0	0	0	0	0	0	1	0	0	0
A	ef	3	65	9	1	BA1651	13139	4	5	1	1	0	0	0	0	0	0	0
A	ef	3	65	9	1	BA1651	13149	5	4	0	0	0	0	0	0	0	0	0
A	ef	3	65	9	1	BA1651	13208	4	0	0	0	0	0	0	1	0	0	0
A	ef	3	65	9	1	BA1651	13213	4	5	1	1	0	0	0	0	0	0	0
A	ef	3	65	9	1	BA1651	13223	5	4	0	0	0	0	0	0	0	0	0
A	ef	3	65	9	1	BA1651	13248	4	0	0	0	0	0	0	1	0	0	0
A	ef	3	65	9	1	BA1651	13260	4	5	1	1	0	0	0	0	0	0	0
A	ef	3	65	9	1	BA1651	13270	5	4	0	0	0	0	0	0	0	0	0
A	ef	3	65	9	1	BA1651	13344	4	0	0	0	0	0	0	1	0	0	0
A	ef	3	65	9	1	BA1651	13402	4	5	1	1	0	0	0	0	0	0	0
A	ef	3	65	9	1	BA1651	13412	5	9	0	0	0	0	0	0	0	0	0
A	ef	3	65	9	1	BA1651	13422	9	10	0	0	0	0	0	0	0	0	0
A	ef	3	65	9	1	BA1651	13427	10	0	0	0	0	0	0	1	0	0	0
A	ef	3	65	9	1	BA1651	13497	10	2	0	0	0	0	0	0	0	0	0
A	ef	3	65	9	1	BA1651	13498	2	6	0	0	0	0	0	0	0	0	0
A	ef	3	65	9	1	BA1651	13586	6	8	2	0	1	0	0	0	0	0	0
A	ef	3	65	9	1	BA1651	13587	8	0	0	0	0	0	0	0	1	0	0
A	ef	3	65	9	1	BA1651	13596	8	7	0	0	1	0	0	0	0	0	0
A	ef	3	65	9	1	BA1651	13635	7	0	0	0	0	0	0	0	1	0	0
A	ef	3	65	9	1	BA1651	13671	7	8	2	0	1	0	0	0	0	0	0
A	ef	3	65	9	1	BA1651	13681	8	7	0	0	0	0	0	0	0	0	0
A	ef	3	65	9	1	BA1651	13714	7	0	0	0	0	0	0	0	1	0	0
A	ef	3	65	9	1	BA1651	13716	7	8	2	0	1	0	0	0	0	0	0
A	ef	3	65	9	1	BA1651	13726	8	7	0	0	0	0	0	0	0	0	0
A	ef	3	65	9	1	BA1651	13734	7	0	0	0	0	0	0	0	1	0	0
A	ef	3	65	9	1	BA1651	13745	7	8	2	0	1	0	0	0	0	0	0
A	ef	3	65	9	1	BA1651	13755	8	7	0	0	0	0	0	0	0	0	0
A	ef	3	65	9	1	BA1651	13759	7	0	0	0	0	0	0	0	1	0	0
A	ef	3	65	9	1	BA1651	13786	7	8	2	0	1	0	0	0	0	0	0
A	ef	3	65	9	1	BA1651	13796	8	9	0	0	0	0	0	0	0	0	0
A	ef	3	65	9	1	BA1651	13806	9	10	0	0	0	0	0	0	0	0	0
A	ef	3	65	9	1	BA1651	13818	10	0	0	0	0	0	0	0	1	0	0
A	ef	3	65	9	1	BA1651	13881	10	2	0	0	0	0	0	0	0	0	0
A	ef	3	65	9	1	BA1651	13882	2	6	0	0	0	0	0	0	0	0	0
A	ef	3	65	9	1	BA1651	13925	6	8	2	0	1	0	0	0	0	0	0
A	ef	3	65	9	1	BA1651	13935	8	7	0	0	0	0	0	0	0	0	0
A	ef	3	65	9	1	BA1651	13978	7	0	0	0	0	0	0	0	1	0	0
A	ef	3	65	9	1	BA1651	13981	7	8	2	0	1	0	0	0	0	0	0
A	ef	3	65	9	1	BA1651	13991	8	7	0	0	0	0	0	0	0	0	0
A	ef	3	65	9	1	BA1651	14018	7	0	0	0	0	0	0	0	1	0	0
A	ef	3	65	9	1	BA1651	14027	7	8	2	0	1	0	0	0	0	0	0
A	ef	3	65	9	1	BA1651	14037	8	7	0	0	0	0	0	0	0	0	0
A	ef	3	65	9	1	BA1651	14073	7	0	0	0	0	0	0	0	1	0	0
A	ef	3	65	9	1	BA1651	14110	7	8	2	0	1	0	0	0	0	0	0
A	ef	3	65	9	1	BA1651	14120	8	7	0	0	0	0	0	0	0	0	0
A	ef	3	65	9	1	BA1651	14147	7	0	0	0	0	0	0	0	1	0	0
A	ef	3	65	9	1	BA1651	14155	7	8	2	0	1	0	0	0	0	0	0
A	ef	3	65	9	1	BA1651	14158	8	0	0	0	0	0	0	0	1	0	0
A	ef	3	65	9	1	BA1651	14165	8	9	0	0	0	0	0	0	0	0	0
A	ef	3	65	9	1	BA1651	14175	9	10	0	0	0	0	0	0	0	0	0
A	ef	3	65	9	1	BA1651	14250	10	2	0	0	0	0	0	0	0	0	0
A	ef	3	65	9	1	BA1651	14251	2	3	0	0	0	0	0	0	0	0	0
A	ef	3	65	9	1	BA1651	14299	3	0	0	0	1	0	0	0	0	0	0
A	ef	3	65	9	1	BA1651	14319	3	0	0	0	0	0	0	0	1	0	0
A	ef	3	65	9	1	BA1651	14324	3	0	0	0	1	0	0	0	0	0	0
A	ef	3	65	9	1	BA1651	14340	3	0	0	0	0	0	0	0	1	0	0
A	ef	3	65	9	1	BA1651	14399	3	0	0	0	1	0	0	0	0	0	0
A	ef	3	65	9	1	BA1651	14418	3	0	0	0	0	0	0	0	1	0	0
A	ef	3	65	9	1	BA1651	14443	3	0	0	0	1	0	0	0	0	0	0
A	ef	3	65	9	1	BA1651	14493	3	0	0	0	0	0	0	0	1	0	0
A	ef	3	65	9	1	BA1651	14563	3	5	1	1	0	0	0	0	0	0	0
A	ef	3	65	9	1	BA1651	14571	5	0	0	0	0	0	0	1	0	0	0
A	ef	3	65	9	1	BA1651	14573	5	4	0	0	0	0	0	0	0	0	0
A	ef	3	65	9	1	BA1651	14574	4	5	1	1	0	0	0	0	0	0	0
A	ef	3	65	9	1	BA1651	14584	5	4	0	0	0	0	0	0	0	0	0
A	ef	3	65	9	1	BA1651	14600	4	0	0	0	0	0	0	1	0	0	0
A	ef	3	65	9	1	BA1651	14604	4	5	1	1	0	0	0	0	0	0	0
A	ef	3	65	9	1	BA1651	14608	5	0	0	0	0	0	0	1	0	0	0
A	ef	3	65	9	1	BA1651	14614	5	4	0	0	0	0	0	0	0	0	0
A	ef	3	65	9	1	BA1651	14616	4	5	1	1	0	0	0	0	0	0	0
A	ef	3	65	9	1	BA1651	14626	5	4	0	0	0	0	0	0	0	0	0
A	ef	3	65	9	1	BA1651	14700	4	0	0	0	0	0	0	1	0	0	0
A	ef	3	65	9	1	BA1651	14711	4	5	1	1	0	0	0	0	0	0	0
A	ef	3	65	9	1	BA1651	14721	5	9	0	0	0	0	0	0	0	0	0
A	ef	3	65	9	1	BA1651	14731	9	10	0	0	0	0	0	0	0	0	0
A	ef	3	65	9	1	BA1651	14740	10	0	0	0	0	0	0	1	0	0	0
A	ef	3	65	9	1	BA1651	14806	10	2	0	0	0	0	0	0	0	0	0
A	ef	3	65	9	1	BA1651	14807	2	3	0	0	0	0	0	0	0	0	0
A	ef	3	65	9	1	BA1651	14863	3	5	1	1	0	0	0	0	0	0	0
A	ef	3	65	9	1	BA1651	14872	5	0	0	0	0	0	0	1	0	0	0
A	ef	3	65	9	1	BA1651	14873	5	4	0	0	0	0	0	0	0	0	0
A	ef	3	65	9	1	BA1651	14886	4	5	1	1	0	0	0	0	0	0	0
A	ef	3	65	9	1	BA1651	14896	5	4	0	0	0	0	0	0	0	0	0
A	ef	3	65	9	1	BA1651	15000	4	0	0	0	0	0	0	1	0	0	0
A	ef	3	65	9	1	BA1651	15011	4	5	1	1	0	0	0	0	0	0	0
A	ef	3	65	9	1	BA1651	15021	5	4	0	0	0	0	0	0	0	0	0
A	ef	3	65	9	1	BA1651	15037	4	0	0	0	0	0	0	1	0	0	0
A	ef	3	65	9	1	BA1651	15042	4	5	1	1	0	0	0	0	0	0	0
A	ef	3	65	9	1	BA1651	15044	5	0	0	0	0	0	0	1	0	0	0
A	ef	3	65	9	1	BA1651	15052	5	4	0	0	0	0	0	0	0	0	0
A	ef	3	65	9	1	BA1651	15060	4	5	1	1	0	0	0	0	0	0	0
A	ef	3	65	9	1	BA1651	15070	5	9	0	0	0	0	0	0	0	0	0
A	ef	3	65	9	1	BA1651	15080	9	10	0	0	0	0	0	0	0	0	0
A	ef	3	65	9	1	BA1651	15093	10	0	0	0	0	0	0	1	0	0	0
A	ef	3	65	9	1	BA1651	15143	10	0	0	1	0	0	0	0	0	0	0
A	ef	3	65	9	1	BA1651	15155	10	2	0	0	0	0	0	0	0	0	0
A	ef	3	65	9	1	BA1651	15156	2	3	0	0	0	0	0	0	0	0	0
A	ef	3	65	9	1	BA1651	15308	3	0	0	0	0	0	0	1	0	0	0
A	ef	3	65	9	1	BA1651	15310	3	5	1	1	0	0	0	0	0	0	0
A	ef	3	65	9	1	BA1651	15320	5	4	0	0	0	0	0	0	0	0	0
A	ef	3	65	9	1	BA1651	15340	4	0	0	0	0	0	0	1	0	0	0
A	ef	3	65	9	1	BA1651	15348	4	5	1	1	0	0	0	0	0	0	0
A	ef	3	65	9	1	BA1651	15354	5	0	0	0	0	0	0	1	0	0	0
A	ef	3	65	9	1	BA1651	15358	5	4	0	0	0	0	0	0	0	0	0
A	ef	3	65	9	1	BA1651	15372	4	5	1	1	0	0	0	0	0	0	0
A	ef	3	65	9	1	BA1651	15382	5	4	0	0	0	0	0	0	0	0	0
A	ef	3	65	9	1	BA1651	15431	4	0	0	0	0	0	0	1	0	0	0
A	ef	3	65	9	1	BA1651	15532	4	5	1	1	0	0	0	0	0	0	0
A	ef	3	65	9	1	BA1651	15542	5	4	0	0	0	0	0	0	0	0	0
A	ef	3	65	9	1	BA1651	15654	4	0	0	0	0	0	0	1	0	0	0
A	ef	3	65	9	1	BA1651	15728	4	5	1	1	0	0	0	0	0	0	0
A	ef	3	65	9	1	BA1651	15736	5	0	0	0	0	0	0	1	0	0	0
A	ef	3	65	9	1	BA1651	15738	5	9	0	0	0	0	0	0	0	0	0
A	ef	3	65	9	1	BA1651	15748	9	10	0	0	0	0	0	0	0	0	0
A	ef	3	65	9	1	BA1651	15823	10	2	0	0	0	0	0	0	0	0	0
A	ef	3	65	9	1	BA1651	15824	2	6	0	0	0	0	0	0	0	0	0
A	ef	3	65	9	1	BA1651	15886	6	8	2	0	1	0	0	0	0	0	0
A	ef	3	65	9	1	BA1651	15896	8	7	0	0	0	0	0	0	0	0	0
A	ef	3	65	9	1	BA1651	15917	7	0	0	0	0	0	0	0	1	0	0
A	ef	3	65	9	1	BA1651	15922	7	8	2	0	1	0	0	0	0	0	0
A	ef	3	65	9	1	BA1651	15932	8	7	0	0	0	0	0	0	0	0	0
A	ef	3	65	9	1	BA1651	15939	7	0	0	0	0	0	0	0	1	0	0
A	ef	3	65	9	1	BA1651	15945	7	8	2	0	1	0	0	0	0	0	0
A	ef	3	65	9	1	BA1651	15955	8	7	0	0	0	0	0	0	0	0	0
A	ef	3	65	9	1	BA1651	15976	7	0	0	0	0	0	0	0	1	0	0
A	ef	3	65	9	1	BA1651	15978	7	8	2	0	1	0	0	0	0	0	0
A	ef	3	65	9	1	BA1651	15985	8	0	0	0	0	0	0	0	1	0	0
A	ef	3	65	9	1	BA1651	15988	8	7	0	0	0	0	0	0	0	0	0
A	ef	3	65	9	1	BA1651	16016	7	8	2	0	1	0	0	0	0	0	0
A	ef	3	65	9	1	BA1651	16026	8	9	0	0	0	0	0	0	0	0	0
A	ef	3	65	9	1	BA1651	16036	9	10	0	0	0	0	0	0	0	0	0
A	ef	3	65	9	1	BA1651	16041	10	0	0	0	0	0	0	0	1	0	0
A	ef	3	65	9	1	BA1651	16111	10	2	0	0	0	0	0	0	0	0	0
A	ef	3	65	9	1	BA1651	16112	2	6	0	0	0	0	0	0	0	0	0
A	ef	3	65	9	1	BA1651	16140	6	8	2	0	1	0	0	0	0	0	0
A	ef	3	65	9	1	BA1651	16150	8	7	0	0	0	0	0	0	0	0	0
A	ef	3	65	9	1	BA1651	16218	7	0	0	0	0	0	0	0	1	0	0
A	ef	3	65	9	1	BA1651	16226	7	8	2	0	1	0	0	0	0	0	0
A	ef	3	65	9	1	BA1651	16236	8	7	0	0	0	0	0	0	0	0	0
A	ef	3	65	9	1	BA1651	16240	7	0	0	0	0	0	0	0	1	0	0
A	ef	3	65	9	1	BA1651	16258	7	8	2	0	1	0	0	0	0	0	0
A	ef	3	65	9	1	BA1651	16268	8	7	0	0	0	0	0	0	0	0	0
A	ef	3	65	9	1	BA1651	16282	7	0	0	0	0	0	0	0	1	0	0
A	ef	3	65	9	1	BA1651	16300	7	8	2	0	1	0	0	0	0	0	0
A	ef	3	65	9	1	BA1651	16310	8	7	0	0	0	0	0	0	0	0	0
A	ef	3	65	9	1	BA1651	16315	7	0	0	0	0	0	0	0	1	0	0
A	ef	3	65	9	1	BA1651	16335	7	8	2	0	1	0	0	0	0	0	0
A	ef	3	65	9	1	BA1651	16342	8	0	0	0	0	0	0	0	1	0	0
A	ef	3	65	9	1	BA1651	16345	8	9	0	0	0	0	0	0	0	0	0
A	ef	3	65	9	1	BA1651	16355	9	10	0	0	0	0	0	0	0	0	0
A	ef	3	65	9	1	BA1651	16430	10	2	0	0	0	0	0	0	0	0	0
A	ef	3	65	9	1	BA1651	16431	2	6	0	0	0	0	0	0	0	0	0
A	ef	3	65	9	1	BA1651	16526	6	0	0	1	0	0	0	0	0	0	0
A	ef	3	65	9	1	BA1651	16536	6	0	0	0	0	0	0	1	0	0	0
A	ef	3	65	9	1	BA1651	16633	6	8	2	0	1	0	0	0	0	0	0
A	ef	3	65	9	1	BA1651	16643	8	7	0	0	0	0	0	0	0	0	0
A	ef	3	65	9	1	BA1651	16650	7	8	2	0	1	0	0	0	1	0	0
A	ef	3	65	9	1	BA1651	16660	8	7	0	0	0	0	0	0	0	0	0
A	ef	3	65	9	1	BA1651	16666	7	0	0	0	0	0	0	0	1	0	0
A	ef	3	65	9	1	BA1651	16677	7	8	2	0	1	0	0	0	0	0	0
A	ef	3	65	9	1	BA1651	16687	8	7	0	0	0	0	0	0	0	0	0
A	ef	3	65	9	1	BA1651	16688	7	0	0	0	0	0	0	0	1	0	0
A	ef	3	65	9	1	BA1651	16696	7	8	2	0	1	0	0	0	0	0	0
A	ef	3	65	9	1	BA1651	16706	8	7	0	0	0	0	0	0	0	0	0
A	ef	3	65	9	1	BA1651	16717	7	0	0	0	0	0	0	0	1	0	0
A	ef	3	65	9	1	BA1651	16726	7	8	2	0	1	0	0	0	0	0	0
A	ef	3	65	9	1	BA1651	16736	8	9	0	0	0	0	0	0	0	0	0
A	ef	3	65	9	1	BA1651	16741	9	0	0	0	0	0	0	0	1	0	0
A	ef	3	65	9	1	BA1651	16746	9	10	0	0	0	0	0	0	0	0	0
A	ef	3	65	9	1	BA1651	16757	10	0	0	0	1	0	0	0	0	0	0
A	ef	3	65	9	1	BA1651	16786	10	0	0	0	0	0	0	0	1	0	0
A	ef	3	65	9	1	BA1651	16821	10	2	0	0	0	0	0	0	0	0	0
A	ef	3	65	9	1	BA1651	16822	2	3	0	0	0	0	0	0	0	0	0
A	ef	3	65	9	1	BA1651	17068	3	5	1	1	0	0	0	0	0	0	0
A	ef	3	65	9	1	BA1651	17078	5	4	0	0	0	0	0	0	0	0	0
A	ef	3	65	9	1	BA1651	17084	4	0	0	0	0	0	0	1	0	0	0
A	ef	3	65	9	1	BA1651	17116	4	5	1	1	0	0	0	0	0	0	0
A	ef	3	65	9	1	BA1651	17126	5	4	0	0	0	0	0	1	0	0	0
A	ef	3	65	9	1	BA1651	17132	4	5	1	1	0	0	0	0	0	0	0
A	ef	3	65	9	1	BA1651	17136	5	0	0	0	0	0	0	1	0	0	0
A	ef	3	65	9	1	BA1651	17142	5	4	0	0	0	0	0	0	0	0	0
A	ef	3	65	9	1	BA1651	17143	4	5	1	1	0	0	0	0	0	0	0
A	ef	3	65	9	1	BA1651	17153	5	4	0	0	0	0	0	0	0	0	0
A	ef	3	65	9	1	BA1651	17330	4	0	0	0	0	0	0	1	0	0	0
A	ef	3	65	9	1	BA1651	17338	4	5	1	1	0	0	0	0	0	0	0
A	ef	3	65	9	1	BA1651	17348	5	9	0	0	0	0	0	0	0	0	0
A	ef	3	65	9	1	BA1651	17358	9	10	0	0	0	0	0	0	0	0	0
A	ef	3	65	9	1	BA1651	17369	10	0	0	0	0	0	0	1	0	0	0
A	ef	3	65	9	1	BA1651	17433	10	2	0	0	0	0	0	0	0	0	0
A	ef	3	65	9	1	BA1651	17434	2	3	0	0	0	0	0	0	0	0	0
A	ef	3	65	9	1	BA1651	17446	3	5	1	1	0	0	0	0	0	0	0
A	ef	3	65	9	1	BA1651	17456	5	4	0	0	0	0	0	0	0	0	0
A	ef	3	65	9	1	BA1651	17464	4	0	0	0	0	0	0	1	0	0	0
A	ef	3	65	9	1	BA1651	17559	4	5	1	1	0	0	0	0	0	0	0
A	ef	3	65	9	1	BA1651	17569	5	4	0	0	0	0	0	0	0	0	0
A	ef	3	65	9	1	BA1651	17632	4	0	0	0	0	0	0	1	0	0	0
A	ef	3	65	9	1	BA1651	17638	4	5	1	1	0	0	0	0	0	0	0
A	ef	3	65	9	1	BA1651	17648	5	4	0	0	0	0	0	0	0	0	0
A	ef	3	65	9	1	BA1651	17664	4	0	0	0	0	0	0	1	0	0	0
A	ef	3	65	9	1	BA1651	17666	4	5	1	1	0	0	0	0	0	0	0
A	ef	3	65	9	1	BA1651	17676	5	4	0	0	0	0	0	0	0	0	0
A	ef	3	65	9	1	BA1651	17721	4	0	0	0	0	0	0	1	0	0	0
A	ef	3	65	9	1	BA1651	17722	4	5	1	1	0	0	0	0	0	0	0
A	ef	3	65	9	1	BA1651	17732	5	9	0	0	0	0	0	0	0	0	0
A	ef	3	65	9	1	BA1651	17742	9	10	0	0	0	0	0	0	0	0	0
A	ef	3	65	9	1	BA1651	17768	10	0	0	0	0	0	0	1	0	0	0
A	ef	3	65	9	1	BA1651	17817	10	2	0	0	0	0	0	0	0	0	0
A	ef	3	65	9	1	BA1651	17818	2	3	0	0	0	0	0	0	0	0	0
A	ef	3	65	9	1	BA1651	18257	3	5	1	1	0	0	0	0	0	0	0
A	ef	3	65	9	1	BA1651	18264	5	0	0	0	0	0	0	1	0	0	0
A	ef	3	65	9	1	BA1651	18267	5	4	0	0	0	0	0	0	0	0	0
A	ef	3	65	9	1	BA1651	18284	4	5	1	1	0	0	0	0	0	0	0
A	ef	3	65	9	1	BA1651	18294	5	4	0	0	0	0	0	0	0	0	0
A	ef	3	65	9	1	BA1651	18321	4	0	0	0	0	0	0	1	0	0	0
A	ef	3	65	9	1	BA1651	18396	4	5	1	1	0	0	0	0	0	0	0
A	ef	3	65	9	1	BA1651	18406	5	4	0	0	0	0	0	0	0	0	0
A	ef	3	65	9	1	BA1651	18454	4	0	0	0	0	0	0	1	0	0	0
A	ef	3	65	9	1	BA1651	18465	4	5	1	1	0	0	0	0	0	0	0
A	ef	3	65	9	1	BA1651	18475	5	4	0	0	0	0	0	0	0	0	0
A	ef	3	65	9	1	BA1651	18499	4	0	0	0	0	0	0	1	0	0	0
A	ef	3	65	9	1	BA1651	18566	4	5	1	1	0	0	0	0	0	0	0
A	ef	3	65	9	1	BA1651	18576	5	9	0	0	0	0	0	0	0	0	0
A	ef	3	65	9	1	BA1651	18586	9	10	0	0	0	0	0	0	0	0	0
A	ef	3	65	9	1	BA1651	18590	10	0	0	0	0	0	0	1	0	0	0
A	ef	3	65	9	1	BA1651	18661	10	2	0	0	0	0	0	0	0	0	0
A	ef	3	65	9	1	BA1651	18662	2	6	0	0	0	0	0	0	0	0	0
A	ef	3	65	9	1	BA1651	18737	6	8	2	0	1	0	0	0	0	0	0
A	ef	3	65	9	1	BA1651	18747	8	7	0	0	0	0	0	0	0	0	0
A	ef	3	65	9	1	BA1651	18749	7	0	0	0	0	0	0	0	1	0	0
A	ef	3	65	9	1	BA1651	18776	7	8	2	0	1	0	0	0	0	0	0
A	ef	3	65	9	1	BA1651	18786	8	7	0	0	0	0	0	0	0	0	0
A	ef	3	65	9	1	BA1651	18797	7	0	0	0	0	0	0	0	1	0	0
A	ef	3	65	9	1	BA1651	20077	7	8	2	0	1	0	0	0	0	0	0
A	ef	3	65	9	1	BA1651	20082	8	0	0	0	0	0	0	0	1	0	0
A	ef	3	65	9	1	BA1651	20087	8	7	0	0	0	0	0	0	0	0	0
A	ef	3	65	9	1	BA1651	20103	7	8	2	0	1	0	0	0	0	0	0
A	ef	3	65	9	1	BA1651	20113	8	7	0	0	0	0	0	0	0	0	0
A	ef	3	65	9	1	BA1651	20117	7	0	0	0	0	0	0	0	1	0	0
A	ef	3	65	9	1	BA1651	20126	7	8	2	0	1	0	0	0	0	0	0
A	ef	3	65	9	1	BA1651	20135	8	0	0	0	0	0	0	0	1	0	0
A	ef	3	65	9	1	BA1651	20136	8	9	0	0	0	0	0	0	0	0	0
A	ef	3	65	9	1	BA1651	20146	9	10	0	0	0	0	0	0	0	0	0
A	ef	3	65	9	1	BA1651	20221	10	2	0	0	0	0	0	0	0	0	0
A	ef	3	65	9	1	BA1651	20222	2	3	0	0	0	0	0	0	0	0	0
A	ef	3	65	9	1	BA1651	20471	3	5	1	1	0	0	0	0	0	0	0
A	ef	3	65	9	1	BA1651	20475	5	0	0	0	0	0	0	1	0	0	0
A	ef	3	65	9	1	BA1651	20481	5	4	0	0	0	0	0	0	0	0	0
A	ef	3	65	9	1	BA1651	20518	4	5	1	1	0	0	0	0	0	0	0
A	ef	3	65	9	1	BA1651	20528	5	4	0	0	0	0	0	0	0	0	0
A	ef	3	65	9	1	BA1651	20530	4	0	0	0	0	0	0	1	0	0	0
A	ef	3	65	9	1	BA1651	20538	4	5	1	1	0	0	0	0	0	0	0
A	ef	3	65	9	1	BA1651	20548	5	4	0	0	0	0	0	0	0	0	0
A	ef	3	65	9	1	BA1651	20583	4	0	0	0	0	0	0	1	0	0	0
A	ef	3	65	9	1	BA1651	20589	4	5	1	1	0	0	0	0	0	0	0
A	ef	3	65	9	1	BA1651	20599	5	4	0	0	0	0	0	0	0	0	0
A	ef	3	65	9	1	BA1651	20636	4	0	0	0	0	0	0	1	0	0	0
A	ef	3	65	9	1	BA1651	20724	4	5	1	1	0	0	0	0	0	0	0
A	ef	3	65	9	1	BA1651	20732	5	0	0	0	0	0	0	1	0	0	0
A	ef	3	65	9	1	BA1651	20734	5	9	0	0	0	0	0	0	0	0	0
A	ef	3	65	9	1	BA1651	20735	9	0	0	1	0	0	0	0	0	0	0
A	ef	3	65	9	1	BA1651	20742	9	0	0	0	0	0	0	1	0	0	0
A	ef	3	65	9	1	BA1651	20744	9	10	0	1	0	0	0	0	0	0	0
A	ef	3	65	9	1	BA1651	20755	10	0	0	0	0	0	0	1	0	0	0
A	ef	3	65	9	1	BA1651	20819	10	2	0	0	0	0	0	0	0	0	0
A	ef	3	65	9	1	BA1651	20820	2	6	0	0	0	0	0	0	0	0	0
A	ef	3	65	9	1	BA1651	20840	6	8	2	0	1	0	0	0	0	0	0
A	ef	3	65	9	1	BA1651	20850	8	7	0	0	0	0	0	0	0	0	0
A	ef	3	65	9	1	BA1651	20853	7	0	0	0	0	0	0	0	1	0	0
A	ef	3	65	9	1	BA1651	20859	7	8	2	0	1	0	0	0	0	0	0
A	ef	3	65	9	1	BA1651	20869	8	7	0	0	0	0	0	0	1	0	0
A	ef	3	65	9	1	BA1651	20878	7	8	2	0	1	0	0	0	0	0	0
A	ef	3	65	9	1	BA1651	20888	8	7	0	0	0	0	0	0	0	0	0
A	ef	3	65	9	1	BA1651	20895	7	0	0	0	0	0	0	0	1	0	0
A	ef	3	65	9	1	BA1651	20911	7	8	2	0	1	0	0	0	0	0	0
A	ef	3	65	9	1	BA1651	20920	8	0	0	0	0	0	0	0	1	0	0
A	ef	3	65	9	1	BA1651	20921	8	7	0	0	0	0	0	0	0	0	0
A	ef	3	65	9	1	BA1651	21958	7	8	2	0	1	0	0	0	0	0	0
A	ef	3	65	9	1	BA1651	21964	8	0	0	0	0	0	0	0	1	0	0
A	ef	3	65	9	1	BA1651	21968	8	9	0	0	0	0	0	0	0	0	0
A	ef	3	65	9	1	BA1651	21978	9	10	0	0	0	0	0	0	0	0	0
A	ef	3	65	9	1	BA1651	22053	10	2	0	0	0	0	0	0	0	0	0
A	ef	3	65	9	1	BA1651	22054	2	3	0	0	0	0	0	0	0	0	0
A	ef	3	65	9	1	BA1651	22107	3	0	0	0	1	0	0	0	0	0	0
A	ef	3	65	9	1	BA1651	22121	3	0	0	0	0	0	0	0	1	0	0
A	ef	3	65	9	1	BA1651	22125	3	0	0	0	1	0	0	0	0	0	0
A	ef	3	65	9	1	BA1651	22136	3	0	0	0	0	0	0	0	1	0	0
A	ef	3	65	9	1	BA1651	22236	3	5	1	1	0	0	0	0	0	0	0
A	ef	3	65	9	1	BA1651	22246	5	4	0	0	0	0	0	0	0	0	0
A	ef	3	65	9	1	BA1651	22248	4	0	0	0	0	0	0	1	0	0	0
A	ef	3	65	9	1	BA1651	22261	4	5	1	1	0	0	0	0	0	0	0
A	ef	3	65	9	1	BA1651	22271	5	4	0	0	0	0	0	0	0	0	0
A	ef	3	65	9	1	BA1651	22400	4	0	0	0	0	0	0	1	0	0	0
A	ef	3	65	9	1	BA1651	22412	4	5	1	1	0	0	0	0	0	0	0
A	ef	3	65	9	1	BA1651	22422	5	4	0	0	0	0	0	0	0	0	0
A	ef	3	65	9	1	BA1651	22529	4	0	0	0	0	0	0	1	0	0	0
A	ef	3	65	9	1	BA1651	22534	4	5	1	1	0	0	0	0	0	0	0
A	ef	3	65	9	1	BA1651	22544	5	4	0	0	0	0	0	0	0	0	0
A	ef	3	65	9	1	BA1651	22586	4	0	0	0	0	0	0	1	0	0	0
A	ef	3	65	9	1	BA1651	22614	4	5	1	1	0	0	0	0	0	0	0
A	ef	3	65	9	1	BA1651	22623	5	0	0	0	0	0	0	1	0	0	0
A	ef	3	65	9	1	BA1651	22624	5	9	0	0	0	0	0	0	0	0	0
A	ef	3	65	9	1	BA1651	22627	9	0	0	1	0	0	0	0	0	0	0
A	ef	3	65	9	1	BA1651	22634	9	10	0	0	0	0	0	0	0	0	0
A	ef	3	65	9	1	BA1651	22650	10	0	0	0	0	0	0	1	0	0	0
A	ef	3	65	9	1	BA1651	22709	10	2	0	0	0	0	0	0	0	0	0
A	ef	3	65	9	1	BA1651	22710	2	3	0	0	0	0	0	0	0	0	0
A	ef	3	65	9	1	BA1651	22781	3	5	1	1	0	0	0	0	0	0	0
A	ef	3	65	9	1	BA1651	22787	5	0	0	0	0	0	0	1	0	0	0
A	ef	3	65	9	1	BA1651	22791	5	4	0	0	0	0	0	0	0	0	0
A	ef	3	65	9	1	BA1651	22792	4	5	1	1	0	0	0	0	0	0	0
A	ef	3	65	9	1	BA1651	22802	5	4	0	0	0	0	0	0	0	0	0
A	ef	3	65	9	1	BA1651	22839	4	0	0	0	0	0	0	1	0	0	0
A	ef	3	65	9	1	BA1651	22851	4	5	1	1	0	0	0	0	0	0	0
A	ef	3	65	9	1	BA1651	22861	5	4	0	0	0	0	0	0	0	0	0
A	ef	3	65	9	1	BA1651	22883	4	0	0	0	0	0	0	1	0	0	0
A	ef	3	65	9	1	BA1651	23955	4	5	1	1	0	0	0	0	0	0	0
A	ef	3	65	9	1	BA1651	23965	5	4	0	0	0	0	0	0	0	0	0
A	ef	3	65	9	1	BA1651	24033	4	0	0	0	0	0	0	1	0	0	0
A	ef	3	65	9	1	BA1651	24038	4	5	1	1	0	0	0	0	0	0	0
A	ef	3	65	9	1	BA1651	24048	5	9	0	0	0	0	0	0	0	0	0
A	ef	3	65	9	1	BA1651	24058	9	-1	0	0	0	0	0	0	0	0	0
