Project	UserID	Protocol	Session	Station	Run	Subject	Time	Current State	Transition State	Transition Event	A1 - LEFT	A2 - RIGHT	A3 - 	A4 - 	A[1] LEFT	A[2] RIGHT	A[3] 	A[4] 
A	BL	4	85	9	1	BA1653	0	0	1	0	0	0	0	0	0	0	0	0
A	BL	4	85	9	1	BA1653	50	1	2	0	0	0	0	0	0	0	0	0
A	BL	4	85	9	1	BA1653	51	2	3	0	0	0	0	0	0	0	0	0
A	BL	4	85	9	1	BA1653	870	3	5	1	1	0	0	0	0	0	0	0
A	BL	4	85	9	1	BA1653	880	5	4	0	0	0	0	0	0	0	0	0
A	BL	4	85	9	1	BA1653	899	4	0	0	0	0	0	0	1	0	0	0
A	BL	4	85	9	1	BA1653	982	4	5	1	1	0	0	0	0	0	0	0
A	BL	4	85	9	1	BA1653	992	5	4	0	0	0	0	0	0	0	0	0
A	BL	4	85	9	1	BA1653	1023	4	0	0	0	0	0	0	1	0	0	0
A	BL	4	85	9	1	BA1653	1063	4	5	1	1	0	0	0	0	0	0	0
A	BL	4	85	9	1	BA1653	1073	5	4	0	0	0	0	0	0	0	0	0
A	BL	4	85	9	1	BA1653	1104	4	0	0	0	0	0	0	1	0	0	0
A	BL	4	85	9	1	BA1653	1179	4	5	1	1	0	0	0	0	0	0	0
A	BL	4	85	9	1	BA1653	1189	5	4	0	0	0	0	0	0	0	0	0
A	BL	4	85	9	1	BA1653	1219	4	0	0	0	0	0	0	1	0	0	0
A	BL	4	85	9	1	BA1653	1237	4	5	1	1	0	0	0	0	0	0	0
A	BL	4	85	9	1	BA1653	1243	5	0	0	0	0	0	0	1	0	0	0
A	BL	4	85	9	1	BA1653	1247	5	9	0	0	0	0	0	0	0	0	0
A	BL	4	85	9	1	BA1653	1257	9	10	0	0	0	0	0	0	0	0	0
A	BL	4	85	9	1	BA1653	1332	10	2	0	0	0	0	0	0	0	0	0
A	BL	4	85	9	1	BA1653	1333	2	6	0	0	0	0	0	0	0	0	0
A	BL	4	85	9	1	BA1653	1536	6	8	2	0	1	0	0	0	0	0	0
A	BL	4	85	9	1	BA1653	1546	8	7	0	0	0	0	0	0	0	0	0
A	BL	4	85	9	1	BA1653	1548	7	0	0	0	0	0	0	0	1	0	0
A	BL	4	85	9	1	BA1653	1654	7	8	2	0	1	0	0	0	0	0	0
A	BL	4	85	9	1	BA1653	1664	8	7	0	0	0	0	0	0	0	0	0
A	BL	4	85	9	1	BA1653	1677	7	0	0	0	0	0	0	0	1	0	0
A	BL	4	85	9	1	BA1653	1695	7	8	2	0	1	0	0	0	0	0	0
A	BL	4	85	9	1	BA1653	1699	8	0	0	0	0	0	0	0	1	0	0
A	BL	4	85	9	1	BA1653	1702	8	0	0	0	1	0	0	0	0	0	0
A	BL	4	85	9	1	BA1653	1705	8	7	0	0	0	0	0	0	0	0	0
A	BL	4	85	9	1	BA1653	1707	7	0	0	0	0	0	0	0	1	0	0
A	BL	4	85	9	1	BA1653	1710	7	8	2	0	1	0	0	0	0	0	0
A	BL	4	85	9	1	BA1653	1720	8	7	0	0	0	0	0	0	0	0	0
A	BL	4	85	9	1	BA1653	1722	7	0	0	0	0	0	0	0	1	0	0
A	BL	4	85	9	1	BA1653	1775	7	8	2	0	1	0	0	0	0	0	0
A	BL	4	85	9	1	BA1653	1782	8	0	0	0	0	0	0	0	1	0	0
A	BL	4	85	9	1	BA1653	1785	8	7	0	0	0	0	0	0	0	0	0
A	BL	4	85	9	1	BA1653	1787	7	8	2	0	1	0	0	0	0	0	0
A	BL	4	85	9	1	BA1653	1797	8	7	0	0	0	0	0	0	0	0	0
A	BL	4	85	9	1	BA1653	1816	7	0	0	0	0	0	0	0	1	0	0
A	BL	4	85	9	1	BA1653	1879	7	8	2	0	1	0	0	0	0	0	0
A	BL	4	85	9	1	BA1653	1886	8	0	0	0	0	0	0	0	1	0	0
A	BL	4	85	9	1	BA1653	1889	8	7	0	0	0	0	0	0	0	0	0
A	BL	4	85	9	1	BA1653	1904	7	8	2	0	1	0	0	0	0	0	0
A	BL	4	85	9	1	BA1653	1907	8	0	0	0	0	0	0	0	1	0	0
A	BL	4	85	9	1	BA1653	1910	8	0	0	0	1	0	0	0	0	0	0
A	BL	4	85	9	1	BA1653	1914	8	7	0	0	0	0	0	0	0	0	0
A	BL	4	85	9	1	BA1653	1947	7	0	0	0	0	0	0	0	1	0	0
A	BL	4	85	9	1	BA1653	1950	7	8	2	0	1	0	0	0	0	0	0
A	BL	4	85	9	1	BA1653	1960	8	7	0	0	0	0	0	0	0	0	0
A	BL	4	85	9	1	BA1653	1981	7	0	0	0	0	0	0	0	1	0	0
A	BL	4	85	9	1	BA1653	2000	7	8	2	0	1	0	0	0	0	0	0
A	BL	4	85	9	1	BA1653	2010	8	7	0	0	0	0	0	0	0	0	0
A	BL	4	85	9	1	BA1653	2023	7	0	0	0	0	0	0	0	1	0	0
A	BL	4	85	9	1	BA1653	2026	7	8	2	0	1	0	0	0	0	0	0
A	BL	4	85	9	1	BA1653	2036	8	7	0	0	0	0	0	0	0	0	0
A	BL	4	85	9	1	BA1653	2065	7	0	0	0	0	0	0	0	1	0	0
A	BL	4	85	9	1	BA1653	2113	7	8	2	0	1	0	0	0	0	0	0
A	BL	4	85	9	1	BA1653	2123	8	7	0	0	0	0	0	0	0	0	0
A	BL	4	85	9	1	BA1653	2130	7	0	0	0	0	0	0	0	1	0	0
A	BL	4	85	9	1	BA1653	2208	7	8	2	0	1	0	0	0	0	0	0
A	BL	4	85	9	1	BA1653	2218	8	7	0	0	0	0	0	0	0	0	0
A	BL	4	85	9	1	BA1653	2240	7	0	0	0	0	0	0	0	1	0	0
A	BL	4	85	9	1	BA1653	2243	7	8	2	0	1	0	0	0	0	0	0
A	BL	4	85	9	1	BA1653	2246	8	0	0	0	0	0	0	0	1	0	0
A	BL	4	85	9	1	BA1653	2253	8	7	0	0	0	0	0	0	0	0	0
A	BL	4	85	9	1	BA1653	2267	7	8	2	0	1	0	0	0	0	0	0
A	BL	4	85	9	1	BA1653	2270	8	0	0	0	0	0	0	0	1	0	0
A	BL	4	85	9	1	BA1653	2277	8	7	0	0	0	0	0	0	0	0	0
A	BL	4	85	9	1	BA1653	2287	7	8	2	0	1	0	0	0	0	0	0
A	BL	4	85	9	1	BA1653	2297	8	7	0	0	0	0	0	0	0	0	0
A	BL	4	85	9	1	BA1653	2325	7	0	0	0	0	0	0	0	1	0	0
A	BL	4	85	9	1	BA1653	2391	7	8	2	0	1	0	0	0	0	0	0
A	BL	4	85	9	1	BA1653	2401	8	7	0	0	0	0	0	0	0	0	0
A	BL	4	85	9	1	BA1653	2408	7	0	0	0	0	0	0	0	1	0	0
A	BL	4	85	9	1	BA1653	2412	7	8	2	0	1	0	0	0	0	0	0
A	BL	4	85	9	1	BA1653	2422	8	7	0	0	0	0	0	0	0	0	0
A	BL	4	85	9	1	BA1653	2448	7	0	0	0	0	0	0	0	1	0	0
A	BL	4	85	9	1	BA1653	2517	7	8	2	0	1	0	0	0	0	0	0
A	BL	4	85	9	1	BA1653	2527	8	7	0	0	0	0	0	0	0	0	0
A	BL	4	85	9	1	BA1653	2553	7	0	0	0	0	0	0	0	1	0	0
A	BL	4	85	9	1	BA1653	2556	7	8	2	0	1	0	0	0	0	0	0
A	BL	4	85	9	1	BA1653	2557	8	0	0	0	0	0	0	0	1	0	0
A	BL	4	85	9	1	BA1653	2559	8	0	0	0	1	0	0	0	0	0	0
A	BL	4	85	9	1	BA1653	2566	8	9	0	0	0	0	0	0	0	0	0
A	BL	4	85	9	1	BA1653	2576	9	10	0	0	0	0	0	0	0	0	0
A	BL	4	85	9	1	BA1653	2584	10	0	0	0	0	0	0	0	1	0	0
A	BL	4	85	9	1	BA1653	2651	10	2	0	0	0	0	0	0	0	0	0
A	BL	4	85	9	1	BA1653	2652	2	6	0	0	0	0	0	0	0	0	0
A	BL	4	85	9	1	BA1653	3657	6	0	0	1	0	0	0	0	0	0	0
A	BL	4	85	9	1	BA1653	3685	6	0	0	0	0	0	0	1	0	0	0
A	BL	4	85	9	1	BA1653	3890	6	0	0	1	0	0	0	0	0	0	0
A	BL	4	85	9	1	BA1653	3920	6	0	0	0	0	0	0	1	0	0	0
A	BL	4	85	9	1	BA1653	3933	6	0	0	1	0	0	0	0	0	0	0
A	BL	4	85	9	1	BA1653	3938	6	0	0	0	0	0	0	1	0	0	0
A	BL	4	85	9	1	BA1653	3949	6	0	0	1	0	0	0	0	0	0	0
A	BL	4	85	9	1	BA1653	3984	6	0	0	0	0	0	0	1	0	0	0
A	BL	4	85	9	1	BA1653	3994	6	0	0	1	0	0	0	0	0	0	0
A	BL	4	85	9	1	BA1653	4057	6	0	0	0	0	0	0	1	0	0	0
A	BL	4	85	9	1	BA1653	4079	6	0	0	1	0	0	0	0	0	0	0
A	BL	4	85	9	1	BA1653	4142	6	0	0	0	0	0	0	1	0	0	0
A	BL	4	85	9	1	BA1653	4192	6	0	0	1	0	0	0	0	0	0	0
A	BL	4	85	9	1	BA1653	4245	6	0	0	0	0	0	0	1	0	0	0
A	BL	4	85	9	1	BA1653	4255	6	0	0	1	0	0	0	0	0	0	0
A	BL	4	85	9	1	BA1653	4340	6	0	0	0	0	0	0	1	0	0	0
A	BL	4	85	9	1	BA1653	4347	6	0	0	1	0	0	0	0	0	0	0
A	BL	4	85	9	1	BA1653	4422	6	0	0	0	0	0	0	1	0	0	0
A	BL	4	85	9	1	BA1653	4442	6	0	0	1	0	0	0	0	0	0	0
A	BL	4	85	9	1	BA1653	4553	6	0	0	0	0	0	0	1	0	0	0
A	BL	4	85	9	1	BA1653	4621	6	0	0	1	0	0	0	0	0	0	0
A	BL	4	85	9	1	BA1653	4665	6	0	0	0	0	0	0	1	0	0	0
A	BL	4	85	9	1	BA1653	4707	6	0	0	1	0	0	0	0	0	0	0
A	BL	4	85	9	1	BA1653	4748	6	0	0	0	0	0	0	1	0	0	0
A	BL	4	85	9	1	BA1653	4752	6	0	0	1	0	0	0	0	0	0	0
A	BL	4	85	9	1	BA1653	4779	6	0	0	0	0	0	0	1	0	0	0
A	BL	4	85	9	1	BA1653	4789	6	0	0	1	0	0	0	0	0	0	0
A	BL	4	85	9	1	BA1653	4864	6	0	0	0	0	0	0	1	0	0	0
A	BL	4	85	9	1	BA1653	4943	6	0	0	1	0	0	0	0	0	0	0
A	BL	4	85	9	1	BA1653	4977	6	0	0	0	0	0	0	1	0	0	0
A	BL	4	85	9	1	BA1653	4995	6	0	0	1	0	0	0	0	0	0	0
A	BL	4	85	9	1	BA1653	5012	6	0	0	0	0	0	0	1	0	0	0
A	BL	4	85	9	1	BA1653	5082	6	0	0	1	0	0	0	0	0	0	0
A	BL	4	85	9	1	BA1653	5113	6	0	0	0	0	0	0	1	0	0	0
A	BL	4	85	9	1	BA1653	5134	6	0	0	1	0	0	0	0	0	0	0
A	BL	4	85	9	1	BA1653	5139	6	0	0	0	0	0	0	1	0	0	0
A	BL	4	85	9	1	BA1653	5154	6	0	0	1	0	0	0	0	0	0	0
A	BL	4	85	9	1	BA1653	5230	6	0	0	0	0	0	0	1	0	0	0
A	BL	4	85	9	1	BA1653	5336	6	8	2	0	1	0	0	0	0	0	0
A	BL	4	85	9	1	BA1653	5346	8	7	0	0	0	0	0	0	0	0	0
A	BL	4	85	9	1	BA1653	5356	7	0	0	0	0	0	0	0	1	0	0
A	BL	4	85	9	1	BA1653	5385	7	8	2	0	1	0	0	0	0	0	0
A	BL	4	85	9	1	BA1653	5389	8	0	0	0	0	0	0	0	1	0	0
A	BL	4	85	9	1	BA1653	5395	8	7	0	0	0	0	0	0	0	0	0
A	BL	4	85	9	1	BA1653	5405	7	8	2	0	1	0	0	0	0	0	0
A	BL	4	85	9	1	BA1653	5415	8	7	0	0	0	0	0	0	0	0	0
A	BL	4	85	9	1	BA1653	5526	7	0	0	0	0	0	0	0	1	0	0
A	BL	4	85	9	1	BA1653	5530	7	8	2	0	1	0	0	0	0	0	0
A	BL	4	85	9	1	BA1653	5532	8	0	0	0	0	0	0	0	1	0	0
A	BL	4	85	9	1	BA1653	5540	8	7	0	0	0	0	0	0	0	0	0
A	BL	4	85	9	1	BA1653	5546	7	8	2	0	1	0	0	0	0	0	0
A	BL	4	85	9	1	BA1653	5553	8	0	0	0	0	0	0	0	1	0	0
A	BL	4	85	9	1	BA1653	5556	8	7	0	0	0	0	0	0	0	0	0
A	BL	4	85	9	1	BA1653	5579	7	8	2	0	1	0	0	0	0	0	0
A	BL	4	85	9	1	BA1653	5580	8	0	0	0	0	0	0	0	1	0	0
A	BL	4	85	9	1	BA1653	5583	8	0	0	0	1	0	0	0	0	0	0
A	BL	4	85	9	1	BA1653	5589	8	7	0	0	0	0	0	0	0	0	0
A	BL	4	85	9	1	BA1653	5631	7	0	0	0	0	0	0	0	1	0	0
A	BL	4	85	9	1	BA1653	5685	7	8	2	0	1	0	0	0	0	0	0
A	BL	4	85	9	1	BA1653	5695	8	7	0	0	0	0	0	0	0	0	0
A	BL	4	85	9	1	BA1653	5775	7	0	0	0	0	0	0	0	1	0	0
A	BL	4	85	9	1	BA1653	5792	7	8	2	0	1	0	0	0	0	0	0
A	BL	4	85	9	1	BA1653	5797	8	0	0	0	0	0	0	0	1	0	0
A	BL	4	85	9	1	BA1653	5802	8	7	0	0	0	0	0	0	0	0	0
A	BL	4	85	9	1	BA1653	5813	7	8	2	0	1	0	0	0	0	0	0
A	BL	4	85	9	1	BA1653	5823	8	7	0	0	0	0	0	0	0	0	0
A	BL	4	85	9	1	BA1653	5840	7	0	0	0	0	0	0	0	1	0	0
A	BL	4	85	9	1	BA1653	5855	7	8	2	0	1	0	0	0	0	0	0
A	BL	4	85	9	1	BA1653	5865	8	7	0	0	0	0	0	0	0	0	0
A	BL	4	85	9	1	BA1653	5909	7	0	0	0	0	0	0	0	1	0	0
A	BL	4	85	9	1	BA1653	5961	7	8	2	0	1	0	0	0	0	0	0
A	BL	4	85	9	1	BA1653	5971	8	7	0	0	0	0	0	0	0	0	0
A	BL	4	85	9	1	BA1653	6029	7	0	0	0	0	0	0	0	1	0	0
A	BL	4	85	9	1	BA1653	6036	7	8	2	0	1	0	0	0	0	0	0
A	BL	4	85	9	1	BA1653	6038	8	0	0	0	0	0	0	0	1	0	0
A	BL	4	85	9	1	BA1653	6046	8	7	0	0	0	0	0	0	0	0	0
A	BL	4	85	9	1	BA1653	6048	7	8	2	0	1	0	0	0	0	0	0
A	BL	4	85	9	1	BA1653	6055	8	0	0	0	0	0	0	0	1	0	0
A	BL	4	85	9	1	BA1653	6056	8	0	0	0	1	0	0	0	0	0	0
A	BL	4	85	9	1	BA1653	6058	8	7	0	0	0	0	0	0	0	0	0
A	BL	4	85	9	1	BA1653	6151	7	0	0	0	0	0	0	0	1	0	0
A	BL	4	85	9	1	BA1653	6192	7	8	2	0	1	0	0	0	0	0	0
A	BL	4	85	9	1	BA1653	6202	8	7	0	0	0	0	0	0	0	0	0
A	BL	4	85	9	1	BA1653	6210	7	0	0	0	0	0	0	0	1	0	0
A	BL	4	85	9	1	BA1653	6276	7	8	2	0	1	0	0	0	0	0	0
A	BL	4	85	9	1	BA1653	6277	8	0	0	0	0	0	0	0	1	0	0
A	BL	4	85	9	1	BA1653	6282	8	0	0	0	1	0	0	0	0	0	0
A	BL	4	85	9	1	BA1653	6286	8	7	0	0	0	0	0	0	0	0	0
A	BL	4	85	9	1	BA1653	6335	7	0	0	0	0	0	0	0	1	0	0
A	BL	4	85	9	1	BA1653	6421	7	8	2	0	1	0	0	0	0	0	0
A	BL	4	85	9	1	BA1653	6431	8	7	0	0	0	0	0	0	0	0	0
A	BL	4	85	9	1	BA1653	6479	7	0	0	0	0	0	0	0	1	0	0
A	BL	4	85	9	1	BA1653	6498	7	8	2	0	1	0	0	0	0	0	0
A	BL	4	85	9	1	BA1653	6508	8	7	0	0	0	0	0	0	0	0	0
A	BL	4	85	9	1	BA1653	6529	7	0	0	0	0	0	0	0	1	0	0
A	BL	4	85	9	1	BA1653	6549	7	8	2	0	1	0	0	0	0	0	0
A	BL	4	85	9	1	BA1653	6559	8	7	0	0	0	0	0	0	0	0	0
A	BL	4	85	9	1	BA1653	6577	7	0	0	0	0	0	0	0	1	0	0
A	BL	4	85	9	1	BA1653	6620	7	8	2	0	1	0	0	0	0	0	0
A	BL	4	85	9	1	BA1653	6625	8	0	0	0	0	0	0	0	1	0	0
A	BL	4	85	9	1	BA1653	6627	8	0	0	0	1	0	0	0	0	0	0
A	BL	4	85	9	1	BA1653	6630	8	7	0	0	0	0	0	0	0	0	0
A	BL	4	85	9	1	BA1653	6660	7	0	0	0	0	0	0	0	1	0	0
A	BL	4	85	9	1	BA1653	6876	7	8	2	0	1	0	0	0	0	0	0
A	BL	4	85	9	1	BA1653	6886	8	9	0	0	0	0	0	0	0	0	0
A	BL	4	85	9	1	BA1653	6896	9	10	0	0	0	0	0	0	0	0	0
A	BL	4	85	9	1	BA1653	6900	10	0	0	0	0	0	0	0	1	0	0
A	BL	4	85	9	1	BA1653	6971	10	2	0	0	0	0	0	0	0	0	0
A	BL	4	85	9	1	BA1653	6972	2	6	0	0	0	0	0	0	0	0	0
A	BL	4	85	9	1	BA1653	7170	6	8	2	0	1	0	0	0	0	0	0
A	BL	4	85	9	1	BA1653	7173	8	0	0	0	0	0	0	0	1	0	0
A	BL	4	85	9	1	BA1653	7180	8	7	0	0	0	0	0	0	0	0	0
A	BL	4	85	9	1	BA1653	7197	7	8	2	0	1	0	0	0	0	0	0
A	BL	4	85	9	1	BA1653	7207	8	7	0	0	0	0	0	0	0	0	0
A	BL	4	85	9	1	BA1653	7209	7	0	0	0	0	0	0	0	1	0	0
A	BL	4	85	9	1	BA1653	7224	7	8	2	0	1	0	0	0	0	0	0
A	BL	4	85	9	1	BA1653	7226	8	0	0	0	0	0	0	0	1	0	0
A	BL	4	85	9	1	BA1653	7234	8	7	0	0	0	0	0	0	0	0	0
A	BL	4	85	9	1	BA1653	7252	7	8	2	0	1	0	0	0	0	0	0
A	BL	4	85	9	1	BA1653	7254	8	0	0	0	0	0	0	0	1	0	0
A	BL	4	85	9	1	BA1653	7262	8	7	0	0	0	0	0	0	0	0	0
A	BL	4	85	9	1	BA1653	7304	7	8	2	0	1	0	0	0	0	0	0
A	BL	4	85	9	1	BA1653	7314	8	7	0	0	0	0	0	0	0	0	0
A	BL	4	85	9	1	BA1653	7328	7	0	0	0	0	0	0	0	1	0	0
A	BL	4	85	9	1	BA1653	7369	7	8	2	0	1	0	0	0	0	0	0
A	BL	4	85	9	1	BA1653	7379	8	7	0	0	0	0	0	0	0	0	0
A	BL	4	85	9	1	BA1653	7408	7	0	0	0	0	0	0	0	1	0	0
A	BL	4	85	9	1	BA1653	7479	7	8	2	0	1	0	0	0	0	0	0
A	BL	4	85	9	1	BA1653	7489	8	7	0	0	0	0	0	0	0	0	0
A	BL	4	85	9	1	BA1653	7509	7	0	0	0	0	0	0	0	1	0	0
A	BL	4	85	9	1	BA1653	7510	7	8	2	0	1	0	0	0	0	0	0
A	BL	4	85	9	1	BA1653	7520	8	7	0	0	0	0	0	0	0	0	0
A	BL	4	85	9	1	BA1653	7532	7	8	2	0	1	0	0	0	1	0	0
A	BL	4	85	9	1	BA1653	7536	8	0	0	0	0	0	0	0	1	0	0
A	BL	4	85	9	1	BA1653	7539	8	0	0	0	1	0	0	0	0	0	0
A	BL	4	85	9	1	BA1653	7542	8	7	0	0	0	0	0	0	0	0	0
A	BL	4	85	9	1	BA1653	7562	7	0	0	0	0	0	0	0	1	0	0
A	BL	4	85	9	1	BA1653	7575	7	8	2	0	1	0	0	0	0	0	0
A	BL	4	85	9	1	BA1653	7585	8	7	0	0	0	0	0	0	0	0	0
A	BL	4	85	9	1	BA1653	7592	7	0	0	0	0	0	0	0	1	0	0
A	BL	4	85	9	1	BA1653	7595	7	8	2	0	1	0	0	0	0	0	0
A	BL	4	85	9	1	BA1653	7596	8	0	0	0	0	0	0	0	1	0	0
A	BL	4	85	9	1	BA1653	7605	8	7	0	0	0	0	0	0	0	0	0
A	BL	4	85	9	1	BA1653	7616	7	8	2	0	1	0	0	0	0	0	0
A	BL	4	85	9	1	BA1653	7626	8	7	0	0	0	0	0	0	0	0	0
A	BL	4	85	9	1	BA1653	7629	7	0	0	0	0	0	0	0	1	0	0
A	BL	4	85	9	1	BA1653	7660	7	8	2	0	1	0	0	0	0	0	0
A	BL	4	85	9	1	BA1653	7670	8	7	0	0	0	0	0	0	0	0	0
A	BL	4	85	9	1	BA1653	7695	7	0	0	0	0	0	0	0	1	0	0
A	BL	4	85	9	1	BA1653	7773	7	8	2	0	1	0	0	0	0	0	0
A	BL	4	85	9	1	BA1653	7783	8	7	0	0	0	0	0	0	0	0	0
A	BL	4	85	9	1	BA1653	7802	7	0	0	0	0	0	0	0	1	0	0
A	BL	4	85	9	1	BA1653	7807	7	8	2	0	1	0	0	0	0	0	0
A	BL	4	85	9	1	BA1653	7817	8	7	0	0	0	0	0	0	0	0	0
A	BL	4	85	9	1	BA1653	7834	7	0	0	0	0	0	0	0	1	0	0
A	BL	4	85	9	1	BA1653	7836	7	8	2	0	1	0	0	0	0	0	0
A	BL	4	85	9	1	BA1653	7846	8	7	0	0	0	0	0	0	0	0	0
A	BL	4	85	9	1	BA1653	7869	7	0	0	0	0	0	0	0	1	0	0
A	BL	4	85	9	1	BA1653	7881	7	8	2	0	1	0	0	0	0	0	0
A	BL	4	85	9	1	BA1653	7891	8	7	0	0	0	0	0	0	0	0	0
A	BL	4	85	9	1	BA1653	7901	7	0	0	0	0	0	0	0	1	0	0
A	BL	4	85	9	1	BA1653	7932	7	8	2	0	1	0	0	0	0	0	0
A	BL	4	85	9	1	BA1653	7942	8	7	0	0	0	0	0	0	0	0	0
A	BL	4	85	9	1	BA1653	7996	7	0	0	0	0	0	0	0	1	0	0
A	BL	4	85	9	1	BA1653	7997	7	8	2	0	1	0	0	0	0	0	0
A	BL	4	85	9	1	BA1653	8001	8	0	0	0	0	0	0	0	1	0	0
A	BL	4	85	9	1	BA1653	8007	8	7	0	0	0	0	0	0	0	0	0
A	BL	4	85	9	1	BA1653	8097	7	8	2	0	1	0	0	0	0	0	0
A	BL	4	85	9	1	BA1653	8107	8	9	0	0	0	0	0	0	0	0	0
A	BL	4	85	9	1	BA1653	8117	9	10	0	0	0	0	0	0	0	0	0
A	BL	4	85	9	1	BA1653	8122	10	0	0	0	0	0	0	0	1	0	0
A	BL	4	85	9	1	BA1653	8192	10	2	0	0	0	0	0	0	0	0	0
A	BL	4	85	9	1	BA1653	8193	2	3	0	0	0	0	0	0	0	0	0
A	BL	4	85	9	1	BA1653	8585	3	5	1	1	0	0	0	0	0	0	0
A	BL	4	85	9	1	BA1653	8595	5	4	0	0	0	0	0	0	0	0	0
A	BL	4	85	9	1	BA1653	8597	4	0	0	0	0	0	0	1	0	0	0
A	BL	4	85	9	1	BA1653	8641	4	5	1	1	0	0	0	0	0	0	0
A	BL	4	85	9	1	BA1653	8651	5	4	0	0	0	0	0	0	0	0	0
A	BL	4	85	9	1	BA1653	8663	4	0	0	0	0	0	0	1	0	0	0
A	BL	4	85	9	1	BA1653	8724	4	5	1	1	0	0	0	0	0	0	0
A	BL	4	85	9	1	BA1653	8734	5	4	0	0	0	0	0	0	0	0	0
A	BL	4	85	9	1	BA1653	8766	4	0	0	0	0	0	0	1	0	0	0
A	BL	4	85	9	1	BA1653	8770	4	5	1	1	0	0	0	0	0	0	0
A	BL	4	85	9	1	BA1653	8780	5	4	0	0	0	0	0	0	0	0	0
A	BL	4	85	9	1	BA1653	8791	4	0	0	0	0	0	0	1	0	0	0
A	BL	4	85	9	1	BA1653	8814	4	5	1	1	0	0	0	0	0	0	0
A	BL	4	85	9	1	BA1653	8824	5	9	0	0	0	0	0	1	0	0	0
A	BL	4	85	9	1	BA1653	8830	9	0	0	1	0	0	0	0	0	0	0
A	BL	4	85	9	1	BA1653	8834	9	10	0	0	0	0	0	0	0	0	0
A	BL	4	85	9	1	BA1653	8836	10	0	0	0	0	0	0	1	0	0	0
A	BL	4	85	9	1	BA1653	8838	10	0	0	1	0	0	0	0	0	0	0
A	BL	4	85	9	1	BA1653	8840	10	0	0	0	0	0	0	1	0	0	0
A	BL	4	85	9	1	BA1653	8909	10	2	0	0	0	0	0	0	0	0	0
A	BL	4	85	9	1	BA1653	8910	2	3	0	0	0	0	0	0	0	0	0
A	BL	4	85	9	1	BA1653	9037	3	5	1	1	0	0	0	0	0	0	0
A	BL	4	85	9	1	BA1653	9047	5	4	0	0	0	0	0	0	0	0	0
A	BL	4	85	9	1	BA1653	9100	4	0	0	0	0	0	0	1	0	0	0
A	BL	4	85	9	1	BA1653	9141	4	5	1	1	0	0	0	0	0	0	0
A	BL	4	85	9	1	BA1653	9151	5	4	0	0	0	0	0	0	0	0	0
A	BL	4	85	9	1	BA1653	9192	4	0	0	0	0	0	0	1	0	0	0
A	BL	4	85	9	1	BA1653	9218	4	5	1	1	0	0	0	0	0	0	0
A	BL	4	85	9	1	BA1653	9225	5	0	0	0	0	0	0	1	0	0	0
A	BL	4	85	9	1	BA1653	9228	5	4	0	0	0	0	0	0	0	0	0
A	BL	4	85	9	1	BA1653	9239	4	5	1	1	0	0	0	0	0	0	0
A	BL	4	85	9	1	BA1653	9249	5	4	0	0	0	0	0	0	0	0	0
A	BL	4	85	9	1	BA1653	9270	4	0	0	0	0	0	0	1	0	0	0
A	BL	4	85	9	1	BA1653	9326	4	5	1	1	0	0	0	0	0	0	0
A	BL	4	85	9	1	BA1653	9336	5	9	0	0	0	0	0	0	0	0	0
A	BL	4	85	9	1	BA1653	9346	9	10	0	0	0	0	0	0	0	0	0
A	BL	4	85	9	1	BA1653	9349	10	0	0	0	0	0	0	1	0	0	0
A	BL	4	85	9	1	BA1653	9421	10	2	0	0	0	0	0	0	0	0	0
A	BL	4	85	9	1	BA1653	9422	2	6	0	0	0	0	0	0	0	0	0
A	BL	4	85	9	1	BA1653	9632	6	0	0	1	0	0	0	0	0	0	0
A	BL	4	85	9	1	BA1653	9646	6	0	0	0	0	0	0	1	0	0	0
A	BL	4	85	9	1	BA1653	9829	6	0	0	1	0	0	0	0	0	0	0
A	BL	4	85	9	1	BA1653	9842	6	0	0	0	0	0	0	1	0	0	0
A	BL	4	85	9	1	BA1653	9944	6	0	0	1	0	0	0	0	0	0	0
A	BL	4	85	9	1	BA1653	9991	6	0	0	0	0	0	0	1	0	0	0
A	BL	4	85	9	1	BA1653	10071	6	0	0	1	0	0	0	0	0	0	0
A	BL	4	85	9	1	BA1653	10105	6	0	0	0	0	0	0	1	0	0	0
A	BL	4	85	9	1	BA1653	10147	6	0	0	1	0	0	0	0	0	0	0
A	BL	4	85	9	1	BA1653	10175	6	0	0	0	0	0	0	1	0	0	0
A	BL	4	85	9	1	BA1653	10222	6	0	0	1	0	0	0	0	0	0	0
A	BL	4	85	9	1	BA1653	10262	6	0	0	0	0	0	0	1	0	0	0
A	BL	4	85	9	1	BA1653	10335	6	0	0	1	0	0	0	0	0	0	0
A	BL	4	85	9	1	BA1653	10368	6	0	0	0	0	0	0	1	0	0	0
A	BL	4	85	9	1	BA1653	10376	6	0	0	1	0	0	0	0	0	0	0
A	BL	4	85	9	1	BA1653	10420	6	0	0	0	0	0	0	1	0	0	0
A	BL	4	85	9	1	BA1653	10472	6	0	0	1	0	0	0	0	0	0	0
A	BL	4	85	9	1	BA1653	10535	6	0	0	0	0	0	0	1	0	0	0
A	BL	4	85	9	1	BA1653	10616	6	0	0	1	0	0	0	0	0	0	0
A	BL	4	85	9	1	BA1653	10636	6	0	0	0	0	0	0	1	0	0	0
A	BL	4	85	9	1	BA1653	10687	6	8	2	0	1	0	0	0	0	0	0
A	BL	4	85	9	1	BA1653	10697	8	7	0	0	0	0	0	0	0	0	0
A	BL	4	85	9	1	BA1653	10704	7	0	0	0	0	0	0	0	1	0	0
A	BL	4	85	9	1	BA1653	10732	7	8	2	0	1	0	0	0	0	0	0
A	BL	4	85	9	1	BA1653	10742	8	7	0	0	0	0	0	0	0	0	0
A	BL	4	85	9	1	BA1653	10758	7	0	0	0	0	0	0	0	1	0	0
A	BL	4	85	9	1	BA1653	10770	7	8	2	0	1	0	0	0	0	0	0
A	BL	4	85	9	1	BA1653	10775	8	0	0	0	0	0	0	0	1	0	0
A	BL	4	85	9	1	BA1653	10777	8	0	0	0	1	0	0	0	0	0	0
A	BL	4	85	9	1	BA1653	10780	8	7	0	0	0	0	0	0	0	0	0
A	BL	4	85	9	1	BA1653	10794	7	0	0	0	0	0	0	0	1	0	0
A	BL	4	85	9	1	BA1653	10796	7	8	2	0	1	0	0	0	0	0	0
A	BL	4	85	9	1	BA1653	10801	8	0	0	0	0	0	0	0	1	0	0
A	BL	4	85	9	1	BA1653	10806	8	7	0	0	0	0	0	0	0	0	0
A	BL	4	85	9	1	BA1653	10863	7	8	2	0	1	0	0	0	0	0	0
A	BL	4	85	9	1	BA1653	10873	8	7	0	0	0	0	0	0	0	0	0
A	BL	4	85	9	1	BA1653	10910	7	0	0	0	0	0	0	0	1	0	0
A	BL	4	85	9	1	BA1653	10961	7	8	2	0	1	0	0	0	0	0	0
A	BL	4	85	9	1	BA1653	10971	8	7	0	0	0	0	0	0	0	0	0
A	BL	4	85	9	1	BA1653	10990	7	0	0	0	0	0	0	0	1	0	0
A	BL	4	85	9	1	BA1653	10995	7	8	2	0	1	0	0	0	0	0	0
A	BL	4	85	9	1	BA1653	11005	8	7	0	0	0	0	0	0	0	0	0
A	BL	4	85	9	1	BA1653	11011	7	0	0	0	0	0	0	0	1	0	0
A	BL	4	85	9	1	BA1653	11068	7	8	2	0	1	0	0	0	0	0	0
A	BL	4	85	9	1	BA1653	11078	8	7	0	0	0	0	0	0	0	0	0
A	BL	4	85	9	1	BA1653	11140	7	0	0	0	0	0	0	0	1	0	0
A	BL	4	85	9	1	BA1653	11141	7	8	2	0	1	0	0	0	0	0	0
A	BL	4	85	9	1	BA1653	11143	8	0	0	0	0	0	0	0	1	0	0
A	BL	4	85	9	1	BA1653	11144	8	0	0	0	1	0	0	0	0	0	0
A	BL	4	85	9	1	BA1653	11151	8	7	0	0	0	0	0	0	0	0	0
A	BL	4	85	9	1	BA1653	11164	7	0	0	0	0	0	0	0	1	0	0
A	BL	4	85	9	1	BA1653	11187	7	8	2	0	1	0	0	0	0	0	0
A	BL	4	85	9	1	BA1653	11195	8	0	0	0	0	0	0	0	1	0	0
A	BL	4	85	9	1	BA1653	11197	8	7	0	0	0	0	0	0	0	0	0
A	BL	4	85	9	1	BA1653	11200	7	8	2	0	1	0	0	0	0	0	0
A	BL	4	85	9	1	BA1653	11210	8	7	0	0	0	0	0	0	0	0	0
A	BL	4	85	9	1	BA1653	11213	7	0	0	0	0	0	0	0	1	0	0
A	BL	4	85	9	1	BA1653	11227	7	8	2	0	1	0	0	0	0	0	0
A	BL	4	85	9	1	BA1653	11237	8	7	0	0	0	0	0	0	0	0	0
A	BL	4	85	9	1	BA1653	11261	7	0	0	0	0	0	0	0	1	0	0
A	BL	4	85	9	1	BA1653	11306	7	8	2	0	1	0	0	0	0	0	0
A	BL	4	85	9	1	BA1653	11316	8	7	0	0	0	0	0	0	0	0	0
A	BL	4	85	9	1	BA1653	11371	7	0	0	0	0	0	0	0	1	0	0
A	BL	4	85	9	1	BA1653	11615	7	8	2	0	1	0	0	0	0	0	0
A	BL	4	85	9	1	BA1653	11625	8	7	0	0	0	0	0	0	0	0	0
A	BL	4	85	9	1	BA1653	11664	7	0	0	0	0	0	0	0	1	0	0
A	BL	4	85	9	1	BA1653	11782	7	8	2	0	1	0	0	0	0	0	0
A	BL	4	85	9	1	BA1653	11792	8	7	0	0	0	0	0	0	0	0	0
A	BL	4	85	9	1	BA1653	11809	7	0	0	0	0	0	0	0	1	0	0
A	BL	4	85	9	1	BA1653	11813	7	8	2	0	1	0	0	0	0	0	0
A	BL	4	85	9	1	BA1653	11819	8	0	0	0	0	0	0	0	1	0	0
A	BL	4	85	9	1	BA1653	11823	8	7	0	0	0	0	0	0	0	0	0
A	BL	4	85	9	1	BA1653	11864	7	8	2	0	1	0	0	0	0	0	0
A	BL	4	85	9	1	BA1653	11874	8	7	0	0	0	0	0	0	0	0	0
A	BL	4	85	9	1	BA1653	11919	7	0	0	0	0	0	0	0	1	0	0
A	BL	4	85	9	1	BA1653	11961	7	8	2	0	1	0	0	0	0	0	0
A	BL	4	85	9	1	BA1653	11971	8	7	0	0	0	0	0	0	0	0	0
A	BL	4	85	9	1	BA1653	12061	7	0	0	0	0	0	0	0	1	0	0
A	BL	4	85	9	1	BA1653	12066	7	8	2	0	1	0	0	0	0	0	0
A	BL	4	85	9	1	BA1653	12076	8	7	0	0	0	0	0	0	0	0	0
A	BL	4	85	9	1	BA1653	12089	7	0	0	0	0	0	0	0	1	0	0
A	BL	4	85	9	1	BA1653	12100	7	8	2	0	1	0	0	0	0	0	0
A	BL	4	85	9	1	BA1653	12110	8	9	0	0	0	0	0	0	0	0	0
A	BL	4	85	9	1	BA1653	12120	9	10	0	0	0	0	0	0	0	0	0
A	BL	4	85	9	1	BA1653	12128	10	0	0	0	0	0	0	0	1	0	0
A	BL	4	85	9	1	BA1653	12195	10	2	0	0	0	0	0	0	0	0	0
A	BL	4	85	9	1	BA1653	12196	2	6	0	0	0	0	0	0	0	0	0
A	BL	4	85	9	1	BA1653	12515	6	8	2	0	1	0	0	0	0	0	0
A	BL	4	85	9	1	BA1653	12520	8	0	0	0	0	0	0	0	1	0	0
A	BL	4	85	9	1	BA1653	12525	8	7	0	0	0	0	0	0	0	0	0
A	BL	4	85	9	1	BA1653	12533	7	8	2	0	1	0	0	0	0	0	0
A	BL	4	85	9	1	BA1653	12543	8	7	0	0	0	0	0	0	0	0	0
A	BL	4	85	9	1	BA1653	12550	7	0	0	0	0	0	0	0	1	0	0
A	BL	4	85	9	1	BA1653	12626	7	8	2	0	1	0	0	0	0	0	0
A	BL	4	85	9	1	BA1653	12636	8	7	0	0	0	0	0	0	0	0	0
A	BL	4	85	9	1	BA1653	12675	7	0	0	0	0	0	0	0	1	0	0
A	BL	4	85	9	1	BA1653	12708	7	8	2	0	1	0	0	0	0	0	0
A	BL	4	85	9	1	BA1653	12718	8	7	0	0	0	0	0	0	0	0	0
A	BL	4	85	9	1	BA1653	12749	7	0	0	0	0	0	0	0	1	0	0
A	BL	4	85	9	1	BA1653	12752	7	8	2	0	1	0	0	0	0	0	0
A	BL	4	85	9	1	BA1653	12762	8	7	0	0	0	0	0	0	0	0	0
A	BL	4	85	9	1	BA1653	12771	7	0	0	0	0	0	0	0	1	0	0
A	BL	4	85	9	1	BA1653	12786	7	8	2	0	1	0	0	0	0	0	0
A	BL	4	85	9	1	BA1653	12790	8	0	0	0	0	0	0	0	1	0	0
A	BL	4	85	9	1	BA1653	12794	8	0	0	0	1	0	0	0	0	0	0
A	BL	4	85	9	1	BA1653	12796	8	7	0	0	0	0	0	0	0	0	0
A	BL	4	85	9	1	BA1653	12800	7	8	2	0	1	0	0	0	1	0	0
A	BL	4	85	9	1	BA1653	12802	8	0	0	0	0	0	0	0	1	0	0
A	BL	4	85	9	1	BA1653	12805	8	0	0	0	1	0	0	0	0	0	0
A	BL	4	85	9	1	BA1653	12810	8	7	0	0	0	0	0	0	1	0	0
A	BL	4	85	9	1	BA1653	12815	7	8	2	0	1	0	0	0	0	0	0
A	BL	4	85	9	1	BA1653	12825	8	7	0	0	0	0	0	0	0	0	0
A	BL	4	85	9	1	BA1653	12868	7	0	0	0	0	0	0	0	1	0	0
A	BL	4	85	9	1	BA1653	12892	7	8	2	0	1	0	0	0	0	0	0
A	BL	4	85	9	1	BA1653	12902	8	7	0	0	0	0	0	0	0	0	0
A	BL	4	85	9	1	BA1653	12935	7	0	0	0	0	0	0	0	1	0	0
A	BL	4	85	9	1	BA1653	12992	7	8	2	0	1	0	0	0	0	0	0
A	BL	4	85	9	1	BA1653	13002	8	7	0	0	0	0	0	0	0	0	0
A	BL	4	85	9	1	BA1653	13069	7	0	0	0	0	0	0	0	1	0	0
A	BL	4	85	9	1	BA1653	13153	7	8	2	0	1	0	0	0	0	0	0
A	BL	4	85	9	1	BA1653	13163	8	7	0	0	0	0	0	0	0	0	0
A	BL	4	85	9	1	BA1653	13237	7	0	0	0	0	0	0	0	1	0	0
A	BL	4	85	9	1	BA1653	13286	7	8	2	0	1	0	0	0	0	0	0
A	BL	4	85	9	1	BA1653	13296	8	7	0	0	0	0	0	0	0	0	0
A	BL	4	85	9	1	BA1653	13338	7	0	0	0	0	0	0	0	1	0	0
A	BL	4	85	9	1	BA1653	13340	7	8	2	0	1	0	0	0	0	0	0
A	BL	4	85	9	1	BA1653	13343	8	0	0	0	0	0	0	0	1	0	0
A	BL	4	85	9	1	BA1653	13350	8	7	0	0	0	0	0	0	0	0	0
A	BL	4	85	9	1	BA1653	13361	7	8	2	0	1	0	0	0	0	0	0
A	BL	4	85	9	1	BA1653	13367	8	0	0	0	0	0	0	0	1	0	0
A	BL	4	85	9	1	BA1653	13371	8	7	0	0	0	0	0	0	0	0	0
A	BL	4	85	9	1	BA1653	13374	7	8	2	0	1	0	0	0	0	0	0
A	BL	4	85	9	1	BA1653	13384	8	7	0	0	0	0	0	0	0	0	0
A	BL	4	85	9	1	BA1653	13391	7	0	0	0	0	0	0	0	1	0	0
A	BL	4	85	9	1	BA1653	13400	7	8	2	0	1	0	0	0	0	0	0
A	BL	4	85	9	1	BA1653	13410	8	7	0	0	0	0	0	0	0	0	0
A	BL	4	85	9	1	BA1653	13449	7	0	0	0	0	0	0	0	1	0	0
A	BL	4	85	9	1	BA1653	13459	7	8	2	0	1	0	0	0	0	0	0
A	BL	4	85	9	1	BA1653	13469	8	7	0	0	0	0	0	0	0	0	0
A	BL	4	85	9	1	BA1653	13497	7	0	0	0	0	0	0	0	1	0	0
A	BL	4	85	9	1	BA1653	13601	7	8	2	0	1	0	0	0	0	0	0
A	BL	4	85	9	1	BA1653	13611	8	7	0	0	0	0	0	0	0	0	0
A	BL	4	85	9	1	BA1653	13614	7	0	0	0	0	0	0	0	1	0	0
A	BL	4	85	9	1	BA1653	13625	7	8	2	0	1	0	0	0	0	0	0
A	BL	4	85	9	1	BA1653	13627	8	0	0	0	0	0	0	0	1	0	0
A	BL	4	85	9	1	BA1653	13633	8	0	0	0	1	0	0	0	0	0	0
A	BL	4	85	9	1	BA1653	13635	8	7	0	0	0	0	0	0	0	0	0
A	BL	4	85	9	1	BA1653	13655	7	0	0	0	0	0	0	0	1	0	0
A	BL	4	85	9	1	BA1653	13669	7	8	2	0	1	0	0	0	0	0	0
A	BL	4	85	9	1	BA1653	13670	8	0	0	0	0	0	0	0	1	0	0
A	BL	4	85	9	1	BA1653	13679	8	9	0	0	0	0	0	0	0	0	0
A	BL	4	85	9	1	BA1653	13680	9	0	0	0	1	0	0	0	0	0	0
A	BL	4	85	9	1	BA1653	13684	9	0	0	0	0	0	0	0	1	0	0
A	BL	4	85	9	1	BA1653	13687	9	0	0	0	1	0	0	0	0	0	0
A	BL	4	85	9	1	BA1653	13689	9	10	0	0	0	0	0	0	0	0	0
A	BL	4	85	9	1	BA1653	13691	10	0	0	0	0	0	0	0	1	0	0
A	BL	4	85	9	1	BA1653	13764	10	2	0	0	0	0	0	0	0	0	0
A	BL	4	85	9	1	BA1653	13765	2	6	0	0	0	0	0	0	0	0	0
A	BL	4	85	9	1	BA1653	14071	6	8	2	0	1	0	0	0	0	0	0
A	BL	4	85	9	1	BA1653	14074	8	0	0	0	0	0	0	0	1	0	0
A	BL	4	85	9	1	BA1653	14079	8	0	0	0	1	0	0	0	0	0	0
A	BL	4	85	9	1	BA1653	14081	8	7	0	0	0	0	0	0	0	0	0
A	BL	4	85	9	1	BA1653	14087	7	0	0	0	0	0	0	0	1	0	0
A	BL	4	85	9	1	BA1653	14148	7	8	2	0	1	0	0	0	0	0	0
A	BL	4	85	9	1	BA1653	14158	8	7	0	0	0	0	0	0	0	0	0
A	BL	4	85	9	1	BA1653	14182	7	0	0	0	0	0	0	0	1	0	0
A	BL	4	85	9	1	BA1653	14241	7	8	2	0	1	0	0	0	0	0	0
A	BL	4	85	9	1	BA1653	14251	8	7	0	0	0	0	0	0	0	0	0
A	BL	4	85	9	1	BA1653	14270	7	0	0	0	0	0	0	0	1	0	0
A	BL	4	85	9	1	BA1653	14362	7	8	2	0	1	0	0	0	0	0	0
A	BL	4	85	9	1	BA1653	14372	8	7	0	0	0	0	0	0	0	0	0
A	BL	4	85	9	1	BA1653	14417	7	0	0	0	0	0	0	0	1	0	0
A	BL	4	85	9	1	BA1653	14422	7	8	2	0	1	0	0	0	0	0	0
A	BL	4	85	9	1	BA1653	14432	8	7	0	0	0	0	0	0	0	0	0
A	BL	4	85	9	1	BA1653	14434	7	0	0	0	0	0	0	0	1	0	0
A	BL	4	85	9	1	BA1653	14516	7	8	2	0	1	0	0	0	0	0	0
A	BL	4	85	9	1	BA1653	14526	8	7	0	0	0	0	0	0	0	0	0
A	BL	4	85	9	1	BA1653	14548	7	0	0	0	0	0	0	0	1	0	0
A	BL	4	85	9	1	BA1653	14575	7	8	2	0	1	0	0	0	0	0	0
A	BL	4	85	9	1	BA1653	14585	8	7	0	0	0	0	0	0	0	0	0
A	BL	4	85	9	1	BA1653	14604	7	0	0	0	0	0	0	0	1	0	0
A	BL	4	85	9	1	BA1653	14605	7	8	2	0	1	0	0	0	0	0	0
A	BL	4	85	9	1	BA1653	14607	8	0	0	0	0	0	0	0	1	0	0
A	BL	4	85	9	1	BA1653	14615	8	7	0	0	0	0	0	0	0	0	0
A	BL	4	85	9	1	BA1653	14626	7	8	2	0	1	0	0	0	0	0	0
A	BL	4	85	9	1	BA1653	14636	8	7	0	0	0	0	0	0	0	0	0
A	BL	4	85	9	1	BA1653	14673	7	0	0	0	0	0	0	0	1	0	0
A	BL	4	85	9	1	BA1653	14726	7	8	2	0	1	0	0	0	0	0	0
A	BL	4	85	9	1	BA1653	14728	8	0	0	0	0	0	0	0	1	0	0
A	BL	4	85	9	1	BA1653	14736	8	7	0	0	0	0	0	0	0	0	0
A	BL	4	85	9	1	BA1653	14751	7	8	2	0	1	0	0	0	0	0	0
A	BL	4	85	9	1	BA1653	14761	8	7	0	0	0	0	0	0	0	0	0
A	BL	4	85	9	1	BA1653	14763	7	0	0	0	0	0	0	0	1	0	0
A	BL	4	85	9	1	BA1653	14775	7	8	2	0	1	0	0	0	0	0	0
A	BL	4	85	9	1	BA1653	14785	8	7	0	0	0	0	0	0	0	0	0
A	BL	4	85	9	1	BA1653	14791	7	0	0	0	0	0	0	0	1	0	0
A	BL	4	85	9	1	BA1653	14795	7	8	2	0	1	0	0	0	0	0	0
A	BL	4	85	9	1	BA1653	14800	8	0	0	0	0	0	0	0	1	0	0
A	BL	4	85	9	1	BA1653	14805	8	7	0	0	0	0	0	0	0	0	0
A	BL	4	85	9	1	BA1653	14806	7	8	2	0	1	0	0	0	0	0	0
A	BL	4	85	9	1	BA1653	14807	8	0	0	0	0	0	0	0	1	0	0
A	BL	4	85	9	1	BA1653	14816	8	7	0	0	0	0	0	0	0	0	0
A	BL	4	85	9	1	BA1653	14828	7	8	2	0	1	0	0	0	0	0	0
A	BL	4	85	9	1	BA1653	14829	8	0	0	0	0	0	0	0	1	0	0
A	BL	4	85	9	1	BA1653	14831	8	0	0	0	1	0	0	0	0	0	0
A	BL	4	85	9	1	BA1653	14838	8	7	0	0	0	0	0	0	0	0	0
A	BL	4	85	9	1	BA1653	14866	7	0	0	0	0	0	0	0	1	0	0
A	BL	4	85	9	1	BA1653	14921	7	8	2	0	1	0	0	0	0	0	0
A	BL	4	85	9	1	BA1653	14931	8	7	0	0	0	0	0	0	0	0	0
A	BL	4	85	9	1	BA1653	14994	7	0	0	0	0	0	0	0	1	0	0
A	BL	4	85	9	1	BA1653	15013	7	8	2	0	1	0	0	0	0	0	0
A	BL	4	85	9	1	BA1653	15023	8	7	0	0	0	0	0	0	0	0	0
A	BL	4	85	9	1	BA1653	15080	7	0	0	0	0	0	0	0	1	0	0
A	BL	4	85	9	1	BA1653	15086	7	8	2	0	1	0	0	0	0	0	0
A	BL	4	85	9	1	BA1653	15096	8	7	0	0	0	0	0	0	1	0	0
A	BL	4	85	9	1	BA1653	15100	7	8	2	0	1	0	0	0	0	0	0
A	BL	4	85	9	1	BA1653	15103	8	0	0	0	0	0	0	0	1	0	0
A	BL	4	85	9	1	BA1653	15104	8	0	0	0	1	0	0	0	0	0	0
A	BL	4	85	9	1	BA1653	15110	8	7	0	0	0	0	0	0	0	0	0
A	BL	4	85	9	1	BA1653	15140	7	0	0	0	0	0	0	0	1	0	0
A	BL	4	85	9	1	BA1653	15327	7	8	2	0	1	0	0	0	0	0	0
A	BL	4	85	9	1	BA1653	15337	8	9	0	0	0	0	0	0	0	0	0
A	BL	4	85	9	1	BA1653	15347	9	10	0	0	0	0	0	0	1	0	0
A	BL	4	85	9	1	BA1653	15422	10	2	0	0	0	0	0	0	0	0	0
A	BL	4	85	9	1	BA1653	15423	2	3	0	0	0	0	0	0	0	0	0
A	BL	4	85	9	1	BA1653	15768	3	5	1	1	0	0	0	0	0	0	0
A	BL	4	85	9	1	BA1653	15773	5	0	0	0	0	0	0	1	0	0	0
A	BL	4	85	9	1	BA1653	15778	5	4	0	0	0	0	0	0	0	0	0
A	BL	4	85	9	1	BA1653	15839	4	5	1	1	0	0	0	0	0	0	0
A	BL	4	85	9	1	BA1653	15849	5	4	0	0	0	0	0	0	0	0	0
A	BL	4	85	9	1	BA1653	15883	4	0	0	0	0	0	0	1	0	0	0
A	BL	4	85	9	1	BA1653	15918	4	5	1	1	0	0	0	0	0	0	0
A	BL	4	85	9	1	BA1653	15928	5	4	0	0	0	0	0	0	0	0	0
A	BL	4	85	9	1	BA1653	15972	4	0	0	0	0	0	0	1	0	0	0
A	BL	4	85	9	1	BA1653	16030	4	5	1	1	0	0	0	0	0	0	0
A	BL	4	85	9	1	BA1653	16040	5	4	0	0	0	0	0	0	0	0	0
A	BL	4	85	9	1	BA1653	16063	4	0	0	0	0	0	0	1	0	0	0
A	BL	4	85	9	1	BA1653	16075	4	5	1	1	0	0	0	0	0	0	0
A	BL	4	85	9	1	BA1653	16085	5	9	0	0	0	0	0	1	0	0	0
A	BL	4	85	9	1	BA1653	16088	9	0	0	1	0	0	0	0	0	0	0
A	BL	4	85	9	1	BA1653	16095	9	10	0	0	0	0	0	1	0	0	0
A	BL	4	85	9	1	BA1653	16170	10	2	0	0	0	0	0	0	0	0	0
A	BL	4	85	9	1	BA1653	16171	2	6	0	0	0	0	0	0	0	0	0
A	BL	4	85	9	1	BA1653	17908	6	8	2	0	1	0	0	0	0	0	0
A	BL	4	85	9	1	BA1653	17918	8	7	0	0	0	0	0	0	0	0	0
A	BL	4	85	9	1	BA1653	17923	7	0	0	0	0	0	0	0	1	0	0
A	BL	4	85	9	1	BA1653	18018	7	8	2	0	1	0	0	0	0	0	0
A	BL	4	85	9	1	BA1653	18028	8	7	0	0	0	0	0	0	0	0	0
A	BL	4	85	9	1	BA1653	18044	7	0	0	0	0	0	0	0	1	0	0
A	BL	4	85	9	1	BA1653	18145	7	8	2	0	1	0	0	0	0	0	0
A	BL	4	85	9	1	BA1653	18155	8	7	0	0	0	0	0	0	0	0	0
A	BL	4	85	9	1	BA1653	18158	7	0	0	0	0	0	0	0	1	0	0
A	BL	4	85	9	1	BA1653	18160	7	8	2	0	1	0	0	0	0	0	0
A	BL	4	85	9	1	BA1653	18164	8	0	0	0	0	0	0	0	1	0	0
A	BL	4	85	9	1	BA1653	18170	8	7	0	0	0	0	0	0	0	0	0
A	BL	4	85	9	1	BA1653	18173	7	8	2	0	1	0	0	0	0	0	0
A	BL	4	85	9	1	BA1653	18183	8	7	0	0	0	0	0	0	0	0	0
A	BL	4	85	9	1	BA1653	18206	7	0	0	0	0	0	0	0	1	0	0
A	BL	4	85	9	1	BA1653	18299	7	8	2	0	1	0	0	0	0	0	0
A	BL	4	85	9	1	BA1653	18309	8	7	0	0	0	0	0	0	0	0	0
A	BL	4	85	9	1	BA1653	18348	7	0	0	0	0	0	0	0	1	0	0
A	BL	4	85	9	1	BA1653	18403	7	8	2	0	1	0	0	0	0	0	0
A	BL	4	85	9	1	BA1653	18413	8	7	0	0	0	0	0	0	0	0	0
A	BL	4	85	9	1	BA1653	18479	7	0	0	0	0	0	0	0	1	0	0
A	BL	4	85	9	1	BA1653	18505	7	8	2	0	1	0	0	0	0	0	0
A	BL	4	85	9	1	BA1653	18512	8	0	0	0	0	0	0	0	1	0	0
A	BL	4	85	9	1	BA1653	18514	8	0	0	0	1	0	0	0	0	0	0
A	BL	4	85	9	1	BA1653	18515	8	7	0	0	0	0	0	0	0	0	0
A	BL	4	85	9	1	BA1653	18526	7	0	0	0	0	0	0	0	1	0	0
A	BL	4	85	9	1	BA1653	18529	7	8	2	0	1	0	0	0	0	0	0
A	BL	4	85	9	1	BA1653	18539	8	7	0	0	0	0	0	0	0	0	0
A	BL	4	85	9	1	BA1653	18593	7	0	0	0	0	0	0	0	1	0	0
A	BL	4	85	9	1	BA1653	18745	7	8	2	0	1	0	0	0	0	0	0
A	BL	4	85	9	1	BA1653	18755	8	7	0	0	0	0	0	0	0	0	0
A	BL	4	85	9	1	BA1653	18769	7	0	0	0	0	0	0	0	1	0	0
A	BL	4	85	9	1	BA1653	18775	7	8	2	0	1	0	0	0	0	0	0
A	BL	4	85	9	1	BA1653	18785	8	7	0	0	0	0	0	0	0	0	0
A	BL	4	85	9	1	BA1653	18795	7	0	0	0	0	0	0	0	1	0	0
A	BL	4	85	9	1	BA1653	18808	7	8	2	0	1	0	0	0	0	0	0
A	BL	4	85	9	1	BA1653	18815	8	0	0	0	0	0	0	0	1	0	0
A	BL	4	85	9	1	BA1653	18817	8	0	0	0	1	0	0	0	0	0	0
A	BL	4	85	9	1	BA1653	18818	8	7	0	0	0	0	0	0	0	0	0
A	BL	4	85	9	1	BA1653	18821	7	0	0	0	0	0	0	0	1	0	0
A	BL	4	85	9	1	BA1653	18824	7	8	2	0	1	0	0	0	0	0	0
A	BL	4	85	9	1	BA1653	18832	8	0	0	0	0	0	0	0	1	0	0
A	BL	4	85	9	1	BA1653	18834	8	7	0	0	0	0	0	0	0	0	0
A	BL	4	85	9	1	BA1653	18835	7	8	2	0	1	0	0	0	0	0	0
A	BL	4	85	9	1	BA1653	18845	8	7	0	0	0	0	0	0	0	0	0
A	BL	4	85	9	1	BA1653	18862	7	0	0	0	0	0	0	0	1	0	0
A	BL	4	85	9	1	BA1653	18864	7	8	2	0	1	0	0	0	0	0	0
A	BL	4	85	9	1	BA1653	18874	8	7	0	0	0	0	0	0	0	0	0
A	BL	4	85	9	1	BA1653	18881	7	0	0	0	0	0	0	0	1	0	0
A	BL	4	85	9	1	BA1653	18917	7	8	2	0	1	0	0	0	0	0	0
A	BL	4	85	9	1	BA1653	18919	8	0	0	0	0	0	0	0	1	0	0
A	BL	4	85	9	1	BA1653	18924	8	0	0	0	1	0	0	0	0	0	0
A	BL	4	85	9	1	BA1653	18926	8	0	0	0	0	0	0	0	1	0	0
A	BL	4	85	9	1	BA1653	18927	8	7	0	0	1	0	0	0	0	0	0
A	BL	4	85	9	1	BA1653	18947	7	0	0	0	0	0	0	0	1	0	0
A	BL	4	85	9	1	BA1653	19018	7	8	2	0	1	0	0	0	0	0	0
A	BL	4	85	9	1	BA1653	19028	8	7	0	0	0	0	0	0	1	0	0
A	BL	4	85	9	1	BA1653	19029	7	8	2	0	1	0	0	0	0	0	0
A	BL	4	85	9	1	BA1653	19039	8	7	0	0	0	0	0	0	0	0	0
A	BL	4	85	9	1	BA1653	19074	7	0	0	0	0	0	0	0	1	0	0
A	BL	4	85	9	1	BA1653	19142	7	8	2	0	1	0	0	0	0	0	0
A	BL	4	85	9	1	BA1653	19152	8	7	0	0	0	0	0	0	0	0	0
A	BL	4	85	9	1	BA1653	19162	7	8	2	0	1	0	0	0	1	0	0
A	BL	4	85	9	1	BA1653	19166	8	0	0	0	0	0	0	0	1	0	0
A	BL	4	85	9	1	BA1653	19169	8	0	0	0	1	0	0	0	0	0	0
A	BL	4	85	9	1	BA1653	19172	8	9	0	0	0	0	0	0	0	0	0
A	BL	4	85	9	1	BA1653	19182	9	10	0	0	0	0	0	0	0	0	0
A	BL	4	85	9	1	BA1653	19187	10	0	0	0	0	0	0	0	1	0	0
A	BL	4	85	9	1	BA1653	19257	10	2	0	0	0	0	0	0	0	0	0
A	BL	4	85	9	1	BA1653	19258	2	3	0	0	0	0	0	0	0	0	0
A	BL	4	85	9	1	BA1653	19833	3	5	1	1	0	0	0	0	0	0	0
A	BL	4	85	9	1	BA1653	19843	5	4	0	0	0	0	0	0	0	0	0
A	BL	4	85	9	1	BA1653	19855	4	0	0	0	0	0	0	1	0	0	0
A	BL	4	85	9	1	BA1653	19939	4	5	1	1	0	0	0	0	0	0	0
A	BL	4	85	9	1	BA1653	19949	5	4	0	0	0	0	0	0	0	0	0
A	BL	4	85	9	1	BA1653	19956	4	0	0	0	0	0	0	1	0	0	0
A	BL	4	85	9	1	BA1653	20000	4	5	1	1	0	0	0	0	0	0	0
A	BL	4	85	9	1	BA1653	20010	5	4	0	0	0	0	0	0	0	0	0
A	BL	4	85	9	1	BA1653	20035	4	0	0	0	0	0	0	1	0	0	0
A	BL	4	85	9	1	BA1653	20093	4	5	1	1	0	0	0	0	0	0	0
A	BL	4	85	9	1	BA1653	20103	5	4	0	0	0	0	0	0	0	0	0
A	BL	4	85	9	1	BA1653	20136	4	0	0	0	0	0	0	1	0	0	0
A	BL	4	85	9	1	BA1653	20179	4	5	1	1	0	0	0	0	0	0	0
A	BL	4	85	9	1	BA1653	20189	5	9	0	0	0	0	0	0	0	0	0
A	BL	4	85	9	1	BA1653	20199	9	10	0	0	0	0	0	0	0	0	0
A	BL	4	85	9	1	BA1653	20201	10	0	0	0	0	0	0	1	0	0	0
A	BL	4	85	9	1	BA1653	20274	10	2	0	0	0	0	0	0	0	0	0
A	BL	4	85	9	1	BA1653	20275	2	3	0	0	0	0	0	0	0	0	0
A	BL	4	85	9	1	BA1653	20553	3	5	1	1	0	0	0	0	0	0	0
A	BL	4	85	9	1	BA1653	20563	5	4	0	0	0	0	0	0	0	0	0
A	BL	4	85	9	1	BA1653	20592	4	0	0	0	0	0	0	1	0	0	0
A	BL	4	85	9	1	BA1653	20596	4	5	1	1	0	0	0	0	0	0	0
A	BL	4	85	9	1	BA1653	20602	5	0	0	0	0	0	0	1	0	0	0
A	BL	4	85	9	1	BA1653	20606	5	4	0	0	0	0	0	0	0	0	0
A	BL	4	85	9	1	BA1653	20732	4	5	1	1	0	0	0	0	0	0	0
A	BL	4	85	9	1	BA1653	20742	5	4	0	0	0	0	0	0	0	0	0
A	BL	4	85	9	1	BA1653	20821	4	0	0	0	0	0	0	1	0	0	0
A	BL	4	85	9	1	BA1653	20870	4	5	1	1	0	0	0	0	0	0	0
A	BL	4	85	9	1	BA1653	20880	5	4	0	0	0	0	0	0	0	0	0
A	BL	4	85	9	1	BA1653	20922	4	0	0	0	0	0	0	1	0	0	0
A	BL	4	85	9	1	BA1653	20991	4	5	1	1	0	0	0	0	0	0	0
A	BL	4	85	9	1	BA1653	21001	5	9	0	0	0	0	0	0	0	0	0
A	BL	4	85	9	1	BA1653	21011	9	10	0	0	0	0	0	0	0	0	0
A	BL	4	85	9	1	BA1653	21013	10	0	0	0	0	0	0	1	0	0	0
A	BL	4	85	9	1	BA1653	21086	10	2	0	0	0	0	0	0	0	0	0
A	BL	4	85	9	1	BA1653	21087	2	3	0	0	0	0	0	0	0	0	0
A	BL	4	85	9	1	BA1653	21371	3	5	1	1	0	0	0	0	0	0	0
A	BL	4	85	9	1	BA1653	21381	5	4	0	0	0	0	0	0	0	0	0
A	BL	4	85	9	1	BA1653	21390	4	0	0	0	0	0	0	1	0	0	0
A	BL	4	85	9	1	BA1653	21425	4	5	1	1	0	0	0	0	0	0	0
A	BL	4	85	9	1	BA1653	21435	5	4	0	0	0	0	0	0	0	0	0
A	BL	4	85	9	1	BA1653	21441	4	0	0	0	0	0	0	1	0	0	0
A	BL	4	85	9	1	BA1653	21449	4	5	1	1	0	0	0	0	0	0	0
A	BL	4	85	9	1	BA1653	21459	5	4	0	0	0	0	0	0	0	0	0
A	BL	4	85	9	1	BA1653	21474	4	0	0	0	0	0	0	1	0	0	0
A	BL	4	85	9	1	BA1653	21523	4	5	1	1	0	0	0	0	0	0	0
A	BL	4	85	9	1	BA1653	21533	5	4	0	0	0	0	0	0	0	0	0
A	BL	4	85	9	1	BA1653	21569	4	0	0	0	0	0	0	1	0	0	0
A	BL	4	85	9	1	BA1653	21627	4	5	1	1	0	0	0	0	0	0	0
A	BL	4	85	9	1	BA1653	21637	5	9	0	0	0	0	0	0	0	0	0
A	BL	4	85	9	1	BA1653	21647	9	10	0	0	0	0	0	0	0	0	0
A	BL	4	85	9	1	BA1653	21650	10	0	0	0	0	0	0	1	0	0	0
A	BL	4	85	9	1	BA1653	21722	10	2	0	0	0	0	0	0	0	0	0
A	BL	4	85	9	1	BA1653	21723	2	6	0	0	0	0	0	0	0	0	0
A	BL	4	85	9	1	BA1653	22554	6	8	2	0	1	0	0	0	0	0	0
A	BL	4	85	9	1	BA1653	22562	8	0	0	0	0	0	0	0	1	0	0
A	BL	4	85	9	1	BA1653	22564	8	7	0	0	0	0	0	0	0	0	0
A	BL	4	85	9	1	BA1653	22638	7	8	2	0	1	0	0	0	0	0	0
A	BL	4	85	9	1	BA1653	22640	8	0	0	0	0	0	0	0	1	0	0
A	BL	4	85	9	1	BA1653	22643	8	0	0	0	1	0	0	0	0	0	0
A	BL	4	85	9	1	BA1653	22644	8	0	0	0	0	0	0	0	1	0	0
A	BL	4	85	9	1	BA1653	22648	8	7	0	0	0	0	0	0	0	0	0
A	BL	4	85	9	1	BA1653	22664	7	8	2	0	1	0	0	0	0	0	0
A	BL	4	85	9	1	BA1653	22674	8	7	0	0	0	0	0	0	0	0	0
A	BL	4	85	9	1	BA1653	22702	7	0	0	0	0	0	0	0	1	0	0
A	BL	4	85	9	1	BA1653	22757	7	8	2	0	1	0	0	0	0	0	0
A	BL	4	85	9	1	BA1653	22767	8	7	0	0	0	0	0	0	0	0	0
A	BL	4	85	9	1	BA1653	22792	7	0	0	0	0	0	0	0	1	0	0
A	BL	4	85	9	1	BA1653	22807	7	8	2	0	1	0	0	0	0	0	0
A	BL	4	85	9	1	BA1653	22809	8	0	0	0	0	0	0	0	1	0	0
A	BL	4	85	9	1	BA1653	22817	8	7	0	0	0	0	0	0	0	0	0
A	BL	4	85	9	1	BA1653	22831	7	8	2	0	1	0	0	0	0	0	0
A	BL	4	85	9	1	BA1653	22841	8	7	0	0	0	0	0	0	0	0	0
A	BL	4	85	9	1	BA1653	22851	7	0	0	0	0	0	0	0	1	0	0
A	BL	4	85	9	1	BA1653	22915	7	8	2	0	1	0	0	0	0	0	0
A	BL	4	85	9	1	BA1653	22925	8	7	0	0	0	0	0	0	0	0	0
A	BL	4	85	9	1	BA1653	22965	7	0	0	0	0	0	0	0	1	0	0
A	BL	4	85	9	1	BA1653	22974	7	8	2	0	1	0	0	0	0	0	0
A	BL	4	85	9	1	BA1653	22984	8	7	0	0	0	0	0	0	0	0	0
A	BL	4	85	9	1	BA1653	22995	7	0	0	0	0	0	0	0	1	0	0
A	BL	4	85	9	1	BA1653	22999	7	8	2	0	1	0	0	0	0	0	0
A	BL	4	85	9	1	BA1653	23009	8	7	0	0	0	0	0	0	0	0	0
A	BL	4	85	9	1	BA1653	23039	7	0	0	0	0	0	0	0	1	0	0
A	BL	4	85	9	1	BA1653	23059	7	8	2	0	1	0	0	0	0	0	0
A	BL	4	85	9	1	BA1653	23065	8	0	0	0	0	0	0	0	1	0	0
A	BL	4	85	9	1	BA1653	23068	8	0	0	0	1	0	0	0	0	0	0
A	BL	4	85	9	1	BA1653	23069	8	7	0	0	0	0	0	0	0	0	0
A	BL	4	85	9	1	BA1653	23144	7	0	0	0	0	0	0	0	1	0	0
A	BL	4	85	9	1	BA1653	23222	7	8	2	0	1	0	0	0	0	0	0
A	BL	4	85	9	1	BA1653	23232	8	7	0	0	0	0	0	0	0	0	0
A	BL	4	85	9	1	BA1653	23300	7	0	0	0	0	0	0	0	1	0	0
A	BL	4	85	9	1	BA1653	23375	7	8	2	0	1	0	0	0	0	0	0
A	BL	4	85	9	1	BA1653	23385	8	7	0	0	0	0	0	0	0	0	0
A	BL	4	85	9	1	BA1653	23428	7	0	0	0	0	0	0	0	1	0	0
A	BL	4	85	9	1	BA1653	23508	7	8	2	0	1	0	0	0	0	0	0
A	BL	4	85	9	1	BA1653	23518	8	7	0	0	0	0	0	0	0	0	0
A	BL	4	85	9	1	BA1653	23565	7	0	0	0	0	0	0	0	1	0	0
A	BL	4	85	9	1	BA1653	23580	7	8	2	0	1	0	0	0	0	0	0
A	BL	4	85	9	1	BA1653	23589	8	0	0	0	0	0	0	0	1	0	0
A	BL	4	85	9	1	BA1653	23590	8	7	0	0	0	0	0	0	0	0	0
A	BL	4	85	9	1	BA1653	23591	7	8	2	0	1	0	0	0	0	0	0
A	BL	4	85	9	1	BA1653	23601	8	7	0	0	0	0	0	0	0	0	0
A	BL	4	85	9	1	BA1653	23645	7	0	0	0	0	0	0	0	1	0	0
A	BL	4	85	9	1	BA1653	23701	7	8	2	0	1	0	0	0	0	0	0
A	BL	4	85	9	1	BA1653	23703	8	0	0	0	0	0	0	0	1	0	0
A	BL	4	85	9	1	BA1653	23705	8	0	0	0	1	0	0	0	0	0	0
A	BL	4	85	9	1	BA1653	23711	8	7	0	0	0	0	0	0	0	0	0
A	BL	4	85	9	1	BA1653	23805	7	0	0	0	0	0	0	0	1	0	0
A	BL	4	85	9	1	BA1653	23806	7	8	2	0	1	0	0	0	0	0	0
A	BL	4	85	9	1	BA1653	23807	8	0	0	0	0	0	0	0	1	0	0
A	BL	4	85	9	1	BA1653	23816	8	7	0	0	0	0	0	0	0	0	0
A	BL	4	85	9	1	BA1653	23821	7	8	2	0	1	0	0	0	0	0	0
A	BL	4	85	9	1	BA1653	23827	8	0	0	0	0	0	0	0	1	0	0
A	BL	4	85	9	1	BA1653	23828	8	0	0	0	1	0	0	0	0	0	0
A	BL	4	85	9	1	BA1653	23831	8	7	0	0	0	0	0	0	0	0	0
A	BL	4	85	9	1	BA1653	23833	7	0	0	0	0	0	0	0	1	0	0
A	BL	4	85	9	1	BA1653	23837	7	8	2	0	1	0	0	0	0	0	0
A	BL	4	85	9	1	BA1653	23847	8	7	0	0	0	0	0	0	0	0	0
A	BL	4	85	9	1	BA1653	23861	7	0	0	0	0	0	0	0	1	0	0
A	BL	4	85	9	1	BA1653	23874	7	8	2	0	1	0	0	0	0	0	0
A	BL	4	85	9	1	BA1653	23884	8	9	0	0	0	0	0	0	0	0	0
A	BL	4	85	9	1	BA1653	23894	9	10	0	0	0	0	0	0	1	0	0
A	BL	4	85	9	1	BA1653	23969	10	2	0	0	0	0	0	0	0	0	0
A	BL	4	85	9	1	BA1653	23970	2	6	0	0	0	0	0	0	0	0	0
A	BL	4	85	9	1	BA1653	24446	6	8	2	0	1	0	0	0	0	0	0
A	BL	4	85	9	1	BA1653	24449	8	0	0	0	0	0	0	0	1	0	0
A	BL	4	85	9	1	BA1653	24452	8	0	0	0	1	0	0	0	0	0	0
A	BL	4	85	9	1	BA1653	24456	8	7	0	0	0	0	0	0	0	0	0
A	BL	4	85	9	1	BA1653	24469	7	0	0	0	0	0	0	0	1	0	0
A	BL	4	85	9	1	BA1653	24476	7	8	2	0	1	0	0	0	0	0	0
A	BL	4	85	9	1	BA1653	24484	8	0	0	0	0	0	0	0	1	0	0
A	BL	4	85	9	1	BA1653	24486	8	7	0	0	0	0	0	0	0	0	0
A	BL	4	85	9	1	BA1653	24504	7	8	2	0	1	0	0	0	0	0	0
A	BL	4	85	9	1	BA1653	24508	8	0	0	0	0	0	0	0	1	0	0
A	BL	4	85	9	1	BA1653	24514	8	7	0	0	0	0	0	0	0	0	0
A	BL	4	85	9	1	BA1653	24515	7	8	2	0	1	0	0	0	0	0	0
A	BL	4	85	9	1	BA1653	24525	8	7	0	0	0	0	0	0	0	0	0
A	BL	4	85	9	1	BA1653	24566	7	0	0	0	0	0	0	0	1	0	0
A	BL	4	85	9	1	BA1653	24612	7	8	2	0	1	0	0	0	0	0	0
A	BL	4	85	9	1	BA1653	24622	8	7	0	0	0	0	0	0	0	0	0
A	BL	4	85	9	1	BA1653	24679	7	0	0	0	0	0	0	0	1	0	0
A	BL	4	85	9	1	BA1653	24728	7	8	2	0	1	0	0	0	0	0	0
A	BL	4	85	9	1	BA1653	24738	8	7	0	0	0	0	0	0	0	0	0
A	BL	4	85	9	1	BA1653	24775	7	0	0	0	0	0	0	0	1	0	0
A	BL	4	85	9	1	BA1653	24779	7	8	2	0	1	0	0	0	0	0	0
A	BL	4	85	9	1	BA1653	24783	8	0	0	0	0	0	0	0	1	0	0
A	BL	4	85	9	1	BA1653	24787	8	0	0	0	1	0	0	0	0	0	0
A	BL	4	85	9	1	BA1653	24789	8	7	0	0	0	0	0	0	0	0	0
A	BL	4	85	9	1	BA1653	24791	7	0	0	0	0	0	0	0	1	0	0
A	BL	4	85	9	1	BA1653	24792	7	8	2	0	1	0	0	0	0	0	0
A	BL	4	85	9	1	BA1653	24799	8	0	0	0	0	0	0	0	1	0	0
A	BL	4	85	9	1	BA1653	24802	8	7	0	0	1	0	0	0	0	0	0
A	BL	4	85	9	1	BA1653	24836	7	0	0	0	0	0	0	0	1	0	0
A	BL	4	85	9	1	BA1653	24896	7	8	2	0	1	0	0	0	0	0	0
A	BL	4	85	9	1	BA1653	24906	8	7	0	0	0	0	0	0	0	0	0
A	BL	4	85	9	1	BA1653	24914	7	0	0	0	0	0	0	0	1	0	0
A	BL	4	85	9	1	BA1653	24915	7	8	2	0	1	0	0	0	0	0	0
A	BL	4	85	9	1	BA1653	24917	8	0	0	0	0	0	0	0	1	0	0
A	BL	4	85	9	1	BA1653	24919	8	0	0	0	1	0	0	0	0	0	0
A	BL	4	85	9	1	BA1653	24925	8	7	0	0	0	0	0	0	0	0	0
A	BL	4	85	9	1	BA1653	24940	7	0	0	0	0	0	0	0	1	0	0
A	BL	4	85	9	1	BA1653	24944	7	8	2	0	1	0	0	0	0	0	0
A	BL	4	85	9	1	BA1653	24954	8	7	0	0	0	0	0	0	0	0	0
A	BL	4	85	9	1	BA1653	24976	7	0	0	0	0	0	0	0	1	0	0
A	BL	4	85	9	1	BA1653	24989	7	8	2	0	1	0	0	0	0	0	0
A	BL	4	85	9	1	BA1653	24999	8	7	0	0	0	0	0	0	0	0	0
A	BL	4	85	9	1	BA1653	25090	7	0	0	0	0	0	0	0	1	0	0
A	BL	4	85	9	1	BA1653	25197	7	8	2	0	1	0	0	0	0	0	0
A	BL	4	85	9	1	BA1653	25207	8	7	0	0	0	0	0	0	0	0	0
A	BL	4	85	9	1	BA1653	25213	7	0	0	0	0	0	0	0	1	0	0
A	BL	4	85	9	1	BA1653	25215	7	8	2	0	1	0	0	0	0	0	0
A	BL	4	85	9	1	BA1653	25225	8	7	0	0	0	0	0	0	0	0	0
A	BL	4	85	9	1	BA1653	25236	7	0	0	0	0	0	0	0	1	0	0
A	BL	4	85	9	1	BA1653	25265	7	8	2	0	1	0	0	0	0	0	0
A	BL	4	85	9	1	BA1653	25269	8	0	0	0	0	0	0	0	1	0	0
A	BL	4	85	9	1	BA1653	25275	8	7	0	0	0	0	0	0	0	0	0
A	BL	4	85	9	1	BA1653	25287	7	8	2	0	1	0	0	0	0	0	0
A	BL	4	85	9	1	BA1653	25297	8	7	0	0	0	0	0	0	0	0	0
A	BL	4	85	9	1	BA1653	25302	7	0	0	0	0	0	0	0	1	0	0
A	BL	4	85	9	1	BA1653	25380	7	8	2	0	1	0	0	0	0	0	0
A	BL	4	85	9	1	BA1653	25390	8	7	0	0	0	0	0	0	0	0	0
A	BL	4	85	9	1	BA1653	25431	7	0	0	0	0	0	0	0	1	0	0
A	BL	4	85	9	1	BA1653	25475	7	8	2	0	1	0	0	0	0	0	0
A	BL	4	85	9	1	BA1653	25478	8	0	0	0	0	0	0	0	1	0	0
A	BL	4	85	9	1	BA1653	25485	8	7	0	0	0	0	0	0	0	0	0
A	BL	4	85	9	1	BA1653	25490	7	8	2	0	1	0	0	0	0	0	0
A	BL	4	85	9	1	BA1653	25500	8	7	0	0	0	0	0	0	0	0	0
A	BL	4	85	9	1	BA1653	25539	7	0	0	0	0	0	0	0	1	0	0
A	BL	4	85	9	1	BA1653	25566	7	8	2	0	1	0	0	0	0	0	0
A	BL	4	85	9	1	BA1653	25571	8	0	0	0	0	0	0	0	1	0	0
A	BL	4	85	9	1	BA1653	25575	8	0	0	0	1	0	0	0	0	0	0
A	BL	4	85	9	1	BA1653	25576	8	9	0	0	0	0	0	0	0	0	0
A	BL	4	85	9	1	BA1653	25586	9	10	0	0	0	0	0	0	0	0	0
A	BL	4	85	9	1	BA1653	25591	10	0	0	0	0	0	0	0	1	0	0
A	BL	4	85	9	1	BA1653	25661	10	2	0	0	0	0	0	0	0	0	0
A	BL	4	85	9	1	BA1653	25662	2	6	0	0	0	0	0	0	0	0	0
A	BL	4	85	9	1	BA1653	26262	6	8	2	0	1	0	0	0	0	0	0
A	BL	4	85	9	1	BA1653	26272	8	7	0	0	0	0	0	0	0	0	0
A	BL	4	85	9	1	BA1653	26275	7	0	0	0	0	0	0	0	1	0	0
A	BL	4	85	9	1	BA1653	26295	7	8	2	0	1	0	0	0	0	0	0
A	BL	4	85	9	1	BA1653	26303	8	0	0	0	0	0	0	0	1	0	0
A	BL	4	85	9	1	BA1653	26305	8	7	0	0	0	0	0	0	0	0	0
A	BL	4	85	9	1	BA1653	26310	7	8	2	0	1	0	0	0	0	0	0
A	BL	4	85	9	1	BA1653	26311	8	0	0	0	0	0	0	0	1	0	0
A	BL	4	85	9	1	BA1653	26320	8	7	0	0	0	0	0	0	0	0	0
A	BL	4	85	9	1	BA1653	26349	7	8	2	0	1	0	0	0	0	0	0
A	BL	4	85	9	1	BA1653	26355	8	0	0	0	0	0	0	0	1	0	0
A	BL	4	85	9	1	BA1653	26356	8	0	0	0	1	0	0	0	0	0	0
A	BL	4	85	9	1	BA1653	26359	8	7	0	0	0	0	0	0	0	0	0
A	BL	4	85	9	1	BA1653	26375	7	0	0	0	0	0	0	0	1	0	0
A	BL	4	85	9	1	BA1653	26561	7	8	2	0	1	0	0	0	0	0	0
A	BL	4	85	9	1	BA1653	26571	8	7	0	0	0	0	0	0	0	0	0
A	BL	4	85	9	1	BA1653	26592	7	0	0	0	0	0	0	0	1	0	0
A	BL	4	85	9	1	BA1653	26598	7	8	2	0	1	0	0	0	0	0	0
A	BL	4	85	9	1	BA1653	26605	8	0	0	0	0	0	0	0	1	0	0
A	BL	4	85	9	1	BA1653	26608	8	7	0	0	0	0	0	0	0	0	0
A	BL	4	85	9	1	BA1653	26687	7	8	2	0	1	0	0	0	0	0	0
A	BL	4	85	9	1	BA1653	26697	8	7	0	0	0	0	0	0	0	0	0
A	BL	4	85	9	1	BA1653	26717	7	0	0	0	0	0	0	0	1	0	0
A	BL	4	85	9	1	BA1653	26719	7	8	2	0	1	0	0	0	0	0	0
A	BL	4	85	9	1	BA1653	26729	8	7	0	0	0	0	0	0	0	0	0
A	BL	4	85	9	1	BA1653	26778	7	0	0	0	0	0	0	0	1	0	0
A	BL	4	85	9	1	BA1653	26844	7	8	2	0	1	0	0	0	0	0	0
A	BL	4	85	9	1	BA1653	26854	8	7	0	0	0	0	0	0	0	0	0
A	BL	4	85	9	1	BA1653	26916	7	0	0	0	0	0	0	0	1	0	0
A	BL	4	85	9	1	BA1653	26934	7	8	2	0	1	0	0	0	0	0	0
A	BL	4	85	9	1	BA1653	26943	8	0	0	0	0	0	0	0	1	0	0
A	BL	4	85	9	1	BA1653	26944	8	7	0	0	1	0	0	0	0	0	0
A	BL	4	85	9	1	BA1653	27044	7	0	0	0	0	0	0	0	1	0	0
A	BL	4	85	9	1	BA1653	27160	7	0	0	1	0	0	0	0	0	0	0
A	BL	4	85	9	1	BA1653	27177	7	0	0	0	0	0	0	1	0	0	0
A	BL	4	85	9	1	BA1653	27455	7	0	0	1	0	0	0	0	0	0	0
A	BL	4	85	9	1	BA1653	27499	7	0	0	0	0	0	0	1	0	0	0
A	BL	4	85	9	1	BA1653	27552	7	8	2	0	1	0	0	0	0	0	0
A	BL	4	85	9	1	BA1653	27562	8	7	0	0	0	0	0	0	0	0	0
A	BL	4	85	9	1	BA1653	27569	7	0	0	0	0	0	0	0	1	0	0
A	BL	4	85	9	1	BA1653	27575	7	8	2	0	1	0	0	0	0	0	0
A	BL	4	85	9	1	BA1653	27585	8	7	0	0	0	0	0	0	0	0	0
A	BL	4	85	9	1	BA1653	27587	7	0	0	0	0	0	0	0	1	0	0
A	BL	4	85	9	1	BA1653	27620	7	8	2	0	1	0	0	0	0	0	0
A	BL	4	85	9	1	BA1653	27622	8	0	0	0	0	0	0	0	1	0	0
A	BL	4	85	9	1	BA1653	27628	8	0	0	0	1	0	0	0	0	0	0
A	BL	4	85	9	1	BA1653	27630	8	7	0	0	0	0	0	0	0	0	0
A	BL	4	85	9	1	BA1653	27670	7	0	0	0	0	0	0	0	1	0	0
A	BL	4	85	9	1	BA1653	27684	7	8	2	0	1	0	0	0	0	0	0
A	BL	4	85	9	1	BA1653	27686	8	0	0	0	0	0	0	0	1	0	0
A	BL	4	85	9	1	BA1653	27694	8	7	0	0	0	0	0	0	0	0	0
A	BL	4	85	9	1	BA1653	27753	7	8	2	0	1	0	0	0	0	0	0
A	BL	4	85	9	1	BA1653	27763	8	7	0	0	0	0	0	0	0	0	0
A	BL	4	85	9	1	BA1653	27837	7	0	0	0	0	0	0	0	1	0	0
A	BL	4	85	9	1	BA1653	27855	7	8	2	0	1	0	0	0	0	0	0
A	BL	4	85	9	1	BA1653	27865	8	7	0	0	0	0	0	0	0	0	0
A	BL	4	85	9	1	BA1653	27920	7	0	0	0	0	0	0	0	1	0	0
A	BL	4	85	9	1	BA1653	28158	7	8	2	0	1	0	0	0	0	0	0
A	BL	4	85	9	1	BA1653	28168	8	7	0	0	0	0	0	0	0	0	0
A	BL	4	85	9	1	BA1653	28233	7	0	0	0	0	0	0	0	1	0	0
A	BL	4	85	9	1	BA1653	28238	7	8	2	0	1	0	0	0	0	0	0
A	BL	4	85	9	1	BA1653	28248	8	7	0	0	0	0	0	0	0	0	0
A	BL	4	85	9	1	BA1653	28313	7	0	0	0	0	0	0	0	1	0	0
A	BL	4	85	9	1	BA1653	28361	7	8	2	0	1	0	0	0	0	0	0
A	BL	4	85	9	1	BA1653	28371	8	7	0	0	0	0	0	0	0	0	0
A	BL	4	85	9	1	BA1653	28436	7	0	0	0	0	0	0	0	1	0	0
A	BL	4	85	9	1	BA1653	28451	7	8	2	0	1	0	0	0	0	0	0
A	BL	4	85	9	1	BA1653	28461	8	9	0	0	0	0	0	0	0	0	0
A	BL	4	85	9	1	BA1653	28471	9	10	0	0	0	0	0	0	0	0	0
A	BL	4	85	9	1	BA1653	28479	10	0	0	0	0	0	0	0	1	0	0
A	BL	4	85	9	1	BA1653	28546	10	2	0	0	0	0	0	0	0	0	0
A	BL	4	85	9	1	BA1653	28547	2	3	0	0	0	0	0	0	0	0	0
A	BL	4	85	9	1	BA1653	29025	3	5	1	1	0	0	0	0	0	0	0
A	BL	4	85	9	1	BA1653	29035	5	4	0	0	0	0	0	0	0	0	0
A	BL	4	85	9	1	BA1653	29047	4	0	0	0	0	0	0	1	0	0	0
A	BL	4	85	9	1	BA1653	29120	4	5	1	1	0	0	0	0	0	0	0
A	BL	4	85	9	1	BA1653	29130	5	4	0	0	0	0	0	0	0	0	0
A	BL	4	85	9	1	BA1653	29167	4	0	0	0	0	0	0	1	0	0	0
A	BL	4	85	9	1	BA1653	29209	4	5	1	1	0	0	0	0	0	0	0
A	BL	4	85	9	1	BA1653	29219	5	4	0	0	0	0	0	0	0	0	0
A	BL	4	85	9	1	BA1653	29246	4	0	0	0	0	0	0	1	0	0	0
A	BL	4	85	9	1	BA1653	29283	4	5	1	1	0	0	0	0	0	0	0
A	BL	4	85	9	1	BA1653	29287	5	0	0	0	0	0	0	1	0	0	0
A	BL	4	85	9	1	BA1653	29293	5	4	0	0	0	0	0	0	0	0	0
A	BL	4	85	9	1	BA1653	29301	4	5	1	1	0	0	0	0	0	0	0
A	BL	4	85	9	1	BA1653	29311	5	9	0	0	0	0	0	0	0	0	0
A	BL	4	85	9	1	BA1653	29321	9	10	0	0	0	0	0	0	0	0	0
A	BL	4	85	9	1	BA1653	29327	10	0	0	0	0	0	0	1	0	0	0
A	BL	4	85	9	1	BA1653	29396	10	2	0	0	0	0	0	0	0	0	0
A	BL	4	85	9	1	BA1653	29397	2	3	0	0	0	0	0	0	0	0	0
A	BL	4	85	9	1	BA1653	29704	3	5	1	1	0	0	0	0	0	0	0
A	BL	4	85	9	1	BA1653	29714	5	4	0	0	0	0	0	0	0	0	0
A	BL	4	85	9	1	BA1653	29764	4	0	0	0	0	0	0	1	0	0	0
A	BL	4	85	9	1	BA1653	29875	4	5	1	1	0	0	0	0	0	0	0
A	BL	4	85	9	1	BA1653	29885	5	4	0	0	0	0	0	0	0	0	0
A	BL	4	85	9	1	BA1653	29903	4	0	0	0	0	0	0	1	0	0	0
A	BL	4	85	9	1	BA1653	29953	4	5	1	1	0	0	0	0	0	0	0
A	BL	4	85	9	1	BA1653	29963	5	4	0	0	0	0	0	0	0	0	0
A	BL	4	85	9	1	BA1653	30026	4	0	0	0	0	0	0	1	0	0	0
A	BL	4	85	9	1	BA1653	30087	4	5	1	1	0	0	0	0	0	0	0
A	BL	4	85	9	1	BA1653	30097	5	4	0	0	0	0	0	0	0	0	0
A	BL	4	85	9	1	BA1653	30132	4	0	0	0	0	0	0	1	0	0	0
A	BL	4	85	9	1	BA1653	30164	4	5	1	1	0	0	0	0	0	0	0
A	BL	4	85	9	1	BA1653	30174	5	9	0	0	0	0	0	0	0	0	0
A	BL	4	85	9	1	BA1653	30184	9	10	0	0	0	0	0	1	0	0	0
A	BL	4	85	9	1	BA1653	30259	10	2	0	0	0	0	0	0	0	0	0
A	BL	4	85	9	1	BA1653	30260	2	3	0	0	0	0	0	0	0	0	0
A	BL	4	85	9	1	BA1653	30552	3	5	1	1	0	0	0	0	0	0	0
A	BL	4	85	9	1	BA1653	30562	5	4	0	0	0	0	0	0	0	0	0
A	BL	4	85	9	1	BA1653	30608	4	0	0	0	0	0	0	1	0	0	0
A	BL	4	85	9	1	BA1653	30611	4	5	1	1	0	0	0	0	0	0	0
A	BL	4	85	9	1	BA1653	30621	5	4	0	0	0	0	0	0	0	0	0
A	BL	4	85	9	1	BA1653	30632	4	0	0	0	0	0	0	1	0	0	0
A	BL	4	85	9	1	BA1653	30724	4	5	1	1	0	0	0	0	0	0	0
A	BL	4	85	9	1	BA1653	30734	5	4	0	0	0	0	0	0	0	0	0
A	BL	4	85	9	1	BA1653	30768	4	0	0	0	0	0	0	1	0	0	0
A	BL	4	85	9	1	BA1653	30859	4	5	1	1	0	0	0	0	0	0	0
A	BL	4	85	9	1	BA1653	30869	5	4	0	0	0	0	0	0	0	0	0
A	BL	4	85	9	1	BA1653	30900	4	0	0	0	0	0	0	1	0	0	0
A	BL	4	85	9	1	BA1653	30929	4	5	1	1	0	0	0	0	0	0	0
A	BL	4	85	9	1	BA1653	30939	5	9	0	0	0	0	0	0	0	0	0
A	BL	4	85	9	1	BA1653	30949	9	10	0	0	0	0	0	0	0	0	0
A	BL	4	85	9	1	BA1653	30953	10	0	0	0	0	0	0	1	0	0	0
A	BL	4	85	9	1	BA1653	31024	10	2	0	0	0	0	0	0	0	0	0
A	BL	4	85	9	1	BA1653	31025	2	6	0	0	0	0	0	0	0	0	0
A	BL	4	85	9	1	BA1653	32539	6	8	2	0	1	0	0	0	0	0	0
A	BL	4	85	9	1	BA1653	32549	8	7	0	0	0	0	0	0	0	0	0
A	BL	4	85	9	1	BA1653	32585	7	0	0	0	0	0	0	0	1	0	0
A	BL	4	85	9	1	BA1653	32603	7	8	2	0	1	0	0	0	0	0	0
A	BL	4	85	9	1	BA1653	32609	8	0	0	0	0	0	0	0	1	0	0
A	BL	4	85	9	1	BA1653	32613	8	7	0	0	1	0	0	0	0	0	0
A	BL	4	85	9	1	BA1653	32624	7	0	0	0	0	0	0	0	1	0	0
A	BL	4	85	9	1	BA1653	32629	7	8	2	0	1	0	0	0	0	0	0
A	BL	4	85	9	1	BA1653	32639	8	7	0	0	0	0	0	0	0	0	0
A	BL	4	85	9	1	BA1653	32640	7	0	0	0	0	0	0	0	1	0	0
A	BL	4	85	9	1	BA1653	32656	7	8	2	0	1	0	0	0	0	0	0
A	BL	4	85	9	1	BA1653	32659	8	0	0	0	0	0	0	0	1	0	0
A	BL	4	85	9	1	BA1653	32661	8	0	0	0	1	0	0	0	0	0	0
A	BL	4	85	9	1	BA1653	32665	8	0	0	0	0	0	0	0	1	0	0
A	BL	4	85	9	1	BA1653	32666	8	7	0	0	0	0	0	0	0	0	0
A	BL	4	85	9	1	BA1653	32669	7	8	2	0	1	0	0	0	0	0	0
A	BL	4	85	9	1	BA1653	32679	8	7	0	0	0	0	0	0	0	0	0
A	BL	4	85	9	1	BA1653	32685	7	0	0	0	0	0	0	0	1	0	0
A	BL	4	85	9	1	BA1653	32736	7	8	2	0	1	0	0	0	0	0	0
A	BL	4	85	9	1	BA1653	32746	8	7	0	0	0	0	0	0	0	0	0
A	BL	4	85	9	1	BA1653	32817	7	0	0	0	0	0	0	0	1	0	0
A	BL	4	85	9	1	BA1653	32823	7	8	2	0	1	0	0	0	0	0	0
A	BL	4	85	9	1	BA1653	32828	8	0	0	0	0	0	0	0	1	0	0
A	BL	4	85	9	1	BA1653	32830	8	0	0	0	1	0	0	0	0	0	0
A	BL	4	85	9	1	BA1653	32833	8	7	0	0	0	0	0	0	0	0	0
A	BL	4	85	9	1	BA1653	32860	7	0	0	0	0	0	0	0	1	0	0
A	BL	4	85	9	1	BA1653	32906	7	8	2	0	1	0	0	0	0	0	0
A	BL	4	85	9	1	BA1653	32916	8	7	0	0	0	0	0	0	0	0	0
A	BL	4	85	9	1	BA1653	33000	7	0	0	0	0	0	0	0	1	0	0
A	BL	4	85	9	1	BA1653	33008	7	8	2	0	1	0	0	0	0	0	0
A	BL	4	85	9	1	BA1653	33018	8	7	0	0	0	0	0	0	0	0	0
A	BL	4	85	9	1	BA1653	33087	7	0	0	0	0	0	0	0	1	0	0
A	BL	4	85	9	1	BA1653	33102	7	8	2	0	1	0	0	0	0	0	0
A	BL	4	85	9	1	BA1653	33104	8	0	0	0	0	0	0	0	1	0	0
A	BL	4	85	9	1	BA1653	33107	8	0	0	0	1	0	0	0	0	0	0
A	BL	4	85	9	1	BA1653	33112	8	7	0	0	0	0	0	0	0	0	0
A	BL	4	85	9	1	BA1653	33192	7	0	0	0	0	0	0	0	1	0	0
A	BL	4	85	9	1	BA1653	33299	7	8	2	0	1	0	0	0	0	0	0
A	BL	4	85	9	1	BA1653	33309	8	7	0	0	0	0	0	0	0	0	0
A	BL	4	85	9	1	BA1653	33367	7	0	0	0	0	0	0	0	1	0	0
A	BL	4	85	9	1	BA1653	33374	7	8	2	0	1	0	0	0	0	0	0
A	BL	4	85	9	1	BA1653	33384	8	7	0	0	0	0	0	0	0	0	0
A	BL	4	85	9	1	BA1653	33462	7	0	0	0	0	0	0	0	1	0	0
A	BL	4	85	9	1	BA1653	33605	7	8	2	0	1	0	0	0	0	0	0
A	BL	4	85	9	1	BA1653	33615	8	7	0	0	0	0	0	0	0	0	0
A	BL	4	85	9	1	BA1653	33649	7	0	0	0	0	0	0	0	1	0	0
A	BL	4	85	9	1	BA1653	33662	7	8	2	0	1	0	0	0	0	0	0
A	BL	4	85	9	1	BA1653	33672	8	7	0	0	0	0	0	0	0	0	0
A	BL	4	85	9	1	BA1653	33692	7	0	0	0	0	0	0	0	1	0	0
A	BL	4	85	9	1	BA1653	33712	7	8	2	0	1	0	0	0	0	0	0
A	BL	4	85	9	1	BA1653	33719	8	0	0	0	0	0	0	0	1	0	0
A	BL	4	85	9	1	BA1653	33722	8	7	0	0	1	0	0	0	0	0	0
A	BL	4	85	9	1	BA1653	33845	7	0	0	0	0	0	0	0	1	0	0
A	BL	4	85	9	1	BA1653	33911	7	8	2	0	1	0	0	0	0	0	0
A	BL	4	85	9	1	BA1653	33921	8	7	0	0	0	0	0	0	0	0	0
A	BL	4	85	9	1	BA1653	33954	7	0	0	0	0	0	0	0	1	0	0
A	BL	4	85	9	1	BA1653	33957	7	8	2	0	1	0	0	0	0	0	0
A	BL	4	85	9	1	BA1653	33967	8	7	0	0	0	0	0	0	0	0	0
A	BL	4	85	9	1	BA1653	33992	7	0	0	0	0	0	0	0	1	0	0
A	BL	4	85	9	1	BA1653	33993	7	8	2	0	1	0	0	0	0	0	0
A	BL	4	85	9	1	BA1653	34003	8	7	0	0	0	0	0	0	0	0	0
A	BL	4	85	9	1	BA1653	34074	7	0	0	0	0	0	0	0	1	0	0
A	BL	4	85	9	1	BA1653	34094	7	8	2	0	1	0	0	0	0	0	0
A	BL	4	85	9	1	BA1653	34104	8	7	0	0	0	0	0	0	0	0	0
A	BL	4	85	9	1	BA1653	34171	7	0	0	0	0	0	0	0	1	0	0
A	BL	4	85	9	1	BA1653	34225	7	8	2	0	1	0	0	0	0	0	0
A	BL	4	85	9	1	BA1653	34235	8	9	0	0	0	0	0	0	0	0	0
A	BL	4	85	9	1	BA1653	34245	9	10	0	0	0	0	0	0	0	0	0
A	BL	4	85	9	1	BA1653	34250	10	0	0	0	0	0	0	0	1	0	0
A	BL	4	85	9	1	BA1653	34320	10	2	0	0	0	0	0	0	0	0	0
A	BL	4	85	9	1	BA1653	34321	2	6	0	0	0	0	0	0	0	0	0
A	BL	4	85	9	1	BA1653	34725	6	0	0	1	0	0	0	0	0	0	0
A	BL	4	85	9	1	BA1653	34735	6	0	0	0	0	0	0	1	0	0	0
A	BL	4	85	9	1	BA1653	35351	6	0	0	1	0	0	0	0	0	0	0
A	BL	4	85	9	1	BA1653	35562	6	0	0	0	0	0	0	1	0	0	0
A	BL	4	85	9	1	BA1653	35650	6	0	0	1	0	0	0	0	0	0	0
A	BL	4	85	9	1	BA1653	35676	6	0	0	0	0	0	0	1	0	0	0
A	BL	4	85	9	1	BA1653	35761	6	0	0	1	0	0	0	0	0	0	0
A	BL	4	85	9	1	BA1653	35802	6	0	0	0	0	0	0	1	0	0	0
A	BL	4	85	9	1	BA1653	35863	6	0	0	1	0	0	0	0	0	0	0
A	BL	4	85	9	1	BA1653	35912	6	0	0	0	0	0	0	1	0	0	0
A	BL	4	85	9	1	BA1653	36097	6	0	0	1	0	0	0	0	0	0	0
A	BL	4	85	9	1	BA1653	36141	6	0	0	0	0	0	0	1	0	0	0
A	BL	4	85	9	1	BA1653	36254	6	0	0	1	0	0	0	0	0	0	0
A	BL	4	85	9	1	BA1653	36303	6	0	0	0	0	0	0	1	0	0	0
A	BL	4	85	9	1	BA1653	36361	6	8	2	0	1	0	0	0	0	0	0
A	BL	4	85	9	1	BA1653	36371	8	7	0	0	0	0	0	0	1	0	0
A	BL	4	85	9	1	BA1653	36375	7	8	2	0	1	0	0	0	0	0	0
A	BL	4	85	9	1	BA1653	36385	8	7	0	0	0	0	0	0	0	0	0
A	BL	4	85	9	1	BA1653	36394	7	0	0	0	0	0	0	0	1	0	0
A	BL	4	85	9	1	BA1653	36424	7	8	2	0	1	0	0	0	0	0	0
A	BL	4	85	9	1	BA1653	36434	8	7	0	0	0	0	0	0	0	0	0
A	BL	4	85	9	1	BA1653	36472	7	0	0	0	0	0	0	0	1	0	0
A	BL	4	85	9	1	BA1653	36536	7	8	2	0	1	0	0	0	0	0	0
A	BL	4	85	9	1	BA1653	36540	8	0	0	0	0	0	0	0	1	0	0
A	BL	4	85	9	1	BA1653	36546	8	7	0	0	0	0	0	0	0	0	0
A	BL	4	85	9	1	BA1653	36566	7	8	2	0	1	0	0	0	0	0	0
A	BL	4	85	9	1	BA1653	36571	8	0	0	0	0	0	0	0	1	0	0
A	BL	4	85	9	1	BA1653	36576	8	7	0	0	0	0	0	0	0	0	0
A	BL	4	85	9	1	BA1653	36589	7	8	2	0	1	0	0	0	0	0	0
A	BL	4	85	9	1	BA1653	36591	8	0	0	0	0	0	0	0	1	0	0
A	BL	4	85	9	1	BA1653	36599	8	7	0	0	0	0	0	0	0	0	0
A	BL	4	85	9	1	BA1653	36601	7	8	2	0	1	0	0	0	0	0	0
A	BL	4	85	9	1	BA1653	36611	8	7	0	0	0	0	0	0	1	0	0
A	BL	4	85	9	1	BA1653	36616	7	8	2	0	1	0	0	0	0	0	0
A	BL	4	85	9	1	BA1653	36620	8	0	0	0	0	0	0	0	1	0	0
A	BL	4	85	9	1	BA1653	36626	8	7	0	0	0	0	0	0	0	0	0
A	BL	4	85	9	1	BA1653	36647	7	8	2	0	1	0	0	0	0	0	0
A	BL	4	85	9	1	BA1653	36657	8	7	0	0	0	0	0	0	0	0	0
A	BL	4	85	9	1	BA1653	36671	7	0	0	0	0	0	0	0	1	0	0
A	BL	4	85	9	1	BA1653	36715	7	8	2	0	1	0	0	0	0	0	0
A	BL	4	85	9	1	BA1653	36725	8	7	0	0	0	0	0	0	0	0	0
A	BL	4	85	9	1	BA1653	36762	7	0	0	0	0	0	0	0	1	0	0
A	BL	4	85	9	1	BA1653	36818	7	8	2	0	1	0	0	0	0	0	0
A	BL	4	85	9	1	BA1653	36828	8	7	0	0	0	0	0	0	0	0	0
A	BL	4	85	9	1	BA1653	36895	7	0	0	0	0	0	0	0	1	0	0
A	BL	4	85	9	1	BA1653	36906	7	8	2	0	1	0	0	0	0	0	0
A	BL	4	85	9	1	BA1653	36914	8	0	0	0	0	0	0	0	1	0	0
A	BL	4	85	9	1	BA1653	36916	8	7	0	0	1	0	0	0	0	0	0
A	BL	4	85	9	1	BA1653	36920	7	0	0	0	0	0	0	0	1	0	0
A	BL	4	85	9	1	BA1653	36930	7	8	2	0	1	0	0	0	0	0	0
A	BL	4	85	9	1	BA1653	36940	8	7	0	0	0	0	0	0	0	0	0
A	BL	4	85	9	1	BA1653	36959	7	0	0	0	0	0	0	0	1	0	0
A	BL	4	85	9	1	BA1653	36960	7	8	2	0	1	0	0	0	0	0	0
A	BL	4	85	9	1	BA1653	36962	8	0	0	0	0	0	0	0	1	0	0
A	BL	4	85	9	1	BA1653	36970	8	7	0	0	0	0	0	0	0	0	0
A	BL	4	85	9	1	BA1653	36992	7	8	2	0	1	0	0	0	0	0	0
A	BL	4	85	9	1	BA1653	37002	8	7	0	0	0	0	0	0	0	0	0
A	BL	4	85	9	1	BA1653	37009	7	0	0	0	0	0	0	0	1	0	0
A	BL	4	85	9	1	BA1653	37080	7	8	2	0	1	0	0	0	0	0	0
A	BL	4	85	9	1	BA1653	37090	8	7	0	0	0	0	0	0	0	0	0
A	BL	4	85	9	1	BA1653	37120	7	0	0	0	0	0	0	0	1	0	0
A	BL	4	85	9	1	BA1653	37143	7	8	2	0	1	0	0	0	0	0	0
A	BL	4	85	9	1	BA1653	37149	8	0	0	0	0	0	0	0	1	0	0
A	BL	4	85	9	1	BA1653	37153	8	7	0	0	1	0	0	0	0	0	0
A	BL	4	85	9	1	BA1653	37232	7	0	0	0	0	0	0	0	1	0	0
A	BL	4	85	9	1	BA1653	37235	7	8	2	0	1	0	0	0	0	0	0
A	BL	4	85	9	1	BA1653	37245	8	7	0	0	0	0	0	0	1	0	0
A	BL	4	85	9	1	BA1653	37290	7	8	2	0	1	0	0	0	0	0	0
A	BL	4	85	9	1	BA1653	37300	8	7	0	0	0	0	0	0	0	0	0
A	BL	4	85	9	1	BA1653	37340	7	0	0	0	0	0	0	0	1	0	0
A	BL	4	85	9	1	BA1653	37392	7	8	2	0	1	0	0	0	0	0	0
A	BL	4	85	9	1	BA1653	37402	8	9	0	0	0	0	0	0	0	0	0
A	BL	4	85	9	1	BA1653	37412	9	10	0	0	0	0	0	0	1	0	0
A	BL	4	85	9	1	BA1653	37487	10	2	0	0	0	0	0	0	0	0	0
A	BL	4	85	9	1	BA1653	37488	2	3	0	0	0	0	0	0	0	0	0
A	BL	4	85	9	1	BA1653	37878	3	5	1	1	0	0	0	0	0	0	0
A	BL	4	85	9	1	BA1653	37888	5	4	0	0	0	0	0	0	0	0	0
A	BL	4	85	9	1	BA1653	37914	4	0	0	0	0	0	0	1	0	0	0
A	BL	4	85	9	1	BA1653	37985	4	5	1	1	0	0	0	0	0	0	0
A	BL	4	85	9	1	BA1653	37995	5	4	0	0	0	0	0	0	0	0	0
A	BL	4	85	9	1	BA1653	38037	4	0	0	0	0	0	0	1	0	0	0
A	BL	4	85	9	1	BA1653	38067	4	5	1	1	0	0	0	0	0	0	0
A	BL	4	85	9	1	BA1653	38077	5	4	0	0	0	0	0	0	0	0	0
A	BL	4	85	9	1	BA1653	38112	4	0	0	0	0	0	0	1	0	0	0
A	BL	4	85	9	1	BA1653	38150	4	5	1	1	0	0	0	0	0	0	0
A	BL	4	85	9	1	BA1653	38160	5	4	0	0	0	0	0	0	0	0	0
A	BL	4	85	9	1	BA1653	38200	4	0	0	0	0	0	0	1	0	0	0
A	BL	4	85	9	1	BA1653	38240	4	5	1	1	0	0	0	0	0	0	0
A	BL	4	85	9	1	BA1653	38250	5	9	0	0	0	0	0	0	0	0	0
A	BL	4	85	9	1	BA1653	38260	9	10	0	0	0	0	0	0	0	0	0
A	BL	4	85	9	1	BA1653	38264	10	0	0	0	0	0	0	1	0	0	0
A	BL	4	85	9	1	BA1653	38266	10	0	0	1	0	0	0	0	0	0	0
A	BL	4	85	9	1	BA1653	38268	10	0	0	0	0	0	0	1	0	0	0
A	BL	4	85	9	1	BA1653	38335	10	2	0	0	0	0	0	0	0	0	0
A	BL	4	85	9	1	BA1653	38336	2	6	0	0	0	0	0	0	0	0	0
A	BL	4	85	9	1	BA1653	38790	6	0	0	1	0	0	0	0	0	0	0
A	BL	4	85	9	1	BA1653	38811	6	0	0	0	0	0	0	1	0	0	0
A	BL	4	85	9	1	BA1653	38894	6	0	0	1	0	0	0	0	0	0	0
A	BL	4	85	9	1	BA1653	38903	6	0	0	0	0	0	0	1	0	0	0
A	BL	4	85	9	1	BA1653	39298	6	0	0	1	0	0	0	0	0	0	0
A	BL	4	85	9	1	BA1653	39344	6	0	0	0	0	0	0	1	0	0	0
A	BL	4	85	9	1	BA1653	44179	6	8	2	0	1	0	0	0	0	0	0
A	BL	4	85	9	1	BA1653	44187	8	0	0	0	0	0	0	0	1	0	0
A	BL	4	85	9	1	BA1653	44189	8	7	0	0	0	0	0	0	0	0	0
A	BL	4	85	9	1	BA1653	44292	7	8	2	0	1	0	0	0	0	0	0
A	BL	4	85	9	1	BA1653	44302	8	7	0	0	0	0	0	0	0	0	0
A	BL	4	85	9	1	BA1653	44330	7	0	0	0	0	0	0	0	1	0	0
A	BL	4	85	9	1	BA1653	44341	7	8	2	0	1	0	0	0	0	0	0
A	BL	4	85	9	1	BA1653	44343	8	0	0	0	0	0	0	0	1	0	0
A	BL	4	85	9	1	BA1653	44349	8	0	0	0	1	0	0	0	0	0	0
A	BL	4	85	9	1	BA1653	44351	8	7	0	0	0	0	0	0	0	0	0
A	BL	4	85	9	1	BA1653	44373	7	0	0	0	0	0	0	0	1	0	0
A	BL	4	85	9	1	BA1653	44374	7	8	2	0	1	0	0	0	0	0	0
A	BL	4	85	9	1	BA1653	44384	8	7	0	0	0	0	0	0	1	0	0
A	BL	4	85	9	1	BA1653	44388	7	8	2	0	1	0	0	0	0	0	0
A	BL	4	85	9	1	BA1653	44398	8	7	0	0	0	0	0	0	0	0	0
A	BL	4	85	9	1	BA1653	44406	7	0	0	0	0	0	0	0	1	0	0
A	BL	4	85	9	1	BA1653	44458	7	8	2	0	1	0	0	0	0	0	0
A	BL	4	85	9	1	BA1653	44468	8	7	0	0	0	0	0	0	0	0	0
A	BL	4	85	9	1	BA1653	44483	7	0	0	0	0	0	0	0	1	0	0
A	BL	4	85	9	1	BA1653	44532	7	8	2	0	1	0	0	0	0	0	0
A	BL	4	85	9	1	BA1653	44542	8	7	0	0	0	0	0	0	0	0	0
A	BL	4	85	9	1	BA1653	44551	7	0	0	0	0	0	0	0	1	0	0
A	BL	4	85	9	1	BA1653	44758	7	8	2	0	1	0	0	0	0	0	0
A	BL	4	85	9	1	BA1653	44762	8	0	0	0	0	0	0	0	1	0	0
A	BL	4	85	9	1	BA1653	44766	8	0	0	0	1	0	0	0	0	0	0
A	BL	4	85	9	1	BA1653	44768	8	7	0	0	0	0	0	0	0	0	0
A	BL	4	85	9	1	BA1653	44770	7	0	0	0	0	0	0	0	1	0	0
A	BL	4	85	9	1	BA1653	44776	7	8	2	0	1	0	0	0	0	0	0
A	BL	4	85	9	1	BA1653	44779	8	0	0	0	0	0	0	0	1	0	0
A	BL	4	85	9	1	BA1653	44786	8	7	0	0	0	0	0	0	0	0	0
A	BL	4	85	9	1	BA1653	44804	7	8	2	0	1	0	0	0	0	0	0
A	BL	4	85	9	1	BA1653	44808	8	0	0	0	0	0	0	0	1	0	0
A	BL	4	85	9	1	BA1653	44813	8	0	0	0	1	0	0	0	0	0	0
A	BL	4	85	9	1	BA1653	44814	8	7	0	0	0	0	0	0	0	0	0
A	BL	4	85	9	1	BA1653	44838	7	0	0	0	0	0	0	0	1	0	0
A	BL	4	85	9	1	BA1653	44840	7	8	2	0	1	0	0	0	0	0	0
A	BL	4	85	9	1	BA1653	44850	8	7	0	0	0	0	0	0	0	0	0
A	BL	4	85	9	1	BA1653	44864	7	0	0	0	0	0	0	0	1	0	0
A	BL	4	85	9	1	BA1653	44925	7	8	2	0	1	0	0	0	0	0	0
A	BL	4	85	9	1	BA1653	44935	8	7	0	0	0	0	0	0	0	0	0
A	BL	4	85	9	1	BA1653	44966	7	0	0	0	0	0	0	0	1	0	0
A	BL	4	85	9	1	BA1653	44970	7	8	2	0	1	0	0	0	0	0	0
A	BL	4	85	9	1	BA1653	44971	8	0	0	0	0	0	0	0	1	0	0
A	BL	4	85	9	1	BA1653	44973	8	0	0	0	1	0	0	0	0	0	0
A	BL	4	85	9	1	BA1653	44980	8	7	0	0	0	0	0	0	0	0	0
A	BL	4	85	9	1	BA1653	45000	7	0	0	0	0	0	0	0	1	0	0
A	BL	4	85	9	1	BA1653	45012	7	8	2	0	1	0	0	0	0	0	0
A	BL	4	85	9	1	BA1653	45014	8	0	0	0	0	0	0	0	1	0	0
A	BL	4	85	9	1	BA1653	45022	8	7	0	0	0	0	0	0	0	0	0
A	BL	4	85	9	1	BA1653	45028	7	8	2	0	1	0	0	0	0	0	0
A	BL	4	85	9	1	BA1653	45031	8	0	0	0	0	0	0	0	1	0	0
A	BL	4	85	9	1	BA1653	45038	8	7	0	0	0	0	0	0	0	0	0
A	BL	4	85	9	1	BA1653	45042	7	8	2	0	1	0	0	0	0	0	0
A	BL	4	85	9	1	BA1653	45052	8	7	0	0	0	0	0	0	0	0	0
A	BL	4	85	9	1	BA1653	45075	7	0	0	0	0	0	0	0	1	0	0
A	BL	4	85	9	1	BA1653	45138	7	8	2	0	1	0	0	0	0	0	0
A	BL	4	85	9	1	BA1653	45148	8	7	0	0	0	0	0	0	0	0	0
A	BL	4	85	9	1	BA1653	45195	7	0	0	0	0	0	0	0	1	0	0
A	BL	4	85	9	1	BA1653	45203	7	8	2	0	1	0	0	0	0	0	0
A	BL	4	85	9	1	BA1653	45205	8	0	0	0	0	0	0	0	1	0	0
A	BL	4	85	9	1	BA1653	45213	8	7	0	0	0	0	0	0	0	0	0
A	BL	4	85	9	1	BA1653	45224	7	8	2	0	1	0	0	0	0	0	0
A	BL	4	85	9	1	BA1653	45232	8	0	0	0	0	0	0	0	1	0	0
A	BL	4	85	9	1	BA1653	45233	8	0	0	0	1	0	0	0	0	0	0
A	BL	4	85	9	1	BA1653	45234	8	7	0	0	0	0	0	0	0	0	0
A	BL	4	85	9	1	BA1653	45237	7	0	0	0	0	0	0	0	1	0	0
A	BL	4	85	9	1	BA1653	45246	7	8	2	0	1	0	0	0	0	0	0
A	BL	4	85	9	1	BA1653	45248	8	0	0	0	0	0	0	0	1	0	0
A	BL	4	85	9	1	BA1653	45253	8	0	0	0	1	0	0	0	0	0	0
A	BL	4	85	9	1	BA1653	45256	8	9	0	0	0	0	0	0	0	0	0
A	BL	4	85	9	1	BA1653	45266	9	10	0	0	0	0	0	0	0	0	0
A	BL	4	85	9	1	BA1653	45270	10	0	0	0	0	0	0	0	1	0	0
A	BL	4	85	9	1	BA1653	45341	10	2	0	0	0	0	0	0	0	0	0
A	BL	4	85	9	1	BA1653	45342	2	3	0	0	0	0	0	0	0	0	0
A	BL	4	85	9	1	BA1653	45737	3	5	1	1	0	0	0	0	0	0	0
A	BL	4	85	9	1	BA1653	45747	5	4	0	0	0	0	0	0	0	0	0
A	BL	4	85	9	1	BA1653	45834	4	0	0	0	0	0	0	1	0	0	0
A	BL	4	85	9	1	BA1653	45867	4	5	1	1	0	0	0	0	0	0	0
A	BL	4	85	9	1	BA1653	45877	5	4	0	0	0	0	0	0	0	0	0
A	BL	4	85	9	1	BA1653	45931	4	0	0	0	0	0	0	1	0	0	0
A	BL	4	85	9	1	BA1653	45993	4	5	1	1	0	0	0	0	0	0	0
A	BL	4	85	9	1	BA1653	46003	5	4	0	0	0	0	0	0	0	0	0
A	BL	4	85	9	1	BA1653	46030	4	0	0	0	0	0	0	1	0	0	0
A	BL	4	85	9	1	BA1653	46061	4	5	1	1	0	0	0	0	0	0	0
A	BL	4	85	9	1	BA1653	46071	5	4	0	0	0	0	0	0	0	0	0
A	BL	4	85	9	1	BA1653	46106	4	0	0	0	0	0	0	1	0	0	0
A	BL	4	85	9	1	BA1653	46142	4	5	1	1	0	0	0	0	0	0	0
A	BL	4	85	9	1	BA1653	46152	5	9	0	0	0	0	0	0	0	0	0
A	BL	4	85	9	1	BA1653	46162	9	10	0	0	0	0	0	0	0	0	0
A	BL	4	85	9	1	BA1653	46164	10	0	0	0	0	0	0	1	0	0	0
A	BL	4	85	9	1	BA1653	46237	10	2	0	0	0	0	0	0	0	0	0
A	BL	4	85	9	1	BA1653	46238	2	6	0	0	0	0	0	0	0	0	0
A	BL	4	85	9	1	BA1653	46700	6	0	0	1	0	0	0	0	0	0	0
A	BL	4	85	9	1	BA1653	46743	6	0	0	0	0	0	0	1	0	0	0
A	BL	4	85	9	1	BA1653	46932	6	8	2	0	1	0	0	0	0	0	0
A	BL	4	85	9	1	BA1653	46941	8	0	0	0	0	0	0	0	1	0	0
A	BL	4	85	9	1	BA1653	46942	8	7	0	0	0	0	0	0	0	0	0
A	BL	4	85	9	1	BA1653	47097	7	8	2	0	1	0	0	0	0	0	0
A	BL	4	85	9	1	BA1653	47100	8	0	0	0	0	0	0	0	1	0	0
A	BL	4	85	9	1	BA1653	47107	8	7	0	0	0	0	0	0	0	0	0
A	BL	4	85	9	1	BA1653	47109	7	8	2	0	1	0	0	0	0	0	0
A	BL	4	85	9	1	BA1653	47110	8	0	0	0	0	0	0	0	1	0	0
A	BL	4	85	9	1	BA1653	47113	8	0	0	0	1	0	0	0	0	0	0
A	BL	4	85	9	1	BA1653	47116	8	0	0	0	0	0	0	0	1	0	0
A	BL	4	85	9	1	BA1653	47118	8	0	0	0	1	0	0	0	0	0	0
A	BL	4	85	9	1	BA1653	47119	8	7	0	0	0	0	0	0	0	0	0
A	BL	4	85	9	1	BA1653	47166	7	0	0	0	0	0	0	0	1	0	0
A	BL	4	85	9	1	BA1653	47171	7	8	2	0	1	0	0	0	0	0	0
A	BL	4	85	9	1	BA1653	47181	8	7	0	0	0	0	0	0	0	0	0
A	BL	4	85	9	1	BA1653	47212	7	0	0	0	0	0	0	0	1	0	0
A	BL	4	85	9	1	BA1653	47242	7	8	2	0	1	0	0	0	0	0	0
A	BL	4	85	9	1	BA1653	47252	8	7	0	0	0	0	0	0	0	0	0
A	BL	4	85	9	1	BA1653	47273	7	0	0	0	0	0	0	0	1	0	0
A	BL	4	85	9	1	BA1653	47316	7	8	2	0	1	0	0	0	0	0	0
A	BL	4	85	9	1	BA1653	47326	8	7	0	0	0	0	0	0	0	0	0
A	BL	4	85	9	1	BA1653	47376	7	0	0	0	0	0	0	0	1	0	0
A	BL	4	85	9	1	BA1653	47440	7	8	2	0	1	0	0	0	0	0	0
A	BL	4	85	9	1	BA1653	47450	8	7	0	0	0	0	0	0	0	0	0
A	BL	4	85	9	1	BA1653	47473	7	0	0	0	0	0	0	0	1	0	0
A	BL	4	85	9	1	BA1653	47474	7	8	2	0	1	0	0	0	0	0	0
A	BL	4	85	9	1	BA1653	47484	8	7	0	0	0	0	0	0	0	0	0
A	BL	4	85	9	1	BA1653	47516	7	0	0	0	0	0	0	0	1	0	0
A	BL	4	85	9	1	BA1653	47519	7	8	2	0	1	0	0	0	0	0	0
A	BL	4	85	9	1	BA1653	47527	8	0	0	0	0	0	0	0	1	0	0
A	BL	4	85	9	1	BA1653	47529	8	7	0	0	0	0	0	0	0	0	0
A	BL	4	85	9	1	BA1653	47535	7	8	2	0	1	0	0	0	0	0	0
A	BL	4	85	9	1	BA1653	47545	8	7	0	0	0	0	0	0	0	0	0
A	BL	4	85	9	1	BA1653	47546	7	0	0	0	0	0	0	0	1	0	0
A	BL	4	85	9	1	BA1653	47571	7	8	2	0	1	0	0	0	0	0	0
A	BL	4	85	9	1	BA1653	47581	8	7	0	0	0	0	0	0	0	0	0
A	BL	4	85	9	1	BA1653	47643	7	0	0	0	0	0	0	0	1	0	0
A	BL	4	85	9	1	BA1653	47651	7	8	2	0	1	0	0	0	0	0	0
A	BL	4	85	9	1	BA1653	47661	8	7	0	0	0	0	0	0	0	0	0
A	BL	4	85	9	1	BA1653	47677	7	0	0	0	0	0	0	0	1	0	0
A	BL	4	85	9	1	BA1653	47691	7	8	2	0	1	0	0	0	0	0	0
A	BL	4	85	9	1	BA1653	47701	8	7	0	0	0	0	0	0	0	0	0
A	BL	4	85	9	1	BA1653	47705	7	0	0	0	0	0	0	0	1	0	0
A	BL	4	85	9	1	BA1653	47778	7	8	2	0	1	0	0	0	0	0	0
A	BL	4	85	9	1	BA1653	47788	8	7	0	0	0	0	0	0	0	0	0
A	BL	4	85	9	1	BA1653	47835	7	0	0	0	0	0	0	0	1	0	0
A	BL	4	85	9	1	BA1653	47842	7	8	2	0	1	0	0	0	0	0	0
A	BL	4	85	9	1	BA1653	47851	8	0	0	0	0	0	0	0	1	0	0
A	BL	4	85	9	1	BA1653	47852	8	7	0	0	0	0	0	0	0	0	0
A	BL	4	85	9	1	BA1653	47862	7	8	2	0	1	0	0	0	0	0	0
A	BL	4	85	9	1	BA1653	47867	8	0	0	0	0	0	0	0	1	0	0
A	BL	4	85	9	1	BA1653	47868	8	0	0	0	1	0	0	0	0	0	0
A	BL	4	85	9	1	BA1653	47872	8	7	0	0	0	0	0	0	0	0	0
A	BL	4	85	9	1	BA1653	47873	7	0	0	0	0	0	0	0	1	0	0
A	BL	4	85	9	1	BA1653	47877	7	8	2	0	1	0	0	0	0	0	0
A	BL	4	85	9	1	BA1653	47887	8	7	0	0	0	0	0	0	0	0	0
A	BL	4	85	9	1	BA1653	47944	7	0	0	0	0	0	0	0	1	0	0
A	BL	4	85	9	1	BA1653	47957	7	8	2	0	1	0	0	0	0	0	0
A	BL	4	85	9	1	BA1653	47967	8	7	0	0	0	0	0	0	0	0	0
A	BL	4	85	9	1	BA1653	48014	7	0	0	0	0	0	0	0	1	0	0
A	BL	4	85	9	1	BA1653	48088	7	8	2	0	1	0	0	0	0	0	0
A	BL	4	85	9	1	BA1653	48098	8	7	0	0	0	0	0	0	0	0	0
A	BL	4	85	9	1	BA1653	48108	7	0	0	0	0	0	0	0	1	0	0
A	BL	4	85	9	1	BA1653	48110	7	8	2	0	1	0	0	0	0	0	0
A	BL	4	85	9	1	BA1653	48120	8	9	0	0	0	0	0	0	0	0	0
A	BL	4	85	9	1	BA1653	48130	9	10	0	0	0	0	0	0	0	0	0
A	BL	4	85	9	1	BA1653	48135	10	0	0	0	0	0	0	0	1	0	0
A	BL	4	85	9	1	BA1653	48205	10	2	0	0	0	0	0	0	0	0	0
A	BL	4	85	9	1	BA1653	48206	2	6	0	0	0	0	0	0	0	0	0
A	BL	4	85	9	1	BA1653	48523	6	8	2	0	1	0	0	0	0	0	0
A	BL	4	85	9	1	BA1653	48533	8	7	0	0	0	0	0	0	0	0	0
A	BL	4	85	9	1	BA1653	48545	7	0	0	0	0	0	0	0	1	0	0
A	BL	4	85	9	1	BA1653	48572	7	8	2	0	1	0	0	0	0	0	0
A	BL	4	85	9	1	BA1653	48577	8	0	0	0	0	0	0	0	1	0	0
A	BL	4	85	9	1	BA1653	48582	8	7	0	0	0	0	0	0	0	0	0
A	BL	4	85	9	1	BA1653	48588	7	8	2	0	1	0	0	0	0	0	0
A	BL	4	85	9	1	BA1653	48598	8	7	0	0	0	0	0	0	0	0	0
A	BL	4	85	9	1	BA1653	48600	7	0	0	0	0	0	0	0	1	0	0
A	BL	4	85	9	1	BA1653	48613	7	8	2	0	1	0	0	0	0	0	0
A	BL	4	85	9	1	BA1653	48623	8	7	0	0	0	0	0	0	0	0	0
A	BL	4	85	9	1	BA1653	48628	7	0	0	0	0	0	0	0	1	0	0
A	BL	4	85	9	1	BA1653	48739	7	8	2	0	1	0	0	0	0	0	0
A	BL	4	85	9	1	BA1653	48749	8	7	0	0	0	0	0	0	0	0	0
A	BL	4	85	9	1	BA1653	48767	7	0	0	0	0	0	0	0	1	0	0
A	BL	4	85	9	1	BA1653	48773	7	8	2	0	1	0	0	0	0	0	0
A	BL	4	85	9	1	BA1653	48778	8	0	0	0	0	0	0	0	1	0	0
A	BL	4	85	9	1	BA1653	48779	8	0	0	0	1	0	0	0	0	0	0
A	BL	4	85	9	1	BA1653	48783	8	7	0	0	0	0	0	0	0	0	0
A	BL	4	85	9	1	BA1653	48798	7	0	0	0	0	0	0	0	1	0	0
A	BL	4	85	9	1	BA1653	48811	7	8	2	0	1	0	0	0	0	0	0
A	BL	4	85	9	1	BA1653	48816	8	0	0	0	0	0	0	0	1	0	0
A	BL	4	85	9	1	BA1653	48821	8	7	0	0	0	0	0	0	0	0	0
A	BL	4	85	9	1	BA1653	48829	7	8	2	0	1	0	0	0	0	0	0
A	BL	4	85	9	1	BA1653	48839	8	7	0	0	0	0	0	0	0	0	0
A	BL	4	85	9	1	BA1653	48863	7	0	0	0	0	0	0	0	1	0	0
A	BL	4	85	9	1	BA1653	48881	7	8	2	0	1	0	0	0	0	0	0
A	BL	4	85	9	1	BA1653	48891	8	7	0	0	0	0	0	0	0	0	0
A	BL	4	85	9	1	BA1653	48935	7	0	0	0	0	0	0	0	1	0	0
A	BL	4	85	9	1	BA1653	48938	7	8	2	0	1	0	0	0	0	0	0
A	BL	4	85	9	1	BA1653	48948	8	7	0	0	0	0	0	0	0	0	0
A	BL	4	85	9	1	BA1653	48956	7	0	0	0	0	0	0	0	1	0	0
A	BL	4	85	9	1	BA1653	49010	7	8	2	0	1	0	0	0	0	0	0
A	BL	4	85	9	1	BA1653	49020	8	7	0	0	0	0	0	0	0	0	0
A	BL	4	85	9	1	BA1653	49041	7	0	0	0	0	0	0	0	1	0	0
A	BL	4	85	9	1	BA1653	49048	7	8	2	0	1	0	0	0	0	0	0
A	BL	4	85	9	1	BA1653	49054	8	0	0	0	0	0	0	0	1	0	0
A	BL	4	85	9	1	BA1653	49056	8	0	0	0	1	0	0	0	0	0	0
A	BL	4	85	9	1	BA1653	49058	8	7	0	0	0	0	0	0	0	0	0
A	BL	4	85	9	1	BA1653	49076	7	0	0	0	0	0	0	0	1	0	0
A	BL	4	85	9	1	BA1653	49122	7	8	2	0	1	0	0	0	0	0	0
A	BL	4	85	9	1	BA1653	49132	8	7	0	0	0	0	0	0	0	0	0
A	BL	4	85	9	1	BA1653	49150	7	0	0	0	0	0	0	0	1	0	0
A	BL	4	85	9	1	BA1653	49152	7	8	2	0	1	0	0	0	0	0	0
A	BL	4	85	9	1	BA1653	49162	8	7	0	0	0	0	0	0	0	0	0
A	BL	4	85	9	1	BA1653	49177	7	0	0	0	0	0	0	0	1	0	0
A	BL	4	85	9	1	BA1653	49188	7	8	2	0	1	0	0	0	0	0	0
A	BL	4	85	9	1	BA1653	49197	8	0	0	0	0	0	0	0	1	0	0
A	BL	4	85	9	1	BA1653	49198	8	7	0	0	0	0	0	0	0	0	0
A	BL	4	85	9	1	BA1653	49199	7	8	2	0	1	0	0	0	0	0	0
A	BL	4	85	9	1	BA1653	49204	8	0	0	0	0	0	0	0	1	0	0
A	BL	4	85	9	1	BA1653	49209	8	7	0	0	0	0	0	0	0	0	0
A	BL	4	85	9	1	BA1653	49211	7	8	2	0	1	0	0	0	0	0	0
A	BL	4	85	9	1	BA1653	49221	8	7	0	0	0	0	0	0	0	0	0
A	BL	4	85	9	1	BA1653	49247	7	0	0	0	0	0	0	0	1	0	0
A	BL	4	85	9	1	BA1653	49260	7	8	2	0	1	0	0	0	0	0	0
A	BL	4	85	9	1	BA1653	49266	8	0	0	0	0	0	0	0	1	0	0
A	BL	4	85	9	1	BA1653	49270	8	7	0	0	0	0	0	0	0	0	0
A	BL	4	85	9	1	BA1653	49272	7	8	2	0	1	0	0	0	0	0	0
A	BL	4	85	9	1	BA1653	49275	8	0	0	0	0	0	0	0	1	0	0
A	BL	4	85	9	1	BA1653	49282	8	7	0	0	0	0	0	0	0	0	0
A	BL	4	85	9	1	BA1653	49361	7	8	2	0	1	0	0	0	0	0	0
A	BL	4	85	9	1	BA1653	49371	8	9	0	0	0	0	0	0	0	0	0
A	BL	4	85	9	1	BA1653	49380	9	0	0	0	0	0	0	0	1	0	0
A	BL	4	85	9	1	BA1653	49381	9	10	0	0	0	0	0	0	0	0	0
A	BL	4	85	9	1	BA1653	49456	10	2	0	0	0	0	0	0	0	0	0
A	BL	4	85	9	1	BA1653	49457	2	3	0	0	0	0	0	0	0	0	0
A	BL	4	85	9	1	BA1653	49898	3	5	1	1	0	0	0	0	0	0	0
A	BL	4	85	9	1	BA1653	49908	5	4	0	0	0	0	0	0	0	0	0
A	BL	4	85	9	1	BA1653	49939	4	0	0	0	0	0	0	1	0	0	0
A	BL	4	85	9	1	BA1653	50000	4	5	1	1	0	0	0	0	0	0	0
A	BL	4	85	9	1	BA1653	50010	5	4	0	0	0	0	0	0	0	0	0
A	BL	4	85	9	1	BA1653	50049	4	0	0	0	0	0	0	1	0	0	0
A	BL	4	85	9	1	BA1653	50118	4	5	1	1	0	0	0	0	0	0	0
A	BL	4	85	9	1	BA1653	50126	5	0	0	0	0	0	0	1	0	0	0
A	BL	4	85	9	1	BA1653	50128	5	4	0	0	0	0	0	0	0	0	0
A	BL	4	85	9	1	BA1653	50152	4	5	1	1	0	0	0	0	0	0	0
A	BL	4	85	9	1	BA1653	50157	5	0	0	0	0	0	0	1	0	0	0
A	BL	4	85	9	1	BA1653	50162	5	4	0	0	0	0	0	0	0	0	0
A	BL	4	85	9	1	BA1653	50174	4	5	1	1	0	0	0	0	0	0	0
A	BL	4	85	9	1	BA1653	50184	5	9	0	0	0	0	0	0	0	0	0
A	BL	4	85	9	1	BA1653	50194	9	10	0	0	0	0	0	0	0	0	0
A	BL	4	85	9	1	BA1653	50199	10	0	0	0	0	0	0	1	0	0	0
A	BL	4	85	9	1	BA1653	50269	10	2	0	0	0	0	0	0	0	0	0
A	BL	4	85	9	1	BA1653	50270	2	3	0	0	0	0	0	0	0	0	0
A	BL	4	85	9	1	BA1653	50449	3	5	1	1	0	0	0	0	0	0	0
A	BL	4	85	9	1	BA1653	50459	5	4	0	0	0	0	0	0	0	0	0
A	BL	4	85	9	1	BA1653	50507	4	0	0	0	0	0	0	1	0	0	0
A	BL	4	85	9	1	BA1653	50537	4	5	1	1	0	0	0	0	0	0	0
A	BL	4	85	9	1	BA1653	50547	5	4	0	0	0	0	0	0	0	0	0
A	BL	4	85	9	1	BA1653	50573	4	0	0	0	0	0	0	1	0	0	0
A	BL	4	85	9	1	BA1653	50640	4	5	1	1	0	0	0	0	0	0	0
A	BL	4	85	9	1	BA1653	50650	5	4	0	0	0	0	0	0	0	0	0
A	BL	4	85	9	1	BA1653	50676	4	0	0	0	0	0	0	1	0	0	0
A	BL	4	85	9	1	BA1653	50698	4	5	1	1	0	0	0	0	0	0	0
A	BL	4	85	9	1	BA1653	50707	5	0	0	0	0	0	0	1	0	0	0
A	BL	4	85	9	1	BA1653	50708	5	4	0	0	0	0	0	0	0	0	0
A	BL	4	85	9	1	BA1653	50724	4	5	1	1	0	0	0	0	0	0	0
A	BL	4	85	9	1	BA1653	50734	5	9	0	0	0	0	0	0	0	0	0
A	BL	4	85	9	1	BA1653	50744	9	10	0	0	0	0	0	0	0	0	0
A	BL	4	85	9	1	BA1653	50745	10	0	0	0	0	0	0	1	0	0	0
A	BL	4	85	9	1	BA1653	50819	10	2	0	0	0	0	0	0	0	0	0
A	BL	4	85	9	1	BA1653	50820	2	3	0	0	0	0	0	0	0	0	0
A	BL	4	85	9	1	BA1653	51936	3	5	1	1	0	0	0	0	0	0	0
A	BL	4	85	9	1	BA1653	51946	5	4	0	0	0	0	0	0	0	0	0
A	BL	4	85	9	1	BA1653	52006	4	0	0	0	0	0	0	1	0	0	0
A	BL	4	85	9	1	BA1653	52014	4	5	1	1	0	0	0	0	0	0	0
A	BL	4	85	9	1	BA1653	52023	5	0	0	0	0	0	0	1	0	0	0
A	BL	4	85	9	1	BA1653	52024	5	4	0	0	0	0	0	0	0	0	0
A	BL	4	85	9	1	BA1653	52058	4	5	1	1	0	0	0	0	0	0	0
A	BL	4	85	9	1	BA1653	52062	5	0	0	0	0	0	0	1	0	0	0
A	BL	4	85	9	1	BA1653	52068	5	4	0	0	0	0	0	0	0	0	0
A	BL	4	85	9	1	BA1653	52195	4	5	1	1	0	0	0	0	0	0	0
A	BL	4	85	9	1	BA1653	52205	5	4	0	0	0	0	0	0	0	0	0
A	BL	4	85	9	1	BA1653	52247	4	0	0	0	0	0	0	1	0	0	0
A	BL	4	85	9	1	BA1653	52316	4	5	1	1	0	0	0	0	0	0	0
A	BL	4	85	9	1	BA1653	52326	5	9	0	0	0	0	0	0	0	0	0
A	BL	4	85	9	1	BA1653	52336	9	10	0	0	0	0	0	0	0	0	0
A	BL	4	85	9	1	BA1653	52339	10	0	0	0	0	0	0	1	0	0	0
A	BL	4	85	9	1	BA1653	52411	10	2	0	0	0	0	0	0	0	0	0
A	BL	4	85	9	1	BA1653	52412	2	6	0	0	0	0	0	0	0	0	0
A	BL	4	85	9	1	BA1653	52633	6	0	0	1	0	0	0	0	0	0	0
A	BL	4	85	9	1	BA1653	52680	6	0	0	0	0	0	0	1	0	0	0
A	BL	4	85	9	1	BA1653	52743	6	0	0	1	0	0	0	0	0	0	0
A	BL	4	85	9	1	BA1653	52761	6	0	0	0	0	0	0	1	0	0	0
A	BL	4	85	9	1	BA1653	52859	6	0	0	1	0	0	0	0	0	0	0
A	BL	4	85	9	1	BA1653	52928	6	0	0	0	0	0	0	1	0	0	0
A	BL	4	85	9	1	BA1653	52989	6	0	0	1	0	0	0	0	0	0	0
A	BL	4	85	9	1	BA1653	53033	6	0	0	0	0	0	0	1	0	0	0
A	BL	4	85	9	1	BA1653	53102	6	0	0	1	0	0	0	0	0	0	0
A	BL	4	85	9	1	BA1653	53136	6	0	0	0	0	0	0	1	0	0	0
A	BL	4	85	9	1	BA1653	53186	6	0	0	1	0	0	0	0	0	0	0
A	BL	4	85	9	1	BA1653	53227	6	0	0	0	0	0	0	1	0	0	0
A	BL	4	85	9	1	BA1653	53276	6	0	0	1	0	0	0	0	0	0	0
A	BL	4	85	9	1	BA1653	53335	6	0	0	0	0	0	0	1	0	0	0
A	BL	4	85	9	1	BA1653	53401	6	0	0	1	0	0	0	0	0	0	0
A	BL	4	85	9	1	BA1653	53459	6	0	0	0	0	0	0	1	0	0	0
A	BL	4	85	9	1	BA1653	53470	6	0	0	1	0	0	0	0	0	0	0
A	BL	4	85	9	1	BA1653	53476	6	0	0	0	0	0	0	1	0	0	0
A	BL	4	85	9	1	BA1653	53484	6	0	0	1	0	0	0	0	0	0	0
A	BL	4	85	9	1	BA1653	53650	6	0	0	0	0	0	0	1	0	0	0
A	BL	4	85	9	1	BA1653	53709	6	0	0	1	0	0	0	0	0	0	0
A	BL	4	85	9	1	BA1653	53764	6	0	0	0	0	0	0	1	0	0	0
A	BL	4	85	9	1	BA1653	53790	6	0	0	1	0	0	0	0	0	0	0
A	BL	4	85	9	1	BA1653	53800	6	0	0	0	0	0	0	1	0	0	0
A	BL	4	85	9	1	BA1653	53817	6	0	0	1	0	0	0	0	0	0	0
A	BL	4	85	9	1	BA1653	53866	6	0	0	0	0	0	0	1	0	0	0
A	BL	4	85	9	1	BA1653	53943	6	0	0	1	0	0	0	0	0	0	0
A	BL	4	85	9	1	BA1653	53991	6	0	0	0	0	0	0	1	0	0	0
A	BL	4	85	9	1	BA1653	54006	6	0	0	1	0	0	0	0	0	0	0
A	BL	4	85	9	1	BA1653	54102	6	0	0	0	0	0	0	1	0	0	0
A	BL	4	85	9	1	BA1653	54180	6	0	0	1	0	0	0	0	0	0	0
A	BL	4	85	9	1	BA1653	54233	6	0	0	0	0	0	0	1	0	0	0
A	BL	4	85	9	1	BA1653	54262	6	0	0	1	0	0	0	0	0	0	0
A	BL	4	85	9	1	BA1653	54319	6	0	0	0	0	0	0	1	0	0	0
A	BL	4	85	9	1	BA1653	54392	6	0	0	1	0	0	0	0	0	0	0
A	BL	4	85	9	1	BA1653	54434	6	0	0	0	0	0	0	1	0	0	0
A	BL	4	85	9	1	BA1653	54566	6	8	2	0	1	0	0	0	0	0	0
A	BL	4	85	9	1	BA1653	54576	8	7	0	0	0	0	0	0	0	0	0
A	BL	4	85	9	1	BA1653	54589	7	0	0	0	0	0	0	0	1	0	0
A	BL	4	85	9	1	BA1653	54659	7	8	2	0	1	0	0	0	0	0	0
A	BL	4	85	9	1	BA1653	54669	8	7	0	0	0	0	0	0	0	0	0
A	BL	4	85	9	1	BA1653	54673	7	0	0	0	0	0	0	0	1	0	0
A	BL	4	85	9	1	BA1653	54675	7	8	2	0	1	0	0	0	0	0	0
A	BL	4	85	9	1	BA1653	54684	8	0	0	0	0	0	0	0	1	0	0
A	BL	4	85	9	1	BA1653	54685	8	7	0	0	0	0	0	0	0	0	0
A	BL	4	85	9	1	BA1653	54705	7	8	2	0	1	0	0	0	0	0	0
A	BL	4	85	9	1	BA1653	54706	8	0	0	0	0	0	0	0	1	0	0
A	BL	4	85	9	1	BA1653	54715	8	7	0	0	0	0	0	0	0	0	0
A	BL	4	85	9	1	BA1653	54717	7	8	2	0	1	0	0	0	0	0	0
A	BL	4	85	9	1	BA1653	54721	8	0	0	0	0	0	0	0	1	0	0
A	BL	4	85	9	1	BA1653	54725	8	0	0	0	1	0	0	0	0	0	0
A	BL	4	85	9	1	BA1653	54727	8	7	0	0	0	0	0	0	0	0	0
A	BL	4	85	9	1	BA1653	54733	7	0	0	0	0	0	0	0	1	0	0
A	BL	4	85	9	1	BA1653	54740	7	8	2	0	1	0	0	0	0	0	0
A	BL	4	85	9	1	BA1653	54750	8	7	0	0	0	0	0	0	0	0	0
A	BL	4	85	9	1	BA1653	54751	7	0	0	0	0	0	0	0	1	0	0
A	BL	4	85	9	1	BA1653	54798	7	8	2	0	1	0	0	0	0	0	0
A	BL	4	85	9	1	BA1653	54808	8	7	0	0	0	0	0	0	0	0	0
A	BL	4	85	9	1	BA1653	54835	7	0	0	0	0	0	0	0	1	0	0
A	BL	4	85	9	1	BA1653	54902	7	8	2	0	1	0	0	0	0	0	0
A	BL	4	85	9	1	BA1653	54912	8	7	0	0	0	0	0	0	0	0	0
A	BL	4	85	9	1	BA1653	54930	7	0	0	0	0	0	0	0	1	0	0
A	BL	4	85	9	1	BA1653	54954	7	8	2	0	1	0	0	0	0	0	0
A	BL	4	85	9	1	BA1653	54964	8	7	0	0	0	0	0	0	0	0	0
A	BL	4	85	9	1	BA1653	54971	7	0	0	0	0	0	0	0	1	0	0
A	BL	4	85	9	1	BA1653	54979	7	8	2	0	1	0	0	0	0	0	0
A	BL	4	85	9	1	BA1653	54983	8	0	0	0	0	0	0	0	1	0	0
A	BL	4	85	9	1	BA1653	54989	8	7	0	0	0	0	0	0	0	0	0
A	BL	4	85	9	1	BA1653	55005	7	8	2	0	1	0	0	0	0	0	0
A	BL	4	85	9	1	BA1653	55010	8	0	0	0	0	0	0	0	1	0	0
A	BL	4	85	9	1	BA1653	55012	8	0	0	0	1	0	0	0	0	0	0
A	BL	4	85	9	1	BA1653	55015	8	7	0	0	0	0	0	0	0	0	0
A	BL	4	85	9	1	BA1653	55052	7	0	0	0	0	0	0	0	1	0	0
A	BL	4	85	9	1	BA1653	55066	7	8	2	0	1	0	0	0	0	0	0
A	BL	4	85	9	1	BA1653	55067	8	0	0	0	0	0	0	0	1	0	0
A	BL	4	85	9	1	BA1653	55076	8	7	0	0	0	0	0	0	0	0	0
A	BL	4	85	9	1	BA1653	55090	7	8	2	0	1	0	0	0	0	0	0
A	BL	4	85	9	1	BA1653	55100	8	7	0	0	0	0	0	0	0	0	0
A	BL	4	85	9	1	BA1653	55129	7	0	0	0	0	0	0	0	1	0	0
A	BL	4	85	9	1	BA1653	55137	7	8	2	0	1	0	0	0	0	0	0
A	BL	4	85	9	1	BA1653	55139	8	0	0	0	0	0	0	0	1	0	0
A	BL	4	85	9	1	BA1653	55147	8	7	0	0	1	0	0	0	0	0	0
A	BL	4	85	9	1	BA1653	55164	7	0	0	0	0	0	0	0	1	0	0
A	BL	4	85	9	1	BA1653	55192	7	8	2	0	1	0	0	0	0	0	0
A	BL	4	85	9	1	BA1653	55195	8	0	0	0	0	0	0	0	1	0	0
A	BL	4	85	9	1	BA1653	55202	8	7	0	0	0	0	0	0	0	0	0
A	BL	4	85	9	1	BA1653	55206	7	8	2	0	1	0	0	0	0	0	0
A	BL	4	85	9	1	BA1653	55216	8	7	0	0	0	0	0	0	0	0	0
A	BL	4	85	9	1	BA1653	55297	7	0	0	0	0	0	0	0	1	0	0
A	BL	4	85	9	1	BA1653	55301	7	8	2	0	1	0	0	0	0	0	0
A	BL	4	85	9	1	BA1653	55311	8	7	0	0	0	0	0	0	0	0	0
A	BL	4	85	9	1	BA1653	55357	7	0	0	0	0	0	0	0	1	0	0
A	BL	4	85	9	1	BA1653	55441	7	8	2	0	1	0	0	0	0	0	0
A	BL	4	85	9	1	BA1653	55451	8	7	0	0	0	0	0	0	0	0	0
A	BL	4	85	9	1	BA1653	55455	7	0	0	0	0	0	0	0	1	0	0
A	BL	4	85	9	1	BA1653	55461	7	8	2	0	1	0	0	0	0	0	0
A	BL	4	85	9	1	BA1653	55471	8	7	0	0	0	0	0	0	0	0	0
A	BL	4	85	9	1	BA1653	55476	7	0	0	0	0	0	0	0	1	0	0
A	BL	4	85	9	1	BA1653	55481	7	8	2	0	1	0	0	0	0	0	0
A	BL	4	85	9	1	BA1653	55486	8	0	0	0	0	0	0	0	1	0	0
A	BL	4	85	9	1	BA1653	55491	8	9	0	0	0	0	0	0	0	0	0
A	BL	4	85	9	1	BA1653	55497	9	0	0	0	1	0	0	0	0	0	0
A	BL	4	85	9	1	BA1653	55501	9	10	0	0	0	0	0	0	1	0	0
A	BL	4	85	9	1	BA1653	55576	10	2	0	0	0	0	0	0	0	0	0
A	BL	4	85	9	1	BA1653	55577	2	6	0	0	0	0	0	0	0	0	0
A	BL	4	85	9	1	BA1653	56478	6	8	2	0	1	0	0	0	0	0	0
A	BL	4	85	9	1	BA1653	56488	8	7	0	0	0	0	0	0	0	0	0
A	BL	4	85	9	1	BA1653	56494	7	0	0	0	0	0	0	0	1	0	0
A	BL	4	85	9	1	BA1653	56497	7	8	2	0	1	0	0	0	0	0	0
A	BL	4	85	9	1	BA1653	56507	8	7	0	0	0	0	0	0	0	0	0
A	BL	4	85	9	1	BA1653	56510	7	0	0	0	0	0	0	0	1	0	0
A	BL	4	85	9	1	BA1653	56546	7	8	2	0	1	0	0	0	0	0	0
A	BL	4	85	9	1	BA1653	56551	8	0	0	0	0	0	0	0	1	0	0
A	BL	4	85	9	1	BA1653	56556	8	7	0	0	0	0	0	0	0	0	0
A	BL	4	85	9	1	BA1653	56567	7	8	2	0	1	0	0	0	0	0	0
A	BL	4	85	9	1	BA1653	56569	8	0	0	0	0	0	0	0	1	0	0
A	BL	4	85	9	1	BA1653	56577	8	7	0	0	0	0	0	0	0	0	0
A	BL	4	85	9	1	BA1653	56625	7	8	2	0	1	0	0	0	0	0	0
A	BL	4	85	9	1	BA1653	56629	8	0	0	0	0	0	0	0	1	0	0
A	BL	4	85	9	1	BA1653	56635	8	7	0	0	0	0	0	0	0	0	0
A	BL	4	85	9	1	BA1653	56646	7	8	2	0	1	0	0	0	0	0	0
A	BL	4	85	9	1	BA1653	56656	8	7	0	0	0	0	0	0	0	0	0
A	BL	4	85	9	1	BA1653	56663	7	0	0	0	0	0	0	0	1	0	0
A	BL	4	85	9	1	BA1653	56671	7	8	2	0	1	0	0	0	0	0	0
A	BL	4	85	9	1	BA1653	56681	8	7	0	0	0	0	0	0	0	0	0
A	BL	4	85	9	1	BA1653	56695	7	0	0	0	0	0	0	0	1	0	0
A	BL	4	85	9	1	BA1653	56704	7	8	2	0	1	0	0	0	0	0	0
A	BL	4	85	9	1	BA1653	56714	8	7	0	0	0	0	0	0	0	0	0
A	BL	4	85	9	1	BA1653	56735	7	0	0	0	0	0	0	0	1	0	0
A	BL	4	85	9	1	BA1653	56820	7	8	2	0	1	0	0	0	0	0	0
A	BL	4	85	9	1	BA1653	56823	8	0	0	0	0	0	0	0	1	0	0
A	BL	4	85	9	1	BA1653	56824	8	0	0	0	1	0	0	0	0	0	0
A	BL	4	85	9	1	BA1653	56830	8	7	0	0	0	0	0	0	0	0	0
A	BL	4	85	9	1	BA1653	56854	7	0	0	0	0	0	0	0	1	0	0
A	BL	4	85	9	1	BA1653	56859	7	8	2	0	1	0	0	0	0	0	0
A	BL	4	85	9	1	BA1653	56869	8	7	0	0	0	0	0	0	0	0	0
A	BL	4	85	9	1	BA1653	56883	7	0	0	0	0	0	0	0	1	0	0
A	BL	4	85	9	1	BA1653	56894	7	8	2	0	1	0	0	0	0	0	0
A	BL	4	85	9	1	BA1653	56899	8	0	0	0	0	0	0	0	1	0	0
A	BL	4	85	9	1	BA1653	56901	8	0	0	0	1	0	0	0	0	0	0
A	BL	4	85	9	1	BA1653	56904	8	7	0	0	0	0	0	0	1	0	0
A	BL	4	85	9	1	BA1653	56912	7	8	2	0	1	0	0	0	0	0	0
A	BL	4	85	9	1	BA1653	56922	8	7	0	0	0	0	0	0	0	0	0
A	BL	4	85	9	1	BA1653	56947	7	0	0	0	0	0	0	0	1	0	0
A	BL	4	85	9	1	BA1653	56962	7	8	2	0	1	0	0	0	0	0	0
A	BL	4	85	9	1	BA1653	56972	8	7	0	0	0	0	0	0	0	0	0
A	BL	4	85	9	1	BA1653	56977	7	0	0	0	0	0	0	0	1	0	0
A	BL	4	85	9	1	BA1653	56999	7	8	2	0	1	0	0	0	0	0	0
A	BL	4	85	9	1	BA1653	57004	8	0	0	0	0	0	0	0	1	0	0
A	BL	4	85	9	1	BA1653	57009	8	7	0	0	0	0	0	0	0	0	0
A	BL	4	85	9	1	BA1653	57024	7	8	2	0	1	0	0	0	0	0	0
A	BL	4	85	9	1	BA1653	57034	8	7	0	0	0	0	0	0	0	0	0
A	BL	4	85	9	1	BA1653	57070	7	0	0	0	0	0	0	0	1	0	0
A	BL	4	85	9	1	BA1653	57120	7	8	2	0	1	0	0	0	0	0	0
A	BL	4	85	9	1	BA1653	57130	8	7	0	0	0	0	0	0	0	0	0
A	BL	4	85	9	1	BA1653	57160	7	0	0	0	0	0	0	0	1	0	0
A	BL	4	85	9	1	BA1653	57217	7	8	2	0	1	0	0	0	0	0	0
A	BL	4	85	9	1	BA1653	57227	8	7	0	0	0	0	0	0	0	0	0
A	BL	4	85	9	1	BA1653	57285	7	0	0	0	0	0	0	0	1	0	0
A	BL	4	85	9	1	BA1653	57311	7	8	2	0	1	0	0	0	0	0	0
A	BL	4	85	9	1	BA1653	57321	8	7	0	0	0	0	0	0	0	0	0
A	BL	4	85	9	1	BA1653	57352	7	0	0	0	0	0	0	0	1	0	0
A	BL	4	85	9	1	BA1653	57355	7	8	2	0	1	0	0	0	0	0	0
A	BL	4	85	9	1	BA1653	57360	8	0	0	0	0	0	0	0	1	0	0
A	BL	4	85	9	1	BA1653	57365	8	7	0	0	0	0	0	0	0	0	0
A	BL	4	85	9	1	BA1653	57446	7	8	2	0	1	0	0	0	0	0	0
A	BL	4	85	9	1	BA1653	57453	8	0	0	0	0	0	0	0	1	0	0
A	BL	4	85	9	1	BA1653	57456	8	9	0	0	0	0	0	0	0	0	0
A	BL	4	85	9	1	BA1653	57457	9	0	0	0	1	0	0	0	0	0	0
A	BL	4	85	9	1	BA1653	57466	9	10	0	0	0	0	0	0	0	0	0
A	BL	4	85	9	1	BA1653	57468	10	0	0	0	0	0	0	0	1	0	0
A	BL	4	85	9	1	BA1653	57541	10	2	0	0	0	0	0	0	0	0	0
A	BL	4	85	9	1	BA1653	57542	2	6	0	0	0	0	0	0	0	0	0
A	BL	4	85	9	1	BA1653	58094	6	8	2	0	1	0	0	0	0	0	0
A	BL	4	85	9	1	BA1653	58104	8	7	0	0	0	0	0	0	0	0	0
A	BL	4	85	9	1	BA1653	58131	7	0	0	0	0	0	0	0	1	0	0
A	BL	4	85	9	1	BA1653	58181	7	8	2	0	1	0	0	0	0	0	0
A	BL	4	85	9	1	BA1653	58184	8	0	0	0	0	0	0	0	1	0	0
A	BL	4	85	9	1	BA1653	58191	8	7	0	0	0	0	0	0	0	0	0
A	BL	4	85	9	1	BA1653	58226	7	8	2	0	1	0	0	0	0	0	0
A	BL	4	85	9	1	BA1653	58236	8	7	0	0	0	0	0	0	0	0	0
A	BL	4	85	9	1	BA1653	58260	7	0	0	0	0	0	0	0	1	0	0
A	BL	4	85	9	1	BA1653	58334	7	8	2	0	1	0	0	0	0	0	0
A	BL	4	85	9	1	BA1653	58344	8	7	0	0	0	0	0	0	0	0	0
A	BL	4	85	9	1	BA1653	58350	7	0	0	0	0	0	0	0	1	0	0
A	BL	4	85	9	1	BA1653	58354	7	8	2	0	1	0	0	0	0	0	0
A	BL	4	85	9	1	BA1653	58364	8	7	0	0	0	0	0	0	0	0	0
A	BL	4	85	9	1	BA1653	58373	7	0	0	0	0	0	0	0	1	0	0
A	BL	4	85	9	1	BA1653	58379	7	8	2	0	1	0	0	0	0	0	0
A	BL	4	85	9	1	BA1653	58385	8	0	0	0	0	0	0	0	1	0	0
A	BL	4	85	9	1	BA1653	58389	8	7	0	0	0	0	0	0	0	0	0
A	BL	4	85	9	1	BA1653	58391	7	8	2	0	1	0	0	0	0	0	0
A	BL	4	85	9	1	BA1653	58401	8	7	0	0	0	0	0	0	0	0	0
A	BL	4	85	9	1	BA1653	58406	7	0	0	0	0	0	0	0	1	0	0
A	BL	4	85	9	1	BA1653	58420	7	8	2	0	1	0	0	0	0	0	0
A	BL	4	85	9	1	BA1653	58425	8	0	0	0	0	0	0	0	1	0	0
A	BL	4	85	9	1	BA1653	58430	8	7	0	0	0	0	0	0	0	0	0
A	BL	4	85	9	1	BA1653	58436	7	8	2	0	1	0	0	0	0	0	0
A	BL	4	85	9	1	BA1653	58446	8	7	0	0	0	0	0	0	0	0	0
A	BL	4	85	9	1	BA1653	58475	7	0	0	0	0	0	0	0	1	0	0
A	BL	4	85	9	1	BA1653	58538	7	8	2	0	1	0	0	0	0	0	0
A	BL	4	85	9	1	BA1653	58548	8	7	0	0	0	0	0	0	0	0	0
A	BL	4	85	9	1	BA1653	58583	7	0	0	0	0	0	0	0	1	0	0
A	BL	4	85	9	1	BA1653	58592	7	8	2	0	1	0	0	0	0	0	0
A	BL	4	85	9	1	BA1653	58602	8	7	0	0	0	0	0	0	0	0	0
A	BL	4	85	9	1	BA1653	58607	7	0	0	0	0	0	0	0	1	0	0
A	BL	4	85	9	1	BA1653	58614	7	8	2	0	1	0	0	0	0	0	0
A	BL	4	85	9	1	BA1653	58620	8	0	0	0	0	0	0	0	1	0	0
A	BL	4	85	9	1	BA1653	58624	8	7	0	0	0	0	0	0	0	0	0
A	BL	4	85	9	1	BA1653	58634	7	8	2	0	1	0	0	0	0	0	0
A	BL	4	85	9	1	BA1653	58641	8	0	0	0	0	0	0	0	1	0	0
A	BL	4	85	9	1	BA1653	58644	8	7	0	0	0	0	0	0	0	0	0
A	BL	4	85	9	1	BA1653	58645	7	8	2	0	1	0	0	0	0	0	0
A	BL	4	85	9	1	BA1653	58649	8	0	0	0	0	0	0	0	1	0	0
A	BL	4	85	9	1	BA1653	58655	8	7	0	0	0	0	0	0	0	0	0
A	BL	4	85	9	1	BA1653	58667	7	8	2	0	1	0	0	0	0	0	0
A	BL	4	85	9	1	BA1653	58677	8	7	0	0	0	0	0	0	0	0	0
A	BL	4	85	9	1	BA1653	58687	7	0	0	0	0	0	0	0	1	0	0
A	BL	4	85	9	1	BA1653	58733	7	8	2	0	1	0	0	0	0	0	0
A	BL	4	85	9	1	BA1653	58743	8	7	0	0	0	0	0	0	0	0	0
A	BL	4	85	9	1	BA1653	58766	7	0	0	0	0	0	0	0	1	0	0
A	BL	4	85	9	1	BA1653	58828	7	8	2	0	1	0	0	0	0	0	0
A	BL	4	85	9	1	BA1653	58838	8	7	0	0	0	0	0	0	0	0	0
A	BL	4	85	9	1	BA1653	58883	7	0	0	0	0	0	0	0	1	0	0
A	BL	4	85	9	1	BA1653	58884	7	8	2	0	1	0	0	0	0	0	0
A	BL	4	85	9	1	BA1653	58885	8	0	0	0	0	0	0	0	1	0	0
A	BL	4	85	9	1	BA1653	58893	8	0	0	0	1	0	0	0	0	0	0
A	BL	4	85	9	1	BA1653	58894	8	7	0	0	0	0	0	0	0	0	0
A	BL	4	85	9	1	BA1653	58897	7	0	0	0	0	0	0	0	1	0	0
A	BL	4	85	9	1	BA1653	58927	7	8	2	0	1	0	0	0	0	0	0
A	BL	4	85	9	1	BA1653	58937	8	7	0	0	0	0	0	0	0	0	0
A	BL	4	85	9	1	BA1653	58962	7	0	0	0	0	0	0	0	1	0	0
A	BL	4	85	9	1	BA1653	59013	7	8	2	0	1	0	0	0	0	0	0
A	BL	4	85	9	1	BA1653	59023	8	9	0	0	0	0	0	0	0	0	0
A	BL	4	85	9	1	BA1653	59031	9	0	0	0	0	0	0	0	1	0	0
A	BL	4	85	9	1	BA1653	59033	9	10	0	0	0	0	0	0	0	0	0
A	BL	4	85	9	1	BA1653	59108	10	2	0	0	0	0	0	0	0	0	0
A	BL	4	85	9	1	BA1653	59109	2	3	0	0	0	0	0	0	0	0	0
A	BL	4	85	9	1	BA1653	59473	3	5	1	1	0	0	0	0	0	0	0
A	BL	4	85	9	1	BA1653	59483	5	4	0	0	0	0	0	0	0	0	0
A	BL	4	85	9	1	BA1653	59512	4	0	0	0	0	0	0	1	0	0	0
A	BL	4	85	9	1	BA1653	59577	4	5	1	1	0	0	0	0	0	0	0
A	BL	4	85	9	1	BA1653	59587	5	4	0	0	0	0	0	0	0	0	0
A	BL	4	85	9	1	BA1653	59610	4	0	0	0	0	0	0	1	0	0	0
A	BL	4	85	9	1	BA1653	59641	4	5	1	1	0	0	0	0	0	0	0
A	BL	4	85	9	1	BA1653	59651	5	4	0	0	0	0	0	0	0	0	0
A	BL	4	85	9	1	BA1653	59700	4	0	0	0	0	0	0	1	0	0	0
A	BL	4	85	9	1	BA1653	59760	4	5	1	1	0	0	0	0	0	0	0
A	BL	4	85	9	1	BA1653	59770	5	4	0	0	0	0	0	0	0	0	0
A	BL	4	85	9	1	BA1653	59802	4	0	0	0	0	0	0	1	0	0	0
A	BL	4	85	9	1	BA1653	59834	4	5	1	1	0	0	0	0	0	0	0
A	BL	4	85	9	1	BA1653	59844	5	9	0	0	0	0	0	0	0	0	0
A	BL	4	85	9	1	BA1653	59854	9	10	0	0	0	0	0	0	0	0	0
A	BL	4	85	9	1	BA1653	59856	10	0	0	0	0	0	0	1	0	0	0
A	BL	4	85	9	1	BA1653	59929	10	2	0	0	0	0	0	0	0	0	0
A	BL	4	85	9	1	BA1653	59930	2	3	0	0	0	0	0	0	0	0	0
A	BL	4	85	9	1	BA1653	60191	3	5	1	1	0	0	0	0	0	0	0
A	BL	4	85	9	1	BA1653	60201	5	4	0	0	0	0	0	0	0	0	0
A	BL	4	85	9	1	BA1653	60271	4	0	0	0	0	0	0	1	0	0	0
A	BL	4	85	9	1	BA1653	60309	4	5	1	1	0	0	0	0	0	0	0
A	BL	4	85	9	1	BA1653	60319	5	4	0	0	0	0	0	0	0	0	0
A	BL	4	85	9	1	BA1653	60356	4	0	0	0	0	0	0	1	0	0	0
A	BL	4	85	9	1	BA1653	60396	4	5	1	1	0	0	0	0	0	0	0
A	BL	4	85	9	1	BA1653	60406	5	4	0	0	0	0	0	0	0	0	0
A	BL	4	85	9	1	BA1653	60431	4	0	0	0	0	0	0	1	0	0	0
A	BL	4	85	9	1	BA1653	60498	4	5	1	1	0	0	0	0	0	0	0
A	BL	4	85	9	1	BA1653	60508	5	4	0	0	0	0	0	0	0	0	0
A	BL	4	85	9	1	BA1653	60558	4	0	0	0	0	0	0	1	0	0	0
A	BL	4	85	9	1	BA1653	60566	4	5	1	1	0	0	0	0	0	0	0
A	BL	4	85	9	1	BA1653	60576	5	9	0	0	0	0	0	0	0	0	0
A	BL	4	85	9	1	BA1653	60586	9	10	0	0	0	0	0	0	0	0	0
A	BL	4	85	9	1	BA1653	60589	10	0	0	0	0	0	0	1	0	0	0
A	BL	4	85	9	1	BA1653	60661	10	2	0	0	0	0	0	0	0	0	0
A	BL	4	85	9	1	BA1653	60662	2	3	0	0	0	0	0	0	0	0	0
A	BL	4	85	9	1	BA1653	60865	3	5	1	1	0	0	0	0	0	0	0
A	BL	4	85	9	1	BA1653	60875	5	4	0	0	0	0	0	0	0	0	0
A	BL	4	85	9	1	BA1653	60924	4	0	0	0	0	0	0	1	0	0	0
A	BL	4	85	9	1	BA1653	60987	4	5	1	1	0	0	0	0	0	0	0
A	BL	4	85	9	1	BA1653	60997	5	4	0	0	0	0	0	0	0	0	0
A	BL	4	85	9	1	BA1653	61002	4	0	0	0	0	0	0	1	0	0	0
A	BL	4	85	9	1	BA1653	61005	4	5	1	1	0	0	0	0	0	0	0
A	BL	4	85	9	1	BA1653	61015	5	4	0	0	0	0	0	0	0	0	0
A	BL	4	85	9	1	BA1653	61019	4	0	0	0	0	0	0	1	0	0	0
A	BL	4	85	9	1	BA1653	61036	4	5	1	1	0	0	0	0	0	0	0
A	BL	4	85	9	1	BA1653	61046	5	4	0	0	0	0	0	1	0	0	0
A	BL	4	85	9	1	BA1653	61055	4	5	1	1	0	0	0	0	0	0	0
A	BL	4	85	9	1	BA1653	61065	5	9	0	0	0	0	0	0	0	0	0
A	BL	4	85	9	1	BA1653	61075	9	10	0	0	0	0	0	0	0	0	0
A	BL	4	85	9	1	BA1653	61076	10	0	0	0	0	0	0	1	0	0	0
A	BL	4	85	9	1	BA1653	61150	10	2	0	0	0	0	0	0	0	0	0
A	BL	4	85	9	1	BA1653	61151	2	6	0	0	0	0	0	0	0	0	0
A	BL	4	85	9	1	BA1653	62409	6	8	2	0	1	0	0	0	0	0	0
A	BL	4	85	9	1	BA1653	62419	8	7	0	0	0	0	0	0	0	0	0
A	BL	4	85	9	1	BA1653	62429	7	0	0	0	0	0	0	0	1	0	0
A	BL	4	85	9	1	BA1653	62502	7	8	2	0	1	0	0	0	0	0	0
A	BL	4	85	9	1	BA1653	62512	8	7	0	0	0	0	0	0	0	0	0
A	BL	4	85	9	1	BA1653	62543	7	0	0	0	0	0	0	0	1	0	0
A	BL	4	85	9	1	BA1653	62631	7	8	2	0	1	0	0	0	0	0	0
A	BL	4	85	9	1	BA1653	62634	8	0	0	0	0	0	0	0	1	0	0
A	BL	4	85	9	1	BA1653	62641	8	7	0	0	0	0	0	0	0	0	0
A	BL	4	85	9	1	BA1653	62655	7	8	2	0	1	0	0	0	0	0	0
A	BL	4	85	9	1	BA1653	62665	8	7	0	0	0	0	0	0	0	0	0
A	BL	4	85	9	1	BA1653	62681	7	0	0	0	0	0	0	0	1	0	0
A	BL	4	85	9	1	BA1653	62701	7	8	2	0	1	0	0	0	0	0	0
A	BL	4	85	9	1	BA1653	62705	8	0	0	0	0	0	0	0	1	0	0
A	BL	4	85	9	1	BA1653	62711	8	7	0	0	0	0	0	0	0	0	0
A	BL	4	85	9	1	BA1653	62736	7	8	2	0	1	0	0	0	0	0	0
A	BL	4	85	9	1	BA1653	62746	8	7	0	0	0	0	0	0	0	0	0
A	BL	4	85	9	1	BA1653	62772	7	0	0	0	0	0	0	0	1	0	0
A	BL	4	85	9	1	BA1653	62796	7	8	2	0	1	0	0	0	0	0	0
A	BL	4	85	9	1	BA1653	62806	8	7	0	0	0	0	0	0	0	0	0
A	BL	4	85	9	1	BA1653	62831	7	0	0	0	0	0	0	0	1	0	0
A	BL	4	85	9	1	BA1653	62883	7	8	2	0	1	0	0	0	0	0	0
A	BL	4	85	9	1	BA1653	62893	8	7	0	0	0	0	0	0	0	0	0
A	BL	4	85	9	1	BA1653	62946	7	0	0	0	0	0	0	0	1	0	0
A	BL	4	85	9	1	BA1653	63021	7	8	2	0	1	0	0	0	0	0	0
A	BL	4	85	9	1	BA1653	63031	8	7	0	0	0	0	0	0	0	0	0
A	BL	4	85	9	1	BA1653	63086	7	0	0	0	0	0	0	0	1	0	0
A	BL	4	85	9	1	BA1653	63092	7	8	2	0	1	0	0	0	0	0	0
A	BL	4	85	9	1	BA1653	63102	8	7	0	0	0	0	0	0	0	0	0
A	BL	4	85	9	1	BA1653	63123	7	0	0	0	0	0	0	0	1	0	0
A	BL	4	85	9	1	BA1653	63211	7	8	2	0	1	0	0	0	0	0	0
A	BL	4	85	9	1	BA1653	63221	8	7	0	0	0	0	0	0	0	0	0
A	BL	4	85	9	1	BA1653	63247	7	0	0	0	0	0	0	0	1	0	0
A	BL	4	85	9	1	BA1653	63252	7	8	2	0	1	0	0	0	0	0	0
A	BL	4	85	9	1	BA1653	63262	8	7	0	0	0	0	0	0	0	0	0
A	BL	4	85	9	1	BA1653	63305	7	0	0	0	0	0	0	0	1	0	0
A	BL	4	85	9	1	BA1653	63310	7	8	2	0	1	0	0	0	0	0	0
A	BL	4	85	9	1	BA1653	63317	8	0	0	0	0	0	0	0	1	0	0
A	BL	4	85	9	1	BA1653	63319	8	0	0	0	1	0	0	0	0	0	0
A	BL	4	85	9	1	BA1653	63320	8	7	0	0	0	0	0	0	0	0	0
A	BL	4	85	9	1	BA1653	63331	7	0	0	0	0	0	0	0	1	0	0
A	BL	4	85	9	1	BA1653	63334	7	8	2	0	1	0	0	0	0	0	0
A	BL	4	85	9	1	BA1653	63344	8	7	0	0	0	0	0	0	0	0	0
A	BL	4	85	9	1	BA1653	63366	7	0	0	0	0	0	0	0	1	0	0
A	BL	4	85	9	1	BA1653	63370	7	8	2	0	1	0	0	0	0	0	0
A	BL	4	85	9	1	BA1653	63380	8	7	0	0	0	0	0	0	0	0	0
A	BL	4	85	9	1	BA1653	63401	7	0	0	0	0	0	0	0	1	0	0
A	BL	4	85	9	1	BA1653	63458	7	8	2	0	1	0	0	0	0	0	0
A	BL	4	85	9	1	BA1653	63468	8	7	0	0	0	0	0	0	0	0	0
A	BL	4	85	9	1	BA1653	63478	7	0	0	0	0	0	0	0	1	0	0
A	BL	4	85	9	1	BA1653	63513	7	8	2	0	1	0	0	0	0	0	0
A	BL	4	85	9	1	BA1653	63523	8	7	0	0	0	0	0	0	0	0	0
A	BL	4	85	9	1	BA1653	63560	7	0	0	0	0	0	0	0	1	0	0
A	BL	4	85	9	1	BA1653	63638	7	8	2	0	1	0	0	0	0	0	0
A	BL	4	85	9	1	BA1653	63648	8	7	0	0	0	0	0	0	0	0	0
A	BL	4	85	9	1	BA1653	63655	7	0	0	0	0	0	0	0	1	0	0
A	BL	4	85	9	1	BA1653	63660	7	8	2	0	1	0	0	0	0	0	0
A	BL	4	85	9	1	BA1653	63670	8	7	0	0	0	0	0	0	0	0	0
A	BL	4	85	9	1	BA1653	63683	7	0	0	0	0	0	0	0	1	0	0
A	BL	4	85	9	1	BA1653	63684	7	8	2	0	1	0	0	0	0	0	0
A	BL	4	85	9	1	BA1653	63694	8	9	0	0	0	0	0	0	0	0	0
A	BL	4	85	9	1	BA1653	63704	9	10	0	0	0	0	0	0	0	0	0
A	BL	4	85	9	1	BA1653	63705	10	0	0	0	0	0	0	0	1	0	0
A	BL	4	85	9	1	BA1653	63779	10	2	0	0	0	0	0	0	0	0	0
A	BL	4	85	9	1	BA1653	63780	2	3	0	0	0	0	0	0	0	0	0
A	BL	4	85	9	1	BA1653	64221	3	5	1	1	0	0	0	0	0	0	0
A	BL	4	85	9	1	BA1653	64231	5	4	0	0	0	0	0	0	0	0	0
A	BL	4	85	9	1	BA1653	64247	4	0	0	0	0	0	0	1	0	0	0
A	BL	4	85	9	1	BA1653	64287	4	5	1	1	0	0	0	0	0	0	0
A	BL	4	85	9	1	BA1653	64297	5	4	0	0	0	0	0	0	0	0	0
A	BL	4	85	9	1	BA1653	64337	4	0	0	0	0	0	0	1	0	0	0
A	BL	4	85	9	1	BA1653	64383	4	5	1	1	0	0	0	0	0	0	0
A	BL	4	85	9	1	BA1653	64393	5	4	0	0	0	0	0	0	0	0	0
A	BL	4	85	9	1	BA1653	64430	4	0	0	0	0	0	0	1	0	0	0
A	BL	4	85	9	1	BA1653	64481	4	5	1	1	0	0	0	0	0	0	0
A	BL	4	85	9	1	BA1653	64491	5	4	0	0	0	0	0	0	0	0	0
A	BL	4	85	9	1	BA1653	64516	4	0	0	0	0	0	0	1	0	0	0
A	BL	4	85	9	1	BA1653	64539	4	5	1	1	0	0	0	0	0	0	0
A	BL	4	85	9	1	BA1653	64546	5	0	0	0	0	0	0	1	0	0	0
A	BL	4	85	9	1	BA1653	64549	5	9	0	0	0	0	0	0	0	0	0
A	BL	4	85	9	1	BA1653	64554	9	0	0	1	0	0	0	0	0	0	0
A	BL	4	85	9	1	BA1653	64559	9	10	0	0	0	0	0	0	0	0	0
A	BL	4	85	9	1	BA1653	64561	10	0	0	0	0	0	0	1	0	0	0
A	BL	4	85	9	1	BA1653	64634	10	2	0	0	0	0	0	0	0	0	0
A	BL	4	85	9	1	BA1653	64635	2	6	0	0	0	0	0	0	0	0	0
A	BL	4	85	9	1	BA1653	64796	6	0	0	1	0	0	0	0	0	0	0
A	BL	4	85	9	1	BA1653	64836	6	0	0	0	0	0	0	1	0	0	0
A	BL	4	85	9	1	BA1653	64908	6	0	0	1	0	0	0	0	0	0	0
A	BL	4	85	9	1	BA1653	64966	6	0	0	0	0	0	0	1	0	0	0
A	BL	4	85	9	1	BA1653	65050	6	0	0	1	0	0	0	0	0	0	0
A	BL	4	85	9	1	BA1653	65099	6	0	0	0	0	0	0	1	0	0	0
A	BL	4	85	9	1	BA1653	65117	6	0	0	1	0	0	0	0	0	0	0
A	BL	4	85	9	1	BA1653	65165	6	0	0	0	0	0	0	1	0	0	0
A	BL	4	85	9	1	BA1653	65203	6	0	0	1	0	0	0	0	0	0	0
A	BL	4	85	9	1	BA1653	65209	6	0	0	0	0	0	0	1	0	0	0
A	BL	4	85	9	1	BA1653	65224	6	0	0	1	0	0	0	0	0	0	0
A	BL	4	85	9	1	BA1653	65279	6	0	0	0	0	0	0	1	0	0	0
A	BL	4	85	9	1	BA1653	65345	6	0	0	1	0	0	0	0	0	0	0
A	BL	4	85	9	1	BA1653	65476	6	0	0	0	0	0	0	1	0	0	0
A	BL	4	85	9	1	BA1653	65549	6	0	0	1	0	0	0	0	0	0	0
A	BL	4	85	9	1	BA1653	65583	6	0	0	0	0	0	0	1	0	0	0
A	BL	4	85	9	1	BA1653	65677	6	0	0	1	0	0	0	0	0	0	0
A	BL	4	85	9	1	BA1653	65702	6	0	0	0	0	0	0	1	0	0	0
A	BL	4	85	9	1	BA1653	65742	6	0	0	1	0	0	0	0	0	0	0
A	BL	4	85	9	1	BA1653	65799	6	0	0	0	0	0	0	1	0	0	0
A	BL	4	85	9	1	BA1653	65898	6	0	0	1	0	0	0	0	0	0	0
A	BL	4	85	9	1	BA1653	65931	6	0	0	0	0	0	0	1	0	0	0
A	BL	4	85	9	1	BA1653	65978	6	0	0	1	0	0	0	0	0	0	0
A	BL	4	85	9	1	BA1653	66012	6	0	0	0	0	0	0	1	0	0	0
A	BL	4	85	9	1	BA1653	66152	6	8	2	0	1	0	0	0	0	0	0
A	BL	4	85	9	1	BA1653	66155	8	0	0	0	0	0	0	0	1	0	0
A	BL	4	85	9	1	BA1653	66162	8	7	0	0	0	0	0	0	0	0	0
A	BL	4	85	9	1	BA1653	66218	7	8	2	0	1	0	0	0	0	0	0
A	BL	4	85	9	1	BA1653	66228	8	7	0	0	0	0	0	0	0	0	0
A	BL	4	85	9	1	BA1653	66259	7	0	0	0	0	0	0	0	1	0	0
A	BL	4	85	9	1	BA1653	66261	7	8	2	0	1	0	0	0	0	0	0
A	BL	4	85	9	1	BA1653	66271	8	7	0	0	0	0	0	0	0	0	0
A	BL	4	85	9	1	BA1653	66274	7	0	0	0	0	0	0	0	1	0	0
A	BL	4	85	9	1	BA1653	66277	7	8	2	0	1	0	0	0	0	0	0
A	BL	4	85	9	1	BA1653	66287	8	7	0	0	0	0	0	0	0	0	0
A	BL	4	85	9	1	BA1653	66296	7	0	0	0	0	0	0	0	1	0	0
A	BL	4	85	9	1	BA1653	66298	7	8	2	0	1	0	0	0	0	0	0
A	BL	4	85	9	1	BA1653	66308	8	7	0	0	0	0	0	0	0	0	0
A	BL	4	85	9	1	BA1653	66311	7	0	0	0	0	0	0	0	1	0	0
A	BL	4	85	9	1	BA1653	66372	7	8	2	0	1	0	0	0	0	0	0
A	BL	4	85	9	1	BA1653	66382	8	7	0	0	0	0	0	0	0	0	0
A	BL	4	85	9	1	BA1653	66414	7	0	0	0	0	0	0	0	1	0	0
A	BL	4	85	9	1	BA1653	66442	7	8	2	0	1	0	0	0	0	0	0
A	BL	4	85	9	1	BA1653	66452	8	7	0	0	0	0	0	0	0	0	0
A	BL	4	85	9	1	BA1653	66507	7	0	0	0	0	0	0	0	1	0	0
A	BL	4	85	9	1	BA1653	66554	7	8	2	0	1	0	0	0	0	0	0
A	BL	4	85	9	1	BA1653	66564	8	7	0	0	0	0	0	0	0	0	0
A	BL	4	85	9	1	BA1653	66629	7	0	0	0	0	0	0	0	1	0	0
A	BL	4	85	9	1	BA1653	66676	7	8	2	0	1	0	0	0	0	0	0
A	BL	4	85	9	1	BA1653	66686	8	7	0	0	0	0	0	0	0	0	0
A	BL	4	85	9	1	BA1653	66730	7	0	0	0	0	0	0	0	1	0	0
A	BL	4	85	9	1	BA1653	66733	7	8	2	0	1	0	0	0	0	0	0
A	BL	4	85	9	1	BA1653	66743	8	7	0	0	0	0	0	0	0	0	0
A	BL	4	85	9	1	BA1653	66771	7	0	0	0	0	0	0	0	1	0	0
A	BL	4	85	9	1	BA1653	66772	7	8	2	0	1	0	0	0	0	0	0
A	BL	4	85	9	1	BA1653	66782	8	7	0	0	0	0	0	0	0	0	0
A	BL	4	85	9	1	BA1653	66826	7	0	0	0	0	0	0	0	1	0	0
A	BL	4	85	9	1	BA1653	66907	7	8	2	0	1	0	0	0	0	0	0
A	BL	4	85	9	1	BA1653	66917	8	7	0	0	0	0	0	0	0	0	0
A	BL	4	85	9	1	BA1653	66928	7	0	0	0	0	0	0	0	1	0	0
A	BL	4	85	9	1	BA1653	66932	7	8	2	0	1	0	0	0	0	0	0
A	BL	4	85	9	1	BA1653	66942	8	7	0	0	0	0	0	0	0	0	0
A	BL	4	85	9	1	BA1653	66945	7	0	0	0	0	0	0	0	1	0	0
A	BL	4	85	9	1	BA1653	66949	7	8	2	0	1	0	0	0	0	0	0
A	BL	4	85	9	1	BA1653	66959	8	7	0	0	0	0	0	0	0	0	0
A	BL	4	85	9	1	BA1653	67000	7	0	0	0	0	0	0	0	1	0	0
A	BL	4	85	9	1	BA1653	67046	7	8	2	0	1	0	0	0	0	0	0
A	BL	4	85	9	1	BA1653	67056	8	7	0	0	0	0	0	0	0	0	0
A	BL	4	85	9	1	BA1653	67073	7	0	0	0	0	0	0	0	1	0	0
A	BL	4	85	9	1	BA1653	67121	7	8	2	0	1	0	0	0	0	0	0
A	BL	4	85	9	1	BA1653	67131	8	7	0	0	0	0	0	0	0	0	0
A	BL	4	85	9	1	BA1653	67141	7	0	0	0	0	0	0	0	1	0	0
A	BL	4	85	9	1	BA1653	67244	7	8	2	0	1	0	0	0	0	0	0
A	BL	4	85	9	1	BA1653	67254	8	7	0	0	0	0	0	0	0	0	0
A	BL	4	85	9	1	BA1653	67269	7	0	0	0	0	0	0	0	1	0	0
A	BL	4	85	9	1	BA1653	67271	7	8	2	0	1	0	0	0	0	0	0
A	BL	4	85	9	1	BA1653	67281	8	7	0	0	0	0	0	0	0	0	0
A	BL	4	85	9	1	BA1653	67283	7	0	0	0	0	0	0	0	1	0	0
A	BL	4	85	9	1	BA1653	67329	7	8	2	0	1	0	0	0	0	0	0
A	BL	4	85	9	1	BA1653	67339	8	7	0	0	0	0	0	0	0	0	0
A	BL	4	85	9	1	BA1653	67390	7	0	0	0	0	0	0	0	1	0	0
A	BL	4	85	9	1	BA1653	67445	7	8	2	0	1	0	0	0	0	0	0
A	BL	4	85	9	1	BA1653	67455	8	9	0	0	0	0	0	0	0	0	0
A	BL	4	85	9	1	BA1653	67463	9	0	0	0	0	0	0	0	1	0	0
A	BL	4	85	9	1	BA1653	67465	9	10	0	0	0	0	0	0	0	0	0
A	BL	4	85	9	1	BA1653	67540	10	2	0	0	0	0	0	0	0	0	0
A	BL	4	85	9	1	BA1653	67541	2	3	0	0	0	0	0	0	0	0	0
A	BL	4	85	9	1	BA1653	67806	3	5	1	1	0	0	0	0	0	0	0
A	BL	4	85	9	1	BA1653	67816	5	4	0	0	0	0	0	0	0	0	0
A	BL	4	85	9	1	BA1653	67856	4	0	0	0	0	0	0	1	0	0	0
A	BL	4	85	9	1	BA1653	67901	4	5	1	1	0	0	0	0	0	0	0
A	BL	4	85	9	1	BA1653	67911	5	4	0	0	0	0	0	0	0	0	0
A	BL	4	85	9	1	BA1653	67948	4	0	0	0	0	0	0	1	0	0	0
A	BL	4	85	9	1	BA1653	68017	4	5	1	1	0	0	0	0	0	0	0
A	BL	4	85	9	1	BA1653	68027	5	4	0	0	0	0	0	0	0	0	0
A	BL	4	85	9	1	BA1653	68074	4	0	0	0	0	0	0	1	0	0	0
A	BL	4	85	9	1	BA1653	68137	4	5	1	1	0	0	0	0	0	0	0
A	BL	4	85	9	1	BA1653	68147	5	4	0	0	0	0	0	0	0	0	0
A	BL	4	85	9	1	BA1653	68189	4	0	0	0	0	0	0	1	0	0	0
A	BL	4	85	9	1	BA1653	68252	4	5	1	1	0	0	0	0	0	0	0
A	BL	4	85	9	1	BA1653	68262	5	9	0	0	0	0	0	0	0	0	0
A	BL	4	85	9	1	BA1653	68272	9	10	0	0	0	0	0	0	0	0	0
A	BL	4	85	9	1	BA1653	68280	10	0	0	0	0	0	0	1	0	0	0
A	BL	4	85	9	1	BA1653	68347	10	2	0	0	0	0	0	0	0	0	0
A	BL	4	85	9	1	BA1653	68348	2	3	0	0	0	0	0	0	0	0	0
A	BL	4	85	9	1	BA1653	68524	3	5	1	1	0	0	0	0	0	0	0
A	BL	4	85	9	1	BA1653	68534	5	4	0	0	0	0	0	0	0	0	0
A	BL	4	85	9	1	BA1653	68548	4	0	0	0	0	0	0	1	0	0	0
A	BL	4	85	9	1	BA1653	68551	4	5	1	1	0	0	0	0	0	0	0
A	BL	4	85	9	1	BA1653	68561	5	4	0	0	0	0	0	0	0	0	0
A	BL	4	85	9	1	BA1653	68563	4	0	0	0	0	0	0	1	0	0	0
A	BL	4	85	9	1	BA1653	68649	4	5	1	1	0	0	0	0	0	0	0
A	BL	4	85	9	1	BA1653	68659	5	4	0	0	0	0	0	0	0	0	0
A	BL	4	85	9	1	BA1653	68690	4	0	0	0	0	0	0	1	0	0	0
A	BL	4	85	9	1	BA1653	68764	4	5	1	1	0	0	0	0	0	0	0
A	BL	4	85	9	1	BA1653	68774	5	4	0	0	0	0	0	0	0	0	0
A	BL	4	85	9	1	BA1653	68782	4	0	0	0	0	0	0	1	0	0	0
A	BL	4	85	9	1	BA1653	68817	4	5	1	1	0	0	0	0	0	0	0
A	BL	4	85	9	1	BA1653	68827	5	9	0	0	0	0	0	0	0	0	0
A	BL	4	85	9	1	BA1653	68837	9	-1	0	0	0	0	0	0	0	0	0
