Project	UserID	Protocol	Session	Station	Run	Subject	Time	Current State	Transition State	Transition Event	A1 - LEFT	A2 - RIGHT	A3 - 	A4 - 	A[1] LEFT	A[2] RIGHT	A[3] 	A[4] 
A	BL	2	79	1	1	BA1652	0	0	1	0	0	0	0	0	0	0	0	0
A	BL	2	79	1	1	BA1652	50	1	2	0	0	0	0	0	0	0	0	0
A	BL	2	79	1	1	BA1652	51	2	6	0	0	0	0	0	0	0	0	0
A	BL	2	79	1	1	BA1652	295	6	8	2	0	1	0	0	0	0	0	0
A	BL	2	79	1	1	BA1652	305	8	7	0	0	0	0	0	0	0	0	0
A	BL	2	79	1	1	BA1652	338	7	0	0	0	0	0	0	0	1	0	0
A	BL	2	79	1	1	BA1652	377	7	8	2	0	1	0	0	0	0	0	0
A	BL	2	79	1	1	BA1652	387	8	7	0	0	0	0	0	0	0	0	0
A	BL	2	79	1	1	BA1652	392	7	0	0	0	0	0	0	0	1	0	0
A	BL	2	79	1	1	BA1652	403	7	8	2	0	1	0	0	0	0	0	0
A	BL	2	79	1	1	BA1652	407	8	0	0	0	0	0	0	0	1	0	0
A	BL	2	79	1	1	BA1652	413	8	7	0	0	0	0	0	0	0	0	0
A	BL	2	79	1	1	BA1652	418	7	8	2	0	1	0	0	0	0	0	0
A	BL	2	79	1	1	BA1652	428	8	7	0	0	0	0	0	0	0	0	0
A	BL	2	79	1	1	BA1652	435	7	0	0	0	0	0	0	0	1	0	0
A	BL	2	79	1	1	BA1652	445	7	8	2	0	1	0	0	0	0	0	0
A	BL	2	79	1	1	BA1652	455	8	7	0	0	0	0	0	0	0	0	0
A	BL	2	79	1	1	BA1652	480	7	0	0	0	0	0	0	0	1	0	0
A	BL	2	79	1	1	BA1652	484	7	8	2	0	1	0	0	0	0	0	0
A	BL	2	79	1	1	BA1652	489	8	0	0	0	0	0	0	0	1	0	0
A	BL	2	79	1	1	BA1652	494	8	7	0	0	0	0	0	0	0	0	0
A	BL	2	79	1	1	BA1652	629	7	8	2	0	1	0	0	0	0	0	0
A	BL	2	79	1	1	BA1652	635	8	0	0	0	0	0	0	0	1	0	0
A	BL	2	79	1	1	BA1652	639	8	7	0	0	0	0	0	0	0	0	0
A	BL	2	79	1	1	BA1652	641	7	8	2	0	1	0	0	0	0	0	0
A	BL	2	79	1	1	BA1652	643	8	0	0	0	0	0	0	0	1	0	0
A	BL	2	79	1	1	BA1652	651	8	7	0	0	0	0	0	0	0	0	0
A	BL	2	79	1	1	BA1652	652	7	8	2	0	1	0	0	0	0	0	0
A	BL	2	79	1	1	BA1652	662	8	7	0	0	0	0	0	0	0	0	0
A	BL	2	79	1	1	BA1652	721	7	0	0	0	0	0	0	0	1	0	0
A	BL	2	79	1	1	BA1652	755	7	8	2	0	1	0	0	0	0	0	0
A	BL	2	79	1	1	BA1652	765	8	9	0	0	0	0	0	0	0	0	0
A	BL	2	79	1	1	BA1652	766	9	0	0	0	0	0	0	0	1	0	0
A	BL	2	79	1	1	BA1652	767	9	0	0	0	1	0	0	0	0	0	0
A	BL	2	79	1	1	BA1652	775	9	10	0	0	0	0	0	0	0	0	0
A	BL	2	79	1	1	BA1652	776	10	0	0	0	0	0	0	0	1	0	0
A	BL	2	79	1	1	BA1652	779	10	0	0	0	1	0	0	0	0	0	0
A	BL	2	79	1	1	BA1652	787	10	0	0	0	0	0	0	0	1	0	0
A	BL	2	79	1	1	BA1652	850	10	2	0	0	0	0	0	0	0	0	0
A	BL	2	79	1	1	BA1652	851	2	6	0	0	0	0	0	0	0	0	0
A	BL	2	79	1	1	BA1652	916	6	8	2	0	1	0	0	0	0	0	0
A	BL	2	79	1	1	BA1652	926	8	7	0	0	0	0	0	0	0	0	0
A	BL	2	79	1	1	BA1652	934	7	0	0	0	0	0	0	0	1	0	0
A	BL	2	79	1	1	BA1652	940	7	8	2	0	1	0	0	0	0	0	0
A	BL	2	79	1	1	BA1652	946	8	0	0	0	0	0	0	0	1	0	0
A	BL	2	79	1	1	BA1652	949	8	0	0	0	1	0	0	0	0	0	0
A	BL	2	79	1	1	BA1652	950	8	7	0	0	0	0	0	0	0	0	0
A	BL	2	79	1	1	BA1652	965	7	0	0	0	0	0	0	0	1	0	0
A	BL	2	79	1	1	BA1652	990	7	8	2	0	1	0	0	0	0	0	0
A	BL	2	79	1	1	BA1652	992	8	0	0	0	0	0	0	0	1	0	0
A	BL	2	79	1	1	BA1652	1000	8	7	0	0	0	0	0	0	0	0	0
A	BL	2	79	1	1	BA1652	1016	7	8	2	0	1	0	0	0	0	0	0
A	BL	2	79	1	1	BA1652	1026	8	7	0	0	0	0	0	0	0	0	0
A	BL	2	79	1	1	BA1652	1035	7	0	0	0	0	0	0	0	1	0	0
A	BL	2	79	1	1	BA1652	1043	7	8	2	0	1	0	0	0	0	0	0
A	BL	2	79	1	1	BA1652	1053	8	7	0	0	0	0	0	0	0	0	0
A	BL	2	79	1	1	BA1652	1096	7	0	0	0	0	0	0	0	1	0	0
A	BL	2	79	1	1	BA1652	1123	7	8	2	0	1	0	0	0	0	0	0
A	BL	2	79	1	1	BA1652	1132	8	0	0	0	0	0	0	0	1	0	0
A	BL	2	79	1	1	BA1652	1133	8	7	0	0	0	0	0	0	0	0	0
A	BL	2	79	1	1	BA1652	1171	7	8	2	0	1	0	0	0	0	0	0
A	BL	2	79	1	1	BA1652	1180	8	0	0	0	0	0	0	0	1	0	0
A	BL	2	79	1	1	BA1652	1181	8	7	0	0	0	0	0	0	0	0	0
A	BL	2	79	1	1	BA1652	1320	7	8	2	0	1	0	0	0	0	0	0
A	BL	2	79	1	1	BA1652	1322	8	0	0	0	0	0	0	0	1	0	0
A	BL	2	79	1	1	BA1652	1330	8	7	0	0	0	0	0	0	0	0	0
A	BL	2	79	1	1	BA1652	1346	7	8	2	0	1	0	0	0	0	0	0
A	BL	2	79	1	1	BA1652	1356	8	7	0	0	0	0	0	0	1	0	0
A	BL	2	79	1	1	BA1652	1361	7	8	2	0	1	0	0	0	0	0	0
A	BL	2	79	1	1	BA1652	1362	8	0	0	0	0	0	0	0	1	0	0
A	BL	2	79	1	1	BA1652	1370	8	0	0	0	1	0	0	0	0	0	0
A	BL	2	79	1	1	BA1652	1371	8	9	0	0	0	0	0	0	1	0	0
A	BL	2	79	1	1	BA1652	1372	9	0	0	0	1	0	0	0	0	0	0
A	BL	2	79	1	1	BA1652	1376	9	0	0	0	0	0	0	0	1	0	0
A	BL	2	79	1	1	BA1652	1381	9	10	0	0	0	0	0	0	0	0	0
A	BL	2	79	1	1	BA1652	1405	10	0	0	0	1	0	0	0	0	0	0
A	BL	2	79	1	1	BA1652	1407	10	0	0	0	0	0	0	0	1	0	0
A	BL	2	79	1	1	BA1652	1456	10	2	0	0	0	0	0	0	0	0	0
A	BL	2	79	1	1	BA1652	1457	2	6	0	0	0	0	0	0	0	0	0
A	BL	2	79	1	1	BA1652	1510	6	8	2	0	1	0	0	0	0	0	0
A	BL	2	79	1	1	BA1652	1513	8	0	0	0	0	0	0	0	1	0	0
A	BL	2	79	1	1	BA1652	1520	8	7	0	0	0	0	0	0	0	0	0
A	BL	2	79	1	1	BA1652	1521	7	8	2	0	1	0	0	0	0	0	0
A	BL	2	79	1	1	BA1652	1530	8	0	0	0	0	0	0	0	1	0	0
A	BL	2	79	1	1	BA1652	1531	8	7	0	0	0	0	0	0	0	0	0
A	BL	2	79	1	1	BA1652	1543	7	8	2	0	1	0	0	0	0	0	0
A	BL	2	79	1	1	BA1652	1546	8	0	0	0	0	0	0	0	1	0	0
A	BL	2	79	1	1	BA1652	1553	8	7	0	0	0	0	0	0	0	0	0
A	BL	2	79	1	1	BA1652	1563	7	8	2	0	1	0	0	0	0	0	0
A	BL	2	79	1	1	BA1652	1573	8	7	0	0	0	0	0	0	0	0	0
A	BL	2	79	1	1	BA1652	1585	7	0	0	0	0	0	0	0	1	0	0
A	BL	2	79	1	1	BA1652	1587	7	8	2	0	1	0	0	0	0	0	0
A	BL	2	79	1	1	BA1652	1597	8	7	0	0	0	0	0	0	0	0	0
A	BL	2	79	1	1	BA1652	1604	7	0	0	0	0	0	0	0	1	0	0
A	BL	2	79	1	1	BA1652	1701	7	8	2	0	1	0	0	0	0	0	0
A	BL	2	79	1	1	BA1652	1707	8	0	0	0	0	0	0	0	1	0	0
A	BL	2	79	1	1	BA1652	1711	8	7	0	0	0	0	0	0	0	0	0
A	BL	2	79	1	1	BA1652	1727	7	8	2	0	1	0	0	0	0	0	0
A	BL	2	79	1	1	BA1652	1732	8	0	0	0	0	0	0	0	1	0	0
A	BL	2	79	1	1	BA1652	1737	8	7	0	0	0	0	0	0	0	0	0
A	BL	2	79	1	1	BA1652	1741	7	8	2	0	1	0	0	0	0	0	0
A	BL	2	79	1	1	BA1652	1751	8	7	0	0	0	0	0	0	0	0	0
A	BL	2	79	1	1	BA1652	1753	7	0	0	0	0	0	0	0	1	0	0
A	BL	2	79	1	1	BA1652	1780	7	8	2	0	1	0	0	0	0	0	0
A	BL	2	79	1	1	BA1652	1782	8	0	0	0	0	0	0	0	1	0	0
A	BL	2	79	1	1	BA1652	1790	8	7	0	0	0	0	0	0	0	0	0
A	BL	2	79	1	1	BA1652	1846	7	8	2	0	1	0	0	0	0	0	0
A	BL	2	79	1	1	BA1652	1856	8	9	0	0	0	0	0	0	0	0	0
A	BL	2	79	1	1	BA1652	1866	9	10	0	0	0	0	0	0	0	0	0
A	BL	2	79	1	1	BA1652	1881	10	0	0	0	0	0	0	0	1	0	0
A	BL	2	79	1	1	BA1652	1884	10	0	0	0	1	0	0	0	0	0	0
A	BL	2	79	1	1	BA1652	1913	10	0	0	0	0	0	0	0	1	0	0
A	BL	2	79	1	1	BA1652	1941	10	2	0	0	0	0	0	0	0	0	0
A	BL	2	79	1	1	BA1652	1942	2	3	0	0	0	0	0	0	0	0	0
A	BL	2	79	1	1	BA1652	1987	3	5	1	1	0	0	0	0	0	0	0
A	BL	2	79	1	1	BA1652	1989	5	0	0	0	0	0	0	1	0	0	0
A	BL	2	79	1	1	BA1652	1993	5	0	0	1	0	0	0	0	0	0	0
A	BL	2	79	1	1	BA1652	1997	5	4	0	0	0	0	0	0	0	0	0
A	BL	2	79	1	1	BA1652	2001	4	0	0	0	0	0	0	1	0	0	0
A	BL	2	79	1	1	BA1652	2002	4	5	1	1	0	0	0	0	0	0	0
A	BL	2	79	1	1	BA1652	2006	5	0	0	0	0	0	0	1	0	0	0
A	BL	2	79	1	1	BA1652	2012	5	4	0	1	0	0	0	0	0	0	0
A	BL	2	79	1	1	BA1652	2014	4	0	0	0	0	0	0	1	0	0	0
A	BL	2	79	1	1	BA1652	2015	4	5	1	1	0	0	0	0	0	0	0
A	BL	2	79	1	1	BA1652	2025	5	4	0	0	0	0	0	1	0	0	0
A	BL	2	79	1	1	BA1652	2046	4	5	1	1	0	0	0	0	0	0	0
A	BL	2	79	1	1	BA1652	2051	5	0	0	0	0	0	0	1	0	0	0
A	BL	2	79	1	1	BA1652	2056	5	4	0	0	0	0	0	0	0	0	0
A	BL	2	79	1	1	BA1652	2072	4	5	1	1	0	0	0	0	0	0	0
A	BL	2	79	1	1	BA1652	2078	5	0	0	0	0	0	0	1	0	0	0
A	BL	2	79	1	1	BA1652	2081	5	0	0	1	0	0	0	0	0	0	0
A	BL	2	79	1	1	BA1652	2082	5	9	0	0	0	0	0	0	0	0	0
A	BL	2	79	1	1	BA1652	2083	9	0	0	0	0	0	0	1	0	0	0
A	BL	2	79	1	1	BA1652	2092	9	10	0	0	0	0	0	0	0	0	0
A	BL	2	79	1	1	BA1652	2167	10	2	0	0	0	0	0	0	0	0	0
A	BL	2	79	1	1	BA1652	2168	2	6	0	0	0	0	0	0	0	0	0
A	BL	2	79	1	1	BA1652	2332	6	8	2	0	1	0	0	0	0	0	0
A	BL	2	79	1	1	BA1652	2337	8	0	0	0	0	0	0	0	1	0	0
A	BL	2	79	1	1	BA1652	2340	8	0	0	0	1	0	0	0	0	0	0
A	BL	2	79	1	1	BA1652	2341	8	0	0	0	0	0	0	0	1	0	0
A	BL	2	79	1	1	BA1652	2342	8	7	0	0	0	0	0	0	0	0	0
A	BL	2	79	1	1	BA1652	2345	7	8	2	0	1	0	0	0	0	0	0
A	BL	2	79	1	1	BA1652	2353	8	0	0	0	0	0	0	0	1	0	0
A	BL	2	79	1	1	BA1652	2354	8	0	0	0	1	0	0	0	0	0	0
A	BL	2	79	1	1	BA1652	2355	8	7	0	0	0	0	0	0	0	0	0
A	BL	2	79	1	1	BA1652	2359	7	0	0	0	0	0	0	0	1	0	0
A	BL	2	79	1	1	BA1652	2360	7	8	2	0	1	0	0	0	0	0	0
A	BL	2	79	1	1	BA1652	2364	8	0	0	0	0	0	0	0	1	0	0
A	BL	2	79	1	1	BA1652	2370	8	7	0	0	0	0	0	0	0	0	0
A	BL	2	79	1	1	BA1652	2413	7	8	2	0	1	0	0	0	0	0	0
A	BL	2	79	1	1	BA1652	2417	8	0	0	0	0	0	0	0	1	0	0
A	BL	2	79	1	1	BA1652	2423	8	7	0	0	0	0	0	0	0	0	0
A	BL	2	79	1	1	BA1652	2429	7	8	2	0	1	0	0	0	0	0	0
A	BL	2	79	1	1	BA1652	2436	8	0	0	0	0	0	0	0	1	0	0
A	BL	2	79	1	1	BA1652	2439	8	7	0	0	0	0	0	0	0	0	0
A	BL	2	79	1	1	BA1652	2481	7	8	2	0	1	0	0	0	0	0	0
A	BL	2	79	1	1	BA1652	2482	8	0	0	0	0	0	0	0	1	0	0
A	BL	2	79	1	1	BA1652	2491	8	7	0	0	0	0	0	0	0	0	0
A	BL	2	79	1	1	BA1652	2565	7	8	2	0	1	0	0	0	0	0	0
A	BL	2	79	1	1	BA1652	2575	8	7	0	0	0	0	0	0	0	0	0
A	BL	2	79	1	1	BA1652	2598	7	0	0	0	0	0	0	0	1	0	0
A	BL	2	79	1	1	BA1652	2602	7	8	2	0	1	0	0	0	0	0	0
A	BL	2	79	1	1	BA1652	2612	8	7	0	0	0	0	0	0	0	0	0
A	BL	2	79	1	1	BA1652	2618	7	0	0	0	0	0	0	0	1	0	0
A	BL	2	79	1	1	BA1652	2623	7	8	2	0	1	0	0	0	0	0	0
A	BL	2	79	1	1	BA1652	2631	8	0	0	0	0	0	0	0	1	0	0
A	BL	2	79	1	1	BA1652	2633	8	7	0	0	0	0	0	0	0	0	0
A	BL	2	79	1	1	BA1652	2655	7	8	2	0	1	0	0	0	0	0	0
A	BL	2	79	1	1	BA1652	2663	8	0	0	0	0	0	0	0	1	0	0
A	BL	2	79	1	1	BA1652	2665	8	9	0	0	1	0	0	0	0	0	0
A	BL	2	79	1	1	BA1652	2667	9	0	0	0	0	0	0	0	1	0	0
A	BL	2	79	1	1	BA1652	2672	9	0	0	0	1	0	0	0	0	0	0
A	BL	2	79	1	1	BA1652	2675	9	10	0	0	0	0	0	0	0	0	0
A	BL	2	79	1	1	BA1652	2676	10	0	0	0	0	0	0	0	1	0	0
A	BL	2	79	1	1	BA1652	2750	10	2	0	0	0	0	0	0	0	0	0
A	BL	2	79	1	1	BA1652	2751	2	6	0	0	0	0	0	0	0	0	0
A	BL	2	79	1	1	BA1652	2811	6	8	2	0	1	0	0	0	0	0	0
A	BL	2	79	1	1	BA1652	2821	8	7	0	0	0	0	0	0	1	0	0
A	BL	2	79	1	1	BA1652	2858	7	8	2	0	1	0	0	0	0	0	0
A	BL	2	79	1	1	BA1652	2868	8	7	0	0	0	0	0	0	0	0	0
A	BL	2	79	1	1	BA1652	2884	7	0	0	0	0	0	0	0	1	0	0
A	BL	2	79	1	1	BA1652	2905	7	8	2	0	1	0	0	0	0	0	0
A	BL	2	79	1	1	BA1652	2915	8	7	0	0	0	0	0	0	0	0	0
A	BL	2	79	1	1	BA1652	2920	7	0	0	0	0	0	0	0	1	0	0
A	BL	2	79	1	1	BA1652	2923	7	8	2	0	1	0	0	0	0	0	0
A	BL	2	79	1	1	BA1652	2928	8	0	0	0	0	0	0	0	1	0	0
A	BL	2	79	1	1	BA1652	2933	8	7	0	0	0	0	0	0	0	0	0
A	BL	2	79	1	1	BA1652	2942	7	8	2	0	1	0	0	0	0	0	0
A	BL	2	79	1	1	BA1652	2952	8	7	0	0	0	0	0	0	0	0	0
A	BL	2	79	1	1	BA1652	2959	7	0	0	0	0	0	0	0	1	0	0
A	BL	2	79	1	1	BA1652	2963	7	8	2	0	1	0	0	0	0	0	0
A	BL	2	79	1	1	BA1652	2973	8	7	0	0	0	0	0	0	0	0	0
A	BL	2	79	1	1	BA1652	3035	7	0	0	0	0	0	0	0	1	0	0
A	BL	2	79	1	1	BA1652	3040	7	8	2	0	1	0	0	0	0	0	0
A	BL	2	79	1	1	BA1652	3050	8	7	0	0	0	0	0	0	0	0	0
A	BL	2	79	1	1	BA1652	3064	7	0	0	0	0	0	0	0	1	0	0
A	BL	2	79	1	1	BA1652	3080	7	8	2	0	1	0	0	0	0	0	0
A	BL	2	79	1	1	BA1652	3090	8	7	0	0	0	0	0	0	0	0	0
A	BL	2	79	1	1	BA1652	3096	7	0	0	0	0	0	0	0	1	0	0
A	BL	2	79	1	1	BA1652	3135	7	8	2	0	1	0	0	0	0	0	0
A	BL	2	79	1	1	BA1652	3141	8	0	0	0	0	0	0	0	1	0	0
A	BL	2	79	1	1	BA1652	3145	8	7	0	0	0	0	0	0	0	0	0
A	BL	2	79	1	1	BA1652	3261	7	0	0	1	0	0	0	0	0	0	0
A	BL	2	79	1	1	BA1652	3270	7	0	0	0	0	0	0	1	0	0	0
A	BL	2	79	1	1	BA1652	3320	7	8	2	0	1	0	0	0	0	0	0
A	BL	2	79	1	1	BA1652	3328	8	0	0	0	0	0	0	0	1	0	0
A	BL	2	79	1	1	BA1652	3329	8	0	0	0	1	0	0	0	0	0	0
A	BL	2	79	1	1	BA1652	3330	8	9	0	0	0	0	0	0	0	0	0
A	BL	2	79	1	1	BA1652	3340	9	10	0	0	0	0	0	0	0	0	0
A	BL	2	79	1	1	BA1652	3341	10	0	0	0	0	0	0	0	1	0	0
A	BL	2	79	1	1	BA1652	3415	10	2	0	0	0	0	0	0	0	0	0
A	BL	2	79	1	1	BA1652	3416	2	3	0	0	0	0	0	0	0	0	0
A	BL	2	79	1	1	BA1652	3455	3	5	1	1	0	0	0	0	0	0	0
A	BL	2	79	1	1	BA1652	3465	5	4	0	0	0	0	0	0	0	0	0
A	BL	2	79	1	1	BA1652	3487	4	0	0	0	0	0	0	1	0	0	0
A	BL	2	79	1	1	BA1652	3488	4	5	1	1	0	0	0	0	0	0	0
A	BL	2	79	1	1	BA1652	3490	5	0	0	0	0	0	0	1	0	0	0
A	BL	2	79	1	1	BA1652	3498	5	4	0	0	0	0	0	0	0	0	0
A	BL	2	79	1	1	BA1652	3502	4	5	1	1	0	0	0	0	0	0	0
A	BL	2	79	1	1	BA1652	3504	5	0	0	1	0	0	0	1	0	0	0
A	BL	2	79	1	1	BA1652	3512	5	4	0	0	0	0	0	0	0	0	0
A	BL	2	79	1	1	BA1652	3514	4	0	0	0	0	0	0	1	0	0	0
A	BL	2	79	1	1	BA1652	3593	4	5	1	1	0	0	0	0	0	0	0
A	BL	2	79	1	1	BA1652	3597	5	0	0	0	0	0	0	1	0	0	0
A	BL	2	79	1	1	BA1652	3603	5	4	0	0	0	0	0	0	0	0	0
A	BL	2	79	1	1	BA1652	3636	4	5	1	1	0	0	0	0	0	0	0
A	BL	2	79	1	1	BA1652	3646	5	9	0	0	0	0	0	1	0	0	0
A	BL	2	79	1	1	BA1652	3656	9	10	0	0	0	0	0	0	0	0	0
A	BL	2	79	1	1	BA1652	3731	10	2	0	0	0	0	0	0	0	0	0
A	BL	2	79	1	1	BA1652	3732	2	6	0	0	0	0	0	0	0	0	0
A	BL	2	79	1	1	BA1652	3805	6	8	2	0	1	0	0	0	0	0	0
A	BL	2	79	1	1	BA1652	3806	8	0	0	0	0	0	0	0	1	0	0
A	BL	2	79	1	1	BA1652	3815	8	7	0	0	0	0	0	0	0	0	0
A	BL	2	79	1	1	BA1652	3825	7	8	2	0	1	0	0	0	0	0	0
A	BL	2	79	1	1	BA1652	3831	8	0	0	0	0	0	0	0	1	0	0
A	BL	2	79	1	1	BA1652	3835	8	7	0	0	0	0	0	0	0	0	0
A	BL	2	79	1	1	BA1652	3840	7	8	2	0	1	0	0	0	0	0	0
A	BL	2	79	1	1	BA1652	3841	8	0	0	0	0	0	0	0	1	0	0
A	BL	2	79	1	1	BA1652	3847	8	0	0	0	1	0	0	0	0	0	0
A	BL	2	79	1	1	BA1652	3850	8	7	0	0	0	0	0	0	0	0	0
A	BL	2	79	1	1	BA1652	3853	7	0	0	0	0	0	0	0	1	0	0
A	BL	2	79	1	1	BA1652	3855	7	8	2	0	1	0	0	0	0	0	0
A	BL	2	79	1	1	BA1652	3862	8	0	0	0	0	0	0	0	1	0	0
A	BL	2	79	1	1	BA1652	3863	8	0	0	0	1	0	0	0	0	0	0
A	BL	2	79	1	1	BA1652	3865	8	7	0	0	0	0	0	0	0	0	0
A	BL	2	79	1	1	BA1652	3869	7	8	2	0	1	0	0	0	1	0	0
A	BL	2	79	1	1	BA1652	3879	8	7	0	0	0	0	0	0	0	0	0
A	BL	2	79	1	1	BA1652	3887	7	0	0	0	0	0	0	0	1	0	0
A	BL	2	79	1	1	BA1652	3888	7	8	2	0	1	0	0	0	0	0	0
A	BL	2	79	1	1	BA1652	3890	8	0	0	0	0	0	0	0	1	0	0
A	BL	2	79	1	1	BA1652	3895	8	0	0	0	1	0	0	0	0	0	0
A	BL	2	79	1	1	BA1652	3898	8	7	0	0	0	0	0	0	0	0	0
A	BL	2	79	1	1	BA1652	3920	7	0	0	0	0	0	0	0	1	0	0
A	BL	2	79	1	1	BA1652	3921	7	8	2	0	1	0	0	0	0	0	0
A	BL	2	79	1	1	BA1652	3929	8	0	0	0	0	0	0	0	1	0	0
A	BL	2	79	1	1	BA1652	3931	8	7	0	0	0	0	0	0	0	0	0
A	BL	2	79	1	1	BA1652	3942	7	8	2	0	1	0	0	0	0	0	0
A	BL	2	79	1	1	BA1652	3946	8	0	0	0	0	0	0	0	1	0	0
A	BL	2	79	1	1	BA1652	3952	8	7	0	0	0	0	0	0	0	0	0
A	BL	2	79	1	1	BA1652	3953	7	8	2	0	1	0	0	0	0	0	0
A	BL	2	79	1	1	BA1652	3963	8	7	0	0	0	0	0	0	0	0	0
A	BL	2	79	1	1	BA1652	3969	7	0	0	0	0	0	0	0	1	0	0
A	BL	2	79	1	1	BA1652	4117	7	8	2	0	1	0	0	0	0	0	0
A	BL	2	79	1	1	BA1652	4127	8	9	0	0	0	0	0	0	0	0	0
A	BL	2	79	1	1	BA1652	4136	9	0	0	0	0	0	0	0	1	0	0
A	BL	2	79	1	1	BA1652	4137	9	10	0	0	0	0	0	0	0	0	0
A	BL	2	79	1	1	BA1652	4212	10	2	0	0	0	0	0	0	0	0	0
A	BL	2	79	1	1	BA1652	4213	2	6	0	0	0	0	0	0	0	0	0
A	BL	2	79	1	1	BA1652	4248	6	8	2	0	1	0	0	0	0	0	0
A	BL	2	79	1	1	BA1652	4255	8	0	0	0	0	0	0	0	1	0	0
A	BL	2	79	1	1	BA1652	4256	8	0	0	0	1	0	0	0	0	0	0
A	BL	2	79	1	1	BA1652	4258	8	7	0	0	0	0	0	0	1	0	0
A	BL	2	79	1	1	BA1652	4259	7	8	2	0	1	0	0	0	0	0	0
A	BL	2	79	1	1	BA1652	4269	8	7	0	0	0	0	0	0	0	0	0
A	BL	2	79	1	1	BA1652	4287	7	0	0	0	0	0	0	0	1	0	0
A	BL	2	79	1	1	BA1652	4288	7	8	2	0	1	0	0	0	0	0	0
A	BL	2	79	1	1	BA1652	4294	8	0	0	0	0	0	0	0	1	0	0
A	BL	2	79	1	1	BA1652	4296	8	0	0	0	1	0	0	0	0	0	0
A	BL	2	79	1	1	BA1652	4298	8	7	0	0	0	0	0	0	0	0	0
A	BL	2	79	1	1	BA1652	4307	7	0	0	0	0	0	0	0	1	0	0
A	BL	2	79	1	1	BA1652	4315	7	8	2	0	1	0	0	0	0	0	0
A	BL	2	79	1	1	BA1652	4317	8	0	0	0	0	0	0	0	1	0	0
A	BL	2	79	1	1	BA1652	4325	8	7	0	0	0	0	0	0	0	0	0
A	BL	2	79	1	1	BA1652	4338	7	8	2	0	1	0	0	0	0	0	0
A	BL	2	79	1	1	BA1652	4348	8	7	0	0	0	0	0	0	0	0	0
A	BL	2	79	1	1	BA1652	4357	7	0	0	0	0	0	0	0	1	0	0
A	BL	2	79	1	1	BA1652	4359	7	8	2	0	1	0	0	0	0	0	0
A	BL	2	79	1	1	BA1652	4366	8	0	0	0	0	0	0	0	1	0	0
A	BL	2	79	1	1	BA1652	4369	8	7	0	0	0	0	0	0	0	0	0
A	BL	2	79	1	1	BA1652	4384	7	8	2	0	1	0	0	0	0	0	0
A	BL	2	79	1	1	BA1652	4394	8	7	0	0	0	0	0	0	0	0	0
A	BL	2	79	1	1	BA1652	4402	7	0	0	0	0	0	0	0	1	0	0
A	BL	2	79	1	1	BA1652	4405	7	8	2	0	1	0	0	0	0	0	0
A	BL	2	79	1	1	BA1652	4411	8	0	0	0	0	0	0	0	1	0	0
A	BL	2	79	1	1	BA1652	4415	8	7	0	0	1	0	0	0	0	0	0
A	BL	2	79	1	1	BA1652	4422	7	0	0	0	0	0	0	0	1	0	0
A	BL	2	79	1	1	BA1652	4427	7	8	2	0	1	0	0	0	0	0	0
A	BL	2	79	1	1	BA1652	4435	8	0	0	0	0	0	0	0	1	0	0
A	BL	2	79	1	1	BA1652	4437	8	7	0	0	0	0	0	0	0	0	0
A	BL	2	79	1	1	BA1652	4508	7	8	2	0	1	0	0	0	0	0	0
A	BL	2	79	1	1	BA1652	4518	8	9	0	0	0	0	0	0	0	0	0
A	BL	2	79	1	1	BA1652	4528	9	10	0	0	0	0	0	0	0	0	0
A	BL	2	79	1	1	BA1652	4529	10	0	0	0	0	0	0	0	1	0	0
A	BL	2	79	1	1	BA1652	4603	10	2	0	0	0	0	0	0	0	0	0
A	BL	2	79	1	1	BA1652	4604	2	3	0	0	0	0	0	0	0	0	0
A	BL	2	79	1	1	BA1652	4651	3	5	1	1	0	0	0	0	0	0	0
A	BL	2	79	1	1	BA1652	4655	5	0	0	0	0	0	0	1	0	0	0
A	BL	2	79	1	1	BA1652	4661	5	4	0	0	0	0	0	0	0	0	0
A	BL	2	79	1	1	BA1652	4666	4	5	1	1	0	0	0	0	0	0	0
A	BL	2	79	1	1	BA1652	4672	5	0	0	0	0	0	0	1	0	0	0
A	BL	2	79	1	1	BA1652	4676	5	4	0	0	0	0	0	0	0	0	0
A	BL	2	79	1	1	BA1652	4677	4	5	1	1	0	0	0	0	0	0	0
A	BL	2	79	1	1	BA1652	4682	5	0	0	0	0	0	0	1	0	0	0
A	BL	2	79	1	1	BA1652	4686	5	0	0	1	0	0	0	0	0	0	0
A	BL	2	79	1	1	BA1652	4687	5	4	0	0	0	0	0	0	0	0	0
A	BL	2	79	1	1	BA1652	4689	4	0	0	0	0	0	0	1	0	0	0
A	BL	2	79	1	1	BA1652	4704	4	5	1	1	0	0	0	0	0	0	0
A	BL	2	79	1	1	BA1652	4706	5	0	0	0	0	0	0	1	0	0	0
A	BL	2	79	1	1	BA1652	4714	5	4	0	0	0	0	0	0	0	0	0
A	BL	2	79	1	1	BA1652	4776	4	5	1	1	0	0	0	0	0	0	0
A	BL	2	79	1	1	BA1652	4784	5	0	0	0	0	0	0	1	0	0	0
A	BL	2	79	1	1	BA1652	4786	5	9	0	0	0	0	0	0	0	0	0
A	BL	2	79	1	1	BA1652	4796	9	10	0	0	0	0	0	0	0	0	0
A	BL	2	79	1	1	BA1652	4871	10	2	0	0	0	0	0	0	0	0	0
A	BL	2	79	1	1	BA1652	4872	2	3	0	0	0	0	0	0	0	0	0
A	BL	2	79	1	1	BA1652	4926	3	5	1	1	0	0	0	0	0	0	0
A	BL	2	79	1	1	BA1652	4936	5	4	0	0	0	0	0	0	0	0	0
A	BL	2	79	1	1	BA1652	4948	4	5	1	1	0	0	0	1	0	0	0
A	BL	2	79	1	1	BA1652	4951	5	0	0	0	0	0	0	1	0	0	0
A	BL	2	79	1	1	BA1652	4954	5	0	0	1	0	0	0	0	0	0	0
A	BL	2	79	1	1	BA1652	4958	5	4	0	0	0	0	0	1	0	0	0
A	BL	2	79	1	1	BA1652	4969	4	5	1	1	0	0	0	0	0	0	0
A	BL	2	79	1	1	BA1652	4971	5	0	0	0	0	0	0	1	0	0	0
A	BL	2	79	1	1	BA1652	4979	5	4	0	0	0	0	0	0	0	0	0
A	BL	2	79	1	1	BA1652	4989	4	5	1	1	0	0	0	0	0	0	0
A	BL	2	79	1	1	BA1652	4991	5	0	0	0	0	0	0	1	0	0	0
A	BL	2	79	1	1	BA1652	4999	5	4	0	0	0	0	0	0	0	0	0
A	BL	2	79	1	1	BA1652	5022	4	5	1	1	0	0	0	0	0	0	0
A	BL	2	79	1	1	BA1652	5028	5	0	0	0	0	0	0	1	0	0	0
A	BL	2	79	1	1	BA1652	5032	5	9	0	1	0	0	0	0	0	0	0
A	BL	2	79	1	1	BA1652	5035	9	0	0	0	0	0	0	1	0	0	0
A	BL	2	79	1	1	BA1652	5042	9	10	0	0	0	0	0	0	0	0	0
A	BL	2	79	1	1	BA1652	5067	10	0	0	1	0	0	0	0	0	0	0
A	BL	2	79	1	1	BA1652	5072	10	0	0	0	0	0	0	1	0	0	0
A	BL	2	79	1	1	BA1652	5117	10	2	0	0	0	0	0	0	0	0	0
A	BL	2	79	1	1	BA1652	5118	2	6	0	0	0	0	0	0	0	0	0
A	BL	2	79	1	1	BA1652	5207	6	8	2	0	1	0	0	0	0	0	0
A	BL	2	79	1	1	BA1652	5217	8	7	0	0	0	0	0	0	0	0	0
A	BL	2	79	1	1	BA1652	5234	7	0	0	0	0	0	0	0	1	0	0
A	BL	2	79	1	1	BA1652	5314	7	8	2	0	1	0	0	0	0	0	0
A	BL	2	79	1	1	BA1652	5324	8	7	0	0	0	0	0	0	0	0	0
A	BL	2	79	1	1	BA1652	5328	7	0	0	0	0	0	0	0	1	0	0
A	BL	2	79	1	1	BA1652	5329	7	8	2	0	1	0	0	0	0	0	0
A	BL	2	79	1	1	BA1652	5330	8	0	0	0	0	0	0	0	1	0	0
A	BL	2	79	1	1	BA1652	5339	8	7	0	0	0	0	0	0	0	0	0
A	BL	2	79	1	1	BA1652	5359	7	8	2	0	1	0	0	0	0	0	0
A	BL	2	79	1	1	BA1652	5369	8	7	0	0	0	0	0	0	0	0	0
A	BL	2	79	1	1	BA1652	5377	7	0	0	0	0	0	0	0	1	0	0
A	BL	2	79	1	1	BA1652	5383	7	8	2	0	1	0	0	0	0	0	0
A	BL	2	79	1	1	BA1652	5390	8	0	0	0	1	0	0	0	1	0	0
A	BL	2	79	1	1	BA1652	5393	8	7	0	0	0	0	0	0	0	0	0
A	BL	2	79	1	1	BA1652	5403	7	0	0	0	0	0	0	0	1	0	0
A	BL	2	79	1	1	BA1652	5406	7	8	2	0	1	0	0	0	0	0	0
A	BL	2	79	1	1	BA1652	5414	8	0	0	0	0	0	0	0	1	0	0
A	BL	2	79	1	1	BA1652	5416	8	7	0	0	0	0	0	0	0	0	0
A	BL	2	79	1	1	BA1652	5418	7	8	2	0	1	0	0	0	0	0	0
A	BL	2	79	1	1	BA1652	5421	8	0	0	0	0	0	0	0	1	0	0
A	BL	2	79	1	1	BA1652	5428	8	7	0	0	0	0	0	0	0	0	0
A	BL	2	79	1	1	BA1652	5451	7	8	2	0	1	0	0	0	0	0	0
A	BL	2	79	1	1	BA1652	5454	8	0	0	0	0	0	0	0	1	0	0
A	BL	2	79	1	1	BA1652	5461	8	7	0	0	0	0	0	0	0	0	0
A	BL	2	79	1	1	BA1652	5468	7	8	2	0	1	0	0	0	0	0	0
A	BL	2	79	1	1	BA1652	5471	8	0	0	0	0	0	0	0	1	0	0
A	BL	2	79	1	1	BA1652	5478	8	7	0	0	0	0	0	0	0	0	0
A	BL	2	79	1	1	BA1652	5500	7	8	2	0	1	0	0	0	0	0	0
A	BL	2	79	1	1	BA1652	5504	8	0	0	0	0	0	0	0	1	0	0
A	BL	2	79	1	1	BA1652	5510	8	9	0	0	0	0	0	0	0	0	0
A	BL	2	79	1	1	BA1652	5520	9	10	0	0	0	0	0	0	0	0	0
A	BL	2	79	1	1	BA1652	5595	10	2	0	0	0	0	0	0	0	0	0
A	BL	2	79	1	1	BA1652	5596	2	6	0	0	0	0	0	0	0	0	0
A	BL	2	79	1	1	BA1652	5700	6	8	2	0	1	0	0	0	0	0	0
A	BL	2	79	1	1	BA1652	5702	8	0	0	0	0	0	0	0	1	0	0
A	BL	2	79	1	1	BA1652	5705	8	0	0	0	1	0	0	0	0	0	0
A	BL	2	79	1	1	BA1652	5710	8	7	0	0	0	0	0	0	0	0	0
A	BL	2	79	1	1	BA1652	5721	7	0	0	0	0	0	0	0	1	0	0
A	BL	2	79	1	1	BA1652	5759	7	8	2	0	1	0	0	0	0	0	0
A	BL	2	79	1	1	BA1652	5769	8	7	0	0	0	0	0	0	0	0	0
A	BL	2	79	1	1	BA1652	5777	7	0	0	0	0	0	0	0	1	0	0
A	BL	2	79	1	1	BA1652	5792	7	8	2	0	1	0	0	0	0	0	0
A	BL	2	79	1	1	BA1652	5796	8	0	0	0	0	0	0	0	1	0	0
A	BL	2	79	1	1	BA1652	5798	8	0	0	0	1	0	0	0	0	0	0
A	BL	2	79	1	1	BA1652	5802	8	7	0	0	0	0	0	0	0	0	0
A	BL	2	79	1	1	BA1652	5810	7	0	0	0	0	0	0	0	1	0	0
A	BL	2	79	1	1	BA1652	5821	7	8	2	0	1	0	0	0	0	0	0
A	BL	2	79	1	1	BA1652	5831	8	7	0	0	0	0	0	0	0	0	0
A	BL	2	79	1	1	BA1652	5846	7	0	0	0	0	0	0	0	1	0	0
A	BL	2	79	1	1	BA1652	5847	7	8	2	0	1	0	0	0	0	0	0
A	BL	2	79	1	1	BA1652	5852	8	0	0	0	0	0	0	0	1	0	0
A	BL	2	79	1	1	BA1652	5854	8	0	0	0	1	0	0	0	0	0	0
A	BL	2	79	1	1	BA1652	5857	8	7	0	0	0	0	0	0	0	0	0
A	BL	2	79	1	1	BA1652	5886	7	0	0	0	0	0	0	0	1	0	0
A	BL	2	79	1	1	BA1652	5909	7	8	2	0	1	0	0	0	0	0	0
A	BL	2	79	1	1	BA1652	5914	8	0	0	0	0	0	0	0	1	0	0
A	BL	2	79	1	1	BA1652	5919	8	7	0	0	0	0	0	0	0	0	0
A	BL	2	79	1	1	BA1652	5925	7	8	2	0	1	0	0	0	0	0	0
A	BL	2	79	1	1	BA1652	5927	8	0	0	0	0	0	0	0	1	0	0
A	BL	2	79	1	1	BA1652	5928	8	0	0	0	1	0	0	0	0	0	0
A	BL	2	79	1	1	BA1652	5929	8	0	0	0	0	0	0	0	1	0	0
A	BL	2	79	1	1	BA1652	5935	8	7	0	0	0	0	0	0	0	0	0
A	BL	2	79	1	1	BA1652	5949	7	8	2	0	1	0	0	0	0	0	0
A	BL	2	79	1	1	BA1652	5954	8	0	0	0	0	0	0	0	1	0	0
A	BL	2	79	1	1	BA1652	5955	8	0	0	0	1	0	0	0	0	0	0
A	BL	2	79	1	1	BA1652	5959	8	7	0	0	0	0	0	0	0	0	0
A	BL	2	79	1	1	BA1652	5969	7	0	0	0	0	0	0	0	1	0	0
A	BL	2	79	1	1	BA1652	6213	7	8	2	0	1	0	0	0	0	0	0
A	BL	2	79	1	1	BA1652	6223	8	7	0	0	0	0	0	0	0	0	0
A	BL	2	79	1	1	BA1652	6233	7	0	0	0	0	0	0	0	1	0	0
A	BL	2	79	1	1	BA1652	6239	7	8	2	0	1	0	0	0	0	0	0
A	BL	2	79	1	1	BA1652	6249	8	9	0	0	0	0	0	0	0	0	0
A	BL	2	79	1	1	BA1652	6251	9	0	0	0	0	0	0	0	1	0	0
A	BL	2	79	1	1	BA1652	6259	9	10	0	0	0	0	0	0	0	0	0
A	BL	2	79	1	1	BA1652	6334	10	2	0	0	0	0	0	0	0	0	0
A	BL	2	79	1	1	BA1652	6335	2	6	0	0	0	0	0	0	0	0	0
A	BL	2	79	1	1	BA1652	6522	6	8	2	0	1	0	0	0	0	0	0
A	BL	2	79	1	1	BA1652	6532	8	7	0	0	0	0	0	0	0	0	0
A	BL	2	79	1	1	BA1652	6537	7	0	0	0	0	0	0	0	1	0	0
A	BL	2	79	1	1	BA1652	6542	7	8	2	0	1	0	0	0	0	0	0
A	BL	2	79	1	1	BA1652	6552	8	7	0	0	0	0	0	0	0	0	0
A	BL	2	79	1	1	BA1652	6567	7	0	0	0	0	0	0	0	1	0	0
A	BL	2	79	1	1	BA1652	6614	7	8	2	0	1	0	0	0	0	0	0
A	BL	2	79	1	1	BA1652	6618	8	0	0	0	0	0	0	0	1	0	0
A	BL	2	79	1	1	BA1652	6624	8	7	0	0	0	0	0	0	0	0	0
A	BL	2	79	1	1	BA1652	6637	7	8	2	0	1	0	0	0	0	0	0
A	BL	2	79	1	1	BA1652	6643	8	0	0	0	0	0	0	0	1	0	0
A	BL	2	79	1	1	BA1652	6647	8	7	0	0	0	0	0	0	0	0	0
A	BL	2	79	1	1	BA1652	6649	7	8	2	0	1	0	0	0	0	0	0
A	BL	2	79	1	1	BA1652	6654	8	0	0	0	0	0	0	0	1	0	0
A	BL	2	79	1	1	BA1652	6659	8	7	0	0	0	0	0	0	0	0	0
A	BL	2	79	1	1	BA1652	6661	7	8	2	0	1	0	0	0	0	0	0
A	BL	2	79	1	1	BA1652	6667	8	0	0	0	0	0	0	0	1	0	0
A	BL	2	79	1	1	BA1652	6670	8	0	0	0	1	0	0	0	0	0	0
A	BL	2	79	1	1	BA1652	6671	8	7	0	0	0	0	0	0	0	0	0
A	BL	2	79	1	1	BA1652	6686	7	0	0	0	0	0	0	0	1	0	0
A	BL	2	79	1	1	BA1652	6810	7	8	2	0	1	0	0	0	0	0	0
A	BL	2	79	1	1	BA1652	6812	8	0	0	0	0	0	0	0	1	0	0
A	BL	2	79	1	1	BA1652	6820	8	7	0	0	0	0	0	0	0	0	0
A	BL	2	79	1	1	BA1652	6821	7	8	2	0	1	0	0	0	0	0	0
A	BL	2	79	1	1	BA1652	6831	8	7	0	0	0	0	0	0	1	0	0
A	BL	2	79	1	1	BA1652	6918	7	8	2	0	1	0	0	0	0	0	0
A	BL	2	79	1	1	BA1652	6928	8	7	0	0	0	0	0	0	0	0	0
A	BL	2	79	1	1	BA1652	6943	7	0	0	0	0	0	0	0	1	0	0
A	BL	2	79	1	1	BA1652	6955	7	8	2	0	1	0	0	0	0	0	0
A	BL	2	79	1	1	BA1652	6965	8	9	0	0	0	0	0	0	0	0	0
A	BL	2	79	1	1	BA1652	6966	9	0	0	0	0	0	0	0	1	0	0
A	BL	2	79	1	1	BA1652	6975	9	10	0	0	0	0	0	0	0	0	0
A	BL	2	79	1	1	BA1652	7050	10	2	0	0	0	0	0	0	0	0	0
A	BL	2	79	1	1	BA1652	7051	2	3	0	0	0	0	0	0	0	0	0
A	BL	2	79	1	1	BA1652	7099	3	5	1	1	0	0	0	0	0	0	0
A	BL	2	79	1	1	BA1652	7102	5	0	0	0	0	0	0	1	0	0	0
A	BL	2	79	1	1	BA1652	7109	5	4	0	0	0	0	0	0	0	0	0
A	BL	2	79	1	1	BA1652	7114	4	5	1	1	0	0	0	0	0	0	0
A	BL	2	79	1	1	BA1652	7119	5	0	0	1	0	0	0	1	0	0	0
A	BL	2	79	1	1	BA1652	7124	5	4	0	0	0	0	0	0	0	0	0
A	BL	2	79	1	1	BA1652	7128	4	0	0	0	0	0	0	1	0	0	0
A	BL	2	79	1	1	BA1652	7159	4	5	1	1	0	0	0	0	0	0	0
A	BL	2	79	1	1	BA1652	7164	5	0	0	0	0	0	0	1	0	0	0
A	BL	2	79	1	1	BA1652	7167	5	0	0	1	0	0	0	0	0	0	0
A	BL	2	79	1	1	BA1652	7169	5	4	0	0	0	0	0	0	0	0	0
A	BL	2	79	1	1	BA1652	7174	4	0	0	0	0	0	0	1	0	0	0
A	BL	2	79	1	1	BA1652	7185	4	5	1	1	0	0	0	0	0	0	0
A	BL	2	79	1	1	BA1652	7187	5	0	0	0	0	0	0	1	0	0	0
A	BL	2	79	1	1	BA1652	7195	5	4	0	0	0	0	0	0	0	0	0
A	BL	2	79	1	1	BA1652	7210	4	5	1	1	0	0	0	0	0	0	0
A	BL	2	79	1	1	BA1652	7220	5	9	0	0	0	0	0	0	0	0	0
A	BL	2	79	1	1	BA1652	7226	9	0	0	0	0	0	0	1	0	0	0
A	BL	2	79	1	1	BA1652	7228	9	0	0	1	0	0	0	0	0	0	0
A	BL	2	79	1	1	BA1652	7230	9	10	0	0	0	0	0	0	0	0	0
A	BL	2	79	1	1	BA1652	7232	10	0	0	0	0	0	0	1	0	0	0
A	BL	2	79	1	1	BA1652	7305	10	2	0	0	0	0	0	0	0	0	0
A	BL	2	79	1	1	BA1652	7306	2	3	0	0	0	0	0	0	0	0	0
A	BL	2	79	1	1	BA1652	7392	3	5	1	1	0	0	0	0	0	0	0
A	BL	2	79	1	1	BA1652	7402	5	4	0	0	0	0	0	0	0	0	0
A	BL	2	79	1	1	BA1652	7418	4	0	0	0	0	0	0	1	0	0	0
A	BL	2	79	1	1	BA1652	7424	4	5	1	1	0	0	0	0	0	0	0
A	BL	2	79	1	1	BA1652	7434	5	4	0	0	0	0	0	0	0	0	0
A	BL	2	79	1	1	BA1652	7437	4	0	0	0	0	0	0	1	0	0	0
A	BL	2	79	1	1	BA1652	7707	4	5	1	1	0	0	0	0	0	0	0
A	BL	2	79	1	1	BA1652	7717	5	4	0	0	0	0	0	0	0	0	0
A	BL	2	79	1	1	BA1652	7728	4	0	0	0	0	0	0	1	0	0	0
A	BL	2	79	1	1	BA1652	7733	4	5	1	1	0	0	0	0	0	0	0
A	BL	2	79	1	1	BA1652	7739	5	0	0	0	0	0	0	1	0	0	0
A	BL	2	79	1	1	BA1652	7743	5	4	0	0	0	0	0	0	0	0	0
A	BL	2	79	1	1	BA1652	7812	4	5	1	1	0	0	0	0	0	0	0
A	BL	2	79	1	1	BA1652	7819	5	0	0	0	0	0	0	1	0	0	0
A	BL	2	79	1	1	BA1652	7822	5	9	0	0	0	0	0	0	0	0	0
A	BL	2	79	1	1	BA1652	7824	9	0	0	1	0	0	0	0	0	0	0
A	BL	2	79	1	1	BA1652	7828	9	0	0	0	0	0	0	1	0	0	0
A	BL	2	79	1	1	BA1652	7832	9	10	0	0	0	0	0	0	0	0	0
A	BL	2	79	1	1	BA1652	7907	10	2	0	0	0	0	0	0	0	0	0
A	BL	2	79	1	1	BA1652	7908	2	6	0	0	0	0	0	0	0	0	0
A	BL	2	79	1	1	BA1652	8037	6	8	2	0	1	0	0	0	0	0	0
A	BL	2	79	1	1	BA1652	8047	8	7	0	0	0	0	0	0	0	0	0
A	BL	2	79	1	1	BA1652	8049	7	0	0	0	0	0	0	0	1	0	0
A	BL	2	79	1	1	BA1652	8096	7	8	2	0	1	0	0	0	0	0	0
A	BL	2	79	1	1	BA1652	8103	8	0	0	0	0	0	0	0	1	0	0
A	BL	2	79	1	1	BA1652	8106	8	7	0	0	0	0	0	0	0	0	0
A	BL	2	79	1	1	BA1652	8181	7	8	2	0	1	0	0	0	0	0	0
A	BL	2	79	1	1	BA1652	8184	8	0	0	0	0	0	0	0	1	0	0
A	BL	2	79	1	1	BA1652	8186	8	0	0	0	1	0	0	0	0	0	0
A	BL	2	79	1	1	BA1652	8191	8	7	0	0	0	0	0	0	0	0	0
A	BL	2	79	1	1	BA1652	8192	7	0	0	0	0	0	0	0	1	0	0
A	BL	2	79	1	1	BA1652	8279	7	8	2	0	1	0	0	0	0	0	0
A	BL	2	79	1	1	BA1652	8289	8	7	0	0	0	0	0	0	0	0	0
A	BL	2	79	1	1	BA1652	8313	7	0	0	0	0	0	0	0	1	0	0
A	BL	2	79	1	1	BA1652	8317	7	8	2	0	1	0	0	0	0	0	0
A	BL	2	79	1	1	BA1652	8322	8	0	0	0	0	0	0	0	1	0	0
A	BL	2	79	1	1	BA1652	8327	8	7	0	0	0	0	0	0	0	0	0
A	BL	2	79	1	1	BA1652	8362	7	8	2	0	1	0	0	0	0	0	0
A	BL	2	79	1	1	BA1652	8370	8	0	0	0	0	0	0	0	1	0	0
A	BL	2	79	1	1	BA1652	8372	8	7	0	0	1	0	0	0	0	0	0
A	BL	2	79	1	1	BA1652	8376	7	0	0	0	0	0	0	0	1	0	0
A	BL	2	79	1	1	BA1652	8442	7	8	2	0	1	0	0	0	0	0	0
A	BL	2	79	1	1	BA1652	8447	8	0	0	0	0	0	0	0	1	0	0
A	BL	2	79	1	1	BA1652	8449	8	0	0	0	1	0	0	0	0	0	0
A	BL	2	79	1	1	BA1652	8452	8	7	0	0	0	0	0	0	0	0	0
A	BL	2	79	1	1	BA1652	8479	7	0	0	0	0	0	0	0	1	0	0
A	BL	2	79	1	1	BA1652	8486	7	8	2	0	1	0	0	0	0	0	0
A	BL	2	79	1	1	BA1652	8488	8	0	0	0	0	0	0	0	1	0	0
A	BL	2	79	1	1	BA1652	8491	8	0	0	0	1	0	0	0	0	0	0
A	BL	2	79	1	1	BA1652	8495	8	0	0	0	0	0	0	0	1	0	0
A	BL	2	79	1	1	BA1652	8496	8	7	0	0	0	0	0	0	0	0	0
A	BL	2	79	1	1	BA1652	8500	7	8	2	0	1	0	0	0	0	0	0
A	BL	2	79	1	1	BA1652	8510	8	7	0	0	0	0	0	0	0	0	0
A	BL	2	79	1	1	BA1652	8514	7	0	0	0	0	0	0	0	1	0	0
A	BL	2	79	1	1	BA1652	8535	7	8	2	0	1	0	0	0	0	0	0
A	BL	2	79	1	1	BA1652	8540	8	0	0	0	0	0	0	0	1	0	0
A	BL	2	79	1	1	BA1652	8545	8	9	0	0	1	0	0	0	0	0	0
A	BL	2	79	1	1	BA1652	8555	9	10	0	0	0	0	0	0	0	0	0
A	BL	2	79	1	1	BA1652	8567	10	0	0	0	0	0	0	0	1	0	0
A	BL	2	79	1	1	BA1652	8630	10	2	0	0	0	0	0	0	0	0	0
A	BL	2	79	1	1	BA1652	8631	2	6	0	0	0	0	0	0	0	0	0
A	BL	2	79	1	1	BA1652	8943	6	8	2	0	1	0	0	0	0	0	0
A	BL	2	79	1	1	BA1652	8951	8	0	0	0	0	0	0	0	1	0	0
A	BL	2	79	1	1	BA1652	8953	8	7	0	0	1	0	0	0	0	0	0
A	BL	2	79	1	1	BA1652	8968	7	0	0	0	0	0	0	0	1	0	0
A	BL	2	79	1	1	BA1652	9044	7	0	0	1	0	0	0	0	0	0	0
A	BL	2	79	1	1	BA1652	9072	7	0	0	0	0	0	0	1	0	0	0
A	BL	2	79	1	1	BA1652	9093	7	0	0	1	0	0	0	0	0	0	0
A	BL	2	79	1	1	BA1652	9141	7	0	0	0	0	0	0	1	0	0	0
A	BL	2	79	1	1	BA1652	9234	7	8	2	0	1	0	0	0	0	0	0
A	BL	2	79	1	1	BA1652	9241	8	0	0	0	0	0	0	0	1	0	0
A	BL	2	79	1	1	BA1652	9244	8	7	0	0	0	0	0	0	0	0	0
A	BL	2	79	1	1	BA1652	9249	7	8	2	0	1	0	0	0	0	0	0
A	BL	2	79	1	1	BA1652	9251	8	0	0	0	0	0	0	0	1	0	0
A	BL	2	79	1	1	BA1652	9254	8	0	0	0	1	0	0	0	0	0	0
A	BL	2	79	1	1	BA1652	9259	8	7	0	0	0	0	0	0	0	0	0
A	BL	2	79	1	1	BA1652	9269	7	0	0	0	0	0	0	0	1	0	0
A	BL	2	79	1	1	BA1652	9314	7	8	2	0	1	0	0	0	0	0	0
A	BL	2	79	1	1	BA1652	9324	8	7	0	0	0	0	0	0	0	0	0
A	BL	2	79	1	1	BA1652	9325	7	0	0	0	0	0	0	0	1	0	0
A	BL	2	79	1	1	BA1652	9354	7	8	2	0	1	0	0	0	0	0	0
A	BL	2	79	1	1	BA1652	9364	8	7	0	0	0	0	0	0	0	0	0
A	BL	2	79	1	1	BA1652	9371	7	0	0	0	0	0	0	0	1	0	0
A	BL	2	79	1	1	BA1652	9405	7	8	2	0	1	0	0	0	0	0	0
A	BL	2	79	1	1	BA1652	9412	8	0	0	0	0	0	0	0	1	0	0
A	BL	2	79	1	1	BA1652	9415	8	7	0	0	0	0	0	0	0	0	0
A	BL	2	79	1	1	BA1652	9486	7	0	0	1	0	0	0	0	0	0	0
A	BL	2	79	1	1	BA1652	9512	7	0	0	0	0	0	0	1	0	0	0
A	BL	2	79	1	1	BA1652	9546	7	0	0	1	0	0	0	0	0	0	0
A	BL	2	79	1	1	BA1652	9568	7	0	0	0	0	0	0	1	0	0	0
A	BL	2	79	1	1	BA1652	9606	7	0	0	1	0	0	0	0	0	0	0
A	BL	2	79	1	1	BA1652	9636	7	0	0	0	0	0	0	1	0	0	0
A	BL	2	79	1	1	BA1652	9639	7	0	0	1	0	0	0	0	0	0	0
A	BL	2	79	1	1	BA1652	9641	7	0	0	0	0	0	0	1	0	0	0
A	BL	2	79	1	1	BA1652	9649	7	0	0	1	0	0	0	0	0	0	0
A	BL	2	79	1	1	BA1652	9652	7	0	0	0	0	0	0	1	0	0	0
A	BL	2	79	1	1	BA1652	9849	7	8	2	0	1	0	0	0	0	0	0
A	BL	2	79	1	1	BA1652	9859	8	7	0	0	0	0	0	0	0	0	0
A	BL	2	79	1	1	BA1652	9872	7	0	0	0	0	0	0	0	1	0	0
A	BL	2	79	1	1	BA1652	9888	7	8	2	0	1	0	0	0	0	0	0
A	BL	2	79	1	1	BA1652	9895	8	0	0	0	0	0	0	0	1	0	0
A	BL	2	79	1	1	BA1652	9898	8	7	0	0	0	0	0	0	0	0	0
A	BL	2	79	1	1	BA1652	10014	7	8	2	0	1	0	0	0	0	0	0
A	BL	2	79	1	1	BA1652	10019	8	0	0	0	0	0	0	0	1	0	0
A	BL	2	79	1	1	BA1652	10024	8	7	0	0	0	0	0	0	0	0	0
A	BL	2	79	1	1	BA1652	10056	7	8	2	0	1	0	0	0	0	0	0
A	BL	2	79	1	1	BA1652	10059	8	0	0	0	0	0	0	0	1	0	0
A	BL	2	79	1	1	BA1652	10063	8	0	0	0	1	0	0	0	0	0	0
A	BL	2	79	1	1	BA1652	10066	8	9	0	0	0	0	0	0	0	0	0
A	BL	2	79	1	1	BA1652	10068	9	0	0	0	0	0	0	0	1	0	0
A	BL	2	79	1	1	BA1652	10076	9	10	0	0	0	0	0	0	0	0	0
A	BL	2	79	1	1	BA1652	10151	10	2	0	0	0	0	0	0	0	0	0
A	BL	2	79	1	1	BA1652	10152	2	6	0	0	0	0	0	0	0	0	0
A	BL	2	79	1	1	BA1652	10274	6	0	0	1	0	0	0	0	0	0	0
A	BL	2	79	1	1	BA1652	10283	6	0	0	0	0	0	0	1	0	0	0
A	BL	2	79	1	1	BA1652	10651	6	8	2	0	1	0	0	0	0	0	0
A	BL	2	79	1	1	BA1652	10661	8	7	0	0	0	0	0	0	0	0	0
A	BL	2	79	1	1	BA1652	10689	7	0	0	0	0	0	0	0	1	0	0
A	BL	2	79	1	1	BA1652	10696	7	8	2	0	1	0	0	0	0	0	0
A	BL	2	79	1	1	BA1652	10704	8	0	0	0	0	0	0	0	1	0	0
A	BL	2	79	1	1	BA1652	10706	8	7	0	0	0	0	0	0	0	0	0
A	BL	2	79	1	1	BA1652	10726	7	8	2	0	1	0	0	0	0	0	0
A	BL	2	79	1	1	BA1652	10736	8	7	0	0	0	0	0	0	0	0	0
A	BL	2	79	1	1	BA1652	10740	7	0	0	0	0	0	0	0	1	0	0
A	BL	2	79	1	1	BA1652	10758	7	8	2	0	1	0	0	0	0	0	0
A	BL	2	79	1	1	BA1652	10763	8	0	0	0	0	0	0	0	1	0	0
A	BL	2	79	1	1	BA1652	10768	8	7	0	0	1	0	0	0	0	0	0
A	BL	2	79	1	1	BA1652	10822	7	0	0	0	0	0	0	0	1	0	0
A	BL	2	79	1	1	BA1652	10876	7	8	2	0	1	0	0	0	0	0	0
A	BL	2	79	1	1	BA1652	10886	8	7	0	0	0	0	0	0	0	0	0
A	BL	2	79	1	1	BA1652	10919	7	0	0	0	0	0	0	0	1	0	0
A	BL	2	79	1	1	BA1652	10927	7	8	2	0	1	0	0	0	0	0	0
A	BL	2	79	1	1	BA1652	10937	8	7	0	0	0	0	0	0	0	0	0
A	BL	2	79	1	1	BA1652	10942	7	0	0	0	0	0	0	0	1	0	0
A	BL	2	79	1	1	BA1652	10947	7	8	2	0	1	0	0	0	0	0	0
A	BL	2	79	1	1	BA1652	10952	8	0	0	0	0	0	0	0	1	0	0
A	BL	2	79	1	1	BA1652	10957	8	7	0	0	0	0	0	0	0	0	0
A	BL	2	79	1	1	BA1652	10963	7	8	2	0	1	0	0	0	0	0	0
A	BL	2	79	1	1	BA1652	10973	8	7	0	0	0	0	0	0	0	0	0
A	BL	2	79	1	1	BA1652	11006	7	0	0	0	0	0	0	0	1	0	0
A	BL	2	79	1	1	BA1652	11031	7	8	2	0	1	0	0	0	0	0	0
A	BL	2	79	1	1	BA1652	11041	8	7	0	0	0	0	0	0	0	0	0
A	BL	2	79	1	1	BA1652	11071	7	0	0	0	0	0	0	0	1	0	0
A	BL	2	79	1	1	BA1652	11155	7	0	0	1	0	0	0	0	0	0	0
A	BL	2	79	1	1	BA1652	11185	7	0	0	0	0	0	0	1	0	0	0
A	BL	2	79	1	1	BA1652	11567	7	8	2	0	1	0	0	0	0	0	0
A	BL	2	79	1	1	BA1652	11577	8	9	0	0	0	0	0	0	0	0	0
A	BL	2	79	1	1	BA1652	11582	9	0	0	0	0	0	0	0	1	0	0
A	BL	2	79	1	1	BA1652	11584	9	0	0	0	1	0	0	0	0	0	0
A	BL	2	79	1	1	BA1652	11587	9	10	0	0	0	0	0	0	0	0	0
A	BL	2	79	1	1	BA1652	11590	10	0	0	0	0	0	0	0	1	0	0
A	BL	2	79	1	1	BA1652	11662	10	2	0	0	0	0	0	0	0	0	0
A	BL	2	79	1	1	BA1652	11663	2	3	0	0	0	0	0	0	0	0	0
A	BL	2	79	1	1	BA1652	11782	3	5	1	1	0	0	0	0	0	0	0
A	BL	2	79	1	1	BA1652	11792	5	4	0	0	0	0	0	0	0	0	0
A	BL	2	79	1	1	BA1652	11799	4	0	0	0	0	0	0	1	0	0	0
A	BL	2	79	1	1	BA1652	11807	4	5	1	1	0	0	0	0	0	0	0
A	BL	2	79	1	1	BA1652	11809	5	0	0	0	0	0	0	1	0	0	0
A	BL	2	79	1	1	BA1652	11811	5	0	0	1	0	0	0	0	0	0	0
A	BL	2	79	1	1	BA1652	11817	5	4	0	0	0	0	0	0	0	0	0
A	BL	2	79	1	1	BA1652	11826	4	0	0	0	0	0	0	1	0	0	0
A	BL	2	79	1	1	BA1652	11832	4	5	1	1	0	0	0	0	0	0	0
A	BL	2	79	1	1	BA1652	11842	5	4	0	0	0	0	0	0	0	0	0
A	BL	2	79	1	1	BA1652	11847	4	0	0	0	0	0	0	1	0	0	0
A	BL	2	79	1	1	BA1652	11896	4	5	1	1	0	0	0	0	0	0	0
A	BL	2	79	1	1	BA1652	11900	5	0	0	0	0	0	0	1	0	0	0
A	BL	2	79	1	1	BA1652	11906	5	4	0	0	0	0	0	0	0	0	0
A	BL	2	79	1	1	BA1652	11937	4	5	1	1	0	0	0	0	0	0	0
A	BL	2	79	1	1	BA1652	11943	5	0	0	0	0	0	0	1	0	0	0
A	BL	2	79	1	1	BA1652	11947	5	9	0	0	0	0	0	0	0	0	0
A	BL	2	79	1	1	BA1652	11957	9	10	0	0	0	0	0	0	0	0	0
A	BL	2	79	1	1	BA1652	12032	10	2	0	0	0	0	0	0	0	0	0
A	BL	2	79	1	1	BA1652	12033	2	3	0	0	0	0	0	0	0	0	0
A	BL	2	79	1	1	BA1652	12131	3	5	1	1	0	0	0	0	0	0	0
A	BL	2	79	1	1	BA1652	12133	5	0	0	0	0	0	0	1	0	0	0
A	BL	2	79	1	1	BA1652	12141	5	4	0	0	0	0	0	0	0	0	0
A	BL	2	79	1	1	BA1652	12161	4	5	1	1	0	0	0	0	0	0	0
A	BL	2	79	1	1	BA1652	12171	5	4	0	0	0	0	0	0	0	0	0
A	BL	2	79	1	1	BA1652	12174	4	0	0	0	0	0	0	1	0	0	0
A	BL	2	79	1	1	BA1652	12179	4	5	1	1	0	0	0	0	0	0	0
A	BL	2	79	1	1	BA1652	12184	5	0	0	0	0	0	0	1	0	0	0
A	BL	2	79	1	1	BA1652	12185	5	0	0	1	0	0	0	0	0	0	0
A	BL	2	79	1	1	BA1652	12189	5	4	0	0	0	0	0	0	0	0	0
A	BL	2	79	1	1	BA1652	12192	4	0	0	0	0	0	0	1	0	0	0
A	BL	2	79	1	1	BA1652	12217	4	5	1	1	0	0	0	0	0	0	0
A	BL	2	79	1	1	BA1652	12222	5	0	0	0	0	0	0	1	0	0	0
A	BL	2	79	1	1	BA1652	12227	5	4	0	0	0	0	0	0	0	0	0
A	BL	2	79	1	1	BA1652	12233	4	5	1	1	0	0	0	0	0	0	0
A	BL	2	79	1	1	BA1652	12236	5	0	0	0	0	0	0	1	0	0	0
A	BL	2	79	1	1	BA1652	12240	5	0	0	1	0	0	0	0	0	0	0
A	BL	2	79	1	1	BA1652	12243	5	9	0	0	0	0	0	0	0	0	0
A	BL	2	79	1	1	BA1652	12245	9	0	0	0	0	0	0	1	0	0	0
A	BL	2	79	1	1	BA1652	12251	9	0	0	1	0	0	0	0	0	0	0
A	BL	2	79	1	1	BA1652	12253	9	10	0	0	0	0	0	1	0	0	0
A	BL	2	79	1	1	BA1652	12256	10	0	0	1	0	0	0	0	0	0	0
A	BL	2	79	1	1	BA1652	12262	10	0	0	0	0	0	0	1	0	0	0
A	BL	2	79	1	1	BA1652	12328	10	2	0	0	0	0	0	0	0	0	0
A	BL	2	79	1	1	BA1652	12329	2	6	0	0	0	0	0	0	0	0	0
A	BL	2	79	1	1	BA1652	12551	6	8	2	0	1	0	0	0	0	0	0
A	BL	2	79	1	1	BA1652	12559	8	0	0	0	0	0	0	0	1	0	0
A	BL	2	79	1	1	BA1652	12561	8	7	0	0	0	0	0	0	0	0	0
A	BL	2	79	1	1	BA1652	12599	7	8	2	0	1	0	0	0	0	0	0
A	BL	2	79	1	1	BA1652	12609	8	7	0	0	0	0	0	0	0	0	0
A	BL	2	79	1	1	BA1652	12623	7	0	0	0	0	0	0	0	1	0	0
A	BL	2	79	1	1	BA1652	12659	7	8	2	0	1	0	0	0	0	0	0
A	BL	2	79	1	1	BA1652	12669	8	7	0	0	0	0	0	0	0	0	0
A	BL	2	79	1	1	BA1652	12672	7	0	0	0	0	0	0	0	1	0	0
A	BL	2	79	1	1	BA1652	12734	7	8	2	0	1	0	0	0	0	0	0
A	BL	2	79	1	1	BA1652	12744	8	7	0	0	0	0	0	0	0	0	0
A	BL	2	79	1	1	BA1652	12761	7	0	0	0	0	0	0	0	1	0	0
A	BL	2	79	1	1	BA1652	12824	7	0	0	1	0	0	0	0	0	0	0
A	BL	2	79	1	1	BA1652	12851	7	0	0	0	0	0	0	1	0	0	0
A	BL	2	79	1	1	BA1652	12857	7	0	0	1	0	0	0	0	0	0	0
A	BL	2	79	1	1	BA1652	12873	7	0	0	0	0	0	0	1	0	0	0
A	BL	2	79	1	1	BA1652	12947	7	0	0	1	0	0	0	0	0	0	0
A	BL	2	79	1	1	BA1652	12949	7	0	0	0	0	0	0	1	0	0	0
A	BL	2	79	1	1	BA1652	12954	7	0	0	1	0	0	0	0	0	0	0
A	BL	2	79	1	1	BA1652	12960	7	0	0	0	0	0	0	1	0	0	0
A	BL	2	79	1	1	BA1652	12996	7	0	0	1	0	0	0	0	0	0	0
A	BL	2	79	1	1	BA1652	13020	7	0	0	0	0	0	0	1	0	0	0
A	BL	2	79	1	1	BA1652	13031	7	0	0	1	0	0	0	0	0	0	0
A	BL	2	79	1	1	BA1652	13074	7	0	0	0	0	0	0	1	0	0	0
A	BL	2	79	1	1	BA1652	13089	7	0	0	1	0	0	0	0	0	0	0
A	BL	2	79	1	1	BA1652	13098	7	0	0	0	0	0	0	1	0	0	0
A	BL	2	79	1	1	BA1652	13100	7	0	0	1	0	0	0	0	0	0	0
A	BL	2	79	1	1	BA1652	13102	7	0	0	0	0	0	0	1	0	0	0
A	BL	2	79	1	1	BA1652	13104	7	0	0	1	0	0	0	0	0	0	0
A	BL	2	79	1	1	BA1652	13123	7	0	0	0	0	0	0	1	0	0	0
A	BL	2	79	1	1	BA1652	13195	7	0	0	1	0	0	0	0	0	0	0
A	BL	2	79	1	1	BA1652	13197	7	0	0	0	0	0	0	1	0	0	0
A	BL	2	79	1	1	BA1652	13285	7	8	2	0	1	0	0	0	0	0	0
A	BL	2	79	1	1	BA1652	13295	8	7	0	0	0	0	0	0	0	0	0
A	BL	2	79	1	1	BA1652	13300	7	0	0	0	0	0	0	0	1	0	0
A	BL	2	79	1	1	BA1652	13305	7	8	2	0	1	0	0	0	0	0	0
A	BL	2	79	1	1	BA1652	13315	8	7	0	0	0	0	0	0	0	0	0
A	BL	2	79	1	1	BA1652	13337	7	0	0	0	0	0	0	0	1	0	0
A	BL	2	79	1	1	BA1652	13367	7	8	2	0	1	0	0	0	0	0	0
A	BL	2	79	1	1	BA1652	13377	8	7	0	0	0	0	0	0	0	0	0
A	BL	2	79	1	1	BA1652	13388	7	0	0	0	0	0	0	0	1	0	0
A	BL	2	79	1	1	BA1652	13395	7	8	2	0	1	0	0	0	0	0	0
A	BL	2	79	1	1	BA1652	13405	8	7	0	0	0	0	0	0	0	0	0
A	BL	2	79	1	1	BA1652	13448	7	0	0	0	0	0	0	0	1	0	0
A	BL	2	79	1	1	BA1652	13500	7	0	0	1	0	0	0	0	0	0	0
A	BL	2	79	1	1	BA1652	13511	7	0	0	0	0	0	0	1	0	0	0
A	BL	2	79	1	1	BA1652	13514	7	0	0	1	0	0	0	0	0	0	0
A	BL	2	79	1	1	BA1652	13578	7	0	0	0	0	0	0	1	0	0	0
A	BL	2	79	1	1	BA1652	13623	7	0	0	1	0	0	0	0	0	0	0
A	BL	2	79	1	1	BA1652	13628	7	0	0	0	0	0	0	1	0	0	0
A	BL	2	79	1	1	BA1652	13631	7	0	0	1	0	0	0	0	0	0	0
A	BL	2	79	1	1	BA1652	13650	7	0	0	0	0	0	0	1	0	0	0
A	BL	2	79	1	1	BA1652	13762	7	8	2	0	1	0	0	0	0	0	0
A	BL	2	79	1	1	BA1652	13764	8	0	0	0	0	0	0	0	1	0	0
A	BL	2	79	1	1	BA1652	13772	8	7	0	0	0	0	0	0	0	0	0
A	BL	2	79	1	1	BA1652	13838	7	8	2	0	1	0	0	0	0	0	0
A	BL	2	79	1	1	BA1652	13840	8	0	0	0	0	0	0	0	1	0	0
A	BL	2	79	1	1	BA1652	13844	8	0	0	0	1	0	0	0	0	0	0
A	BL	2	79	1	1	BA1652	13848	8	9	0	0	0	0	0	0	0	0	0
A	BL	2	79	1	1	BA1652	13856	9	0	0	0	0	0	0	0	1	0	0
A	BL	2	79	1	1	BA1652	13858	9	10	0	0	0	0	0	0	0	0	0
A	BL	2	79	1	1	BA1652	13933	10	2	0	0	0	0	0	0	0	0	0
A	BL	2	79	1	1	BA1652	13934	2	3	0	0	0	0	0	0	0	0	0
A	BL	2	79	1	1	BA1652	14009	3	5	1	1	0	0	0	0	0	0	0
A	BL	2	79	1	1	BA1652	14019	5	4	0	0	0	0	0	0	0	0	0
A	BL	2	79	1	1	BA1652	14023	4	0	0	0	0	0	0	1	0	0	0
A	BL	2	79	1	1	BA1652	14058	4	5	1	1	0	0	0	0	0	0	0
A	BL	2	79	1	1	BA1652	14068	5	4	0	0	0	0	0	0	0	0	0
A	BL	2	79	1	1	BA1652	14104	4	0	0	0	0	0	0	1	0	0	0
A	BL	2	79	1	1	BA1652	14123	4	5	1	1	0	0	0	0	0	0	0
A	BL	2	79	1	1	BA1652	14133	5	4	0	0	0	0	0	0	0	0	0
A	BL	2	79	1	1	BA1652	14168	4	0	0	0	0	0	0	1	0	0	0
A	BL	2	79	1	1	BA1652	14175	4	5	1	1	0	0	0	0	0	0	0
A	BL	2	79	1	1	BA1652	14182	5	0	0	0	0	0	0	1	0	0	0
A	BL	2	79	1	1	BA1652	14183	5	0	0	1	0	0	0	0	0	0	0
A	BL	2	79	1	1	BA1652	14185	5	4	0	0	0	0	0	0	0	0	0
A	BL	2	79	1	1	BA1652	14187	4	0	0	0	0	0	0	1	0	0	0
A	BL	2	79	1	1	BA1652	14206	4	5	1	1	0	0	0	0	0	0	0
A	BL	2	79	1	1	BA1652	14212	5	0	0	0	0	0	0	1	0	0	0
A	BL	2	79	1	1	BA1652	14216	5	9	0	0	0	0	0	0	0	0	0
A	BL	2	79	1	1	BA1652	14219	9	0	0	1	0	0	0	0	0	0	0
A	BL	2	79	1	1	BA1652	14225	9	0	0	0	0	0	0	1	0	0	0
A	BL	2	79	1	1	BA1652	14226	9	10	0	0	0	0	0	0	0	0	0
A	BL	2	79	1	1	BA1652	14301	10	2	0	0	0	0	0	0	0	0	0
A	BL	2	79	1	1	BA1652	14302	2	3	0	0	0	0	0	0	0	0	0
A	BL	2	79	1	1	BA1652	14363	3	5	1	1	0	0	0	0	0	0	0
A	BL	2	79	1	1	BA1652	14364	5	0	0	0	0	0	0	1	0	0	0
A	BL	2	79	1	1	BA1652	14373	5	4	0	0	0	0	0	0	0	0	0
A	BL	2	79	1	1	BA1652	14396	4	5	1	1	0	0	0	0	0	0	0
A	BL	2	79	1	1	BA1652	14406	5	4	0	0	0	0	0	0	0	0	0
A	BL	2	79	1	1	BA1652	14412	4	0	0	0	0	0	0	1	0	0	0
A	BL	2	79	1	1	BA1652	14418	4	5	1	1	0	0	0	0	0	0	0
A	BL	2	79	1	1	BA1652	14427	5	0	0	0	0	0	0	1	0	0	0
A	BL	2	79	1	1	BA1652	14428	5	4	0	0	0	0	0	0	0	0	0
A	BL	2	79	1	1	BA1652	14469	4	5	1	1	0	0	0	0	0	0	0
A	BL	2	79	1	1	BA1652	14473	5	0	0	0	0	0	0	1	0	0	0
A	BL	2	79	1	1	BA1652	14479	5	4	0	0	0	0	0	0	0	0	0
A	BL	2	79	1	1	BA1652	14480	4	5	1	1	0	0	0	0	0	0	0
A	BL	2	79	1	1	BA1652	14485	5	0	0	0	0	0	0	1	0	0	0
A	BL	2	79	1	1	BA1652	14490	5	9	0	0	0	0	0	0	0	0	0
A	BL	2	79	1	1	BA1652	14500	9	10	0	0	0	0	0	0	0	0	0
A	BL	2	79	1	1	BA1652	14575	10	2	0	0	0	0	0	0	0	0	0
A	BL	2	79	1	1	BA1652	14576	2	6	0	0	0	0	0	0	0	0	0
A	BL	2	79	1	1	BA1652	14818	6	8	2	0	1	0	0	0	0	0	0
A	BL	2	79	1	1	BA1652	14828	8	7	0	0	0	0	0	0	0	0	0
A	BL	2	79	1	1	BA1652	14847	7	0	0	0	0	0	0	0	1	0	0
A	BL	2	79	1	1	BA1652	14872	7	8	2	0	1	0	0	0	0	0	0
A	BL	2	79	1	1	BA1652	14880	8	0	0	0	0	0	0	0	1	0	0
A	BL	2	79	1	1	BA1652	14882	8	7	0	0	1	0	0	0	0	0	0
A	BL	2	79	1	1	BA1652	14889	7	8	2	0	1	0	0	0	1	0	0
A	BL	2	79	1	1	BA1652	14893	8	0	0	0	0	0	0	0	1	0	0
A	BL	2	79	1	1	BA1652	14899	8	7	0	0	0	0	0	0	0	0	0
A	BL	2	79	1	1	BA1652	14942	7	8	2	0	1	0	0	0	0	0	0
A	BL	2	79	1	1	BA1652	14952	8	7	0	0	0	0	0	0	0	0	0
A	BL	2	79	1	1	BA1652	14991	7	0	0	0	0	0	0	0	1	0	0
A	BL	2	79	1	1	BA1652	15066	7	8	2	0	1	0	0	0	0	0	0
A	BL	2	79	1	1	BA1652	15076	8	7	0	0	0	0	0	0	0	0	0
A	BL	2	79	1	1	BA1652	15098	7	0	0	0	0	0	0	0	1	0	0
A	BL	2	79	1	1	BA1652	15139	7	8	2	0	1	0	0	0	0	0	0
A	BL	2	79	1	1	BA1652	15149	8	7	0	0	0	0	0	0	0	0	0
A	BL	2	79	1	1	BA1652	15177	7	0	0	0	0	0	0	0	1	0	0
A	BL	2	79	1	1	BA1652	15187	7	8	2	0	1	0	0	0	0	0	0
A	BL	2	79	1	1	BA1652	15197	8	7	0	0	0	0	0	0	0	0	0
A	BL	2	79	1	1	BA1652	15222	7	0	0	0	0	0	0	0	1	0	0
A	BL	2	79	1	1	BA1652	15224	7	8	2	0	1	0	0	0	0	0	0
A	BL	2	79	1	1	BA1652	15234	8	7	0	0	0	0	0	0	1	0	0
A	BL	2	79	1	1	BA1652	15250	7	8	2	0	1	0	0	0	0	0	0
A	BL	2	79	1	1	BA1652	15260	8	7	0	0	0	0	0	0	0	0	0
A	BL	2	79	1	1	BA1652	15267	7	0	0	0	0	0	0	0	1	0	0
A	BL	2	79	1	1	BA1652	15328	7	8	2	0	1	0	0	0	0	0	0
A	BL	2	79	1	1	BA1652	15330	8	0	0	0	0	0	0	0	1	0	0
A	BL	2	79	1	1	BA1652	15332	8	0	0	0	1	0	0	0	0	0	0
A	BL	2	79	1	1	BA1652	15338	8	9	0	0	0	0	0	0	0	0	0
A	BL	2	79	1	1	BA1652	15347	9	0	0	0	0	0	0	0	1	0	0
A	BL	2	79	1	1	BA1652	15348	9	10	0	0	0	0	0	0	0	0	0
A	BL	2	79	1	1	BA1652	15423	10	2	0	0	0	0	0	0	0	0	0
A	BL	2	79	1	1	BA1652	15424	2	6	0	0	0	0	0	0	0	0	0
A	BL	2	79	1	1	BA1652	15573	6	8	2	0	1	0	0	0	0	0	0
A	BL	2	79	1	1	BA1652	15583	8	7	0	0	0	0	0	0	0	0	0
A	BL	2	79	1	1	BA1652	15612	7	0	0	0	0	0	0	0	1	0	0
A	BL	2	79	1	1	BA1652	15643	7	8	2	0	1	0	0	0	0	0	0
A	BL	2	79	1	1	BA1652	15653	8	7	0	0	0	0	0	0	0	0	0
A	BL	2	79	1	1	BA1652	15686	7	0	0	0	0	0	0	0	1	0	0
A	BL	2	79	1	1	BA1652	15687	7	8	2	0	1	0	0	0	0	0	0
A	BL	2	79	1	1	BA1652	15688	8	0	0	0	0	0	0	0	1	0	0
A	BL	2	79	1	1	BA1652	15697	8	7	0	0	0	0	0	0	0	0	0
A	BL	2	79	1	1	BA1652	15700	7	8	2	0	1	0	0	0	0	0	0
A	BL	2	79	1	1	BA1652	15702	8	0	0	0	0	0	0	0	1	0	0
A	BL	2	79	1	1	BA1652	15710	8	7	0	0	0	0	0	0	0	0	0
A	BL	2	79	1	1	BA1652	15767	7	8	2	0	1	0	0	0	0	0	0
A	BL	2	79	1	1	BA1652	15771	8	0	0	0	0	0	0	0	1	0	0
A	BL	2	79	1	1	BA1652	15777	8	7	0	0	0	0	0	0	0	0	0
A	BL	2	79	1	1	BA1652	15786	7	8	2	0	1	0	0	0	0	0	0
A	BL	2	79	1	1	BA1652	15791	8	0	0	0	0	0	0	0	1	0	0
A	BL	2	79	1	1	BA1652	15796	8	7	0	0	0	0	0	0	0	0	0
A	BL	2	79	1	1	BA1652	15840	7	8	2	0	1	0	0	0	0	0	0
A	BL	2	79	1	1	BA1652	15850	8	7	0	0	0	0	0	0	0	0	0
A	BL	2	79	1	1	BA1652	15853	7	0	0	0	0	0	0	0	1	0	0
A	BL	2	79	1	1	BA1652	15856	7	8	2	0	1	0	0	0	0	0	0
A	BL	2	79	1	1	BA1652	15859	8	0	0	0	0	0	0	0	1	0	0
A	BL	2	79	1	1	BA1652	15866	8	7	0	0	0	0	0	0	0	0	0
A	BL	2	79	1	1	BA1652	15924	7	8	2	0	1	0	0	0	0	0	0
A	BL	2	79	1	1	BA1652	15926	8	0	0	0	0	0	0	0	1	0	0
A	BL	2	79	1	1	BA1652	15934	8	7	0	0	0	0	0	0	0	0	0
A	BL	2	79	1	1	BA1652	15943	7	8	2	0	1	0	0	0	0	0	0
A	BL	2	79	1	1	BA1652	15952	8	0	0	0	0	0	0	0	1	0	0
A	BL	2	79	1	1	BA1652	15953	8	9	0	0	0	0	0	0	0	0	0
A	BL	2	79	1	1	BA1652	15962	9	0	0	0	1	0	0	0	0	0	0
A	BL	2	79	1	1	BA1652	15963	9	10	0	0	0	0	0	0	0	0	0
A	BL	2	79	1	1	BA1652	15970	10	0	0	0	0	0	0	0	1	0	0
A	BL	2	79	1	1	BA1652	16038	10	2	0	0	0	0	0	0	0	0	0
A	BL	2	79	1	1	BA1652	16039	2	3	0	0	0	0	0	0	0	0	0
A	BL	2	79	1	1	BA1652	16237	3	5	1	1	0	0	0	0	0	0	0
A	BL	2	79	1	1	BA1652	16247	5	4	0	0	0	0	0	0	0	0	0
A	BL	2	79	1	1	BA1652	16257	4	0	0	0	0	0	0	1	0	0	0
A	BL	2	79	1	1	BA1652	16266	4	5	1	1	0	0	0	0	0	0	0
A	BL	2	79	1	1	BA1652	16268	5	0	0	0	0	0	0	1	0	0	0
A	BL	2	79	1	1	BA1652	16270	5	0	0	1	0	0	0	0	0	0	0
A	BL	2	79	1	1	BA1652	16275	5	0	0	0	0	0	0	1	0	0	0
A	BL	2	79	1	1	BA1652	16276	5	4	0	0	0	0	0	0	0	0	0
A	BL	2	79	1	1	BA1652	16277	4	5	1	1	0	0	0	0	0	0	0
A	BL	2	79	1	1	BA1652	16287	5	4	0	0	0	0	0	0	0	0	0
A	BL	2	79	1	1	BA1652	16292	4	0	0	0	0	0	0	1	0	0	0
A	BL	2	79	1	1	BA1652	16294	4	5	1	1	0	0	0	0	0	0	0
A	BL	2	79	1	1	BA1652	16297	5	0	0	0	0	0	0	1	0	0	0
A	BL	2	79	1	1	BA1652	16304	5	4	0	0	0	0	0	0	0	0	0
A	BL	2	79	1	1	BA1652	16305	4	5	1	1	0	0	0	0	0	0	0
A	BL	2	79	1	1	BA1652	16311	5	0	0	0	0	0	0	1	0	0	0
A	BL	2	79	1	1	BA1652	16315	5	9	0	0	0	0	0	0	0	0	0
A	BL	2	79	1	1	BA1652	16322	9	0	0	1	0	0	0	0	0	0	0
A	BL	2	79	1	1	BA1652	16323	9	0	0	0	0	0	0	1	0	0	0
A	BL	2	79	1	1	BA1652	16325	9	10	0	0	0	0	0	0	0	0	0
A	BL	2	79	1	1	BA1652	16400	10	2	0	0	0	0	0	0	0	0	0
A	BL	2	79	1	1	BA1652	16401	2	3	0	0	0	0	0	0	0	0	0
A	BL	2	79	1	1	BA1652	16560	3	5	1	1	0	0	0	0	0	0	0
A	BL	2	79	1	1	BA1652	16570	5	4	0	0	0	0	0	0	0	0	0
A	BL	2	79	1	1	BA1652	16572	4	0	0	0	0	0	0	1	0	0	0
A	BL	2	79	1	1	BA1652	16574	4	5	1	1	0	0	0	0	0	0	0
A	BL	2	79	1	1	BA1652	16584	5	4	0	0	0	0	0	0	0	0	0
A	BL	2	79	1	1	BA1652	16602	4	0	0	0	0	0	0	1	0	0	0
A	BL	2	79	1	1	BA1652	16625	4	5	1	1	0	0	0	0	0	0	0
A	BL	2	79	1	1	BA1652	16627	5	0	0	0	0	0	0	1	0	0	0
A	BL	2	79	1	1	BA1652	16632	5	0	0	1	0	0	0	0	0	0	0
A	BL	2	79	1	1	BA1652	16635	5	4	0	0	0	0	0	0	0	0	0
A	BL	2	79	1	1	BA1652	16640	4	0	0	0	0	0	0	1	0	0	0
A	BL	2	79	1	1	BA1652	16641	4	5	1	1	0	0	0	0	0	0	0
A	BL	2	79	1	1	BA1652	16644	5	0	0	0	0	0	0	1	0	0	0
A	BL	2	79	1	1	BA1652	16651	5	4	0	0	0	0	0	0	0	0	0
A	BL	2	79	1	1	BA1652	16805	4	5	1	1	0	0	0	0	0	0	0
A	BL	2	79	1	1	BA1652	16815	5	9	0	0	0	0	0	0	0	0	0
A	BL	2	79	1	1	BA1652	16824	9	0	0	0	0	0	0	1	0	0	0
A	BL	2	79	1	1	BA1652	16825	9	10	0	0	0	0	0	0	0	0	0
A	BL	2	79	1	1	BA1652	16900	10	2	0	0	0	0	0	0	0	0	0
A	BL	2	79	1	1	BA1652	16901	2	3	0	0	0	0	0	0	0	0	0
A	BL	2	79	1	1	BA1652	16975	3	5	1	1	0	0	0	0	0	0	0
A	BL	2	79	1	1	BA1652	16985	5	4	0	0	0	0	0	0	0	0	0
A	BL	2	79	1	1	BA1652	16987	4	0	0	0	0	0	0	1	0	0	0
A	BL	2	79	1	1	BA1652	16997	4	5	1	1	0	0	0	0	0	0	0
A	BL	2	79	1	1	BA1652	17007	5	4	0	0	0	0	0	0	0	0	0
A	BL	2	79	1	1	BA1652	17020	4	0	0	0	0	0	0	1	0	0	0
A	BL	2	79	1	1	BA1652	17113	4	5	1	1	0	0	0	0	0	0	0
A	BL	2	79	1	1	BA1652	17123	5	4	0	0	0	0	0	0	0	0	0
A	BL	2	79	1	1	BA1652	17128	4	0	0	0	0	0	0	1	0	0	0
A	BL	2	79	1	1	BA1652	17142	4	5	1	1	0	0	0	0	0	0	0
A	BL	2	79	1	1	BA1652	17148	5	0	0	0	0	0	0	1	0	0	0
A	BL	2	79	1	1	BA1652	17152	5	4	0	0	0	0	0	0	0	0	0
A	BL	2	79	1	1	BA1652	17210	4	5	1	1	0	0	0	0	0	0	0
A	BL	2	79	1	1	BA1652	17211	5	0	0	0	0	0	0	1	0	0	0
A	BL	2	79	1	1	BA1652	17220	5	9	0	0	0	0	0	0	0	0	0
A	BL	2	79	1	1	BA1652	17230	9	10	0	0	0	0	0	0	0	0	0
A	BL	2	79	1	1	BA1652	17305	10	2	0	0	0	0	0	0	0	0	0
A	BL	2	79	1	1	BA1652	17306	2	6	0	0	0	0	0	0	0	0	0
A	BL	2	79	1	1	BA1652	17474	6	8	2	0	1	0	0	0	0	0	0
A	BL	2	79	1	1	BA1652	17484	8	7	0	0	0	0	0	0	0	0	0
A	BL	2	79	1	1	BA1652	17508	7	0	0	0	0	0	0	0	1	0	0
A	BL	2	79	1	1	BA1652	17521	7	8	2	0	1	0	0	0	0	0	0
A	BL	2	79	1	1	BA1652	17528	8	0	0	0	0	0	0	0	1	0	0
A	BL	2	79	1	1	BA1652	17531	8	7	0	0	0	0	0	0	0	0	0
A	BL	2	79	1	1	BA1652	17566	7	8	2	0	1	0	0	0	0	0	0
A	BL	2	79	1	1	BA1652	17576	8	7	0	0	0	0	0	0	0	0	0
A	BL	2	79	1	1	BA1652	17578	7	0	0	0	0	0	0	0	1	0	0
A	BL	2	79	1	1	BA1652	17598	7	8	2	0	1	0	0	0	0	0	0
A	BL	2	79	1	1	BA1652	17608	8	7	0	0	0	0	0	0	0	0	0
A	BL	2	79	1	1	BA1652	17631	7	0	0	0	0	0	0	0	1	0	0
A	BL	2	79	1	1	BA1652	17779	7	8	2	0	1	0	0	0	0	0	0
A	BL	2	79	1	1	BA1652	17783	8	0	0	0	0	0	0	0	1	0	0
A	BL	2	79	1	1	BA1652	17789	8	7	0	0	0	0	0	0	0	0	0
A	BL	2	79	1	1	BA1652	17802	7	8	2	0	1	0	0	0	0	0	0
A	BL	2	79	1	1	BA1652	17812	8	7	0	0	0	0	0	0	0	0	0
A	BL	2	79	1	1	BA1652	17823	7	0	0	0	0	0	0	0	1	0	0
A	BL	2	79	1	1	BA1652	17964	7	8	2	0	1	0	0	0	0	0	0
A	BL	2	79	1	1	BA1652	17974	8	7	0	0	0	0	0	0	0	0	0
A	BL	2	79	1	1	BA1652	17979	7	0	0	0	0	0	0	0	1	0	0
A	BL	2	79	1	1	BA1652	17998	7	8	2	0	1	0	0	0	0	0	0
A	BL	2	79	1	1	BA1652	18000	8	0	0	0	0	0	0	0	1	0	0
A	BL	2	79	1	1	BA1652	18005	8	0	0	0	1	0	0	0	0	0	0
A	BL	2	79	1	1	BA1652	18008	8	7	0	0	0	0	0	0	0	0	0
A	BL	2	79	1	1	BA1652	18010	7	0	0	0	0	0	0	0	1	0	0
A	BL	2	79	1	1	BA1652	18021	7	8	2	0	1	0	0	0	0	0	0
A	BL	2	79	1	1	BA1652	18031	8	7	0	0	0	0	0	0	0	0	0
A	BL	2	79	1	1	BA1652	18036	7	0	0	0	0	0	0	0	1	0	0
A	BL	2	79	1	1	BA1652	18097	7	8	2	0	1	0	0	0	0	0	0
A	BL	2	79	1	1	BA1652	18107	8	9	0	0	0	0	0	0	0	0	0
A	BL	2	79	1	1	BA1652	18115	9	0	0	0	0	0	0	0	1	0	0
A	BL	2	79	1	1	BA1652	18117	9	10	0	0	0	0	0	0	0	0	0
A	BL	2	79	1	1	BA1652	18192	10	2	0	0	0	0	0	0	0	0	0
A	BL	2	79	1	1	BA1652	18193	2	3	0	0	0	0	0	0	0	0	0
A	BL	2	79	1	1	BA1652	18290	3	5	1	1	0	0	0	0	0	0	0
A	BL	2	79	1	1	BA1652	18294	5	0	0	0	0	0	0	1	0	0	0
A	BL	2	79	1	1	BA1652	18297	5	0	0	1	0	0	0	0	0	0	0
A	BL	2	79	1	1	BA1652	18300	5	4	0	0	0	0	0	0	0	0	0
A	BL	2	79	1	1	BA1652	18302	4	0	0	0	0	0	0	1	0	0	0
A	BL	2	79	1	1	BA1652	18309	4	5	1	1	0	0	0	0	0	0	0
A	BL	2	79	1	1	BA1652	18319	5	4	0	0	0	0	0	0	0	0	0
A	BL	2	79	1	1	BA1652	18321	4	0	0	0	0	0	0	1	0	0	0
A	BL	2	79	1	1	BA1652	18326	4	5	1	1	0	0	0	0	0	0	0
A	BL	2	79	1	1	BA1652	18333	5	0	0	0	0	0	0	1	0	0	0
A	BL	2	79	1	1	BA1652	18335	5	0	0	1	0	0	0	0	0	0	0
A	BL	2	79	1	1	BA1652	18336	5	4	0	0	0	0	0	0	0	0	0
A	BL	2	79	1	1	BA1652	18339	4	0	0	0	0	0	0	1	0	0	0
A	BL	2	79	1	1	BA1652	18345	4	5	1	1	0	0	0	0	0	0	0
A	BL	2	79	1	1	BA1652	18355	5	4	0	0	0	0	0	0	0	0	0
A	BL	2	79	1	1	BA1652	18370	4	0	0	0	0	0	0	1	0	0	0
A	BL	2	79	1	1	BA1652	18375	4	5	1	1	0	0	0	0	0	0	0
A	BL	2	79	1	1	BA1652	18381	5	0	0	0	0	0	0	1	0	0	0
A	BL	2	79	1	1	BA1652	18385	5	9	0	0	0	0	0	0	0	0	0
A	BL	2	79	1	1	BA1652	18395	9	10	0	0	0	0	0	0	0	0	0
A	BL	2	79	1	1	BA1652	18470	10	2	0	0	0	0	0	0	0	0	0
A	BL	2	79	1	1	BA1652	18471	2	3	0	0	0	0	0	0	0	0	0
A	BL	2	79	1	1	BA1652	18548	3	5	1	1	0	0	0	0	0	0	0
A	BL	2	79	1	1	BA1652	18557	5	0	0	1	0	0	0	1	0	0	0
A	BL	2	79	1	1	BA1652	18558	5	4	0	0	0	0	0	0	0	0	0
A	BL	2	79	1	1	BA1652	18583	4	0	0	0	0	0	0	1	0	0	0
A	BL	2	79	1	1	BA1652	18610	4	5	1	1	0	0	0	0	0	0	0
A	BL	2	79	1	1	BA1652	18619	5	0	0	0	0	0	0	1	0	0	0
A	BL	2	79	1	1	BA1652	18620	5	4	0	0	0	0	0	0	0	0	0
A	BL	2	79	1	1	BA1652	18627	4	5	1	1	0	0	0	0	0	0	0
A	BL	2	79	1	1	BA1652	18631	5	0	0	0	0	0	0	1	0	0	0
A	BL	2	79	1	1	BA1652	18632	5	0	0	1	0	0	0	0	0	0	0
A	BL	2	79	1	1	BA1652	18637	5	4	0	0	0	0	0	0	0	0	0
A	BL	2	79	1	1	BA1652	18638	4	0	0	0	0	0	0	1	0	0	0
A	BL	2	79	1	1	BA1652	18684	4	5	1	1	0	0	0	0	0	0	0
A	BL	2	79	1	1	BA1652	18693	5	0	0	0	0	0	0	1	0	0	0
A	BL	2	79	1	1	BA1652	18694	5	4	0	0	0	0	0	0	0	0	0
A	BL	2	79	1	1	BA1652	18703	4	5	1	1	0	0	0	0	0	0	0
A	BL	2	79	1	1	BA1652	18708	5	0	0	0	0	0	0	1	0	0	0
A	BL	2	79	1	1	BA1652	18710	5	0	0	1	0	0	0	0	0	0	0
A	BL	2	79	1	1	BA1652	18713	5	9	0	0	0	0	0	1	0	0	0
A	BL	2	79	1	1	BA1652	18721	9	0	0	1	0	0	0	0	0	0	0
A	BL	2	79	1	1	BA1652	18723	9	10	0	0	0	0	0	0	0	0	0
A	BL	2	79	1	1	BA1652	18726	10	0	0	0	0	0	0	1	0	0	0
A	BL	2	79	1	1	BA1652	18798	10	2	0	0	0	0	0	0	0	0	0
A	BL	2	79	1	1	BA1652	18799	2	6	0	0	0	0	0	0	0	0	0
A	BL	2	79	1	1	BA1652	18981	6	0	0	1	0	0	0	0	0	0	0
A	BL	2	79	1	1	BA1652	18992	6	0	0	0	0	0	0	1	0	0	0
A	BL	2	79	1	1	BA1652	18996	6	0	0	1	0	0	0	0	0	0	0
A	BL	2	79	1	1	BA1652	19000	6	0	0	0	0	0	0	1	0	0	0
A	BL	2	79	1	1	BA1652	19006	6	0	0	1	0	0	0	0	0	0	0
A	BL	2	79	1	1	BA1652	19010	6	0	0	0	0	0	0	1	0	0	0
A	BL	2	79	1	1	BA1652	19017	6	0	0	1	0	0	0	0	0	0	0
A	BL	2	79	1	1	BA1652	19019	6	0	0	0	0	0	0	1	0	0	0
A	BL	2	79	1	1	BA1652	19089	6	0	0	1	0	0	0	0	0	0	0
A	BL	2	79	1	1	BA1652	19095	6	0	0	0	0	0	0	1	0	0	0
A	BL	2	79	1	1	BA1652	19213	6	0	0	1	0	0	0	0	0	0	0
A	BL	2	79	1	1	BA1652	19225	6	0	0	0	0	0	0	1	0	0	0
A	BL	2	79	1	1	BA1652	19227	6	0	0	1	0	0	0	0	0	0	0
A	BL	2	79	1	1	BA1652	19233	6	0	0	0	0	0	0	1	0	0	0
A	BL	2	79	1	1	BA1652	19289	6	0	0	1	0	0	0	0	0	0	0
A	BL	2	79	1	1	BA1652	19305	6	0	0	0	0	0	0	1	0	0	0
A	BL	2	79	1	1	BA1652	19401	6	0	0	1	0	0	0	0	0	0	0
A	BL	2	79	1	1	BA1652	19428	6	0	0	0	0	0	0	1	0	0	0
A	BL	2	79	1	1	BA1652	19476	6	8	2	0	1	0	0	0	0	0	0
A	BL	2	79	1	1	BA1652	19486	8	7	0	0	0	0	0	0	0	0	0
A	BL	2	79	1	1	BA1652	19491	7	0	0	0	0	0	0	0	1	0	0
A	BL	2	79	1	1	BA1652	19532	7	8	2	0	1	0	0	0	0	0	0
A	BL	2	79	1	1	BA1652	19541	8	0	0	0	0	0	0	0	1	0	0
A	BL	2	79	1	1	BA1652	19542	8	7	0	0	0	0	0	0	0	0	0
A	BL	2	79	1	1	BA1652	19549	7	8	2	0	1	0	0	0	0	0	0
A	BL	2	79	1	1	BA1652	19559	8	7	0	0	0	0	0	0	0	0	0
A	BL	2	79	1	1	BA1652	19567	7	0	0	0	0	0	0	0	1	0	0
A	BL	2	79	1	1	BA1652	19568	7	8	2	0	1	0	0	0	0	0	0
A	BL	2	79	1	1	BA1652	19578	8	7	0	0	0	0	0	0	0	0	0
A	BL	2	79	1	1	BA1652	19580	7	0	0	0	0	0	0	0	1	0	0
A	BL	2	79	1	1	BA1652	19595	7	8	2	0	1	0	0	0	0	0	0
A	BL	2	79	1	1	BA1652	19605	8	7	0	0	0	0	0	0	0	0	0
A	BL	2	79	1	1	BA1652	19611	7	0	0	0	0	0	0	0	1	0	0
A	BL	2	79	1	1	BA1652	19643	7	8	2	0	1	0	0	0	0	0	0
A	BL	2	79	1	1	BA1652	19647	8	0	0	0	0	0	0	0	1	0	0
A	BL	2	79	1	1	BA1652	19648	8	0	0	0	1	0	0	0	0	0	0
A	BL	2	79	1	1	BA1652	19653	8	7	0	0	0	0	0	0	0	0	0
A	BL	2	79	1	1	BA1652	19686	7	0	0	0	0	0	0	0	1	0	0
A	BL	2	79	1	1	BA1652	19731	7	8	2	0	1	0	0	0	0	0	0
A	BL	2	79	1	1	BA1652	19741	8	7	0	0	0	0	0	0	0	0	0
A	BL	2	79	1	1	BA1652	19766	7	0	0	0	0	0	0	0	1	0	0
A	BL	2	79	1	1	BA1652	19793	7	8	2	0	1	0	0	0	0	0	0
A	BL	2	79	1	1	BA1652	19803	8	7	0	0	0	0	0	0	1	0	0
A	BL	2	79	1	1	BA1652	19804	7	8	2	0	1	0	0	0	0	0	0
A	BL	2	79	1	1	BA1652	19814	8	7	0	0	0	0	0	0	0	0	0
A	BL	2	79	1	1	BA1652	19822	7	0	0	0	0	0	0	0	1	0	0
A	BL	2	79	1	1	BA1652	19843	7	8	2	0	1	0	0	0	0	0	0
A	BL	2	79	1	1	BA1652	19844	8	0	0	0	0	0	0	0	1	0	0
A	BL	2	79	1	1	BA1652	19853	8	9	0	0	0	0	0	0	0	0	0
A	BL	2	79	1	1	BA1652	19863	9	10	0	0	0	0	0	0	0	0	0
A	BL	2	79	1	1	BA1652	19938	10	2	0	0	0	0	0	0	0	0	0
A	BL	2	79	1	1	BA1652	19939	2	3	0	0	0	0	0	0	0	0	0
A	BL	2	79	1	1	BA1652	19980	3	5	1	1	0	0	0	0	0	0	0
A	BL	2	79	1	1	BA1652	19984	5	0	0	0	0	0	0	1	0	0	0
A	BL	2	79	1	1	BA1652	19990	5	4	0	0	0	0	0	0	0	0	0
A	BL	2	79	1	1	BA1652	20000	4	5	1	1	0	0	0	0	0	0	0
A	BL	2	79	1	1	BA1652	20010	5	4	0	0	0	0	0	0	0	0	0
A	BL	2	79	1	1	BA1652	20028	4	0	0	0	0	0	0	1	0	0	0
A	BL	2	79	1	1	BA1652	20035	4	5	1	1	0	0	0	0	0	0	0
A	BL	2	79	1	1	BA1652	20038	5	0	0	0	0	0	0	1	0	0	0
A	BL	2	79	1	1	BA1652	20042	5	0	0	1	0	0	0	0	0	0	0
A	BL	2	79	1	1	BA1652	20045	5	4	0	0	0	0	0	0	0	0	0
A	BL	2	79	1	1	BA1652	20049	4	0	0	0	0	0	0	1	0	0	0
A	BL	2	79	1	1	BA1652	20054	4	5	1	1	0	0	0	0	0	0	0
A	BL	2	79	1	1	BA1652	20060	5	0	0	0	0	0	0	1	0	0	0
A	BL	2	79	1	1	BA1652	20062	5	0	0	1	0	0	0	0	0	0	0
A	BL	2	79	1	1	BA1652	20064	5	4	0	0	0	0	0	0	0	0	0
A	BL	2	79	1	1	BA1652	20070	4	0	0	0	0	0	0	1	0	0	0
A	BL	2	79	1	1	BA1652	20078	4	5	1	1	0	0	0	0	0	0	0
A	BL	2	79	1	1	BA1652	20086	5	0	0	0	0	0	0	1	0	0	0
A	BL	2	79	1	1	BA1652	20088	5	9	0	0	0	0	0	0	0	0	0
A	BL	2	79	1	1	BA1652	20092	9	0	0	1	0	0	0	0	0	0	0
A	BL	2	79	1	1	BA1652	20094	9	0	0	0	0	0	0	1	0	0	0
A	BL	2	79	1	1	BA1652	20098	9	10	0	0	0	0	0	0	0	0	0
A	BL	2	79	1	1	BA1652	20173	10	2	0	0	0	0	0	0	0	0	0
A	BL	2	79	1	1	BA1652	20174	2	3	0	0	0	0	0	0	0	0	0
A	BL	2	79	1	1	BA1652	20334	3	5	1	1	0	0	0	0	0	0	0
A	BL	2	79	1	1	BA1652	20344	5	4	0	0	0	0	0	1	0	0	0
A	BL	2	79	1	1	BA1652	20345	4	5	1	1	0	0	0	0	0	0	0
A	BL	2	79	1	1	BA1652	20355	5	4	0	0	0	0	0	0	0	0	0
A	BL	2	79	1	1	BA1652	20373	4	0	0	0	0	0	0	1	0	0	0
A	BL	2	79	1	1	BA1652	20382	4	5	1	1	0	0	0	0	0	0	0
A	BL	2	79	1	1	BA1652	20384	5	0	0	0	0	0	0	1	0	0	0
A	BL	2	79	1	1	BA1652	20388	5	0	0	1	0	0	0	0	0	0	0
A	BL	2	79	1	1	BA1652	20391	5	0	0	0	0	0	0	1	0	0	0
A	BL	2	79	1	1	BA1652	20392	5	4	0	0	0	0	0	0	0	0	0
A	BL	2	79	1	1	BA1652	20436	4	5	1	1	0	0	0	0	0	0	0
A	BL	2	79	1	1	BA1652	20446	5	4	0	0	0	0	0	0	0	0	0
A	BL	2	79	1	1	BA1652	20447	4	0	0	0	0	0	0	1	0	0	0
A	BL	2	79	1	1	BA1652	20455	4	5	1	1	0	0	0	0	0	0	0
A	BL	2	79	1	1	BA1652	20457	5	0	0	0	0	0	0	1	0	0	0
A	BL	2	79	1	1	BA1652	20464	5	0	0	1	0	0	0	0	0	0	0
A	BL	2	79	1	1	BA1652	20465	5	9	0	0	0	0	0	0	0	0	0
A	BL	2	79	1	1	BA1652	20466	9	0	0	0	0	0	0	1	0	0	0
A	BL	2	79	1	1	BA1652	20475	9	10	0	0	0	0	0	0	0	0	0
A	BL	2	79	1	1	BA1652	20486	10	0	0	1	0	0	0	0	0	0	0
A	BL	2	79	1	1	BA1652	20493	10	0	0	0	0	0	0	1	0	0	0
A	BL	2	79	1	1	BA1652	20520	10	0	0	1	0	0	0	0	0	0	0
A	BL	2	79	1	1	BA1652	20525	10	0	0	0	0	0	0	1	0	0	0
A	BL	2	79	1	1	BA1652	20535	10	0	0	1	0	0	0	0	0	0	0
A	BL	2	79	1	1	BA1652	20541	10	0	0	0	0	0	0	1	0	0	0
A	BL	2	79	1	1	BA1652	20550	10	2	0	0	0	0	0	0	0	0	0
A	BL	2	79	1	1	BA1652	20551	2	3	0	0	0	0	0	0	0	0	0
A	BL	2	79	1	1	BA1652	20694	3	5	1	1	0	0	0	0	0	0	0
A	BL	2	79	1	1	BA1652	20699	5	0	0	0	0	0	0	1	0	0	0
A	BL	2	79	1	1	BA1652	20704	5	4	0	0	0	0	0	0	0	0	0
A	BL	2	79	1	1	BA1652	20707	4	5	1	1	0	0	0	0	0	0	0
A	BL	2	79	1	1	BA1652	20717	5	4	0	0	0	0	0	0	0	0	0
A	BL	2	79	1	1	BA1652	20722	4	0	0	0	0	0	0	1	0	0	0
A	BL	2	79	1	1	BA1652	20725	4	5	1	1	0	0	0	0	0	0	0
A	BL	2	79	1	1	BA1652	20735	5	4	0	0	0	0	0	0	0	0	0
A	BL	2	79	1	1	BA1652	20740	4	0	0	0	0	0	0	1	0	0	0
A	BL	2	79	1	1	BA1652	20787	4	5	1	1	0	0	0	0	0	0	0
A	BL	2	79	1	1	BA1652	20791	5	0	0	0	0	0	0	1	0	0	0
A	BL	2	79	1	1	BA1652	20797	5	4	0	0	0	0	0	0	0	0	0
A	BL	2	79	1	1	BA1652	20802	4	5	1	1	0	0	0	0	0	0	0
A	BL	2	79	1	1	BA1652	20804	5	0	0	0	0	0	0	1	0	0	0
A	BL	2	79	1	1	BA1652	20812	5	9	0	0	0	0	0	0	0	0	0
A	BL	2	79	1	1	BA1652	20822	9	10	0	0	0	0	0	0	0	0	0
A	BL	2	79	1	1	BA1652	20897	10	2	0	0	0	0	0	0	0	0	0
A	BL	2	79	1	1	BA1652	20898	2	6	0	0	0	0	0	0	0	0	0
A	BL	2	79	1	1	BA1652	21046	6	8	2	0	1	0	0	0	0	0	0
A	BL	2	79	1	1	BA1652	21056	8	7	0	0	0	0	0	0	0	0	0
A	BL	2	79	1	1	BA1652	21068	7	0	0	0	0	0	0	0	1	0	0
A	BL	2	79	1	1	BA1652	21114	7	8	2	0	1	0	0	0	0	0	0
A	BL	2	79	1	1	BA1652	21124	8	7	0	0	0	0	0	0	0	0	0
A	BL	2	79	1	1	BA1652	21135	7	0	0	0	0	0	0	0	1	0	0
A	BL	2	79	1	1	BA1652	21181	7	8	2	0	1	0	0	0	0	0	0
A	BL	2	79	1	1	BA1652	21191	8	7	0	0	0	0	0	0	0	0	0
A	BL	2	79	1	1	BA1652	21196	7	0	0	0	0	0	0	0	1	0	0
A	BL	2	79	1	1	BA1652	21201	7	8	2	0	1	0	0	0	0	0	0
A	BL	2	79	1	1	BA1652	21211	8	7	0	0	0	0	0	0	0	0	0
A	BL	2	79	1	1	BA1652	21214	7	0	0	0	0	0	0	0	1	0	0
A	BL	2	79	1	1	BA1652	21244	7	8	2	0	1	0	0	0	0	0	0
A	BL	2	79	1	1	BA1652	21254	8	7	0	0	0	0	0	0	0	0	0
A	BL	2	79	1	1	BA1652	21264	7	0	0	0	0	0	0	0	1	0	0
A	BL	2	79	1	1	BA1652	21270	7	8	2	0	1	0	0	0	0	0	0
A	BL	2	79	1	1	BA1652	21278	8	0	0	0	1	0	0	0	1	0	0
A	BL	2	79	1	1	BA1652	21280	8	7	0	0	0	0	0	0	0	0	0
A	BL	2	79	1	1	BA1652	21307	7	0	0	0	0	0	0	0	1	0	0
A	BL	2	79	1	1	BA1652	21353	7	8	2	0	1	0	0	0	0	0	0
A	BL	2	79	1	1	BA1652	21363	8	7	0	0	0	0	0	0	0	0	0
A	BL	2	79	1	1	BA1652	21379	7	0	0	0	0	0	0	0	1	0	0
A	BL	2	79	1	1	BA1652	21398	7	8	2	0	1	0	0	0	0	0	0
A	BL	2	79	1	1	BA1652	21408	8	7	0	0	0	0	0	0	0	0	0
A	BL	2	79	1	1	BA1652	21451	7	0	0	0	0	0	0	0	1	0	0
A	BL	2	79	1	1	BA1652	21455	7	8	2	0	1	0	0	0	0	0	0
A	BL	2	79	1	1	BA1652	21465	8	7	0	0	0	0	0	0	0	0	0
A	BL	2	79	1	1	BA1652	21485	7	0	0	0	0	0	0	0	1	0	0
A	BL	2	79	1	1	BA1652	21503	7	8	2	0	1	0	0	0	0	0	0
A	BL	2	79	1	1	BA1652	21513	8	9	0	0	0	0	0	0	1	0	0
A	BL	2	79	1	1	BA1652	21523	9	10	0	0	0	0	0	0	0	0	0
A	BL	2	79	1	1	BA1652	21598	10	2	0	0	0	0	0	0	0	0	0
A	BL	2	79	1	1	BA1652	21599	2	3	0	0	0	0	0	0	0	0	0
A	BL	2	79	1	1	BA1652	21710	3	5	1	1	0	0	0	0	0	0	0
A	BL	2	79	1	1	BA1652	21720	5	4	0	0	0	0	0	0	0	0	0
A	BL	2	79	1	1	BA1652	21728	4	0	0	0	0	0	0	1	0	0	0
A	BL	2	79	1	1	BA1652	21735	4	5	1	1	0	0	0	0	0	0	0
A	BL	2	79	1	1	BA1652	21745	5	4	0	0	0	0	0	0	0	0	0
A	BL	2	79	1	1	BA1652	21755	4	0	0	0	0	0	0	1	0	0	0
A	BL	2	79	1	1	BA1652	21823	4	5	1	1	0	0	0	0	0	0	0
A	BL	2	79	1	1	BA1652	21827	5	0	0	0	0	0	0	1	0	0	0
A	BL	2	79	1	1	BA1652	21833	5	4	0	0	0	0	0	0	0	0	0
A	BL	2	79	1	1	BA1652	21854	4	5	1	1	0	0	0	0	0	0	0
A	BL	2	79	1	1	BA1652	21861	5	0	0	0	0	0	0	1	0	0	0
A	BL	2	79	1	1	BA1652	21864	5	4	0	0	0	0	0	0	0	0	0
A	BL	2	79	1	1	BA1652	21866	4	5	1	1	0	0	0	0	0	0	0
A	BL	2	79	1	1	BA1652	21876	5	9	0	0	0	0	0	0	0	0	0
A	BL	2	79	1	1	BA1652	21886	9	10	0	0	0	0	0	0	0	0	0
A	BL	2	79	1	1	BA1652	21887	10	0	0	0	0	0	0	1	0	0	0
A	BL	2	79	1	1	BA1652	21961	10	2	0	0	0	0	0	0	0	0	0
A	BL	2	79	1	1	BA1652	21962	2	3	0	0	0	0	0	0	0	0	0
A	BL	2	79	1	1	BA1652	22088	3	5	1	1	0	0	0	0	0	0	0
A	BL	2	79	1	1	BA1652	22098	5	4	0	0	0	0	0	0	0	0	0
A	BL	2	79	1	1	BA1652	22101	4	0	0	0	0	0	0	1	0	0	0
A	BL	2	79	1	1	BA1652	22104	4	5	1	1	0	0	0	0	0	0	0
A	BL	2	79	1	1	BA1652	22114	5	4	0	0	0	0	0	0	0	0	0
A	BL	2	79	1	1	BA1652	22126	4	0	0	0	0	0	0	1	0	0	0
A	BL	2	79	1	1	BA1652	22134	4	5	1	1	0	0	0	0	0	0	0
A	BL	2	79	1	1	BA1652	22144	5	4	0	0	0	0	0	1	0	0	0
A	BL	2	79	1	1	BA1652	22145	4	5	1	1	0	0	0	0	0	0	0
A	BL	2	79	1	1	BA1652	22155	5	4	0	0	0	0	0	1	0	0	0
A	BL	2	79	1	1	BA1652	22185	4	5	1	1	0	0	0	0	0	0	0
A	BL	2	79	1	1	BA1652	22190	5	0	0	0	0	0	0	1	0	0	0
A	BL	2	79	1	1	BA1652	22195	5	9	0	0	0	0	0	0	0	0	0
A	BL	2	79	1	1	BA1652	22196	9	0	0	1	0	0	0	0	0	0	0
A	BL	2	79	1	1	BA1652	22201	9	0	0	0	0	0	0	1	0	0	0
A	BL	2	79	1	1	BA1652	22205	9	10	0	0	0	0	0	0	0	0	0
A	BL	2	79	1	1	BA1652	22280	10	2	0	0	0	0	0	0	0	0	0
A	BL	2	79	1	1	BA1652	22281	2	6	0	0	0	0	0	0	0	0	0
A	BL	2	79	1	1	BA1652	22522	6	0	0	1	0	0	0	0	0	0	0
A	BL	2	79	1	1	BA1652	22532	6	0	0	0	0	0	0	1	0	0	0
A	BL	2	79	1	1	BA1652	22682	6	8	2	0	1	0	0	0	0	0	0
A	BL	2	79	1	1	BA1652	22692	8	7	0	0	0	0	0	0	0	0	0
A	BL	2	79	1	1	BA1652	22700	7	0	0	0	0	0	0	0	1	0	0
A	BL	2	79	1	1	BA1652	22704	7	8	2	0	1	0	0	0	0	0	0
A	BL	2	79	1	1	BA1652	22707	8	0	0	0	0	0	0	0	1	0	0
A	BL	2	79	1	1	BA1652	22714	8	7	0	0	0	0	0	0	0	0	0
A	BL	2	79	1	1	BA1652	22735	7	8	2	0	1	0	0	0	0	0	0
A	BL	2	79	1	1	BA1652	22745	8	7	0	0	0	0	0	0	0	0	0
A	BL	2	79	1	1	BA1652	22764	7	0	0	0	0	0	0	0	1	0	0
A	BL	2	79	1	1	BA1652	22771	7	8	2	0	1	0	0	0	0	0	0
A	BL	2	79	1	1	BA1652	22781	8	7	0	0	0	0	0	0	1	0	0
A	BL	2	79	1	1	BA1652	22785	7	8	2	0	1	0	0	0	0	0	0
A	BL	2	79	1	1	BA1652	22789	8	0	0	0	0	0	0	0	1	0	0
A	BL	2	79	1	1	BA1652	22795	8	7	0	0	0	0	0	0	0	0	0
A	BL	2	79	1	1	BA1652	22828	7	8	2	0	1	0	0	0	0	0	0
A	BL	2	79	1	1	BA1652	22838	8	7	0	0	0	0	0	0	0	0	0
A	BL	2	79	1	1	BA1652	22842	7	0	0	0	0	0	0	0	1	0	0
A	BL	2	79	1	1	BA1652	22847	7	8	2	0	1	0	0	0	0	0	0
A	BL	2	79	1	1	BA1652	22850	8	0	0	0	0	0	0	0	1	0	0
A	BL	2	79	1	1	BA1652	22857	8	7	0	0	0	0	0	0	0	0	0
A	BL	2	79	1	1	BA1652	22858	7	8	2	0	1	0	0	0	0	0	0
A	BL	2	79	1	1	BA1652	22868	8	7	0	0	0	0	0	0	0	0	0
A	BL	2	79	1	1	BA1652	22877	7	0	0	0	0	0	0	0	1	0	0
A	BL	2	79	1	1	BA1652	22900	7	8	2	0	1	0	0	0	0	0	0
A	BL	2	79	1	1	BA1652	22905	8	0	0	0	0	0	0	0	1	0	0
A	BL	2	79	1	1	BA1652	22909	8	0	0	0	1	0	0	0	0	0	0
A	BL	2	79	1	1	BA1652	22910	8	7	0	0	0	0	0	0	0	0	0
A	BL	2	79	1	1	BA1652	22918	7	0	0	0	0	0	0	0	1	0	0
A	BL	2	79	1	1	BA1652	22921	7	8	2	0	1	0	0	0	0	0	0
A	BL	2	79	1	1	BA1652	22926	8	0	0	0	0	0	0	0	1	0	0
A	BL	2	79	1	1	BA1652	22930	8	0	0	0	1	0	0	0	0	0	0
A	BL	2	79	1	1	BA1652	22931	8	9	0	0	0	0	0	0	0	0	0
A	BL	2	79	1	1	BA1652	22934	9	0	0	0	0	0	0	0	1	0	0
A	BL	2	79	1	1	BA1652	22941	9	10	0	0	0	0	0	0	0	0	0
A	BL	2	79	1	1	BA1652	23016	10	2	0	0	0	0	0	0	0	0	0
A	BL	2	79	1	1	BA1652	23017	2	6	0	0	0	0	0	0	0	0	0
A	BL	2	79	1	1	BA1652	23147	6	8	2	0	1	0	0	0	0	0	0
A	BL	2	79	1	1	BA1652	23153	8	0	0	0	0	0	0	0	1	0	0
A	BL	2	79	1	1	BA1652	23154	8	0	0	0	1	0	0	0	0	0	0
A	BL	2	79	1	1	BA1652	23157	8	7	0	0	0	0	0	0	0	0	0
A	BL	2	79	1	1	BA1652	23160	7	0	0	0	0	0	0	0	1	0	0
A	BL	2	79	1	1	BA1652	23170	7	8	2	0	1	0	0	0	0	0	0
A	BL	2	79	1	1	BA1652	23172	8	0	0	0	0	0	0	0	1	0	0
A	BL	2	79	1	1	BA1652	23180	8	7	0	0	0	0	0	0	0	0	0
A	BL	2	79	1	1	BA1652	23212	7	8	2	0	1	0	0	0	0	0	0
A	BL	2	79	1	1	BA1652	23222	8	7	0	0	0	0	0	0	0	0	0
A	BL	2	79	1	1	BA1652	23228	7	0	0	0	0	0	0	0	1	0	0
A	BL	2	79	1	1	BA1652	23236	7	8	2	0	1	0	0	0	0	0	0
A	BL	2	79	1	1	BA1652	23242	8	0	0	0	0	0	0	0	1	0	0
A	BL	2	79	1	1	BA1652	23246	8	7	0	0	0	0	0	0	0	0	0
A	BL	2	79	1	1	BA1652	23252	7	8	2	0	1	0	0	0	0	0	0
A	BL	2	79	1	1	BA1652	23259	8	0	0	0	0	0	0	0	1	0	0
A	BL	2	79	1	1	BA1652	23262	8	7	0	0	0	0	0	0	0	0	0
A	BL	2	79	1	1	BA1652	23267	7	8	2	0	1	0	0	0	0	0	0
A	BL	2	79	1	1	BA1652	23271	8	0	0	0	0	0	0	0	1	0	0
A	BL	2	79	1	1	BA1652	23277	8	7	0	0	0	0	0	0	0	0	0
A	BL	2	79	1	1	BA1652	23303	7	8	2	0	1	0	0	0	0	0	0
A	BL	2	79	1	1	BA1652	23313	8	7	0	0	0	0	0	0	0	0	0
A	BL	2	79	1	1	BA1652	23359	7	0	0	0	0	0	0	0	1	0	0
A	BL	2	79	1	1	BA1652	23374	7	8	2	0	1	0	0	0	0	0	0
A	BL	2	79	1	1	BA1652	23376	8	0	0	0	0	0	0	0	1	0	0
A	BL	2	79	1	1	BA1652	23384	8	7	0	0	0	0	0	0	0	0	0
A	BL	2	79	1	1	BA1652	23424	7	8	2	0	1	0	0	0	0	0	0
A	BL	2	79	1	1	BA1652	23427	8	0	0	0	0	0	0	0	1	0	0
A	BL	2	79	1	1	BA1652	23434	8	7	0	0	0	0	0	0	0	0	0
A	BL	2	79	1	1	BA1652	23474	7	8	2	0	1	0	0	0	0	0	0
A	BL	2	79	1	1	BA1652	23484	8	9	0	0	0	0	0	0	0	0	0
A	BL	2	79	1	1	BA1652	23492	9	0	0	0	0	0	0	0	1	0	0
A	BL	2	79	1	1	BA1652	23494	9	-1	0	0	0	0	0	0	0	0	0
