Project	UserID	Protocol	Session	Station	Run	Subject	Time	Current State	Transition State	Transition Event	A1 - LEFT	A2 - RIGH	A3 - 	A4 - 	A[1] LEFT	A[2] RIGH	A[3] 	A[4] 
A	BL	1	82	1	1	BA1650	0	0	1	0	0	0	0	0	0	0	0	0
A	BL	1	82	1	1	BA1650	50	1	2	0	0	0	0	0	0	0	0	0
A	BL	1	82	1	1	BA1650	51	2	3	0	0	0	0	0	0	0	0	0
A	BL	1	82	1	1	BA1650	178	3	5	1	1	0	0	0	0	0	0	0
A	BL	1	82	1	1	BA1650	180	5	0	0	0	0	0	0	1	0	0	0
A	BL	1	82	1	1	BA1650	188	5	4	0	0	0	0	0	0	0	0	0
A	BL	1	82	1	1	BA1650	253	4	5	1	1	0	0	0	0	0	0	0
A	BL	1	82	1	1	BA1650	263	5	4	0	0	0	0	0	0	0	0	0
A	BL	1	82	1	1	BA1650	268	4	0	0	0	0	0	0	1	0	0	0
A	BL	1	82	1	1	BA1650	301	4	5	1	1	0	0	0	0	0	0	0
A	BL	1	82	1	1	BA1650	311	5	4	0	0	0	0	0	1	0	0	0
A	BL	1	82	1	1	BA1650	317	4	5	1	1	0	0	0	0	0	0	0
A	BL	1	82	1	1	BA1650	327	5	4	0	0	0	0	0	1	0	0	0
A	BL	1	82	1	1	BA1650	332	4	5	1	1	0	0	0	0	0	0	0
A	BL	1	82	1	1	BA1650	342	5	9	0	0	0	0	0	0	0	0	0
A	BL	1	82	1	1	BA1650	349	9	0	0	0	0	0	0	1	0	0	0
A	BL	1	82	1	1	BA1650	351	9	0	0	1	0	0	0	0	0	0	0
A	BL	1	82	1	1	BA1650	352	9	10	0	0	0	0	0	0	0	0	0
A	BL	1	82	1	1	BA1650	355	10	0	0	0	0	0	0	1	0	0	0
A	BL	1	82	1	1	BA1650	427	10	2	0	0	0	0	0	0	0	0	0
A	BL	1	82	1	1	BA1650	428	2	6	0	0	0	0	0	0	0	0	0
A	BL	1	82	1	1	BA1650	498	6	8	2	0	1	0	0	0	0	0	0
A	BL	1	82	1	1	BA1650	504	8	0	0	0	0	0	0	0	1	0	0
A	BL	1	82	1	1	BA1650	508	8	7	0	0	0	0	0	0	0	0	0
A	BL	1	82	1	1	BA1650	510	7	8	2	0	1	0	0	0	0	0	0
A	BL	1	82	1	1	BA1650	515	8	0	0	0	0	0	0	0	1	0	0
A	BL	1	82	1	1	BA1650	519	8	0	0	0	1	0	0	0	0	0	0
A	BL	1	82	1	1	BA1650	520	8	7	0	0	0	0	0	0	0	0	0
A	BL	1	82	1	1	BA1650	530	7	0	0	0	0	0	0	0	1	0	0
A	BL	1	82	1	1	BA1650	534	7	8	2	0	1	0	0	0	0	0	0
A	BL	1	82	1	1	BA1650	544	8	7	0	0	0	0	0	0	1	0	0
A	BL	1	82	1	1	BA1650	565	7	8	2	0	1	0	0	0	0	0	0
A	BL	1	82	1	1	BA1650	575	8	7	0	0	0	0	0	0	0	0	0
A	BL	1	82	1	1	BA1650	584	7	0	0	0	0	0	0	0	1	0	0
A	BL	1	82	1	1	BA1650	587	7	8	2	0	1	0	0	0	0	0	0
A	BL	1	82	1	1	BA1650	594	8	0	0	0	0	0	0	0	1	0	0
A	BL	1	82	1	1	BA1650	597	8	7	0	0	0	0	0	0	0	0	0
A	BL	1	82	1	1	BA1650	600	7	8	2	0	1	0	0	0	0	0	0
A	BL	1	82	1	1	BA1650	607	8	0	0	0	0	0	0	0	1	0	0
A	BL	1	82	1	1	BA1650	610	8	7	0	0	0	0	0	0	0	0	0
A	BL	1	82	1	1	BA1650	622	7	8	2	0	1	0	0	0	0	0	0
A	BL	1	82	1	1	BA1650	632	8	7	0	0	0	0	0	0	0	0	0
A	BL	1	82	1	1	BA1650	645	7	0	0	0	0	0	0	0	1	0	0
A	BL	1	82	1	1	BA1650	647	7	8	2	0	1	0	0	0	0	0	0
A	BL	1	82	1	1	BA1650	657	8	7	0	0	0	0	0	0	0	0	0
A	BL	1	82	1	1	BA1650	663	7	0	0	0	0	0	0	0	1	0	0
A	BL	1	82	1	1	BA1650	696	7	8	2	0	1	0	0	0	0	0	0
A	BL	1	82	1	1	BA1650	706	8	7	0	0	0	0	0	0	0	0	0
A	BL	1	82	1	1	BA1650	707	7	0	0	0	0	0	0	0	1	0	0
A	BL	1	82	1	1	BA1650	709	7	8	2	0	1	0	0	0	0	0	0
A	BL	1	82	1	1	BA1650	719	8	9	0	0	0	0	0	0	0	0	0
A	BL	1	82	1	1	BA1650	724	9	0	0	0	0	0	0	0	1	0	0
A	BL	1	82	1	1	BA1650	725	9	0	0	0	1	0	0	0	0	0	0
A	BL	1	82	1	1	BA1650	729	9	10	0	0	0	0	0	0	0	0	0
A	BL	1	82	1	1	BA1650	737	10	0	0	0	0	0	0	0	1	0	0
A	BL	1	82	1	1	BA1650	804	10	2	0	0	0	0	0	0	0	0	0
A	BL	1	82	1	1	BA1650	805	2	6	0	0	0	0	0	0	0	0	0
A	BL	1	82	1	1	BA1650	828	6	8	2	0	1	0	0	0	0	0	0
A	BL	1	82	1	1	BA1650	838	8	7	0	0	0	0	0	0	1	0	0
A	BL	1	82	1	1	BA1650	885	7	8	2	0	1	0	0	0	0	0	0
A	BL	1	82	1	1	BA1650	895	8	7	0	0	0	0	0	0	0	0	0
A	BL	1	82	1	1	BA1650	904	7	0	0	0	0	0	0	0	1	0	0
A	BL	1	82	1	1	BA1650	910	7	8	2	0	1	0	0	0	0	0	0
A	BL	1	82	1	1	BA1650	916	8	0	0	0	0	0	0	0	1	0	0
A	BL	1	82	1	1	BA1650	920	8	7	0	0	0	0	0	0	0	0	0
A	BL	1	82	1	1	BA1650	937	7	8	2	0	1	0	0	0	0	0	0
A	BL	1	82	1	1	BA1650	947	8	7	0	0	0	0	0	0	0	0	0
A	BL	1	82	1	1	BA1650	961	7	0	0	0	0	0	0	0	1	0	0
A	BL	1	82	1	1	BA1650	962	7	8	2	0	1	0	0	0	0	0	0
A	BL	1	82	1	1	BA1650	972	8	7	0	0	0	0	0	0	0	0	0
A	BL	1	82	1	1	BA1650	980	7	0	0	0	0	0	0	0	1	0	0
A	BL	1	82	1	1	BA1650	983	7	8	2	0	1	0	0	0	0	0	0
A	BL	1	82	1	1	BA1650	992	8	0	0	0	0	0	0	0	1	0	0
A	BL	1	82	1	1	BA1650	993	8	7	0	0	0	0	0	0	0	0	0
A	BL	1	82	1	1	BA1650	994	7	8	2	0	1	0	0	0	0	0	0
A	BL	1	82	1	1	BA1650	996	8	0	0	0	0	0	0	0	1	0	0
A	BL	1	82	1	1	BA1650	1002	8	0	0	0	1	0	0	0	0	0	0
A	BL	1	82	1	1	BA1650	1004	8	7	0	0	0	0	0	0	0	0	0
A	BL	1	82	1	1	BA1650	1011	7	0	0	0	0	0	0	0	1	0	0
A	BL	1	82	1	1	BA1650	1030	7	8	2	0	1	0	0	0	0	0	0
A	BL	1	82	1	1	BA1650	1037	8	0	0	0	0	0	0	0	1	0	0
A	BL	1	82	1	1	BA1650	1040	8	7	0	0	0	0	0	0	0	0	0
A	BL	1	82	1	1	BA1650	1055	7	8	2	0	1	0	0	0	0	0	0
A	BL	1	82	1	1	BA1650	1064	8	0	0	0	0	0	0	0	1	0	0
A	BL	1	82	1	1	BA1650	1065	8	7	0	0	0	0	0	0	0	0	0
A	BL	1	82	1	1	BA1650	1086	7	8	2	0	1	0	0	0	0	0	0
A	BL	1	82	1	1	BA1650	1090	8	0	0	0	0	0	0	0	1	0	0
A	BL	1	82	1	1	BA1650	1094	8	0	0	0	1	0	0	0	0	0	0
A	BL	1	82	1	1	BA1650	1096	8	9	0	0	0	0	0	0	0	0	0
A	BL	1	82	1	1	BA1650	1106	9	10	0	0	0	0	0	0	0	0	0
A	BL	1	82	1	1	BA1650	1110	10	0	0	0	0	0	0	0	1	0	0
A	BL	1	82	1	1	BA1650	1181	10	2	0	0	0	0	0	0	0	0	0
A	BL	1	82	1	1	BA1650	1182	2	6	0	0	0	0	0	0	0	0	0
A	BL	1	82	1	1	BA1650	1208	6	0	0	1	0	0	0	0	0	0	0
A	BL	1	82	1	1	BA1650	1228	6	0	0	0	0	0	0	1	0	0	0
A	BL	1	82	1	1	BA1650	1289	6	8	2	0	1	0	0	0	0	0	0
A	BL	1	82	1	1	BA1650	1292	8	0	0	0	0	0	0	0	1	0	0
A	BL	1	82	1	1	BA1650	1295	8	0	0	0	1	0	0	0	0	0	0
A	BL	1	82	1	1	BA1650	1299	8	7	0	0	0	0	0	0	0	0	0
A	BL	1	82	1	1	BA1650	1305	7	0	0	0	0	0	0	0	1	0	0
A	BL	1	82	1	1	BA1650	1310	7	8	2	0	1	0	0	0	0	0	0
A	BL	1	82	1	1	BA1650	1316	8	0	0	0	0	0	0	0	1	0	0
A	BL	1	82	1	1	BA1650	1320	8	7	0	0	0	0	0	0	0	0	0
A	BL	1	82	1	1	BA1650	1329	7	8	2	0	1	0	0	0	0	0	0
A	BL	1	82	1	1	BA1650	1339	8	7	0	0	0	0	0	0	0	0	0
A	BL	1	82	1	1	BA1650	1342	7	0	0	0	0	0	0	0	1	0	0
A	BL	1	82	1	1	BA1650	1345	7	8	2	0	1	0	0	0	0	0	0
A	BL	1	82	1	1	BA1650	1355	8	7	0	0	0	0	0	0	0	0	0
A	BL	1	82	1	1	BA1650	1359	7	0	0	0	0	0	0	0	1	0	0
A	BL	1	82	1	1	BA1650	1362	7	8	2	0	1	0	0	0	0	0	0
A	BL	1	82	1	1	BA1650	1372	8	7	0	0	0	0	0	0	0	0	0
A	BL	1	82	1	1	BA1650	1386	7	0	0	0	0	0	0	0	1	0	0
A	BL	1	82	1	1	BA1650	1403	7	8	2	0	1	0	0	0	0	0	0
A	BL	1	82	1	1	BA1650	1412	8	0	0	0	0	0	0	0	1	0	0
A	BL	1	82	1	1	BA1650	1413	8	7	0	0	0	0	0	0	0	0	0
A	BL	1	82	1	1	BA1650	1414	7	8	2	0	1	0	0	0	0	0	0
A	BL	1	82	1	1	BA1650	1421	8	0	0	0	0	0	0	0	1	0	0
A	BL	1	82	1	1	BA1650	1424	8	7	0	0	0	0	0	0	0	0	0
A	BL	1	82	1	1	BA1650	1431	7	8	2	0	1	0	0	0	0	0	0
A	BL	1	82	1	1	BA1650	1433	8	0	0	0	0	0	0	0	1	0	0
A	BL	1	82	1	1	BA1650	1441	8	7	0	0	1	0	0	0	0	0	0
A	BL	1	82	1	1	BA1650	1442	7	0	0	0	0	0	0	0	1	0	0
A	BL	1	82	1	1	BA1650	1446	7	8	2	0	1	0	0	0	0	0	0
A	BL	1	82	1	1	BA1650	1456	8	7	0	0	0	0	0	0	1	0	0
A	BL	1	82	1	1	BA1650	1458	7	8	2	0	1	0	0	0	0	0	0
A	BL	1	82	1	1	BA1650	1468	8	9	0	0	0	0	0	0	0	0	0
A	BL	1	82	1	1	BA1650	1469	9	0	0	0	0	0	0	0	1	0	0
A	BL	1	82	1	1	BA1650	1472	9	0	0	0	1	0	0	0	0	0	0
A	BL	1	82	1	1	BA1650	1478	9	10	0	0	0	0	0	0	0	0	0
A	BL	1	82	1	1	BA1650	1481	10	0	0	0	0	0	0	0	1	0	0
A	BL	1	82	1	1	BA1650	1553	10	2	0	0	0	0	0	0	0	0	0
A	BL	1	82	1	1	BA1650	1554	2	3	0	0	0	0	0	0	0	0	0
A	BL	1	82	1	1	BA1650	1588	3	5	1	1	0	0	0	0	0	0	0
A	BL	1	82	1	1	BA1650	1598	5	4	0	0	0	0	0	0	0	0	0
A	BL	1	82	1	1	BA1650	1606	4	0	0	0	0	0	0	1	0	0	0
A	BL	1	82	1	1	BA1650	1612	4	5	1	1	0	0	0	0	0	0	0
A	BL	1	82	1	1	BA1650	1620	5	0	0	0	0	0	0	1	0	0	0
A	BL	1	82	1	1	BA1650	1622	5	4	0	0	0	0	0	0	0	0	0
A	BL	1	82	1	1	BA1650	1624	4	5	1	1	0	0	0	0	0	0	0
A	BL	1	82	1	1	BA1650	1628	5	0	0	0	0	0	0	1	0	0	0
A	BL	1	82	1	1	BA1650	1631	5	0	0	1	0	0	0	0	0	0	0
A	BL	1	82	1	1	BA1650	1634	5	4	0	0	0	0	0	0	0	0	0
A	BL	1	82	1	1	BA1650	1635	4	0	0	0	0	0	0	1	0	0	0
A	BL	1	82	1	1	BA1650	1663	4	5	1	1	0	0	0	0	0	0	0
A	BL	1	82	1	1	BA1650	1672	5	0	0	0	0	0	0	1	0	0	0
A	BL	1	82	1	1	BA1650	1673	5	4	0	0	0	0	0	0	0	0	0
A	BL	1	82	1	1	BA1650	1675	4	5	1	1	0	0	0	0	0	0	0
A	BL	1	82	1	1	BA1650	1685	5	9	0	0	0	0	0	0	0	0	0
A	BL	1	82	1	1	BA1650	1695	9	10	0	0	0	0	0	0	0	0	0
A	BL	1	82	1	1	BA1650	1720	10	0	0	0	0	0	0	1	0	0	0
A	BL	1	82	1	1	BA1650	1770	10	2	0	0	0	0	0	0	0	0	0
A	BL	1	82	1	1	BA1650	1771	2	3	0	0	0	0	0	0	0	0	0
A	BL	1	82	1	1	BA1650	1811	3	5	1	1	0	0	0	0	0	0	0
A	BL	1	82	1	1	BA1650	1820	5	0	0	0	0	0	0	1	0	0	0
A	BL	1	82	1	1	BA1650	1821	5	4	0	0	0	0	0	0	0	0	0
A	BL	1	82	1	1	BA1650	1832	4	5	1	1	0	0	0	0	0	0	0
A	BL	1	82	1	1	BA1650	1842	5	4	0	0	0	0	0	1	0	0	0
A	BL	1	82	1	1	BA1650	1859	4	5	1	1	0	0	0	0	0	0	0
A	BL	1	82	1	1	BA1650	1863	5	0	0	0	0	0	0	1	0	0	0
A	BL	1	82	1	1	BA1650	1869	5	4	0	0	0	0	0	0	0	0	0
A	BL	1	82	1	1	BA1650	1903	4	5	1	1	0	0	0	0	0	0	0
A	BL	1	82	1	1	BA1650	1912	5	0	0	0	0	0	0	1	0	0	0
A	BL	1	82	1	1	BA1650	1913	5	4	0	0	0	0	0	0	0	0	0
A	BL	1	82	1	1	BA1650	1914	4	5	1	1	0	0	0	0	0	0	0
A	BL	1	82	1	1	BA1650	1921	5	0	0	0	0	0	0	1	0	0	0
A	BL	1	82	1	1	BA1650	1923	5	0	0	1	0	0	0	0	0	0	0
A	BL	1	82	1	1	BA1650	1924	5	9	0	0	0	0	0	0	0	0	0
A	BL	1	82	1	1	BA1650	1934	9	10	0	0	0	0	0	0	0	0	0
A	BL	1	82	1	1	BA1650	1935	10	0	0	0	0	0	0	1	0	0	0
A	BL	1	82	1	1	BA1650	1939	10	0	0	1	0	0	0	0	0	0	0
A	BL	1	82	1	1	BA1650	1943	10	0	0	0	0	0	0	1	0	0	0
A	BL	1	82	1	1	BA1650	2009	10	2	0	0	0	0	0	0	0	0	0
A	BL	1	82	1	1	BA1650	2010	2	6	0	0	0	0	0	0	0	0	0
A	BL	1	82	1	1	BA1650	2192	6	8	2	0	1	0	0	0	0	0	0
A	BL	1	82	1	1	BA1650	2195	8	0	0	0	0	0	0	0	1	0	0
A	BL	1	82	1	1	BA1650	2202	8	7	0	0	0	0	0	0	0	0	0
A	BL	1	82	1	1	BA1650	2217	7	8	2	0	1	0	0	0	0	0	0
A	BL	1	82	1	1	BA1650	2224	8	0	0	0	0	0	0	0	1	0	0
A	BL	1	82	1	1	BA1650	2227	8	7	0	0	0	0	0	0	0	0	0
A	BL	1	82	1	1	BA1650	2247	7	8	2	0	1	0	0	0	0	0	0
A	BL	1	82	1	1	BA1650	2255	8	0	0	0	0	0	0	0	1	0	0
A	BL	1	82	1	1	BA1650	2257	8	7	0	0	0	0	0	0	0	0	0
A	BL	1	82	1	1	BA1650	2258	7	8	2	0	1	0	0	0	0	0	0
A	BL	1	82	1	1	BA1650	2264	8	0	0	0	0	0	0	0	1	0	0
A	BL	1	82	1	1	BA1650	2268	8	7	0	0	0	0	0	0	0	0	0
A	BL	1	82	1	1	BA1650	2271	7	8	2	0	1	0	0	0	0	0	0
A	BL	1	82	1	1	BA1650	2281	8	7	0	0	0	0	0	0	0	0	0
A	BL	1	82	1	1	BA1650	2284	7	0	0	0	0	0	0	0	1	0	0
A	BL	1	82	1	1	BA1650	2290	7	8	2	0	1	0	0	0	0	0	0
A	BL	1	82	1	1	BA1650	2296	8	0	0	0	0	0	0	0	1	0	0
A	BL	1	82	1	1	BA1650	2300	8	7	0	0	0	0	0	0	0	0	0
A	BL	1	82	1	1	BA1650	2304	7	8	2	0	1	0	0	0	0	0	0
A	BL	1	82	1	1	BA1650	2307	8	0	0	0	0	0	0	0	1	0	0
A	BL	1	82	1	1	BA1650	2312	8	0	0	0	1	0	0	0	0	0	0
A	BL	1	82	1	1	BA1650	2314	8	7	0	0	0	0	0	0	0	0	0
A	BL	1	82	1	1	BA1650	2320	7	0	0	0	0	0	0	0	1	0	0
A	BL	1	82	1	1	BA1650	2322	7	8	2	0	1	0	0	0	0	0	0
A	BL	1	82	1	1	BA1650	2332	8	7	0	0	0	0	0	0	0	0	0
A	BL	1	82	1	1	BA1650	2333	7	0	0	0	0	0	0	0	1	0	0
A	BL	1	82	1	1	BA1650	2336	7	8	2	0	1	0	0	0	0	0	0
A	BL	1	82	1	1	BA1650	2341	8	0	0	0	0	0	0	0	1	0	0
A	BL	1	82	1	1	BA1650	2342	8	0	0	0	1	0	0	0	0	0	0
A	BL	1	82	1	1	BA1650	2344	8	0	0	0	0	0	0	0	1	0	0
A	BL	1	82	1	1	BA1650	2346	8	7	0	0	0	0	0	0	0	0	0
A	BL	1	82	1	1	BA1650	2353	7	8	2	0	1	0	0	0	0	0	0
A	BL	1	82	1	1	BA1650	2358	8	0	0	0	0	0	0	0	1	0	0
A	BL	1	82	1	1	BA1650	2363	8	9	0	0	1	0	0	0	0	0	0
A	BL	1	82	1	1	BA1650	2366	9	0	0	0	0	0	0	0	1	0	0
A	BL	1	82	1	1	BA1650	2367	9	0	0	0	1	0	0	0	0	0	0
A	BL	1	82	1	1	BA1650	2373	9	10	0	0	0	0	0	0	0	0	0
A	BL	1	82	1	1	BA1650	2377	10	0	0	0	0	0	0	0	1	0	0
A	BL	1	82	1	1	BA1650	2448	10	2	0	0	0	0	0	0	0	0	0
A	BL	1	82	1	1	BA1650	2449	2	6	0	0	0	0	0	0	0	0	0
A	BL	1	82	1	1	BA1650	2529	6	8	2	0	1	0	0	0	0	0	0
A	BL	1	82	1	1	BA1650	2539	8	7	0	0	0	0	0	0	0	0	0
A	BL	1	82	1	1	BA1650	2541	7	0	0	0	0	0	0	0	1	0	0
A	BL	1	82	1	1	BA1650	2546	7	8	2	0	1	0	0	0	0	0	0
A	BL	1	82	1	1	BA1650	2550	8	0	0	0	0	0	0	0	1	0	0
A	BL	1	82	1	1	BA1650	2556	8	7	0	0	0	0	0	0	0	0	0
A	BL	1	82	1	1	BA1650	2612	7	8	2	0	1	0	0	0	0	0	0
A	BL	1	82	1	1	BA1650	2618	8	0	0	0	0	0	0	0	1	0	0
A	BL	1	82	1	1	BA1650	2622	8	7	0	0	0	0	0	0	0	0	0
A	BL	1	82	1	1	BA1650	2625	7	8	2	0	1	0	0	0	0	0	0
A	BL	1	82	1	1	BA1650	2635	8	7	0	0	0	0	0	0	1	0	0
A	BL	1	82	1	1	BA1650	2638	7	8	2	0	1	0	0	0	0	0	0
A	BL	1	82	1	1	BA1650	2644	8	0	0	0	0	0	0	0	1	0	0
A	BL	1	82	1	1	BA1650	2647	8	0	0	0	1	0	0	0	0	0	0
A	BL	1	82	1	1	BA1650	2648	8	7	0	0	0	0	0	0	0	0	0
A	BL	1	82	1	1	BA1650	2654	7	0	0	0	0	0	0	0	1	0	0
A	BL	1	82	1	1	BA1650	2685	7	8	2	0	1	0	0	0	0	0	0
A	BL	1	82	1	1	BA1650	2688	8	0	0	0	0	0	0	0	1	0	0
A	BL	1	82	1	1	BA1650	2692	8	0	0	0	1	0	0	0	0	0	0
A	BL	1	82	1	1	BA1650	2695	8	7	0	0	0	0	0	0	0	0	0
A	BL	1	82	1	1	BA1650	2706	7	0	0	0	0	0	0	0	1	0	0
A	BL	1	82	1	1	BA1650	2711	7	8	2	0	1	0	0	0	0	0	0
A	BL	1	82	1	1	BA1650	2720	8	0	0	0	0	0	0	0	1	0	0
A	BL	1	82	1	1	BA1650	2721	8	7	0	0	0	0	0	0	0	0	0
A	BL	1	82	1	1	BA1650	2724	7	8	2	0	1	0	0	0	0	0	0
A	BL	1	82	1	1	BA1650	2734	8	7	0	0	0	0	0	0	1	0	0
A	BL	1	82	1	1	BA1650	2746	7	8	2	0	1	0	0	0	0	0	0
A	BL	1	82	1	1	BA1650	2752	8	0	0	0	0	0	0	0	1	0	0
A	BL	1	82	1	1	BA1650	2756	8	7	0	0	0	0	0	0	0	0	0
A	BL	1	82	1	1	BA1650	2758	7	8	2	0	1	0	0	0	0	0	0
A	BL	1	82	1	1	BA1650	2760	8	0	0	0	0	0	0	0	1	0	0
A	BL	1	82	1	1	BA1650	2768	8	9	0	0	0	0	0	0	0	0	0
A	BL	1	82	1	1	BA1650	2777	9	0	0	0	1	0	0	0	0	0	0
A	BL	1	82	1	1	BA1650	2778	9	10	0	0	0	0	0	0	0	0	0
A	BL	1	82	1	1	BA1650	2785	10	0	0	0	0	0	0	0	1	0	0
A	BL	1	82	1	1	BA1650	2853	10	2	0	0	0	0	0	0	0	0	0
A	BL	1	82	1	1	BA1650	2854	2	6	0	0	0	0	0	0	0	0	0
A	BL	1	82	1	1	BA1650	3183	6	8	2	0	1	0	0	0	0	0	0
A	BL	1	82	1	1	BA1650	3185	8	0	0	0	0	0	0	0	1	0	0
A	BL	1	82	1	1	BA1650	3189	8	0	0	0	1	0	0	0	0	0	0
A	BL	1	82	1	1	BA1650	3193	8	7	0	0	0	0	0	0	0	0	0
A	BL	1	82	1	1	BA1650	3196	7	0	0	0	0	0	0	0	1	0	0
A	BL	1	82	1	1	BA1650	3201	7	8	2	0	1	0	0	0	0	0	0
A	BL	1	82	1	1	BA1650	3211	8	7	0	0	0	0	0	0	1	0	0
A	BL	1	82	1	1	BA1650	3213	7	8	2	0	1	0	0	0	0	0	0
A	BL	1	82	1	1	BA1650	3216	8	0	0	0	0	0	0	0	1	0	0
A	BL	1	82	1	1	BA1650	3219	8	0	0	0	1	0	0	0	0	0	0
A	BL	1	82	1	1	BA1650	3223	8	7	0	0	0	0	0	0	0	0	0
A	BL	1	82	1	1	BA1650	3226	7	0	0	0	0	0	0	0	1	0	0
A	BL	1	82	1	1	BA1650	3231	7	8	2	0	1	0	0	0	0	0	0
A	BL	1	82	1	1	BA1650	3237	8	0	0	0	0	0	0	0	1	0	0
A	BL	1	82	1	1	BA1650	3241	8	7	0	0	0	0	0	0	0	0	0
A	BL	1	82	1	1	BA1650	3242	7	8	2	0	1	0	0	0	0	0	0
A	BL	1	82	1	1	BA1650	3246	8	0	0	0	0	0	0	0	1	0	0
A	BL	1	82	1	1	BA1650	3252	8	7	0	0	0	0	0	0	0	0	0
A	BL	1	82	1	1	BA1650	3262	7	8	2	0	1	0	0	0	0	0	0
A	BL	1	82	1	1	BA1650	3266	8	0	0	0	0	0	0	0	1	0	0
A	BL	1	82	1	1	BA1650	3271	8	0	0	0	1	0	0	0	0	0	0
A	BL	1	82	1	1	BA1650	3272	8	7	0	0	0	0	0	0	0	0	0
A	BL	1	82	1	1	BA1650	3275	7	0	0	0	0	0	0	0	1	0	0
A	BL	1	82	1	1	BA1650	3294	7	8	2	0	1	0	0	0	0	0	0
A	BL	1	82	1	1	BA1650	3296	8	0	0	0	0	0	0	0	1	0	0
A	BL	1	82	1	1	BA1650	3300	8	0	0	0	1	0	0	0	0	0	0
A	BL	1	82	1	1	BA1650	3304	8	7	0	0	0	0	0	0	0	0	0
A	BL	1	82	1	1	BA1650	3309	7	0	0	0	0	0	0	0	1	0	0
A	BL	1	82	1	1	BA1650	3320	7	8	2	0	1	0	0	0	0	0	0
A	BL	1	82	1	1	BA1650	3326	8	0	0	0	0	0	0	0	1	0	0
A	BL	1	82	1	1	BA1650	3330	8	7	0	0	0	0	0	0	0	0	0
A	BL	1	82	1	1	BA1650	3340	7	8	2	0	1	0	0	0	0	0	0
A	BL	1	82	1	1	BA1650	3348	8	0	0	0	0	0	0	0	1	0	0
A	BL	1	82	1	1	BA1650	3350	8	7	0	0	1	0	0	0	0	0	0
A	BL	1	82	1	1	BA1650	3360	7	0	0	0	0	0	0	0	1	0	0
A	BL	1	82	1	1	BA1650	3364	7	8	2	0	1	0	0	0	0	0	0
A	BL	1	82	1	1	BA1650	3371	8	0	0	0	0	0	0	0	1	0	0
A	BL	1	82	1	1	BA1650	3374	8	9	0	0	0	0	0	0	0	0	0
A	BL	1	82	1	1	BA1650	3381	9	0	0	0	1	0	0	0	0	0	0
A	BL	1	82	1	1	BA1650	3384	9	10	0	0	0	0	0	0	0	0	0
A	BL	1	82	1	1	BA1650	3387	10	0	0	0	0	0	0	0	1	0	0
A	BL	1	82	1	1	BA1650	3389	10	0	0	0	1	0	0	0	0	0	0
A	BL	1	82	1	1	BA1650	3391	10	0	0	0	0	0	0	0	1	0	0
A	BL	1	82	1	1	BA1650	3459	10	2	0	0	0	0	0	0	0	0	0
A	BL	1	82	1	1	BA1650	3460	2	3	0	0	0	0	0	0	0	0	0
A	BL	1	82	1	1	BA1650	3530	3	5	1	1	0	0	0	0	0	0	0
A	BL	1	82	1	1	BA1650	3540	5	4	0	0	0	0	0	0	0	0	0
A	BL	1	82	1	1	BA1650	3541	4	0	0	0	0	0	0	1	0	0	0
A	BL	1	82	1	1	BA1650	3547	4	5	1	1	0	0	0	0	0	0	0
A	BL	1	82	1	1	BA1650	3551	5	0	0	0	0	0	0	1	0	0	0
A	BL	1	82	1	1	BA1650	3557	5	4	0	0	0	0	0	0	0	0	0
A	BL	1	82	1	1	BA1650	3588	4	5	1	1	0	0	0	0	0	0	0
A	BL	1	82	1	1	BA1650	3598	5	4	0	0	0	0	0	1	0	0	0
A	BL	1	82	1	1	BA1650	3602	4	5	1	1	0	0	0	0	0	0	0
A	BL	1	82	1	1	BA1650	3611	5	0	0	0	0	0	0	1	0	0	0
A	BL	1	82	1	1	BA1650	3612	5	4	0	0	0	0	0	0	0	0	0
A	BL	1	82	1	1	BA1650	3637	4	5	1	1	0	0	0	0	0	0	0
A	BL	1	82	1	1	BA1650	3640	5	0	0	0	0	0	0	1	0	0	0
A	BL	1	82	1	1	BA1650	3647	5	9	0	0	0	0	0	0	0	0	0
A	BL	1	82	1	1	BA1650	3657	9	10	0	0	0	0	0	0	0	0	0
A	BL	1	82	1	1	BA1650	3732	10	2	0	0	0	0	0	0	0	0	0
A	BL	1	82	1	1	BA1650	3733	2	6	0	0	0	0	0	0	0	0	0
A	BL	1	82	1	1	BA1650	3998	6	8	2	0	1	0	0	0	0	0	0
A	BL	1	82	1	1	BA1650	4008	8	7	0	0	0	0	0	0	0	0	0
A	BL	1	82	1	1	BA1650	4011	7	0	0	0	0	0	0	0	1	0	0
A	BL	1	82	1	1	BA1650	4034	7	8	2	0	1	0	0	0	0	0	0
A	BL	1	82	1	1	BA1650	4044	8	7	0	0	0	0	0	0	1	0	0
A	BL	1	82	1	1	BA1650	4071	7	8	2	0	1	0	0	0	0	0	0
A	BL	1	82	1	1	BA1650	4074	8	0	0	0	0	0	0	0	1	0	0
A	BL	1	82	1	1	BA1650	4077	8	0	0	0	1	0	0	0	0	0	0
A	BL	1	82	1	1	BA1650	4081	8	7	0	0	0	0	0	0	0	0	0
A	BL	1	82	1	1	BA1650	4090	7	0	0	0	0	0	0	0	1	0	0
A	BL	1	82	1	1	BA1650	4093	7	8	2	0	1	0	0	0	0	0	0
A	BL	1	82	1	1	BA1650	4096	8	0	0	0	0	0	0	0	1	0	0
A	BL	1	82	1	1	BA1650	4100	8	0	0	0	1	0	0	0	0	0	0
A	BL	1	82	1	1	BA1650	4103	8	7	0	0	0	0	0	0	1	0	0
A	BL	1	82	1	1	BA1650	4104	7	8	2	0	1	0	0	0	0	0	0
A	BL	1	82	1	1	BA1650	4107	8	0	0	0	0	0	0	0	1	0	0
A	BL	1	82	1	1	BA1650	4114	8	7	0	0	0	0	0	0	0	0	0
A	BL	1	82	1	1	BA1650	4123	7	8	2	0	1	0	0	0	0	0	0
A	BL	1	82	1	1	BA1650	4125	8	0	0	0	0	0	0	0	1	0	0
A	BL	1	82	1	1	BA1650	4131	8	0	0	0	1	0	0	0	0	0	0
A	BL	1	82	1	1	BA1650	4133	8	7	0	0	0	0	0	0	0	0	0
A	BL	1	82	1	1	BA1650	4136	7	0	0	0	0	0	0	0	1	0	0
A	BL	1	82	1	1	BA1650	4142	7	8	2	0	1	0	0	0	0	0	0
A	BL	1	82	1	1	BA1650	4152	8	7	0	0	0	0	0	0	1	0	0
A	BL	1	82	1	1	BA1650	4175	7	8	2	0	1	0	0	0	0	0	0
A	BL	1	82	1	1	BA1650	4180	8	0	0	0	0	0	0	0	1	0	0
A	BL	1	82	1	1	BA1650	4183	8	0	0	0	1	0	0	0	0	0	0
A	BL	1	82	1	1	BA1650	4185	8	7	0	0	0	0	0	0	0	0	0
A	BL	1	82	1	1	BA1650	4191	7	0	0	0	0	0	0	0	1	0	0
A	BL	1	82	1	1	BA1650	4194	7	8	2	0	1	0	0	0	0	0	0
A	BL	1	82	1	1	BA1650	4198	8	0	0	0	0	0	0	0	1	0	0
A	BL	1	82	1	1	BA1650	4201	8	0	0	0	1	0	0	0	0	0	0
A	BL	1	82	1	1	BA1650	4204	8	7	0	0	0	0	0	0	0	0	0
A	BL	1	82	1	1	BA1650	4211	7	0	0	0	0	0	0	0	1	0	0
A	BL	1	82	1	1	BA1650	4217	7	8	2	0	1	0	0	0	0	0	0
A	BL	1	82	1	1	BA1650	4222	8	0	0	0	0	0	0	0	1	0	0
A	BL	1	82	1	1	BA1650	4227	8	9	0	0	0	0	0	0	0	0	0
A	BL	1	82	1	1	BA1650	4231	9	0	0	0	1	0	0	0	0	0	0
A	BL	1	82	1	1	BA1650	4237	9	10	0	0	0	0	0	0	0	0	0
A	BL	1	82	1	1	BA1650	4239	10	0	0	0	0	0	0	0	1	0	0
A	BL	1	82	1	1	BA1650	4312	10	2	0	0	0	0	0	0	0	0	0
A	BL	1	82	1	1	BA1650	4313	2	3	0	0	0	0	0	0	0	0	0
A	BL	1	82	1	1	BA1650	4368	3	5	1	1	0	0	0	0	0	0	0
A	BL	1	82	1	1	BA1650	4378	5	4	0	0	0	0	0	0	0	0	0
A	BL	1	82	1	1	BA1650	4384	4	0	0	0	0	0	0	1	0	0	0
A	BL	1	82	1	1	BA1650	4389	4	5	1	1	0	0	0	0	0	0	0
A	BL	1	82	1	1	BA1650	4391	5	0	0	0	0	0	0	1	0	0	0
A	BL	1	82	1	1	BA1650	4392	5	0	0	1	0	0	0	0	0	0	0
A	BL	1	82	1	1	BA1650	4398	5	0	0	0	0	0	0	1	0	0	0
A	BL	1	82	1	1	BA1650	4399	5	4	0	0	0	0	0	0	0	0	0
A	BL	1	82	1	1	BA1650	4403	4	5	1	1	0	0	0	0	0	0	0
A	BL	1	82	1	1	BA1650	4404	5	0	0	0	0	0	0	1	0	0	0
A	BL	1	82	1	1	BA1650	4406	5	0	0	1	0	0	0	0	0	0	0
A	BL	1	82	1	1	BA1650	4413	5	4	0	0	0	0	0	0	0	0	0
A	BL	1	82	1	1	BA1650	4418	4	0	0	0	0	0	0	1	0	0	0
A	BL	1	82	1	1	BA1650	4419	4	5	1	1	0	0	0	0	0	0	0
A	BL	1	82	1	1	BA1650	4429	5	4	0	0	0	0	0	0	0	0	0
A	BL	1	82	1	1	BA1650	4439	4	0	0	0	0	0	0	1	0	0	0
A	BL	1	82	1	1	BA1650	4471	4	5	1	1	0	0	0	0	0	0	0
A	BL	1	82	1	1	BA1650	4478	5	0	0	0	0	0	0	1	0	0	0
A	BL	1	82	1	1	BA1650	4481	5	9	0	1	0	0	0	0	0	0	0
A	BL	1	82	1	1	BA1650	4491	9	10	0	0	0	0	0	0	0	0	0
A	BL	1	82	1	1	BA1650	4496	10	0	0	0	0	0	0	1	0	0	0
A	BL	1	82	1	1	BA1650	4566	10	2	0	0	0	0	0	0	0	0	0
A	BL	1	82	1	1	BA1650	4567	2	3	0	0	0	0	0	0	0	0	0
A	BL	1	82	1	1	BA1650	4593	3	5	1	1	0	0	0	0	0	0	0
A	BL	1	82	1	1	BA1650	4595	5	0	0	0	0	0	0	1	0	0	0
A	BL	1	82	1	1	BA1650	4599	5	0	0	1	0	0	0	0	0	0	0
A	BL	1	82	1	1	BA1650	4603	5	4	0	0	0	0	0	0	0	0	0
A	BL	1	82	1	1	BA1650	4617	4	0	0	0	0	0	0	1	0	0	0
A	BL	1	82	1	1	BA1650	4635	4	5	1	1	0	0	0	0	0	0	0
A	BL	1	82	1	1	BA1650	4645	5	4	0	0	0	0	0	0	0	0	0
A	BL	1	82	1	1	BA1650	4650	4	0	0	0	0	0	0	1	0	0	0
A	BL	1	82	1	1	BA1650	4683	4	5	1	1	0	0	0	0	0	0	0
A	BL	1	82	1	1	BA1650	4685	5	0	0	0	0	0	0	1	0	0	0
A	BL	1	82	1	1	BA1650	4688	5	0	0	1	0	0	0	0	0	0	0
A	BL	1	82	1	1	BA1650	4693	5	4	0	0	0	0	0	0	0	0	0
A	BL	1	82	1	1	BA1650	4699	4	0	0	0	0	0	0	1	0	0	0
A	BL	1	82	1	1	BA1650	4702	4	5	1	1	0	0	0	0	0	0	0
A	BL	1	82	1	1	BA1650	4712	5	4	0	0	0	0	0	1	0	0	0
A	BL	1	82	1	1	BA1650	4714	4	5	1	1	0	0	0	0	0	0	0
A	BL	1	82	1	1	BA1650	4724	5	9	0	0	0	0	0	0	0	0	0
A	BL	1	82	1	1	BA1650	4728	9	0	0	0	0	0	0	1	0	0	0
A	BL	1	82	1	1	BA1650	4732	9	0	0	1	0	0	0	0	0	0	0
A	BL	1	82	1	1	BA1650	4734	9	10	0	0	0	0	0	1	0	0	0
A	BL	1	82	1	1	BA1650	4809	10	2	0	0	0	0	0	0	0	0	0
A	BL	1	82	1	1	BA1650	4810	2	3	0	0	0	0	0	0	0	0	0
A	BL	1	82	1	1	BA1650	4862	3	5	1	1	0	0	0	0	0	0	0
A	BL	1	82	1	1	BA1650	4872	5	4	0	0	0	0	0	0	0	0	0
A	BL	1	82	1	1	BA1650	4876	4	0	0	0	0	0	0	1	0	0	0
A	BL	1	82	1	1	BA1650	4880	4	5	1	1	0	0	0	0	0	0	0
A	BL	1	82	1	1	BA1650	4890	5	4	0	0	0	0	0	0	0	0	0
A	BL	1	82	1	1	BA1650	4906	4	0	0	0	0	0	0	1	0	0	0
A	BL	1	82	1	1	BA1650	4914	4	5	1	1	0	0	0	0	0	0	0
A	BL	1	82	1	1	BA1650	4918	5	0	0	0	0	0	0	1	0	0	0
A	BL	1	82	1	1	BA1650	4922	5	0	0	1	0	0	0	0	0	0	0
A	BL	1	82	1	1	BA1650	4924	5	4	0	0	0	0	0	0	0	0	0
A	BL	1	82	1	1	BA1650	4932	4	0	0	0	0	0	0	1	0	0	0
A	BL	1	82	1	1	BA1650	4960	4	5	1	1	0	0	0	0	0	0	0
A	BL	1	82	1	1	BA1650	4970	5	4	0	0	0	0	0	0	0	0	0
A	BL	1	82	1	1	BA1650	4978	4	0	0	0	0	0	0	1	0	0	0
A	BL	1	82	1	1	BA1650	4981	4	5	1	1	0	0	0	0	0	0	0
A	BL	1	82	1	1	BA1650	4991	5	9	0	0	0	0	0	0	0	0	0
A	BL	1	82	1	1	BA1650	4994	9	0	0	0	0	0	0	1	0	0	0
A	BL	1	82	1	1	BA1650	4997	9	0	0	1	0	0	0	0	0	0	0
A	BL	1	82	1	1	BA1650	5001	9	10	0	0	0	0	0	0	0	0	0
A	BL	1	82	1	1	BA1650	5022	10	0	0	0	0	0	0	1	0	0	0
A	BL	1	82	1	1	BA1650	5076	10	2	0	0	0	0	0	0	0	0	0
A	BL	1	82	1	1	BA1650	5077	2	6	0	0	0	0	0	0	0	0	0
A	BL	1	82	1	1	BA1650	5126	6	0	0	1	0	0	0	0	0	0	0
A	BL	1	82	1	1	BA1650	5129	6	0	0	0	0	0	0	1	0	0	0
A	BL	1	82	1	1	BA1650	5186	6	0	0	1	0	0	0	0	0	0	0
A	BL	1	82	1	1	BA1650	5190	6	0	0	0	0	0	0	1	0	0	0
A	BL	1	82	1	1	BA1650	5227	6	0	0	1	0	0	0	0	0	0	0
A	BL	1	82	1	1	BA1650	5246	6	0	0	0	0	0	0	1	0	0	0
A	BL	1	82	1	1	BA1650	5263	6	0	0	1	0	0	0	0	0	0	0
A	BL	1	82	1	1	BA1650	5271	6	0	0	0	0	0	0	1	0	0	0
A	BL	1	82	1	1	BA1650	5378	6	8	2	0	1	0	0	0	0	0	0
A	BL	1	82	1	1	BA1650	5383	8	0	0	0	0	0	0	0	1	0	0
A	BL	1	82	1	1	BA1650	5388	8	7	0	0	0	0	0	0	0	0	0
A	BL	1	82	1	1	BA1650	5391	7	8	2	0	1	0	0	0	0	0	0
A	BL	1	82	1	1	BA1650	5392	8	0	0	0	0	0	0	0	1	0	0
A	BL	1	82	1	1	BA1650	5399	8	0	0	0	1	0	0	0	0	0	0
A	BL	1	82	1	1	BA1650	5401	8	7	0	0	0	0	0	0	0	0	0
A	BL	1	82	1	1	BA1650	5402	7	0	0	0	0	0	0	0	1	0	0
A	BL	1	82	1	1	BA1650	5411	7	8	2	0	1	0	0	0	0	0	0
A	BL	1	82	1	1	BA1650	5416	8	0	0	0	0	0	0	0	1	0	0
A	BL	1	82	1	1	BA1650	5421	8	7	0	0	0	0	0	0	0	0	0
A	BL	1	82	1	1	BA1650	5433	7	8	2	0	1	0	0	0	0	0	0
A	BL	1	82	1	1	BA1650	5436	8	0	0	0	0	0	0	0	1	0	0
A	BL	1	82	1	1	BA1650	5443	8	7	0	0	0	0	0	0	0	0	0
A	BL	1	82	1	1	BA1650	5472	7	8	2	0	1	0	0	0	0	0	0
A	BL	1	82	1	1	BA1650	5478	8	0	0	0	0	0	0	0	1	0	0
A	BL	1	82	1	1	BA1650	5481	8	0	0	0	1	0	0	0	0	0	0
A	BL	1	82	1	1	BA1650	5482	8	7	0	0	0	0	0	0	0	0	0
A	BL	1	82	1	1	BA1650	5486	7	0	0	0	0	0	0	0	1	0	0
A	BL	1	82	1	1	BA1650	5490	7	8	2	0	1	0	0	0	0	0	0
A	BL	1	82	1	1	BA1650	5496	8	0	0	0	0	0	0	0	1	0	0
A	BL	1	82	1	1	BA1650	5500	8	7	0	0	0	0	0	0	0	0	0
A	BL	1	82	1	1	BA1650	5511	7	8	2	0	1	0	0	0	0	0	0
A	BL	1	82	1	1	BA1650	5516	8	0	0	0	0	0	0	0	1	0	0
A	BL	1	82	1	1	BA1650	5521	8	7	0	0	0	0	0	0	0	0	0
A	BL	1	82	1	1	BA1650	5538	7	8	2	0	1	0	0	0	0	0	0
A	BL	1	82	1	1	BA1650	5547	8	0	0	0	0	0	0	0	1	0	0
A	BL	1	82	1	1	BA1650	5548	8	7	0	0	1	0	0	0	0	0	0
A	BL	1	82	1	1	BA1650	5560	7	0	0	0	0	0	0	0	1	0	0
A	BL	1	82	1	1	BA1650	5565	7	8	2	0	1	0	0	0	0	0	0
A	BL	1	82	1	1	BA1650	5571	8	0	0	0	0	0	0	0	1	0	0
A	BL	1	82	1	1	BA1650	5574	8	0	0	0	1	0	0	0	0	0	0
A	BL	1	82	1	1	BA1650	5575	8	7	0	0	0	0	0	0	0	0	0
A	BL	1	82	1	1	BA1650	5590	7	0	0	0	0	0	0	0	1	0	0
A	BL	1	82	1	1	BA1650	5594	7	8	2	0	1	0	0	0	0	0	0
A	BL	1	82	1	1	BA1650	5604	8	9	0	0	0	0	0	0	0	0	0
A	BL	1	82	1	1	BA1650	5614	9	10	0	0	0	0	0	0	0	0	0
A	BL	1	82	1	1	BA1650	5619	10	0	0	0	0	0	0	0	1	0	0
A	BL	1	82	1	1	BA1650	5689	10	2	0	0	0	0	0	0	0	0	0
A	BL	1	82	1	1	BA1650	5690	2	6	0	0	0	0	0	0	0	0	0
A	BL	1	82	1	1	BA1650	5808	6	8	2	0	1	0	0	0	0	0	0
A	BL	1	82	1	1	BA1650	5814	8	0	0	0	0	0	0	0	1	0	0
A	BL	1	82	1	1	BA1650	5818	8	7	0	0	0	0	0	0	0	0	0
A	BL	1	82	1	1	BA1650	5827	7	8	2	0	1	0	0	0	0	0	0
A	BL	1	82	1	1	BA1650	5828	8	0	0	0	0	0	0	0	1	0	0
A	BL	1	82	1	1	BA1650	5833	8	0	0	0	1	0	0	0	0	0	0
A	BL	1	82	1	1	BA1650	5837	8	7	0	0	0	0	0	0	1	0	0
A	BL	1	82	1	1	BA1650	5854	7	8	2	0	1	0	0	0	0	0	0
A	BL	1	82	1	1	BA1650	5864	8	7	0	0	0	0	0	0	0	0	0
A	BL	1	82	1	1	BA1650	5866	7	0	0	0	0	0	0	0	1	0	0
A	BL	1	82	1	1	BA1650	5869	7	8	2	0	1	0	0	0	0	0	0
A	BL	1	82	1	1	BA1650	5876	8	0	0	0	0	0	0	0	1	0	0
A	BL	1	82	1	1	BA1650	5879	8	7	0	0	0	0	0	0	0	0	0
A	BL	1	82	1	1	BA1650	5912	7	8	2	0	1	0	0	0	0	0	0
A	BL	1	82	1	1	BA1650	5921	8	0	0	0	0	0	0	0	1	0	0
A	BL	1	82	1	1	BA1650	5922	8	7	0	0	0	0	0	0	0	0	0
A	BL	1	82	1	1	BA1650	5924	7	8	2	0	1	0	0	0	0	0	0
A	BL	1	82	1	1	BA1650	5934	8	7	0	0	0	0	0	0	0	0	0
A	BL	1	82	1	1	BA1650	5949	7	0	0	0	0	0	0	0	1	0	0
A	BL	1	82	1	1	BA1650	5953	7	8	2	0	1	0	0	0	0	0	0
A	BL	1	82	1	1	BA1650	5956	8	0	0	0	0	0	0	0	1	0	0
A	BL	1	82	1	1	BA1650	5962	8	0	0	0	1	0	0	0	0	0	0
A	BL	1	82	1	1	BA1650	5963	8	7	0	0	0	0	0	0	0	0	0
A	BL	1	82	1	1	BA1650	5968	7	0	0	0	0	0	0	0	1	0	0
A	BL	1	82	1	1	BA1650	5976	7	8	2	0	1	0	0	0	0	0	0
A	BL	1	82	1	1	BA1650	5977	8	0	0	0	0	0	0	0	1	0	0
A	BL	1	82	1	1	BA1650	5986	8	7	0	0	0	0	0	0	0	0	0
A	BL	1	82	1	1	BA1650	5989	7	8	2	0	1	0	0	0	0	0	0
A	BL	1	82	1	1	BA1650	5996	8	0	0	0	0	0	0	0	1	0	0
A	BL	1	82	1	1	BA1650	5998	8	0	0	0	1	0	0	0	0	0	0
A	BL	1	82	1	1	BA1650	5999	8	7	0	0	0	0	0	0	0	0	0
A	BL	1	82	1	1	BA1650	6000	7	0	0	0	0	0	0	0	1	0	0
A	BL	1	82	1	1	BA1650	6005	7	8	2	0	1	0	0	0	0	0	0
A	BL	1	82	1	1	BA1650	6015	8	9	0	0	0	0	0	0	0	0	0
A	BL	1	82	1	1	BA1650	6017	9	0	0	0	0	0	0	0	1	0	0
A	BL	1	82	1	1	BA1650	6021	9	0	0	0	1	0	0	0	0	0	0
A	BL	1	82	1	1	BA1650	6025	9	10	0	0	0	0	0	0	0	0	0
A	BL	1	82	1	1	BA1650	6034	10	0	0	0	0	0	0	0	1	0	0
A	BL	1	82	1	1	BA1650	6100	10	2	0	0	0	0	0	0	0	0	0
A	BL	1	82	1	1	BA1650	6101	2	6	0	0	0	0	0	0	0	0	0
A	BL	1	82	1	1	BA1650	6173	6	8	2	0	1	0	0	0	0	0	0
A	BL	1	82	1	1	BA1650	6179	8	0	0	0	0	0	0	0	1	0	0
A	BL	1	82	1	1	BA1650	6183	8	7	0	0	1	0	0	0	0	0	0
A	BL	1	82	1	1	BA1650	6204	7	0	0	0	0	0	0	0	1	0	0
A	BL	1	82	1	1	BA1650	6208	7	8	2	0	1	0	0	0	0	0	0
A	BL	1	82	1	1	BA1650	6218	8	7	0	0	0	0	0	0	1	0	0
A	BL	1	82	1	1	BA1650	6225	7	8	2	0	1	0	0	0	0	0	0
A	BL	1	82	1	1	BA1650	6228	8	0	0	0	0	0	0	0	1	0	0
A	BL	1	82	1	1	BA1650	6235	8	7	0	0	0	0	0	0	0	0	0
A	BL	1	82	1	1	BA1650	6237	7	8	2	0	1	0	0	0	0	0	0
A	BL	1	82	1	1	BA1650	6240	8	0	0	0	0	0	0	0	1	0	0
A	BL	1	82	1	1	BA1650	6243	8	0	0	0	1	0	0	0	0	0	0
A	BL	1	82	1	1	BA1650	6247	8	7	0	0	0	0	0	0	0	0	0
A	BL	1	82	1	1	BA1650	6251	7	0	0	0	0	0	0	0	1	0	0
A	BL	1	82	1	1	BA1650	6309	7	8	2	0	1	0	0	0	0	0	0
A	BL	1	82	1	1	BA1650	6318	8	0	0	0	0	0	0	0	1	0	0
A	BL	1	82	1	1	BA1650	6319	8	7	0	0	0	0	0	0	0	0	0
A	BL	1	82	1	1	BA1650	6341	7	8	2	0	1	0	0	0	0	0	0
A	BL	1	82	1	1	BA1650	6345	8	0	0	0	0	0	0	0	1	0	0
A	BL	1	82	1	1	BA1650	6351	8	7	0	0	1	0	0	0	0	0	0
A	BL	1	82	1	1	BA1650	6388	7	0	0	0	0	0	0	0	1	0	0
A	BL	1	82	1	1	BA1650	6397	7	8	2	0	1	0	0	0	0	0	0
A	BL	1	82	1	1	BA1650	6398	8	0	0	0	0	0	0	0	1	0	0
A	BL	1	82	1	1	BA1650	6405	8	0	0	0	1	0	0	0	0	0	0
A	BL	1	82	1	1	BA1650	6407	8	7	0	0	0	0	0	0	1	0	0
A	BL	1	82	1	1	BA1650	6408	7	8	2	0	1	0	0	0	0	0	0
A	BL	1	82	1	1	BA1650	6412	8	0	0	0	0	0	0	0	1	0	0
A	BL	1	82	1	1	BA1650	6416	8	0	0	0	1	0	0	0	0	0	0
A	BL	1	82	1	1	BA1650	6418	8	7	0	0	0	0	0	0	0	0	0
A	BL	1	82	1	1	BA1650	6428	7	0	0	0	0	0	0	0	1	0	0
A	BL	1	82	1	1	BA1650	6432	7	8	2	0	1	0	0	0	0	0	0
A	BL	1	82	1	1	BA1650	6438	8	0	0	0	0	0	0	0	1	0	0
A	BL	1	82	1	1	BA1650	6441	8	0	0	0	1	0	0	0	0	0	0
A	BL	1	82	1	1	BA1650	6442	8	7	0	0	0	0	0	0	0	0	0
A	BL	1	82	1	1	BA1650	6450	7	0	0	0	0	0	0	0	1	0	0
A	BL	1	82	1	1	BA1650	6464	7	8	2	0	1	0	0	0	0	0	0
A	BL	1	82	1	1	BA1650	6465	8	0	0	0	0	0	0	0	1	0	0
A	BL	1	82	1	1	BA1650	6474	8	9	0	0	0	0	0	0	0	0	0
A	BL	1	82	1	1	BA1650	6484	9	10	0	0	0	0	0	0	0	0	0
A	BL	1	82	1	1	BA1650	6559	10	2	0	0	0	0	0	0	0	0	0
A	BL	1	82	1	1	BA1650	6560	2	3	0	0	0	0	0	0	0	0	0
A	BL	1	82	1	1	BA1650	6634	3	5	1	1	0	0	0	0	0	0	0
A	BL	1	82	1	1	BA1650	6644	5	4	0	0	0	0	0	0	0	0	0
A	BL	1	82	1	1	BA1650	6645	4	0	0	0	0	0	0	1	0	0	0
A	BL	1	82	1	1	BA1650	6651	4	5	1	1	0	0	0	0	0	0	0
A	BL	1	82	1	1	BA1650	6661	5	4	0	0	0	0	0	0	0	0	0
A	BL	1	82	1	1	BA1650	6666	4	0	0	0	0	0	0	1	0	0	0
A	BL	1	82	1	1	BA1650	6671	4	5	1	1	0	0	0	0	0	0	0
A	BL	1	82	1	1	BA1650	6681	5	4	0	0	0	0	0	0	0	0	0
A	BL	1	82	1	1	BA1650	6699	4	0	0	0	0	0	0	1	0	0	0
A	BL	1	82	1	1	BA1650	6731	4	5	1	1	0	0	0	0	0	0	0
A	BL	1	82	1	1	BA1650	6741	5	4	0	0	0	0	0	0	0	0	0
A	BL	1	82	1	1	BA1650	6744	4	0	0	0	0	0	0	1	0	0	0
A	BL	1	82	1	1	BA1650	6748	4	5	1	1	0	0	0	0	0	0	0
A	BL	1	82	1	1	BA1650	6758	5	9	0	0	0	0	0	0	0	0	0
A	BL	1	82	1	1	BA1650	6759	9	0	0	0	0	0	0	1	0	0	0
A	BL	1	82	1	1	BA1650	6762	9	0	0	1	0	0	0	0	0	0	0
A	BL	1	82	1	1	BA1650	6768	9	10	0	0	0	0	0	0	0	0	0
A	BL	1	82	1	1	BA1650	6774	10	0	0	0	0	0	0	1	0	0	0
A	BL	1	82	1	1	BA1650	6843	10	2	0	0	0	0	0	0	0	0	0
A	BL	1	82	1	1	BA1650	6844	2	3	0	0	0	0	0	0	0	0	0
A	BL	1	82	1	1	BA1650	7036	3	5	1	1	0	0	0	0	0	0	0
A	BL	1	82	1	1	BA1650	7040	5	0	0	0	0	0	0	1	0	0	0
A	BL	1	82	1	1	BA1650	7046	5	4	0	0	0	0	0	0	0	0	0
A	BL	1	82	1	1	BA1650	7069	4	5	1	1	0	0	0	0	0	0	0
A	BL	1	82	1	1	BA1650	7077	5	0	0	0	0	0	0	1	0	0	0
A	BL	1	82	1	1	BA1650	7079	5	4	0	0	0	0	0	0	0	0	0
A	BL	1	82	1	1	BA1650	7082	4	5	1	1	0	0	0	0	0	0	0
A	BL	1	82	1	1	BA1650	7089	5	0	0	0	0	0	0	1	0	0	0
A	BL	1	82	1	1	BA1650	7092	5	4	0	1	0	0	0	0	0	0	0
A	BL	1	82	1	1	BA1650	7101	4	0	0	0	0	0	0	1	0	0	0
A	BL	1	82	1	1	BA1650	7117	4	5	1	1	0	0	0	0	0	0	0
A	BL	1	82	1	1	BA1650	7121	5	0	0	1	0	0	0	1	0	0	0
A	BL	1	82	1	1	BA1650	7127	5	4	0	0	0	0	0	0	0	0	0
A	BL	1	82	1	1	BA1650	7128	4	0	0	0	0	0	0	1	0	0	0
A	BL	1	82	1	1	BA1650	7196	4	5	1	1	0	0	0	0	0	0	0
A	BL	1	82	1	1	BA1650	7206	5	9	0	0	0	0	0	0	0	0	0
A	BL	1	82	1	1	BA1650	7216	9	10	0	0	0	0	0	0	0	0	0
A	BL	1	82	1	1	BA1650	7221	10	0	0	0	0	0	0	1	0	0	0
A	BL	1	82	1	1	BA1650	7291	10	2	0	0	0	0	0	0	0	0	0
A	BL	1	82	1	1	BA1650	7292	2	3	0	0	0	0	0	0	0	0	0
A	BL	1	82	1	1	BA1650	7350	3	5	1	1	0	0	0	0	0	0	0
A	BL	1	82	1	1	BA1650	7360	5	4	0	0	0	0	0	0	0	0	0
A	BL	1	82	1	1	BA1650	7382	4	0	0	0	0	0	0	1	0	0	0
A	BL	1	82	1	1	BA1650	7448	4	5	1	1	0	0	0	0	0	0	0
A	BL	1	82	1	1	BA1650	7449	5	0	0	0	0	0	0	1	0	0	0
A	BL	1	82	1	1	BA1650	7452	5	0	0	1	0	0	0	0	0	0	0
A	BL	1	82	1	1	BA1650	7458	5	4	0	0	0	0	0	0	0	0	0
A	BL	1	82	1	1	BA1650	7462	4	0	0	0	0	0	0	1	0	0	0
A	BL	1	82	1	1	BA1650	7463	4	5	1	1	0	0	0	0	0	0	0
A	BL	1	82	1	1	BA1650	7464	5	0	0	0	0	0	0	1	0	0	0
A	BL	1	82	1	1	BA1650	7465	5	0	0	1	0	0	0	0	0	0	0
A	BL	1	82	1	1	BA1650	7473	5	4	0	0	0	0	0	0	0	0	0
A	BL	1	82	1	1	BA1650	7486	4	0	0	0	0	0	0	1	0	0	0
A	BL	1	82	1	1	BA1650	7492	4	5	1	1	0	0	0	0	0	0	0
A	BL	1	82	1	1	BA1650	7502	5	4	0	0	0	0	0	0	0	0	0
A	BL	1	82	1	1	BA1650	7503	4	0	0	0	0	0	0	1	0	0	0
A	BL	1	82	1	1	BA1650	7505	4	5	1	1	0	0	0	0	0	0	0
A	BL	1	82	1	1	BA1650	7510	5	0	0	0	0	0	0	1	0	0	0
A	BL	1	82	1	1	BA1650	7515	5	9	0	0	0	0	0	0	0	0	0
A	BL	1	82	1	1	BA1650	7525	9	10	0	0	0	0	0	0	0	0	0
A	BL	1	82	1	1	BA1650	7600	10	2	0	0	0	0	0	0	0	0	0
A	BL	1	82	1	1	BA1650	7601	2	6	0	0	0	0	0	0	0	0	0
A	BL	1	82	1	1	BA1650	7918	6	8	2	0	1	0	0	0	0	0	0
A	BL	1	82	1	1	BA1650	7928	8	7	0	0	0	0	0	0	0	0	0
A	BL	1	82	1	1	BA1650	7932	7	0	0	0	0	0	0	0	1	0	0
A	BL	1	82	1	1	BA1650	7935	7	8	2	0	1	0	0	0	0	0	0
A	BL	1	82	1	1	BA1650	7939	8	0	0	0	0	0	0	0	1	0	0
A	BL	1	82	1	1	BA1650	7945	8	7	0	0	0	0	0	0	0	0	0
A	BL	1	82	1	1	BA1650	7946	7	8	2	0	1	0	0	0	0	0	0
A	BL	1	82	1	1	BA1650	7953	8	0	0	0	0	0	0	0	1	0	0
A	BL	1	82	1	1	BA1650	7956	8	7	0	0	0	0	0	0	0	0	0
A	BL	1	82	1	1	BA1650	7957	7	8	2	0	1	0	0	0	0	0	0
A	BL	1	82	1	1	BA1650	7964	8	0	0	0	0	0	0	0	1	0	0
A	BL	1	82	1	1	BA1650	7967	8	7	0	0	0	0	0	0	0	0	0
A	BL	1	82	1	1	BA1650	7969	7	8	2	0	1	0	0	0	0	0	0
A	BL	1	82	1	1	BA1650	7979	8	7	0	0	0	0	0	0	0	0	0
A	BL	1	82	1	1	BA1650	7985	7	0	0	0	0	0	0	0	1	0	0
A	BL	1	82	1	1	BA1650	7991	7	8	2	0	1	0	0	0	0	0	0
A	BL	1	82	1	1	BA1650	7997	8	0	0	0	0	0	0	0	1	0	0
A	BL	1	82	1	1	BA1650	8001	8	7	0	0	1	0	0	0	0	0	0
A	BL	1	82	1	1	BA1650	8010	7	0	0	0	0	0	0	0	1	0	0
A	BL	1	82	1	1	BA1650	8017	7	8	2	0	1	0	0	0	0	0	0
A	BL	1	82	1	1	BA1650	8024	8	0	0	0	0	0	0	0	1	0	0
A	BL	1	82	1	1	BA1650	8027	8	7	0	0	0	0	0	0	0	0	0
A	BL	1	82	1	1	BA1650	8030	7	8	2	0	1	0	0	0	0	0	0
A	BL	1	82	1	1	BA1650	8036	8	0	0	0	0	0	0	0	1	0	0
A	BL	1	82	1	1	BA1650	8040	8	7	0	0	0	0	0	0	0	0	0
A	BL	1	82	1	1	BA1650	8056	7	8	2	0	1	0	0	0	0	0	0
A	BL	1	82	1	1	BA1650	8066	8	7	0	0	0	0	0	0	0	0	0
A	BL	1	82	1	1	BA1650	8067	7	0	0	0	0	0	0	0	1	0	0
A	BL	1	82	1	1	BA1650	8090	7	8	2	0	1	0	0	0	0	0	0
A	BL	1	82	1	1	BA1650	8092	8	0	0	0	0	0	0	0	1	0	0
A	BL	1	82	1	1	BA1650	8097	8	0	0	0	1	0	0	0	0	0	0
A	BL	1	82	1	1	BA1650	8100	8	9	0	0	0	0	0	0	0	0	0
A	BL	1	82	1	1	BA1650	8110	9	10	0	0	0	0	0	0	0	0	0
A	BL	1	82	1	1	BA1650	8111	10	0	0	0	0	0	0	0	1	0	0
A	BL	1	82	1	1	BA1650	8185	10	2	0	0	0	0	0	0	0	0	0
A	BL	1	82	1	1	BA1650	8186	2	6	0	0	0	0	0	0	0	0	0
A	BL	1	82	1	1	BA1650	8343	6	8	2	0	1	0	0	0	0	0	0
A	BL	1	82	1	1	BA1650	8353	8	7	0	0	0	0	0	0	0	0	0
A	BL	1	82	1	1	BA1650	8356	7	0	0	0	0	0	0	0	1	0	0
A	BL	1	82	1	1	BA1650	8415	7	8	2	0	1	0	0	0	0	0	0
A	BL	1	82	1	1	BA1650	8421	8	0	0	0	0	0	0	0	1	0	0
A	BL	1	82	1	1	BA1650	8424	8	0	0	0	1	0	0	0	0	0	0
A	BL	1	82	1	1	BA1650	8425	8	7	0	0	0	0	0	0	0	0	0
A	BL	1	82	1	1	BA1650	8426	7	0	0	0	0	0	0	0	1	0	0
A	BL	1	82	1	1	BA1650	8469	7	8	2	0	1	0	0	0	0	0	0
A	BL	1	82	1	1	BA1650	8476	8	0	0	0	0	0	0	0	1	0	0
A	BL	1	82	1	1	BA1650	8479	8	7	0	0	1	0	0	0	0	0	0
A	BL	1	82	1	1	BA1650	8487	7	0	0	0	0	0	0	0	1	0	0
A	BL	1	82	1	1	BA1650	8489	7	8	2	0	1	0	0	0	0	0	0
A	BL	1	82	1	1	BA1650	8497	8	0	0	0	0	0	0	0	1	0	0
A	BL	1	82	1	1	BA1650	8499	8	7	0	0	0	0	0	0	0	0	0
A	BL	1	82	1	1	BA1650	8501	7	8	2	0	1	0	0	0	0	0	0
A	BL	1	82	1	1	BA1650	8507	8	0	0	0	0	0	0	0	1	0	0
A	BL	1	82	1	1	BA1650	8511	8	7	0	0	0	0	0	0	0	0	0
A	BL	1	82	1	1	BA1650	8628	7	8	2	0	1	0	0	0	0	0	0
A	BL	1	82	1	1	BA1650	8637	8	0	0	0	0	0	0	0	1	0	0
A	BL	1	82	1	1	BA1650	8638	8	7	0	0	0	0	0	0	0	0	0
A	BL	1	82	1	1	BA1650	8669	7	8	2	0	1	0	0	0	0	0	0
A	BL	1	82	1	1	BA1650	8673	8	0	0	0	0	0	0	0	1	0	0
A	BL	1	82	1	1	BA1650	8677	8	0	0	0	1	0	0	0	0	0	0
A	BL	1	82	1	1	BA1650	8679	8	7	0	0	0	0	0	0	0	0	0
A	BL	1	82	1	1	BA1650	8683	7	0	0	0	0	0	0	0	1	0	0
A	BL	1	82	1	1	BA1650	8686	7	8	2	0	1	0	0	0	0	0	0
A	BL	1	82	1	1	BA1650	8692	8	0	0	0	0	0	0	0	1	0	0
A	BL	1	82	1	1	BA1650	8696	8	7	0	0	1	0	0	0	0	0	0
A	BL	1	82	1	1	BA1650	8705	7	0	0	0	0	0	0	0	1	0	0
A	BL	1	82	1	1	BA1650	8730	7	8	2	0	1	0	0	0	0	0	0
A	BL	1	82	1	1	BA1650	8734	8	0	0	0	1	0	0	0	1	0	0
A	BL	1	82	1	1	BA1650	8736	8	0	0	0	0	0	0	0	1	0	0
A	BL	1	82	1	1	BA1650	8739	8	0	0	0	1	0	0	0	0	0	0
A	BL	1	82	1	1	BA1650	8740	8	7	0	0	0	0	0	0	0	0	0
A	BL	1	82	1	1	BA1650	8752	7	0	0	0	0	0	0	0	1	0	0
A	BL	1	82	1	1	BA1650	8757	7	8	2	0	1	0	0	0	0	0	0
A	BL	1	82	1	1	BA1650	8767	8	9	0	0	0	0	0	0	0	0	0
A	BL	1	82	1	1	BA1650	8769	9	0	0	0	0	0	0	0	1	0	0
A	BL	1	82	1	1	BA1650	8770	9	0	0	0	1	0	0	0	0	0	0
A	BL	1	82	1	1	BA1650	8776	9	0	0	0	0	0	0	0	1	0	0
A	BL	1	82	1	1	BA1650	8777	9	10	0	0	0	0	0	0	0	0	0
A	BL	1	82	1	1	BA1650	8852	10	2	0	0	0	0	0	0	0	0	0
A	BL	1	82	1	1	BA1650	8853	2	3	0	0	0	0	0	0	0	0	0
A	BL	1	82	1	1	BA1650	8914	3	5	1	1	0	0	0	0	0	0	0
A	BL	1	82	1	1	BA1650	8921	5	0	0	0	0	0	0	1	0	0	0
A	BL	1	82	1	1	BA1650	8924	5	4	0	0	0	0	0	0	0	0	0
A	BL	1	82	1	1	BA1650	8989	4	5	1	1	0	0	0	0	0	0	0
A	BL	1	82	1	1	BA1650	8993	5	0	0	0	0	0	0	1	0	0	0
A	BL	1	82	1	1	BA1650	8999	5	4	0	0	0	0	0	0	0	0	0
A	BL	1	82	1	1	BA1650	9008	4	5	1	1	0	0	0	0	0	0	0
A	BL	1	82	1	1	BA1650	9015	5	0	0	0	0	0	0	1	0	0	0
A	BL	1	82	1	1	BA1650	9018	5	4	0	0	0	0	0	0	0	0	0
A	BL	1	82	1	1	BA1650	9054	4	5	1	1	0	0	0	0	0	0	0
A	BL	1	82	1	1	BA1650	9062	5	0	0	0	0	0	0	1	0	0	0
A	BL	1	82	1	1	BA1650	9064	5	4	0	0	0	0	0	0	0	0	0
A	BL	1	82	1	1	BA1650	9065	4	5	1	1	0	0	0	0	0	0	0
A	BL	1	82	1	1	BA1650	9075	5	9	0	0	0	0	0	1	0	0	0
A	BL	1	82	1	1	BA1650	9078	9	0	0	1	0	0	0	0	0	0	0
A	BL	1	82	1	1	BA1650	9085	9	10	0	0	0	0	0	0	0	0	0
A	BL	1	82	1	1	BA1650	9098	10	0	0	0	0	0	0	1	0	0	0
A	BL	1	82	1	1	BA1650	9160	10	2	0	0	0	0	0	0	0	0	0
A	BL	1	82	1	1	BA1650	9161	2	6	0	0	0	0	0	0	0	0	0
A	BL	1	82	1	1	BA1650	9230	6	0	0	1	0	0	0	0	0	0	0
A	BL	1	82	1	1	BA1650	9243	6	0	0	0	0	0	0	1	0	0	0
A	BL	1	82	1	1	BA1650	9330	6	8	2	0	1	0	0	0	0	0	0
A	BL	1	82	1	1	BA1650	9338	8	0	0	0	0	0	0	0	1	0	0
A	BL	1	82	1	1	BA1650	9340	8	7	0	0	0	0	0	0	0	0	0
A	BL	1	82	1	1	BA1650	9341	7	8	2	0	1	0	0	0	0	0	0
A	BL	1	82	1	1	BA1650	9347	8	0	0	0	0	0	0	0	1	0	0
A	BL	1	82	1	1	BA1650	9351	8	7	0	0	0	0	0	0	0	0	0
A	BL	1	82	1	1	BA1650	9354	7	8	2	0	1	0	0	0	0	0	0
A	BL	1	82	1	1	BA1650	9356	8	0	0	0	0	0	0	0	1	0	0
A	BL	1	82	1	1	BA1650	9364	8	7	0	0	0	0	0	0	0	0	0
A	BL	1	82	1	1	BA1650	9379	7	8	2	0	1	0	0	0	0	0	0
A	BL	1	82	1	1	BA1650	9384	8	0	0	0	0	0	0	0	1	0	0
A	BL	1	82	1	1	BA1650	9388	8	0	0	0	1	0	0	0	0	0	0
A	BL	1	82	1	1	BA1650	9389	8	7	0	0	0	0	0	0	0	0	0
A	BL	1	82	1	1	BA1650	9395	7	0	0	0	0	0	0	0	1	0	0
A	BL	1	82	1	1	BA1650	9398	7	8	2	0	1	0	0	0	0	0	0
A	BL	1	82	1	1	BA1650	9402	8	0	0	0	0	0	0	0	1	0	0
A	BL	1	82	1	1	BA1650	9408	8	7	0	0	0	0	0	0	0	0	0
A	BL	1	82	1	1	BA1650	9431	7	8	2	0	1	0	0	0	0	0	0
A	BL	1	82	1	1	BA1650	9439	8	0	0	0	0	0	0	0	1	0	0
A	BL	1	82	1	1	BA1650	9441	8	7	0	0	0	0	0	0	0	0	0
A	BL	1	82	1	1	BA1650	9447	7	8	2	0	1	0	0	0	0	0	0
A	BL	1	82	1	1	BA1650	9451	8	0	0	0	0	0	0	0	1	0	0
A	BL	1	82	1	1	BA1650	9456	8	0	0	0	1	0	0	0	0	0	0
A	BL	1	82	1	1	BA1650	9457	8	7	0	0	0	0	0	0	0	0	0
A	BL	1	82	1	1	BA1650	9467	7	0	0	0	0	0	0	0	1	0	0
A	BL	1	82	1	1	BA1650	9473	7	8	2	0	1	0	0	0	0	0	0
A	BL	1	82	1	1	BA1650	9475	8	0	0	0	0	0	0	0	1	0	0
A	BL	1	82	1	1	BA1650	9483	8	7	0	0	0	0	0	0	0	0	0
A	BL	1	82	1	1	BA1650	9494	7	8	2	0	1	0	0	0	0	0	0
A	BL	1	82	1	1	BA1650	9495	8	0	0	0	0	0	0	0	1	0	0
A	BL	1	82	1	1	BA1650	9499	8	0	0	0	1	0	0	0	0	0	0
A	BL	1	82	1	1	BA1650	9504	8	7	0	0	0	0	0	0	0	0	0
A	BL	1	82	1	1	BA1650	9511	7	0	0	0	0	0	0	0	1	0	0
A	BL	1	82	1	1	BA1650	9514	7	8	2	0	1	0	0	0	0	0	0
A	BL	1	82	1	1	BA1650	9521	8	0	0	0	0	0	0	0	1	0	0
A	BL	1	82	1	1	BA1650	9524	8	9	0	0	0	0	0	0	0	0	0
A	BL	1	82	1	1	BA1650	9534	9	10	0	0	0	0	0	0	0	0	0
A	BL	1	82	1	1	BA1650	9609	10	2	0	0	0	0	0	0	0	0	0
A	BL	1	82	1	1	BA1650	9610	2	3	0	0	0	0	0	0	0	0	0
A	BL	1	82	1	1	BA1650	9719	3	5	1	1	0	0	0	0	0	0	0
A	BL	1	82	1	1	BA1650	9723	5	0	0	0	0	0	0	1	0	0	0
A	BL	1	82	1	1	BA1650	9729	5	4	0	0	0	0	0	0	0	0	0
A	BL	1	82	1	1	BA1650	9785	4	5	1	1	0	0	0	0	0	0	0
A	BL	1	82	1	1	BA1650	9795	5	4	0	0	0	0	0	0	0	0	0
A	BL	1	82	1	1	BA1650	9798	4	0	0	0	0	0	0	1	0	0	0
A	BL	1	82	1	1	BA1650	9801	4	5	1	1	0	0	0	0	0	0	0
A	BL	1	82	1	1	BA1650	9810	5	0	0	0	0	0	0	1	0	0	0
A	BL	1	82	1	1	BA1650	9811	5	4	0	0	0	0	0	0	0	0	0
A	BL	1	82	1	1	BA1650	9812	4	5	1	1	0	0	0	0	0	0	0
A	BL	1	82	1	1	BA1650	9817	5	0	0	0	0	0	0	1	0	0	0
A	BL	1	82	1	1	BA1650	9822	5	4	0	0	0	0	0	0	0	0	0
A	BL	1	82	1	1	BA1650	9827	4	5	1	1	0	0	0	0	0	0	0
A	BL	1	82	1	1	BA1650	9835	5	0	0	0	0	0	0	1	0	0	0
A	BL	1	82	1	1	BA1650	9837	5	9	0	0	0	0	0	0	0	0	0
A	BL	1	82	1	1	BA1650	9847	9	10	0	0	0	0	0	0	0	0	0
A	BL	1	82	1	1	BA1650	9922	10	2	0	0	0	0	0	0	0	0	0
A	BL	1	82	1	1	BA1650	9923	2	6	0	0	0	0	0	0	0	0	0
A	BL	1	82	1	1	BA1650	10161	6	8	2	0	1	0	0	0	0	0	0
A	BL	1	82	1	1	BA1650	10166	8	0	0	0	0	0	0	0	1	0	0
A	BL	1	82	1	1	BA1650	10170	8	0	0	0	1	0	0	0	0	0	0
A	BL	1	82	1	1	BA1650	10171	8	7	0	0	0	0	0	0	0	0	0
A	BL	1	82	1	1	BA1650	10173	7	0	0	0	0	0	0	0	1	0	0
A	BL	1	82	1	1	BA1650	10176	7	8	2	0	1	0	0	0	0	0	0
A	BL	1	82	1	1	BA1650	10179	8	0	0	0	0	0	0	0	1	0	0
A	BL	1	82	1	1	BA1650	10186	8	7	0	0	0	0	0	0	0	0	0
A	BL	1	82	1	1	BA1650	10200	7	8	2	0	1	0	0	0	0	0	0
A	BL	1	82	1	1	BA1650	10202	8	0	0	0	0	0	0	0	1	0	0
A	BL	1	82	1	1	BA1650	10207	8	0	0	0	1	0	0	0	0	0	0
A	BL	1	82	1	1	BA1650	10210	8	7	0	0	0	0	0	0	0	0	0
A	BL	1	82	1	1	BA1650	10220	7	0	0	0	0	0	0	0	1	0	0
A	BL	1	82	1	1	BA1650	10416	7	8	2	0	1	0	0	0	0	0	0
A	BL	1	82	1	1	BA1650	10422	8	0	0	0	0	0	0	0	1	0	0
A	BL	1	82	1	1	BA1650	10426	8	7	0	0	0	0	0	0	0	0	0
A	BL	1	82	1	1	BA1650	10451	7	8	2	0	1	0	0	0	0	0	0
A	BL	1	82	1	1	BA1650	10455	8	0	0	0	0	0	0	0	1	0	0
A	BL	1	82	1	1	BA1650	10459	8	0	0	0	1	0	0	0	0	0	0
A	BL	1	82	1	1	BA1650	10461	8	7	0	0	0	0	0	0	0	0	0
A	BL	1	82	1	1	BA1650	10519	7	0	0	0	0	0	0	0	1	0	0
A	BL	1	82	1	1	BA1650	10550	7	8	2	0	1	0	0	0	0	0	0
A	BL	1	82	1	1	BA1650	10551	8	0	0	0	0	0	0	0	1	0	0
A	BL	1	82	1	1	BA1650	10560	8	7	0	0	0	0	0	0	0	0	0
A	BL	1	82	1	1	BA1650	10603	7	8	2	0	1	0	0	0	0	0	0
A	BL	1	82	1	1	BA1650	10604	8	0	0	0	0	0	0	0	1	0	0
A	BL	1	82	1	1	BA1650	10608	8	0	0	0	1	0	0	0	0	0	0
A	BL	1	82	1	1	BA1650	10613	8	7	0	0	0	0	0	0	0	0	0
A	BL	1	82	1	1	BA1650	10630	7	0	0	0	0	0	0	0	1	0	0
A	BL	1	82	1	1	BA1650	10647	7	8	2	0	1	0	0	0	0	0	0
A	BL	1	82	1	1	BA1650	10648	8	0	0	0	0	0	0	0	1	0	0
A	BL	1	82	1	1	BA1650	10657	8	7	0	0	0	0	0	0	0	0	0
A	BL	1	82	1	1	BA1650	10669	7	8	2	0	1	0	0	0	0	0	0
A	BL	1	82	1	1	BA1650	10670	8	0	0	0	0	0	0	0	1	0	0
A	BL	1	82	1	1	BA1650	10676	8	0	0	0	1	0	0	0	0	0	0
A	BL	1	82	1	1	BA1650	10679	8	7	0	0	0	0	0	0	0	0	0
A	BL	1	82	1	1	BA1650	10680	7	0	0	0	0	0	0	0	1	0	0
A	BL	1	82	1	1	BA1650	10684	7	8	2	0	1	0	0	0	0	0	0
A	BL	1	82	1	1	BA1650	10688	8	0	0	0	0	0	0	0	1	0	0
A	BL	1	82	1	1	BA1650	10694	8	9	0	0	0	0	0	0	0	0	0
A	BL	1	82	1	1	BA1650	10704	9	10	0	0	0	0	0	0	0	0	0
A	BL	1	82	1	1	BA1650	10779	10	2	0	0	0	0	0	0	0	0	0
A	BL	1	82	1	1	BA1650	10780	2	6	0	0	0	0	0	0	0	0	0
A	BL	1	82	1	1	BA1650	11012	6	8	2	0	1	0	0	0	0	0	0
A	BL	1	82	1	1	BA1650	11020	8	0	0	0	0	0	0	0	1	0	0
A	BL	1	82	1	1	BA1650	11022	8	7	0	0	0	0	0	0	0	0	0
A	BL	1	82	1	1	BA1650	11035	7	8	2	0	1	0	0	0	0	0	0
A	BL	1	82	1	1	BA1650	11037	8	0	0	0	0	0	0	0	1	0	0
A	BL	1	82	1	1	BA1650	11045	8	7	0	0	0	0	0	0	0	0	0
A	BL	1	82	1	1	BA1650	11906	7	8	2	0	1	0	0	0	0	0	0
A	BL	1	82	1	1	BA1650	11916	8	7	0	0	0	0	0	0	0	0	0
A	BL	1	82	1	1	BA1650	11917	7	0	0	0	0	0	0	0	1	0	0
A	BL	1	82	1	1	BA1650	11922	7	8	2	0	1	0	0	0	0	0	0
A	BL	1	82	1	1	BA1650	11932	8	7	0	0	0	0	0	0	0	0	0
A	BL	1	82	1	1	BA1650	11933	7	0	0	0	0	0	0	0	1	0	0
A	BL	1	82	1	1	BA1650	11937	7	8	2	0	1	0	0	0	0	0	0
A	BL	1	82	1	1	BA1650	11947	8	7	0	0	0	0	0	0	0	0	0
A	BL	1	82	1	1	BA1650	11952	7	0	0	0	0	0	0	0	1	0	0
A	BL	1	82	1	1	BA1650	11956	7	8	2	0	1	0	0	0	0	0	0
A	BL	1	82	1	1	BA1650	11966	8	7	0	0	0	0	0	0	1	0	0
A	BL	1	82	1	1	BA1650	12012	7	8	2	0	1	0	0	0	0	0	0
A	BL	1	82	1	1	BA1650	12022	8	7	0	0	0	0	0	0	0	0	0
A	BL	1	82	1	1	BA1650	12047	7	0	0	0	0	0	0	0	1	0	0
A	BL	1	82	1	1	BA1650	12050	7	8	2	0	1	0	0	0	0	0	0
A	BL	1	82	1	1	BA1650	12060	8	7	0	0	0	0	0	0	0	0	0
A	BL	1	82	1	1	BA1650	12083	7	0	0	0	0	0	0	0	1	0	0
A	BL	1	82	1	1	BA1650	12128	7	8	2	0	1	0	0	0	0	0	0
A	BL	1	82	1	1	BA1650	12130	8	0	0	0	1	0	0	0	1	0	0
A	BL	1	82	1	1	BA1650	12134	8	0	0	0	0	0	0	0	1	0	0
A	BL	1	82	1	1	BA1650	12138	8	7	0	0	1	0	0	0	0	0	0
A	BL	1	82	1	1	BA1650	12164	7	0	0	0	0	0	0	0	1	0	0
A	BL	1	82	1	1	BA1650	12170	7	8	2	0	1	0	0	0	0	0	0
A	BL	1	82	1	1	BA1650	12180	8	9	0	0	0	0	0	0	1	0	0
A	BL	1	82	1	1	BA1650	12185	9	0	0	0	1	0	0	0	0	0	0
A	BL	1	82	1	1	BA1650	12190	9	10	0	0	0	0	0	0	0	0	0
A	BL	1	82	1	1	BA1650	12197	10	0	0	0	0	0	0	0	1	0	0
A	BL	1	82	1	1	BA1650	12265	10	2	0	0	0	0	0	0	0	0	0
A	BL	1	82	1	1	BA1650	12266	2	3	0	0	0	0	0	0	0	0	0
A	BL	1	82	1	1	BA1650	12412	3	5	1	1	0	0	0	0	0	0	0
A	BL	1	82	1	1	BA1650	12418	5	0	0	0	0	0	0	1	0	0	0
A	BL	1	82	1	1	BA1650	12422	5	4	0	1	0	0	0	0	0	0	0
A	BL	1	82	1	1	BA1650	12433	4	0	0	0	0	0	0	1	0	0	0
A	BL	1	82	1	1	BA1650	12436	4	5	1	1	0	0	0	0	0	0	0
A	BL	1	82	1	1	BA1650	12446	5	4	0	0	0	0	0	0	0	0	0
A	BL	1	82	1	1	BA1650	12448	4	0	0	0	0	0	0	1	0	0	0
A	BL	1	82	1	1	BA1650	12506	4	5	1	1	0	0	0	0	0	0	0
A	BL	1	82	1	1	BA1650	12512	5	0	0	0	0	0	0	1	0	0	0
A	BL	1	82	1	1	BA1650	12515	5	0	0	1	0	0	0	0	0	0	0
A	BL	1	82	1	1	BA1650	12516	5	4	0	0	0	0	0	0	0	0	0
A	BL	1	82	1	1	BA1650	12558	4	0	0	0	0	0	0	1	0	0	0
A	BL	1	82	1	1	BA1650	12559	4	5	1	1	0	0	0	0	0	0	0
A	BL	1	82	1	1	BA1650	12561	5	0	0	0	0	0	0	1	0	0	0
A	BL	1	82	1	1	BA1650	12569	5	4	0	0	0	0	0	0	0	0	0
A	BL	1	82	1	1	BA1650	12628	4	5	1	1	0	0	0	0	0	0	0
A	BL	1	82	1	1	BA1650	12638	5	9	0	0	0	0	0	0	0	0	0
A	BL	1	82	1	1	BA1650	12648	9	10	0	0	0	0	0	0	0	0	0
A	BL	1	82	1	1	BA1650	12655	10	0	0	0	0	0	0	1	0	0	0
A	BL	1	82	1	1	BA1650	12723	10	2	0	0	0	0	0	0	0	0	0
A	BL	1	82	1	1	BA1650	12724	2	3	0	0	0	0	0	0	0	0	0
A	BL	1	82	1	1	BA1650	12748	3	5	1	1	0	0	0	0	0	0	0
A	BL	1	82	1	1	BA1650	12758	5	4	0	0	0	0	0	0	0	0	0
A	BL	1	82	1	1	BA1650	12770	4	0	0	0	0	0	0	1	0	0	0
A	BL	1	82	1	1	BA1650	12780	4	5	1	1	0	0	0	0	0	0	0
A	BL	1	82	1	1	BA1650	12790	5	4	0	0	0	0	0	0	0	0	0
A	BL	1	82	1	1	BA1650	12802	4	0	0	0	0	0	0	1	0	0	0
A	BL	1	82	1	1	BA1650	12841	4	5	1	1	0	0	0	0	0	0	0
A	BL	1	82	1	1	BA1650	12851	5	4	0	0	0	0	0	0	0	0	0
A	BL	1	82	1	1	BA1650	12883	4	0	0	0	0	0	0	1	0	0	0
A	BL	1	82	1	1	BA1650	12943	4	5	1	1	0	0	0	0	0	0	0
A	BL	1	82	1	1	BA1650	12948	5	0	0	0	0	0	0	1	0	0	0
A	BL	1	82	1	1	BA1650	12949	5	0	0	1	0	0	0	0	0	0	0
A	BL	1	82	1	1	BA1650	12953	5	4	0	0	0	0	0	1	0	0	0
A	BL	1	82	1	1	BA1650	12965	4	5	1	1	0	0	0	0	0	0	0
A	BL	1	82	1	1	BA1650	12975	5	9	0	0	0	0	0	0	0	0	0
A	BL	1	82	1	1	BA1650	12985	9	10	0	0	0	0	0	0	0	0	0
A	BL	1	82	1	1	BA1650	13000	10	0	0	0	0	0	0	1	0	0	0
A	BL	1	82	1	1	BA1650	13060	10	2	0	0	0	0	0	0	0	0	0
A	BL	1	82	1	1	BA1650	13061	2	3	0	0	0	0	0	0	0	0	0
A	BL	1	82	1	1	BA1650	13388	3	5	1	1	0	0	0	0	0	0	0
A	BL	1	82	1	1	BA1650	13398	5	4	0	0	0	0	0	0	0	0	0
A	BL	1	82	1	1	BA1650	13404	4	0	0	0	0	0	0	1	0	0	0
A	BL	1	82	1	1	BA1650	13424	4	5	1	1	0	0	0	0	0	0	0
A	BL	1	82	1	1	BA1650	13427	5	0	0	0	0	0	0	1	0	0	0
A	BL	1	82	1	1	BA1650	13434	5	4	0	0	0	0	0	0	0	0	0
A	BL	1	82	1	1	BA1650	13439	4	5	1	1	0	0	0	0	0	0	0
A	BL	1	82	1	1	BA1650	13447	5	0	0	0	0	0	0	1	0	0	0
A	BL	1	82	1	1	BA1650	13449	5	4	0	0	0	0	0	0	0	0	0
A	BL	1	82	1	1	BA1650	13456	4	5	1	1	0	0	0	0	0	0	0
A	BL	1	82	1	1	BA1650	13466	5	4	0	0	0	0	0	1	0	0	0
A	BL	1	82	1	1	BA1650	13472	4	5	1	1	0	0	0	0	0	0	0
A	BL	1	82	1	1	BA1650	13482	5	9	0	0	0	0	0	0	0	0	0
A	BL	1	82	1	1	BA1650	13483	9	0	0	0	0	0	0	1	0	0	0
A	BL	1	82	1	1	BA1650	13492	9	10	0	0	0	0	0	0	0	0	0
A	BL	1	82	1	1	BA1650	13567	10	2	0	0	0	0	0	0	0	0	0
A	BL	1	82	1	1	BA1650	13568	2	6	0	0	0	0	0	0	0	0	0
A	BL	1	82	1	1	BA1650	13744	6	0	0	1	0	0	0	0	0	0	0
A	BL	1	82	1	1	BA1650	13758	6	0	0	0	0	0	0	1	0	0	0
A	BL	1	82	1	1	BA1650	14036	6	8	2	0	1	0	0	0	0	0	0
A	BL	1	82	1	1	BA1650	14046	8	7	0	0	0	0	0	0	0	0	0
A	BL	1	82	1	1	BA1650	14048	7	0	0	0	0	0	0	0	1	0	0
A	BL	1	82	1	1	BA1650	14256	7	8	2	0	1	0	0	0	0	0	0
A	BL	1	82	1	1	BA1650	14264	8	0	0	0	0	0	0	0	1	0	0
A	BL	1	82	1	1	BA1650	14266	8	7	0	0	0	0	0	0	0	0	0
A	BL	1	82	1	1	BA1650	14270	7	8	2	0	1	0	0	0	0	0	0
A	BL	1	82	1	1	BA1650	14277	8	0	0	0	0	0	0	0	1	0	0
A	BL	1	82	1	1	BA1650	14280	8	7	0	0	1	0	0	0	0	0	0
A	BL	1	82	1	1	BA1650	14299	7	0	0	0	0	0	0	0	1	0	0
A	BL	1	82	1	1	BA1650	14301	7	8	2	0	1	0	0	0	0	0	0
A	BL	1	82	1	1	BA1650	14311	8	7	0	0	0	0	0	0	0	0	0
A	BL	1	82	1	1	BA1650	14319	7	0	0	0	0	0	0	0	1	0	0
A	BL	1	82	1	1	BA1650	14338	7	8	2	0	1	0	0	0	0	0	0
A	BL	1	82	1	1	BA1650	14340	8	0	0	0	0	0	0	0	1	0	0
A	BL	1	82	1	1	BA1650	14348	8	7	0	0	0	0	0	0	0	0	0
A	BL	1	82	1	1	BA1650	14517	7	8	2	0	1	0	0	0	0	0	0
A	BL	1	82	1	1	BA1650	14527	8	7	0	0	0	0	0	0	0	0	0
A	BL	1	82	1	1	BA1650	14528	7	0	0	0	0	0	0	0	1	0	0
A	BL	1	82	1	1	BA1650	14541	7	8	2	0	1	0	0	0	0	0	0
A	BL	1	82	1	1	BA1650	14548	8	0	0	0	0	0	0	0	1	0	0
A	BL	1	82	1	1	BA1650	14550	8	0	0	0	1	0	0	0	0	0	0
A	BL	1	82	1	1	BA1650	14551	8	7	0	0	0	0	0	0	0	0	0
A	BL	1	82	1	1	BA1650	14554	7	0	0	0	0	0	0	0	1	0	0
A	BL	1	82	1	1	BA1650	14557	7	8	2	0	1	0	0	0	0	0	0
A	BL	1	82	1	1	BA1650	14564	8	0	0	0	0	0	0	0	1	0	0
A	BL	1	82	1	1	BA1650	14567	8	7	0	0	1	0	0	0	0	0	0
A	BL	1	82	1	1	BA1650	14578	7	0	0	0	0	0	0	0	1	0	0
A	BL	1	82	1	1	BA1650	14581	7	8	2	0	1	0	0	0	0	0	0
A	BL	1	82	1	1	BA1650	14591	8	7	0	0	0	0	0	0	0	0	0
A	BL	1	82	1	1	BA1650	14594	7	0	0	0	0	0	0	0	1	0	0
A	BL	1	82	1	1	BA1650	14596	7	8	2	0	1	0	0	0	0	0	0
A	BL	1	82	1	1	BA1650	14601	8	0	0	0	0	0	0	0	1	0	0
A	BL	1	82	1	1	BA1650	14606	8	9	0	0	0	0	0	0	0	0	0
A	BL	1	82	1	1	BA1650	14616	9	10	0	0	0	0	0	0	0	0	0
A	BL	1	82	1	1	BA1650	14691	10	2	0	0	0	0	0	0	0	0	0
A	BL	1	82	1	1	BA1650	14692	2	6	0	0	0	0	0	0	0	0	0
A	BL	1	82	1	1	BA1650	15067	6	8	2	0	1	0	0	0	0	0	0
A	BL	1	82	1	1	BA1650	15071	8	0	0	0	0	0	0	0	1	0	0
A	BL	1	82	1	1	BA1650	15077	8	7	0	0	0	0	0	0	0	0	0
A	BL	1	82	1	1	BA1650	15093	7	8	2	0	1	0	0	0	0	0	0
A	BL	1	82	1	1	BA1650	15100	8	0	0	0	0	0	0	0	1	0	0
A	BL	1	82	1	1	BA1650	15103	8	7	0	0	0	0	0	0	0	0	0
A	BL	1	82	1	1	BA1650	15104	7	8	2	0	1	0	0	0	0	0	0
A	BL	1	82	1	1	BA1650	15114	8	7	0	0	0	0	0	0	0	0	0
A	BL	1	82	1	1	BA1650	15125	7	0	0	0	0	0	0	0	1	0	0
A	BL	1	82	1	1	BA1650	15130	7	8	2	0	1	0	0	0	0	0	0
A	BL	1	82	1	1	BA1650	15132	8	0	0	0	0	0	0	0	1	0	0
A	BL	1	82	1	1	BA1650	15140	8	7	0	0	0	0	0	0	0	0	0
A	BL	1	82	1	1	BA1650	15270	7	8	2	0	1	0	0	0	0	0	0
A	BL	1	82	1	1	BA1650	15273	8	0	0	0	0	0	0	0	1	0	0
A	BL	1	82	1	1	BA1650	15278	8	0	0	0	1	0	0	0	0	0	0
A	BL	1	82	1	1	BA1650	15280	8	7	0	0	0	0	0	0	0	0	0
A	BL	1	82	1	1	BA1650	15297	7	0	0	0	0	0	0	0	1	0	0
A	BL	1	82	1	1	BA1650	15298	7	8	2	0	1	0	0	0	0	0	0
A	BL	1	82	1	1	BA1650	15308	8	7	0	0	0	0	0	0	0	0	0
A	BL	1	82	1	1	BA1650	15314	7	0	0	0	0	0	0	0	1	0	0
A	BL	1	82	1	1	BA1650	15333	7	8	2	0	1	0	0	0	0	0	0
A	BL	1	82	1	1	BA1650	15335	8	0	0	0	0	0	0	0	1	0	0
A	BL	1	82	1	1	BA1650	15343	8	7	0	0	1	0	0	0	0	0	0
A	BL	1	82	1	1	BA1650	15370	7	0	0	0	0	0	0	0	1	0	0
A	BL	1	82	1	1	BA1650	15383	7	8	2	0	1	0	0	0	0	0	0
A	BL	1	82	1	1	BA1650	15390	8	0	0	0	0	0	0	0	1	0	0
A	BL	1	82	1	1	BA1650	15392	8	0	0	0	1	0	0	0	0	0	0
A	BL	1	82	1	1	BA1650	15393	8	7	0	0	0	0	0	0	0	0	0
A	BL	1	82	1	1	BA1650	15414	7	0	0	0	0	0	0	0	1	0	0
A	BL	1	82	1	1	BA1650	15435	7	8	2	0	1	0	0	0	0	0	0
A	BL	1	82	1	1	BA1650	15445	8	7	0	0	0	0	0	0	0	0	0
A	BL	1	82	1	1	BA1650	15453	7	0	0	0	0	0	0	0	1	0	0
A	BL	1	82	1	1	BA1650	15533	7	8	2	0	1	0	0	0	0	0	0
A	BL	1	82	1	1	BA1650	15535	8	0	0	0	0	0	0	0	1	0	0
A	BL	1	82	1	1	BA1650	15543	8	9	0	0	1	0	0	0	0	0	0
A	BL	1	82	1	1	BA1650	15551	9	0	0	0	0	0	0	0	1	0	0
A	BL	1	82	1	1	BA1650	15553	9	10	0	0	0	0	0	0	0	0	0
A	BL	1	82	1	1	BA1650	15628	10	2	0	0	0	0	0	0	0	0	0
A	BL	1	82	1	1	BA1650	15629	2	6	0	0	0	0	0	0	0	0	0
A	BL	1	82	1	1	BA1650	15751	6	8	2	0	1	0	0	0	0	0	0
A	BL	1	82	1	1	BA1650	15761	8	7	0	0	0	0	0	0	0	0	0
A	BL	1	82	1	1	BA1650	15762	7	0	0	0	0	0	0	0	1	0	0
A	BL	1	82	1	1	BA1650	15789	7	8	2	0	1	0	0	0	0	0	0
A	BL	1	82	1	1	BA1650	15791	8	0	0	0	0	0	0	0	1	0	0
A	BL	1	82	1	1	BA1650	15799	8	7	0	0	0	0	0	0	0	0	0
A	BL	1	82	1	1	BA1650	15825	7	8	2	0	1	0	0	0	0	0	0
A	BL	1	82	1	1	BA1650	15826	8	0	0	0	0	0	0	0	1	0	0
A	BL	1	82	1	1	BA1650	15827	8	0	0	0	1	0	0	0	0	0	0
A	BL	1	82	1	1	BA1650	15831	8	0	0	0	1	0	0	0	1	0	0
A	BL	1	82	1	1	BA1650	15835	8	7	0	0	0	0	0	0	0	0	0
A	BL	1	82	1	1	BA1650	15846	7	0	0	0	0	0	0	0	1	0	0
A	BL	1	82	1	1	BA1650	15930	7	8	2	0	1	0	0	0	0	0	0
A	BL	1	82	1	1	BA1650	15940	8	7	0	0	0	0	0	0	0	0	0
A	BL	1	82	1	1	BA1650	15947	7	0	0	0	0	0	0	0	1	0	0
A	BL	1	82	1	1	BA1650	15969	7	8	2	0	1	0	0	0	0	0	0
A	BL	1	82	1	1	BA1650	15975	8	0	0	0	0	0	0	0	1	0	0
A	BL	1	82	1	1	BA1650	15979	8	7	0	0	0	0	0	0	0	0	0
A	BL	1	82	1	1	BA1650	15981	7	8	2	0	1	0	0	0	0	0	0
A	BL	1	82	1	1	BA1650	15982	8	0	0	0	0	0	0	0	1	0	0
A	BL	1	82	1	1	BA1650	15991	8	7	0	0	0	0	0	0	0	0	0
A	BL	1	82	1	1	BA1650	16020	7	8	2	0	1	0	0	0	0	0	0
A	BL	1	82	1	1	BA1650	16027	8	0	0	0	0	0	0	0	1	0	0
A	BL	1	82	1	1	BA1650	16030	8	7	0	0	0	0	0	0	0	0	0
A	BL	1	82	1	1	BA1650	16032	7	8	2	0	1	0	0	0	0	0	0
A	BL	1	82	1	1	BA1650	16042	8	7	0	0	0	0	0	0	0	0	0
A	BL	1	82	1	1	BA1650	16057	7	0	0	0	0	0	0	0	1	0	0
A	BL	1	82	1	1	BA1650	16064	7	8	2	0	1	0	0	0	0	0	0
A	BL	1	82	1	1	BA1650	16067	8	0	0	0	1	0	0	0	1	0	0
A	BL	1	82	1	1	BA1650	16073	8	0	0	0	0	0	0	0	1	0	0
A	BL	1	82	1	1	BA1650	16074	8	7	0	0	0	0	0	0	0	0	0
A	BL	1	82	1	1	BA1650	16079	7	8	2	0	1	0	0	0	0	0	0
A	BL	1	82	1	1	BA1650	16085	8	0	0	0	0	0	0	0	1	0	0
A	BL	1	82	1	1	BA1650	16089	8	9	0	0	0	0	0	0	0	0	0
A	BL	1	82	1	1	BA1650	16099	9	10	0	0	0	0	0	0	0	0	0
A	BL	1	82	1	1	BA1650	16174	10	2	0	0	0	0	0	0	0	0	0
A	BL	1	82	1	1	BA1650	16175	2	3	0	0	0	0	0	0	0	0	0
A	BL	1	82	1	1	BA1650	16250	3	5	1	1	0	0	0	0	0	0	0
A	BL	1	82	1	1	BA1650	16260	5	4	0	0	0	0	0	0	0	0	0
A	BL	1	82	1	1	BA1650	16266	4	0	0	0	0	0	0	1	0	0	0
A	BL	1	82	1	1	BA1650	16273	4	5	1	1	0	0	0	0	0	0	0
A	BL	1	82	1	1	BA1650	16276	5	0	0	0	0	0	0	1	0	0	0
A	BL	1	82	1	1	BA1650	16281	5	0	0	1	0	0	0	0	0	0	0
A	BL	1	82	1	1	BA1650	16283	5	4	0	0	0	0	0	0	0	0	0
A	BL	1	82	1	1	BA1650	16292	4	0	0	0	0	0	0	1	0	0	0
A	BL	1	82	1	1	BA1650	16295	4	5	1	1	0	0	0	0	0	0	0
A	BL	1	82	1	1	BA1650	16304	5	0	0	0	0	0	0	1	0	0	0
A	BL	1	82	1	1	BA1650	16305	5	4	0	0	0	0	0	0	0	0	0
A	BL	1	82	1	1	BA1650	16307	4	5	1	1	0	0	0	0	0	0	0
A	BL	1	82	1	1	BA1650	16315	5	0	0	0	0	0	0	1	0	0	0
A	BL	1	82	1	1	BA1650	16317	5	4	0	0	0	0	0	0	0	0	0
A	BL	1	82	1	1	BA1650	16329	4	5	1	1	0	0	0	0	0	0	0
A	BL	1	82	1	1	BA1650	16332	5	0	0	0	0	0	0	1	0	0	0
A	BL	1	82	1	1	BA1650	16339	5	9	0	0	0	0	0	0	0	0	0
A	BL	1	82	1	1	BA1650	16345	9	0	0	1	0	0	0	0	0	0	0
A	BL	1	82	1	1	BA1650	16349	9	10	0	0	0	0	0	0	0	0	0
A	BL	1	82	1	1	BA1650	16353	10	0	0	0	0	0	0	1	0	0	0
A	BL	1	82	1	1	BA1650	16424	10	2	0	0	0	0	0	0	0	0	0
A	BL	1	82	1	1	BA1650	16425	2	3	0	0	0	0	0	0	0	0	0
A	BL	1	82	1	1	BA1650	16500	3	5	1	1	0	0	0	0	0	0	0
A	BL	1	82	1	1	BA1650	16502	5	0	0	0	0	0	0	1	0	0	0
A	BL	1	82	1	1	BA1650	16510	5	4	0	0	0	0	0	0	0	0	0
A	BL	1	82	1	1	BA1650	16523	4	5	1	1	0	0	0	0	0	0	0
A	BL	1	82	1	1	BA1650	16531	5	0	0	0	0	0	0	1	0	0	0
A	BL	1	82	1	1	BA1650	16533	5	4	0	0	0	0	0	0	0	0	0
A	BL	1	82	1	1	BA1650	16541	4	5	1	1	0	0	0	0	0	0	0
A	BL	1	82	1	1	BA1650	16544	5	0	0	0	0	0	0	1	0	0	0
A	BL	1	82	1	1	BA1650	16549	5	0	0	1	0	0	0	0	0	0	0
A	BL	1	82	1	1	BA1650	16551	5	4	0	1	0	0	0	1	0	0	0
A	BL	1	82	1	1	BA1650	16557	4	0	0	0	0	0	0	1	0	0	0
A	BL	1	82	1	1	BA1650	16579	4	5	1	1	0	0	0	0	0	0	0
A	BL	1	82	1	1	BA1650	16583	5	0	0	0	0	0	0	1	0	0	0
A	BL	1	82	1	1	BA1650	16589	5	4	0	0	0	0	0	0	0	0	0
A	BL	1	82	1	1	BA1650	16591	4	5	1	1	0	0	0	0	0	0	0
A	BL	1	82	1	1	BA1650	16598	5	0	0	0	0	0	0	1	0	0	0
A	BL	1	82	1	1	BA1650	16601	5	9	0	1	0	0	0	0	0	0	0
A	BL	1	82	1	1	BA1650	16611	9	10	0	0	0	0	0	0	0	0	0
A	BL	1	82	1	1	BA1650	16650	10	0	0	0	0	0	0	1	0	0	0
A	BL	1	82	1	1	BA1650	16654	10	0	0	1	0	0	0	0	0	0	0
A	BL	1	82	1	1	BA1650	16677	10	0	0	0	0	0	0	1	0	0	0
A	BL	1	82	1	1	BA1650	16678	10	0	0	1	0	0	0	0	0	0	0
A	BL	1	82	1	1	BA1650	16686	10	2	0	0	0	0	0	1	0	0	0
A	BL	1	82	1	1	BA1650	16687	2	3	0	0	0	0	0	0	0	0	0
A	BL	1	82	1	1	BA1650	16841	3	5	1	1	0	0	0	0	0	0	0
A	BL	1	82	1	1	BA1650	16851	5	4	0	0	0	0	0	0	0	0	0
A	BL	1	82	1	1	BA1650	16854	4	0	0	0	0	0	0	1	0	0	0
A	BL	1	82	1	1	BA1650	16894	4	5	1	1	0	0	0	0	0	0	0
A	BL	1	82	1	1	BA1650	16898	5	0	0	0	0	0	0	1	0	0	0
A	BL	1	82	1	1	BA1650	16900	5	0	0	1	0	0	0	0	0	0	0
A	BL	1	82	1	1	BA1650	16904	5	4	0	0	0	0	0	1	0	0	0
A	BL	1	82	1	1	BA1650	16927	4	5	1	1	0	0	0	0	0	0	0
A	BL	1	82	1	1	BA1650	16936	5	0	0	0	0	0	0	1	0	0	0
A	BL	1	82	1	1	BA1650	16937	5	4	0	0	0	0	0	0	0	0	0
A	BL	1	82	1	1	BA1650	16940	4	5	1	1	0	0	0	0	0	0	0
A	BL	1	82	1	1	BA1650	16950	5	4	0	0	0	0	0	0	0	0	0
A	BL	1	82	1	1	BA1650	16980	4	0	0	0	0	0	0	1	0	0	0
A	BL	1	82	1	1	BA1650	17048	4	5	1	1	0	0	0	0	0	0	0
A	BL	1	82	1	1	BA1650	17058	5	9	0	0	0	0	0	0	0	0	0
A	BL	1	82	1	1	BA1650	17059	9	0	0	0	0	0	0	1	0	0	0
A	BL	1	82	1	1	BA1650	17064	9	0	0	1	0	0	0	0	0	0	0
A	BL	1	82	1	1	BA1650	17068	9	10	0	0	0	0	0	0	0	0	0
A	BL	1	82	1	1	BA1650	17071	10	0	0	0	0	0	0	1	0	0	0
A	BL	1	82	1	1	BA1650	17143	10	2	0	0	0	0	0	0	0	0	0
A	BL	1	82	1	1	BA1650	17144	2	6	0	0	0	0	0	0	0	0	0
A	BL	1	82	1	1	BA1650	17506	6	0	0	1	0	0	0	0	0	0	0
A	BL	1	82	1	1	BA1650	17527	6	0	0	0	0	0	0	1	0	0	0
A	BL	1	82	1	1	BA1650	17557	6	0	0	1	0	0	0	0	0	0	0
A	BL	1	82	1	1	BA1650	17575	6	0	0	0	0	0	0	1	0	0	0
A	BL	1	82	1	1	BA1650	17598	6	0	0	1	0	0	0	0	0	0	0
A	BL	1	82	1	1	BA1650	17601	6	0	0	0	0	0	0	1	0	0	0
A	BL	1	82	1	1	BA1650	17603	6	0	0	1	0	0	0	0	0	0	0
A	BL	1	82	1	1	BA1650	17608	6	0	0	0	0	0	0	1	0	0	0
A	BL	1	82	1	1	BA1650	17611	6	0	0	1	0	0	0	0	0	0	0
A	BL	1	82	1	1	BA1650	17632	6	0	0	0	0	0	0	1	0	0	0
A	BL	1	82	1	1	BA1650	17790	6	8	2	0	1	0	0	0	0	0	0
A	BL	1	82	1	1	BA1650	17800	8	7	0	0	0	0	0	0	0	0	0
A	BL	1	82	1	1	BA1650	17816	7	0	0	0	0	0	0	0	1	0	0
A	BL	1	82	1	1	BA1650	17857	7	8	2	0	1	0	0	0	0	0	0
A	BL	1	82	1	1	BA1650	17867	8	7	0	0	0	0	0	0	0	0	0
A	BL	1	82	1	1	BA1650	17881	7	0	0	0	0	0	0	0	1	0	0
A	BL	1	82	1	1	BA1650	17885	7	8	2	0	1	0	0	0	0	0	0
A	BL	1	82	1	1	BA1650	17895	8	7	0	0	0	0	0	0	0	0	0
A	BL	1	82	1	1	BA1650	17910	7	0	0	0	0	0	0	0	1	0	0
A	BL	1	82	1	1	BA1650	17943	7	8	2	0	1	0	0	0	0	0	0
A	BL	1	82	1	1	BA1650	17953	8	7	0	0	0	0	0	0	0	0	0
A	BL	1	82	1	1	BA1650	17955	7	0	0	0	0	0	0	0	1	0	0
A	BL	1	82	1	1	BA1650	17958	7	8	2	0	1	0	0	0	0	0	0
A	BL	1	82	1	1	BA1650	17965	8	0	0	0	0	0	0	0	1	0	0
A	BL	1	82	1	1	BA1650	17968	8	7	0	0	0	0	0	0	0	0	0
A	BL	1	82	1	1	BA1650	17969	7	8	2	0	1	0	0	0	0	0	0
A	BL	1	82	1	1	BA1650	17972	8	0	0	0	0	0	0	0	1	0	0
A	BL	1	82	1	1	BA1650	17975	8	0	0	0	1	0	0	0	0	0	0
A	BL	1	82	1	1	BA1650	17977	8	0	0	0	0	0	0	0	1	0	0
A	BL	1	82	1	1	BA1650	17979	8	7	0	0	0	0	0	0	0	0	0
A	BL	1	82	1	1	BA1650	17988	7	8	2	0	1	0	0	0	0	0	0
A	BL	1	82	1	1	BA1650	17993	8	0	0	0	0	0	0	0	1	0	0
A	BL	1	82	1	1	BA1650	17998	8	7	0	0	0	0	0	0	0	0	0
A	BL	1	82	1	1	BA1650	18028	7	8	2	0	1	0	0	0	0	0	0
A	BL	1	82	1	1	BA1650	18035	8	0	0	0	0	0	0	0	1	0	0
A	BL	1	82	1	1	BA1650	18038	8	7	0	0	1	0	0	0	0	0	0
A	BL	1	82	1	1	BA1650	18048	7	0	0	0	0	0	0	0	1	0	0
A	BL	1	82	1	1	BA1650	18091	7	8	2	0	1	0	0	0	0	0	0
A	BL	1	82	1	1	BA1650	18099	8	0	0	0	0	0	0	0	1	0	0
A	BL	1	82	1	1	BA1650	18101	8	7	0	0	0	0	0	0	0	0	0
A	BL	1	82	1	1	BA1650	18102	7	8	2	0	1	0	0	0	0	0	0
A	BL	1	82	1	1	BA1650	18108	8	0	0	0	0	0	0	0	1	0	0
A	BL	1	82	1	1	BA1650	18110	8	0	0	0	1	0	0	0	0	0	0
A	BL	1	82	1	1	BA1650	18112	8	9	0	0	0	0	0	0	0	0	0
A	BL	1	82	1	1	BA1650	18121	9	0	0	0	0	0	0	0	1	0	0
A	BL	1	82	1	1	BA1650	18122	9	10	0	0	0	0	0	0	0	0	0
A	BL	1	82	1	1	BA1650	18197	10	2	0	0	0	0	0	0	0	0	0
A	BL	1	82	1	1	BA1650	18198	2	3	0	0	0	0	0	0	0	0	0
A	BL	1	82	1	1	BA1650	18266	3	5	1	1	0	0	0	0	0	0	0
A	BL	1	82	1	1	BA1650	18276	5	4	0	0	0	0	0	0	0	0	0
A	BL	1	82	1	1	BA1650	18290	4	0	0	0	0	0	0	1	0	0	0
A	BL	1	82	1	1	BA1650	18295	4	5	1	1	0	0	0	0	0	0	0
A	BL	1	82	1	1	BA1650	18305	5	4	0	0	0	0	0	1	0	0	0
A	BL	1	82	1	1	BA1650	18311	4	5	1	1	0	0	0	0	0	0	0
A	BL	1	82	1	1	BA1650	18317	5	0	0	0	0	0	0	1	0	0	0
A	BL	1	82	1	1	BA1650	18321	5	4	0	0	0	0	0	0	0	0	0
A	BL	1	82	1	1	BA1650	18333	4	5	1	1	0	0	0	0	0	0	0
A	BL	1	82	1	1	BA1650	18343	5	4	0	0	0	0	0	0	0	0	0
A	BL	1	82	1	1	BA1650	18349	4	0	0	0	0	0	0	1	0	0	0
A	BL	1	82	1	1	BA1650	18362	4	5	1	1	0	0	0	0	0	0	0
A	BL	1	82	1	1	BA1650	18372	5	9	0	0	0	0	0	1	0	0	0
A	BL	1	82	1	1	BA1650	18374	9	0	0	1	0	0	0	0	0	0	0
A	BL	1	82	1	1	BA1650	18382	9	10	0	0	0	0	0	0	0	0	0
A	BL	1	82	1	1	BA1650	18393	10	0	0	0	0	0	0	1	0	0	0
A	BL	1	82	1	1	BA1650	18457	10	2	0	0	0	0	0	0	0	0	0
A	BL	1	82	1	1	BA1650	18458	2	6	0	0	0	0	0	0	0	0	0
A	BL	1	82	1	1	BA1650	18627	6	8	2	0	1	0	0	0	0	0	0
A	BL	1	82	1	1	BA1650	18634	8	0	0	0	0	0	0	0	1	0	0
A	BL	1	82	1	1	BA1650	18637	8	7	0	0	0	0	0	0	0	0	0
A	BL	1	82	1	1	BA1650	18679	7	8	2	0	1	0	0	0	0	0	0
A	BL	1	82	1	1	BA1650	18689	8	7	0	0	0	0	0	0	0	0	0
A	BL	1	82	1	1	BA1650	18697	7	0	0	0	0	0	0	0	1	0	0
A	BL	1	82	1	1	BA1650	18703	7	8	2	0	1	0	0	0	0	0	0
A	BL	1	82	1	1	BA1650	18710	8	0	0	0	0	0	0	0	1	0	0
A	BL	1	82	1	1	BA1650	18713	8	7	0	0	0	0	0	0	0	0	0
A	BL	1	82	1	1	BA1650	18723	7	8	2	0	1	0	0	0	0	0	0
A	BL	1	82	1	1	BA1650	18728	8	0	0	0	0	0	0	0	1	0	0
A	BL	1	82	1	1	BA1650	18733	8	7	0	0	1	0	0	0	0	0	0
A	BL	1	82	1	1	BA1650	18739	7	0	0	0	0	0	0	0	1	0	0
A	BL	1	82	1	1	BA1650	18758	7	8	2	0	1	0	0	0	0	0	0
A	BL	1	82	1	1	BA1650	18765	8	0	0	0	0	0	0	0	1	0	0
A	BL	1	82	1	1	BA1650	18768	8	7	0	0	0	0	0	0	0	0	0
A	BL	1	82	1	1	BA1650	18779	7	8	2	0	1	0	0	0	0	0	0
A	BL	1	82	1	1	BA1650	18783	8	0	0	0	0	0	0	0	1	0	0
A	BL	1	82	1	1	BA1650	18789	8	7	0	0	0	0	0	0	0	0	0
A	BL	1	82	1	1	BA1650	18852	7	8	2	0	1	0	0	0	0	0	0
A	BL	1	82	1	1	BA1650	18862	8	7	0	0	0	0	0	0	0	0	0
A	BL	1	82	1	1	BA1650	18869	7	0	0	0	0	0	0	0	1	0	0
A	BL	1	82	1	1	BA1650	18875	7	8	2	0	1	0	0	0	0	0	0
A	BL	1	82	1	1	BA1650	18876	8	0	0	0	0	0	0	0	1	0	0
A	BL	1	82	1	1	BA1650	18885	8	7	0	0	0	0	0	0	0	0	0
A	BL	1	82	1	1	BA1650	19160	7	8	2	0	1	0	0	0	0	0	0
A	BL	1	82	1	1	BA1650	19164	8	0	0	0	0	0	0	0	1	0	0
A	BL	1	82	1	1	BA1650	19170	8	7	0	0	0	0	0	0	0	0	0
A	BL	1	82	1	1	BA1650	19195	7	8	2	0	1	0	0	0	0	0	0
A	BL	1	82	1	1	BA1650	19199	8	0	0	0	0	0	0	0	1	0	0
A	BL	1	82	1	1	BA1650	19205	8	9	0	0	0	0	0	0	0	0	0
A	BL	1	82	1	1	BA1650	19215	9	10	0	0	0	0	0	0	0	0	0
A	BL	1	82	1	1	BA1650	19290	10	2	0	0	0	0	0	0	0	0	0
A	BL	1	82	1	1	BA1650	19291	2	3	0	0	0	0	0	0	0	0	0
A	BL	1	82	1	1	BA1650	19363	3	5	1	1	0	0	0	0	0	0	0
A	BL	1	82	1	1	BA1650	19373	5	4	0	0	0	0	0	0	0	0	0
A	BL	1	82	1	1	BA1650	19378	4	0	0	0	0	0	0	1	0	0	0
A	BL	1	82	1	1	BA1650	19437	4	5	1	1	0	0	0	0	0	0	0
A	BL	1	82	1	1	BA1650	19447	5	4	0	0	0	0	0	0	0	0	0
A	BL	1	82	1	1	BA1650	19452	4	0	0	0	0	0	0	1	0	0	0
A	BL	1	82	1	1	BA1650	19454	4	5	1	1	0	0	0	0	0	0	0
A	BL	1	82	1	1	BA1650	19464	5	4	0	0	0	0	0	0	0	0	0
A	BL	1	82	1	1	BA1650	19505	4	0	0	0	0	0	0	1	0	0	0
A	BL	1	82	1	1	BA1650	19507	4	5	1	1	0	0	0	0	0	0	0
A	BL	1	82	1	1	BA1650	19509	5	0	0	0	0	0	0	1	0	0	0
A	BL	1	82	1	1	BA1650	19517	5	4	0	0	0	0	0	0	0	0	0
A	BL	1	82	1	1	BA1650	19567	4	5	1	1	0	0	0	0	0	0	0
A	BL	1	82	1	1	BA1650	19577	5	9	0	0	0	0	0	0	0	0	0
A	BL	1	82	1	1	BA1650	19587	9	10	0	0	0	0	0	0	0	0	0
A	BL	1	82	1	1	BA1650	19611	10	0	0	0	0	0	0	1	0	0	0
A	BL	1	82	1	1	BA1650	19662	10	2	0	0	0	0	0	0	0	0	0
A	BL	1	82	1	1	BA1650	19663	2	3	0	0	0	0	0	0	0	0	0
A	BL	1	82	1	1	BA1650	19716	3	5	1	1	0	0	0	0	0	0	0
A	BL	1	82	1	1	BA1650	19726	5	4	0	0	0	0	0	0	0	0	0
A	BL	1	82	1	1	BA1650	19731	4	0	0	0	0	0	0	1	0	0	0
A	BL	1	82	1	1	BA1650	19753	4	5	1	1	0	0	0	0	0	0	0
A	BL	1	82	1	1	BA1650	19763	5	4	0	0	0	0	0	0	0	0	0
A	BL	1	82	1	1	BA1650	19769	4	0	0	0	0	0	0	1	0	0	0
A	BL	1	82	1	1	BA1650	19789	4	5	1	1	0	0	0	0	0	0	0
A	BL	1	82	1	1	BA1650	19798	5	0	0	0	0	0	0	1	0	0	0
A	BL	1	82	1	1	BA1650	19799	5	4	0	0	0	0	0	0	0	0	0
A	BL	1	82	1	1	BA1650	19801	4	5	1	1	0	0	0	0	0	0	0
A	BL	1	82	1	1	BA1650	19811	5	4	0	0	0	0	0	0	0	0	0
A	BL	1	82	1	1	BA1650	19837	4	0	0	0	0	0	0	1	0	0	0
A	BL	1	82	1	1	BA1650	19875	4	5	1	1	0	0	0	0	0	0	0
A	BL	1	82	1	1	BA1650	19881	5	0	0	0	0	0	0	1	0	0	0
A	BL	1	82	1	1	BA1650	19884	5	0	0	1	0	0	0	0	0	0	0
A	BL	1	82	1	1	BA1650	19885	5	9	0	0	0	0	0	0	0	0	0
A	BL	1	82	1	1	BA1650	19895	9	-1	0	0	0	0	0	0	0	0	0
