Project	UserID	Protocol	Session	Station	Run	Subject	Time	Current State	Transition State	Transition Event	A1 - LEFT	A2 - RIGHT	A3 - 	A4 - 	A[1] LEFT	A[2] RIGHT	A[3] 	A[4] 
A	BL	2	81	9	1	BA1653	0	0	1	0	0	0	0	0	0	0	0	0
A	BL	2	81	9	1	BA1653	50	1	2	0	0	0	0	0	0	0	0	0
A	BL	2	81	9	1	BA1653	51	2	6	0	0	0	0	0	0	0	0	0
A	BL	2	81	9	1	BA1653	360	6	8	2	0	1	0	0	0	0	0	0
A	BL	2	81	9	1	BA1653	370	8	7	0	0	0	0	0	0	0	0	0
A	BL	2	81	9	1	BA1653	392	7	0	0	0	0	0	0	0	1	0	0
A	BL	2	81	9	1	BA1653	503	7	8	2	0	1	0	0	0	0	0	0
A	BL	2	81	9	1	BA1653	513	8	7	0	0	0	0	0	0	0	0	0
A	BL	2	81	9	1	BA1653	538	7	0	0	0	0	0	0	0	1	0	0
A	BL	2	81	9	1	BA1653	586	7	8	2	0	1	0	0	0	0	0	0
A	BL	2	81	9	1	BA1653	596	8	7	0	0	0	0	0	0	0	0	0
A	BL	2	81	9	1	BA1653	610	7	0	0	0	0	0	0	0	1	0	0
A	BL	2	81	9	1	BA1653	657	7	8	2	0	1	0	0	0	0	0	0
A	BL	2	81	9	1	BA1653	667	8	7	0	0	0	0	0	0	0	0	0
A	BL	2	81	9	1	BA1653	690	7	0	0	0	0	0	0	0	1	0	0
A	BL	2	81	9	1	BA1653	734	7	8	2	0	1	0	0	0	0	0	0
A	BL	2	81	9	1	BA1653	744	8	7	0	0	0	0	0	0	0	0	0
A	BL	2	81	9	1	BA1653	766	7	0	0	0	0	0	0	0	1	0	0
A	BL	2	81	9	1	BA1653	769	7	8	2	0	1	0	0	0	0	0	0
A	BL	2	81	9	1	BA1653	771	8	0	0	0	0	0	0	0	1	0	0
A	BL	2	81	9	1	BA1653	775	8	0	0	0	1	0	0	0	0	0	0
A	BL	2	81	9	1	BA1653	779	8	7	0	0	0	0	0	0	0	0	0
A	BL	2	81	9	1	BA1653	795	7	0	0	0	0	0	0	0	1	0	0
A	BL	2	81	9	1	BA1653	981	7	8	2	0	1	0	0	0	0	0	0
A	BL	2	81	9	1	BA1653	991	8	7	0	0	0	0	0	0	1	0	0
A	BL	2	81	9	1	BA1653	1033	7	8	2	0	1	0	0	0	0	0	0
A	BL	2	81	9	1	BA1653	1043	8	7	0	0	0	0	0	0	0	0	0
A	BL	2	81	9	1	BA1653	1062	7	0	0	0	0	0	0	0	1	0	0
A	BL	2	81	9	1	BA1653	1066	7	8	2	0	1	0	0	0	0	0	0
A	BL	2	81	9	1	BA1653	1076	8	7	0	0	0	0	0	0	0	0	0
A	BL	2	81	9	1	BA1653	1099	7	0	0	0	0	0	0	0	1	0	0
A	BL	2	81	9	1	BA1653	1105	7	8	2	0	1	0	0	0	0	0	0
A	BL	2	81	9	1	BA1653	1113	8	0	0	0	0	0	0	0	1	0	0
A	BL	2	81	9	1	BA1653	1115	8	9	0	0	0	0	0	0	0	0	0
A	BL	2	81	9	1	BA1653	1125	9	10	0	0	0	0	0	0	0	0	0
A	BL	2	81	9	1	BA1653	1200	10	2	0	0	0	0	0	0	0	0	0
A	BL	2	81	9	1	BA1653	1201	2	6	0	0	0	0	0	0	0	0	0
A	BL	2	81	9	1	BA1653	1368	6	8	2	0	1	0	0	0	0	0	0
A	BL	2	81	9	1	BA1653	1375	8	0	0	0	0	0	0	0	1	0	0
A	BL	2	81	9	1	BA1653	1378	8	7	0	0	0	0	0	0	0	0	0
A	BL	2	81	9	1	BA1653	1380	7	8	2	0	1	0	0	0	0	0	0
A	BL	2	81	9	1	BA1653	1382	8	0	0	0	0	0	0	0	1	0	0
A	BL	2	81	9	1	BA1653	1387	8	0	0	0	1	0	0	0	0	0	0
A	BL	2	81	9	1	BA1653	1390	8	7	0	0	0	0	0	0	0	0	0
A	BL	2	81	9	1	BA1653	1391	7	0	0	0	0	0	0	0	1	0	0
A	BL	2	81	9	1	BA1653	1397	7	8	2	0	1	0	0	0	0	0	0
A	BL	2	81	9	1	BA1653	1407	8	7	0	0	0	0	0	0	0	0	0
A	BL	2	81	9	1	BA1653	1420	7	0	0	0	0	0	0	0	1	0	0
A	BL	2	81	9	1	BA1653	1444	7	8	2	0	1	0	0	0	0	0	0
A	BL	2	81	9	1	BA1653	1454	8	7	0	0	0	0	0	0	0	0	0
A	BL	2	81	9	1	BA1653	1473	7	0	0	0	0	0	0	0	1	0	0
A	BL	2	81	9	1	BA1653	1495	7	8	2	0	1	0	0	0	0	0	0
A	BL	2	81	9	1	BA1653	1497	8	0	0	0	0	0	0	0	1	0	0
A	BL	2	81	9	1	BA1653	1505	8	7	0	0	0	0	0	0	0	0	0
A	BL	2	81	9	1	BA1653	1534	7	8	2	0	1	0	0	0	0	0	0
A	BL	2	81	9	1	BA1653	1544	8	7	0	0	0	0	0	0	0	0	0
A	BL	2	81	9	1	BA1653	1578	7	0	0	0	0	0	0	0	1	0	0
A	BL	2	81	9	1	BA1653	1581	7	8	2	0	1	0	0	0	0	0	0
A	BL	2	81	9	1	BA1653	1584	8	0	0	0	0	0	0	0	1	0	0
A	BL	2	81	9	1	BA1653	1589	8	0	0	0	1	0	0	0	0	0	0
A	BL	2	81	9	1	BA1653	1591	8	7	0	0	0	0	0	0	0	0	0
A	BL	2	81	9	1	BA1653	1603	7	0	0	0	0	0	0	0	1	0	0
A	BL	2	81	9	1	BA1653	1736	7	8	2	0	1	0	0	0	0	0	0
A	BL	2	81	9	1	BA1653	1746	8	7	0	0	0	0	0	0	0	0	0
A	BL	2	81	9	1	BA1653	1774	7	0	0	0	0	0	0	0	1	0	0
A	BL	2	81	9	1	BA1653	1843	7	8	2	0	1	0	0	0	0	0	0
A	BL	2	81	9	1	BA1653	1853	8	7	0	0	0	0	0	0	0	0	0
A	BL	2	81	9	1	BA1653	1856	7	0	0	0	0	0	0	0	1	0	0
A	BL	2	81	9	1	BA1653	1868	7	8	2	0	1	0	0	0	0	0	0
A	BL	2	81	9	1	BA1653	1873	8	0	0	0	0	0	0	0	1	0	0
A	BL	2	81	9	1	BA1653	1878	8	9	0	0	0	0	0	0	0	0	0
A	BL	2	81	9	1	BA1653	1881	9	0	0	0	1	0	0	0	0	0	0
A	BL	2	81	9	1	BA1653	1888	9	10	0	0	0	0	0	0	0	0	0
A	BL	2	81	9	1	BA1653	1891	10	0	0	0	0	0	0	0	1	0	0
A	BL	2	81	9	1	BA1653	1963	10	2	0	0	0	0	0	0	0	0	0
A	BL	2	81	9	1	BA1653	1964	2	6	0	0	0	0	0	0	0	0	0
A	BL	2	81	9	1	BA1653	2415	6	8	2	0	1	0	0	0	0	0	0
A	BL	2	81	9	1	BA1653	2425	8	7	0	0	0	0	0	0	0	0	0
A	BL	2	81	9	1	BA1653	2427	7	0	0	0	0	0	0	0	1	0	0
A	BL	2	81	9	1	BA1653	2456	7	8	2	0	1	0	0	0	0	0	0
A	BL	2	81	9	1	BA1653	2463	8	0	0	0	0	0	0	0	1	0	0
A	BL	2	81	9	1	BA1653	2466	8	7	0	0	0	0	0	0	0	0	0
A	BL	2	81	9	1	BA1653	2523	7	8	2	0	1	0	0	0	0	0	0
A	BL	2	81	9	1	BA1653	2533	8	7	0	0	0	0	0	0	0	0	0
A	BL	2	81	9	1	BA1653	2557	7	0	0	0	0	0	0	0	1	0	0
A	BL	2	81	9	1	BA1653	2558	7	8	2	0	1	0	0	0	0	0	0
A	BL	2	81	9	1	BA1653	2567	8	0	0	0	0	0	0	0	1	0	0
A	BL	2	81	9	1	BA1653	2568	8	7	0	0	0	0	0	0	0	0	0
A	BL	2	81	9	1	BA1653	2571	7	8	2	0	1	0	0	0	0	0	0
A	BL	2	81	9	1	BA1653	2573	8	0	0	0	0	0	0	0	1	0	0
A	BL	2	81	9	1	BA1653	2577	8	0	0	0	1	0	0	0	0	0	0
A	BL	2	81	9	1	BA1653	2581	8	7	0	0	0	0	0	0	0	0	0
A	BL	2	81	9	1	BA1653	2595	7	0	0	0	0	0	0	0	1	0	0
A	BL	2	81	9	1	BA1653	2617	7	8	2	0	1	0	0	0	0	0	0
A	BL	2	81	9	1	BA1653	2621	8	0	0	0	0	0	0	0	1	0	0
A	BL	2	81	9	1	BA1653	2627	8	7	0	0	0	0	0	0	0	0	0
A	BL	2	81	9	1	BA1653	2631	7	8	2	0	1	0	0	0	0	0	0
A	BL	2	81	9	1	BA1653	2641	8	7	0	0	0	0	0	0	0	0	0
A	BL	2	81	9	1	BA1653	2655	7	0	0	0	0	0	0	0	1	0	0
A	BL	2	81	9	1	BA1653	2676	7	8	2	0	1	0	0	0	0	0	0
A	BL	2	81	9	1	BA1653	2679	8	0	0	0	0	0	0	0	1	0	0
A	BL	2	81	9	1	BA1653	2686	8	7	0	0	0	0	0	0	0	0	0
A	BL	2	81	9	1	BA1653	2689	7	8	2	0	1	0	0	0	0	0	0
A	BL	2	81	9	1	BA1653	2699	8	7	0	0	0	0	0	0	0	0	0
A	BL	2	81	9	1	BA1653	2703	7	0	0	0	0	0	0	0	1	0	0
A	BL	2	81	9	1	BA1653	2706	7	8	2	0	1	0	0	0	0	0	0
A	BL	2	81	9	1	BA1653	2716	8	9	0	0	0	0	0	0	0	0	0
A	BL	2	81	9	1	BA1653	2726	9	10	0	0	0	0	0	0	0	0	0
A	BL	2	81	9	1	BA1653	2734	10	0	0	0	0	0	0	0	1	0	0
A	BL	2	81	9	1	BA1653	2801	10	2	0	0	0	0	0	0	0	0	0
A	BL	2	81	9	1	BA1653	2802	2	3	0	0	0	0	0	0	0	0	0
A	BL	2	81	9	1	BA1653	2883	3	5	1	1	0	0	0	0	0	0	0
A	BL	2	81	9	1	BA1653	2893	5	4	0	0	0	0	0	0	0	0	0
A	BL	2	81	9	1	BA1653	2895	4	0	0	0	0	0	0	1	0	0	0
A	BL	2	81	9	1	BA1653	3018	4	5	1	1	0	0	0	0	0	0	0
A	BL	2	81	9	1	BA1653	3028	5	4	0	0	0	0	0	0	0	0	0
A	BL	2	81	9	1	BA1653	3036	4	0	0	0	0	0	0	1	0	0	0
A	BL	2	81	9	1	BA1653	3088	4	5	1	1	0	0	0	0	0	0	0
A	BL	2	81	9	1	BA1653	3098	5	4	0	0	0	0	0	0	0	0	0
A	BL	2	81	9	1	BA1653	3145	4	0	0	0	0	0	0	1	0	0	0
A	BL	2	81	9	1	BA1653	3215	4	5	1	1	0	0	0	0	0	0	0
A	BL	2	81	9	1	BA1653	3225	5	4	0	0	0	0	0	0	0	0	0
A	BL	2	81	9	1	BA1653	3276	4	0	0	0	0	0	0	1	0	0	0
A	BL	2	81	9	1	BA1653	3314	4	5	1	1	0	0	0	0	0	0	0
A	BL	2	81	9	1	BA1653	3324	5	9	0	0	0	0	0	0	0	0	0
A	BL	2	81	9	1	BA1653	3334	9	10	0	0	0	0	0	0	0	0	0
A	BL	2	81	9	1	BA1653	3339	10	0	0	0	0	0	0	1	0	0	0
A	BL	2	81	9	1	BA1653	3409	10	2	0	0	0	0	0	0	0	0	0
A	BL	2	81	9	1	BA1653	3410	2	6	0	0	0	0	0	0	0	0	0
A	BL	2	81	9	1	BA1653	3817	6	8	2	0	1	0	0	0	0	0	0
A	BL	2	81	9	1	BA1653	3819	8	0	0	0	0	0	0	0	1	0	0
A	BL	2	81	9	1	BA1653	3824	8	0	0	0	1	0	0	0	0	0	0
A	BL	2	81	9	1	BA1653	3826	8	0	0	0	0	0	0	0	1	0	0
A	BL	2	81	9	1	BA1653	3827	8	7	0	0	0	0	0	0	0	0	0
A	BL	2	81	9	1	BA1653	3831	7	8	2	0	1	0	0	0	0	0	0
A	BL	2	81	9	1	BA1653	3838	8	0	0	0	0	0	0	0	1	0	0
A	BL	2	81	9	1	BA1653	3841	8	7	0	0	0	0	0	0	0	0	0
A	BL	2	81	9	1	BA1653	3857	7	8	2	0	1	0	0	0	0	0	0
A	BL	2	81	9	1	BA1653	3862	8	0	0	0	0	0	0	0	1	0	0
A	BL	2	81	9	1	BA1653	3863	8	0	0	0	1	0	0	0	0	0	0
A	BL	2	81	9	1	BA1653	3865	8	0	0	0	0	0	0	0	1	0	0
A	BL	2	81	9	1	BA1653	3867	8	7	0	0	0	0	0	0	0	0	0
A	BL	2	81	9	1	BA1653	3869	7	8	2	0	1	0	0	0	0	0	0
A	BL	2	81	9	1	BA1653	3874	8	0	0	0	0	0	0	0	1	0	0
A	BL	2	81	9	1	BA1653	3879	8	7	0	0	0	0	0	0	0	0	0
A	BL	2	81	9	1	BA1653	3932	7	8	2	0	1	0	0	0	0	0	0
A	BL	2	81	9	1	BA1653	3942	8	7	0	0	0	0	0	0	0	0	0
A	BL	2	81	9	1	BA1653	3991	7	0	0	0	0	0	0	0	1	0	0
A	BL	2	81	9	1	BA1653	4048	7	8	2	0	1	0	0	0	0	0	0
A	BL	2	81	9	1	BA1653	4058	8	7	0	0	0	0	0	0	0	0	0
A	BL	2	81	9	1	BA1653	4063	7	0	0	0	0	0	0	0	1	0	0
A	BL	2	81	9	1	BA1653	4069	7	8	2	0	1	0	0	0	0	0	0
A	BL	2	81	9	1	BA1653	4079	8	7	0	0	0	0	0	0	0	0	0
A	BL	2	81	9	1	BA1653	4086	7	0	0	0	0	0	0	0	1	0	0
A	BL	2	81	9	1	BA1653	4109	7	8	2	0	1	0	0	0	0	0	0
A	BL	2	81	9	1	BA1653	4113	8	0	0	0	0	0	0	0	1	0	0
A	BL	2	81	9	1	BA1653	4115	8	0	0	0	1	0	0	0	0	0	0
A	BL	2	81	9	1	BA1653	4119	8	7	0	0	0	0	0	0	1	0	0
A	BL	2	81	9	1	BA1653	4136	7	8	2	0	1	0	0	0	0	0	0
A	BL	2	81	9	1	BA1653	4146	8	7	0	0	0	0	0	0	0	0	0
A	BL	2	81	9	1	BA1653	4219	7	0	0	0	0	0	0	0	1	0	0
A	BL	2	81	9	1	BA1653	4283	7	8	2	0	1	0	0	0	0	0	0
A	BL	2	81	9	1	BA1653	4293	8	9	0	0	0	0	0	0	0	0	0
A	BL	2	81	9	1	BA1653	4303	9	10	0	0	0	0	0	0	0	0	0
A	BL	2	81	9	1	BA1653	4307	10	0	0	0	0	0	0	0	1	0	0
A	BL	2	81	9	1	BA1653	4378	10	2	0	0	0	0	0	0	0	0	0
A	BL	2	81	9	1	BA1653	4379	2	6	0	0	0	0	0	0	0	0	0
A	BL	2	81	9	1	BA1653	4555	6	8	2	0	1	0	0	0	0	0	0
A	BL	2	81	9	1	BA1653	4565	8	7	0	0	0	0	0	0	0	0	0
A	BL	2	81	9	1	BA1653	4574	7	0	0	0	0	0	0	0	1	0	0
A	BL	2	81	9	1	BA1653	4577	7	8	2	0	1	0	0	0	0	0	0
A	BL	2	81	9	1	BA1653	4587	8	7	0	0	0	0	0	0	0	0	0
A	BL	2	81	9	1	BA1653	4592	7	0	0	0	0	0	0	0	1	0	0
A	BL	2	81	9	1	BA1653	4597	7	8	2	0	1	0	0	0	0	0	0
A	BL	2	81	9	1	BA1653	4607	8	7	0	0	0	0	0	0	0	0	0
A	BL	2	81	9	1	BA1653	4616	7	0	0	0	0	0	0	0	1	0	0
A	BL	2	81	9	1	BA1653	4633	7	8	2	0	1	0	0	0	0	0	0
A	BL	2	81	9	1	BA1653	4636	8	0	0	0	0	0	0	0	1	0	0
A	BL	2	81	9	1	BA1653	4643	8	7	0	0	0	0	0	0	0	0	0
A	BL	2	81	9	1	BA1653	4649	7	8	2	0	1	0	0	0	0	0	0
A	BL	2	81	9	1	BA1653	4659	8	7	0	0	0	0	0	0	0	0	0
A	BL	2	81	9	1	BA1653	4681	7	0	0	0	0	0	0	0	1	0	0
A	BL	2	81	9	1	BA1653	4692	7	8	2	0	1	0	0	0	0	0	0
A	BL	2	81	9	1	BA1653	4702	8	7	0	0	0	0	0	0	0	0	0
A	BL	2	81	9	1	BA1653	4713	7	0	0	0	0	0	0	0	1	0	0
A	BL	2	81	9	1	BA1653	4740	7	8	2	0	1	0	0	0	0	0	0
A	BL	2	81	9	1	BA1653	4750	8	7	0	0	0	0	0	0	0	0	0
A	BL	2	81	9	1	BA1653	4788	7	0	0	0	0	0	0	0	1	0	0
A	BL	2	81	9	1	BA1653	4792	7	8	2	0	1	0	0	0	0	0	0
A	BL	2	81	9	1	BA1653	4802	8	7	0	0	0	0	0	0	0	0	0
A	BL	2	81	9	1	BA1653	4815	7	0	0	0	0	0	0	0	1	0	0
A	BL	2	81	9	1	BA1653	4818	7	8	2	0	1	0	0	0	0	0	0
A	BL	2	81	9	1	BA1653	4828	8	7	0	0	0	0	0	0	0	0	0
A	BL	2	81	9	1	BA1653	4900	7	0	0	0	0	0	0	0	1	0	0
A	BL	2	81	9	1	BA1653	4975	7	8	2	0	1	0	0	0	0	0	0
A	BL	2	81	9	1	BA1653	4985	8	9	0	0	0	0	0	0	0	0	0
A	BL	2	81	9	1	BA1653	4995	9	10	0	0	0	0	0	0	0	0	0
A	BL	2	81	9	1	BA1653	4998	10	0	0	0	0	0	0	0	1	0	0
A	BL	2	81	9	1	BA1653	5070	10	2	0	0	0	0	0	0	0	0	0
A	BL	2	81	9	1	BA1653	5071	2	3	0	0	0	0	0	0	0	0	0
A	BL	2	81	9	1	BA1653	5301	3	5	1	1	0	0	0	0	0	0	0
A	BL	2	81	9	1	BA1653	5311	5	4	0	0	0	0	0	0	0	0	0
A	BL	2	81	9	1	BA1653	5324	4	0	0	0	0	0	0	1	0	0	0
A	BL	2	81	9	1	BA1653	5369	4	5	1	1	0	0	0	0	0	0	0
A	BL	2	81	9	1	BA1653	5379	5	4	0	0	0	0	0	0	0	0	0
A	BL	2	81	9	1	BA1653	5404	4	0	0	0	0	0	0	1	0	0	0
A	BL	2	81	9	1	BA1653	5445	4	5	1	1	0	0	0	0	0	0	0
A	BL	2	81	9	1	BA1653	5455	5	4	0	0	0	0	0	0	0	0	0
A	BL	2	81	9	1	BA1653	5489	4	0	0	0	0	0	0	1	0	0	0
A	BL	2	81	9	1	BA1653	5556	4	5	1	1	0	0	0	0	0	0	0
A	BL	2	81	9	1	BA1653	5566	5	4	0	0	0	0	0	0	0	0	0
A	BL	2	81	9	1	BA1653	5599	4	0	0	0	0	0	0	1	0	0	0
A	BL	2	81	9	1	BA1653	5616	4	5	1	1	0	0	0	0	0	0	0
A	BL	2	81	9	1	BA1653	5621	5	0	0	0	0	0	0	1	0	0	0
A	BL	2	81	9	1	BA1653	5626	5	9	0	0	0	0	0	0	0	0	0
A	BL	2	81	9	1	BA1653	5633	9	0	0	1	0	0	0	0	0	0	0
A	BL	2	81	9	1	BA1653	5636	9	10	0	0	0	0	0	0	0	0	0
A	BL	2	81	9	1	BA1653	5638	10	0	0	0	0	0	0	1	0	0	0
A	BL	2	81	9	1	BA1653	5711	10	2	0	0	0	0	0	0	0	0	0
A	BL	2	81	9	1	BA1653	5712	2	6	0	0	0	0	0	0	0	0	0
A	BL	2	81	9	1	BA1653	5958	6	0	0	1	0	0	0	0	0	0	0
A	BL	2	81	9	1	BA1653	5975	6	0	0	0	0	0	0	1	0	0	0
A	BL	2	81	9	1	BA1653	6040	6	8	2	0	1	0	0	0	0	0	0
A	BL	2	81	9	1	BA1653	6050	8	7	0	0	0	0	0	0	0	0	0
A	BL	2	81	9	1	BA1653	6073	7	0	0	0	0	0	0	0	1	0	0
A	BL	2	81	9	1	BA1653	6136	7	8	2	0	1	0	0	0	0	0	0
A	BL	2	81	9	1	BA1653	6146	8	7	0	0	0	0	0	0	0	0	0
A	BL	2	81	9	1	BA1653	6172	7	0	0	0	0	0	0	0	1	0	0
A	BL	2	81	9	1	BA1653	6174	7	8	2	0	1	0	0	0	0	0	0
A	BL	2	81	9	1	BA1653	6175	8	0	0	0	0	0	0	0	1	0	0
A	BL	2	81	9	1	BA1653	6184	8	7	0	0	0	0	0	0	0	0	0
A	BL	2	81	9	1	BA1653	6203	7	8	2	0	1	0	0	0	0	0	0
A	BL	2	81	9	1	BA1653	6213	8	7	0	0	0	0	0	0	0	0	0
A	BL	2	81	9	1	BA1653	6232	7	0	0	0	0	0	0	0	1	0	0
A	BL	2	81	9	1	BA1653	6266	7	8	2	0	1	0	0	0	0	0	0
A	BL	2	81	9	1	BA1653	6276	8	7	0	0	0	0	0	0	0	0	0
A	BL	2	81	9	1	BA1653	6291	7	0	0	0	0	0	0	0	1	0	0
A	BL	2	81	9	1	BA1653	6351	7	8	2	0	1	0	0	0	0	0	0
A	BL	2	81	9	1	BA1653	6355	8	0	0	0	0	0	0	0	1	0	0
A	BL	2	81	9	1	BA1653	6356	8	0	0	0	1	0	0	0	0	0	0
A	BL	2	81	9	1	BA1653	6361	8	7	0	0	0	0	0	0	0	0	0
A	BL	2	81	9	1	BA1653	6387	7	0	0	0	0	0	0	0	1	0	0
A	BL	2	81	9	1	BA1653	6475	7	8	2	0	1	0	0	0	0	0	0
A	BL	2	81	9	1	BA1653	6485	8	7	0	0	0	0	0	0	0	0	0
A	BL	2	81	9	1	BA1653	6532	7	0	0	0	0	0	0	0	1	0	0
A	BL	2	81	9	1	BA1653	6561	7	8	2	0	1	0	0	0	0	0	0
A	BL	2	81	9	1	BA1653	6564	8	0	0	0	0	0	0	0	1	0	0
A	BL	2	81	9	1	BA1653	6571	8	7	0	0	0	0	0	0	0	0	0
A	BL	2	81	9	1	BA1653	6575	7	8	2	0	1	0	0	0	0	0	0
A	BL	2	81	9	1	BA1653	6577	8	0	0	0	0	0	0	0	1	0	0
A	BL	2	81	9	1	BA1653	6579	8	0	0	0	1	0	0	0	0	0	0
A	BL	2	81	9	1	BA1653	6585	8	7	0	0	0	0	0	0	0	0	0
A	BL	2	81	9	1	BA1653	6607	7	0	0	0	0	0	0	0	1	0	0
A	BL	2	81	9	1	BA1653	6671	7	8	2	0	1	0	0	0	0	0	0
A	BL	2	81	9	1	BA1653	6681	8	9	0	0	0	0	0	0	0	0	0
A	BL	2	81	9	1	BA1653	6691	9	10	0	0	0	0	0	0	0	0	0
A	BL	2	81	9	1	BA1653	6693	10	0	0	0	0	0	0	0	1	0	0
A	BL	2	81	9	1	BA1653	6766	10	2	0	0	0	0	0	0	0	0	0
A	BL	2	81	9	1	BA1653	6767	2	6	0	0	0	0	0	0	0	0	0
A	BL	2	81	9	1	BA1653	10087	6	8	2	0	1	0	0	0	0	0	0
A	BL	2	81	9	1	BA1653	10097	8	7	0	0	0	0	0	0	0	0	0
A	BL	2	81	9	1	BA1653	10121	7	0	0	0	0	0	0	0	1	0	0
A	BL	2	81	9	1	BA1653	10145	7	8	2	0	1	0	0	0	0	0	0
A	BL	2	81	9	1	BA1653	10150	8	0	0	0	0	0	0	0	1	0	0
A	BL	2	81	9	1	BA1653	10155	8	7	0	0	0	0	0	0	0	0	0
A	BL	2	81	9	1	BA1653	10192	7	8	2	0	1	0	0	0	0	0	0
A	BL	2	81	9	1	BA1653	10202	8	7	0	0	0	0	0	0	0	0	0
A	BL	2	81	9	1	BA1653	10207	7	0	0	0	0	0	0	0	1	0	0
A	BL	2	81	9	1	BA1653	10247	7	8	2	0	1	0	0	0	0	0	0
A	BL	2	81	9	1	BA1653	10257	8	7	0	0	0	0	0	0	0	0	0
A	BL	2	81	9	1	BA1653	10297	7	0	0	0	0	0	0	0	1	0	0
A	BL	2	81	9	1	BA1653	10361	7	8	2	0	1	0	0	0	0	0	0
A	BL	2	81	9	1	BA1653	10371	8	7	0	0	0	0	0	0	0	0	0
A	BL	2	81	9	1	BA1653	10393	7	0	0	0	0	0	0	0	1	0	0
A	BL	2	81	9	1	BA1653	10433	7	8	2	0	1	0	0	0	0	0	0
A	BL	2	81	9	1	BA1653	10436	8	0	0	0	0	0	0	0	1	0	0
A	BL	2	81	9	1	BA1653	10443	8	7	0	0	0	0	0	0	0	0	0
A	BL	2	81	9	1	BA1653	10444	7	8	2	0	1	0	0	0	0	0	0
A	BL	2	81	9	1	BA1653	10454	8	7	0	0	0	0	0	0	0	0	0
A	BL	2	81	9	1	BA1653	10458	7	0	0	0	0	0	0	0	1	0	0
A	BL	2	81	9	1	BA1653	10500	7	8	2	0	1	0	0	0	0	0	0
A	BL	2	81	9	1	BA1653	10510	8	7	0	0	0	0	0	0	0	0	0
A	BL	2	81	9	1	BA1653	10529	7	0	0	0	0	0	0	0	1	0	0
A	BL	2	81	9	1	BA1653	10624	7	8	2	0	1	0	0	0	0	0	0
A	BL	2	81	9	1	BA1653	10634	8	7	0	0	0	0	0	0	0	0	0
A	BL	2	81	9	1	BA1653	10660	7	0	0	0	0	0	0	0	1	0	0
A	BL	2	81	9	1	BA1653	10663	7	8	2	0	1	0	0	0	0	0	0
A	BL	2	81	9	1	BA1653	10666	8	0	0	0	1	0	0	0	1	0	0
A	BL	2	81	9	1	BA1653	10673	8	9	0	0	0	0	0	0	0	0	0
A	BL	2	81	9	1	BA1653	10683	9	10	0	0	0	0	0	0	0	0	0
A	BL	2	81	9	1	BA1653	10687	10	0	0	0	0	0	0	0	1	0	0
A	BL	2	81	9	1	BA1653	10758	10	2	0	0	0	0	0	0	0	0	0
A	BL	2	81	9	1	BA1653	10759	2	3	0	0	0	0	0	0	0	0	0
A	BL	2	81	9	1	BA1653	11026	3	5	1	1	0	0	0	0	0	0	0
A	BL	2	81	9	1	BA1653	11036	5	4	0	0	0	0	0	0	0	0	0
A	BL	2	81	9	1	BA1653	11054	4	0	0	0	0	0	0	1	0	0	0
A	BL	2	81	9	1	BA1653	11164	4	5	1	1	0	0	0	0	0	0	0
A	BL	2	81	9	1	BA1653	11174	5	4	0	0	0	0	0	0	0	0	0
A	BL	2	81	9	1	BA1653	11205	4	0	0	0	0	0	0	1	0	0	0
A	BL	2	81	9	1	BA1653	11260	4	5	1	1	0	0	0	0	0	0	0
A	BL	2	81	9	1	BA1653	11270	5	4	0	0	0	0	0	0	0	0	0
A	BL	2	81	9	1	BA1653	11372	4	0	0	0	0	0	0	1	0	0	0
A	BL	2	81	9	1	BA1653	11416	4	5	1	1	0	0	0	0	0	0	0
A	BL	2	81	9	1	BA1653	11426	5	4	0	0	0	0	0	0	0	0	0
A	BL	2	81	9	1	BA1653	11458	4	0	0	0	0	0	0	1	0	0	0
A	BL	2	81	9	1	BA1653	11522	4	5	1	1	0	0	0	0	0	0	0
A	BL	2	81	9	1	BA1653	11532	5	9	0	0	0	0	0	0	0	0	0
A	BL	2	81	9	1	BA1653	11542	9	10	0	0	0	0	0	0	0	0	0
A	BL	2	81	9	1	BA1653	11544	10	0	0	0	0	0	0	1	0	0	0
A	BL	2	81	9	1	BA1653	11617	10	2	0	0	0	0	0	0	0	0	0
A	BL	2	81	9	1	BA1653	11618	2	3	0	0	0	0	0	0	0	0	0
A	BL	2	81	9	1	BA1653	11727	3	5	1	1	0	0	0	0	0	0	0
A	BL	2	81	9	1	BA1653	11737	5	4	0	0	0	0	0	0	0	0	0
A	BL	2	81	9	1	BA1653	11740	4	0	0	0	0	0	0	1	0	0	0
A	BL	2	81	9	1	BA1653	11814	4	5	1	1	0	0	0	0	0	0	0
A	BL	2	81	9	1	BA1653	11824	5	4	0	0	0	0	0	0	0	0	0
A	BL	2	81	9	1	BA1653	11856	4	0	0	0	0	0	0	1	0	0	0
A	BL	2	81	9	1	BA1653	11947	4	5	1	1	0	0	0	0	0	0	0
A	BL	2	81	9	1	BA1653	11957	5	4	0	0	0	0	0	0	0	0	0
A	BL	2	81	9	1	BA1653	12007	4	0	0	0	0	0	0	1	0	0	0
A	BL	2	81	9	1	BA1653	12055	4	5	1	1	0	0	0	0	0	0	0
A	BL	2	81	9	1	BA1653	12065	5	4	0	0	0	0	0	0	0	0	0
A	BL	2	81	9	1	BA1653	12090	4	0	0	0	0	0	0	1	0	0	0
A	BL	2	81	9	1	BA1653	12170	4	5	1	1	0	0	0	0	0	0	0
A	BL	2	81	9	1	BA1653	12180	5	9	0	0	0	0	0	0	0	0	0
A	BL	2	81	9	1	BA1653	12190	9	10	0	0	0	0	0	0	0	0	0
A	BL	2	81	9	1	BA1653	12195	10	0	0	0	0	0	0	1	0	0	0
A	BL	2	81	9	1	BA1653	12265	10	2	0	0	0	0	0	0	0	0	0
A	BL	2	81	9	1	BA1653	12266	2	6	0	0	0	0	0	0	0	0	0
A	BL	2	81	9	1	BA1653	12459	6	0	0	1	0	0	0	0	0	0	0
A	BL	2	81	9	1	BA1653	12479	6	0	0	0	0	0	0	1	0	0	0
A	BL	2	81	9	1	BA1653	12586	6	8	2	0	1	0	0	0	0	0	0
A	BL	2	81	9	1	BA1653	12596	8	7	0	0	0	0	0	0	0	0	0
A	BL	2	81	9	1	BA1653	12615	7	0	0	0	0	0	0	0	1	0	0
A	BL	2	81	9	1	BA1653	12618	7	8	2	0	1	0	0	0	0	0	0
A	BL	2	81	9	1	BA1653	12628	8	7	0	0	0	0	0	0	0	0	0
A	BL	2	81	9	1	BA1653	12634	7	0	0	0	0	0	0	0	1	0	0
A	BL	2	81	9	1	BA1653	12640	7	8	2	0	1	0	0	0	0	0	0
A	BL	2	81	9	1	BA1653	12650	8	7	0	0	0	0	0	0	0	0	0
A	BL	2	81	9	1	BA1653	12659	7	0	0	0	0	0	0	0	1	0	0
A	BL	2	81	9	1	BA1653	12671	7	8	2	0	1	0	0	0	0	0	0
A	BL	2	81	9	1	BA1653	12676	8	0	0	0	0	0	0	0	1	0	0
A	BL	2	81	9	1	BA1653	12681	8	7	0	0	0	0	0	0	0	0	0
A	BL	2	81	9	1	BA1653	12697	7	8	2	0	1	0	0	0	0	0	0
A	BL	2	81	9	1	BA1653	12699	8	0	0	0	0	0	0	0	1	0	0
A	BL	2	81	9	1	BA1653	12703	8	0	0	0	1	0	0	0	0	0	0
A	BL	2	81	9	1	BA1653	12707	8	7	0	0	0	0	0	0	0	0	0
A	BL	2	81	9	1	BA1653	12749	7	0	0	0	0	0	0	0	1	0	0
A	BL	2	81	9	1	BA1653	12792	7	8	2	0	1	0	0	0	0	0	0
A	BL	2	81	9	1	BA1653	12802	8	7	0	0	0	0	0	0	0	0	0
A	BL	2	81	9	1	BA1653	12844	7	0	0	0	0	0	0	0	1	0	0
A	BL	2	81	9	1	BA1653	12848	7	8	2	0	1	0	0	0	0	0	0
A	BL	2	81	9	1	BA1653	12858	8	7	0	0	0	0	0	0	0	0	0
A	BL	2	81	9	1	BA1653	12876	7	0	0	0	0	0	0	0	1	0	0
A	BL	2	81	9	1	BA1653	12877	7	8	2	0	1	0	0	0	0	0	0
A	BL	2	81	9	1	BA1653	12879	8	0	0	0	0	0	0	0	1	0	0
A	BL	2	81	9	1	BA1653	12887	8	7	0	0	0	0	0	0	0	0	0
A	BL	2	81	9	1	BA1653	12893	7	8	2	0	1	0	0	0	0	0	0
A	BL	2	81	9	1	BA1653	12896	8	0	0	0	0	0	0	0	1	0	0
A	BL	2	81	9	1	BA1653	12899	8	0	0	0	1	0	0	0	0	0	0
A	BL	2	81	9	1	BA1653	12903	8	7	0	0	0	0	0	0	1	0	0
A	BL	2	81	9	1	BA1653	12908	7	8	2	0	1	0	0	0	0	0	0
A	BL	2	81	9	1	BA1653	12910	8	0	0	0	0	0	0	0	1	0	0
A	BL	2	81	9	1	BA1653	12918	8	9	0	0	0	0	0	0	0	0	0
A	BL	2	81	9	1	BA1653	12928	9	10	0	0	0	0	0	0	0	0	0
A	BL	2	81	9	1	BA1653	13003	10	2	0	0	0	0	0	0	0	0	0
A	BL	2	81	9	1	BA1653	13004	2	6	0	0	0	0	0	0	0	0	0
A	BL	2	81	9	1	BA1653	13193	6	8	2	0	1	0	0	0	0	0	0
A	BL	2	81	9	1	BA1653	13203	8	7	0	0	0	0	0	0	0	0	0
A	BL	2	81	9	1	BA1653	13216	7	0	0	0	0	0	0	0	1	0	0
A	BL	2	81	9	1	BA1653	13274	7	8	2	0	1	0	0	0	0	0	0
A	BL	2	81	9	1	BA1653	13284	8	7	0	0	0	0	0	0	0	0	0
A	BL	2	81	9	1	BA1653	13302	7	0	0	0	0	0	0	0	1	0	0
A	BL	2	81	9	1	BA1653	13307	7	8	2	0	1	0	0	0	0	0	0
A	BL	2	81	9	1	BA1653	13317	8	7	0	0	0	0	0	0	0	0	0
A	BL	2	81	9	1	BA1653	13334	7	0	0	0	0	0	0	0	1	0	0
A	BL	2	81	9	1	BA1653	13338	7	8	2	0	1	0	0	0	0	0	0
A	BL	2	81	9	1	BA1653	13343	8	0	0	0	0	0	0	0	1	0	0
A	BL	2	81	9	1	BA1653	13344	8	0	0	0	1	0	0	0	0	0	0
A	BL	2	81	9	1	BA1653	13348	8	7	0	0	0	0	0	0	0	0	0
A	BL	2	81	9	1	BA1653	13349	7	0	0	0	0	0	0	0	1	0	0
A	BL	2	81	9	1	BA1653	13367	7	8	2	0	1	0	0	0	0	0	0
A	BL	2	81	9	1	BA1653	13370	8	0	0	0	0	0	0	0	1	0	0
A	BL	2	81	9	1	BA1653	13377	8	7	0	0	0	0	0	0	0	0	0
A	BL	2	81	9	1	BA1653	13378	7	8	2	0	1	0	0	0	0	0	0
A	BL	2	81	9	1	BA1653	13388	8	7	0	0	0	0	0	0	0	0	0
A	BL	2	81	9	1	BA1653	13391	7	0	0	0	0	0	0	0	1	0	0
A	BL	2	81	9	1	BA1653	13425	7	8	2	0	1	0	0	0	0	0	0
A	BL	2	81	9	1	BA1653	13435	8	7	0	0	0	0	0	0	0	0	0
A	BL	2	81	9	1	BA1653	13475	7	0	0	0	0	0	0	0	1	0	0
A	BL	2	81	9	1	BA1653	13529	7	8	2	0	1	0	0	0	0	0	0
A	BL	2	81	9	1	BA1653	13539	8	7	0	0	0	0	0	0	0	0	0
A	BL	2	81	9	1	BA1653	13570	7	0	0	0	0	0	0	0	1	0	0
A	BL	2	81	9	1	BA1653	13576	7	8	2	0	1	0	0	0	0	0	0
A	BL	2	81	9	1	BA1653	13586	8	7	0	0	0	0	0	0	0	0	0
A	BL	2	81	9	1	BA1653	13611	7	0	0	0	0	0	0	0	1	0	0
A	BL	2	81	9	1	BA1653	13628	7	8	2	0	1	0	0	0	0	0	0
A	BL	2	81	9	1	BA1653	13632	8	0	0	0	0	0	0	0	1	0	0
A	BL	2	81	9	1	BA1653	13638	8	9	0	0	0	0	0	0	0	0	0
A	BL	2	81	9	1	BA1653	13639	9	0	0	0	1	0	0	0	0	0	0
A	BL	2	81	9	1	BA1653	13648	9	10	0	0	0	0	0	0	0	0	0
A	BL	2	81	9	1	BA1653	13655	10	0	0	0	0	0	0	0	1	0	0
A	BL	2	81	9	1	BA1653	13723	10	2	0	0	0	0	0	0	0	0	0
A	BL	2	81	9	1	BA1653	13724	2	6	0	0	0	0	0	0	0	0	0
A	BL	2	81	9	1	BA1653	14120	6	8	2	0	1	0	0	0	0	0	0
A	BL	2	81	9	1	BA1653	14124	8	0	0	0	0	0	0	0	1	0	0
A	BL	2	81	9	1	BA1653	14130	8	7	0	0	0	0	0	0	0	0	0
A	BL	2	81	9	1	BA1653	14266	7	8	2	0	1	0	0	0	0	0	0
A	BL	2	81	9	1	BA1653	14268	8	0	0	0	0	0	0	0	1	0	0
A	BL	2	81	9	1	BA1653	14276	8	7	0	0	0	0	0	0	0	0	0
A	BL	2	81	9	1	BA1653	14281	7	8	2	0	1	0	0	0	0	0	0
A	BL	2	81	9	1	BA1653	14291	8	7	0	0	0	0	0	0	0	0	0
A	BL	2	81	9	1	BA1653	14319	7	0	0	0	0	0	0	0	1	0	0
A	BL	2	81	9	1	BA1653	14364	7	8	2	0	1	0	0	0	0	0	0
A	BL	2	81	9	1	BA1653	14374	8	7	0	0	0	0	0	0	1	0	0
A	BL	2	81	9	1	BA1653	14387	7	8	2	0	1	0	0	0	0	0	0
A	BL	2	81	9	1	BA1653	14397	8	7	0	0	0	0	0	0	0	0	0
A	BL	2	81	9	1	BA1653	14421	7	0	0	0	0	0	0	0	1	0	0
A	BL	2	81	9	1	BA1653	14433	7	8	2	0	1	0	0	0	0	0	0
A	BL	2	81	9	1	BA1653	14442	8	0	0	0	0	0	0	0	1	0	0
A	BL	2	81	9	1	BA1653	14443	8	7	0	0	0	0	0	0	0	0	0
A	BL	2	81	9	1	BA1653	14464	7	8	2	0	1	0	0	0	0	0	0
A	BL	2	81	9	1	BA1653	14469	8	0	0	0	0	0	0	0	1	0	0
A	BL	2	81	9	1	BA1653	14470	8	0	0	0	1	0	0	0	0	0	0
A	BL	2	81	9	1	BA1653	14474	8	7	0	0	0	0	0	0	0	0	0
A	BL	2	81	9	1	BA1653	14475	7	0	0	0	0	0	0	0	1	0	0
A	BL	2	81	9	1	BA1653	14486	7	8	2	0	1	0	0	0	0	0	0
A	BL	2	81	9	1	BA1653	14496	8	7	0	0	0	0	0	0	0	0	0
A	BL	2	81	9	1	BA1653	14502	7	0	0	0	0	0	0	0	1	0	0
A	BL	2	81	9	1	BA1653	14506	7	8	2	0	1	0	0	0	0	0	0
A	BL	2	81	9	1	BA1653	14516	8	7	0	0	0	0	0	0	0	0	0
A	BL	2	81	9	1	BA1653	14570	7	0	0	0	0	0	0	0	1	0	0
A	BL	2	81	9	1	BA1653	14573	7	8	2	0	1	0	0	0	0	0	0
A	BL	2	81	9	1	BA1653	14574	8	0	0	0	0	0	0	0	1	0	0
A	BL	2	81	9	1	BA1653	14576	8	0	0	0	1	0	0	0	0	0	0
A	BL	2	81	9	1	BA1653	14583	8	9	0	0	0	0	0	0	0	0	0
A	BL	2	81	9	1	BA1653	14593	9	10	0	0	0	0	0	0	0	0	0
A	BL	2	81	9	1	BA1653	14602	10	0	0	0	0	0	0	0	1	0	0
A	BL	2	81	9	1	BA1653	14668	10	2	0	0	0	0	0	0	0	0	0
A	BL	2	81	9	1	BA1653	14669	2	3	0	0	0	0	0	0	0	0	0
A	BL	2	81	9	1	BA1653	14994	3	5	1	1	0	0	0	0	0	0	0
A	BL	2	81	9	1	BA1653	15004	5	4	0	0	0	0	0	0	0	0	0
A	BL	2	81	9	1	BA1653	15010	4	0	0	0	0	0	0	1	0	0	0
A	BL	2	81	9	1	BA1653	15060	4	5	1	1	0	0	0	0	0	0	0
A	BL	2	81	9	1	BA1653	15070	5	4	0	0	0	0	0	0	0	0	0
A	BL	2	81	9	1	BA1653	15139	4	0	0	0	0	0	0	1	0	0	0
A	BL	2	81	9	1	BA1653	15153	4	5	1	1	0	0	0	0	0	0	0
A	BL	2	81	9	1	BA1653	15160	5	0	0	0	0	0	0	1	0	0	0
A	BL	2	81	9	1	BA1653	15163	5	4	0	0	0	0	0	0	0	0	0
A	BL	2	81	9	1	BA1653	15176	4	5	1	1	0	0	0	0	0	0	0
A	BL	2	81	9	1	BA1653	15186	5	4	0	0	0	0	0	0	0	0	0
A	BL	2	81	9	1	BA1653	15229	4	0	0	0	0	0	0	1	0	0	0
A	BL	2	81	9	1	BA1653	15270	4	5	1	1	0	0	0	0	0	0	0
A	BL	2	81	9	1	BA1653	15280	5	9	0	0	0	0	0	0	0	0	0
A	BL	2	81	9	1	BA1653	15290	9	10	0	0	0	0	0	0	0	0	0
A	BL	2	81	9	1	BA1653	15293	10	0	0	0	0	0	0	1	0	0	0
A	BL	2	81	9	1	BA1653	15365	10	2	0	0	0	0	0	0	0	0	0
A	BL	2	81	9	1	BA1653	15366	2	3	0	0	0	0	0	0	0	0	0
A	BL	2	81	9	1	BA1653	15598	3	5	1	1	0	0	0	0	0	0	0
A	BL	2	81	9	1	BA1653	15608	5	4	0	0	0	0	0	0	0	0	0
A	BL	2	81	9	1	BA1653	15641	4	0	0	0	0	0	0	1	0	0	0
A	BL	2	81	9	1	BA1653	15714	4	5	1	1	0	0	0	0	0	0	0
A	BL	2	81	9	1	BA1653	15724	5	4	0	0	0	0	0	0	0	0	0
A	BL	2	81	9	1	BA1653	15789	4	0	0	0	0	0	0	1	0	0	0
A	BL	2	81	9	1	BA1653	15842	4	5	1	1	0	0	0	0	0	0	0
A	BL	2	81	9	1	BA1653	15852	5	4	0	0	0	0	0	0	0	0	0
A	BL	2	81	9	1	BA1653	15875	4	0	0	0	0	0	0	1	0	0	0
A	BL	2	81	9	1	BA1653	15894	4	5	1	1	0	0	0	0	0	0	0
A	BL	2	81	9	1	BA1653	15904	5	4	0	0	0	0	0	1	0	0	0
A	BL	2	81	9	1	BA1653	15914	4	5	1	1	0	0	0	0	0	0	0
A	BL	2	81	9	1	BA1653	15924	5	9	0	0	0	0	0	0	0	0	0
A	BL	2	81	9	1	BA1653	15934	9	10	0	0	0	0	0	0	0	0	0
A	BL	2	81	9	1	BA1653	15935	10	0	0	0	0	0	0	1	0	0	0
A	BL	2	81	9	1	BA1653	16009	10	2	0	0	0	0	0	0	0	0	0
A	BL	2	81	9	1	BA1653	16010	2	6	0	0	0	0	0	0	0	0	0
A	BL	2	81	9	1	BA1653	16299	6	8	2	0	1	0	0	0	0	0	0
A	BL	2	81	9	1	BA1653	16304	8	0	0	0	0	0	0	0	1	0	0
A	BL	2	81	9	1	BA1653	16309	8	7	0	0	0	0	0	0	0	0	0
A	BL	2	81	9	1	BA1653	16332	7	8	2	0	1	0	0	0	0	0	0
A	BL	2	81	9	1	BA1653	16342	8	7	0	0	0	0	0	0	0	0	0
A	BL	2	81	9	1	BA1653	16355	7	0	0	0	0	0	0	0	1	0	0
A	BL	2	81	9	1	BA1653	16364	7	8	2	0	1	0	0	0	0	0	0
A	BL	2	81	9	1	BA1653	16366	8	0	0	0	0	0	0	0	1	0	0
A	BL	2	81	9	1	BA1653	16371	8	0	0	0	1	0	0	0	0	0	0
A	BL	2	81	9	1	BA1653	16374	8	7	0	0	0	0	0	0	0	0	0
A	BL	2	81	9	1	BA1653	16397	7	0	0	0	0	0	0	0	1	0	0
A	BL	2	81	9	1	BA1653	16435	7	8	2	0	1	0	0	0	0	0	0
A	BL	2	81	9	1	BA1653	16445	8	7	0	0	0	0	0	0	0	0	0
A	BL	2	81	9	1	BA1653	16470	7	0	0	0	0	0	0	0	1	0	0
A	BL	2	81	9	1	BA1653	16472	7	8	2	0	1	0	0	0	0	0	0
A	BL	2	81	9	1	BA1653	16482	8	7	0	0	0	0	0	0	0	0	0
A	BL	2	81	9	1	BA1653	16496	7	0	0	0	0	0	0	0	1	0	0
A	BL	2	81	9	1	BA1653	16497	7	8	2	0	1	0	0	0	0	0	0
A	BL	2	81	9	1	BA1653	16502	8	0	0	0	0	0	0	0	1	0	0
A	BL	2	81	9	1	BA1653	16503	8	0	0	0	1	0	0	0	0	0	0
A	BL	2	81	9	1	BA1653	16506	8	0	0	0	1	0	0	0	1	0	0
A	BL	2	81	9	1	BA1653	16507	8	7	0	0	0	0	0	0	0	0	0
A	BL	2	81	9	1	BA1653	16513	7	0	0	0	0	0	0	0	1	0	0
A	BL	2	81	9	1	BA1653	16518	7	8	2	0	1	0	0	0	0	0	0
A	BL	2	81	9	1	BA1653	16520	8	0	0	0	0	0	0	0	1	0	0
A	BL	2	81	9	1	BA1653	16528	8	7	0	0	0	0	0	0	0	0	0
A	BL	2	81	9	1	BA1653	16533	7	8	2	0	1	0	0	0	0	0	0
A	BL	2	81	9	1	BA1653	16541	8	0	0	0	0	0	0	0	1	0	0
A	BL	2	81	9	1	BA1653	16543	8	7	0	0	0	0	0	0	0	0	0
A	BL	2	81	9	1	BA1653	16562	7	8	2	0	1	0	0	0	0	0	0
A	BL	2	81	9	1	BA1653	16572	8	7	0	0	0	0	0	0	0	0	0
A	BL	2	81	9	1	BA1653	16628	7	0	0	0	0	0	0	0	1	0	0
A	BL	2	81	9	1	BA1653	16640	7	8	2	0	1	0	0	0	0	0	0
A	BL	2	81	9	1	BA1653	16650	8	9	0	0	0	0	0	0	0	0	0
A	BL	2	81	9	1	BA1653	16656	9	0	0	0	0	0	0	0	1	0	0
A	BL	2	81	9	1	BA1653	16660	9	10	0	0	0	0	0	0	0	0	0
A	BL	2	81	9	1	BA1653	16735	10	2	0	0	0	0	0	0	0	0	0
A	BL	2	81	9	1	BA1653	16736	2	6	0	0	0	0	0	0	0	0	0
A	BL	2	81	9	1	BA1653	17042	6	8	2	0	1	0	0	0	0	0	0
A	BL	2	81	9	1	BA1653	17048	8	0	0	0	0	0	0	0	1	0	0
A	BL	2	81	9	1	BA1653	17052	8	7	0	0	0	0	0	0	0	0	0
A	BL	2	81	9	1	BA1653	17059	7	8	2	0	1	0	0	0	0	0	0
A	BL	2	81	9	1	BA1653	17069	8	7	0	0	0	0	0	0	0	0	0
A	BL	2	81	9	1	BA1653	17078	7	0	0	0	0	0	0	0	1	0	0
A	BL	2	81	9	1	BA1653	17137	7	8	2	0	1	0	0	0	0	0	0
A	BL	2	81	9	1	BA1653	17147	8	7	0	0	0	0	0	0	0	0	0
A	BL	2	81	9	1	BA1653	17171	7	0	0	0	0	0	0	0	1	0	0
A	BL	2	81	9	1	BA1653	17176	7	8	2	0	1	0	0	0	0	0	0
A	BL	2	81	9	1	BA1653	17186	8	7	0	0	0	0	0	0	0	0	0
A	BL	2	81	9	1	BA1653	17201	7	0	0	0	0	0	0	0	1	0	0
A	BL	2	81	9	1	BA1653	17213	7	8	2	0	1	0	0	0	0	0	0
A	BL	2	81	9	1	BA1653	17223	8	7	0	0	0	0	0	0	0	0	0
A	BL	2	81	9	1	BA1653	17225	7	0	0	0	0	0	0	0	1	0	0
A	BL	2	81	9	1	BA1653	17233	7	8	2	0	1	0	0	0	0	0	0
A	BL	2	81	9	1	BA1653	17243	8	7	0	0	0	0	0	0	0	0	0
A	BL	2	81	9	1	BA1653	17305	7	0	0	0	0	0	0	0	1	0	0
A	BL	2	81	9	1	BA1653	17361	7	8	2	0	1	0	0	0	0	0	0
A	BL	2	81	9	1	BA1653	17371	8	7	0	0	0	0	0	0	0	0	0
A	BL	2	81	9	1	BA1653	17441	7	0	0	0	0	0	0	0	1	0	0
A	BL	2	81	9	1	BA1653	17442	7	8	2	0	1	0	0	0	0	0	0
A	BL	2	81	9	1	BA1653	17452	8	7	0	0	0	0	0	0	0	0	0
A	BL	2	81	9	1	BA1653	17475	7	0	0	0	0	0	0	0	1	0	0
A	BL	2	81	9	1	BA1653	17496	7	8	2	0	1	0	0	0	0	0	0
A	BL	2	81	9	1	BA1653	17506	8	7	0	0	0	0	0	0	0	0	0
A	BL	2	81	9	1	BA1653	17510	7	0	0	0	0	0	0	0	1	0	0
A	BL	2	81	9	1	BA1653	17513	7	8	2	0	1	0	0	0	0	0	0
A	BL	2	81	9	1	BA1653	17523	8	9	0	0	0	0	0	0	0	0	0
A	BL	2	81	9	1	BA1653	17533	9	10	0	0	0	0	0	0	0	0	0
A	BL	2	81	9	1	BA1653	17538	10	0	0	0	0	0	0	0	1	0	0
A	BL	2	81	9	1	BA1653	17608	10	2	0	0	0	0	0	0	0	0	0
A	BL	2	81	9	1	BA1653	17609	2	6	0	0	0	0	0	0	0	0	0
A	BL	2	81	9	1	BA1653	17877	6	8	2	0	1	0	0	0	0	0	0
A	BL	2	81	9	1	BA1653	17887	8	7	0	0	0	0	0	0	0	0	0
A	BL	2	81	9	1	BA1653	17898	7	0	0	0	0	0	0	0	1	0	0
A	BL	2	81	9	1	BA1653	17900	7	8	2	0	1	0	0	0	0	0	0
A	BL	2	81	9	1	BA1653	17910	8	7	0	0	0	0	0	0	0	0	0
A	BL	2	81	9	1	BA1653	17914	7	0	0	0	0	0	0	0	1	0	0
A	BL	2	81	9	1	BA1653	17964	7	8	2	0	1	0	0	0	0	0	0
A	BL	2	81	9	1	BA1653	17974	8	7	0	0	0	0	0	0	0	0	0
A	BL	2	81	9	1	BA1653	17991	7	0	0	0	0	0	0	0	1	0	0
A	BL	2	81	9	1	BA1653	18006	7	8	2	0	1	0	0	0	0	0	0
A	BL	2	81	9	1	BA1653	18007	8	0	0	0	0	0	0	0	1	0	0
A	BL	2	81	9	1	BA1653	18015	8	0	0	0	1	0	0	0	0	0	0
A	BL	2	81	9	1	BA1653	18016	8	7	0	0	0	0	0	0	0	0	0
A	BL	2	81	9	1	BA1653	18022	7	0	0	0	0	0	0	0	1	0	0
A	BL	2	81	9	1	BA1653	18031	7	8	2	0	1	0	0	0	0	0	0
A	BL	2	81	9	1	BA1653	18041	8	7	0	0	0	0	0	0	0	0	0
A	BL	2	81	9	1	BA1653	18072	7	0	0	0	0	0	0	0	1	0	0
A	BL	2	81	9	1	BA1653	18096	7	8	2	0	1	0	0	0	0	0	0
A	BL	2	81	9	1	BA1653	18106	8	7	0	0	0	0	0	0	0	0	0
A	BL	2	81	9	1	BA1653	18110	7	0	0	0	0	0	0	0	1	0	0
A	BL	2	81	9	1	BA1653	18113	7	8	2	0	1	0	0	0	0	0	0
A	BL	2	81	9	1	BA1653	18123	8	7	0	0	0	0	0	0	0	0	0
A	BL	2	81	9	1	BA1653	18156	7	0	0	0	0	0	0	0	1	0	0
A	BL	2	81	9	1	BA1653	18169	7	8	2	0	1	0	0	0	0	0	0
A	BL	2	81	9	1	BA1653	18172	8	0	0	0	0	0	0	0	1	0	0
A	BL	2	81	9	1	BA1653	18179	8	7	0	0	0	0	0	0	0	0	0
A	BL	2	81	9	1	BA1653	18180	7	8	2	0	1	0	0	0	0	0	0
A	BL	2	81	9	1	BA1653	18182	8	0	0	0	0	0	0	0	1	0	0
A	BL	2	81	9	1	BA1653	18190	8	7	0	0	0	0	0	0	0	0	0
A	BL	2	81	9	1	BA1653	18229	7	8	2	0	1	0	0	0	0	0	0
A	BL	2	81	9	1	BA1653	18239	8	9	0	0	0	0	0	0	0	0	0
A	BL	2	81	9	1	BA1653	18249	9	10	0	0	0	0	0	0	0	0	0
A	BL	2	81	9	1	BA1653	18254	10	0	0	0	0	0	0	0	1	0	0
A	BL	2	81	9	1	BA1653	18324	10	2	0	0	0	0	0	0	0	0	0
A	BL	2	81	9	1	BA1653	18325	2	3	0	0	0	0	0	0	0	0	0
A	BL	2	81	9	1	BA1653	18760	3	5	1	1	0	0	0	0	0	0	0
A	BL	2	81	9	1	BA1653	18770	5	4	0	0	0	0	0	0	0	0	0
A	BL	2	81	9	1	BA1653	18778	4	0	0	0	0	0	0	1	0	0	0
A	BL	2	81	9	1	BA1653	18840	4	5	1	1	0	0	0	0	0	0	0
A	BL	2	81	9	1	BA1653	18850	5	4	0	0	0	0	0	0	0	0	0
A	BL	2	81	9	1	BA1653	18852	4	0	0	0	0	0	0	1	0	0	0
A	BL	2	81	9	1	BA1653	18881	4	5	1	1	0	0	0	0	0	0	0
A	BL	2	81	9	1	BA1653	18885	5	0	0	0	0	0	0	1	0	0	0
A	BL	2	81	9	1	BA1653	18891	5	4	0	0	0	0	0	0	0	0	0
A	BL	2	81	9	1	BA1653	18952	4	5	1	1	0	0	0	0	0	0	0
A	BL	2	81	9	1	BA1653	18962	5	4	0	0	0	0	0	0	0	0	0
A	BL	2	81	9	1	BA1653	18993	4	0	0	0	0	0	0	1	0	0	0
A	BL	2	81	9	1	BA1653	19031	4	5	1	1	0	0	0	0	0	0	0
A	BL	2	81	9	1	BA1653	19041	5	9	0	0	0	0	0	0	0	0	0
A	BL	2	81	9	1	BA1653	19051	9	10	0	0	0	0	0	1	0	0	0
A	BL	2	81	9	1	BA1653	19126	10	2	0	0	0	0	0	0	0	0	0
A	BL	2	81	9	1	BA1653	19127	2	3	0	0	0	0	0	0	0	0	0
A	BL	2	81	9	1	BA1653	19431	3	5	1	1	0	0	0	0	0	0	0
A	BL	2	81	9	1	BA1653	19441	5	4	0	0	0	0	0	0	0	0	0
A	BL	2	81	9	1	BA1653	19470	4	0	0	0	0	0	0	1	0	0	0
A	BL	2	81	9	1	BA1653	19485	4	5	1	1	0	0	0	0	0	0	0
A	BL	2	81	9	1	BA1653	19495	5	4	0	0	0	0	0	0	0	0	0
A	BL	2	81	9	1	BA1653	19518	4	5	1	1	0	0	0	1	0	0	0
A	BL	2	81	9	1	BA1653	19528	5	4	0	0	0	0	0	0	0	0	0
A	BL	2	81	9	1	BA1653	19578	4	0	0	0	0	0	0	1	0	0	0
A	BL	2	81	9	1	BA1653	19626	4	5	1	1	0	0	0	0	0	0	0
A	BL	2	81	9	1	BA1653	19636	5	4	0	0	0	0	0	0	0	0	0
A	BL	2	81	9	1	BA1653	19692	4	0	0	0	0	0	0	1	0	0	0
A	BL	2	81	9	1	BA1653	19703	4	5	1	1	0	0	0	0	0	0	0
A	BL	2	81	9	1	BA1653	19713	5	9	0	0	0	0	0	0	0	0	0
A	BL	2	81	9	1	BA1653	19723	9	10	0	0	0	0	0	0	0	0	0
A	BL	2	81	9	1	BA1653	19729	10	0	0	0	0	0	0	1	0	0	0
A	BL	2	81	9	1	BA1653	19798	10	2	0	0	0	0	0	0	0	0	0
A	BL	2	81	9	1	BA1653	19799	2	6	0	0	0	0	0	0	0	0	0
A	BL	2	81	9	1	BA1653	20277	6	8	2	0	1	0	0	0	0	0	0
A	BL	2	81	9	1	BA1653	20283	8	0	0	0	0	0	0	0	1	0	0
A	BL	2	81	9	1	BA1653	20287	8	7	0	0	0	0	0	0	0	0	0
A	BL	2	81	9	1	BA1653	20297	7	8	2	0	1	0	0	0	0	0	0
A	BL	2	81	9	1	BA1653	20307	8	7	0	0	0	0	0	0	0	0	0
A	BL	2	81	9	1	BA1653	20332	7	0	0	0	0	0	0	0	1	0	0
A	BL	2	81	9	1	BA1653	20334	7	8	2	0	1	0	0	0	0	0	0
A	BL	2	81	9	1	BA1653	20338	8	0	0	0	0	0	0	0	1	0	0
A	BL	2	81	9	1	BA1653	20344	8	7	0	0	0	0	0	0	0	0	0
A	BL	2	81	9	1	BA1653	20347	7	8	2	0	1	0	0	0	0	0	0
A	BL	2	81	9	1	BA1653	20350	8	0	0	0	0	0	0	0	1	0	0
A	BL	2	81	9	1	BA1653	20357	8	7	0	0	0	0	0	0	0	0	0
A	BL	2	81	9	1	BA1653	20375	7	8	2	0	1	0	0	0	0	0	0
A	BL	2	81	9	1	BA1653	20378	8	0	0	0	0	0	0	0	1	0	0
A	BL	2	81	9	1	BA1653	20385	8	7	0	0	0	0	0	0	0	0	0
A	BL	2	81	9	1	BA1653	20397	7	8	2	0	1	0	0	0	0	0	0
A	BL	2	81	9	1	BA1653	20407	8	7	0	0	0	0	0	0	0	0	0
A	BL	2	81	9	1	BA1653	20428	7	0	0	0	0	0	0	0	1	0	0
A	BL	2	81	9	1	BA1653	20430	7	8	2	0	1	0	0	0	0	0	0
A	BL	2	81	9	1	BA1653	20440	8	7	0	0	0	0	0	0	0	0	0
A	BL	2	81	9	1	BA1653	20447	7	0	0	0	0	0	0	0	1	0	0
A	BL	2	81	9	1	BA1653	20455	7	8	2	0	1	0	0	0	0	0	0
A	BL	2	81	9	1	BA1653	20465	8	7	0	0	0	0	0	0	0	0	0
A	BL	2	81	9	1	BA1653	20472	7	0	0	0	0	0	0	0	1	0	0
A	BL	2	81	9	1	BA1653	20486	7	8	2	0	1	0	0	0	0	0	0
A	BL	2	81	9	1	BA1653	20496	8	7	0	0	0	0	0	0	0	0	0
A	BL	2	81	9	1	BA1653	20562	7	0	0	0	0	0	0	0	1	0	0
A	BL	2	81	9	1	BA1653	20578	7	8	2	0	1	0	0	0	0	0	0
A	BL	2	81	9	1	BA1653	20588	8	9	0	0	0	0	0	0	1	0	0
A	BL	2	81	9	1	BA1653	20592	9	0	0	0	1	0	0	0	0	0	0
A	BL	2	81	9	1	BA1653	20598	9	10	0	0	0	0	0	0	0	0	0
A	BL	2	81	9	1	BA1653	20600	10	0	0	0	0	0	0	0	1	0	0
A	BL	2	81	9	1	BA1653	20673	10	2	0	0	0	0	0	0	0	0	0
A	BL	2	81	9	1	BA1653	20674	2	3	0	0	0	0	0	0	0	0	0
A	BL	2	81	9	1	BA1653	21131	3	5	1	1	0	0	0	0	0	0	0
A	BL	2	81	9	1	BA1653	21141	5	4	0	0	0	0	0	0	0	0	0
A	BL	2	81	9	1	BA1653	21165	4	0	0	0	0	0	0	1	0	0	0
A	BL	2	81	9	1	BA1653	21222	4	5	1	1	0	0	0	0	0	0	0
A	BL	2	81	9	1	BA1653	21232	5	4	0	0	0	0	0	0	0	0	0
A	BL	2	81	9	1	BA1653	21249	4	0	0	0	0	0	0	1	0	0	0
A	BL	2	81	9	1	BA1653	21272	4	5	1	1	0	0	0	0	0	0	0
A	BL	2	81	9	1	BA1653	21282	5	4	0	0	0	0	0	0	0	0	0
A	BL	2	81	9	1	BA1653	21335	4	0	0	0	0	0	0	1	0	0	0
A	BL	2	81	9	1	BA1653	21362	4	5	1	1	0	0	0	0	0	0	0
A	BL	2	81	9	1	BA1653	21369	5	0	0	0	0	0	0	1	0	0	0
A	BL	2	81	9	1	BA1653	21372	5	4	0	0	0	0	0	0	0	0	0
A	BL	2	81	9	1	BA1653	21383	4	5	1	1	0	0	0	0	0	0	0
A	BL	2	81	9	1	BA1653	21393	5	9	0	0	0	0	0	0	0	0	0
A	BL	2	81	9	1	BA1653	21403	9	10	0	0	0	0	0	0	0	0	0
A	BL	2	81	9	1	BA1653	21409	10	0	0	0	0	0	0	1	0	0	0
A	BL	2	81	9	1	BA1653	21478	10	2	0	0	0	0	0	0	0	0	0
A	BL	2	81	9	1	BA1653	21479	2	3	0	0	0	0	0	0	0	0	0
A	BL	2	81	9	1	BA1653	21792	3	5	1	1	0	0	0	0	0	0	0
A	BL	2	81	9	1	BA1653	21802	5	4	0	0	0	0	0	0	0	0	0
A	BL	2	81	9	1	BA1653	21845	4	0	0	0	0	0	0	1	0	0	0
A	BL	2	81	9	1	BA1653	21894	4	5	1	1	0	0	0	0	0	0	0
A	BL	2	81	9	1	BA1653	21904	5	4	0	0	0	0	0	0	0	0	0
A	BL	2	81	9	1	BA1653	21928	4	0	0	0	0	0	0	1	0	0	0
A	BL	2	81	9	1	BA1653	21971	4	5	1	1	0	0	0	0	0	0	0
A	BL	2	81	9	1	BA1653	21981	5	4	0	0	0	0	0	0	0	0	0
A	BL	2	81	9	1	BA1653	22042	4	0	0	0	0	0	0	1	0	0	0
A	BL	2	81	9	1	BA1653	22099	4	5	1	1	0	0	0	0	0	0	0
A	BL	2	81	9	1	BA1653	22109	5	4	0	0	0	0	0	0	0	0	0
A	BL	2	81	9	1	BA1653	22278	4	0	0	0	0	0	0	1	0	0	0
A	BL	2	81	9	1	BA1653	22335	4	5	1	1	0	0	0	0	0	0	0
A	BL	2	81	9	1	BA1653	22345	5	9	0	0	0	0	0	0	0	0	0
A	BL	2	81	9	1	BA1653	22355	9	10	0	0	0	0	0	0	0	0	0
A	BL	2	81	9	1	BA1653	22366	10	0	0	0	0	0	0	1	0	0	0
A	BL	2	81	9	1	BA1653	22430	10	2	0	0	0	0	0	0	0	0	0
A	BL	2	81	9	1	BA1653	22431	2	6	0	0	0	0	0	0	0	0	0
A	BL	2	81	9	1	BA1653	22769	6	8	2	0	1	0	0	0	0	0	0
A	BL	2	81	9	1	BA1653	22779	8	7	0	0	0	0	0	0	0	0	0
A	BL	2	81	9	1	BA1653	22797	7	0	0	0	0	0	0	0	1	0	0
A	BL	2	81	9	1	BA1653	22845	7	8	2	0	1	0	0	0	0	0	0
A	BL	2	81	9	1	BA1653	22848	8	0	0	0	0	0	0	0	1	0	0
A	BL	2	81	9	1	BA1653	22853	8	0	0	0	1	0	0	0	0	0	0
A	BL	2	81	9	1	BA1653	22855	8	7	0	0	0	0	0	0	0	0	0
A	BL	2	81	9	1	BA1653	22858	7	0	0	0	0	0	0	0	1	0	0
A	BL	2	81	9	1	BA1653	22859	7	8	2	0	1	0	0	0	0	0	0
A	BL	2	81	9	1	BA1653	22869	8	7	0	0	0	0	0	0	0	0	0
A	BL	2	81	9	1	BA1653	22888	7	0	0	0	0	0	0	0	1	0	0
A	BL	2	81	9	1	BA1653	22929	7	8	2	0	1	0	0	0	0	0	0
A	BL	2	81	9	1	BA1653	22939	8	7	0	0	0	0	0	0	0	0	0
A	BL	2	81	9	1	BA1653	22995	7	0	0	0	0	0	0	0	1	0	0
A	BL	2	81	9	1	BA1653	22998	7	8	2	0	1	0	0	0	0	0	0
A	BL	2	81	9	1	BA1653	23004	8	0	0	0	0	0	0	0	1	0	0
A	BL	2	81	9	1	BA1653	23008	8	7	0	0	0	0	0	0	0	0	0
A	BL	2	81	9	1	BA1653	23016	7	8	2	0	1	0	0	0	0	0	0
A	BL	2	81	9	1	BA1653	23026	8	7	0	0	0	0	0	0	0	0	0
A	BL	2	81	9	1	BA1653	23076	7	0	0	0	0	0	0	0	1	0	0
A	BL	2	81	9	1	BA1653	23079	7	8	2	0	1	0	0	0	0	0	0
A	BL	2	81	9	1	BA1653	23089	8	7	0	0	0	0	0	0	0	0	0
A	BL	2	81	9	1	BA1653	23108	7	0	0	0	0	0	0	0	1	0	0
A	BL	2	81	9	1	BA1653	23165	7	8	2	0	1	0	0	0	0	0	0
A	BL	2	81	9	1	BA1653	23175	8	7	0	0	0	0	0	0	0	0	0
A	BL	2	81	9	1	BA1653	23211	7	0	0	0	0	0	0	0	1	0	0
A	BL	2	81	9	1	BA1653	23223	7	8	2	0	1	0	0	0	0	0	0
A	BL	2	81	9	1	BA1653	23225	8	0	0	0	0	0	0	0	1	0	0
A	BL	2	81	9	1	BA1653	23233	8	7	0	0	0	0	0	0	0	0	0
A	BL	2	81	9	1	BA1653	23238	7	8	2	0	1	0	0	0	0	0	0
A	BL	2	81	9	1	BA1653	23248	8	9	0	0	0	0	0	0	0	0	0
A	BL	2	81	9	1	BA1653	23258	9	10	0	0	0	0	0	0	0	0	0
A	BL	2	81	9	1	BA1653	23264	10	0	0	0	0	0	0	0	1	0	0
A	BL	2	81	9	1	BA1653	23333	10	2	0	0	0	0	0	0	0	0	0
A	BL	2	81	9	1	BA1653	23334	2	6	0	0	0	0	0	0	0	0	0
A	BL	2	81	9	1	BA1653	23691	6	8	2	0	1	0	0	0	0	0	0
A	BL	2	81	9	1	BA1653	23701	8	7	0	0	0	0	0	0	0	0	0
A	BL	2	81	9	1	BA1653	23708	7	0	0	0	0	0	0	0	1	0	0
A	BL	2	81	9	1	BA1653	23766	7	8	2	0	1	0	0	0	0	0	0
A	BL	2	81	9	1	BA1653	23773	8	0	0	0	0	0	0	0	1	0	0
A	BL	2	81	9	1	BA1653	23776	8	7	0	0	0	0	0	0	0	0	0
A	BL	2	81	9	1	BA1653	23819	7	8	2	0	1	0	0	0	0	0	0
A	BL	2	81	9	1	BA1653	23825	8	0	0	0	0	0	0	0	1	0	0
A	BL	2	81	9	1	BA1653	23828	8	0	0	0	1	0	0	0	0	0	0
A	BL	2	81	9	1	BA1653	23829	8	7	0	0	0	0	0	0	0	0	0
A	BL	2	81	9	1	BA1653	23830	7	0	0	0	0	0	0	0	1	0	0
A	BL	2	81	9	1	BA1653	23853	7	8	2	0	1	0	0	0	0	0	0
A	BL	2	81	9	1	BA1653	23863	8	7	0	0	0	0	0	0	0	0	0
A	BL	2	81	9	1	BA1653	23903	7	0	0	0	0	0	0	0	1	0	0
A	BL	2	81	9	1	BA1653	23906	7	8	2	0	1	0	0	0	0	0	0
A	BL	2	81	9	1	BA1653	23907	8	0	0	0	0	0	0	0	1	0	0
A	BL	2	81	9	1	BA1653	23908	8	0	0	0	1	0	0	0	0	0	0
A	BL	2	81	9	1	BA1653	23916	8	7	0	0	0	0	0	0	0	0	0
A	BL	2	81	9	1	BA1653	23931	7	0	0	0	0	0	0	0	1	0	0
A	BL	2	81	9	1	BA1653	23941	7	8	2	0	1	0	0	0	0	0	0
A	BL	2	81	9	1	BA1653	23951	8	7	0	0	0	0	0	0	0	0	0
A	BL	2	81	9	1	BA1653	23954	7	0	0	0	0	0	0	0	1	0	0
A	BL	2	81	9	1	BA1653	23975	7	8	2	0	1	0	0	0	0	0	0
A	BL	2	81	9	1	BA1653	23979	8	0	0	0	0	0	0	0	1	0	0
A	BL	2	81	9	1	BA1653	23980	8	0	0	0	1	0	0	0	0	0	0
A	BL	2	81	9	1	BA1653	23981	8	0	0	0	0	0	0	0	1	0	0
A	BL	2	81	9	1	BA1653	23985	8	7	0	0	0	0	0	0	0	0	0
A	BL	2	81	9	1	BA1653	23988	7	8	2	0	1	0	0	0	0	0	0
A	BL	2	81	9	1	BA1653	23998	8	7	0	0	0	0	0	0	0	0	0
A	BL	2	81	9	1	BA1653	24040	7	0	0	0	0	0	0	0	1	0	0
A	BL	2	81	9	1	BA1653	24085	7	8	2	0	1	0	0	0	0	0	0
A	BL	2	81	9	1	BA1653	24095	8	7	0	0	0	0	0	0	0	0	0
A	BL	2	81	9	1	BA1653	24128	7	0	0	0	0	0	0	0	1	0	0
A	BL	2	81	9	1	BA1653	24131	7	8	2	0	1	0	0	0	0	0	0
A	BL	2	81	9	1	BA1653	24141	8	9	0	0	0	0	0	0	0	0	0
A	BL	2	81	9	1	BA1653	24151	9	10	0	0	0	0	0	0	0	0	0
A	BL	2	81	9	1	BA1653	24156	10	0	0	0	0	0	0	0	1	0	0
A	BL	2	81	9	1	BA1653	24226	10	2	0	0	0	0	0	0	0	0	0
A	BL	2	81	9	1	BA1653	24227	2	3	0	0	0	0	0	0	0	0	0
A	BL	2	81	9	1	BA1653	24700	3	5	1	1	0	0	0	0	0	0	0
A	BL	2	81	9	1	BA1653	24710	5	4	0	0	0	0	0	0	0	0	0
A	BL	2	81	9	1	BA1653	24721	4	0	0	0	0	0	0	1	0	0	0
A	BL	2	81	9	1	BA1653	24779	4	5	1	1	0	0	0	0	0	0	0
A	BL	2	81	9	1	BA1653	24789	5	4	0	0	0	0	0	0	0	0	0
A	BL	2	81	9	1	BA1653	24795	4	0	0	0	0	0	0	1	0	0	0
A	BL	2	81	9	1	BA1653	24803	4	5	1	1	0	0	0	0	0	0	0
A	BL	2	81	9	1	BA1653	24808	5	0	0	0	0	0	0	1	0	0	0
A	BL	2	81	9	1	BA1653	24813	5	4	0	0	0	0	0	0	0	0	0
A	BL	2	81	9	1	BA1653	24825	4	5	1	1	0	0	0	0	0	0	0
A	BL	2	81	9	1	BA1653	24826	5	0	0	1	0	0	0	1	0	0	0
A	BL	2	81	9	1	BA1653	24835	5	4	0	0	0	0	0	0	0	0	0
A	BL	2	81	9	1	BA1653	24848	4	0	0	0	0	0	0	1	0	0	0
A	BL	2	81	9	1	BA1653	24870	4	5	1	1	0	0	0	0	0	0	0
A	BL	2	81	9	1	BA1653	24875	5	0	0	0	0	0	0	1	0	0	0
A	BL	2	81	9	1	BA1653	24880	5	9	0	0	0	0	0	0	0	0	0
A	BL	2	81	9	1	BA1653	24886	9	0	0	1	0	0	0	0	0	0	0
A	BL	2	81	9	1	BA1653	24890	9	10	0	0	0	0	0	0	0	0	0
A	BL	2	81	9	1	BA1653	24893	10	0	0	0	0	0	0	1	0	0	0
A	BL	2	81	9	1	BA1653	24965	10	2	0	0	0	0	0	0	0	0	0
A	BL	2	81	9	1	BA1653	24966	2	3	0	0	0	0	0	0	0	0	0
A	BL	2	81	9	1	BA1653	25746	3	5	1	1	0	0	0	0	0	0	0
A	BL	2	81	9	1	BA1653	25756	5	4	0	0	0	0	0	0	0	0	0
A	BL	2	81	9	1	BA1653	25769	4	0	0	0	0	0	0	1	0	0	0
A	BL	2	81	9	1	BA1653	25775	4	5	1	1	0	0	0	0	0	0	0
A	BL	2	81	9	1	BA1653	25784	5	0	0	0	0	0	0	1	0	0	0
A	BL	2	81	9	1	BA1653	25785	5	4	0	0	0	0	0	0	0	0	0
A	BL	2	81	9	1	BA1653	25795	4	5	1	1	0	0	0	0	0	0	0
A	BL	2	81	9	1	BA1653	25799	5	0	0	0	0	0	0	1	0	0	0
A	BL	2	81	9	1	BA1653	25805	5	4	0	0	0	0	0	0	0	0	0
A	BL	2	81	9	1	BA1653	25813	4	5	1	1	0	0	0	0	0	0	0
A	BL	2	81	9	1	BA1653	25823	5	4	0	0	0	0	0	0	0	0	0
A	BL	2	81	9	1	BA1653	25835	4	0	0	0	0	0	0	1	0	0	0
A	BL	2	81	9	1	BA1653	25899	4	5	1	1	0	0	0	0	0	0	0
A	BL	2	81	9	1	BA1653	25909	5	9	0	0	0	0	0	0	0	0	0
A	BL	2	81	9	1	BA1653	25919	9	10	0	0	0	0	0	0	0	0	0
A	BL	2	81	9	1	BA1653	25920	10	0	0	0	0	0	0	1	0	0	0
A	BL	2	81	9	1	BA1653	25994	10	2	0	0	0	0	0	0	0	0	0
A	BL	2	81	9	1	BA1653	25995	2	3	0	0	0	0	0	0	0	0	0
A	BL	2	81	9	1	BA1653	26182	3	5	1	1	0	0	0	0	0	0	0
A	BL	2	81	9	1	BA1653	26192	5	4	0	0	0	0	0	0	0	0	0
A	BL	2	81	9	1	BA1653	26214	4	0	0	0	0	0	0	1	0	0	0
A	BL	2	81	9	1	BA1653	26221	4	5	1	1	0	0	0	0	0	0	0
A	BL	2	81	9	1	BA1653	26227	5	0	0	0	0	0	0	1	0	0	0
A	BL	2	81	9	1	BA1653	26231	5	4	0	0	0	0	0	0	0	0	0
A	BL	2	81	9	1	BA1653	26287	4	5	1	1	0	0	0	0	0	0	0
A	BL	2	81	9	1	BA1653	26297	5	4	0	0	0	0	0	0	0	0	0
A	BL	2	81	9	1	BA1653	26370	4	0	0	0	0	0	0	1	0	0	0
A	BL	2	81	9	1	BA1653	26421	4	5	1	1	0	0	0	0	0	0	0
A	BL	2	81	9	1	BA1653	26431	5	4	0	0	0	0	0	0	0	0	0
A	BL	2	81	9	1	BA1653	26450	4	0	0	0	0	0	0	1	0	0	0
A	BL	2	81	9	1	BA1653	26492	4	5	1	1	0	0	0	0	0	0	0
A	BL	2	81	9	1	BA1653	26502	5	9	0	0	0	0	0	0	0	0	0
A	BL	2	81	9	1	BA1653	26512	9	10	0	0	0	0	0	0	0	0	0
A	BL	2	81	9	1	BA1653	26515	10	0	0	0	0	0	0	1	0	0	0
A	BL	2	81	9	1	BA1653	26587	10	2	0	0	0	0	0	0	0	0	0
A	BL	2	81	9	1	BA1653	26588	2	6	0	0	0	0	0	0	0	0	0
A	BL	2	81	9	1	BA1653	26764	6	0	0	1	0	0	0	0	0	0	0
A	BL	2	81	9	1	BA1653	26788	6	0	0	0	0	0	0	1	0	0	0
A	BL	2	81	9	1	BA1653	26858	6	8	2	0	1	0	0	0	0	0	0
A	BL	2	81	9	1	BA1653	26868	8	7	0	0	0	0	0	0	0	0	0
A	BL	2	81	9	1	BA1653	26869	7	0	0	0	0	0	0	0	1	0	0
A	BL	2	81	9	1	BA1653	26902	7	8	2	0	1	0	0	0	0	0	0
A	BL	2	81	9	1	BA1653	26904	8	0	0	0	0	0	0	0	1	0	0
A	BL	2	81	9	1	BA1653	26912	8	7	0	0	0	0	0	0	0	0	0
A	BL	2	81	9	1	BA1653	26924	7	8	2	0	1	0	0	0	0	0	0
A	BL	2	81	9	1	BA1653	26925	8	0	0	0	0	0	0	0	1	0	0
A	BL	2	81	9	1	BA1653	26934	8	7	0	0	0	0	0	0	0	0	0
A	BL	2	81	9	1	BA1653	27007	7	8	2	0	1	0	0	0	0	0	0
A	BL	2	81	9	1	BA1653	27017	8	7	0	0	0	0	0	0	0	0	0
A	BL	2	81	9	1	BA1653	27022	7	0	0	0	0	0	0	0	1	0	0
A	BL	2	81	9	1	BA1653	27037	7	8	2	0	1	0	0	0	0	0	0
A	BL	2	81	9	1	BA1653	27047	8	7	0	0	0	0	0	0	0	0	0
A	BL	2	81	9	1	BA1653	27050	7	0	0	0	0	0	0	0	1	0	0
A	BL	2	81	9	1	BA1653	27069	7	8	2	0	1	0	0	0	0	0	0
A	BL	2	81	9	1	BA1653	27070	8	0	0	0	0	0	0	0	1	0	0
A	BL	2	81	9	1	BA1653	27079	8	7	0	0	0	0	0	0	0	0	0
A	BL	2	81	9	1	BA1653	27082	7	8	2	0	1	0	0	0	0	0	0
A	BL	2	81	9	1	BA1653	27085	8	0	0	0	0	0	0	0	1	0	0
A	BL	2	81	9	1	BA1653	27090	8	0	0	0	1	0	0	0	0	0	0
A	BL	2	81	9	1	BA1653	27092	8	7	0	0	0	0	0	0	0	0	0
A	BL	2	81	9	1	BA1653	27137	7	0	0	0	0	0	0	0	1	0	0
A	BL	2	81	9	1	BA1653	27167	7	8	2	0	1	0	0	0	0	0	0
A	BL	2	81	9	1	BA1653	27170	8	0	0	0	0	0	0	0	1	0	0
A	BL	2	81	9	1	BA1653	27177	8	7	0	0	0	0	0	0	0	0	0
A	BL	2	81	9	1	BA1653	27180	7	8	2	0	1	0	0	0	0	0	0
A	BL	2	81	9	1	BA1653	27184	8	0	0	0	0	0	0	0	1	0	0
A	BL	2	81	9	1	BA1653	27188	8	0	0	0	1	0	0	0	0	0	0
A	BL	2	81	9	1	BA1653	27190	8	7	0	0	0	0	0	0	0	0	0
A	BL	2	81	9	1	BA1653	27216	7	0	0	0	0	0	0	0	1	0	0
A	BL	2	81	9	1	BA1653	27236	7	8	2	0	1	0	0	0	0	0	0
A	BL	2	81	9	1	BA1653	27246	8	9	0	0	0	0	0	0	0	0	0
A	BL	2	81	9	1	BA1653	27256	9	10	0	0	0	0	0	0	1	0	0
A	BL	2	81	9	1	BA1653	27331	10	2	0	0	0	0	0	0	0	0	0
A	BL	2	81	9	1	BA1653	27332	2	3	0	0	0	0	0	0	0	0	0
A	BL	2	81	9	1	BA1653	27768	3	5	1	1	0	0	0	0	0	0	0
A	BL	2	81	9	1	BA1653	27778	5	4	0	0	0	0	0	0	0	0	0
A	BL	2	81	9	1	BA1653	27782	4	0	0	0	0	0	0	1	0	0	0
A	BL	2	81	9	1	BA1653	27831	4	5	1	1	0	0	0	0	0	0	0
A	BL	2	81	9	1	BA1653	27841	5	4	0	0	0	0	0	0	0	0	0
A	BL	2	81	9	1	BA1653	27863	4	0	0	0	0	0	0	1	0	0	0
A	BL	2	81	9	1	BA1653	27933	4	5	1	1	0	0	0	0	0	0	0
A	BL	2	81	9	1	BA1653	27943	5	4	0	0	0	0	0	0	0	0	0
A	BL	2	81	9	1	BA1653	28002	4	0	0	0	0	0	0	1	0	0	0
A	BL	2	81	9	1	BA1653	28064	4	5	1	1	0	0	0	0	0	0	0
A	BL	2	81	9	1	BA1653	28074	5	4	0	0	0	0	0	0	0	0	0
A	BL	2	81	9	1	BA1653	28106	4	0	0	0	0	0	0	1	0	0	0
A	BL	2	81	9	1	BA1653	28123	4	5	1	1	0	0	0	0	0	0	0
A	BL	2	81	9	1	BA1653	28133	5	9	0	0	0	0	0	0	0	0	0
A	BL	2	81	9	1	BA1653	28143	9	10	0	0	0	0	0	0	0	0	0
A	BL	2	81	9	1	BA1653	28176	10	0	0	0	0	0	0	1	0	0	0
A	BL	2	81	9	1	BA1653	28218	10	2	0	0	0	0	0	0	0	0	0
A	BL	2	81	9	1	BA1653	28219	2	3	0	0	0	0	0	0	0	0	0
A	BL	2	81	9	1	BA1653	28473	3	5	1	1	0	0	0	0	0	0	0
A	BL	2	81	9	1	BA1653	28483	5	4	0	0	0	0	0	0	0	0	0
A	BL	2	81	9	1	BA1653	28527	4	0	0	0	0	0	0	1	0	0	0
A	BL	2	81	9	1	BA1653	28625	4	5	1	1	0	0	0	0	0	0	0
A	BL	2	81	9	1	BA1653	28635	5	4	0	0	0	0	0	0	0	0	0
A	BL	2	81	9	1	BA1653	28660	4	0	0	0	0	0	0	1	0	0	0
A	BL	2	81	9	1	BA1653	28714	4	5	1	1	0	0	0	0	0	0	0
A	BL	2	81	9	1	BA1653	28724	5	4	0	0	0	0	0	0	0	0	0
A	BL	2	81	9	1	BA1653	28759	4	0	0	0	0	0	0	1	0	0	0
A	BL	2	81	9	1	BA1653	28768	4	5	1	1	0	0	0	0	0	0	0
A	BL	2	81	9	1	BA1653	28778	5	4	0	0	0	0	0	0	0	0	0
A	BL	2	81	9	1	BA1653	28978	4	0	0	0	0	0	0	1	0	0	0
A	BL	2	81	9	1	BA1653	29036	4	5	1	1	0	0	0	0	0	0	0
A	BL	2	81	9	1	BA1653	29046	5	9	0	0	0	0	0	0	0	0	0
A	BL	2	81	9	1	BA1653	29056	9	10	0	0	0	0	0	0	0	0	0
A	BL	2	81	9	1	BA1653	29063	10	0	0	0	0	0	0	1	0	0	0
A	BL	2	81	9	1	BA1653	29131	10	2	0	0	0	0	0	0	0	0	0
A	BL	2	81	9	1	BA1653	29132	2	6	0	0	0	0	0	0	0	0	0
A	BL	2	81	9	1	BA1653	29434	6	8	2	0	1	0	0	0	0	0	0
A	BL	2	81	9	1	BA1653	29444	8	7	0	0	0	0	0	0	0	0	0
A	BL	2	81	9	1	BA1653	29461	7	0	0	0	0	0	0	0	1	0	0
A	BL	2	81	9	1	BA1653	29500	7	8	2	0	1	0	0	0	0	0	0
A	BL	2	81	9	1	BA1653	29510	8	7	0	0	0	0	0	0	0	0	0
A	BL	2	81	9	1	BA1653	29550	7	0	0	0	0	0	0	0	1	0	0
A	BL	2	81	9	1	BA1653	29589	7	8	2	0	1	0	0	0	0	0	0
A	BL	2	81	9	1	BA1653	29599	8	7	0	0	0	0	0	0	0	0	0
A	BL	2	81	9	1	BA1653	29615	7	0	0	0	0	0	0	0	1	0	0
A	BL	2	81	9	1	BA1653	29757	7	8	2	0	1	0	0	0	0	0	0
A	BL	2	81	9	1	BA1653	29767	8	7	0	0	0	0	0	0	0	0	0
A	BL	2	81	9	1	BA1653	29806	7	0	0	0	0	0	0	0	1	0	0
A	BL	2	81	9	1	BA1653	29809	7	8	2	0	1	0	0	0	0	0	0
A	BL	2	81	9	1	BA1653	29811	8	0	0	0	0	0	0	0	1	0	0
A	BL	2	81	9	1	BA1653	29818	8	0	0	0	1	0	0	0	0	0	0
A	BL	2	81	9	1	BA1653	29819	8	7	0	0	0	0	0	0	0	0	0
A	BL	2	81	9	1	BA1653	29831	7	0	0	0	0	0	0	0	1	0	0
A	BL	2	81	9	1	BA1653	29835	7	8	2	0	1	0	0	0	0	0	0
A	BL	2	81	9	1	BA1653	29845	8	7	0	0	0	0	0	0	0	0	0
A	BL	2	81	9	1	BA1653	29863	7	0	0	0	0	0	0	0	1	0	0
A	BL	2	81	9	1	BA1653	29866	7	8	2	0	1	0	0	0	0	0	0
A	BL	2	81	9	1	BA1653	29867	8	0	0	0	0	0	0	0	1	0	0
A	BL	2	81	9	1	BA1653	29876	8	7	0	0	0	0	0	0	0	0	0
A	BL	2	81	9	1	BA1653	29884	7	8	2	0	1	0	0	0	0	0	0
A	BL	2	81	9	1	BA1653	29887	8	0	0	0	0	0	0	0	1	0	0
A	BL	2	81	9	1	BA1653	29894	8	7	0	0	0	0	0	0	0	0	0
A	BL	2	81	9	1	BA1653	29896	7	8	2	0	1	0	0	0	0	0	0
A	BL	2	81	9	1	BA1653	29901	8	0	0	0	0	0	0	0	1	0	0
A	BL	2	81	9	1	BA1653	29906	8	7	0	0	0	0	0	0	0	0	0
A	BL	2	81	9	1	BA1653	29908	7	8	2	0	1	0	0	0	0	0	0
A	BL	2	81	9	1	BA1653	29918	8	9	0	0	0	0	0	0	0	0	0
A	BL	2	81	9	1	BA1653	29928	9	10	0	0	0	0	0	0	0	0	0
A	BL	2	81	9	1	BA1653	29934	10	0	0	0	0	0	0	0	1	0	0
A	BL	2	81	9	1	BA1653	30003	10	2	0	0	0	0	0	0	0	0	0
A	BL	2	81	9	1	BA1653	30004	2	3	0	0	0	0	0	0	0	0	0
A	BL	2	81	9	1	BA1653	30526	3	5	1	1	0	0	0	0	0	0	0
A	BL	2	81	9	1	BA1653	30536	5	4	0	0	0	0	0	0	0	0	0
A	BL	2	81	9	1	BA1653	30545	4	0	0	0	0	0	0	1	0	0	0
A	BL	2	81	9	1	BA1653	30603	4	5	1	1	0	0	0	0	0	0	0
A	BL	2	81	9	1	BA1653	30613	5	4	0	0	0	0	0	0	0	0	0
A	BL	2	81	9	1	BA1653	30656	4	0	0	0	0	0	0	1	0	0	0
A	BL	2	81	9	1	BA1653	30684	4	5	1	1	0	0	0	0	0	0	0
A	BL	2	81	9	1	BA1653	30694	5	4	0	0	0	0	0	0	0	0	0
A	BL	2	81	9	1	BA1653	30741	4	0	0	0	0	0	0	1	0	0	0
A	BL	2	81	9	1	BA1653	30806	4	5	1	1	0	0	0	0	0	0	0
A	BL	2	81	9	1	BA1653	30816	5	4	0	0	0	0	0	0	0	0	0
A	BL	2	81	9	1	BA1653	30990	4	0	0	0	0	0	0	1	0	0	0
A	BL	2	81	9	1	BA1653	30999	4	5	1	1	0	0	0	0	0	0	0
A	BL	2	81	9	1	BA1653	31009	5	9	0	0	0	0	0	0	0	0	0
A	BL	2	81	9	1	BA1653	31016	9	0	0	0	0	0	0	1	0	0	0
A	BL	2	81	9	1	BA1653	31019	9	10	0	0	0	0	0	0	0	0	0
A	BL	2	81	9	1	BA1653	31094	10	2	0	0	0	0	0	0	0	0	0
A	BL	2	81	9	1	BA1653	31095	2	3	0	0	0	0	0	0	0	0	0
A	BL	2	81	9	1	BA1653	31239	3	5	1	1	0	0	0	0	0	0	0
A	BL	2	81	9	1	BA1653	31249	5	4	0	0	0	0	0	0	0	0	0
A	BL	2	81	9	1	BA1653	31267	4	0	0	0	0	0	0	1	0	0	0
A	BL	2	81	9	1	BA1653	31328	4	5	1	1	0	0	0	0	0	0	0
A	BL	2	81	9	1	BA1653	31338	5	4	0	0	0	0	0	0	0	0	0
A	BL	2	81	9	1	BA1653	31371	4	0	0	0	0	0	0	1	0	0	0
A	BL	2	81	9	1	BA1653	31412	4	5	1	1	0	0	0	0	0	0	0
A	BL	2	81	9	1	BA1653	31422	5	4	0	0	0	0	0	0	0	0	0
A	BL	2	81	9	1	BA1653	31442	4	0	0	0	0	0	0	1	0	0	0
A	BL	2	81	9	1	BA1653	31499	4	5	1	1	0	0	0	0	0	0	0
A	BL	2	81	9	1	BA1653	31509	5	4	0	0	0	0	0	0	0	0	0
A	BL	2	81	9	1	BA1653	31557	4	0	0	0	0	0	0	1	0	0	0
A	BL	2	81	9	1	BA1653	31567	4	5	1	1	0	0	0	0	0	0	0
A	BL	2	81	9	1	BA1653	31577	5	9	0	0	0	0	0	0	0	0	0
A	BL	2	81	9	1	BA1653	31587	9	10	0	0	0	0	0	0	0	0	0
A	BL	2	81	9	1	BA1653	31590	10	0	0	0	0	0	0	1	0	0	0
A	BL	2	81	9	1	BA1653	31662	10	2	0	0	0	0	0	0	0	0	0
A	BL	2	81	9	1	BA1653	31663	2	3	0	0	0	0	0	0	0	0	0
A	BL	2	81	9	1	BA1653	31786	3	5	1	1	0	0	0	0	0	0	0
A	BL	2	81	9	1	BA1653	31796	5	4	0	0	0	0	0	0	0	0	0
A	BL	2	81	9	1	BA1653	31824	4	0	0	0	0	0	0	1	0	0	0
A	BL	2	81	9	1	BA1653	31915	4	5	1	1	0	0	0	0	0	0	0
A	BL	2	81	9	1	BA1653	31925	5	4	0	0	0	0	0	0	0	0	0
A	BL	2	81	9	1	BA1653	31973	4	0	0	0	0	0	0	1	0	0	0
A	BL	2	81	9	1	BA1653	32012	4	5	1	1	0	0	0	0	0	0	0
A	BL	2	81	9	1	BA1653	32022	5	4	0	0	0	0	0	0	0	0	0
A	BL	2	81	9	1	BA1653	32084	4	0	0	0	0	0	0	1	0	0	0
A	BL	2	81	9	1	BA1653	32130	4	5	1	1	0	0	0	0	0	0	0
A	BL	2	81	9	1	BA1653	32140	5	4	0	0	0	0	0	0	0	0	0
A	BL	2	81	9	1	BA1653	32239	4	0	0	0	0	0	0	1	0	0	0
A	BL	2	81	9	1	BA1653	32242	4	5	1	1	0	0	0	0	0	0	0
A	BL	2	81	9	1	BA1653	32252	5	9	0	0	0	0	0	0	0	0	0
A	BL	2	81	9	1	BA1653	32262	9	10	0	0	0	0	0	0	0	0	0
A	BL	2	81	9	1	BA1653	32276	10	0	0	0	0	0	0	1	0	0	0
A	BL	2	81	9	1	BA1653	32337	10	2	0	0	0	0	0	0	0	0	0
A	BL	2	81	9	1	BA1653	32338	2	6	0	0	0	0	0	0	0	0	0
A	BL	2	81	9	1	BA1653	32767	6	8	2	0	1	0	0	0	0	0	0
A	BL	2	81	9	1	BA1653	32777	8	7	0	0	0	0	0	0	0	0	0
A	BL	2	81	9	1	BA1653	32782	7	0	0	0	0	0	0	0	1	0	0
A	BL	2	81	9	1	BA1653	32804	7	8	2	0	1	0	0	0	0	0	0
A	BL	2	81	9	1	BA1653	32814	8	7	0	0	0	0	0	0	0	0	0
A	BL	2	81	9	1	BA1653	32843	7	0	0	0	0	0	0	0	1	0	0
A	BL	2	81	9	1	BA1653	32983	7	8	2	0	1	0	0	0	0	0	0
A	BL	2	81	9	1	BA1653	32993	8	7	0	0	0	0	0	0	0	0	0
A	BL	2	81	9	1	BA1653	33010	7	0	0	0	0	0	0	0	1	0	0
A	BL	2	81	9	1	BA1653	33012	7	8	2	0	1	0	0	0	0	0	0
A	BL	2	81	9	1	BA1653	33022	8	7	0	0	0	0	0	0	1	0	0
A	BL	2	81	9	1	BA1653	33023	7	8	2	0	1	0	0	0	0	0	0
A	BL	2	81	9	1	BA1653	33025	8	0	0	0	0	0	0	0	1	0	0
A	BL	2	81	9	1	BA1653	33026	8	0	0	0	1	0	0	0	0	0	0
A	BL	2	81	9	1	BA1653	33033	8	7	0	0	0	0	0	0	0	0	0
A	BL	2	81	9	1	BA1653	33035	7	0	0	0	0	0	0	0	1	0	0
A	BL	2	81	9	1	BA1653	33037	7	8	2	0	1	0	0	0	0	0	0
A	BL	2	81	9	1	BA1653	33047	8	7	0	0	0	0	0	0	0	0	0
A	BL	2	81	9	1	BA1653	33050	7	0	0	0	0	0	0	0	1	0	0
A	BL	2	81	9	1	BA1653	33058	7	8	2	0	1	0	0	0	0	0	0
A	BL	2	81	9	1	BA1653	33061	8	0	0	0	0	0	0	0	1	0	0
A	BL	2	81	9	1	BA1653	33068	8	7	0	0	0	0	0	0	0	0	0
A	BL	2	81	9	1	BA1653	33080	7	8	2	0	1	0	0	0	0	0	0
A	BL	2	81	9	1	BA1653	33086	8	0	0	0	0	0	0	0	1	0	0
A	BL	2	81	9	1	BA1653	33090	8	7	0	0	0	0	0	0	0	0	0
A	BL	2	81	9	1	BA1653	33104	7	8	2	0	1	0	0	0	0	0	0
A	BL	2	81	9	1	BA1653	33114	8	7	0	0	0	0	0	0	0	0	0
A	BL	2	81	9	1	BA1653	33131	7	0	0	0	0	0	0	0	1	0	0
A	BL	2	81	9	1	BA1653	33150	7	8	2	0	1	0	0	0	0	0	0
A	BL	2	81	9	1	BA1653	33160	8	9	0	0	0	0	0	0	0	0	0
A	BL	2	81	9	1	BA1653	33169	9	0	0	0	0	0	0	0	1	0	0
A	BL	2	81	9	1	BA1653	33170	9	10	0	0	0	0	0	0	0	0	0
A	BL	2	81	9	1	BA1653	33245	10	2	0	0	0	0	0	0	0	0	0
A	BL	2	81	9	1	BA1653	33246	2	3	0	0	0	0	0	0	0	0	0
A	BL	2	81	9	1	BA1653	33739	3	5	1	1	0	0	0	0	0	0	0
A	BL	2	81	9	1	BA1653	33749	5	4	0	0	0	0	0	0	0	0	0
A	BL	2	81	9	1	BA1653	33766	4	0	0	0	0	0	0	1	0	0	0
A	BL	2	81	9	1	BA1653	33836	4	5	1	1	0	0	0	0	0	0	0
A	BL	2	81	9	1	BA1653	33846	5	4	0	0	0	0	0	0	0	0	0
A	BL	2	81	9	1	BA1653	33850	4	0	0	0	0	0	0	1	0	0	0
A	BL	2	81	9	1	BA1653	33857	4	5	1	1	0	0	0	0	0	0	0
A	BL	2	81	9	1	BA1653	33867	5	4	0	0	0	0	0	0	0	0	0
A	BL	2	81	9	1	BA1653	33884	4	0	0	0	0	0	0	1	0	0	0
A	BL	2	81	9	1	BA1653	33943	4	5	1	1	0	0	0	0	0	0	0
A	BL	2	81	9	1	BA1653	33948	5	0	0	0	0	0	0	1	0	0	0
A	BL	2	81	9	1	BA1653	33953	5	4	0	0	0	0	0	0	0	0	0
A	BL	2	81	9	1	BA1653	33970	4	5	1	1	0	0	0	0	0	0	0
A	BL	2	81	9	1	BA1653	33980	5	9	0	0	0	0	0	0	0	0	0
A	BL	2	81	9	1	BA1653	33990	9	10	0	0	0	0	0	0	0	0	0
A	BL	2	81	9	1	BA1653	33991	10	0	0	0	0	0	0	1	0	0	0
A	BL	2	81	9	1	BA1653	34065	10	2	0	0	0	0	0	0	0	0	0
A	BL	2	81	9	1	BA1653	34066	2	3	0	0	0	0	0	0	0	0	0
A	BL	2	81	9	1	BA1653	34244	3	5	1	1	0	0	0	0	0	0	0
A	BL	2	81	9	1	BA1653	34254	5	4	0	0	0	0	0	0	0	0	0
A	BL	2	81	9	1	BA1653	34286	4	0	0	0	0	0	0	1	0	0	0
A	BL	2	81	9	1	BA1653	34328	4	5	1	1	0	0	0	0	0	0	0
A	BL	2	81	9	1	BA1653	34338	5	4	0	0	0	0	0	0	0	0	0
A	BL	2	81	9	1	BA1653	34373	4	0	0	0	0	0	0	1	0	0	0
A	BL	2	81	9	1	BA1653	34427	4	5	1	1	0	0	0	0	0	0	0
A	BL	2	81	9	1	BA1653	34437	5	4	0	0	0	0	0	0	0	0	0
A	BL	2	81	9	1	BA1653	34490	4	0	0	0	0	0	0	1	0	0	0
A	BL	2	81	9	1	BA1653	34525	4	5	1	1	0	0	0	0	0	0	0
A	BL	2	81	9	1	BA1653	34535	5	4	0	0	0	0	0	0	0	0	0
A	BL	2	81	9	1	BA1653	34569	4	0	0	0	0	0	0	1	0	0	0
A	BL	2	81	9	1	BA1653	34576	4	5	1	1	0	0	0	0	0	0	0
A	BL	2	81	9	1	BA1653	34586	5	9	0	0	0	0	0	0	0	0	0
A	BL	2	81	9	1	BA1653	34596	9	10	0	0	0	0	0	0	0	0	0
A	BL	2	81	9	1	BA1653	34601	10	0	0	0	0	0	0	1	0	0	0
A	BL	2	81	9	1	BA1653	34671	10	2	0	0	0	0	0	0	0	0	0
A	BL	2	81	9	1	BA1653	34672	2	6	0	0	0	0	0	0	0	0	0
A	BL	2	81	9	1	BA1653	35052	6	8	2	0	1	0	0	0	0	0	0
A	BL	2	81	9	1	BA1653	35062	8	7	0	0	0	0	0	0	0	0	0
A	BL	2	81	9	1	BA1653	35065	7	0	0	0	0	0	0	0	1	0	0
A	BL	2	81	9	1	BA1653	35111	7	8	2	0	1	0	0	0	0	0	0
A	BL	2	81	9	1	BA1653	35121	8	7	0	0	0	0	0	0	0	0	0
A	BL	2	81	9	1	BA1653	35153	7	0	0	0	0	0	0	0	1	0	0
A	BL	2	81	9	1	BA1653	35160	7	8	2	0	1	0	0	0	0	0	0
A	BL	2	81	9	1	BA1653	35165	8	0	0	0	0	0	0	0	1	0	0
A	BL	2	81	9	1	BA1653	35167	8	0	0	0	1	0	0	0	0	0	0
A	BL	2	81	9	1	BA1653	35170	8	7	0	0	0	0	0	0	0	0	0
A	BL	2	81	9	1	BA1653	35173	7	0	0	0	0	0	0	0	1	0	0
A	BL	2	81	9	1	BA1653	35178	7	8	2	0	1	0	0	0	0	0	0
A	BL	2	81	9	1	BA1653	35186	8	0	0	0	0	0	0	0	1	0	0
A	BL	2	81	9	1	BA1653	35188	8	7	0	0	0	0	0	0	0	0	0
A	BL	2	81	9	1	BA1653	35205	7	8	2	0	1	0	0	0	0	0	0
A	BL	2	81	9	1	BA1653	35206	8	0	0	0	0	0	0	0	1	0	0
A	BL	2	81	9	1	BA1653	35215	8	7	0	0	0	0	0	0	0	0	0
A	BL	2	81	9	1	BA1653	35226	7	8	2	0	1	0	0	0	0	0	0
A	BL	2	81	9	1	BA1653	35236	8	7	0	0	0	0	0	0	0	0	0
A	BL	2	81	9	1	BA1653	35244	7	0	0	0	0	0	0	0	1	0	0
A	BL	2	81	9	1	BA1653	35321	7	8	2	0	1	0	0	0	0	0	0
A	BL	2	81	9	1	BA1653	35331	8	7	0	0	0	0	0	0	0	0	0
A	BL	2	81	9	1	BA1653	35378	7	0	0	0	0	0	0	0	1	0	0
A	BL	2	81	9	1	BA1653	35397	7	8	2	0	1	0	0	0	0	0	0
A	BL	2	81	9	1	BA1653	35407	8	7	0	0	0	0	0	0	1	0	0
A	BL	2	81	9	1	BA1653	35410	7	8	2	0	1	0	0	0	0	0	0
A	BL	2	81	9	1	BA1653	35413	8	0	0	0	0	0	0	0	1	0	0
A	BL	2	81	9	1	BA1653	35420	8	7	0	0	0	0	0	0	0	0	0
A	BL	2	81	9	1	BA1653	35436	7	8	2	0	1	0	0	0	0	0	0
A	BL	2	81	9	1	BA1653	35446	8	9	0	0	0	0	0	0	0	0	0
A	BL	2	81	9	1	BA1653	35456	9	10	0	0	0	0	0	0	0	0	0
A	BL	2	81	9	1	BA1653	35457	10	0	0	0	0	0	0	0	1	0	0
A	BL	2	81	9	1	BA1653	35531	10	2	0	0	0	0	0	0	0	0	0
A	BL	2	81	9	1	BA1653	35532	2	6	0	0	0	0	0	0	0	0	0
A	BL	2	81	9	1	BA1653	36033	6	8	2	0	1	0	0	0	0	0	0
A	BL	2	81	9	1	BA1653	36043	8	7	0	0	0	0	0	0	0	0	0
A	BL	2	81	9	1	BA1653	36057	7	0	0	0	0	0	0	0	1	0	0
A	BL	2	81	9	1	BA1653	36060	7	8	2	0	1	0	0	0	0	0	0
A	BL	2	81	9	1	BA1653	36070	8	7	0	0	0	0	0	0	0	0	0
A	BL	2	81	9	1	BA1653	36094	7	0	0	0	0	0	0	0	1	0	0
A	BL	2	81	9	1	BA1653	36171	7	8	2	0	1	0	0	0	0	0	0
A	BL	2	81	9	1	BA1653	36181	8	7	0	0	0	0	0	0	0	0	0
A	BL	2	81	9	1	BA1653	36193	7	0	0	0	0	0	0	0	1	0	0
A	BL	2	81	9	1	BA1653	36221	7	8	2	0	1	0	0	0	0	0	0
A	BL	2	81	9	1	BA1653	36225	8	0	0	0	0	0	0	0	1	0	0
A	BL	2	81	9	1	BA1653	36231	8	7	0	0	0	0	0	0	0	0	0
A	BL	2	81	9	1	BA1653	36247	7	8	2	0	1	0	0	0	0	0	0
A	BL	2	81	9	1	BA1653	36257	8	7	0	0	0	0	0	0	0	0	0
A	BL	2	81	9	1	BA1653	36307	7	0	0	0	0	0	0	0	1	0	0
A	BL	2	81	9	1	BA1653	36340	7	8	2	0	1	0	0	0	0	0	0
A	BL	2	81	9	1	BA1653	36342	8	0	0	0	0	0	0	0	1	0	0
A	BL	2	81	9	1	BA1653	36350	8	7	0	0	0	0	0	0	0	0	0
A	BL	2	81	9	1	BA1653	36369	7	8	2	0	1	0	0	0	0	0	0
A	BL	2	81	9	1	BA1653	36372	8	0	0	0	0	0	0	0	1	0	0
A	BL	2	81	9	1	BA1653	36379	8	7	0	0	0	0	0	0	0	0	0
A	BL	2	81	9	1	BA1653	36397	7	8	2	0	1	0	0	0	0	0	0
A	BL	2	81	9	1	BA1653	36407	8	7	0	0	0	0	0	0	0	0	0
A	BL	2	81	9	1	BA1653	36423	7	0	0	0	0	0	0	0	1	0	0
A	BL	2	81	9	1	BA1653	36460	7	8	2	0	1	0	0	0	0	0	0
A	BL	2	81	9	1	BA1653	36470	8	7	0	0	0	0	0	0	0	0	0
A	BL	2	81	9	1	BA1653	36522	7	0	0	0	0	0	0	0	1	0	0
A	BL	2	81	9	1	BA1653	36583	7	8	2	0	1	0	0	0	0	0	0
A	BL	2	81	9	1	BA1653	36585	8	0	0	0	0	0	0	0	1	0	0
A	BL	2	81	9	1	BA1653	36588	8	0	0	0	1	0	0	0	0	0	0
A	BL	2	81	9	1	BA1653	36593	8	9	0	0	0	0	0	0	0	0	0
A	BL	2	81	9	1	BA1653	36603	9	-1	0	0	0	0	0	0	0	0	0
