Project	UserID	Protocol	Session	Station	Run	Subject	Time	Current State	Transition State	Transition Event	A1 - LEFT	A2 - RIGH	A3 - 	A4 - 	A[1] LEFT	A[2] RIGH	A[3] 	A[4] 
A	BL	1	80	9	2	BA1651	0	0	1	0	0	0	0	0	0	0	0	0
A	BL	1	80	9	2	BA1651	50	1	2	0	0	0	0	0	0	0	0	0
A	BL	1	80	9	2	BA1651	51	2	3	0	0	0	0	0	0	0	0	0
A	BL	1	80	9	2	BA1651	360	3	5	1	1	0	0	0	0	0	0	0
A	BL	1	80	9	2	BA1651	370	5	4	0	0	0	0	0	0	0	0	0
A	BL	1	80	9	2	BA1651	414	4	0	0	0	0	0	0	1	0	0	0
A	BL	1	80	9	2	BA1651	438	4	5	1	1	0	0	0	0	0	0	0
A	BL	1	80	9	2	BA1651	448	5	4	0	0	0	0	0	0	0	0	0
A	BL	1	80	9	2	BA1651	456	4	0	0	0	0	0	0	1	0	0	0
A	BL	1	80	9	2	BA1651	469	4	5	1	1	0	0	0	0	0	0	0
A	BL	1	80	9	2	BA1651	479	5	4	0	0	0	0	0	0	0	0	0
A	BL	1	80	9	2	BA1651	492	4	0	0	0	0	0	0	1	0	0	0
A	BL	1	80	9	2	BA1651	515	4	5	1	1	0	0	0	0	0	0	0
A	BL	1	80	9	2	BA1651	525	5	4	0	0	0	0	0	0	0	0	0
A	BL	1	80	9	2	BA1651	542	4	0	0	0	0	0	0	1	0	0	0
A	BL	1	80	9	2	BA1651	551	4	5	1	1	0	0	0	0	0	0	0
A	BL	1	80	9	2	BA1651	561	5	9	0	0	0	0	0	0	0	0	0
A	BL	1	80	9	2	BA1651	571	9	10	0	0	0	0	0	0	0	0	0
A	BL	1	80	9	2	BA1651	576	10	0	0	0	0	0	0	1	0	0	0
A	BL	1	80	9	2	BA1651	646	10	2	0	0	0	0	0	0	0	0	0
A	BL	1	80	9	2	BA1651	647	2	6	0	0	0	0	0	0	0	0	0
A	BL	1	80	9	2	BA1651	1085	6	8	2	0	1	0	0	0	0	0	0
A	BL	1	80	9	2	BA1651	1095	8	7	0	0	0	0	0	0	0	0	0
A	BL	1	80	9	2	BA1651	1113	7	0	0	0	0	0	0	0	1	0	0
A	BL	1	80	9	2	BA1651	1120	7	8	2	0	1	0	0	0	0	0	0
A	BL	1	80	9	2	BA1651	1130	8	7	0	0	0	0	0	0	0	0	0
A	BL	1	80	9	2	BA1651	1161	7	0	0	0	0	0	0	0	1	0	0
A	BL	1	80	9	2	BA1651	1168	7	8	2	0	1	0	0	0	0	0	0
A	BL	1	80	9	2	BA1651	1172	8	0	0	0	0	0	0	0	1	0	0
A	BL	1	80	9	2	BA1651	1176	8	0	0	0	1	0	0	0	0	0	0
A	BL	1	80	9	2	BA1651	1178	8	7	0	0	0	0	0	0	1	0	0
A	BL	1	80	9	2	BA1651	1199	7	8	2	0	1	0	0	0	0	0	0
A	BL	1	80	9	2	BA1651	1209	8	7	0	0	0	0	0	0	0	0	0
A	BL	1	80	9	2	BA1651	1215	7	0	0	0	0	0	0	0	1	0	0
A	BL	1	80	9	2	BA1651	1219	7	8	2	0	1	0	0	0	0	0	0
A	BL	1	80	9	2	BA1651	1229	8	7	0	0	0	0	0	0	0	0	0
A	BL	1	80	9	2	BA1651	1242	7	0	0	0	0	0	0	0	1	0	0
A	BL	1	80	9	2	BA1651	1255	7	8	2	0	1	0	0	0	0	0	0
A	BL	1	80	9	2	BA1651	1265	8	7	0	0	0	0	0	0	0	0	0
A	BL	1	80	9	2	BA1651	1267	7	0	0	0	0	0	0	0	1	0	0
A	BL	1	80	9	2	BA1651	1270	7	8	2	0	1	0	0	0	0	0	0
A	BL	1	80	9	2	BA1651	1280	8	7	0	0	0	0	0	0	0	0	0
A	BL	1	80	9	2	BA1651	1289	7	0	0	0	0	0	0	0	1	0	0
A	BL	1	80	9	2	BA1651	1294	7	8	2	0	1	0	0	0	0	0	0
A	BL	1	80	9	2	BA1651	1302	8	0	0	0	0	0	0	0	1	0	0
A	BL	1	80	9	2	BA1651	1303	8	0	0	0	1	0	0	0	0	0	0
A	BL	1	80	9	2	BA1651	1304	8	7	0	0	0	0	0	0	0	0	0
A	BL	1	80	9	2	BA1651	1318	7	0	0	0	0	0	0	0	1	0	0
A	BL	1	80	9	2	BA1651	1333	7	8	2	0	1	0	0	0	0	0	0
A	BL	1	80	9	2	BA1651	1343	8	7	0	0	0	0	0	0	0	0	0
A	BL	1	80	9	2	BA1651	1365	7	0	0	0	0	0	0	0	1	0	0
A	BL	1	80	9	2	BA1651	1375	7	8	2	0	1	0	0	0	0	0	0
A	BL	1	80	9	2	BA1651	1384	8	0	0	0	0	0	0	0	1	0	0
A	BL	1	80	9	2	BA1651	1385	8	9	0	0	0	0	0	0	0	0	0
A	BL	1	80	9	2	BA1651	1395	9	10	0	0	0	0	0	0	0	0	0
A	BL	1	80	9	2	BA1651	1470	10	2	0	0	0	0	0	0	0	0	0
A	BL	1	80	9	2	BA1651	1471	2	6	0	0	0	0	0	0	0	0	0
A	BL	1	80	9	2	BA1651	1603	6	0	0	1	0	0	0	0	0	0	0
A	BL	1	80	9	2	BA1651	1611	6	0	0	0	0	0	0	1	0	0	0
A	BL	1	80	9	2	BA1651	1753	6	8	2	0	1	0	0	0	0	0	0
A	BL	1	80	9	2	BA1651	1755	8	0	0	0	0	0	0	0	1	0	0
A	BL	1	80	9	2	BA1651	1763	8	7	0	0	0	0	0	0	0	0	0
A	BL	1	80	9	2	BA1651	1794	7	8	2	0	1	0	0	0	0	0	0
A	BL	1	80	9	2	BA1651	1804	8	7	0	0	0	0	0	0	0	0	0
A	BL	1	80	9	2	BA1651	1813	7	0	0	0	0	0	0	0	1	0	0
A	BL	1	80	9	2	BA1651	1834	7	8	2	0	1	0	0	0	0	0	0
A	BL	1	80	9	2	BA1651	1844	8	7	0	0	0	0	0	0	0	0	0
A	BL	1	80	9	2	BA1651	1875	7	0	0	0	0	0	0	0	1	0	0
A	BL	1	80	9	2	BA1651	1893	7	8	2	0	1	0	0	0	0	0	0
A	BL	1	80	9	2	BA1651	1899	8	0	0	0	0	0	0	0	1	0	0
A	BL	1	80	9	2	BA1651	1903	8	7	0	0	0	0	0	0	0	0	0
A	BL	1	80	9	2	BA1651	1938	7	8	2	0	1	0	0	0	0	0	0
A	BL	1	80	9	2	BA1651	1948	8	7	0	0	0	0	0	0	0	0	0
A	BL	1	80	9	2	BA1651	1982	7	0	0	0	0	0	0	0	1	0	0
A	BL	1	80	9	2	BA1651	2011	7	8	2	0	1	0	0	0	0	0	0
A	BL	1	80	9	2	BA1651	2021	8	7	0	0	0	0	0	0	0	0	0
A	BL	1	80	9	2	BA1651	2067	7	0	0	0	0	0	0	0	1	0	0
A	BL	1	80	9	2	BA1651	2101	7	8	2	0	1	0	0	0	0	0	0
A	BL	1	80	9	2	BA1651	2111	8	7	0	0	0	0	0	0	0	0	0
A	BL	1	80	9	2	BA1651	2144	7	0	0	0	0	0	0	0	1	0	0
A	BL	1	80	9	2	BA1651	2150	7	8	2	0	1	0	0	0	0	0	0
A	BL	1	80	9	2	BA1651	2160	8	7	0	0	0	0	0	0	1	0	0
A	BL	1	80	9	2	BA1651	2169	7	8	2	0	1	0	0	0	0	0	0
A	BL	1	80	9	2	BA1651	2179	8	7	0	0	0	0	0	0	0	0	0
A	BL	1	80	9	2	BA1651	2182	7	0	0	0	0	0	0	0	1	0	0
A	BL	1	80	9	2	BA1651	2224	7	8	2	0	1	0	0	0	0	0	0
A	BL	1	80	9	2	BA1651	2234	8	9	0	0	0	0	0	0	0	0	0
A	BL	1	80	9	2	BA1651	2244	9	10	0	0	0	0	0	0	0	0	0
A	BL	1	80	9	2	BA1651	2246	10	0	0	0	0	0	0	0	1	0	0
A	BL	1	80	9	2	BA1651	2319	10	2	0	0	0	0	0	0	0	0	0
A	BL	1	80	9	2	BA1651	2320	2	6	0	0	0	0	0	0	0	0	0
A	BL	1	80	9	2	BA1651	2575	6	8	2	0	1	0	0	0	0	0	0
A	BL	1	80	9	2	BA1651	2585	8	7	0	0	0	0	0	0	0	0	0
A	BL	1	80	9	2	BA1651	2612	7	0	0	0	0	0	0	0	1	0	0
A	BL	1	80	9	2	BA1651	2617	7	8	2	0	1	0	0	0	0	0	0
A	BL	1	80	9	2	BA1651	2623	8	0	0	0	0	0	0	0	1	0	0
A	BL	1	80	9	2	BA1651	2627	8	7	0	0	0	0	0	0	0	0	0
A	BL	1	80	9	2	BA1651	2633	7	8	2	0	1	0	0	0	0	0	0
A	BL	1	80	9	2	BA1651	2643	8	7	0	0	0	0	0	0	0	0	0
A	BL	1	80	9	2	BA1651	2677	7	0	0	0	0	0	0	0	1	0	0
A	BL	1	80	9	2	BA1651	2682	7	8	2	0	1	0	0	0	0	0	0
A	BL	1	80	9	2	BA1651	2692	8	7	0	0	0	0	0	0	0	0	0
A	BL	1	80	9	2	BA1651	2707	7	0	0	0	0	0	0	0	1	0	0
A	BL	1	80	9	2	BA1651	2713	7	8	2	0	1	0	0	0	0	0	0
A	BL	1	80	9	2	BA1651	2723	8	7	0	0	0	0	0	0	0	0	0
A	BL	1	80	9	2	BA1651	2734	7	0	0	0	0	0	0	0	1	0	0
A	BL	1	80	9	2	BA1651	2737	7	8	2	0	1	0	0	0	0	0	0
A	BL	1	80	9	2	BA1651	2746	8	0	0	0	0	0	0	0	1	0	0
A	BL	1	80	9	2	BA1651	2747	8	7	0	0	0	0	0	0	0	0	0
A	BL	1	80	9	2	BA1651	2757	7	8	2	0	1	0	0	0	0	0	0
A	BL	1	80	9	2	BA1651	2766	8	0	0	0	0	0	0	0	1	0	0
A	BL	1	80	9	2	BA1651	2767	8	7	0	0	0	0	0	0	0	0	0
A	BL	1	80	9	2	BA1651	2771	7	8	2	0	1	0	0	0	0	0	0
A	BL	1	80	9	2	BA1651	2781	8	7	0	0	0	0	0	0	0	0	0
A	BL	1	80	9	2	BA1651	2797	7	0	0	0	0	0	0	0	1	0	0
A	BL	1	80	9	2	BA1651	2803	7	8	2	0	1	0	0	0	0	0	0
A	BL	1	80	9	2	BA1651	2813	8	7	0	0	0	0	0	0	0	0	0
A	BL	1	80	9	2	BA1651	2839	7	0	0	0	0	0	0	0	1	0	0
A	BL	1	80	9	2	BA1651	2844	7	8	2	0	1	0	0	0	0	0	0
A	BL	1	80	9	2	BA1651	2851	8	0	0	0	0	0	0	0	1	0	0
A	BL	1	80	9	2	BA1651	2854	8	9	0	0	1	0	0	0	0	0	0
A	BL	1	80	9	2	BA1651	2864	9	10	0	0	0	0	0	0	0	0	0
A	BL	1	80	9	2	BA1651	2868	10	0	0	0	0	0	0	0	1	0	0
A	BL	1	80	9	2	BA1651	2939	10	2	0	0	0	0	0	0	0	0	0
A	BL	1	80	9	2	BA1651	2940	2	3	0	0	0	0	0	0	0	0	0
A	BL	1	80	9	2	BA1651	3102	3	5	1	1	0	0	0	0	0	0	0
A	BL	1	80	9	2	BA1651	3112	5	4	0	0	0	0	0	0	0	0	0
A	BL	1	80	9	2	BA1651	3115	4	0	0	0	0	0	0	1	0	0	0
A	BL	1	80	9	2	BA1651	3127	4	5	1	1	0	0	0	0	0	0	0
A	BL	1	80	9	2	BA1651	3137	5	4	0	0	0	0	0	0	0	0	0
A	BL	1	80	9	2	BA1651	3157	4	0	0	0	0	0	0	1	0	0	0
A	BL	1	80	9	2	BA1651	3165	4	5	1	1	0	0	0	0	0	0	0
A	BL	1	80	9	2	BA1651	3175	5	4	0	0	0	0	0	0	0	0	0
A	BL	1	80	9	2	BA1651	3189	4	0	0	0	0	0	0	1	0	0	0
A	BL	1	80	9	2	BA1651	3198	4	5	1	1	0	0	0	0	0	0	0
A	BL	1	80	9	2	BA1651	3208	5	4	0	0	0	0	0	0	0	0	0
A	BL	1	80	9	2	BA1651	3236	4	0	0	0	0	0	0	1	0	0	0
A	BL	1	80	9	2	BA1651	3256	4	5	1	1	0	0	0	0	0	0	0
A	BL	1	80	9	2	BA1651	3266	5	9	0	0	0	0	0	0	0	0	0
A	BL	1	80	9	2	BA1651	3276	9	10	0	0	0	0	0	0	0	0	0
A	BL	1	80	9	2	BA1651	3283	10	0	0	0	0	0	0	1	0	0	0
A	BL	1	80	9	2	BA1651	3351	10	2	0	0	0	0	0	0	0	0	0
A	BL	1	80	9	2	BA1651	3352	2	3	0	0	0	0	0	0	0	0	0
A	BL	1	80	9	2	BA1651	3383	3	5	1	1	0	0	0	0	0	0	0
A	BL	1	80	9	2	BA1651	3388	5	0	0	0	0	0	0	1	0	0	0
A	BL	1	80	9	2	BA1651	3393	5	4	0	0	0	0	0	0	0	0	0
A	BL	1	80	9	2	BA1651	3407	4	5	1	1	0	0	0	0	0	0	0
A	BL	1	80	9	2	BA1651	3417	5	4	0	0	0	0	0	0	0	0	0
A	BL	1	80	9	2	BA1651	3447	4	0	0	0	0	0	0	1	0	0	0
A	BL	1	80	9	2	BA1651	3469	4	5	1	1	0	0	0	0	0	0	0
A	BL	1	80	9	2	BA1651	3479	5	4	0	0	0	0	0	0	0	0	0
A	BL	1	80	9	2	BA1651	3485	4	0	0	0	0	0	0	1	0	0	0
A	BL	1	80	9	2	BA1651	3501	4	5	1	1	0	0	0	0	0	0	0
A	BL	1	80	9	2	BA1651	3511	5	4	0	0	0	0	0	0	0	0	0
A	BL	1	80	9	2	BA1651	3542	4	0	0	0	0	0	0	1	0	0	0
A	BL	1	80	9	2	BA1651	3570	4	5	1	1	0	0	0	0	0	0	0
A	BL	1	80	9	2	BA1651	3580	5	9	0	0	0	0	0	0	0	0	0
A	BL	1	80	9	2	BA1651	3590	9	10	0	0	0	0	0	0	0	0	0
A	BL	1	80	9	2	BA1651	3598	10	0	0	0	0	0	0	1	0	0	0
A	BL	1	80	9	2	BA1651	3665	10	2	0	0	0	0	0	0	0	0	0
A	BL	1	80	9	2	BA1651	3666	2	6	0	0	0	0	0	0	0	0	0
A	BL	1	80	9	2	BA1651	3779	6	8	2	0	1	0	0	0	0	0	0
A	BL	1	80	9	2	BA1651	3785	8	0	0	0	0	0	0	0	1	0	0
A	BL	1	80	9	2	BA1651	3789	8	7	0	0	0	0	0	0	0	0	0
A	BL	1	80	9	2	BA1651	3822	7	8	2	0	1	0	0	0	0	0	0
A	BL	1	80	9	2	BA1651	3828	8	0	0	0	0	0	0	0	1	0	0
A	BL	1	80	9	2	BA1651	3832	8	7	0	0	0	0	0	0	0	0	0
A	BL	1	80	9	2	BA1651	3857	7	8	2	0	1	0	0	0	0	0	0
A	BL	1	80	9	2	BA1651	3860	8	0	0	0	0	0	0	0	1	0	0
A	BL	1	80	9	2	BA1651	3867	8	7	0	0	0	0	0	0	0	0	0
A	BL	1	80	9	2	BA1651	3880	7	8	2	0	1	0	0	0	0	0	0
A	BL	1	80	9	2	BA1651	3890	8	7	0	0	0	0	0	0	0	0	0
A	BL	1	80	9	2	BA1651	3899	7	0	0	0	0	0	0	0	1	0	0
A	BL	1	80	9	2	BA1651	3906	7	8	2	0	1	0	0	0	0	0	0
A	BL	1	80	9	2	BA1651	3910	8	0	0	0	0	0	0	0	1	0	0
A	BL	1	80	9	2	BA1651	3916	8	7	0	0	0	0	0	0	0	0	0
A	BL	1	80	9	2	BA1651	3925	7	8	2	0	1	0	0	0	0	0	0
A	BL	1	80	9	2	BA1651	3935	8	7	0	0	0	0	0	0	0	0	0
A	BL	1	80	9	2	BA1651	3941	7	0	0	0	0	0	0	0	1	0	0
A	BL	1	80	9	2	BA1651	3944	7	8	2	0	1	0	0	0	0	0	0
A	BL	1	80	9	2	BA1651	3954	8	7	0	0	0	0	0	0	0	0	0
A	BL	1	80	9	2	BA1651	4000	7	0	0	0	0	0	0	0	1	0	0
A	BL	1	80	9	2	BA1651	4025	7	8	2	0	1	0	0	0	0	0	0
A	BL	1	80	9	2	BA1651	4035	8	7	0	0	0	0	0	0	0	0	0
A	BL	1	80	9	2	BA1651	4063	7	0	0	0	0	0	0	0	1	0	0
A	BL	1	80	9	2	BA1651	4106	7	8	2	0	1	0	0	0	0	0	0
A	BL	1	80	9	2	BA1651	4116	8	7	0	0	0	0	0	0	0	0	0
A	BL	1	80	9	2	BA1651	4117	7	0	0	0	0	0	0	0	1	0	0
A	BL	1	80	9	2	BA1651	4126	7	8	2	0	1	0	0	0	0	0	0
A	BL	1	80	9	2	BA1651	4129	8	0	0	0	0	0	0	0	1	0	0
A	BL	1	80	9	2	BA1651	4136	8	9	0	0	0	0	0	0	0	0	0
A	BL	1	80	9	2	BA1651	4140	9	0	0	0	1	0	0	0	0	0	0
A	BL	1	80	9	2	BA1651	4145	9	0	0	0	0	0	0	0	1	0	0
A	BL	1	80	9	2	BA1651	4146	9	10	0	0	0	0	0	0	0	0	0
A	BL	1	80	9	2	BA1651	4221	10	2	0	0	0	0	0	0	0	0	0
A	BL	1	80	9	2	BA1651	4222	2	6	0	0	0	0	0	0	0	0	0
A	BL	1	80	9	2	BA1651	4239	6	8	2	0	1	0	0	0	0	0	0
A	BL	1	80	9	2	BA1651	4249	8	7	0	0	0	0	0	0	0	0	0
A	BL	1	80	9	2	BA1651	4251	7	0	0	0	0	0	0	0	1	0	0
A	BL	1	80	9	2	BA1651	4281	7	8	2	0	1	0	0	0	0	0	0
A	BL	1	80	9	2	BA1651	4291	8	7	0	0	0	0	0	0	0	0	0
A	BL	1	80	9	2	BA1651	4323	7	0	0	0	0	0	0	0	1	0	0
A	BL	1	80	9	2	BA1651	4347	7	8	2	0	1	0	0	0	0	0	0
A	BL	1	80	9	2	BA1651	4357	8	7	0	0	0	0	0	0	0	0	0
A	BL	1	80	9	2	BA1651	4382	7	0	0	0	0	0	0	0	1	0	0
A	BL	1	80	9	2	BA1651	4417	7	8	2	0	1	0	0	0	0	0	0
A	BL	1	80	9	2	BA1651	4427	8	7	0	0	0	0	0	0	0	0	0
A	BL	1	80	9	2	BA1651	4472	7	0	0	0	0	0	0	0	1	0	0
A	BL	1	80	9	2	BA1651	4493	7	8	2	0	1	0	0	0	0	0	0
A	BL	1	80	9	2	BA1651	4497	8	0	0	0	0	0	0	0	1	0	0
A	BL	1	80	9	2	BA1651	4503	8	7	0	0	0	0	0	0	0	0	0
A	BL	1	80	9	2	BA1651	4531	7	8	2	0	1	0	0	0	0	0	0
A	BL	1	80	9	2	BA1651	4534	8	0	0	0	0	0	0	0	1	0	0
A	BL	1	80	9	2	BA1651	4541	8	7	0	0	0	0	0	0	0	0	0
A	BL	1	80	9	2	BA1651	4557	7	8	2	0	1	0	0	0	0	0	0
A	BL	1	80	9	2	BA1651	4567	8	7	0	0	0	0	0	0	0	0	0
A	BL	1	80	9	2	BA1651	4586	7	0	0	0	0	0	0	0	1	0	0
A	BL	1	80	9	2	BA1651	4598	7	8	2	0	1	0	0	0	0	0	0
A	BL	1	80	9	2	BA1651	4608	8	7	0	0	0	0	0	0	0	0	0
A	BL	1	80	9	2	BA1651	4618	7	0	0	0	0	0	0	0	1	0	0
A	BL	1	80	9	2	BA1651	4629	7	8	2	0	1	0	0	0	0	0	0
A	BL	1	80	9	2	BA1651	4639	8	7	0	0	0	0	0	0	0	0	0
A	BL	1	80	9	2	BA1651	4683	7	0	0	0	0	0	0	0	1	0	0
A	BL	1	80	9	2	BA1651	4688	7	8	2	0	1	0	0	0	0	0	0
A	BL	1	80	9	2	BA1651	4698	8	9	0	0	0	0	0	0	0	0	0
A	BL	1	80	9	2	BA1651	4708	9	10	0	0	0	0	0	0	0	0	0
A	BL	1	80	9	2	BA1651	4711	10	0	0	0	0	0	0	0	1	0	0
A	BL	1	80	9	2	BA1651	4783	10	2	0	0	0	0	0	0	0	0	0
A	BL	1	80	9	2	BA1651	4784	2	6	0	0	0	0	0	0	0	0	0
A	BL	1	80	9	2	BA1651	4909	6	8	2	0	1	0	0	0	0	0	0
A	BL	1	80	9	2	BA1651	4915	8	0	0	0	0	0	0	0	1	0	0
A	BL	1	80	9	2	BA1651	4919	8	7	0	0	0	0	0	0	0	0	0
A	BL	1	80	9	2	BA1651	4926	7	8	2	0	1	0	0	0	0	0	0
A	BL	1	80	9	2	BA1651	4936	8	7	0	0	0	0	0	0	0	0	0
A	BL	1	80	9	2	BA1651	4945	7	0	0	0	0	0	0	0	1	0	0
A	BL	1	80	9	2	BA1651	4952	7	8	2	0	1	0	0	0	0	0	0
A	BL	1	80	9	2	BA1651	4956	8	0	0	0	0	0	0	0	1	0	0
A	BL	1	80	9	2	BA1651	4962	8	7	0	0	0	0	0	0	0	0	0
A	BL	1	80	9	2	BA1651	4972	7	8	2	0	1	0	0	0	0	0	0
A	BL	1	80	9	2	BA1651	4982	8	7	0	0	0	0	0	0	0	0	0
A	BL	1	80	9	2	BA1651	4990	7	0	0	0	0	0	0	0	1	0	0
A	BL	1	80	9	2	BA1651	5013	7	8	2	0	1	0	0	0	0	0	0
A	BL	1	80	9	2	BA1651	5016	8	0	0	0	0	0	0	0	1	0	0
A	BL	1	80	9	2	BA1651	5017	8	0	0	0	1	0	0	0	0	0	0
A	BL	1	80	9	2	BA1651	5019	8	0	0	0	0	0	0	0	1	0	0
A	BL	1	80	9	2	BA1651	5023	8	7	0	0	1	0	0	0	0	0	0
A	BL	1	80	9	2	BA1651	5028	7	0	0	0	0	0	0	0	1	0	0
A	BL	1	80	9	2	BA1651	5034	7	8	2	0	1	0	0	0	0	0	0
A	BL	1	80	9	2	BA1651	5040	8	0	0	0	0	0	0	0	1	0	0
A	BL	1	80	9	2	BA1651	5044	8	7	0	0	0	0	0	0	0	0	0
A	BL	1	80	9	2	BA1651	5058	7	8	2	0	1	0	0	0	0	0	0
A	BL	1	80	9	2	BA1651	5068	8	7	0	0	0	0	0	0	0	0	0
A	BL	1	80	9	2	BA1651	5078	7	0	0	0	0	0	0	0	1	0	0
A	BL	1	80	9	2	BA1651	5087	7	8	2	0	1	0	0	0	0	0	0
A	BL	1	80	9	2	BA1651	5097	8	7	0	0	0	0	0	0	0	0	0
A	BL	1	80	9	2	BA1651	5111	7	0	0	0	0	0	0	0	1	0	0
A	BL	1	80	9	2	BA1651	5119	7	8	2	0	1	0	0	0	0	0	0
A	BL	1	80	9	2	BA1651	5129	8	7	0	0	0	0	0	0	0	0	0
A	BL	1	80	9	2	BA1651	5141	7	0	0	0	0	0	0	0	1	0	0
A	BL	1	80	9	2	BA1651	5147	7	8	2	0	1	0	0	0	0	0	0
A	BL	1	80	9	2	BA1651	5149	8	0	0	0	0	0	0	0	1	0	0
A	BL	1	80	9	2	BA1651	5153	8	0	0	0	1	0	0	0	0	0	0
A	BL	1	80	9	2	BA1651	5157	8	9	0	0	0	0	0	0	0	0	0
A	BL	1	80	9	2	BA1651	5167	9	10	0	0	0	0	0	0	0	0	0
A	BL	1	80	9	2	BA1651	5175	10	0	0	0	0	0	0	0	1	0	0
A	BL	1	80	9	2	BA1651	5242	10	2	0	0	0	0	0	0	0	0	0
A	BL	1	80	9	2	BA1651	5243	2	3	0	0	0	0	0	0	0	0	0
A	BL	1	80	9	2	BA1651	5322	3	5	1	1	0	0	0	0	0	0	0
A	BL	1	80	9	2	BA1651	5332	5	4	0	0	0	0	0	1	0	0	0
A	BL	1	80	9	2	BA1651	5363	4	5	1	1	0	0	0	0	0	0	0
A	BL	1	80	9	2	BA1651	5373	5	4	0	0	0	0	0	0	0	0	0
A	BL	1	80	9	2	BA1651	5402	4	0	0	0	0	0	0	1	0	0	0
A	BL	1	80	9	2	BA1651	5406	4	5	1	1	0	0	0	0	0	0	0
A	BL	1	80	9	2	BA1651	5416	5	4	0	0	0	0	0	0	0	0	0
A	BL	1	80	9	2	BA1651	5445	4	0	0	0	0	0	0	1	0	0	0
A	BL	1	80	9	2	BA1651	5471	4	5	1	1	0	0	0	0	0	0	0
A	BL	1	80	9	2	BA1651	5481	5	4	0	0	0	0	0	0	0	0	0
A	BL	1	80	9	2	BA1651	5508	4	0	0	0	0	0	0	1	0	0	0
A	BL	1	80	9	2	BA1651	5510	4	5	1	1	0	0	0	0	0	0	0
A	BL	1	80	9	2	BA1651	5520	5	9	0	0	0	0	0	0	0	0	0
A	BL	1	80	9	2	BA1651	5530	9	10	0	0	0	0	0	0	0	0	0
A	BL	1	80	9	2	BA1651	5540	10	0	0	0	0	0	0	1	0	0	0
A	BL	1	80	9	2	BA1651	5605	10	2	0	0	0	0	0	0	0	0	0
A	BL	1	80	9	2	BA1651	5606	2	6	0	0	0	0	0	0	0	0	0
A	BL	1	80	9	2	BA1651	5652	6	0	0	1	0	0	0	0	0	0	0
A	BL	1	80	9	2	BA1651	5690	6	0	0	0	0	0	0	1	0	0	0
A	BL	1	80	9	2	BA1651	5720	6	0	0	1	0	0	0	0	0	0	0
A	BL	1	80	9	2	BA1651	5750	6	0	0	0	0	0	0	1	0	0	0
A	BL	1	80	9	2	BA1651	5754	6	0	0	1	0	0	0	0	0	0	0
A	BL	1	80	9	2	BA1651	5817	6	0	0	0	0	0	0	1	0	0	0
A	BL	1	80	9	2	BA1651	5854	6	0	0	1	0	0	0	0	0	0	0
A	BL	1	80	9	2	BA1651	5896	6	0	0	0	0	0	0	1	0	0	0
A	BL	1	80	9	2	BA1651	5923	6	0	0	1	0	0	0	0	0	0	0
A	BL	1	80	9	2	BA1651	5989	6	0	0	0	0	0	0	1	0	0	0
A	BL	1	80	9	2	BA1651	6027	6	0	0	1	0	0	0	0	0	0	0
A	BL	1	80	9	2	BA1651	6166	6	0	0	0	0	0	0	1	0	0	0
A	BL	1	80	9	2	BA1651	6249	6	0	0	1	0	0	0	0	0	0	0
A	BL	1	80	9	2	BA1651	6315	6	0	0	0	0	0	0	1	0	0	0
A	BL	1	80	9	2	BA1651	6343	6	0	0	1	0	0	0	0	0	0	0
A	BL	1	80	9	2	BA1651	6385	6	0	0	0	0	0	0	1	0	0	0
A	BL	1	80	9	2	BA1651	6519	6	8	2	0	1	0	0	0	0	0	0
A	BL	1	80	9	2	BA1651	6529	8	7	0	0	0	0	0	0	0	0	0
A	BL	1	80	9	2	BA1651	6537	7	0	0	0	0	0	0	0	1	0	0
A	BL	1	80	9	2	BA1651	6539	7	8	2	0	1	0	0	0	0	0	0
A	BL	1	80	9	2	BA1651	6549	8	7	0	0	0	0	0	0	0	0	0
A	BL	1	80	9	2	BA1651	6551	7	0	0	0	0	0	0	0	1	0	0
A	BL	1	80	9	2	BA1651	6582	7	8	2	0	1	0	0	0	0	0	0
A	BL	1	80	9	2	BA1651	6592	8	7	0	0	0	0	0	0	0	0	0
A	BL	1	80	9	2	BA1651	6594	7	0	0	0	0	0	0	0	1	0	0
A	BL	1	80	9	2	BA1651	6621	7	8	2	0	1	0	0	0	0	0	0
A	BL	1	80	9	2	BA1651	6631	8	7	0	0	0	0	0	0	0	0	0
A	BL	1	80	9	2	BA1651	6648	7	0	0	0	0	0	0	0	1	0	0
A	BL	1	80	9	2	BA1651	6651	7	8	2	0	1	0	0	0	0	0	0
A	BL	1	80	9	2	BA1651	6660	8	0	0	0	0	0	0	0	1	0	0
A	BL	1	80	9	2	BA1651	6661	8	7	0	0	0	0	0	0	0	0	0
A	BL	1	80	9	2	BA1651	6679	7	8	2	0	1	0	0	0	0	0	0
A	BL	1	80	9	2	BA1651	6689	8	7	0	0	0	0	0	0	0	0	0
A	BL	1	80	9	2	BA1651	6702	7	0	0	0	0	0	0	0	1	0	0
A	BL	1	80	9	2	BA1651	6713	7	8	2	0	1	0	0	0	0	0	0
A	BL	1	80	9	2	BA1651	6723	8	7	0	0	0	0	0	0	0	0	0
A	BL	1	80	9	2	BA1651	6724	7	0	0	0	0	0	0	0	1	0	0
A	BL	1	80	9	2	BA1651	6729	7	8	2	0	1	0	0	0	0	0	0
A	BL	1	80	9	2	BA1651	6739	8	7	0	0	0	0	0	0	1	0	0
A	BL	1	80	9	2	BA1651	6745	7	8	2	0	1	0	0	0	0	0	0
A	BL	1	80	9	2	BA1651	6755	8	7	0	0	0	0	0	0	0	0	0
A	BL	1	80	9	2	BA1651	6771	7	0	0	0	0	0	0	0	1	0	0
A	BL	1	80	9	2	BA1651	6798	7	8	2	0	1	0	0	0	0	0	0
A	BL	1	80	9	2	BA1651	6808	8	9	0	0	0	0	0	0	0	0	0
A	BL	1	80	9	2	BA1651	6818	9	10	0	0	0	0	0	0	0	0	0
A	BL	1	80	9	2	BA1651	6826	10	0	0	0	0	0	0	0	1	0	0
A	BL	1	80	9	2	BA1651	6893	10	2	0	0	0	0	0	0	0	0	0
A	BL	1	80	9	2	BA1651	6894	2	3	0	0	0	0	0	0	0	0	0
A	BL	1	80	9	2	BA1651	6919	3	0	0	0	1	0	0	0	0	0	0
A	BL	1	80	9	2	BA1651	6943	3	0	0	0	0	0	0	0	1	0	0
A	BL	1	80	9	2	BA1651	6993	3	0	0	0	1	0	0	0	0	0	0
A	BL	1	80	9	2	BA1651	7015	3	0	0	0	0	0	0	0	1	0	0
A	BL	1	80	9	2	BA1651	7019	3	0	0	0	1	0	0	0	0	0	0
A	BL	1	80	9	2	BA1651	7043	3	0	0	0	0	0	0	0	1	0	0
A	BL	1	80	9	2	BA1651	7177	3	5	1	1	0	0	0	0	0	0	0
A	BL	1	80	9	2	BA1651	7187	5	4	0	0	0	0	0	0	0	0	0
A	BL	1	80	9	2	BA1651	7311	4	0	0	0	0	0	0	1	0	0	0
A	BL	1	80	9	2	BA1651	7375	4	5	1	1	0	0	0	0	0	0	0
A	BL	1	80	9	2	BA1651	7385	5	4	0	0	0	0	0	0	0	0	0
A	BL	1	80	9	2	BA1651	7405	4	0	0	0	0	0	0	1	0	0	0
A	BL	1	80	9	2	BA1651	7409	4	5	1	1	0	0	0	0	0	0	0
A	BL	1	80	9	2	BA1651	7419	5	4	0	0	0	0	0	0	0	0	0
A	BL	1	80	9	2	BA1651	7478	4	0	0	0	0	0	0	1	0	0	0
A	BL	1	80	9	2	BA1651	7495	4	5	1	1	0	0	0	0	0	0	0
A	BL	1	80	9	2	BA1651	7505	5	4	0	0	0	0	0	0	0	0	0
A	BL	1	80	9	2	BA1651	7577	4	0	0	0	0	0	0	1	0	0	0
A	BL	1	80	9	2	BA1651	7609	4	5	1	1	0	0	0	0	0	0	0
A	BL	1	80	9	2	BA1651	7619	5	9	0	0	0	0	0	0	0	0	0
A	BL	1	80	9	2	BA1651	7629	9	10	0	0	0	0	0	0	0	0	0
A	BL	1	80	9	2	BA1651	7637	10	0	0	0	0	0	0	1	0	0	0
A	BL	1	80	9	2	BA1651	7704	10	2	0	0	0	0	0	0	0	0	0
A	BL	1	80	9	2	BA1651	7705	2	3	0	0	0	0	0	0	0	0	0
A	BL	1	80	9	2	BA1651	7790	3	5	1	1	0	0	0	0	0	0	0
A	BL	1	80	9	2	BA1651	7800	5	4	0	0	0	0	0	0	0	0	0
A	BL	1	80	9	2	BA1651	7831	4	0	0	0	0	0	0	1	0	0	0
A	BL	1	80	9	2	BA1651	7839	4	5	1	1	0	0	0	0	0	0	0
A	BL	1	80	9	2	BA1651	7849	5	4	0	0	0	0	0	0	0	0	0
A	BL	1	80	9	2	BA1651	7939	4	0	0	0	0	0	0	1	0	0	0
A	BL	1	80	9	2	BA1651	7959	4	5	1	1	0	0	0	0	0	0	0
A	BL	1	80	9	2	BA1651	7969	5	4	0	0	0	0	0	0	0	0	0
A	BL	1	80	9	2	BA1651	7998	4	0	0	0	0	0	0	1	0	0	0
A	BL	1	80	9	2	BA1651	8018	4	5	1	1	0	0	0	0	0	0	0
A	BL	1	80	9	2	BA1651	8028	5	4	0	0	0	0	0	0	0	0	0
A	BL	1	80	9	2	BA1651	8053	4	0	0	0	0	0	0	1	0	0	0
A	BL	1	80	9	2	BA1651	8056	4	5	1	1	0	0	0	0	0	0	0
A	BL	1	80	9	2	BA1651	8066	5	9	0	0	0	0	0	0	0	0	0
A	BL	1	80	9	2	BA1651	8076	9	10	0	0	0	0	0	0	0	0	0
A	BL	1	80	9	2	BA1651	8082	10	0	0	0	0	0	0	1	0	0	0
A	BL	1	80	9	2	BA1651	8151	10	2	0	0	0	0	0	0	0	0	0
A	BL	1	80	9	2	BA1651	8152	2	3	0	0	0	0	0	0	0	0	0
A	BL	1	80	9	2	BA1651	8296	3	5	1	1	0	0	0	0	0	0	0
A	BL	1	80	9	2	BA1651	8305	5	0	0	0	0	0	0	1	0	0	0
A	BL	1	80	9	2	BA1651	8306	5	4	0	0	0	0	0	0	0	0	0
A	BL	1	80	9	2	BA1651	8332	4	5	1	1	0	0	0	0	0	0	0
A	BL	1	80	9	2	BA1651	8342	5	4	0	0	0	0	0	0	0	0	0
A	BL	1	80	9	2	BA1651	8359	4	0	0	0	0	0	0	1	0	0	0
A	BL	1	80	9	2	BA1651	8363	4	5	1	1	0	0	0	0	0	0	0
A	BL	1	80	9	2	BA1651	8373	5	4	0	0	0	0	0	0	0	0	0
A	BL	1	80	9	2	BA1651	8431	4	0	0	0	0	0	0	1	0	0	0
A	BL	1	80	9	2	BA1651	8447	4	5	1	1	0	0	0	0	0	0	0
A	BL	1	80	9	2	BA1651	8457	5	4	0	0	0	0	0	0	0	0	0
A	BL	1	80	9	2	BA1651	8480	4	0	0	0	0	0	0	1	0	0	0
A	BL	1	80	9	2	BA1651	8485	4	5	1	1	0	0	0	0	0	0	0
A	BL	1	80	9	2	BA1651	8495	5	9	0	0	0	0	0	0	0	0	0
A	BL	1	80	9	2	BA1651	8505	9	10	0	0	0	0	0	0	0	0	0
A	BL	1	80	9	2	BA1651	8569	10	0	0	0	0	0	0	1	0	0	0
A	BL	1	80	9	2	BA1651	8580	10	2	0	0	0	0	0	0	0	0	0
A	BL	1	80	9	2	BA1651	8581	2	6	0	0	0	0	0	0	0	0	0
A	BL	1	80	9	2	BA1651	8761	6	8	2	0	1	0	0	0	0	0	0
A	BL	1	80	9	2	BA1651	8771	8	7	0	0	0	0	0	0	0	0	0
A	BL	1	80	9	2	BA1651	8772	7	0	0	0	0	0	0	0	1	0	0
A	BL	1	80	9	2	BA1651	8827	7	8	2	0	1	0	0	0	0	0	0
A	BL	1	80	9	2	BA1651	8837	8	7	0	0	0	0	0	0	0	0	0
A	BL	1	80	9	2	BA1651	8841	7	0	0	0	0	0	0	0	1	0	0
A	BL	1	80	9	2	BA1651	8845	7	8	2	0	1	0	0	0	0	0	0
A	BL	1	80	9	2	BA1651	8855	8	7	0	0	0	0	0	0	0	0	0
A	BL	1	80	9	2	BA1651	8867	7	0	0	0	0	0	0	0	1	0	0
A	BL	1	80	9	2	BA1651	8873	7	8	2	0	1	0	0	0	0	0	0
A	BL	1	80	9	2	BA1651	8883	8	7	0	0	0	0	0	0	0	0	0
A	BL	1	80	9	2	BA1651	8884	7	0	0	0	0	0	0	0	1	0	0
A	BL	1	80	9	2	BA1651	8891	7	8	2	0	1	0	0	0	0	0	0
A	BL	1	80	9	2	BA1651	8901	8	7	0	0	0	0	0	0	0	0	0
A	BL	1	80	9	2	BA1651	8902	7	0	0	0	0	0	0	0	1	0	0
A	BL	1	80	9	2	BA1651	8924	7	8	2	0	1	0	0	0	0	0	0
A	BL	1	80	9	2	BA1651	8934	8	7	0	0	0	0	0	0	0	0	0
A	BL	1	80	9	2	BA1651	8958	7	0	0	0	0	0	0	0	1	0	0
A	BL	1	80	9	2	BA1651	9008	7	8	2	0	1	0	0	0	0	0	0
A	BL	1	80	9	2	BA1651	9018	8	7	0	0	0	0	0	0	0	0	0
A	BL	1	80	9	2	BA1651	9024	7	0	0	0	0	0	0	0	1	0	0
A	BL	1	80	9	2	BA1651	9028	7	8	2	0	1	0	0	0	0	0	0
A	BL	1	80	9	2	BA1651	9038	8	7	0	0	0	0	0	0	0	0	0
A	BL	1	80	9	2	BA1651	9087	7	0	0	0	0	0	0	0	1	0	0
A	BL	1	80	9	2	BA1651	9101	7	8	2	0	1	0	0	0	0	0	0
A	BL	1	80	9	2	BA1651	9111	8	7	0	0	0	0	0	0	0	0	0
A	BL	1	80	9	2	BA1651	9142	7	0	0	0	0	0	0	0	1	0	0
A	BL	1	80	9	2	BA1651	9152	7	8	2	0	1	0	0	0	0	0	0
A	BL	1	80	9	2	BA1651	9162	8	9	0	0	0	0	0	0	0	0	0
A	BL	1	80	9	2	BA1651	9166	9	0	0	0	0	0	0	0	1	0	0
A	BL	1	80	9	2	BA1651	9172	9	10	0	0	0	0	0	0	0	0	0
A	BL	1	80	9	2	BA1651	9247	10	2	0	0	0	0	0	0	0	0	0
A	BL	1	80	9	2	BA1651	9248	2	6	0	0	0	0	0	0	0	0	0
A	BL	1	80	9	2	BA1651	9328	6	8	2	0	1	0	0	0	0	0	0
A	BL	1	80	9	2	BA1651	9338	8	7	0	0	0	0	0	0	0	0	0
A	BL	1	80	9	2	BA1651	9340	7	0	0	0	0	0	0	0	1	0	0
A	BL	1	80	9	2	BA1651	9361	7	8	2	0	1	0	0	0	0	0	0
A	BL	1	80	9	2	BA1651	9371	8	7	0	0	0	0	0	0	0	0	0
A	BL	1	80	9	2	BA1651	9377	7	0	0	0	0	0	0	0	1	0	0
A	BL	1	80	9	2	BA1651	9388	7	8	2	0	1	0	0	0	0	0	0
A	BL	1	80	9	2	BA1651	9398	8	7	0	0	0	0	0	0	0	0	0
A	BL	1	80	9	2	BA1651	9411	7	0	0	0	0	0	0	0	1	0	0
A	BL	1	80	9	2	BA1651	9419	7	8	2	0	1	0	0	0	0	0	0
A	BL	1	80	9	2	BA1651	9429	8	7	0	0	0	0	0	0	0	0	0
A	BL	1	80	9	2	BA1651	9440	7	0	0	0	0	0	0	0	1	0	0
A	BL	1	80	9	2	BA1651	9447	7	8	2	0	1	0	0	0	0	0	0
A	BL	1	80	9	2	BA1651	9457	8	7	0	0	0	0	0	0	0	0	0
A	BL	1	80	9	2	BA1651	9478	7	0	0	0	0	0	0	0	1	0	0
A	BL	1	80	9	2	BA1651	9484	7	8	2	0	1	0	0	0	0	0	0
A	BL	1	80	9	2	BA1651	9494	8	7	0	0	0	0	0	0	0	0	0
A	BL	1	80	9	2	BA1651	9495	7	0	0	0	0	0	0	0	1	0	0
A	BL	1	80	9	2	BA1651	9504	7	8	2	0	1	0	0	0	0	0	0
A	BL	1	80	9	2	BA1651	9514	8	7	0	0	0	0	0	0	0	0	0
A	BL	1	80	9	2	BA1651	9517	7	0	0	0	0	0	0	0	1	0	0
A	BL	1	80	9	2	BA1651	9519	7	8	2	0	1	0	0	0	0	0	0
A	BL	1	80	9	2	BA1651	9525	8	0	0	0	0	0	0	0	1	0	0
A	BL	1	80	9	2	BA1651	9527	8	0	0	0	1	0	0	0	0	0	0
A	BL	1	80	9	2	BA1651	9529	8	7	0	0	0	0	0	0	0	0	0
A	BL	1	80	9	2	BA1651	9534	7	0	0	0	0	0	0	0	1	0	0
A	BL	1	80	9	2	BA1651	9549	7	8	2	0	1	0	0	0	0	0	0
A	BL	1	80	9	2	BA1651	9559	8	7	0	0	0	0	0	0	0	0	0
A	BL	1	80	9	2	BA1651	9568	7	0	0	0	0	0	0	0	1	0	0
A	BL	1	80	9	2	BA1651	9751	7	8	2	0	1	0	0	0	0	0	0
A	BL	1	80	9	2	BA1651	9761	8	9	0	0	0	0	0	0	0	0	0
A	BL	1	80	9	2	BA1651	9771	9	10	0	0	0	0	0	0	0	0	0
A	BL	1	80	9	2	BA1651	9783	10	0	0	0	0	0	0	0	1	0	0
A	BL	1	80	9	2	BA1651	9846	10	2	0	0	0	0	0	0	0	0	0
A	BL	1	80	9	2	BA1651	9847	2	6	0	0	0	0	0	0	0	0	0
A	BL	1	80	9	2	BA1651	9890	6	8	2	0	1	0	0	0	0	0	0
A	BL	1	80	9	2	BA1651	9896	8	0	0	0	0	0	0	0	1	0	0
A	BL	1	80	9	2	BA1651	9898	8	0	0	0	1	0	0	0	0	0	0
A	BL	1	80	9	2	BA1651	9900	8	7	0	0	0	0	0	0	0	0	0
A	BL	1	80	9	2	BA1651	9917	7	0	0	0	0	0	0	0	1	0	0
A	BL	1	80	9	2	BA1651	9947	7	8	2	0	1	0	0	0	0	0	0
A	BL	1	80	9	2	BA1651	9957	8	7	0	0	0	0	0	0	0	0	0
A	BL	1	80	9	2	BA1651	9958	7	0	0	0	0	0	0	0	1	0	0
A	BL	1	80	9	2	BA1651	9978	7	8	2	0	1	0	0	0	0	0	0
A	BL	1	80	9	2	BA1651	9980	8	0	0	0	0	0	0	0	1	0	0
A	BL	1	80	9	2	BA1651	9983	8	0	0	0	1	0	0	0	0	0	0
A	BL	1	80	9	2	BA1651	9988	8	7	0	0	0	0	0	0	0	0	0
A	BL	1	80	9	2	BA1651	9993	7	0	0	0	0	0	0	0	1	0	0
A	BL	1	80	9	2	BA1651	10001	7	8	2	0	1	0	0	0	0	0	0
A	BL	1	80	9	2	BA1651	10011	8	7	0	0	0	0	0	0	0	0	0
A	BL	1	80	9	2	BA1651	10042	7	0	0	0	0	0	0	0	1	0	0
A	BL	1	80	9	2	BA1651	10061	7	8	2	0	1	0	0	0	0	0	0
A	BL	1	80	9	2	BA1651	10071	8	7	0	0	0	0	0	0	0	0	0
A	BL	1	80	9	2	BA1651	10090	7	0	0	0	0	0	0	0	1	0	0
A	BL	1	80	9	2	BA1651	10117	7	8	2	0	1	0	0	0	0	0	0
A	BL	1	80	9	2	BA1651	10120	8	0	0	0	0	0	0	0	1	0	0
A	BL	1	80	9	2	BA1651	10121	8	0	0	0	1	0	0	0	0	0	0
A	BL	1	80	9	2	BA1651	10127	8	7	0	0	0	0	0	0	0	0	0
A	BL	1	80	9	2	BA1651	10128	7	0	0	0	0	0	0	0	1	0	0
A	BL	1	80	9	2	BA1651	10139	7	8	2	0	1	0	0	0	0	0	0
A	BL	1	80	9	2	BA1651	10148	8	0	0	0	0	0	0	0	1	0	0
A	BL	1	80	9	2	BA1651	10149	8	7	0	0	0	0	0	0	0	0	0
A	BL	1	80	9	2	BA1651	10150	7	8	2	0	1	0	0	0	0	0	0
A	BL	1	80	9	2	BA1651	10160	8	7	0	0	0	0	0	0	0	0	0
A	BL	1	80	9	2	BA1651	10189	7	0	0	0	0	0	0	0	1	0	0
A	BL	1	80	9	2	BA1651	10210	7	8	2	0	1	0	0	0	0	0	0
A	BL	1	80	9	2	BA1651	10220	8	7	0	0	0	0	0	0	0	0	0
A	BL	1	80	9	2	BA1651	10248	7	0	0	0	0	0	0	0	1	0	0
A	BL	1	80	9	2	BA1651	10286	7	8	2	0	1	0	0	0	0	0	0
A	BL	1	80	9	2	BA1651	10296	8	9	0	0	0	0	0	0	0	0	0
A	BL	1	80	9	2	BA1651	10306	9	10	0	0	0	0	0	0	0	0	0
A	BL	1	80	9	2	BA1651	10309	10	0	0	0	0	0	0	0	1	0	0
A	BL	1	80	9	2	BA1651	10381	10	2	0	0	0	0	0	0	0	0	0
A	BL	1	80	9	2	BA1651	10382	2	3	0	0	0	0	0	0	0	0	0
A	BL	1	80	9	2	BA1651	10692	3	5	1	1	0	0	0	0	0	0	0
A	BL	1	80	9	2	BA1651	10699	5	0	0	0	0	0	0	1	0	0	0
A	BL	1	80	9	2	BA1651	10702	5	4	0	0	0	0	0	0	0	0	0
A	BL	1	80	9	2	BA1651	10721	4	5	1	1	0	0	0	0	0	0	0
A	BL	1	80	9	2	BA1651	10731	5	4	0	0	0	0	0	0	0	0	0
A	BL	1	80	9	2	BA1651	10751	4	0	0	0	0	0	0	1	0	0	0
A	BL	1	80	9	2	BA1651	10755	4	5	1	1	0	0	0	0	0	0	0
A	BL	1	80	9	2	BA1651	10765	5	4	0	0	0	0	0	0	0	0	0
A	BL	1	80	9	2	BA1651	10781	4	0	0	0	0	0	0	1	0	0	0
A	BL	1	80	9	2	BA1651	10811	4	5	1	1	0	0	0	0	0	0	0
A	BL	1	80	9	2	BA1651	10821	5	4	0	0	0	0	0	0	0	0	0
A	BL	1	80	9	2	BA1651	10851	4	0	0	0	0	0	0	1	0	0	0
A	BL	1	80	9	2	BA1651	10855	4	5	1	1	0	0	0	0	0	0	0
A	BL	1	80	9	2	BA1651	10865	5	9	0	0	0	0	0	0	0	0	0
A	BL	1	80	9	2	BA1651	10875	9	10	0	0	0	0	0	0	0	0	0
A	BL	1	80	9	2	BA1651	10883	10	0	0	0	0	0	0	1	0	0	0
A	BL	1	80	9	2	BA1651	10950	10	2	0	0	0	0	0	0	0	0	0
A	BL	1	80	9	2	BA1651	10951	2	3	0	0	0	0	0	0	0	0	0
A	BL	1	80	9	2	BA1651	11026	3	5	1	1	0	0	0	0	0	0	0
A	BL	1	80	9	2	BA1651	11036	5	4	0	0	0	0	0	0	0	0	0
A	BL	1	80	9	2	BA1651	11046	4	0	0	0	0	0	0	1	0	0	0
A	BL	1	80	9	2	BA1651	11049	4	5	1	1	0	0	0	0	0	0	0
A	BL	1	80	9	2	BA1651	11059	5	4	0	0	0	0	0	0	0	0	0
A	BL	1	80	9	2	BA1651	11173	4	0	0	0	0	0	0	1	0	0	0
A	BL	1	80	9	2	BA1651	11203	4	5	1	1	0	0	0	0	0	0	0
A	BL	1	80	9	2	BA1651	11213	5	4	0	0	0	0	0	0	0	0	0
A	BL	1	80	9	2	BA1651	11236	4	0	0	0	0	0	0	1	0	0	0
A	BL	1	80	9	2	BA1651	11239	4	5	1	1	0	0	0	0	0	0	0
A	BL	1	80	9	2	BA1651	11249	5	4	0	0	0	0	0	0	0	0	0
A	BL	1	80	9	2	BA1651	11273	4	0	0	0	0	0	0	1	0	0	0
A	BL	1	80	9	2	BA1651	11277	4	5	1	1	0	0	0	0	0	0	0
A	BL	1	80	9	2	BA1651	11287	5	9	0	0	0	0	0	0	0	0	0
A	BL	1	80	9	2	BA1651	11297	9	10	0	0	0	0	0	0	0	0	0
A	BL	1	80	9	2	BA1651	11305	10	0	0	0	0	0	0	1	0	0	0
A	BL	1	80	9	2	BA1651	11372	10	2	0	0	0	0	0	0	0	0	0
A	BL	1	80	9	2	BA1651	11373	2	3	0	0	0	0	0	0	0	0	0
A	BL	1	80	9	2	BA1651	11527	3	5	1	1	0	0	0	0	0	0	0
A	BL	1	80	9	2	BA1651	11537	5	4	0	0	0	0	0	0	0	0	0
A	BL	1	80	9	2	BA1651	11556	4	0	0	0	0	0	0	1	0	0	0
A	BL	1	80	9	2	BA1651	11560	4	5	1	1	0	0	0	0	0	0	0
A	BL	1	80	9	2	BA1651	11570	5	4	0	0	0	0	0	0	0	0	0
A	BL	1	80	9	2	BA1651	11594	4	0	0	0	0	0	0	1	0	0	0
A	BL	1	80	9	2	BA1651	11663	4	5	1	1	0	0	0	0	0	0	0
A	BL	1	80	9	2	BA1651	11673	5	4	0	0	0	0	0	0	0	0	0
A	BL	1	80	9	2	BA1651	11767	4	0	0	0	0	0	0	1	0	0	0
A	BL	1	80	9	2	BA1651	11771	4	5	1	1	0	0	0	0	0	0	0
A	BL	1	80	9	2	BA1651	11781	5	4	0	0	0	0	0	0	0	0	0
A	BL	1	80	9	2	BA1651	11843	4	0	0	0	0	0	0	1	0	0	0
A	BL	1	80	9	2	BA1651	11880	4	5	1	1	0	0	0	0	0	0	0
A	BL	1	80	9	2	BA1651	11890	5	9	0	0	0	0	0	0	0	0	0
A	BL	1	80	9	2	BA1651	11900	9	10	0	0	0	0	0	0	0	0	0
A	BL	1	80	9	2	BA1651	11905	10	0	0	0	0	0	0	1	0	0	0
A	BL	1	80	9	2	BA1651	11975	10	2	0	0	0	0	0	0	0	0	0
A	BL	1	80	9	2	BA1651	11976	2	6	0	0	0	0	0	0	0	0	0
A	BL	1	80	9	2	BA1651	12183	6	8	2	0	1	0	0	0	0	0	0
A	BL	1	80	9	2	BA1651	12193	8	7	0	0	0	0	0	0	0	0	0
A	BL	1	80	9	2	BA1651	12194	7	0	0	0	0	0	0	0	1	0	0
A	BL	1	80	9	2	BA1651	12213	7	8	2	0	1	0	0	0	0	0	0
A	BL	1	80	9	2	BA1651	12223	8	7	0	0	0	0	0	0	0	0	0
A	BL	1	80	9	2	BA1651	12244	7	0	0	0	0	0	0	0	1	0	0
A	BL	1	80	9	2	BA1651	12250	7	8	2	0	1	0	0	0	0	0	0
A	BL	1	80	9	2	BA1651	12260	8	7	0	0	0	0	0	0	0	0	0
A	BL	1	80	9	2	BA1651	12263	7	0	0	0	0	0	0	0	1	0	0
A	BL	1	80	9	2	BA1651	12274	7	8	2	0	1	0	0	0	0	0	0
A	BL	1	80	9	2	BA1651	12284	8	7	0	0	0	0	0	0	0	0	0
A	BL	1	80	9	2	BA1651	12294	7	0	0	0	0	0	0	0	1	0	0
A	BL	1	80	9	2	BA1651	12299	7	8	2	0	1	0	0	0	0	0	0
A	BL	1	80	9	2	BA1651	12309	8	7	0	0	0	0	0	0	0	0	0
A	BL	1	80	9	2	BA1651	12347	7	0	0	0	0	0	0	0	1	0	0
A	BL	1	80	9	2	BA1651	12352	7	8	2	0	1	0	0	0	0	0	0
A	BL	1	80	9	2	BA1651	12357	8	0	0	0	0	0	0	0	1	0	0
A	BL	1	80	9	2	BA1651	12362	8	7	0	0	0	0	0	0	0	0	0
A	BL	1	80	9	2	BA1651	12389	7	8	2	0	1	0	0	0	0	0	0
A	BL	1	80	9	2	BA1651	12399	8	7	0	0	0	0	0	0	0	0	0
A	BL	1	80	9	2	BA1651	12433	7	0	0	0	0	0	0	0	1	0	0
A	BL	1	80	9	2	BA1651	12436	7	8	2	0	1	0	0	0	0	0	0
A	BL	1	80	9	2	BA1651	12446	8	7	0	0	0	0	0	0	0	0	0
A	BL	1	80	9	2	BA1651	12550	7	0	0	0	0	0	0	0	1	0	0
A	BL	1	80	9	2	BA1651	12558	7	8	2	0	1	0	0	0	0	0	0
A	BL	1	80	9	2	BA1651	12568	8	7	0	0	0	0	0	0	0	0	0
A	BL	1	80	9	2	BA1651	12583	7	0	0	0	0	0	0	0	1	0	0
A	BL	1	80	9	2	BA1651	12591	7	8	2	0	1	0	0	0	0	0	0
A	BL	1	80	9	2	BA1651	12601	8	9	0	0	0	0	0	0	0	0	0
A	BL	1	80	9	2	BA1651	12611	9	10	0	0	0	0	0	0	0	0	0
A	BL	1	80	9	2	BA1651	12628	10	0	0	0	0	0	0	0	1	0	0
A	BL	1	80	9	2	BA1651	12686	10	2	0	0	0	0	0	0	0	0	0
A	BL	1	80	9	2	BA1651	12687	2	6	0	0	0	0	0	0	0	0	0
A	BL	1	80	9	2	BA1651	12724	6	8	2	0	1	0	0	0	0	0	0
A	BL	1	80	9	2	BA1651	12734	8	7	0	0	0	0	0	0	0	0	0
A	BL	1	80	9	2	BA1651	12812	7	0	0	0	0	0	0	0	1	0	0
A	BL	1	80	9	2	BA1651	12822	7	8	2	0	1	0	0	0	0	0	0
A	BL	1	80	9	2	BA1651	12832	8	7	0	0	0	0	0	0	0	0	0
A	BL	1	80	9	2	BA1651	12847	7	0	0	0	0	0	0	0	1	0	0
A	BL	1	80	9	2	BA1651	12851	7	8	2	0	1	0	0	0	0	0	0
A	BL	1	80	9	2	BA1651	12861	8	7	0	0	0	0	0	0	0	0	0
A	BL	1	80	9	2	BA1651	12864	7	0	0	0	0	0	0	0	1	0	0
A	BL	1	80	9	2	BA1651	12867	7	8	2	0	1	0	0	0	0	0	0
A	BL	1	80	9	2	BA1651	12877	8	7	0	0	0	0	0	0	0	0	0
A	BL	1	80	9	2	BA1651	12920	7	0	0	0	0	0	0	0	1	0	0
A	BL	1	80	9	2	BA1651	12922	7	8	2	0	1	0	0	0	0	0	0
A	BL	1	80	9	2	BA1651	12928	8	0	0	0	0	0	0	0	1	0	0
A	BL	1	80	9	2	BA1651	12929	8	0	0	0	1	0	0	0	0	0	0
A	BL	1	80	9	2	BA1651	12932	8	7	0	0	0	0	0	0	0	0	0
A	BL	1	80	9	2	BA1651	12936	7	0	0	0	0	0	0	0	1	0	0
A	BL	1	80	9	2	BA1651	12942	7	8	2	0	1	0	0	0	0	0	0
A	BL	1	80	9	2	BA1651	12946	8	0	0	0	0	0	0	0	1	0	0
A	BL	1	80	9	2	BA1651	12952	8	7	0	0	0	0	0	0	0	0	0
A	BL	1	80	9	2	BA1651	12957	7	8	2	0	1	0	0	0	0	0	0
A	BL	1	80	9	2	BA1651	12965	8	0	0	0	0	0	0	0	1	0	0
A	BL	1	80	9	2	BA1651	12967	8	7	0	0	0	0	0	0	0	0	0
A	BL	1	80	9	2	BA1651	12976	7	8	2	0	1	0	0	0	0	0	0
A	BL	1	80	9	2	BA1651	12986	8	7	0	0	0	0	0	0	0	0	0
A	BL	1	80	9	2	BA1651	13016	7	0	0	0	0	0	0	0	1	0	0
A	BL	1	80	9	2	BA1651	13023	7	8	2	0	1	0	0	0	0	0	0
A	BL	1	80	9	2	BA1651	13030	8	0	0	0	0	0	0	0	1	0	0
A	BL	1	80	9	2	BA1651	13032	8	0	0	0	1	0	0	0	0	0	0
A	BL	1	80	9	2	BA1651	13033	8	7	0	0	0	0	0	0	0	0	0
A	BL	1	80	9	2	BA1651	13034	7	0	0	0	0	0	0	0	1	0	0
A	BL	1	80	9	2	BA1651	13039	7	8	2	0	1	0	0	0	0	0	0
A	BL	1	80	9	2	BA1651	13049	8	9	0	0	0	0	0	0	0	0	0
A	BL	1	80	9	2	BA1651	13059	9	10	0	0	0	0	0	0	0	0	0
A	BL	1	80	9	2	BA1651	13071	10	0	0	0	0	0	0	0	1	0	0
A	BL	1	80	9	2	BA1651	13134	10	2	0	0	0	0	0	0	0	0	0
A	BL	1	80	9	2	BA1651	13135	2	3	0	0	0	0	0	0	0	0	0
A	BL	1	80	9	2	BA1651	13389	3	5	1	1	0	0	0	0	0	0	0
A	BL	1	80	9	2	BA1651	13399	5	4	0	0	0	0	0	0	0	0	0
A	BL	1	80	9	2	BA1651	13450	4	0	0	0	0	0	0	1	0	0	0
A	BL	1	80	9	2	BA1651	13483	4	5	1	1	0	0	0	0	0	0	0
A	BL	1	80	9	2	BA1651	13493	5	4	0	0	0	0	0	0	0	0	0
A	BL	1	80	9	2	BA1651	13558	4	0	0	0	0	0	0	1	0	0	0
A	BL	1	80	9	2	BA1651	13634	4	5	1	1	0	0	0	0	0	0	0
A	BL	1	80	9	2	BA1651	13644	5	4	0	0	0	0	0	0	0	0	0
A	BL	1	80	9	2	BA1651	13662	4	0	0	0	0	0	0	1	0	0	0
A	BL	1	80	9	2	BA1651	13666	4	5	1	1	0	0	0	0	0	0	0
A	BL	1	80	9	2	BA1651	13676	5	4	0	0	0	0	0	0	0	0	0
A	BL	1	80	9	2	BA1651	13698	4	0	0	0	0	0	0	1	0	0	0
A	BL	1	80	9	2	BA1651	13709	4	5	1	1	0	0	0	0	0	0	0
A	BL	1	80	9	2	BA1651	13719	5	9	0	0	0	0	0	0	0	0	0
A	BL	1	80	9	2	BA1651	13729	9	10	0	0	0	0	0	0	0	0	0
A	BL	1	80	9	2	BA1651	13734	10	0	0	0	0	0	0	1	0	0	0
A	BL	1	80	9	2	BA1651	13804	10	2	0	0	0	0	0	0	0	0	0
A	BL	1	80	9	2	BA1651	13805	2	6	0	0	0	0	0	0	0	0	0
A	BL	1	80	9	2	BA1651	13953	6	8	2	0	1	0	0	0	0	0	0
A	BL	1	80	9	2	BA1651	13957	8	0	0	0	0	0	0	0	1	0	0
A	BL	1	80	9	2	BA1651	13963	8	7	0	0	0	0	0	0	0	0	0
A	BL	1	80	9	2	BA1651	13988	7	8	2	0	1	0	0	0	0	0	0
A	BL	1	80	9	2	BA1651	13993	8	0	0	0	0	0	0	0	1	0	0
A	BL	1	80	9	2	BA1651	13998	8	7	0	0	0	0	0	0	0	0	0
A	BL	1	80	9	2	BA1651	14019	7	8	2	0	1	0	0	0	0	0	0
A	BL	1	80	9	2	BA1651	14029	8	7	0	0	0	0	0	0	0	0	0
A	BL	1	80	9	2	BA1651	14030	7	0	0	0	0	0	0	0	1	0	0
A	BL	1	80	9	2	BA1651	14056	7	8	2	0	1	0	0	0	0	0	0
A	BL	1	80	9	2	BA1651	14066	8	7	0	0	0	0	0	0	0	0	0
A	BL	1	80	9	2	BA1651	14076	7	0	0	0	0	0	0	0	1	0	0
A	BL	1	80	9	2	BA1651	14106	7	8	2	0	1	0	0	0	0	0	0
A	BL	1	80	9	2	BA1651	14116	8	7	0	0	0	0	0	0	0	0	0
A	BL	1	80	9	2	BA1651	14117	7	0	0	0	0	0	0	0	1	0	0
A	BL	1	80	9	2	BA1651	14234	7	8	2	0	1	0	0	0	0	0	0
A	BL	1	80	9	2	BA1651	14244	8	7	0	0	0	0	0	0	1	0	0
A	BL	1	80	9	2	BA1651	14253	7	8	2	0	1	0	0	0	0	0	0
A	BL	1	80	9	2	BA1651	14259	8	0	0	0	0	0	0	0	1	0	0
A	BL	1	80	9	2	BA1651	14263	8	7	0	0	1	0	0	0	0	0	0
A	BL	1	80	9	2	BA1651	14361	7	0	0	0	0	0	0	0	1	0	0
A	BL	1	80	9	2	BA1651	14366	7	8	2	0	1	0	0	0	0	0	0
A	BL	1	80	9	2	BA1651	14373	8	0	0	0	0	0	0	0	1	0	0
A	BL	1	80	9	2	BA1651	14376	8	7	0	0	1	0	0	0	0	0	0
A	BL	1	80	9	2	BA1651	14390	7	0	0	0	0	0	0	0	1	0	0
A	BL	1	80	9	2	BA1651	14394	7	8	2	0	1	0	0	0	0	0	0
A	BL	1	80	9	2	BA1651	14404	8	7	0	0	0	0	0	0	0	0	0
A	BL	1	80	9	2	BA1651	14444	7	0	0	0	0	0	0	0	1	0	0
A	BL	1	80	9	2	BA1651	14448	7	8	2	0	1	0	0	0	0	0	0
A	BL	1	80	9	2	BA1651	14458	8	9	0	0	0	0	0	0	0	0	0
A	BL	1	80	9	2	BA1651	14468	9	10	0	0	0	0	0	0	0	0	0
A	BL	1	80	9	2	BA1651	14483	10	0	0	0	0	0	0	0	1	0	0
A	BL	1	80	9	2	BA1651	14543	10	2	0	0	0	0	0	0	0	0	0
A	BL	1	80	9	2	BA1651	14544	2	3	0	0	0	0	0	0	0	0	0
A	BL	1	80	9	2	BA1651	14767	3	5	1	1	0	0	0	0	0	0	0
A	BL	1	80	9	2	BA1651	14777	5	4	0	0	0	0	0	0	0	0	0
A	BL	1	80	9	2	BA1651	14782	4	0	0	0	0	0	0	1	0	0	0
A	BL	1	80	9	2	BA1651	14869	4	5	1	1	0	0	0	0	0	0	0
A	BL	1	80	9	2	BA1651	14879	5	4	0	0	0	0	0	0	0	0	0
A	BL	1	80	9	2	BA1651	14913	4	0	0	0	0	0	0	1	0	0	0
A	BL	1	80	9	2	BA1651	14915	4	5	1	1	0	0	0	0	0	0	0
A	BL	1	80	9	2	BA1651	14925	5	4	0	0	0	0	0	0	0	0	0
A	BL	1	80	9	2	BA1651	14942	4	0	0	0	0	0	0	1	0	0	0
A	BL	1	80	9	2	BA1651	14946	4	5	1	1	0	0	0	0	0	0	0
A	BL	1	80	9	2	BA1651	14956	5	4	0	0	0	0	0	0	0	0	0
A	BL	1	80	9	2	BA1651	14979	4	0	0	0	0	0	0	1	0	0	0
A	BL	1	80	9	2	BA1651	14982	4	5	1	1	0	0	0	0	0	0	0
A	BL	1	80	9	2	BA1651	14992	5	9	0	0	0	0	0	0	0	0	0
A	BL	1	80	9	2	BA1651	15002	9	10	0	0	0	0	0	0	0	0	0
A	BL	1	80	9	2	BA1651	15017	10	0	0	0	0	0	0	1	0	0	0
A	BL	1	80	9	2	BA1651	15077	10	2	0	0	0	0	0	0	0	0	0
A	BL	1	80	9	2	BA1651	15078	2	6	0	0	0	0	0	0	0	0	0
A	BL	1	80	9	2	BA1651	15209	6	8	2	0	1	0	0	0	0	0	0
A	BL	1	80	9	2	BA1651	15212	8	0	0	0	0	0	0	0	1	0	0
A	BL	1	80	9	2	BA1651	15219	8	7	0	0	0	0	0	0	0	0	0
A	BL	1	80	9	2	BA1651	15244	7	8	2	0	1	0	0	0	0	0	0
A	BL	1	80	9	2	BA1651	15254	8	7	0	0	0	0	0	0	0	0	0
A	BL	1	80	9	2	BA1651	15256	7	0	0	0	0	0	0	0	1	0	0
A	BL	1	80	9	2	BA1651	15299	7	8	2	0	1	0	0	0	0	0	0
A	BL	1	80	9	2	BA1651	15309	8	7	0	0	0	0	0	0	0	0	0
A	BL	1	80	9	2	BA1651	15314	7	0	0	0	0	0	0	0	1	0	0
A	BL	1	80	9	2	BA1651	15320	7	8	2	0	1	0	0	0	0	0	0
A	BL	1	80	9	2	BA1651	15330	8	7	0	0	0	0	0	0	0	0	0
A	BL	1	80	9	2	BA1651	15342	7	0	0	0	0	0	0	0	1	0	0
A	BL	1	80	9	2	BA1651	15349	7	8	2	0	1	0	0	0	0	0	0
A	BL	1	80	9	2	BA1651	15359	8	7	0	0	0	0	0	0	0	0	0
A	BL	1	80	9	2	BA1651	15646	7	0	0	0	0	0	0	0	1	0	0
A	BL	1	80	9	2	BA1651	15650	7	8	2	0	1	0	0	0	0	0	0
A	BL	1	80	9	2	BA1651	15660	8	7	0	0	0	0	0	0	0	0	0
A	BL	1	80	9	2	BA1651	15859	7	0	0	0	0	0	0	0	1	0	0
A	BL	1	80	9	2	BA1651	15867	7	8	2	0	1	0	0	0	0	0	0
A	BL	1	80	9	2	BA1651	15877	8	7	0	0	0	0	0	0	0	0	0
A	BL	1	80	9	2	BA1651	15884	7	0	0	0	0	0	0	0	1	0	0
A	BL	1	80	9	2	BA1651	15891	7	8	2	0	1	0	0	0	0	0	0
A	BL	1	80	9	2	BA1651	15901	8	7	0	0	0	0	0	0	0	0	0
A	BL	1	80	9	2	BA1651	16038	7	0	0	0	0	0	0	0	1	0	0
A	BL	1	80	9	2	BA1651	16044	7	8	2	0	1	0	0	0	0	0	0
A	BL	1	80	9	2	BA1651	16054	8	7	0	0	0	0	0	0	0	0	0
A	BL	1	80	9	2	BA1651	16072	7	0	0	0	0	0	0	0	1	0	0
A	BL	1	80	9	2	BA1651	16076	7	8	2	0	1	0	0	0	0	0	0
A	BL	1	80	9	2	BA1651	16086	8	9	0	0	0	0	0	0	0	0	0
A	BL	1	80	9	2	BA1651	16096	9	10	0	0	0	0	0	0	0	0	0
A	BL	1	80	9	2	BA1651	16100	10	0	0	0	0	0	0	0	1	0	0
A	BL	1	80	9	2	BA1651	16171	10	2	0	0	0	0	0	0	0	0	0
A	BL	1	80	9	2	BA1651	16172	2	6	0	0	0	0	0	0	0	0	0
A	BL	1	80	9	2	BA1651	16242	6	8	2	0	1	0	0	0	0	0	0
A	BL	1	80	9	2	BA1651	16243	8	0	0	0	0	0	0	0	1	0	0
A	BL	1	80	9	2	BA1651	16252	8	7	0	0	0	0	0	0	0	0	0
A	BL	1	80	9	2	BA1651	16298	7	8	2	0	1	0	0	0	0	0	0
A	BL	1	80	9	2	BA1651	16308	8	7	0	0	0	0	0	0	0	0	0
A	BL	1	80	9	2	BA1651	16312	7	0	0	0	0	0	0	0	1	0	0
A	BL	1	80	9	2	BA1651	16380	7	8	2	0	1	0	0	0	0	0	0
A	BL	1	80	9	2	BA1651	16388	8	0	0	0	0	0	0	0	1	0	0
A	BL	1	80	9	2	BA1651	16390	8	7	0	0	0	0	0	0	0	0	0
A	BL	1	80	9	2	BA1651	16420	7	8	2	0	1	0	0	0	0	0	0
A	BL	1	80	9	2	BA1651	16430	8	7	0	0	0	0	0	0	0	0	0
A	BL	1	80	9	2	BA1651	16446	7	0	0	0	0	0	0	0	1	0	0
A	BL	1	80	9	2	BA1651	16461	7	8	2	0	1	0	0	0	0	0	0
A	BL	1	80	9	2	BA1651	16471	8	7	0	0	0	0	0	0	0	0	0
A	BL	1	80	9	2	BA1651	16478	7	0	0	0	0	0	0	0	1	0	0
A	BL	1	80	9	2	BA1651	16494	7	8	2	0	1	0	0	0	0	0	0
A	BL	1	80	9	2	BA1651	16504	8	7	0	0	0	0	0	0	0	0	0
A	BL	1	80	9	2	BA1651	16507	7	0	0	0	0	0	0	0	1	0	0
A	BL	1	80	9	2	BA1651	16553	7	8	2	0	1	0	0	0	0	0	0
A	BL	1	80	9	2	BA1651	16563	8	7	0	0	0	0	0	0	0	0	0
A	BL	1	80	9	2	BA1651	16586	7	0	0	0	0	0	0	0	1	0	0
A	BL	1	80	9	2	BA1651	16603	7	8	2	0	1	0	0	0	0	0	0
A	BL	1	80	9	2	BA1651	16613	8	7	0	0	0	0	0	0	0	0	0
A	BL	1	80	9	2	BA1651	16623	7	0	0	0	0	0	0	0	1	0	0
A	BL	1	80	9	2	BA1651	16634	7	8	2	0	1	0	0	0	0	0	0
A	BL	1	80	9	2	BA1651	16644	8	7	0	0	0	0	0	0	0	0	0
A	BL	1	80	9	2	BA1651	16662	7	0	0	0	0	0	0	0	1	0	0
A	BL	1	80	9	2	BA1651	16677	7	8	2	0	1	0	0	0	0	0	0
A	BL	1	80	9	2	BA1651	16687	8	9	0	0	0	0	0	0	0	0	0
A	BL	1	80	9	2	BA1651	16697	9	10	0	0	0	0	0	0	0	0	0
A	BL	1	80	9	2	BA1651	16699	10	0	0	0	0	0	0	0	1	0	0
A	BL	1	80	9	2	BA1651	16772	10	2	0	0	0	0	0	0	0	0	0
A	BL	1	80	9	2	BA1651	16773	2	3	0	0	0	0	0	0	0	0	0
A	BL	1	80	9	2	BA1651	17086	3	5	1	1	0	0	0	0	0	0	0
A	BL	1	80	9	2	BA1651	17096	5	4	0	0	0	0	0	0	0	0	0
A	BL	1	80	9	2	BA1651	17112	4	0	0	0	0	0	0	1	0	0	0
A	BL	1	80	9	2	BA1651	17152	4	5	1	1	0	0	0	0	0	0	0
A	BL	1	80	9	2	BA1651	17162	5	4	0	0	0	0	0	0	0	0	0
A	BL	1	80	9	2	BA1651	17298	4	0	0	0	0	0	0	1	0	0	0
A	BL	1	80	9	2	BA1651	17334	4	5	1	1	0	0	0	0	0	0	0
A	BL	1	80	9	2	BA1651	17344	5	4	0	0	0	0	0	0	0	0	0
A	BL	1	80	9	2	BA1651	17373	4	0	0	0	0	0	0	1	0	0	0
A	BL	1	80	9	2	BA1651	17401	4	5	1	1	0	0	0	0	0	0	0
A	BL	1	80	9	2	BA1651	17411	5	4	0	0	0	0	0	0	0	0	0
A	BL	1	80	9	2	BA1651	17434	4	0	0	0	0	0	0	1	0	0	0
A	BL	1	80	9	2	BA1651	17438	4	5	1	1	0	0	0	0	0	0	0
A	BL	1	80	9	2	BA1651	17448	5	9	0	0	0	0	0	0	0	0	0
A	BL	1	80	9	2	BA1651	17458	9	10	0	0	0	0	0	0	0	0	0
A	BL	1	80	9	2	BA1651	17463	10	0	0	0	0	0	0	1	0	0	0
A	BL	1	80	9	2	BA1651	17533	10	2	0	0	0	0	0	0	0	0	0
A	BL	1	80	9	2	BA1651	17534	2	3	0	0	0	0	0	0	0	0	0
A	BL	1	80	9	2	BA1651	17633	3	5	1	1	0	0	0	0	0	0	0
A	BL	1	80	9	2	BA1651	17643	5	4	0	0	0	0	0	0	0	0	0
A	BL	1	80	9	2	BA1651	17782	4	0	0	0	0	0	0	1	0	0	0
A	BL	1	80	9	2	BA1651	17809	4	5	1	1	0	0	0	0	0	0	0
A	BL	1	80	9	2	BA1651	17819	5	4	0	0	0	0	0	0	0	0	0
A	BL	1	80	9	2	BA1651	17874	4	0	0	0	0	0	0	1	0	0	0
A	BL	1	80	9	2	BA1651	17876	4	5	1	1	0	0	0	0	0	0	0
A	BL	1	80	9	2	BA1651	17886	5	4	0	0	0	0	0	0	0	0	0
A	BL	1	80	9	2	BA1651	17924	4	0	0	0	0	0	0	1	0	0	0
A	BL	1	80	9	2	BA1651	17981	4	5	1	1	0	0	0	0	0	0	0
A	BL	1	80	9	2	BA1651	17991	5	4	0	0	0	0	0	0	0	0	0
A	BL	1	80	9	2	BA1651	18181	4	0	0	0	0	0	0	1	0	0	0
A	BL	1	80	9	2	BA1651	18201	4	5	1	1	0	0	0	0	0	0	0
A	BL	1	80	9	2	BA1651	18205	5	0	0	0	0	0	0	1	0	0	0
A	BL	1	80	9	2	BA1651	18209	5	0	0	1	0	0	0	0	0	0	0
A	BL	1	80	9	2	BA1651	18211	5	9	0	0	0	0	0	0	0	0	0
A	BL	1	80	9	2	BA1651	18220	9	0	0	0	0	0	0	1	0	0	0
A	BL	1	80	9	2	BA1651	18221	9	10	0	0	0	0	0	0	0	0	0
A	BL	1	80	9	2	BA1651	18296	10	2	0	0	0	0	0	0	0	0	0
A	BL	1	80	9	2	BA1651	18297	2	3	0	0	0	0	0	0	0	0	0
A	BL	1	80	9	2	BA1651	18491	3	5	1	1	0	0	0	0	0	0	0
A	BL	1	80	9	2	BA1651	18501	5	4	0	0	0	0	0	0	0	0	0
A	BL	1	80	9	2	BA1651	18527	4	0	0	0	0	0	0	1	0	0	0
A	BL	1	80	9	2	BA1651	18556	4	5	1	1	0	0	0	0	0	0	0
A	BL	1	80	9	2	BA1651	18566	5	4	0	0	0	0	0	0	0	0	0
A	BL	1	80	9	2	BA1651	18574	4	0	0	0	0	0	0	1	0	0	0
A	BL	1	80	9	2	BA1651	18586	4	5	1	1	0	0	0	0	0	0	0
A	BL	1	80	9	2	BA1651	18596	5	4	0	0	0	0	0	0	0	0	0
A	BL	1	80	9	2	BA1651	18623	4	0	0	0	0	0	0	1	0	0	0
A	BL	1	80	9	2	BA1651	18631	4	5	1	1	0	0	0	0	0	0	0
A	BL	1	80	9	2	BA1651	18641	5	4	0	0	0	0	0	0	0	0	0
A	BL	1	80	9	2	BA1651	18667	4	0	0	0	0	0	0	1	0	0	0
A	BL	1	80	9	2	BA1651	18688	4	5	1	1	0	0	0	0	0	0	0
A	BL	1	80	9	2	BA1651	18698	5	9	0	0	0	0	0	0	0	0	0
A	BL	1	80	9	2	BA1651	18708	9	10	0	0	0	0	0	0	0	0	0
A	BL	1	80	9	2	BA1651	18715	10	0	0	0	0	0	0	1	0	0	0
A	BL	1	80	9	2	BA1651	18783	10	2	0	0	0	0	0	0	0	0	0
A	BL	1	80	9	2	BA1651	18784	2	6	0	0	0	0	0	0	0	0	0
A	BL	1	80	9	2	BA1651	19134	6	8	2	0	1	0	0	0	0	0	0
A	BL	1	80	9	2	BA1651	19144	8	7	0	0	0	0	0	0	0	0	0
A	BL	1	80	9	2	BA1651	19146	7	0	0	0	0	0	0	0	1	0	0
A	BL	1	80	9	2	BA1651	19161	7	8	2	0	1	0	0	0	0	0	0
A	BL	1	80	9	2	BA1651	19170	8	0	0	0	0	0	0	0	1	0	0
A	BL	1	80	9	2	BA1651	19171	8	7	0	0	0	0	0	0	0	0	0
A	BL	1	80	9	2	BA1651	19181	7	8	2	0	1	0	0	0	0	0	0
A	BL	1	80	9	2	BA1651	19191	8	7	0	0	0	0	0	0	0	0	0
A	BL	1	80	9	2	BA1651	19193	7	0	0	0	0	0	0	0	1	0	0
A	BL	1	80	9	2	BA1651	19200	7	8	2	0	1	0	0	0	0	0	0
A	BL	1	80	9	2	BA1651	19201	8	0	0	0	0	0	0	0	1	0	0
A	BL	1	80	9	2	BA1651	19209	8	0	0	0	1	0	0	0	0	0	0
A	BL	1	80	9	2	BA1651	19210	8	7	0	0	0	0	0	0	0	0	0
A	BL	1	80	9	2	BA1651	19227	7	0	0	0	0	0	0	0	1	0	0
A	BL	1	80	9	2	BA1651	19232	7	8	2	0	1	0	0	0	0	0	0
A	BL	1	80	9	2	BA1651	19242	8	7	0	0	0	0	0	0	0	0	0
A	BL	1	80	9	2	BA1651	19314	7	0	0	0	0	0	0	0	1	0	0
A	BL	1	80	9	2	BA1651	19326	7	8	2	0	1	0	0	0	0	0	0
A	BL	1	80	9	2	BA1651	19336	8	7	0	0	0	0	0	0	0	0	0
A	BL	1	80	9	2	BA1651	19342	7	0	0	0	0	0	0	0	1	0	0
A	BL	1	80	9	2	BA1651	19354	7	8	2	0	1	0	0	0	0	0	0
A	BL	1	80	9	2	BA1651	19364	8	7	0	0	0	0	0	0	0	0	0
A	BL	1	80	9	2	BA1651	19365	7	0	0	0	0	0	0	0	1	0	0
A	BL	1	80	9	2	BA1651	19369	7	8	2	0	1	0	0	0	0	0	0
A	BL	1	80	9	2	BA1651	19379	8	7	0	0	0	0	0	0	0	0	0
A	BL	1	80	9	2	BA1651	19397	7	0	0	0	0	0	0	0	1	0	0
A	BL	1	80	9	2	BA1651	19416	7	8	2	0	1	0	0	0	0	0	0
A	BL	1	80	9	2	BA1651	19423	8	0	0	0	0	0	0	0	1	0	0
A	BL	1	80	9	2	BA1651	19426	8	7	0	0	1	0	0	0	0	0	0
A	BL	1	80	9	2	BA1651	19461	7	0	0	0	0	0	0	0	1	0	0
A	BL	1	80	9	2	BA1651	19462	7	8	2	0	1	0	0	0	0	0	0
A	BL	1	80	9	2	BA1651	19472	8	9	0	0	0	0	0	0	1	0	0
A	BL	1	80	9	2	BA1651	19482	9	10	0	0	0	0	0	0	0	0	0
A	BL	1	80	9	2	BA1651	19493	10	0	0	0	1	0	0	0	0	0	0
A	BL	1	80	9	2	BA1651	19494	10	0	0	0	0	0	0	0	1	0	0
A	BL	1	80	9	2	BA1651	19557	10	2	0	0	0	0	0	0	0	0	0
A	BL	1	80	9	2	BA1651	19558	2	6	0	0	0	0	0	0	0	0	0
A	BL	1	80	9	2	BA1651	19640	6	8	2	0	1	0	0	0	0	0	0
A	BL	1	80	9	2	BA1651	19650	8	7	0	0	0	0	0	0	0	0	0
A	BL	1	80	9	2	BA1651	19660	7	0	0	0	0	0	0	0	1	0	0
A	BL	1	80	9	2	BA1651	19726	7	8	2	0	1	0	0	0	0	0	0
A	BL	1	80	9	2	BA1651	19736	8	7	0	0	0	0	0	0	0	0	0
A	BL	1	80	9	2	BA1651	19767	7	0	0	0	0	0	0	0	1	0	0
A	BL	1	80	9	2	BA1651	19807	7	8	2	0	1	0	0	0	0	0	0
A	BL	1	80	9	2	BA1651	19817	8	7	0	0	0	0	0	0	0	0	0
A	BL	1	80	9	2	BA1651	19819	7	0	0	0	0	0	0	0	1	0	0
A	BL	1	80	9	2	BA1651	19827	7	8	2	0	1	0	0	0	0	0	0
A	BL	1	80	9	2	BA1651	19834	8	0	0	0	0	0	0	0	1	0	0
A	BL	1	80	9	2	BA1651	19837	8	7	0	0	1	0	0	0	0	0	0
A	BL	1	80	9	2	BA1651	19901	7	0	0	0	0	0	0	0	1	0	0
A	BL	1	80	9	2	BA1651	19904	7	8	2	0	1	0	0	0	0	0	0
A	BL	1	80	9	2	BA1651	19914	8	7	0	0	0	0	0	0	0	0	0
A	BL	1	80	9	2	BA1651	19966	7	0	0	0	0	0	0	0	1	0	0
A	BL	1	80	9	2	BA1651	19967	7	8	2	0	1	0	0	0	0	0	0
A	BL	1	80	9	2	BA1651	19972	8	0	0	0	0	0	0	0	1	0	0
A	BL	1	80	9	2	BA1651	19977	8	7	0	0	0	0	0	0	0	0	0
A	BL	1	80	9	2	BA1651	19981	7	8	2	0	1	0	0	0	0	0	0
A	BL	1	80	9	2	BA1651	19991	8	7	0	0	0	0	0	0	0	0	0
A	BL	1	80	9	2	BA1651	20006	7	0	0	0	0	0	0	0	1	0	0
A	BL	1	80	9	2	BA1651	20038	7	8	2	0	1	0	0	0	0	0	0
A	BL	1	80	9	2	BA1651	20046	8	0	0	0	0	0	0	0	1	0	0
A	BL	1	80	9	2	BA1651	20048	8	7	0	0	0	0	0	0	0	0	0
A	BL	1	80	9	2	BA1651	20064	7	8	2	0	1	0	0	0	0	0	0
A	BL	1	80	9	2	BA1651	20074	8	7	0	0	0	0	0	0	0	0	0
A	BL	1	80	9	2	BA1651	20083	7	0	0	0	0	0	0	0	1	0	0
A	BL	1	80	9	2	BA1651	20087	7	8	2	0	1	0	0	0	0	0	0
A	BL	1	80	9	2	BA1651	20097	8	9	0	0	0	0	0	0	0	0	0
A	BL	1	80	9	2	BA1651	20107	9	10	0	0	0	0	0	0	0	0	0
A	BL	1	80	9	2	BA1651	20126	10	0	0	0	0	0	0	0	1	0	0
A	BL	1	80	9	2	BA1651	20182	10	2	0	0	0	0	0	0	0	0	0
A	BL	1	80	9	2	BA1651	20183	2	6	0	0	0	0	0	0	0	0	0
A	BL	1	80	9	2	BA1651	20439	6	8	2	0	1	0	0	0	0	0	0
A	BL	1	80	9	2	BA1651	20449	8	7	0	0	0	0	0	0	0	0	0
A	BL	1	80	9	2	BA1651	20456	7	0	0	0	0	0	0	0	1	0	0
A	BL	1	80	9	2	BA1651	20499	7	8	2	0	1	0	0	0	0	0	0
A	BL	1	80	9	2	BA1651	20509	8	7	0	0	0	0	0	0	0	0	0
A	BL	1	80	9	2	BA1651	20512	7	0	0	0	0	0	0	0	1	0	0
A	BL	1	80	9	2	BA1651	20519	7	8	2	0	1	0	0	0	0	0	0
A	BL	1	80	9	2	BA1651	20529	8	7	0	0	0	0	0	0	0	0	0
A	BL	1	80	9	2	BA1651	20667	7	0	0	0	0	0	0	0	1	0	0
A	BL	1	80	9	2	BA1651	20671	7	8	2	0	1	0	0	0	0	0	0
A	BL	1	80	9	2	BA1651	20681	8	7	0	0	0	0	0	0	0	0	0
A	BL	1	80	9	2	BA1651	20728	7	0	0	0	0	0	0	0	1	0	0
A	BL	1	80	9	2	BA1651	20731	7	8	2	0	1	0	0	0	0	0	0
A	BL	1	80	9	2	BA1651	20741	8	7	0	0	0	0	0	0	0	0	0
A	BL	1	80	9	2	BA1651	20793	7	0	0	0	0	0	0	0	1	0	0
A	BL	1	80	9	2	BA1651	20804	7	8	2	0	1	0	0	0	0	0	0
A	BL	1	80	9	2	BA1651	20814	8	7	0	0	0	0	0	0	0	0	0
A	BL	1	80	9	2	BA1651	20828	7	0	0	0	0	0	0	0	1	0	0
A	BL	1	80	9	2	BA1651	20837	7	8	2	0	1	0	0	0	0	0	0
A	BL	1	80	9	2	BA1651	20847	8	7	0	0	0	0	0	0	1	0	0
A	BL	1	80	9	2	BA1651	20852	7	8	2	0	1	0	0	0	0	0	0
A	BL	1	80	9	2	BA1651	20862	8	7	0	0	0	0	0	0	0	0	0
A	BL	1	80	9	2	BA1651	20878	7	0	0	0	0	0	0	0	1	0	0
A	BL	1	80	9	2	BA1651	20883	7	8	2	0	1	0	0	0	0	0	0
A	BL	1	80	9	2	BA1651	20893	8	7	0	0	0	0	0	0	0	0	0
A	BL	1	80	9	2	BA1651	20923	7	0	0	0	0	0	0	0	1	0	0
A	BL	1	80	9	2	BA1651	20928	7	8	2	0	1	0	0	0	0	0	0
A	BL	1	80	9	2	BA1651	20938	8	9	0	0	0	0	0	0	0	0	0
A	BL	1	80	9	2	BA1651	20948	9	10	0	0	0	0	0	0	0	0	0
A	BL	1	80	9	2	BA1651	20951	10	0	0	0	0	0	0	0	1	0	0
A	BL	1	80	9	2	BA1651	21023	10	2	0	0	0	0	0	0	0	0	0
A	BL	1	80	9	2	BA1651	21024	2	3	0	0	0	0	0	0	0	0	0
A	BL	1	80	9	2	BA1651	21473	3	5	1	1	0	0	0	0	0	0	0
A	BL	1	80	9	2	BA1651	21483	5	4	0	0	0	0	0	0	0	0	0
A	BL	1	80	9	2	BA1651	21529	4	0	0	0	0	0	0	1	0	0	0
A	BL	1	80	9	2	BA1651	21550	4	5	1	1	0	0	0	0	0	0	0
A	BL	1	80	9	2	BA1651	21560	5	4	0	0	0	0	0	0	0	0	0
A	BL	1	80	9	2	BA1651	21592	4	0	0	0	0	0	0	1	0	0	0
A	BL	1	80	9	2	BA1651	21595	4	5	1	1	0	0	0	0	0	0	0
A	BL	1	80	9	2	BA1651	21597	5	0	0	0	0	0	0	1	0	0	0
A	BL	1	80	9	2	BA1651	21602	5	0	0	1	0	0	0	0	0	0	0
A	BL	1	80	9	2	BA1651	21605	5	4	0	0	0	0	0	0	0	0	0
A	BL	1	80	9	2	BA1651	21724	4	0	0	0	0	0	0	1	0	0	0
A	BL	1	80	9	2	BA1651	21786	4	5	1	1	0	0	0	0	0	0	0
A	BL	1	80	9	2	BA1651	21796	5	4	0	0	0	0	0	0	0	0	0
A	BL	1	80	9	2	BA1651	21953	4	0	0	0	0	0	0	1	0	0	0
A	BL	1	80	9	2	BA1651	22008	4	5	1	1	0	0	0	0	0	0	0
A	BL	1	80	9	2	BA1651	22018	5	9	0	0	0	0	0	0	0	0	0
A	BL	1	80	9	2	BA1651	22028	9	10	0	0	0	0	0	0	0	0	0
A	BL	1	80	9	2	BA1651	22091	10	0	0	0	0	0	0	1	0	0	0
A	BL	1	80	9	2	BA1651	22103	10	2	0	0	0	0	0	0	0	0	0
A	BL	1	80	9	2	BA1651	22104	2	3	0	0	0	0	0	0	0	0	0
A	BL	1	80	9	2	BA1651	22424	3	5	1	1	0	0	0	0	0	0	0
A	BL	1	80	9	2	BA1651	22434	5	4	0	0	0	0	0	0	0	0	0
A	BL	1	80	9	2	BA1651	22448	4	0	0	0	0	0	0	1	0	0	0
A	BL	1	80	9	2	BA1651	22453	4	5	1	1	0	0	0	0	0	0	0
A	BL	1	80	9	2	BA1651	22463	5	4	0	0	0	0	0	0	0	0	0
A	BL	1	80	9	2	BA1651	22478	4	0	0	0	0	0	0	1	0	0	0
A	BL	1	80	9	2	BA1651	22488	4	5	1	1	0	0	0	0	0	0	0
A	BL	1	80	9	2	BA1651	22498	5	4	0	0	0	0	0	0	0	0	0
A	BL	1	80	9	2	BA1651	22607	4	0	0	0	0	0	0	1	0	0	0
A	BL	1	80	9	2	BA1651	22699	4	5	1	1	0	0	0	0	0	0	0
A	BL	1	80	9	2	BA1651	22709	5	4	0	0	0	0	0	0	0	0	0
A	BL	1	80	9	2	BA1651	22716	4	0	0	0	0	0	0	1	0	0	0
A	BL	1	80	9	2	BA1651	22902	4	5	1	1	0	0	0	0	0	0	0
A	BL	1	80	9	2	BA1651	22912	5	9	0	0	0	0	0	0	0	0	0
A	BL	1	80	9	2	BA1651	22922	9	10	0	0	0	0	0	0	0	0	0
A	BL	1	80	9	2	BA1651	22926	10	0	0	0	0	0	0	1	0	0	0
A	BL	1	80	9	2	BA1651	22997	10	2	0	0	0	0	0	0	0	0	0
A	BL	1	80	9	2	BA1651	22998	2	3	0	0	0	0	0	0	0	0	0
A	BL	1	80	9	2	BA1651	23122	3	5	1	1	0	0	0	0	0	0	0
A	BL	1	80	9	2	BA1651	23132	5	4	0	0	0	0	0	0	0	0	0
A	BL	1	80	9	2	BA1651	23135	4	0	0	0	0	0	0	1	0	0	0
A	BL	1	80	9	2	BA1651	23158	4	5	1	1	0	0	0	0	0	0	0
A	BL	1	80	9	2	BA1651	23168	5	4	0	0	0	0	0	0	0	0	0
A	BL	1	80	9	2	BA1651	23183	4	0	0	0	0	0	0	1	0	0	0
A	BL	1	80	9	2	BA1651	23195	4	5	1	1	0	0	0	0	0	0	0
A	BL	1	80	9	2	BA1651	23205	5	4	0	0	0	0	0	0	0	0	0
A	BL	1	80	9	2	BA1651	23242	4	0	0	0	0	0	0	1	0	0	0
A	BL	1	80	9	2	BA1651	23255	4	5	1	1	0	0	0	0	0	0	0
A	BL	1	80	9	2	BA1651	23265	5	4	0	0	0	0	0	0	0	0	0
A	BL	1	80	9	2	BA1651	23355	4	0	0	0	0	0	0	1	0	0	0
A	BL	1	80	9	2	BA1651	23396	4	5	1	1	0	0	0	0	0	0	0
A	BL	1	80	9	2	BA1651	23406	5	9	0	0	0	0	0	0	0	0	0
A	BL	1	80	9	2	BA1651	23416	9	10	0	0	0	0	0	0	0	0	0
A	BL	1	80	9	2	BA1651	23422	10	0	0	0	0	0	0	1	0	0	0
A	BL	1	80	9	2	BA1651	23491	10	2	0	0	0	0	0	0	0	0	0
A	BL	1	80	9	2	BA1651	23492	2	6	0	0	0	0	0	0	0	0	0
A	BL	1	80	9	2	BA1651	23671	6	8	2	0	1	0	0	0	0	0	0
A	BL	1	80	9	2	BA1651	23674	8	0	0	0	0	0	0	0	1	0	0
A	BL	1	80	9	2	BA1651	23681	8	7	0	0	0	0	0	0	0	0	0
A	BL	1	80	9	2	BA1651	23743	7	8	2	0	1	0	0	0	0	0	0
A	BL	1	80	9	2	BA1651	23744	8	0	0	0	0	0	0	0	1	0	0
A	BL	1	80	9	2	BA1651	23745	8	0	0	0	1	0	0	0	0	0	0
A	BL	1	80	9	2	BA1651	23749	8	0	0	0	0	0	0	0	1	0	0
A	BL	1	80	9	2	BA1651	23753	8	7	0	0	0	0	0	0	0	0	0
A	BL	1	80	9	2	BA1651	23788	7	8	2	0	1	0	0	0	0	0	0
A	BL	1	80	9	2	BA1651	23798	8	7	0	0	0	0	0	0	1	0	0
A	BL	1	80	9	2	BA1651	23804	7	8	2	0	1	0	0	0	0	0	0
A	BL	1	80	9	2	BA1651	23806	8	0	0	0	0	0	0	0	1	0	0
A	BL	1	80	9	2	BA1651	23807	8	0	0	0	1	0	0	0	0	0	0
A	BL	1	80	9	2	BA1651	23814	8	7	0	0	0	0	0	0	0	0	0
A	BL	1	80	9	2	BA1651	23861	7	0	0	0	0	0	0	0	1	0	0
A	BL	1	80	9	2	BA1651	23864	7	8	2	0	1	0	0	0	0	0	0
A	BL	1	80	9	2	BA1651	23874	8	7	0	0	0	0	0	0	0	0	0
A	BL	1	80	9	2	BA1651	23892	7	0	0	0	0	0	0	0	1	0	0
A	BL	1	80	9	2	BA1651	23894	7	8	2	0	1	0	0	0	0	0	0
A	BL	1	80	9	2	BA1651	23904	8	7	0	0	0	0	0	0	0	0	0
A	BL	1	80	9	2	BA1651	23974	7	0	0	0	0	0	0	0	1	0	0
A	BL	1	80	9	2	BA1651	23981	7	8	2	0	1	0	0	0	0	0	0
A	BL	1	80	9	2	BA1651	23991	8	7	0	0	0	0	0	0	0	0	0
A	BL	1	80	9	2	BA1651	23995	7	0	0	0	0	0	0	0	1	0	0
A	BL	1	80	9	2	BA1651	23998	7	8	2	0	1	0	0	0	0	0	0
A	BL	1	80	9	2	BA1651	24001	8	0	0	0	0	0	0	0	1	0	0
A	BL	1	80	9	2	BA1651	24005	8	0	0	0	1	0	0	0	0	0	0
A	BL	1	80	9	2	BA1651	24008	8	7	0	0	0	0	0	0	0	0	0
A	BL	1	80	9	2	BA1651	24016	7	0	0	0	0	0	0	0	1	0	0
A	BL	1	80	9	2	BA1651	24020	7	8	2	0	1	0	0	0	0	0	0
A	BL	1	80	9	2	BA1651	24030	8	7	0	0	0	0	0	0	0	0	0
A	BL	1	80	9	2	BA1651	24051	7	0	0	0	0	0	0	0	1	0	0
A	BL	1	80	9	2	BA1651	24289	7	8	2	0	1	0	0	0	0	0	0
A	BL	1	80	9	2	BA1651	24299	8	9	0	0	0	0	0	0	0	0	0
A	BL	1	80	9	2	BA1651	24303	9	0	0	0	0	0	0	0	1	0	0
A	BL	1	80	9	2	BA1651	24309	9	10	0	0	0	0	0	0	0	0	0
A	BL	1	80	9	2	BA1651	24316	10	0	0	0	1	0	0	0	0	0	0
A	BL	1	80	9	2	BA1651	24317	10	0	0	0	0	0	0	0	1	0	0
A	BL	1	80	9	2	BA1651	24384	10	2	0	0	0	0	0	0	0	0	0
A	BL	1	80	9	2	BA1651	24385	2	3	0	0	0	0	0	0	0	0	0
A	BL	1	80	9	2	BA1651	24657	3	0	0	0	1	0	0	0	0	0	0
A	BL	1	80	9	2	BA1651	24659	3	0	0	0	0	0	0	0	1	0	0
A	BL	1	80	9	2	BA1651	24667	3	0	0	0	1	0	0	0	0	0	0
A	BL	1	80	9	2	BA1651	24673	3	0	0	0	0	0	0	0	1	0	0
A	BL	1	80	9	2	BA1651	24851	3	5	1	1	0	0	0	0	0	0	0
A	BL	1	80	9	2	BA1651	24861	5	4	0	0	0	0	0	0	0	0	0
A	BL	1	80	9	2	BA1651	24873	4	0	0	0	0	0	0	1	0	0	0
A	BL	1	80	9	2	BA1651	24875	4	5	1	1	0	0	0	0	0	0	0
A	BL	1	80	9	2	BA1651	24885	5	4	0	0	0	0	0	0	0	0	0
A	BL	1	80	9	2	BA1651	25009	4	0	0	0	0	0	0	1	0	0	0
A	BL	1	80	9	2	BA1651	25089	4	5	1	1	0	0	0	0	0	0	0
A	BL	1	80	9	2	BA1651	25099	5	4	0	0	0	0	0	0	0	0	0
A	BL	1	80	9	2	BA1651	25121	4	0	0	0	0	0	0	1	0	0	0
A	BL	1	80	9	2	BA1651	25124	4	5	1	1	0	0	0	0	0	0	0
A	BL	1	80	9	2	BA1651	25134	5	4	0	0	0	0	0	0	0	0	0
A	BL	1	80	9	2	BA1651	25178	4	0	0	0	0	0	0	1	0	0	0
A	BL	1	80	9	2	BA1651	25211	4	5	1	1	0	0	0	0	0	0	0
A	BL	1	80	9	2	BA1651	25221	5	9	0	0	0	0	0	0	0	0	0
A	BL	1	80	9	2	BA1651	25231	9	10	0	0	0	0	0	0	0	0	0
A	BL	1	80	9	2	BA1651	25236	10	0	0	0	0	0	0	1	0	0	0
A	BL	1	80	9	2	BA1651	25306	10	2	0	0	0	0	0	0	0	0	0
A	BL	1	80	9	2	BA1651	25307	2	6	0	0	0	0	0	0	0	0	0
A	BL	1	80	9	2	BA1651	25519	6	8	2	0	1	0	0	0	0	0	0
A	BL	1	80	9	2	BA1651	25529	8	7	0	0	0	0	0	0	0	0	0
A	BL	1	80	9	2	BA1651	25537	7	0	0	0	0	0	0	0	1	0	0
A	BL	1	80	9	2	BA1651	25551	7	8	2	0	1	0	0	0	0	0	0
A	BL	1	80	9	2	BA1651	25561	8	7	0	0	0	0	0	0	0	0	0
A	BL	1	80	9	2	BA1651	25567	7	0	0	0	0	0	0	0	1	0	0
A	BL	1	80	9	2	BA1651	25600	7	8	2	0	1	0	0	0	0	0	0
A	BL	1	80	9	2	BA1651	25610	8	7	0	0	0	0	0	0	0	0	0
A	BL	1	80	9	2	BA1651	25629	7	0	0	0	0	0	0	0	1	0	0
A	BL	1	80	9	2	BA1651	25641	7	8	2	0	1	0	0	0	0	0	0
A	BL	1	80	9	2	BA1651	25651	8	7	0	0	0	0	0	0	0	0	0
A	BL	1	80	9	2	BA1651	25665	7	0	0	0	0	0	0	0	1	0	0
A	BL	1	80	9	2	BA1651	25794	7	8	2	0	1	0	0	0	0	0	0
A	BL	1	80	9	2	BA1651	25804	8	7	0	0	0	0	0	0	0	0	0
A	BL	1	80	9	2	BA1651	25821	7	0	0	0	0	0	0	0	1	0	0
A	BL	1	80	9	2	BA1651	25837	7	8	2	0	1	0	0	0	0	0	0
A	BL	1	80	9	2	BA1651	25838	8	0	0	0	1	0	0	0	1	0	0
A	BL	1	80	9	2	BA1651	25846	8	0	0	0	0	0	0	0	1	0	0
A	BL	1	80	9	2	BA1651	25847	8	7	0	0	1	0	0	0	0	0	0
A	BL	1	80	9	2	BA1651	25851	7	0	0	0	0	0	0	0	1	0	0
A	BL	1	80	9	2	BA1651	25877	7	8	2	0	1	0	0	0	0	0	0
A	BL	1	80	9	2	BA1651	25887	8	7	0	0	0	0	0	0	0	0	0
A	BL	1	80	9	2	BA1651	25888	7	0	0	0	0	0	0	0	1	0	0
A	BL	1	80	9	2	BA1651	25915	7	8	2	0	1	0	0	0	0	0	0
A	BL	1	80	9	2	BA1651	25925	8	7	0	0	0	0	0	0	0	0	0
A	BL	1	80	9	2	BA1651	25928	7	0	0	0	0	0	0	0	1	0	0
A	BL	1	80	9	2	BA1651	25972	7	8	2	0	1	0	0	0	0	0	0
A	BL	1	80	9	2	BA1651	25982	8	7	0	0	0	0	0	0	0	0	0
A	BL	1	80	9	2	BA1651	26018	7	0	0	0	0	0	0	0	1	0	0
A	BL	1	80	9	2	BA1651	26050	7	8	2	0	1	0	0	0	0	0	0
A	BL	1	80	9	2	BA1651	26060	8	9	0	0	0	0	0	0	0	0	0
A	BL	1	80	9	2	BA1651	26070	9	10	0	0	0	0	0	0	0	0	0
A	BL	1	80	9	2	BA1651	26072	10	0	0	0	0	0	0	0	1	0	0
A	BL	1	80	9	2	BA1651	26145	10	2	0	0	0	0	0	0	0	0	0
A	BL	1	80	9	2	BA1651	26146	2	3	0	0	0	0	0	0	0	0	0
A	BL	1	80	9	2	BA1651	26341	3	5	1	1	0	0	0	0	0	0	0
A	BL	1	80	9	2	BA1651	26349	5	0	0	0	0	0	0	1	0	0	0
A	BL	1	80	9	2	BA1651	26351	5	4	0	0	0	0	0	0	0	0	0
A	BL	1	80	9	2	BA1651	26365	4	5	1	1	0	0	0	0	0	0	0
A	BL	1	80	9	2	BA1651	26375	5	4	0	0	0	0	0	0	0	0	0
A	BL	1	80	9	2	BA1651	26407	4	0	0	0	0	0	0	1	0	0	0
A	BL	1	80	9	2	BA1651	26431	4	5	1	1	0	0	0	0	0	0	0
A	BL	1	80	9	2	BA1651	26441	5	4	0	0	0	0	0	0	0	0	0
A	BL	1	80	9	2	BA1651	26573	4	0	0	0	0	0	0	1	0	0	0
A	BL	1	80	9	2	BA1651	26597	4	5	1	1	0	0	0	0	0	0	0
A	BL	1	80	9	2	BA1651	26607	5	4	0	0	0	0	0	0	0	0	0
A	BL	1	80	9	2	BA1651	26646	4	0	0	0	0	0	0	1	0	0	0
A	BL	1	80	9	2	BA1651	26650	4	5	1	1	0	0	0	0	0	0	0
A	BL	1	80	9	2	BA1651	26654	5	0	0	0	0	0	0	1	0	0	0
A	BL	1	80	9	2	BA1651	26660	5	9	0	0	0	0	0	0	0	0	0
A	BL	1	80	9	2	BA1651	26670	9	10	0	0	0	0	0	0	0	0	0
A	BL	1	80	9	2	BA1651	26745	10	2	0	0	0	0	0	0	0	0	0
A	BL	1	80	9	2	BA1651	26746	2	3	0	0	0	0	0	0	0	0	0
A	BL	1	80	9	2	BA1651	26850	3	5	1	1	0	0	0	0	0	0	0
A	BL	1	80	9	2	BA1651	26860	5	4	0	0	0	0	0	0	0	0	0
A	BL	1	80	9	2	BA1651	26960	4	0	0	0	0	0	0	1	0	0	0
A	BL	1	80	9	2	BA1651	27006	4	5	1	1	0	0	0	0	0	0	0
A	BL	1	80	9	2	BA1651	27016	5	4	0	0	0	0	0	0	0	0	0
A	BL	1	80	9	2	BA1651	27226	4	0	0	0	0	0	0	1	0	0	0
A	BL	1	80	9	2	BA1651	27273	4	5	1	1	0	0	0	0	0	0	0
A	BL	1	80	9	2	BA1651	27283	5	4	0	0	0	0	0	0	0	0	0
A	BL	1	80	9	2	BA1651	27336	4	0	0	0	0	0	0	1	0	0	0
A	BL	1	80	9	2	BA1651	27387	4	5	1	1	0	0	0	0	0	0	0
A	BL	1	80	9	2	BA1651	27397	5	4	0	0	0	0	0	0	0	0	0
A	BL	1	80	9	2	BA1651	27423	4	0	0	0	0	0	0	1	0	0	0
A	BL	1	80	9	2	BA1651	27441	4	5	1	1	0	0	0	0	0	0	0
A	BL	1	80	9	2	BA1651	27451	5	9	0	0	0	0	0	0	0	0	0
A	BL	1	80	9	2	BA1651	27461	9	-1	0	0	0	0	0	0	0	0	0
