Project	UserID	Protocol	Session	Station	Run	Subject	Time	Current State	Transition State	Transition Event	A1 - LEFT	A2 - RIGH	A3 - 	A4 - 	A[1] LEFT	A[2] RIGH	A[3] 	A[4] 
A	BL	1	78	1	1	BA1650	0	0	1	0	0	0	0	0	0	0	0	0
A	BL	1	78	1	1	BA1650	50	1	2	0	0	0	0	0	0	0	0	0
A	BL	1	78	1	1	BA1650	51	2	3	0	0	0	0	0	0	0	0	0
A	BL	1	78	1	1	BA1650	273	3	5	1	1	0	0	0	0	0	0	0
A	BL	1	78	1	1	BA1650	283	5	4	0	0	0	0	0	0	0	0	0
A	BL	1	78	1	1	BA1650	299	4	0	0	0	0	0	0	1	0	0	0
A	BL	1	78	1	1	BA1650	339	4	5	1	1	0	0	0	0	0	0	0
A	BL	1	78	1	1	BA1650	349	5	4	0	0	0	0	0	0	0	0	0
A	BL	1	78	1	1	BA1650	352	4	0	0	0	0	0	0	1	0	0	0
A	BL	1	78	1	1	BA1650	374	4	5	1	1	0	0	0	0	0	0	0
A	BL	1	78	1	1	BA1650	384	5	4	0	0	0	0	0	0	0	0	0
A	BL	1	78	1	1	BA1650	387	4	0	0	0	0	0	0	1	0	0	0
A	BL	1	78	1	1	BA1650	424	4	5	1	1	0	0	0	0	0	0	0
A	BL	1	78	1	1	BA1650	426	5	0	0	0	0	0	0	1	0	0	0
A	BL	1	78	1	1	BA1650	432	5	0	0	1	0	0	0	0	0	0	0
A	BL	1	78	1	1	BA1650	434	5	4	0	0	0	0	0	0	0	0	0
A	BL	1	78	1	1	BA1650	447	4	0	0	0	0	0	0	1	0	0	0
A	BL	1	78	1	1	BA1650	450	4	5	1	1	0	0	0	0	0	0	0
A	BL	1	78	1	1	BA1650	460	5	9	0	0	0	0	0	0	0	0	0
A	BL	1	78	1	1	BA1650	465	9	0	0	0	0	0	0	1	0	0	0
A	BL	1	78	1	1	BA1650	468	9	0	0	1	0	0	0	0	0	0	0
A	BL	1	78	1	1	BA1650	470	9	10	0	0	0	0	0	0	0	0	0
A	BL	1	78	1	1	BA1650	474	10	0	0	0	0	0	0	1	0	0	0
A	BL	1	78	1	1	BA1650	545	10	2	0	0	0	0	0	0	0	0	0
A	BL	1	78	1	1	BA1650	546	2	6	0	0	0	0	0	0	0	0	0
A	BL	1	78	1	1	BA1650	700	6	8	2	0	1	0	0	0	0	0	0
A	BL	1	78	1	1	BA1650	710	8	7	0	0	0	0	0	0	0	0	0
A	BL	1	78	1	1	BA1650	717	7	0	0	0	0	0	0	0	1	0	0
A	BL	1	78	1	1	BA1650	722	7	8	2	0	1	0	0	0	0	0	0
A	BL	1	78	1	1	BA1650	729	8	0	0	0	0	0	0	0	1	0	0
A	BL	1	78	1	1	BA1650	732	8	7	0	0	0	0	0	0	0	0	0
A	BL	1	78	1	1	BA1650	738	7	8	2	0	1	0	0	0	0	0	0
A	BL	1	78	1	1	BA1650	742	8	0	0	0	0	0	0	0	1	0	0
A	BL	1	78	1	1	BA1650	747	8	0	0	0	1	0	0	0	0	0	0
A	BL	1	78	1	1	BA1650	748	8	7	0	0	0	0	0	0	0	0	0
A	BL	1	78	1	1	BA1650	767	7	0	0	0	0	0	0	0	1	0	0
A	BL	1	78	1	1	BA1650	770	7	8	2	0	1	0	0	0	0	0	0
A	BL	1	78	1	1	BA1650	776	8	0	0	0	0	0	0	0	1	0	0
A	BL	1	78	1	1	BA1650	780	8	7	0	0	0	0	0	0	0	0	0
A	BL	1	78	1	1	BA1650	786	7	8	2	0	1	0	0	0	0	0	0
A	BL	1	78	1	1	BA1650	794	8	0	0	0	0	0	0	0	1	0	0
A	BL	1	78	1	1	BA1650	796	8	7	0	0	0	0	0	0	0	0	0
A	BL	1	78	1	1	BA1650	797	7	8	2	0	1	0	0	0	0	0	0
A	BL	1	78	1	1	BA1650	807	8	7	0	0	0	0	0	0	0	0	0
A	BL	1	78	1	1	BA1650	822	7	0	0	0	0	0	0	0	1	0	0
A	BL	1	78	1	1	BA1650	826	7	8	2	0	1	0	0	0	0	0	0
A	BL	1	78	1	1	BA1650	831	8	0	0	0	0	0	0	0	1	0	0
A	BL	1	78	1	1	BA1650	836	8	7	0	0	0	0	0	0	0	0	0
A	BL	1	78	1	1	BA1650	842	7	8	2	0	1	0	0	0	0	0	0
A	BL	1	78	1	1	BA1650	847	8	0	0	0	0	0	0	0	1	0	0
A	BL	1	78	1	1	BA1650	850	8	0	0	0	1	0	0	0	0	0	0
A	BL	1	78	1	1	BA1650	852	8	7	0	0	0	0	0	0	0	0	0
A	BL	1	78	1	1	BA1650	872	7	0	0	0	0	0	0	0	1	0	0
A	BL	1	78	1	1	BA1650	876	7	8	2	0	1	0	0	0	0	0	0
A	BL	1	78	1	1	BA1650	886	8	7	0	0	0	0	0	0	0	0	0
A	BL	1	78	1	1	BA1650	898	7	0	0	0	0	0	0	0	1	0	0
A	BL	1	78	1	1	BA1650	989	7	8	2	0	1	0	0	0	0	0	0
A	BL	1	78	1	1	BA1650	999	8	9	0	0	0	0	0	0	0	0	0
A	BL	1	78	1	1	BA1650	1009	9	10	0	0	0	0	0	0	0	0	0
A	BL	1	78	1	1	BA1650	1011	10	0	0	0	0	0	0	0	1	0	0
A	BL	1	78	1	1	BA1650	1084	10	2	0	0	0	0	0	0	0	0	0
A	BL	1	78	1	1	BA1650	1085	2	6	0	0	0	0	0	0	0	0	0
A	BL	1	78	1	1	BA1650	1124	6	8	2	0	1	0	0	0	0	0	0
A	BL	1	78	1	1	BA1650	1134	8	7	0	0	0	0	0	0	0	0	0
A	BL	1	78	1	1	BA1650	1141	7	0	0	0	0	0	0	0	1	0	0
A	BL	1	78	1	1	BA1650	1144	7	8	2	0	1	0	0	0	0	0	0
A	BL	1	78	1	1	BA1650	1154	8	7	0	0	0	0	0	0	0	0	0
A	BL	1	78	1	1	BA1650	1156	7	0	0	0	0	0	0	0	1	0	0
A	BL	1	78	1	1	BA1650	1164	7	8	2	0	1	0	0	0	0	0	0
A	BL	1	78	1	1	BA1650	1167	8	0	0	0	0	0	0	0	1	0	0
A	BL	1	78	1	1	BA1650	1171	8	0	0	0	1	0	0	0	0	0	0
A	BL	1	78	1	1	BA1650	1174	8	7	0	0	0	0	0	0	0	0	0
A	BL	1	78	1	1	BA1650	1189	7	0	0	0	0	0	0	0	1	0	0
A	BL	1	78	1	1	BA1650	1191	7	8	2	0	1	0	0	0	0	0	0
A	BL	1	78	1	1	BA1650	1201	8	7	0	0	0	0	0	0	0	0	0
A	BL	1	78	1	1	BA1650	1204	7	0	0	0	0	0	0	0	1	0	0
A	BL	1	78	1	1	BA1650	1222	7	8	2	0	1	0	0	0	0	0	0
A	BL	1	78	1	1	BA1650	1225	8	0	0	0	0	0	0	0	1	0	0
A	BL	1	78	1	1	BA1650	1228	8	0	0	0	1	0	0	0	0	0	0
A	BL	1	78	1	1	BA1650	1232	8	7	0	0	0	0	0	0	0	0	0
A	BL	1	78	1	1	BA1650	1247	7	0	0	0	0	0	0	0	1	0	0
A	BL	1	78	1	1	BA1650	1253	7	8	2	0	1	0	0	0	0	0	0
A	BL	1	78	1	1	BA1650	1260	8	0	0	0	0	0	0	0	1	0	0
A	BL	1	78	1	1	BA1650	1263	8	7	0	0	0	0	0	0	0	0	0
A	BL	1	78	1	1	BA1650	1264	7	8	2	0	1	0	0	0	0	0	0
A	BL	1	78	1	1	BA1650	1267	8	0	0	0	0	0	0	0	1	0	0
A	BL	1	78	1	1	BA1650	1270	8	0	0	0	1	0	0	0	0	0	0
A	BL	1	78	1	1	BA1650	1274	8	7	0	0	0	0	0	0	0	0	0
A	BL	1	78	1	1	BA1650	1314	7	0	0	0	0	0	0	0	1	0	0
A	BL	1	78	1	1	BA1650	1317	7	8	2	0	1	0	0	0	0	0	0
A	BL	1	78	1	1	BA1650	1325	8	0	0	0	0	0	0	0	1	0	0
A	BL	1	78	1	1	BA1650	1327	8	7	0	0	0	0	0	0	0	0	0
A	BL	1	78	1	1	BA1650	1465	7	8	2	0	1	0	0	0	0	0	0
A	BL	1	78	1	1	BA1650	1468	8	0	0	0	0	0	0	0	1	0	0
A	BL	1	78	1	1	BA1650	1475	8	7	0	0	0	0	0	0	0	0	0
A	BL	1	78	1	1	BA1650	1482	7	8	2	0	1	0	0	0	0	0	0
A	BL	1	78	1	1	BA1650	1486	8	0	0	0	0	0	0	0	1	0	0
A	BL	1	78	1	1	BA1650	1490	8	0	0	0	1	0	0	0	0	0	0
A	BL	1	78	1	1	BA1650	1492	8	9	0	0	0	0	0	0	0	0	0
A	BL	1	78	1	1	BA1650	1502	9	10	0	0	0	0	0	0	0	0	0
A	BL	1	78	1	1	BA1650	1506	10	0	0	0	0	0	0	0	1	0	0
A	BL	1	78	1	1	BA1650	1577	10	2	0	0	0	0	0	0	0	0	0
A	BL	1	78	1	1	BA1650	1578	2	6	0	0	0	0	0	0	0	0	0
A	BL	1	78	1	1	BA1650	1818	6	8	2	0	1	0	0	0	0	0	0
A	BL	1	78	1	1	BA1650	1828	8	7	0	0	0	0	0	0	0	0	0
A	BL	1	78	1	1	BA1650	1834	7	0	0	0	0	0	0	0	1	0	0
A	BL	1	78	1	1	BA1650	1843	7	8	2	0	1	0	0	0	0	0	0
A	BL	1	78	1	1	BA1650	1851	8	0	0	0	0	0	0	0	1	0	0
A	BL	1	78	1	1	BA1650	1853	8	7	0	0	0	0	0	0	0	0	0
A	BL	1	78	1	1	BA1650	1870	7	8	2	0	1	0	0	0	0	0	0
A	BL	1	78	1	1	BA1650	1880	8	7	0	0	0	0	0	0	0	0	0
A	BL	1	78	1	1	BA1650	1883	7	0	0	0	0	0	0	0	1	0	0
A	BL	1	78	1	1	BA1650	1887	7	8	2	0	1	0	0	0	0	0	0
A	BL	1	78	1	1	BA1650	1894	8	0	0	0	0	0	0	0	1	0	0
A	BL	1	78	1	1	BA1650	1897	8	7	0	0	1	0	0	0	0	0	0
A	BL	1	78	1	1	BA1650	1909	7	0	0	0	0	0	0	0	1	0	0
A	BL	1	78	1	1	BA1650	1913	7	8	2	0	1	0	0	0	0	0	0
A	BL	1	78	1	1	BA1650	1921	8	0	0	0	0	0	0	0	1	0	0
A	BL	1	78	1	1	BA1650	1923	8	7	0	0	0	0	0	0	0	0	0
A	BL	1	78	1	1	BA1650	1930	7	8	2	0	1	0	0	0	0	0	0
A	BL	1	78	1	1	BA1650	1940	8	7	0	0	0	0	0	0	0	0	0
A	BL	1	78	1	1	BA1650	1974	7	0	0	0	0	0	0	0	1	0	0
A	BL	1	78	1	1	BA1650	1980	7	8	2	0	1	0	0	0	0	0	0
A	BL	1	78	1	1	BA1650	1990	8	7	0	0	0	0	0	0	0	0	0
A	BL	1	78	1	1	BA1650	1994	7	0	0	0	0	0	0	0	1	0	0
A	BL	1	78	1	1	BA1650	1995	7	8	2	0	1	0	0	0	0	0	0
A	BL	1	78	1	1	BA1650	1999	8	0	0	0	0	0	0	0	1	0	0
A	BL	1	78	1	1	BA1650	2002	8	0	0	0	1	0	0	0	0	0	0
A	BL	1	78	1	1	BA1650	2005	8	7	0	0	0	0	0	0	0	0	0
A	BL	1	78	1	1	BA1650	2008	7	0	0	0	0	0	0	0	1	0	0
A	BL	1	78	1	1	BA1650	2012	7	8	2	0	1	0	0	0	0	0	0
A	BL	1	78	1	1	BA1650	2022	8	7	0	0	0	0	0	0	0	0	0
A	BL	1	78	1	1	BA1650	2025	7	0	0	0	0	0	0	0	1	0	0
A	BL	1	78	1	1	BA1650	2029	7	8	2	0	1	0	0	0	0	0	0
A	BL	1	78	1	1	BA1650	2036	8	0	0	0	0	0	0	0	1	0	0
A	BL	1	78	1	1	BA1650	2039	8	9	0	0	0	0	0	0	0	0	0
A	BL	1	78	1	1	BA1650	2048	9	0	0	0	1	0	0	0	0	0	0
A	BL	1	78	1	1	BA1650	2049	9	10	0	0	0	0	0	0	0	0	0
A	BL	1	78	1	1	BA1650	2056	10	0	0	0	0	0	0	0	1	0	0
A	BL	1	78	1	1	BA1650	2124	10	2	0	0	0	0	0	0	0	0	0
A	BL	1	78	1	1	BA1650	2125	2	3	0	0	0	0	0	0	0	0	0
A	BL	1	78	1	1	BA1650	2267	3	5	1	1	0	0	0	0	0	0	0
A	BL	1	78	1	1	BA1650	2271	5	0	0	0	0	0	0	1	0	0	0
A	BL	1	78	1	1	BA1650	2277	5	4	0	0	0	0	0	0	0	0	0
A	BL	1	78	1	1	BA1650	2280	4	5	1	1	0	0	0	0	0	0	0
A	BL	1	78	1	1	BA1650	2282	5	0	0	0	0	0	0	1	0	0	0
A	BL	1	78	1	1	BA1650	2289	5	0	0	1	0	0	0	0	0	0	0
A	BL	1	78	1	1	BA1650	2290	5	4	0	0	0	0	0	0	0	0	0
A	BL	1	78	1	1	BA1650	2294	4	0	0	0	0	0	0	1	0	0	0
A	BL	1	78	1	1	BA1650	2297	4	5	1	1	0	0	0	0	0	0	0
A	BL	1	78	1	1	BA1650	2305	5	0	0	0	0	0	0	1	0	0	0
A	BL	1	78	1	1	BA1650	2307	5	4	0	0	0	0	0	0	0	0	0
A	BL	1	78	1	1	BA1650	2308	4	5	1	1	0	0	0	0	0	0	0
A	BL	1	78	1	1	BA1650	2318	5	4	0	0	0	0	0	0	0	0	0
A	BL	1	78	1	1	BA1650	2322	4	0	0	0	0	0	0	1	0	0	0
A	BL	1	78	1	1	BA1650	2348	4	5	1	1	0	0	0	0	0	0	0
A	BL	1	78	1	1	BA1650	2353	5	0	0	0	0	0	0	1	0	0	0
A	BL	1	78	1	1	BA1650	2357	5	0	0	1	0	0	0	0	0	0	0
A	BL	1	78	1	1	BA1650	2358	5	9	0	0	0	0	0	0	0	0	0
A	BL	1	78	1	1	BA1650	2368	9	10	0	0	0	0	0	0	0	0	0
A	BL	1	78	1	1	BA1650	2380	10	0	0	0	0	0	0	1	0	0	0
A	BL	1	78	1	1	BA1650	2385	10	0	0	1	0	0	0	0	0	0	0
A	BL	1	78	1	1	BA1650	2387	10	0	0	0	0	0	0	1	0	0	0
A	BL	1	78	1	1	BA1650	2443	10	2	0	0	0	0	0	0	0	0	0
A	BL	1	78	1	1	BA1650	2444	2	3	0	0	0	0	0	0	0	0	0
A	BL	1	78	1	1	BA1650	2527	3	5	1	1	0	0	0	0	0	0	0
A	BL	1	78	1	1	BA1650	2537	5	4	0	0	0	0	0	0	0	0	0
A	BL	1	78	1	1	BA1650	2546	4	0	0	0	0	0	0	1	0	0	0
A	BL	1	78	1	1	BA1650	2553	4	5	1	1	0	0	0	0	0	0	0
A	BL	1	78	1	1	BA1650	2555	5	0	0	0	0	0	0	1	0	0	0
A	BL	1	78	1	1	BA1650	2563	5	4	0	0	0	0	0	0	0	0	0
A	BL	1	78	1	1	BA1650	2593	4	5	1	1	0	0	0	0	0	0	0
A	BL	1	78	1	1	BA1650	2603	5	4	0	0	0	0	0	0	0	0	0
A	BL	1	78	1	1	BA1650	2609	4	0	0	0	0	0	0	1	0	0	0
A	BL	1	78	1	1	BA1650	2627	4	5	1	1	0	0	0	0	0	0	0
A	BL	1	78	1	1	BA1650	2637	5	4	0	0	0	0	0	0	0	0	0
A	BL	1	78	1	1	BA1650	2677	4	0	0	0	0	0	0	1	0	0	0
A	BL	1	78	1	1	BA1650	2689	4	5	1	1	0	0	0	0	0	0	0
A	BL	1	78	1	1	BA1650	2699	5	9	0	0	0	0	0	0	0	0	0
A	BL	1	78	1	1	BA1650	2701	9	0	0	0	0	0	0	1	0	0	0
A	BL	1	78	1	1	BA1650	2702	9	0	0	1	0	0	0	0	0	0	0
A	BL	1	78	1	1	BA1650	2709	9	10	0	0	0	0	0	0	0	0	0
A	BL	1	78	1	1	BA1650	2722	10	0	0	0	0	0	0	1	0	0	0
A	BL	1	78	1	1	BA1650	2784	10	2	0	0	0	0	0	0	0	0	0
A	BL	1	78	1	1	BA1650	2785	2	6	0	0	0	0	0	0	0	0	0
A	BL	1	78	1	1	BA1650	3081	6	8	2	0	1	0	0	0	0	0	0
A	BL	1	78	1	1	BA1650	3091	8	7	0	0	0	0	0	0	0	0	0
A	BL	1	78	1	1	BA1650	3098	7	0	0	0	0	0	0	0	1	0	0
A	BL	1	78	1	1	BA1650	3104	7	8	2	0	1	0	0	0	0	0	0
A	BL	1	78	1	1	BA1650	3110	8	0	0	0	0	0	0	0	1	0	0
A	BL	1	78	1	1	BA1650	3111	8	0	0	0	1	0	0	0	0	0	0
A	BL	1	78	1	1	BA1650	3113	8	0	0	0	0	0	0	0	1	0	0
A	BL	1	78	1	1	BA1650	3114	8	7	0	0	0	0	0	0	0	0	0
A	BL	1	78	1	1	BA1650	3122	7	8	2	0	1	0	0	0	0	0	0
A	BL	1	78	1	1	BA1650	3124	8	0	0	0	0	0	0	0	1	0	0
A	BL	1	78	1	1	BA1650	3129	8	0	0	0	1	0	0	0	0	0	0
A	BL	1	78	1	1	BA1650	3132	8	7	0	0	0	0	0	0	1	0	0
A	BL	1	78	1	1	BA1650	3138	7	8	2	0	1	0	0	0	0	0	0
A	BL	1	78	1	1	BA1650	3148	8	7	0	0	0	0	0	0	0	0	0
A	BL	1	78	1	1	BA1650	3151	7	0	0	0	0	0	0	0	1	0	0
A	BL	1	78	1	1	BA1650	3155	7	8	2	0	1	0	0	0	0	0	0
A	BL	1	78	1	1	BA1650	3165	8	7	0	0	0	0	0	0	1	0	0
A	BL	1	78	1	1	BA1650	3176	7	8	2	0	1	0	0	0	0	0	0
A	BL	1	78	1	1	BA1650	3186	8	7	0	0	0	0	0	0	0	0	0
A	BL	1	78	1	1	BA1650	3216	7	0	0	0	0	0	0	0	1	0	0
A	BL	1	78	1	1	BA1650	3236	7	8	2	0	1	0	0	0	0	0	0
A	BL	1	78	1	1	BA1650	3243	8	0	0	0	0	0	0	0	1	0	0
A	BL	1	78	1	1	BA1650	3245	8	0	0	0	1	0	0	0	0	0	0
A	BL	1	78	1	1	BA1650	3246	8	7	0	0	0	0	0	0	0	0	0
A	BL	1	78	1	1	BA1650	3264	7	0	0	0	0	0	0	0	1	0	0
A	BL	1	78	1	1	BA1650	3265	7	8	2	0	1	0	0	0	0	0	0
A	BL	1	78	1	1	BA1650	3275	8	7	0	0	0	0	0	0	0	0	0
A	BL	1	78	1	1	BA1650	3276	7	0	0	0	0	0	0	0	1	0	0
A	BL	1	78	1	1	BA1650	3367	7	8	2	0	1	0	0	0	0	0	0
A	BL	1	78	1	1	BA1650	3377	8	7	0	0	0	0	0	0	0	0	0
A	BL	1	78	1	1	BA1650	3396	7	0	0	0	0	0	0	0	1	0	0
A	BL	1	78	1	1	BA1650	3417	7	8	2	0	1	0	0	0	0	0	0
A	BL	1	78	1	1	BA1650	3420	8	0	0	0	0	0	0	0	1	0	0
A	BL	1	78	1	1	BA1650	3424	8	0	0	0	1	0	0	0	0	0	0
A	BL	1	78	1	1	BA1650	3427	8	9	0	0	0	0	0	0	0	0	0
A	BL	1	78	1	1	BA1650	3437	9	10	0	0	0	0	0	0	0	0	0
A	BL	1	78	1	1	BA1650	3438	10	0	0	0	0	0	0	0	1	0	0
A	BL	1	78	1	1	BA1650	3444	10	0	0	0	1	0	0	0	0	0	0
A	BL	1	78	1	1	BA1650	3464	10	0	0	0	0	0	0	0	1	0	0
A	BL	1	78	1	1	BA1650	3512	10	2	0	0	0	0	0	0	0	0	0
A	BL	1	78	1	1	BA1650	3513	2	6	0	0	0	0	0	0	0	0	0
A	BL	1	78	1	1	BA1650	3551	6	8	2	0	1	0	0	0	0	0	0
A	BL	1	78	1	1	BA1650	3557	8	0	0	0	1	0	0	0	1	0	0
A	BL	1	78	1	1	BA1650	3561	8	7	0	0	0	0	0	0	0	0	0
A	BL	1	78	1	1	BA1650	3569	7	0	0	0	0	0	0	0	1	0	0
A	BL	1	78	1	1	BA1650	3572	7	8	2	0	1	0	0	0	0	0	0
A	BL	1	78	1	1	BA1650	3581	8	0	0	0	0	0	0	0	1	0	0
A	BL	1	78	1	1	BA1650	3582	8	7	0	0	0	0	0	0	0	0	0
A	BL	1	78	1	1	BA1650	3610	7	8	2	0	1	0	0	0	0	0	0
A	BL	1	78	1	1	BA1650	3620	8	7	0	0	0	0	0	0	0	0	0
A	BL	1	78	1	1	BA1650	3622	7	0	0	0	0	0	0	0	1	0	0
A	BL	1	78	1	1	BA1650	3625	7	8	2	0	1	0	0	0	0	0	0
A	BL	1	78	1	1	BA1650	3635	8	7	0	0	0	0	0	0	0	0	0
A	BL	1	78	1	1	BA1650	3636	7	0	0	0	0	0	0	0	1	0	0
A	BL	1	78	1	1	BA1650	3650	7	8	2	0	1	0	0	0	0	0	0
A	BL	1	78	1	1	BA1650	3652	8	0	0	0	0	0	0	0	1	0	0
A	BL	1	78	1	1	BA1650	3656	8	0	0	0	1	0	0	0	0	0	0
A	BL	1	78	1	1	BA1650	3660	8	7	0	0	0	0	0	0	0	0	0
A	BL	1	78	1	1	BA1650	3671	7	0	0	0	0	0	0	0	1	0	0
A	BL	1	78	1	1	BA1650	3673	7	8	2	0	1	0	0	0	0	0	0
A	BL	1	78	1	1	BA1650	3683	8	7	0	0	0	0	0	0	1	0	0
A	BL	1	78	1	1	BA1650	3707	7	8	2	0	1	0	0	0	0	0	0
A	BL	1	78	1	1	BA1650	3710	8	0	0	0	0	0	0	0	1	0	0
A	BL	1	78	1	1	BA1650	3713	8	0	0	0	1	0	0	0	0	0	0
A	BL	1	78	1	1	BA1650	3717	8	7	0	0	0	0	0	0	0	0	0
A	BL	1	78	1	1	BA1650	3815	7	0	0	0	0	0	0	0	1	0	0
A	BL	1	78	1	1	BA1650	3882	7	8	2	0	1	0	0	0	0	0	0
A	BL	1	78	1	1	BA1650	3892	8	7	0	0	0	0	0	0	0	0	0
A	BL	1	78	1	1	BA1650	3907	7	0	0	0	0	0	0	0	1	0	0
A	BL	1	78	1	1	BA1650	3925	7	8	2	0	1	0	0	0	0	0	0
A	BL	1	78	1	1	BA1650	3935	8	7	0	0	0	0	0	0	1	0	0
A	BL	1	78	1	1	BA1650	3961	7	8	2	0	1	0	0	0	0	0	0
A	BL	1	78	1	1	BA1650	3963	8	0	0	0	0	0	0	0	1	0	0
A	BL	1	78	1	1	BA1650	3966	8	0	0	0	1	0	0	0	0	0	0
A	BL	1	78	1	1	BA1650	3971	8	9	0	0	0	0	0	0	0	0	0
A	BL	1	78	1	1	BA1650	3975	9	0	0	0	0	0	0	0	1	0	0
A	BL	1	78	1	1	BA1650	3978	9	0	0	0	1	0	0	0	0	0	0
A	BL	1	78	1	1	BA1650	3981	9	10	0	0	0	0	0	0	0	0	0
A	BL	1	78	1	1	BA1650	3997	10	0	0	0	0	0	0	0	1	0	0
A	BL	1	78	1	1	BA1650	4056	10	2	0	0	0	0	0	0	0	0	0
A	BL	1	78	1	1	BA1650	4057	2	6	0	0	0	0	0	0	0	0	0
A	BL	1	78	1	1	BA1650	4281	6	8	2	0	1	0	0	0	0	0	0
A	BL	1	78	1	1	BA1650	4291	8	7	0	0	0	0	0	0	1	0	0
A	BL	1	78	1	1	BA1650	4297	7	8	2	0	1	0	0	0	0	0	0
A	BL	1	78	1	1	BA1650	4307	8	7	0	0	0	0	0	0	1	0	0
A	BL	1	78	1	1	BA1650	4311	7	8	2	0	1	0	0	0	0	0	0
A	BL	1	78	1	1	BA1650	4317	8	0	0	0	0	0	0	0	1	0	0
A	BL	1	78	1	1	BA1650	4321	8	7	0	0	0	0	0	0	0	0	0
A	BL	1	78	1	1	BA1650	4324	7	8	2	0	1	0	0	0	0	0	0
A	BL	1	78	1	1	BA1650	4329	8	0	0	0	0	0	0	0	1	0	0
A	BL	1	78	1	1	BA1650	4334	8	7	0	0	0	0	0	0	0	0	0
A	BL	1	78	1	1	BA1650	4340	7	8	2	0	1	0	0	0	0	0	0
A	BL	1	78	1	1	BA1650	4350	8	7	0	0	0	0	0	0	0	0	0
A	BL	1	78	1	1	BA1650	4360	7	0	0	0	0	0	0	0	1	0	0
A	BL	1	78	1	1	BA1650	4385	7	8	2	0	1	0	0	0	0	0	0
A	BL	1	78	1	1	BA1650	4389	8	0	0	0	0	0	0	0	1	0	0
A	BL	1	78	1	1	BA1650	4394	8	0	0	0	1	0	0	0	0	0	0
A	BL	1	78	1	1	BA1650	4395	8	7	0	0	0	0	0	0	0	0	0
A	BL	1	78	1	1	BA1650	4413	7	0	0	0	0	0	0	0	1	0	0
A	BL	1	78	1	1	BA1650	4427	7	8	2	0	1	0	0	0	0	0	0
A	BL	1	78	1	1	BA1650	4430	8	0	0	0	0	0	0	0	1	0	0
A	BL	1	78	1	1	BA1650	4437	8	7	0	0	0	0	0	0	0	0	0
A	BL	1	78	1	1	BA1650	4450	7	8	2	0	1	0	0	0	0	0	0
A	BL	1	78	1	1	BA1650	4460	8	7	0	0	0	0	0	0	0	0	0
A	BL	1	78	1	1	BA1650	4463	7	0	0	0	0	0	0	0	1	0	0
A	BL	1	78	1	1	BA1650	4482	7	8	2	0	1	0	0	0	0	0	0
A	BL	1	78	1	1	BA1650	4492	8	7	0	0	0	0	0	0	0	0	0
A	BL	1	78	1	1	BA1650	4495	7	0	0	0	0	0	0	0	1	0	0
A	BL	1	78	1	1	BA1650	4525	7	8	2	0	1	0	0	0	0	0	0
A	BL	1	78	1	1	BA1650	4529	8	0	0	0	0	0	0	0	1	0	0
A	BL	1	78	1	1	BA1650	4535	8	9	0	0	1	0	0	0	0	0	0
A	BL	1	78	1	1	BA1650	4545	9	10	0	0	0	0	0	0	0	0	0
A	BL	1	78	1	1	BA1650	4547	10	0	0	0	0	0	0	0	1	0	0
A	BL	1	78	1	1	BA1650	4620	10	2	0	0	0	0	0	0	0	0	0
A	BL	1	78	1	1	BA1650	4621	2	3	0	0	0	0	0	0	0	0	0
A	BL	1	78	1	1	BA1650	4693	3	5	1	1	0	0	0	0	0	0	0
A	BL	1	78	1	1	BA1650	4703	5	4	0	0	0	0	0	0	0	0	0
A	BL	1	78	1	1	BA1650	4774	4	0	0	0	0	0	0	1	0	0	0
A	BL	1	78	1	1	BA1650	4789	4	5	1	1	0	0	0	0	0	0	0
A	BL	1	78	1	1	BA1650	4795	5	0	0	0	0	0	0	1	0	0	0
A	BL	1	78	1	1	BA1650	4798	5	0	0	1	0	0	0	0	0	0	0
A	BL	1	78	1	1	BA1650	4799	5	4	0	0	0	0	0	0	0	0	0
A	BL	1	78	1	1	BA1650	4805	4	0	0	0	0	0	0	1	0	0	0
A	BL	1	78	1	1	BA1650	4810	4	5	1	1	0	0	0	0	0	0	0
A	BL	1	78	1	1	BA1650	4820	5	4	0	0	0	0	0	0	0	0	0
A	BL	1	78	1	1	BA1650	4854	4	0	0	0	0	0	0	1	0	0	0
A	BL	1	78	1	1	BA1650	4906	4	5	1	1	0	0	0	0	0	0	0
A	BL	1	78	1	1	BA1650	4909	5	0	0	0	0	0	0	1	0	0	0
A	BL	1	78	1	1	BA1650	4912	5	0	0	1	0	0	0	0	0	0	0
A	BL	1	78	1	1	BA1650	4915	5	0	0	0	0	0	0	1	0	0	0
A	BL	1	78	1	1	BA1650	4916	5	4	0	0	0	0	0	0	0	0	0
A	BL	1	78	1	1	BA1650	5068	4	5	1	1	0	0	0	0	0	0	0
A	BL	1	78	1	1	BA1650	5078	5	9	0	0	0	0	0	0	0	0	0
A	BL	1	78	1	1	BA1650	5088	9	10	0	0	0	0	0	0	0	0	0
A	BL	1	78	1	1	BA1650	5112	10	0	0	0	0	0	0	1	0	0	0
A	BL	1	78	1	1	BA1650	5163	10	2	0	0	0	0	0	0	0	0	0
A	BL	1	78	1	1	BA1650	5164	2	6	0	0	0	0	0	0	0	0	0
A	BL	1	78	1	1	BA1650	5382	6	8	2	0	1	0	0	0	0	0	0
A	BL	1	78	1	1	BA1650	5383	8	0	0	0	0	0	0	0	1	0	0
A	BL	1	78	1	1	BA1650	5385	8	0	0	0	1	0	0	0	0	0	0
A	BL	1	78	1	1	BA1650	5386	8	0	0	0	0	0	0	0	1	0	0
A	BL	1	78	1	1	BA1650	5387	8	0	0	0	1	0	0	0	0	0	0
A	BL	1	78	1	1	BA1650	5389	8	0	0	0	0	0	0	0	1	0	0
A	BL	1	78	1	1	BA1650	5392	8	7	0	0	0	0	0	0	0	0	0
A	BL	1	78	1	1	BA1650	5393	7	8	2	0	1	0	0	0	0	0	0
A	BL	1	78	1	1	BA1650	5403	8	7	0	0	0	0	0	0	1	0	0
A	BL	1	78	1	1	BA1650	5410	7	8	2	0	1	0	0	0	0	0	0
A	BL	1	78	1	1	BA1650	5412	8	0	0	0	0	0	0	0	1	0	0
A	BL	1	78	1	1	BA1650	5420	8	7	0	0	0	0	0	0	0	0	0
A	BL	1	78	1	1	BA1650	5439	7	8	2	0	1	0	0	0	0	0	0
A	BL	1	78	1	1	BA1650	5449	8	7	0	0	0	0	0	0	0	0	0
A	BL	1	78	1	1	BA1650	5453	7	0	0	0	0	0	0	0	1	0	0
A	BL	1	78	1	1	BA1650	5476	7	8	2	0	1	0	0	0	0	0	0
A	BL	1	78	1	1	BA1650	5479	8	0	0	0	0	0	0	0	1	0	0
A	BL	1	78	1	1	BA1650	5483	8	0	0	0	1	0	0	0	0	0	0
A	BL	1	78	1	1	BA1650	5486	8	7	0	0	0	0	0	0	0	0	0
A	BL	1	78	1	1	BA1650	5494	7	0	0	0	0	0	0	0	1	0	0
A	BL	1	78	1	1	BA1650	5495	7	8	2	0	1	0	0	0	0	0	0
A	BL	1	78	1	1	BA1650	5505	8	7	0	0	0	0	0	0	0	0	0
A	BL	1	78	1	1	BA1650	5527	7	0	0	0	0	0	0	0	1	0	0
A	BL	1	78	1	1	BA1650	5531	7	8	2	0	1	0	0	0	0	0	0
A	BL	1	78	1	1	BA1650	5538	8	0	0	0	0	0	0	0	1	0	0
A	BL	1	78	1	1	BA1650	5541	8	7	0	0	0	0	0	0	0	0	0
A	BL	1	78	1	1	BA1650	5602	7	8	2	0	1	0	0	0	0	0	0
A	BL	1	78	1	1	BA1650	5612	8	7	0	0	0	0	0	0	0	0	0
A	BL	1	78	1	1	BA1650	5643	7	0	0	0	0	0	0	0	1	0	0
A	BL	1	78	1	1	BA1650	5646	7	8	2	0	1	0	0	0	0	0	0
A	BL	1	78	1	1	BA1650	5656	8	7	0	0	0	0	0	0	0	0	0
A	BL	1	78	1	1	BA1650	5674	7	0	0	0	0	0	0	0	1	0	0
A	BL	1	78	1	1	BA1650	5677	7	8	2	0	1	0	0	0	0	0	0
A	BL	1	78	1	1	BA1650	5683	8	0	0	0	0	0	0	0	1	0	0
A	BL	1	78	1	1	BA1650	5686	8	0	0	0	1	0	0	0	0	0	0
A	BL	1	78	1	1	BA1650	5687	8	9	0	0	0	0	0	0	0	0	0
A	BL	1	78	1	1	BA1650	5697	9	10	0	0	0	0	0	0	0	0	0
A	BL	1	78	1	1	BA1650	5713	10	0	0	0	0	0	0	0	1	0	0
A	BL	1	78	1	1	BA1650	5772	10	2	0	0	0	0	0	0	0	0	0
A	BL	1	78	1	1	BA1650	5773	2	3	0	0	0	0	0	0	0	0	0
A	BL	1	78	1	1	BA1650	5826	3	5	1	1	0	0	0	0	0	0	0
A	BL	1	78	1	1	BA1650	5836	5	4	0	0	0	0	0	0	0	0	0
A	BL	1	78	1	1	BA1650	5838	4	0	0	0	0	0	0	1	0	0	0
A	BL	1	78	1	1	BA1650	5843	4	5	1	1	0	0	0	0	0	0	0
A	BL	1	78	1	1	BA1650	5852	5	0	0	0	0	0	0	1	0	0	0
A	BL	1	78	1	1	BA1650	5853	5	4	0	0	0	0	0	0	0	0	0
A	BL	1	78	1	1	BA1650	5861	4	5	1	1	0	0	0	0	0	0	0
A	BL	1	78	1	1	BA1650	5866	5	0	0	0	0	0	0	1	0	0	0
A	BL	1	78	1	1	BA1650	5871	5	4	0	0	0	0	0	0	0	0	0
A	BL	1	78	1	1	BA1650	5873	4	5	1	1	0	0	0	0	0	0	0
A	BL	1	78	1	1	BA1650	5883	5	4	0	0	0	0	0	0	0	0	0
A	BL	1	78	1	1	BA1650	5885	4	0	0	0	0	0	0	1	0	0	0
A	BL	1	78	1	1	BA1650	5930	4	5	1	1	0	0	0	0	0	0	0
A	BL	1	78	1	1	BA1650	5940	5	9	0	0	0	0	0	0	0	0	0
A	BL	1	78	1	1	BA1650	5950	9	10	0	0	0	0	0	0	0	0	0
A	BL	1	78	1	1	BA1650	5957	10	0	0	0	0	0	0	1	0	0	0
A	BL	1	78	1	1	BA1650	6025	10	2	0	0	0	0	0	0	0	0	0
A	BL	1	78	1	1	BA1650	6026	2	3	0	0	0	0	0	0	0	0	0
A	BL	1	78	1	1	BA1650	6052	3	5	1	1	0	0	0	0	0	0	0
A	BL	1	78	1	1	BA1650	6062	5	4	0	0	0	0	0	0	0	0	0
A	BL	1	78	1	1	BA1650	6077	4	0	0	0	0	0	0	1	0	0	0
A	BL	1	78	1	1	BA1650	6085	4	5	1	1	0	0	0	0	0	0	0
A	BL	1	78	1	1	BA1650	6095	5	4	0	0	0	0	0	1	0	0	0
A	BL	1	78	1	1	BA1650	6100	4	5	1	1	0	0	0	0	0	0	0
A	BL	1	78	1	1	BA1650	6110	5	4	0	0	0	0	0	0	0	0	0
A	BL	1	78	1	1	BA1650	6125	4	0	0	0	0	0	0	1	0	0	0
A	BL	1	78	1	1	BA1650	6164	4	5	1	1	0	0	0	0	0	0	0
A	BL	1	78	1	1	BA1650	6169	5	0	0	0	0	0	0	1	0	0	0
A	BL	1	78	1	1	BA1650	6174	5	4	0	1	0	0	0	0	0	0	0
A	BL	1	78	1	1	BA1650	6181	4	0	0	0	0	0	0	1	0	0	0
A	BL	1	78	1	1	BA1650	6192	4	5	1	1	0	0	0	0	0	0	0
A	BL	1	78	1	1	BA1650	6194	5	0	0	0	0	0	0	1	0	0	0
A	BL	1	78	1	1	BA1650	6198	5	0	0	1	0	0	0	0	0	0	0
A	BL	1	78	1	1	BA1650	6202	5	9	0	0	0	0	0	0	0	0	0
A	BL	1	78	1	1	BA1650	6212	9	10	0	0	0	0	0	0	0	0	0
A	BL	1	78	1	1	BA1650	6226	10	0	0	0	0	0	0	1	0	0	0
A	BL	1	78	1	1	BA1650	6287	10	2	0	0	0	0	0	0	0	0	0
A	BL	1	78	1	1	BA1650	6288	2	3	0	0	0	0	0	0	0	0	0
A	BL	1	78	1	1	BA1650	6362	3	5	1	1	0	0	0	0	0	0	0
A	BL	1	78	1	1	BA1650	6371	5	0	0	0	0	0	0	1	0	0	0
A	BL	1	78	1	1	BA1650	6372	5	4	0	0	0	0	0	0	0	0	0
A	BL	1	78	1	1	BA1650	6379	4	5	1	1	0	0	0	0	0	0	0
A	BL	1	78	1	1	BA1650	6389	5	4	0	0	0	0	0	0	0	0	0
A	BL	1	78	1	1	BA1650	6395	4	0	0	0	0	0	0	1	0	0	0
A	BL	1	78	1	1	BA1650	6406	4	5	1	1	0	0	0	0	0	0	0
A	BL	1	78	1	1	BA1650	6415	5	0	0	0	0	0	0	1	0	0	0
A	BL	1	78	1	1	BA1650	6416	5	4	0	0	0	0	0	0	0	0	0
A	BL	1	78	1	1	BA1650	6420	4	5	1	1	0	0	0	0	0	0	0
A	BL	1	78	1	1	BA1650	6430	5	4	0	0	0	0	0	0	0	0	0
A	BL	1	78	1	1	BA1650	6459	4	0	0	0	0	0	0	1	0	0	0
A	BL	1	78	1	1	BA1650	6474	4	5	1	1	0	0	0	0	0	0	0
A	BL	1	78	1	1	BA1650	6484	5	9	0	0	0	0	0	0	0	0	0
A	BL	1	78	1	1	BA1650	6485	9	0	0	0	0	0	0	1	0	0	0
A	BL	1	78	1	1	BA1650	6488	9	0	0	1	0	0	0	0	0	0	0
A	BL	1	78	1	1	BA1650	6494	9	10	0	0	0	0	0	0	0	0	0
A	BL	1	78	1	1	BA1650	6510	10	0	0	0	0	0	0	1	0	0	0
A	BL	1	78	1	1	BA1650	6569	10	2	0	0	0	0	0	0	0	0	0
A	BL	1	78	1	1	BA1650	6570	2	6	0	0	0	0	0	0	0	0	0
A	BL	1	78	1	1	BA1650	6880	6	8	2	0	1	0	0	0	0	0	0
A	BL	1	78	1	1	BA1650	6889	8	0	0	0	0	0	0	0	1	0	0
A	BL	1	78	1	1	BA1650	6890	8	7	0	0	0	0	0	0	0	0	0
A	BL	1	78	1	1	BA1650	6898	7	8	2	0	1	0	0	0	0	0	0
A	BL	1	78	1	1	BA1650	6904	8	0	0	0	0	0	0	0	1	0	0
A	BL	1	78	1	1	BA1650	6908	8	7	0	0	0	0	0	0	0	0	0
A	BL	1	78	1	1	BA1650	6910	7	8	2	0	1	0	0	0	0	0	0
A	BL	1	78	1	1	BA1650	6920	8	7	0	0	0	0	0	0	0	0	0
A	BL	1	78	1	1	BA1650	6926	7	0	0	0	0	0	0	0	1	0	0
A	BL	1	78	1	1	BA1650	6934	7	8	2	0	1	0	0	0	0	0	0
A	BL	1	78	1	1	BA1650	6944	8	7	0	0	0	0	0	0	0	0	0
A	BL	1	78	1	1	BA1650	6946	7	0	0	0	0	0	0	0	1	0	0
A	BL	1	78	1	1	BA1650	6948	7	8	2	0	1	0	0	0	0	0	0
A	BL	1	78	1	1	BA1650	6958	8	7	0	0	0	0	0	0	0	0	0
A	BL	1	78	1	1	BA1650	7003	7	0	0	0	0	0	0	0	1	0	0
A	BL	1	78	1	1	BA1650	7053	7	8	2	0	1	0	0	0	0	0	0
A	BL	1	78	1	1	BA1650	7054	8	0	0	0	0	0	0	0	1	0	0
A	BL	1	78	1	1	BA1650	7063	8	7	0	0	0	0	0	0	0	0	0
A	BL	1	78	1	1	BA1650	7065	7	8	2	0	1	0	0	0	0	0	0
A	BL	1	78	1	1	BA1650	7070	8	0	0	0	0	0	0	0	1	0	0
A	BL	1	78	1	1	BA1650	7075	8	7	0	0	0	0	0	0	0	0	0
A	BL	1	78	1	1	BA1650	7078	7	8	2	0	1	0	0	0	0	0	0
A	BL	1	78	1	1	BA1650	7088	8	7	0	0	0	0	0	0	0	0	0
A	BL	1	78	1	1	BA1650	7131	7	0	0	0	0	0	0	0	1	0	0
A	BL	1	78	1	1	BA1650	7172	7	8	2	0	1	0	0	0	0	0	0
A	BL	1	78	1	1	BA1650	7182	8	7	0	0	0	0	0	0	0	0	0
A	BL	1	78	1	1	BA1650	7374	7	0	0	0	0	0	0	0	1	0	0
A	BL	1	78	1	1	BA1650	7376	7	8	2	0	1	0	0	0	0	0	0
A	BL	1	78	1	1	BA1650	7386	8	9	0	0	0	0	0	0	0	0	0
A	BL	1	78	1	1	BA1650	7396	9	10	0	0	0	0	0	0	0	0	0
A	BL	1	78	1	1	BA1650	7404	10	0	0	0	0	0	0	0	1	0	0
A	BL	1	78	1	1	BA1650	7471	10	2	0	0	0	0	0	0	0	0	0
A	BL	1	78	1	1	BA1650	7472	2	6	0	0	0	0	0	0	0	0	0
A	BL	1	78	1	1	BA1650	7532	6	8	2	0	1	0	0	0	0	0	0
A	BL	1	78	1	1	BA1650	7542	8	7	0	0	0	0	0	0	0	0	0
A	BL	1	78	1	1	BA1650	7554	7	0	0	0	0	0	0	0	1	0	0
A	BL	1	78	1	1	BA1650	7557	7	8	2	0	1	0	0	0	0	0	0
A	BL	1	78	1	1	BA1650	7567	8	7	0	0	0	0	0	0	0	0	0
A	BL	1	78	1	1	BA1650	7577	7	0	0	0	0	0	0	0	1	0	0
A	BL	1	78	1	1	BA1650	7584	7	8	2	0	1	0	0	0	0	0	0
A	BL	1	78	1	1	BA1650	7594	8	7	0	0	0	0	0	0	0	0	0
A	BL	1	78	1	1	BA1650	7596	7	0	0	0	0	0	0	0	1	0	0
A	BL	1	78	1	1	BA1650	7649	7	8	2	0	1	0	0	0	0	0	0
A	BL	1	78	1	1	BA1650	7659	8	7	0	0	0	0	0	0	0	0	0
A	BL	1	78	1	1	BA1650	7673	7	0	0	0	0	0	0	0	1	0	0
A	BL	1	78	1	1	BA1650	7677	7	8	2	0	1	0	0	0	0	0	0
A	BL	1	78	1	1	BA1650	7687	8	7	0	0	0	0	0	0	0	0	0
A	BL	1	78	1	1	BA1650	7705	7	0	0	0	0	0	0	0	1	0	0
A	BL	1	78	1	1	BA1650	7729	7	8	2	0	1	0	0	0	0	0	0
A	BL	1	78	1	1	BA1650	7739	8	7	0	0	0	0	0	0	0	0	0
A	BL	1	78	1	1	BA1650	7749	7	0	0	0	0	0	0	0	1	0	0
A	BL	1	78	1	1	BA1650	7751	7	8	2	0	1	0	0	0	0	0	0
A	BL	1	78	1	1	BA1650	7759	8	0	0	0	0	0	0	0	1	0	0
A	BL	1	78	1	1	BA1650	7761	8	7	0	0	0	0	0	0	0	0	0
A	BL	1	78	1	1	BA1650	7764	7	8	2	0	1	0	0	0	0	0	0
A	BL	1	78	1	1	BA1650	7774	8	7	0	0	0	0	0	0	0	0	0
A	BL	1	78	1	1	BA1650	7784	7	0	0	0	0	0	0	0	1	0	0
A	BL	1	78	1	1	BA1650	7796	7	8	2	0	1	0	0	0	0	0	0
A	BL	1	78	1	1	BA1650	7806	8	7	0	0	0	0	0	0	0	0	0
A	BL	1	78	1	1	BA1650	7829	7	0	0	0	0	0	0	0	1	0	0
A	BL	1	78	1	1	BA1650	7840	7	8	2	0	1	0	0	0	0	0	0
A	BL	1	78	1	1	BA1650	7844	8	0	0	0	0	0	0	0	1	0	0
A	BL	1	78	1	1	BA1650	7845	8	0	0	0	1	0	0	0	0	0	0
A	BL	1	78	1	1	BA1650	7850	8	9	0	0	0	0	0	0	0	0	0
A	BL	1	78	1	1	BA1650	7854	9	0	0	0	0	0	0	0	1	0	0
A	BL	1	78	1	1	BA1650	7860	9	10	0	0	0	0	0	0	0	0	0
A	BL	1	78	1	1	BA1650	7935	10	2	0	0	0	0	0	0	0	0	0
A	BL	1	78	1	1	BA1650	7936	2	6	0	0	0	0	0	0	0	0	0
A	BL	1	78	1	1	BA1650	8021	6	0	0	1	0	0	0	0	0	0	0
A	BL	1	78	1	1	BA1650	8035	6	0	0	0	0	0	0	1	0	0	0
A	BL	1	78	1	1	BA1650	8041	6	0	0	1	0	0	0	0	0	0	0
A	BL	1	78	1	1	BA1650	8053	6	0	0	0	0	0	0	1	0	0	0
A	BL	1	78	1	1	BA1650	8059	6	0	0	1	0	0	0	0	0	0	0
A	BL	1	78	1	1	BA1650	8065	6	0	0	0	0	0	0	1	0	0	0
A	BL	1	78	1	1	BA1650	8074	6	0	0	1	0	0	0	0	0	0	0
A	BL	1	78	1	1	BA1650	8076	6	0	0	0	0	0	0	1	0	0	0
A	BL	1	78	1	1	BA1650	8108	6	0	0	1	0	0	0	0	0	0	0
A	BL	1	78	1	1	BA1650	8116	6	0	0	0	0	0	0	1	0	0	0
A	BL	1	78	1	1	BA1650	8119	6	0	0	1	0	0	0	0	0	0	0
A	BL	1	78	1	1	BA1650	8183	6	0	0	0	0	0	0	1	0	0	0
A	BL	1	78	1	1	BA1650	8210	6	0	0	1	0	0	0	0	0	0	0
A	BL	1	78	1	1	BA1650	8250	6	0	0	0	0	0	0	1	0	0	0
A	BL	1	78	1	1	BA1650	8253	6	0	0	1	0	0	0	0	0	0	0
A	BL	1	78	1	1	BA1650	8272	6	0	0	0	0	0	0	1	0	0	0
A	BL	1	78	1	1	BA1650	8554	6	0	0	1	0	0	0	0	0	0	0
A	BL	1	78	1	1	BA1650	8566	6	0	0	0	0	0	0	1	0	0	0
A	BL	1	78	1	1	BA1650	8600	6	0	0	1	0	0	0	0	0	0	0
A	BL	1	78	1	1	BA1650	8650	6	0	0	0	0	0	0	1	0	0	0
A	BL	1	78	1	1	BA1650	8661	6	0	0	1	0	0	0	0	0	0	0
A	BL	1	78	1	1	BA1650	8670	6	0	0	0	0	0	0	1	0	0	0
A	BL	1	78	1	1	BA1650	8681	6	0	0	1	0	0	0	0	0	0	0
A	BL	1	78	1	1	BA1650	8691	6	0	0	0	0	0	0	1	0	0	0
A	BL	1	78	1	1	BA1650	8758	6	8	2	0	1	0	0	0	0	0	0
A	BL	1	78	1	1	BA1650	8768	8	7	0	0	0	0	0	0	0	0	0
A	BL	1	78	1	1	BA1650	8782	7	0	0	0	0	0	0	0	1	0	0
A	BL	1	78	1	1	BA1650	8861	7	8	2	0	1	0	0	0	0	0	0
A	BL	1	78	1	1	BA1650	8871	8	7	0	0	0	0	0	0	0	0	0
A	BL	1	78	1	1	BA1650	8874	7	0	0	0	0	0	0	0	1	0	0
A	BL	1	78	1	1	BA1650	8876	7	8	2	0	1	0	0	0	0	0	0
A	BL	1	78	1	1	BA1650	8886	8	7	0	0	0	0	0	0	0	0	0
A	BL	1	78	1	1	BA1650	8895	7	0	0	0	0	0	0	0	1	0	0
A	BL	1	78	1	1	BA1650	8900	7	8	2	0	1	0	0	0	0	0	0
A	BL	1	78	1	1	BA1650	8905	8	0	0	0	0	0	0	0	1	0	0
A	BL	1	78	1	1	BA1650	8908	8	0	0	0	1	0	0	0	0	0	0
A	BL	1	78	1	1	BA1650	8910	8	7	0	0	0	0	0	0	0	0	0
A	BL	1	78	1	1	BA1650	8919	7	0	0	0	0	0	0	0	1	0	0
A	BL	1	78	1	1	BA1650	8933	7	8	2	0	1	0	0	0	0	0	0
A	BL	1	78	1	1	BA1650	8936	8	0	0	0	0	0	0	0	1	0	0
A	BL	1	78	1	1	BA1650	8939	8	0	0	0	1	0	0	0	0	0	0
A	BL	1	78	1	1	BA1650	8943	8	7	0	0	0	0	0	0	0	0	0
A	BL	1	78	1	1	BA1650	8944	7	0	0	0	0	0	0	0	1	0	0
A	BL	1	78	1	1	BA1650	8949	7	8	2	0	1	0	0	0	0	0	0
A	BL	1	78	1	1	BA1650	8959	8	7	0	0	0	0	0	0	0	0	0
A	BL	1	78	1	1	BA1650	8984	7	0	0	0	0	0	0	0	1	0	0
A	BL	1	78	1	1	BA1650	8990	7	8	2	0	1	0	0	0	0	0	0
A	BL	1	78	1	1	BA1650	8994	8	0	0	0	0	0	0	0	1	0	0
A	BL	1	78	1	1	BA1650	8996	8	0	0	0	1	0	0	0	0	0	0
A	BL	1	78	1	1	BA1650	9000	8	7	0	0	0	0	0	0	0	0	0
A	BL	1	78	1	1	BA1650	9008	7	0	0	0	0	0	0	0	1	0	0
A	BL	1	78	1	1	BA1650	9014	7	8	2	0	1	0	0	0	0	0	0
A	BL	1	78	1	1	BA1650	9024	8	7	0	0	0	0	0	0	0	0	0
A	BL	1	78	1	1	BA1650	9053	7	0	0	0	0	0	0	0	1	0	0
A	BL	1	78	1	1	BA1650	9879	7	8	2	0	1	0	0	0	0	0	0
A	BL	1	78	1	1	BA1650	9889	8	7	0	0	0	0	0	0	0	0	0
A	BL	1	78	1	1	BA1650	9904	7	0	0	0	0	0	0	0	1	0	0
A	BL	1	78	1	1	BA1650	9932	7	8	2	0	1	0	0	0	0	0	0
A	BL	1	78	1	1	BA1650	9942	8	9	0	0	0	0	0	0	0	0	0
A	BL	1	78	1	1	BA1650	9952	9	10	0	0	0	0	0	0	0	0	0
A	BL	1	78	1	1	BA1650	9953	10	0	0	0	0	0	0	0	1	0	0
A	BL	1	78	1	1	BA1650	10027	10	2	0	0	0	0	0	0	0	0	0
A	BL	1	78	1	1	BA1650	10028	2	3	0	0	0	0	0	0	0	0	0
A	BL	1	78	1	1	BA1650	10128	3	5	1	1	0	0	0	0	0	0	0
A	BL	1	78	1	1	BA1650	10135	5	0	0	0	0	0	0	1	0	0	0
A	BL	1	78	1	1	BA1650	10136	5	0	0	1	0	0	0	0	0	0	0
A	BL	1	78	1	1	BA1650	10138	5	4	0	0	0	0	0	0	0	0	0
A	BL	1	78	1	1	BA1650	10146	4	0	0	0	0	0	0	1	0	0	0
A	BL	1	78	1	1	BA1650	10151	4	5	1	1	0	0	0	0	0	0	0
A	BL	1	78	1	1	BA1650	10161	5	4	0	0	0	0	0	0	0	0	0
A	BL	1	78	1	1	BA1650	10174	4	0	0	0	0	0	0	1	0	0	0
A	BL	1	78	1	1	BA1650	10191	4	5	1	1	0	0	0	0	0	0	0
A	BL	1	78	1	1	BA1650	10201	5	4	0	0	0	0	0	1	0	0	0
A	BL	1	78	1	1	BA1650	10205	4	5	1	1	0	0	0	0	0	0	0
A	BL	1	78	1	1	BA1650	10215	5	4	0	0	0	0	0	0	0	0	0
A	BL	1	78	1	1	BA1650	10219	4	0	0	0	0	0	0	1	0	0	0
A	BL	1	78	1	1	BA1650	10237	4	5	1	1	0	0	0	0	0	0	0
A	BL	1	78	1	1	BA1650	10247	5	9	0	0	0	0	0	0	0	0	0
A	BL	1	78	1	1	BA1650	10257	9	10	0	0	0	0	0	0	0	0	0
A	BL	1	78	1	1	BA1650	10263	10	0	0	0	0	0	0	1	0	0	0
A	BL	1	78	1	1	BA1650	10332	10	2	0	0	0	0	0	0	0	0	0
A	BL	1	78	1	1	BA1650	10333	2	3	0	0	0	0	0	0	0	0	0
A	BL	1	78	1	1	BA1650	10381	3	5	1	1	0	0	0	0	0	0	0
A	BL	1	78	1	1	BA1650	10391	5	4	0	0	0	0	0	0	0	0	0
A	BL	1	78	1	1	BA1650	10402	4	0	0	0	0	0	0	1	0	0	0
A	BL	1	78	1	1	BA1650	10418	4	5	1	1	0	0	0	0	0	0	0
A	BL	1	78	1	1	BA1650	10426	5	0	0	0	0	0	0	1	0	0	0
A	BL	1	78	1	1	BA1650	10428	5	4	0	0	0	0	0	0	0	0	0
A	BL	1	78	1	1	BA1650	10439	4	5	1	1	0	0	0	0	0	0	0
A	BL	1	78	1	1	BA1650	10449	5	4	0	0	0	0	0	0	0	0	0
A	BL	1	78	1	1	BA1650	10452	4	0	0	0	0	0	0	1	0	0	0
A	BL	1	78	1	1	BA1650	10496	4	5	1	1	0	0	0	0	0	0	0
A	BL	1	78	1	1	BA1650	10506	5	4	0	0	0	0	0	0	0	0	0
A	BL	1	78	1	1	BA1650	10507	4	0	0	0	0	0	0	1	0	0	0
A	BL	1	78	1	1	BA1650	10511	4	5	1	1	0	0	0	0	0	0	0
A	BL	1	78	1	1	BA1650	10521	5	9	0	0	0	0	0	0	0	0	0
A	BL	1	78	1	1	BA1650	10523	9	0	0	0	0	0	0	1	0	0	0
A	BL	1	78	1	1	BA1650	10525	9	0	0	1	0	0	0	0	0	0	0
A	BL	1	78	1	1	BA1650	10531	9	10	0	0	0	0	0	0	0	0	0
A	BL	1	78	1	1	BA1650	10534	10	0	0	0	0	0	0	1	0	0	0
A	BL	1	78	1	1	BA1650	10606	10	2	0	0	0	0	0	0	0	0	0
A	BL	1	78	1	1	BA1650	10607	2	3	0	0	0	0	0	0	0	0	0
A	BL	1	78	1	1	BA1650	10692	3	5	1	1	0	0	0	0	0	0	0
A	BL	1	78	1	1	BA1650	10702	5	4	0	0	0	0	0	1	0	0	0
A	BL	1	78	1	1	BA1650	10709	4	5	1	1	0	0	0	0	0	0	0
A	BL	1	78	1	1	BA1650	10716	5	0	0	0	0	0	0	1	0	0	0
A	BL	1	78	1	1	BA1650	10719	5	4	0	0	0	0	0	0	0	0	0
A	BL	1	78	1	1	BA1650	10727	4	5	1	1	0	0	0	0	0	0	0
A	BL	1	78	1	1	BA1650	10729	5	0	0	0	0	0	0	1	0	0	0
A	BL	1	78	1	1	BA1650	10733	5	0	0	1	0	0	0	0	0	0	0
A	BL	1	78	1	1	BA1650	10737	5	4	0	0	0	0	0	0	0	0	0
A	BL	1	78	1	1	BA1650	10745	4	0	0	0	0	0	0	1	0	0	0
A	BL	1	78	1	1	BA1650	10783	4	5	1	1	0	0	0	0	0	0	0
A	BL	1	78	1	1	BA1650	10789	5	0	0	0	0	0	0	1	0	0	0
A	BL	1	78	1	1	BA1650	10793	5	4	0	1	0	0	0	0	0	0	0
A	BL	1	78	1	1	BA1650	10834	4	0	0	0	0	0	0	1	0	0	0
A	BL	1	78	1	1	BA1650	10868	4	5	1	1	0	0	0	0	0	0	0
A	BL	1	78	1	1	BA1650	10873	5	0	0	0	0	0	0	1	0	0	0
A	BL	1	78	1	1	BA1650	10876	5	0	0	1	0	0	0	0	0	0	0
A	BL	1	78	1	1	BA1650	10878	5	9	0	0	0	0	0	0	0	0	0
A	BL	1	78	1	1	BA1650	10888	9	10	0	0	0	0	0	0	0	0	0
A	BL	1	78	1	1	BA1650	10895	10	0	0	0	0	0	0	1	0	0	0
A	BL	1	78	1	1	BA1650	10963	10	2	0	0	0	0	0	0	0	0	0
A	BL	1	78	1	1	BA1650	10964	2	6	0	0	0	0	0	0	0	0	0
A	BL	1	78	1	1	BA1650	11292	6	8	2	0	1	0	0	0	0	0	0
A	BL	1	78	1	1	BA1650	11302	8	7	0	0	0	0	0	0	0	0	0
A	BL	1	78	1	1	BA1650	11317	7	0	0	0	0	0	0	0	1	0	0
A	BL	1	78	1	1	BA1650	11325	7	8	2	0	1	0	0	0	0	0	0
A	BL	1	78	1	1	BA1650	11335	8	7	0	0	0	0	0	0	0	0	0
A	BL	1	78	1	1	BA1650	11360	7	0	0	0	0	0	0	0	1	0	0
A	BL	1	78	1	1	BA1650	11380	7	8	2	0	1	0	0	0	0	0	0
A	BL	1	78	1	1	BA1650	11383	8	0	0	0	0	0	0	0	1	0	0
A	BL	1	78	1	1	BA1650	11390	8	7	0	0	0	0	0	0	0	0	0
A	BL	1	78	1	1	BA1650	11394	7	8	2	0	1	0	0	0	0	0	0
A	BL	1	78	1	1	BA1650	11404	8	7	0	0	0	0	0	0	0	0	0
A	BL	1	78	1	1	BA1650	11419	7	0	0	0	0	0	0	0	1	0	0
A	BL	1	78	1	1	BA1650	11527	7	8	2	0	1	0	0	0	0	0	0
A	BL	1	78	1	1	BA1650	11537	8	7	0	0	0	0	0	0	0	0	0
A	BL	1	78	1	1	BA1650	11612	7	0	0	0	0	0	0	0	1	0	0
A	BL	1	78	1	1	BA1650	11616	7	8	2	0	1	0	0	0	0	0	0
A	BL	1	78	1	1	BA1650	11619	8	0	0	0	0	0	0	0	1	0	0
A	BL	1	78	1	1	BA1650	11622	8	0	0	0	1	0	0	0	0	0	0
A	BL	1	78	1	1	BA1650	11626	8	7	0	0	0	0	0	0	0	0	0
A	BL	1	78	1	1	BA1650	11628	7	0	0	0	0	0	0	0	1	0	0
A	BL	1	78	1	1	BA1650	11630	7	8	2	0	1	0	0	0	0	0	0
A	BL	1	78	1	1	BA1650	11635	8	0	0	0	0	0	0	0	1	0	0
A	BL	1	78	1	1	BA1650	11640	8	7	0	0	0	0	0	0	0	0	0
A	BL	1	78	1	1	BA1650	11651	7	8	2	0	1	0	0	0	0	0	0
A	BL	1	78	1	1	BA1650	11652	8	0	0	0	0	0	0	0	1	0	0
A	BL	1	78	1	1	BA1650	11657	8	0	0	0	1	0	0	0	0	0	0
A	BL	1	78	1	1	BA1650	11661	8	7	0	0	0	0	0	0	0	0	0
A	BL	1	78	1	1	BA1650	11695	7	0	0	0	0	0	0	0	1	0	0
A	BL	1	78	1	1	BA1650	11729	7	8	2	0	1	0	0	0	0	0	0
A	BL	1	78	1	1	BA1650	11739	8	7	0	0	0	0	0	0	0	0	0
A	BL	1	78	1	1	BA1650	11772	7	0	0	0	0	0	0	0	1	0	0
A	BL	1	78	1	1	BA1650	11834	7	8	2	0	1	0	0	0	0	0	0
A	BL	1	78	1	1	BA1650	11844	8	9	0	0	0	0	0	0	0	0	0
A	BL	1	78	1	1	BA1650	11853	9	0	0	0	0	0	0	0	1	0	0
A	BL	1	78	1	1	BA1650	11854	9	10	0	0	0	0	0	0	0	0	0
A	BL	1	78	1	1	BA1650	11929	10	2	0	0	0	0	0	0	0	0	0
A	BL	1	78	1	1	BA1650	11930	2	6	0	0	0	0	0	0	0	0	0
A	BL	1	78	1	1	BA1650	12230	6	8	2	0	1	0	0	0	0	0	0
A	BL	1	78	1	1	BA1650	12240	8	7	0	0	0	0	0	0	0	0	0
A	BL	1	78	1	1	BA1650	12245	7	0	0	0	0	0	0	0	1	0	0
A	BL	1	78	1	1	BA1650	12261	7	8	2	0	1	0	0	0	0	0	0
A	BL	1	78	1	1	BA1650	12271	8	7	0	0	0	0	0	0	0	0	0
A	BL	1	78	1	1	BA1650	12277	7	0	0	0	0	0	0	0	1	0	0
A	BL	1	78	1	1	BA1650	12296	7	8	2	0	1	0	0	0	0	0	0
A	BL	1	78	1	1	BA1650	12306	8	7	0	0	0	0	0	0	1	0	0
A	BL	1	78	1	1	BA1650	12328	7	8	2	0	1	0	0	0	0	0	0
A	BL	1	78	1	1	BA1650	12338	8	7	0	0	0	0	0	0	0	0	0
A	BL	1	78	1	1	BA1650	12367	7	0	0	0	0	0	0	0	1	0	0
A	BL	1	78	1	1	BA1650	12429	7	8	2	0	1	0	0	0	0	0	0
A	BL	1	78	1	1	BA1650	12439	8	7	0	0	0	0	0	0	0	0	0
A	BL	1	78	1	1	BA1650	12485	7	0	0	0	0	0	0	0	1	0	0
A	BL	1	78	1	1	BA1650	12489	7	8	2	0	1	0	0	0	0	0	0
A	BL	1	78	1	1	BA1650	12499	8	7	0	0	0	0	0	0	0	0	0
A	BL	1	78	1	1	BA1650	12514	7	0	0	0	0	0	0	0	1	0	0
A	BL	1	78	1	1	BA1650	12522	7	8	2	0	1	0	0	0	0	0	0
A	BL	1	78	1	1	BA1650	12526	8	0	0	0	0	0	0	0	1	0	0
A	BL	1	78	1	1	BA1650	12529	8	0	0	0	1	0	0	0	0	0	0
A	BL	1	78	1	1	BA1650	12532	8	7	0	0	0	0	0	0	0	0	0
A	BL	1	78	1	1	BA1650	12542	7	0	0	0	0	0	0	0	1	0	0
A	BL	1	78	1	1	BA1650	12545	7	8	2	0	1	0	0	0	0	0	0
A	BL	1	78	1	1	BA1650	12555	8	7	0	0	0	0	0	0	0	0	0
A	BL	1	78	1	1	BA1650	12585	7	0	0	0	0	0	0	0	1	0	0
A	BL	1	78	1	1	BA1650	12586	7	8	2	0	1	0	0	0	0	0	0
A	BL	1	78	1	1	BA1650	12596	8	7	0	0	0	0	0	0	0	0	0
A	BL	1	78	1	1	BA1650	12598	7	0	0	0	0	0	0	0	1	0	0
A	BL	1	78	1	1	BA1650	12600	7	8	2	0	1	0	0	0	0	0	0
A	BL	1	78	1	1	BA1650	12610	8	9	0	0	0	0	0	0	0	0	0
A	BL	1	78	1	1	BA1650	12618	9	0	0	0	0	0	0	0	1	0	0
A	BL	1	78	1	1	BA1650	12620	9	10	0	0	0	0	0	0	0	0	0
A	BL	1	78	1	1	BA1650	12695	10	2	0	0	0	0	0	0	0	0	0
A	BL	1	78	1	1	BA1650	12696	2	3	0	0	0	0	0	0	0	0	0
A	BL	1	78	1	1	BA1650	12742	3	5	1	1	0	0	0	0	0	0	0
A	BL	1	78	1	1	BA1650	12752	5	4	0	0	0	0	0	0	0	0	0
A	BL	1	78	1	1	BA1650	12756	4	0	0	0	0	0	0	1	0	0	0
A	BL	1	78	1	1	BA1650	12773	4	5	1	1	0	0	0	0	0	0	0
A	BL	1	78	1	1	BA1650	12783	5	4	0	0	0	0	0	0	0	0	0
A	BL	1	78	1	1	BA1650	12787	4	0	0	0	0	0	0	1	0	0	0
A	BL	1	78	1	1	BA1650	12838	4	5	1	1	0	0	0	0	0	0	0
A	BL	1	78	1	1	BA1650	12848	5	4	0	0	0	0	0	0	0	0	0
A	BL	1	78	1	1	BA1650	12851	4	0	0	0	0	0	0	1	0	0	0
A	BL	1	78	1	1	BA1650	12854	4	5	1	1	0	0	0	0	0	0	0
A	BL	1	78	1	1	BA1650	12864	5	4	0	0	0	0	0	0	0	0	0
A	BL	1	78	1	1	BA1650	12867	4	0	0	0	0	0	0	1	0	0	0
A	BL	1	78	1	1	BA1650	12872	4	5	1	1	0	0	0	0	0	0	0
A	BL	1	78	1	1	BA1650	12877	5	0	0	0	0	0	0	1	0	0	0
A	BL	1	78	1	1	BA1650	12881	5	0	0	1	0	0	0	0	0	0	0
A	BL	1	78	1	1	BA1650	12882	5	9	0	0	0	0	0	0	0	0	0
A	BL	1	78	1	1	BA1650	12892	9	10	0	0	0	0	0	0	0	0	0
A	BL	1	78	1	1	BA1650	12900	10	0	0	0	0	0	0	1	0	0	0
A	BL	1	78	1	1	BA1650	12967	10	2	0	0	0	0	0	0	0	0	0
A	BL	1	78	1	1	BA1650	12968	2	6	0	0	0	0	0	0	0	0	0
A	BL	1	78	1	1	BA1650	13632	6	8	2	0	1	0	0	0	0	0	0
A	BL	1	78	1	1	BA1650	13642	8	7	0	0	0	0	0	0	0	0	0
A	BL	1	78	1	1	BA1650	13665	7	0	0	0	0	0	0	0	1	0	0
A	BL	1	78	1	1	BA1650	13672	7	8	2	0	1	0	0	0	0	0	0
A	BL	1	78	1	1	BA1650	13682	8	7	0	0	0	0	0	0	0	0	0
A	BL	1	78	1	1	BA1650	13742	7	0	0	0	0	0	0	0	1	0	0
A	BL	1	78	1	1	BA1650	13744	7	8	2	0	1	0	0	0	0	0	0
A	BL	1	78	1	1	BA1650	13754	8	7	0	0	0	0	0	0	0	0	0
A	BL	1	78	1	1	BA1650	13804	7	0	0	0	0	0	0	0	1	0	0
A	BL	1	78	1	1	BA1650	13856	7	8	2	0	1	0	0	0	0	0	0
A	BL	1	78	1	1	BA1650	13866	8	7	0	0	0	0	0	0	0	0	0
A	BL	1	78	1	1	BA1650	13911	7	0	0	0	0	0	0	0	1	0	0
A	BL	1	78	1	1	BA1650	13914	7	8	2	0	1	0	0	0	0	0	0
A	BL	1	78	1	1	BA1650	13915	8	0	0	0	0	0	0	0	1	0	0
A	BL	1	78	1	1	BA1650	13916	8	0	0	0	1	0	0	0	0	0	0
A	BL	1	78	1	1	BA1650	13924	8	7	0	0	0	0	0	0	0	0	0
A	BL	1	78	1	1	BA1650	13981	7	0	0	0	0	0	0	0	1	0	0
A	BL	1	78	1	1	BA1650	14013	7	8	2	0	1	0	0	0	0	0	0
A	BL	1	78	1	1	BA1650	14023	8	7	0	0	0	0	0	0	0	0	0
A	BL	1	78	1	1	BA1650	14052	7	0	0	0	0	0	0	0	1	0	0
A	BL	1	78	1	1	BA1650	14080	7	8	2	0	1	0	0	0	0	0	0
A	BL	1	78	1	1	BA1650	14090	8	7	0	0	0	0	0	0	0	0	0
A	BL	1	78	1	1	BA1650	14318	7	0	0	0	0	0	0	0	1	0	0
A	BL	1	78	1	1	BA1650	14323	7	8	2	0	1	0	0	0	0	0	0
A	BL	1	78	1	1	BA1650	14333	8	7	0	0	0	0	0	0	0	0	0
A	BL	1	78	1	1	BA1650	14354	7	0	0	0	0	0	0	0	1	0	0
A	BL	1	78	1	1	BA1650	16786	7	0	0	1	0	0	0	0	0	0	0
A	BL	1	78	1	1	BA1650	16871	7	0	0	0	0	0	0	1	0	0	0
A	BL	1	78	1	1	BA1650	16963	7	0	0	1	0	0	0	0	0	0	0
A	BL	1	78	1	1	BA1650	16984	7	0	0	0	0	0	0	1	0	0	0
A	BL	1	78	1	1	BA1650	38770	7	8	2	0	1	0	0	0	0	0	0
A	BL	1	78	1	1	BA1650	38777	8	0	0	0	0	0	0	0	1	0	0
A	BL	1	78	1	1	BA1650	38780	8	7	0	0	0	0	0	0	0	0	0
A	BL	1	78	1	1	BA1650	38797	7	8	2	0	1	0	0	0	0	0	0
A	BL	1	78	1	1	BA1650	38807	8	9	0	0	0	0	0	0	0	0	0
A	BL	1	78	1	1	BA1650	38816	9	0	0	0	0	0	0	0	1	0	0
A	BL	1	78	1	1	BA1650	38817	9	10	0	0	0	0	0	0	0	0	0
A	BL	1	78	1	1	BA1650	38892	10	2	0	0	0	0	0	0	0	0	0
A	BL	1	78	1	1	BA1650	38893	2	3	0	0	0	0	0	0	0	0	0
A	BL	1	78	1	1	BA1650	39087	3	5	1	1	0	0	0	0	0	0	0
A	BL	1	78	1	1	BA1650	39097	5	4	0	0	0	0	0	0	0	0	0
A	BL	1	78	1	1	BA1650	39127	4	0	0	0	0	0	0	1	0	0	0
A	BL	1	78	1	1	BA1650	39139	4	5	1	1	0	0	0	0	0	0	0
A	BL	1	78	1	1	BA1650	39142	5	0	0	0	0	0	0	1	0	0	0
A	BL	1	78	1	1	BA1650	39149	5	4	0	0	0	0	0	0	0	0	0
A	BL	1	78	1	1	BA1650	39179	4	5	1	1	0	0	0	0	0	0	0
A	BL	1	78	1	1	BA1650	39189	5	4	0	0	0	0	0	0	0	0	0
A	BL	1	78	1	1	BA1650	39197	4	0	0	0	0	0	0	1	0	0	0
A	BL	1	78	1	1	BA1650	39268	4	5	1	1	0	0	0	0	0	0	0
A	BL	1	78	1	1	BA1650	39278	5	4	0	0	0	0	0	0	0	0	0
A	BL	1	78	1	1	BA1650	39312	4	0	0	0	0	0	0	1	0	0	0
A	BL	1	78	1	1	BA1650	39345	4	5	1	1	0	0	0	0	0	0	0
A	BL	1	78	1	1	BA1650	39354	5	0	0	0	0	0	0	1	0	0	0
A	BL	1	78	1	1	BA1650	39355	5	9	0	0	0	0	0	0	0	0	0
A	BL	1	78	1	1	BA1650	39357	9	0	0	1	0	0	0	0	0	0	0
A	BL	1	78	1	1	BA1650	39363	9	0	0	0	0	0	0	1	0	0	0
A	BL	1	78	1	1	BA1650	39365	9	10	0	0	0	0	0	0	0	0	0
A	BL	1	78	1	1	BA1650	39440	10	2	0	0	0	0	0	0	0	0	0
A	BL	1	78	1	1	BA1650	39441	2	6	0	0	0	0	0	0	0	0	0
A	BL	1	78	1	1	BA1650	39590	6	0	0	1	0	0	0	0	0	0	0
A	BL	1	78	1	1	BA1650	39608	6	0	0	0	0	0	0	1	0	0	0
A	BL	1	78	1	1	BA1650	39665	6	0	0	1	0	0	0	0	0	0	0
A	BL	1	78	1	1	BA1650	39668	6	0	0	0	0	0	0	1	0	0	0
A	BL	1	78	1	1	BA1650	39671	6	0	0	1	0	0	0	0	0	0	0
A	BL	1	78	1	1	BA1650	39676	6	0	0	0	0	0	0	1	0	0	0
A	BL	1	78	1	1	BA1650	39728	6	0	0	1	0	0	0	0	0	0	0
A	BL	1	78	1	1	BA1650	39732	6	0	0	0	0	0	0	1	0	0	0
A	BL	1	78	1	1	BA1650	39735	6	0	0	1	0	0	0	0	0	0	0
A	BL	1	78	1	1	BA1650	39763	6	0	0	0	0	0	0	1	0	0	0
A	BL	1	78	1	1	BA1650	39888	6	8	2	0	1	0	0	0	0	0	0
A	BL	1	78	1	1	BA1650	39898	8	7	0	0	0	0	0	0	0	0	0
A	BL	1	78	1	1	BA1650	39931	7	0	0	0	0	0	0	0	1	0	0
A	BL	1	78	1	1	BA1650	39937	7	8	2	0	1	0	0	0	0	0	0
A	BL	1	78	1	1	BA1650	39947	8	7	0	0	0	0	0	0	0	0	0
A	BL	1	78	1	1	BA1650	39949	7	0	0	0	0	0	0	0	1	0	0
A	BL	1	78	1	1	BA1650	39958	7	8	2	0	1	0	0	0	0	0	0
A	BL	1	78	1	1	BA1650	39960	8	0	0	0	0	0	0	0	1	0	0
A	BL	1	78	1	1	BA1650	39963	8	0	0	0	1	0	0	0	0	0	0
A	BL	1	78	1	1	BA1650	39967	8	0	0	0	0	0	0	0	1	0	0
A	BL	1	78	1	1	BA1650	39968	8	7	0	0	0	0	0	0	0	0	0
A	BL	1	78	1	1	BA1650	39970	7	8	2	0	1	0	0	0	0	0	0
A	BL	1	78	1	1	BA1650	39980	8	7	0	0	0	0	0	0	0	0	0
A	BL	1	78	1	1	BA1650	40016	7	0	0	0	0	0	0	0	1	0	0
A	BL	1	78	1	1	BA1650	40020	7	8	2	0	1	0	0	0	0	0	0
A	BL	1	78	1	1	BA1650	40026	8	0	0	0	0	0	0	0	1	0	0
A	BL	1	78	1	1	BA1650	40029	8	0	0	0	1	0	0	0	0	0	0
A	BL	1	78	1	1	BA1650	40030	8	7	0	0	0	0	0	0	0	0	0
A	BL	1	78	1	1	BA1650	40047	7	0	0	0	0	0	0	0	1	0	0
A	BL	1	78	1	1	BA1650	40084	7	8	2	0	1	0	0	0	0	0	0
A	BL	1	78	1	1	BA1650	40094	8	7	0	0	0	0	0	0	0	0	0
A	BL	1	78	1	1	BA1650	40115	7	0	0	0	0	0	0	0	1	0	0
A	BL	1	78	1	1	BA1650	40220	7	8	2	0	1	0	0	0	0	0	0
A	BL	1	78	1	1	BA1650	40230	8	7	0	0	0	0	0	0	0	0	0
A	BL	1	78	1	1	BA1650	40321	7	0	0	0	0	0	0	0	1	0	0
A	BL	1	78	1	1	BA1650	40331	7	8	2	0	1	0	0	0	0	0	0
A	BL	1	78	1	1	BA1650	40340	8	0	0	0	0	0	0	0	1	0	0
A	BL	1	78	1	1	BA1650	40341	8	7	0	0	0	0	0	0	0	0	0
A	BL	1	78	1	1	BA1650	40382	7	8	2	0	1	0	0	0	0	0	0
A	BL	1	78	1	1	BA1650	40392	8	7	0	0	0	0	0	0	0	0	0
A	BL	1	78	1	1	BA1650	40403	7	0	0	0	0	0	0	0	1	0	0
A	BL	1	78	1	1	BA1650	40484	7	8	2	0	1	0	0	0	0	0	0
A	BL	1	78	1	1	BA1650	40494	8	9	0	0	0	0	0	0	0	0	0
A	BL	1	78	1	1	BA1650	40504	9	10	0	0	0	0	0	0	0	0	0
A	BL	1	78	1	1	BA1650	40506	10	0	0	0	0	0	0	0	1	0	0
A	BL	1	78	1	1	BA1650	40579	10	2	0	0	0	0	0	0	0	0	0
A	BL	1	78	1	1	BA1650	40580	2	6	0	0	0	0	0	0	0	0	0
A	BL	1	78	1	1	BA1650	40681	6	0	0	1	0	0	0	0	0	0	0
A	BL	1	78	1	1	BA1650	40707	6	0	0	0	0	0	0	1	0	0	0
A	BL	1	78	1	1	BA1650	40754	6	8	2	0	1	0	0	0	0	0	0
A	BL	1	78	1	1	BA1650	40764	8	7	0	0	0	0	0	0	0	0	0
A	BL	1	78	1	1	BA1650	40788	7	0	0	0	0	0	0	0	1	0	0
A	BL	1	78	1	1	BA1650	40799	7	8	2	0	1	0	0	0	0	0	0
A	BL	1	78	1	1	BA1650	40803	8	0	0	0	0	0	0	0	1	0	0
A	BL	1	78	1	1	BA1650	40809	8	7	0	0	0	0	0	0	0	0	0
A	BL	1	78	1	1	BA1650	40813	7	8	2	0	1	0	0	0	0	0	0
A	BL	1	78	1	1	BA1650	40818	8	0	0	0	0	0	0	0	1	0	0
A	BL	1	78	1	1	BA1650	40821	8	0	0	0	1	0	0	0	0	0	0
A	BL	1	78	1	1	BA1650	40823	8	7	0	0	0	0	0	0	0	0	0
A	BL	1	78	1	1	BA1650	40890	7	0	0	0	0	0	0	0	1	0	0
A	BL	1	78	1	1	BA1650	40894	7	8	2	0	1	0	0	0	0	0	0
A	BL	1	78	1	1	BA1650	40904	8	7	0	0	0	0	0	0	0	0	0
A	BL	1	78	1	1	BA1650	40929	7	0	0	0	0	0	0	0	1	0	0
A	BL	1	78	1	1	BA1650	40980	7	8	2	0	1	0	0	0	0	0	0
A	BL	1	78	1	1	BA1650	40990	8	7	0	0	0	0	0	0	0	0	0
A	BL	1	78	1	1	BA1650	41101	7	0	0	0	0	0	0	0	1	0	0
A	BL	1	78	1	1	BA1650	41106	7	8	2	0	1	0	0	0	0	0	0
A	BL	1	78	1	1	BA1650	41116	8	7	0	0	0	0	0	0	0	0	0
A	BL	1	78	1	1	BA1650	41123	7	0	0	0	0	0	0	0	1	0	0
A	BL	1	78	1	1	BA1650	41126	7	8	2	0	1	0	0	0	0	0	0
A	BL	1	78	1	1	BA1650	41136	8	7	0	0	0	0	0	0	0	0	0
A	BL	1	78	1	1	BA1650	41156	7	0	0	0	0	0	0	0	1	0	0
A	BL	1	78	1	1	BA1650	41182	7	8	2	0	1	0	0	0	0	0	0
A	BL	1	78	1	1	BA1650	41192	8	7	0	0	0	0	0	0	0	0	0
A	BL	1	78	1	1	BA1650	41202	7	0	0	0	0	0	0	0	1	0	0
A	BL	1	78	1	1	BA1650	41207	7	8	2	0	1	0	0	0	0	0	0
A	BL	1	78	1	1	BA1650	41217	8	7	0	0	0	0	0	0	1	0	0
A	BL	1	78	1	1	BA1650	41232	7	8	2	0	1	0	0	0	0	0	0
A	BL	1	78	1	1	BA1650	41242	8	9	0	0	0	0	0	0	0	0	0
A	BL	1	78	1	1	BA1650	41252	9	10	0	0	0	0	0	0	0	0	0
A	BL	1	78	1	1	BA1650	41254	10	0	0	0	0	0	0	0	1	0	0
A	BL	1	78	1	1	BA1650	41327	10	2	0	0	0	0	0	0	0	0	0
A	BL	1	78	1	1	BA1650	41328	2	3	0	0	0	0	0	0	0	0	0
A	BL	1	78	1	1	BA1650	41437	3	5	1	1	0	0	0	0	0	0	0
A	BL	1	78	1	1	BA1650	41447	5	4	0	0	0	0	0	0	0	0	0
A	BL	1	78	1	1	BA1650	41477	4	0	0	0	0	0	0	1	0	0	0
A	BL	1	78	1	1	BA1650	41481	4	5	1	1	0	0	0	0	0	0	0
A	BL	1	78	1	1	BA1650	41491	5	4	0	0	0	0	0	0	0	0	0
A	BL	1	78	1	1	BA1650	41521	4	0	0	0	0	0	0	1	0	0	0
A	BL	1	78	1	1	BA1650	41534	4	5	1	1	0	0	0	0	0	0	0
A	BL	1	78	1	1	BA1650	41537	5	0	0	0	0	0	0	1	0	0	0
A	BL	1	78	1	1	BA1650	41541	5	0	0	1	0	0	0	0	0	0	0
A	BL	1	78	1	1	BA1650	41544	5	4	0	0	0	0	0	0	0	0	0
A	BL	1	78	1	1	BA1650	41546	4	0	0	0	0	0	0	1	0	0	0
A	BL	1	78	1	1	BA1650	41554	4	5	1	1	0	0	0	0	0	0	0
A	BL	1	78	1	1	BA1650	41560	5	0	0	0	0	0	0	1	0	0	0
A	BL	1	78	1	1	BA1650	41563	5	0	0	1	0	0	0	0	0	0	0
A	BL	1	78	1	1	BA1650	41564	5	4	0	0	0	0	0	0	0	0	0
A	BL	1	78	1	1	BA1650	41602	4	0	0	0	0	0	0	1	0	0	0
A	BL	1	78	1	1	BA1650	41605	4	5	1	1	0	0	0	0	0	0	0
A	BL	1	78	1	1	BA1650	41614	5	0	0	0	0	0	0	1	0	0	0
A	BL	1	78	1	1	BA1650	41615	5	9	0	0	0	0	0	0	0	0	0
A	BL	1	78	1	1	BA1650	41625	9	10	0	0	0	0	0	0	0	0	0
A	BL	1	78	1	1	BA1650	41626	10	0	0	1	0	0	0	0	0	0	0
A	BL	1	78	1	1	BA1650	41628	10	0	0	0	0	0	0	1	0	0	0
A	BL	1	78	1	1	BA1650	41700	10	2	0	0	0	0	0	0	0	0	0
A	BL	1	78	1	1	BA1650	41701	2	3	0	0	0	0	0	0	0	0	0
A	BL	1	78	1	1	BA1650	41806	3	5	1	1	0	0	0	0	0	0	0
A	BL	1	78	1	1	BA1650	41816	5	4	0	0	0	0	0	0	0	0	0
A	BL	1	78	1	1	BA1650	41831	4	0	0	0	0	0	0	1	0	0	0
A	BL	1	78	1	1	BA1650	41836	4	5	1	1	0	0	0	0	0	0	0
A	BL	1	78	1	1	BA1650	41841	5	0	0	0	0	0	0	1	0	0	0
A	BL	1	78	1	1	BA1650	41846	5	4	0	0	0	0	0	0	0	0	0
A	BL	1	78	1	1	BA1650	41874	4	5	1	1	0	0	0	0	0	0	0
A	BL	1	78	1	1	BA1650	41884	5	4	0	0	0	0	0	0	0	0	0
A	BL	1	78	1	1	BA1650	41898	4	0	0	0	0	0	0	1	0	0	0
A	BL	1	78	1	1	BA1650	41903	4	5	1	1	0	0	0	0	0	0	0
A	BL	1	78	1	1	BA1650	41912	5	0	0	0	0	0	0	1	0	0	0
A	BL	1	78	1	1	BA1650	41913	5	4	0	0	0	0	0	0	0	0	0
A	BL	1	78	1	1	BA1650	41933	4	5	1	1	0	0	0	0	0	0	0
A	BL	1	78	1	1	BA1650	41940	5	0	0	0	0	0	0	1	0	0	0
A	BL	1	78	1	1	BA1650	41943	5	9	0	0	0	0	0	0	0	0	0
A	BL	1	78	1	1	BA1650	41947	9	0	0	1	0	0	0	0	0	0	0
A	BL	1	78	1	1	BA1650	41953	9	10	0	0	0	0	0	0	0	0	0
A	BL	1	78	1	1	BA1650	41959	10	0	0	0	0	0	0	1	0	0	0
A	BL	1	78	1	1	BA1650	41963	10	0	0	1	0	0	0	0	0	0	0
A	BL	1	78	1	1	BA1650	41969	10	0	0	0	0	0	0	1	0	0	0
A	BL	1	78	1	1	BA1650	42028	10	2	0	0	0	0	0	0	0	0	0
A	BL	1	78	1	1	BA1650	42029	2	3	0	0	0	0	0	0	0	0	0
A	BL	1	78	1	1	BA1650	42097	3	5	1	1	0	0	0	0	0	0	0
A	BL	1	78	1	1	BA1650	42107	5	4	0	0	0	0	0	0	0	0	0
A	BL	1	78	1	1	BA1650	42116	4	0	0	0	0	0	0	1	0	0	0
A	BL	1	78	1	1	BA1650	42129	4	5	1	1	0	0	0	0	0	0	0
A	BL	1	78	1	1	BA1650	42133	5	0	0	0	0	0	0	1	0	0	0
A	BL	1	78	1	1	BA1650	42137	5	0	0	1	0	0	0	0	0	0	0
A	BL	1	78	1	1	BA1650	42139	5	4	0	0	0	0	0	0	0	0	0
A	BL	1	78	1	1	BA1650	42145	4	0	0	0	0	0	0	1	0	0	0
A	BL	1	78	1	1	BA1650	42157	4	5	1	1	0	0	0	0	0	0	0
A	BL	1	78	1	1	BA1650	42167	5	4	0	0	0	0	0	0	0	0	0
A	BL	1	78	1	1	BA1650	42190	4	0	0	0	0	0	0	1	0	0	0
A	BL	1	78	1	1	BA1650	42198	4	5	1	1	0	0	0	0	0	0	0
A	BL	1	78	1	1	BA1650	42202	5	0	0	0	0	0	0	1	0	0	0
A	BL	1	78	1	1	BA1650	42208	5	4	0	0	0	0	0	0	0	0	0
A	BL	1	78	1	1	BA1650	42235	4	5	1	1	0	0	0	0	0	0	0
A	BL	1	78	1	1	BA1650	42245	5	9	0	0	0	0	0	0	0	0	0
A	BL	1	78	1	1	BA1650	42247	9	0	0	0	0	0	0	1	0	0	0
A	BL	1	78	1	1	BA1650	42250	9	0	0	1	0	0	0	0	0	0	0
A	BL	1	78	1	1	BA1650	42255	9	10	0	0	0	0	0	0	0	0	0
A	BL	1	78	1	1	BA1650	42263	10	0	0	0	0	0	0	1	0	0	0
A	BL	1	78	1	1	BA1650	42330	10	2	0	0	0	0	0	0	0	0	0
A	BL	1	78	1	1	BA1650	42331	2	6	0	0	0	0	0	0	0	0	0
A	BL	1	78	1	1	BA1650	42473	6	8	2	0	1	0	0	0	0	0	0
A	BL	1	78	1	1	BA1650	42483	8	7	0	0	0	0	0	0	0	0	0
A	BL	1	78	1	1	BA1650	42499	7	0	0	0	0	0	0	0	1	0	0
A	BL	1	78	1	1	BA1650	42509	7	8	2	0	1	0	0	0	0	0	0
A	BL	1	78	1	1	BA1650	42514	8	0	0	0	0	0	0	0	1	0	0
A	BL	1	78	1	1	BA1650	42519	8	7	0	0	0	0	0	0	0	0	0
A	BL	1	78	1	1	BA1650	42520	7	8	2	0	1	0	0	0	0	0	0
A	BL	1	78	1	1	BA1650	42522	8	0	0	0	0	0	0	0	1	0	0
A	BL	1	78	1	1	BA1650	42530	8	7	0	0	0	0	0	0	0	0	0
A	BL	1	78	1	1	BA1650	42537	7	8	2	0	1	0	0	0	0	0	0
A	BL	1	78	1	1	BA1650	42547	8	7	0	0	0	0	0	0	0	0	0
A	BL	1	78	1	1	BA1650	42548	7	0	0	0	0	0	0	0	1	0	0
A	BL	1	78	1	1	BA1650	42573	7	8	2	0	1	0	0	0	0	0	0
A	BL	1	78	1	1	BA1650	42577	8	0	0	0	0	0	0	0	1	0	0
A	BL	1	78	1	1	BA1650	42583	8	7	0	0	1	0	0	0	0	0	0
A	BL	1	78	1	1	BA1650	42610	7	0	0	0	0	0	0	0	1	0	0
A	BL	1	78	1	1	BA1650	42671	7	8	2	0	1	0	0	0	0	0	0
A	BL	1	78	1	1	BA1650	42681	8	7	0	0	0	0	0	0	0	0	0
A	BL	1	78	1	1	BA1650	42712	7	0	0	0	0	0	0	0	1	0	0
A	BL	1	78	1	1	BA1650	42716	7	8	2	0	1	0	0	0	0	0	0
A	BL	1	78	1	1	BA1650	42726	8	7	0	0	0	0	0	0	1	0	0
A	BL	1	78	1	1	BA1650	42746	7	8	2	0	1	0	0	0	0	0	0
A	BL	1	78	1	1	BA1650	42755	8	0	0	0	0	0	0	0	1	0	0
A	BL	1	78	1	1	BA1650	42756	8	7	0	0	0	0	0	0	0	0	0
A	BL	1	78	1	1	BA1650	42758	7	8	2	0	1	0	0	0	0	0	0
A	BL	1	78	1	1	BA1650	42768	8	7	0	0	0	0	0	0	0	0	0
A	BL	1	78	1	1	BA1650	42771	7	0	0	0	0	0	0	0	1	0	0
A	BL	1	78	1	1	BA1650	42794	7	8	2	0	1	0	0	0	0	0	0
A	BL	1	78	1	1	BA1650	42798	8	0	0	0	0	0	0	0	1	0	0
A	BL	1	78	1	1	BA1650	42801	8	0	0	0	1	0	0	0	0	0	0
A	BL	1	78	1	1	BA1650	42804	8	9	0	0	0	0	0	0	0	0	0
A	BL	1	78	1	1	BA1650	42814	9	10	0	0	0	0	0	0	0	0	0
A	BL	1	78	1	1	BA1650	42832	10	0	0	0	0	0	0	0	1	0	0
A	BL	1	78	1	1	BA1650	42889	10	2	0	0	0	0	0	0	0	0	0
A	BL	1	78	1	1	BA1650	42890	2	6	0	0	0	0	0	0	0	0	0
A	BL	1	78	1	1	BA1650	43024	6	0	0	1	0	0	0	0	0	0	0
A	BL	1	78	1	1	BA1650	43066	6	0	0	0	0	0	0	1	0	0	0
A	BL	1	78	1	1	BA1650	43071	6	0	0	1	0	0	0	0	0	0	0
A	BL	1	78	1	1	BA1650	43073	6	0	0	0	0	0	0	1	0	0	0
A	BL	1	78	1	1	BA1650	43079	6	0	0	1	0	0	0	0	0	0	0
A	BL	1	78	1	1	BA1650	43090	6	0	0	0	0	0	0	1	0	0	0
A	BL	1	78	1	1	BA1650	43106	6	0	0	1	0	0	0	0	0	0	0
A	BL	1	78	1	1	BA1650	43108	6	0	0	0	0	0	0	1	0	0	0
A	BL	1	78	1	1	BA1650	43155	6	0	0	1	0	0	0	0	0	0	0
A	BL	1	78	1	1	BA1650	43172	6	0	0	0	0	0	0	1	0	0	0
A	BL	1	78	1	1	BA1650	43175	6	0	0	1	0	0	0	0	0	0	0
A	BL	1	78	1	1	BA1650	43187	6	0	0	1	0	0	0	1	0	0	0
A	BL	1	78	1	1	BA1650	43212	6	0	0	0	0	0	0	1	0	0	0
A	BL	1	78	1	1	BA1650	43213	6	0	0	1	0	0	0	0	0	0	0
A	BL	1	78	1	1	BA1650	43237	6	0	0	0	0	0	0	1	0	0	0
A	BL	1	78	1	1	BA1650	43333	6	0	0	1	0	0	0	0	0	0	0
A	BL	1	78	1	1	BA1650	43370	6	0	0	0	0	0	0	1	0	0	0
A	BL	1	78	1	1	BA1650	43373	6	0	0	1	0	0	0	0	0	0	0
A	BL	1	78	1	1	BA1650	43379	6	0	0	0	0	0	0	1	0	0	0
A	BL	1	78	1	1	BA1650	43428	6	0	0	1	0	0	0	0	0	0	0
A	BL	1	78	1	1	BA1650	43431	6	0	0	0	0	0	0	1	0	0	0
A	BL	1	78	1	1	BA1650	43445	6	0	0	1	0	0	0	0	0	0	0
A	BL	1	78	1	1	BA1650	43458	6	0	0	0	0	0	0	1	0	0	0
A	BL	1	78	1	1	BA1650	43515	6	8	2	0	1	0	0	0	0	0	0
A	BL	1	78	1	1	BA1650	43525	8	7	0	0	0	0	0	0	0	0	0
A	BL	1	78	1	1	BA1650	43544	7	0	0	0	0	0	0	0	1	0	0
A	BL	1	78	1	1	BA1650	43549	7	8	2	0	1	0	0	0	0	0	0
A	BL	1	78	1	1	BA1650	43554	8	0	0	0	0	0	0	0	1	0	0
A	BL	1	78	1	1	BA1650	43559	8	7	0	0	0	0	0	0	0	0	0
A	BL	1	78	1	1	BA1650	43575	7	8	2	0	1	0	0	0	0	0	0
A	BL	1	78	1	1	BA1650	43585	8	7	0	0	0	0	0	0	0	0	0
A	BL	1	78	1	1	BA1650	43596	7	0	0	0	0	0	0	0	1	0	0
A	BL	1	78	1	1	BA1650	43617	7	8	2	0	1	0	0	0	0	0	0
A	BL	1	78	1	1	BA1650	43618	8	0	0	0	0	0	0	0	1	0	0
A	BL	1	78	1	1	BA1650	43622	8	0	0	0	1	0	0	0	0	0	0
A	BL	1	78	1	1	BA1650	43627	8	7	0	0	0	0	0	0	0	0	0
A	BL	1	78	1	1	BA1650	43654	7	0	0	0	0	0	0	0	1	0	0
A	BL	1	78	1	1	BA1650	43658	7	8	2	0	1	0	0	0	0	0	0
A	BL	1	78	1	1	BA1650	43668	8	7	0	0	0	0	0	0	0	0	0
A	BL	1	78	1	1	BA1650	43682	7	0	0	0	0	0	0	0	1	0	0
A	BL	1	78	1	1	BA1650	43685	7	8	2	0	1	0	0	0	0	0	0
A	BL	1	78	1	1	BA1650	43693	8	0	0	0	0	0	0	0	1	0	0
A	BL	1	78	1	1	BA1650	43695	8	7	0	0	0	0	0	0	0	0	0
A	BL	1	78	1	1	BA1650	43725	7	8	2	0	1	0	0	0	0	0	0
A	BL	1	78	1	1	BA1650	43726	8	0	0	0	0	0	0	0	1	0	0
A	BL	1	78	1	1	BA1650	43731	8	0	0	0	1	0	0	0	0	0	0
A	BL	1	78	1	1	BA1650	43735	8	7	0	0	0	0	0	0	0	0	0
A	BL	1	78	1	1	BA1650	43740	7	0	0	0	0	0	0	0	1	0	0
A	BL	1	78	1	1	BA1650	43745	7	8	2	0	1	0	0	0	0	0	0
A	BL	1	78	1	1	BA1650	43755	8	7	0	0	0	0	0	0	0	0	0
A	BL	1	78	1	1	BA1650	43782	7	0	0	0	0	0	0	0	1	0	0
A	BL	1	78	1	1	BA1650	43789	7	8	2	0	1	0	0	0	0	0	0
A	BL	1	78	1	1	BA1650	43791	8	0	0	0	0	0	0	0	1	0	0
A	BL	1	78	1	1	BA1650	43799	8	7	0	0	0	0	0	0	0	0	0
A	BL	1	78	1	1	BA1650	43859	7	8	2	0	1	0	0	0	0	0	0
A	BL	1	78	1	1	BA1650	43869	8	9	0	0	0	0	0	0	0	0	0
A	BL	1	78	1	1	BA1650	43879	9	10	0	0	0	0	0	0	0	0	0
A	BL	1	78	1	1	BA1650	43885	10	0	0	0	0	0	0	0	1	0	0
A	BL	1	78	1	1	BA1650	43954	10	2	0	0	0	0	0	0	0	0	0
A	BL	1	78	1	1	BA1650	43955	2	6	0	0	0	0	0	0	0	0	0
A	BL	1	78	1	1	BA1650	44134	6	8	2	0	1	0	0	0	0	0	0
A	BL	1	78	1	1	BA1650	44143	8	0	0	0	0	0	0	0	1	0	0
A	BL	1	78	1	1	BA1650	44144	8	7	0	0	0	0	0	0	0	0	0
A	BL	1	78	1	1	BA1650	44154	7	8	2	0	1	0	0	0	0	0	0
A	BL	1	78	1	1	BA1650	44164	8	7	0	0	0	0	0	0	0	0	0
A	BL	1	78	1	1	BA1650	44170	7	0	0	0	0	0	0	0	1	0	0
A	BL	1	78	1	1	BA1650	44189	7	8	2	0	1	0	0	0	0	0	0
A	BL	1	78	1	1	BA1650	44199	8	7	0	0	0	0	0	0	0	0	0
A	BL	1	78	1	1	BA1650	44202	7	0	0	0	0	0	0	0	1	0	0
A	BL	1	78	1	1	BA1650	44206	7	8	2	0	1	0	0	0	0	0	0
A	BL	1	78	1	1	BA1650	44213	8	0	0	0	0	0	0	0	1	0	0
A	BL	1	78	1	1	BA1650	44216	8	7	0	0	0	0	0	0	0	0	0
A	BL	1	78	1	1	BA1650	44217	7	8	2	0	1	0	0	0	0	0	0
A	BL	1	78	1	1	BA1650	44220	8	0	0	0	0	0	0	0	1	0	0
A	BL	1	78	1	1	BA1650	44227	8	7	0	0	0	0	0	0	0	0	0
A	BL	1	78	1	1	BA1650	44251	7	8	2	0	1	0	0	0	0	0	0
A	BL	1	78	1	1	BA1650	44261	8	7	0	0	0	0	0	0	0	0	0
A	BL	1	78	1	1	BA1650	44262	7	0	0	0	0	0	0	0	1	0	0
A	BL	1	78	1	1	BA1650	44267	7	8	2	0	1	0	0	0	0	0	0
A	BL	1	78	1	1	BA1650	44277	8	7	0	0	0	0	0	0	0	0	0
A	BL	1	78	1	1	BA1650	44299	7	0	0	0	0	0	0	0	1	0	0
A	BL	1	78	1	1	BA1650	44305	7	8	2	0	1	0	0	0	0	0	0
A	BL	1	78	1	1	BA1650	44313	8	0	0	0	0	0	0	0	1	0	0
A	BL	1	78	1	1	BA1650	44315	8	7	0	0	0	0	0	0	0	0	0
A	BL	1	78	1	1	BA1650	44402	7	8	2	0	1	0	0	0	0	0	0
A	BL	1	78	1	1	BA1650	44412	8	7	0	0	0	0	0	0	0	0	0
A	BL	1	78	1	1	BA1650	44477	7	0	0	0	0	0	0	0	1	0	0
A	BL	1	78	1	1	BA1650	44483	7	8	2	0	1	0	0	0	0	0	0
A	BL	1	78	1	1	BA1650	44493	8	9	0	0	0	0	0	0	0	0	0
A	BL	1	78	1	1	BA1650	44502	9	0	0	0	0	0	0	0	1	0	0
A	BL	1	78	1	1	BA1650	44503	9	10	0	0	0	0	0	0	0	0	0
A	BL	1	78	1	1	BA1650	44578	10	2	0	0	0	0	0	0	0	0	0
A	BL	1	78	1	1	BA1650	44579	2	3	0	0	0	0	0	0	0	0	0
A	BL	1	78	1	1	BA1650	44650	3	5	1	1	0	0	0	0	0	0	0
A	BL	1	78	1	1	BA1650	44655	5	0	0	0	0	0	0	1	0	0	0
A	BL	1	78	1	1	BA1650	44656	5	0	0	1	0	0	0	0	0	0	0
A	BL	1	78	1	1	BA1650	44660	5	4	0	0	0	0	0	0	0	0	0
A	BL	1	78	1	1	BA1650	44664	4	0	0	0	0	0	0	1	0	0	0
A	BL	1	78	1	1	BA1650	44691	4	5	1	1	0	0	0	0	0	0	0
A	BL	1	78	1	1	BA1650	44697	5	0	0	0	0	0	0	1	0	0	0
A	BL	1	78	1	1	BA1650	44701	5	4	0	0	0	0	0	0	0	0	0
A	BL	1	78	1	1	BA1650	44702	4	5	1	1	0	0	0	0	0	0	0
A	BL	1	78	1	1	BA1650	44705	5	0	0	0	0	0	0	1	0	0	0
A	BL	1	78	1	1	BA1650	44708	5	0	0	1	0	0	0	0	0	0	0
A	BL	1	78	1	1	BA1650	44712	5	4	0	0	0	0	0	0	0	0	0
A	BL	1	78	1	1	BA1650	44713	4	0	0	0	0	0	0	1	0	0	0
A	BL	1	78	1	1	BA1650	44760	4	5	1	1	0	0	0	0	0	0	0
A	BL	1	78	1	1	BA1650	44770	5	4	0	0	0	0	0	0	0	0	0
A	BL	1	78	1	1	BA1650	44779	4	0	0	0	0	0	0	1	0	0	0
A	BL	1	78	1	1	BA1650	44782	4	5	1	1	0	0	0	0	0	0	0
A	BL	1	78	1	1	BA1650	44790	5	0	0	0	0	0	0	1	0	0	0
A	BL	1	78	1	1	BA1650	44792	5	9	0	1	0	0	0	0	0	0	0
A	BL	1	78	1	1	BA1650	44799	9	0	0	0	0	0	0	1	0	0	0
A	BL	1	78	1	1	BA1650	44802	9	10	0	0	0	0	0	0	0	0	0
A	BL	1	78	1	1	BA1650	44803	10	0	0	1	0	0	0	0	0	0	0
A	BL	1	78	1	1	BA1650	44806	10	0	0	0	0	0	0	1	0	0	0
A	BL	1	78	1	1	BA1650	44877	10	2	0	0	0	0	0	0	0	0	0
A	BL	1	78	1	1	BA1650	44878	2	3	0	0	0	0	0	0	0	0	0
A	BL	1	78	1	1	BA1650	44987	3	5	1	1	0	0	0	0	0	0	0
A	BL	1	78	1	1	BA1650	44997	5	4	0	0	0	0	0	0	0	0	0
A	BL	1	78	1	1	BA1650	45007	4	0	0	0	0	0	0	1	0	0	0
A	BL	1	78	1	1	BA1650	45021	4	5	1	1	0	0	0	0	0	0	0
A	BL	1	78	1	1	BA1650	45024	5	0	0	0	0	0	0	1	0	0	0
A	BL	1	78	1	1	BA1650	45031	5	4	0	0	0	0	0	0	0	0	0
A	BL	1	78	1	1	BA1650	45072	4	5	1	1	0	0	0	0	0	0	0
A	BL	1	78	1	1	BA1650	45077	5	0	0	0	0	0	0	1	0	0	0
A	BL	1	78	1	1	BA1650	45082	5	4	0	0	0	0	0	0	0	0	0
A	BL	1	78	1	1	BA1650	45084	4	5	1	1	0	0	0	0	0	0	0
A	BL	1	78	1	1	BA1650	45093	5	0	0	0	0	0	0	1	0	0	0
A	BL	1	78	1	1	BA1650	45094	5	4	0	0	0	0	0	0	0	0	0
A	BL	1	78	1	1	BA1650	45098	4	5	1	1	0	0	0	0	0	0	0
A	BL	1	78	1	1	BA1650	45101	5	0	0	0	0	0	0	1	0	0	0
A	BL	1	78	1	1	BA1650	45108	5	9	0	0	0	0	0	0	0	0	0
A	BL	1	78	1	1	BA1650	45118	9	10	0	0	0	0	0	0	0	0	0
A	BL	1	78	1	1	BA1650	45193	10	2	0	0	0	0	0	0	0	0	0
A	BL	1	78	1	1	BA1650	45194	2	3	0	0	0	0	0	0	0	0	0
A	BL	1	78	1	1	BA1650	45290	3	5	1	1	0	0	0	0	0	0	0
A	BL	1	78	1	1	BA1650	45300	5	4	0	0	0	0	0	0	0	0	0
A	BL	1	78	1	1	BA1650	45319	4	0	0	0	0	0	0	1	0	0	0
A	BL	1	78	1	1	BA1650	45324	4	5	1	1	0	0	0	0	0	0	0
A	BL	1	78	1	1	BA1650	45334	5	4	0	0	0	0	0	0	0	0	0
A	BL	1	78	1	1	BA1650	45344	4	0	0	0	0	0	0	1	0	0	0
A	BL	1	78	1	1	BA1650	45372	4	5	1	1	0	0	0	0	0	0	0
A	BL	1	78	1	1	BA1650	45374	5	0	0	0	0	0	0	1	0	0	0
A	BL	1	78	1	1	BA1650	45380	5	0	0	1	0	0	0	0	0	0	0
A	BL	1	78	1	1	BA1650	45382	5	4	0	0	0	0	0	0	0	0	0
A	BL	1	78	1	1	BA1650	45414	4	0	0	0	0	0	0	1	0	0	0
A	BL	1	78	1	1	BA1650	45451	4	5	1	1	0	0	0	0	0	0	0
A	BL	1	78	1	1	BA1650	45453	5	0	0	0	0	0	0	1	0	0	0
A	BL	1	78	1	1	BA1650	45461	5	4	0	0	0	0	0	0	0	0	0
A	BL	1	78	1	1	BA1650	45475	4	5	1	1	0	0	0	0	0	0	0
A	BL	1	78	1	1	BA1650	45480	5	0	0	0	0	0	0	1	0	0	0
A	BL	1	78	1	1	BA1650	45484	5	0	0	1	0	0	0	0	0	0	0
A	BL	1	78	1	1	BA1650	45485	5	9	0	0	0	0	0	0	0	0	0
A	BL	1	78	1	1	BA1650	45495	9	10	0	0	0	0	0	0	0	0	0
A	BL	1	78	1	1	BA1650	45501	10	0	0	0	0	0	0	1	0	0	0
A	BL	1	78	1	1	BA1650	45570	10	2	0	0	0	0	0	0	0	0	0
A	BL	1	78	1	1	BA1650	45571	2	6	0	0	0	0	0	0	0	0	0
A	BL	1	78	1	1	BA1650	45762	6	8	2	0	1	0	0	0	0	0	0
A	BL	1	78	1	1	BA1650	45772	8	7	0	0	0	0	0	0	0	0	0
A	BL	1	78	1	1	BA1650	45786	7	0	0	0	0	0	0	0	1	0	0
A	BL	1	78	1	1	BA1650	45789	7	8	2	0	1	0	0	0	0	0	0
A	BL	1	78	1	1	BA1650	45799	8	7	0	0	0	0	0	0	0	0	0
A	BL	1	78	1	1	BA1650	45809	7	0	0	0	0	0	0	0	1	0	0
A	BL	1	78	1	1	BA1650	45812	7	8	2	0	1	0	0	0	0	0	0
A	BL	1	78	1	1	BA1650	45822	8	7	0	0	0	0	0	0	0	0	0
A	BL	1	78	1	1	BA1650	45827	7	0	0	0	0	0	0	0	1	0	0
A	BL	1	78	1	1	BA1650	45830	7	8	2	0	1	0	0	0	0	0	0
A	BL	1	78	1	1	BA1650	45837	8	0	0	0	0	0	0	0	1	0	0
A	BL	1	78	1	1	BA1650	45840	8	7	0	0	0	0	0	0	0	0	0
A	BL	1	78	1	1	BA1650	45845	7	8	2	0	1	0	0	0	0	0	0
A	BL	1	78	1	1	BA1650	45855	8	7	0	0	0	0	0	0	0	0	0
A	BL	1	78	1	1	BA1650	45858	7	0	0	0	0	0	0	0	1	0	0
A	BL	1	78	1	1	BA1650	45861	7	8	2	0	1	0	0	0	0	0	0
A	BL	1	78	1	1	BA1650	45871	8	7	0	0	0	0	0	0	0	0	0
A	BL	1	78	1	1	BA1650	45877	7	0	0	0	0	0	0	0	1	0	0
A	BL	1	78	1	1	BA1650	45881	7	8	2	0	1	0	0	0	0	0	0
A	BL	1	78	1	1	BA1650	45888	8	0	0	0	0	0	0	0	1	0	0
A	BL	1	78	1	1	BA1650	45891	8	7	0	0	0	0	0	0	0	0	0
A	BL	1	78	1	1	BA1650	45901	7	8	2	0	1	0	0	0	0	0	0
A	BL	1	78	1	1	BA1650	45911	8	7	0	0	0	0	0	0	0	0	0
A	BL	1	78	1	1	BA1650	46017	7	0	0	0	0	0	0	0	1	0	0
A	BL	1	78	1	1	BA1650	46022	7	8	2	0	1	0	0	0	0	0	0
A	BL	1	78	1	1	BA1650	46032	8	7	0	0	0	0	0	0	0	0	0
A	BL	1	78	1	1	BA1650	46035	7	0	0	0	0	0	0	0	1	0	0
A	BL	1	78	1	1	BA1650	46038	7	8	2	0	1	0	0	0	0	0	0
A	BL	1	78	1	1	BA1650	46048	8	9	0	0	0	0	0	0	0	0	0
A	BL	1	78	1	1	BA1650	46050	9	0	0	0	0	0	0	0	1	0	0
A	BL	1	78	1	1	BA1650	46058	9	10	0	0	0	0	0	0	0	0	0
A	BL	1	78	1	1	BA1650	46133	10	2	0	0	0	0	0	0	0	0	0
A	BL	1	78	1	1	BA1650	46134	2	3	0	0	0	0	0	0	0	0	0
A	BL	1	78	1	1	BA1650	46244	3	5	1	1	0	0	0	0	0	0	0
A	BL	1	78	1	1	BA1650	46254	5	4	0	0	0	0	0	0	0	0	0
A	BL	1	78	1	1	BA1650	46260	4	0	0	0	0	0	0	1	0	0	0
A	BL	1	78	1	1	BA1650	46263	4	5	1	1	0	0	0	0	0	0	0
A	BL	1	78	1	1	BA1650	46273	5	4	0	0	0	0	0	0	0	0	0
A	BL	1	78	1	1	BA1650	46296	4	0	0	0	0	0	0	1	0	0	0
A	BL	1	78	1	1	BA1650	46299	4	5	1	1	0	0	0	0	0	0	0
A	BL	1	78	1	1	BA1650	46309	5	4	0	0	0	0	0	0	0	0	0
A	BL	1	78	1	1	BA1650	46313	4	0	0	0	0	0	0	1	0	0	0
A	BL	1	78	1	1	BA1650	46314	4	5	1	1	0	0	0	0	0	0	0
A	BL	1	78	1	1	BA1650	46324	5	4	0	0	0	0	0	0	0	0	0
A	BL	1	78	1	1	BA1650	46349	4	0	0	0	0	0	0	1	0	0	0
A	BL	1	78	1	1	BA1650	46352	4	5	1	1	0	0	0	0	0	0	0
A	BL	1	78	1	1	BA1650	46362	5	9	0	0	0	0	0	0	0	0	0
A	BL	1	78	1	1	BA1650	46366	9	0	0	0	0	0	0	1	0	0	0
A	BL	1	78	1	1	BA1650	46372	9	10	0	0	0	0	0	0	0	0	0
A	BL	1	78	1	1	BA1650	46447	10	2	0	0	0	0	0	0	0	0	0
A	BL	1	78	1	1	BA1650	46448	2	6	0	0	0	0	0	0	0	0	0
A	BL	1	78	1	1	BA1650	46560	6	0	0	1	0	0	0	0	0	0	0
A	BL	1	78	1	1	BA1650	46596	6	0	0	0	0	0	0	1	0	0	0
A	BL	1	78	1	1	BA1650	46653	6	8	2	0	1	0	0	0	0	0	0
A	BL	1	78	1	1	BA1650	46663	8	7	0	0	0	0	0	0	0	0	0
A	BL	1	78	1	1	BA1650	46664	7	0	0	0	0	0	0	0	1	0	0
A	BL	1	78	1	1	BA1650	46670	7	8	2	0	1	0	0	0	0	0	0
A	BL	1	78	1	1	BA1650	46676	8	0	0	0	0	0	0	0	1	0	0
A	BL	1	78	1	1	BA1650	46680	8	7	0	0	0	0	0	0	0	0	0
A	BL	1	78	1	1	BA1650	46707	7	8	2	0	1	0	0	0	0	0	0
A	BL	1	78	1	1	BA1650	46717	8	7	0	0	0	0	0	0	0	0	0
A	BL	1	78	1	1	BA1650	46723	7	0	0	0	0	0	0	0	1	0	0
A	BL	1	78	1	1	BA1650	46729	7	8	2	0	1	0	0	0	0	0	0
A	BL	1	78	1	1	BA1650	46732	8	0	0	0	0	0	0	0	1	0	0
A	BL	1	78	1	1	BA1650	46733	8	0	0	0	1	0	0	0	0	0	0
A	BL	1	78	1	1	BA1650	46739	8	7	0	0	0	0	0	0	0	0	0
A	BL	1	78	1	1	BA1650	46770	7	0	0	0	0	0	0	0	1	0	0
A	BL	1	78	1	1	BA1650	46779	7	8	2	0	1	0	0	0	0	0	0
A	BL	1	78	1	1	BA1650	46789	8	7	0	0	0	0	0	0	0	0	0
A	BL	1	78	1	1	BA1650	46857	7	0	0	0	0	0	0	0	1	0	0
A	BL	1	78	1	1	BA1650	46860	7	8	2	0	1	0	0	0	0	0	0
A	BL	1	78	1	1	BA1650	46862	8	0	0	0	0	0	0	0	1	0	0
A	BL	1	78	1	1	BA1650	46870	8	7	0	0	0	0	0	0	0	0	0
A	BL	1	78	1	1	BA1650	46880	7	8	2	0	1	0	0	0	0	0	0
A	BL	1	78	1	1	BA1650	46885	8	0	0	0	0	0	0	0	1	0	0
A	BL	1	78	1	1	BA1650	46890	8	7	0	0	0	0	0	0	0	0	0
A	BL	1	78	1	1	BA1650	46910	7	8	2	0	1	0	0	0	0	0	0
A	BL	1	78	1	1	BA1650	46913	8	0	0	0	0	0	0	0	1	0	0
A	BL	1	78	1	1	BA1650	46915	8	0	0	0	1	0	0	0	0	0	0
A	BL	1	78	1	1	BA1650	46920	8	7	0	0	0	0	0	0	0	0	0
A	BL	1	78	1	1	BA1650	46922	7	0	0	0	0	0	0	0	1	0	0
A	BL	1	78	1	1	BA1650	46925	7	8	2	0	1	0	0	0	0	0	0
A	BL	1	78	1	1	BA1650	46935	8	7	0	0	0	0	0	0	0	0	0
A	BL	1	78	1	1	BA1650	46942	7	0	0	0	0	0	0	0	1	0	0
A	BL	1	78	1	1	BA1650	46945	7	8	2	0	1	0	0	0	0	0	0
A	BL	1	78	1	1	BA1650	46955	8	9	0	0	0	0	0	0	0	0	0
A	BL	1	78	1	1	BA1650	46965	9	10	0	0	0	0	0	0	1	0	0
A	BL	1	78	1	1	BA1650	47040	10	2	0	0	0	0	0	0	0	0	0
A	BL	1	78	1	1	BA1650	47041	2	3	0	0	0	0	0	0	0	0	0
A	BL	1	78	1	1	BA1650	47158	3	5	1	1	0	0	0	0	0	0	0
A	BL	1	78	1	1	BA1650	47160	5	0	0	0	0	0	0	1	0	0	0
A	BL	1	78	1	1	BA1650	47163	5	0	0	1	0	0	0	0	0	0	0
A	BL	1	78	1	1	BA1650	47168	5	4	0	0	0	0	0	0	0	0	0
A	BL	1	78	1	1	BA1650	47172	4	0	0	0	0	0	0	1	0	0	0
A	BL	1	78	1	1	BA1650	47207	4	5	1	1	0	0	0	0	0	0	0
A	BL	1	78	1	1	BA1650	47209	5	0	0	0	0	0	0	1	0	0	0
A	BL	1	78	1	1	BA1650	47217	5	4	0	0	0	0	0	0	0	0	0
A	BL	1	78	1	1	BA1650	47228	4	5	1	1	0	0	0	0	0	0	0
A	BL	1	78	1	1	BA1650	47230	5	0	0	0	0	0	0	1	0	0	0
A	BL	1	78	1	1	BA1650	47238	5	4	0	0	0	0	0	0	0	0	0
A	BL	1	78	1	1	BA1650	47239	4	5	1	1	0	0	0	0	0	0	0
A	BL	1	78	1	1	BA1650	47243	5	0	0	0	0	0	0	1	0	0	0
A	BL	1	78	1	1	BA1650	47249	5	4	0	0	0	0	0	0	0	0	0
A	BL	1	78	1	1	BA1650	47251	4	5	1	1	0	0	0	0	0	0	0
A	BL	1	78	1	1	BA1650	47261	5	9	0	0	0	0	0	0	0	0	0
A	BL	1	78	1	1	BA1650	47263	9	0	0	0	0	0	0	1	0	0	0
A	BL	1	78	1	1	BA1650	47266	9	0	0	1	0	0	0	0	0	0	0
A	BL	1	78	1	1	BA1650	47271	9	10	0	0	0	0	0	0	0	0	0
A	BL	1	78	1	1	BA1650	47283	10	0	0	0	0	0	0	1	0	0	0
A	BL	1	78	1	1	BA1650	47346	10	2	0	0	0	0	0	0	0	0	0
A	BL	1	78	1	1	BA1650	47347	2	3	0	0	0	0	0	0	0	0	0
A	BL	1	78	1	1	BA1650	47410	3	5	1	1	0	0	0	0	0	0	0
A	BL	1	78	1	1	BA1650	47420	5	4	0	0	0	0	0	0	0	0	0
A	BL	1	78	1	1	BA1650	47434	4	0	0	0	0	0	0	1	0	0	0
A	BL	1	78	1	1	BA1650	47442	4	5	1	1	0	0	0	0	0	0	0
A	BL	1	78	1	1	BA1650	47449	5	0	0	0	0	0	0	1	0	0	0
A	BL	1	78	1	1	BA1650	47452	5	4	0	0	0	0	0	0	0	0	0
A	BL	1	78	1	1	BA1650	47453	4	5	1	1	0	0	0	0	0	0	0
A	BL	1	78	1	1	BA1650	47463	5	4	0	0	0	0	0	0	0	0	0
A	BL	1	78	1	1	BA1650	47464	4	0	0	0	0	0	0	1	0	0	0
A	BL	1	78	1	1	BA1650	47469	4	5	1	1	0	0	0	0	0	0	0
A	BL	1	78	1	1	BA1650	47479	5	4	0	0	0	0	0	0	0	0	0
A	BL	1	78	1	1	BA1650	47493	4	0	0	0	0	0	0	1	0	0	0
A	BL	1	78	1	1	BA1650	47554	4	5	1	1	0	0	0	0	0	0	0
A	BL	1	78	1	1	BA1650	47559	5	0	0	0	0	0	0	1	0	0	0
A	BL	1	78	1	1	BA1650	47564	5	9	0	0	0	0	0	0	0	0	0
A	BL	1	78	1	1	BA1650	47574	9	-1	0	0	0	0	0	0	0	0	0
