Project	UserID	Protocol	Session	Station	Run	Subject	Time	Current State	Transition State	Transition Event	A1 - 	A2 - 	A3 - 	A4 - 	A[1] 	A[2] 	A[3] 	A[4] 
A	BL	1	63	1	1	BA1650	0	0	1	0	0	0	0	0	0	0	0	0
A	BL	1	63	1	1	BA1650	50	1	2	0	0	0	0	0	0	0	0	0
A	BL	1	63	1	1	BA1650	51	2	3	0	0	0	0	0	0	0	0	0
A	BL	1	63	1	1	BA1650	274	3	5	1	1	0	0	0	0	0	0	0
A	BL	1	63	1	1	BA1650	284	5	4	0	0	0	0	0	0	0	0	0
A	BL	1	63	1	1	BA1650	299	4	0	0	0	0	0	0	1	0	0	0
A	BL	1	63	1	1	BA1650	305	4	5	1	1	0	0	0	0	0	0	0
A	BL	1	63	1	1	BA1650	309	5	0	0	0	0	0	0	1	0	0	0
A	BL	1	63	1	1	BA1650	312	5	0	0	1	0	0	0	0	0	0	0
A	BL	1	63	1	1	BA1650	315	5	4	0	0	0	0	0	0	0	0	0
A	BL	1	63	1	1	BA1650	328	4	0	0	0	0	0	0	1	0	0	0
A	BL	1	63	1	1	BA1650	331	4	5	1	1	0	0	0	0	0	0	0
A	BL	1	63	1	1	BA1650	341	5	4	0	0	0	0	0	0	0	0	0
A	BL	1	63	1	1	BA1650	351	4	0	0	0	0	0	0	1	0	0	0
A	BL	1	63	1	1	BA1650	355	4	5	1	1	0	0	0	0	0	0	0
A	BL	1	63	1	1	BA1650	365	5	4	0	0	0	0	0	0	0	0	0
A	BL	1	63	1	1	BA1650	393	4	0	0	0	0	0	0	1	0	0	0
A	BL	1	63	1	1	BA1650	397	4	5	1	1	0	0	0	0	0	0	0
A	BL	1	63	1	1	BA1650	407	5	9	0	0	0	0	0	0	0	0	0
A	BL	1	63	1	1	BA1650	417	9	10	0	0	0	0	0	0	0	0	0
A	BL	1	63	1	1	BA1650	424	10	0	0	0	0	0	0	1	0	0	0
A	BL	1	63	1	1	BA1650	492	10	2	0	0	0	0	0	0	0	0	0
A	BL	1	63	1	1	BA1650	493	2	6	0	0	0	0	0	0	0	0	0
A	BL	1	63	1	1	BA1650	573	6	8	2	0	1	0	0	0	0	0	0
A	BL	1	63	1	1	BA1650	583	8	7	0	0	0	0	0	0	0	0	0
A	BL	1	63	1	1	BA1650	588	7	0	0	0	0	0	0	0	1	0	0
A	BL	1	63	1	1	BA1650	594	7	8	2	0	1	0	0	0	0	0	0
A	BL	1	63	1	1	BA1650	604	8	7	0	0	0	0	0	0	0	0	0
A	BL	1	63	1	1	BA1650	607	7	0	0	0	0	0	0	0	1	0	0
A	BL	1	63	1	1	BA1650	627	7	8	2	0	1	0	0	0	0	0	0
A	BL	1	63	1	1	BA1650	632	8	0	0	0	0	0	0	0	1	0	0
A	BL	1	63	1	1	BA1650	636	8	0	0	0	1	0	0	0	0	0	0
A	BL	1	63	1	1	BA1650	637	8	7	0	0	0	0	0	0	0	0	0
A	BL	1	63	1	1	BA1650	656	7	0	0	0	0	0	0	0	1	0	0
A	BL	1	63	1	1	BA1650	666	7	8	2	0	1	0	0	0	0	0	0
A	BL	1	63	1	1	BA1650	670	8	0	0	0	0	0	0	0	1	0	0
A	BL	1	63	1	1	BA1650	674	8	0	0	0	1	0	0	0	0	0	0
A	BL	1	63	1	1	BA1650	676	8	7	0	0	0	0	0	0	0	0	0
A	BL	1	63	1	1	BA1650	697	7	0	0	0	0	0	0	0	1	0	0
A	BL	1	63	1	1	BA1650	704	7	8	2	0	1	0	0	0	0	0	0
A	BL	1	63	1	1	BA1650	707	8	0	0	0	0	0	0	0	1	0	0
A	BL	1	63	1	1	BA1650	714	8	9	0	0	0	0	0	0	0	0	0
A	BL	1	63	1	1	BA1650	720	9	0	0	0	1	0	0	0	0	0	0
A	BL	1	63	1	1	BA1650	724	9	10	0	0	0	0	0	0	1	0	0
A	BL	1	63	1	1	BA1650	727	10	0	0	0	1	0	0	0	0	0	0
A	BL	1	63	1	1	BA1650	758	10	0	0	0	0	0	0	0	1	0	0
A	BL	1	63	1	1	BA1650	799	10	2	0	0	0	0	0	0	0	0	0
A	BL	1	63	1	1	BA1650	800	2	6	0	0	0	0	0	0	0	0	0
A	BL	1	63	1	1	BA1650	862	6	8	2	0	1	0	0	0	0	0	0
A	BL	1	63	1	1	BA1650	872	8	7	0	0	0	0	0	0	0	0	0
A	BL	1	63	1	1	BA1650	877	7	0	0	0	0	0	0	0	1	0	0
A	BL	1	63	1	1	BA1650	904	7	8	2	0	1	0	0	0	0	0	0
A	BL	1	63	1	1	BA1650	908	8	0	0	0	0	0	0	0	1	0	0
A	BL	1	63	1	1	BA1650	912	8	0	0	0	1	0	0	0	0	0	0
A	BL	1	63	1	1	BA1650	914	8	7	0	0	0	0	0	0	0	0	0
A	BL	1	63	1	1	BA1650	936	7	0	0	0	0	0	0	0	1	0	0
A	BL	1	63	1	1	BA1650	959	7	8	2	0	1	0	0	0	0	0	0
A	BL	1	63	1	1	BA1650	964	8	0	0	0	0	0	0	0	1	0	0
A	BL	1	63	1	1	BA1650	969	8	7	0	0	0	0	0	0	0	0	0
A	BL	1	63	1	1	BA1650	970	7	8	2	0	1	0	0	0	0	0	0
A	BL	1	63	1	1	BA1650	980	8	7	0	0	0	0	0	0	0	0	0
A	BL	1	63	1	1	BA1650	1002	7	0	0	0	0	0	0	0	1	0	0
A	BL	1	63	1	1	BA1650	1044	7	8	2	0	1	0	0	0	0	0	0
A	BL	1	63	1	1	BA1650	1052	8	0	0	0	0	0	0	0	1	0	0
A	BL	1	63	1	1	BA1650	1054	8	9	0	0	0	0	0	0	0	0	0
A	BL	1	63	1	1	BA1650	1064	9	10	0	0	0	0	0	0	0	0	0
A	BL	1	63	1	1	BA1650	1070	10	0	0	0	1	0	0	0	0	0	0
A	BL	1	63	1	1	BA1650	1076	10	0	0	0	0	0	0	0	1	0	0
A	BL	1	63	1	1	BA1650	1139	10	2	0	0	0	0	0	0	0	0	0
A	BL	1	63	1	1	BA1650	1140	2	6	0	0	0	0	0	0	0	0	0
A	BL	1	63	1	1	BA1650	1173	6	8	2	0	1	0	0	0	0	0	0
A	BL	1	63	1	1	BA1650	1183	8	7	0	0	0	0	0	0	1	0	0
A	BL	1	63	1	1	BA1650	1210	7	8	2	0	1	0	0	0	0	0	0
A	BL	1	63	1	1	BA1650	1212	8	0	0	0	0	0	0	0	1	0	0
A	BL	1	63	1	1	BA1650	1216	8	0	0	0	1	0	0	0	0	0	0
A	BL	1	63	1	1	BA1650	1220	8	7	0	0	0	0	0	0	0	0	0
A	BL	1	63	1	1	BA1650	1233	7	0	0	0	0	0	0	0	1	0	0
A	BL	1	63	1	1	BA1650	1260	7	8	2	0	1	0	0	0	0	0	0
A	BL	1	63	1	1	BA1650	1263	8	0	0	0	0	0	0	0	1	0	0
A	BL	1	63	1	1	BA1650	1267	8	0	0	0	1	0	0	0	0	0	0
A	BL	1	63	1	1	BA1650	1270	8	7	0	0	0	0	0	0	0	0	0
A	BL	1	63	1	1	BA1650	1276	7	0	0	0	0	0	0	0	1	0	0
A	BL	1	63	1	1	BA1650	1280	7	8	2	0	1	0	0	0	0	0	0
A	BL	1	63	1	1	BA1650	1290	8	7	0	0	0	0	0	0	0	0	0
A	BL	1	63	1	1	BA1650	1323	7	0	0	0	0	0	0	0	1	0	0
A	BL	1	63	1	1	BA1650	1327	7	8	2	0	1	0	0	0	0	0	0
A	BL	1	63	1	1	BA1650	1337	8	9	0	0	0	0	0	0	1	0	0
A	BL	1	63	1	1	BA1650	1342	9	0	0	0	1	0	0	0	0	0	0
A	BL	1	63	1	1	BA1650	1344	9	0	0	0	0	0	0	0	1	0	0
A	BL	1	63	1	1	BA1650	1347	9	10	0	0	1	0	0	0	0	0	0
A	BL	1	63	1	1	BA1650	1351	10	0	0	0	0	0	0	0	1	0	0
A	BL	1	63	1	1	BA1650	1422	10	2	0	0	0	0	0	0	0	0	0
A	BL	1	63	1	1	BA1650	1423	2	3	0	0	0	0	0	0	0	0	0
A	BL	1	63	1	1	BA1650	1498	3	5	1	1	0	0	0	0	0	0	0
A	BL	1	63	1	1	BA1650	1508	5	4	0	1	0	0	0	1	0	0	0
A	BL	1	63	1	1	BA1650	1527	4	0	0	0	0	0	0	1	0	0	0
A	BL	1	63	1	1	BA1650	1535	4	5	1	1	0	0	0	0	0	0	0
A	BL	1	63	1	1	BA1650	1537	5	0	0	0	0	0	0	1	0	0	0
A	BL	1	63	1	1	BA1650	1541	5	0	0	1	0	0	0	0	0	0	0
A	BL	1	63	1	1	BA1650	1545	5	4	0	0	0	0	0	0	0	0	0
A	BL	1	63	1	1	BA1650	1561	4	0	0	0	0	0	0	1	0	0	0
A	BL	1	63	1	1	BA1650	1566	4	5	1	1	0	0	0	0	0	0	0
A	BL	1	63	1	1	BA1650	1569	5	0	0	0	0	0	0	1	0	0	0
A	BL	1	63	1	1	BA1650	1576	5	4	0	0	0	0	0	0	0	0	0
A	BL	1	63	1	1	BA1650	1590	4	5	1	1	0	0	0	0	0	0	0
A	BL	1	63	1	1	BA1650	1600	5	4	0	0	0	0	0	0	0	0	0
A	BL	1	63	1	1	BA1650	1621	4	0	0	0	0	0	0	1	0	0	0
A	BL	1	63	1	1	BA1650	1623	4	5	1	1	0	0	0	0	0	0	0
A	BL	1	63	1	1	BA1650	1633	5	9	0	0	0	0	0	0	0	0	0
A	BL	1	63	1	1	BA1650	1643	9	10	0	0	0	0	0	0	0	0	0
A	BL	1	63	1	1	BA1650	1661	10	0	0	0	0	0	0	1	0	0	0
A	BL	1	63	1	1	BA1650	1718	10	2	0	0	0	0	0	0	0	0	0
A	BL	1	63	1	1	BA1650	1719	2	3	0	0	0	0	0	0	0	0	0
A	BL	1	63	1	1	BA1650	1750	3	5	1	1	0	0	0	0	0	0	0
A	BL	1	63	1	1	BA1650	1760	5	4	0	0	0	0	0	0	0	0	0
A	BL	1	63	1	1	BA1650	1765	4	0	0	0	0	0	0	1	0	0	0
A	BL	1	63	1	1	BA1650	1769	4	5	1	1	0	0	0	0	0	0	0
A	BL	1	63	1	1	BA1650	1776	5	0	0	0	0	0	0	1	0	0	0
A	BL	1	63	1	1	BA1650	1779	5	4	0	0	0	0	0	0	0	0	0
A	BL	1	63	1	1	BA1650	1803	4	5	1	1	0	0	0	0	0	0	0
A	BL	1	63	1	1	BA1650	1805	5	0	0	0	0	0	0	1	0	0	0
A	BL	1	63	1	1	BA1650	1812	5	0	0	1	0	0	0	0	0	0	0
A	BL	1	63	1	1	BA1650	1813	5	4	0	0	0	0	0	0	0	0	0
A	BL	1	63	1	1	BA1650	1838	4	0	0	0	0	0	0	1	0	0	0
A	BL	1	63	1	1	BA1650	1844	4	5	1	1	0	0	0	0	0	0	0
A	BL	1	63	1	1	BA1650	1854	5	4	0	0	0	0	0	0	0	0	0
A	BL	1	63	1	1	BA1650	1873	4	0	0	0	0	0	0	1	0	0	0
A	BL	1	63	1	1	BA1650	1876	4	5	1	1	0	0	0	0	0	0	0
A	BL	1	63	1	1	BA1650	1886	5	9	0	0	0	0	0	0	0	0	0
A	BL	1	63	1	1	BA1650	1888	9	0	0	0	0	0	0	1	0	0	0
A	BL	1	63	1	1	BA1650	1891	9	0	0	1	0	0	0	0	0	0	0
A	BL	1	63	1	1	BA1650	1896	9	10	0	0	0	0	0	0	0	0	0
A	BL	1	63	1	1	BA1650	1940	10	0	0	0	0	0	0	1	0	0	0
A	BL	1	63	1	1	BA1650	1943	10	0	0	1	0	0	0	0	0	0	0
A	BL	1	63	1	1	BA1650	1947	10	0	0	0	0	0	0	1	0	0	0
A	BL	1	63	1	1	BA1650	1971	10	2	0	0	0	0	0	0	0	0	0
A	BL	1	63	1	1	BA1650	1972	2	6	0	0	0	0	0	0	0	0	0
A	BL	1	63	1	1	BA1650	2123	6	0	0	1	0	0	0	0	0	0	0
A	BL	1	63	1	1	BA1650	2136	6	0	0	0	0	0	0	1	0	0	0
A	BL	1	63	1	1	BA1650	2141	6	0	0	1	0	0	0	0	0	0	0
A	BL	1	63	1	1	BA1650	2143	6	0	0	1	0	0	0	1	0	0	0
A	BL	1	63	1	1	BA1650	2146	6	0	0	0	0	0	0	1	0	0	0
A	BL	1	63	1	1	BA1650	2171	6	0	0	1	0	0	0	0	0	0	0
A	BL	1	63	1	1	BA1650	2178	6	0	0	0	0	0	0	1	0	0	0
A	BL	1	63	1	1	BA1650	2179	6	0	0	1	0	0	0	0	0	0	0
A	BL	1	63	1	1	BA1650	2185	6	0	0	0	0	0	0	1	0	0	0
A	BL	1	63	1	1	BA1650	2186	6	0	0	1	0	0	0	0	0	0	0
A	BL	1	63	1	1	BA1650	2206	6	0	0	0	0	0	0	1	0	0	0
A	BL	1	63	1	1	BA1650	2213	6	0	0	1	0	0	0	0	0	0	0
A	BL	1	63	1	1	BA1650	2216	6	0	0	0	0	0	0	1	0	0	0
A	BL	1	63	1	1	BA1650	2220	6	0	0	1	0	0	0	0	0	0	0
A	BL	1	63	1	1	BA1650	2249	6	0	0	0	0	0	0	1	0	0	0
A	BL	1	63	1	1	BA1650	2254	6	0	0	1	0	0	0	0	0	0	0
A	BL	1	63	1	1	BA1650	2284	6	0	0	0	0	0	0	1	0	0	0
A	BL	1	63	1	1	BA1650	2358	6	0	0	1	0	0	0	0	0	0	0
A	BL	1	63	1	1	BA1650	2377	6	0	0	0	0	0	0	1	0	0	0
A	BL	1	63	1	1	BA1650	2381	6	0	0	1	0	0	0	0	0	0	0
A	BL	1	63	1	1	BA1650	2392	6	0	0	0	0	0	0	1	0	0	0
A	BL	1	63	1	1	BA1650	2456	6	8	2	0	1	0	0	0	0	0	0
A	BL	1	63	1	1	BA1650	2466	8	7	0	0	0	0	0	0	0	0	0
A	BL	1	63	1	1	BA1650	2475	7	0	0	0	0	0	0	0	1	0	0
A	BL	1	63	1	1	BA1650	2501	7	8	2	0	1	0	0	0	0	0	0
A	BL	1	63	1	1	BA1650	2511	8	7	0	0	0	0	0	0	0	0	0
A	BL	1	63	1	1	BA1650	2518	7	0	0	0	0	0	0	0	1	0	0
A	BL	1	63	1	1	BA1650	2526	7	8	2	0	1	0	0	0	0	0	0
A	BL	1	63	1	1	BA1650	2536	8	7	0	0	0	0	0	0	1	0	0
A	BL	1	63	1	1	BA1650	2543	7	8	2	0	1	0	0	0	0	0	0
A	BL	1	63	1	1	BA1650	2552	8	0	0	0	0	0	0	0	1	0	0
A	BL	1	63	1	1	BA1650	2553	8	7	0	0	0	0	0	0	0	0	0
A	BL	1	63	1	1	BA1650	2580	7	8	2	0	1	0	0	0	0	0	0
A	BL	1	63	1	1	BA1650	2587	8	0	0	0	0	0	0	0	1	0	0
A	BL	1	63	1	1	BA1650	2590	8	9	0	0	0	0	0	0	0	0	0
A	BL	1	63	1	1	BA1650	2592	9	0	0	0	1	0	0	0	0	0	0
A	BL	1	63	1	1	BA1650	2600	9	10	0	0	0	0	0	0	0	0	0
A	BL	1	63	1	1	BA1650	2623	10	0	0	0	0	0	0	0	1	0	0
A	BL	1	63	1	1	BA1650	2675	10	2	0	0	0	0	0	0	0	0	0
A	BL	1	63	1	1	BA1650	2676	2	6	0	0	0	0	0	0	0	0	0
A	BL	1	63	1	1	BA1650	2805	6	8	2	0	1	0	0	0	0	0	0
A	BL	1	63	1	1	BA1650	2815	8	7	0	0	0	0	0	0	0	0	0
A	BL	1	63	1	1	BA1650	2823	7	0	0	0	0	0	0	0	1	0	0
A	BL	1	63	1	1	BA1650	2828	7	8	2	0	1	0	0	0	0	0	0
A	BL	1	63	1	1	BA1650	2832	8	0	0	0	0	0	0	0	1	0	0
A	BL	1	63	1	1	BA1650	2838	8	7	0	0	0	0	0	0	0	0	0
A	BL	1	63	1	1	BA1650	2880	7	8	2	0	1	0	0	0	0	0	0
A	BL	1	63	1	1	BA1650	2884	8	0	0	0	0	0	0	0	1	0	0
A	BL	1	63	1	1	BA1650	2888	8	0	0	0	1	0	0	0	0	0	0
A	BL	1	63	1	1	BA1650	2890	8	7	0	0	0	0	0	0	0	0	0
A	BL	1	63	1	1	BA1650	2909	7	0	0	0	0	0	0	0	1	0	0
A	BL	1	63	1	1	BA1650	2913	7	8	2	0	1	0	0	0	0	0	0
A	BL	1	63	1	1	BA1650	2923	8	7	0	0	0	0	0	0	0	0	0
A	BL	1	63	1	1	BA1650	2933	7	0	0	0	0	0	0	0	1	0	0
A	BL	1	63	1	1	BA1650	2987	7	8	2	0	1	0	0	0	0	0	0
A	BL	1	63	1	1	BA1650	2997	8	9	0	0	0	0	0	0	0	0	0
A	BL	1	63	1	1	BA1650	3007	9	10	0	0	0	0	0	0	0	0	0
A	BL	1	63	1	1	BA1650	3009	10	0	0	0	0	0	0	0	1	0	0
A	BL	1	63	1	1	BA1650	3082	10	2	0	0	0	0	0	0	0	0	0
A	BL	1	63	1	1	BA1650	3083	2	6	0	0	0	0	0	0	0	0	0
A	BL	1	63	1	1	BA1650	3395	6	8	2	0	1	0	0	0	0	0	0
A	BL	1	63	1	1	BA1650	3405	8	7	0	0	0	0	0	0	0	0	0
A	BL	1	63	1	1	BA1650	3415	7	0	0	0	0	0	0	0	1	0	0
A	BL	1	63	1	1	BA1650	3445	7	8	2	0	1	0	0	0	0	0	0
A	BL	1	63	1	1	BA1650	3454	8	0	0	0	0	0	0	0	1	0	0
A	BL	1	63	1	1	BA1650	3455	8	7	0	0	0	0	0	0	0	0	0
A	BL	1	63	1	1	BA1650	3457	7	8	2	0	1	0	0	0	0	0	0
A	BL	1	63	1	1	BA1650	3467	8	7	0	0	0	0	0	0	0	0	0
A	BL	1	63	1	1	BA1650	3534	7	8	2	0	1	0	0	0	1	0	0
A	BL	1	63	1	1	BA1650	3544	8	7	0	0	0	0	0	0	0	0	0
A	BL	1	63	1	1	BA1650	3548	7	0	0	0	0	0	0	0	1	0	0
A	BL	1	63	1	1	BA1650	3735	7	8	2	0	1	0	0	0	0	0	0
A	BL	1	63	1	1	BA1650	3745	8	9	0	0	0	0	0	0	0	0	0
A	BL	1	63	1	1	BA1650	3747	9	0	0	0	0	0	0	0	1	0	0
A	BL	1	63	1	1	BA1650	3755	9	10	0	0	0	0	0	0	0	0	0
A	BL	1	63	1	1	BA1650	3759	10	0	0	0	1	0	0	0	0	0	0
A	BL	1	63	1	1	BA1650	3764	10	0	0	0	0	0	0	0	1	0	0
A	BL	1	63	1	1	BA1650	3830	10	2	0	0	0	0	0	0	0	0	0
A	BL	1	63	1	1	BA1650	3831	2	3	0	0	0	0	0	0	0	0	0
A	BL	1	63	1	1	BA1650	3903	3	5	1	1	0	0	0	0	0	0	0
A	BL	1	63	1	1	BA1650	3913	5	4	0	0	0	0	0	0	0	0	0
A	BL	1	63	1	1	BA1650	3925	4	0	0	0	0	0	0	1	0	0	0
A	BL	1	63	1	1	BA1650	3941	4	5	1	1	0	0	0	0	0	0	0
A	BL	1	63	1	1	BA1650	3944	5	0	0	0	0	0	0	1	0	0	0
A	BL	1	63	1	1	BA1650	3947	5	0	0	1	0	0	0	0	0	0	0
A	BL	1	63	1	1	BA1650	3951	5	4	0	0	0	0	0	0	0	0	0
A	BL	1	63	1	1	BA1650	3967	4	0	0	0	0	0	0	1	0	0	0
A	BL	1	63	1	1	BA1650	3973	4	5	1	1	0	0	0	0	0	0	0
A	BL	1	63	1	1	BA1650	3983	5	4	0	0	0	0	0	0	0	0	0
A	BL	1	63	1	1	BA1650	4001	4	0	0	0	0	0	0	1	0	0	0
A	BL	1	63	1	1	BA1650	4024	4	5	1	1	0	0	0	0	0	0	0
A	BL	1	63	1	1	BA1650	4025	5	0	0	0	0	0	0	1	0	0	0
A	BL	1	63	1	1	BA1650	4034	5	4	0	0	0	0	0	0	0	0	0
A	BL	1	63	1	1	BA1650	4064	4	5	1	1	0	0	0	0	0	0	0
A	BL	1	63	1	1	BA1650	4074	5	9	0	0	0	0	0	0	0	0	0
A	BL	1	63	1	1	BA1650	4084	9	10	0	0	0	0	0	0	0	0	0
A	BL	1	63	1	1	BA1650	4089	10	0	0	0	0	0	0	1	0	0	0
A	BL	1	63	1	1	BA1650	4098	10	0	0	1	0	0	0	0	0	0	0
A	BL	1	63	1	1	BA1650	4100	10	0	0	0	0	0	0	1	0	0	0
A	BL	1	63	1	1	BA1650	4105	10	0	0	1	0	0	0	0	0	0	0
A	BL	1	63	1	1	BA1650	4122	10	0	0	0	0	0	0	1	0	0	0
A	BL	1	63	1	1	BA1650	4159	10	2	0	0	0	0	0	0	0	0	0
A	BL	1	63	1	1	BA1650	4160	2	6	0	0	0	0	0	0	0	0	0
A	BL	1	63	1	1	BA1650	4265	6	0	0	1	0	0	0	0	0	0	0
A	BL	1	63	1	1	BA1650	4291	6	0	0	0	0	0	0	1	0	0	0
A	BL	1	63	1	1	BA1650	4352	6	0	0	1	0	0	0	0	0	0	0
A	BL	1	63	1	1	BA1650	4369	6	0	0	0	0	0	0	1	0	0	0
A	BL	1	63	1	1	BA1650	4373	6	0	0	1	0	0	0	0	0	0	0
A	BL	1	63	1	1	BA1650	4380	6	0	0	0	0	0	0	1	0	0	0
A	BL	1	63	1	1	BA1650	4443	6	8	2	0	1	0	0	0	0	0	0
A	BL	1	63	1	1	BA1650	4453	8	7	0	0	0	0	0	0	0	0	0
A	BL	1	63	1	1	BA1650	4462	7	0	0	0	0	0	0	0	1	0	0
A	BL	1	63	1	1	BA1650	4466	7	8	2	0	1	0	0	0	0	0	0
A	BL	1	63	1	1	BA1650	4470	8	0	0	0	0	0	0	0	1	0	0
A	BL	1	63	1	1	BA1650	4474	8	0	0	0	1	0	0	0	0	0	0
A	BL	1	63	1	1	BA1650	4476	8	7	0	0	0	0	0	0	0	0	0
A	BL	1	63	1	1	BA1650	4477	7	0	0	0	0	0	0	0	1	0	0
A	BL	1	63	1	1	BA1650	4487	7	8	2	0	1	0	0	0	0	0	0
A	BL	1	63	1	1	BA1650	4497	8	7	0	0	0	0	0	0	0	0	0
A	BL	1	63	1	1	BA1650	4504	7	0	0	0	0	0	0	0	1	0	0
A	BL	1	63	1	1	BA1650	4510	7	8	2	0	1	0	0	0	0	0	0
A	BL	1	63	1	1	BA1650	4519	8	0	0	0	0	0	0	0	1	0	0
A	BL	1	63	1	1	BA1650	4520	8	7	0	0	0	0	0	0	0	0	0
A	BL	1	63	1	1	BA1650	4546	7	8	2	0	1	0	0	0	0	0	0
A	BL	1	63	1	1	BA1650	4556	8	9	0	0	0	0	0	0	0	0	0
A	BL	1	63	1	1	BA1650	4566	9	10	0	0	0	0	0	0	0	0	0
A	BL	1	63	1	1	BA1650	4578	10	0	0	0	0	0	0	0	1	0	0
A	BL	1	63	1	1	BA1650	4641	10	2	0	0	0	0	0	0	0	0	0
A	BL	1	63	1	1	BA1650	4642	2	3	0	0	0	0	0	0	0	0	0
A	BL	1	63	1	1	BA1650	4805	3	5	1	1	0	0	0	0	0	0	0
A	BL	1	63	1	1	BA1650	4815	5	4	0	0	0	0	0	0	0	0	0
A	BL	1	63	1	1	BA1650	4846	4	0	0	0	0	0	0	1	0	0	0
A	BL	1	63	1	1	BA1650	4876	4	5	1	1	0	0	0	0	0	0	0
A	BL	1	63	1	1	BA1650	4886	5	4	0	0	0	0	0	0	0	0	0
A	BL	1	63	1	1	BA1650	4894	4	0	0	0	0	0	0	1	0	0	0
A	BL	1	63	1	1	BA1650	4899	4	5	1	1	0	0	0	0	0	0	0
A	BL	1	63	1	1	BA1650	4909	5	4	0	0	0	0	0	0	0	0	0
A	BL	1	63	1	1	BA1650	4917	4	0	0	0	0	0	0	1	0	0	0
A	BL	1	63	1	1	BA1650	4922	4	5	1	1	0	0	0	0	0	0	0
A	BL	1	63	1	1	BA1650	4932	5	4	0	0	0	0	0	0	0	0	0
A	BL	1	63	1	1	BA1650	4951	4	0	0	0	0	0	0	1	0	0	0
A	BL	1	63	1	1	BA1650	5032	4	5	1	1	0	0	0	0	0	0	0
A	BL	1	63	1	1	BA1650	5040	5	0	0	0	0	0	0	1	0	0	0
A	BL	1	63	1	1	BA1650	5042	5	9	0	0	0	0	0	0	0	0	0
A	BL	1	63	1	1	BA1650	5052	9	10	0	0	0	0	0	0	0	0	0
A	BL	1	63	1	1	BA1650	5127	10	2	0	0	0	0	0	0	0	0	0
A	BL	1	63	1	1	BA1650	5128	2	3	0	0	0	0	0	0	0	0	0
A	BL	1	63	1	1	BA1650	5184	3	5	1	1	0	0	0	0	0	0	0
A	BL	1	63	1	1	BA1650	5194	5	4	0	0	0	0	0	0	0	0	0
A	BL	1	63	1	1	BA1650	5198	4	0	0	0	0	0	0	1	0	0	0
A	BL	1	63	1	1	BA1650	5219	4	5	1	1	0	0	0	0	0	0	0
A	BL	1	63	1	1	BA1650	5222	5	0	0	0	0	0	0	1	0	0	0
A	BL	1	63	1	1	BA1650	5223	5	0	0	1	0	0	0	0	0	0	0
A	BL	1	63	1	1	BA1650	5229	5	4	0	0	0	0	0	0	0	0	0
A	BL	1	63	1	1	BA1650	5249	4	0	0	0	0	0	0	1	0	0	0
A	BL	1	63	1	1	BA1650	5259	4	5	1	1	0	0	0	0	0	0	0
A	BL	1	63	1	1	BA1650	5261	5	0	0	0	0	0	0	1	0	0	0
A	BL	1	63	1	1	BA1650	5266	5	0	0	1	0	0	0	0	0	0	0
A	BL	1	63	1	1	BA1650	5269	5	4	0	0	0	0	0	0	0	0	0
A	BL	1	63	1	1	BA1650	5270	4	0	0	0	0	0	0	1	0	0	0
A	BL	1	63	1	1	BA1650	5303	4	5	1	1	0	0	0	0	0	0	0
A	BL	1	63	1	1	BA1650	5313	5	4	0	0	0	0	0	0	0	0	0
A	BL	1	63	1	1	BA1650	5317	4	0	0	0	0	0	0	1	0	0	0
A	BL	1	63	1	1	BA1650	5322	4	5	1	1	0	0	0	0	0	0	0
A	BL	1	63	1	1	BA1650	5332	5	9	0	0	0	0	0	0	0	0	0
A	BL	1	63	1	1	BA1650	5342	9	10	0	0	0	0	0	0	0	0	0
A	BL	1	63	1	1	BA1650	5345	10	0	0	0	0	0	0	1	0	0	0
A	BL	1	63	1	1	BA1650	5350	10	0	0	1	0	0	0	0	0	0	0
A	BL	1	63	1	1	BA1650	5357	10	0	0	0	0	0	0	1	0	0	0
A	BL	1	63	1	1	BA1650	5417	10	2	0	0	0	0	0	0	0	0	0
A	BL	1	63	1	1	BA1650	5418	2	3	0	0	0	0	0	0	0	0	0
A	BL	1	63	1	1	BA1650	5464	3	5	1	1	0	0	0	0	0	0	0
A	BL	1	63	1	1	BA1650	5474	5	4	0	0	0	0	0	0	0	0	0
A	BL	1	63	1	1	BA1650	5481	4	0	0	0	0	0	0	1	0	0	0
A	BL	1	63	1	1	BA1650	5488	4	5	1	1	0	0	0	0	0	0	0
A	BL	1	63	1	1	BA1650	5491	5	0	0	0	0	0	0	1	0	0	0
A	BL	1	63	1	1	BA1650	5496	5	0	0	1	0	0	0	0	0	0	0
A	BL	1	63	1	1	BA1650	5498	5	4	0	0	0	0	0	0	0	0	0
A	BL	1	63	1	1	BA1650	5549	4	0	0	0	0	0	0	1	0	0	0
A	BL	1	63	1	1	BA1650	5586	4	5	1	1	0	0	0	0	0	0	0
A	BL	1	63	1	1	BA1650	5596	5	4	0	0	0	0	0	0	0	0	0
A	BL	1	63	1	1	BA1650	5603	4	0	0	0	0	0	0	1	0	0	0
A	BL	1	63	1	1	BA1650	5607	4	5	1	1	0	0	0	0	0	0	0
A	BL	1	63	1	1	BA1650	5617	5	4	0	0	0	0	0	0	0	0	0
A	BL	1	63	1	1	BA1650	5622	4	0	0	0	0	0	0	1	0	0	0
A	BL	1	63	1	1	BA1650	5627	4	5	1	1	0	0	0	0	0	0	0
A	BL	1	63	1	1	BA1650	5637	5	9	0	0	0	0	0	0	0	0	0
A	BL	1	63	1	1	BA1650	5644	9	0	0	0	0	0	0	1	0	0	0
A	BL	1	63	1	1	BA1650	5647	9	10	0	0	0	0	0	0	0	0	0
A	BL	1	63	1	1	BA1650	5667	10	0	0	1	0	0	0	0	0	0	0
A	BL	1	63	1	1	BA1650	5693	10	0	0	0	0	0	0	1	0	0	0
A	BL	1	63	1	1	BA1650	5722	10	2	0	0	0	0	0	0	0	0	0
A	BL	1	63	1	1	BA1650	5723	2	6	0	0	0	0	0	0	0	0	0
A	BL	1	63	1	1	BA1650	5904	6	0	0	1	0	0	0	0	0	0	0
A	BL	1	63	1	1	BA1650	5911	6	0	0	0	0	0	0	1	0	0	0
A	BL	1	63	1	1	BA1650	5913	6	0	0	1	0	0	0	0	0	0	0
A	BL	1	63	1	1	BA1650	5921	6	0	0	0	0	0	0	1	0	0	0
A	BL	1	63	1	1	BA1650	5969	6	8	2	0	1	0	0	0	0	0	0
A	BL	1	63	1	1	BA1650	5979	8	7	0	0	0	0	0	0	0	0	0
A	BL	1	63	1	1	BA1650	5982	7	0	0	0	0	0	0	0	1	0	0
A	BL	1	63	1	1	BA1650	5989	7	8	2	0	1	0	0	0	0	0	0
A	BL	1	63	1	1	BA1650	5996	8	0	0	0	0	0	0	0	1	0	0
A	BL	1	63	1	1	BA1650	5999	8	7	0	0	0	0	0	0	0	0	0
A	BL	1	63	1	1	BA1650	6021	7	8	2	0	1	0	0	0	0	0	0
A	BL	1	63	1	1	BA1650	6024	8	0	0	0	0	0	0	0	1	0	0
A	BL	1	63	1	1	BA1650	6031	8	7	0	0	0	0	0	0	0	0	0
A	BL	1	63	1	1	BA1650	6032	7	8	2	0	1	0	0	0	0	0	0
A	BL	1	63	1	1	BA1650	6042	8	7	0	0	0	0	0	0	0	0	0
A	BL	1	63	1	1	BA1650	6054	7	0	0	0	0	0	0	0	1	0	0
A	BL	1	63	1	1	BA1650	6057	7	8	2	0	1	0	0	0	0	0	0
A	BL	1	63	1	1	BA1650	6067	8	9	0	0	0	0	0	0	0	0	0
A	BL	1	63	1	1	BA1650	6068	9	0	0	0	0	0	0	0	1	0	0
A	BL	1	63	1	1	BA1650	6071	9	0	0	0	1	0	0	0	0	0	0
A	BL	1	63	1	1	BA1650	6077	9	10	0	0	0	0	0	0	0	0	0
A	BL	1	63	1	1	BA1650	6087	10	0	0	0	0	0	0	0	1	0	0
A	BL	1	63	1	1	BA1650	6090	10	0	0	0	1	0	0	0	0	0	0
A	BL	1	63	1	1	BA1650	6107	10	0	0	0	0	0	0	0	1	0	0
A	BL	1	63	1	1	BA1650	6110	10	0	0	0	1	0	0	0	0	0	0
A	BL	1	63	1	1	BA1650	6141	10	0	0	0	0	0	0	0	1	0	0
A	BL	1	63	1	1	BA1650	6152	10	2	0	0	0	0	0	0	0	0	0
A	BL	1	63	1	1	BA1650	6153	2	6	0	0	0	0	0	0	0	0	0
A	BL	1	63	1	1	BA1650	6287	6	8	2	0	1	0	0	0	0	0	0
A	BL	1	63	1	1	BA1650	6295	8	0	0	0	0	0	0	0	1	0	0
A	BL	1	63	1	1	BA1650	6297	8	7	0	0	0	0	0	0	0	0	0
A	BL	1	63	1	1	BA1650	6329	7	8	2	0	1	0	0	0	0	0	0
A	BL	1	63	1	1	BA1650	6338	8	0	0	0	0	0	0	0	1	0	0
A	BL	1	63	1	1	BA1650	6339	8	7	0	0	0	0	0	0	0	0	0
A	BL	1	63	1	1	BA1650	6344	7	8	2	0	1	0	0	0	0	0	0
A	BL	1	63	1	1	BA1650	6354	8	7	0	0	0	0	0	0	0	0	0
A	BL	1	63	1	1	BA1650	6355	7	0	0	0	0	0	0	0	1	0	0
A	BL	1	63	1	1	BA1650	6378	7	8	2	0	1	0	0	0	0	0	0
A	BL	1	63	1	1	BA1650	6382	8	0	0	0	0	0	0	0	1	0	0
A	BL	1	63	1	1	BA1650	6386	8	0	0	0	1	0	0	0	0	0	0
A	BL	1	63	1	1	BA1650	6388	8	7	0	0	0	0	0	0	0	0	0
A	BL	1	63	1	1	BA1650	6398	7	0	0	0	0	0	0	0	1	0	0
A	BL	1	63	1	1	BA1650	6401	7	8	2	0	1	0	0	0	0	0	0
A	BL	1	63	1	1	BA1650	6411	8	9	0	0	0	0	0	0	0	0	0
A	BL	1	63	1	1	BA1650	6418	9	0	0	0	0	0	0	0	1	0	0
A	BL	1	63	1	1	BA1650	6421	9	10	0	0	0	0	0	0	0	0	0
A	BL	1	63	1	1	BA1650	6496	10	2	0	0	0	0	0	0	0	0	0
A	BL	1	63	1	1	BA1650	6497	2	6	0	0	0	0	0	0	0	0	0
A	BL	1	63	1	1	BA1650	6756	6	8	2	0	1	0	0	0	0	0	0
A	BL	1	63	1	1	BA1650	6766	8	7	0	0	0	0	0	0	0	0	0
A	BL	1	63	1	1	BA1650	6770	7	0	0	0	0	0	0	0	1	0	0
A	BL	1	63	1	1	BA1650	6794	7	8	2	0	1	0	0	0	0	0	0
A	BL	1	63	1	1	BA1650	6804	8	7	0	0	0	0	0	0	0	0	0
A	BL	1	63	1	1	BA1650	6817	7	0	0	0	0	0	0	0	1	0	0
A	BL	1	63	1	1	BA1650	6952	7	8	2	0	1	0	0	0	0	0	0
A	BL	1	63	1	1	BA1650	6962	8	7	0	0	0	0	0	0	1	0	0
A	BL	1	63	1	1	BA1650	6992	7	8	2	0	1	0	0	0	0	0	0
A	BL	1	63	1	1	BA1650	6999	8	0	0	0	0	0	0	0	1	0	0
A	BL	1	63	1	1	BA1650	7001	8	0	0	0	1	0	0	0	0	0	0
A	BL	1	63	1	1	BA1650	7002	8	7	0	0	0	0	0	0	0	0	0
A	BL	1	63	1	1	BA1650	7017	7	0	0	0	0	0	0	0	1	0	0
A	BL	1	63	1	1	BA1650	7029	7	8	2	0	1	0	0	0	0	0	0
A	BL	1	63	1	1	BA1650	7033	8	0	0	0	0	0	0	0	1	0	0
A	BL	1	63	1	1	BA1650	7036	8	0	0	0	1	0	0	0	0	0	0
A	BL	1	63	1	1	BA1650	7039	8	9	0	0	0	0	0	0	0	0	0
A	BL	1	63	1	1	BA1650	7043	9	0	0	0	0	0	0	0	1	0	0
A	BL	1	63	1	1	BA1650	7049	9	10	0	0	0	0	0	0	0	0	0
A	BL	1	63	1	1	BA1650	7078	10	0	0	0	1	0	0	0	0	0	0
A	BL	1	63	1	1	BA1650	7085	10	0	0	0	0	0	0	0	1	0	0
A	BL	1	63	1	1	BA1650	7088	10	0	0	0	1	0	0	0	0	0	0
A	BL	1	63	1	1	BA1650	7124	10	2	0	0	0	0	0	0	0	0	0
A	BL	1	63	1	1	BA1650	7125	2	3	0	0	0	0	0	0	0	0	0
A	BL	1	63	1	1	BA1650	7193	3	0	0	0	0	0	0	0	1	0	0
A	BL	1	63	1	1	BA1650	7325	3	5	1	1	0	0	0	0	0	0	0
A	BL	1	63	1	1	BA1650	7335	5	4	0	0	0	0	0	0	0	0	0
A	BL	1	63	1	1	BA1650	7338	4	0	0	0	0	0	0	1	0	0	0
A	BL	1	63	1	1	BA1650	7348	4	5	1	1	0	0	0	0	0	0	0
A	BL	1	63	1	1	BA1650	7358	5	4	0	0	0	0	0	0	0	0	0
A	BL	1	63	1	1	BA1650	7368	4	0	0	0	0	0	0	1	0	0	0
A	BL	1	63	1	1	BA1650	7372	4	5	1	1	0	0	0	0	0	0	0
A	BL	1	63	1	1	BA1650	7382	5	4	0	0	0	0	0	0	0	0	0
A	BL	1	63	1	1	BA1650	7386	4	0	0	0	0	0	0	1	0	0	0
A	BL	1	63	1	1	BA1650	7392	4	5	1	1	0	0	0	0	0	0	0
A	BL	1	63	1	1	BA1650	7394	5	0	0	0	0	0	0	1	0	0	0
A	BL	1	63	1	1	BA1650	7402	5	4	0	0	0	0	0	0	0	0	0
A	BL	1	63	1	1	BA1650	7408	4	5	1	1	0	0	0	0	0	0	0
A	BL	1	63	1	1	BA1650	7418	5	9	0	0	0	0	0	0	0	0	0
A	BL	1	63	1	1	BA1650	7428	9	10	0	0	0	0	0	1	0	0	0
A	BL	1	63	1	1	BA1650	7433	10	0	0	1	0	0	0	0	0	0	0
A	BL	1	63	1	1	BA1650	7456	10	0	0	0	0	0	0	1	0	0	0
A	BL	1	63	1	1	BA1650	7503	10	2	0	0	0	0	0	0	0	0	0
A	BL	1	63	1	1	BA1650	7504	2	3	0	0	0	0	0	0	0	0	0
A	BL	1	63	1	1	BA1650	7570	3	5	1	1	0	0	0	0	0	0	0
A	BL	1	63	1	1	BA1650	7580	5	4	0	0	0	0	0	0	0	0	0
A	BL	1	63	1	1	BA1650	7619	4	0	0	0	0	0	0	1	0	0	0
A	BL	1	63	1	1	BA1650	7636	4	5	1	1	0	0	0	0	0	0	0
A	BL	1	63	1	1	BA1650	7645	5	0	0	0	0	0	0	1	0	0	0
A	BL	1	63	1	1	BA1650	7646	5	4	0	0	0	0	0	0	0	0	0
A	BL	1	63	1	1	BA1650	7675	4	5	1	1	0	0	0	0	0	0	0
A	BL	1	63	1	1	BA1650	7685	5	4	0	0	0	0	0	0	0	0	0
A	BL	1	63	1	1	BA1650	7695	4	0	0	0	0	0	0	1	0	0	0
A	BL	1	63	1	1	BA1650	7697	4	5	1	1	0	0	0	0	0	0	0
A	BL	1	63	1	1	BA1650	7707	5	4	0	0	0	0	0	0	0	0	0
A	BL	1	63	1	1	BA1650	7722	4	0	0	0	0	0	0	1	0	0	0
A	BL	1	63	1	1	BA1650	7726	4	5	1	1	0	0	0	0	0	0	0
A	BL	1	63	1	1	BA1650	7736	5	9	0	0	0	0	0	0	0	0	0
A	BL	1	63	1	1	BA1650	7738	9	0	0	0	0	0	0	1	0	0	0
A	BL	1	63	1	1	BA1650	7739	9	0	0	1	0	0	0	0	0	0	0
A	BL	1	63	1	1	BA1650	7746	9	10	0	0	0	0	0	0	0	0	0
A	BL	1	63	1	1	BA1650	7762	10	0	0	0	0	0	0	1	0	0	0
A	BL	1	63	1	1	BA1650	7767	10	0	0	1	0	0	0	0	0	0	0
A	BL	1	63	1	1	BA1650	7774	10	0	0	0	0	0	0	1	0	0	0
A	BL	1	63	1	1	BA1650	7821	10	2	0	0	0	0	0	0	0	0	0
A	BL	1	63	1	1	BA1650	7822	2	3	0	0	0	0	0	0	0	0	0
A	BL	1	63	1	1	BA1650	7892	3	5	1	1	0	0	0	0	0	0	0
A	BL	1	63	1	1	BA1650	7902	5	4	0	0	0	0	0	0	0	0	0
A	BL	1	63	1	1	BA1650	7912	4	0	0	0	0	0	0	1	0	0	0
A	BL	1	63	1	1	BA1650	7914	4	5	1	1	0	0	0	0	0	0	0
A	BL	1	63	1	1	BA1650	7924	5	4	0	0	0	0	0	0	0	0	0
A	BL	1	63	1	1	BA1650	7938	4	0	0	0	0	0	0	1	0	0	0
A	BL	1	63	1	1	BA1650	7955	4	5	1	1	0	0	0	0	0	0	0
A	BL	1	63	1	1	BA1650	7965	5	4	0	0	0	0	0	0	0	0	0
A	BL	1	63	1	1	BA1650	7975	4	0	0	0	0	0	0	1	0	0	0
A	BL	1	63	1	1	BA1650	7979	4	5	1	1	0	0	0	0	0	0	0
A	BL	1	63	1	1	BA1650	7989	5	4	0	0	0	0	0	0	0	0	0
A	BL	1	63	1	1	BA1650	7997	4	0	0	0	0	0	0	1	0	0	0
A	BL	1	63	1	1	BA1650	8013	4	5	1	1	0	0	0	0	0	0	0
A	BL	1	63	1	1	BA1650	8023	5	9	0	0	0	0	0	0	0	0	0
A	BL	1	63	1	1	BA1650	8025	9	0	0	0	0	0	0	1	0	0	0
A	BL	1	63	1	1	BA1650	8033	9	10	0	0	0	0	0	0	0	0	0
A	BL	1	63	1	1	BA1650	8108	10	2	0	0	0	0	0	0	0	0	0
A	BL	1	63	1	1	BA1650	8109	2	6	0	0	0	0	0	0	0	0	0
A	BL	1	63	1	1	BA1650	8699	6	8	2	0	1	0	0	0	0	0	0
A	BL	1	63	1	1	BA1650	8709	8	7	0	0	0	0	0	0	0	0	0
A	BL	1	63	1	1	BA1650	8712	7	0	0	0	0	0	0	0	1	0	0
A	BL	1	63	1	1	BA1650	8753	7	8	2	0	1	0	0	0	0	0	0
A	BL	1	63	1	1	BA1650	8763	8	7	0	0	0	0	0	0	0	0	0
A	BL	1	63	1	1	BA1650	8778	7	0	0	0	0	0	0	0	1	0	0
A	BL	1	63	1	1	BA1650	8800	7	8	2	0	1	0	0	0	0	0	0
A	BL	1	63	1	1	BA1650	8808	8	0	0	0	0	0	0	0	1	0	0
A	BL	1	63	1	1	BA1650	8810	8	7	0	0	0	0	0	0	0	0	0
A	BL	1	63	1	1	BA1650	8982	7	8	2	0	1	0	0	0	0	0	0
A	BL	1	63	1	1	BA1650	8992	8	7	0	0	0	0	0	0	0	0	0
A	BL	1	63	1	1	BA1650	9009	7	0	0	0	0	0	0	0	1	0	0
A	BL	1	63	1	1	BA1650	9012	7	8	2	0	1	0	0	0	0	0	0
A	BL	1	63	1	1	BA1650	9022	8	9	0	0	0	0	0	0	0	0	0
A	BL	1	63	1	1	BA1650	9031	9	0	0	0	0	0	0	0	1	0	0
A	BL	1	63	1	1	BA1650	9032	9	10	0	0	0	0	0	0	0	0	0
A	BL	1	63	1	1	BA1650	9107	10	2	0	0	0	0	0	0	0	0	0
A	BL	1	63	1	1	BA1650	9108	2	6	0	0	0	0	0	0	0	0	0
A	BL	1	63	1	1	BA1650	9270	6	8	2	0	1	0	0	0	0	0	0
A	BL	1	63	1	1	BA1650	9280	8	7	0	0	0	0	0	0	0	0	0
A	BL	1	63	1	1	BA1650	9291	7	0	0	0	0	0	0	0	1	0	0
A	BL	1	63	1	1	BA1650	9297	7	8	2	0	1	0	0	0	0	0	0
A	BL	1	63	1	1	BA1650	9299	8	0	0	0	0	0	0	0	1	0	0
A	BL	1	63	1	1	BA1650	9307	8	7	0	0	0	0	0	0	0	0	0
A	BL	1	63	1	1	BA1650	9325	7	8	2	0	1	0	0	0	0	0	0
A	BL	1	63	1	1	BA1650	9327	8	0	0	0	0	0	0	0	1	0	0
A	BL	1	63	1	1	BA1650	9334	8	0	0	0	1	0	0	0	0	0	0
A	BL	1	63	1	1	BA1650	9335	8	7	0	0	0	0	0	0	0	0	0
A	BL	1	63	1	1	BA1650	9347	7	0	0	0	0	0	0	0	1	0	0
A	BL	1	63	1	1	BA1650	9354	7	8	2	0	1	0	0	0	0	0	0
A	BL	1	63	1	1	BA1650	9364	8	7	0	0	0	0	0	0	0	0	0
A	BL	1	63	1	1	BA1650	9394	7	0	0	0	0	0	0	0	1	0	0
A	BL	1	63	1	1	BA1650	9398	7	8	2	0	1	0	0	0	0	0	0
A	BL	1	63	1	1	BA1650	9407	8	0	0	0	0	0	0	0	1	0	0
A	BL	1	63	1	1	BA1650	9408	8	9	0	0	0	0	0	0	0	0	0
A	BL	1	63	1	1	BA1650	9418	9	10	0	0	0	0	0	0	0	0	0
A	BL	1	63	1	1	BA1650	9493	10	2	0	0	0	0	0	0	0	0	0
A	BL	1	63	1	1	BA1650	9494	2	3	0	0	0	0	0	0	0	0	0
A	BL	1	63	1	1	BA1650	9564	3	5	1	1	0	0	0	0	0	0	0
A	BL	1	63	1	1	BA1650	9574	5	4	0	0	0	0	0	0	0	0	0
A	BL	1	63	1	1	BA1650	9586	4	0	0	0	0	0	0	1	0	0	0
A	BL	1	63	1	1	BA1650	9589	4	5	1	1	0	0	0	0	0	0	0
A	BL	1	63	1	1	BA1650	9599	5	4	0	0	0	0	0	0	0	0	0
A	BL	1	63	1	1	BA1650	9604	4	0	0	0	0	0	0	1	0	0	0
A	BL	1	63	1	1	BA1650	9608	4	5	1	1	0	0	0	0	0	0	0
A	BL	1	63	1	1	BA1650	9618	5	4	0	0	0	0	0	0	0	0	0
A	BL	1	63	1	1	BA1650	9629	4	0	0	0	0	0	0	1	0	0	0
A	BL	1	63	1	1	BA1650	9631	4	5	1	1	0	0	0	0	0	0	0
A	BL	1	63	1	1	BA1650	9641	5	4	0	0	0	0	0	0	0	0	0
A	BL	1	63	1	1	BA1650	9689	4	0	0	0	0	0	0	1	0	0	0
A	BL	1	63	1	1	BA1650	9696	4	5	1	1	0	0	0	0	0	0	0
A	BL	1	63	1	1	BA1650	9698	5	0	0	0	0	0	0	1	0	0	0
A	BL	1	63	1	1	BA1650	9706	5	9	0	0	0	0	0	0	0	0	0
A	BL	1	63	1	1	BA1650	9716	9	10	0	0	0	0	0	0	0	0	0
A	BL	1	63	1	1	BA1650	9791	10	2	0	0	0	0	0	0	0	0	0
A	BL	1	63	1	1	BA1650	9792	2	6	0	0	0	0	0	0	0	0	0
A	BL	1	63	1	1	BA1650	9863	6	0	0	1	0	0	0	0	0	0	0
A	BL	1	63	1	1	BA1650	9891	6	0	0	0	0	0	0	1	0	0	0
A	BL	1	63	1	1	BA1650	9897	6	0	0	1	0	0	0	0	0	0	0
A	BL	1	63	1	1	BA1650	9908	6	0	0	0	0	0	0	1	0	0	0
A	BL	1	63	1	1	BA1650	9930	6	0	0	1	0	0	0	0	0	0	0
A	BL	1	63	1	1	BA1650	9934	6	0	0	0	0	0	0	1	0	0	0
A	BL	1	63	1	1	BA1650	9939	6	0	0	1	0	0	0	0	0	0	0
A	BL	1	63	1	1	BA1650	9963	6	0	0	0	0	0	0	1	0	0	0
A	BL	1	63	1	1	BA1650	10017	6	0	0	1	0	0	0	0	0	0	0
A	BL	1	63	1	1	BA1650	10029	6	0	0	0	0	0	0	1	0	0	0
A	BL	1	63	1	1	BA1650	10061	6	0	0	1	0	0	0	0	0	0	0
A	BL	1	63	1	1	BA1650	10081	6	0	0	0	0	0	0	1	0	0	0
A	BL	1	63	1	1	BA1650	10181	6	8	2	0	1	0	0	0	0	0	0
A	BL	1	63	1	1	BA1650	10191	8	7	0	0	0	0	0	0	0	0	0
A	BL	1	63	1	1	BA1650	10193	7	0	0	0	0	0	0	0	1	0	0
A	BL	1	63	1	1	BA1650	10198	7	8	2	0	1	0	0	0	0	0	0
A	BL	1	63	1	1	BA1650	10200	8	0	0	0	0	0	0	0	1	0	0
A	BL	1	63	1	1	BA1650	10208	8	7	0	0	0	0	0	0	0	0	0
A	BL	1	63	1	1	BA1650	10239	7	8	2	0	1	0	0	0	0	0	0
A	BL	1	63	1	1	BA1650	10249	8	7	0	0	0	0	0	0	0	0	0
A	BL	1	63	1	1	BA1650	10252	7	0	0	0	0	0	0	0	1	0	0
A	BL	1	63	1	1	BA1650	10273	7	8	2	0	1	0	0	0	0	0	0
A	BL	1	63	1	1	BA1650	10276	8	0	0	0	0	0	0	0	1	0	0
A	BL	1	63	1	1	BA1650	10283	8	7	0	0	0	0	0	0	0	0	0
A	BL	1	63	1	1	BA1650	10285	7	8	2	0	1	0	0	0	0	0	0
A	BL	1	63	1	1	BA1650	10292	8	0	0	0	0	0	0	0	1	0	0
A	BL	1	63	1	1	BA1650	10294	8	0	0	0	1	0	0	0	0	0	0
A	BL	1	63	1	1	BA1650	10295	8	9	0	0	0	0	0	0	0	0	0
A	BL	1	63	1	1	BA1650	10305	9	10	0	0	0	0	0	0	0	0	0
A	BL	1	63	1	1	BA1650	10319	10	0	0	0	0	0	0	0	1	0	0
A	BL	1	63	1	1	BA1650	10380	10	2	0	0	0	0	0	0	0	0	0
A	BL	1	63	1	1	BA1650	10381	2	3	0	0	0	0	0	0	0	0	0
A	BL	1	63	1	1	BA1650	10611	3	5	1	1	0	0	0	0	0	0	0
A	BL	1	63	1	1	BA1650	10621	5	4	0	0	0	0	0	0	0	0	0
A	BL	1	63	1	1	BA1650	10626	4	0	0	0	0	0	0	1	0	0	0
A	BL	1	63	1	1	BA1650	10630	4	5	1	1	0	0	0	0	0	0	0
A	BL	1	63	1	1	BA1650	10640	5	4	0	0	0	0	0	0	0	0	0
A	BL	1	63	1	1	BA1650	10689	4	0	0	0	0	0	0	1	0	0	0
A	BL	1	63	1	1	BA1650	10692	4	5	1	1	0	0	0	0	0	0	0
A	BL	1	63	1	1	BA1650	10702	5	4	0	0	0	0	0	0	0	0	0
A	BL	1	63	1	1	BA1650	10708	4	0	0	0	0	0	0	1	0	0	0
A	BL	1	63	1	1	BA1650	10714	4	5	1	1	0	0	0	1	0	0	0
A	BL	1	63	1	1	BA1650	10724	5	4	0	0	0	0	0	0	0	0	0
A	BL	1	63	1	1	BA1650	10755	4	5	1	1	0	0	0	0	0	0	0
A	BL	1	63	1	1	BA1650	10765	5	9	0	0	0	0	0	0	0	0	0
A	BL	1	63	1	1	BA1650	10775	9	10	0	0	0	0	0	0	0	0	0
A	BL	1	63	1	1	BA1650	10780	10	0	0	0	0	0	0	1	0	0	0
A	BL	1	63	1	1	BA1650	10784	10	0	0	1	0	0	0	0	0	0	0
A	BL	1	63	1	1	BA1650	10825	10	0	0	0	0	0	0	1	0	0	0
A	BL	1	63	1	1	BA1650	10850	10	2	0	0	0	0	0	0	0	0	0
A	BL	1	63	1	1	BA1650	10851	2	6	0	0	0	0	0	0	0	0	0
A	BL	1	63	1	1	BA1650	11176	6	8	2	0	1	0	0	0	0	0	0
A	BL	1	63	1	1	BA1650	11182	8	0	0	0	0	0	0	0	1	0	0
A	BL	1	63	1	1	BA1650	11186	8	7	0	0	0	0	0	0	0	0	0
A	BL	1	63	1	1	BA1650	11190	7	8	2	0	1	0	0	0	0	0	0
A	BL	1	63	1	1	BA1650	11200	8	7	0	0	0	0	0	0	0	0	0
A	BL	1	63	1	1	BA1650	11204	7	0	0	0	0	0	0	0	1	0	0
A	BL	1	63	1	1	BA1650	11209	7	8	2	0	1	0	0	0	0	0	0
A	BL	1	63	1	1	BA1650	11219	8	7	0	0	0	0	0	0	0	0	0
A	BL	1	63	1	1	BA1650	11227	7	0	0	0	0	0	0	0	1	0	0
A	BL	1	63	1	1	BA1650	11229	7	8	2	0	1	0	0	0	0	0	0
A	BL	1	63	1	1	BA1650	11234	8	0	0	0	0	0	0	0	1	0	0
A	BL	1	63	1	1	BA1650	11239	8	7	0	0	0	0	0	0	0	0	0
A	BL	1	63	1	1	BA1650	11241	7	8	2	0	1	0	0	0	0	0	0
A	BL	1	63	1	1	BA1650	11250	8	0	0	0	0	0	0	0	1	0	0
A	BL	1	63	1	1	BA1650	11251	8	9	0	0	0	0	0	0	0	0	0
A	BL	1	63	1	1	BA1650	11257	9	0	0	0	1	0	0	0	0	0	0
A	BL	1	63	1	1	BA1650	11261	9	10	0	0	0	0	0	0	0	0	0
A	BL	1	63	1	1	BA1650	11267	10	0	0	0	0	0	0	0	1	0	0
A	BL	1	63	1	1	BA1650	11270	10	0	0	0	1	0	0	0	0	0	0
A	BL	1	63	1	1	BA1650	11286	10	0	0	0	0	0	0	0	1	0	0
A	BL	1	63	1	1	BA1650	11336	10	2	0	0	0	0	0	0	0	0	0
A	BL	1	63	1	1	BA1650	11337	2	6	0	0	0	0	0	0	0	0	0
A	BL	1	63	1	1	BA1650	11435	6	8	2	0	1	0	0	0	0	0	0
A	BL	1	63	1	1	BA1650	11445	8	7	0	0	0	0	0	0	0	0	0
A	BL	1	63	1	1	BA1650	11446	7	0	0	0	0	0	0	0	1	0	0
A	BL	1	63	1	1	BA1650	11472	7	8	2	0	1	0	0	0	0	0	0
A	BL	1	63	1	1	BA1650	11482	8	7	0	0	0	0	0	0	0	0	0
A	BL	1	63	1	1	BA1650	11490	7	0	0	0	0	0	0	0	1	0	0
A	BL	1	63	1	1	BA1650	11493	7	8	2	0	1	0	0	0	0	0	0
A	BL	1	63	1	1	BA1650	11503	8	7	0	0	0	0	0	0	0	0	0
A	BL	1	63	1	1	BA1650	11532	7	0	0	0	0	0	0	0	1	0	0
A	BL	1	63	1	1	BA1650	11581	7	8	2	0	1	0	0	0	0	0	0
A	BL	1	63	1	1	BA1650	11591	8	7	0	0	0	0	0	0	0	0	0
A	BL	1	63	1	1	BA1650	11611	7	0	0	0	0	0	0	0	1	0	0
A	BL	1	63	1	1	BA1650	11615	7	8	2	0	1	0	0	0	0	0	0
A	BL	1	63	1	1	BA1650	11625	8	9	0	0	0	0	0	0	0	0	0
A	BL	1	63	1	1	BA1650	11635	9	10	0	0	0	0	0	0	0	0	0
A	BL	1	63	1	1	BA1650	11644	10	0	0	0	0	0	0	0	1	0	0
A	BL	1	63	1	1	BA1650	11710	10	2	0	0	0	0	0	0	0	0	0
A	BL	1	63	1	1	BA1650	11711	2	3	0	0	0	0	0	0	0	0	0
A	BL	1	63	1	1	BA1650	11966	3	0	0	0	1	0	0	0	0	0	0
A	BL	1	63	1	1	BA1650	11988	3	0	0	0	0	0	0	0	1	0	0
A	BL	1	63	1	1	BA1650	12000	3	0	0	0	1	0	0	0	0	0	0
A	BL	1	63	1	1	BA1650	12004	3	0	0	0	0	0	0	0	1	0	0
A	BL	1	63	1	1	BA1650	12122	3	5	1	1	0	0	0	0	0	0	0
A	BL	1	63	1	1	BA1650	12132	5	4	0	0	0	0	0	0	0	0	0
A	BL	1	63	1	1	BA1650	12144	4	0	0	0	0	0	0	1	0	0	0
A	BL	1	63	1	1	BA1650	12172	4	5	1	1	0	0	0	0	0	0	0
A	BL	1	63	1	1	BA1650	12182	5	4	0	0	0	0	0	0	0	0	0
A	BL	1	63	1	1	BA1650	12204	4	0	0	0	0	0	0	1	0	0	0
A	BL	1	63	1	1	BA1650	12210	4	5	1	1	0	0	0	0	0	0	0
A	BL	1	63	1	1	BA1650	12214	5	0	0	0	0	0	0	1	0	0	0
A	BL	1	63	1	1	BA1650	12215	5	0	0	1	0	0	0	0	0	0	0
A	BL	1	63	1	1	BA1650	12220	5	4	0	0	0	0	0	0	0	0	0
A	BL	1	63	1	1	BA1650	12256	4	0	0	0	0	0	0	1	0	0	0
A	BL	1	63	1	1	BA1650	12260	4	5	1	1	0	0	0	0	0	0	0
A	BL	1	63	1	1	BA1650	12270	5	4	0	0	0	0	0	0	0	0	0
A	BL	1	63	1	1	BA1650	12278	4	0	0	0	0	0	0	1	0	0	0
A	BL	1	63	1	1	BA1650	12296	4	5	1	1	0	0	0	0	0	0	0
A	BL	1	63	1	1	BA1650	12302	5	0	0	0	0	0	0	1	0	0	0
A	BL	1	63	1	1	BA1650	12306	5	9	0	0	0	0	0	0	0	0	0
A	BL	1	63	1	1	BA1650	12308	9	0	0	1	0	0	0	0	0	0	0
A	BL	1	63	1	1	BA1650	12316	9	10	0	0	0	0	0	0	0	0	0
A	BL	1	63	1	1	BA1650	12327	10	0	0	0	0	0	0	1	0	0	0
A	BL	1	63	1	1	BA1650	12391	10	2	0	0	0	0	0	0	0	0	0
A	BL	1	63	1	1	BA1650	12392	2	3	0	0	0	0	0	0	0	0	0
A	BL	1	63	1	1	BA1650	12580	3	5	1	1	0	0	0	0	0	0	0
A	BL	1	63	1	1	BA1650	12590	5	4	0	0	0	0	0	0	0	0	0
A	BL	1	63	1	1	BA1650	12594	4	0	0	0	0	0	0	1	0	0	0
A	BL	1	63	1	1	BA1650	12610	4	5	1	1	0	0	0	0	0	0	0
A	BL	1	63	1	1	BA1650	12620	5	4	0	0	0	0	0	0	0	0	0
A	BL	1	63	1	1	BA1650	12624	4	0	0	0	0	0	0	1	0	0	0
A	BL	1	63	1	1	BA1650	12628	4	5	1	1	0	0	0	0	0	0	0
A	BL	1	63	1	1	BA1650	12637	5	0	0	0	0	0	0	1	0	0	0
A	BL	1	63	1	1	BA1650	12638	5	4	0	0	0	0	0	0	0	0	0
A	BL	1	63	1	1	BA1650	12651	4	5	1	1	0	0	0	0	0	0	0
A	BL	1	63	1	1	BA1650	12652	5	0	0	0	0	0	0	1	0	0	0
A	BL	1	63	1	1	BA1650	12656	5	0	0	1	0	0	0	0	0	0	0
A	BL	1	63	1	1	BA1650	12661	5	4	0	0	0	0	0	0	0	0	0
A	BL	1	63	1	1	BA1650	12671	4	0	0	0	0	0	0	1	0	0	0
A	BL	1	63	1	1	BA1650	12676	4	5	1	1	0	0	0	0	0	0	0
A	BL	1	63	1	1	BA1650	12686	5	9	0	0	0	0	0	1	0	0	0
A	BL	1	63	1	1	BA1650	12696	9	10	0	0	0	0	0	0	0	0	0
A	BL	1	63	1	1	BA1650	12771	10	2	0	0	0	0	0	0	0	0	0
A	BL	1	63	1	1	BA1650	12772	2	3	0	0	0	0	0	0	0	0	0
A	BL	1	63	1	1	BA1650	12937	3	5	1	1	0	0	0	0	0	0	0
A	BL	1	63	1	1	BA1650	12947	5	4	0	0	0	0	0	0	0	0	0
A	BL	1	63	1	1	BA1650	12965	4	5	1	1	0	0	0	1	0	0	0
A	BL	1	63	1	1	BA1650	12975	5	4	0	0	0	0	0	0	0	0	0
A	BL	1	63	1	1	BA1650	12987	4	0	0	0	0	0	0	1	0	0	0
A	BL	1	63	1	1	BA1650	13016	4	5	1	1	0	0	0	0	0	0	0
A	BL	1	63	1	1	BA1650	13026	5	4	0	0	0	0	0	0	0	0	0
A	BL	1	63	1	1	BA1650	13044	4	0	0	0	0	0	0	1	0	0	0
A	BL	1	63	1	1	BA1650	13051	4	5	1	1	0	0	0	0	0	0	0
A	BL	1	63	1	1	BA1650	13057	5	0	0	0	0	0	0	1	0	0	0
A	BL	1	63	1	1	BA1650	13061	5	4	0	0	0	0	0	0	0	0	0
A	BL	1	63	1	1	BA1650	13124	4	5	1	1	0	0	0	0	0	0	0
A	BL	1	63	1	1	BA1650	13134	5	9	0	0	0	0	0	0	0	0	0
A	BL	1	63	1	1	BA1650	13144	9	10	0	0	0	0	0	0	0	0	0
A	BL	1	63	1	1	BA1650	13159	10	0	0	0	0	0	0	1	0	0	0
A	BL	1	63	1	1	BA1650	13219	10	2	0	0	0	0	0	0	0	0	0
A	BL	1	63	1	1	BA1650	13220	2	6	0	0	0	0	0	0	0	0	0
A	BL	1	63	1	1	BA1650	13264	6	8	2	0	1	0	0	0	0	0	0
A	BL	1	63	1	1	BA1650	13272	8	0	0	0	0	0	0	0	1	0	0
A	BL	1	63	1	1	BA1650	13274	8	7	0	0	0	0	0	0	0	0	0
A	BL	1	63	1	1	BA1650	13302	7	8	2	0	1	0	0	0	0	0	0
A	BL	1	63	1	1	BA1650	13312	8	7	0	0	0	0	0	0	0	0	0
A	BL	1	63	1	1	BA1650	13325	7	0	0	0	0	0	0	0	1	0	0
A	BL	1	63	1	1	BA1650	13364	7	8	2	0	1	0	0	0	0	0	0
A	BL	1	63	1	1	BA1650	13374	8	7	0	0	0	0	0	0	0	0	0
A	BL	1	63	1	1	BA1650	13379	7	0	0	0	0	0	0	0	1	0	0
A	BL	1	63	1	1	BA1650	13384	7	8	2	0	1	0	0	0	0	0	0
A	BL	1	63	1	1	BA1650	13393	8	0	0	0	0	0	0	0	1	0	0
A	BL	1	63	1	1	BA1650	13394	8	7	0	0	0	0	0	0	0	0	0
A	BL	1	63	1	1	BA1650	13415	7	8	2	0	1	0	0	0	0	0	0
A	BL	1	63	1	1	BA1650	13417	8	0	0	0	0	0	0	0	1	0	0
A	BL	1	63	1	1	BA1650	13421	8	0	0	0	1	0	0	0	0	0	0
A	BL	1	63	1	1	BA1650	13425	8	9	0	0	0	0	0	0	1	0	0
A	BL	1	63	1	1	BA1650	13428	9	0	0	0	1	0	0	0	0	0	0
A	BL	1	63	1	1	BA1650	13435	9	10	0	0	0	0	0	0	0	0	0
A	BL	1	63	1	1	BA1650	13450	10	0	0	0	0	0	0	0	1	0	0
A	BL	1	63	1	1	BA1650	13510	10	2	0	0	0	0	0	0	0	0	0
A	BL	1	63	1	1	BA1650	13511	2	6	0	0	0	0	0	0	0	0	0
A	BL	1	63	1	1	BA1650	13597	6	8	2	0	1	0	0	0	0	0	0
A	BL	1	63	1	1	BA1650	13607	8	7	0	0	0	0	0	0	1	0	0
A	BL	1	63	1	1	BA1650	13612	7	8	2	0	1	0	0	0	0	0	0
A	BL	1	63	1	1	BA1650	13619	8	0	0	0	0	0	0	0	1	0	0
A	BL	1	63	1	1	BA1650	13622	8	7	0	0	0	0	0	0	0	0	0
A	BL	1	63	1	1	BA1650	13641	7	8	2	0	1	0	0	0	0	0	0
A	BL	1	63	1	1	BA1650	13649	8	0	0	0	0	0	0	0	1	0	0
A	BL	1	63	1	1	BA1650	13651	8	7	0	0	0	0	0	0	0	0	0
A	BL	1	63	1	1	BA1650	13652	7	8	2	0	1	0	0	0	0	0	0
A	BL	1	63	1	1	BA1650	13662	8	7	0	0	0	0	0	0	0	0	0
A	BL	1	63	1	1	BA1650	13683	7	0	0	0	0	0	0	0	1	0	0
A	BL	1	63	1	1	BA1650	13684	7	8	2	0	1	0	0	0	0	0	0
A	BL	1	63	1	1	BA1650	13694	8	9	0	0	0	0	0	0	0	0	0
A	BL	1	63	1	1	BA1650	13695	9	0	0	0	0	0	0	0	1	0	0
A	BL	1	63	1	1	BA1650	13698	9	0	0	0	1	0	0	0	0	0	0
A	BL	1	63	1	1	BA1650	13704	9	10	0	0	0	0	0	0	0	0	0
A	BL	1	63	1	1	BA1650	13731	10	0	0	0	0	0	0	0	1	0	0
A	BL	1	63	1	1	BA1650	13779	10	2	0	0	0	0	0	0	0	0	0
A	BL	1	63	1	1	BA1650	13780	2	6	0	0	0	0	0	0	0	0	0
A	BL	1	63	1	1	BA1650	13848	6	8	2	0	1	0	0	0	0	0	0
A	BL	1	63	1	1	BA1650	13853	8	0	0	0	0	0	0	0	1	0	0
A	BL	1	63	1	1	BA1650	13856	8	0	0	0	1	0	0	0	0	0	0
A	BL	1	63	1	1	BA1650	13858	8	7	0	0	0	0	0	0	0	0	0
A	BL	1	63	1	1	BA1650	13859	7	0	0	0	0	0	0	0	1	0	0
A	BL	1	63	1	1	BA1650	13887	7	8	2	0	1	0	0	0	0	0	0
A	BL	1	63	1	1	BA1650	13894	8	0	0	0	0	0	0	0	1	0	0
A	BL	1	63	1	1	BA1650	13897	8	7	0	0	0	0	0	0	0	0	0
A	BL	1	63	1	1	BA1650	13899	7	8	2	0	1	0	0	0	0	0	0
A	BL	1	63	1	1	BA1650	13909	8	7	0	0	0	0	0	0	0	0	0
A	BL	1	63	1	1	BA1650	13915	7	0	0	0	0	0	0	0	1	0	0
A	BL	1	63	1	1	BA1650	13919	7	8	2	0	1	0	0	0	0	0	0
A	BL	1	63	1	1	BA1650	13923	8	0	0	0	0	0	0	0	1	0	0
A	BL	1	63	1	1	BA1650	13925	8	0	0	0	1	0	0	0	0	0	0
A	BL	1	63	1	1	BA1650	13929	8	7	0	0	0	0	0	0	0	0	0
A	BL	1	63	1	1	BA1650	13933	7	0	0	0	0	0	0	0	1	0	0
A	BL	1	63	1	1	BA1650	13961	7	8	2	0	1	0	0	0	0	0	0
A	BL	1	63	1	1	BA1650	13971	8	9	0	0	0	0	0	0	0	0	0
A	BL	1	63	1	1	BA1650	13981	9	10	0	0	0	0	0	0	0	0	0
A	BL	1	63	1	1	BA1650	14007	10	0	0	0	0	0	0	0	1	0	0
A	BL	1	63	1	1	BA1650	14056	10	2	0	0	0	0	0	0	0	0	0
A	BL	1	63	1	1	BA1650	14057	2	3	0	0	0	0	0	0	0	0	0
A	BL	1	63	1	1	BA1650	14145	3	0	0	0	1	0	0	0	0	0	0
A	BL	1	63	1	1	BA1650	14164	3	0	0	0	0	0	0	0	1	0	0
A	BL	1	63	1	1	BA1650	14186	3	0	0	0	1	0	0	0	0	0	0
A	BL	1	63	1	1	BA1650	14187	3	0	0	0	0	0	0	0	1	0	0
A	BL	1	63	1	1	BA1650	14197	3	0	0	0	1	0	0	0	0	0	0
A	BL	1	63	1	1	BA1650	14206	3	0	0	0	0	0	0	0	1	0	0
A	BL	1	63	1	1	BA1650	14210	3	0	0	0	1	0	0	0	0	0	0
A	BL	1	63	1	1	BA1650	14219	3	0	0	0	0	0	0	0	1	0	0
A	BL	1	63	1	1	BA1650	14241	3	0	0	0	1	0	0	0	0	0	0
A	BL	1	63	1	1	BA1650	14247	3	0	0	0	0	0	0	0	1	0	0
A	BL	1	63	1	1	BA1650	14249	3	0	0	0	1	0	0	0	0	0	0
A	BL	1	63	1	1	BA1650	14256	3	0	0	0	0	0	0	0	1	0	0
A	BL	1	63	1	1	BA1650	14260	3	0	0	0	1	0	0	0	0	0	0
A	BL	1	63	1	1	BA1650	14297	3	0	0	0	0	0	0	0	1	0	0
A	BL	1	63	1	1	BA1650	14416	3	0	0	0	1	0	0	0	0	0	0
A	BL	1	63	1	1	BA1650	14430	3	0	0	0	0	0	0	0	1	0	0
A	BL	1	63	1	1	BA1650	14440	3	0	0	0	1	0	0	0	0	0	0
A	BL	1	63	1	1	BA1650	14445	3	0	0	0	0	0	0	0	1	0	0
A	BL	1	63	1	1	BA1650	14449	3	0	0	0	1	0	0	0	0	0	0
A	BL	1	63	1	1	BA1650	14459	3	0	0	0	0	0	0	0	1	0	0
A	BL	1	63	1	1	BA1650	14484	3	0	0	0	1	0	0	0	0	0	0
A	BL	1	63	1	1	BA1650	14485	3	0	0	0	0	0	0	0	1	0	0
A	BL	1	63	1	1	BA1650	14490	3	0	0	0	1	0	0	0	0	0	0
A	BL	1	63	1	1	BA1650	14510	3	0	0	0	0	0	0	0	1	0	0
A	BL	1	63	1	1	BA1650	14514	3	0	0	0	1	0	0	0	0	0	0
A	BL	1	63	1	1	BA1650	14587	3	0	0	0	0	0	0	0	1	0	0
A	BL	1	63	1	1	BA1650	14734	3	0	0	0	1	0	0	0	0	0	0
A	BL	1	63	1	1	BA1650	14776	3	0	0	0	0	0	0	0	1	0	0
A	BL	1	63	1	1	BA1650	14782	3	0	0	0	1	0	0	0	0	0	0
A	BL	1	63	1	1	BA1650	14833	3	0	0	0	0	0	0	0	1	0	0
A	BL	1	63	1	1	BA1650	14861	3	0	0	0	1	0	0	0	0	0	0
A	BL	1	63	1	1	BA1650	14866	3	0	0	0	0	0	0	0	1	0	0
A	BL	1	63	1	1	BA1650	14869	3	0	0	0	1	0	0	0	0	0	0
A	BL	1	63	1	1	BA1650	14920	3	0	0	0	0	0	0	0	1	0	0
A	BL	1	63	1	1	BA1650	14965	3	0	0	0	1	0	0	0	0	0	0
A	BL	1	63	1	1	BA1650	14977	3	0	0	0	0	0	0	0	1	0	0
A	BL	1	63	1	1	BA1650	14990	3	0	0	0	1	0	0	0	0	0	0
A	BL	1	63	1	1	BA1650	14998	3	0	0	0	0	0	0	0	1	0	0
A	BL	1	63	1	1	BA1650	15065	3	0	0	0	1	0	0	0	0	0	0
A	BL	1	63	1	1	BA1650	15082	3	0	0	0	0	0	0	0	1	0	0
A	BL	1	63	1	1	BA1650	16279	3	5	1	1	0	0	0	0	0	0	0
A	BL	1	63	1	1	BA1650	16281	5	0	0	0	0	0	0	1	0	0	0
A	BL	1	63	1	1	BA1650	16289	5	4	0	0	0	0	0	0	0	0	0
A	BL	1	63	1	1	BA1650	16329	4	5	1	1	0	0	0	0	0	0	0
A	BL	1	63	1	1	BA1650	16339	5	4	0	0	0	0	0	0	0	0	0
A	BL	1	63	1	1	BA1650	16345	4	0	0	0	0	0	0	1	0	0	0
A	BL	1	63	1	1	BA1650	16590	4	5	1	1	0	0	0	0	0	0	0
A	BL	1	63	1	1	BA1650	16600	5	4	0	0	0	0	0	1	0	0	0
A	BL	1	63	1	1	BA1650	16648	4	5	1	1	0	0	0	0	0	0	0
A	BL	1	63	1	1	BA1650	16658	5	4	0	0	0	0	0	0	0	0	0
A	BL	1	63	1	1	BA1650	16661	4	0	0	0	0	0	0	1	0	0	0
A	BL	1	63	1	1	BA1650	16693	4	5	1	1	0	0	0	0	0	0	0
A	BL	1	63	1	1	BA1650	16703	5	9	0	0	0	0	0	1	0	0	0
A	BL	1	63	1	1	BA1650	16713	9	10	0	0	0	0	0	0	0	0	0
A	BL	1	63	1	1	BA1650	16788	10	2	0	0	0	0	0	0	0	0	0
A	BL	1	63	1	1	BA1650	16789	2	3	0	0	0	0	0	0	0	0	0
A	BL	1	63	1	1	BA1650	16995	3	5	1	1	0	0	0	0	0	0	0
A	BL	1	63	1	1	BA1650	17005	5	4	0	0	0	0	0	0	0	0	0
A	BL	1	63	1	1	BA1650	17017	4	0	0	0	0	0	0	1	0	0	0
A	BL	1	63	1	1	BA1650	17022	4	5	1	1	0	0	0	0	0	0	0
A	BL	1	63	1	1	BA1650	17027	5	0	0	0	0	0	0	1	0	0	0
A	BL	1	63	1	1	BA1650	17030	5	0	0	1	0	0	0	0	0	0	0
A	BL	1	63	1	1	BA1650	17032	5	4	0	0	0	0	0	0	0	0	0
A	BL	1	63	1	1	BA1650	17042	4	0	0	0	0	0	0	1	0	0	0
A	BL	1	63	1	1	BA1650	17045	4	5	1	1	0	0	0	0	0	0	0
A	BL	1	63	1	1	BA1650	17054	5	0	0	0	0	0	0	1	0	0	0
A	BL	1	63	1	1	BA1650	17055	5	4	0	0	0	0	0	0	0	0	0
A	BL	1	63	1	1	BA1650	17098	4	5	1	1	0	0	0	0	0	0	0
A	BL	1	63	1	1	BA1650	17108	5	4	0	0	0	0	0	0	0	0	0
A	BL	1	63	1	1	BA1650	17121	4	0	0	0	0	0	0	1	0	0	0
A	BL	1	63	1	1	BA1650	17156	4	5	1	1	0	0	0	0	0	0	0
A	BL	1	63	1	1	BA1650	17166	5	9	0	0	0	0	0	0	0	0	0
A	BL	1	63	1	1	BA1650	17170	9	0	0	0	0	0	0	1	0	0	0
A	BL	1	63	1	1	BA1650	17171	9	0	0	1	0	0	0	0	0	0	0
A	BL	1	63	1	1	BA1650	17176	9	10	0	0	0	0	0	0	0	0	0
A	BL	1	63	1	1	BA1650	17201	10	0	0	0	0	0	0	1	0	0	0
A	BL	1	63	1	1	BA1650	17251	10	2	0	0	0	0	0	0	0	0	0
A	BL	1	63	1	1	BA1650	17252	2	3	0	0	0	0	0	0	0	0	0
A	BL	1	63	1	1	BA1650	17357	3	5	1	1	0	0	0	0	0	0	0
A	BL	1	63	1	1	BA1650	17367	5	4	0	0	0	0	0	0	0	0	0
A	BL	1	63	1	1	BA1650	17377	4	0	0	0	0	0	0	1	0	0	0
A	BL	1	63	1	1	BA1650	17396	4	5	1	1	0	0	0	0	0	0	0
A	BL	1	63	1	1	BA1650	17406	5	4	0	0	0	0	0	0	0	0	0
A	BL	1	63	1	1	BA1650	17407	4	0	0	0	0	0	0	1	0	0	0
A	BL	1	63	1	1	BA1650	17410	4	5	1	1	0	0	0	0	0	0	0
A	BL	1	63	1	1	BA1650	17420	5	4	0	0	0	0	0	0	0	0	0
A	BL	1	63	1	1	BA1650	17422	4	0	0	0	0	0	0	1	0	0	0
A	BL	1	63	1	1	BA1650	17426	4	5	1	1	0	0	0	0	0	0	0
A	BL	1	63	1	1	BA1650	17436	5	4	0	0	0	0	0	0	0	0	0
A	BL	1	63	1	1	BA1650	17456	4	0	0	0	0	0	0	1	0	0	0
A	BL	1	63	1	1	BA1650	17461	4	5	1	1	0	0	0	0	0	0	0
A	BL	1	63	1	1	BA1650	17471	5	9	0	0	0	0	0	1	0	0	0
A	BL	1	63	1	1	BA1650	17473	9	0	0	1	0	0	0	0	0	0	0
A	BL	1	63	1	1	BA1650	17481	9	10	0	0	0	0	0	0	0	0	0
A	BL	1	63	1	1	BA1650	17505	10	0	0	0	0	0	0	1	0	0	0
A	BL	1	63	1	1	BA1650	17556	10	2	0	0	0	0	0	0	0	0	0
A	BL	1	63	1	1	BA1650	17557	2	6	0	0	0	0	0	0	0	0	0
A	BL	1	63	1	1	BA1650	17631	6	0	0	1	0	0	0	0	0	0	0
A	BL	1	63	1	1	BA1650	17635	6	0	0	0	0	0	0	1	0	0	0
A	BL	1	63	1	1	BA1650	17680	6	0	0	1	0	0	0	0	0	0	0
A	BL	1	63	1	1	BA1650	17725	6	0	0	0	0	0	0	1	0	0	0
A	BL	1	63	1	1	BA1650	17728	6	0	0	1	0	0	0	0	0	0	0
A	BL	1	63	1	1	BA1650	17730	6	0	0	0	0	0	0	1	0	0	0
A	BL	1	63	1	1	BA1650	17733	6	0	0	1	0	0	0	0	0	0	0
A	BL	1	63	1	1	BA1650	17811	6	0	0	0	0	0	0	1	0	0	0
A	BL	1	63	1	1	BA1650	17963	6	0	0	1	0	0	0	0	0	0	0
A	BL	1	63	1	1	BA1650	17988	6	0	0	0	0	0	0	1	0	0	0
A	BL	1	63	1	1	BA1650	18169	6	8	2	0	1	0	0	0	0	0	0
A	BL	1	63	1	1	BA1650	18179	8	7	0	0	0	0	0	0	0	0	0
A	BL	1	63	1	1	BA1650	18228	7	0	0	0	0	0	0	0	1	0	0
A	BL	1	63	1	1	BA1650	18235	7	8	2	0	1	0	0	0	0	0	0
A	BL	1	63	1	1	BA1650	18245	8	7	0	0	0	0	0	0	0	0	0
A	BL	1	63	1	1	BA1650	18250	7	0	0	0	0	0	0	0	1	0	0
A	BL	1	63	1	1	BA1650	18257	7	8	2	0	1	0	0	0	0	0	0
A	BL	1	63	1	1	BA1650	18267	8	7	0	0	0	0	0	0	1	0	0
A	BL	1	63	1	1	BA1650	18278	7	8	2	0	1	0	0	0	0	0	0
A	BL	1	63	1	1	BA1650	18283	8	0	0	0	0	0	0	0	1	0	0
A	BL	1	63	1	1	BA1650	18286	8	0	0	0	1	0	0	0	0	0	0
A	BL	1	63	1	1	BA1650	18288	8	7	0	0	0	0	0	0	0	0	0
A	BL	1	63	1	1	BA1650	18290	7	0	0	0	0	0	0	0	1	0	0
A	BL	1	63	1	1	BA1650	18294	7	8	2	0	1	0	0	0	0	0	0
A	BL	1	63	1	1	BA1650	18304	8	9	0	0	0	0	0	0	0	0	0
A	BL	1	63	1	1	BA1650	18314	9	10	0	0	0	0	0	0	0	0	0
A	BL	1	63	1	1	BA1650	18325	10	0	0	0	0	0	0	0	1	0	0
A	BL	1	63	1	1	BA1650	18389	10	2	0	0	0	0	0	0	0	0	0
A	BL	1	63	1	1	BA1650	18390	2	3	0	0	0	0	0	0	0	0	0
A	BL	1	63	1	1	BA1650	18501	3	0	0	0	1	0	0	0	0	0	0
A	BL	1	63	1	1	BA1650	18518	3	0	0	0	0	0	0	0	1	0	0
A	BL	1	63	1	1	BA1650	18526	3	0	0	0	1	0	0	0	0	0	0
A	BL	1	63	1	1	BA1650	18528	3	0	0	0	0	0	0	0	1	0	0
A	BL	1	63	1	1	BA1650	18531	3	0	0	0	1	0	0	0	0	0	0
A	BL	1	63	1	1	BA1650	18533	3	0	0	0	0	0	0	0	1	0	0
A	BL	1	63	1	1	BA1650	18539	3	0	0	0	1	0	0	0	0	0	0
A	BL	1	63	1	1	BA1650	18547	3	0	0	0	0	0	0	0	1	0	0
A	BL	1	63	1	1	BA1650	18551	3	0	0	0	1	0	0	0	0	0	0
A	BL	1	63	1	1	BA1650	18584	3	0	0	0	1	0	0	0	1	0	0
A	BL	1	63	1	1	BA1650	18626	3	0	0	0	0	0	0	0	1	0	0
A	BL	1	63	1	1	BA1650	18810	3	0	0	0	1	0	0	0	0	0	0
A	BL	1	63	1	1	BA1650	18814	3	0	0	0	0	0	0	0	1	0	0
A	BL	1	63	1	1	BA1650	18817	3	0	0	0	1	0	0	0	0	0	0
A	BL	1	63	1	1	BA1650	19033	3	0	0	0	0	0	0	0	1	0	0
A	BL	1	63	1	1	BA1650	19293	3	0	0	0	1	0	0	0	0	0	0
A	BL	1	63	1	1	BA1650	19304	3	0	0	0	0	0	0	0	1	0	0
A	BL	1	63	1	1	BA1650	19336	3	0	0	0	1	0	0	0	0	0	0
A	BL	1	63	1	1	BA1650	19338	3	0	0	0	0	0	0	0	1	0	0
A	BL	1	63	1	1	BA1650	19368	3	0	0	0	1	0	0	0	0	0	0
A	BL	1	63	1	1	BA1650	19389	3	0	0	0	0	0	0	0	1	0	0
A	BL	1	63	1	1	BA1650	19747	3	5	1	1	0	0	0	0	0	0	0
A	BL	1	63	1	1	BA1650	19757	5	4	0	0	0	0	0	0	0	0	0
A	BL	1	63	1	1	BA1650	19782	4	0	0	0	0	0	0	1	0	0	0
A	BL	1	63	1	1	BA1650	19788	4	5	1	1	0	0	0	0	0	0	0
A	BL	1	63	1	1	BA1650	19797	5	0	0	0	0	0	0	1	0	0	0
A	BL	1	63	1	1	BA1650	19798	5	4	0	0	0	0	0	0	0	0	0
A	BL	1	63	1	1	BA1650	19808	4	5	1	1	0	0	0	0	0	0	0
A	BL	1	63	1	1	BA1650	19810	5	0	0	0	0	0	0	1	0	0	0
A	BL	1	63	1	1	BA1650	19818	5	4	0	0	0	0	0	0	0	0	0
A	BL	1	63	1	1	BA1650	19832	4	5	1	1	0	0	0	0	0	0	0
A	BL	1	63	1	1	BA1650	19842	5	4	0	0	0	0	0	0	0	0	0
A	BL	1	63	1	1	BA1650	19843	4	0	0	0	0	0	0	1	0	0	0
A	BL	1	63	1	1	BA1650	19847	4	5	1	1	0	0	0	0	0	0	0
A	BL	1	63	1	1	BA1650	19857	5	9	0	0	0	0	0	0	0	0	0
A	BL	1	63	1	1	BA1650	19866	9	0	0	0	0	0	0	1	0	0	0
A	BL	1	63	1	1	BA1650	19867	9	10	0	0	0	0	0	0	0	0	0
A	BL	1	63	1	1	BA1650	19870	10	0	0	1	0	0	0	0	0	0	0
A	BL	1	63	1	1	BA1650	19872	10	0	0	0	0	0	0	1	0	0	0
A	BL	1	63	1	1	BA1650	19876	10	0	0	1	0	0	0	0	0	0	0
A	BL	1	63	1	1	BA1650	19880	10	0	0	0	0	0	0	1	0	0	0
A	BL	1	63	1	1	BA1650	19942	10	2	0	0	0	0	0	0	0	0	0
A	BL	1	63	1	1	BA1650	19943	2	6	0	0	0	0	0	0	0	0	0
A	BL	1	63	1	1	BA1650	20015	6	8	2	0	1	0	0	0	0	0	0
A	BL	1	63	1	1	BA1650	20025	8	7	0	0	0	0	0	0	0	0	0
A	BL	1	63	1	1	BA1650	20069	7	0	0	0	0	0	0	0	1	0	0
A	BL	1	63	1	1	BA1650	20080	7	8	2	0	1	0	0	0	0	0	0
A	BL	1	63	1	1	BA1650	20090	8	7	0	0	0	0	0	0	0	0	0
A	BL	1	63	1	1	BA1650	20109	7	0	0	0	0	0	0	0	1	0	0
A	BL	1	63	1	1	BA1650	20132	7	8	2	0	1	0	0	0	0	0	0
A	BL	1	63	1	1	BA1650	20142	8	7	0	0	0	0	0	0	0	0	0
A	BL	1	63	1	1	BA1650	20146	7	0	0	0	0	0	0	0	1	0	0
A	BL	1	63	1	1	BA1650	20151	7	8	2	0	1	0	0	0	0	0	0
A	BL	1	63	1	1	BA1650	20158	8	0	0	0	0	0	0	0	1	0	0
A	BL	1	63	1	1	BA1650	20161	8	7	0	0	0	0	0	0	0	0	0
A	BL	1	63	1	1	BA1650	20167	7	8	2	0	1	0	0	0	0	0	0
A	BL	1	63	1	1	BA1650	20168	8	0	0	0	0	0	0	0	1	0	0
A	BL	1	63	1	1	BA1650	20177	8	9	0	0	0	0	0	0	0	0	0
A	BL	1	63	1	1	BA1650	20180	9	0	0	0	1	0	0	0	0	0	0
A	BL	1	63	1	1	BA1650	20183	9	0	0	0	0	0	0	0	1	0	0
A	BL	1	63	1	1	BA1650	20186	9	0	0	0	1	0	0	0	0	0	0
A	BL	1	63	1	1	BA1650	20187	9	10	0	0	0	0	0	0	0	0	0
A	BL	1	63	1	1	BA1650	20188	10	0	0	0	0	0	0	0	1	0	0
A	BL	1	63	1	1	BA1650	20191	10	0	0	0	1	0	0	0	0	0	0
A	BL	1	63	1	1	BA1650	20217	10	0	0	0	0	0	0	0	1	0	0
A	BL	1	63	1	1	BA1650	20262	10	2	0	0	0	0	0	0	0	0	0
A	BL	1	63	1	1	BA1650	20263	2	3	0	0	0	0	0	0	0	0	0
A	BL	1	63	1	1	BA1650	20429	3	0	0	0	1	0	0	0	0	0	0
A	BL	1	63	1	1	BA1650	20450	3	0	0	0	0	0	0	0	1	0	0
A	BL	1	63	1	1	BA1650	20452	3	0	0	0	1	0	0	0	0	0	0
A	BL	1	63	1	1	BA1650	20454	3	0	0	0	0	0	0	0	1	0	0
A	BL	1	63	1	1	BA1650	20493	3	0	0	0	1	0	0	0	0	0	0
A	BL	1	63	1	1	BA1650	20516	3	0	0	0	0	0	0	0	1	0	0
A	BL	1	63	1	1	BA1650	20519	3	0	0	0	1	0	0	0	0	0	0
A	BL	1	63	1	1	BA1650	20553	3	0	0	0	0	0	0	0	1	0	0
A	BL	1	63	1	1	BA1650	20559	3	0	0	0	1	0	0	0	0	0	0
A	BL	1	63	1	1	BA1650	20561	3	0	0	0	0	0	0	0	1	0	0
A	BL	1	63	1	1	BA1650	20566	3	0	0	0	1	0	0	0	0	0	0
A	BL	1	63	1	1	BA1650	20568	3	0	0	0	0	0	0	0	1	0	0
A	BL	1	63	1	1	BA1650	20580	3	0	0	0	1	0	0	0	0	0	0
A	BL	1	63	1	1	BA1650	20581	3	0	0	0	0	0	0	0	1	0	0
A	BL	1	63	1	1	BA1650	20604	3	0	0	0	1	0	0	0	0	0	0
A	BL	1	63	1	1	BA1650	20608	3	0	0	0	0	0	0	0	1	0	0
A	BL	1	63	1	1	BA1650	20623	3	0	0	0	1	0	0	0	0	0	0
A	BL	1	63	1	1	BA1650	20640	3	0	0	0	0	0	0	0	1	0	0
A	BL	1	63	1	1	BA1650	20783	3	0	0	0	1	0	0	0	0	0	0
A	BL	1	63	1	1	BA1650	20827	3	0	0	0	0	0	0	0	1	0	0
A	BL	1	63	1	1	BA1650	20831	3	0	0	0	1	0	0	0	0	0	0
A	BL	1	63	1	1	BA1650	20904	3	0	0	0	0	0	0	0	1	0	0
A	BL	1	63	1	1	BA1650	20909	3	0	0	0	1	0	0	0	0	0	0
A	BL	1	63	1	1	BA1650	20912	3	0	0	0	0	0	0	0	1	0	0
A	BL	1	63	1	1	BA1650	20938	3	0	0	0	1	0	0	0	0	0	0
A	BL	1	63	1	1	BA1650	20946	3	0	0	0	0	0	0	0	1	0	0
A	BL	1	63	1	1	BA1650	20950	3	0	0	0	1	0	0	0	0	0	0
A	BL	1	63	1	1	BA1650	21036	3	0	0	0	0	0	0	0	1	0	0
A	BL	1	63	1	1	BA1650	21122	3	5	1	1	0	0	0	0	0	0	0
A	BL	1	63	1	1	BA1650	21129	5	0	0	0	0	0	0	1	0	0	0
A	BL	1	63	1	1	BA1650	21132	5	4	0	1	0	0	0	0	0	0	0
A	BL	1	63	1	1	BA1650	21175	4	0	0	0	0	0	0	1	0	0	0
A	BL	1	63	1	1	BA1650	21177	4	5	1	1	0	0	0	0	0	0	0
A	BL	1	63	1	1	BA1650	21184	5	0	0	0	0	0	0	1	0	0	0
A	BL	1	63	1	1	BA1650	21187	5	4	0	0	0	0	0	0	0	0	0
A	BL	1	63	1	1	BA1650	21188	4	5	1	1	0	0	0	0	0	0	0
A	BL	1	63	1	1	BA1650	21198	5	4	0	0	0	0	0	0	0	0	0
A	BL	1	63	1	1	BA1650	21254	4	0	0	0	0	0	0	1	0	0	0
A	BL	1	63	1	1	BA1650	21259	4	5	1	1	0	0	0	0	0	0	0
A	BL	1	63	1	1	BA1650	21269	5	4	0	0	0	0	0	0	0	0	0
A	BL	1	63	1	1	BA1650	21295	4	0	0	0	0	0	0	1	0	0	0
A	BL	1	63	1	1	BA1650	21314	4	5	1	1	0	0	0	0	0	0	0
A	BL	1	63	1	1	BA1650	21320	5	0	0	0	0	0	0	1	0	0	0
A	BL	1	63	1	1	BA1650	21324	5	9	0	0	0	0	0	0	0	0	0
A	BL	1	63	1	1	BA1650	21331	9	0	0	1	0	0	0	0	0	0	0
A	BL	1	63	1	1	BA1650	21334	9	10	0	0	0	0	0	0	0	0	0
A	BL	1	63	1	1	BA1650	21340	10	0	0	0	0	0	0	1	0	0	0
A	BL	1	63	1	1	BA1650	21409	10	2	0	0	0	0	0	0	0	0	0
A	BL	1	63	1	1	BA1650	21410	2	3	0	0	0	0	0	0	0	0	0
A	BL	1	63	1	1	BA1650	21464	3	5	1	1	0	0	0	0	0	0	0
A	BL	1	63	1	1	BA1650	21474	5	4	0	0	0	0	0	0	0	0	0
A	BL	1	63	1	1	BA1650	21488	4	0	0	0	0	0	0	1	0	0	0
A	BL	1	63	1	1	BA1650	21490	4	5	1	1	0	0	0	0	0	0	0
A	BL	1	63	1	1	BA1650	21500	5	4	0	0	0	0	0	0	0	0	0
A	BL	1	63	1	1	BA1650	21513	4	0	0	0	0	0	0	1	0	0	0
A	BL	1	63	1	1	BA1650	21517	4	5	1	1	0	0	0	0	0	0	0
A	BL	1	63	1	1	BA1650	21527	5	4	0	0	0	0	0	0	0	0	0
A	BL	1	63	1	1	BA1650	21541	4	0	0	0	0	0	0	1	0	0	0
A	BL	1	63	1	1	BA1650	21545	4	5	1	1	0	0	0	0	0	0	0
A	BL	1	63	1	1	BA1650	21555	5	4	0	0	0	0	0	1	0	0	0
A	BL	1	63	1	1	BA1650	21559	4	5	1	1	0	0	0	0	0	0	0
A	BL	1	63	1	1	BA1650	21569	5	9	0	0	0	0	0	0	0	0	0
A	BL	1	63	1	1	BA1650	21579	9	-1	0	0	0	0	0	0	0	0	0
