Project	UserID	Protocol	Session	Station	Run	Subject	Time	Current State	Transition State	Transition Event	A1 - 	A2 - 	A3 - 	A4 - 	A[1] 	A[2] 	A[3] 	A[4] 
A	BL	2	64	1	1	BA1652	0	0	1	0	0	0	0	0	0	0	0	0
A	BL	2	64	1	1	BA1652	50	1	2	0	0	0	0	0	0	0	0	0
A	BL	2	64	1	1	BA1652	51	2	6	0	0	0	0	0	0	0	0	0
A	BL	2	64	1	1	BA1652	421	6	8	2	0	1	0	0	0	0	0	0
A	BL	2	64	1	1	BA1652	425	8	0	0	0	0	0	0	0	1	0	0
A	BL	2	64	1	1	BA1652	431	8	7	0	0	0	0	0	0	0	0	0
A	BL	2	64	1	1	BA1652	435	7	8	2	0	1	0	0	0	0	0	0
A	BL	2	64	1	1	BA1652	438	8	0	0	0	0	0	0	0	1	0	0
A	BL	2	64	1	1	BA1652	445	8	7	0	0	0	0	0	0	0	0	0
A	BL	2	64	1	1	BA1652	462	7	8	2	0	1	0	0	0	0	0	0
A	BL	2	64	1	1	BA1652	472	8	7	0	0	0	0	0	0	0	0	0
A	BL	2	64	1	1	BA1652	476	7	0	0	0	0	0	0	0	1	0	0
A	BL	2	64	1	1	BA1652	546	7	8	2	0	1	0	0	0	0	0	0
A	BL	2	64	1	1	BA1652	556	8	7	0	0	0	0	0	0	0	0	0
A	BL	2	64	1	1	BA1652	565	7	0	0	0	0	0	0	0	1	0	0
A	BL	2	64	1	1	BA1652	600	7	8	2	0	1	0	0	0	0	0	0
A	BL	2	64	1	1	BA1652	610	8	9	0	0	0	0	0	0	0	0	0
A	BL	2	64	1	1	BA1652	617	9	0	0	0	0	0	0	0	1	0	0
A	BL	2	64	1	1	BA1652	620	9	10	0	0	0	0	0	0	0	0	0
A	BL	2	64	1	1	BA1652	695	10	2	0	0	0	0	0	0	0	0	0
A	BL	2	64	1	1	BA1652	696	2	6	0	0	0	0	0	0	0	0	0
A	BL	2	64	1	1	BA1652	719	6	8	2	0	1	0	0	0	0	0	0
A	BL	2	64	1	1	BA1652	729	8	7	0	0	0	0	0	0	0	0	0
A	BL	2	64	1	1	BA1652	734	7	8	2	0	1	0	0	0	1	0	0
A	BL	2	64	1	1	BA1652	744	8	7	0	0	0	0	0	0	0	0	0
A	BL	2	64	1	1	BA1652	778	7	0	0	0	0	0	0	0	1	0	0
A	BL	2	64	1	1	BA1652	869	7	8	2	0	1	0	0	0	0	0	0
A	BL	2	64	1	1	BA1652	870	8	0	0	0	0	0	0	0	1	0	0
A	BL	2	64	1	1	BA1652	879	8	7	0	0	0	0	0	0	0	0	0
A	BL	2	64	1	1	BA1652	939	7	8	2	0	1	0	0	0	0	0	0
A	BL	2	64	1	1	BA1652	940	8	0	0	0	0	0	0	0	1	0	0
A	BL	2	64	1	1	BA1652	949	8	7	0	0	1	0	0	0	0	0	0
A	BL	2	64	1	1	BA1652	955	7	0	0	0	0	0	0	0	1	0	0
A	BL	2	64	1	1	BA1652	1076	7	8	2	0	1	0	0	0	0	0	0
A	BL	2	64	1	1	BA1652	1080	8	0	0	0	0	0	0	0	1	0	0
A	BL	2	64	1	1	BA1652	1086	8	9	0	0	0	0	0	0	0	0	0
A	BL	2	64	1	1	BA1652	1091	9	0	0	0	1	0	0	0	0	0	0
A	BL	2	64	1	1	BA1652	1096	9	10	0	0	0	0	0	0	0	0	0
A	BL	2	64	1	1	BA1652	1128	10	0	0	0	0	0	0	0	1	0	0
A	BL	2	64	1	1	BA1652	1171	10	2	0	0	0	0	0	0	0	0	0
A	BL	2	64	1	1	BA1652	1172	2	6	0	0	0	0	0	0	0	0	0
A	BL	2	64	1	1	BA1652	1218	6	8	2	0	1	0	0	0	0	0	0
A	BL	2	64	1	1	BA1652	1228	8	7	0	0	0	0	0	0	0	0	0
A	BL	2	64	1	1	BA1652	1253	7	0	0	0	0	0	0	0	1	0	0
A	BL	2	64	1	1	BA1652	1299	7	8	2	0	1	0	0	0	0	0	0
A	BL	2	64	1	1	BA1652	1309	8	7	0	0	0	0	0	0	0	0	0
A	BL	2	64	1	1	BA1652	1310	7	0	0	0	0	0	0	0	1	0	0
A	BL	2	64	1	1	BA1652	1352	7	8	2	0	1	0	0	0	0	0	0
A	BL	2	64	1	1	BA1652	1353	8	0	0	0	0	0	0	0	1	0	0
A	BL	2	64	1	1	BA1652	1362	8	7	0	0	0	0	0	0	0	0	0
A	BL	2	64	1	1	BA1652	1477	7	8	2	0	1	0	0	0	0	0	0
A	BL	2	64	1	1	BA1652	1487	8	7	0	0	0	0	0	0	0	0	0
A	BL	2	64	1	1	BA1652	1494	7	0	0	0	0	0	0	0	1	0	0
A	BL	2	64	1	1	BA1652	1500	7	8	2	0	1	0	0	0	0	0	0
A	BL	2	64	1	1	BA1652	1510	8	9	0	0	0	0	0	0	0	0	0
A	BL	2	64	1	1	BA1652	1514	9	0	0	0	0	0	0	0	1	0	0
A	BL	2	64	1	1	BA1652	1517	9	0	0	0	1	0	0	0	0	0	0
A	BL	2	64	1	1	BA1652	1519	9	0	0	0	0	0	0	0	1	0	0
A	BL	2	64	1	1	BA1652	1520	9	10	0	0	0	0	0	0	0	0	0
A	BL	2	64	1	1	BA1652	1595	10	2	0	0	0	0	0	0	0	0	0
A	BL	2	64	1	1	BA1652	1596	2	3	0	0	0	0	0	0	0	0	0
A	BL	2	64	1	1	BA1652	1628	3	5	1	1	0	0	0	0	0	0	0
A	BL	2	64	1	1	BA1652	1638	5	4	0	0	0	0	0	0	0	0	0
A	BL	2	64	1	1	BA1652	1693	4	0	0	0	0	0	0	1	0	0	0
A	BL	2	64	1	1	BA1652	1697	4	5	1	1	0	0	0	0	0	0	0
A	BL	2	64	1	1	BA1652	1707	5	4	0	0	0	0	0	0	0	0	0
A	BL	2	64	1	1	BA1652	1729	4	0	0	0	0	0	0	1	0	0	0
A	BL	2	64	1	1	BA1652	1737	4	5	1	1	0	0	0	0	0	0	0
A	BL	2	64	1	1	BA1652	1747	5	4	0	0	0	0	0	0	0	0	0
A	BL	2	64	1	1	BA1652	1811	4	0	0	0	0	0	0	1	0	0	0
A	BL	2	64	1	1	BA1652	1844	4	5	1	1	0	0	0	0	0	0	0
A	BL	2	64	1	1	BA1652	1853	5	0	0	0	0	0	0	1	0	0	0
A	BL	2	64	1	1	BA1652	1854	5	4	0	0	0	0	0	0	0	0	0
A	BL	2	64	1	1	BA1652	1860	4	5	1	1	0	0	0	0	0	0	0
A	BL	2	64	1	1	BA1652	1870	5	9	0	0	0	0	0	0	0	0	0
A	BL	2	64	1	1	BA1652	1874	9	0	0	0	0	0	0	1	0	0	0
A	BL	2	64	1	1	BA1652	1880	9	10	0	0	0	0	0	0	0	0	0
A	BL	2	64	1	1	BA1652	1955	10	2	0	0	0	0	0	0	0	0	0
A	BL	2	64	1	1	BA1652	1956	2	6	0	0	0	0	0	0	0	0	0
A	BL	2	64	1	1	BA1652	2022	6	8	2	0	1	0	0	0	0	0	0
A	BL	2	64	1	1	BA1652	2032	8	7	0	0	0	0	0	0	0	0	0
A	BL	2	64	1	1	BA1652	2039	7	0	0	0	0	0	0	0	1	0	0
A	BL	2	64	1	1	BA1652	2049	7	8	2	0	1	0	0	0	0	0	0
A	BL	2	64	1	1	BA1652	2053	8	0	0	0	0	0	0	0	1	0	0
A	BL	2	64	1	1	BA1652	2059	8	7	0	0	0	0	0	0	0	0	0
A	BL	2	64	1	1	BA1652	2068	7	8	2	0	1	0	0	0	0	0	0
A	BL	2	64	1	1	BA1652	2071	8	0	0	0	0	0	0	0	1	0	0
A	BL	2	64	1	1	BA1652	2074	8	0	0	0	1	0	0	0	0	0	0
A	BL	2	64	1	1	BA1652	2078	8	7	0	0	0	0	0	0	0	0	0
A	BL	2	64	1	1	BA1652	2090	7	0	0	0	0	0	0	0	1	0	0
A	BL	2	64	1	1	BA1652	2091	7	8	2	0	1	0	0	0	0	0	0
A	BL	2	64	1	1	BA1652	2093	8	0	0	0	0	0	0	0	1	0	0
A	BL	2	64	1	1	BA1652	2096	8	0	0	0	1	0	0	0	0	0	0
A	BL	2	64	1	1	BA1652	2101	8	7	0	0	0	0	0	0	0	0	0
A	BL	2	64	1	1	BA1652	2122	7	0	0	0	0	0	0	0	1	0	0
A	BL	2	64	1	1	BA1652	2125	7	8	2	0	1	0	0	0	0	0	0
A	BL	2	64	1	1	BA1652	2130	8	0	0	0	0	0	0	0	1	0	0
A	BL	2	64	1	1	BA1652	2135	8	9	0	0	0	0	0	0	0	0	0
A	BL	2	64	1	1	BA1652	2136	9	0	0	0	1	0	0	0	0	0	0
A	BL	2	64	1	1	BA1652	2142	9	0	0	0	0	0	0	0	1	0	0
A	BL	2	64	1	1	BA1652	2145	9	10	0	0	0	0	0	0	0	0	0
A	BL	2	64	1	1	BA1652	2220	10	2	0	0	0	0	0	0	0	0	0
A	BL	2	64	1	1	BA1652	2221	2	6	0	0	0	0	0	0	0	0	0
A	BL	2	64	1	1	BA1652	2370	6	8	2	0	1	0	0	0	0	0	0
A	BL	2	64	1	1	BA1652	2380	8	7	0	0	0	0	0	0	0	0	0
A	BL	2	64	1	1	BA1652	2391	7	0	0	0	0	0	0	0	1	0	0
A	BL	2	64	1	1	BA1652	2399	7	8	2	0	1	0	0	0	0	0	0
A	BL	2	64	1	1	BA1652	2404	8	0	0	0	0	0	0	0	1	0	0
A	BL	2	64	1	1	BA1652	2409	8	7	0	0	0	0	0	0	0	0	0
A	BL	2	64	1	1	BA1652	2430	7	8	2	0	1	0	0	0	0	0	0
A	BL	2	64	1	1	BA1652	2440	8	7	0	0	0	0	0	0	0	0	0
A	BL	2	64	1	1	BA1652	2454	7	0	0	0	0	0	0	0	1	0	0
A	BL	2	64	1	1	BA1652	2482	7	8	2	0	1	0	0	0	0	0	0
A	BL	2	64	1	1	BA1652	2492	8	7	0	0	0	0	0	0	0	0	0
A	BL	2	64	1	1	BA1652	2494	7	0	0	0	0	0	0	0	1	0	0
A	BL	2	64	1	1	BA1652	2495	7	8	2	0	1	0	0	0	0	0	0
A	BL	2	64	1	1	BA1652	2497	8	0	0	0	0	0	0	0	1	0	0
A	BL	2	64	1	1	BA1652	2505	8	9	0	0	0	0	0	0	0	0	0
A	BL	2	64	1	1	BA1652	2515	9	10	0	0	0	0	0	0	0	0	0
A	BL	2	64	1	1	BA1652	2590	10	2	0	0	0	0	0	0	0	0	0
A	BL	2	64	1	1	BA1652	2591	2	3	0	0	0	0	0	0	0	0	0
A	BL	2	64	1	1	BA1652	2614	3	5	1	1	0	0	0	0	0	0	0
A	BL	2	64	1	1	BA1652	2624	5	4	0	0	0	0	0	0	0	0	0
A	BL	2	64	1	1	BA1652	2646	4	0	0	0	0	0	0	1	0	0	0
A	BL	2	64	1	1	BA1652	2650	4	5	1	1	0	0	0	0	0	0	0
A	BL	2	64	1	1	BA1652	2652	5	0	0	1	0	0	0	1	0	0	0
A	BL	2	64	1	1	BA1652	2660	5	4	0	0	0	0	0	0	0	0	0
A	BL	2	64	1	1	BA1652	2671	4	0	0	0	0	0	0	1	0	0	0
A	BL	2	64	1	1	BA1652	2711	4	5	1	1	0	0	0	0	0	0	0
A	BL	2	64	1	1	BA1652	2720	5	0	0	0	0	0	0	1	0	0	0
A	BL	2	64	1	1	BA1652	2721	5	4	0	1	0	0	0	0	0	0	0
A	BL	2	64	1	1	BA1652	2732	4	0	0	0	0	0	0	1	0	0	0
A	BL	2	64	1	1	BA1652	2750	4	5	1	1	0	0	0	0	0	0	0
A	BL	2	64	1	1	BA1652	2760	5	4	0	0	0	0	0	0	0	0	0
A	BL	2	64	1	1	BA1652	2783	4	0	0	0	0	0	0	1	0	0	0
A	BL	2	64	1	1	BA1652	2800	4	5	1	1	0	0	0	0	0	0	0
A	BL	2	64	1	1	BA1652	2810	5	9	0	0	0	0	0	0	0	0	0
A	BL	2	64	1	1	BA1652	2813	9	0	0	0	0	0	0	1	0	0	0
A	BL	2	64	1	1	BA1652	2820	9	10	0	0	0	0	0	0	0	0	0
A	BL	2	64	1	1	BA1652	2895	10	2	0	0	0	0	0	0	0	0	0
A	BL	2	64	1	1	BA1652	2896	2	6	0	0	0	0	0	0	0	0	0
A	BL	2	64	1	1	BA1652	3108	6	8	2	0	1	0	0	0	0	0	0
A	BL	2	64	1	1	BA1652	3112	8	0	0	0	0	0	0	0	1	0	0
A	BL	2	64	1	1	BA1652	3118	8	7	0	0	0	0	0	0	0	0	0
A	BL	2	64	1	1	BA1652	3121	7	8	2	0	1	0	0	0	0	0	0
A	BL	2	64	1	1	BA1652	3127	8	0	0	0	0	0	0	0	1	0	0
A	BL	2	64	1	1	BA1652	3131	8	7	0	0	0	0	0	0	0	0	0
A	BL	2	64	1	1	BA1652	3140	7	8	2	0	1	0	0	0	0	0	0
A	BL	2	64	1	1	BA1652	3146	8	0	0	0	0	0	0	0	1	0	0
A	BL	2	64	1	1	BA1652	3147	8	0	0	0	1	0	0	0	0	0	0
A	BL	2	64	1	1	BA1652	3150	8	7	0	0	0	0	0	0	0	0	0
A	BL	2	64	1	1	BA1652	3186	7	0	0	0	0	0	0	0	1	0	0
A	BL	2	64	1	1	BA1652	3242	7	8	2	0	1	0	0	0	0	0	0
A	BL	2	64	1	1	BA1652	3247	8	0	0	0	0	0	0	0	1	0	0
A	BL	2	64	1	1	BA1652	3252	8	7	0	0	0	0	0	0	0	0	0
A	BL	2	64	1	1	BA1652	3255	7	8	2	0	1	0	0	0	0	0	0
A	BL	2	64	1	1	BA1652	3263	8	0	0	0	0	0	0	0	1	0	0
A	BL	2	64	1	1	BA1652	3265	8	9	0	0	0	0	0	0	0	0	0
A	BL	2	64	1	1	BA1652	3267	9	0	0	0	1	0	0	0	0	0	0
A	BL	2	64	1	1	BA1652	3275	9	10	0	0	0	0	0	0	0	0	0
A	BL	2	64	1	1	BA1652	3276	10	0	0	0	0	0	0	0	1	0	0
A	BL	2	64	1	1	BA1652	3350	10	2	0	0	0	0	0	0	0	0	0
A	BL	2	64	1	1	BA1652	3351	2	6	0	0	0	0	0	0	0	0	0
A	BL	2	64	1	1	BA1652	3409	6	8	2	0	1	0	0	0	0	0	0
A	BL	2	64	1	1	BA1652	3415	8	0	0	0	0	0	0	0	1	0	0
A	BL	2	64	1	1	BA1652	3419	8	7	0	0	0	0	0	0	0	0	0
A	BL	2	64	1	1	BA1652	3421	7	8	2	0	1	0	0	0	0	0	0
A	BL	2	64	1	1	BA1652	3431	8	7	0	0	0	0	0	0	0	0	0
A	BL	2	64	1	1	BA1652	3441	7	0	0	0	0	0	0	0	1	0	0
A	BL	2	64	1	1	BA1652	3443	7	8	2	0	1	0	0	0	0	0	0
A	BL	2	64	1	1	BA1652	3453	8	7	0	0	0	0	0	0	0	0	0
A	BL	2	64	1	1	BA1652	3476	7	0	0	0	0	0	0	0	1	0	0
A	BL	2	64	1	1	BA1652	3487	7	8	2	0	1	0	0	0	0	0	0
A	BL	2	64	1	1	BA1652	3497	8	7	0	0	0	0	0	0	0	0	0
A	BL	2	64	1	1	BA1652	3582	7	0	0	0	0	0	0	0	1	0	0
A	BL	2	64	1	1	BA1652	3589	7	8	2	0	1	0	0	0	0	0	0
A	BL	2	64	1	1	BA1652	3594	8	0	0	0	0	0	0	0	1	0	0
A	BL	2	64	1	1	BA1652	3599	8	9	0	0	0	0	0	0	0	0	0
A	BL	2	64	1	1	BA1652	3600	9	0	0	0	1	0	0	0	0	0	0
A	BL	2	64	1	1	BA1652	3609	9	10	0	0	0	0	0	0	0	0	0
A	BL	2	64	1	1	BA1652	3616	10	0	0	0	0	0	0	0	1	0	0
A	BL	2	64	1	1	BA1652	3684	10	2	0	0	0	0	0	0	0	0	0
A	BL	2	64	1	1	BA1652	3685	2	3	0	0	0	0	0	0	0	0	0
A	BL	2	64	1	1	BA1652	3745	3	5	1	1	0	0	0	0	0	0	0
A	BL	2	64	1	1	BA1652	3755	5	4	0	0	0	0	0	0	0	0	0
A	BL	2	64	1	1	BA1652	3766	4	0	0	0	0	0	0	1	0	0	0
A	BL	2	64	1	1	BA1652	3776	4	5	1	1	0	0	0	0	0	0	0
A	BL	2	64	1	1	BA1652	3786	5	4	0	0	0	0	0	0	0	0	0
A	BL	2	64	1	1	BA1652	3799	4	0	0	0	0	0	0	1	0	0	0
A	BL	2	64	1	1	BA1652	3813	4	5	1	1	0	0	0	0	0	0	0
A	BL	2	64	1	1	BA1652	3816	5	0	0	0	0	0	0	1	0	0	0
A	BL	2	64	1	1	BA1652	3821	5	0	0	1	0	0	0	0	0	0	0
A	BL	2	64	1	1	BA1652	3823	5	4	0	0	0	0	0	0	0	0	0
A	BL	2	64	1	1	BA1652	3835	4	0	0	0	0	0	0	1	0	0	0
A	BL	2	64	1	1	BA1652	3836	4	5	1	1	0	0	0	0	0	0	0
A	BL	2	64	1	1	BA1652	3846	5	4	0	0	0	0	0	0	0	0	0
A	BL	2	64	1	1	BA1652	3851	4	0	0	0	0	0	0	1	0	0	0
A	BL	2	64	1	1	BA1652	3893	4	5	1	1	0	0	0	0	0	0	0
A	BL	2	64	1	1	BA1652	3897	5	0	0	0	0	0	0	1	0	0	0
A	BL	2	64	1	1	BA1652	3903	5	9	0	0	0	0	0	0	0	0	0
A	BL	2	64	1	1	BA1652	3913	9	10	0	0	0	0	0	0	0	0	0
A	BL	2	64	1	1	BA1652	3988	10	2	0	0	0	0	0	0	0	0	0
A	BL	2	64	1	1	BA1652	3989	2	3	0	0	0	0	0	0	0	0	0
A	BL	2	64	1	1	BA1652	4194	3	5	1	1	0	0	0	0	0	0	0
A	BL	2	64	1	1	BA1652	4204	5	4	0	0	0	0	0	1	0	0	0
A	BL	2	64	1	1	BA1652	4209	4	5	1	1	0	0	0	0	0	0	0
A	BL	2	64	1	1	BA1652	4219	5	4	0	0	0	0	0	0	0	0	0
A	BL	2	64	1	1	BA1652	4234	4	5	1	1	0	0	0	1	0	0	0
A	BL	2	64	1	1	BA1652	4240	5	0	0	0	0	0	0	1	0	0	0
A	BL	2	64	1	1	BA1652	4244	5	4	0	0	0	0	0	0	0	0	0
A	BL	2	64	1	1	BA1652	4245	4	5	1	1	0	0	0	0	0	0	0
A	BL	2	64	1	1	BA1652	4251	5	0	0	0	0	0	0	1	0	0	0
A	BL	2	64	1	1	BA1652	4255	5	4	0	0	0	0	0	0	0	0	0
A	BL	2	64	1	1	BA1652	4274	4	5	1	1	0	0	0	0	0	0	0
A	BL	2	64	1	1	BA1652	4281	5	0	0	0	0	0	0	1	0	0	0
A	BL	2	64	1	1	BA1652	4284	5	9	0	0	0	0	0	0	0	0	0
A	BL	2	64	1	1	BA1652	4289	9	0	0	1	0	0	0	0	0	0	0
A	BL	2	64	1	1	BA1652	4294	9	10	0	0	0	0	0	0	0	0	0
A	BL	2	64	1	1	BA1652	4299	10	0	0	0	0	0	0	1	0	0	0
A	BL	2	64	1	1	BA1652	4369	10	2	0	0	0	0	0	0	0	0	0
A	BL	2	64	1	1	BA1652	4370	2	6	0	0	0	0	0	0	0	0	0
A	BL	2	64	1	1	BA1652	4535	6	8	2	0	1	0	0	0	0	0	0
A	BL	2	64	1	1	BA1652	4545	8	7	0	0	0	0	0	0	0	0	0
A	BL	2	64	1	1	BA1652	4570	7	0	0	0	0	0	0	0	1	0	0
A	BL	2	64	1	1	BA1652	4571	7	8	2	0	1	0	0	0	0	0	0
A	BL	2	64	1	1	BA1652	4575	8	0	0	0	0	0	0	0	1	0	0
A	BL	2	64	1	1	BA1652	4581	8	7	0	0	0	0	0	0	0	0	0
A	BL	2	64	1	1	BA1652	4584	7	8	2	0	1	0	0	0	0	0	0
A	BL	2	64	1	1	BA1652	4594	8	7	0	0	0	0	0	0	0	0	0
A	BL	2	64	1	1	BA1652	4596	7	0	0	0	0	0	0	0	1	0	0
A	BL	2	64	1	1	BA1652	4601	7	8	2	0	1	0	0	0	0	0	0
A	BL	2	64	1	1	BA1652	4611	8	7	0	0	0	0	0	0	0	0	0
A	BL	2	64	1	1	BA1652	4635	7	0	0	0	0	0	0	0	1	0	0
A	BL	2	64	1	1	BA1652	4718	7	8	2	0	1	0	0	0	0	0	0
A	BL	2	64	1	1	BA1652	4728	8	9	0	0	0	0	0	0	0	0	0
A	BL	2	64	1	1	BA1652	4738	9	10	0	0	0	0	0	0	1	0	0
A	BL	2	64	1	1	BA1652	4813	10	2	0	0	0	0	0	0	0	0	0
A	BL	2	64	1	1	BA1652	4814	2	6	0	0	0	0	0	0	0	0	0
A	BL	2	64	1	1	BA1652	4887	6	8	2	0	1	0	0	0	0	0	0
A	BL	2	64	1	1	BA1652	4897	8	7	0	0	0	0	0	0	0	0	0
A	BL	2	64	1	1	BA1652	4902	7	0	0	0	0	0	0	0	1	0	0
A	BL	2	64	1	1	BA1652	4911	7	8	2	0	1	0	0	0	0	0	0
A	BL	2	64	1	1	BA1652	4913	8	0	0	0	0	0	0	0	1	0	0
A	BL	2	64	1	1	BA1652	4921	8	7	0	0	0	0	0	0	0	0	0
A	BL	2	64	1	1	BA1652	4950	7	8	2	0	1	0	0	0	0	0	0
A	BL	2	64	1	1	BA1652	4960	8	7	0	0	0	0	0	0	0	0	0
A	BL	2	64	1	1	BA1652	4993	7	0	0	0	0	0	0	0	1	0	0
A	BL	2	64	1	1	BA1652	5033	7	8	2	0	1	0	0	0	0	0	0
A	BL	2	64	1	1	BA1652	5043	8	7	0	0	0	0	0	0	0	0	0
A	BL	2	64	1	1	BA1652	5115	7	0	0	0	0	0	0	0	1	0	0
A	BL	2	64	1	1	BA1652	5217	7	8	2	0	1	0	0	0	0	0	0
A	BL	2	64	1	1	BA1652	5225	8	0	0	0	0	0	0	0	1	0	0
A	BL	2	64	1	1	BA1652	5227	8	9	0	0	0	0	0	0	0	0	0
A	BL	2	64	1	1	BA1652	5237	9	10	0	0	0	0	0	0	0	0	0
A	BL	2	64	1	1	BA1652	5312	10	2	0	0	0	0	0	0	0	0	0
A	BL	2	64	1	1	BA1652	5313	2	6	0	0	0	0	0	0	0	0	0
A	BL	2	64	1	1	BA1652	5433	6	8	2	0	1	0	0	0	0	0	0
A	BL	2	64	1	1	BA1652	5443	8	7	0	0	0	0	0	0	0	0	0
A	BL	2	64	1	1	BA1652	5449	7	0	0	0	0	0	0	0	1	0	0
A	BL	2	64	1	1	BA1652	5453	7	8	2	0	1	0	0	0	0	0	0
A	BL	2	64	1	1	BA1652	5460	8	0	0	0	0	0	0	0	1	0	0
A	BL	2	64	1	1	BA1652	5462	8	0	0	0	1	0	0	0	0	0	0
A	BL	2	64	1	1	BA1652	5463	8	7	0	0	0	0	0	0	0	0	0
A	BL	2	64	1	1	BA1652	5475	7	0	0	0	0	0	0	0	1	0	0
A	BL	2	64	1	1	BA1652	5477	7	8	2	0	1	0	0	0	0	0	0
A	BL	2	64	1	1	BA1652	5487	8	7	0	0	0	0	0	0	0	0	0
A	BL	2	64	1	1	BA1652	5508	7	0	0	0	0	0	0	0	1	0	0
A	BL	2	64	1	1	BA1652	5514	7	8	2	0	1	0	0	0	0	0	0
A	BL	2	64	1	1	BA1652	5521	8	0	0	0	0	0	0	0	1	0	0
A	BL	2	64	1	1	BA1652	5524	8	7	0	0	0	0	0	0	0	0	0
A	BL	2	64	1	1	BA1652	5529	7	8	2	0	1	0	0	0	0	0	0
A	BL	2	64	1	1	BA1652	5539	8	9	0	0	0	0	0	0	0	0	0
A	BL	2	64	1	1	BA1652	5541	9	0	0	0	0	0	0	0	1	0	0
A	BL	2	64	1	1	BA1652	5549	9	10	0	0	0	0	0	0	0	0	0
A	BL	2	64	1	1	BA1652	5624	10	2	0	0	0	0	0	0	0	0	0
A	BL	2	64	1	1	BA1652	5625	2	3	0	0	0	0	0	0	0	0	0
A	BL	2	64	1	1	BA1652	5795	3	5	1	1	0	0	0	0	0	0	0
A	BL	2	64	1	1	BA1652	5805	5	4	0	0	0	0	0	0	0	0	0
A	BL	2	64	1	1	BA1652	5815	4	0	0	0	0	0	0	1	0	0	0
A	BL	2	64	1	1	BA1652	5827	4	5	1	1	0	0	0	0	0	0	0
A	BL	2	64	1	1	BA1652	5833	5	0	0	0	0	0	0	1	0	0	0
A	BL	2	64	1	1	BA1652	5837	5	4	0	0	0	0	0	0	0	0	0
A	BL	2	64	1	1	BA1652	5845	4	5	1	1	0	0	0	0	0	0	0
A	BL	2	64	1	1	BA1652	5853	5	0	0	0	0	0	0	1	0	0	0
A	BL	2	64	1	1	BA1652	5855	5	4	0	0	0	0	0	0	0	0	0
A	BL	2	64	1	1	BA1652	5862	4	5	1	1	0	0	0	0	0	0	0
A	BL	2	64	1	1	BA1652	5872	5	4	0	0	0	0	0	0	0	0	0
A	BL	2	64	1	1	BA1652	5879	4	0	0	0	0	0	0	1	0	0	0
A	BL	2	64	1	1	BA1652	5882	4	5	1	1	0	0	0	0	0	0	0
A	BL	2	64	1	1	BA1652	5892	5	9	0	0	0	0	0	0	0	0	0
A	BL	2	64	1	1	BA1652	5897	9	0	0	0	0	0	0	1	0	0	0
A	BL	2	64	1	1	BA1652	5900	9	0	0	1	0	0	0	0	0	0	0
A	BL	2	64	1	1	BA1652	5902	9	10	0	0	0	0	0	0	0	0	0
A	BL	2	64	1	1	BA1652	5907	10	0	0	0	0	0	0	1	0	0	0
A	BL	2	64	1	1	BA1652	5977	10	2	0	0	0	0	0	0	0	0	0
A	BL	2	64	1	1	BA1652	5978	2	3	0	0	0	0	0	0	0	0	0
A	BL	2	64	1	1	BA1652	6138	3	5	1	1	0	0	0	0	0	0	0
A	BL	2	64	1	1	BA1652	6148	5	4	0	0	0	0	0	0	0	0	0
A	BL	2	64	1	1	BA1652	6155	4	0	0	0	0	0	0	1	0	0	0
A	BL	2	64	1	1	BA1652	6157	4	5	1	1	0	0	0	0	0	0	0
A	BL	2	64	1	1	BA1652	6167	5	4	0	0	0	0	0	0	0	0	0
A	BL	2	64	1	1	BA1652	6176	4	0	0	0	0	0	0	1	0	0	0
A	BL	2	64	1	1	BA1652	6196	4	5	1	1	0	0	0	0	0	0	0
A	BL	2	64	1	1	BA1652	6204	5	0	0	0	0	0	0	1	0	0	0
A	BL	2	64	1	1	BA1652	6206	5	4	0	0	0	0	0	0	0	0	0
A	BL	2	64	1	1	BA1652	6248	4	5	1	1	0	0	0	0	0	0	0
A	BL	2	64	1	1	BA1652	6258	5	4	0	0	0	0	0	0	0	0	0
A	BL	2	64	1	1	BA1652	6270	4	0	0	0	0	0	0	1	0	0	0
A	BL	2	64	1	1	BA1652	6335	4	5	1	1	0	0	0	0	0	0	0
A	BL	2	64	1	1	BA1652	6343	5	0	0	0	0	0	0	1	0	0	0
A	BL	2	64	1	1	BA1652	6345	5	9	0	0	0	0	0	0	0	0	0
A	BL	2	64	1	1	BA1652	6346	9	0	0	1	0	0	0	0	0	0	0
A	BL	2	64	1	1	BA1652	6348	9	0	0	0	0	0	0	1	0	0	0
A	BL	2	64	1	1	BA1652	6349	9	0	0	1	0	0	0	0	0	0	0
A	BL	2	64	1	1	BA1652	6351	9	0	0	0	0	0	0	1	0	0	0
A	BL	2	64	1	1	BA1652	6355	9	10	0	1	0	0	0	0	0	0	0
A	BL	2	64	1	1	BA1652	6359	10	0	0	0	0	0	0	1	0	0	0
A	BL	2	64	1	1	BA1652	6430	10	2	0	0	0	0	0	0	0	0	0
A	BL	2	64	1	1	BA1652	6431	2	6	0	0	0	0	0	0	0	0	0
A	BL	2	64	1	1	BA1652	6560	6	8	2	0	1	0	0	0	0	0	0
A	BL	2	64	1	1	BA1652	6570	8	7	0	0	0	0	0	0	0	0	0
A	BL	2	64	1	1	BA1652	6612	7	0	0	0	0	0	0	0	1	0	0
A	BL	2	64	1	1	BA1652	6633	7	8	2	0	1	0	0	0	0	0	0
A	BL	2	64	1	1	BA1652	6639	8	0	0	0	0	0	0	0	1	0	0
A	BL	2	64	1	1	BA1652	6643	8	7	0	0	0	0	0	0	0	0	0
A	BL	2	64	1	1	BA1652	6686	7	8	2	0	1	0	0	0	0	0	0
A	BL	2	64	1	1	BA1652	6687	8	0	0	0	0	0	0	0	1	0	0
A	BL	2	64	1	1	BA1652	6696	8	7	0	0	0	0	0	0	0	0	0
A	BL	2	64	1	1	BA1652	6758	7	8	2	0	1	0	0	0	0	0	0
A	BL	2	64	1	1	BA1652	6768	8	7	0	0	0	0	0	0	0	0	0
A	BL	2	64	1	1	BA1652	6772	7	0	0	0	0	0	0	0	1	0	0
A	BL	2	64	1	1	BA1652	6775	7	8	2	0	1	0	0	0	0	0	0
A	BL	2	64	1	1	BA1652	6783	8	0	0	0	0	0	0	0	1	0	0
A	BL	2	64	1	1	BA1652	6785	8	9	0	0	0	0	0	0	0	0	0
A	BL	2	64	1	1	BA1652	6795	9	10	0	0	0	0	0	0	0	0	0
A	BL	2	64	1	1	BA1652	6870	10	2	0	0	0	0	0	0	0	0	0
A	BL	2	64	1	1	BA1652	6871	2	6	0	0	0	0	0	0	0	0	0
A	BL	2	64	1	1	BA1652	6978	6	8	2	0	1	0	0	0	0	0	0
A	BL	2	64	1	1	BA1652	6980	8	0	0	0	0	0	0	0	1	0	0
A	BL	2	64	1	1	BA1652	6988	8	7	0	0	0	0	0	0	0	0	0
A	BL	2	64	1	1	BA1652	7029	7	8	2	0	1	0	0	0	0	0	0
A	BL	2	64	1	1	BA1652	7031	8	0	0	0	1	0	0	0	1	0	0
A	BL	2	64	1	1	BA1652	7033	8	0	0	0	0	0	0	0	1	0	0
A	BL	2	64	1	1	BA1652	7039	8	7	0	0	0	0	0	0	0	0	0
A	BL	2	64	1	1	BA1652	7071	7	8	2	0	1	0	0	0	0	0	0
A	BL	2	64	1	1	BA1652	7073	8	0	0	0	0	0	0	0	1	0	0
A	BL	2	64	1	1	BA1652	7081	8	7	0	0	0	0	0	0	0	0	0
A	BL	2	64	1	1	BA1652	7107	7	8	2	0	1	0	0	0	0	0	0
A	BL	2	64	1	1	BA1652	7115	8	0	0	0	0	0	0	0	1	0	0
A	BL	2	64	1	1	BA1652	7117	8	7	0	0	0	0	0	0	0	0	0
A	BL	2	64	1	1	BA1652	7198	7	8	2	0	1	0	0	0	0	0	0
A	BL	2	64	1	1	BA1652	7201	8	0	0	0	0	0	0	0	1	0	0
A	BL	2	64	1	1	BA1652	7203	8	0	0	0	1	0	0	0	0	0	0
A	BL	2	64	1	1	BA1652	7208	8	9	0	0	0	0	0	0	0	0	0
A	BL	2	64	1	1	BA1652	7218	9	10	0	0	0	0	0	0	0	0	0
A	BL	2	64	1	1	BA1652	7226	10	0	0	0	0	0	0	0	1	0	0
A	BL	2	64	1	1	BA1652	7293	10	2	0	0	0	0	0	0	0	0	0
A	BL	2	64	1	1	BA1652	7294	2	6	0	0	0	0	0	0	0	0	0
A	BL	2	64	1	1	BA1652	7355	6	8	2	0	1	0	0	0	0	0	0
A	BL	2	64	1	1	BA1652	7365	8	7	0	0	0	0	0	0	0	0	0
A	BL	2	64	1	1	BA1652	7402	7	0	0	0	0	0	0	0	1	0	0
A	BL	2	64	1	1	BA1652	7405	7	8	2	0	1	0	0	0	0	0	0
A	BL	2	64	1	1	BA1652	7407	8	0	0	0	0	0	0	0	1	0	0
A	BL	2	64	1	1	BA1652	7415	8	7	0	0	0	0	0	0	0	0	0
A	BL	2	64	1	1	BA1652	7419	7	8	2	0	1	0	0	0	0	0	0
A	BL	2	64	1	1	BA1652	7429	8	7	0	0	0	0	0	0	0	0	0
A	BL	2	64	1	1	BA1652	7513	7	0	0	0	0	0	0	0	1	0	0
A	BL	2	64	1	1	BA1652	7583	7	8	2	0	1	0	0	0	0	0	0
A	BL	2	64	1	1	BA1652	7584	8	0	0	0	0	0	0	0	1	0	0
A	BL	2	64	1	1	BA1652	7586	8	0	0	0	1	0	0	0	0	0	0
A	BL	2	64	1	1	BA1652	7593	8	7	0	0	0	0	0	0	0	0	0
A	BL	2	64	1	1	BA1652	7619	7	0	0	0	0	0	0	0	1	0	0
A	BL	2	64	1	1	BA1652	7624	7	8	2	0	1	0	0	0	0	0	0
A	BL	2	64	1	1	BA1652	7634	8	9	0	0	0	0	0	0	0	0	0
A	BL	2	64	1	1	BA1652	7644	9	10	0	0	0	0	0	0	0	0	0
A	BL	2	64	1	1	BA1652	7647	10	0	0	0	0	0	0	0	1	0	0
A	BL	2	64	1	1	BA1652	7719	10	2	0	0	0	0	0	0	0	0	0
A	BL	2	64	1	1	BA1652	7720	2	3	0	0	0	0	0	0	0	0	0
A	BL	2	64	1	1	BA1652	7783	3	5	1	1	0	0	0	0	0	0	0
A	BL	2	64	1	1	BA1652	7793	5	4	0	0	0	0	0	0	0	0	0
A	BL	2	64	1	1	BA1652	7802	4	0	0	0	0	0	0	1	0	0	0
A	BL	2	64	1	1	BA1652	7808	4	5	1	1	0	0	0	0	0	0	0
A	BL	2	64	1	1	BA1652	7818	5	4	0	0	0	0	0	0	0	0	0
A	BL	2	64	1	1	BA1652	7822	4	0	0	0	0	0	0	1	0	0	0
A	BL	2	64	1	1	BA1652	7827	4	5	1	1	0	0	0	0	0	0	0
A	BL	2	64	1	1	BA1652	7837	5	4	0	0	0	0	0	0	0	0	0
A	BL	2	64	1	1	BA1652	7880	4	0	0	0	0	0	0	1	0	0	0
A	BL	2	64	1	1	BA1652	7908	4	5	1	1	0	0	0	0	0	0	0
A	BL	2	64	1	1	BA1652	7918	5	4	0	0	0	0	0	0	0	0	0
A	BL	2	64	1	1	BA1652	7927	4	0	0	0	0	0	0	1	0	0	0
A	BL	2	64	1	1	BA1652	7950	4	5	1	1	0	0	0	0	0	0	0
A	BL	2	64	1	1	BA1652	7960	5	9	0	0	0	0	0	0	0	0	0
A	BL	2	64	1	1	BA1652	7970	9	10	0	0	0	0	0	0	0	0	0
A	BL	2	64	1	1	BA1652	7971	10	0	0	0	0	0	0	1	0	0	0
A	BL	2	64	1	1	BA1652	8045	10	2	0	0	0	0	0	0	0	0	0
A	BL	2	64	1	1	BA1652	8046	2	3	0	0	0	0	0	0	0	0	0
A	BL	2	64	1	1	BA1652	8167	3	5	1	1	0	0	0	0	0	0	0
A	BL	2	64	1	1	BA1652	8177	5	4	0	0	0	0	0	0	0	0	0
A	BL	2	64	1	1	BA1652	8193	4	0	0	0	0	0	0	1	0	0	0
A	BL	2	64	1	1	BA1652	8194	4	5	1	1	0	0	0	0	0	0	0
A	BL	2	64	1	1	BA1652	8199	5	0	0	0	0	0	0	1	0	0	0
A	BL	2	64	1	1	BA1652	8204	5	4	0	0	0	0	0	0	0	0	0
A	BL	2	64	1	1	BA1652	8215	4	5	1	1	0	0	0	0	0	0	0
A	BL	2	64	1	1	BA1652	8225	5	4	0	0	0	0	0	0	0	0	0
A	BL	2	64	1	1	BA1652	8239	4	0	0	0	0	0	0	1	0	0	0
A	BL	2	64	1	1	BA1652	8309	4	5	1	1	0	0	0	0	0	0	0
A	BL	2	64	1	1	BA1652	8313	5	0	0	0	0	0	0	1	0	0	0
A	BL	2	64	1	1	BA1652	8319	5	4	0	0	0	0	0	0	0	0	0
A	BL	2	64	1	1	BA1652	8330	4	5	1	1	0	0	0	0	0	0	0
A	BL	2	64	1	1	BA1652	8340	5	9	0	0	0	0	0	0	0	0	0
A	BL	2	64	1	1	BA1652	8350	9	10	0	0	0	0	0	0	0	0	0
A	BL	2	64	1	1	BA1652	8351	10	0	0	0	0	0	0	1	0	0	0
A	BL	2	64	1	1	BA1652	8425	10	2	0	0	0	0	0	0	0	0	0
A	BL	2	64	1	1	BA1652	8426	2	6	0	0	0	0	0	0	0	0	0
A	BL	2	64	1	1	BA1652	8795	6	8	2	0	1	0	0	0	0	0	0
A	BL	2	64	1	1	BA1652	8800	8	0	0	0	0	0	0	0	1	0	0
A	BL	2	64	1	1	BA1652	8804	8	0	0	0	1	0	0	0	0	0	0
A	BL	2	64	1	1	BA1652	8805	8	7	0	0	0	0	0	0	0	0	0
A	BL	2	64	1	1	BA1652	8841	7	0	0	0	0	0	0	0	1	0	0
A	BL	2	64	1	1	BA1652	8848	7	8	2	0	1	0	0	0	0	0	0
A	BL	2	64	1	1	BA1652	8853	8	0	0	0	0	0	0	0	1	0	0
A	BL	2	64	1	1	BA1652	8858	8	7	0	0	0	0	0	0	0	0	0
A	BL	2	64	1	1	BA1652	8866	7	8	2	0	1	0	0	0	0	0	0
A	BL	2	64	1	1	BA1652	8876	8	7	0	0	0	0	0	0	0	0	0
A	BL	2	64	1	1	BA1652	8879	7	0	0	0	0	0	0	0	1	0	0
A	BL	2	64	1	1	BA1652	8881	7	8	2	0	1	0	0	0	0	0	0
A	BL	2	64	1	1	BA1652	8891	8	7	0	0	0	0	0	0	0	0	0
A	BL	2	64	1	1	BA1652	8904	7	0	0	0	0	0	0	0	1	0	0
A	BL	2	64	1	1	BA1652	8923	7	8	2	0	1	0	0	0	0	0	0
A	BL	2	64	1	1	BA1652	8930	8	0	0	0	0	0	0	0	1	0	0
A	BL	2	64	1	1	BA1652	8933	8	9	0	0	0	0	0	0	0	0	0
A	BL	2	64	1	1	BA1652	8943	9	10	0	0	1	0	0	0	0	0	0
A	BL	2	64	1	1	BA1652	8949	10	0	0	0	0	0	0	0	1	0	0
A	BL	2	64	1	1	BA1652	9018	10	2	0	0	0	0	0	0	0	0	0
A	BL	2	64	1	1	BA1652	9019	2	3	0	0	0	0	0	0	0	0	0
A	BL	2	64	1	1	BA1652	9069	3	5	1	1	0	0	0	0	0	0	0
A	BL	2	64	1	1	BA1652	9079	5	4	0	0	0	0	0	0	0	0	0
A	BL	2	64	1	1	BA1652	9102	4	0	0	0	0	0	0	1	0	0	0
A	BL	2	64	1	1	BA1652	9115	4	5	1	1	0	0	0	0	0	0	0
A	BL	2	64	1	1	BA1652	9121	5	0	0	1	0	0	0	1	0	0	0
A	BL	2	64	1	1	BA1652	9125	5	4	0	0	0	0	0	0	0	0	0
A	BL	2	64	1	1	BA1652	9153	4	0	0	0	0	0	0	1	0	0	0
A	BL	2	64	1	1	BA1652	9239	4	0	0	0	1	0	0	0	0	0	0
A	BL	2	64	1	1	BA1652	9253	4	0	0	0	0	0	0	0	1	0	0
A	BL	2	64	1	1	BA1652	9257	4	0	0	0	1	0	0	0	0	0	0
A	BL	2	64	1	1	BA1652	9326	4	0	0	0	0	0	0	0	1	0	0
A	BL	2	64	1	1	BA1652	9406	4	5	1	1	0	0	0	0	0	0	0
A	BL	2	64	1	1	BA1652	9408	5	0	0	0	0	0	0	1	0	0	0
A	BL	2	64	1	1	BA1652	9416	5	4	0	0	0	0	0	0	0	0	0
A	BL	2	64	1	1	BA1652	9428	4	5	1	1	0	0	0	0	0	0	0
A	BL	2	64	1	1	BA1652	9434	5	0	0	0	0	0	0	1	0	0	0
A	BL	2	64	1	1	BA1652	9438	5	4	0	0	0	0	0	0	0	0	0
A	BL	2	64	1	1	BA1652	9442	4	5	1	1	0	0	0	0	0	0	0
A	BL	2	64	1	1	BA1652	9444	5	0	0	1	0	0	0	1	0	0	0
A	BL	2	64	1	1	BA1652	9452	5	9	0	0	0	0	0	0	0	0	0
A	BL	2	64	1	1	BA1652	9462	9	10	0	0	0	0	0	0	0	0	0
A	BL	2	64	1	1	BA1652	9465	10	0	0	0	0	0	0	1	0	0	0
A	BL	2	64	1	1	BA1652	9537	10	2	0	0	0	0	0	0	0	0	0
A	BL	2	64	1	1	BA1652	9538	2	3	0	0	0	0	0	0	0	0	0
A	BL	2	64	1	1	BA1652	9698	3	5	1	1	0	0	0	0	0	0	0
A	BL	2	64	1	1	BA1652	9708	5	4	0	0	0	0	0	0	0	0	0
A	BL	2	64	1	1	BA1652	9756	4	0	0	0	0	0	0	1	0	0	0
A	BL	2	64	1	1	BA1652	9786	4	5	1	1	0	0	0	0	0	0	0
A	BL	2	64	1	1	BA1652	9788	5	0	0	0	0	0	0	1	0	0	0
A	BL	2	64	1	1	BA1652	9791	5	0	0	1	0	0	0	0	0	0	0
A	BL	2	64	1	1	BA1652	9796	5	4	0	0	0	0	0	0	0	0	0
A	BL	2	64	1	1	BA1652	9802	4	0	0	0	0	0	0	1	0	0	0
A	BL	2	64	1	1	BA1652	9809	4	5	1	1	0	0	0	0	0	0	0
A	BL	2	64	1	1	BA1652	9819	5	4	0	0	0	0	0	0	0	0	0
A	BL	2	64	1	1	BA1652	9820	4	0	0	0	0	0	0	1	0	0	0
A	BL	2	64	1	1	BA1652	9825	4	5	1	1	0	0	0	0	0	0	0
A	BL	2	64	1	1	BA1652	9835	5	4	0	0	0	0	0	0	0	0	0
A	BL	2	64	1	1	BA1652	9904	4	0	0	0	0	0	0	1	0	0	0
A	BL	2	64	1	1	BA1652	9910	4	5	1	1	0	0	0	0	0	0	0
A	BL	2	64	1	1	BA1652	9918	5	0	0	0	0	0	0	1	0	0	0
A	BL	2	64	1	1	BA1652	9919	5	0	0	1	0	0	0	0	0	0	0
A	BL	2	64	1	1	BA1652	9920	5	9	0	0	0	0	0	0	0	0	0
A	BL	2	64	1	1	BA1652	9930	9	10	0	0	0	0	0	0	0	0	0
A	BL	2	64	1	1	BA1652	9959	10	0	0	0	0	0	0	1	0	0	0
A	BL	2	64	1	1	BA1652	10005	10	2	0	0	0	0	0	0	0	0	0
A	BL	2	64	1	1	BA1652	10006	2	6	0	0	0	0	0	0	0	0	0
A	BL	2	64	1	1	BA1652	10155	6	8	2	0	1	0	0	0	0	0	0
A	BL	2	64	1	1	BA1652	10165	8	7	0	0	0	0	0	0	0	0	0
A	BL	2	64	1	1	BA1652	10184	7	0	0	0	0	0	0	0	1	0	0
A	BL	2	64	1	1	BA1652	10202	7	8	2	0	1	0	0	0	0	0	0
A	BL	2	64	1	1	BA1652	10207	8	0	0	0	0	0	0	0	1	0	0
A	BL	2	64	1	1	BA1652	10210	8	0	0	0	1	0	0	0	0	0	0
A	BL	2	64	1	1	BA1652	10212	8	7	0	0	0	0	0	0	0	0	0
A	BL	2	64	1	1	BA1652	10218	7	0	0	0	0	0	0	0	1	0	0
A	BL	2	64	1	1	BA1652	10221	7	8	2	0	1	0	0	0	0	0	0
A	BL	2	64	1	1	BA1652	10231	8	7	0	0	0	0	0	0	0	0	0
A	BL	2	64	1	1	BA1652	10242	7	0	0	0	0	0	0	0	1	0	0
A	BL	2	64	1	1	BA1652	10316	7	8	2	0	1	0	0	0	0	0	0
A	BL	2	64	1	1	BA1652	10326	8	7	0	0	0	0	0	0	0	0	0
A	BL	2	64	1	1	BA1652	10347	7	0	0	0	0	0	0	0	1	0	0
A	BL	2	64	1	1	BA1652	10352	7	8	2	0	1	0	0	0	0	0	0
A	BL	2	64	1	1	BA1652	10356	8	0	0	0	0	0	0	0	1	0	0
A	BL	2	64	1	1	BA1652	10362	8	9	0	0	1	0	0	0	0	0	0
A	BL	2	64	1	1	BA1652	10372	9	10	0	0	0	0	0	0	0	0	0
A	BL	2	64	1	1	BA1652	10375	10	0	0	0	0	0	0	0	1	0	0
A	BL	2	64	1	1	BA1652	10447	10	2	0	0	0	0	0	0	0	0	0
A	BL	2	64	1	1	BA1652	10448	2	6	0	0	0	0	0	0	0	0	0
A	BL	2	64	1	1	BA1652	10489	6	8	2	0	1	0	0	0	0	0	0
A	BL	2	64	1	1	BA1652	10494	8	0	0	0	0	0	0	0	1	0	0
A	BL	2	64	1	1	BA1652	10499	8	7	0	0	0	0	0	0	0	0	0
A	BL	2	64	1	1	BA1652	10515	7	8	2	0	1	0	0	0	0	0	0
A	BL	2	64	1	1	BA1652	10525	8	7	0	0	0	0	0	0	0	0	0
A	BL	2	64	1	1	BA1652	10584	7	0	0	0	0	0	0	0	1	0	0
A	BL	2	64	1	1	BA1652	10643	7	8	2	0	1	0	0	0	0	0	0
A	BL	2	64	1	1	BA1652	10645	8	0	0	0	0	0	0	0	1	0	0
A	BL	2	64	1	1	BA1652	10649	8	0	0	0	1	0	0	0	0	0	0
A	BL	2	64	1	1	BA1652	10653	8	7	0	0	0	0	0	0	0	0	0
A	BL	2	64	1	1	BA1652	10663	7	0	0	0	0	0	0	0	1	0	0
A	BL	2	64	1	1	BA1652	10666	7	8	2	0	1	0	0	0	0	0	0
A	BL	2	64	1	1	BA1652	10667	8	0	0	0	0	0	0	0	1	0	0
A	BL	2	64	1	1	BA1652	10669	8	0	0	0	1	0	0	0	0	0	0
A	BL	2	64	1	1	BA1652	10673	8	0	0	0	0	0	0	0	1	0	0
A	BL	2	64	1	1	BA1652	10676	8	7	0	0	0	0	0	0	0	0	0
A	BL	2	64	1	1	BA1652	10678	7	8	2	0	1	0	0	0	0	0	0
A	BL	2	64	1	1	BA1652	10688	8	9	0	0	0	0	0	0	0	0	0
A	BL	2	64	1	1	BA1652	10698	9	10	0	0	0	0	0	0	0	0	0
A	BL	2	64	1	1	BA1652	10708	10	0	0	0	0	0	0	0	1	0	0
A	BL	2	64	1	1	BA1652	10773	10	2	0	0	0	0	0	0	0	0	0
A	BL	2	64	1	1	BA1652	10774	2	3	0	0	0	0	0	0	0	0	0
A	BL	2	64	1	1	BA1652	10924	3	0	0	0	1	0	0	0	0	0	0
A	BL	2	64	1	1	BA1652	10951	3	0	0	0	0	0	0	0	1	0	0
A	BL	2	64	1	1	BA1652	11026	3	5	1	1	0	0	0	0	0	0	0
A	BL	2	64	1	1	BA1652	11030	5	0	0	0	0	0	0	1	0	0	0
A	BL	2	64	1	1	BA1652	11036	5	4	0	0	0	0	0	0	0	0	0
A	BL	2	64	1	1	BA1652	11047	4	5	1	1	0	0	0	0	0	0	0
A	BL	2	64	1	1	BA1652	11057	5	4	0	0	0	0	0	0	0	0	0
A	BL	2	64	1	1	BA1652	11066	4	0	0	0	0	0	0	1	0	0	0
A	BL	2	64	1	1	BA1652	11074	4	5	1	1	0	0	0	0	0	0	0
A	BL	2	64	1	1	BA1652	11084	5	4	0	0	0	0	0	0	0	0	0
A	BL	2	64	1	1	BA1652	11105	4	0	0	0	0	0	0	1	0	0	0
A	BL	2	64	1	1	BA1652	11197	4	5	1	1	0	0	0	0	0	0	0
A	BL	2	64	1	1	BA1652	11207	5	4	0	0	0	0	0	1	0	0	0
A	BL	2	64	1	1	BA1652	11208	4	5	1	1	0	0	0	0	0	0	0
A	BL	2	64	1	1	BA1652	11210	5	0	0	0	0	0	0	1	0	0	0
A	BL	2	64	1	1	BA1652	11218	5	9	0	0	0	0	0	0	0	0	0
A	BL	2	64	1	1	BA1652	11228	9	10	0	0	0	0	0	0	0	0	0
A	BL	2	64	1	1	BA1652	11303	10	2	0	0	0	0	0	0	0	0	0
A	BL	2	64	1	1	BA1652	11304	2	3	0	0	0	0	0	0	0	0	0
A	BL	2	64	1	1	BA1652	11392	3	5	1	1	0	0	0	0	0	0	0
A	BL	2	64	1	1	BA1652	11402	5	4	0	0	0	0	0	0	0	0	0
A	BL	2	64	1	1	BA1652	11408	4	0	0	0	0	0	0	1	0	0	0
A	BL	2	64	1	1	BA1652	11416	4	5	1	1	0	0	0	0	0	0	0
A	BL	2	64	1	1	BA1652	11426	5	4	0	0	0	0	0	0	0	0	0
A	BL	2	64	1	1	BA1652	11455	4	0	0	0	0	0	0	1	0	0	0
A	BL	2	64	1	1	BA1652	11461	4	5	1	1	0	0	0	0	0	0	0
A	BL	2	64	1	1	BA1652	11463	5	0	0	0	0	0	0	1	0	0	0
A	BL	2	64	1	1	BA1652	11471	5	4	0	0	0	0	0	0	0	0	0
A	BL	2	64	1	1	BA1652	11475	4	5	1	1	0	0	0	0	0	0	0
A	BL	2	64	1	1	BA1652	11485	5	4	0	0	0	0	0	0	0	0	0
A	BL	2	64	1	1	BA1652	11545	4	0	0	0	0	0	0	1	0	0	0
A	BL	2	64	1	1	BA1652	11548	4	5	1	1	0	0	0	0	0	0	0
A	BL	2	64	1	1	BA1652	11558	5	9	0	0	0	0	0	0	0	0	0
A	BL	2	64	1	1	BA1652	11568	9	10	0	0	0	0	0	0	0	0	0
A	BL	2	64	1	1	BA1652	11574	10	0	0	0	0	0	0	1	0	0	0
A	BL	2	64	1	1	BA1652	11643	10	2	0	0	0	0	0	0	0	0	0
A	BL	2	64	1	1	BA1652	11644	2	3	0	0	0	0	0	0	0	0	0
A	BL	2	64	1	1	BA1652	11791	3	5	1	1	0	0	0	0	0	0	0
A	BL	2	64	1	1	BA1652	11801	5	4	0	0	0	0	0	0	0	0	0
A	BL	2	64	1	1	BA1652	11848	4	0	0	0	0	0	0	1	0	0	0
A	BL	2	64	1	1	BA1652	11875	4	5	1	1	0	0	0	0	0	0	0
A	BL	2	64	1	1	BA1652	11879	5	0	0	0	0	0	0	1	0	0	0
A	BL	2	64	1	1	BA1652	11885	5	4	0	0	0	0	0	0	0	0	0
A	BL	2	64	1	1	BA1652	11943	4	5	1	1	0	0	0	0	0	0	0
A	BL	2	64	1	1	BA1652	11953	5	4	0	0	0	0	0	1	0	0	0
A	BL	2	64	1	1	BA1652	11960	4	5	1	1	0	0	0	0	0	0	0
A	BL	2	64	1	1	BA1652	11965	5	0	0	0	0	0	0	1	0	0	0
A	BL	2	64	1	1	BA1652	11966	5	0	0	1	0	0	0	0	0	0	0
A	BL	2	64	1	1	BA1652	11970	5	4	0	0	0	0	0	0	0	0	0
A	BL	2	64	1	1	BA1652	12017	4	0	0	0	0	0	0	1	0	0	0
A	BL	2	64	1	1	BA1652	12020	4	5	1	1	0	0	0	0	0	0	0
A	BL	2	64	1	1	BA1652	12026	5	0	0	0	0	0	0	1	0	0	0
A	BL	2	64	1	1	BA1652	12027	5	0	0	1	0	0	0	0	0	0	0
A	BL	2	64	1	1	BA1652	12030	5	9	0	0	0	0	0	0	0	0	0
A	BL	2	64	1	1	BA1652	12036	9	0	0	0	0	0	0	1	0	0	0
A	BL	2	64	1	1	BA1652	12037	9	0	0	1	0	0	0	0	0	0	0
A	BL	2	64	1	1	BA1652	12040	9	10	0	0	0	0	0	0	0	0	0
A	BL	2	64	1	1	BA1652	12065	10	0	0	0	0	0	0	1	0	0	0
A	BL	2	64	1	1	BA1652	12072	10	0	0	1	0	0	0	0	0	0	0
A	BL	2	64	1	1	BA1652	12075	10	0	0	1	0	0	0	1	0	0	0
A	BL	2	64	1	1	BA1652	12085	10	0	0	0	0	0	0	1	0	0	0
A	BL	2	64	1	1	BA1652	12115	10	2	0	0	0	0	0	0	0	0	0
A	BL	2	64	1	1	BA1652	12116	2	6	0	0	0	0	0	0	0	0	0
A	BL	2	64	1	1	BA1652	12269	6	0	0	1	0	0	0	0	0	0	0
A	BL	2	64	1	1	BA1652	12280	6	0	0	0	0	0	0	1	0	0	0
A	BL	2	64	1	1	BA1652	12404	6	8	2	0	1	0	0	0	0	0	0
A	BL	2	64	1	1	BA1652	12414	8	7	0	0	0	0	0	0	1	0	0
A	BL	2	64	1	1	BA1652	12534	7	8	2	0	1	0	0	0	0	0	0
A	BL	2	64	1	1	BA1652	12544	8	7	0	0	0	0	0	0	0	0	0
A	BL	2	64	1	1	BA1652	12555	7	0	0	0	0	0	0	0	1	0	0
A	BL	2	64	1	1	BA1652	12562	7	8	2	0	1	0	0	0	0	0	0
A	BL	2	64	1	1	BA1652	12572	8	7	0	0	0	0	0	0	0	0	0
A	BL	2	64	1	1	BA1652	12587	7	0	0	0	0	0	0	0	1	0	0
A	BL	2	64	1	1	BA1652	12617	7	8	2	0	1	0	0	0	0	0	0
A	BL	2	64	1	1	BA1652	12621	8	0	0	0	0	0	0	0	1	0	0
A	BL	2	64	1	1	BA1652	12625	8	0	0	0	1	0	0	0	0	0	0
A	BL	2	64	1	1	BA1652	12627	8	7	0	0	0	0	0	0	0	0	0
A	BL	2	64	1	1	BA1652	12674	7	0	0	0	0	0	0	0	1	0	0
A	BL	2	64	1	1	BA1652	12726	7	8	2	0	1	0	0	0	0	0	0
A	BL	2	64	1	1	BA1652	12731	8	0	0	0	0	0	0	0	1	0	0
A	BL	2	64	1	1	BA1652	12736	8	9	0	0	0	0	0	0	0	0	0
A	BL	2	64	1	1	BA1652	12746	9	10	0	0	0	0	0	0	0	0	0
A	BL	2	64	1	1	BA1652	12821	10	2	0	0	0	0	0	0	0	0	0
A	BL	2	64	1	1	BA1652	12822	2	3	0	0	0	0	0	0	0	0	0
A	BL	2	64	1	1	BA1652	12953	3	0	0	0	1	0	0	0	0	0	0
A	BL	2	64	1	1	BA1652	12957	3	0	0	0	0	0	0	0	1	0	0
A	BL	2	64	1	1	BA1652	13696	3	5	1	1	0	0	0	0	0	0	0
A	BL	2	64	1	1	BA1652	13706	5	4	0	0	0	0	0	0	0	0	0
A	BL	2	64	1	1	BA1652	13767	4	0	0	0	0	0	0	1	0	0	0
A	BL	2	64	1	1	BA1652	13768	4	5	1	1	0	0	0	0	0	0	0
A	BL	2	64	1	1	BA1652	13770	5	0	0	0	0	0	0	1	0	0	0
A	BL	2	64	1	1	BA1652	13778	5	4	0	0	0	0	0	0	0	0	0
A	BL	2	64	1	1	BA1652	13878	4	5	1	1	0	0	0	0	0	0	0
A	BL	2	64	1	1	BA1652	13888	5	4	0	0	0	0	0	0	0	0	0
A	BL	2	64	1	1	BA1652	13904	4	0	0	0	0	0	0	1	0	0	0
A	BL	2	64	1	1	BA1652	13915	4	5	1	1	0	0	0	0	0	0	0
A	BL	2	64	1	1	BA1652	13925	5	4	0	0	0	0	0	0	0	0	0
A	BL	2	64	1	1	BA1652	13929	4	0	0	0	0	0	0	1	0	0	0
A	BL	2	64	1	1	BA1652	13962	4	5	1	1	0	0	0	0	0	0	0
A	BL	2	64	1	1	BA1652	13972	5	9	0	0	0	0	0	0	0	0	0
A	BL	2	64	1	1	BA1652	13976	9	0	0	0	0	0	0	1	0	0	0
A	BL	2	64	1	1	BA1652	13978	9	0	0	1	0	0	0	0	0	0	0
A	BL	2	64	1	1	BA1652	13980	9	0	0	0	0	0	0	1	0	0	0
A	BL	2	64	1	1	BA1652	13982	9	10	0	0	0	0	0	0	0	0	0
A	BL	2	64	1	1	BA1652	14057	10	2	0	0	0	0	0	0	0	0	0
A	BL	2	64	1	1	BA1652	14058	2	3	0	0	0	0	0	0	0	0	0
A	BL	2	64	1	1	BA1652	14297	3	5	1	1	0	0	0	0	0	0	0
A	BL	2	64	1	1	BA1652	14307	5	4	0	0	0	0	0	0	0	0	0
A	BL	2	64	1	1	BA1652	14309	4	0	0	0	0	0	0	1	0	0	0
A	BL	2	64	1	1	BA1652	14337	4	5	1	1	0	0	0	0	0	0	0
A	BL	2	64	1	1	BA1652	14347	5	4	0	0	0	0	0	0	0	0	0
A	BL	2	64	1	1	BA1652	14348	4	0	0	0	0	0	0	1	0	0	0
A	BL	2	64	1	1	BA1652	14398	4	5	1	1	0	0	0	0	0	0	0
A	BL	2	64	1	1	BA1652	14401	5	0	0	0	0	0	0	1	0	0	0
A	BL	2	64	1	1	BA1652	14408	5	4	0	0	0	0	0	0	0	0	0
A	BL	2	64	1	1	BA1652	14430	4	5	1	1	0	0	0	0	0	0	0
A	BL	2	64	1	1	BA1652	14439	5	0	0	0	0	0	0	1	0	0	0
A	BL	2	64	1	1	BA1652	14440	5	4	0	0	0	0	0	0	0	0	0
A	BL	2	64	1	1	BA1652	14443	4	5	1	1	0	0	0	0	0	0	0
A	BL	2	64	1	1	BA1652	14446	5	0	0	0	0	0	0	1	0	0	0
A	BL	2	64	1	1	BA1652	14453	5	9	0	0	0	0	0	0	0	0	0
A	BL	2	64	1	1	BA1652	14463	9	10	0	0	0	0	0	0	0	0	0
A	BL	2	64	1	1	BA1652	14538	10	2	0	0	0	0	0	0	0	0	0
A	BL	2	64	1	1	BA1652	14539	2	6	0	0	0	0	0	0	0	0	0
A	BL	2	64	1	1	BA1652	14802	6	8	2	0	1	0	0	0	0	0	0
A	BL	2	64	1	1	BA1652	14812	8	7	0	0	0	0	0	0	0	0	0
A	BL	2	64	1	1	BA1652	14814	7	0	0	0	0	0	0	0	1	0	0
A	BL	2	64	1	1	BA1652	14816	7	8	2	0	1	0	0	0	0	0	0
A	BL	2	64	1	1	BA1652	14822	8	0	0	0	0	0	0	0	1	0	0
A	BL	2	64	1	1	BA1652	14825	8	0	0	0	1	0	0	0	0	0	0
A	BL	2	64	1	1	BA1652	14826	8	7	0	0	0	0	0	0	0	0	0
A	BL	2	64	1	1	BA1652	14899	7	0	0	0	0	0	0	0	1	0	0
A	BL	2	64	1	1	BA1652	14902	7	8	2	0	1	0	0	0	0	0	0
A	BL	2	64	1	1	BA1652	14912	8	7	0	0	0	0	0	0	0	0	0
A	BL	2	64	1	1	BA1652	14925	7	0	0	0	0	0	0	0	1	0	0
A	BL	2	64	1	1	BA1652	14928	7	8	2	0	1	0	0	0	0	0	0
A	BL	2	64	1	1	BA1652	14936	8	0	0	0	0	0	0	0	1	0	0
A	BL	2	64	1	1	BA1652	14938	8	7	0	0	0	0	0	0	0	0	0
A	BL	2	64	1	1	BA1652	14945	7	8	2	0	1	0	0	0	0	0	0
A	BL	2	64	1	1	BA1652	14955	8	9	0	0	0	0	0	0	0	0	0
A	BL	2	64	1	1	BA1652	14965	9	10	0	0	0	0	0	0	0	0	0
A	BL	2	64	1	1	BA1652	14971	10	0	0	0	0	0	0	0	1	0	0
A	BL	2	64	1	1	BA1652	15040	10	2	0	0	0	0	0	0	0	0	0
A	BL	2	64	1	1	BA1652	15041	2	3	0	0	0	0	0	0	0	0	0
A	BL	2	64	1	1	BA1652	15087	3	5	1	1	0	0	0	0	0	0	0
A	BL	2	64	1	1	BA1652	15097	5	4	0	0	0	0	0	0	0	0	0
A	BL	2	64	1	1	BA1652	15101	4	0	0	0	0	0	0	1	0	0	0
A	BL	2	64	1	1	BA1652	15137	4	5	1	1	0	0	0	0	0	0	0
A	BL	2	64	1	1	BA1652	15147	5	4	0	0	0	0	0	1	0	0	0
A	BL	2	64	1	1	BA1652	15214	4	5	1	1	0	0	0	0	0	0	0
A	BL	2	64	1	1	BA1652	15224	5	4	0	0	0	0	0	0	0	0	0
A	BL	2	64	1	1	BA1652	15247	4	0	0	0	0	0	0	1	0	0	0
A	BL	2	64	1	1	BA1652	15250	4	5	1	1	0	0	0	0	0	0	0
A	BL	2	64	1	1	BA1652	15260	5	4	0	0	0	0	0	0	0	0	0
A	BL	2	64	1	1	BA1652	15274	4	0	0	0	0	0	0	1	0	0	0
A	BL	2	64	1	1	BA1652	15280	4	5	1	1	0	0	0	0	0	0	0
A	BL	2	64	1	1	BA1652	15290	5	9	0	0	0	0	0	0	0	0	0
A	BL	2	64	1	1	BA1652	15300	9	10	0	0	0	0	0	0	0	0	0
A	BL	2	64	1	1	BA1652	15306	10	0	0	0	0	0	0	1	0	0	0
A	BL	2	64	1	1	BA1652	15375	10	2	0	0	0	0	0	0	0	0	0
A	BL	2	64	1	1	BA1652	15376	2	3	0	0	0	0	0	0	0	0	0
A	BL	2	64	1	1	BA1652	15556	3	5	1	1	0	0	0	0	0	0	0
A	BL	2	64	1	1	BA1652	15566	5	4	0	0	0	0	0	0	0	0	0
A	BL	2	64	1	1	BA1652	15578	4	0	0	0	0	0	0	1	0	0	0
A	BL	2	64	1	1	BA1652	15595	4	5	1	1	0	0	0	0	0	0	0
A	BL	2	64	1	1	BA1652	15605	5	4	0	0	0	0	0	0	0	0	0
A	BL	2	64	1	1	BA1652	15620	4	0	0	0	0	0	0	1	0	0	0
A	BL	2	64	1	1	BA1652	15621	4	5	1	1	0	0	0	0	0	0	0
A	BL	2	64	1	1	BA1652	15631	5	4	0	0	0	0	0	0	0	0	0
A	BL	2	64	1	1	BA1652	15633	4	0	0	0	0	0	0	1	0	0	0
A	BL	2	64	1	1	BA1652	15636	4	5	1	1	0	0	0	0	0	0	0
A	BL	2	64	1	1	BA1652	15646	5	4	0	0	0	0	0	0	0	0	0
A	BL	2	64	1	1	BA1652	15667	4	0	0	0	0	0	0	1	0	0	0
A	BL	2	64	1	1	BA1652	15749	4	5	1	1	0	0	0	0	0	0	0
A	BL	2	64	1	1	BA1652	15759	5	9	0	0	0	0	0	0	0	0	0
A	BL	2	64	1	1	BA1652	15769	9	10	0	0	0	0	0	1	0	0	0
A	BL	2	64	1	1	BA1652	15844	10	2	0	0	0	0	0	0	0	0	0
A	BL	2	64	1	1	BA1652	15845	2	3	0	0	0	0	0	0	0	0	0
A	BL	2	64	1	1	BA1652	15946	3	5	1	1	0	0	0	0	0	0	0
A	BL	2	64	1	1	BA1652	15956	5	4	0	0	0	0	0	0	0	0	0
A	BL	2	64	1	1	BA1652	15963	4	0	0	0	0	0	0	1	0	0	0
A	BL	2	64	1	1	BA1652	15968	4	5	1	1	0	0	0	0	0	0	0
A	BL	2	64	1	1	BA1652	15973	5	0	0	0	0	0	0	1	0	0	0
A	BL	2	64	1	1	BA1652	15978	5	4	0	0	0	0	0	0	0	0	0
A	BL	2	64	1	1	BA1652	16009	4	5	1	1	0	0	0	0	0	0	0
A	BL	2	64	1	1	BA1652	16011	5	0	0	0	0	0	0	1	0	0	0
A	BL	2	64	1	1	BA1652	16019	5	4	0	0	0	0	0	0	0	0	0
A	BL	2	64	1	1	BA1652	16091	4	5	1	1	0	0	0	0	0	0	0
A	BL	2	64	1	1	BA1652	16093	5	0	0	0	0	0	0	1	0	0	0
A	BL	2	64	1	1	BA1652	16101	5	4	0	0	0	0	0	0	0	0	0
A	BL	2	64	1	1	BA1652	16121	4	5	1	1	0	0	0	0	0	0	0
A	BL	2	64	1	1	BA1652	16123	5	0	0	0	0	0	0	1	0	0	0
A	BL	2	64	1	1	BA1652	16125	5	0	0	1	0	0	0	0	0	0	0
A	BL	2	64	1	1	BA1652	16131	5	9	0	0	0	0	0	0	0	0	0
A	BL	2	64	1	1	BA1652	16134	9	0	0	0	0	0	0	1	0	0	0
A	BL	2	64	1	1	BA1652	16141	9	10	0	0	0	0	0	0	0	0	0
A	BL	2	64	1	1	BA1652	16216	10	2	0	0	0	0	0	0	0	0	0
A	BL	2	64	1	1	BA1652	16217	2	6	0	0	0	0	0	0	0	0	0
A	BL	2	64	1	1	BA1652	16315	6	8	2	0	1	0	0	0	0	0	0
A	BL	2	64	1	1	BA1652	16321	8	0	0	0	0	0	0	0	1	0	0
A	BL	2	64	1	1	BA1652	16325	8	7	0	0	0	0	0	0	0	0	0
A	BL	2	64	1	1	BA1652	16359	7	8	2	0	1	0	0	0	0	0	0
A	BL	2	64	1	1	BA1652	16366	8	0	0	0	0	0	0	0	1	0	0
A	BL	2	64	1	1	BA1652	16368	8	0	0	0	1	0	0	0	0	0	0
A	BL	2	64	1	1	BA1652	16369	8	7	0	0	0	0	0	0	0	0	0
A	BL	2	64	1	1	BA1652	16392	7	0	0	0	0	0	0	0	1	0	0
A	BL	2	64	1	1	BA1652	16393	7	8	2	0	1	0	0	0	0	0	0
A	BL	2	64	1	1	BA1652	16403	8	7	0	0	0	0	0	0	0	0	0
A	BL	2	64	1	1	BA1652	16409	7	0	0	0	0	0	0	0	1	0	0
A	BL	2	64	1	1	BA1652	16429	7	8	2	0	1	0	0	0	0	0	0
A	BL	2	64	1	1	BA1652	16439	8	7	0	0	0	0	0	0	0	0	0
A	BL	2	64	1	1	BA1652	16455	7	0	0	0	0	0	0	0	1	0	0
A	BL	2	64	1	1	BA1652	16456	7	8	2	0	1	0	0	0	0	0	0
A	BL	2	64	1	1	BA1652	16466	8	9	0	0	0	0	0	0	0	0	0
A	BL	2	64	1	1	BA1652	16472	9	0	0	0	0	0	0	0	1	0	0
A	BL	2	64	1	1	BA1652	16476	9	10	0	0	0	0	0	0	0	0	0
A	BL	2	64	1	1	BA1652	16551	10	2	0	0	0	0	0	0	0	0	0
A	BL	2	64	1	1	BA1652	16552	2	3	0	0	0	0	0	0	0	0	0
A	BL	2	64	1	1	BA1652	16573	3	5	1	1	0	0	0	0	0	0	0
A	BL	2	64	1	1	BA1652	16581	5	0	0	0	0	0	0	1	0	0	0
A	BL	2	64	1	1	BA1652	16583	5	4	0	0	0	0	0	0	0	0	0
A	BL	2	64	1	1	BA1652	16639	4	5	1	1	0	0	0	0	0	0	0
A	BL	2	64	1	1	BA1652	16649	5	4	0	0	0	0	0	0	0	0	0
A	BL	2	64	1	1	BA1652	16660	4	0	0	0	0	0	0	1	0	0	0
A	BL	2	64	1	1	BA1652	16669	4	5	1	1	0	0	0	0	0	0	0
A	BL	2	64	1	1	BA1652	16679	5	4	0	0	0	0	0	0	0	0	0
A	BL	2	64	1	1	BA1652	16692	4	5	1	1	0	0	0	1	0	0	0
A	BL	2	64	1	1	BA1652	16702	5	4	0	0	0	0	0	0	0	0	0
A	BL	2	64	1	1	BA1652	16718	4	0	0	0	0	0	0	1	0	0	0
A	BL	2	64	1	1	BA1652	16722	4	5	1	1	0	0	0	0	0	0	0
A	BL	2	64	1	1	BA1652	16732	5	9	0	0	0	0	0	0	0	0	0
A	BL	2	64	1	1	BA1652	16736	9	0	0	0	0	0	0	1	0	0	0
A	BL	2	64	1	1	BA1652	16742	9	10	0	0	0	0	0	0	0	0	0
A	BL	2	64	1	1	BA1652	16817	10	2	0	0	0	0	0	0	0	0	0
A	BL	2	64	1	1	BA1652	16818	2	3	0	0	0	0	0	0	0	0	0
A	BL	2	64	1	1	BA1652	16960	3	5	1	1	0	0	0	0	0	0	0
A	BL	2	64	1	1	BA1652	16963	5	0	0	0	0	0	0	1	0	0	0
A	BL	2	64	1	1	BA1652	16970	5	4	0	0	0	0	0	0	0	0	0
A	BL	2	64	1	1	BA1652	17021	4	5	1	1	0	0	0	0	0	0	0
A	BL	2	64	1	1	BA1652	17023	5	0	0	0	0	0	0	1	0	0	0
A	BL	2	64	1	1	BA1652	17031	5	4	0	0	0	0	0	0	0	0	0
A	BL	2	64	1	1	BA1652	17105	4	5	1	1	0	0	0	0	0	0	0
A	BL	2	64	1	1	BA1652	17115	5	4	0	0	0	0	0	0	0	0	0
A	BL	2	64	1	1	BA1652	17222	4	0	0	0	0	0	0	1	0	0	0
A	BL	2	64	1	1	BA1652	17232	4	5	1	1	0	0	0	0	0	0	0
A	BL	2	64	1	1	BA1652	17236	5	0	0	0	0	0	0	1	0	0	0
A	BL	2	64	1	1	BA1652	17242	5	4	0	0	0	0	0	0	0	0	0
A	BL	2	64	1	1	BA1652	17258	4	5	1	1	0	0	0	0	0	0	0
A	BL	2	64	1	1	BA1652	17266	5	0	0	0	0	0	0	1	0	0	0
A	BL	2	64	1	1	BA1652	17268	5	9	0	0	0	0	0	0	0	0	0
A	BL	2	64	1	1	BA1652	17270	9	0	0	1	0	0	0	0	0	0	0
A	BL	2	64	1	1	BA1652	17274	9	0	0	0	0	0	0	1	0	0	0
A	BL	2	64	1	1	BA1652	17278	9	10	0	0	0	0	0	0	0	0	0
A	BL	2	64	1	1	BA1652	17279	10	0	0	1	0	0	0	0	0	0	0
A	BL	2	64	1	1	BA1652	17281	10	0	0	0	0	0	0	1	0	0	0
A	BL	2	64	1	1	BA1652	17353	10	2	0	0	0	0	0	0	0	0	0
A	BL	2	64	1	1	BA1652	17354	2	6	0	0	0	0	0	0	0	0	0
A	BL	2	64	1	1	BA1652	17516	6	8	2	0	1	0	0	0	0	0	0
A	BL	2	64	1	1	BA1652	17526	8	7	0	0	0	0	0	0	0	0	0
A	BL	2	64	1	1	BA1652	17550	7	0	0	0	0	0	0	0	1	0	0
A	BL	2	64	1	1	BA1652	17555	7	8	2	0	1	0	0	0	0	0	0
A	BL	2	64	1	1	BA1652	17565	8	7	0	0	0	0	0	0	0	0	0
A	BL	2	64	1	1	BA1652	17604	7	0	0	0	0	0	0	0	1	0	0
A	BL	2	64	1	1	BA1652	17617	7	8	2	0	1	0	0	0	0	0	0
A	BL	2	64	1	1	BA1652	17627	8	7	0	0	0	0	0	0	0	0	0
A	BL	2	64	1	1	BA1652	17657	7	0	0	0	0	0	0	0	1	0	0
A	BL	2	64	1	1	BA1652	17682	7	8	2	0	1	0	0	0	0	0	0
A	BL	2	64	1	1	BA1652	17686	8	0	0	0	0	0	0	0	1	0	0
A	BL	2	64	1	1	BA1652	17692	8	7	0	0	0	0	0	0	0	0	0
A	BL	2	64	1	1	BA1652	17828	7	8	2	0	1	0	0	0	0	0	0
A	BL	2	64	1	1	BA1652	17830	8	0	0	0	0	0	0	0	1	0	0
A	BL	2	64	1	1	BA1652	17838	8	9	0	0	0	0	0	0	0	0	0
A	BL	2	64	1	1	BA1652	17839	9	0	0	0	1	0	0	0	0	0	0
A	BL	2	64	1	1	BA1652	17848	9	10	0	0	0	0	0	0	0	0	0
A	BL	2	64	1	1	BA1652	17852	10	0	0	0	0	0	0	0	1	0	0
A	BL	2	64	1	1	BA1652	17923	10	2	0	0	0	0	0	0	0	0	0
A	BL	2	64	1	1	BA1652	17924	2	6	0	0	0	0	0	0	0	0	0
A	BL	2	64	1	1	BA1652	17997	6	8	2	0	1	0	0	0	0	0	0
A	BL	2	64	1	1	BA1652	18007	8	7	0	0	0	0	0	0	0	0	0
A	BL	2	64	1	1	BA1652	18067	7	0	0	0	0	0	0	0	1	0	0
A	BL	2	64	1	1	BA1652	18076	7	8	2	0	1	0	0	0	0	0	0
A	BL	2	64	1	1	BA1652	18086	8	7	0	0	0	0	0	0	0	0	0
A	BL	2	64	1	1	BA1652	18107	7	0	0	0	0	0	0	0	1	0	0
A	BL	2	64	1	1	BA1652	18118	7	8	2	0	1	0	0	0	0	0	0
A	BL	2	64	1	1	BA1652	18128	8	7	0	0	0	0	0	0	0	0	0
A	BL	2	64	1	1	BA1652	18135	7	0	0	0	0	0	0	0	1	0	0
A	BL	2	64	1	1	BA1652	18136	7	8	2	0	1	0	0	0	0	0	0
A	BL	2	64	1	1	BA1652	18146	8	7	0	0	0	0	0	0	0	0	0
A	BL	2	64	1	1	BA1652	18175	7	0	0	0	0	0	0	0	1	0	0
A	BL	2	64	1	1	BA1652	18177	7	8	2	0	1	0	0	0	0	0	0
A	BL	2	64	1	1	BA1652	18187	8	9	0	0	0	0	0	0	0	0	0
A	BL	2	64	1	1	BA1652	18197	9	-1	0	0	0	0	0	0	0	0	0
