Project	UserID	Protocol	Session	Station	Run	Subject	Time	Current State	Transition State	Transition Event	A1 - 	A2 - 	A3 - 	A4 - 	A[1] 	A[2] 	A[3] 	A[4] 
A	BL	1	63	9	1	BA1651	0	0	1	0	0	0	0	0	0	0	0	0
A	BL	1	63	9	1	BA1651	50	1	2	0	0	0	0	0	0	0	0	0
A	BL	1	63	9	1	BA1651	51	2	3	0	0	0	0	0	0	0	0	0
A	BL	1	63	9	1	BA1651	345	3	5	1	1	0	0	0	0	0	0	0
A	BL	1	63	9	1	BA1651	355	5	4	0	0	0	0	0	0	0	0	0
A	BL	1	63	9	1	BA1651	426	4	0	0	0	0	0	0	1	0	0	0
A	BL	1	63	9	1	BA1651	433	4	5	1	1	0	0	0	0	0	0	0
A	BL	1	63	9	1	BA1651	439	5	0	0	0	0	0	0	1	0	0	0
A	BL	1	63	9	1	BA1651	443	5	4	0	0	0	0	0	0	0	0	0
A	BL	1	63	9	1	BA1651	459	4	5	1	1	0	0	0	0	0	0	0
A	BL	1	63	9	1	BA1651	469	5	4	0	0	0	0	0	0	0	0	0
A	BL	1	63	9	1	BA1651	654	4	0	0	0	0	0	0	1	0	0	0
A	BL	1	63	9	1	BA1651	688	4	5	1	1	0	0	0	0	0	0	0
A	BL	1	63	9	1	BA1651	693	5	0	0	0	0	0	0	1	0	0	0
A	BL	1	63	9	1	BA1651	696	5	0	0	1	0	0	0	0	0	0	0
A	BL	1	63	9	1	BA1651	698	5	4	0	0	0	0	0	0	0	0	0
A	BL	1	63	9	1	BA1651	707	4	0	0	0	0	0	0	1	0	0	0
A	BL	1	63	9	1	BA1651	719	4	5	1	1	0	0	0	0	0	0	0
A	BL	1	63	9	1	BA1651	729	5	9	0	0	0	0	0	0	0	0	0
A	BL	1	63	9	1	BA1651	739	9	10	0	0	0	0	0	0	0	0	0
A	BL	1	63	9	1	BA1651	750	10	0	0	0	0	0	0	1	0	0	0
A	BL	1	63	9	1	BA1651	814	10	2	0	0	0	0	0	0	0	0	0
A	BL	1	63	9	1	BA1651	815	2	6	0	0	0	0	0	0	0	0	0
A	BL	1	63	9	1	BA1651	905	6	8	2	0	1	0	0	0	0	0	0
A	BL	1	63	9	1	BA1651	915	8	7	0	0	0	0	0	0	0	0	0
A	BL	1	63	9	1	BA1651	916	7	0	0	0	0	0	0	0	1	0	0
A	BL	1	63	9	1	BA1651	937	7	8	2	0	1	0	0	0	0	0	0
A	BL	1	63	9	1	BA1651	947	8	7	0	0	0	0	0	0	0	0	0
A	BL	1	63	9	1	BA1651	949	7	0	0	0	0	0	0	0	1	0	0
A	BL	1	63	9	1	BA1651	984	7	8	2	0	1	0	0	0	0	0	0
A	BL	1	63	9	1	BA1651	994	8	7	0	0	0	0	0	0	0	0	0
A	BL	1	63	9	1	BA1651	1005	7	0	0	0	0	0	0	0	1	0	0
A	BL	1	63	9	1	BA1651	1187	7	8	2	0	1	0	0	0	0	0	0
A	BL	1	63	9	1	BA1651	1197	8	7	0	0	0	0	0	0	1	0	0
A	BL	1	63	9	1	BA1651	1200	7	8	2	0	1	0	0	0	0	0	0
A	BL	1	63	9	1	BA1651	1204	8	0	0	0	0	0	0	0	1	0	0
A	BL	1	63	9	1	BA1651	1210	8	9	0	0	1	0	0	0	0	0	0
A	BL	1	63	9	1	BA1651	1217	9	0	0	0	0	0	0	0	1	0	0
A	BL	1	63	9	1	BA1651	1219	9	0	0	0	1	0	0	0	0	0	0
A	BL	1	63	9	1	BA1651	1220	9	10	0	0	0	0	0	0	0	0	0
A	BL	1	63	9	1	BA1651	1237	10	0	0	0	0	0	0	0	1	0	0
A	BL	1	63	9	1	BA1651	1295	10	2	0	0	0	0	0	0	0	0	0
A	BL	1	63	9	1	BA1651	1296	2	6	0	0	0	0	0	0	0	0	0
A	BL	1	63	9	1	BA1651	1348	6	8	2	0	1	0	0	0	0	0	0
A	BL	1	63	9	1	BA1651	1358	8	7	0	0	0	0	0	0	0	0	0
A	BL	1	63	9	1	BA1651	1374	7	0	0	0	0	0	0	0	1	0	0
A	BL	1	63	9	1	BA1651	1375	7	8	2	0	1	0	0	0	0	0	0
A	BL	1	63	9	1	BA1651	1385	8	7	0	0	0	0	0	0	0	0	0
A	BL	1	63	9	1	BA1651	1445	7	0	0	0	0	0	0	0	1	0	0
A	BL	1	63	9	1	BA1651	1499	7	8	2	0	1	0	0	0	0	0	0
A	BL	1	63	9	1	BA1651	1501	8	0	0	0	0	0	0	0	1	0	0
A	BL	1	63	9	1	BA1651	1507	8	0	0	0	1	0	0	0	0	0	0
A	BL	1	63	9	1	BA1651	1509	8	7	0	0	0	0	0	0	0	0	0
A	BL	1	63	9	1	BA1651	1537	7	0	0	0	0	0	0	0	1	0	0
A	BL	1	63	9	1	BA1651	1539	7	8	2	0	1	0	0	0	0	0	0
A	BL	1	63	9	1	BA1651	1549	8	7	0	0	0	0	0	0	0	0	0
A	BL	1	63	9	1	BA1651	1576	7	0	0	0	0	0	0	0	1	0	0
A	BL	1	63	9	1	BA1651	1578	7	8	2	0	1	0	0	0	0	0	0
A	BL	1	63	9	1	BA1651	1588	8	9	0	0	0	0	0	0	0	0	0
A	BL	1	63	9	1	BA1651	1598	9	10	0	0	0	0	0	0	0	0	0
A	BL	1	63	9	1	BA1651	1611	10	0	0	0	0	0	0	0	1	0	0
A	BL	1	63	9	1	BA1651	1673	10	2	0	0	0	0	0	0	0	0	0
A	BL	1	63	9	1	BA1651	1674	2	6	0	0	0	0	0	0	0	0	0
A	BL	1	63	9	1	BA1651	1739	6	8	2	0	1	0	0	0	0	0	0
A	BL	1	63	9	1	BA1651	1749	8	7	0	0	0	0	0	0	0	0	0
A	BL	1	63	9	1	BA1651	1752	7	0	0	0	0	0	0	0	1	0	0
A	BL	1	63	9	1	BA1651	1760	7	8	2	0	1	0	0	0	0	0	0
A	BL	1	63	9	1	BA1651	1770	8	7	0	0	0	0	0	0	0	0	0
A	BL	1	63	9	1	BA1651	1777	7	0	0	0	0	0	0	0	1	0	0
A	BL	1	63	9	1	BA1651	1786	7	8	2	0	1	0	0	0	0	0	0
A	BL	1	63	9	1	BA1651	1788	8	0	0	0	0	0	0	0	1	0	0
A	BL	1	63	9	1	BA1651	1796	8	7	0	0	0	0	0	0	0	0	0
A	BL	1	63	9	1	BA1651	1807	7	8	2	0	1	0	0	0	0	0	0
A	BL	1	63	9	1	BA1651	1809	8	0	0	0	0	0	0	0	1	0	0
A	BL	1	63	9	1	BA1651	1812	8	0	0	0	1	0	0	0	0	0	0
A	BL	1	63	9	1	BA1651	1817	8	7	0	0	0	0	0	0	0	0	0
A	BL	1	63	9	1	BA1651	1831	7	0	0	0	0	0	0	0	1	0	0
A	BL	1	63	9	1	BA1651	1837	7	8	2	0	1	0	0	0	0	0	0
A	BL	1	63	9	1	BA1651	1838	8	0	0	0	0	0	0	0	1	0	0
A	BL	1	63	9	1	BA1651	1847	8	9	0	0	0	0	0	0	0	0	0
A	BL	1	63	9	1	BA1651	1857	9	10	0	0	0	0	0	0	0	0	0
A	BL	1	63	9	1	BA1651	1932	10	2	0	0	0	0	0	0	0	0	0
A	BL	1	63	9	1	BA1651	1933	2	3	0	0	0	0	0	0	0	0	0
A	BL	1	63	9	1	BA1651	1952	3	5	1	1	0	0	0	0	0	0	0
A	BL	1	63	9	1	BA1651	1962	5	4	0	0	0	0	0	0	0	0	0
A	BL	1	63	9	1	BA1651	1992	4	0	0	0	0	0	0	1	0	0	0
A	BL	1	63	9	1	BA1651	1995	4	5	1	1	0	0	0	0	0	0	0
A	BL	1	63	9	1	BA1651	2005	5	4	0	0	0	0	0	0	0	0	0
A	BL	1	63	9	1	BA1651	2040	4	0	0	0	0	0	0	1	0	0	0
A	BL	1	63	9	1	BA1651	2055	4	5	1	1	0	0	0	0	0	0	0
A	BL	1	63	9	1	BA1651	2065	5	4	0	0	0	0	0	0	0	0	0
A	BL	1	63	9	1	BA1651	2148	4	0	0	0	0	0	0	1	0	0	0
A	BL	1	63	9	1	BA1651	2154	4	5	1	1	0	0	0	0	0	0	0
A	BL	1	63	9	1	BA1651	2164	5	4	0	0	0	0	0	0	0	0	0
A	BL	1	63	9	1	BA1651	2181	4	0	0	0	0	0	0	1	0	0	0
A	BL	1	63	9	1	BA1651	2199	4	5	1	1	0	0	0	0	0	0	0
A	BL	1	63	9	1	BA1651	2209	5	9	0	0	0	0	0	0	0	0	0
A	BL	1	63	9	1	BA1651	2219	9	10	0	0	0	0	0	0	0	0	0
A	BL	1	63	9	1	BA1651	2239	10	0	0	0	0	0	0	1	0	0	0
A	BL	1	63	9	1	BA1651	2294	10	2	0	0	0	0	0	0	0	0	0
A	BL	1	63	9	1	BA1651	2295	2	3	0	0	0	0	0	0	0	0	0
A	BL	1	63	9	1	BA1651	2415	3	5	1	1	0	0	0	0	0	0	0
A	BL	1	63	9	1	BA1651	2425	5	4	0	0	0	0	0	0	0	0	0
A	BL	1	63	9	1	BA1651	2466	4	0	0	0	0	0	0	1	0	0	0
A	BL	1	63	9	1	BA1651	2484	4	5	1	1	0	0	0	0	0	0	0
A	BL	1	63	9	1	BA1651	2494	5	4	0	0	0	0	0	0	0	0	0
A	BL	1	63	9	1	BA1651	2520	4	0	0	0	0	0	0	1	0	0	0
A	BL	1	63	9	1	BA1651	2540	4	5	1	1	0	0	0	0	0	0	0
A	BL	1	63	9	1	BA1651	2550	5	4	0	0	0	0	0	0	0	0	0
A	BL	1	63	9	1	BA1651	2574	4	0	0	0	0	0	0	1	0	0	0
A	BL	1	63	9	1	BA1651	2598	4	5	1	1	0	0	0	0	0	0	0
A	BL	1	63	9	1	BA1651	2608	5	4	0	0	0	0	0	0	0	0	0
A	BL	1	63	9	1	BA1651	2630	4	0	0	0	0	0	0	1	0	0	0
A	BL	1	63	9	1	BA1651	2634	4	5	1	1	0	0	0	0	0	0	0
A	BL	1	63	9	1	BA1651	2644	5	9	0	0	0	0	0	0	0	0	0
A	BL	1	63	9	1	BA1651	2654	9	10	0	0	0	0	0	0	0	0	0
A	BL	1	63	9	1	BA1651	2661	10	0	0	0	0	0	0	1	0	0	0
A	BL	1	63	9	1	BA1651	2729	10	2	0	0	0	0	0	0	0	0	0
A	BL	1	63	9	1	BA1651	2730	2	6	0	0	0	0	0	0	0	0	0
A	BL	1	63	9	1	BA1651	2746	6	0	0	1	0	0	0	0	0	0	0
A	BL	1	63	9	1	BA1651	2789	6	0	0	0	0	0	0	1	0	0	0
A	BL	1	63	9	1	BA1651	2838	6	8	2	0	1	0	0	0	0	0	0
A	BL	1	63	9	1	BA1651	2848	8	7	0	0	0	0	0	0	0	0	0
A	BL	1	63	9	1	BA1651	2877	7	0	0	0	0	0	0	0	1	0	0
A	BL	1	63	9	1	BA1651	2880	7	8	2	0	1	0	0	0	0	0	0
A	BL	1	63	9	1	BA1651	2890	8	7	0	0	0	0	0	0	0	0	0
A	BL	1	63	9	1	BA1651	2916	7	0	0	0	0	0	0	0	1	0	0
A	BL	1	63	9	1	BA1651	2999	7	8	2	0	1	0	0	0	0	0	0
A	BL	1	63	9	1	BA1651	3009	8	7	0	0	0	0	0	0	0	0	0
A	BL	1	63	9	1	BA1651	3047	7	0	0	0	0	0	0	0	1	0	0
A	BL	1	63	9	1	BA1651	3066	7	8	2	0	1	0	0	0	0	0	0
A	BL	1	63	9	1	BA1651	3076	8	7	0	0	0	0	0	0	0	0	0
A	BL	1	63	9	1	BA1651	3098	7	0	0	0	0	0	0	0	1	0	0
A	BL	1	63	9	1	BA1651	3100	7	8	2	0	1	0	0	0	0	0	0
A	BL	1	63	9	1	BA1651	3107	8	0	0	0	0	0	0	0	1	0	0
A	BL	1	63	9	1	BA1651	3108	8	0	0	0	1	0	0	0	0	0	0
A	BL	1	63	9	1	BA1651	3110	8	9	0	0	0	0	0	0	0	0	0
A	BL	1	63	9	1	BA1651	3118	9	0	0	0	0	0	0	0	1	0	0
A	BL	1	63	9	1	BA1651	3120	9	10	0	0	0	0	0	0	0	0	0
A	BL	1	63	9	1	BA1651	3195	10	2	0	0	0	0	0	0	0	0	0
A	BL	1	63	9	1	BA1651	3196	2	6	0	0	0	0	0	0	0	0	0
A	BL	1	63	9	1	BA1651	3284	6	8	2	0	1	0	0	0	0	0	0
A	BL	1	63	9	1	BA1651	3294	8	7	0	0	0	0	0	0	0	0	0
A	BL	1	63	9	1	BA1651	3299	7	8	2	0	1	0	0	0	1	0	0
A	BL	1	63	9	1	BA1651	3300	8	0	0	0	0	0	0	0	1	0	0
A	BL	1	63	9	1	BA1651	3309	8	7	0	0	0	0	0	0	0	0	0
A	BL	1	63	9	1	BA1651	3327	7	8	2	0	1	0	0	0	0	0	0
A	BL	1	63	9	1	BA1651	3337	8	7	0	0	0	0	0	0	0	0	0
A	BL	1	63	9	1	BA1651	3431	7	0	0	0	0	0	0	0	1	0	0
A	BL	1	63	9	1	BA1651	3432	7	8	2	0	1	0	0	0	0	0	0
A	BL	1	63	9	1	BA1651	3435	8	0	0	0	0	0	0	0	1	0	0
A	BL	1	63	9	1	BA1651	3440	8	0	0	0	1	0	0	0	0	0	0
A	BL	1	63	9	1	BA1651	3442	8	7	0	0	0	0	0	0	0	0	0
A	BL	1	63	9	1	BA1651	3496	7	8	2	0	1	0	0	0	1	0	0
A	BL	1	63	9	1	BA1651	3506	8	9	0	0	0	0	0	0	0	0	0
A	BL	1	63	9	1	BA1651	3516	9	10	0	0	0	0	0	0	0	0	0
A	BL	1	63	9	1	BA1651	3519	10	0	0	0	0	0	0	0	1	0	0
A	BL	1	63	9	1	BA1651	3591	10	2	0	0	0	0	0	0	0	0	0
A	BL	1	63	9	1	BA1651	3592	2	6	0	0	0	0	0	0	0	0	0
A	BL	1	63	9	1	BA1651	3684	6	8	2	0	1	0	0	0	0	0	0
A	BL	1	63	9	1	BA1651	3694	8	7	0	0	0	0	0	0	0	0	0
A	BL	1	63	9	1	BA1651	3697	7	0	0	0	0	0	0	0	1	0	0
A	BL	1	63	9	1	BA1651	3725	7	8	2	0	1	0	0	0	0	0	0
A	BL	1	63	9	1	BA1651	3735	8	7	0	0	0	0	0	0	1	0	0
A	BL	1	63	9	1	BA1651	3736	7	8	2	0	1	0	0	0	0	0	0
A	BL	1	63	9	1	BA1651	3746	8	7	0	0	0	0	0	0	0	0	0
A	BL	1	63	9	1	BA1651	3751	7	0	0	0	0	0	0	0	1	0	0
A	BL	1	63	9	1	BA1651	3755	7	8	2	0	1	0	0	0	0	0	0
A	BL	1	63	9	1	BA1651	3759	8	0	0	0	0	0	0	0	1	0	0
A	BL	1	63	9	1	BA1651	3762	8	0	0	0	1	0	0	0	0	0	0
A	BL	1	63	9	1	BA1651	3765	8	7	0	0	0	0	0	0	0	0	0
A	BL	1	63	9	1	BA1651	3768	7	0	0	0	0	0	0	0	1	0	0
A	BL	1	63	9	1	BA1651	3790	7	8	2	0	1	0	0	0	0	0	0
A	BL	1	63	9	1	BA1651	3800	8	9	0	0	0	0	0	0	0	0	0
A	BL	1	63	9	1	BA1651	3810	9	10	0	0	0	0	0	0	0	0	0
A	BL	1	63	9	1	BA1651	3813	10	0	0	0	0	0	0	0	1	0	0
A	BL	1	63	9	1	BA1651	3885	10	2	0	0	0	0	0	0	0	0	0
A	BL	1	63	9	1	BA1651	3886	2	3	0	0	0	0	0	0	0	0	0
A	BL	1	63	9	1	BA1651	4094	3	5	1	1	0	0	0	0	0	0	0
A	BL	1	63	9	1	BA1651	4104	5	4	0	0	0	0	0	0	0	0	0
A	BL	1	63	9	1	BA1651	4137	4	0	0	0	0	0	0	1	0	0	0
A	BL	1	63	9	1	BA1651	4154	4	5	1	1	0	0	0	0	0	0	0
A	BL	1	63	9	1	BA1651	4164	5	4	0	0	0	0	0	0	0	0	0
A	BL	1	63	9	1	BA1651	4193	4	0	0	0	0	0	0	1	0	0	0
A	BL	1	63	9	1	BA1651	4239	4	5	1	1	0	0	0	0	0	0	0
A	BL	1	63	9	1	BA1651	4249	5	4	0	0	0	0	0	0	0	0	0
A	BL	1	63	9	1	BA1651	4291	4	0	0	0	0	0	0	1	0	0	0
A	BL	1	63	9	1	BA1651	4299	4	5	1	1	0	0	0	0	0	0	0
A	BL	1	63	9	1	BA1651	4309	5	4	0	0	0	0	0	0	0	0	0
A	BL	1	63	9	1	BA1651	4351	4	0	0	0	0	0	0	1	0	0	0
A	BL	1	63	9	1	BA1651	4403	4	5	1	1	0	0	0	0	0	0	0
A	BL	1	63	9	1	BA1651	4413	5	9	0	0	0	0	0	0	0	0	0
A	BL	1	63	9	1	BA1651	4423	9	10	0	0	0	0	0	0	0	0	0
A	BL	1	63	9	1	BA1651	4430	10	0	0	0	0	0	0	1	0	0	0
A	BL	1	63	9	1	BA1651	4498	10	2	0	0	0	0	0	0	0	0	0
A	BL	1	63	9	1	BA1651	4499	2	6	0	0	0	0	0	0	0	0	0
A	BL	1	63	9	1	BA1651	4607	6	8	2	0	1	0	0	0	0	0	0
A	BL	1	63	9	1	BA1651	4617	8	7	0	0	0	0	0	0	0	0	0
A	BL	1	63	9	1	BA1651	4647	7	0	0	0	0	0	0	0	1	0	0
A	BL	1	63	9	1	BA1651	4675	7	8	2	0	1	0	0	0	0	0	0
A	BL	1	63	9	1	BA1651	4685	8	7	0	0	0	0	0	0	0	0	0
A	BL	1	63	9	1	BA1651	4716	7	0	0	0	0	0	0	0	1	0	0
A	BL	1	63	9	1	BA1651	4722	7	8	2	0	1	0	0	0	0	0	0
A	BL	1	63	9	1	BA1651	4732	8	7	0	0	0	0	0	0	0	0	0
A	BL	1	63	9	1	BA1651	4735	7	0	0	0	0	0	0	0	1	0	0
A	BL	1	63	9	1	BA1651	4750	7	8	2	0	1	0	0	0	0	0	0
A	BL	1	63	9	1	BA1651	4760	8	7	0	0	0	0	0	0	0	0	0
A	BL	1	63	9	1	BA1651	4762	7	0	0	0	0	0	0	0	1	0	0
A	BL	1	63	9	1	BA1651	4790	7	8	2	0	1	0	0	0	0	0	0
A	BL	1	63	9	1	BA1651	4800	8	9	0	0	0	0	0	0	0	0	0
A	BL	1	63	9	1	BA1651	4810	9	10	0	0	0	0	0	0	0	0	0
A	BL	1	63	9	1	BA1651	4817	10	0	0	0	0	0	0	0	1	0	0
A	BL	1	63	9	1	BA1651	4885	10	2	0	0	0	0	0	0	0	0	0
A	BL	1	63	9	1	BA1651	4886	2	3	0	0	0	0	0	0	0	0	0
A	BL	1	63	9	1	BA1651	4945	3	0	0	0	1	0	0	0	0	0	0
A	BL	1	63	9	1	BA1651	4947	3	0	0	0	0	0	0	0	1	0	0
A	BL	1	63	9	1	BA1651	4958	3	0	0	0	1	0	0	0	0	0	0
A	BL	1	63	9	1	BA1651	4961	3	0	0	0	0	0	0	0	1	0	0
A	BL	1	63	9	1	BA1651	4966	3	0	0	0	1	0	0	0	0	0	0
A	BL	1	63	9	1	BA1651	5041	3	0	0	0	0	0	0	0	1	0	0
A	BL	1	63	9	1	BA1651	5074	3	0	0	0	1	0	0	0	0	0	0
A	BL	1	63	9	1	BA1651	5076	3	0	0	0	0	0	0	0	1	0	0
A	BL	1	63	9	1	BA1651	5091	3	0	0	0	1	0	0	0	0	0	0
A	BL	1	63	9	1	BA1651	5126	3	0	0	0	0	0	0	0	1	0	0
A	BL	1	63	9	1	BA1651	5132	3	0	0	0	1	0	0	0	0	0	0
A	BL	1	63	9	1	BA1651	5162	3	0	0	0	0	0	0	0	1	0	0
A	BL	1	63	9	1	BA1651	5168	3	0	0	0	1	0	0	0	0	0	0
A	BL	1	63	9	1	BA1651	5187	3	0	0	0	0	0	0	0	1	0	0
A	BL	1	63	9	1	BA1651	5202	3	0	0	0	1	0	0	0	0	0	0
A	BL	1	63	9	1	BA1651	5207	3	0	0	0	0	0	0	0	1	0	0
A	BL	1	63	9	1	BA1651	5208	3	0	0	0	1	0	0	0	0	0	0
A	BL	1	63	9	1	BA1651	5220	3	0	0	0	0	0	0	0	1	0	0
A	BL	1	63	9	1	BA1651	5292	3	5	1	1	0	0	0	0	0	0	0
A	BL	1	63	9	1	BA1651	5302	5	4	0	0	0	0	0	1	0	0	0
A	BL	1	63	9	1	BA1651	5319	4	5	1	1	0	0	0	0	0	0	0
A	BL	1	63	9	1	BA1651	5329	5	4	0	0	0	0	0	0	0	0	0
A	BL	1	63	9	1	BA1651	5437	4	0	0	0	0	0	0	1	0	0	0
A	BL	1	63	9	1	BA1651	5445	4	5	1	1	0	0	0	0	0	0	0
A	BL	1	63	9	1	BA1651	5455	5	4	0	0	0	0	0	0	0	0	0
A	BL	1	63	9	1	BA1651	5492	4	0	0	0	0	0	0	1	0	0	0
A	BL	1	63	9	1	BA1651	5503	4	5	1	1	0	0	0	0	0	0	0
A	BL	1	63	9	1	BA1651	5513	5	4	0	0	0	0	0	0	0	0	0
A	BL	1	63	9	1	BA1651	5564	4	0	0	0	0	0	0	1	0	0	0
A	BL	1	63	9	1	BA1651	5587	4	5	1	1	0	0	0	0	0	0	0
A	BL	1	63	9	1	BA1651	5597	5	9	0	0	0	0	0	0	0	0	0
A	BL	1	63	9	1	BA1651	5607	9	10	0	0	0	0	0	0	0	0	0
A	BL	1	63	9	1	BA1651	5629	10	0	0	0	0	0	0	1	0	0	0
A	BL	1	63	9	1	BA1651	5682	10	2	0	0	0	0	0	0	0	0	0
A	BL	1	63	9	1	BA1651	5683	2	3	0	0	0	0	0	0	0	0	0
A	BL	1	63	9	1	BA1651	5809	3	5	1	1	0	0	0	0	0	0	0
A	BL	1	63	9	1	BA1651	5819	5	4	0	0	0	0	0	0	0	0	0
A	BL	1	63	9	1	BA1651	5877	4	0	0	0	0	0	0	1	0	0	0
A	BL	1	63	9	1	BA1651	5894	4	5	1	1	0	0	0	0	0	0	0
A	BL	1	63	9	1	BA1651	5904	5	4	0	0	0	0	0	0	0	0	0
A	BL	1	63	9	1	BA1651	5975	4	0	0	0	0	0	0	1	0	0	0
A	BL	1	63	9	1	BA1651	5978	4	5	1	1	0	0	0	0	0	0	0
A	BL	1	63	9	1	BA1651	5988	5	4	0	0	0	0	0	0	0	0	0
A	BL	1	63	9	1	BA1651	6034	4	0	0	0	0	0	0	1	0	0	0
A	BL	1	63	9	1	BA1651	6050	4	5	1	1	0	0	0	0	0	0	0
A	BL	1	63	9	1	BA1651	6060	5	4	0	0	0	0	0	0	0	0	0
A	BL	1	63	9	1	BA1651	6087	4	0	0	0	0	0	0	1	0	0	0
A	BL	1	63	9	1	BA1651	6089	4	5	1	1	0	0	0	0	0	0	0
A	BL	1	63	9	1	BA1651	6098	5	0	0	0	0	0	0	1	0	0	0
A	BL	1	63	9	1	BA1651	6099	5	9	0	0	0	0	0	0	0	0	0
A	BL	1	63	9	1	BA1651	6105	9	0	0	1	0	0	0	0	0	0	0
A	BL	1	63	9	1	BA1651	6109	9	10	0	0	0	0	0	0	0	0	0
A	BL	1	63	9	1	BA1651	6184	10	2	0	0	0	0	0	0	0	0	0
A	BL	1	63	9	1	BA1651	6185	2	3	0	0	0	0	0	0	0	0	0
A	BL	1	63	9	1	BA1651	6192	3	0	0	0	0	0	0	1	0	0	0
A	BL	1	63	9	1	BA1651	6208	3	5	1	1	0	0	0	0	0	0	0
A	BL	1	63	9	1	BA1651	6218	5	4	0	0	0	0	0	1	0	0	0
A	BL	1	63	9	1	BA1651	6290	4	5	1	1	0	0	0	0	0	0	0
A	BL	1	63	9	1	BA1651	6300	5	4	0	0	0	0	0	0	0	0	0
A	BL	1	63	9	1	BA1651	6322	4	0	0	0	0	0	0	1	0	0	0
A	BL	1	63	9	1	BA1651	6361	4	5	1	1	0	0	0	0	0	0	0
A	BL	1	63	9	1	BA1651	6371	5	4	0	0	0	0	0	0	0	0	0
A	BL	1	63	9	1	BA1651	6379	4	0	0	0	0	0	0	1	0	0	0
A	BL	1	63	9	1	BA1651	6386	4	5	1	1	0	0	0	0	0	0	0
A	BL	1	63	9	1	BA1651	6396	5	4	0	0	0	0	0	0	0	0	0
A	BL	1	63	9	1	BA1651	6437	4	0	0	0	0	0	0	1	0	0	0
A	BL	1	63	9	1	BA1651	6769	4	5	1	1	0	0	0	0	0	0	0
A	BL	1	63	9	1	BA1651	6779	5	9	0	0	0	0	0	0	0	0	0
A	BL	1	63	9	1	BA1651	6789	9	10	0	0	0	0	0	0	0	0	0
A	BL	1	63	9	1	BA1651	6794	10	0	0	0	0	0	0	1	0	0	0
A	BL	1	63	9	1	BA1651	6864	10	2	0	0	0	0	0	0	0	0	0
A	BL	1	63	9	1	BA1651	6865	2	6	0	0	0	0	0	0	0	0	0
A	BL	1	63	9	1	BA1651	6954	6	8	2	0	1	0	0	0	0	0	0
A	BL	1	63	9	1	BA1651	6964	8	7	0	0	0	0	0	0	0	0	0
A	BL	1	63	9	1	BA1651	6975	7	0	0	0	0	0	0	0	1	0	0
A	BL	1	63	9	1	BA1651	6977	7	8	2	0	1	0	0	0	0	0	0
A	BL	1	63	9	1	BA1651	6987	8	7	0	0	0	0	0	0	0	0	0
A	BL	1	63	9	1	BA1651	7002	7	0	0	0	0	0	0	0	1	0	0
A	BL	1	63	9	1	BA1651	7008	7	8	2	0	1	0	0	0	0	0	0
A	BL	1	63	9	1	BA1651	7018	8	7	0	0	0	0	0	0	0	0	0
A	BL	1	63	9	1	BA1651	7029	7	0	0	0	0	0	0	0	1	0	0
A	BL	1	63	9	1	BA1651	7055	7	8	2	0	1	0	0	0	0	0	0
A	BL	1	63	9	1	BA1651	7065	8	7	0	0	0	0	0	0	0	0	0
A	BL	1	63	9	1	BA1651	7066	7	0	0	0	0	0	0	0	1	0	0
A	BL	1	63	9	1	BA1651	7078	7	8	2	0	1	0	0	0	0	0	0
A	BL	1	63	9	1	BA1651	7088	8	9	0	0	0	0	0	0	0	0	0
A	BL	1	63	9	1	BA1651	7090	9	0	0	0	0	0	0	0	1	0	0
A	BL	1	63	9	1	BA1651	7098	9	10	0	0	0	0	0	0	0	0	0
A	BL	1	63	9	1	BA1651	7173	10	2	0	0	0	0	0	0	0	0	0
A	BL	1	63	9	1	BA1651	7174	2	6	0	0	0	0	0	0	0	0	0
A	BL	1	63	9	1	BA1651	7295	6	8	2	0	1	0	0	0	0	0	0
A	BL	1	63	9	1	BA1651	7305	8	7	0	0	0	0	0	0	0	0	0
A	BL	1	63	9	1	BA1651	7351	7	0	0	0	0	0	0	0	1	0	0
A	BL	1	63	9	1	BA1651	7353	7	8	2	0	1	0	0	0	0	0	0
A	BL	1	63	9	1	BA1651	7361	8	0	0	0	0	0	0	0	1	0	0
A	BL	1	63	9	1	BA1651	7363	8	7	0	0	0	0	0	0	0	0	0
A	BL	1	63	9	1	BA1651	7385	7	8	2	0	1	0	0	0	0	0	0
A	BL	1	63	9	1	BA1651	7395	8	7	0	0	0	0	0	0	0	0	0
A	BL	1	63	9	1	BA1651	7437	7	0	0	0	0	0	0	0	1	0	0
A	BL	1	63	9	1	BA1651	7447	7	8	2	0	1	0	0	0	0	0	0
A	BL	1	63	9	1	BA1651	7457	8	7	0	0	0	0	0	0	0	0	0
A	BL	1	63	9	1	BA1651	7481	7	0	0	0	0	0	0	0	1	0	0
A	BL	1	63	9	1	BA1651	7509	7	8	2	0	1	0	0	0	0	0	0
A	BL	1	63	9	1	BA1651	7519	8	9	0	0	0	0	0	0	0	0	0
A	BL	1	63	9	1	BA1651	7529	9	10	0	0	0	0	0	0	0	0	0
A	BL	1	63	9	1	BA1651	7533	10	0	0	0	0	0	0	0	1	0	0
A	BL	1	63	9	1	BA1651	7604	10	2	0	0	0	0	0	0	0	0	0
A	BL	1	63	9	1	BA1651	7605	2	6	0	0	0	0	0	0	0	0	0
A	BL	1	63	9	1	BA1651	7664	6	8	2	0	1	0	0	0	0	0	0
A	BL	1	63	9	1	BA1651	7674	8	7	0	0	0	0	0	0	0	0	0
A	BL	1	63	9	1	BA1651	7752	7	0	0	0	0	0	0	0	1	0	0
A	BL	1	63	9	1	BA1651	7764	7	8	2	0	1	0	0	0	0	0	0
A	BL	1	63	9	1	BA1651	7774	8	7	0	0	0	0	0	0	0	0	0
A	BL	1	63	9	1	BA1651	7784	7	0	0	0	0	0	0	0	1	0	0
A	BL	1	63	9	1	BA1651	7796	7	8	2	0	1	0	0	0	0	0	0
A	BL	1	63	9	1	BA1651	7806	8	7	0	0	0	0	0	0	0	0	0
A	BL	1	63	9	1	BA1651	7816	7	0	0	0	0	0	0	0	1	0	0
A	BL	1	63	9	1	BA1651	8056	7	8	2	0	1	0	0	0	0	0	0
A	BL	1	63	9	1	BA1651	8066	8	7	0	0	0	0	0	0	0	0	0
A	BL	1	63	9	1	BA1651	8071	7	0	0	0	0	0	0	0	1	0	0
A	BL	1	63	9	1	BA1651	8086	7	8	2	0	1	0	0	0	0	0	0
A	BL	1	63	9	1	BA1651	8096	8	9	0	0	0	0	0	0	0	0	0
A	BL	1	63	9	1	BA1651	8106	9	10	0	0	0	0	0	0	0	0	0
A	BL	1	63	9	1	BA1651	8108	10	0	0	0	0	0	0	0	1	0	0
A	BL	1	63	9	1	BA1651	8181	10	2	0	0	0	0	0	0	0	0	0
A	BL	1	63	9	1	BA1651	8182	2	3	0	0	0	0	0	0	0	0	0
A	BL	1	63	9	1	BA1651	8260	3	0	0	0	1	0	0	0	0	0	0
A	BL	1	63	9	1	BA1651	8276	3	0	0	0	0	0	0	0	1	0	0
A	BL	1	63	9	1	BA1651	8279	3	0	0	0	1	0	0	0	0	0	0
A	BL	1	63	9	1	BA1651	8297	3	0	0	0	0	0	0	0	1	0	0
A	BL	1	63	9	1	BA1651	8302	3	0	0	0	1	0	0	0	0	0	0
A	BL	1	63	9	1	BA1651	8316	3	0	0	0	0	0	0	0	1	0	0
A	BL	1	63	9	1	BA1651	8324	3	0	0	0	1	0	0	0	0	0	0
A	BL	1	63	9	1	BA1651	8332	3	0	0	0	0	0	0	0	1	0	0
A	BL	1	63	9	1	BA1651	8341	3	0	0	0	1	0	0	0	0	0	0
A	BL	1	63	9	1	BA1651	8403	3	0	0	0	0	0	0	0	1	0	0
A	BL	1	63	9	1	BA1651	8410	3	0	0	0	1	0	0	0	0	0	0
A	BL	1	63	9	1	BA1651	8433	3	0	0	0	0	0	0	0	1	0	0
A	BL	1	63	9	1	BA1651	8460	3	0	0	0	1	0	0	0	0	0	0
A	BL	1	63	9	1	BA1651	8466	3	0	0	0	0	0	0	0	1	0	0
A	BL	1	63	9	1	BA1651	8471	3	0	0	0	1	0	0	0	0	0	0
A	BL	1	63	9	1	BA1651	8473	3	0	0	0	0	0	0	0	1	0	0
A	BL	1	63	9	1	BA1651	8477	3	0	0	0	1	0	0	0	0	0	0
A	BL	1	63	9	1	BA1651	8484	3	0	0	0	0	0	0	0	1	0	0
A	BL	1	63	9	1	BA1651	8486	3	0	0	0	1	0	0	0	0	0	0
A	BL	1	63	9	1	BA1651	8506	3	0	0	0	0	0	0	0	1	0	0
A	BL	1	63	9	1	BA1651	8516	3	0	0	0	1	0	0	0	0	0	0
A	BL	1	63	9	1	BA1651	8540	3	0	0	0	0	0	0	0	1	0	0
A	BL	1	63	9	1	BA1651	8645	3	5	1	1	0	0	0	0	0	0	0
A	BL	1	63	9	1	BA1651	8655	5	4	0	0	0	0	0	0	0	0	0
A	BL	1	63	9	1	BA1651	8676	4	0	0	0	0	0	0	1	0	0	0
A	BL	1	63	9	1	BA1651	8686	4	5	1	1	0	0	0	0	0	0	0
A	BL	1	63	9	1	BA1651	8696	5	4	0	0	0	0	0	0	0	0	0
A	BL	1	63	9	1	BA1651	8749	4	0	0	0	0	0	0	1	0	0	0
A	BL	1	63	9	1	BA1651	8763	4	5	1	1	0	0	0	0	0	0	0
A	BL	1	63	9	1	BA1651	8773	5	4	0	0	0	0	0	0	0	0	0
A	BL	1	63	9	1	BA1651	8803	4	0	0	0	0	0	0	1	0	0	0
A	BL	1	63	9	1	BA1651	8810	4	5	1	1	0	0	0	0	0	0	0
A	BL	1	63	9	1	BA1651	8820	5	4	0	0	0	0	0	0	0	0	0
A	BL	1	63	9	1	BA1651	8874	4	0	0	0	0	0	0	1	0	0	0
A	BL	1	63	9	1	BA1651	8877	4	5	1	1	0	0	0	0	0	0	0
A	BL	1	63	9	1	BA1651	8887	5	9	0	0	0	0	0	0	0	0	0
A	BL	1	63	9	1	BA1651	8897	9	10	0	0	0	0	0	0	0	0	0
A	BL	1	63	9	1	BA1651	8915	10	0	0	0	0	0	0	1	0	0	0
A	BL	1	63	9	1	BA1651	8972	10	2	0	0	0	0	0	0	0	0	0
A	BL	1	63	9	1	BA1651	8973	2	3	0	0	0	0	0	0	0	0	0
A	BL	1	63	9	1	BA1651	9199	3	5	1	1	0	0	0	0	0	0	0
A	BL	1	63	9	1	BA1651	9209	5	4	0	0	0	0	0	0	0	0	0
A	BL	1	63	9	1	BA1651	9279	4	0	0	0	0	0	0	1	0	0	0
A	BL	1	63	9	1	BA1651	9295	4	5	1	1	0	0	0	0	0	0	0
A	BL	1	63	9	1	BA1651	9305	5	4	0	0	0	0	0	0	0	0	0
A	BL	1	63	9	1	BA1651	9463	4	0	0	0	0	0	0	1	0	0	0
A	BL	1	63	9	1	BA1651	9588	4	5	1	1	0	0	0	0	0	0	0
A	BL	1	63	9	1	BA1651	9598	5	4	0	0	0	0	0	0	0	0	0
A	BL	1	63	9	1	BA1651	9891	4	0	0	0	0	0	0	1	0	0	0
A	BL	1	63	9	1	BA1651	10109	4	5	1	1	0	0	0	0	0	0	0
A	BL	1	63	9	1	BA1651	10119	5	4	0	0	0	0	0	0	0	0	0
A	BL	1	63	9	1	BA1651	10160	4	0	0	0	0	0	0	1	0	0	0
A	BL	1	63	9	1	BA1651	10164	4	5	1	1	0	0	0	0	0	0	0
A	BL	1	63	9	1	BA1651	10174	5	9	0	0	0	0	0	0	0	0	0
A	BL	1	63	9	1	BA1651	10184	9	10	0	0	0	0	0	0	0	0	0
A	BL	1	63	9	1	BA1651	10189	10	0	0	0	0	0	0	1	0	0	0
A	BL	1	63	9	1	BA1651	10259	10	2	0	0	0	0	0	0	0	0	0
A	BL	1	63	9	1	BA1651	10260	2	3	0	0	0	0	0	0	0	0	0
A	BL	1	63	9	1	BA1651	10374	3	5	1	1	0	0	0	0	0	0	0
A	BL	1	63	9	1	BA1651	10384	5	4	0	0	0	0	0	0	0	0	0
A	BL	1	63	9	1	BA1651	10391	4	0	0	0	0	0	0	1	0	0	0
A	BL	1	63	9	1	BA1651	10397	4	5	1	1	0	0	0	0	0	0	0
A	BL	1	63	9	1	BA1651	10407	5	4	0	0	0	0	0	0	0	0	0
A	BL	1	63	9	1	BA1651	10414	4	0	0	0	0	0	0	1	0	0	0
A	BL	1	63	9	1	BA1651	10424	4	5	1	1	0	0	0	0	0	0	0
A	BL	1	63	9	1	BA1651	10434	5	4	0	0	0	0	0	0	0	0	0
A	BL	1	63	9	1	BA1651	10457	4	0	0	0	0	0	0	1	0	0	0
A	BL	1	63	9	1	BA1651	10459	4	5	1	1	0	0	0	0	0	0	0
A	BL	1	63	9	1	BA1651	10469	5	4	0	0	0	0	0	0	0	0	0
A	BL	1	63	9	1	BA1651	10505	4	0	0	0	0	0	0	1	0	0	0
A	BL	1	63	9	1	BA1651	10507	4	5	1	1	0	0	0	0	0	0	0
A	BL	1	63	9	1	BA1651	10517	5	9	0	0	0	0	0	0	0	0	0
A	BL	1	63	9	1	BA1651	10527	9	10	0	0	0	0	0	0	0	0	0
A	BL	1	63	9	1	BA1651	10602	10	2	0	0	0	0	0	0	0	0	0
A	BL	1	63	9	1	BA1651	10603	2	6	0	0	0	0	0	0	0	0	0
A	BL	1	63	9	1	BA1651	10642	6	0	0	0	0	0	0	1	0	0	0
A	BL	1	63	9	1	BA1651	10860	6	8	2	0	1	0	0	0	0	0	0
A	BL	1	63	9	1	BA1651	10870	8	7	0	0	0	0	0	0	0	0	0
A	BL	1	63	9	1	BA1651	10916	7	0	0	0	0	0	0	0	1	0	0
A	BL	1	63	9	1	BA1651	10950	7	8	2	0	1	0	0	0	0	0	0
A	BL	1	63	9	1	BA1651	10953	8	0	0	0	0	0	0	0	1	0	0
A	BL	1	63	9	1	BA1651	10960	8	7	0	0	0	0	0	0	0	0	0
A	BL	1	63	9	1	BA1651	10970	7	8	2	0	1	0	0	0	0	0	0
A	BL	1	63	9	1	BA1651	10980	8	7	0	0	0	0	0	0	0	0	0
A	BL	1	63	9	1	BA1651	10982	7	0	0	0	0	0	0	0	1	0	0
A	BL	1	63	9	1	BA1651	11152	7	8	2	0	1	0	0	0	0	0	0
A	BL	1	63	9	1	BA1651	11159	8	0	0	0	0	0	0	0	1	0	0
A	BL	1	63	9	1	BA1651	11162	8	7	0	0	0	0	0	0	0	0	0
A	BL	1	63	9	1	BA1651	11163	7	8	2	0	1	0	0	0	0	0	0
A	BL	1	63	9	1	BA1651	11173	8	9	0	0	0	0	0	0	0	0	0
A	BL	1	63	9	1	BA1651	11183	9	10	0	0	0	0	0	0	0	0	0
A	BL	1	63	9	1	BA1651	11185	10	0	0	0	0	0	0	0	1	0	0
A	BL	1	63	9	1	BA1651	11258	10	2	0	0	0	0	0	0	0	0	0
A	BL	1	63	9	1	BA1651	11259	2	6	0	0	0	0	0	0	0	0	0
A	BL	1	63	9	1	BA1651	11323	6	8	2	0	1	0	0	0	0	0	0
A	BL	1	63	9	1	BA1651	11333	8	7	0	0	0	0	0	0	0	0	0
A	BL	1	63	9	1	BA1651	11374	7	0	0	0	0	0	0	0	1	0	0
A	BL	1	63	9	1	BA1651	11379	7	8	2	0	1	0	0	0	0	0	0
A	BL	1	63	9	1	BA1651	11389	8	7	0	0	0	0	0	0	0	0	0
A	BL	1	63	9	1	BA1651	11390	7	0	0	0	0	0	0	0	1	0	0
A	BL	1	63	9	1	BA1651	11411	7	8	2	0	1	0	0	0	0	0	0
A	BL	1	63	9	1	BA1651	11421	8	7	0	0	0	0	0	0	0	0	0
A	BL	1	63	9	1	BA1651	11425	7	0	0	0	0	0	0	0	1	0	0
A	BL	1	63	9	1	BA1651	11468	7	8	2	0	1	0	0	0	0	0	0
A	BL	1	63	9	1	BA1651	11474	8	0	0	0	0	0	0	0	1	0	0
A	BL	1	63	9	1	BA1651	11478	8	7	0	0	1	0	0	0	0	0	0
A	BL	1	63	9	1	BA1651	11520	7	0	0	0	0	0	0	0	1	0	0
A	BL	1	63	9	1	BA1651	11543	7	8	2	0	1	0	0	0	0	0	0
A	BL	1	63	9	1	BA1651	11553	8	9	0	0	0	0	0	0	0	0	0
A	BL	1	63	9	1	BA1651	11555	9	0	0	0	0	0	0	0	1	0	0
A	BL	1	63	9	1	BA1651	11563	9	10	0	0	0	0	0	0	0	0	0
A	BL	1	63	9	1	BA1651	11638	10	2	0	0	0	0	0	0	0	0	0
A	BL	1	63	9	1	BA1651	11639	2	3	0	0	0	0	0	0	0	0	0
A	BL	1	63	9	1	BA1651	11854	3	0	0	0	1	0	0	0	0	0	0
A	BL	1	63	9	1	BA1651	11877	3	0	0	0	0	0	0	0	1	0	0
A	BL	1	63	9	1	BA1651	11899	3	0	0	0	1	0	0	0	0	0	0
A	BL	1	63	9	1	BA1651	11918	3	0	0	0	0	0	0	0	1	0	0
A	BL	1	63	9	1	BA1651	11995	3	5	1	1	0	0	0	0	0	0	0
A	BL	1	63	9	1	BA1651	12005	5	4	0	0	0	0	0	0	0	0	0
A	BL	1	63	9	1	BA1651	12006	4	0	0	0	0	0	0	1	0	0	0
A	BL	1	63	9	1	BA1651	12019	4	5	1	1	0	0	0	0	0	0	0
A	BL	1	63	9	1	BA1651	12029	5	4	0	0	0	0	0	0	0	0	0
A	BL	1	63	9	1	BA1651	12115	4	0	0	0	0	0	0	1	0	0	0
A	BL	1	63	9	1	BA1651	12120	4	5	1	1	0	0	0	0	0	0	0
A	BL	1	63	9	1	BA1651	12130	5	4	0	0	0	0	0	0	0	0	0
A	BL	1	63	9	1	BA1651	12339	4	0	0	0	0	0	0	1	0	0	0
A	BL	1	63	9	1	BA1651	12465	4	5	1	1	0	0	0	0	0	0	0
A	BL	1	63	9	1	BA1651	12475	5	4	0	0	0	0	0	0	0	0	0
A	BL	1	63	9	1	BA1651	12607	4	0	0	0	0	0	0	1	0	0	0
A	BL	1	63	9	1	BA1651	12620	4	5	1	1	0	0	0	0	0	0	0
A	BL	1	63	9	1	BA1651	12630	5	9	0	0	0	0	0	0	0	0	0
A	BL	1	63	9	1	BA1651	12640	9	10	0	0	0	0	0	0	0	0	0
A	BL	1	63	9	1	BA1651	12643	10	0	0	0	0	0	0	1	0	0	0
A	BL	1	63	9	1	BA1651	12715	10	2	0	0	0	0	0	0	0	0	0
A	BL	1	63	9	1	BA1651	12716	2	6	0	0	0	0	0	0	0	0	0
A	BL	1	63	9	1	BA1651	13128	6	8	2	0	1	0	0	0	0	0	0
A	BL	1	63	9	1	BA1651	13138	8	7	0	0	0	0	0	0	0	0	0
A	BL	1	63	9	1	BA1651	13139	7	0	0	0	0	0	0	0	1	0	0
A	BL	1	63	9	1	BA1651	13151	7	8	2	0	1	0	0	0	0	0	0
A	BL	1	63	9	1	BA1651	13161	8	7	0	0	0	0	0	0	0	0	0
A	BL	1	63	9	1	BA1651	13169	7	0	0	0	0	0	0	0	1	0	0
A	BL	1	63	9	1	BA1651	13198	7	8	2	0	1	0	0	0	0	0	0
A	BL	1	63	9	1	BA1651	13208	8	7	0	0	0	0	0	0	0	0	0
A	BL	1	63	9	1	BA1651	13229	7	0	0	0	0	0	0	0	1	0	0
A	BL	1	63	9	1	BA1651	13249	7	8	2	0	1	0	0	0	0	0	0
A	BL	1	63	9	1	BA1651	13259	8	7	0	0	0	0	0	0	0	0	0
A	BL	1	63	9	1	BA1651	13316	7	0	0	0	0	0	0	0	1	0	0
A	BL	1	63	9	1	BA1651	13322	7	8	2	0	1	0	0	0	0	0	0
A	BL	1	63	9	1	BA1651	13325	8	0	0	0	0	0	0	0	1	0	0
A	BL	1	63	9	1	BA1651	13332	8	9	0	0	0	0	0	0	0	0	0
A	BL	1	63	9	1	BA1651	13342	9	10	0	0	0	0	0	0	0	0	0
A	BL	1	63	9	1	BA1651	13417	10	2	0	0	0	0	0	0	0	0	0
A	BL	1	63	9	1	BA1651	13418	2	3	0	0	0	0	0	0	0	0	0
A	BL	1	63	9	1	BA1651	13676	3	5	1	1	0	0	0	0	0	0	0
A	BL	1	63	9	1	BA1651	13686	5	4	0	0	0	0	0	0	0	0	0
A	BL	1	63	9	1	BA1651	13703	4	0	0	0	0	0	0	1	0	0	0
A	BL	1	63	9	1	BA1651	13716	4	5	1	1	0	0	0	0	0	0	0
A	BL	1	63	9	1	BA1651	13726	5	4	0	0	0	0	0	0	0	0	0
A	BL	1	63	9	1	BA1651	13783	4	0	0	0	0	0	0	1	0	0	0
A	BL	1	63	9	1	BA1651	13792	4	5	1	1	0	0	0	0	0	0	0
A	BL	1	63	9	1	BA1651	13802	5	4	0	0	0	0	0	0	0	0	0
A	BL	1	63	9	1	BA1651	13870	4	0	0	0	0	0	0	1	0	0	0
A	BL	1	63	9	1	BA1651	13895	4	5	1	1	0	0	0	0	0	0	0
A	BL	1	63	9	1	BA1651	13900	5	0	0	0	0	0	0	1	0	0	0
A	BL	1	63	9	1	BA1651	13905	5	4	0	0	0	0	0	0	0	0	0
A	BL	1	63	9	1	BA1651	13909	4	5	1	1	0	0	0	0	0	0	0
A	BL	1	63	9	1	BA1651	13919	5	9	0	0	0	0	0	0	0	0	0
A	BL	1	63	9	1	BA1651	13929	9	10	0	0	0	0	0	0	0	0	0
A	BL	1	63	9	1	BA1651	13944	10	0	0	0	0	0	0	1	0	0	0
A	BL	1	63	9	1	BA1651	14004	10	2	0	0	0	0	0	0	0	0	0
A	BL	1	63	9	1	BA1651	14005	2	6	0	0	0	0	0	0	0	0	0
A	BL	1	63	9	1	BA1651	14535	6	8	2	0	1	0	0	0	0	0	0
A	BL	1	63	9	1	BA1651	14544	8	0	0	0	0	0	0	0	1	0	0
A	BL	1	63	9	1	BA1651	14545	8	7	0	0	0	0	0	0	0	0	0
A	BL	1	63	9	1	BA1651	14601	7	8	2	0	1	0	0	0	0	0	0
A	BL	1	63	9	1	BA1651	14611	8	7	0	0	0	0	0	0	1	0	0
A	BL	1	63	9	1	BA1651	14624	7	8	2	0	1	0	0	0	0	0	0
A	BL	1	63	9	1	BA1651	14630	8	0	0	0	0	0	0	0	1	0	0
A	BL	1	63	9	1	BA1651	14634	8	7	0	0	0	0	0	0	0	0	0
A	BL	1	63	9	1	BA1651	14768	7	8	2	0	1	0	0	0	0	0	0
A	BL	1	63	9	1	BA1651	14777	8	0	0	0	0	0	0	0	1	0	0
A	BL	1	63	9	1	BA1651	14778	8	7	0	0	1	0	0	0	0	0	0
A	BL	1	63	9	1	BA1651	14818	7	0	0	0	0	0	0	0	1	0	0
A	BL	1	63	9	1	BA1651	14826	7	8	2	0	1	0	0	0	0	0	0
A	BL	1	63	9	1	BA1651	14827	8	0	0	0	0	0	0	0	1	0	0
A	BL	1	63	9	1	BA1651	14835	8	0	0	0	1	0	0	0	0	0	0
A	BL	1	63	9	1	BA1651	14836	8	9	0	0	0	0	0	0	0	0	0
A	BL	1	63	9	1	BA1651	14846	9	10	0	0	0	0	0	0	0	0	0
A	BL	1	63	9	1	BA1651	14848	10	0	0	0	0	0	0	0	1	0	0
A	BL	1	63	9	1	BA1651	14921	10	2	0	0	0	0	0	0	0	0	0
A	BL	1	63	9	1	BA1651	14922	2	6	0	0	0	0	0	0	0	0	0
A	BL	1	63	9	1	BA1651	14954	6	8	2	0	1	0	0	0	0	0	0
A	BL	1	63	9	1	BA1651	14964	8	7	0	0	0	0	0	0	0	0	0
A	BL	1	63	9	1	BA1651	15040	7	0	0	0	0	0	0	0	1	0	0
A	BL	1	63	9	1	BA1651	15060	7	8	2	0	1	0	0	0	0	0	0
A	BL	1	63	9	1	BA1651	15062	8	0	0	0	0	0	0	0	1	0	0
A	BL	1	63	9	1	BA1651	15063	8	0	0	0	1	0	0	0	0	0	0
A	BL	1	63	9	1	BA1651	15070	8	7	0	0	0	0	0	0	0	0	0
A	BL	1	63	9	1	BA1651	15118	7	0	0	0	0	0	0	0	1	0	0
A	BL	1	63	9	1	BA1651	15139	7	8	2	0	1	0	0	0	0	0	0
A	BL	1	63	9	1	BA1651	15149	8	7	0	0	0	0	0	0	0	0	0
A	BL	1	63	9	1	BA1651	15175	7	0	0	0	0	0	0	0	1	0	0
A	BL	1	63	9	1	BA1651	15177	7	8	2	0	1	0	0	0	0	0	0
A	BL	1	63	9	1	BA1651	15187	8	7	0	0	0	0	0	0	0	0	0
A	BL	1	63	9	1	BA1651	15253	7	0	0	0	0	0	0	0	1	0	0
A	BL	1	63	9	1	BA1651	15282	7	8	2	0	1	0	0	0	0	0	0
A	BL	1	63	9	1	BA1651	15292	8	9	0	0	0	0	0	0	0	0	0
A	BL	1	63	9	1	BA1651	15302	9	10	0	0	0	0	0	0	1	0	0
A	BL	1	63	9	1	BA1651	15377	10	2	0	0	0	0	0	0	0	0	0
A	BL	1	63	9	1	BA1651	15378	2	3	0	0	0	0	0	0	0	0	0
A	BL	1	63	9	1	BA1651	15480	3	5	1	1	0	0	0	0	0	0	0
A	BL	1	63	9	1	BA1651	15490	5	4	0	0	0	0	0	0	0	0	0
A	BL	1	63	9	1	BA1651	15516	4	0	0	0	0	0	0	1	0	0	0
A	BL	1	63	9	1	BA1651	15714	4	0	0	0	1	0	0	0	0	0	0
A	BL	1	63	9	1	BA1651	15722	4	0	0	0	0	0	0	0	1	0	0
A	BL	1	63	9	1	BA1651	15730	4	0	0	0	1	0	0	0	0	0	0
A	BL	1	63	9	1	BA1651	15744	4	0	0	0	0	0	0	0	1	0	0
A	BL	1	63	9	1	BA1651	15784	4	0	0	0	1	0	0	0	0	0	0
A	BL	1	63	9	1	BA1651	15795	4	0	0	0	0	0	0	0	1	0	0
A	BL	1	63	9	1	BA1651	15812	4	0	0	0	1	0	0	0	0	0	0
A	BL	1	63	9	1	BA1651	15828	4	0	0	0	0	0	0	0	1	0	0
A	BL	1	63	9	1	BA1651	15833	4	0	0	0	1	0	0	0	0	0	0
A	BL	1	63	9	1	BA1651	15853	4	0	0	0	0	0	0	0	1	0	0
A	BL	1	63	9	1	BA1651	15854	4	0	0	0	1	0	0	0	0	0	0
A	BL	1	63	9	1	BA1651	15866	4	0	0	0	0	0	0	0	1	0	0
A	BL	1	63	9	1	BA1651	15871	4	0	0	0	1	0	0	0	0	0	0
A	BL	1	63	9	1	BA1651	15889	4	0	0	0	0	0	0	0	1	0	0
A	BL	1	63	9	1	BA1651	15897	4	0	0	0	1	0	0	0	0	0	0
A	BL	1	63	9	1	BA1651	15920	4	0	0	0	0	0	0	0	1	0	0
A	BL	1	63	9	1	BA1651	16097	4	5	1	1	0	0	0	0	0	0	0
A	BL	1	63	9	1	BA1651	16107	5	4	0	0	0	0	0	0	0	0	0
A	BL	1	63	9	1	BA1651	16178	4	0	0	0	0	0	0	1	0	0	0
A	BL	1	63	9	1	BA1651	16233	4	5	1	1	0	0	0	0	0	0	0
A	BL	1	63	9	1	BA1651	16243	5	4	0	0	0	0	0	0	0	0	0
A	BL	1	63	9	1	BA1651	16308	4	0	0	0	0	0	0	1	0	0	0
A	BL	1	63	9	1	BA1651	16310	4	5	1	1	0	0	0	0	0	0	0
A	BL	1	63	9	1	BA1651	16320	5	4	0	0	0	0	0	0	0	0	0
A	BL	1	63	9	1	BA1651	16327	4	0	0	0	0	0	0	1	0	0	0
A	BL	1	63	9	1	BA1651	16336	4	5	1	1	0	0	0	0	0	0	0
A	BL	1	63	9	1	BA1651	16346	5	9	0	0	0	0	0	0	0	0	0
A	BL	1	63	9	1	BA1651	16356	9	10	0	0	0	0	0	0	0	0	0
A	BL	1	63	9	1	BA1651	16364	10	0	0	0	0	0	0	1	0	0	0
A	BL	1	63	9	1	BA1651	16431	10	2	0	0	0	0	0	0	0	0	0
A	BL	1	63	9	1	BA1651	16432	2	3	0	0	0	0	0	0	0	0	0
A	BL	1	63	9	1	BA1651	16681	3	5	1	1	0	0	0	0	0	0	0
A	BL	1	63	9	1	BA1651	16691	5	4	0	0	0	0	0	0	0	0	0
A	BL	1	63	9	1	BA1651	16699	4	0	0	0	0	0	0	1	0	0	0
A	BL	1	63	9	1	BA1651	16704	4	5	1	1	0	0	0	0	0	0	0
A	BL	1	63	9	1	BA1651	16714	5	4	0	0	0	0	0	0	0	0	0
A	BL	1	63	9	1	BA1651	16798	4	0	0	0	0	0	0	1	0	0	0
A	BL	1	63	9	1	BA1651	16802	4	5	1	1	0	0	0	0	0	0	0
A	BL	1	63	9	1	BA1651	16812	5	4	0	0	0	0	0	0	0	0	0
A	BL	1	63	9	1	BA1651	16902	4	0	0	0	0	0	0	1	0	0	0
A	BL	1	63	9	1	BA1651	16975	4	5	1	1	0	0	0	0	0	0	0
A	BL	1	63	9	1	BA1651	16985	5	4	0	0	0	0	0	0	0	0	0
A	BL	1	63	9	1	BA1651	17039	4	0	0	0	0	0	0	1	0	0	0
A	BL	1	63	9	1	BA1651	17042	4	5	1	1	0	0	0	0	0	0	0
A	BL	1	63	9	1	BA1651	17052	5	9	0	0	0	0	0	0	0	0	0
A	BL	1	63	9	1	BA1651	17062	9	10	0	0	0	0	0	0	0	0	0
A	BL	1	63	9	1	BA1651	17088	10	0	0	0	0	0	0	1	0	0	0
A	BL	1	63	9	1	BA1651	17137	10	2	0	0	0	0	0	0	0	0	0
A	BL	1	63	9	1	BA1651	17138	2	3	0	0	0	0	0	0	0	0	0
A	BL	1	63	9	1	BA1651	17224	3	5	1	1	0	0	0	0	0	0	0
A	BL	1	63	9	1	BA1651	17234	5	4	0	0	0	0	0	0	0	0	0
A	BL	1	63	9	1	BA1651	17259	4	0	0	0	0	0	0	1	0	0	0
A	BL	1	63	9	1	BA1651	17407	4	5	1	1	0	0	0	0	0	0	0
A	BL	1	63	9	1	BA1651	17417	5	4	0	0	0	0	0	0	0	0	0
A	BL	1	63	9	1	BA1651	17482	4	0	0	0	0	0	0	1	0	0	0
A	BL	1	63	9	1	BA1651	17485	4	5	1	1	0	0	0	0	0	0	0
A	BL	1	63	9	1	BA1651	17495	5	4	0	0	0	0	0	0	0	0	0
A	BL	1	63	9	1	BA1651	17512	4	0	0	0	0	0	0	1	0	0	0
A	BL	1	63	9	1	BA1651	17516	4	5	1	1	0	0	0	0	0	0	0
A	BL	1	63	9	1	BA1651	17524	5	0	0	0	0	0	0	1	0	0	0
A	BL	1	63	9	1	BA1651	17526	5	4	0	0	0	0	0	0	0	0	0
A	BL	1	63	9	1	BA1651	17534	4	5	1	1	0	0	0	0	0	0	0
A	BL	1	63	9	1	BA1651	17544	5	9	0	0	0	0	0	0	0	0	0
A	BL	1	63	9	1	BA1651	17554	9	10	0	0	0	0	0	0	0	0	0
A	BL	1	63	9	1	BA1651	17562	10	0	0	0	0	0	0	1	0	0	0
A	BL	1	63	9	1	BA1651	17629	10	2	0	0	0	0	0	0	0	0	0
A	BL	1	63	9	1	BA1651	17630	2	6	0	0	0	0	0	0	0	0	0
A	BL	1	63	9	1	BA1651	18051	6	8	2	0	1	0	0	0	0	0	0
A	BL	1	63	9	1	BA1651	18057	8	0	0	0	0	0	0	0	1	0	0
A	BL	1	63	9	1	BA1651	18061	8	7	0	0	0	0	0	0	0	0	0
A	BL	1	63	9	1	BA1651	18072	7	8	2	0	1	0	0	0	0	0	0
A	BL	1	63	9	1	BA1651	18081	8	0	0	0	0	0	0	0	1	0	0
A	BL	1	63	9	1	BA1651	18082	8	7	0	0	0	0	0	0	0	0	0
A	BL	1	63	9	1	BA1651	18094	7	8	2	0	1	0	0	0	0	0	0
A	BL	1	63	9	1	BA1651	18104	8	7	0	0	0	0	0	0	0	0	0
A	BL	1	63	9	1	BA1651	18108	7	0	0	0	0	0	0	0	1	0	0
A	BL	1	63	9	1	BA1651	18117	7	8	2	0	1	0	0	0	0	0	0
A	BL	1	63	9	1	BA1651	18119	8	0	0	0	0	0	0	0	1	0	0
A	BL	1	63	9	1	BA1651	18127	8	7	0	0	0	0	0	0	0	0	0
A	BL	1	63	9	1	BA1651	18139	7	8	2	0	1	0	0	0	0	0	0
A	BL	1	63	9	1	BA1651	18149	8	9	0	0	0	0	0	0	0	0	0
A	BL	1	63	9	1	BA1651	18159	9	10	0	0	0	0	0	0	1	0	0
A	BL	1	63	9	1	BA1651	18234	10	2	0	0	0	0	0	0	0	0	0
A	BL	1	63	9	1	BA1651	18235	2	6	0	0	0	0	0	0	0	0	0
A	BL	1	63	9	1	BA1651	18366	6	8	2	0	1	0	0	0	0	0	0
A	BL	1	63	9	1	BA1651	18373	8	0	0	0	0	0	0	0	1	0	0
A	BL	1	63	9	1	BA1651	18376	8	7	0	0	0	0	0	0	0	0	0
A	BL	1	63	9	1	BA1651	18383	7	8	2	0	1	0	0	0	0	0	0
A	BL	1	63	9	1	BA1651	18393	8	7	0	0	0	0	0	0	0	0	0
A	BL	1	63	9	1	BA1651	18394	7	0	0	0	0	0	0	0	1	0	0
A	BL	1	63	9	1	BA1651	18420	7	8	2	0	1	0	0	0	0	0	0
A	BL	1	63	9	1	BA1651	18430	8	7	0	0	0	0	0	0	0	0	0
A	BL	1	63	9	1	BA1651	18440	7	0	0	0	0	0	0	0	1	0	0
A	BL	1	63	9	1	BA1651	18446	7	8	2	0	1	0	0	0	0	0	0
A	BL	1	63	9	1	BA1651	18450	8	0	0	0	0	0	0	0	1	0	0
A	BL	1	63	9	1	BA1651	18456	8	7	0	0	0	0	0	0	0	0	0
A	BL	1	63	9	1	BA1651	18460	7	8	2	0	1	0	0	0	0	0	0
A	BL	1	63	9	1	BA1651	18470	8	9	0	0	0	0	0	0	0	0	0
A	BL	1	63	9	1	BA1651	18480	9	10	0	0	0	0	0	0	0	0	0
A	BL	1	63	9	1	BA1651	18485	10	0	0	0	0	0	0	0	1	0	0
A	BL	1	63	9	1	BA1651	18555	10	2	0	0	0	0	0	0	0	0	0
A	BL	1	63	9	1	BA1651	18556	2	6	0	0	0	0	0	0	0	0	0
A	BL	1	63	9	1	BA1651	18648	6	8	2	0	1	0	0	0	0	0	0
A	BL	1	63	9	1	BA1651	18658	8	7	0	0	0	0	0	0	0	0	0
A	BL	1	63	9	1	BA1651	18668	7	0	0	0	0	0	0	0	1	0	0
A	BL	1	63	9	1	BA1651	18674	7	8	2	0	1	0	0	0	0	0	0
A	BL	1	63	9	1	BA1651	18684	8	7	0	0	0	0	0	0	0	0	0
A	BL	1	63	9	1	BA1651	18739	7	0	0	0	0	0	0	0	1	0	0
A	BL	1	63	9	1	BA1651	18743	7	8	2	0	1	0	0	0	0	0	0
A	BL	1	63	9	1	BA1651	18749	8	0	0	0	0	0	0	0	1	0	0
A	BL	1	63	9	1	BA1651	18753	8	7	0	0	1	0	0	0	0	0	0
A	BL	1	63	9	1	BA1651	18755	7	8	2	0	1	0	0	0	1	0	0
A	BL	1	63	9	1	BA1651	18758	8	0	0	0	0	0	0	0	1	0	0
A	BL	1	63	9	1	BA1651	18765	8	7	0	0	0	0	0	0	0	0	0
A	BL	1	63	9	1	BA1651	18788	7	8	2	0	1	0	0	0	0	0	0
A	BL	1	63	9	1	BA1651	18798	8	9	0	0	0	0	0	0	0	0	0
A	BL	1	63	9	1	BA1651	18808	9	10	0	0	0	0	0	0	0	0	0
A	BL	1	63	9	1	BA1651	18826	10	0	0	0	0	0	0	0	1	0	0
A	BL	1	63	9	1	BA1651	18883	10	2	0	0	0	0	0	0	0	0	0
A	BL	1	63	9	1	BA1651	18884	2	3	0	0	0	0	0	0	0	0	0
A	BL	1	63	9	1	BA1651	18997	3	0	0	0	1	0	0	0	0	0	0
A	BL	1	63	9	1	BA1651	19038	3	0	0	0	0	0	0	0	1	0	0
A	BL	1	63	9	1	BA1651	19082	3	0	0	0	1	0	0	0	0	0	0
A	BL	1	63	9	1	BA1651	19084	3	0	0	0	0	0	0	0	1	0	0
A	BL	1	63	9	1	BA1651	19088	3	0	0	0	1	0	0	0	0	0	0
A	BL	1	63	9	1	BA1651	19098	3	0	0	0	0	0	0	0	1	0	0
A	BL	1	63	9	1	BA1651	19103	3	0	0	0	1	0	0	0	0	0	0
A	BL	1	63	9	1	BA1651	19150	3	0	0	0	0	0	0	0	1	0	0
A	BL	1	63	9	1	BA1651	19156	3	0	0	0	1	0	0	0	0	0	0
A	BL	1	63	9	1	BA1651	19202	3	0	0	0	0	0	0	0	1	0	0
A	BL	1	63	9	1	BA1651	19205	3	0	0	0	1	0	0	0	0	0	0
A	BL	1	63	9	1	BA1651	19207	3	0	0	0	0	0	0	0	1	0	0
A	BL	1	63	9	1	BA1651	19227	3	0	0	0	1	0	0	0	0	0	0
A	BL	1	63	9	1	BA1651	19234	3	0	0	0	0	0	0	0	1	0	0
A	BL	1	63	9	1	BA1651	19236	3	0	0	0	1	0	0	0	0	0	0
A	BL	1	63	9	1	BA1651	19268	3	0	0	0	0	0	0	0	1	0	0
A	BL	1	63	9	1	BA1651	19295	3	0	0	0	1	0	0	0	0	0	0
A	BL	1	63	9	1	BA1651	19326	3	0	0	0	0	0	0	0	1	0	0
A	BL	1	63	9	1	BA1651	19468	3	5	1	1	0	0	0	0	0	0	0
A	BL	1	63	9	1	BA1651	19478	5	4	0	0	0	0	0	0	0	0	0
A	BL	1	63	9	1	BA1651	19510	4	0	0	0	0	0	0	1	0	0	0
A	BL	1	63	9	1	BA1651	19522	4	5	1	1	0	0	0	0	0	0	0
A	BL	1	63	9	1	BA1651	19532	5	4	0	0	0	0	0	0	0	0	0
A	BL	1	63	9	1	BA1651	19559	4	0	0	0	0	0	0	1	0	0	0
A	BL	1	63	9	1	BA1651	19611	4	5	1	1	0	0	0	0	0	0	0
A	BL	1	63	9	1	BA1651	19621	5	4	0	0	0	0	0	0	0	0	0
A	BL	1	63	9	1	BA1651	19642	4	0	0	0	0	0	0	1	0	0	0
A	BL	1	63	9	1	BA1651	19645	4	5	1	1	0	0	0	0	0	0	0
A	BL	1	63	9	1	BA1651	19655	5	4	0	0	0	0	0	0	0	0	0
A	BL	1	63	9	1	BA1651	19659	4	0	0	0	0	0	0	1	0	0	0
A	BL	1	63	9	1	BA1651	19667	4	5	1	1	0	0	0	0	0	0	0
A	BL	1	63	9	1	BA1651	19677	5	9	0	0	0	0	0	0	0	0	0
A	BL	1	63	9	1	BA1651	19687	9	10	0	0	0	0	0	0	0	0	0
A	BL	1	63	9	1	BA1651	19697	10	0	0	0	0	0	0	1	0	0	0
A	BL	1	63	9	1	BA1651	19762	10	2	0	0	0	0	0	0	0	0	0
A	BL	1	63	9	1	BA1651	19763	2	3	0	0	0	0	0	0	0	0	0
A	BL	1	63	9	1	BA1651	19923	3	0	0	0	1	0	0	0	0	0	0
A	BL	1	63	9	1	BA1651	19934	3	0	0	0	0	0	0	0	1	0	0
A	BL	1	63	9	1	BA1651	19936	3	0	0	0	1	0	0	0	0	0	0
A	BL	1	63	9	1	BA1651	19949	3	0	0	0	0	0	0	0	1	0	0
A	BL	1	63	9	1	BA1651	19973	3	0	0	0	1	0	0	0	0	0	0
A	BL	1	63	9	1	BA1651	19996	3	0	0	0	0	0	0	0	1	0	0
A	BL	1	63	9	1	BA1651	20021	3	0	0	0	1	0	0	0	0	0	0
A	BL	1	63	9	1	BA1651	20033	3	0	0	0	0	0	0	0	1	0	0
A	BL	1	63	9	1	BA1651	20054	3	0	0	0	1	0	0	0	0	0	0
A	BL	1	63	9	1	BA1651	20056	3	0	0	0	0	0	0	0	1	0	0
A	BL	1	63	9	1	BA1651	20060	3	0	0	0	1	0	0	0	0	0	0
A	BL	1	63	9	1	BA1651	20082	3	0	0	0	0	0	0	0	1	0	0
A	BL	1	63	9	1	BA1651	20095	3	0	0	0	1	0	0	0	0	0	0
A	BL	1	63	9	1	BA1651	20108	3	0	0	0	0	0	0	0	1	0	0
A	BL	1	63	9	1	BA1651	20124	3	0	0	0	1	0	0	0	0	0	0
A	BL	1	63	9	1	BA1651	20138	3	0	0	0	0	0	0	0	1	0	0
A	BL	1	63	9	1	BA1651	20154	3	0	0	0	1	0	0	0	0	0	0
A	BL	1	63	9	1	BA1651	20203	3	0	0	0	0	0	0	0	1	0	0
A	BL	1	63	9	1	BA1651	20312	3	5	1	1	0	0	0	0	0	0	0
A	BL	1	63	9	1	BA1651	20322	5	4	0	0	0	0	0	0	0	0	0
A	BL	1	63	9	1	BA1651	20342	4	0	0	0	0	0	0	1	0	0	0
A	BL	1	63	9	1	BA1651	20348	4	5	1	1	0	0	0	0	0	0	0
A	BL	1	63	9	1	BA1651	20358	5	4	0	0	0	0	0	0	0	0	0
A	BL	1	63	9	1	BA1651	20390	4	0	0	0	0	0	0	1	0	0	0
A	BL	1	63	9	1	BA1651	20406	4	5	1	1	0	0	0	0	0	0	0
A	BL	1	63	9	1	BA1651	20416	5	4	0	0	0	0	0	0	0	0	0
A	BL	1	63	9	1	BA1651	20439	4	0	0	0	0	0	0	1	0	0	0
A	BL	1	63	9	1	BA1651	20453	4	5	1	1	0	0	0	0	0	0	0
A	BL	1	63	9	1	BA1651	20463	5	4	0	0	0	0	0	0	0	0	0
A	BL	1	63	9	1	BA1651	20584	4	0	0	0	0	0	0	1	0	0	0
A	BL	1	63	9	1	BA1651	20618	4	5	1	1	0	0	0	0	0	0	0
A	BL	1	63	9	1	BA1651	20628	5	9	0	0	0	0	0	0	0	0	0
A	BL	1	63	9	1	BA1651	20638	9	10	0	0	0	0	0	0	0	0	0
A	BL	1	63	9	1	BA1651	20648	10	0	0	0	0	0	0	1	0	0	0
A	BL	1	63	9	1	BA1651	20713	10	2	0	0	0	0	0	0	0	0	0
A	BL	1	63	9	1	BA1651	20714	2	3	0	0	0	0	0	0	0	0	0
A	BL	1	63	9	1	BA1651	20769	3	5	1	1	0	0	0	0	0	0	0
A	BL	1	63	9	1	BA1651	20779	5	4	0	0	0	0	0	0	0	0	0
A	BL	1	63	9	1	BA1651	20832	4	0	0	0	0	0	0	1	0	0	0
A	BL	1	63	9	1	BA1651	20843	4	5	1	1	0	0	0	0	0	0	0
A	BL	1	63	9	1	BA1651	20853	5	4	0	0	0	0	0	0	0	0	0
A	BL	1	63	9	1	BA1651	20948	4	0	0	0	0	0	0	1	0	0	0
A	BL	1	63	9	1	BA1651	20949	4	5	1	1	0	0	0	0	0	0	0
A	BL	1	63	9	1	BA1651	20959	5	4	0	0	0	0	0	0	0	0	0
A	BL	1	63	9	1	BA1651	21040	4	0	0	0	0	0	0	1	0	0	0
A	BL	1	63	9	1	BA1651	21061	4	5	1	1	0	0	0	0	0	0	0
A	BL	1	63	9	1	BA1651	21071	5	4	0	0	0	0	0	0	0	0	0
A	BL	1	63	9	1	BA1651	21074	4	0	0	0	0	0	0	1	0	0	0
A	BL	1	63	9	1	BA1651	21146	4	5	1	1	0	0	0	0	0	0	0
A	BL	1	63	9	1	BA1651	21152	5	0	0	0	0	0	0	1	0	0	0
A	BL	1	63	9	1	BA1651	21156	5	9	0	1	0	0	0	0	0	0	0
A	BL	1	63	9	1	BA1651	21166	9	10	0	0	0	0	0	0	0	0	0
A	BL	1	63	9	1	BA1651	21187	10	0	0	0	0	0	0	1	0	0	0
A	BL	1	63	9	1	BA1651	21241	10	2	0	0	0	0	0	0	0	0	0
A	BL	1	63	9	1	BA1651	21242	2	6	0	0	0	0	0	0	0	0	0
A	BL	1	63	9	1	BA1651	21376	6	8	2	0	1	0	0	0	0	0	0
A	BL	1	63	9	1	BA1651	21378	8	0	0	0	0	0	0	0	1	0	0
A	BL	1	63	9	1	BA1651	21386	8	7	0	0	0	0	0	0	0	0	0
A	BL	1	63	9	1	BA1651	21394	7	8	2	0	1	0	0	0	0	0	0
A	BL	1	63	9	1	BA1651	21397	8	0	0	0	0	0	0	0	1	0	0
A	BL	1	63	9	1	BA1651	21400	8	0	0	0	1	0	0	0	0	0	0
A	BL	1	63	9	1	BA1651	21404	8	7	0	0	0	0	0	0	0	0	0
A	BL	1	63	9	1	BA1651	21432	7	0	0	0	0	0	0	0	1	0	0
A	BL	1	63	9	1	BA1651	21434	7	8	2	0	1	0	0	0	0	0	0
A	BL	1	63	9	1	BA1651	21444	8	7	0	0	0	0	0	0	0	0	0
A	BL	1	63	9	1	BA1651	21469	7	0	0	0	0	0	0	0	1	0	0
A	BL	1	63	9	1	BA1651	21632	7	8	2	0	1	0	0	0	0	0	0
A	BL	1	63	9	1	BA1651	21642	8	7	0	0	0	0	0	0	1	0	0
A	BL	1	63	9	1	BA1651	21665	7	8	2	0	1	0	0	0	0	0	0
A	BL	1	63	9	1	BA1651	21675	8	9	0	0	0	0	0	0	0	0	0
A	BL	1	63	9	1	BA1651	21685	9	10	0	0	0	0	0	0	0	0	0
A	BL	1	63	9	1	BA1651	21686	10	0	0	0	0	0	0	0	1	0	0
A	BL	1	63	9	1	BA1651	21760	10	2	0	0	0	0	0	0	0	0	0
A	BL	1	63	9	1	BA1651	21761	2	3	0	0	0	0	0	0	0	0	0
A	BL	1	63	9	1	BA1651	21825	3	0	0	0	1	0	0	0	0	0	0
A	BL	1	63	9	1	BA1651	21847	3	0	0	0	0	0	0	0	1	0	0
A	BL	1	63	9	1	BA1651	21850	3	0	0	0	1	0	0	0	0	0	0
A	BL	1	63	9	1	BA1651	21860	3	0	0	0	0	0	0	0	1	0	0
A	BL	1	63	9	1	BA1651	21865	3	0	0	0	1	0	0	0	0	0	0
A	BL	1	63	9	1	BA1651	21876	3	0	0	0	0	0	0	0	1	0	0
A	BL	1	63	9	1	BA1651	21883	3	0	0	0	1	0	0	0	0	0	0
A	BL	1	63	9	1	BA1651	21893	3	0	0	0	0	0	0	0	1	0	0
A	BL	1	63	9	1	BA1651	21930	3	0	0	0	1	0	0	0	0	0	0
A	BL	1	63	9	1	BA1651	21931	3	0	0	0	0	0	0	0	1	0	0
A	BL	1	63	9	1	BA1651	21936	3	0	0	0	1	0	0	0	0	0	0
A	BL	1	63	9	1	BA1651	21951	3	0	0	0	0	0	0	0	1	0	0
A	BL	1	63	9	1	BA1651	21957	3	0	0	0	1	0	0	0	0	0	0
A	BL	1	63	9	1	BA1651	22208	3	0	0	0	0	0	0	0	1	0	0
A	BL	1	63	9	1	BA1651	22217	3	0	0	0	1	0	0	0	0	0	0
A	BL	1	63	9	1	BA1651	22262	3	0	0	0	0	0	0	0	1	0	0
A	BL	1	63	9	1	BA1651	22381	3	5	1	1	0	0	0	0	0	0	0
A	BL	1	63	9	1	BA1651	22391	5	4	0	0	0	0	0	0	0	0	0
A	BL	1	63	9	1	BA1651	22408	4	0	0	0	0	0	0	1	0	0	0
A	BL	1	63	9	1	BA1651	22418	4	5	1	1	0	0	0	0	0	0	0
A	BL	1	63	9	1	BA1651	22428	5	4	0	0	0	0	0	0	0	0	0
A	BL	1	63	9	1	BA1651	22469	4	0	0	0	0	0	0	1	0	0	0
A	BL	1	63	9	1	BA1651	22472	4	5	1	1	0	0	0	0	0	0	0
A	BL	1	63	9	1	BA1651	22482	5	4	0	0	0	0	0	0	0	0	0
A	BL	1	63	9	1	BA1651	22483	4	0	0	0	0	0	0	1	0	0	0
A	BL	1	63	9	1	BA1651	22560	4	5	1	1	0	0	0	0	0	0	0
A	BL	1	63	9	1	BA1651	22570	5	4	0	0	0	0	0	0	0	0	0
A	BL	1	63	9	1	BA1651	22597	4	0	0	0	0	0	0	1	0	0	0
A	BL	1	63	9	1	BA1651	22603	4	5	1	1	0	0	0	0	0	0	0
A	BL	1	63	9	1	BA1651	22613	5	9	0	0	0	0	0	0	0	0	0
A	BL	1	63	9	1	BA1651	22623	9	10	0	0	0	0	0	0	0	0	0
A	BL	1	63	9	1	BA1651	22634	10	0	0	0	0	0	0	1	0	0	0
A	BL	1	63	9	1	BA1651	22698	10	2	0	0	0	0	0	0	0	0	0
A	BL	1	63	9	1	BA1651	22699	2	6	0	0	0	0	0	0	0	0	0
A	BL	1	63	9	1	BA1651	22770	6	8	2	0	1	0	0	0	0	0	0
A	BL	1	63	9	1	BA1651	22779	8	0	0	0	0	0	0	0	1	0	0
A	BL	1	63	9	1	BA1651	22780	8	7	0	0	0	0	0	0	0	0	0
A	BL	1	63	9	1	BA1651	22788	7	8	2	0	1	0	0	0	0	0	0
A	BL	1	63	9	1	BA1651	22798	8	7	0	0	0	0	0	0	0	0	0
A	BL	1	63	9	1	BA1651	22801	7	0	0	0	0	0	0	0	1	0	0
A	BL	1	63	9	1	BA1651	22809	7	8	2	0	1	0	0	0	0	0	0
A	BL	1	63	9	1	BA1651	22819	8	7	0	0	0	0	0	0	0	0	0
A	BL	1	63	9	1	BA1651	22840	7	0	0	0	0	0	0	0	1	0	0
A	BL	1	63	9	1	BA1651	22853	7	8	2	0	1	0	0	0	0	0	0
A	BL	1	63	9	1	BA1651	22863	8	7	0	0	0	0	0	0	0	0	0
A	BL	1	63	9	1	BA1651	22866	7	0	0	0	0	0	0	0	1	0	0
A	BL	1	63	9	1	BA1651	22953	7	8	2	0	1	0	0	0	0	0	0
A	BL	1	63	9	1	BA1651	22963	8	9	0	0	0	0	0	0	0	0	0
A	BL	1	63	9	1	BA1651	22973	9	10	0	0	0	0	0	0	0	0	0
A	BL	1	63	9	1	BA1651	22974	10	0	0	0	0	0	0	0	1	0	0
A	BL	1	63	9	1	BA1651	23048	10	2	0	0	0	0	0	0	0	0	0
A	BL	1	63	9	1	BA1651	23049	2	3	0	0	0	0	0	0	0	0	0
A	BL	1	63	9	1	BA1651	23150	3	0	0	0	1	0	0	0	0	0	0
A	BL	1	63	9	1	BA1651	23154	3	0	0	0	0	0	0	0	1	0	0
A	BL	1	63	9	1	BA1651	23157	3	0	0	0	1	0	0	0	0	0	0
A	BL	1	63	9	1	BA1651	23176	3	0	0	0	0	0	0	0	1	0	0
A	BL	1	63	9	1	BA1651	23178	3	0	0	0	1	0	0	0	0	0	0
A	BL	1	63	9	1	BA1651	23182	3	0	0	0	0	0	0	0	1	0	0
A	BL	1	63	9	1	BA1651	23190	3	0	0	0	1	0	0	0	0	0	0
A	BL	1	63	9	1	BA1651	23223	3	0	0	0	0	0	0	0	1	0	0
A	BL	1	63	9	1	BA1651	23228	3	0	0	0	1	0	0	0	0	0	0
A	BL	1	63	9	1	BA1651	23278	3	0	0	0	0	0	0	0	1	0	0
A	BL	1	63	9	1	BA1651	23293	3	0	0	0	1	0	0	0	0	0	0
A	BL	1	63	9	1	BA1651	23305	3	0	0	0	0	0	0	0	1	0	0
A	BL	1	63	9	1	BA1651	23312	3	0	0	0	1	0	0	0	0	0	0
A	BL	1	63	9	1	BA1651	23330	3	0	0	0	0	0	0	0	1	0	0
A	BL	1	63	9	1	BA1651	23342	3	0	0	0	1	0	0	0	0	0	0
A	BL	1	63	9	1	BA1651	23352	3	0	0	0	0	0	0	0	1	0	0
A	BL	1	63	9	1	BA1651	23466	3	5	1	1	0	0	0	0	0	0	0
A	BL	1	63	9	1	BA1651	23471	5	0	0	0	0	0	0	1	0	0	0
A	BL	1	63	9	1	BA1651	23476	5	4	0	0	0	0	0	0	0	0	0
A	BL	1	63	9	1	BA1651	23479	4	5	1	1	0	0	0	0	0	0	0
A	BL	1	63	9	1	BA1651	23489	5	4	0	0	0	0	0	0	0	0	0
A	BL	1	63	9	1	BA1651	23514	4	0	0	0	0	0	0	1	0	0	0
A	BL	1	63	9	1	BA1651	23519	4	5	1	1	0	0	0	0	0	0	0
A	BL	1	63	9	1	BA1651	23529	5	4	0	0	0	0	0	0	0	0	0
A	BL	1	63	9	1	BA1651	23541	4	0	0	0	0	0	0	1	0	0	0
A	BL	1	63	9	1	BA1651	23558	4	5	1	1	0	0	0	0	0	0	0
A	BL	1	63	9	1	BA1651	23568	5	4	0	0	0	0	0	0	0	0	0
A	BL	1	63	9	1	BA1651	23589	4	0	0	0	0	0	0	1	0	0	0
A	BL	1	63	9	1	BA1651	23607	4	5	1	1	0	0	0	0	0	0	0
A	BL	1	63	9	1	BA1651	23617	5	9	0	0	0	0	0	0	0	0	0
A	BL	1	63	9	1	BA1651	23627	9	10	0	0	0	0	0	0	0	0	0
A	BL	1	63	9	1	BA1651	23643	10	0	0	0	0	0	0	1	0	0	0
A	BL	1	63	9	1	BA1651	23702	10	2	0	0	0	0	0	0	0	0	0
A	BL	1	63	9	1	BA1651	23703	2	3	0	0	0	0	0	0	0	0	0
A	BL	1	63	9	1	BA1651	23762	3	5	1	1	0	0	0	0	0	0	0
A	BL	1	63	9	1	BA1651	23772	5	4	0	0	0	0	0	0	0	0	0
A	BL	1	63	9	1	BA1651	23782	4	0	0	0	0	0	0	1	0	0	0
A	BL	1	63	9	1	BA1651	23789	4	5	1	1	0	0	0	0	0	0	0
A	BL	1	63	9	1	BA1651	23799	5	4	0	0	0	0	0	0	0	0	0
A	BL	1	63	9	1	BA1651	23824	4	0	0	0	0	0	0	1	0	0	0
A	BL	1	63	9	1	BA1651	23841	4	5	1	1	0	0	0	0	0	0	0
A	BL	1	63	9	1	BA1651	23851	5	4	0	0	0	0	0	0	0	0	0
A	BL	1	63	9	1	BA1651	23999	4	0	0	0	0	0	0	1	0	0	0
A	BL	1	63	9	1	BA1651	24009	4	5	1	1	0	0	0	0	0	0	0
A	BL	1	63	9	1	BA1651	24015	5	0	0	0	0	0	0	1	0	0	0
A	BL	1	63	9	1	BA1651	24019	5	4	0	0	0	0	0	0	0	0	0
A	BL	1	63	9	1	BA1651	24134	4	5	1	1	0	0	0	0	0	0	0
A	BL	1	63	9	1	BA1651	24144	5	9	0	0	0	0	0	0	0	0	0
A	BL	1	63	9	1	BA1651	24154	9	-1	0	0	0	0	0	0	0	0	0
