Project	UserID	Protocol	Session	Station	Run	Subject	Time	Current State	Transition State	Transition Event	A1 - 	A2 - 	A3 - 	A4 - 	A[1] 	A[2] 	A[3] 	A[4] 
A	BL	2	64	9	1	BA1653	0	0	1	0	0	0	0	0	0	0	0	0
A	BL	2	64	9	1	BA1653	50	1	2	0	0	0	0	0	0	0	0	0
A	BL	2	64	9	1	BA1653	51	2	6	0	0	0	0	0	0	0	0	0
A	BL	2	64	9	1	BA1653	714	6	8	2	0	1	0	0	0	0	0	0
A	BL	2	64	9	1	BA1653	724	8	7	0	0	0	0	0	0	0	0	0
A	BL	2	64	9	1	BA1653	751	7	0	0	0	0	0	0	0	1	0	0
A	BL	2	64	9	1	BA1653	754	7	8	2	0	1	0	0	0	0	0	0
A	BL	2	64	9	1	BA1653	764	8	7	0	0	0	0	0	0	0	0	0
A	BL	2	64	9	1	BA1653	770	7	0	0	0	0	0	0	0	1	0	0
A	BL	2	64	9	1	BA1653	889	7	8	2	0	1	0	0	0	0	0	0
A	BL	2	64	9	1	BA1653	899	8	7	0	0	0	0	0	0	0	0	0
A	BL	2	64	9	1	BA1653	943	7	0	0	0	0	0	0	0	1	0	0
A	BL	2	64	9	1	BA1653	951	7	8	2	0	1	0	0	0	0	0	0
A	BL	2	64	9	1	BA1653	961	8	7	0	0	0	0	0	0	1	0	0
A	BL	2	64	9	1	BA1653	997	7	8	2	0	1	0	0	0	0	0	0
A	BL	2	64	9	1	BA1653	1007	8	9	0	0	0	0	0	0	0	0	0
A	BL	2	64	9	1	BA1653	1017	9	10	0	0	0	0	0	0	0	0	0
A	BL	2	64	9	1	BA1653	1018	10	0	0	0	0	0	0	0	1	0	0
A	BL	2	64	9	1	BA1653	1092	10	2	0	0	0	0	0	0	0	0	0
A	BL	2	64	9	1	BA1653	1093	2	6	0	0	0	0	0	0	0	0	0
A	BL	2	64	9	1	BA1653	1158	6	8	2	0	1	0	0	0	0	0	0
A	BL	2	64	9	1	BA1653	1168	8	7	0	0	0	0	0	0	0	0	0
A	BL	2	64	9	1	BA1653	1172	7	0	0	0	0	0	0	0	1	0	0
A	BL	2	64	9	1	BA1653	1177	7	8	2	0	1	0	0	0	0	0	0
A	BL	2	64	9	1	BA1653	1179	8	0	0	0	0	0	0	0	1	0	0
A	BL	2	64	9	1	BA1653	1185	8	0	0	0	1	0	0	0	0	0	0
A	BL	2	64	9	1	BA1653	1187	8	7	0	0	0	0	0	0	0	0	0
A	BL	2	64	9	1	BA1653	1195	7	0	0	0	0	0	0	0	1	0	0
A	BL	2	64	9	1	BA1653	1203	7	8	2	0	1	0	0	0	0	0	0
A	BL	2	64	9	1	BA1653	1213	8	7	0	0	0	0	0	0	0	0	0
A	BL	2	64	9	1	BA1653	1222	7	0	0	0	0	0	0	0	1	0	0
A	BL	2	64	9	1	BA1653	1275	7	8	2	0	1	0	0	0	0	0	0
A	BL	2	64	9	1	BA1653	1285	8	7	0	0	0	0	0	0	0	0	0
A	BL	2	64	9	1	BA1653	1287	7	0	0	0	0	0	0	0	1	0	0
A	BL	2	64	9	1	BA1653	1289	7	8	2	0	1	0	0	0	0	0	0
A	BL	2	64	9	1	BA1653	1299	8	9	0	0	0	0	0	0	0	0	0
A	BL	2	64	9	1	BA1653	1306	9	0	0	0	0	0	0	0	1	0	0
A	BL	2	64	9	1	BA1653	1309	9	10	0	0	0	0	0	0	0	0	0
A	BL	2	64	9	1	BA1653	1384	10	2	0	0	0	0	0	0	0	0	0
A	BL	2	64	9	1	BA1653	1385	2	6	0	0	0	0	0	0	0	0	0
A	BL	2	64	9	1	BA1653	1453	6	8	2	0	1	0	0	0	0	0	0
A	BL	2	64	9	1	BA1653	1462	8	0	0	0	0	0	0	0	1	0	0
A	BL	2	64	9	1	BA1653	1463	8	7	0	0	0	0	0	0	0	0	0
A	BL	2	64	9	1	BA1653	1470	7	8	2	0	1	0	0	0	0	0	0
A	BL	2	64	9	1	BA1653	1480	8	7	0	0	0	0	0	0	0	0	0
A	BL	2	64	9	1	BA1653	1491	7	0	0	0	0	0	0	0	1	0	0
A	BL	2	64	9	1	BA1653	1500	7	8	2	0	1	0	0	0	0	0	0
A	BL	2	64	9	1	BA1653	1506	8	0	0	0	0	0	0	0	1	0	0
A	BL	2	64	9	1	BA1653	1510	8	7	0	0	0	0	0	0	0	0	0
A	BL	2	64	9	1	BA1653	1534	7	8	2	0	1	0	0	0	0	0	0
A	BL	2	64	9	1	BA1653	1544	8	7	0	0	0	0	0	0	0	0	0
A	BL	2	64	9	1	BA1653	1568	7	0	0	0	0	0	0	0	1	0	0
A	BL	2	64	9	1	BA1653	1573	7	8	2	0	1	0	0	0	0	0	0
A	BL	2	64	9	1	BA1653	1583	8	9	0	0	0	0	0	0	0	0	0
A	BL	2	64	9	1	BA1653	1591	9	0	0	0	0	0	0	0	1	0	0
A	BL	2	64	9	1	BA1653	1593	9	10	0	0	0	0	0	0	0	0	0
A	BL	2	64	9	1	BA1653	1668	10	2	0	0	0	0	0	0	0	0	0
A	BL	2	64	9	1	BA1653	1669	2	3	0	0	0	0	0	0	0	0	0
A	BL	2	64	9	1	BA1653	1933	3	0	0	0	1	0	0	0	0	0	0
A	BL	2	64	9	1	BA1653	1950	3	0	0	0	0	0	0	0	1	0	0
A	BL	2	64	9	1	BA1653	1970	3	0	0	0	1	0	0	0	0	0	0
A	BL	2	64	9	1	BA1653	2012	3	0	0	0	0	0	0	0	1	0	0
A	BL	2	64	9	1	BA1653	2048	3	0	0	0	1	0	0	0	0	0	0
A	BL	2	64	9	1	BA1653	2049	3	0	0	0	0	0	0	0	1	0	0
A	BL	2	64	9	1	BA1653	2054	3	0	0	0	1	0	0	0	0	0	0
A	BL	2	64	9	1	BA1653	2057	3	0	0	0	0	0	0	0	1	0	0
A	BL	2	64	9	1	BA1653	2058	3	0	0	0	1	0	0	0	0	0	0
A	BL	2	64	9	1	BA1653	2069	3	0	0	0	0	0	0	0	1	0	0
A	BL	2	64	9	1	BA1653	2071	3	0	0	0	1	0	0	0	0	0	0
A	BL	2	64	9	1	BA1653	2108	3	0	0	0	0	0	0	0	1	0	0
A	BL	2	64	9	1	BA1653	2151	3	5	1	1	0	0	0	0	0	0	0
A	BL	2	64	9	1	BA1653	2161	5	4	0	0	0	0	0	0	0	0	0
A	BL	2	64	9	1	BA1653	2193	4	0	0	0	0	0	0	1	0	0	0
A	BL	2	64	9	1	BA1653	2333	4	5	1	1	0	0	0	0	0	0	0
A	BL	2	64	9	1	BA1653	2343	5	4	0	0	0	0	0	0	0	0	0
A	BL	2	64	9	1	BA1653	2360	4	0	0	0	0	0	0	1	0	0	0
A	BL	2	64	9	1	BA1653	2418	4	5	1	1	0	0	0	0	0	0	0
A	BL	2	64	9	1	BA1653	2428	5	4	0	0	0	0	0	0	0	0	0
A	BL	2	64	9	1	BA1653	2454	4	0	0	0	0	0	0	1	0	0	0
A	BL	2	64	9	1	BA1653	2504	4	5	1	1	0	0	0	0	0	0	0
A	BL	2	64	9	1	BA1653	2514	5	4	0	0	0	0	0	0	0	0	0
A	BL	2	64	9	1	BA1653	2542	4	0	0	0	0	0	0	1	0	0	0
A	BL	2	64	9	1	BA1653	2600	4	5	1	1	0	0	0	0	0	0	0
A	BL	2	64	9	1	BA1653	2610	5	9	0	0	0	0	0	0	0	0	0
A	BL	2	64	9	1	BA1653	2620	9	10	0	0	0	0	0	0	0	0	0
A	BL	2	64	9	1	BA1653	2623	10	0	0	0	0	0	0	1	0	0	0
A	BL	2	64	9	1	BA1653	2695	10	2	0	0	0	0	0	0	0	0	0
A	BL	2	64	9	1	BA1653	2696	2	6	0	0	0	0	0	0	0	0	0
A	BL	2	64	9	1	BA1653	2804	6	8	2	0	1	0	0	0	0	0	0
A	BL	2	64	9	1	BA1653	2813	8	0	0	0	0	0	0	0	1	0	0
A	BL	2	64	9	1	BA1653	2814	8	7	0	0	0	0	0	0	0	0	0
A	BL	2	64	9	1	BA1653	2979	7	8	2	0	1	0	0	0	0	0	0
A	BL	2	64	9	1	BA1653	2989	8	7	0	0	0	0	0	0	0	0	0
A	BL	2	64	9	1	BA1653	3006	7	0	0	0	0	0	0	0	1	0	0
A	BL	2	64	9	1	BA1653	3055	7	8	2	0	1	0	0	0	0	0	0
A	BL	2	64	9	1	BA1653	3065	8	7	0	0	0	0	0	0	0	0	0
A	BL	2	64	9	1	BA1653	3074	7	0	0	0	0	0	0	0	1	0	0
A	BL	2	64	9	1	BA1653	3076	7	8	2	0	1	0	0	0	0	0	0
A	BL	2	64	9	1	BA1653	3077	8	0	0	0	0	0	0	0	1	0	0
A	BL	2	64	9	1	BA1653	3079	8	0	0	0	1	0	0	0	0	0	0
A	BL	2	64	9	1	BA1653	3086	8	7	0	0	0	0	0	0	0	0	0
A	BL	2	64	9	1	BA1653	3093	7	0	0	0	0	0	0	0	1	0	0
A	BL	2	64	9	1	BA1653	3132	7	8	2	0	1	0	0	0	0	0	0
A	BL	2	64	9	1	BA1653	3142	8	9	0	0	0	0	0	0	0	0	0
A	BL	2	64	9	1	BA1653	3152	9	10	0	0	0	0	0	0	0	0	0
A	BL	2	64	9	1	BA1653	3160	10	0	0	0	0	0	0	0	1	0	0
A	BL	2	64	9	1	BA1653	3227	10	2	0	0	0	0	0	0	0	0	0
A	BL	2	64	9	1	BA1653	3228	2	6	0	0	0	0	0	0	0	0	0
A	BL	2	64	9	1	BA1653	3441	6	8	2	0	1	0	0	0	0	0	0
A	BL	2	64	9	1	BA1653	3451	8	7	0	0	0	0	0	0	0	0	0
A	BL	2	64	9	1	BA1653	3456	7	0	0	0	0	0	0	0	1	0	0
A	BL	2	64	9	1	BA1653	3467	7	8	2	0	1	0	0	0	0	0	0
A	BL	2	64	9	1	BA1653	3470	8	0	0	0	0	0	0	0	1	0	0
A	BL	2	64	9	1	BA1653	3471	8	0	0	0	1	0	0	0	0	0	0
A	BL	2	64	9	1	BA1653	3477	8	7	0	0	0	0	0	0	0	0	0
A	BL	2	64	9	1	BA1653	3484	7	0	0	0	0	0	0	0	1	0	0
A	BL	2	64	9	1	BA1653	3501	7	8	2	0	1	0	0	0	0	0	0
A	BL	2	64	9	1	BA1653	3511	8	7	0	0	0	0	0	0	0	0	0
A	BL	2	64	9	1	BA1653	3512	7	0	0	0	0	0	0	0	1	0	0
A	BL	2	64	9	1	BA1653	3562	7	8	2	0	1	0	0	0	0	0	0
A	BL	2	64	9	1	BA1653	3572	8	7	0	0	0	0	0	0	0	0	0
A	BL	2	64	9	1	BA1653	3603	7	0	0	0	0	0	0	0	1	0	0
A	BL	2	64	9	1	BA1653	3639	7	8	2	0	1	0	0	0	0	0	0
A	BL	2	64	9	1	BA1653	3640	8	0	0	0	0	0	0	0	1	0	0
A	BL	2	64	9	1	BA1653	3648	8	0	0	0	1	0	0	0	0	0	0
A	BL	2	64	9	1	BA1653	3649	8	9	0	0	0	0	0	0	0	0	0
A	BL	2	64	9	1	BA1653	3659	9	10	0	0	0	0	0	0	0	0	0
A	BL	2	64	9	1	BA1653	3666	10	0	0	0	0	0	0	0	1	0	0
A	BL	2	64	9	1	BA1653	3734	10	2	0	0	0	0	0	0	0	0	0
A	BL	2	64	9	1	BA1653	3735	2	3	0	0	0	0	0	0	0	0	0
A	BL	2	64	9	1	BA1653	3957	3	5	1	1	0	0	0	0	0	0	0
A	BL	2	64	9	1	BA1653	3967	5	4	0	0	0	0	0	0	0	0	0
A	BL	2	64	9	1	BA1653	3991	4	0	0	0	0	0	0	1	0	0	0
A	BL	2	64	9	1	BA1653	4050	4	5	1	1	0	0	0	0	0	0	0
A	BL	2	64	9	1	BA1653	4060	5	4	0	0	0	0	0	0	0	0	0
A	BL	2	64	9	1	BA1653	4087	4	0	0	0	0	0	0	1	0	0	0
A	BL	2	64	9	1	BA1653	4165	4	5	1	1	0	0	0	0	0	0	0
A	BL	2	64	9	1	BA1653	4175	5	4	0	0	0	0	0	0	0	0	0
A	BL	2	64	9	1	BA1653	4188	4	0	0	0	0	0	0	1	0	0	0
A	BL	2	64	9	1	BA1653	4313	4	5	1	1	0	0	0	0	0	0	0
A	BL	2	64	9	1	BA1653	4323	5	4	0	0	0	0	0	0	0	0	0
A	BL	2	64	9	1	BA1653	4349	4	0	0	0	0	0	0	1	0	0	0
A	BL	2	64	9	1	BA1653	4424	4	5	1	1	0	0	0	0	0	0	0
A	BL	2	64	9	1	BA1653	4434	5	9	0	0	0	0	0	0	0	0	0
A	BL	2	64	9	1	BA1653	4444	9	10	0	0	0	0	0	0	0	0	0
A	BL	2	64	9	1	BA1653	4447	10	0	0	0	0	0	0	1	0	0	0
A	BL	2	64	9	1	BA1653	4519	10	2	0	0	0	0	0	0	0	0	0
A	BL	2	64	9	1	BA1653	4520	2	6	0	0	0	0	0	0	0	0	0
A	BL	2	64	9	1	BA1653	4869	6	8	2	0	1	0	0	0	0	0	0
A	BL	2	64	9	1	BA1653	4879	8	7	0	0	0	0	0	0	0	0	0
A	BL	2	64	9	1	BA1653	4884	7	0	0	0	0	0	0	0	1	0	0
A	BL	2	64	9	1	BA1653	4898	7	8	2	0	1	0	0	0	0	0	0
A	BL	2	64	9	1	BA1653	4908	8	7	0	0	0	0	0	0	0	0	0
A	BL	2	64	9	1	BA1653	4910	7	0	0	0	0	0	0	0	1	0	0
A	BL	2	64	9	1	BA1653	4935	7	8	2	0	1	0	0	0	0	0	0
A	BL	2	64	9	1	BA1653	4945	8	7	0	0	0	0	0	0	0	0	0
A	BL	2	64	9	1	BA1653	4947	7	0	0	0	0	0	0	0	1	0	0
A	BL	2	64	9	1	BA1653	4953	7	8	2	0	1	0	0	0	0	0	0
A	BL	2	64	9	1	BA1653	4963	8	7	0	0	0	0	0	0	0	0	0
A	BL	2	64	9	1	BA1653	4972	7	0	0	0	0	0	0	0	1	0	0
A	BL	2	64	9	1	BA1653	5013	7	8	2	0	1	0	0	0	0	0	0
A	BL	2	64	9	1	BA1653	5023	8	9	0	0	0	0	0	0	0	0	0
A	BL	2	64	9	1	BA1653	5033	9	10	0	0	0	0	0	0	0	0	0
A	BL	2	64	9	1	BA1653	5042	10	0	0	0	0	0	0	0	1	0	0
A	BL	2	64	9	1	BA1653	5108	10	2	0	0	0	0	0	0	0	0	0
A	BL	2	64	9	1	BA1653	5109	2	6	0	0	0	0	0	0	0	0	0
A	BL	2	64	9	1	BA1653	5373	6	8	2	0	1	0	0	0	0	0	0
A	BL	2	64	9	1	BA1653	5383	8	7	0	0	0	0	0	0	0	0	0
A	BL	2	64	9	1	BA1653	5409	7	0	0	0	0	0	0	0	1	0	0
A	BL	2	64	9	1	BA1653	5507	7	8	2	0	1	0	0	0	0	0	0
A	BL	2	64	9	1	BA1653	5508	8	0	0	0	0	0	0	0	1	0	0
A	BL	2	64	9	1	BA1653	5515	8	0	0	0	1	0	0	0	0	0	0
A	BL	2	64	9	1	BA1653	5517	8	7	0	0	0	0	0	0	0	0	0
A	BL	2	64	9	1	BA1653	5542	7	0	0	0	0	0	0	0	1	0	0
A	BL	2	64	9	1	BA1653	5545	7	8	2	0	1	0	0	0	0	0	0
A	BL	2	64	9	1	BA1653	5547	8	0	0	0	0	0	0	0	1	0	0
A	BL	2	64	9	1	BA1653	5549	8	0	0	0	1	0	0	0	0	0	0
A	BL	2	64	9	1	BA1653	5555	8	7	0	0	0	0	0	0	0	0	0
A	BL	2	64	9	1	BA1653	5570	7	0	0	0	0	0	0	0	1	0	0
A	BL	2	64	9	1	BA1653	5614	7	8	2	0	1	0	0	0	0	0	0
A	BL	2	64	9	1	BA1653	5621	8	0	0	0	0	0	0	0	1	0	0
A	BL	2	64	9	1	BA1653	5624	8	7	0	0	0	0	0	0	0	0	0
A	BL	2	64	9	1	BA1653	5627	7	8	2	0	1	0	0	0	0	0	0
A	BL	2	64	9	1	BA1653	5637	8	9	0	0	0	0	0	0	0	0	0
A	BL	2	64	9	1	BA1653	5647	9	10	0	0	0	0	0	0	0	0	0
A	BL	2	64	9	1	BA1653	5658	10	0	0	0	0	0	0	0	1	0	0
A	BL	2	64	9	1	BA1653	5722	10	2	0	0	0	0	0	0	0	0	0
A	BL	2	64	9	1	BA1653	5723	2	3	0	0	0	0	0	0	0	0	0
A	BL	2	64	9	1	BA1653	5984	3	0	0	0	1	0	0	0	0	0	0
A	BL	2	64	9	1	BA1653	6004	3	0	0	0	0	0	0	0	1	0	0
A	BL	2	64	9	1	BA1653	6082	3	0	0	0	1	0	0	0	0	0	0
A	BL	2	64	9	1	BA1653	6084	3	0	0	0	0	0	0	0	1	0	0
A	BL	2	64	9	1	BA1653	6097	3	0	0	0	1	0	0	0	0	0	0
A	BL	2	64	9	1	BA1653	6099	3	0	0	0	0	0	0	0	1	0	0
A	BL	2	64	9	1	BA1653	6104	3	0	0	0	1	0	0	0	0	0	0
A	BL	2	64	9	1	BA1653	6134	3	0	0	0	0	0	0	0	1	0	0
A	BL	2	64	9	1	BA1653	6141	3	0	0	0	1	0	0	0	0	0	0
A	BL	2	64	9	1	BA1653	6143	3	0	0	0	0	0	0	0	1	0	0
A	BL	2	64	9	1	BA1653	6149	3	0	0	0	1	0	0	0	0	0	0
A	BL	2	64	9	1	BA1653	6152	3	0	0	0	0	0	0	0	1	0	0
A	BL	2	64	9	1	BA1653	6154	3	0	0	0	1	0	0	0	0	0	0
A	BL	2	64	9	1	BA1653	6159	3	0	0	0	0	0	0	0	1	0	0
A	BL	2	64	9	1	BA1653	6411	3	5	1	1	0	0	0	0	0	0	0
A	BL	2	64	9	1	BA1653	6421	5	4	0	0	0	0	0	0	0	0	0
A	BL	2	64	9	1	BA1653	6436	4	0	0	0	0	0	0	1	0	0	0
A	BL	2	64	9	1	BA1653	6489	4	5	1	1	0	0	0	0	0	0	0
A	BL	2	64	9	1	BA1653	6499	5	4	0	0	0	0	0	0	0	0	0
A	BL	2	64	9	1	BA1653	6524	4	0	0	0	0	0	0	1	0	0	0
A	BL	2	64	9	1	BA1653	6580	4	5	1	1	0	0	0	0	0	0	0
A	BL	2	64	9	1	BA1653	6583	5	0	0	0	0	0	0	1	0	0	0
A	BL	2	64	9	1	BA1653	6590	5	4	0	0	0	0	0	0	0	0	0
A	BL	2	64	9	1	BA1653	6595	4	5	1	1	0	0	0	0	0	0	0
A	BL	2	64	9	1	BA1653	6605	5	4	0	0	0	0	0	0	0	0	0
A	BL	2	64	9	1	BA1653	6607	4	0	0	0	0	0	0	1	0	0	0
A	BL	2	64	9	1	BA1653	6712	4	5	1	1	0	0	0	0	0	0	0
A	BL	2	64	9	1	BA1653	6722	5	9	0	0	0	0	0	0	0	0	0
A	BL	2	64	9	1	BA1653	6732	9	10	0	0	0	0	0	0	0	0	0
A	BL	2	64	9	1	BA1653	6733	10	0	0	0	0	0	0	1	0	0	0
A	BL	2	64	9	1	BA1653	6807	10	2	0	0	0	0	0	0	0	0	0
A	BL	2	64	9	1	BA1653	6808	2	3	0	0	0	0	0	0	0	0	0
A	BL	2	64	9	1	BA1653	6911	3	5	1	1	0	0	0	0	0	0	0
A	BL	2	64	9	1	BA1653	6921	5	4	0	0	0	0	0	0	0	0	0
A	BL	2	64	9	1	BA1653	6935	4	0	0	0	0	0	0	1	0	0	0
A	BL	2	64	9	1	BA1653	7014	4	5	1	1	0	0	0	0	0	0	0
A	BL	2	64	9	1	BA1653	7024	5	4	0	0	0	0	0	0	0	0	0
A	BL	2	64	9	1	BA1653	7072	4	0	0	0	0	0	0	1	0	0	0
A	BL	2	64	9	1	BA1653	7132	4	5	1	1	0	0	0	0	0	0	0
A	BL	2	64	9	1	BA1653	7142	5	4	0	0	0	0	0	0	0	0	0
A	BL	2	64	9	1	BA1653	7169	4	0	0	0	0	0	0	1	0	0	0
A	BL	2	64	9	1	BA1653	7216	4	5	1	1	0	0	0	0	0	0	0
A	BL	2	64	9	1	BA1653	7226	5	4	0	0	0	0	0	0	0	0	0
A	BL	2	64	9	1	BA1653	7258	4	0	0	0	0	0	0	1	0	0	0
A	BL	2	64	9	1	BA1653	7319	4	5	1	1	0	0	0	0	0	0	0
A	BL	2	64	9	1	BA1653	7329	5	9	0	0	0	0	0	0	0	0	0
A	BL	2	64	9	1	BA1653	7339	9	10	0	0	0	0	0	0	0	0	0
A	BL	2	64	9	1	BA1653	7342	10	0	0	0	0	0	0	1	0	0	0
A	BL	2	64	9	1	BA1653	7414	10	2	0	0	0	0	0	0	0	0	0
A	BL	2	64	9	1	BA1653	7415	2	6	0	0	0	0	0	0	0	0	0
A	BL	2	64	9	1	BA1653	7826	6	8	2	0	1	0	0	0	0	0	0
A	BL	2	64	9	1	BA1653	7829	8	0	0	0	0	0	0	0	1	0	0
A	BL	2	64	9	1	BA1653	7831	8	0	0	0	1	0	0	0	0	0	0
A	BL	2	64	9	1	BA1653	7836	8	7	0	0	0	0	0	0	0	0	0
A	BL	2	64	9	1	BA1653	7849	7	0	0	0	0	0	0	0	1	0	0
A	BL	2	64	9	1	BA1653	7878	7	8	2	0	1	0	0	0	0	0	0
A	BL	2	64	9	1	BA1653	7888	8	7	0	0	0	0	0	0	0	0	0
A	BL	2	64	9	1	BA1653	7894	7	0	0	0	0	0	0	0	1	0	0
A	BL	2	64	9	1	BA1653	7897	7	8	2	0	1	0	0	0	0	0	0
A	BL	2	64	9	1	BA1653	7907	8	7	0	0	0	0	0	0	0	0	0
A	BL	2	64	9	1	BA1653	7913	7	0	0	0	0	0	0	0	1	0	0
A	BL	2	64	9	1	BA1653	8109	7	8	2	0	1	0	0	0	0	0	0
A	BL	2	64	9	1	BA1653	8111	8	0	0	0	0	0	0	0	1	0	0
A	BL	2	64	9	1	BA1653	8119	8	7	0	0	0	0	0	0	0	0	0
A	BL	2	64	9	1	BA1653	8146	7	8	2	0	1	0	0	0	0	0	0
A	BL	2	64	9	1	BA1653	8156	8	9	0	0	0	0	0	0	0	0	0
A	BL	2	64	9	1	BA1653	8166	9	10	0	0	0	0	0	0	0	0	0
A	BL	2	64	9	1	BA1653	8176	10	0	0	0	0	0	0	0	1	0	0
A	BL	2	64	9	1	BA1653	8241	10	2	0	0	0	0	0	0	0	0	0
A	BL	2	64	9	1	BA1653	8242	2	6	0	0	0	0	0	0	0	0	0
A	BL	2	64	9	1	BA1653	8326	6	8	2	0	1	0	0	0	0	0	0
A	BL	2	64	9	1	BA1653	8336	8	7	0	0	0	0	0	0	0	0	0
A	BL	2	64	9	1	BA1653	8357	7	0	0	0	0	0	0	0	1	0	0
A	BL	2	64	9	1	BA1653	8393	7	8	2	0	1	0	0	0	0	0	0
A	BL	2	64	9	1	BA1653	8403	8	7	0	0	0	0	0	0	0	0	0
A	BL	2	64	9	1	BA1653	8426	7	0	0	0	0	0	0	0	1	0	0
A	BL	2	64	9	1	BA1653	8476	7	8	2	0	1	0	0	0	0	0	0
A	BL	2	64	9	1	BA1653	8486	8	7	0	0	0	0	0	0	0	0	0
A	BL	2	64	9	1	BA1653	8499	7	0	0	0	0	0	0	0	1	0	0
A	BL	2	64	9	1	BA1653	8524	7	8	2	0	1	0	0	0	0	0	0
A	BL	2	64	9	1	BA1653	8534	8	7	0	0	0	0	0	0	0	0	0
A	BL	2	64	9	1	BA1653	8574	7	0	0	0	0	0	0	0	1	0	0
A	BL	2	64	9	1	BA1653	8650	7	8	2	0	1	0	0	0	0	0	0
A	BL	2	64	9	1	BA1653	8660	8	9	0	0	0	0	0	0	0	0	0
A	BL	2	64	9	1	BA1653	8670	9	10	0	0	0	0	0	0	0	0	0
A	BL	2	64	9	1	BA1653	8682	10	0	0	0	0	0	0	0	1	0	0
A	BL	2	64	9	1	BA1653	8745	10	2	0	0	0	0	0	0	0	0	0
A	BL	2	64	9	1	BA1653	8746	2	6	0	0	0	0	0	0	0	0	0
A	BL	2	64	9	1	BA1653	8932	6	8	2	0	1	0	0	0	0	0	0
A	BL	2	64	9	1	BA1653	8942	8	7	0	0	0	0	0	0	0	0	0
A	BL	2	64	9	1	BA1653	8957	7	0	0	0	0	0	0	0	1	0	0
A	BL	2	64	9	1	BA1653	8962	7	8	2	0	1	0	0	0	0	0	0
A	BL	2	64	9	1	BA1653	8972	8	7	0	0	0	0	0	0	0	0	0
A	BL	2	64	9	1	BA1653	8976	7	0	0	0	0	0	0	0	1	0	0
A	BL	2	64	9	1	BA1653	8982	7	8	2	0	1	0	0	0	0	0	0
A	BL	2	64	9	1	BA1653	8992	8	7	0	0	0	0	0	0	0	0	0
A	BL	2	64	9	1	BA1653	9011	7	0	0	0	0	0	0	0	1	0	0
A	BL	2	64	9	1	BA1653	9050	7	8	2	0	1	0	0	0	0	0	0
A	BL	2	64	9	1	BA1653	9060	8	7	0	0	0	0	0	0	0	0	0
A	BL	2	64	9	1	BA1653	9075	7	0	0	0	0	0	0	0	1	0	0
A	BL	2	64	9	1	BA1653	9250	7	8	2	0	1	0	0	0	0	0	0
A	BL	2	64	9	1	BA1653	9260	8	9	0	0	0	0	0	0	0	0	0
A	BL	2	64	9	1	BA1653	9270	9	10	0	0	0	0	0	0	0	0	0
A	BL	2	64	9	1	BA1653	9275	10	0	0	0	0	0	0	0	1	0	0
A	BL	2	64	9	1	BA1653	9345	10	2	0	0	0	0	0	0	0	0	0
A	BL	2	64	9	1	BA1653	9346	2	3	0	0	0	0	0	0	0	0	0
A	BL	2	64	9	1	BA1653	9613	3	5	1	1	0	0	0	0	0	0	0
A	BL	2	64	9	1	BA1653	9623	5	4	0	0	0	0	0	0	0	0	0
A	BL	2	64	9	1	BA1653	9649	4	0	0	0	0	0	0	1	0	0	0
A	BL	2	64	9	1	BA1653	9693	4	5	1	1	0	0	0	0	0	0	0
A	BL	2	64	9	1	BA1653	9703	5	4	0	0	0	0	0	0	0	0	0
A	BL	2	64	9	1	BA1653	9734	4	0	0	0	0	0	0	1	0	0	0
A	BL	2	64	9	1	BA1653	9793	4	5	1	1	0	0	0	0	0	0	0
A	BL	2	64	9	1	BA1653	9803	5	4	0	0	0	0	0	0	0	0	0
A	BL	2	64	9	1	BA1653	9842	4	0	0	0	0	0	0	1	0	0	0
A	BL	2	64	9	1	BA1653	9953	4	5	1	1	0	0	0	0	0	0	0
A	BL	2	64	9	1	BA1653	9963	5	4	0	0	0	0	0	0	0	0	0
A	BL	2	64	9	1	BA1653	9979	4	0	0	0	0	0	0	1	0	0	0
A	BL	2	64	9	1	BA1653	10047	4	5	1	1	0	0	0	0	0	0	0
A	BL	2	64	9	1	BA1653	10057	5	9	0	0	0	0	0	0	0	0	0
A	BL	2	64	9	1	BA1653	10067	9	10	0	0	0	0	0	0	0	0	0
A	BL	2	64	9	1	BA1653	10069	10	0	0	0	0	0	0	1	0	0	0
A	BL	2	64	9	1	BA1653	10142	10	2	0	0	0	0	0	0	0	0	0
A	BL	2	64	9	1	BA1653	10143	2	3	0	0	0	0	0	0	0	0	0
A	BL	2	64	9	1	BA1653	10302	3	5	1	1	0	0	0	0	0	0	0
A	BL	2	64	9	1	BA1653	10312	5	4	0	0	0	0	0	0	0	0	0
A	BL	2	64	9	1	BA1653	10341	4	0	0	0	0	0	0	1	0	0	0
A	BL	2	64	9	1	BA1653	10444	4	5	1	1	0	0	0	0	0	0	0
A	BL	2	64	9	1	BA1653	10454	5	4	0	0	0	0	0	0	0	0	0
A	BL	2	64	9	1	BA1653	10480	4	0	0	0	0	0	0	1	0	0	0
A	BL	2	64	9	1	BA1653	10547	4	5	1	1	0	0	0	0	0	0	0
A	BL	2	64	9	1	BA1653	10557	5	4	0	0	0	0	0	0	0	0	0
A	BL	2	64	9	1	BA1653	10582	4	0	0	0	0	0	0	1	0	0	0
A	BL	2	64	9	1	BA1653	10655	4	5	1	1	0	0	0	0	0	0	0
A	BL	2	64	9	1	BA1653	10665	5	4	0	0	0	0	0	0	0	0	0
A	BL	2	64	9	1	BA1653	10705	4	0	0	0	0	0	0	1	0	0	0
A	BL	2	64	9	1	BA1653	10754	4	5	1	1	0	0	0	0	0	0	0
A	BL	2	64	9	1	BA1653	10764	5	9	0	0	0	0	0	0	0	0	0
A	BL	2	64	9	1	BA1653	10774	9	10	0	0	0	0	0	0	0	0	0
A	BL	2	64	9	1	BA1653	10776	10	0	0	0	0	0	0	1	0	0	0
A	BL	2	64	9	1	BA1653	10849	10	2	0	0	0	0	0	0	0	0	0
A	BL	2	64	9	1	BA1653	10850	2	6	0	0	0	0	0	0	0	0	0
A	BL	2	64	9	1	BA1653	11142	6	8	2	0	1	0	0	0	0	0	0
A	BL	2	64	9	1	BA1653	11149	8	0	0	0	0	0	0	0	1	0	0
A	BL	2	64	9	1	BA1653	11152	8	7	0	0	0	0	0	0	0	0	0
A	BL	2	64	9	1	BA1653	11171	7	8	2	0	1	0	0	0	0	0	0
A	BL	2	64	9	1	BA1653	11173	8	0	0	0	0	0	0	0	1	0	0
A	BL	2	64	9	1	BA1653	11178	8	0	0	0	1	0	0	0	0	0	0
A	BL	2	64	9	1	BA1653	11180	8	0	0	0	0	0	0	0	1	0	0
A	BL	2	64	9	1	BA1653	11181	8	7	0	0	0	0	0	0	0	0	0
A	BL	2	64	9	1	BA1653	11189	7	8	2	0	1	0	0	0	0	0	0
A	BL	2	64	9	1	BA1653	11199	8	7	0	0	0	0	0	0	0	0	0
A	BL	2	64	9	1	BA1653	11201	7	0	0	0	0	0	0	0	1	0	0
A	BL	2	64	9	1	BA1653	11259	7	8	2	0	1	0	0	0	0	0	0
A	BL	2	64	9	1	BA1653	11261	8	0	0	0	0	0	0	0	1	0	0
A	BL	2	64	9	1	BA1653	11269	8	7	0	0	0	0	0	0	0	0	0
A	BL	2	64	9	1	BA1653	11271	7	8	2	0	1	0	0	0	0	0	0
A	BL	2	64	9	1	BA1653	11274	8	0	0	0	0	0	0	0	1	0	0
A	BL	2	64	9	1	BA1653	11278	8	0	0	0	1	0	0	0	0	0	0
A	BL	2	64	9	1	BA1653	11281	8	9	0	0	0	0	0	0	0	0	0
A	BL	2	64	9	1	BA1653	11291	9	10	0	0	0	0	0	0	0	0	0
A	BL	2	64	9	1	BA1653	11295	10	0	0	0	0	0	0	0	1	0	0
A	BL	2	64	9	1	BA1653	11366	10	2	0	0	0	0	0	0	0	0	0
A	BL	2	64	9	1	BA1653	11367	2	6	0	0	0	0	0	0	0	0	0
A	BL	2	64	9	1	BA1653	11541	6	8	2	0	1	0	0	0	0	0	0
A	BL	2	64	9	1	BA1653	11545	8	0	0	0	0	0	0	0	1	0	0
A	BL	2	64	9	1	BA1653	11550	8	0	0	0	1	0	0	0	0	0	0
A	BL	2	64	9	1	BA1653	11551	8	7	0	0	0	0	0	0	0	0	0
A	BL	2	64	9	1	BA1653	11560	7	0	0	0	0	0	0	0	1	0	0
A	BL	2	64	9	1	BA1653	11564	7	8	2	0	1	0	0	0	0	0	0
A	BL	2	64	9	1	BA1653	11570	8	0	0	0	1	0	0	0	1	0	0
A	BL	2	64	9	1	BA1653	11574	8	7	0	0	0	0	0	0	0	0	0
A	BL	2	64	9	1	BA1653	11589	7	0	0	0	0	0	0	0	1	0	0
A	BL	2	64	9	1	BA1653	11639	7	8	2	0	1	0	0	0	0	0	0
A	BL	2	64	9	1	BA1653	11641	8	0	0	0	0	0	0	0	1	0	0
A	BL	2	64	9	1	BA1653	11649	8	7	0	0	0	0	0	0	0	0	0
A	BL	2	64	9	1	BA1653	11650	7	8	2	0	1	0	0	0	0	0	0
A	BL	2	64	9	1	BA1653	11652	8	0	0	0	0	0	0	0	1	0	0
A	BL	2	64	9	1	BA1653	11660	8	7	0	0	0	0	0	0	0	0	0
A	BL	2	64	9	1	BA1653	11741	7	8	2	0	1	0	0	0	0	0	0
A	BL	2	64	9	1	BA1653	11742	8	0	0	0	0	0	0	0	1	0	0
A	BL	2	64	9	1	BA1653	11747	8	0	0	0	1	0	0	0	0	0	0
A	BL	2	64	9	1	BA1653	11750	8	0	0	0	0	0	0	0	1	0	0
A	BL	2	64	9	1	BA1653	11751	8	9	0	0	0	0	0	0	0	0	0
A	BL	2	64	9	1	BA1653	11761	9	10	0	0	0	0	0	0	0	0	0
A	BL	2	64	9	1	BA1653	11836	10	2	0	0	0	0	0	0	0	0	0
A	BL	2	64	9	1	BA1653	11837	2	6	0	0	0	0	0	0	0	0	0
A	BL	2	64	9	1	BA1653	12390	6	8	2	0	1	0	0	0	0	0	0
A	BL	2	64	9	1	BA1653	12400	8	7	0	0	0	0	0	0	0	0	0
A	BL	2	64	9	1	BA1653	12420	7	0	0	0	0	0	0	0	1	0	0
A	BL	2	64	9	1	BA1653	12473	7	8	2	0	1	0	0	0	0	0	0
A	BL	2	64	9	1	BA1653	12483	8	7	0	0	0	0	0	0	0	0	0
A	BL	2	64	9	1	BA1653	12504	7	0	0	0	0	0	0	0	1	0	0
A	BL	2	64	9	1	BA1653	12637	7	8	2	0	1	0	0	0	0	0	0
A	BL	2	64	9	1	BA1653	12640	8	0	0	0	0	0	0	0	1	0	0
A	BL	2	64	9	1	BA1653	12643	8	0	0	0	1	0	0	0	0	0	0
A	BL	2	64	9	1	BA1653	12647	8	7	0	0	0	0	0	0	0	0	0
A	BL	2	64	9	1	BA1653	12668	7	0	0	0	0	0	0	0	1	0	0
A	BL	2	64	9	1	BA1653	12702	7	8	2	0	1	0	0	0	0	0	0
A	BL	2	64	9	1	BA1653	12712	8	7	0	0	0	0	0	0	0	0	0
A	BL	2	64	9	1	BA1653	12727	7	0	0	0	0	0	0	0	1	0	0
A	BL	2	64	9	1	BA1653	12769	7	8	2	0	1	0	0	0	0	0	0
A	BL	2	64	9	1	BA1653	12779	8	9	0	0	0	0	0	0	0	0	0
A	BL	2	64	9	1	BA1653	12783	9	0	0	0	0	0	0	0	1	0	0
A	BL	2	64	9	1	BA1653	12789	9	10	0	0	0	0	0	0	0	0	0
A	BL	2	64	9	1	BA1653	12793	10	0	0	0	1	0	0	0	0	0	0
A	BL	2	64	9	1	BA1653	12795	10	0	0	0	0	0	0	0	1	0	0
A	BL	2	64	9	1	BA1653	12864	10	2	0	0	0	0	0	0	0	0	0
A	BL	2	64	9	1	BA1653	12865	2	3	0	0	0	0	0	0	0	0	0
A	BL	2	64	9	1	BA1653	14258	3	5	1	1	0	0	0	0	0	0	0
A	BL	2	64	9	1	BA1653	14268	5	4	0	0	0	0	0	0	0	0	0
A	BL	2	64	9	1	BA1653	14280	4	0	0	0	0	0	0	1	0	0	0
A	BL	2	64	9	1	BA1653	14527	4	5	1	1	0	0	0	0	0	0	0
A	BL	2	64	9	1	BA1653	14537	5	4	0	0	0	0	0	0	0	0	0
A	BL	2	64	9	1	BA1653	14566	4	0	0	0	0	0	0	1	0	0	0
A	BL	2	64	9	1	BA1653	14614	4	5	1	1	0	0	0	0	0	0	0
A	BL	2	64	9	1	BA1653	14624	5	4	0	0	0	0	0	0	0	0	0
A	BL	2	64	9	1	BA1653	14662	4	0	0	0	0	0	0	1	0	0	0
A	BL	2	64	9	1	BA1653	15774	4	5	1	1	0	0	0	0	0	0	0
A	BL	2	64	9	1	BA1653	15784	5	4	0	0	0	0	0	0	0	0	0
A	BL	2	64	9	1	BA1653	15808	4	0	0	0	0	0	0	1	0	0	0
A	BL	2	64	9	1	BA1653	15895	4	0	0	0	1	0	0	0	0	0	0
A	BL	2	64	9	1	BA1653	15918	4	0	0	0	0	0	0	0	1	0	0
A	BL	2	64	9	1	BA1653	15984	4	0	0	0	1	0	0	0	0	0	0
A	BL	2	64	9	1	BA1653	15986	4	0	0	0	0	0	0	0	1	0	0
A	BL	2	64	9	1	BA1653	16135	4	5	1	1	0	0	0	0	0	0	0
A	BL	2	64	9	1	BA1653	16145	5	9	0	0	0	0	0	0	0	0	0
A	BL	2	64	9	1	BA1653	16155	9	10	0	0	0	0	0	1	0	0	0
A	BL	2	64	9	1	BA1653	16230	10	2	0	0	0	0	0	0	0	0	0
A	BL	2	64	9	1	BA1653	16231	2	3	0	0	0	0	0	0	0	0	0
A	BL	2	64	9	1	BA1653	16540	3	5	1	1	0	0	0	0	0	0	0
A	BL	2	64	9	1	BA1653	16550	5	4	0	0	0	0	0	0	0	0	0
A	BL	2	64	9	1	BA1653	16579	4	0	0	0	0	0	0	1	0	0	0
A	BL	2	64	9	1	BA1653	16625	4	5	1	1	0	0	0	0	0	0	0
A	BL	2	64	9	1	BA1653	16635	5	4	0	0	0	0	0	0	0	0	0
A	BL	2	64	9	1	BA1653	16661	4	0	0	0	0	0	0	1	0	0	0
A	BL	2	64	9	1	BA1653	16720	4	5	1	1	0	0	0	0	0	0	0
A	BL	2	64	9	1	BA1653	16730	5	4	0	0	0	0	0	0	0	0	0
A	BL	2	64	9	1	BA1653	16755	4	0	0	0	0	0	0	1	0	0	0
A	BL	2	64	9	1	BA1653	16816	4	5	1	1	0	0	0	0	0	0	0
A	BL	2	64	9	1	BA1653	16826	5	4	0	0	0	0	0	0	0	0	0
A	BL	2	64	9	1	BA1653	16859	4	0	0	0	0	0	0	1	0	0	0
A	BL	2	64	9	1	BA1653	16910	4	5	1	1	0	0	0	0	0	0	0
A	BL	2	64	9	1	BA1653	16920	5	9	0	0	0	0	0	0	0	0	0
A	BL	2	64	9	1	BA1653	16930	9	10	0	0	0	0	0	0	0	0	0
A	BL	2	64	9	1	BA1653	16931	10	0	0	0	0	0	0	1	0	0	0
A	BL	2	64	9	1	BA1653	17005	10	2	0	0	0	0	0	0	0	0	0
A	BL	2	64	9	1	BA1653	17006	2	6	0	0	0	0	0	0	0	0	0
A	BL	2	64	9	1	BA1653	17156	6	8	2	0	1	0	0	0	0	0	0
A	BL	2	64	9	1	BA1653	17166	8	7	0	0	0	0	0	0	0	0	0
A	BL	2	64	9	1	BA1653	17167	7	0	0	0	0	0	0	0	1	0	0
A	BL	2	64	9	1	BA1653	17229	7	8	2	0	1	0	0	0	0	0	0
A	BL	2	64	9	1	BA1653	17231	8	0	0	0	0	0	0	0	1	0	0
A	BL	2	64	9	1	BA1653	17232	8	0	0	0	1	0	0	0	0	0	0
A	BL	2	64	9	1	BA1653	17239	8	7	0	0	0	0	0	0	0	0	0
A	BL	2	64	9	1	BA1653	17257	7	0	0	0	0	0	0	0	1	0	0
A	BL	2	64	9	1	BA1653	17318	7	8	2	0	1	0	0	0	0	0	0
A	BL	2	64	9	1	BA1653	17328	8	7	0	0	0	0	0	0	0	0	0
A	BL	2	64	9	1	BA1653	17336	7	0	0	0	0	0	0	0	1	0	0
A	BL	2	64	9	1	BA1653	17348	7	8	2	0	1	0	0	0	0	0	0
A	BL	2	64	9	1	BA1653	17349	8	0	0	0	0	0	0	0	1	0	0
A	BL	2	64	9	1	BA1653	17351	8	0	0	0	1	0	0	0	0	0	0
A	BL	2	64	9	1	BA1653	17358	8	7	0	0	0	0	0	0	0	0	0
A	BL	2	64	9	1	BA1653	17398	7	0	0	0	0	0	0	0	1	0	0
A	BL	2	64	9	1	BA1653	17484	7	8	2	0	1	0	0	0	0	0	0
A	BL	2	64	9	1	BA1653	17493	8	0	0	0	0	0	0	0	1	0	0
A	BL	2	64	9	1	BA1653	17494	8	9	0	0	0	0	0	0	0	0	0
A	BL	2	64	9	1	BA1653	17504	9	10	0	0	0	0	0	0	0	0	0
A	BL	2	64	9	1	BA1653	17579	10	2	0	0	0	0	0	0	0	0	0
A	BL	2	64	9	1	BA1653	17580	2	3	0	0	0	0	0	0	0	0	0
A	BL	2	64	9	1	BA1653	17709	3	0	0	0	1	0	0	0	0	0	0
A	BL	2	64	9	1	BA1653	17714	3	0	0	0	0	0	0	0	1	0	0
A	BL	2	64	9	1	BA1653	17732	3	0	0	0	1	0	0	0	0	0	0
A	BL	2	64	9	1	BA1653	17740	3	0	0	0	0	0	0	0	1	0	0
A	BL	2	64	9	1	BA1653	17792	3	0	0	0	1	0	0	0	0	0	0
A	BL	2	64	9	1	BA1653	17818	3	0	0	0	0	0	0	0	1	0	0
A	BL	2	64	9	1	BA1653	17854	3	0	0	0	1	0	0	0	0	0	0
A	BL	2	64	9	1	BA1653	17856	3	0	0	0	0	0	0	0	1	0	0
A	BL	2	64	9	1	BA1653	17859	3	0	0	0	1	0	0	0	0	0	0
A	BL	2	64	9	1	BA1653	17883	3	0	0	0	0	0	0	0	1	0	0
A	BL	2	64	9	1	BA1653	18172	3	5	1	1	0	0	0	0	0	0	0
A	BL	2	64	9	1	BA1653	18182	5	4	0	0	0	0	0	0	0	0	0
A	BL	2	64	9	1	BA1653	18195	4	0	0	0	0	0	0	1	0	0	0
A	BL	2	64	9	1	BA1653	18288	4	5	1	1	0	0	0	0	0	0	0
A	BL	2	64	9	1	BA1653	18298	5	4	0	0	0	0	0	0	0	0	0
A	BL	2	64	9	1	BA1653	18327	4	0	0	0	0	0	0	1	0	0	0
A	BL	2	64	9	1	BA1653	18371	4	5	1	1	0	0	0	0	0	0	0
A	BL	2	64	9	1	BA1653	18381	5	4	0	0	0	0	0	0	0	0	0
A	BL	2	64	9	1	BA1653	18397	4	0	0	0	0	0	0	1	0	0	0
A	BL	2	64	9	1	BA1653	18495	4	5	1	1	0	0	0	0	0	0	0
A	BL	2	64	9	1	BA1653	18505	5	4	0	0	0	0	0	0	0	0	0
A	BL	2	64	9	1	BA1653	18518	4	0	0	0	0	0	0	1	0	0	0
A	BL	2	64	9	1	BA1653	18591	4	5	1	1	0	0	0	0	0	0	0
A	BL	2	64	9	1	BA1653	18601	5	9	0	0	0	0	0	0	0	0	0
A	BL	2	64	9	1	BA1653	18611	9	10	0	0	0	0	0	0	0	0	0
A	BL	2	64	9	1	BA1653	18613	10	0	0	0	0	0	0	1	0	0	0
A	BL	2	64	9	1	BA1653	18686	10	2	0	0	0	0	0	0	0	0	0
A	BL	2	64	9	1	BA1653	18687	2	3	0	0	0	0	0	0	0	0	0
A	BL	2	64	9	1	BA1653	18891	3	5	1	1	0	0	0	0	0	0	0
A	BL	2	64	9	1	BA1653	18901	5	4	0	0	0	0	0	0	0	0	0
A	BL	2	64	9	1	BA1653	18903	4	0	0	0	0	0	0	1	0	0	0
A	BL	2	64	9	1	BA1653	19108	4	5	1	1	0	0	0	0	0	0	0
A	BL	2	64	9	1	BA1653	19118	5	4	0	0	0	0	0	0	0	0	0
A	BL	2	64	9	1	BA1653	19130	4	0	0	0	0	0	0	1	0	0	0
A	BL	2	64	9	1	BA1653	19180	4	5	1	1	0	0	0	0	0	0	0
A	BL	2	64	9	1	BA1653	19190	5	4	0	0	0	0	0	0	0	0	0
A	BL	2	64	9	1	BA1653	19317	4	0	0	0	0	0	0	1	0	0	0
A	BL	2	64	9	1	BA1653	19362	4	5	1	1	0	0	0	0	0	0	0
A	BL	2	64	9	1	BA1653	19372	5	4	0	0	0	0	0	0	0	0	0
A	BL	2	64	9	1	BA1653	19410	4	0	0	0	0	0	0	1	0	0	0
A	BL	2	64	9	1	BA1653	19457	4	5	1	1	0	0	0	0	0	0	0
A	BL	2	64	9	1	BA1653	19467	5	9	0	0	0	0	0	0	0	0	0
A	BL	2	64	9	1	BA1653	19477	9	10	0	0	0	0	0	0	0	0	0
A	BL	2	64	9	1	BA1653	19478	10	0	0	0	0	0	0	1	0	0	0
A	BL	2	64	9	1	BA1653	19552	10	2	0	0	0	0	0	0	0	0	0
A	BL	2	64	9	1	BA1653	19553	2	6	0	0	0	0	0	0	0	0	0
A	BL	2	64	9	1	BA1653	19771	6	8	2	0	1	0	0	0	0	0	0
A	BL	2	64	9	1	BA1653	19781	8	7	0	0	0	0	0	0	0	0	0
A	BL	2	64	9	1	BA1653	19784	7	0	0	0	0	0	0	0	1	0	0
A	BL	2	64	9	1	BA1653	19809	7	8	2	0	1	0	0	0	0	0	0
A	BL	2	64	9	1	BA1653	19819	8	7	0	0	0	0	0	0	0	0	0
A	BL	2	64	9	1	BA1653	19820	7	0	0	0	0	0	0	0	1	0	0
A	BL	2	64	9	1	BA1653	19875	7	8	2	0	1	0	0	0	0	0	0
A	BL	2	64	9	1	BA1653	19885	8	7	0	0	0	0	0	0	0	0	0
A	BL	2	64	9	1	BA1653	19920	7	0	0	0	0	0	0	0	1	0	0
A	BL	2	64	9	1	BA1653	19967	7	8	2	0	1	0	0	0	0	0	0
A	BL	2	64	9	1	BA1653	19971	8	0	0	0	0	0	0	0	1	0	0
A	BL	2	64	9	1	BA1653	19973	8	0	0	0	1	0	0	0	0	0	0
A	BL	2	64	9	1	BA1653	19977	8	7	0	0	0	0	0	0	0	0	0
A	BL	2	64	9	1	BA1653	20010	7	0	0	0	0	0	0	0	1	0	0
A	BL	2	64	9	1	BA1653	20031	7	8	2	0	1	0	0	0	0	0	0
A	BL	2	64	9	1	BA1653	20036	8	0	0	0	0	0	0	0	1	0	0
A	BL	2	64	9	1	BA1653	20041	8	9	0	0	0	0	0	0	0	0	0
A	BL	2	64	9	1	BA1653	20043	9	0	0	0	1	0	0	0	0	0	0
A	BL	2	64	9	1	BA1653	20051	9	10	0	0	0	0	0	0	0	0	0
A	BL	2	64	9	1	BA1653	20067	10	0	0	0	0	0	0	0	1	0	0
A	BL	2	64	9	1	BA1653	20126	10	2	0	0	0	0	0	0	0	0	0
A	BL	2	64	9	1	BA1653	20127	2	6	0	0	0	0	0	0	0	0	0
A	BL	2	64	9	1	BA1653	20247	6	8	2	0	1	0	0	0	0	0	0
A	BL	2	64	9	1	BA1653	20257	8	7	0	0	0	0	0	0	0	0	0
A	BL	2	64	9	1	BA1653	20260	7	0	0	0	0	0	0	0	1	0	0
A	BL	2	64	9	1	BA1653	20291	7	8	2	0	1	0	0	0	0	0	0
A	BL	2	64	9	1	BA1653	20301	8	7	0	0	0	0	0	0	0	0	0
A	BL	2	64	9	1	BA1653	20317	7	0	0	0	0	0	0	0	1	0	0
A	BL	2	64	9	1	BA1653	20356	7	8	2	0	1	0	0	0	0	0	0
A	BL	2	64	9	1	BA1653	20366	8	7	0	0	0	0	0	0	0	0	0
A	BL	2	64	9	1	BA1653	20383	7	0	0	0	0	0	0	0	1	0	0
A	BL	2	64	9	1	BA1653	20429	7	8	2	0	1	0	0	0	0	0	0
A	BL	2	64	9	1	BA1653	20439	8	7	0	0	0	0	0	0	0	0	0
A	BL	2	64	9	1	BA1653	20468	7	0	0	0	0	0	0	0	1	0	0
A	BL	2	64	9	1	BA1653	20520	7	8	2	0	1	0	0	0	0	0	0
A	BL	2	64	9	1	BA1653	20530	8	9	0	0	0	0	0	0	0	0	0
A	BL	2	64	9	1	BA1653	20540	9	10	0	0	0	0	0	0	0	0	0
A	BL	2	64	9	1	BA1653	20560	10	0	0	0	0	0	0	0	1	0	0
A	BL	2	64	9	1	BA1653	20615	10	2	0	0	0	0	0	0	0	0	0
A	BL	2	64	9	1	BA1653	20616	2	3	0	0	0	0	0	0	0	0	0
A	BL	2	64	9	1	BA1653	20805	3	0	0	0	1	0	0	0	0	0	0
A	BL	2	64	9	1	BA1653	20837	3	0	0	0	0	0	0	0	1	0	0
A	BL	2	64	9	1	BA1653	21005	3	5	1	1	0	0	0	0	0	0	0
A	BL	2	64	9	1	BA1653	21015	5	4	0	0	0	0	0	0	0	0	0
A	BL	2	64	9	1	BA1653	21023	4	0	0	0	0	0	0	1	0	0	0
A	BL	2	64	9	1	BA1653	21083	4	5	1	1	0	0	0	0	0	0	0
A	BL	2	64	9	1	BA1653	21093	5	4	0	0	0	0	0	0	0	0	0
A	BL	2	64	9	1	BA1653	21122	4	0	0	0	0	0	0	1	0	0	0
A	BL	2	64	9	1	BA1653	21176	4	5	1	1	0	0	0	0	0	0	0
A	BL	2	64	9	1	BA1653	21186	5	4	0	0	0	0	0	0	0	0	0
A	BL	2	64	9	1	BA1653	21201	4	0	0	0	0	0	0	1	0	0	0
A	BL	2	64	9	1	BA1653	21258	4	5	1	1	0	0	0	0	0	0	0
A	BL	2	64	9	1	BA1653	21268	5	4	0	0	0	0	0	0	0	0	0
A	BL	2	64	9	1	BA1653	21289	4	0	0	0	0	0	0	1	0	0	0
A	BL	2	64	9	1	BA1653	21378	4	5	1	1	0	0	0	0	0	0	0
A	BL	2	64	9	1	BA1653	21388	5	9	0	0	0	0	0	0	0	0	0
A	BL	2	64	9	1	BA1653	21398	9	10	0	0	0	0	0	0	0	0	0
A	BL	2	64	9	1	BA1653	21400	10	0	0	0	0	0	0	1	0	0	0
A	BL	2	64	9	1	BA1653	21473	10	2	0	0	0	0	0	0	0	0	0
A	BL	2	64	9	1	BA1653	21474	2	3	0	0	0	0	0	0	0	0	0
A	BL	2	64	9	1	BA1653	21571	3	5	1	1	0	0	0	0	0	0	0
A	BL	2	64	9	1	BA1653	21581	5	4	0	0	0	0	0	0	0	0	0
A	BL	2	64	9	1	BA1653	21590	4	0	0	0	0	0	0	1	0	0	0
A	BL	2	64	9	1	BA1653	21675	4	5	1	1	0	0	0	0	0	0	0
A	BL	2	64	9	1	BA1653	21685	5	4	0	0	0	0	0	0	0	0	0
A	BL	2	64	9	1	BA1653	21700	4	0	0	0	0	0	0	1	0	0	0
A	BL	2	64	9	1	BA1653	21742	4	5	1	1	0	0	0	0	0	0	0
A	BL	2	64	9	1	BA1653	21752	5	4	0	0	0	0	0	0	0	0	0
A	BL	2	64	9	1	BA1653	21797	4	0	0	0	0	0	0	1	0	0	0
A	BL	2	64	9	1	BA1653	21847	4	5	1	1	0	0	0	0	0	0	0
A	BL	2	64	9	1	BA1653	21857	5	4	0	0	0	0	0	0	0	0	0
A	BL	2	64	9	1	BA1653	21881	4	0	0	0	0	0	0	1	0	0	0
A	BL	2	64	9	1	BA1653	23093	4	5	1	1	0	0	0	0	0	0	0
A	BL	2	64	9	1	BA1653	23103	5	9	0	0	0	0	0	0	0	0	0
A	BL	2	64	9	1	BA1653	23113	9	10	0	0	0	0	0	0	0	0	0
A	BL	2	64	9	1	BA1653	23114	10	0	0	0	0	0	0	1	0	0	0
A	BL	2	64	9	1	BA1653	23188	10	2	0	0	0	0	0	0	0	0	0
A	BL	2	64	9	1	BA1653	23189	2	3	0	0	0	0	0	0	0	0	0
A	BL	2	64	9	1	BA1653	23489	3	5	1	1	0	0	0	0	0	0	0
A	BL	2	64	9	1	BA1653	23499	5	4	0	0	0	0	0	0	0	0	0
A	BL	2	64	9	1	BA1653	23530	4	0	0	0	0	0	0	1	0	0	0
A	BL	2	64	9	1	BA1653	23829	4	5	1	1	0	0	0	0	0	0	0
A	BL	2	64	9	1	BA1653	23839	5	4	0	0	0	0	0	0	0	0	0
A	BL	2	64	9	1	BA1653	23886	4	0	0	0	0	0	0	1	0	0	0
A	BL	2	64	9	1	BA1653	23932	4	5	1	1	0	0	0	0	0	0	0
A	BL	2	64	9	1	BA1653	23942	5	4	0	0	0	0	0	0	0	0	0
A	BL	2	64	9	1	BA1653	23967	4	0	0	0	0	0	0	1	0	0	0
A	BL	2	64	9	1	BA1653	24019	4	5	1	1	0	0	0	0	0	0	0
A	BL	2	64	9	1	BA1653	24029	5	4	0	0	0	0	0	0	0	0	0
A	BL	2	64	9	1	BA1653	24045	4	0	0	0	0	0	0	1	0	0	0
A	BL	2	64	9	1	BA1653	24100	4	5	1	1	0	0	0	0	0	0	0
A	BL	2	64	9	1	BA1653	24110	5	9	0	0	0	0	0	0	0	0	0
A	BL	2	64	9	1	BA1653	24120	9	10	0	0	0	0	0	1	0	0	0
A	BL	2	64	9	1	BA1653	24195	10	2	0	0	0	0	0	0	0	0	0
A	BL	2	64	9	1	BA1653	24196	2	6	0	0	0	0	0	0	0	0	0
A	BL	2	64	9	1	BA1653	24243	6	0	0	1	0	0	0	0	0	0	0
A	BL	2	64	9	1	BA1653	24267	6	0	0	0	0	0	0	1	0	0	0
A	BL	2	64	9	1	BA1653	24382	6	8	2	0	1	0	0	0	0	0	0
A	BL	2	64	9	1	BA1653	24384	8	0	0	0	0	0	0	0	1	0	0
A	BL	2	64	9	1	BA1653	24392	8	7	0	0	0	0	0	0	0	0	0
A	BL	2	64	9	1	BA1653	24517	7	8	2	0	1	0	0	0	0	0	0
A	BL	2	64	9	1	BA1653	24527	8	7	0	0	0	0	0	0	0	0	0
A	BL	2	64	9	1	BA1653	24528	7	0	0	0	0	0	0	0	1	0	0
A	BL	2	64	9	1	BA1653	24579	7	8	2	0	1	0	0	0	0	0	0
A	BL	2	64	9	1	BA1653	24589	8	7	0	0	0	0	0	0	0	0	0
A	BL	2	64	9	1	BA1653	24630	7	0	0	0	0	0	0	0	1	0	0
A	BL	2	64	9	1	BA1653	24674	7	8	2	0	1	0	0	0	0	0	0
A	BL	2	64	9	1	BA1653	24684	8	7	0	0	0	0	0	0	0	0	0
A	BL	2	64	9	1	BA1653	24706	7	0	0	0	0	0	0	0	1	0	0
A	BL	2	64	9	1	BA1653	24750	7	8	2	0	1	0	0	0	0	0	0
A	BL	2	64	9	1	BA1653	24760	8	9	0	0	0	0	0	0	0	0	0
A	BL	2	64	9	1	BA1653	24770	9	10	0	0	0	0	0	0	0	0	0
A	BL	2	64	9	1	BA1653	24773	10	0	0	0	0	0	0	0	1	0	0
A	BL	2	64	9	1	BA1653	24845	10	2	0	0	0	0	0	0	0	0	0
A	BL	2	64	9	1	BA1653	24846	2	3	0	0	0	0	0	0	0	0	0
A	BL	2	64	9	1	BA1653	25914	3	5	1	1	0	0	0	0	0	0	0
A	BL	2	64	9	1	BA1653	25924	5	4	0	0	0	0	0	0	0	0	0
A	BL	2	64	9	1	BA1653	25964	4	0	0	0	0	0	0	1	0	0	0
A	BL	2	64	9	1	BA1653	26006	4	5	1	1	0	0	0	0	0	0	0
A	BL	2	64	9	1	BA1653	26016	5	4	0	0	0	0	0	0	0	0	0
A	BL	2	64	9	1	BA1653	26026	4	0	0	0	0	0	0	1	0	0	0
A	BL	2	64	9	1	BA1653	26068	4	5	1	1	0	0	0	0	0	0	0
A	BL	2	64	9	1	BA1653	26078	5	4	0	0	0	0	0	0	0	0	0
A	BL	2	64	9	1	BA1653	26102	4	0	0	0	0	0	0	1	0	0	0
A	BL	2	64	9	1	BA1653	26158	4	5	1	1	0	0	0	0	0	0	0
A	BL	2	64	9	1	BA1653	26168	5	4	0	0	0	0	0	0	0	0	0
A	BL	2	64	9	1	BA1653	26193	4	0	0	0	0	0	0	1	0	0	0
A	BL	2	64	9	1	BA1653	26268	4	5	1	1	0	0	0	0	0	0	0
A	BL	2	64	9	1	BA1653	26278	5	9	0	0	0	0	0	0	0	0	0
A	BL	2	64	9	1	BA1653	26288	9	10	0	0	0	0	0	0	0	0	0
A	BL	2	64	9	1	BA1653	26290	10	0	0	0	0	0	0	1	0	0	0
A	BL	2	64	9	1	BA1653	26363	10	2	0	0	0	0	0	0	0	0	0
A	BL	2	64	9	1	BA1653	26364	2	3	0	0	0	0	0	0	0	0	0
A	BL	2	64	9	1	BA1653	26601	3	5	1	1	0	0	0	0	0	0	0
A	BL	2	64	9	1	BA1653	26611	5	4	0	0	0	0	0	0	0	0	0
A	BL	2	64	9	1	BA1653	26620	4	0	0	0	0	0	0	1	0	0	0
A	BL	2	64	9	1	BA1653	26714	4	5	1	1	0	0	0	0	0	0	0
A	BL	2	64	9	1	BA1653	26724	5	4	0	0	0	0	0	0	0	0	0
A	BL	2	64	9	1	BA1653	26766	4	0	0	0	0	0	0	1	0	0	0
A	BL	2	64	9	1	BA1653	26819	4	5	1	1	0	0	0	0	0	0	0
A	BL	2	64	9	1	BA1653	26829	5	4	0	0	0	0	0	0	0	0	0
A	BL	2	64	9	1	BA1653	26890	4	0	0	0	0	0	0	1	0	0	0
A	BL	2	64	9	1	BA1653	26936	4	5	1	1	0	0	0	0	0	0	0
A	BL	2	64	9	1	BA1653	26946	5	4	0	0	0	0	0	0	0	0	0
A	BL	2	64	9	1	BA1653	26992	4	0	0	0	0	0	0	1	0	0	0
A	BL	2	64	9	1	BA1653	27082	4	5	1	1	0	0	0	0	0	0	0
A	BL	2	64	9	1	BA1653	27092	5	9	0	0	0	0	0	0	0	0	0
A	BL	2	64	9	1	BA1653	27102	9	10	0	0	0	0	0	0	0	0	0
A	BL	2	64	9	1	BA1653	27104	10	0	0	0	0	0	0	1	0	0	0
A	BL	2	64	9	1	BA1653	27177	10	2	0	0	0	0	0	0	0	0	0
A	BL	2	64	9	1	BA1653	27178	2	6	0	0	0	0	0	0	0	0	0
A	BL	2	64	9	1	BA1653	27573	6	8	2	0	1	0	0	0	0	0	0
A	BL	2	64	9	1	BA1653	27575	8	0	0	0	0	0	0	0	1	0	0
A	BL	2	64	9	1	BA1653	27583	8	7	0	0	0	0	0	0	0	0	0
A	BL	2	64	9	1	BA1653	27586	7	8	2	0	1	0	0	0	0	0	0
A	BL	2	64	9	1	BA1653	27596	8	7	0	0	0	0	0	0	0	0	0
A	BL	2	64	9	1	BA1653	27612	7	0	0	0	0	0	0	0	1	0	0
A	BL	2	64	9	1	BA1653	27663	7	8	2	0	1	0	0	0	0	0	0
A	BL	2	64	9	1	BA1653	27673	8	7	0	0	0	0	0	0	0	0	0
A	BL	2	64	9	1	BA1653	27700	7	0	0	0	0	0	0	0	1	0	0
A	BL	2	64	9	1	BA1653	27753	7	8	2	0	1	0	0	0	0	0	0
A	BL	2	64	9	1	BA1653	27763	8	7	0	0	0	0	0	0	0	0	0
A	BL	2	64	9	1	BA1653	27779	7	0	0	0	0	0	0	0	1	0	0
A	BL	2	64	9	1	BA1653	27843	7	8	2	0	1	0	0	0	0	0	0
A	BL	2	64	9	1	BA1653	27853	8	9	0	0	0	0	0	0	0	0	0
A	BL	2	64	9	1	BA1653	27863	9	10	0	0	0	0	0	0	0	0	0
A	BL	2	64	9	1	BA1653	27868	10	0	0	0	0	0	0	0	1	0	0
A	BL	2	64	9	1	BA1653	27938	10	2	0	0	0	0	0	0	0	0	0
A	BL	2	64	9	1	BA1653	27939	2	3	0	0	0	0	0	0	0	0	0
A	BL	2	64	9	1	BA1653	28158	3	5	1	1	0	0	0	0	0	0	0
A	BL	2	64	9	1	BA1653	28168	5	4	0	0	0	0	0	0	0	0	0
A	BL	2	64	9	1	BA1653	28191	4	0	0	0	0	0	0	1	0	0	0
A	BL	2	64	9	1	BA1653	28253	4	5	1	1	0	0	0	0	0	0	0
A	BL	2	64	9	1	BA1653	28263	5	4	0	0	0	0	0	0	0	0	0
A	BL	2	64	9	1	BA1653	28295	4	0	0	0	0	0	0	1	0	0	0
A	BL	2	64	9	1	BA1653	28351	4	5	1	1	0	0	0	0	0	0	0
A	BL	2	64	9	1	BA1653	28361	5	4	0	0	0	0	0	0	0	0	0
A	BL	2	64	9	1	BA1653	28384	4	0	0	0	0	0	0	1	0	0	0
A	BL	2	64	9	1	BA1653	28440	4	5	1	1	0	0	0	0	0	0	0
A	BL	2	64	9	1	BA1653	28450	5	4	0	0	0	0	0	0	0	0	0
A	BL	2	64	9	1	BA1653	28463	4	0	0	0	0	0	0	1	0	0	0
A	BL	2	64	9	1	BA1653	28528	4	5	1	1	0	0	0	0	0	0	0
A	BL	2	64	9	1	BA1653	28538	5	9	0	0	0	0	0	0	0	0	0
A	BL	2	64	9	1	BA1653	28548	9	10	0	0	0	0	0	0	0	0	0
A	BL	2	64	9	1	BA1653	28551	10	0	0	0	0	0	0	1	0	0	0
A	BL	2	64	9	1	BA1653	28623	10	2	0	0	0	0	0	0	0	0	0
A	BL	2	64	9	1	BA1653	28624	2	3	0	0	0	0	0	0	0	0	0
A	BL	2	64	9	1	BA1653	28779	3	5	1	1	0	0	0	0	0	0	0
A	BL	2	64	9	1	BA1653	28789	5	4	0	0	0	0	0	0	0	0	0
A	BL	2	64	9	1	BA1653	28811	4	0	0	0	0	0	0	1	0	0	0
A	BL	2	64	9	1	BA1653	28950	4	5	1	1	0	0	0	0	0	0	0
A	BL	2	64	9	1	BA1653	28960	5	4	0	0	0	0	0	0	0	0	0
A	BL	2	64	9	1	BA1653	28995	4	0	0	0	0	0	0	1	0	0	0
A	BL	2	64	9	1	BA1653	29043	4	5	1	1	0	0	0	0	0	0	0
A	BL	2	64	9	1	BA1653	29053	5	4	0	0	0	0	0	0	0	0	0
A	BL	2	64	9	1	BA1653	29073	4	0	0	0	0	0	0	1	0	0	0
A	BL	2	64	9	1	BA1653	29136	4	5	1	1	0	0	0	0	0	0	0
A	BL	2	64	9	1	BA1653	29146	5	4	0	0	0	0	0	0	0	0	0
A	BL	2	64	9	1	BA1653	29179	4	0	0	0	0	0	0	1	0	0	0
A	BL	2	64	9	1	BA1653	29264	4	5	1	1	0	0	0	0	0	0	0
A	BL	2	64	9	1	BA1653	29274	5	9	0	0	0	0	0	0	0	0	0
A	BL	2	64	9	1	BA1653	29283	9	0	0	0	0	0	0	1	0	0	0
A	BL	2	64	9	1	BA1653	29284	9	10	0	0	0	0	0	0	0	0	0
A	BL	2	64	9	1	BA1653	29359	10	2	0	0	0	0	0	0	0	0	0
A	BL	2	64	9	1	BA1653	29360	2	3	0	0	0	0	0	0	0	0	0
A	BL	2	64	9	1	BA1653	29433	3	5	1	1	0	0	0	0	0	0	0
A	BL	2	64	9	1	BA1653	29443	5	4	0	0	0	0	0	0	0	0	0
A	BL	2	64	9	1	BA1653	29531	4	0	0	0	0	0	0	1	0	0	0
A	BL	2	64	9	1	BA1653	29607	4	5	1	1	0	0	0	0	0	0	0
A	BL	2	64	9	1	BA1653	29617	5	4	0	0	0	0	0	0	0	0	0
A	BL	2	64	9	1	BA1653	29653	4	0	0	0	0	0	0	1	0	0	0
A	BL	2	64	9	1	BA1653	29714	4	5	1	1	0	0	0	0	0	0	0
A	BL	2	64	9	1	BA1653	29724	5	4	0	0	0	0	0	0	0	0	0
A	BL	2	64	9	1	BA1653	29741	4	0	0	0	0	0	0	1	0	0	0
A	BL	2	64	9	1	BA1653	29798	4	5	1	1	0	0	0	0	0	0	0
A	BL	2	64	9	1	BA1653	29808	5	4	0	0	0	0	0	0	0	0	0
A	BL	2	64	9	1	BA1653	29837	4	0	0	0	0	0	0	1	0	0	0
A	BL	2	64	9	1	BA1653	29953	4	5	1	1	0	0	0	0	0	0	0
A	BL	2	64	9	1	BA1653	29963	5	9	0	0	0	0	0	0	0	0	0
A	BL	2	64	9	1	BA1653	29973	9	10	0	0	0	0	0	0	0	0	0
A	BL	2	64	9	1	BA1653	29974	10	0	0	0	0	0	0	1	0	0	0
A	BL	2	64	9	1	BA1653	30048	10	2	0	0	0	0	0	0	0	0	0
A	BL	2	64	9	1	BA1653	30049	2	6	0	0	0	0	0	0	0	0	0
A	BL	2	64	9	1	BA1653	30146	6	0	0	1	0	0	0	0	0	0	0
A	BL	2	64	9	1	BA1653	30167	6	0	0	0	0	0	0	1	0	0	0
A	BL	2	64	9	1	BA1653	30266	6	8	2	0	1	0	0	0	0	0	0
A	BL	2	64	9	1	BA1653	30276	8	7	0	0	0	0	0	0	0	0	0
A	BL	2	64	9	1	BA1653	30291	7	0	0	0	0	0	0	0	1	0	0
A	BL	2	64	9	1	BA1653	30317	7	8	2	0	1	0	0	0	0	0	0
A	BL	2	64	9	1	BA1653	30319	8	0	0	0	0	0	0	0	1	0	0
A	BL	2	64	9	1	BA1653	30321	8	0	0	0	1	0	0	0	0	0	0
A	BL	2	64	9	1	BA1653	30324	8	0	0	0	0	0	0	0	1	0	0
A	BL	2	64	9	1	BA1653	30327	8	7	0	0	0	0	0	0	0	0	0
A	BL	2	64	9	1	BA1653	30329	7	8	2	0	1	0	0	0	0	0	0
A	BL	2	64	9	1	BA1653	30339	8	7	0	0	0	0	0	0	0	0	0
A	BL	2	64	9	1	BA1653	30345	7	0	0	0	0	0	0	0	1	0	0
A	BL	2	64	9	1	BA1653	30394	7	8	2	0	1	0	0	0	0	0	0
A	BL	2	64	9	1	BA1653	30404	8	7	0	0	0	0	0	0	0	0	0
A	BL	2	64	9	1	BA1653	30436	7	0	0	0	0	0	0	0	1	0	0
A	BL	2	64	9	1	BA1653	30442	7	8	2	0	1	0	0	0	0	0	0
A	BL	2	64	9	1	BA1653	30444	8	0	0	0	0	0	0	0	1	0	0
A	BL	2	64	9	1	BA1653	30448	8	0	0	0	1	0	0	0	0	0	0
A	BL	2	64	9	1	BA1653	30451	8	0	0	0	0	0	0	0	1	0	0
A	BL	2	64	9	1	BA1653	30452	8	9	0	0	0	0	0	0	0	0	0
A	BL	2	64	9	1	BA1653	30453	9	0	0	0	1	0	0	0	0	0	0
A	BL	2	64	9	1	BA1653	30462	9	10	0	0	0	0	0	0	0	0	0
A	BL	2	64	9	1	BA1653	30470	10	0	0	0	0	0	0	0	1	0	0
A	BL	2	64	9	1	BA1653	30537	10	2	0	0	0	0	0	0	0	0	0
A	BL	2	64	9	1	BA1653	30538	2	3	0	0	0	0	0	0	0	0	0
A	BL	2	64	9	1	BA1653	30572	3	0	0	0	1	0	0	0	0	0	0
A	BL	2	64	9	1	BA1653	30602	3	0	0	0	0	0	0	0	1	0	0
A	BL	2	64	9	1	BA1653	30653	3	0	0	0	1	0	0	0	0	0	0
A	BL	2	64	9	1	BA1653	30706	3	0	0	0	0	0	0	0	1	0	0
A	BL	2	64	9	1	BA1653	30714	3	0	0	0	1	0	0	0	0	0	0
A	BL	2	64	9	1	BA1653	30731	3	0	0	0	0	0	0	0	1	0	0
A	BL	2	64	9	1	BA1653	30772	3	0	0	0	1	0	0	0	0	0	0
A	BL	2	64	9	1	BA1653	30803	3	0	0	0	0	0	0	0	1	0	0
A	BL	2	64	9	1	BA1653	30807	3	0	0	0	1	0	0	0	0	0	0
A	BL	2	64	9	1	BA1653	30810	3	0	0	0	0	0	0	0	1	0	0
A	BL	2	64	9	1	BA1653	30811	3	0	0	0	1	0	0	0	0	0	0
A	BL	2	64	9	1	BA1653	30817	3	0	0	0	0	0	0	0	1	0	0
A	BL	2	64	9	1	BA1653	30818	3	0	0	0	1	0	0	0	0	0	0
A	BL	2	64	9	1	BA1653	30832	3	0	0	0	0	0	0	0	1	0	0
A	BL	2	64	9	1	BA1653	30878	3	0	0	0	1	0	0	0	0	0	0
A	BL	2	64	9	1	BA1653	30880	3	0	0	0	0	0	0	0	1	0	0
A	BL	2	64	9	1	BA1653	30884	3	0	0	0	1	0	0	0	0	0	0
A	BL	2	64	9	1	BA1653	30887	3	0	0	0	0	0	0	0	1	0	0
A	BL	2	64	9	1	BA1653	30891	3	0	0	0	1	0	0	0	0	0	0
A	BL	2	64	9	1	BA1653	30901	3	0	0	0	0	0	0	0	1	0	0
A	BL	2	64	9	1	BA1653	30967	3	5	1	1	0	0	0	0	0	0	0
A	BL	2	64	9	1	BA1653	30975	5	0	0	0	0	0	0	1	0	0	0
A	BL	2	64	9	1	BA1653	30977	5	4	0	0	0	0	0	0	0	0	0
A	BL	2	64	9	1	BA1653	31035	4	5	1	1	0	0	0	0	0	0	0
A	BL	2	64	9	1	BA1653	31045	5	4	0	0	0	0	0	0	0	0	0
A	BL	2	64	9	1	BA1653	31084	4	0	0	0	0	0	0	1	0	0	0
A	BL	2	64	9	1	BA1653	31138	4	5	1	1	0	0	0	0	0	0	0
A	BL	2	64	9	1	BA1653	31148	5	4	0	0	0	0	0	0	0	0	0
A	BL	2	64	9	1	BA1653	31173	4	0	0	0	0	0	0	1	0	0	0
A	BL	2	64	9	1	BA1653	31245	4	5	1	1	0	0	0	0	0	0	0
A	BL	2	64	9	1	BA1653	31255	5	4	0	0	0	0	0	0	0	0	0
A	BL	2	64	9	1	BA1653	31276	4	0	0	0	0	0	0	1	0	0	0
A	BL	2	64	9	1	BA1653	31358	4	5	1	1	0	0	0	0	0	0	0
A	BL	2	64	9	1	BA1653	31368	5	9	0	0	0	0	0	0	0	0	0
A	BL	2	64	9	1	BA1653	31375	9	0	0	0	0	0	0	1	0	0	0
A	BL	2	64	9	1	BA1653	31378	9	10	0	0	0	0	0	0	0	0	0
A	BL	2	64	9	1	BA1653	31453	10	2	0	0	0	0	0	0	0	0	0
A	BL	2	64	9	1	BA1653	31454	2	3	0	0	0	0	0	0	0	0	0
A	BL	2	64	9	1	BA1653	31501	3	5	1	1	0	0	0	0	0	0	0
A	BL	2	64	9	1	BA1653	31511	5	4	0	0	0	0	0	0	0	0	0
A	BL	2	64	9	1	BA1653	31534	4	0	0	0	0	0	0	1	0	0	0
A	BL	2	64	9	1	BA1653	31575	4	5	1	1	0	0	0	0	0	0	0
A	BL	2	64	9	1	BA1653	31585	5	4	0	0	0	0	0	0	0	0	0
A	BL	2	64	9	1	BA1653	31601	4	0	0	0	0	0	0	1	0	0	0
A	BL	2	64	9	1	BA1653	31672	4	5	1	1	0	0	0	0	0	0	0
A	BL	2	64	9	1	BA1653	31682	5	4	0	0	0	0	0	0	0	0	0
A	BL	2	64	9	1	BA1653	31705	4	0	0	0	0	0	0	1	0	0	0
A	BL	2	64	9	1	BA1653	31768	4	5	1	1	0	0	0	0	0	0	0
A	BL	2	64	9	1	BA1653	31778	5	4	0	0	0	0	0	0	0	0	0
A	BL	2	64	9	1	BA1653	31792	4	0	0	0	0	0	0	1	0	0	0
A	BL	2	64	9	1	BA1653	31849	4	5	1	1	0	0	0	0	0	0	0
A	BL	2	64	9	1	BA1653	31859	5	9	0	0	0	0	0	0	0	0	0
A	BL	2	64	9	1	BA1653	31869	9	10	0	0	0	0	0	0	0	0	0
A	BL	2	64	9	1	BA1653	31870	10	0	0	0	0	0	0	1	0	0	0
A	BL	2	64	9	1	BA1653	31944	10	2	0	0	0	0	0	0	0	0	0
A	BL	2	64	9	1	BA1653	31945	2	6	0	0	0	0	0	0	0	0	0
A	BL	2	64	9	1	BA1653	31953	6	0	0	1	0	0	0	0	0	0	0
A	BL	2	64	9	1	BA1653	32099	6	0	0	0	0	0	0	1	0	0	0
A	BL	2	64	9	1	BA1653	32152	6	8	2	0	1	0	0	0	0	0	0
A	BL	2	64	9	1	BA1653	32161	8	0	0	0	0	0	0	0	1	0	0
A	BL	2	64	9	1	BA1653	32162	8	7	0	0	0	0	0	0	0	0	0
A	BL	2	64	9	1	BA1653	32164	7	8	2	0	1	0	0	0	0	0	0
A	BL	2	64	9	1	BA1653	32174	8	7	0	0	0	0	0	0	0	0	0
A	BL	2	64	9	1	BA1653	32184	7	0	0	0	0	0	0	0	1	0	0
A	BL	2	64	9	1	BA1653	32221	7	8	2	0	1	0	0	0	0	0	0
A	BL	2	64	9	1	BA1653	32223	8	0	0	0	0	0	0	0	1	0	0
A	BL	2	64	9	1	BA1653	32228	8	0	0	0	1	0	0	0	0	0	0
A	BL	2	64	9	1	BA1653	32231	8	7	0	0	0	0	0	0	0	0	0
A	BL	2	64	9	1	BA1653	32238	7	0	0	0	0	0	0	0	1	0	0
A	BL	2	64	9	1	BA1653	32239	7	8	2	0	1	0	0	0	0	0	0
A	BL	2	64	9	1	BA1653	32244	8	0	0	0	0	0	0	0	1	0	0
A	BL	2	64	9	1	BA1653	32249	8	7	0	0	0	0	0	0	0	0	0
A	BL	2	64	9	1	BA1653	32299	7	8	2	0	1	0	0	0	0	0	0
A	BL	2	64	9	1	BA1653	32309	8	9	0	0	0	0	0	0	0	0	0
A	BL	2	64	9	1	BA1653	32319	9	10	0	0	0	0	0	0	0	0	0
A	BL	2	64	9	1	BA1653	32330	10	0	0	0	0	0	0	0	1	0	0
A	BL	2	64	9	1	BA1653	32394	10	2	0	0	0	0	0	0	0	0	0
A	BL	2	64	9	1	BA1653	32395	2	6	0	0	0	0	0	0	0	0	0
A	BL	2	64	9	1	BA1653	32423	6	8	2	0	1	0	0	0	0	0	0
A	BL	2	64	9	1	BA1653	32433	8	7	0	0	0	0	0	0	0	0	0
A	BL	2	64	9	1	BA1653	32478	7	0	0	0	0	0	0	0	1	0	0
A	BL	2	64	9	1	BA1653	32505	7	8	2	0	1	0	0	0	0	0	0
A	BL	2	64	9	1	BA1653	32511	8	0	0	0	0	0	0	0	1	0	0
A	BL	2	64	9	1	BA1653	32515	8	7	0	0	0	0	0	0	0	0	0
A	BL	2	64	9	1	BA1653	32516	7	8	2	0	1	0	0	0	0	0	0
A	BL	2	64	9	1	BA1653	32526	8	7	0	0	0	0	0	0	0	0	0
A	BL	2	64	9	1	BA1653	32571	7	0	0	0	0	0	0	0	1	0	0
A	BL	2	64	9	1	BA1653	32625	7	8	2	0	1	0	0	0	0	0	0
A	BL	2	64	9	1	BA1653	32635	8	7	0	0	0	0	0	0	0	0	0
A	BL	2	64	9	1	BA1653	32640	7	0	0	0	0	0	0	0	1	0	0
A	BL	2	64	9	1	BA1653	32693	7	8	2	0	1	0	0	0	0	0	0
A	BL	2	64	9	1	BA1653	32703	8	9	0	0	0	0	0	0	0	0	0
A	BL	2	64	9	1	BA1653	32713	9	-1	0	0	0	0	0	0	0	0	0
