Project	UserID	Protocol	Session	Station	Run	Subject	Time	Current State	Transition State	Transition Event	A1 - 	A2 - 	A3 - 	A4 - 	A[1] 	A[2] 	A[3] 	A[4] 
A	BL	2	38	1	1	BA1652	0	0	1	0	0	0	0	0	0	0	0	0
A	BL	2	38	1	1	BA1652	50	1	2	0	0	0	0	0	0	0	0	0
A	BL	2	38	1	1	BA1652	51	2	6	0	0	0	0	0	0	0	0	0
A	BL	2	38	1	1	BA1652	264	6	8	2	0	1	0	0	0	0	0	0
A	BL	2	38	1	1	BA1652	274	8	7	0	0	0	0	0	0	0	0	0
A	BL	2	38	1	1	BA1652	298	7	0	0	0	0	0	0	0	1	0	0
A	BL	2	38	1	1	BA1652	495	7	8	2	0	1	0	0	0	0	0	0
A	BL	2	38	1	1	BA1652	505	8	9	0	0	0	0	0	0	0	0	0
A	BL	2	38	1	1	BA1652	515	9	10	0	0	0	0	0	0	0	0	0
A	BL	2	38	1	1	BA1652	518	10	0	0	0	0	0	0	0	1	0	0
A	BL	2	38	1	1	BA1652	590	10	2	0	0	0	0	0	0	0	0	0
A	BL	2	38	1	1	BA1652	591	2	6	0	0	0	0	0	0	0	0	0
A	BL	2	38	1	1	BA1652	604	6	8	2	0	1	0	0	0	0	0	0
A	BL	2	38	1	1	BA1652	613	8	0	0	0	0	0	0	0	1	0	0
A	BL	2	38	1	1	BA1652	614	8	7	0	0	0	0	0	0	0	0	0
A	BL	2	38	1	1	BA1652	616	7	8	2	0	1	0	0	0	0	0	0
A	BL	2	38	1	1	BA1652	624	8	0	0	0	0	0	0	0	1	0	0
A	BL	2	38	1	1	BA1652	626	8	9	0	0	1	0	0	0	0	0	0
A	BL	2	38	1	1	BA1652	636	9	10	0	0	0	0	0	0	0	0	0
A	BL	2	38	1	1	BA1652	640	10	0	0	0	0	0	0	0	1	0	0
A	BL	2	38	1	1	BA1652	711	10	2	0	0	0	0	0	0	0	0	0
A	BL	2	38	1	1	BA1652	712	2	6	0	0	0	0	0	0	0	0	0
A	BL	2	38	1	1	BA1652	720	6	8	2	0	1	0	0	0	0	0	0
A	BL	2	38	1	1	BA1652	730	8	7	0	0	0	0	0	0	0	0	0
A	BL	2	38	1	1	BA1652	781	7	0	0	0	0	0	0	0	1	0	0
A	BL	2	38	1	1	BA1652	865	7	8	2	0	1	0	0	0	0	0	0
A	BL	2	38	1	1	BA1652	872	8	0	0	0	0	0	0	0	1	0	0
A	BL	2	38	1	1	BA1652	875	8	9	0	0	0	0	0	0	0	0	0
A	BL	2	38	1	1	BA1652	885	9	10	0	0	0	0	0	0	0	0	0
A	BL	2	38	1	1	BA1652	960	10	2	0	0	0	0	0	0	0	0	0
A	BL	2	38	1	1	BA1652	961	2	3	0	0	0	0	0	0	0	0	0
A	BL	2	38	1	1	BA1652	983	3	5	1	1	0	0	0	0	0	0	0
A	BL	2	38	1	1	BA1652	993	5	4	0	0	0	0	0	0	0	0	0
A	BL	2	38	1	1	BA1652	1014	4	0	0	0	0	0	0	1	0	0	0
A	BL	2	38	1	1	BA1652	1058	4	5	1	1	0	0	0	0	0	0	0
A	BL	2	38	1	1	BA1652	1068	5	9	0	0	0	0	0	0	0	0	0
A	BL	2	38	1	1	BA1652	1074	9	0	0	0	0	0	0	1	0	0	0
A	BL	2	38	1	1	BA1652	1078	9	10	0	0	0	0	0	0	0	0	0
A	BL	2	38	1	1	BA1652	1153	10	2	0	0	0	0	0	0	0	0	0
A	BL	2	38	1	1	BA1652	1154	2	6	0	0	0	0	0	0	0	0	0
A	BL	2	38	1	1	BA1652	1176	6	0	0	1	0	0	0	0	0	0	0
A	BL	2	38	1	1	BA1652	1178	6	0	0	0	0	0	0	1	0	0	0
A	BL	2	38	1	1	BA1652	1232	6	8	2	0	1	0	0	0	0	0	0
A	BL	2	38	1	1	BA1652	1242	8	7	0	0	0	0	0	0	0	0	0
A	BL	2	38	1	1	BA1652	1267	7	0	0	0	0	0	0	0	1	0	0
A	BL	2	38	1	1	BA1652	1330	7	8	2	0	1	0	0	0	0	0	0
A	BL	2	38	1	1	BA1652	1340	8	9	0	0	0	0	0	0	0	0	0
A	BL	2	38	1	1	BA1652	1350	9	10	0	0	0	0	0	0	0	0	0
A	BL	2	38	1	1	BA1652	1379	10	0	0	0	0	0	0	0	1	0	0
A	BL	2	38	1	1	BA1652	1425	10	2	0	0	0	0	0	0	0	0	0
A	BL	2	38	1	1	BA1652	1426	2	6	0	0	0	0	0	0	0	0	0
A	BL	2	38	1	1	BA1652	1485	6	8	2	0	1	0	0	0	0	0	0
A	BL	2	38	1	1	BA1652	1495	8	7	0	0	0	0	0	0	0	0	0
A	BL	2	38	1	1	BA1652	1509	7	0	0	0	0	0	0	0	1	0	0
A	BL	2	38	1	1	BA1652	1563	7	8	2	0	1	0	0	0	0	0	0
A	BL	2	38	1	1	BA1652	1565	8	0	0	0	0	0	0	0	1	0	0
A	BL	2	38	1	1	BA1652	1566	8	0	0	0	1	0	0	0	0	0	0
A	BL	2	38	1	1	BA1652	1573	8	9	0	0	0	0	0	0	0	0	0
A	BL	2	38	1	1	BA1652	1575	9	0	0	0	0	0	0	0	1	0	0
A	BL	2	38	1	1	BA1652	1583	9	10	0	0	0	0	0	0	0	0	0
A	BL	2	38	1	1	BA1652	1600	10	0	0	0	1	0	0	0	0	0	0
A	BL	2	38	1	1	BA1652	1613	10	0	0	0	0	0	0	0	1	0	0
A	BL	2	38	1	1	BA1652	1618	10	0	0	0	1	0	0	0	0	0	0
A	BL	2	38	1	1	BA1652	1626	10	0	0	0	0	0	0	0	1	0	0
A	BL	2	38	1	1	BA1652	1628	10	0	0	0	1	0	0	0	0	0	0
A	BL	2	38	1	1	BA1652	1658	10	2	0	0	0	0	0	0	0	0	0
A	BL	2	38	1	1	BA1652	1659	2	3	0	0	0	0	0	0	0	0	0
A	BL	2	38	1	1	BA1652	1661	3	0	0	0	0	0	0	0	1	0	0
A	BL	2	38	1	1	BA1652	1917	3	5	1	1	0	0	0	0	0	0	0
A	BL	2	38	1	1	BA1652	1927	5	4	0	0	0	0	0	1	0	0	0
A	BL	2	38	1	1	BA1652	2021	4	5	1	1	0	0	0	0	0	0	0
A	BL	2	38	1	1	BA1652	2031	5	9	0	0	0	0	0	0	0	0	0
A	BL	2	38	1	1	BA1652	2040	9	0	0	0	0	0	0	1	0	0	0
A	BL	2	38	1	1	BA1652	2041	9	10	0	0	0	0	0	0	0	0	0
A	BL	2	38	1	1	BA1652	2116	10	2	0	0	0	0	0	0	0	0	0
A	BL	2	38	1	1	BA1652	2117	2	6	0	0	0	0	0	0	0	0	0
A	BL	2	38	1	1	BA1652	2223	6	0	0	1	0	0	0	0	0	0	0
A	BL	2	38	1	1	BA1652	2244	6	0	0	0	0	0	0	1	0	0	0
A	BL	2	38	1	1	BA1652	2275	6	8	2	0	1	0	0	0	0	0	0
A	BL	2	38	1	1	BA1652	2279	8	0	0	0	0	0	0	0	1	0	0
A	BL	2	38	1	1	BA1652	2280	8	0	0	0	1	0	0	0	0	0	0
A	BL	2	38	1	1	BA1652	2284	8	0	0	0	0	0	0	0	1	0	0
A	BL	2	38	1	1	BA1652	2285	8	7	0	0	0	0	0	0	0	0	0
A	BL	2	38	1	1	BA1652	2302	7	8	2	0	1	0	0	0	0	0	0
A	BL	2	38	1	1	BA1652	2312	8	9	0	0	0	0	0	0	0	0	0
A	BL	2	38	1	1	BA1652	2322	9	10	0	0	0	0	0	0	0	0	0
A	BL	2	38	1	1	BA1652	2327	10	0	0	0	0	0	0	0	1	0	0
A	BL	2	38	1	1	BA1652	2397	10	2	0	0	0	0	0	0	0	0	0
A	BL	2	38	1	1	BA1652	2398	2	6	0	0	0	0	0	0	0	0	0
A	BL	2	38	1	1	BA1652	2414	6	8	2	0	1	0	0	0	0	0	0
A	BL	2	38	1	1	BA1652	2422	8	0	0	0	0	0	0	0	1	0	0
A	BL	2	38	1	1	BA1652	2424	8	7	0	0	0	0	0	0	0	0	0
A	BL	2	38	1	1	BA1652	2457	7	8	2	0	1	0	0	0	0	0	0
A	BL	2	38	1	1	BA1652	2467	8	9	0	0	0	0	0	0	0	0	0
A	BL	2	38	1	1	BA1652	2477	9	10	0	0	0	0	0	0	0	0	0
A	BL	2	38	1	1	BA1652	2484	10	0	0	0	0	0	0	0	1	0	0
A	BL	2	38	1	1	BA1652	2552	10	2	0	0	0	0	0	0	0	0	0
A	BL	2	38	1	1	BA1652	2553	2	3	0	0	0	0	0	0	0	0	0
A	BL	2	38	1	1	BA1652	2614	3	0	0	0	1	0	0	0	0	0	0
A	BL	2	38	1	1	BA1652	2635	3	0	0	0	0	0	0	0	1	0	0
A	BL	2	38	1	1	BA1652	2636	3	0	0	0	1	0	0	0	0	0	0
A	BL	2	38	1	1	BA1652	2638	3	0	0	0	0	0	0	0	1	0	0
A	BL	2	38	1	1	BA1652	2670	3	5	1	1	0	0	0	0	0	0	0
A	BL	2	38	1	1	BA1652	2680	5	4	0	0	0	0	0	0	0	0	0
A	BL	2	38	1	1	BA1652	2691	4	0	0	0	0	0	0	1	0	0	0
A	BL	2	38	1	1	BA1652	2722	4	5	1	1	0	0	0	0	0	0	0
A	BL	2	38	1	1	BA1652	2732	5	9	0	0	0	0	0	0	0	0	0
A	BL	2	38	1	1	BA1652	2742	9	10	0	0	0	0	0	0	0	0	0
A	BL	2	38	1	1	BA1652	2744	10	0	0	0	0	0	0	1	0	0	0
A	BL	2	38	1	1	BA1652	2817	10	2	0	0	0	0	0	0	0	0	0
A	BL	2	38	1	1	BA1652	2818	2	3	0	0	0	0	0	0	0	0	0
A	BL	2	38	1	1	BA1652	2863	3	5	1	1	0	0	0	0	0	0	0
A	BL	2	38	1	1	BA1652	2873	5	4	0	0	0	0	0	0	0	0	0
A	BL	2	38	1	1	BA1652	2929	4	0	0	0	0	0	0	1	0	0	0
A	BL	2	38	1	1	BA1652	2958	4	5	1	1	0	0	0	0	0	0	0
A	BL	2	38	1	1	BA1652	2968	5	9	0	0	0	0	0	0	0	0	0
A	BL	2	38	1	1	BA1652	2978	9	-1	0	0	0	0	0	0	0	0	0
